run,generation,degenerate,holistic,other,compositional,popsize,turnover_rounds,group_rounds
34,0,0.9987713554999793,1.4267839920713722e-08,0.0012266915175253483,1.938714656782331e-06,25,20,20
34,1,0.7791650278796521,1.978419084839535e-05,0.2207853719498829,2.9815979623455012e-05,25,20,20
34,2,0.725765278128701,7.475026062586239e-07,0.2742334323849213,5.419837766060124e-07,25,20,20
34,3,0.7621336819072786,2.944783195308007e-07,0.23786572080363505,3.0281076703325136e-07,25,20,20
34,4,0.7739811809016391,5.479276813047525e-07,0.2260180606425735,2.105281042182532e-07,25,20,20
34,5,0.7183444831051876,5.959703947900068e-06,0.24723559305108633,0.03441396413977726,25,20,20
34,6,0.7184368651859967,5.954555362120702e-06,0.2471432161180472,0.03441396414059321,25,20,20
34,7,0.7295170053568623,7.76695175624638e-06,0.27043991170703763,3.531598434308792e-05,25,20,20
34,8,0.709747004267666,7.771077647887065e-06,0.2865669781884891,0.003678246466200103,25,20,20
34,9,0.6759479488649458,7.770263499867696e-06,0.32400888873874073,3.5392132813880414e-05,25,20,20
34,10,0.6732057197576589,7.989502607967148e-06,0.3267430494693175,4.324127041577428e-05,25,20,20
34,11,0.6763438407994893,7.990009801753948e-06,0.3236128139947344,3.5355195973775764e-05,25,20,20
34,12,0.6402745182790534,8.031891520009256e-06,0.3201622686947126,0.03955518113471333,25,20,20
34,13,0.594624225031657,7.5222754768203755e-06,0.3658130635612563,0.03955518913161006,25,20,20
34,14,0.6326607606151596,7.522786816520623e-06,0.3277763886105045,0.039555327987518485,25,20,20
34,15,0.6267025225598309,7.527195397788312e-06,0.333734622250669,0.03955532799410125,25,20,20
34,16,0.6208244905124848,7.540164328447823e-06,0.33961259962640467,0.039555369696781216,25,20,20
34,17,0.6548789601855737,9.087089518373206e-05,0.3054749358954143,0.03955523302382758,25,20,20
34,18,0.6409072581912707,9.106584214772606e-05,0.31652740128686274,0.04247427467971823,25,20,20
34,19,0.6103594894498817,9.109161674480467e-05,0.34707490272280894,0.042474516210563744,25,20,20
34,20,0.6160713055753193,9.137111992474856e-05,0.34136275265998395,0.042474570644771045,25,20,20
34,21,0.6119895741747131,9.137340842921908e-05,0.3454438386503972,0.0424752137664596,25,20,20
34,22,0.5996908554302659,9.137633002521279e-05,0.3577425271153398,0.04247524112436839,25,20,20
34,23,0.5726907506072682,9.137654964928645e-05,0.38474260137534805,0.042475271467734305,25,20,20
34,24,0.5665601089579821,9.137655111713415e-05,0.3908732019238053,0.042475312567093956,25,20,20
34,25,0.5698318199677489,9.140068515631315e-05,0.387227628772582,0.0428491505745103,25,20,20
34,26,0.5757107579316607,9.14006853010586e-05,0.38134873190033447,0.042849109482701965,25,20,20
34,27,0.5719433293683226,9.140068813963291e-05,0.38511616045406094,0.04284910948947498,25,20,20
34,28,0.5887528190795556,9.140068144872491e-05,0.36830672291515626,0.04284905732383735,25,20,20
34,29,0.5852421894882108,8.598971671680219e-05,0.33917552823664254,0.07549629255842753,25,20,20
34,30,0.5852399973659358,8.598971671776667e-05,0.33917772035891197,0.07549629255843213,25,20,20
34,31,0.5838854663925009,8.599899793843597e-05,0.3405272871490502,0.07550124746050935,25,20,20
34,32,0.583884958148841,8.595419766719875e-05,0.34004942271878763,0.0759796649347033,25,20,20
34,33,0.5439038295080987,8.59542422341859e-05,0.37958654570044653,0.07642367054922007,25,20,20
34,34,0.5517689523010584,8.575929531688057e-05,0.3746406595102912,0.07350462889333143,25,20,20
34,35,0.5520184215587602,8.575929370428789e-05,0.37439119026162226,0.07350462888591117,25,20,20
34,36,0.5520106141351684,8.575929370480419e-05,0.3743989976852133,0.07350462888591125,25,20,20
34,37,0.5518149476820533,8.575929531871155e-05,0.3745946641365795,0.07350462888604628,25,20,20
34,38,0.5485605312698025,8.573516143665409e-05,0.3782229379064047,0.07313079566235382,25,20,20
34,39,0.5489365572199462,8.57351981360093e-05,0.3778469102266114,0.07313079735530438,25,20,20
34,40,0.5527485428459815,8.573291121707143e-05,0.37403554590151195,0.0731301783412866,25,20,20
34,41,0.564203870642779,8.573717146398628e-05,0.362585170150372,0.07312522203538242,25,20,20
34,42,0.5642205336713895,8.573717994674032e-05,0.3625685048087135,0.07312522433994657,25,20,20
34,43,0.551416759677977,9.461385454109018e-05,0.3753619180683964,0.07312670839908193,25,20,20
34,44,0.539021306822321,9.46365435660449e-05,0.3877573444158439,0.07312671221826583,25,20,20
34,45,0.5390797050044928,9.463654671876324e-05,0.3537688015750106,0.1070568568737746,25,20,20
34,46,0.5390800128109344,1.1305822741734871e-05,0.3538518266754997,0.10705685469082106,25,20,20
34,47,0.539062900963842,1.1305973011576676e-05,0.3538013686298234,0.10712442443332015,25,20,20
34,48,0.55985175402088,1.9901671971762083e-05,0.3306685175636071,0.10945982674353782,25,20,20
34,49,0.559851698790261,1.9901672000703898e-05,0.32472383940755206,0.1154045601301833,25,20,20
34,50,0.5599033009008197,1.9901645458366654e-05,0.32511596636852746,0.11496083108519184,25,20,20
34,51,0.5214935545223729,1.991085699983526e-05,0.3634005955776972,0.11508593904292547,25,20,20
34,52,0.5214192657729458,1.9911034971093397e-05,0.363474883703028,0.11508593948905083,25,20,20
34,53,0.521304853562716,1.9911034971057913e-05,0.3635892959131271,0.1150859394891814,25,20,20
34,54,0.521304460455667,1.991103436122678e-05,0.3562644356861317,0.1224111928238377,25,20,20
34,55,0.5169434440788634,2.167957530437424e-05,0.3606151409708079,0.12241973537502107,25,20,20
34,56,0.49257757762786375,0.0003836943639354029,0.3845887269809111,0.12245000102728566,25,20,20
34,57,0.4925617457587733,0.0003836943607849077,0.38472750354086677,0.12232705633957112,25,20,20
34,58,0.507712718036707,0.00038367169333068267,0.3694514464512882,0.12245216381867163,25,20,20
34,59,0.5077127933293583,0.00038367164957047237,0.36942476449717104,0.12247877052389748,25,20,20
34,60,0.48487432487680565,0.00038368004320975783,0.3922631476280516,0.12247884745192962,25,20,20
34,61,0.508003666132881,0.00038367161876567475,0.3691338951365314,0.12247876711181876,25,20,20
34,62,0.5207450993757096,0.00037531856887957835,0.35873617825753096,0.12014340379787844,25,20,20
34,63,0.4975247349400211,0.0003753270966440098,0.3819564935152278,0.12014344444810307,25,20,20
34,64,0.47335592787090425,0.00037532552243952857,0.40612520746005537,0.12014353914659885,25,20,20
34,65,0.47931025175899294,0.0003753255255740376,0.40017088356137515,0.12014353915405644,25,20,20
34,66,0.4791798214370271,0.00037532534609444453,0.4003013140910081,0.12014353912586952,25,20,20
34,67,0.4851105842108957,0.00037532093774450076,0.3944957022882994,0.1200183925630593,25,20,20
34,68,0.48254511759504276,0.00037531960756377017,0.4030060256356306,0.11407353716176157,25,20,20
34,69,0.4718340636331153,0.0003753198400543417,0.40764720345985855,0.1201434130669705,25,20,20
34,70,0.47183380670889,0.0003948473447526181,0.40762901192265444,0.12014233402370136,25,20,20
34,71,0.47195587230829794,0.0003948473447521462,0.40750694632337536,0.12014233402357304,25,20,20
34,72,0.46338739449097455,0.0003930785841942484,0.4160857657958061,0.1201337611290238,25,20,20
34,73,0.4633873939866723,0.0003735510744116245,0.41364221139771146,0.12259684354120229,25,20,20
34,74,0.46309076926782206,0.0003735511645886256,0.41393879696874686,0.12259688259884015,25,20,20
34,75,0.435272564577869,0.00037330799729543457,0.44175724517973963,0.12259688224509396,25,20,20
34,76,0.4352020911096826,0.000373308480995349,0.44182785837316385,0.12259674203615646,25,20,20
34,77,0.4352021277164366,0.000373308480986272,0.441827821766422,0.12259674203615287,25,20,20
34,78,0.4198377853957757,1.1302246786192035e-05,0.45758446007483305,0.12256645228260415,25,20,20
34,79,0.4322081104500393,2.4306959236075136e-06,0.44522314620372727,0.12256631265030898,25,20,20
34,80,0.43222504813377854,2.4315856652404342e-06,0.4477624278487143,0.1200100924318407,25,20,20
34,81,0.43207914857406465,2.4315856646632533e-06,0.4479083273936788,0.12001009244659037,25,20,20
34,82,0.39661167281195714,2.4320224398642577e-06,0.4833757732551572,0.12001012191044409,25,20,20
34,83,0.3966026679059901,3.191857911711859e-06,0.4833840195525324,0.12001012068356429,25,20,20
34,84,0.39673066322234407,3.1920357373903937e-06,0.483256024473441,0.12001012026847635,25,20,20
34,85,0.3967306632223441,3.1920357374670066e-06,0.48325610772416533,0.12001003701775198,25,20,20
34,86,0.3960028777570178,3.208178540787566e-06,0.483983872905852,0.12001004115858924,25,20,20
34,87,0.3963604087687912,2.9157080244671804e-06,0.48362673048653737,0.12000994503664521,25,20,20
34,88,0.39636446331916525,2.9173997124756336e-06,0.4836226742444312,0.12000994503668913,25,20,20
34,89,0.43238031956085615,2.9158702592203354e-06,0.44760681953187875,0.1200099450370034,25,20,20
34,90,0.4362300056832039,2.9157095864742306e-06,0.44375713356298546,0.12000994504422184,25,20,20
34,91,0.44491047275703594,4.9020628919870155e-06,0.4350697377696688,0.12001488741040095,25,20,20
34,92,0.4399118933160878,2.8355963312769263e-06,0.44008023514005823,0.1200050359475202,25,20,20
34,93,0.4795823862797338,2.835097713684518e-06,0.4004098786015494,0.12000490002100055,25,20,20
34,94,0.4761431281909004,2.8378206536083514e-06,0.4038493731146595,0.12000466087378453,25,20,20
34,95,0.49918569775541416,2.8293780215463597e-06,0.38080680471728007,0.12000466814928216,25,20,20
34,96,0.5200062545830586,2.8158337078357003e-06,0.35993245082734127,0.12005847875589079,25,20,20
34,97,0.4989081415894185,3.0947788165738723e-06,0.3810290012663511,0.12005976236541217,25,20,20
34,98,0.4988237324761203,3.0948710209729145e-06,0.38111336284750325,0.12005980980535398,25,20,20
34,99,0.49528099055729713,3.0944221173724756e-06,0.3846562293941799,0.12005968562640355,25,20,20
34,100,0.4952809905598835,3.094435998279141e-06,0.3848340613240463,0.11988185368007002,25,20,20
34,101,0.4952800996048773,3.09443599726277e-06,0.3848349522937351,0.11988185366538896,25,20,20
34,102,0.48935996568065243,3.0944328636206243e-06,0.39075506560547446,0.1198818742810078,25,20,20
34,103,0.4893600025177873,0.0014376311259495043,0.38920050065929507,0.12000186569696515,25,20,20
34,104,0.4897910457970543,0.0014376260022726927,0.3887708069302876,0.12000052127038244,25,20,20
34,105,0.4889766705558005,0.0014376260145299294,0.3895797663125712,0.12000593711709598,25,20,20
34,106,0.4889265322504122,0.0014375975169929737,0.38962993549837505,0.12000593473421689,25,20,20
34,107,0.48907032036843323,0.0014375975169646676,0.38948614739526116,0.12000593471933854,25,20,20
34,108,0.45404771454558324,0.0014386611925367018,0.42450278561453386,0.12001083864734398,25,20,20
34,109,0.45404771454576526,0.0014386611927812271,0.42450661498100595,0.12000700928044539,25,20,20
34,110,0.4540477145431797,0.001438661178895955,0.4244639925284243,0.12004963174949783,25,20,20
34,111,0.4540509970581287,0.001438661178840036,0.4244607100136622,0.12004963174936678,25,20,20
34,112,0.4599247595749009,0.0014386611819171549,0.4185869676850001,0.12004961155818035,25,20,20
34,113,0.4981558862238656,0.0014386611711746126,0.3803558410299472,0.1200496115750102,25,20,20
34,114,0.4981639042106359,0.0014379530946848655,0.3803485322347722,0.12004961045990478,25,20,20
34,115,0.4941863910485907,0.0014379530840523751,0.38432609332696704,0.12004956254038689,25,20,20
34,116,0.49416974939949426,0.0014379535862210405,0.38434259808769156,0.12004969892659069,25,20,20
34,117,0.4942987160557179,0.0014379535846597857,0.3842136314405968,0.12004969891902331,25,20,20
34,118,0.49435300973555757,0.001437953581535595,0.38415933777075034,0.12004969891215479,25,20,20
34,119,0.49435300973555757,0.0014379535815355962,0.3841594557519973,0.12004958093090769,25,20,20
34,120,0.5154819825451827,0.0014376746363728196,0.3630320696679357,0.12004827315050667,25,20,20
34,121,0.5164451322834641,3.129404473146397e-06,0.3636234565414444,0.1199282817706158,25,20,20
34,122,0.5164451322834626,3.129404473145034e-06,0.3634865035089528,0.12006523480310899,25,20,20
34,123,0.5163543667680459,3.129669310881889e-06,0.363577268328556,0.12006523523408466,25,20,20
34,124,0.5153602382459717,3.168851518379731e-06,0.3645712624389153,0.12006533046359287,25,20,20
34,125,0.5157413849576454,3.1686691369707337e-06,0.3641901637797568,0.12006528259345921,25,20,20
34,126,0.5160897113833585,3.168656758952091e-06,0.3638472532141987,0.12005986674568236,25,20,20
34,127,0.47609715631200555,1.3114460089740725e-05,0.4038298624731602,0.12005986675474394,25,20,20
34,128,0.4402386466469116,1.4496221400654073e-05,0.43968034831499053,0.12006650881669709,25,20,20
34,129,0.4251219492266422,2.4869982636556873e-05,0.4547849219075808,0.12006825888313997,25,20,20
34,130,0.42608461876993814,2.4845637903039846e-05,0.45382227670891423,0.12006825888324389,25,20,20
34,131,0.4260945149514653,2.4806894342269234e-05,0.4538124207525797,0.12006825740161195,25,20,20
34,132,0.42608737533839547,1.4873538313039016e-05,0.45382949373041653,0.12006825739287365,25,20,20
34,133,0.3933858568290586,1.2888235672800549e-05,0.486537937805582,0.12006331712968432,25,20,20
34,134,0.41595195592463907,1.2859833791643501e-05,0.4639718661107798,0.12006331813078719,25,20,20
34,135,0.41595195592445705,1.2859833547042907e-05,0.46396795491562715,0.1200672293263667,25,20,20
34,136,0.42041983055498267,1.285975282617141e-05,0.45950008037244133,0.12006722931974803,25,20,20
34,137,0.42041983055498267,1.285975282617141e-05,0.4594999658981407,0.12006734379404874,25,20,20
34,138,0.45345461368319107,1.2868231898258623e-05,0.42646403213096795,0.12006848595394112,25,20,20
34,139,0.45345461368319107,1.2868232140599979e-05,0.42683715259058985,0.11969536549407703,25,20,20
34,140,0.45345461368319123,1.2868232144964865e-05,0.42684375709477984,0.11968876098988264,25,20,20
34,141,0.43682361720805546,1.2868232036745708e-05,0.4434747525622838,0.11968876199762202,25,20,20
34,142,0.4208602134250887,1.3542324597994085e-05,0.4594374240001535,0.11968882025015701,25,20,20
34,143,0.4207927884683147,1.3542326252349216e-05,0.45950484893368904,0.11968882027174128,25,20,20
34,144,0.4277485118498494,1.3533850058490895e-05,0.4525502761731834,0.11968767812690631,25,20,20
34,145,0.42360857194505386,1.2165643763042368e-05,0.45669822632634044,0.11968103608484107,25,20,20
34,146,0.4236085719450537,1.2165644002737554e-05,0.45678391633915927,0.11959534607178261,25,20,20
34,147,0.4236085719450537,1.2165644002737554e-05,0.4567839163391594,0.11959534607178249,25,20,20
34,148,0.4236085719450537,1.2165643764761295e-05,0.45641549802112263,0.11996376439005711,25,20,20
34,149,0.4235338127168373,1.2165645380561589e-05,0.4564902576650434,0.11996376397273727,25,20,20
34,150,0.423282866921938,1.2165825970704306e-05,0.4567411787479211,0.1199637885041687,25,20,20
34,151,0.423282866921938,1.2165825726645533e-05,0.45664896332785965,0.12005600392447426,25,20,20
34,152,0.388981307916808,1.2166207547901014e-05,0.490950423431712,0.12005610244393042,25,20,20
34,153,0.3549305908969476,1.2166042610482823e-05,0.5250011371159473,0.12005610594449276,25,20,20
34,154,0.3549305908969476,1.2166042610559412e-05,0.5250012188680271,0.1200560241924129,25,20,20
34,155,0.33797241941229184,1.2794983061981716e-05,0.5417909151258478,0.1202238704787956,25,20,20
34,156,0.34384259290442126,1.2794978746648911e-05,0.5359745528211287,0.12017005929570096,25,20,20
34,157,0.32112403005909884,1.4137465005945325e-05,0.5586917722115197,0.12017006026437528,25,20,20
34,158,0.34543809174412554,2.589825617717251e-05,0.5343649674128264,0.12017104258686989,25,20,20
34,159,0.34543619680422244,2.606428831800021e-05,0.5342764786558467,0.12026126025161163,25,20,20
34,160,0.34543619680422566,2.6064288322363807e-05,0.5342830040850941,0.12025473482235677,25,20,20
34,161,0.35084660112696947,2.6064288630974576e-05,0.5288726007695604,0.12025473381483864,25,20,20
34,162,0.37188065891025696,2.4721802167608592e-05,0.5078398874439749,0.12025473184359962,25,20,20
34,163,0.3730547792126817,2.4721103502517174e-05,0.5066658602875893,0.12025463939622508,25,20,20
34,164,0.3730547792126817,2.472110350244061e-05,0.5066657791110978,0.1202547205727166,25,20,20
34,165,0.3731543917170698,2.590123959925977e-05,0.5065538038689127,0.12026590317441613,25,20,20
34,166,0.37342536950217897,2.5901236455138565e-05,0.5062828265304445,0.12026590273091994,25,20,20
34,167,0.37342650294164437,2.7121739281027414e-05,0.5059940013063997,0.12055237401267359,25,20,20
34,168,0.37349532673393604,2.7109291979563917e-05,0.5059251899617343,0.12055237401235074,25,20,20
34,169,0.39025004208622455,2.643519306192243e-05,0.4891712070189515,0.1205523157017621,25,20,20
34,170,0.39023248018714,2.7002844823512776e-05,0.4891882012597108,0.12055231570832557,25,20,20
34,171,0.3903125522100698,2.5750867084791987e-05,0.4874021613109095,0.12225953561193577,25,20,20
34,172,0.38460224958152395,2.575086738370212e-05,0.4931124638701501,0.12225953568094367,25,20,20
34,173,0.3805678701499253,2.575550597088372e-05,0.49714557875310494,0.12226079559099973,25,20,20
34,174,0.3749716687523819,2.5796868621676548e-05,0.5027418372463278,0.12226069713267047,25,20,20
34,175,0.37900991562751,2.5792226847915045e-05,0.4987048549380934,0.12225943720755066,25,20,20
34,176,0.3808545351638012,2.579223112070848e-05,0.4968602353771518,0.12225943722792841,25,20,20
34,177,0.3808545351638012,2.5792231116344683e-05,0.49686213596258094,0.12225753664250352,25,20,20
34,178,0.3807556550800117,2.5801180892441616e-05,0.49696077351837004,0.12225777022072774,25,20,20
34,179,0.38022984320749187,2.5785013261636253e-05,0.4973468808472628,0.1223974909319842,25,20,20
34,180,0.38005685981670717,2.5785194349468706e-05,0.4975198156818801,0.122397539307064,25,20,20
34,181,0.3800570148689831,2.5505373573252882e-05,0.4975199404576918,0.12239753929975268,25,20,20
34,182,0.35263015005260384,2.5530753070458228e-05,0.5249467757214834,0.122397543472845,25,20,20
34,183,0.35263015005260384,2.5530753070530866e-05,0.5249467757905484,0.12239754340377985,25,20,20
34,184,0.34767122959495717,2.475161251713879e-05,0.5299113793167557,0.12239263947577154,25,20,20
34,185,0.346336804769976,3.83411208399524e-05,0.5312310779694639,0.12239377613972124,25,20,20
34,186,0.3463594188987936,3.834111445862826e-05,0.5312084655786352,0.12239377440811448,25,20,20
34,187,0.3463594188987904,3.83411144544126e-05,0.5312065609286722,0.12239567905808471,25,20,20
34,188,0.3463581847856876,3.834111445440369e-05,0.5312077950417745,0.12239567905808471,25,20,20
34,189,0.3462778476232403,0.01792760936115639,0.515482768700075,0.12031177431552947,25,20,20
34,190,0.3577076464280152,0.017915847262420043,0.504065716420627,0.12031078988893794,25,20,20
34,191,0.3573744938906859,0.0179158431883359,0.5044594263965287,0.12025023652444979,25,20,20
34,192,0.35737501304110075,0.026967182886854114,0.49472964636127914,0.12092815771076637,25,20,20
34,193,0.35736316000575596,0.026966947502490787,0.4947417326895319,0.12092815980222202,25,20,20
34,194,0.3724819947340797,0.026956573741254822,0.4796350217888875,0.12092640973577677,25,20,20
34,195,0.3715372497877296,0.026956573724363463,0.4805720043145616,0.12093417217334135,25,20,20
34,196,0.37153622482276816,0.049044352933882374,0.4584852581524139,0.12093416409093308,25,20,20
34,197,0.4074527871488286,0.04904315924564066,0.4225810717394559,0.12092298186607245,25,20,20
34,198,0.4075693166323476,0.04904310939648295,0.4224648257433136,0.12092274822785327,25,20,20
34,199,0.396094847490759,0.04904310952499219,0.43393929474555876,0.12092274823868789,25,20,20
34,200,0.4360718656051359,0.04904310952468184,0.3939700391115035,0.12091498575867911,25,20,20
34,201,0.43621921943950315,0.049043109523065585,0.393822685286453,0.12091498575097781,25,20,20
34,202,0.39797760840735225,0.049043820467548,0.432056808327826,0.12092176279727081,25,20,20
34,203,0.40388144167076895,0.04904383460228151,0.42615289234186526,0.12092183138508174,25,20,20
34,204,0.42060207766046936,0.049043205834103494,0.4096007542564498,0.1207539622489765,25,20,20
34,205,0.3869080376138838,0.04904528786921167,0.4432826179312304,0.12076405658567506,25,20,20
34,206,0.3808451538708935,0.04904528802074002,0.44934432827066906,0.12076522983769833,25,20,20
34,207,0.3808451540188066,0.04904528802098446,0.4493485321387118,0.12076102582149843,25,20,20
34,208,0.38658803739862824,0.049045287875752575,0.4436068217188789,0.12075985300674143,25,20,20
34,209,0.39044937398958046,0.04904528787290891,0.43974548552750625,0.12075985261000544,25,20,20
34,210,0.3844198601720787,0.04904528794877065,0.4457749992627012,0.12075985261645092,25,20,20
34,211,0.3844198601720787,0.04904528794877058,0.4457683930715563,0.12076645880759586,25,20,20
34,212,0.37859427728678446,0.049045287766089206,0.4515940245147608,0.12076641043236544,25,20,20
34,213,0.3780150336025432,0.08781216243784662,0.4134075302059926,0.12076527375361776,25,20,20
34,214,0.37222349797631726,0.08781216244029348,0.41919906927440903,0.12076527030897927,25,20,20
34,215,0.36619173742110617,0.0878121668217875,0.425228525462133,0.12076757029497247,25,20,20
34,216,0.3663879724220922,0.08781216681708076,0.42503229047841984,0.12076757028240627,25,20,20
34,217,0.40043118443220044,0.08781211774084233,0.39098912962979526,0.12076756819716081,25,20,20
34,218,0.43865625166166516,0.08781140679635993,0.3527715503905732,0.12076079115140098,25,20,20
34,219,0.42756438078388775,0.0878114105419545,0.3638624005481105,0.12076180812604626,25,20,20
34,220,0.46366250048518387,0.08781141971311378,0.3277642709781849,0.12076180882351681,25,20,20
34,221,0.46377672876113374,0.08781146842378523,0.3276367524435672,0.12077505037151313,25,20,20
34,222,0.45749985926883174,0.08780941131917384,0.3339257733051759,0.12076495610681702,25,20,20
34,223,0.4579731169418888,0.08780941096652915,0.3334525176362226,0.12076495445535826,25,20,20
34,224,0.4687400144960009,0.08780940731741678,0.3226866161894188,0.12076396199716234,25,20,20
34,225,0.4687400144960003,0.08611334299063014,0.3243826805108862,0.12076396200248228,25,20,20
34,226,0.4386037232313738,0.0861845118410121,0.3544500993085454,0.12076166561906732,25,20,20
34,227,0.4386037232313738,0.0861845118410121,0.35445010074068656,0.12076166418692616,25,20,20
34,228,0.43892225727280804,0.08618451174453093,0.3541315912972538,0.12076163968540589,25,20,20
34,229,0.4744940721835475,0.08618446303338267,0.31857306671763297,0.1207483980654356,25,20,20
34,230,0.4423878936975203,0.08618448946583554,0.3506720355499824,0.12075558128666009,25,20,20
34,231,0.4699563285762526,0.08611331644344265,0.3231747583173123,0.12075559666299109,25,20,20
34,232,0.4759129769897926,0.08611331636743119,0.3172181099862534,0.12075559665652164,25,20,20
34,233,0.4828257692811848,0.08611331617508736,0.31030533382694103,0.12075558071678592,25,20,20
34,234,0.4867222576780248,0.08611330698853742,0.3064088553850546,0.12075557994838235,25,20,20
34,235,0.48630601364636966,0.08611359437224393,0.30682478758082793,0.12075560440055734,25,20,20
34,236,0.4861875711074801,0.08611412345464896,0.3069427007793615,0.12075560465850804,25,20,20
34,237,0.47880491375586787,0.08611410968367675,0.3141647194764392,0.12091625708401434,25,20,20
34,238,0.4494169976185336,0.08611598845397145,0.34355059964941437,0.12091641427807928,25,20,20
34,239,0.43649852714689485,0.08611599190191335,0.3564690663947689,0.12091641455642207,25,20,20
34,240,0.41466762004904445,0.08611599429450954,0.378299960076084,0.12091642558036148,25,20,20
34,241,0.4146675810689976,0.08609661740558244,0.37831937595054366,0.12091642557487577,25,20,20
34,242,0.4090312919487829,0.08609662976733597,0.3838917570034342,0.12098032128044645,25,20,20
34,243,0.37062454628391334,0.08609667595632622,0.4222859040903292,0.12099287366942983,25,20,20
34,244,0.34618204280347853,0.08609757881863768,0.4467253530495897,0.12099502532829243,25,20,20
34,245,0.3461820428034676,0.08657770827767537,0.4462452235904961,0.1209950253283592,25,20,20
34,246,0.35910148704584005,0.08657770482973248,0.4333257830892101,0.12099502503521598,25,20,20
34,247,0.3591014870458855,0.08657770482973262,0.43332601650642727,0.12099479161795319,25,20,20
34,248,0.3613832835484294,0.08657770475386993,0.43104422007266613,0.12099479162503343,25,20,20
34,249,0.37416122672382335,0.08659135581278926,0.41841328709956416,0.12083413036382179,25,20,20
34,250,0.3751412114876911,0.0865913553022914,0.41743344153693684,0.12083399167307952,25,20,20
34,251,0.37430695792551866,0.08659133011381874,0.40896470698839027,0.1301370049722711,25,20,20
34,252,0.3961287419828781,0.08659132772603095,0.38714291206483864,0.13013701822625165,25,20,20
34,253,0.39988085459780853,0.08659132772603093,0.38339079946344357,0.1301370182127166,25,20,20
34,254,0.395395333020013,0.08658949709385708,0.3878783087969931,0.13013686108913672,25,20,20
34,255,0.395395333020013,0.08658949709385708,0.38788491234950917,0.13013025753662066,25,20,20
34,256,0.43394259818905145,0.08658947251962984,0.34903367206457075,0.1304342572267474,25,20,20
34,257,0.4339425231502135,0.08663064898933952,0.3489925684987375,0.130434259361709,25,20,20
34,258,0.4339425231502135,0.08784659394272787,0.34777662353988625,0.13043425936717187,25,20,20
34,259,0.4353625893360264,0.08784659358634662,0.3466605574730894,0.13013025960453706,25,20,20
34,260,0.4645822956276859,0.0878465934614551,0.3267438684680275,0.12082724244283105,25,20,20
34,261,0.4738372441653621,0.08784687260305696,0.31741276391648027,0.12090311931509999,25,20,20
34,262,0.4572190221630582,0.08785633143775831,0.33140754349955337,0.12351710289962968,25,20,20
34,263,0.45721902216301585,0.08785633143775819,0.33141210975432406,0.12351253664490137,25,20,20
34,264,0.4535316820313421,0.08785604405691348,0.33509727952924123,0.1235149943825022,25,20,20
34,265,0.45303023254522434,0.08785604406888725,0.3355987258607264,0.12351499752516128,25,20,20
34,266,0.4456774372763577,0.08785604407027822,0.3429492635263297,0.12351725512703382,25,20,20
34,267,0.44567743712849,0.08785604407003374,0.3430700103607603,0.12339650844071556,25,20,20
34,268,0.47010558278931613,0.08785514120794226,0.318644919219822,0.12339435678291931,25,20,20
34,269,0.43012487071226396,0.08785514285430614,0.358625189895471,0.12339479653795865,25,20,20
34,270,0.4301247403472044,0.08785497458112351,0.35862548879260536,0.12339479627906602,25,20,20
34,271,0.435846626827378,0.08785496441052969,0.3529063826350947,0.12339202612699691,25,20,20
34,272,0.4358461075935069,0.11880305022174627,0.3227159087591695,0.12263493342557638,25,20,20
34,273,0.43584610759350717,0.11877174608576709,0.32274721289505254,0.12263493342567217,25,20,20
34,274,0.42858026756032175,0.1187717114477355,0.3294085533795257,0.12323946761241604,25,20,20
34,275,0.42357872136651376,0.11877143658042538,0.3344190735377209,0.1232307685153374,25,20,20
34,276,0.42357441492893066,0.11877148310669652,0.3344235474220756,0.12323055454229406,25,20,20
34,277,0.4235744160867118,0.11877130205402846,0.3344237273172033,0.12323055454205319,25,20,20
34,278,0.3841142629776242,0.118776718651087,0.3738653239912748,0.12324369438001133,25,20,20
34,279,0.3841142652444175,0.11877656268224551,0.3738587834814674,0.12325038859186697,25,20,20
34,280,0.3901179242965868,0.11877655834161853,0.36792230685592203,0.12318321050586872,25,20,20
34,281,0.3901179242966441,0.09125522198902392,0.39544364321384984,0.12318321050048034,25,20,20
34,282,0.40635370533839954,0.09124576314954182,0.38183132886650384,0.12056920264555286,25,20,20
34,283,0.3731968219092844,0.0912321157729039,0.41500081960075286,0.12057024271705676,25,20,20
34,284,0.3805495931131788,0.0912321157715134,0.4076503060001172,0.12056798511518886,25,20,20
34,285,0.3805494359344994,0.091232327871066,0.40765032036996496,0.12056791582446795,25,20,20
34,286,0.38054943593463614,0.09123232787131058,0.40752737286663776,0.12069086332741392,25,20,20
34,287,0.3846440312778459,0.09123232786844832,0.40343525971606875,0.12068838113763579,25,20,20
34,288,0.3863921665854293,0.09119158642148793,0.40172442270437136,0.12069182428871032,25,20,20
34,289,0.38639216658543013,0.09119158642173102,0.401984169656946,0.12043207733589197,25,20,20
34,290,0.38631417173011406,0.09119158642175941,0.4020621645122291,0.1204320773358965,25,20,20
34,291,0.385998650307125,0.09119159172602682,0.4023762871848491,0.12043347078199818,25,20,20
34,292,0.38599865030706426,0.11992018995581587,0.373647688955024,0.12043347078209563,25,20,20
34,293,0.3859986530061956,0.11820888275029766,0.3753589761838786,0.12043348805962738,25,20,20
34,294,0.3859215983321393,0.11820888292854487,0.375436030232484,0.12043348850683083,25,20,20
34,295,0.34969038774067185,0.11820893015975739,0.4116669683741086,0.1204337137254613,25,20,20
34,296,0.34969038774068983,0.1164969773882151,0.41337890386678433,0.12043373100431017,25,20,20
34,297,0.31052920269208834,0.11649700142306399,0.45254006386646667,0.12043373201838083,25,20,20
34,298,0.3120792393442748,0.11649700005723773,0.4516043372449844,0.11981942335350106,25,20,20
34,299,0.33795959582622154,0.11649700005130896,0.42572392183240615,0.11981948229006123,25,20,20
34,300,0.3379595958262248,0.11480999330667808,0.42741092857713064,0.11981948228996381,25,20,20
34,301,0.32098867014147653,0.11480999351959646,0.44437866956944627,0.11982266676947846,25,20,20
34,302,0.320988670141473,0.11483495518432033,0.4443537251783507,0.1198226494958538,25,20,20
34,303,0.328359375242505,0.11483494280542753,0.43704693120095345,0.11975875075111181,25,20,20
34,304,0.328359375242323,0.11483494280518286,0.43704030857659304,0.11976537337589882,25,20,20
34,305,0.34484752286304465,0.1148349425985623,0.42055534393109056,0.11976219060730027,25,20,20
34,306,0.344845229456723,0.11483473532826953,0.4205588751275649,0.11976116008744057,25,20,20
34,307,0.34484522945672547,0.11483473532802663,0.42029263992964944,0.12002739528559671,25,20,20
34,308,0.3448452294567223,0.11483473532802663,0.42028788021716307,0.12003215499808631,25,20,20
34,309,0.34484522945672547,0.1148347353280267,0.42028950882297067,0.12003052639227553,25,20,20
34,310,0.3439341361871213,0.11483476482249232,0.42120056783270093,0.1200305311576839,25,20,20
34,311,0.3439341361871181,0.11483476482249216,0.4212051523394188,0.12002594665096941,25,20,20
34,312,0.3422031601240748,0.1148340419687576,0.4229402964995348,0.12002250140763109,25,20,20
34,313,0.34212877777314793,0.11483404297958197,0.4230145841295298,0.12002259511773927,25,20,20
34,314,0.32851006386375403,0.11485696099175817,0.4365012136204228,0.12013176152406362,25,20,20
34,315,0.33422182960700675,0.11485691285361765,0.43078949608377626,0.12013176145559916,25,20,20
34,316,0.33422182690787544,0.11655931672112986,0.42908711219848306,0.1201317441725117,25,20,20
34,317,0.33422182690787516,0.11656875430014686,0.4290776746193704,0.12013174417260748,25,20,20
34,318,0.3211884721860209,0.11654583670042884,0.44224318000739765,0.1200225111061526,25,20,20
34,319,0.3213908097324204,0.11654583704861171,0.44204084382373443,0.12002250939523319,25,20,20
34,320,0.2814926812139945,0.11654584647420517,0.4777728461097576,0.12418862620204442,25,20,20
34,321,0.26457555110910963,0.11654585737267004,0.4946900551419868,0.12418853637623604,25,20,20
34,322,0.2755394129358557,0.11654585742275086,0.4837261924316261,0.12418853720977031,25,20,20
34,323,0.2755249481651991,0.1165458527968907,0.4879067790748548,0.12002241996305825,25,20,20
34,324,0.2722883446849856,0.11654580556572387,0.4911435188042729,0.12002233094502075,25,20,20
34,325,0.2705112716163751,0.11654581835532106,0.49291263665239876,0.12003027337590799,25,20,20
34,326,0.27051127161636057,0.11826389020906952,0.49119456480398666,0.12003027337058633,25,20,20
34,327,0.27120809125315093,0.11826384203621655,0.49049801573918217,0.1200300509714531,25,20,20
34,328,0.2712118707476157,0.11826384203462638,0.49049423667101444,0.12003005054674615,25,20,20
34,329,0.2711805932603732,0.11826384213135671,0.49052548945529745,0.12003007515297538,25,20,20
34,330,0.27114785132679164,0.11825842552232914,0.49057679097863255,0.12001693217224706,25,20,20
34,331,0.24487881017589605,0.11827937624484416,0.5168231218048,0.12001869177446015,25,20,20
34,332,0.24418148822838415,0.11827937624484224,0.5175204471349765,0.12001868839179747,25,20,20
34,333,0.24426437338234888,0.11827935211010678,0.517436828806519,0.1200194457010257,25,20,20
34,334,0.24344419303890238,0.11827932896468672,0.5182570332363619,0.12001944476004996,25,20,20
34,335,0.24336843136406383,0.11827932896476882,0.5183327948887966,0.1200194447823721,25,20,20
34,336,0.2818425586479719,0.11827932846670663,0.47986611959481423,0.12001199329050785,25,20,20
34,337,0.27618337306172047,0.11828190246882807,0.48551659417502635,0.12001813029442697,25,20,20
34,338,0.27618337306172064,0.08952222952591123,0.5142762671179157,0.1200181302944543,25,20,20
34,339,0.2697182270229573,0.08952246895785543,0.5207400321855471,0.12001927183364171,25,20,20
34,340,0.2706504173153163,0.08952246895806698,0.5198078402407746,0.12001927348584342,25,20,20
34,341,0.2706504173153195,0.08952246895806713,0.5198079189835176,0.12001919474309722,25,20,20
34,342,0.2520902510453455,0.08952309224091261,0.5383644886586492,0.12002216805509393,25,20,20
34,343,0.21398811090025407,0.08952309225640605,0.5762703507391012,0.12021844610423951,25,20,20
34,344,0.21750348831487964,0.08952311832304215,0.5727549472622866,0.12021844609979128,25,20,20
34,345,0.23446245708806837,0.08952310641386639,0.5557958956487254,0.12021854084934,25,20,20
34,346,0.2344624905032777,0.08952310644149193,0.556171037294131,0.11984336576109961,25,20,20
34,347,0.22691503362951093,0.08952248281069713,0.5576192735617593,0.12594320999803305,25,20,20
34,348,0.22691503362951107,0.1182601352451323,0.5288816211272546,0.12594320999810316,25,20,20
34,349,0.22749162441363263,0.11826013870093333,0.5283038908741896,0.12594434601124319,25,20,20
34,350,0.26743259922657253,0.11825756469880837,0.4883716270619602,0.12593820901266012,25,20,20
34,351,0.2546861925440218,0.11823662590927,0.501140756706589,0.1259364248401208,25,20,20
34,352,0.25571760082558687,0.11823638629876002,0.5001107304190904,0.12593528245656388,25,20,20
34,353,0.26001178022908417,0.11823652292594934,0.49581641398808335,0.1259352828568846,25,20,20
34,354,0.26126589399827493,0.11823652292878827,0.49456105801224204,0.1259365250606963,25,20,20
34,355,0.2577334824609021,0.11825602608062931,0.49807233292987696,0.12593815852859275,25,20,20
34,356,0.25945776254453395,0.11825602652218914,0.4965443283334934,0.12574188259978447,25,20,20
34,357,0.25945776254453035,0.11997430605345077,0.494826048802138,0.12574188259988195,25,20,20
34,358,0.25448810159602375,0.11997481265533844,0.49979518067318274,0.1257419050754552,25,20,20
34,359,0.25448810159623386,0.11875792772053068,0.5010120656024896,0.12574190508074604,25,20,20
34,360,0.2544881015688107,0.1187594231363145,0.5010105702271451,0.12574190506772864,25,20,20
34,361,0.2545167721361116,0.11875942227767392,0.5009819005915753,0.12574190499463983,25,20,20
34,362,0.2545167721361084,0.11875942227767392,0.5009802726033031,0.12574353298291518,25,20,20
34,363,0.2545310473811781,0.11877864262200605,0.5008551397807506,0.12583517021606622,25,20,20
34,364,0.28320226342787935,0.11877864262297684,0.47218404252126517,0.1258350514278806,25,20,20
34,365,0.28320214531142,0.11875987937661012,0.47220090544880206,0.12583706986316898,25,20,20
34,366,0.2826258138529899,0.11875987105159064,0.47268240903115966,0.1259319060642605,25,20,20
34,367,0.28261150721796136,0.11874065677734784,0.47271353996444104,0.12593429604025075,25,20,20
34,368,0.2826115072179652,0.11872983138326329,0.4727243653586177,0.12593429604015494,25,20,20
34,369,0.2826115072180108,0.11872983138350791,0.4727214026454775,0.1259372587530044,25,20,20
34,370,0.2791399003187938,0.11873136411491889,0.4761914766666079,0.12593725889967983,25,20,20
34,371,0.27401683732949733,0.11913490734514565,0.48091099685870026,0.12593725846665485,25,20,20
34,372,0.2622655286991264,0.11913531713138256,0.4925515678774014,0.12604758629208804,25,20,20
34,373,0.2857446619103452,0.11913528764051669,0.4690724688869996,0.12604758156213436,25,20,20
34,374,0.2857446619103452,0.11911483305345588,0.4690929234740604,0.12604758156213436,25,20,20
34,375,0.3121176762814902,0.11911483304736774,0.4488227265987402,0.1199447640723971,25,20,20
34,376,0.3121176762816267,0.1191148330471232,0.44882263973005465,0.1199448509411906,25,20,20
34,377,0.3021593114800565,0.11911481545987565,0.45879028799744065,0.11993558506262268,25,20,20
34,378,0.3416216835745638,0.11911481543549408,0.41932791589783236,0.11993558509210957,25,20,20
34,379,0.3416321603952818,0.11911481543505469,0.4193174391367435,0.11993558503291966,25,20,20
34,380,0.3416321603952817,0.1191366823118085,0.41929557226008557,0.11993558503282388,25,20,20
34,381,0.34163212698007006,0.11913668228418714,0.41892501747782335,0.12030617325791897,25,20,20
34,382,0.3404594258394254,0.1191367190705438,0.42009272366584055,0.12031113142418981,25,20,20
34,383,0.344047030239796,0.11913521524840515,0.4165066208727234,0.1203111336390751,25,20,20
34,384,0.3440470302398068,0.1174236522622428,0.4182181665799304,0.12031115091801974,25,20,20
34,385,0.30655520321775237,0.11742361547725694,0.45571498858272735,0.12030619272225934,25,20,20
34,386,0.3186751954101595,0.11742361497061311,0.4435950668953849,0.12030612272383889,25,20,20
34,387,0.31815220694595236,0.11742361497701215,0.444118055353175,0.12030612272385692,25,20,20
34,388,0.3224566497531022,0.11742361524450218,0.43973712724447184,0.12038260775792128,25,20,20
34,389,0.35848174085000545,0.11742361998995142,0.4037106636585381,0.12038397550150436,25,20,20
34,390,0.35848174059573507,0.11742361988309559,0.4038066357233093,0.12028800379785937,25,20,20
34,391,0.3198752700379121,0.11742581103932985,0.4424108186793788,0.12028810024337652,25,20,20
34,392,0.3078170442535443,0.11742647782761807,0.4544651996194723,0.1202912782993619,25,20,20
34,393,0.2725048090599882,0.11742654790480796,0.48977873256884225,0.12028991046635812,25,20,20
34,394,0.2725048090599884,0.11742616152133983,0.4897791189523102,0.12028991046635812,25,20,20
34,395,0.2736850842798546,0.11869367389975874,0.4872270712270009,0.12039417059338385,25,20,20
34,396,0.27285797746476004,0.11882214585727739,0.4879257060597078,0.1203941706182539,25,20,20
34,397,0.2728579774645779,0.11882214585728165,0.4881903870876338,0.12012948959050572,25,20,20
34,398,0.31255038211158653,0.11869367347880798,0.4486264531599095,0.12012949124969512,25,20,20
34,399,0.3089857191664527,0.11869364704631082,0.4521983257575253,0.1201223080297092,25,20,20
34,400,0.30898571921438817,0.11743107255090067,0.4534608998980595,0.12012230833664972,25,20,20
34,401,0.348733815295235,0.11742953936240884,0.4137143392874897,0.12012230605486376,25,20,20
34,402,0.348907129272938,0.11742953936232983,0.413541025317018,0.1201223060477116,25,20,20
34,403,0.3480943838692735,0.11742958875396706,0.4143537192804186,0.1201223080963373,25,20,20
34,404,0.3118245546750539,0.11742958875410921,0.4506235484748832,0.12012230809595041,25,20,20
34,405,0.31045401213379886,0.11742739759814615,0.4519963786181289,0.12012221164992289,25,20,20
34,406,0.3104672923423725,0.1174273979571408,0.45198299892936306,0.12012231077111953,25,20,20
34,407,0.3061669827556444,0.11742732266210563,0.4531480642443711,0.12325763033787508,25,20,20
34,408,0.3062543497072005,0.11742747013680699,0.4530605503321411,0.12325762982384798,25,20,20
34,409,0.3069552815898905,0.11742706035061039,0.4524693552632674,0.12314830279622772,25,20,20
34,410,0.3067223246031148,0.11742734388928384,0.45270065486504807,0.12314967664254979,25,20,20
34,411,0.2674800762379276,0.11742732895318243,0.48989946446091864,0.12519313034797092,25,20,20
34,412,0.26748007623792686,0.11742732895318234,0.4899013667765245,0.12519122803236568,25,20,20
34,413,0.2674800762442329,0.1170237602080252,0.49030493551545695,0.1251912280322834,25,20,20
34,414,0.26739244659706296,0.1170236129495526,0.49039271242495885,0.12519122802842408,25,20,20
34,415,0.2673924465970486,0.11876610362695406,0.48865023902651644,0.1251912107494794,25,20,20
34,416,0.25407334974226264,0.11876611132994025,0.5017401185210771,0.12542042040671839,25,20,20
34,417,0.24304104761032683,0.11876544477496193,0.512776265279292,0.12541724233541726,25,20,20
34,418,0.2466725898212212,0.11876544478324398,0.5091447230220755,0.12541724237345697,25,20,20
34,419,0.24668728487582034,0.11878518060888692,0.5091102921415208,0.12541724237376967,25,20,20
34,420,0.25194544386253853,0.11878518060780931,0.5038521505622396,0.12541722496741006,25,20,20
34,421,0.25964535061583066,0.11878517290850464,0.49638246097752026,0.12518701549814162,25,20,20
34,422,0.2591856439382148,0.1187851725555534,0.4968422671282538,0.12518691637797594,25,20,20
34,423,0.25918564393826016,0.11878517255555338,0.4967054635837362,0.12532371992244798,25,20,20
34,424,0.22813795142410143,0.11878466595378119,0.5277536808277598,0.12532370179435562,25,20,20
34,425,0.21671945341112278,0.11878466646306246,0.5391721102433413,0.12532376988247243,25,20,20
34,426,0.21312973158519202,0.1187846664631718,0.5028753740851666,0.1652102278664685,25,20,20
34,427,0.23993378357967007,0.11878466956583703,0.47607047604549957,0.1652110708089934,25,20,20
34,428,0.23991908874931706,0.1187649339324228,0.476104906509582,0.16521107080867786,25,20,20
34,429,0.2578174670701868,0.11749679398596607,0.4595825801929431,0.16510315875090265,25,20,20
34,430,0.2578654055955864,0.11749679398563323,0.45953474033197833,0.16510306008680178,25,20,20
34,431,0.25786540554766574,0.11832367796544015,0.458707856707033,0.16510305977986128,25,20,20
34,432,0.2607630487042307,0.11832485533838799,0.455809034358814,0.16510306159856714,25,20,20
34,433,0.2607721824722473,0.11833699827368913,0.4557877573428296,0.16510306191123436,25,20,20
34,434,0.2607632171673813,0.11832473616593331,0.45230412989271074,0.16860791677397496,25,20,20
34,435,0.2607632171671712,0.11954108456148421,0.4510877815027587,0.16860791676858672,25,20,20
34,436,0.2607627045518058,0.11954108456147487,0.45108829411815593,0.16860791676856413,25,20,20
34,437,0.2751650512669969,0.11954150967812958,0.4364585164694644,0.1688349225854091,25,20,20
34,438,0.2751650512669818,0.11994666613505268,0.436053360012556,0.1688349225854091,25,20,20
34,439,0.2751649005509968,0.11994666613501374,0.39919812285206535,0.20569031046192407,25,20,20
34,440,0.2751648960299618,0.11994666017044675,0.39919898617510013,0.20568945762449103,25,20,20
34,441,0.26062483363895206,0.11994685136824472,0.41373885627534146,0.20568945871746103,25,20,20
34,442,0.26062483363895217,0.11994685136825323,0.4137363366565055,0.20569197833628836,25,20,20
34,443,0.26062466516901844,0.11994710046774214,0.4172411111989595,0.20218712316427903,25,20,20
34,444,0.28154582774827025,0.11994696206366676,0.3963200870344712,0.20218712315359183,25,20,20
34,445,0.2815458271451796,0.11994696206341433,0.39621125331937973,0.20229595747202622,25,20,20
34,446,0.3061541031773247,0.1199465568062621,0.3718303866727436,0.20206895334366984,25,20,20
34,447,0.3061622492533475,0.11995749714391848,0.37190445857632376,0.2019757950264107,25,20,20
34,448,0.33975781408007344,0.1199574969068795,0.3383088940004425,0.20197579501260585,25,20,20
34,449,0.3397578140774784,0.1199574969068709,0.3383161312699874,0.20196855774566466,25,20,20
34,450,0.3397578140898333,0.11989508388049927,0.3383785442784539,0.20196855775121478,25,20,20
34,451,0.3767296760212778,0.11989390609721559,0.3014078619489947,0.20196855593251128,25,20,20
34,452,0.3621666706302173,0.11989390621377648,0.31597085178878603,0.20196857136721932,25,20,20
34,453,0.3765585326767734,0.11989371501603475,0.30157918118490573,0.20196857112228536,25,20,20
34,454,0.3765585326767734,0.11989371501603475,0.3015791811849056,0.20196857112228536,25,20,20
34,455,0.3865760681529512,0.11989371956862276,0.2915604307155138,0.2019697815629121,25,20,20
34,456,0.38423924560934675,0.1198937149047524,0.29389619365642244,0.20197084582947825,25,20,20
34,457,0.3842394059730059,0.11989346561656271,0.29389626457270684,0.20197086383772445,25,20,20
34,458,0.3909689723192081,0.11989346561128515,0.28716898835880417,0.2019685737107025,25,20,20
34,459,0.39672566506172857,0.11989347075357952,0.28141229048015776,0.20196857370453414,25,20,20
34,460,0.39672566506172857,0.11989347075357944,0.281412207923371,0.20196865626132104,25,20,20
34,461,0.39700279315290543,0.1198934656112376,0.2811350849749308,0.20196865626092625,25,20,20
34,462,0.397002793140554,0.1199247946467099,0.2811037559572642,0.2019686562554719,25,20,20
34,463,0.39698802974265157,0.11992519454032395,0.2811181215043138,0.20196865421271018,25,20,20
34,464,0.39698802974265157,0.1199251945403283,0.28147721882993115,0.2016095568870884,25,20,20
34,465,0.3904052132032945,0.11992519441876126,0.2881377623709654,0.20153183000697897,25,20,20
34,466,0.3851520568032849,0.11992616604315078,0.29325899081269563,0.20166278634086904,25,20,20
34,467,0.3851518980008551,0.119926162335924,0.2914075010766404,0.2035144385865803,25,20,20
34,468,0.38515189809166034,0.11992616226303474,0.2932247993620671,0.20169714028323787,25,20,20
34,469,0.38611692956793275,0.1199261424035342,0.2922597894350314,0.2016971385935017,25,20,20
34,470,0.38611692956793836,0.11992614240353806,0.2969188117825352,0.19703811624598808,25,20,20
34,471,0.39205106538159595,0.11992614258521281,0.29098467577810316,0.19703811625508819,25,20,20
34,472,0.3920510653815959,0.1199261425852085,0.29097806987013125,0.1970447221630642,25,20,20
34,473,0.3920510653815959,0.11992614258521204,0.297222957590158,0.19079983444303367,25,20,20
34,474,0.3913600150349523,0.11992614294736721,0.2979138174514269,0.1908000245662532,25,20,20
34,475,0.3913600150349523,0.11992614294736288,0.2975407146407684,0.19117312737691602,25,20,20
34,476,0.39136001503495615,0.11992574931495041,0.2975411082731753,0.19117312737691772,25,20,20
34,477,0.3913013588841037,0.11992574978762383,0.2975997617742029,0.19117312955406873,25,20,20
34,478,0.3913013588840999,0.11993520639868362,0.29759030516305285,0.19117312955416285,25,20,20
34,479,0.3913013588840545,0.11993520639867943,0.2974673802042342,0.19129605451303136,25,20,20
34,480,0.3662714698249424,0.11993520405877296,0.3224981111383199,0.19129521497796412,25,20,20
34,481,0.3593679424890557,0.11997052707711042,0.3293634315462973,0.1912980988875374,25,20,20
34,482,0.35967594037561823,0.11997633644994732,0.32904961576188463,0.19129810741255043,25,20,20
34,483,0.35967594187002105,0.10118553064752817,0.3478404105008833,0.19129811698156782,25,20,20
34,484,0.3657005632096022,0.10115020785378992,0.34185399686992085,0.19129523206668747,25,20,20
34,485,0.3657005632097175,0.08241693286019583,0.3605872718605444,0.19129523206954324,25,20,20
34,486,0.3655282481210685,0.08241693287905835,0.36075958519658813,0.191295233803286,25,20,20
34,487,0.3655292207949487,0.08241648360091469,0.360758947520447,0.19129534808369061,25,20,20
34,488,0.35533073789553604,0.08241649503155006,0.3709567637897894,0.191296003283125,25,20,20
34,489,0.35630062784632943,0.08241649501910561,0.3699868738524905,0.19129600328207577,25,20,20
34,490,0.35630062784621425,0.09945315962270794,0.35295020925195514,0.19129600327912413,25,20,20
34,491,0.3563006278462174,0.09945315962270795,0.3530358995247713,0.19121031300630478,25,20,20
34,492,0.39034840934646425,0.09945315960786988,0.31898821167175606,0.19121021937391192,25,20,20
34,493,0.390348334621298,0.0994531596078699,0.3189882863967911,0.19121021937404287,25,20,20
34,494,0.39034833462148005,0.09945315960787066,0.31274044133570666,0.19745806443494454,25,20,20
34,495,0.3963587209090266,0.09945315176565699,0.3067307184367116,0.19745740888860674,25,20,20
34,496,0.39419793139628667,0.09945317054205444,0.3088914028547697,0.1974574952068912,25,20,20
34,497,0.3888887338243238,0.09945316977967522,0.3142006045965805,0.19745749179942224,25,20,20
34,498,0.3828645450615548,0.09945316993129878,0.32022477188567783,0.19745751312147036,25,20,20
34,499,0.3954531266639792,0.09945316919763704,0.3076362598184146,0.197457444319971,25,20,20
34,500,0.39188022916216425,0.09945316921817574,0.3112090233126041,0.19745757830705823,25,20,20
34,501,0.3915722229472714,0.09945926196780774,0.31151094499646237,0.1974575700884606,25,20,20
34,502,0.3917366304102232,0.07376422272085087,0.3370415766789915,0.19745757018993712,25,20,20
34,503,0.39172263220975667,0.07376395908641818,0.33902372956448135,0.19548967913934606,25,20,20
34,504,0.3517369114756481,0.07712564726777335,0.3756427425150157,0.1954946987415665,25,20,20
34,505,0.35768797451256296,0.07712564726772618,0.3696917001320451,0.19549467808766896,25,20,20
34,506,0.3183340463776383,0.07712566165872664,0.4090456123188808,0.1954946796447577,25,20,20
34,507,0.3578188124879872,0.07712566115733949,0.3695609829136497,0.1954945434410262,25,20,20
34,508,0.3578188124879904,0.07712566115758415,0.36956768687985286,0.19548783947457518,25,20,20
34,509,0.35830259052679003,0.07712566115747548,0.3690839088411801,0.19548783947455686,25,20,20
34,510,0.36366170519569807,0.07712570225991074,0.36372474642881253,0.19548784611558112,25,20,20
34,511,0.35178362116729417,0.07712570241231942,0.37560203917675056,0.1954886372436377,25,20,20
34,512,0.36366576250085153,0.07712570225999126,0.3637206886904058,0.19548784654875387,25,20,20
34,513,0.34454844166311427,0.0771579611480383,0.38280565636955444,0.1954879408192961,25,20,20
34,514,0.3445484416631111,0.07715796114779364,0.38279895473851483,0.19549464245058362,25,20,20
34,515,0.3445484411038281,0.0692289601958571,0.3907085116018263,0.1955140870984919,25,20,20
34,516,0.3443840336408799,0.0966109969303493,0.36349088243175737,0.19551408699701547,25,20,20
34,517,0.3443840336408764,0.09658912070061615,0.3635127586615913,0.19551408699691805,25,20,20
34,518,0.30792327005177855,0.09658912205965585,0.39997351652242896,0.19551409136613995,25,20,20
34,519,0.306794921211473,0.09658914220241721,0.4010964704755036,0.1955194661106095,25,20,20
34,520,0.306794917468345,0.09658948550198433,0.40117306859081275,0.19544252843886173,25,20,20
34,521,0.30679491680518317,0.09658442400126098,0.4011781310610576,0.1954425281325024,25,20,20
34,522,0.281555515194877,0.09658475683591301,0.42096153525729074,0.20089819271192372,25,20,20
34,523,0.281281928228415,0.09658476179564496,0.42123511641938227,0.2008981935565608,25,20,20
34,524,0.28732437409292566,0.09658476164402086,0.4151926920284291,0.2008981722346273,25,20,20
34,525,0.2873243740931054,0.09658476164401707,0.4105353233903722,0.20555554087250819,25,20,20
34,526,0.2873303990732322,0.0965847616440156,0.41052929841037794,0.2055555408723771,25,20,20
34,527,0.287330398138116,0.12326456194854148,0.38386895325779646,0.2055360866555489,25,20,20
34,528,0.28576936797400215,0.1232656960558419,0.3854286628631918,0.2055362731069669,25,20,20
34,529,0.28576936798637753,0.12328149964742977,0.38541285925377183,0.20553627311242356,25,20,20
34,530,0.2857719871237629,0.123281499648092,0.385377486280857,0.20556902694729007,25,20,20
34,531,0.31642541399251495,0.12328145854520745,0.3547241071560091,0.20556902030626936,25,20,20
34,532,0.31642541398013574,0.12330566086725422,0.35469990484633823,0.20556902030627267,25,20,20
34,533,0.3164254139799536,0.12330566086749874,0.3547049556700965,0.20556396948245204,25,20,20
34,534,0.3164254139799498,0.1233372876514388,0.3546733288861603,0.20556396948245204,25,20,20
34,535,0.31642541397976764,0.1233372876514345,0.3546781891585327,0.20555910921026604,25,20,20
34,536,0.3128875345901204,0.12333728630135088,0.3582160742247854,0.20555910488374404,25,20,20
34,537,0.31288779143634793,0.12333831792227613,0.3582082073451509,0.20556568329622546,25,20,20
34,538,0.3178955204964904,0.1233373469160515,0.3533322945982931,0.20543483798916523,25,20,20
34,539,0.31789552049649045,0.12333734691605158,0.3533323250455977,0.20543480754186064,25,20,20
34,540,0.2915029258888464,0.12333734656001909,0.3797233102675181,0.20543641728361467,25,20,20
34,541,0.28769591356532115,0.12333760630697595,0.3835300636773684,0.205436416450333,25,20,20
34,542,0.28764913348545534,0.12333778077982809,0.3835262459290918,0.20548683980562302,25,20,20
34,543,0.2876491334854521,0.12333778077983232,0.38343414813591925,0.20557893759879398,25,20,20
34,544,0.28558271149028536,0.12333751589677007,0.3855008144963425,0.20557895811659982,25,20,20
34,545,0.2855828964916977,0.1233311700113505,0.38550697465440614,0.2055789588425431,25,20,20
34,546,0.30247950942672686,0.12333116938979284,0.3686104743599624,0.20557884682351726,25,20,20
34,547,0.30203067289364155,0.12333098443825305,0.36910990327919324,0.20552843938891174,25,20,20
34,548,0.3102678367135334,0.12329889814765142,0.36090331769171125,0.20552994744710362,25,20,20
34,549,0.3102787494498164,0.12329892052371556,0.3609595064996089,0.20546282352685907,25,20,20
34,550,0.3102787494506572,0.12202797176953574,0.36223045525294817,0.205462823526859,25,20,20
34,551,0.31027060345993446,0.1220311846379935,0.36223540441678914,0.20546280748528084,25,20,20
34,552,0.3102706034599537,0.12202084270401953,0.3622457463507454,0.20546280748527943,25,20,20
34,553,0.31025733096615643,0.12202082076590987,0.362259040561144,0.20546280770678765,25,20,20
34,554,0.3102573309661564,0.12202082076590987,0.36225903772683277,0.20546281054109897,25,20,20
34,555,0.31184529178636755,0.12202344521788847,0.36065593986703126,0.20547532312871064,25,20,20
34,556,0.31184529178636444,0.12202344521788688,0.36091558733144047,0.20521567566430624,25,20,20
34,557,0.3137377704171952,0.1220242236166034,0.3590222831722504,0.2052157227939492,25,20,20
34,558,0.3137377704163546,0.1232731518624468,0.3577733549271516,0.205215722794045,25,20,20
34,559,0.3100718502355452,0.12327315601246593,0.3581205547223664,0.2085344390296214,25,20,20
34,560,0.3100718502355452,0.12327315601246593,0.3581162281057299,0.20853876564625778,25,20,20
34,561,0.3319361974632282,0.12327316670048794,0.3362518722342991,0.20853876360198348,25,20,20
34,562,0.33193619746323144,0.12327316670048377,0.336251786641294,0.2085388491949897,25,20,20
34,563,0.3522920452467162,0.12327281372843973,0.3213573102593863,0.20307783076545888,25,20,20
34,564,0.3522920452467162,0.12327281372843966,0.3213551131869844,0.20308002783786094,25,20,20
34,565,0.36211538204358534,0.12327280957312302,0.3148505173180287,0.19976129106526436,25,20,20
34,566,0.3621046419475908,0.11991112241361371,0.3182276912668325,0.19975654437196433,25,20,20
34,567,0.36210464194758757,0.11991112241361356,0.3182275810376526,0.1997566546011476,25,20,20
34,568,0.36210783721453815,0.12016939875457493,0.3179661034937812,0.19975666053710747,25,20,20
34,569,0.36210783721454143,0.1201693987548195,0.31797468438321874,0.1997480796474221,25,20,20
34,570,0.36210802137853293,0.12095921852446523,0.3171846804561017,0.19974807964090155,25,20,20
34,571,0.36210802137870757,0.12095921852422066,0.31878599793822465,0.19814676215884844,25,20,20
34,572,0.36021671749159073,0.12095843621329204,0.3206781495498128,0.1981466967453045,25,20,20
34,573,0.33934209048305136,0.1209613208183123,0.3415429299597373,0.19815365873889548,25,20,20
34,574,0.32840418328148985,0.12096132378497822,0.3524792954376217,0.19815519749590732,25,20,20
34,575,0.329894858562613,0.12096130533786342,0.3509887266113133,0.19815510948820847,25,20,20
34,576,0.32989460712617813,0.12095992545798152,0.35099693680825134,0.19814853060758625,25,20,20
34,577,0.3383546322113741,0.1209599468965097,0.3423712062596264,0.1983142146324854,25,20,20
34,578,0.3383546322113741,0.12095994689650963,0.34237117661404093,0.19831424427807054,25,20,20
34,579,0.3373649601846941,0.1209570511641612,0.34337070637211675,0.19830728227902303,25,20,20
34,580,0.337434140846574,0.12095705116399948,0.34330152575241385,0.19830728223700728,25,20,20
34,581,0.3374341408954911,0.12054075751601533,0.3437178190382529,0.19830728255023555,25,20,20
34,582,0.33743414089807894,0.12054075752967877,0.34357043460201886,0.19845466697021824,25,20,20
34,583,0.3374341349605695,0.12054075753013625,0.3435626727135257,0.19846243479576325,25,20,20
34,584,0.33743413496937535,0.12054075753013999,0.3496362118247979,0.1923888956756792,25,20,20
34,585,0.3374341349694208,0.12054075753014425,0.3496427395209327,0.19238236797949476,25,20,20
34,586,0.3369665688994639,0.12054075752992506,0.3501103055626516,0.19238236800795294,25,20,20
34,587,0.3369665689096677,0.12054075752992514,0.34850209262905685,0.1939905809313439,25,20,20
34,588,0.3369664055282346,0.12010740352276156,0.3489356004825839,0.19399059046641312,25,20,20
34,589,0.3754679920262348,0.12010742379778094,0.3104338070825082,0.19399077709347495,25,20,20
34,590,0.34019503923200245,0.12010749112476284,0.3443269589059693,0.19537051073726144,25,20,20
34,591,0.316710507800965,0.12010733965271043,0.36781324109785046,0.19536891144846988,25,20,20
34,592,0.3167021853702645,0.12010733965592787,0.36782156309175484,0.19536891188204847,25,20,20
34,593,0.3167021853614587,0.12010733965592425,0.3617481056820657,0.20144236930054674,25,20,20
34,594,0.3167021863521604,0.09132667942428525,0.3905287648312647,0.20144236939228452,25,20,20
34,595,0.2810390152806417,0.09132668119875115,0.42619192571371306,0.201442377806889,25,20,20
34,596,0.2810390152317309,0.06594588090282871,0.4515727263717739,0.20144237749366126,25,20,20
34,597,0.25815089341105024,0.06594588104744345,0.47446080901074295,0.20144241653075812,25,20,20
34,598,0.2877914754385325,0.0659458810493019,0.4448279948394063,0.20143464867275493,25,20,20
34,599,0.2918903958873587,0.0659458773894888,0.4407290577295482,0.20143466899360102,25,20,20
34,600,0.2918903958873587,0.06594587738948872,0.4407289752161453,0.2014347515070039,25,20,20
34,601,0.2918903958873587,0.06594587738948872,0.4407290166114473,0.20143471011170191,25,20,20
34,602,0.291890395876977,0.06594587738948865,0.44072733258524993,0.20143639414828107,25,20,20
34,603,0.3087707338957413,0.06594587441748127,0.4238485571822874,0.20143483450448665,25,20,20
34,604,0.30870157437878903,0.0659458749183837,0.4239175776809011,0.2014349730219221,25,20,20
34,605,0.30870157437874346,0.06594587491837942,0.4239110094567184,0.20144154124615482,25,20,20
34,606,0.30870157437874346,0.06594587491837942,0.4239110499970991,0.2014415007057741,25,20,20
34,607,0.3087015536096378,0.06594587440883468,0.4239112097931706,0.20144136218835298,25,20,20
34,608,0.3190584586886826,0.0659458744065132,0.41355430472751914,0.2014413621772816,25,20,20
34,609,0.31905845868868044,0.05257619205952176,0.4269239870745129,0.20144136217728104,25,20,20
34,610,0.3198955341648078,0.05220559726838465,0.4264509148261075,0.20144795374069616,25,20,20
34,611,0.34217432122831787,0.052205597478451,0.4041719759119088,0.20144810538131883,25,20,20
34,612,0.3271298003589446,0.05221582986836827,0.41937373323424754,0.2012806365384364,25,20,20
34,613,0.3263627606524637,0.05221583556077377,0.420147227861893,0.20127417592486577,25,20,20
34,614,0.3299539109825583,0.05221583453893528,0.4165563514231053,0.20127390305539505,25,20,20
34,615,0.3283647554223596,0.05222003895977176,0.41815381501086174,0.20126139060700207,25,20,20
34,616,0.30157926587753076,0.052220414646533195,0.43921972449459956,0.20698059498133278,25,20,20
34,617,0.311141439486974,0.05222039355557099,0.4296575754435631,0.206980591513889,25,20,20
34,618,0.3075490962613178,0.05222039355572105,0.43324991866512264,0.2069805915178355,25,20,20
34,619,0.2916511611126442,0.05225650347349635,0.44911192935554334,0.20698040605831447,25,20,20
34,620,0.33131036454979357,0.052256478731743904,0.4094528429524016,0.20698031376605944,25,20,20
34,621,0.3329037232830144,0.05224969607152016,0.4078662669934537,0.20698031365201008,25,20,20
34,622,0.33290372328301443,0.05224969607152016,0.4078663888059911,0.20698019183947264,25,20,20
34,623,0.33301999884695604,0.052249696071444404,0.4077501132421302,0.20698019183946836,25,20,20
34,624,0.3290417686511807,0.05224969607295434,0.41172834343639125,0.20698019183947264,25,20,20
34,625,0.2910006037877938,0.052249695725266436,0.44976950870520943,0.20698019178172988,25,20,20
34,626,0.2910006037877946,0.05224969572526652,0.44989894985971574,0.20685075062722277,25,20,20
34,627,0.2877707996373639,0.052249608124440405,0.45437702933706187,0.20560256290113388,25,20,20
34,628,0.2880414747140375,0.052249602890801154,0.45410640769305866,0.20560251470210272,25,20,20
34,629,0.29171843297899697,0.0522496029814763,0.450429449329702,0.20560251470982469,25,20,20
34,630,0.2917184329789969,0.0522496029814763,0.4504294000245963,0.20560256401493046,25,20,20
34,631,0.2917184329789777,0.05225088250152905,0.4504281205101172,0.20560256400937618,25,20,20
34,632,0.29171843297897687,0.05225088250152897,0.45029871273749417,0.20573197178200012,25,20,20
34,633,0.29162338243007274,0.052250890852543266,0.4503937549879218,0.20573197172946323,25,20,20
34,634,0.2916927979181551,0.05225089085254282,0.45032433463711335,0.20573197659218806,25,20,20
34,635,0.29169279791833724,0.052250890852547194,0.4503245313412322,0.2057317798878821,25,20,20
34,636,0.29169279791917874,0.05104374618044975,0.45153167600710153,0.2057317798932687,25,20,20
34,637,0.29169279791917874,0.05104374618044976,0.451538279319999,0.20572517658037082,25,20,20
34,638,0.2916927979191788,0.05104374618044976,0.4515428683264468,0.20572058757392306,25,20,20
34,639,0.31427462726077143,0.051043746179991585,0.42896103895159887,0.20572058760763695,25,20,20
34,640,0.31422777864956136,0.05104374618314143,0.4290078875522212,0.20572058761507506,25,20,20
34,641,0.3126344046348596,0.0510436999615987,0.4306010741930859,0.20572082121045437,25,20,20
34,642,0.3126349174382523,0.05104369996186417,0.4306007950501442,0.20572058754973785,25,20,20
34,643,0.31263491743566446,0.05104369994795777,0.4304819080651881,0.2058394745511883,25,20,20
34,644,0.31263491743566446,0.05104369994795785,0.43047882821545636,0.20584255440092,25,20,20
34,645,0.3127052503763157,0.051043699947800426,0.4304084953184646,0.20584255435741722,25,20,20
34,646,0.298039608133999,0.0510437038296043,0.4450741333679825,0.20584255466841328,25,20,20
34,647,0.26025629320328614,0.05104370347221122,0.4828576397673659,0.20584236355713448,25,20,20
34,648,0.2602562932179939,0.05026489771250815,0.4836364455122479,0.20584236355724847,25,20,20
34,649,0.2602562932180394,0.05026489771250831,0.4836379569188097,0.2058408521506411,25,20,20
34,650,0.26018716858863494,0.05034978328097662,0.48361522096220994,0.20584782716817668,25,20,20
34,651,0.2771647463096174,0.050312539255572934,0.46667488825910736,0.20584782617570088,25,20,20
34,652,0.2728318482397163,0.050312537481084725,0.4710077965227027,0.20584781775649433,25,20,20
34,653,0.24012199298592685,0.05031253271975129,0.5036618694862252,0.20590360480809405,25,20,20
34,654,0.2554983256550144,0.05031255253413383,0.4882855153224683,0.20590360648838096,25,20,20
34,655,0.21582618018024072,0.05031255261613052,0.525894944776207,0.20796632242741941,25,20,20
34,656,0.21582618018024072,0.05031255261613052,0.5258949786365102,0.2079662885671162,25,20,20
34,657,0.21637669787138786,0.05031253281422408,0.5253444807530001,0.2079662885613857,25,20,20
34,658,0.21637669787138794,0.05031253281422836,0.5254723866823138,0.20783838263206775,25,20,20
34,659,0.20042286259115089,0.05031253323472515,0.5414262215417299,0.2078383826323922,25,20,20
34,660,0.19885360439558616,0.05031253412617488,0.5429954788458218,0.20783838263241644,25,20,20
34,661,0.20047775237846313,0.05031253412616388,0.5413713308654237,0.20783838262994866,25,20,20
34,662,0.20047775237846632,0.05031253412616816,0.541369430289675,0.20784028320569,25,20,20
34,663,0.20047775237846313,0.05031253412616388,0.5413647266398999,0.2078449868554727,25,20,20
34,664,0.20047775237846305,0.050312534126159665,0.5415015300057194,0.20770818348965736,25,20,20
34,665,0.20047775237846305,0.05031253412616381,0.5412353943195795,0.20797431917579312,25,20,20
34,666,0.16655080480746626,0.05031257893559496,0.5751622249938836,0.2079743912630548,25,20,20
34,667,0.16655080480746626,0.050312578935594966,0.5751623389195413,0.2079742773373972,25,20,20
34,668,0.1665508048074207,0.05031257893559489,0.5751607960972662,0.2079758201597179,25,20,20
34,669,0.1670383676358144,0.05031257892312655,0.5746731380035992,0.20797591543745989,25,20,20
34,670,0.16703836763563223,0.05031257892312227,0.5746730551763892,0.20797599826485638,25,20,20
34,671,0.1823587336419144,0.05031220323633016,0.5650722692603715,0.2022567938613846,25,20,20
34,672,0.18235873266357372,0.07907112986259227,0.5363133433876809,0.20225679408615366,25,20,20
34,673,0.18026614713997005,0.07907108607342747,0.5384060447862157,0.20225672200038713,25,20,20
34,674,0.18005494830354837,0.0790710859828615,0.5386172437209249,0.20225672199266526,25,20,20
34,675,0.18005494831392935,0.0790710859828615,0.5386218018388957,0.2022521638643135,25,20,20
34,676,0.19485704720968972,0.07907108660044627,0.5238196092727655,0.20225225691709864,25,20,20
34,677,0.19433532541459123,0.07907108720316812,0.524341330781695,0.20225225660054502,25,20,20
34,678,0.19433519250326156,0.07898621605595943,0.5244332459431605,0.202245345497618,25,20,20
34,679,0.1943351925032912,0.07898621605611854,0.5384032095359464,0.18827538190464332,25,20,20
34,680,0.19496189030809824,0.07898734600792663,0.5377754714554205,0.1882752922285541,25,20,20
34,681,0.1933646792982009,0.07898739223440074,0.5386570020695142,0.18899092639788342,25,20,20
34,682,0.19361083267358406,0.07898626125076275,0.5384119813558399,0.1889909247198127,25,20,20
34,683,0.1932830430843525,0.07898768585712573,0.5407942697615701,0.18693500129695148,25,20,20
34,684,0.20979044608551362,0.0789876860129751,0.5242845329537531,0.18693733494775738,25,20,20
34,685,0.2140332014515486,0.07898768499891264,0.5200416612444336,0.1869374523051045,25,20,20
34,686,0.2138981523690963,0.07898768133204348,0.4864830288265921,0.22063113747226815,25,20,20
34,687,0.21389815236906667,0.0789876813318843,0.47251306325530323,0.23460110304374523,25,20,20
34,688,0.21389815235672074,0.07900887111856657,0.47249187379201396,0.23460110273269832,25,20,20
34,689,0.21389815247605284,0.07900890718143788,0.47249183760887925,0.23460110273362872,25,20,20
34,690,0.21389815247605284,0.07900890718143788,0.4724918370978092,0.2346011032446989,25,20,20
34,691,0.213883952368367,0.0790089067394293,0.47250603550234205,0.23460110538986104,25,20,20
34,692,0.21741449213119746,0.07900889411470426,0.4689755770671918,0.2346010366869061,25,20,20
34,693,0.21741449213119746,0.07900889411470419,0.4689755756623923,0.23460103809170557,25,20,20
34,694,0.21790861736032444,0.0790088943670338,0.46848145018355913,0.23460103808908334,25,20,20
34,695,0.217206288828452,0.07900892038731266,0.4691838657380573,0.23460092504617808,25,20,20
34,696,0.2136755857875978,0.07900891910088052,0.47271456770771175,0.23460092740381033,25,20,20
34,697,0.21364812736404593,0.07900887287441292,0.4734577064549383,0.2338852933066028,25,20,20
34,698,0.2172288185081761,0.07900744819419081,0.46988510870114547,0.23387862459648756,25,20,20
34,699,0.21723003736962632,0.07900744868775003,0.4698837530080022,0.23387876093462143,25,20,20
34,700,0.21723003736980848,0.07900744868775017,0.4698884376676904,0.23387407627475099,25,20,20
34,701,0.21722912194503827,0.07900744769273121,0.46988935646363794,0.2338740738985925,25,20,20
34,702,0.2061476202172694,0.07900744794655663,0.480970791332533,0.23387414050363983,25,20,20
34,703,0.20614762009244245,0.07900744794635017,0.47472039990995485,0.24012453205125286,25,20,20
34,704,0.20614766626602443,0.07900719136531728,0.47472061031113033,0.24012453205752682,25,20,20
34,705,0.20617629180207345,0.0790071922097467,0.47469198386394496,0.24012453212423357,25,20,20
34,706,0.2061768804376104,0.07900719139453091,0.4746913961128316,0.24012453205502576,25,20,20
34,707,0.20617688043761043,0.07900719139453091,0.4746961133214194,0.24011981484643763,25,20,20
34,708,0.20617683536490575,0.0790071913945819,0.4748254900003284,0.2399904832401817,25,20,20
34,709,0.20617683536406833,0.08020709865551442,0.47362558274006694,0.23999048324034852,25,20,20
34,710,0.20263638152629806,0.0802071011480638,0.4771582876564651,0.23999822966917186,25,20,20
34,711,0.2026363353382612,0.08098419361956212,0.4763812413792832,0.23999822966289194,25,20,20
34,712,0.18549077965306066,0.08098419832500742,0.49349094668148125,0.2400340753404487,25,20,20
34,713,0.18191024290008542,0.08098419832143092,0.4970715378096878,0.2400340209687936,25,20,20
34,714,0.18141488188526705,0.08098419806910111,0.49756689907568563,0.24003402096994367,25,20,20
34,715,0.21528105669402836,0.0809841980672161,0.46370079369678296,0.24003395154197055,25,20,20
34,716,0.23200118722926702,0.08098419862010779,0.44701650702523266,0.2399981071253904,25,20,20
34,717,0.2320015940319927,0.08020689629957341,0.4139929052254787,0.27379860444295373,25,20,20
34,718,0.2320192112830216,0.08020686778799985,0.4139830671880288,0.27379085374094847,25,20,20
34,719,0.23240598762589815,0.08020703713324034,0.4135961076211785,0.27379086761968163,25,20,20
34,720,0.2324059876258829,0.08022890611290755,0.41357423864708376,0.2737908676141243,25,20,20
34,721,0.2324059876257008,0.08022890611290741,0.4135717197036329,0.2737933865577576,25,20,20
34,722,0.23593758342927468,0.08022890612014591,0.4100402602123967,0.2737932502381807,25,20,20
34,723,0.23593758342927468,0.08022890612015018,0.410044849905058,0.2737886605455151,25,20,20
34,724,0.23690106019005303,0.08022890612874971,0.40908137309617976,0.27378866058501505,25,20,20
34,725,0.23690106019005294,0.07963624339818033,0.40967401805133213,0.2737886783604322,25,20,20
34,726,0.23690106019004925,0.07854929366406066,0.41076098556642604,0.2737886605794616,25,20,20
34,727,0.2352548806402558,0.07854929400391789,0.41240716315501685,0.2737886622008071,25,20,20
34,728,0.2355032844854319,0.07855559514948718,0.41215245998226846,0.2737886603828104,25,20,20
34,729,0.23550328448543187,0.07855559514948297,0.41214783889850287,0.2737932814665803,25,20,20
34,730,0.23550328447505173,0.07855559514948296,0.4121432807929025,0.27379783958256043,25,20,20
34,731,0.23208742136513238,0.07855828286927498,0.4155564483020484,0.27379784746354263,25,20,20
34,732,0.23208742136513155,0.07855828286927069,0.41555625162123483,0.27379804414436143,25,20,20
34,733,0.20394564570367998,0.0785726056350793,0.4436837724456627,0.27379797621557594,25,20,20
34,734,0.20394564570367998,0.07857258012081682,0.4436837976565932,0.27379797651890814,25,20,20
34,735,0.20394564570386164,0.0785725801208211,0.4437742972674447,0.2737074769078709,25,20,20
34,736,0.20354234492043832,0.07857241121655423,0.4441708111661777,0.27371443269682766,25,20,20
34,737,0.20354193811745533,0.07857237293474538,0.43797178352800686,0.2799139054197903,25,20,20
34,738,0.2032780299929856,0.0785738618152286,0.4382341918642916,0.27991391632749124,25,20,20
34,739,0.20331157679595915,0.07857467398129683,0.43798596605654844,0.28012778316619236,25,20,20
34,740,0.20342434509608384,0.0785746770912537,0.435130118828844,0.28287085898381537,25,20,20
34,741,0.20245145956029145,0.07857467710997758,0.43610309961614346,0.28287076371358577,25,20,20
34,742,0.2024514127995292,0.07856060229068812,0.4361172212072899,0.28287076370249087,25,20,20
34,743,0.20239348021079148,0.07855791456976945,0.4361712077716329,0.28287739744780505,25,20,20
34,744,0.18817249521626234,0.07855791423709343,0.45039219373787737,0.2828773968087652,25,20,20
34,745,0.18817262445426702,0.07855783962337988,0.447703158367352,0.28556637755499936,25,20,20
34,746,0.18817249602796832,0.0785576704728117,0.45039241587483503,0.28287741762438334,25,20,20
34,747,0.18817249602815045,0.07855767047281607,0.45039247297236346,0.28287736052666834,25,20,20
34,748,0.18817249520257842,0.07855766995121638,0.44693072155055197,0.2863391132956514,25,20,20
34,749,0.18817249520257842,0.07855766995121638,0.4469307741516149,0.28633906069458875,25,20,20
34,750,0.1921198881032279,0.07857408860344751,0.4429678524296699,0.28633817086365293,25,20,20
34,751,0.19211988810322786,0.07857408860344751,0.442963058151597,0.28634296514172614,25,20,20
34,752,0.19166855291146515,0.07856621237817252,0.4434222844932246,0.28634295021713624,25,20,20
34,753,0.191668552911283,0.0785662123781683,0.4434237365309518,0.28634149817959537,25,20,20
34,754,0.19166855291128304,0.07856621237817252,0.4434237745278447,0.2863414601826984,25,20,20
34,755,0.19166908353731302,0.07856617181139605,0.44342328035634637,0.2863414642949438,25,20,20
34,756,0.19166908391404974,0.07856616992237749,0.4468221511589042,0.28294259500466745,25,20,20
34,757,0.1975578426507239,0.07856616991970239,0.44093339243120916,0.2829425949983639,25,20,20
34,758,0.1975578426507239,0.07856616991970239,0.44093339243120916,0.2829425949983638,25,20,20
34,759,0.1975544623756187,0.07830765192269909,0.4411952973651627,0.28294258833651886,25,20,20
34,760,0.19755446212241645,0.07830764989120893,0.40753563372527424,0.3166022542611,25,20,20
34,761,0.19892007676437676,0.07830765012802003,0.4061700188471577,0.31660225426044436,25,20,20
34,762,0.19892007676442197,0.07830765014187503,0.4064362959998349,0.31633597709386696,25,20,20
34,763,0.21376289378804342,0.07830764703112067,0.39430948407564803,0.3136199751051873,25,20,20
34,764,0.21376289379842364,0.0783076470313694,0.39431519725983305,0.31361426191037334,25,20,20
34,765,0.21376289378804342,0.07830764703112053,0.3943078645113784,0.3136215946694571,25,20,20
34,766,0.21378997902685198,0.07830765631148004,0.39428073053765994,0.3136216341240072,25,20,20
34,767,0.21378997902685204,0.07830765631148012,0.3942806805197136,0.3136216841419534,25,20,20
34,768,0.21378997890196977,0.0783076563112745,0.38800344998135183,0.31989891480540306,25,20,20
34,769,0.20001743935753402,0.07834933351675491,0.4015355496802643,0.3200976774454461,25,20,20
34,770,0.16065543024182138,0.0783493577515597,0.4408975357506192,0.32009767625599905,25,20,20
34,771,0.1946800675317282,0.07834934845608826,0.40687295132391227,0.32009763268827035,25,20,20
34,772,0.1909430639105627,0.07834934861831559,0.41060993255793543,0.32009765491318537,25,20,20
34,773,0.190943063911404,0.07882044337324082,0.4101388381054084,0.32009765460994616,25,20,20
34,774,0.20990766646688083,0.07880402456538105,0.39119209817767847,0.32009621079005873,25,20,20
34,775,0.1959547988465475,0.07880429307741794,0.39698170179074693,0.3282592062852877,25,20,20
34,776,0.1959547988465483,0.07880429307741788,0.396988405371675,0.3282525027043588,25,20,20
34,777,0.22603899819983886,0.07880402456435248,0.37506746927745277,0.3200895079583554,25,20,20
34,778,0.18654955325386005,0.07880405360616985,0.41455688513901984,0.32008950800095065,25,20,20
34,779,0.18867167039693394,0.078804053689824,0.41243474558428583,0.3200895303289565,25,20,20
34,780,0.22863567948184066,0.07880324107381409,0.3726923856645366,0.3198686937798081,25,20,20
34,781,0.22863567948184066,0.07880324107381409,0.3726987936985878,0.31986228574575676,25,20,20
34,782,0.22863567948184066,0.0788032410738098,0.3726986726478442,0.3198624067965048,25,20,20
34,783,0.22684604415849413,0.07880324140299975,0.37448337292893447,0.31986734150957113,25,20,20
34,784,0.22684604415849413,0.07880324140299982,0.3744880707561431,0.3198626436823624,25,20,20
34,785,0.22684604415849732,0.07880324140299982,0.374481662747648,0.31986905169085433,25,20,20
34,786,0.22684604415845214,0.07880324138914498,0.37422187592033107,0.3201288385320714,25,20,20
34,787,0.20318666978802163,0.0787615649850479,0.39812147214922405,0.3199302930777063,25,20,20
34,788,0.2031866697902116,0.0787615649850515,0.4043713437723838,0.3136804214523527,25,20,20
34,789,0.20317222507149213,0.07876161295650183,0.40438574051888915,0.31368042145311703,25,20,20
34,790,0.20317222507167426,0.07876161295651041,0.4043923487715438,0.3136738132002716,25,20,20
34,791,0.2031735148746619,0.07876161295650994,0.4043910589685591,0.3136738132002693,25,20,20
34,792,0.20317351487466223,0.07752341336480158,0.40562925856026555,0.3136738132002709,25,20,20
34,793,0.18843506113845593,0.07752341302941648,0.4203726490761364,0.31366887675599125,25,20,20
34,794,0.22140790934319973,0.07752341301586145,0.3874064221985378,0.313662255442402,25,20,20
34,795,0.22458209068935575,0.07752325521477461,0.3842319595164026,0.31366269457946705,25,20,20
34,796,0.22458209068953863,0.07752325521477883,0.3842295393298947,0.31366511476578807,25,20,20
34,797,0.22458209068953872,0.07752325521477892,0.3842296218329988,0.3136650322626837,25,20,20
34,798,0.2546621943809113,0.07752325909413625,0.3541495139575257,0.3136650325674266,25,20,20
34,799,0.22206730297187072,0.07752325947400517,0.38674430351322037,0.31366513404090296,25,20,20
34,800,0.21889312162673225,0.0775231730738037,0.3899190103892232,0.3136646949102405,25,20,20
34,801,0.2241229137301322,0.07752319287331301,0.3846892171618729,0.3136646762346813,25,20,20
34,802,0.22412291373012902,0.07752319287330871,0.38468904892937916,0.31366484446718257,25,20,20
34,803,0.20149253260432104,0.0775231928813028,0.40731931505899566,0.31366495945537953,25,20,20
34,804,0.20865803931339996,0.07752318928427951,0.40015108754970113,0.31366768385261834,25,20,20
34,805,0.21475721408864634,0.07752316619558217,0.38849188038442284,0.3192277393313473,25,20,20
34,806,0.21475721408864637,0.07752316619558638,0.38849188268896734,0.31922773702679874,25,20,20
34,807,0.21436182114700078,0.07752317123454723,0.38888727056933975,0.31922773704911117,25,20,20
34,808,0.19211566787706055,0.07752316814690512,0.41113338844465735,0.3192277755313749,25,20,20
34,809,0.211562798489913,0.07752317820274768,0.39168646578486177,0.31922755752247595,25,20,20
34,810,0.1966072163917308,0.07752317820351907,0.4066032067431128,0.3192663986616353,25,20,20
34,811,0.21790608033268494,0.0775231717962042,0.39086440239441794,0.31370634547669135,25,20,20
34,812,0.2179060803304981,0.07752317179620909,0.3849876309875632,0.3195831168857283,25,20,20
34,813,0.23167306531440982,0.0775231796027263,0.3645549156189412,0.3262488394639211,25,20,20
34,814,0.23167306532357881,0.0775231796029424,0.36922898025804707,0.3215747748154303,25,20,20
34,815,0.23167306532273732,0.07874802265205479,0.3680041372043133,0.32157477482089314,25,20,20
34,816,0.2316730653135684,0.07874802265184305,0.36333664881158,0.326242263223007,25,20,20
34,817,0.22902470576165596,0.07874802218844724,0.36598513036859054,0.32624214168130444,25,20,20
34,818,0.2290247057614742,0.07874802218844304,0.36589246646882784,0.3263348055812532,25,20,20
34,819,0.2525118027201806,0.07874800547532253,0.3424054264178086,0.3263347653866869,25,20,20
34,820,0.25251184960442585,0.0787480010149455,0.34240538399397397,0.32633476538665446,25,20,20
34,821,0.2525118496044291,0.07874800101519003,0.3424092143128664,0.32633093506751437,25,20,20
34,822,0.27444912811142835,0.07874800070379898,0.32713775562836467,0.319665115556407,25,20,20
34,823,0.2744491281114316,0.07874800070379476,0.32713313599614524,0.3196697351886273,25,20,20
34,824,0.27444912811147354,0.07874800071759942,0.32713421322845954,0.31966865794246646,25,20,20
34,825,0.2744491281114887,0.07998603330282988,0.3258961806431162,0.31966865794256405,25,20,20
34,826,0.2744491264204862,0.07997849168664461,0.3259037351788104,0.3196686467140584,25,20,20
34,827,0.26870118399699483,0.07997611409272448,0.33165405531613634,0.3196686465941445,25,20,20
34,828,0.26870118399699483,0.07997611409272448,0.33165402250760656,0.31966867940267424,25,20,20
34,829,0.26870118399697973,0.0799690907470918,0.3316610458477941,0.3196686794081344,25,20,20
34,830,0.2687011840013569,0.054126378819155684,0.3575037576647964,0.31966867951469013,25,20,20
34,831,0.23226433214766232,0.05412637180524896,0.39394050170295175,0.3196687943441352,25,20,20
34,832,0.23226433214765912,0.054126371805248874,0.39394053166711884,0.3196687643799713,25,20,20
34,833,0.23226433214747944,0.05412637180524881,0.3939365443282863,0.31967275171898385,25,20,20
34,834,0.25100951017261985,0.05412636093399051,0.37519135394492564,0.31967277494846297,25,20,20
34,835,0.25100951017280193,0.05412636093423517,0.375197944548193,0.3196661843447689,25,20,20
34,836,0.26247150258477625,0.05412636093426782,0.3637359521365515,0.31966618434440397,25,20,20
34,837,0.26247145579841996,0.05412638538627622,0.3637359744773705,0.31966618433793254,25,20,20
34,838,0.2624714557984253,0.028325670613083637,0.3895366892561139,0.31966618433237576,25,20,20
34,839,0.2624730009150006,0.028325641764604673,0.35739096965268513,0.35181038766770883,25,20,20
34,840,0.262924223962983,0.028325641783609534,0.35693974479477086,0.35181038945863585,25,20,20
34,841,0.2629242239499969,0.028325393079672655,0.3569399935179844,0.3518103894523455,25,20,20
34,842,0.2629242239499968,0.028325393079672582,0.3569399947278295,0.35181038824250055,25,20,20
34,843,0.26292422394561976,0.05293765845632661,0.33232772946766637,0.35181038813038706,25,20,20
34,844,0.26292422394561654,0.052937658456082,0.3323238180798354,0.35181429951846566,25,20,20
34,845,0.26292422394562637,0.07870739989257809,0.3065540763268042,0.35181429983499185,25,20,20
34,846,0.2685482974717698,0.07870740060577186,0.3009298042077926,0.3518144977146661,25,20,20
34,847,0.26854675225603364,0.0787074005833623,0.2930821607844388,0.3596636863761659,25,20,20
34,848,0.26854675225603125,0.07870740058335808,0.2930820800803195,0.3596637670802918,25,20,20
34,849,0.2685467522560313,0.07989220203001957,0.29189727831713286,0.35966376739681694,25,20,20
34,850,0.28881993891483804,0.07989281731296437,0.2714563216509633,0.35983092212123435,25,20,20
34,851,0.32817998231626916,0.07989281753431757,0.2320964092047026,0.35983079094471015,25,20,20
34,852,0.32817998231622403,0.0798928175205044,0.23172234422212895,0.36020485594114204,25,20,20
34,853,0.32817998231622403,0.07989281752050441,0.23172044027097674,0.3602067598922942,25,20,20
34,854,0.3281970551378132,0.07989278848746946,0.23125876351130226,0.3606513928634156,25,20,20
34,855,0.30837613048131685,0.07989307428983917,0.2510004676637345,0.36073032756511003,25,20,20
34,856,0.30862308239525504,0.07989307428514086,0.25075353986306653,0.36073030345653856,25,20,20
34,857,0.30862308239523983,0.05118693714787697,0.2794596773168459,0.3607303031400392,25,20,20
34,858,0.3086230823950585,0.051186937147632464,0.27945312822536295,0.360736852231948,25,20,20
34,859,0.3086364799319074,0.05118823937284322,0.2794384246404936,0.36073685605475686,25,20,20
34,860,0.3086364799317253,0.05118823938664781,0.2798059977077556,0.3603692829738726,25,20,20
34,861,0.2854012933928379,0.051188239401789286,0.30304118454726914,0.360369282658104,25,20,20
34,862,0.28540129339283715,0.051188239401789126,0.30304273958496747,0.3603677276204065,25,20,20
34,863,0.2853839394475075,0.05118823939310066,0.30350472407242085,0.3599230970869716,25,20,20
34,864,0.2857717151646804,0.05341926834789032,0.3008826473705586,0.35992636911687126,25,20,20
34,865,0.2857717151646805,0.05341926834789461,0.3008873933531392,0.35992162313428644,25,20,20
34,866,0.2857717151646804,0.053419268348132654,0.30125576782815605,0.3595532486590316,25,20,20
34,867,0.2854256113394962,0.051188563328202825,0.30383571251945796,0.35955011281284394,25,20,20
34,868,0.26865233221523915,0.05118856352315054,0.32060899225338296,0.3595501120082272,25,20,20
34,869,0.26852571065929154,0.0511885635232063,0.3207356129754033,0.3595501128420983,25,20,20
34,870,0.2704109812563231,0.05118856376696697,0.3188503434512315,0.3595501115254788,25,20,20
34,871,0.26409470330441887,0.051188572709300134,0.32511964258914644,0.3595970813971314,25,20,20
34,872,0.25839196335123377,0.0511885722598971,0.33082510700044876,0.35959435738842005,25,20,20
34,873,0.27822694605769693,0.05118828645741879,0.3110693447981772,0.35951542268670744,25,20,20
34,874,0.2782269460577424,0.05118828645766345,0.31107593419445334,0.35950883329014127,25,20,20
34,875,0.2782269460577424,0.05118828645742119,0.31070751356017406,0.35987725392466274,25,20,20
34,876,0.27822694605774323,0.05118828645742541,0.31070979732090814,0.3598749701639239,25,20,20
34,877,0.2782269460577456,0.05118828645742119,0.3107075150118979,0.35987725247293595,25,20,20
34,878,0.2782271334410369,0.0511885380413196,0.310707075675411,0.3598772528422333,25,20,20
34,879,0.27822744832177065,0.051188334475192804,0.310706964730175,0.3598772524728624,25,20,20
34,880,0.27822695531459785,0.05118828630181933,0.31070750591076357,0.35987725247282,25,20,20
34,881,0.2782269553145978,0.05118828630181504,0.31070101636515907,0.35988374201842904,25,20,20
34,882,0.2782269553146009,0.051188286288006174,0.3103312782586725,0.36025348013872127,25,20,20
34,883,0.27835573524984875,0.05118828628794945,0.3102024991722868,0.360253479289916,25,20,20
34,884,0.2886479452743733,0.05118827718660512,0.2999572898975261,0.3602064876414962,25,20,20
34,885,0.28864794527458393,0.0787090141016054,0.2724365526752088,0.36020648794860255,25,20,20
34,886,0.27099982688132185,0.07870902529398077,0.2900817200266546,0.36020942779804344,25,20,20
34,887,0.26977307258965527,0.07870906417507119,0.29130824846908127,0.3602096147661927,25,20,20
34,888,0.2756321271924126,0.07870906924197914,0.2854491886874096,0.3602096148781991,25,20,20
34,889,0.27563212719241265,0.07870906924197914,0.2854491542416528,0.3602096493239559,25,20,20
34,890,0.29327204501156484,0.0787090580463924,0.2678121879157971,0.3602067090262461,25,20,20
34,891,0.2733973697369905,0.07870957953799375,0.28784826249735146,0.360044788227665,25,20,20
34,892,0.2733973697369937,0.07870957953798953,0.28784583972404015,0.36004721100097753,25,20,20
34,893,0.2733973697369937,0.07870957953798946,0.2878412543627229,0.3600517963622948,25,20,20
34,894,0.2733973697369935,0.07870957953798946,0.28783954334367595,0.3600535073813418,25,20,20
34,895,0.27340262214703737,0.07870957953798363,0.2878342909336473,0.3600535073813324,25,20,20
34,896,0.23530325897914792,0.0787095888145004,0.32593382934124226,0.36005332286511005,25,20,20
34,897,0.23530325897914714,0.0787095888145004,0.3259272491607932,0.3600599030455598,25,20,20
34,898,0.2188413408618924,0.07870960099909519,0.3423891550582928,0.36005990308071967,25,20,20
34,899,0.2188413408616818,0.04022133213802406,0.38087742422670756,0.3600599027735864,25,20,20
34,900,0.19578847758265938,0.04022131995365677,0.40393029970463945,0.36005990275904404,25,20,20
34,901,0.22051019376446465,0.04022096563210083,0.37921417399120755,0.36005466661222707,25,20,20
34,902,0.22051019376446457,0.04022096563210083,0.3792187949733304,0.3600500456301043,25,20,20
34,903,0.2205101943526542,0.040220966422310066,0.3794592583284039,0.3598095808966319,25,20,20
34,904,0.2205101911271439,0.040220966420953505,0.37952637029148667,0.3597424721604154,25,20,20
34,905,0.22579873084139787,0.04022112268125182,0.37419520920604704,0.35978493727130256,25,20,20
34,906,0.23138999291915624,0.04022107385147843,0.36860380259050424,0.35978513063886003,25,20,20
34,907,0.23067233908150114,0.040221073813217184,0.3693216509132987,0.359784936191982,25,20,20
34,908,0.23067233908149873,0.0402210738132214,0.36932176368776354,0.3597848234175155,25,20,20
34,909,0.2585309446415266,0.04022107734750923,0.3414633521189371,0.35978462589202587,25,20,20
34,910,0.2799152692416147,0.040221077732556745,0.32007897433710825,0.35978467868871983,25,20,20
34,911,0.2926188973735367,0.04022029528570092,0.3073761286619917,0.3597846786787698,25,20,20
34,912,0.2926188973735336,0.04022029528590309,0.31362126684820835,0.3535395404923542,25,20,20
34,913,0.25819356748849154,0.04022029529922271,0.34804659322189935,0.35353954399038495,25,20,20
34,914,0.2581935674884908,0.04022029529922271,0.3480511785184758,0.3535349586938091,25,20,20
34,915,0.2581935674884941,0.040220295299227014,0.3480465441486558,0.3535395930636216,25,20,20
34,916,0.2581935674884937,0.04024274924319116,0.3480240905212174,0.3535395927470965,25,20,20
34,917,0.2581237418498573,0.040241075082348435,0.3480957303972847,0.35353945267050824,25,20,20
34,918,0.25812374126166454,0.040241074292139196,0.3478576891060891,0.35377749534010566,25,20,20
34,919,0.25812374126166454,0.04024107429213911,0.3478529892461292,0.35378219520006576,25,20,20
34,920,0.2581237444293564,0.03996869131829662,0.3481253687675142,0.3537821954848316,25,20,20
34,921,0.27652321732307844,0.03996869107768194,0.3297259475444006,0.3537821440548379,25,20,20
34,922,0.27652321732307766,0.039968691077677726,0.3297258661620168,0.35378222543722665,25,20,20
34,923,0.2707616456356286,0.039968544875253684,0.3355286824843728,0.353741127004745,25,20,20
34,924,0.2707616456356286,0.039999085540260895,0.3354981418192696,0.3537411270048409,25,20,20
34,925,0.27076164563567046,0.03999908554049895,0.3358715524236502,0.35336771640018044,25,20,20
34,926,0.2531071146880124,0.03999908554056326,0.35352597728425555,0.3533678224871688,25,20,20
34,927,0.2531071146880124,0.039999085540563334,0.35353246557704454,0.35336133419437993,25,20,20
34,928,0.25310711468801267,0.03997706468809379,0.3535544864296113,0.35336133419428245,25,20,20
34,929,0.23190093112134313,0.039977117358024186,0.3593538774946078,0.36876807402602446,25,20,20
34,930,0.23189767899295352,0.04067687426377157,0.3553224459803873,0.3721030007628879,25,20,20
34,931,0.23189772199981476,0.040677363416723206,0.35532191410511493,0.37210300047834727,25,20,20
34,932,0.23189772199976968,0.040677363416480865,0.3549485154374185,0.3724763991463311,25,20,20
34,933,0.23189772199976968,0.040677363416480865,0.3549485945499506,0.37247632003379894,25,20,20
34,934,0.23216873265470422,0.04067735838069884,0.3546775889530923,0.37247632001150477,25,20,20
34,935,0.2321687326547074,0.04067735838069899,0.3548070303163246,0.37234687864826915,25,20,20
34,936,0.23216873265470742,0.040677358380699,0.354807069448722,0.3723468395158718,25,20,20
34,937,0.23068739482395528,0.04067735837084124,0.35628835466063286,0.3723468921445703,25,20,20
34,938,0.23140531878730286,0.04067735837063531,0.35557043377859915,0.37234688906346247,25,20,20
34,939,0.23140531878725812,0.040677358384241025,0.3558311773547508,0.3720861454737493,25,20,20
34,940,0.23140531878725812,0.04067735838403456,0.3495815993751022,0.3783357234536048,25,20,20
34,941,0.23140531948178591,0.04067735845380096,0.3460736970579264,0.38184362500648616,25,20,20
34,942,0.2377692965002482,0.04067736431330293,0.3397096895638441,0.3818436496226043,25,20,20
34,943,0.23776929650024814,0.04067736431330286,0.33970501673889714,0.38184832244755157,25,20,20
34,944,0.2377692945136684,0.03997759742738683,0.34373987184445454,0.37851323621448996,25,20,20
34,945,0.23588401818655128,0.039977625789288596,0.34562512093062814,0.37851323509353235,25,20,20
34,946,0.23017631901536995,0.039977625818516334,0.35133281603146116,0.37851323913465307,25,20,20
34,947,0.19391666166883872,0.03997762581562343,0.3875924733410364,0.378513239174501,25,20,20
34,948,0.1939166616697062,0.03997040772471929,0.3875996914309755,0.37851323917459845,25,20,20
34,949,0.1939166616722986,0.03997040772472351,0.3874820124603444,0.37863091814263294,25,20,20
34,950,0.1903007667436628,0.03997065516688185,0.3910964806132219,0.3786320974762315,25,20,20
34,951,0.18964573519720085,0.0399706024968957,0.36716770291238376,0.4032159593935175,25,20,20
34,952,0.15082400035418875,0.039970592392249156,0.40598947283064646,0.40321593442291404,25,20,20
34,953,0.1514735835157932,0.039970592386288646,0.4053398879971556,0.40321593610076234,25,20,20
34,954,0.15148119619671044,0.03997012175779316,0.40532930445818083,0.40321937758731496,25,20,20
34,955,0.15148119619671044,0.03997012175779309,0.4053227807689855,0.4032259012765104,25,20,20
34,956,0.15155773042106652,0.039970094052811614,0.4052325623571333,0.40323961316898793,25,20,20
34,957,0.12804835046188712,0.03997010201213147,0.42874189747242,0.4032396500535611,25,20,20
34,958,0.12804835046188712,0.03997010201213147,0.4287418549692367,0.4032396925567443,25,20,20
34,959,0.12804834977410018,0.03997010194481489,0.428735880593565,0.40324566768751985,25,20,20
34,960,0.12804834977410337,0.03997010194481925,0.4287424580801161,0.4032390902009614,25,20,20
34,961,0.12804834977410334,0.03997010194481915,0.42900218495000497,0.40297936333107276,25,20,20
34,962,0.15153715351659602,0.03997024170169384,0.40547386385037776,0.40301874093133194,25,20,20
34,963,0.169818280849442,0.039970241497706414,0.3871927903354893,0.40301868731736207,25,20,20
34,964,0.16981828084944195,0.039970241497706414,0.38719286795631064,0.40301860969654085,25,20,20
34,965,0.16981828084943879,0.03997024149770222,0.38692661631485714,0.4032848613380017,25,20,20
34,966,0.16981828084946035,0.03997024149770215,0.4221942581627136,0.3680172194901246,25,20,20
34,967,0.16981828084946035,0.03997024149770215,0.42219420614882913,0.36801727150400915,25,20,20
34,968,0.16981828078572303,0.03998462271080034,0.4256949085253153,0.36450218797816175,25,20,20
34,969,0.16981828078312808,0.039984622710791756,0.4256856989590718,0.36451139754700873,25,20,20
34,970,0.16981828137334987,0.03998462271080032,0.42579129798130944,0.36440579793454064,25,20,20
34,971,0.1698886672500895,0.03998462271064571,0.4257209121043443,0.3644057979349213,25,20,20
34,972,0.16981229912164802,0.039984621809674624,0.425809792172492,0.3643932868961863,25,20,20
34,973,0.18998886077813823,0.03998521755079536,0.4056309962030966,0.36439492546797064,25,20,20
34,974,0.18998886077727048,0.0003969675429111786,0.4452192462118944,0.3643949254679261,25,20,20
34,975,0.2224302059404163,0.00041059105527545427,0.4127677190168898,0.3643914839874202,25,20,20
34,976,0.2224303062247228,0.00041059109657438995,0.417427009188307,0.3597320934903975,25,20,20
34,977,0.22243030622345505,0.0003964631048990587,0.4174399302507858,0.35973330042086127,25,20,20
34,978,0.22243030622345505,0.00039646310489905613,0.41743993020596015,0.3597333004656871,25,20,20
34,979,0.22243030622345505,0.00039646310489905613,0.4174399018800723,0.3597333287915749,25,20,20
34,980,0.22231558524978648,0.0003964579643801543,0.41755462841077656,0.35973332837505756,25,20,20
34,981,0.22231558465956472,0.0003964579643715938,0.41745065084579447,0.35983730653027024,25,20,20
34,982,0.22231558465956394,0.00039645795052137403,0.4171879032749508,0.3601000541149648,25,20,20
34,983,0.22231558465972803,0.0003962047270969722,0.41592321133752314,0.3613649992756525,25,20,20
34,984,0.22231558465972884,0.0003962047270969748,0.41592336089344056,0.3613648497197344,25,20,20
34,985,0.24162874720484492,0.00039560899792442125,0.3966136334616065,0.361362010335625,25,20,20
34,986,0.24162874720484492,0.0003956089979244199,0.39662015938807393,0.36135548440915727,25,20,20
34,987,0.24062548306330203,0.00039560935805261994,0.3976232342331696,0.3613556733454763,25,20,20
34,988,0.21399811909300825,0.00039560946893520555,0.4242487902498754,0.36135748118818173,25,20,20
34,989,0.21399811909300825,0.0003956094689352068,0.42424887063647854,0.3613574008015786,25,20,20
34,990,0.17743984537579302,0.00039687368527468883,0.4608057729996416,0.3613575079392914,25,20,20
34,991,0.17743984484970887,0.0038085168012366027,0.45710997336936643,0.3616416649796889,25,20,20
34,992,0.17743989243086541,0.0038537394240434676,0.4571338038008986,0.3615725643441934,25,20,20
34,993,0.1774398925697802,0.003853740170319962,0.45957512561253,0.35913124164737087,25,20,20
34,994,0.17743989256982576,0.0038537401703285447,0.45957374152469854,0.3591326257351482,25,20,20
34,995,0.16448342467882576,0.0038537434451425363,0.4725292796405008,0.35913355223553084,25,20,20
34,996,0.16448342467878027,0.0038537434451383057,0.4726585643849485,0.35900426749113284,25,20,20
34,997,0.16448342467881166,0.0034721850467880895,0.47303842704686505,0.3590059632275344,25,20,20
34,998,0.164413025712969,0.0034721850469479278,0.47310882357928125,0.35900596566080084,25,20,20
34,999,0.16441302571296898,0.003472185046943575,0.47297930197462973,0.3591354872654568,25,20,20
34,1000,0.1671520040254418,0.0034709208258679874,0.47024169545007644,0.35913537969861353,25,20,20
34,1001,0.16715202350171998,0.003470675635823781,0.47024310053081114,0.35913420033164534,25,20,20
34,1002,0.16764639394918124,0.0034254668507091106,0.46979765757690034,0.3591304816232093,25,20,20
34,1003,0.15188771747179466,0.003425466494061234,0.48555652331304705,0.35913029272109775,25,20,20
34,1004,0.15188771747179466,0.003425466492619231,0.4855565237060525,0.3591302923295344,25,20,20
34,1005,0.15190531278466837,0.003425466501560034,0.48553892838768975,0.3591302923260828,25,20,20
34,1006,0.15238751058551625,0.0034253187897812765,0.48509624612870367,0.35909092449600066,25,20,20
34,1007,0.14813733180922403,0.0034253768003471383,0.4893383473120413,0.3590989440783901,25,20,20
34,1008,0.14825522002073077,0.003425426335778083,0.48922040931750926,0.35909894432598205,25,20,20
34,1009,0.14186202332179776,0.0034392672290241245,0.4955998120721595,0.35909889737701844,25,20,20
34,1010,0.13941746338776045,0.0034392672157046006,0.49804437551696373,0.359098893879572,25,20,20
34,1011,0.13629085480787695,0.003456903974078874,0.5011533473350046,0.35909889388304045,25,20,20
34,1012,0.13629083129336766,0.003456905702940653,0.4976381203171742,0.36261414268651826,25,20,20
34,1013,0.1362908312909202,0.0034569057120071934,0.5116047109229064,0.3486475520741664,25,20,20
34,1014,0.1362908312909234,0.003456905712011484,0.5116047104142508,0.3486475525828145,25,20,20
34,1015,0.15822218352639314,0.0034569056557627047,0.4896751486742438,0.3486457621436021,25,20,20
34,1016,0.15719628224577797,0.0034583863738198036,0.49069956702865286,0.34864576435174915,25,20,20
34,1017,0.1571978578777107,0.003561523471398858,0.49059485419408005,0.34864576445680995,25,20,20
34,1018,0.1571978578777107,0.0035615234713988588,0.4905994748995841,0.34864114375130595,25,20,20
34,1019,0.15719788767278972,0.0035615172334427262,0.45526949870723477,0.3839710963865327,25,20,20
34,1020,0.15721190576030009,0.00014989680564161524,0.4589400992067455,0.38369809822731377,25,20,20
34,1021,0.1503135358235969,0.00013643250553141742,0.4658510538588345,0.38369897781203804,25,20,20
34,1022,0.19009758475311894,0.00013524029451482882,0.42606817521697615,0.3836989997353898,25,20,20
34,1023,0.19009761820659662,0.00013524108274466607,0.4263979024295947,0.38336923828106395,25,20,20
34,1024,0.18750641561115244,0.00013547663731785766,0.4289888768423022,0.38336923090922753,25,20,20
34,1025,0.18750641561115244,0.00013547663731785766,0.4289888673072303,0.38336924044429943,25,20,20
34,1026,0.18750641561114925,0.00013547663731356804,0.42898226347796914,0.383375844273568,25,20,20
34,1027,0.2037062180361819,0.00013547663361915396,0.412782461091887,0.3833758442383126,25,20,20
34,1028,0.20358635134547265,0.00013542706896506023,0.41290238163593856,0.38337583994962515,25,20,20
34,1029,0.20998512497442573,0.00012158617100615014,0.40651745031753445,0.3833758385370342,25,20,20
34,1030,0.2425384347017619,1.0485506512057426e-06,0.3740846776206875,0.3833758391268983,25,20,20
34,1031,0.24253322981254993,1.0257845572914759e-06,0.37410227135961516,0.3833634730432765,25,20,20
34,1032,0.24253322981363354,1.0223755880658688e-06,0.3488153008419278,0.40865044696885033,25,20,20
34,1033,0.24253319636020126,1.0215873624310519e-06,0.3486154586168094,0.40885032343562655,25,20,20
34,1034,0.24253319636020126,1.0215873625050226e-06,0.3486153872371904,0.4088503948152453,25,20,20
34,1035,0.2425331665650909,1.0215869346175464e-06,0.34421339979082544,0.4132524120571485,25,20,20
34,1036,0.24203895250574906,1.0077080982345365e-06,0.3447076927365459,0.41325234704960534,25,20,20
34,1037,0.24919601707896688,7.77448792638988e-07,0.3375508199465159,0.4132523855257235,25,20,20
34,1038,0.23495841907262732,4.922324891505905e-07,0.3517887272978226,0.41325236139706045,25,20,20
34,1039,0.23495841893371175,4.914862169446094e-07,0.3493537813829258,0.41568730819714494,25,20,20
34,1040,0.23495841893371175,4.914862170185578e-07,0.3493538353995057,0.41568725418056496,25,20,20
34,1041,0.23495841893371178,4.914862170185776e-07,0.34935537600522504,0.4156857135748455,25,20,20
34,1042,0.2190858111249138,4.914899658357216e-07,0.3652279838096573,0.41568571357546236,25,20,20
34,1043,0.21908581112491693,4.914899616479311e-07,0.3649663548357623,0.41594734254935845,25,20,20
34,1044,0.21912072749700884,4.334684286194319e-07,0.3649395169142386,0.4159393221203228,25,20,20
34,1045,0.25261006566702365,4.3787997529264985e-07,0.3314501740119703,0.4159393224410302,25,20,20
34,1046,0.2526100656668755,4.3787090438933656e-07,0.3174783446974428,0.4299111517647761,25,20,20
34,1047,0.2526100656668755,4.3787090868044386e-07,0.31748304832513913,0.4299064481370754,25,20,20
34,1048,0.2526100656668724,4.378709086051833e-07,0.3174784251182636,0.42991107134395423,25,20,20
34,1049,0.2526100656668724,4.3787090867914234e-07,0.3174803280894974,0.4299091683727205,25,20,20
34,1050,0.24711700305533768,4.3251043113823803e-07,0.32297344462812644,0.42990911980610425,25,20,20
34,1051,0.24711700305533768,4.325104311382152e-07,0.32297336551352696,0.4299091989207038,25,20,20
34,1052,0.22180340741806495,4.840697647045163e-06,0.34828218397251426,0.4299095679117733,25,20,20
34,1053,0.221803407418065,4.840697647119134e-06,0.34828230244189456,0.42990944944239295,25,20,20
34,1054,0.2218034074181101,4.840697651369406e-06,0.3486492388124023,0.4295425130718361,25,20,20
34,1055,0.22361945423836269,4.853986322191149e-06,0.3468331789095041,0.4295425128658109,25,20,20
34,1056,0.23012375159574097,4.849576299616564e-06,0.3403288858841276,0.42954251294383183,25,20,20
34,1057,0.22433061485898376,4.849591447990205e-06,0.34612201849026286,0.4295425170593042,25,20,20
34,1058,0.22433061485898378,4.849591443700373e-06,0.3461240489668876,0.4295404865826836,25,20,20
34,1059,0.2387677900088915,4.665047861902671e-06,0.331687937943959,0.4295396069992858,25,20,20
34,1060,0.2161952664928391,7.684484358868986e-06,0.3542571916047678,0.4295398574180329,25,20,20
34,1061,0.21619526649394466,7.684483934118294e-06,0.35545346815157486,0.4283435808705462,25,20,20
34,1062,0.21619526649394466,7.684483934118274e-06,0.35545346815139744,0.42834358087072366,25,20,20
34,1063,0.22173258976658708,2.3692097641055712e-05,0.34990013687049115,0.42834358126528066,25,20,20
34,1064,0.22219976508017614,7.689556883047546e-06,0.34944896409293463,0.4283435812700062,25,20,20
34,1065,0.1939620115505491,7.454215668830377e-06,0.37768671483285254,0.42834381940093036,25,20,20
34,1066,0.1939620115505491,7.454215664540818e-06,0.37768250260804254,0.4283480316257448,25,20,20
34,1067,0.18218612842500484,7.454283868978462e-06,0.38945739748309166,0.42834901980803686,25,20,20
34,1068,0.18219834612353164,7.454284284849435e-06,0.38888920003856065,0.42890499955362477,25,20,20
34,1069,0.18198506546497892,3.1111817901810255e-06,0.3891071898851792,0.42890463346805296,25,20,20
34,1070,0.18198555363446955,3.1111801113363317e-06,0.38910670215814863,0.4289046330272712,25,20,20
34,1071,0.1821107331363678,3.1061057936414076e-06,0.3889815281551386,0.428904632602701,25,20,20
34,1072,0.18211073313636789,3.106105797858381e-06,0.38898809018949515,0.4288980705683402,25,20,20
34,1073,0.1821107331363678,3.1061057977830925e-06,0.3889864665301024,0.4288996942277332,25,20,20
34,1074,0.18211073313636778,3.106105797781794e-06,0.38897976036439097,0.42890640039344485,25,20,20
34,1075,0.14539552128682875,3.1065368772057588e-06,0.4256949697698749,0.4289064024064206,25,20,20
34,1076,0.16848674135483196,3.7884922453621823e-06,0.40322886636493116,0.4282806037879926,25,20,20
34,1077,0.13042978333424934,3.423176950810019e-05,0.4411102353234078,0.4284257495728358,25,20,20
34,1078,0.1666164749791263,3.42317695287339e-05,0.4049235436784362,0.4284257495729095,25,20,20
34,1079,0.16661647497908433,3.4231769528807204e-05,0.40492311273227116,0.4284261805191163,25,20,20
34,1080,0.16661647497908433,3.423176953294828e-05,0.404918608102808,0.42843068514857513,25,20,20
34,1081,0.16661631712170433,3.4231772695338796e-05,0.40491876594156495,0.42843068516403604,25,20,20
34,1082,0.16661631712165892,3.4231772691059755e-05,0.4047887259241888,0.4285607251814615,25,20,20
34,1083,0.16866605018795533,3.534092876212018e-05,0.4027324118103852,0.4285661970728976,25,20,20
34,1084,0.19214613424374047,3.534092804467517e-05,0.3792523004381835,0.4285662243900324,25,20,20
34,1085,0.19214613386783472,3.534091316631555e-05,0.37925206648857085,0.4285664587304294,25,20,20
34,1086,0.19214613386583465,3.534034087372629e-05,0.3680545218794969,0.43976400391379594,25,20,20
34,1087,0.18887354603185616,3.533991383345198e-05,0.3713270512883534,0.43976406276595775,25,20,20
34,1088,0.2019204665315132,3.5336494396104285e-05,0.3582810620676339,0.4397631349064565,25,20,20
34,1089,0.24190275947764742,3.533649044421841e-05,0.3182988299971311,0.43976307403477705,25,20,20
34,1090,0.24190275947765055,3.533649044421841e-05,0.31829887334003376,0.4397630306918712,25,20,20
34,1091,0.24190275947765055,3.533649044851083e-05,0.318303346906057,0.4397585571258437,25,20,20
34,1092,0.2515243852473181,3.533648800553628e-05,0.3086817496615163,0.43975852860315984,25,20,20
34,1093,0.2725669903186604,3.549210279445677e-05,0.28763818635478966,0.4397593312237554,25,20,20
34,1094,0.3071838437892007,3.54915561434241e-05,0.2530161859068468,0.4397644787478089,25,20,20
34,1095,0.3071838437917843,3.5492348236364975e-05,0.25277835499121887,0.44000230886876035,25,20,20
34,1096,0.3072962116590245,3.5492347975578655e-05,0.2526662215494206,0.4400020744435789,25,20,20
34,1097,0.3072962116590245,3.5492347975578675e-05,0.25267282434979443,0.4399954716432051,25,20,20
34,1098,0.2913909179223364,3.439494450522089e-05,0.2685845791139335,0.4399901080192236,25,20,20
34,1099,0.2913909179223365,3.439494450514561e-05,0.26858267783431605,0.439992009298841,25,20,20
34,1100,0.2913909179223365,3.4394944505146935e-05,0.26858278736182106,0.43999189977133596,25,20,20
34,1101,0.29139091792233657,3.4394944505222205e-05,0.26857629847540043,0.4399983886577564,25,20,20
34,1102,0.3082782392750741,3.3712988698936054e-05,0.2516897161195047,0.43999833161672086,25,20,20
34,1103,0.30827823927511944,3.371298869901115e-05,0.2518146652108978,0.4398733825252823,25,20,20
34,1104,0.3077981833619081,3.371298858345321e-05,0.2522947211247548,0.43987338252475183,25,20,20
34,1105,0.3145375829189981,3.371298885119773e-05,0.24555532157964063,0.43987338251250946,25,20,20
34,1106,0.3145375829189981,3.371298885119766e-05,0.2455529292840921,0.43987577480805795,25,20,20
34,1107,0.3313536560741765,3.3701597997109094e-05,0.2287368792241642,0.43987576310366167,25,20,20
34,1108,0.3313536560741765,3.370159799710828e-05,0.228732372331189,0.4398802699966369,25,20,20
34,1109,0.3313536560741765,3.3701597992891934e-05,0.22873229094857403,0.4398803513792561,25,20,20
34,1110,0.3304467867257319,3.235581273028227e-05,0.22964075404490966,0.4398801034166274,25,20,20
34,1111,0.33044678672573197,3.235581273043151e-05,0.22964735755599455,0.43987349990554236,25,20,20
34,1112,0.33056906636920597,3.235581264582929e-05,0.229525077920188,0.43987349989796015,25,20,20
34,1113,0.3665778376113093,3.235581410208543e-05,0.19351630993167868,0.43987349664290976,25,20,20
34,1114,0.3665778376113124,3.235581410208614e-05,0.19350986210884638,0.43987994446573886,25,20,20
34,1115,0.3645072793279622,3.235581397044799e-05,0.19558042116149596,0.43987994369657124,25,20,20
34,1116,0.3648587084382864,3.235545220428682e-05,0.19522908894557287,0.4398798471639362,25,20,20
34,1117,0.36503446324147926,3.235581257221186e-05,0.1950532359392304,0.4398799450067181,25,20,20
34,1118,0.3650290130582013,3.235581279964962e-05,0.1950586844191492,0.4398799467098498,25,20,20
34,1119,0.3285545144267861,3.2356583047285094e-05,0.23153318224419348,0.4398799467459731,25,20,20
34,1120,0.34045857824273384,3.235651481497462e-05,0.2196301066787746,0.4398789585636765,25,20,20
34,1121,0.3404585782427338,3.2356514815049884e-05,0.2196322767929559,0.4398767884494949,25,20,20
34,1122,0.3439884202201756,3.235697921893824e-05,0.21609548860566302,0.4398837341949408,25,20,20
34,1123,0.3420682067867601,1.9137282702280897e-06,0.21819128869116355,0.4397385907938069,25,20,20
34,1124,0.342068206789352,1.9137282702273744e-06,0.2181977450141612,0.4397321344682173,25,20,20
34,1125,0.31924178327292213,1.914021968765587e-06,0.24102416857460057,0.43973213413051027,25,20,20
34,1126,0.319241783272922,1.9140219686890442e-06,0.24102405319675516,0.4397322495083557,25,20,20
34,1127,0.32518682271912086,1.914020634754945e-06,0.23507901375809329,0.4397322495021527,25,20,20
34,1128,0.3251868227191184,1.9140206348288987e-06,0.23508355191450364,0.43972771134574457,25,20,20
34,1129,0.3432029647114518,2.3690056875541e-06,0.217066957079367,0.4397277092034952,25,20,20
34,1130,0.34350234330889406,2.368645433345652e-06,0.21676767668495406,0.43972761136071997,25,20,20
34,1131,0.3435059501310787,2.368642242986588e-06,0.2167640698814221,0.4397276113452567,25,20,20
34,1132,0.343505950131078,2.3686422471276823e-06,0.21675956448321124,0.4397321167434642,25,20,20
34,1133,0.34350595013107876,2.3686424874196097e-06,0.21676607228176542,0.43972560894466883,25,20,20
34,1134,0.3435059501310816,2.3686424831291824e-06,0.22128721499753495,0.4352044662289011,25,20,20
34,1135,0.3435059501310816,2.3686427277241346e-06,0.22129202204571244,0.43519965918047904,25,20,20
34,1136,0.360616319628432,2.199733352626538e-06,0.20418262586962382,0.435198854768592,25,20,20
34,1137,0.3606155112209795,5.546019737118459e-07,0.20418507947936773,0.43519885469767877,25,20,20
34,1138,0.36061551122116486,5.546019738624575e-07,0.20419007020666366,0.4351938639701976,25,20,20
34,1139,0.3606155112185697,5.54601969645484e-07,0.20418353248067128,0.4352004016987894,25,20,20
34,1140,0.3606155112183876,5.546019694962389e-07,0.20417858222752389,0.43520535195211907,25,20,20
34,1141,0.3605349302579952,5.54602109919378e-07,0.20425916316529613,0.4352053519745989,25,20,20
34,1142,0.36065855715290646,5.546005209769942e-07,0.2041355362721069,0.43520535197446597,25,20,20
34,1143,0.35661390723934355,5.593355736153885e-07,0.20818015963364797,0.4352053737914352,25,20,20
34,1144,0.32708073530534043,8.530951864598267e-07,0.23771166180760622,0.43520674979186663,25,20,20
34,1145,0.3490345747716551,3.2971694350258524e-07,0.21575834648725511,0.43520674902414613,25,20,20
34,1146,0.3490345747742045,3.2971694357673816e-07,0.21564053677701964,0.4353245587318322,25,20,20
34,1147,0.3490346046801564,3.297169474483417e-07,0.21565583665677715,0.43530922894611895,25,20,20
34,1148,0.3326268736468083,1.0102897162003274e-06,0.23205964137893617,0.43531247468453915,25,20,20
34,1149,0.31528941558845847,1.0249875592368457e-06,0.24939191730220972,0.4353176421217719,25,20,20
34,1150,0.31516383225770556,1.0249875602326595e-06,0.24951750062538405,0.4353176421293494,25,20,20
34,1151,0.3087470763597418,2.0983316607685485e-06,0.25593444285785716,0.4353163824507398,25,20,20
34,1152,0.3097990918460835,2.0979839275216803e-06,0.2548878140726799,0.4353109960973084,25,20,20
34,1153,0.3097990918460811,2.0979839275229318e-06,0.2548880041952676,0.4353108059747231,25,20,20
34,1154,0.30979909184608034,2.097983687305804e-06,0.2548860033019969,0.43531280686823487,25,20,20
34,1155,0.26985131025789255,2.0996864538676856e-06,0.29483354978963133,0.43531304026602263,25,20,20
34,1156,0.26985131025529785,2.0996864580840746e-06,0.29482190465339086,0.43532468540485353,25,20,20
34,1157,0.26985131025271114,2.0988946054119843e-06,0.2946914609060948,0.43545512994658864,25,20,20
34,1158,0.26985131025316644,2.0989083068988648e-06,0.294692036852974,0.4354545539855527,25,20,20
34,1159,0.28121215463285626,2.523081671122032e-06,0.283222385466792,0.4355629368186801,25,20,20
34,1160,0.2812121546328563,2.5230816667582366e-06,0.28321768473747466,0.43556763754800165,25,20,20
34,1161,0.28121215463285626,2.523081662467897e-06,0.2832175700967791,0.4355677521887016,25,20,20
34,1162,0.2670868174425034,2.526533002367626e-06,0.29734288739099435,0.4355677686334994,25,20,20
34,1163,0.26707074909719264,3.778016013499417e-06,0.2973519628752531,0.43557351001154027,25,20,20
34,1164,0.24216411161706383,3.7781600148421944e-06,0.3222585636009886,0.43557354662193226,25,20,20
34,1165,0.24216411161706383,3.778160014766926e-06,0.3222585615997092,0.4355735486232117,25,20,20
34,1166,0.24217386407629035,3.7781568561309063e-06,0.32224880956916835,0.4355735481976854,25,20,20
34,1167,0.24217386407629196,3.7781568561309207e-06,0.32225318178505147,0.4355691759818006,25,20,20
34,1168,0.23598207285988346,4.4323809241275724e-06,0.3284462953200336,0.43556719943915995,25,20,20
34,1169,0.23598207285988734,4.432380921949951e-06,0.3288145714166639,0.43519892334252797,25,20,20
34,1170,0.23598207285943207,4.432366975943388e-06,0.3288092758448012,0.4352042189287918,25,20,20
34,1171,0.23598213476159663,4.43234947563834e-06,0.3288092163010889,0.43520421658784053,25,20,20
34,1172,0.23596512991611465,4.459954566052876e-06,0.32882619127449475,0.43520421885482613,25,20,20
34,1173,0.2359651299161559,4.459968178267485e-06,0.32872052914393324,0.4353098809717341,25,20,20
34,1174,0.23596512991611074,4.459968262939539e-06,0.3284654012203164,0.4355650088953115,25,20,20
34,1175,0.2299203129598281,4.459969656760831e-06,0.33450904427316275,0.4355661827973538,25,20,20
34,1176,0.2548101160646264,4.459825649499899e-06,0.30961927792226657,0.4355661461874576,25,20,20
34,1177,0.2548101160646264,4.459825649499899e-06,0.3096192781141241,0.4355661459956001,25,20,20
34,1178,0.2548101160646264,4.459825649576194e-06,0.3097487995245239,0.4354366245852003,25,20,20
34,1179,0.2548101160646264,4.459825649576193e-06,0.30974879951552703,0.4354366245941971,25,20,20
34,1180,0.21545052420012997,0.0008414939989118423,0.3482013233347555,0.43550665846620346,25,20,20
34,1181,0.21245556855282272,0.000841493228923811,0.3511962798174506,0.4355066584008032,25,20,20
34,1182,0.21245556855282668,0.000841493228928027,0.3510715057094472,0.43563143250879854,25,20,20
34,1183,0.212319056104325,0.000841498286384936,0.3512080131076724,0.43563143250161834,25,20,20
34,1184,0.2186000603167705,4.464175991329069e-06,0.34583407687744405,0.4355613986297949,25,20,20
34,1185,0.2240885616054682,4.750439874984996e-06,0.3403437356898855,0.4355629522647719,25,20,20
34,1186,0.21591719667615208,4.077238761345906e-06,0.34851886677943034,0.43555985930565677,25,20,20
34,1187,0.21593421311234473,4.04962485997033e-06,0.34850188026613316,0.4355598569966628,25,20,20
34,1188,0.21593421311234312,4.0496248598937305e-06,0.34849531087537594,0.43556642638742155,25,20,20
34,1189,0.2159342131215114,4.049624859884946e-06,0.35317214510798967,0.43088959214563943,25,20,20
34,1190,0.21190157469593374,2.7110602624722906e-06,0.357206236032119,0.4308894782116843,25,20,20
34,1191,0.21190157469593693,2.711060506304513e-06,0.35733571204049785,0.4307600022030585,25,20,20
34,1192,0.2155463945753539,2.682985442271208e-06,0.3536909203728113,0.430760002066392,25,20,20
34,1193,0.22750843825550804,2.272026167264551e-06,0.34184090124936156,0.4306483884689614,25,20,20
34,1194,0.22384638002246127,2.2720816278845516e-06,0.3455029616766499,0.43064838621925966,25,20,20
34,1195,0.223846380013293,2.272081627818067e-06,0.3408260115921077,0.4353253363129699,25,20,20
34,1196,0.22383337167339026,1.0197586318512865e-06,0.3408462429882318,0.4353193655797434,25,20,20
34,1197,0.22383337167339026,1.0197586317773155e-06,0.34084612912365975,0.43531947944431565,25,20,20
34,1198,0.2262560343454182,1.1862575722911708e-06,0.3384225335728958,0.4353202458241119,25,20,20
34,1199,0.20958008420763286,1.2119485121382692e-06,0.35509839686495054,0.4353203069789023,25,20,20
34,1200,0.18763452010937867,5.768275954040721e-07,0.3770476252738981,0.43531727778912505,25,20,20
34,1201,0.18763452010938264,5.768136561779845e-07,0.377037622580162,0.43532728049679625,25,20,20
34,1202,0.1876345201093818,5.768136562506157e-07,0.3770354482785304,0.4353294547984286,25,20,20
34,1203,0.18763452010937778,5.76813652034723e-07,0.377037305039444,0.43532759803752336,25,20,20
34,1204,0.2273166187942705,5.768133885967836e-07,0.3373552063560797,0.4353275980362584,25,20,20
34,1205,0.2275026691340185,5.717559875073446e-07,0.33716916064167357,0.4353275984683181,25,20,20
34,1206,0.22408390294114017,2.8549209247445504e-07,0.3405909402596244,0.4353248713071411,25,20,20
34,1207,0.18804994842854117,3.285427321938006e-07,0.37662474818693836,0.4353249748417871,25,20,20
34,1208,0.18804994842872008,3.2854298091921266e-07,0.37663127752626246,0.43531844550203547,25,20,20
34,1209,0.18498125828277615,3.269766797566157e-07,0.3797036292784717,0.4353147854620723,25,20,20
34,1210,0.18498125828295753,3.26976684120904e-07,0.3797035973833097,0.4353148173570488,25,20,20
34,1211,0.22264387334082048,3.194557903280543e-07,0.34204105076939834,0.43531475643399004,25,20,20
34,1212,0.22069812946063802,0.0003266733662376134,0.3436600652338594,0.4353151319392643,25,20,20
34,1213,0.22069812946063794,0.00032667336623761075,0.3436600632012678,0.43531513397185606,25,20,20
34,1214,0.22069812947083625,0.0003266733664821183,0.34366657130568407,0.4353086258569969,25,20,20
34,1215,0.23139656034626666,0.0003265043971479503,0.3329690023124461,0.43530793294413883,25,20,20
34,1216,0.23461027560268563,0.0003264978330503629,0.3297545884748279,0.4353086380894353,25,20,20
34,1217,0.23461027560268571,0.0003264978330502875,0.32975268719549045,0.43531053936877284,25,20,20
34,1218,0.19743696637185473,0.0003265066713477086,0.366925735652919,0.4353107913038779,25,20,20
34,1219,0.19051901872079197,0.00032708697831333364,0.37384310257494346,0.43531079172595066,25,20,20
34,1220,0.19051901872079197,0.0003270869783133363,0.37384970592228156,0.43530418837861234,25,20,20
34,1221,0.15056262669296624,0.0003270869783134962,0.413806097908832,0.43530418841988583,25,20,20
34,1222,0.15054560600390898,0.00032708698744041023,0.4138231185895107,0.4353041884191364,25,20,20
34,1223,0.15059625454837652,0.00032708799220556326,0.41375717328928374,0.43531948417013067,25,20,20
34,1224,0.1505962545481976,0.00032708799195676266,0.41375520293191814,0.43532145452792415,25,20,20
34,1225,0.15160526151712014,0.0003270870110106186,0.41274628685619186,0.43532136461567367,25,20,20
34,1226,0.17699715964070292,0.00032708655516130113,0.3873545089409041,0.4353212448632294,25,20,20
34,1227,0.17699715964070298,0.00032708655516115195,0.38735264082371634,0.435323112980417,25,20,20
34,1228,0.17699715964070298,0.0003270865551611532,0.3873526427867302,0.4353231110174032,25,20,20
34,1229,0.17699712973474824,0.00032708655515735567,0.38281608600917044,0.4398596977009211,25,20,20
34,1230,0.17617199028321626,0.00032708656129407207,0.3836411287568879,0.43985979439859896,25,20,20
34,1231,0.1757688163098177,0.00032707496915196805,0.3840444194566931,0.4398596892643344,25,20,20
34,1232,0.1757688163098177,0.0003270749691518928,0.3840443041801759,0.4398598045408516,25,20,20
34,1233,0.17576881630999985,0.0003270749691520434,0.3840460100128329,0.43985809870801235,25,20,20
34,1234,0.17576881631000063,0.000327074969156261,0.38404612489960516,0.43985798382123503,25,20,20
34,1235,0.17403720049371463,6.78075957457366e-07,0.3861035831462695,0.4398585382840563,25,20,20
34,1236,0.17403720049371454,6.780759576065883e-07,0.3861035815348691,0.4398585398954568,25,20,20
34,1237,0.17403720049371457,6.780759576819033e-07,0.38610360928806314,0.4398585121422625,25,20,20
34,1238,0.17348093869996628,0.0036015078108638243,0.38305390405640116,0.4398636494327663,25,20,20
34,1239,0.14653356548827498,0.00360287340552496,0.41000067168970217,0.4398628894164966,25,20,20
34,1240,0.1465957269840938,0.0036152200334113854,0.4065630944270115,0.44322595855548313,25,20,20
34,1241,0.14693015338610066,0.0036152401296365767,0.4062287446259484,0.4432258618583139,25,20,20
34,1242,0.14693015338610066,0.0036152401296365784,0.40622882438412916,0.44322578210013247,25,20,20
34,1243,0.14693015338610066,0.0036152401296365793,0.4062287438904288,0.44322586259383273,25,20,20
34,1244,0.11175111985216693,0.003631394877973779,0.44139159893766383,0.4432258863321945,25,20,20
34,1245,0.11175111984178651,0.0036313948777249054,0.441384894104786,0.4432325911757015,25,20,20
34,1246,0.13508292319653584,3.0561316883520476e-05,0.42165920999908885,0.44322730548748984,25,20,20
34,1247,0.16279487395191275,3.0574813209118265e-05,0.39394704811701436,0.44322750311786235,25,20,20
34,1248,0.16776815208054485,2.920368189417439e-05,0.3884096347506174,0.443793009486942,25,20,20
34,1249,0.14491397005146683,3.0626751745690824e-05,0.41106580707457807,0.4439895961222081,25,20,20
34,1250,0.14491397005146686,3.062675174568952e-05,0.41106390416145644,0.44399149903532964,25,20,20
34,1251,0.14491397005146686,3.062675174568955e-05,0.4110639832392811,0.44399141995750496,25,20,20
34,1252,0.1429366254994076,3.191217737562714e-05,0.4135994220542456,0.44343204026896954,25,20,20
34,1253,0.14435647453976355,3.0477466449075592e-05,0.41237759318130257,0.4432354548124832,25,20,20
34,1254,0.14351422037707562,1.5009966084509548e-05,0.4132353389661354,0.443235430690703,25,20,20
34,1255,0.12660164365743257,1.502209775949093e-05,0.4301478002011923,0.4432355340436142,25,20,20
34,1256,0.12660164365743254,1.5022097759415617e-05,0.43015437748699825,0.4432289567578085,25,20,20
34,1257,0.13025305274736076,1.5021586409813371e-05,0.4265029666942936,0.44322895897193587,25,20,20
34,1258,0.13025305274735755,1.5021586409813355e-05,0.4265005413168387,0.4432313843493942,25,20,20
34,1259,0.13025305274735755,1.5021586409813355e-05,0.4264939362778388,0.4432379893883941,25,20,20
34,1260,0.13025305274735755,1.5021586409813355e-05,0.4265004592569471,0.4432314664092859,25,20,20
34,1261,0.13025305274735677,1.5021586405597007e-05,0.42650188346957774,0.44323004219666023,25,20,20
34,1262,0.1406063812734276,1.5021586404882183e-05,0.4161485549435072,0.4432300421966609,25,20,20
34,1263,0.14224170997832,1.5021367208169026e-05,0.4145061483271704,0.4432371203273017,25,20,20
34,1264,0.13924554654553098,1.5149642411843307e-05,0.4175083101279567,0.4432309936841008,25,20,20
34,1265,0.13576118877112625,1.5150068749392718e-05,0.4209860463795186,0.44323761478060597,25,20,20
34,1266,0.13576118878150722,1.5150068753608601e-05,0.4209891639313658,0.4432344972183737,25,20,20
34,1267,0.1357611887815523,1.5150068757784941e-05,0.4213600054148492,0.4428636557348409,25,20,20
34,1268,0.13576118807276866,1.5154443419412028e-05,0.42135982794349647,0.44286382954031517,25,20,20
34,1269,0.13576118807276868,1.5154443419412014e-05,0.421728245421481,0.4424954120623307,25,20,20
34,1270,0.13576118433512982,1.4586506999829127e-05,0.42172881750867147,0.44249541164919776,25,20,20
34,1271,0.13570225518328202,1.3173653024798365e-05,0.4217758643624465,0.44250870680124593,25,20,20
34,1272,0.1357022551832827,1.317365302487361e-05,0.4217712448950543,0.44251332626863743,25,20,20
34,1273,0.1357022551832819,1.3173653024797022e-05,0.4217711269954371,0.44251344416825544,25,20,20
34,1274,0.1357025185706247,1.2846457305097636e-05,0.4217711612069654,0.44251347376510375,25,20,20
34,1275,0.1357025185706279,1.2846457309463245e-05,0.42177135697989565,0.44251327799216605,25,20,20
34,1276,0.16610201352055115,1.2846449146950137e-05,0.3913718642473994,0.4425132757829015,25,20,20
34,1277,0.1670036394979496,1.2846016083489494e-05,0.39048393906760026,0.44249957541836565,25,20,20
34,1278,0.1670036394979053,1.2846016079240462e-05,0.39048393873971543,0.4424995757462991,25,20,20
34,1279,0.17916439813062723,1.2831656886411827e-05,0.378323396139559,0.4424993740729263,25,20,20
34,1280,0.17922620383652535,9.588756485284219e-05,0.3777957207565028,0.4428821878421179,25,20,20
34,1281,0.1792262038365254,9.58875648528409e-05,0.3777957230440132,0.4428821855546074,25,20,20
34,1282,0.17922620383652466,9.58875648529136e-05,0.3774273056027048,0.44325060299591645,25,20,20
34,1283,0.1792262038365246,9.58875648529136e-05,0.3770541882762101,0.4436237203224111,25,20,20
34,1284,0.16881344174712326,9.588763419121553e-05,0.38746695008964205,0.4436237205290429,25,20,20
34,1285,0.1688134417471233,9.588763419121557e-05,0.38746703061847976,0.4436236400002052,25,20,20
34,1286,0.16868197691122208,8.386054021964204e-05,0.39097356496000435,0.4402605975885521,25,20,20
34,1287,0.1704934227717858,8.385953567637396e-05,0.3891774158969428,0.4402453017955941,25,20,20
34,1288,0.17049342163375936,8.351148007198913e-05,0.3891760984759921,0.44024696841017563,25,20,20
34,1289,0.17049342313526444,8.351107066002562e-05,0.385616250657829,0.44380681513624637,25,20,20
34,1290,0.17049342313526528,8.351107066002437e-05,0.38561864978683225,0.44380441600724224,25,20,20
34,1291,0.17049342313526528,8.351107066427598e-05,0.3859916726264796,0.44343139316759056,25,20,20
34,1292,0.17049315975022963,0.00010375851698584387,0.38597171816203646,0.44343136357074764,25,20,20
34,1293,0.17643994720347636,0.00010375851698540505,0.3800249307151465,0.44343136356439095,25,20,20
34,1294,0.18692281779424977,0.0001037584492967247,0.3695420603828715,0.44343136337358113,25,20,20
34,1295,0.18692281779424985,0.00010375844930101586,0.3695467629111696,0.44342666084527876,25,20,20
34,1296,0.18692494260810139,0.00010375844930153149,0.3695446380973176,0.4434266608452787,25,20,20
34,1297,0.18602193900178013,0.00010378265668029366,0.37044103430225783,0.4434332440392814,25,20,20
34,1298,0.18602193900160116,0.00010378265668029367,0.3704394713756266,0.4434348069660917,25,20,20
34,1299,0.18602194345920012,0.001207651846731895,0.36933726503688274,0.4434331396571847,25,20,20
34,1300,0.14705325349084095,0.001207681084238233,0.4082982406955118,0.4434408247294095,25,20,20
34,1301,0.14548742297714654,0.0012078622976975156,0.4097430340692241,0.44356168065593166,25,20,20
34,1302,0.14548742296681114,0.0012078622976932996,0.4097384161785543,0.44356629855694124,25,20,20
34,1303,0.1454874229668119,0.0012078622976933009,0.409731849820866,0.4435728649146286,25,20,20
34,1304,0.1454874229260916,0.0017519598961693145,0.40918773772516376,0.4435728794525752,25,20,20
34,1305,0.14549359394065356,0.0016689031385623584,0.4096607301457586,0.4431767727750252,25,20,20
34,1306,0.14535831949444233,0.0016689031401447235,0.4097960045901322,0.4431767727752805,25,20,20
34,1307,0.1453583194970377,0.001668903140149089,0.4097976735285229,0.4431751038342901,25,20,20
34,1308,0.14537315775900045,0.0005652115421951495,0.41088655502273275,0.4431750756760717,25,20,20
34,1309,0.1453731600382331,1.0628744288387968e-05,0.41144114981892327,0.443175061398555,25,20,20
34,1310,0.14537315853733138,1.0624711806269394e-05,0.4131481121389644,0.44146810461189756,25,20,20
34,1311,0.14537315853732818,1.0624711562438468e-05,0.41301863612851814,0.44159758062259086,25,20,20
34,1312,0.14537315853732816,1.0624711562289248e-05,0.4130140153058056,0.44160220144530304,25,20,20
34,1313,0.14537315853732818,1.0624711562364512e-05,0.41301555572046944,0.4416006610306391,25,20,20
34,1314,0.14537315853732818,1.0624711558186893e-05,0.4126425677272085,0.4419736490239042,25,20,20
34,1315,0.14535832031371773,0.001109755014468052,0.4115582758996543,0.44197364877215867,25,20,20
34,1316,0.1627705389253295,0.0011097227804310592,0.39414619287550884,0.44197354541872963,25,20,20
34,1317,0.16277053892532958,0.0011097227804354234,0.39414635015906513,0.44197338813516895,25,20,20
34,1318,0.16274839687627357,0.0011097227804394822,0.39416849220758343,0.44197338813570247,25,20,20
34,1319,0.16274831109238075,0.0011095004733893928,0.3942223808773131,0.4419198075569153,25,20,20
34,1320,0.16274831109237997,0.0011095004733893956,0.39422006152908723,0.4419221269051421,25,20,20
34,1321,0.16274831109251486,0.0011095004736359133,0.3945930506725077,0.44154913776134036,25,20,20
34,1322,0.16274831113897237,0.001110320870490539,0.3962233761842659,0.43991799180627017,25,20,20
34,1323,0.1627483111389715,0.0011103208704861735,0.39622329267102074,0.43991807531952043,25,20,20
34,1324,0.1627483111389715,0.0011103208704903898,0.3962233740183387,0.4399179939721983,25,20,20
34,1325,0.16276116827052337,0.0011793869970205418,0.3962089409011793,0.4398505038312757,25,20,20
34,1326,0.16276886247431296,0.0011793869878946271,0.39620124559960423,0.43985050493818684,25,20,20
34,1327,0.15680715175654722,0.0011793870631326851,0.4021629357429447,0.4398505254373751,25,20,20
34,1328,0.15680715175654722,0.001179387063128469,0.40215831629333876,0.43985514488698485,25,20,20
34,1329,0.15680715175654716,0.0011793870631283967,0.40215369552569924,0.4398597656546239,25,20,20
34,1330,0.156807151756544,0.0011793870631283227,0.4021535940034282,0.4398598671768984,25,20,20
34,1331,0.15680715175654392,0.0011793870631283225,0.4021536267869388,0.4398598343933878,25,20,20
34,1332,0.15578303128036414,0.0011793583432248194,0.4031854591115083,0.4398521512649011,25,20,20
34,1333,0.15164097118966263,0.0011793582710596501,0.407327503824755,0.4398521667145212,25,20,20
34,1334,0.1478165618114885,0.0011793628736826408,0.41115190859354817,0.4398521667212789,25,20,20
34,1335,0.16331717905429524,0.0011793631508252927,0.39552903259018124,0.43997442520469654,25,20,20
34,1336,0.1632585468083855,0.0011793394374936016,0.3955942717843691,0.4399678419697509,25,20,20
34,1337,0.163259112872883,0.0011692304708574978,0.3956001913399642,0.43997146531629383,25,20,20
34,1338,0.16325911711869118,0.001699734677313205,0.3950696828883419,0.43997146531565234,25,20,20
34,1339,0.16326002201255757,0.0016997218478433168,0.3946423677189327,0.4403978884206651,25,20,20
34,1340,0.16684733887828174,0.001699721807974959,0.3914850953902553,0.4399678439234868,25,20,20
34,1341,0.16684733887828174,0.0016997218079748838,0.39148521721596924,0.43996772209777285,25,20,20
34,1342,0.16684733887828254,0.0016997218079791332,0.3918567005931278,0.4395962387206093,25,20,20
34,1343,0.16684733887828254,0.0016997218079748443,0.3918587814980149,0.43959415781572636,25,20,20
34,1344,0.16684733887814737,0.0016997218215712825,0.39177416951970057,0.43967876978057957,25,20,20
34,1345,0.16684733887814737,0.0016997218215712814,0.39177849838228423,0.439674440917996,25,20,20
34,1346,0.1668529185004619,0.0016306513543365342,0.39183411390543116,0.43968231623977005,25,20,20
34,1347,0.16683478463224444,0.0016306518457106392,0.3918601243814905,0.4396744391405541,25,20,20
34,1348,0.1667755845001687,0.0016306518370534423,0.3919192573979074,0.4396745062648709,25,20,20
34,1349,0.16325719421436735,0.0016306513724749878,0.3954376503624961,0.43967450405066266,25,20,20
34,1350,0.16325719421181734,0.0016306513727145284,0.3955654257945513,0.4395467286209175,25,20,20
34,1351,0.16325719421181734,0.0016306513729568697,0.3959319412497905,0.4391802131654359,25,20,20
34,1352,0.1632571942117719,0.0016306513727129635,0.3958024163505066,0.43930973806500906,25,20,20
34,1353,0.1736195453108866,0.0016306513680293298,0.38544010120527444,0.4393097021158101,25,20,20
34,1354,0.20114827294792129,0.0016306516145203106,0.35791137326066985,0.43930970217688786,25,20,20
34,1355,0.20114827294808196,0.0016306523160629714,0.3622307643057217,0.4349903104301337,25,20,20
34,1356,0.2011482729479205,0.0016306516145159857,0.35753827042564007,0.4396828050119228,25,20,20
34,1357,0.20114827294792043,0.001630651614516061,0.35753822250144696,0.43968285293611586,25,20,20
34,1358,0.20114827294792043,0.0016306516142737199,0.35716521650585065,0.4400558589319544,25,20,20
34,1359,0.201148268533071,0.0005313561374806384,0.35826451640635676,0.4400558589230911,25,20,20
34,1360,0.20114826853302575,0.0005313561236376084,0.35797829556755445,0.440342079775782,25,20,20
34,1361,0.20114826853302575,0.000531356123637607,0.35797829413541327,0.44034208120792323,25,20,20
34,1362,0.2011482685330258,0.0005313561236376805,0.3582445108549887,0.44007586448834746,25,20,20
34,1363,0.20116030226592457,0.0005316272469626676,0.3582322059985115,0.44007586448860075,25,20,20
34,1364,0.21791777338894375,0.0005310509259703654,0.3416982619471468,0.4398529137379387,25,20,20
34,1365,0.20242676931801984,0.0005310506579494729,0.3573113869563509,0.43973079306767915,25,20,20
34,1366,0.20242676931801984,0.0005310506579494716,0.3573113869128863,0.439730793111144,25,20,20
34,1367,0.21958883791737666,0.0005310569592286192,0.34014931147112315,0.4397307936522712,25,20,20
34,1368,0.21959883719731735,0.0005419789285006825,0.3400763306340244,0.43978285324015687,25,20,20
34,1369,0.18438517653655187,0.0005419743433624258,0.3752898628350293,0.4397829862850546,25,20,20
34,1370,0.1843851765365487,0.0005419743433581342,0.3752962698930136,0.4397765792270777,25,20,20
34,1371,0.1843851765365942,0.0005419743433624985,0.37529638809480736,0.4397764610252339,25,20,20
34,1372,0.18438517653659428,0.0005419743433624998,0.3752980104025852,0.439774838717456,25,20,20
34,1373,0.18438517653654873,0.0005419743433581328,0.3752978097278106,0.4397750393922804,25,20,20
34,1374,0.2059050536970451,0.0005419849801003837,0.35360528829515725,0.4399476730276966,25,20,20
34,1375,0.2058947514990893,0.0008825927288768447,0.35332704233293294,0.4398956134390999,25,20,20
34,1376,0.20589475150944744,0.000882592728881128,0.3531531141768237,0.4400695415848466,25,20,20
34,1377,0.16589852404429056,0.0008825932489332998,0.39314933868521296,0.4400695440215609,25,20,20
34,1378,0.13071473772412626,0.0008826637048880098,0.428332885157589,0.4400697134133946,25,20,20
34,1379,0.14200411343086083,0.0008826645124849014,0.41703812881386626,0.4400750932427862,25,20,20
34,1380,0.13728876856770766,0.0008849281616070924,0.42175137593554923,0.44007492733513404,25,20,20
34,1381,0.13728876856770766,0.0008849281616070924,0.4217492122453305,0.4400770910253528,25,20,20
34,1382,0.16252201205069627,0.0008851145431929137,0.3965159059836683,0.4400769674224416,25,20,20
34,1383,0.16242127979248042,0.0008827804535218689,0.3966189758157167,0.44007696393828,25,20,20
34,1384,0.1624212797821222,0.000882780453517512,0.3965266518314322,0.4401692879329271,25,20,20
34,1385,0.1624212797821222,0.0008827804535175873,0.3965332579833122,0.440162681781047,25,20,20
34,1386,0.13215328638435614,0.0008825300840170545,0.42680150279406015,0.44016268073756437,25,20,20
34,1387,0.16840173786387833,0.0008825300700804853,0.39055305132173,0.4401626807443098,25,20,20
34,1388,0.16840200142192618,0.0005309999538295501,0.3909042882699046,0.4401627103543385,25,20,20
34,1389,0.16840200142192618,0.0005309999538294748,0.3909042548745139,0.4401627437497293,25,20,20
34,1390,0.18688073221924195,0.0005309888058436088,0.37259816886136354,0.4399901101135497,25,20,20
34,1391,0.1868807322296256,0.000530988805847901,0.37260481657793193,0.4399834623865935,25,20,20
34,1392,0.1868807279663004,8.216120598796609e-07,0.37313498804336837,0.43998346237827013,25,20,20
34,1393,0.1868807279663004,8.216120599549211e-07,0.3731396088255036,0.43997884159613476,25,20,20
34,1394,0.18503604025821374,8.218646034172117e-07,0.3749803820662301,0.4399827558109509,25,20,20
34,1395,0.18503604025821374,8.218646034911939e-07,0.3749868730127428,0.4399762648644383,25,20,20
34,1396,0.1839250066641225,8.218650366207336e-07,0.3760979032955562,0.439976268175283,25,20,20
34,1397,0.18392500665373887,8.218650323284529e-07,0.37609125415299405,0.439982917328233,25,20,20
34,1398,0.1909748567974016,8.739734624919044e-07,0.3690413472689828,0.43998292196015193,25,20,20
34,1399,0.19097485679740242,8.739872755786423e-07,0.36941082675590875,0.439613442459412,25,20,20
34,1400,0.1909748905254571,8.739734667818047e-07,0.3690409260097552,0.43998330949131975,25,20,20
34,1401,0.19097485679740242,8.739734624906033e-07,0.3690432524783565,0.4399810167507774,25,20,20
34,1402,0.1909748567974024,8.739734625658667e-07,0.36904134951960255,0.4399829197095314,25,20,20
34,1403,0.18732454723804168,8.739654814441567e-07,0.3726916590837221,0.4399829197127538,25,20,20
34,1404,0.1873127769874166,9.443980990617741e-07,0.3727033588928731,0.4399829197216106,25,20,20
34,1405,0.18729510250078488,9.444044737849184e-07,0.372721033372066,0.4399829197226754,25,20,20
34,1406,0.1481422237576246,9.448233272529122e-07,0.41187380002150276,0.43998303139754524,25,20,20
34,1407,0.1554252995709135,7.065040241271262e-07,0.40459098161930923,0.439983012305753,25,20,20
34,1408,0.1554250360061383,1.9936004945581617e-05,0.40457201569212115,0.43998301229679515,25,20,20
34,1409,0.155494196535096,1.9936013590219214e-05,0.4045028551957837,0.43998301225552966,25,20,20
34,1410,0.15549419653527813,1.9936013590294505e-05,0.40450297589606365,0.43998289155506753,25,20,20
34,1411,0.1554291376734186,8.857401389633536e-05,0.4044936665659536,0.4399886217467311,25,20,20
34,1412,0.15542913767341857,8.857401389633276e-05,0.4044935848221622,0.4399887034905225,25,20,20
34,1413,0.1554291376734185,8.857401389633278e-05,0.40449207637367357,0.43999021193901117,25,20,20
34,1414,0.15542913767341857,8.85740138964598e-05,0.41074165772778864,0.4337406305848957,25,20,20
34,1415,0.15542794566157356,8.857450868798828e-05,0.41074284919873455,0.43374063063100293,25,20,20
34,1416,0.15542794566157356,8.857450868791301e-05,0.410736244392933,0.43374723543680477,25,20,20
34,1417,0.15542794566157356,8.857450868776378e-05,0.4107315445574146,0.4337519352723234,25,20,20
34,1418,0.15542794566157433,8.857450868776484e-05,0.4108544620350581,0.43362901779467933,25,20,20
34,1419,0.15537116382078486,1.9975833602855344e-05,0.41098018838145406,0.4336286719641576,25,20,20
34,1420,0.15911244634439672,1.997601540890064e-05,0.4072389052493677,0.4336286723908262,25,20,20
34,1421,0.15911244634439992,1.997601540890194e-05,0.4072389703646337,0.4336286072755571,25,20,20
34,1422,0.18237658965166056,2.066433116850092e-05,0.3839740792020346,0.43362866681513623,25,20,20
34,1423,0.18345574248917923,4.631483308918828e-05,0.3827471261440124,0.43375081653371866,25,20,20
34,1424,0.19962343782552094,4.562650836941299e-05,0.366580178672433,0.43375075699367627,25,20,20
34,1425,0.19962343782552014,4.5626508369414293e-05,0.3665782734640072,0.4337526622021028,25,20,20
34,1426,0.19962343782552014,4.5626508369415594e-05,0.3665782753606792,0.43375266030543075,25,20,20
34,1427,0.17732082924089604,4.5628565808616794e-05,0.38884623780436806,0.43378730438892704,25,20,20
34,1428,0.17732108815482053,4.58658987252035e-05,0.38884574104740494,0.4337873048990481,25,20,20
34,1429,0.17732111274657744,0.02451364121766376,0.3643779300822,0.4337873159535577,25,20,20
34,1430,0.1773208492452402,0.024513641106828677,0.3643781935533214,0.43378731609460963,25,20,20
34,1431,0.17732084916546997,0.024513647192041143,0.36437653456836183,0.43378896907412695,25,20,20
34,1432,0.17694123889599284,0.024513652118737062,0.36475475252017786,0.4337903564650927,25,20,20
34,1433,0.17694123889599284,0.024513652118737062,0.36476135706002966,0.4337837519252409,25,20,20
34,1434,0.14045522235708022,0.024513647015863824,0.4012487645978735,0.4337823660291819,25,20,20
34,1435,0.1430402969108013,0.0245136470087698,0.39866369197850576,0.4337823641019235,25,20,20
34,1436,0.16575469423633657,0.024513644771603116,0.3759839418306467,0.43374771916141364,25,20,20
34,1437,0.1657546942363366,0.024513644771603192,0.37598391048491464,0.4337477505071456,25,20,20
34,1438,0.16575469423633737,0.024513644771607446,0.3763504083190555,0.4333812526729998,25,20,20
34,1439,0.16577167930197212,0.024513646114570412,0.35834949952036715,0.4513651750630905,25,20,20
34,1440,0.16506953524128345,0.024513605021154142,0.3370412204738685,0.47337563926369425,25,20,20
34,1441,0.16506953524128354,0.024513605021154218,0.33704128241435305,0.4733755773232094,25,20,20
34,1442,0.16506953524387863,0.024513605021398877,0.3370479086995017,0.47336895103522103,25,20,20
34,1443,0.16507153668313435,0.02451359893615287,0.33703455560780815,0.4733803087729047,25,20,20
34,1444,0.16507153668313432,0.024513598936152795,0.3370344126163865,0.4733804517643265,25,20,20
34,1445,0.16507153668313435,0.024513598936157087,0.3370365788992893,0.4733782854814197,25,20,20
34,1446,0.1650712825344301,0.024494075079666024,0.3370563325763241,0.4733783098095795,25,20,20
34,1447,0.16507128253443087,0.024494075079665945,0.3370702560570647,0.4733643863288385,25,20,20
34,1448,0.1650712579407318,0.03999254434518731,0.32157182243990645,0.4733643752741745,25,20,20
34,1449,0.15417457683671132,0.0399925443539823,0.3324684377346712,0.4733644410746347,25,20,20
34,1450,0.15417457683671054,0.0399925443539823,0.3324544596146597,0.47337841919464707,25,20,20
34,1451,0.15417457683671057,0.03999254435397801,0.3324522613743971,0.4733806174349139,25,20,20
34,1452,0.15419158557551335,0.03999254383408056,0.33243525554944875,0.47338061504095724,25,20,20
34,1453,0.15607003393491048,0.03999254358131512,0.3305607216576218,0.47337670082615363,25,20,20
34,1454,0.156276422846969,0.03999258810391383,0.3302615706001142,0.4734694184490042,25,20,20
34,1455,0.1505692908943736,0.03999258810418469,0.33596870255352196,0.4734694184479204,25,20,20
34,1456,0.1505692908917785,0.03999258810394003,0.335961995803143,0.47347612520113913,25,20,20
34,1457,0.150569290940347,0.039971943761454895,0.33598264009696555,0.4734761252012331,25,20,20
34,1458,0.18270671767760369,0.039971943762789876,0.30384521335238374,0.4734761252072246,25,20,20
34,1459,0.1816811074253399,0.03994634459512106,0.30462098975979907,0.47375155821973963,25,20,20
34,1460,0.18147476954703096,0.03996308912527311,0.300260056689846,0.4783020846378494,25,20,20
34,1461,0.18147476954703415,0.03996308912527304,0.30026165184672116,0.4783004894809713,25,20,20
34,1462,0.2155159769136058,0.0399460031950818,0.2708807786341709,0.47365724125714337,25,20,20
34,1463,0.19676888537619722,0.04074665158761932,0.28875916733926305,0.4737252956969211,25,20,20
34,1464,0.1967688853761972,0.0407466515876192,0.28251428776820264,0.4799701752679815,25,20,20
34,1465,0.2293894430863718,0.04074665157278795,0.24989384275360976,0.47997006258723046,25,20,20
34,1466,0.22938944308637257,0.04074665157278803,0.24989543797698158,0.479968467363858,25,20,20
34,1467,0.2293894430863718,0.04074665157278803,0.24989384333723955,0.4799700620036008,25,20,20
34,1468,0.2330340070586986,0.04074667801841385,0.2462492529185946,0.47997006200429304,25,20,20
34,1469,0.23455525987440218,0.04074670049938524,0.24474101805754148,0.47995702156867254,25,20,20
34,1470,0.23515864576934203,0.04074669946407509,0.244142915585425,0.4799517391811588,25,20,20
34,1471,0.23515864571990583,0.039082274775039026,0.24580734031867305,0.47995173918638306,25,20,20
34,1472,0.26556427971824614,0.03908224832916218,0.2154017327667862,0.4799517391858055,25,20,20
34,1473,0.26050223088638313,0.03908235883771087,0.22046313575884274,0.4799522745170633,25,20,20
34,1474,0.2604307141013195,0.039082358837601916,0.22053465253657034,0.4799522745245074,25,20,20
34,1475,0.30024369606688983,0.0390823075049106,0.18111937410328238,0.47955462232491686,25,20,20
34,1476,0.26386506818587946,0.039082307520815054,0.21749799765539046,0.4795546266379142,25,20,20
34,1477,0.2638650681858794,0.039082307520815054,0.2174979962287892,0.4795546280645155,25,20,20
34,1478,0.263865068185877,0.039082307520815124,0.21749807222950251,0.47955455206380476,25,20,20
34,1479,0.263865068185877,0.0390823075208152,0.21749818812698074,0.4795544361663264,25,20,20
34,1480,0.2638650681858802,0.039082307521057624,0.21786660880691172,0.47918601548614975,25,20,20
34,1481,0.25813567704516893,0.03908220906132277,0.22359657535697317,0.4791855385365345,25,20,20
34,1482,0.23328345381175303,0.03908264116418485,0.24844842783583396,0.4791854771882283,25,20,20
34,1483,0.23910596516894567,0.03908264116597313,0.2426259164828219,0.4791854771822588,25,20,20
34,1484,0.23910596516894575,0.03908264116597313,0.24262591698304867,0.4791854766820319,25,20,20
34,1485,0.23910596516894495,0.039082641165973056,0.24262585489813426,0.4791855387669473,25,20,20
34,1486,0.22098433333336387,0.03908271955010501,0.25955517481831636,0.4803777722982147,25,20,20
34,1487,0.22098433333336395,0.039082719550105095,0.2595552901297934,0.4803776569867375,25,20,20
34,1488,0.22098433333336395,0.039082719550105095,0.2595552791092404,0.48037766800729065,25,20,20
34,1489,0.21743890846825165,0.03908271953435318,0.26310070591706664,0.4803776660803284,25,20,20
34,1490,0.21743890846825165,0.03908271953435318,0.2631006262980941,0.48037774569930086,25,20,20
34,1491,0.21743890846825167,0.039082719534353105,0.26309592788407143,0.4803824441133235,25,20,20
34,1492,0.2174389084684335,0.03908271953436159,0.26318658097224384,0.4802917910249609,25,20,20
34,1493,0.2174389084686144,0.03908271953436586,0.2634533191851961,0.48002505281182345,25,20,20
34,1494,0.21746518449375787,0.03908271979178883,0.26342697419487304,0.48002512151957943,25,20,20
34,1495,0.21746518449375793,0.03908271979178883,0.2634269755986381,0.48002512011581433,25,20,20
34,1496,0.21746518449375712,0.03908271979179305,0.26329765060124677,0.4801544451132024,25,20,20
34,1497,0.2082206588823294,0.03828207225266464,0.2734109473003963,0.4800863215646086,25,20,20
34,1498,0.20822065888214764,0.03828207225265608,0.27332025941661103,0.48017700944858405,25,20,20
34,1499,0.20822065888232622,0.03828207225265623,0.2734108794756445,0.4800863893893718,25,20,20
34,1500,0.20822065888214522,0.03828207225265189,0.2731441123146477,0.480353156550554,25,20,20
34,1501,0.20822065890839547,0.021211592791647024,0.29021458217454854,0.4803531661254077,25,20,20
34,1502,0.2082206589083955,0.0212115927916471,0.2902146966500259,0.48035305164993036,25,20,20
34,1503,0.20822065890839542,0.0212115927916471,0.2902146097964643,0.480353138503492,25,20,20
34,1504,0.2082206589083955,0.02121159280555848,0.2903070374344059,0.4802607108516388,25,20,20
34,1505,0.23160298551873343,0.02121159280906662,0.2669247132136974,0.48026070845850116,25,20,20
34,1506,0.21568335751079096,0.021211767609181812,0.28403642060172885,0.47906845427829764,25,20,20
34,1507,0.2156833575106092,0.02121176760918174,0.2839487921265865,0.47915608275362187,25,20,20
34,1508,0.21568335757040466,0.021211766746549333,0.28394878881861985,0.4791560868644254,25,20,20
34,1509,0.2156833575704015,0.021211766746306916,0.28357566693122155,0.47952920875206945,25,20,20
34,1510,0.21568335757044707,0.021211766746551425,0.28358225610191334,0.47952261958108766,25,20,20
34,1511,0.22196578964867747,0.021211766834434355,0.2772998442915611,0.4795225992253267,25,20,20
34,1512,0.22196578962561714,0.02121151800623208,0.2773000931494524,0.4795225992186982,25,20,20
34,1513,0.22314994424954995,0.02121249599289603,0.2761149629643735,0.4795225967931798,25,20,20
34,1514,0.2231499442520998,0.021212495992655813,0.27611000933654134,0.4795275504187023,25,20,20
34,1515,0.2231502448405934,0.021212495992684183,0.27610970875545743,0.47952755041126444,25,20,20
34,1516,0.21724656937412923,0.02121249605381617,0.2820133834403725,0.4795275511316815,25,20,20
34,1517,0.2172465693741292,0.021212496053816095,0.28201987227779296,0.47952106229426106,25,20,20
34,1518,0.21724656937417475,0.02121249606776158,0.2820266988861114,0.4795142356719517,25,20,20
34,1519,0.21724656937412928,0.02121249605382039,0.28201998704314024,0.4795209475289095,25,20,20
34,1520,0.21724656937412928,0.02121249605382039,0.28202006749827285,0.47952086707377695,25,20,20
34,1521,0.23354224205127583,0.021212496050377883,0.2657243931065286,0.4795208687918172,25,20,20
34,1522,0.2335399043483476,0.021212496721033817,0.2657267300827557,0.4795208688478623,25,20,20
34,1523,0.2026187490855492,0.0212137476972586,0.29630066726463206,0.47986683595255947,25,20,20
34,1524,0.2026187490855491,0.021213747697254384,0.29630517185324323,0.47986233136395257,25,20,20
34,1525,0.2026187490853702,0.021213747697258672,0.2963116996243172,0.4798558035930533,25,20,20
34,1526,0.20261874908537025,0.021213747697262964,0.29631170033194115,0.479855802885425,25,20,20
34,1527,0.2026187490879383,0.021213747697500937,0.2966788580885051,0.47948864512605505,25,20,20
34,1528,0.2026187490879383,0.021213747697500937,0.29668094041900384,0.47948656279555624,25,20,20
34,1529,0.20261874908793762,0.021213747697496687,0.29631253905752053,0.47985496415704465,25,20,20
34,1530,0.20261874908793756,0.0212137476974924,0.2963102614919796,0.4798572417225898,25,20,20
34,1531,0.20261874908793762,0.021213747697496687,0.2963104567268669,0.4798570464876983,25,20,20
34,1532,0.20261874908793762,0.021213747697500968,0.2963980484692227,0.47976945474533816,25,20,20
34,1533,0.20261874908793762,0.021213747697500968,0.2963915581693563,0.4797759450452046,25,20,20
34,1534,0.2026189274474092,0.0212139872946574,0.29638997710772497,0.47977710815020785,25,20,20
34,1535,0.20675089159266752,0.021213964813697642,0.2922580354159341,0.4797771081776997,25,20,20
34,1536,0.2070585847036172,0.021213964813591363,0.291950344023716,0.47977710645907445,25,20,20
34,1537,0.2323844492426616,0.02121353269195064,0.26662494776067724,0.4797770703047101,25,20,20
34,1538,0.21008693958652733,0.021213520643576386,0.2889223922383166,0.47977714753157974,25,20,20
34,1539,0.20150757893787927,0.02121352064200829,0.2975017528825942,0.47977714753751854,25,20,20
34,1540,0.2124001071059805,0.021213276661450217,0.2865891640852329,0.47979745214733655,25,20,20
34,1541,0.20150739728120295,0.0212132766219317,0.2974954377935568,0.4797838883033091,25,20,20
34,1542,0.20074739758626414,0.02121327662192758,0.29825543748801314,0.4797838883037954,25,20,20
34,1543,0.18416424989525695,0.021213276625589358,0.314838585176407,0.47978388830274793,25,20,20
34,1544,0.18416424989525695,0.021213276625589358,0.31483850669436597,0.47978396678478896,25,20,20
34,1545,0.1841642498952569,0.02121327662558499,0.31483388523931416,0.47978858823984505,25,20,20
34,1546,0.18320091522636608,0.021213276625127158,0.3157973555165398,0.47978845263196773,25,20,20
34,1547,0.21048435179355449,0.021213276699949987,0.2885139189224284,0.47978845258406705,25,20,20
34,1548,0.21048435179355449,0.0212132766999542,0.28851859402584096,0.4797837774806504,25,20,20
34,1549,0.2432901868312877,0.021227071345965562,0.255705714020787,0.47977702780195974,25,20,20
34,1550,0.2432901868287196,0.021227071345727593,0.25533206655617213,0.48015067526938054,25,20,20
34,1551,0.24329018682871953,0.021227071345731884,0.25533226038020607,0.4801504814453424,25,20,20
34,1552,0.24025227419310444,0.02122601018872662,0.25871720200811255,0.4798045136100567,25,20,20
34,1553,0.24073260648557454,0.02122601018883711,0.2582368697149964,0.47980451361059223,25,20,20
34,1554,0.27982551145935464,0.02122601055033103,0.219143961022555,0.4798045169677594,25,20,20
34,1555,0.27982551145935464,0.021226010550331104,0.21914396300088004,0.47980451498943444,25,20,20
34,1556,0.2798255114331046,0.040014011987003,0.20035597117053588,0.47980450540935665,25,20,20
34,1557,0.27982551143332124,0.039981658134346995,0.20038832502297527,0.47980450540935654,25,20,20
34,1558,0.27982551143311957,0.03996102381774819,0.20040895902334643,0.4798045057257858,25,20,20
34,1559,0.2798255114331197,0.03996102381774398,0.20031678103926523,0.4798966837098711,25,20,20
34,1560,0.2807942541419715,0.03996102813527551,0.1993480130836138,0.4798967046391389,25,20,20
34,1561,0.2807942541419715,0.03996102813527543,0.1993480444748955,0.47989667324785723,25,20,20
34,1562,0.280580115788283,0.039961028135276154,0.19956218279962304,0.47989667327681784,25,20,20
34,1563,0.2805801157882838,0.03996102813527608,0.19956681292543713,0.47989204315100303,25,20,20
34,1564,0.2805801157882838,0.039961028136909514,0.23486399288999252,0.4445948631848145,25,20,20
34,1565,0.2824188396002007,0.03996104194737598,0.2330215645676887,0.44459855388473435,25,20,20
34,1566,0.288386764232594,0.039961037555065096,0.22705366526917334,0.44459853294316765,25,20,20
34,1567,0.28490450714793847,0.03996145984304131,0.23053346939092997,0.44460056361809047,25,20,20
34,1568,0.2849045071479376,0.03996145984304131,0.23052880595772288,0.4446052270512984,25,20,20
34,1569,0.28490450714879023,0.03998467200746293,0.23050559410341898,0.44460522674032793,25,20,20
34,1570,0.28490450714879023,0.03998467199355163,0.23041786771286354,0.4446929531447948,25,20,20
34,1571,0.283022189103799,0.039984657925507455,0.23230395927633193,0.4446891936943615,25,20,20
34,1572,0.28302218910120364,0.03998465792574768,0.23230891287788882,0.44468424009515956,25,20,20
34,1573,0.2834285989496438,0.03998465765667878,0.2319025058116745,0.4446842375820028,25,20,20
34,1574,0.24489909528478696,0.03998468603711876,0.27043184818749116,0.4446843704906025,25,20,20
34,1575,0.2485037793850326,0.03998426374908729,0.2668296170500688,0.44468233981581073,25,20,20
34,1576,0.24850377938503276,0.03998426374908729,0.2668359537369777,0.4446760031289017,25,20,20
34,1577,0.2485037793850328,0.03998426374908729,0.26683136779097094,0.4446805890749085,25,20,20
34,1578,0.24850377938507828,0.03998426374884286,0.26682489477895716,0.4446870620871211,25,20,20
34,1579,0.2485017649312524,0.039984322635393185,0.26682685035120746,0.44468706208214664,25,20,20
34,1580,0.2812664202163509,0.03998334363462886,0.23406317371819377,0.44468706243082595,25,20,20
34,1581,0.2812664202163509,0.03998334363462465,0.23406776217915784,0.4446824739698661,25,20,20
34,1582,0.297072917416234,0.03998334363470899,0.21826126841939975,0.44468247052965687,25,20,20
34,1583,0.2970729174161884,0.03998334363470884,0.21826103777692432,0.444682701172178,25,20,20
34,1584,0.2970729174153207,0.040013276060163736,0.21823110535789175,0.4446827011666234,25,20,20
34,1585,0.2970729174153207,0.040013276060163736,0.21823099149862255,0.44468281502589263,25,20,20
34,1586,0.29707291741532066,0.04001327606016381,0.21822637106770404,0.44468743545681133,25,20,20
34,1587,0.29707291741532066,0.04001327606015952,0.21822617579678513,0.4446876307277345,25,20,20
34,1588,0.2998443121125955,0.040024736472512534,0.21544234500408885,0.4446886064108033,25,20,20
34,1589,0.29984431211260193,0.04002473647251683,0.2154470742758349,0.44468387713904656,25,20,20
34,1590,0.2998443121125955,0.040024736472512534,0.21544234361666256,0.44468860779822955,25,20,20
34,1591,0.2998443121125955,0.040024736472512534,0.21544245867596956,0.4446884927389225,25,20,20
34,1592,0.2998443121127776,0.0400247364725169,0.21544409288088764,0.44468685853381806,25,20,20
34,1593,0.2998443121127776,0.0400247364725169,0.2154439784561085,0.4446869729585972,25,20,20
34,1594,0.3003439459044478,0.040024735801859015,0.21494434539216697,0.44468697290152653,25,20,20
34,1595,0.3003439459044478,0.04002473580185472,0.21494414872311385,0.4446871695705839,25,20,20
34,1596,0.30034394590449337,0.04002473580210361,0.2149489849185915,0.4446823333748118,25,20,20
34,1597,0.30627040862710614,0.04001327539140732,0.20903495785487164,0.44468135812661524,25,20,20
34,1598,0.2993548377634245,0.04001327539091127,0.21595052871317816,0.44468135813248644,25,20,20
34,1599,0.29935483776342764,0.04001327539091564,0.21595705415118208,0.444674832694475,25,20,20
34,1600,0.32352973682484026,0.04001327539148581,0.19178215573186302,0.4446748320518114,25,20,20
34,1601,0.3235300004897773,0.040013275498839304,0.19647997672767148,0.4399767472837119,25,20,20
34,1602,0.3235300004897773,0.040013275498839304,0.19647997672767148,0.4399767472837119,25,20,20
34,1603,0.3235299475731636,0.04001327547696469,0.19640313982250848,0.4400536371273633,25,20,20
34,1604,0.3254388076937331,0.04001365821854325,0.1944938422941936,0.4400536917935294,25,20,20
34,1605,0.3254388076936876,0.04001365821829436,0.1944891225353302,0.44005841155268705,25,20,20
34,1606,0.32133198582778055,0.040013662785552746,0.19852736960094552,0.44012698178572035,25,20,20
34,1607,0.35096785232754757,0.04001366285288463,0.16889148505131138,0.4401269997682553,25,20,20
34,1608,0.3509678523273654,0.04001366285288026,0.16888973498536672,0.4401287498343865,25,20,20
34,1609,0.3509676415804684,0.04001366287306877,0.1688721202912756,0.4401465752551859,25,20,20
34,1610,0.3509676415804682,0.04001366287306885,0.16886589690779236,0.4401527986386695,25,20,20
34,1611,0.35096764158046834,0.04001366287306885,0.16886589949548234,0.44015279605097946,25,20,20
34,1612,0.35096764158046834,0.04001366287306885,0.1688658994954823,0.4401527960509794,25,20,20
34,1613,0.35084393192709984,0.04001366287465999,0.16898960913968342,0.44015279605855584,25,20,20
34,1614,0.32651039722287306,0.040013678787144354,0.19332308806591103,0.44015283592407073,25,20,20
34,1615,0.29276741765245556,0.04001434464263543,0.22713396989137935,0.44008426781352844,25,20,20
34,1616,0.28614125159404724,0.04001435320624827,0.23376012745921051,0.4400842677404935,25,20,20
34,1617,0.2861412515940894,0.04001435322013796,0.23390963578203564,0.43993475940373655,25,20,20
34,1618,0.2553694040333171,0.040014369078041324,0.2506905810334088,0.453925645855233,25,20,20
34,1619,0.255369404033314,0.04001436907827995,0.25095032701659503,0.4536658998718113,25,20,20
34,1620,0.25536940403331404,0.04001436907828417,0.25095044123130167,0.45366578565710036,25,20,20
34,1621,0.25536940403331404,0.04001436907828417,0.25095052172096427,0.4536657051674377,25,20,20
34,1622,0.255369404033314,0.04001436907852222,0.2513234469197749,0.453292779968389,25,20,20
34,1623,0.255369404033314,0.04001436907852215,0.25132333164325754,0.45329289524490624,25,20,20
34,1624,0.2534605688828787,0.04001373747951255,0.2532328530194864,0.4532928406181217,25,20,20
34,1625,0.22715790960722226,0.04002266822533495,0.27952583443776935,0.45329358772967326,25,20,20
34,1626,0.22715790960722224,0.0400226682253392,0.279898822449282,0.4529205997181564,25,20,20
34,1627,0.23434972766026407,0.04000887357021901,0.27272195323586834,0.45291944553364777,25,20,20
34,1628,0.2343497276602187,0.040008873556329184,0.2725677892153622,0.45307360956808906,25,20,20
34,1629,0.2343497276602187,0.04000887355632926,0.27256790452715324,0.4530734942562979,25,20,20
34,1630,0.26546972393363905,0.04000885769843198,0.25543763879017023,0.4390837795777577,25,20,20
34,1631,0.26547813563493955,0.04000885769850091,0.25542922712818406,0.4390837795383743,25,20,20
34,1632,0.26547962351640086,0.04001085569911028,0.22456914915347528,0.46994037163101327,25,20,20
34,1633,0.22555182295297893,0.040012501959941466,0.2644953010478837,0.4699403740391949,25,20,20
34,1634,0.22555033507009134,0.040010503852026987,0.2554524036672153,0.4789867574106656,25,20,20
34,1635,0.2255503350700921,0.040010503851784715,0.25508588745660726,0.47935327362151503,25,20,20
34,1636,0.22555033507268651,0.04001050385202931,0.2550841175085642,0.47935504356671904,25,20,20
34,1637,0.22555033508306738,0.040010503852269654,0.2547158508043127,0.4797233102603493,25,20,20
34,1638,0.22555918112287204,0.04001050385219842,0.2547070023743229,0.47972331265060547,25,20,20
34,1639,0.22555918112287204,0.04001050385219842,0.25470688848638806,0.4797234265385403,25,20,20
34,1640,0.22506977267987316,0.04001050385220039,0.2551962969288769,0.47972342653904865,25,20,20
34,1641,0.22506977267987316,0.04001050385220039,0.25519633028840566,0.4797233931795198,25,20,20
34,1642,0.2311208250454797,0.04001050385219996,0.2491452782840824,0.47972339281823695,25,20,20
34,1643,0.23112082505205156,0.02125475327713757,0.26790102868424426,0.4797233929865653,25,20,20
34,1644,0.25728352130682164,0.02124582271495195,0.24174796105690227,0.4797226949213234,25,20,20
34,1645,0.25728352130682164,0.02124582271495195,0.24175266226436953,0.4797179937138561,25,20,20
34,1646,0.2400924982118672,0.021282726720076188,0.258906780404043,0.47971799466401227,25,20,20
34,1647,0.23648435906969298,0.021282726615607515,0.2625149686779589,0.47971794563673936,25,20,20
34,1648,0.23648435906969617,0.021282726615607594,0.262515002561871,0.4797179117528241,25,20,20
34,1649,0.23648435906969617,0.021282726615607594,0.2625151164455924,0.47971779786910246,25,20,20
34,1650,0.23648435906969617,0.021282726615607594,0.2625151171222819,0.4797177971924129,25,20,20
34,1651,0.24311632747962503,0.021282718050315765,0.2558831576454276,0.47971779682463006,25,20,20
34,1652,0.243116327473261,0.038320466905565426,0.23884540896477888,0.47971779665639347,25,20,20
34,1653,0.24311072819651477,0.038320466905593396,0.23885100824149247,0.479717796656398,25,20,20
34,1654,0.24309346928553988,0.03832192502279919,0.23886668950126883,0.47971791619039095,25,20,20
34,1655,0.24667624255974857,0.038320278770266586,0.23528556489400906,0.479717913775975,25,20,20
34,1656,0.24667624255974857,0.03832027877026666,0.23528746786539956,0.47971601080458426,25,20,20
34,1657,0.24667624255974852,0.03832027877026666,0.23528530616946405,0.4797181725005196,25,20,20
34,1658,0.24667624255975162,0.03832027877026673,0.2352900065212949,0.47971347214868565,25,20,20
34,1659,0.2466762425572051,0.03832027877027095,0.23528996420194276,0.47971351447058,25,20,20
34,1660,0.24667624255720516,0.03832027877027103,0.23528993285605637,0.47971354581646636,25,20,20
34,1661,0.24667624255720516,0.03832027877027103,0.2352898979615484,0.4797135807109744,25,20,20
34,1662,0.24667624254682421,0.03832027877002636,0.23528508782764612,0.4797183908555022,25,20,20
34,1663,0.24667624254682421,0.03832027877002636,0.23528508716325697,0.4797183915198914,25,20,20
34,1664,0.24667624254682421,0.03832027877002636,0.23528508660193354,0.47971839208121486,25,20,20
34,1665,0.2710054048006775,0.03832026285688269,0.21095598015662567,0.4797183521858139,25,20,20
34,1666,0.27100540480071983,0.03832026285688691,0.21095761302702443,0.47971671931536863,25,20,20
34,1667,0.2710054048007206,0.03832026285688683,0.2109575610114705,0.47971677133092183,25,20,20
34,1668,0.27100540480067503,0.038320262856882545,0.2109558131998608,0.4797185191425814,25,20,20
34,1669,0.30920728064459124,0.03831959243383178,0.17275458655763387,0.4797185403639432,25,20,20
34,1670,0.30895870953767296,0.03831959243388766,0.17300310944543804,0.47971858858300137,25,20,20
34,1671,0.3089587095376698,0.03831959243388759,0.1730008001782913,0.4797208978501514,25,20,20
34,1672,0.30895870953766985,0.038319592433887516,0.17300071273071968,0.47972098529772306,25,20,20
34,1673,0.30895870953766985,0.038319592433891735,0.1729957313983322,0.4797259666301064,25,20,20
34,1674,0.3089587095376691,0.038319592433891735,0.17299581483841947,0.47972588319001985,25,20,20
34,1675,0.32527387513567974,0.03831959243044812,0.156680649243323,0.47972588319054915,25,20,20
34,1676,0.2869380772323314,0.038319637739935346,0.19501597005765262,0.4797263149700806,25,20,20
34,1677,0.2869380772323314,0.038319637739935346,0.19501600297501234,0.4797262820527209,25,20,20
34,1678,0.28693807723237685,0.038319637739939634,0.19502265558401902,0.47971962944366436,25,20,20
34,1679,0.28529684948579725,0.03831959246036892,0.1966643603902119,0.47971919766362175,25,20,20
34,1680,0.28684662316683873,0.038319594023200995,0.19511458507801133,0.47971919773194893,25,20,20
34,1681,0.28684662321608895,0.04000506236673249,0.1934291166852255,0.47971919773195304,25,20,20
34,1682,0.3044824810851416,0.039968158362168715,0.17583016203970575,0.47971919851298384,25,20,20
34,1683,0.2728895632728825,0.03996822402887021,0.20742285472791377,0.47971935797033266,25,20,20
34,1684,0.27288956327288566,0.03996822402887457,0.2074294341911339,0.479712778507105,25,20,20
34,1685,0.27288956327288255,0.039968224028870285,0.20742294355455487,0.4797192691436915,25,20,20
34,1686,0.2692369374762164,0.039968224020886456,0.21107556936055613,0.47971926914234025,25,20,20
34,1687,0.2692369374761709,0.03996822402088209,0.21106883367265664,0.47972600483028954,25,20,20
34,1688,0.26891732384528155,0.03996822411106149,0.21138844719841546,0.47972600484524075,25,20,20
34,1689,0.26903960642862074,0.039968224019044006,0.21126618889465976,0.4797259806576752,25,20,20
34,1690,0.3085418295156897,0.03996822401873499,0.1717639658073863,0.4797259806581887,25,20,20
34,1691,0.30854182951564096,0.03996822401848618,0.17175925488066654,0.4797306915852061,25,20,20
34,1692,0.3085487866734157,0.03996822402467102,0.1717522976877185,0.4797306916141945,25,20,20
34,1693,0.30854878667341645,0.03996822402467109,0.17212541510546217,0.4793575741964499,25,20,20
34,1694,0.30854878668382,0.03996822402491093,0.17221655418941115,0.4792664351018578,25,20,20
34,1695,0.30858794364590403,0.03996822402435631,0.17217739895904388,0.4792664333706957,25,20,20
34,1696,0.3070376680286894,0.03996822243160778,0.1737276762373563,0.4792664333023465,25,20,20
34,1697,0.3065415811533505,0.03996822244420222,0.17422375967900333,0.4792664367234439,25,20,20
34,1698,0.3065415811535327,0.03996822244444682,0.1742284807180372,0.4792617156839834,25,20,20
34,1699,0.30640296341566237,0.0399682224509185,0.17436709847687829,0.47926171565654097,25,20,20
34,1700,0.3064029634156624,0.03996822245092279,0.17436482525926142,0.4792639888741535,25,20,20
34,1701,0.30640296340525885,0.039968222450678735,0.1742721786051824,0.47935663553888014,25,20,20
34,1702,0.3064029634052588,0.039968222450435735,0.17400810622141502,0.4796207079228904,25,20,20
34,1703,0.3064029635529828,0.03996822245043999,0.17401405422836785,0.47961475976820933,25,20,20
34,1704,0.30640296355298274,0.03996822245043999,0.17401406632371905,0.47961474767285805,25,20,20
34,1705,0.30640296355316365,0.039968222450444256,0.17428041480965387,0.479348399186738,25,20,20
34,1706,0.3064709277793663,0.03996676532379797,0.17421402725208657,0.4793482796447482,25,20,20
34,1707,0.3008451239260959,0.039966769773250276,0.1798386383702952,0.47934946793035765,25,20,20
34,1708,0.3008451239260983,0.03996676977325035,0.17946563627000164,0.47972247003064866,25,20,20
34,1709,0.2964265933479919,0.03996943695457637,0.18385649033047208,0.47974747936695905,25,20,20
34,1710,0.2964265933479918,0.03996943695457629,0.1838563744434066,0.4797475952540246,25,20,20
34,1711,0.2964265933479918,0.03996943695457622,0.1838563724316983,0.47974759726573296,25,20,20
34,1712,0.29642659334803734,0.039969436954825105,0.18386107634745574,0.47974289334968107,25,20,20
34,1713,0.2963131292006128,0.0399667044498614,0.18400244182023887,0.4797177245292862,25,20,20
34,1714,0.27864290059425845,0.039967354227412336,0.20166897699151629,0.47972076818681203,25,20,20
34,1715,0.2786429005942585,0.03996735422741662,0.20176119029122494,0.47962855488709905,25,20,20
34,1716,0.2786429005942593,0.03996735422741669,0.20176119372127768,0.47962855145704536,25,20,20
34,1717,0.2781840129841317,0.039967354233498245,0.20222008132531794,0.4796285514570512,25,20,20
34,1718,0.2781973253508248,0.03996735462671019,0.20220676853253294,0.47962855148993144,25,20,20
34,1719,0.2781973253508249,0.039967354626710264,0.2022068376306454,0.4796284823918188,25,20,20
34,1720,0.27819732535064395,0.03996735462670608,0.20194709389915616,0.47988822612349324,25,20,20
34,1721,0.2620053646545504,0.03996736649732831,0.21813904272504753,0.4798882261230722,25,20,20
34,1722,0.2620053645068271,0.03996736649732402,0.21813904023853264,0.47988822875731457,25,20,20
34,1723,0.261845534895784,0.03996736684110906,0.218298867808431,0.479888230454674,25,20,20
34,1724,0.26760091293125177,0.03996736238063584,0.21254468551159977,0.4798870391765112,25,20,20
34,1725,0.26760091293120614,0.03996736238038696,0.21254464287220787,0.47988708181619755,25,20,20
34,1726,0.23805690053836753,0.03996952772816299,0.208564160711568,0.5134094110218999,25,20,20
34,1727,0.23806004790103524,0.03996952733565966,0.208561013740126,0.5134094110231777,25,20,20
34,1728,0.20184014347069726,0.03996952868640181,0.24438574754188078,0.513804580301019,25,20,20
34,1729,0.20184014347069407,0.03996952868640166,0.2443857117770742,0.513804616065829,25,20,20
34,1730,0.20332314310706093,0.039972794831451844,0.21799147657218274,0.538712585489303,25,20,20
34,1731,0.20332314310724256,0.03997279483145177,0.21811131298354647,0.5385927490777574,25,20,20
34,1732,0.20332314310724256,0.039972794831451844,0.21848213642991354,0.5382219256313903,25,20,20
34,1733,0.20332314310724264,0.03997279483145613,0.21848450182226137,0.538219560239038,25,20,20
34,1734,0.23045936736817768,0.03997277008853736,0.19134744666550374,0.5382204158777796,25,20,20
34,1735,0.23045936736817693,0.03997277008853743,0.19135393356059374,0.5382139289826902,25,20,20
34,1736,0.23045936736817688,0.03997277008853329,0.1913562686200857,0.5382115939232023,25,20,20
34,1737,0.24713605205159503,0.03997275821171959,0.17467959581409556,0.5382115939225882,25,20,20
34,1738,0.24712709556259305,0.03997275821171962,0.1746885523031159,0.5382115939225698,25,20,20
34,1739,0.21909437065372145,0.039972755533796776,0.20230208948492134,0.5386307843275596,25,20,20
34,1740,0.21908147985581464,0.03997275514102309,0.2023147872200161,0.5386309777831454,25,20,20
34,1741,0.2190814798558146,0.03997275514102302,0.20231478718969595,0.5386309778134657,25,20,20
34,1742,0.2190814798558146,0.03997275514102309,0.20231020123010007,0.5386355637730614,25,20,20
34,1743,0.21908148044744938,0.03997275516890333,0.20232017813551967,0.5386255862481268,25,20,20
34,1744,0.21760193341106646,0.03997275604669013,0.20379963609871082,0.5386256744435327,25,20,20
34,1745,0.21760152098246102,0.03997275692376209,0.20380024106402414,0.5386254810297532,25,20,20
34,1746,0.2176015210368987,0.03997275692890354,0.2289310779961624,0.5134946440380331,25,20,20
34,1747,0.21750966692326,0.039970591513795714,0.22254906985767736,0.5199706717052659,25,20,20
34,1748,0.21750966692326,0.03997059151379572,0.22254895739379685,0.5199707841691467,25,20,20
34,1749,0.21753827277834736,0.0399706379655129,0.2225203050910072,0.5199707841651316,25,20,20
34,1750,0.21753827277834736,0.0399706379655129,0.22251378338047118,0.5199773058756678,25,20,20
34,1751,0.21753827277834736,0.03997063796551298,0.22251840366344536,0.5199726855926936,25,20,20
34,1752,0.21765060431070787,0.03997063797942756,0.22240607204652704,0.5199726856633365,25,20,20
34,1753,0.20647930824723423,0.0399706453481736,0.23357636832529455,0.5199736780792958,25,20,20
34,1754,0.20647930824723423,0.03997064534817367,0.23357648221504257,0.5199735641895477,25,20,20
34,1755,0.20647930824723423,0.03997064534817367,0.2332034076791123,0.5203466387254779,25,20,20
34,1756,0.2064793082472343,0.03997064534817367,0.2332053113160403,0.52034473508855,25,20,20
34,1757,0.20647930824723748,0.03997064534817367,0.23320534462524636,0.5203447017793407,25,20,20
34,1758,0.20646568132094523,0.03997201145296737,0.2332176033717724,0.5203447038543133,25,20,20
34,1759,0.21154842790760642,0.03997200408561767,0.22813585654932061,0.5203437114574535,25,20,20
34,1760,0.21154842791798686,0.03997200408586647,0.22814253432180695,0.5203370336743379,25,20,20
34,1761,0.21441519612403248,0.03997318948821891,0.23970164698156982,0.5059099674061766,25,20,20
34,1762,0.2323650717950254,0.03997253971066959,0.22175546304440666,0.5059069254498971,25,20,20
34,1763,0.23259066086580124,0.03997254405039252,0.22152988168011853,0.5059069134036868,25,20,20
34,1764,0.23259066086580116,0.03997254405038824,0.22143758732947305,0.5059992077543369,25,20,20
34,1765,0.23877953102669747,0.039972539799858126,0.2152498570430918,0.505998072130352,25,20,20
34,1766,0.2387795304352436,0.03997253977198208,0.21550611636956318,0.5057418134232105,25,20,20
34,1767,0.2387795304352468,0.03997253977197779,0.21551079361333783,0.5057371361794369,25,20,20
34,1768,0.21222052665352717,0.03997253990560578,0.24206979152066982,0.5057371419201964,25,20,20
34,1769,0.21823723365023878,0.039972545072166826,0.2360530785266062,0.5057371427509874,25,20,20
34,1770,0.21538647202147257,0.0399713596649588,0.23922716851895431,0.5054149997946137,25,20,20
34,1771,0.2161666509955223,0.039971359308513456,0.23844699160077273,0.5054149980951911,25,20,20
34,1772,0.20621778084073916,0.03997135859721957,0.24839595065573972,0.5054149099063007,25,20,20
34,1773,0.206201922697116,0.0399713725788028,0.24840799512511588,0.5054187095989642,25,20,20
34,1774,0.20941207914123672,0.039970052699405755,0.2451737364288924,0.5054441317304639,25,20,20
34,1775,0.20468909301448093,0.0399700524464201,0.24989672281253117,0.5054441317265665,25,20,20
34,1776,0.20468909301448093,0.0399700524464201,0.24989023916715045,0.5054506153719472,25,20,20
34,1777,0.2046890930143,0.03997005244641584,0.24962388764882132,0.5057169668904616,25,20,20
34,1778,0.20468065209192024,0.03997005244641401,0.24963232857068793,0.5057169668909764,25,20,20
34,1779,0.20463566942686182,0.03997004728007237,0.24967731723708095,0.5057169660559839,25,20,20
34,1780,0.20463566942685862,0.03997004728007237,0.2496773172367999,0.5057169660562681,25,20,20
34,1781,0.20463566939490613,0.014149726967839582,0.27549763757911555,0.5057169660581371,25,20,20
34,1782,0.20463566939490613,0.014149726967839582,0.2754976323343162,0.5057169713029366,25,20,20
34,1783,0.20463566939490616,0.014149726967843723,0.27549953695394164,0.5057150666833072,25,20,20
34,1784,0.20208678534943328,0.01415074998898031,0.2780379755611517,0.5057244891004337,25,20,20
34,1785,0.20208805343633834,0.01415079865292152,0.27803665881071554,0.5057244891000231,25,20,20
34,1786,0.20210499754726075,0.01415079865292155,0.27801971637168255,0.5057244874281338,25,20,20
34,1787,0.20552372892326012,0.014150807013524957,0.2746010064596645,0.5057244576035491,25,20,20
34,1788,0.20552372892326012,0.014150807013529134,0.27496750488490823,0.5053579591783014,25,20,20
34,1789,0.20552372892326012,0.01415080701352921,0.27496758736317095,0.5053578767000386,25,20,20
34,1790,0.20552372892307724,0.014150807013284725,0.27495692218734147,0.5053685418762955,25,20,20
34,1791,0.2055237289230772,0.014150807013284727,0.2749522383627145,0.5053732257009225,25,20,20
34,1792,0.20552372892307724,0.014150807013287811,0.28601007098699194,0.4943153930766419,25,20,20
34,1793,0.20552372892307727,0.014150807013531875,0.28610236750145507,0.4942230965619347,25,20,20
34,1794,0.16940787175953484,0.014149784008443687,0.32222853517829725,0.49421380905372353,25,20,20
34,1795,0.16940787175957997,0.014149784008447863,0.3226015315409084,0.49384081269106295,25,20,20
34,1796,0.1694107162937233,0.01414978355594098,0.32301873095138994,0.4934207691989451,25,20,20
34,1797,0.16935957592211448,0.014149783066542103,0.32306972994589345,0.4934209110654493,25,20,20
34,1798,0.1693429593494063,0.014149806027447148,0.3230864913915555,0.4934207432315904,25,20,20
34,1799,0.19273143424191858,0.01414979744172308,0.29969802507904253,0.4934207432373154,25,20,20
34,1800,0.19273146784479148,0.014149797455373645,0.29975845521757444,0.4933602794822599,25,20,20
34,1801,0.1745844592544346,0.014149797852294555,0.3177331841289819,0.4935325587642883,25,20,20
34,1802,0.17983209885834914,0.014150545011425235,0.31246080532013204,0.49355655081009286,25,20,20
34,1803,0.1748232367584104,0.014147277515549044,0.3027761264037123,0.5082533593223274,25,20,20
34,1804,0.17482401309022336,0.014147228806373828,0.3027753988525952,0.5082533592508063,25,20,20
34,1805,0.17494129638198067,0.0141472307061442,0.30265821905916257,0.5082532538527119,25,20,20
34,1806,0.174941296381987,0.014147230706144202,0.30265327476706183,0.5082581981448062,25,20,20
34,1807,0.17494129638216915,0.014147230706152711,0.30265555441362646,0.5082559184980512,25,20,20
34,1808,0.1749412963822145,0.01414723070615264,0.3027923915507533,0.5081190813608786,25,20,20
34,1809,0.1749412963821702,0.014147230706152753,0.30242403302041604,0.5084874398912601,25,20,20
34,1810,0.17494129638217334,0.014147230706152824,0.3024256532284297,0.5084858196832435,25,20,20
34,1811,0.1575623955854306,0.014147886602046902,0.3198038981292052,0.5084858196833167,25,20,20
34,1812,0.1575623955854306,0.014147886602291439,0.31980401212419457,0.5084857056880832,25,20,20
34,1813,0.160570512384966,0.014147862128449458,0.3167959238894005,0.5084857015971835,25,20,20
34,1814,0.16057051238478465,0.014147862128440873,0.3171675291471701,0.5081140963396039,25,20,20
34,1815,0.16057051238477826,0.01414786212843658,0.3171658695292569,0.5081157559575279,25,20,20
34,1816,0.1486372721957548,0.014147763318886685,0.32902541782105177,0.508189546664306,25,20,20
34,1817,0.1486372721957516,0.014147763318886609,0.3290253000706589,0.5081896644147024,25,20,20
34,1818,0.1535006694881098,0.014147206373753251,0.32411164517815827,0.5082404789599783,25,20,20
34,1819,0.1659561898080344,0.014146466871959654,0.31185309698586766,0.5080442463341379,25,20,20
34,1820,0.1659561898080376,0.014146466872199986,0.31148669813305363,0.5084106451867084,25,20,20
34,1821,0.1649933340482752,0.014146467356985746,0.31244955220885495,0.508410646385884,25,20,20
34,1822,0.19075023153371107,0.014146466952259691,0.2866926548492515,0.5084106466647773,25,20,20
34,1823,0.19068227017001999,0.014146465961700237,0.28676061718946516,0.5084106466788143,25,20,20
34,1824,0.19068227017002,0.014146465961700385,0.28676531600506366,0.5084059478632156,25,20,20
34,1825,0.20665592555938908,0.01414646595801963,0.27079166063640253,0.5084059478461888,25,20,20
34,1826,0.2066559255594338,0.014146465958023996,0.27041789732210286,0.5087797111604392,25,20,20
34,1827,0.20665592555943063,0.014146465957779486,0.27041589414171374,0.5087817143410759,25,20,20
34,1828,0.20665592555943083,0.014146465958024053,0.27028784591832866,0.5089097625642163,25,20,20
34,1829,0.206655925559434,0.014146465957779514,0.27029081149432915,0.5089067969884572,25,20,20
34,1830,0.2066559255594332,0.014146465957775224,0.27055239071654574,0.5086452177662457,25,20,20
34,1831,0.21738493657801214,0.014146471262198992,0.25982334982342403,0.5086452423363648,25,20,20
34,1832,0.21738490297513927,0.014146471248304366,0.2596722460679374,0.5087963797086188,25,20,20
34,1833,0.21136104228933944,0.01414647555742747,0.2656961020864188,0.508796380066814,25,20,20
34,1834,0.21200541846903445,0.014176834115893372,0.2650251670345001,0.508792580380571,25,20,20
34,1835,0.21200541846898896,0.014176834115889008,0.26502496003131415,0.5087927873838067,25,20,20
34,1836,0.2120054184689858,0.014176834115888857,0.2650280690091247,0.5087896784059993,25,20,20
34,1837,0.19561768216737113,0.014176834116139365,0.2814158052758935,0.5087896784405946,25,20,20
34,1838,0.19561768214986533,0.040008063059195555,0.2555845763523081,0.5087896784386298,25,20,20
34,1839,0.15796157829542934,0.040008055245787,0.29324066011002214,0.5087897063487606,25,20,20
34,1840,0.1589214775588646,0.040009641918360594,0.2922793083820907,0.5087895721406835,25,20,20
34,1841,0.1589214775588646,0.04000964191836061,0.2920130585070872,0.5090558220156869,25,20,20
34,1842,0.15892147755886454,0.04000964191836061,0.29200837669490554,0.5090605038278685,25,20,20
34,1843,0.1589214775588645,0.04000964191836053,0.29200378997096976,0.5090650905518044,25,20,20
34,1844,0.17463839748678772,0.04000964194872462,0.2762868650888612,0.5090650954756254,25,20,20
34,1845,0.17463839748678775,0.040009641948728907,0.27628837207571827,0.509063588488764,25,20,20
34,1846,0.1746383974867854,0.04000964194872884,0.2762837095332164,0.5090682510312681,25,20,20
34,1847,0.1714132450622485,0.04001390854260434,0.2795300196390515,0.5090428267560937,25,20,20
34,1848,0.1714132450622485,0.04001390854260442,0.27953010010960516,0.5090427462855398,25,20,20
34,1849,0.17302210317049874,0.040015357135748976,0.27791985993836765,0.5090426797553826,25,20,20
34,1850,0.17302210317050185,0.04001535713599183,0.2781815105763132,0.5087810291171915,25,20,20
34,1851,0.1695366325691387,0.040013908811878524,0.28166829103230995,0.5087811675866711,25,20,20
34,1852,0.16841484587811695,0.04001390882392457,0.2827900777401563,0.5087811675578005,25,20,20
34,1853,0.16841484587811617,0.040013908823924554,0.28279003965992755,0.50878120563803,25,20,20
34,1854,0.16841484587811617,0.04001390882392885,0.282794628659439,0.508776616638514,25,20,20
34,1855,0.1677703233922811,0.03998387027859923,0.2834691896976285,0.5087766166314891,25,20,20
34,1856,0.1677703233922811,0.039983870278603444,0.2834738107813941,0.5087719955477191,25,20,20
34,1857,0.17362121616337448,0.03998387102057181,0.2776228935586771,0.508772019257375,25,20,20
34,1858,0.1792153273727113,0.03998387102057163,0.27202878234934064,0.508772019257375,25,20,20
34,1859,0.1792153273623309,0.03998387102032284,0.2720221585970241,0.5087786430203208,25,20,20
34,1860,0.17921532736233092,0.03998387102031983,0.2609708477136029,0.5198299539037451,25,20,20
34,1861,0.1792153279501615,0.0399838710205586,0.2612333644221634,0.5195674366071152,25,20,20
34,1862,0.1792153279501647,0.039983871020558684,0.26123344634426343,0.5195673546850119,25,20,20
34,1863,0.17243029252369801,0.0399843333933152,0.2680157960878601,0.519569577995126,25,20,20
34,1864,0.17243029193586742,0.039984333393072204,0.26774869110370947,0.5198366835673504,25,20,20
34,1865,0.17356574119760007,0.03998386611968786,0.26661595613949235,0.519834436543219,25,20,20
34,1866,0.17354849682466714,0.03998389570938487,0.26663317085983645,0.5198344366061111,25,20,20
34,1867,0.1735484968246671,0.039983895709380574,0.2666315879485248,0.5198360195174271,25,20,20
34,1868,0.1735484969407314,0.039983895709380594,0.2986489192928782,0.4878186880570098,25,20,20
34,1869,0.17354849694073166,0.040005364034216735,0.29862745096794585,0.4878186880571056,25,20,20
34,1870,0.17354849694073166,0.040005364034216735,0.2986275340990528,0.4878186049259989,25,20,20
34,1871,0.17354849694073174,0.040005364034216735,0.29863212312451276,0.4878140159005391,25,20,20
34,1872,0.16106333388361013,0.04000539730684953,0.3111172001142424,0.48781406869529875,25,20,20
34,1873,0.16106333388361013,0.04000539730684946,0.3111218188535448,0.48780944995599645,25,20,20
34,1874,0.16106333388360702,0.04000539730660661,0.3108570899221052,0.4880741788876819,25,20,20
34,1875,0.1610633337675459,0.040005397306606606,0.2788398113127844,0.5200914576130634,25,20,20
34,1876,0.16106333376754267,0.04000539730660653,0.27883980789509905,0.5200914610307521,25,20,20
34,1877,0.15546929338252288,0.040005397306625286,0.2844338482800989,0.520091461030753,25,20,20
34,1878,0.15546929338252294,0.04000539730662536,0.28443388310688883,0.5200914262039629,25,20,20
34,1879,0.17389756871781195,0.04000536388191142,0.26600569435875715,0.5200913730415196,25,20,20
34,1880,0.17389756871781187,0.04000536388191553,0.26627040404063756,0.5198266633596349,25,20,20
34,1881,0.1738975687178269,0.039974443376749776,0.26630132454588407,0.519826663359539,25,20,20
34,1882,0.17389756872041645,0.039974443390665436,0.26639367924527413,0.5197343086436437,25,20,20
34,1883,0.1738975687178269,0.039974443376749776,0.26630124481859985,0.5198267430868231,25,20,20
34,1884,0.17389760230398413,0.03997444339063742,0.2664736766361095,0.5196542776692687,25,20,20
34,1885,0.17389760230398413,0.039974443390641705,0.26647219665115107,0.5196557576542229,25,20,20
34,1886,0.17389760230398413,0.039974443390637444,0.26620586397495655,0.5199220903304217,25,20,20
34,1887,0.17389760230398413,0.0399744433906376,0.26621056613169736,0.5199173881736807,25,20,20
34,1888,0.1738976023143354,0.039974443404539726,0.2663294936121622,0.5197984606689624,25,20,20
34,1889,0.17389760300305843,0.0399744133137067,0.2663296592218035,0.5197983244614313,25,20,20
34,1890,0.17463238958903854,0.03997531051310945,0.2655117576640009,0.5198805422338509,25,20,20
34,1891,0.17463267198259602,0.03997534011601314,0.26551144802039645,0.5198805398809947,25,20,20
34,1892,0.17463639417646057,0.03997375294963315,0.265509315320574,0.5198805375533339,25,20,20
34,1893,0.17463639417650612,0.03997375294963323,0.26550943512731273,0.5198804177465494,25,20,20
34,1894,0.17463639417650614,0.03997375294963315,0.26550476283230895,0.5198850900415531,25,20,20
34,1895,0.17463639417668822,0.03997375294987773,0.265511255208026,0.5198785976654093,25,20,20
34,1896,0.17463639417668822,0.03997375294987781,0.26550666927689887,0.5198831835965363,25,20,20
34,1897,0.17463639352684024,0.04035441205157893,0.2651260106530417,0.5198831837685387,25,20,20
34,1898,0.1752804237421304,0.0403544123921164,0.2644819800397471,0.5198831838260051,25,20,20
34,1899,0.17528042374213032,0.04035441239211633,0.26448186413534364,0.5198832997304086,25,20,20
34,1900,0.17528042374213038,0.04035441239211211,0.26447730369033534,0.5198878601754212,25,20,20
34,1901,0.17516385623338618,0.040354412392098034,0.2645938711990945,0.5198878601754204,25,20,20
34,1902,0.15849630975243081,0.04035511234658257,0.2812607156729602,0.5198878622280257,25,20,20
34,1903,0.15849630975243073,0.04035511234658257,0.28125624275935057,0.5198923351416354,25,20,20
34,1904,0.15849630975243081,0.04035511234658264,0.28125852249051475,0.5198900554104712,25,20,20
34,1905,0.15757611547022926,0.04362244986721456,0.27891129218576005,0.519890142476796,25,20,20
34,1906,0.15757611547022926,0.043622449867214634,0.2789111446684512,0.5198902899941049,25,20,20
34,1907,0.15757611856782872,0.04324145677248859,0.27929044553169036,0.5198919791279922,25,20,20
34,1908,0.1575761185677832,0.04324145677224402,0.27928154199714134,0.5199008826628314,25,20,20
34,1909,0.1575761185677832,0.043241456772248235,0.27928621568713397,0.5198962089728346,25,20,20
34,1910,0.16315787719476138,0.039974119280895316,0.2769718815583596,0.5198961219659836,25,20,20
34,1911,0.17804105960457284,0.039973419667881725,0.2620893080745864,0.5198962126529589,25,20,20
34,1912,0.17804105960457606,0.039973419667881725,0.26221452915137244,0.5197709915761697,25,20,20
34,1913,0.17804105838593676,0.03996906395880513,0.2622188649153571,0.5197710127399009,25,20,20
34,1914,0.17804102479977948,0.039969063944917414,0.2620463192332757,0.5199435920220274,25,20,20
34,1915,0.1780410247894282,0.039969063931015285,0.26192746564038805,0.5200624456391686,25,20,20
34,1916,0.17804102478942505,0.03996906393101536,0.2618069451489721,0.5201829661305876,25,20,20
34,1917,0.19552038368127939,0.03996906749295066,0.24427245827905503,0.5202380905467152,25,20,20
34,1918,0.19576199196534308,0.03996906218850748,0.2440308797507563,0.5202380660953935,25,20,20
34,1919,0.17988773389110618,0.03996909606694244,0.25990514069486104,0.5202380293470904,25,20,20
34,1920,0.17988773389110618,0.03996909606694237,0.2599028904890791,0.5202402795528724,25,20,20
34,1921,0.1798877338911094,0.03996909606694245,0.25990451252848795,0.5202386575134603,25,20,20
34,1922,0.19858478015574196,0.039969092505027615,0.24126259424177746,0.5201835330974532,25,20,20
34,1923,0.19858478015574274,0.03996909250503188,0.24144049357046385,0.5200056337687619,25,20,20
34,1924,0.23212051418690105,0.0399690925030988,0.2079052889641082,0.5200051043458922,25,20,20
34,1925,0.23226530731556597,0.03996909250309733,0.2077604962670081,0.5200051039143289,25,20,20
34,1926,0.23153049924540792,0.039968195294888355,0.2085784217116985,0.5199228837480064,25,20,20
34,1927,0.2315304992454087,0.039968195294888355,0.2085753873681157,0.5199259180915885,25,20,20
34,1928,0.23153019156846827,0.039968204024366,0.20857568635196302,0.5199259180552039,25,20,20
34,1929,0.23153019215471535,0.03996820403842142,0.20894821905991115,0.5195533847469533,25,20,20
34,1930,0.23203286325212416,0.03996838512497744,0.20844437972979088,0.519554371893108,25,20,20
34,1931,0.2320328632521241,0.039968385124977364,0.20844435047206042,0.5195544011508388,25,20,20
34,1932,0.23152988309713166,0.040747565400191206,0.2081691174763211,0.5195534340263568,25,20,20
34,1933,0.21812284105805063,0.040747891652373004,0.22153188041766853,0.5195973868719083,25,20,20
34,1934,0.2181228410580514,0.040747891652372935,0.2216614497118519,0.5194678175777242,25,20,20
34,1935,0.21812284105805133,0.04074789165237279,0.22165484492724297,0.5194744223623333,25,20,20
34,1936,0.21812284105805133,0.04074789165237279,0.22165484563047053,0.5194744216591057,25,20,20
34,1937,0.21812284105805055,0.040747891652372734,0.22148002643151635,0.5196492408580606,25,20,20
34,1938,0.24206069717937917,0.040747892510767846,0.19766677145414074,0.5195246388557127,25,20,20
34,1939,0.24206069717919715,0.040747892510523256,0.19766027907842376,0.5195311312318562,25,20,20
34,1940,0.24206069717919715,0.040747892510527475,0.1976667697098681,0.5195246406004077,25,20,20
34,1941,0.24206069659295001,0.04074789249647205,0.19729269063737045,0.5198987202732079,25,20,20
34,1942,0.23817972764532228,0.04074789709319183,0.20117363307914635,0.5198987421823402,25,20,20
34,1943,0.23817991145756165,0.04074813955989644,0.2011061287496939,0.5199658202328483,25,20,20
34,1944,0.20213284975990092,0.04074813497244364,0.23715307826162677,0.5199659370060289,25,20,20
34,1945,0.2021328497599001,0.04074813497244364,0.23702350696470692,0.5200955083029494,25,20,20
34,1946,0.20207049334716576,0.0407481608303847,0.23708597616417532,0.5200953696582742,25,20,20
34,1947,0.22419030661740247,0.03996877006672829,0.2157455736896594,0.5200953496262103,25,20,20
34,1948,0.2241903066174024,0.03996877006672836,0.21575024598705375,0.5200906773288161,25,20,20
34,1949,0.2241903066174024,0.03996877006672415,0.21574782149132468,0.5200931018245494,25,20,20
34,1950,0.22419030499193757,0.03996901438362416,0.21574757880629367,0.5200931018181453,25,20,20
34,1951,0.2241901681803664,0.039969019821717,0.21581478791854594,0.5200260240793715,25,20,20
34,1952,0.22419016818035128,0.014177207437354993,0.24160660019059363,0.5200260241917009,25,20,20
34,1953,0.22419016818035442,0.014177207437355066,0.2416066016204962,0.5200260227617953,25,20,20
34,1954,0.22419016818053653,0.014177207437599641,0.24161417898168916,0.5200184454001756,25,20,20
34,1955,0.2420530704475163,0.01417720723657705,0.22375127694877986,0.5200184453671275,25,20,20
34,1956,0.24224302054445596,0.014177207205958574,0.2235613318413835,0.5200184404082022,25,20,20
34,1957,0.24224302054463684,0.014177207206201492,0.22382298278252843,0.5197567894666334,25,20,20
34,1958,0.2422429735149708,0.014177207317782603,0.22375444376929457,0.519825375397952,25,20,20
34,1959,0.24224297352534854,0.014177207318022982,0.2237545767970257,0.5198252423596028,25,20,20
34,1960,0.24224297352534932,0.014177207318022982,0.22375450302671435,0.5198253161299133,25,20,20
34,1961,0.24225389311133427,0.014177206683522951,0.22374358729499388,0.5198253129101487,25,20,20
34,1962,0.24225389311133427,0.014177206683522953,0.22374358599322267,0.51982531421192,25,20,20
34,1963,0.2306011545125665,0.014177603737538534,0.23539214278725457,0.5198290989626401,25,20,20
34,1964,0.23706523208908034,0.014177603737492227,0.2289292250938794,0.5198279390795478,25,20,20
34,1965,0.23706523208907718,0.014177603737492302,0.22893076336574456,0.5198264008076859,25,20,20
34,1966,0.23698913206667566,0.014177603739110547,0.2290068633714894,0.5198264008227244,25,20,20
34,1967,0.2546498678842527,0.014177569519206434,0.21134621776587126,0.5198263448306699,25,20,20
34,1968,0.25464986788425265,0.014177581139195497,0.21134620625817857,0.5198263447183734,25,20,20
34,1969,0.2546498684719012,0.014177581139193986,0.21160576869222736,0.5195667816966775,25,20,20
34,1970,0.25464986846152027,0.014177581138949317,0.21160104593277837,0.519571504466752,25,20,20
34,1971,0.23290067812312498,0.014177597237101254,0.2331114006552528,0.5198103239845208,25,20,20
34,1972,0.23290067812310855,0.014177344859084418,0.23311276464104022,0.519809212376766,25,20,20
34,1973,0.23290067812310777,0.014177344859084413,0.2331128064432865,0.5198091705745204,25,20,20
34,1974,0.22739175064014566,0.01417734569419474,0.238621733152008,0.5198091705136503,25,20,20
34,1975,0.22682133049457662,0.014177350889464431,0.23918942257570122,0.5198118960402571,25,20,20
34,1976,0.2268213304945774,0.014177350889472938,0.23918946466599317,0.5198118539499558,25,20,20
34,1977,0.2440411914802604,0.014177024637293843,0.2220138827778991,0.5197679011045456,25,20,20
34,1978,0.24404119148021486,0.01417702463729384,0.2220137899780847,0.5197679939044054,25,20,20
34,1979,0.2440411908923842,0.014177024637050773,0.22174665159871804,0.5200351328718458,25,20,20
34,1980,0.2440411908923835,0.014177024637050697,0.2217465344506735,0.5200352500198911,25,20,20
34,1981,0.24404119089220574,0.014177024636811992,0.22148192519650528,0.5202998592744759,25,20,20
34,1982,0.24404414580571548,0.014177024636813994,0.22147897028245153,0.520299859275018,25,20,20
34,1983,0.2445528006441594,0.014177024271708012,0.2209703158396524,0.5202998592444792,25,20,20
34,1984,0.2445528006443415,0.01417702427170801,0.22097274059215416,0.5202974344917953,25,20,20
34,1985,0.24512681943363857,0.014177019076436323,0.22040145252500679,0.5202947089649173,25,20,20
34,1986,0.26785380075237203,0.01417700297828241,0.19791330682170788,0.5200558894476371,25,20,20
34,1987,0.2678536208807898,0.014177002978282918,0.19791348669328948,0.5200558894476374,25,20,20
34,1988,0.2678536208807898,0.014177002978282918,0.19791360312990366,0.520055773011023,25,20,20
34,1989,0.2678536208807898,0.014177002978282916,0.19791356903261734,0.5200558071083095,25,20,20
34,1990,0.2678536208807898,0.014177002978282916,0.19791345317159073,0.5200559229693361,25,20,20
34,1991,0.2470197905481388,0.014177002989699086,0.21874724003081628,0.5200559664313452,25,20,20
34,1992,0.2468970387426351,0.014177003083406803,0.21886996713266027,0.5200559910412973,25,20,20
34,1993,0.2468970387426383,0.014177003083406805,0.2188651098586541,0.5200608483153002,25,20,20
34,1994,0.24465726974179158,0.014176605920973018,0.22090397498999553,0.5202621493472396,25,20,20
34,1995,0.24465726974179158,0.01417660592097302,0.2209038944962953,0.5202622298409397,25,20,20
34,1996,0.2774958247031459,0.01417660504802027,0.18806534040793527,0.5202622298408984,25,20,20
34,1997,0.2774958247031435,0.014176605048015978,0.18807180310793195,0.5202557671409083,25,20,20
34,1998,0.26104155019814923,0.014176605048080704,0.20452607761307187,0.5202557671406978,25,20,20
34,1999,0.26104155019814923,0.014176605048080706,0.20452599714371378,0.5202558476100559,25,20,20
34,2000,0.2610415502005621,0.014176605048080706,0.2045305816686916,0.5202512630826652,25,20,20
34,2001,0.27404642813292485,0.01417662476946575,0.19172535054133352,0.5200515965562754,25,20,20
34,2002,0.26802143647344456,0.014176624757691552,0.19775034529870222,0.5200515934701613,25,20,20
34,2003,0.2680214364734477,0.01417662475793616,0.19775259182546254,0.5200493469431531,25,20,20
34,2004,0.2680214364734477,0.01417662475793616,0.19775270632426017,0.5200492324443555,25,20,20
34,2005,0.2680214364734477,0.014176624757936235,0.19775274114546793,0.5200491976231476,25,20,20
34,2006,0.26802143647344784,0.014176624757940452,0.19775282252790266,0.5200491162407086,25,20,20
34,2007,0.26871627640911966,0.014176644811697243,0.19711998576590378,0.5199870930132785,25,20,20
34,2008,0.2687162764091197,0.01417664481194175,0.19712653755256224,0.5199805412263756,25,20,20
34,2009,0.2687162764091165,0.01417664481193746,0.19712491050446584,0.5199821682744795,25,20,20
34,2010,0.26980603615881654,0.014176624852495007,0.19604049369064502,0.5199768452980428,25,20,20
34,2011,0.26980603615881643,0.014176624852250424,0.1960339412272554,0.5199833977616771,25,20,20
34,2012,0.26980608313241017,0.014176624151299588,0.1960338949543871,0.5199833977619029,25,20,20
34,2013,0.26980608313241067,0.03876155313694848,0.17144896596867787,0.519983397761963,25,20,20
34,2014,0.23011356429468133,0.03876158169003599,0.21114141642884054,0.519983437586442,25,20,20
34,2015,0.23885215190950315,0.038761581683222114,0.20240287222032347,0.5199833941869507,25,20,20
34,2016,0.20595667578630755,0.03876158168343913,0.23529823138904615,0.5199835111412064,25,20,20
34,2017,0.20595667578630436,0.038761581683434916,0.23542600439143593,0.5198557381388241,25,20,20
34,2018,0.2077797150177177,0.03876155312397989,0.23360312986389464,0.5198556019944074,25,20,20
34,2019,0.2077797150177177,0.03876155312398422,0.23397623176265891,0.5194825000956387,25,20,20
34,2020,0.20777971501776324,0.03876155312398422,0.23399015725782246,0.5194685746004296,25,20,20
34,2021,0.2079072734105294,0.03876155304204949,0.2338626204713668,0.519468553076053,25,20,20
34,2022,0.2079072734105262,0.03876155304180805,0.24491817500726878,0.5084129985403958,25,20,20
34,2023,0.2079072734107083,0.03876155304181226,0.2447933575464675,0.5085378160010108,25,20,20
34,2024,0.20793699628997023,0.03876155312042553,0.24476363421379216,0.508537816375811,25,20,20
34,2025,0.20793699628996942,0.03876155312041695,0.24476197066772737,0.5085394799218854,25,20,20
34,2026,0.20793699628996937,0.0387615531204127,0.24439356860438355,0.5089078819852334,25,20,20
34,2027,0.20793699628996937,0.0387615531204127,0.2443935691799719,0.508907881409645,25,20,20
34,2028,0.20793699628997023,0.038761553120656454,0.24451843008151553,0.5087830205078568,25,20,20
34,2029,0.20793699628996964,0.03999919286705626,0.24328079033521066,0.5087830205077623,25,20,20
34,2030,0.20793699628996964,0.03999919286705627,0.24328070431233048,0.5087831065306424,25,20,20
34,2031,0.20793699630034948,0.039999192867305126,0.24328958043814627,0.5087742303941979,25,20,20
34,2032,0.20793699630034948,0.0399991928673052,0.2432897228886674,0.5087740879436766,25,20,20
34,2033,0.24766680531162394,0.03999916717752322,0.20355993918179013,0.5087740883290618,25,20,20
34,2034,0.24792518899476293,0.039999167000097674,0.20330155609909956,0.508774087906039,25,20,20
34,2035,0.2600206675840415,0.03999916699549536,0.19120607757694077,0.5087740878435212,25,20,20
34,2036,0.2600206746975859,0.039999166995457885,0.1973347324945048,0.5026454258124503,25,20,20
34,2037,0.26002067470015783,0.03999916699546322,0.18668901250474743,0.5132911457996303,25,20,20
34,2038,0.2600173565308548,0.039999166995462715,0.18669233067404875,0.5132911457996324,25,20,20
34,2039,0.260017356528286,0.03999916699545422,0.18628493345048397,0.5136985430257743,25,20,20
34,2040,0.2594582894060505,0.04001110437019077,0.18683653589757696,0.51369407032618,25,20,20
34,2041,0.2594582894060505,0.0400111043701907,0.18683650687416617,0.513694099349591,25,20,20
34,2042,0.25945828229250856,0.040011104369984424,0.18058301978301883,0.5199475935544865,25,20,20
34,2043,0.2594669439706756,0.04001110436995644,0.18057435810514166,0.5199475935542243,25,20,20
34,2044,0.2535733101079648,0.04001135541055485,0.18646769966991247,0.5199476348115666,25,20,20
34,2045,0.2535733101054884,0.04001135592775739,0.20042874284173803,0.505986591125015,25,20,20
34,2046,0.25357331010548867,0.039990030775344014,0.20045006799415116,0.5059865911250149,25,20,20
34,2047,0.253376778892622,0.03999003077695839,0.20064659919783254,0.5059865911325858,25,20,20
34,2048,0.27147668012630216,0.039998557919414084,0.1825374817655503,0.5059872801887321,25,20,20
34,2049,0.27147668012634757,0.03999855791965784,0.18266687154939099,0.5058578904046022,25,20,20
34,2050,0.2514079195261684,0.039998557935116134,0.2027287812698729,0.5058647412688418,25,20,20
34,2051,0.23269580191410583,0.039998568961038455,0.2214407837048012,0.5058648454200538,25,20,20
34,2052,0.23269580191410583,0.03999856896103853,0.22181388421563747,0.5054917449092174,25,20,20
34,2053,0.232695801914288,0.039998568961038684,0.22181391218952168,0.5054917169351509,25,20,20
34,2054,0.2384904224311862,0.039998568971239636,0.2160192920296653,0.5054917165679083,25,20,20
34,2055,0.2443821120813285,0.039998317929133165,0.21012789469361784,0.5054916752959199,25,20,20
34,2056,0.24438211208133193,0.03830226382797912,0.21182394878944685,0.5054916753012416,25,20,20
34,2057,0.24438211208344587,0.038302263827982824,0.21648293819219216,0.5008326858963781,25,20,20
34,2058,0.24438211208344907,0.03830226382822742,0.2164877731134515,0.5008278509748709,25,20,20
34,2059,0.24731819093289029,0.03830227518515865,0.21354874611903996,0.5008307877629107,25,20,20
34,2060,0.24731819093270896,0.0383022751853985,0.21363633801400664,0.5007431958678853,25,20,20
34,2061,0.24731819093270577,0.0383022751851539,0.21363158355799824,0.5007479503241415,25,20,20
34,2062,0.24731819093040971,0.03830227518515004,0.20897245029514436,0.5054070835892951,25,20,20
34,2063,0.24731819093040894,0.03830227518515004,0.20896592630654623,0.5054136075778942,25,20,20
34,2064,0.24731819093036353,0.03830227518490621,0.20883639550635003,0.5055431383783797,25,20,20
34,2065,0.247318190930245,0.0383022746677036,0.19486614588217077,0.5195133885198799,25,20,20
34,2066,0.24731819093024254,0.03830227466794743,0.19499087147895697,0.5193886629228526,25,20,20
34,2067,0.2473181909302426,0.03830227466794751,0.19499090631530186,0.5193886280865074,25,20,20
34,2068,0.247318190930239,0.011260681173213733,0.2220324998137983,0.5193886280827482,25,20,20
34,2069,0.24731819093019666,0.01126068117321388,0.22201861055819055,0.5194025173383982,25,20,20
34,2070,0.24731819093019425,0.01126068117321388,0.2220140011512636,0.5194071267453272,25,20,20
34,2071,0.24731819093019433,0.011260681173221123,0.22826358666394556,0.5131575412326379,25,20,20
34,2072,0.24691597149355055,0.011260719008548468,0.22866550024619411,0.5131578092517062,25,20,20
34,2073,0.24005807827096798,0.01126071900859479,0.2355233934687288,0.5131578092517075,25,20,20
34,2074,0.23410640794941234,0.011260719009951261,0.2414750634266235,0.513157809614012,25,20,20
34,2075,0.23410640794941234,0.011260719009951332,0.24147964941283567,0.5131532236277998,25,20,20
34,2076,0.2339706351494613,0.01126315374106094,0.24161398734926082,0.5131522237602159,25,20,20
34,2077,0.2339706351494613,0.01126315374106094,0.24161401382405523,0.5131521972854213,25,20,20
34,2078,0.2341794106065032,0.011263153652245884,0.24140523846338996,0.51315219727786,25,20,20
34,2079,0.23417941060655142,0.01126315443839881,0.24183967897847516,0.5127177559765735,25,20,20
34,2080,0.24000805654718654,0.01126315443860518,0.23601103339236332,0.5127177556218443,25,20,20
34,2081,0.23994878692092528,0.011263154438352109,0.2360704199731353,0.5127176386675873,25,20,20
34,2082,0.23647239689061106,0.011263154423149409,0.23955366088320432,0.5127107878030341,25,20,20
34,2083,0.23647239689079316,0.011263154423153622,0.2391852611275573,0.5130791875584947,25,20,20
34,2084,0.23647239689079239,0.011263154422909864,0.23906234201109733,0.5132021066751993,25,20,20
34,2085,0.2274627796884402,0.011263132311666252,0.2480749497461537,0.5131991382537386,25,20,20
34,2086,0.2475372666205483,0.01125460516913663,0.22800967903213606,0.5131984491781778,25,20,20
34,2087,0.24753726662058134,0.011254605169490551,0.239067530003223,0.5021405982067034,25,20,20
34,2088,0.24753726662057857,0.011254604397236112,0.2387627154085206,0.5024454135736629,25,20,20
34,2089,0.2475372666205754,0.011254604397235963,0.2388921223345368,0.5023160066476501,25,20,20
34,2090,0.24753726661019876,0.011254604396991393,0.2388898222633029,0.5023183067295054,25,20,20
34,2091,0.2077823742461322,0.011254604410514709,0.2786447144787894,0.5023183068645624,25,20,20
34,2092,0.19362323108255977,0.011294375619886327,0.2927639103784938,0.502318482919059,25,20,20
34,2093,0.19362323111121393,0.011287138440284925,0.29277113703936936,0.5023184934091307,25,20,20
34,2094,0.19362323111121468,0.011287138440277757,0.2865281585691363,0.50856147187937,25,20,20
34,2095,0.19362323111126264,0.01128713844027783,0.2865282096843047,0.5085614207641538,25,20,20
34,2096,0.19321231796760677,0.011287143483078218,0.28693911652819465,0.5085614220211194,25,20,20
34,2097,0.193212317967606,0.011287143482834083,0.28684693434378533,0.5086536042057739,25,20,20
34,2098,0.19321231796760607,0.011287143482834083,0.2868404126581508,0.5086601258914082,25,20,20
34,2099,0.1933307873043114,0.011287143498175842,0.2867219433061042,0.5086601258914084,25,20,20
34,2100,0.1933307873043566,0.011287143512026285,0.28698936569588546,0.5083927034877314,25,20,20
34,2101,0.19333078730417447,0.011287143512022068,0.2869847439886835,0.5083973251951198,25,20,20
34,2102,0.19333078730414144,0.011287143511668147,0.2762999138043893,0.519082155379801,25,20,20
34,2103,0.19333078730414152,0.011287143511668223,0.276299861785,0.5190822073991903,25,20,20
34,2104,0.19333078730414152,0.011287143511668225,0.27592678697785994,0.5194552822063306,25,20,20
34,2105,0.193682892492522,0.011287143679003929,0.2755720869709263,0.5194578768575472,25,20,20
34,2106,0.19368293863246414,0.01130822871994531,0.27555096628627546,0.5194578663613152,25,20,20
34,2107,0.19368293863241895,0.011308228706094867,0.2752835168461123,0.519725315815374,25,20,20
34,2108,0.19397257538913415,0.01130822366329499,0.2749938863815846,0.5197253145659861,25,20,20
34,2109,0.19397257538913412,0.011308223663294838,0.27498918508367914,0.5197300158638921,25,20,20
34,2110,0.19941156675447036,0.011308224380273417,0.2695501930013275,0.5197300158639291,25,20,20
34,2111,0.1994115667544703,0.011308224380273341,0.26955011049800626,0.5197300983672506,25,20,20
34,2112,0.1994115667544695,0.011308224380273266,0.2695435048429628,0.5197367040222949,25,20,20
34,2113,0.19941156675442084,0.01130822438027319,0.2695480352053245,0.5197321736599817,25,20,20
34,2114,0.19941156675442087,0.011308224380273115,0.26954804613496813,0.519732162730338,25,20,20
34,2115,0.19941156675442406,0.01130822438027319,0.269418606399445,0.519861602465858,25,20,20
34,2116,0.1994082102558696,0.011308224381916795,0.2694219629034069,0.519861602458807,25,20,20
34,2117,0.1994082102558696,0.011308224381916872,0.2694220787676364,0.5198614865945774,25,20,20
34,2118,0.1994082102558696,0.011308224381916946,0.269417839581344,0.5198657257808699,25,20,20
34,2119,0.1994081641309406,0.011335663244035132,0.26939044684415936,0.5198657257808652,25,20,20
34,2120,0.19940816413094073,0.011335663244035208,0.2694827489479375,0.519773423677087,25,20,20
34,2121,0.19940816413094065,0.011335663244039385,0.2698558223910988,0.5194003502339217,25,20,20
34,2122,0.19940816413093745,0.011335663244035019,0.269853569543499,0.5194026030815292,25,20,20
34,2123,0.16306028276430393,0.011335663244037513,0.3062014509101164,0.5194026030815411,25,20,20
34,2124,0.16447341442816824,0.011371617378108498,0.3047464559829257,0.5194085122107964,25,20,20
34,2125,0.16004819353222796,0.011371628342335884,0.30917065548143907,0.5194095226439965,25,20,20
34,2126,0.16004819353222804,0.011371628342335958,0.3095436442394022,0.5190365338860333,25,20,20
34,2127,0.1600481935322281,0.011371628342335998,0.30917524448623357,0.5194049336392018,25,20,20
34,2128,0.16017501104167794,0.011371628340691893,0.3090484269789551,0.5194049336386749,25,20,20
34,2129,0.16017502634824332,0.011625655910079713,0.30879437685271693,0.5194049408889595,25,20,20
34,2130,0.16017502635081143,0.01162565591032198,0.3091674224851072,0.5190318952537587,25,20,20
34,2131,0.16027127946806222,0.011625618073709447,0.3090713794838921,0.5190317229743359,25,20,20
34,2132,0.1602712794680621,0.011625618073709371,0.3086983907138043,0.5194047117444238,25,20,20
34,2133,0.16027127946549075,0.011625618073467105,0.3083253764382199,0.5197777260228217,25,20,20
34,2134,0.1602712794654964,0.0116256180734671,0.3129844820219461,0.51511862043909,25,20,20
34,2135,0.16027127946567854,0.011625618073467101,0.3129846459381396,0.5151184565227144,25,20,20
34,2136,0.15471397520188904,0.011643194140371425,0.31852434834198173,0.515118482315756,25,20,20
34,2137,0.17948434060564558,0.01164319386887331,0.29375405572751384,0.5151184097979656,25,20,20
34,2138,0.17948434060564558,0.011643193868873237,0.29375408714322726,0.5151183783822525,25,20,20
34,2139,0.17948434060564553,0.011643193868868947,0.29374946474958213,0.5151230007759017,25,20,20
34,2140,0.1794843406056801,0.011643193881177906,0.29377933756357866,0.5150931279495616,25,20,20
34,2141,0.1757186549779835,0.011643193962131664,0.2975450011307296,0.5150931499291537,25,20,20
34,2142,0.1757186549779835,0.040402862057941975,0.2687853330364818,0.5150931499275911,25,20,20
34,2143,0.17571865497798345,0.04040286205794195,0.2690514690584039,0.5148270139056691,25,20,20
34,2144,0.17571865497816552,0.04040286205794195,0.2690483915338096,0.5148300914300813,25,20,20
34,2145,0.1757186549781655,0.04040286205794196,0.2690483547440389,0.5148301282198522,25,20,20
34,2146,0.1757186549781693,0.04038029494356003,0.26907092185285963,0.5148301282254095,25,20,20
34,2147,0.17571865497831118,0.04038029493125537,0.2643820262945076,0.5195190237959243,25,20,20
34,2148,0.17571865497812908,0.04038029493125108,0.2643862713063718,0.5195147787842465,25,20,20
34,2149,0.162452064139622,0.0403803090053321,0.2776454600273523,0.5195221668276921,25,20,20
34,2150,0.17571961793582555,0.04038029493125892,0.2643853083177464,0.5195147788151675,25,20,20
34,2151,0.17571961793582555,0.040380294931263216,0.2643854238180069,0.5195146633149028,25,20,20
34,2152,0.1757196179357801,0.04038029491736474,0.2642559103227472,0.5196441768241066,25,20,20
34,2153,0.17571961793559793,0.04038029491736474,0.26425574725281153,0.5196443398942244,25,20,20
34,2154,0.17571961793559787,0.04038029491736467,0.26416352561426415,0.5197365615327723,25,20,20
34,2155,0.17573699938319667,0.04038029491724503,0.2641461441976971,0.5197365615018601,25,20,20
34,2156,0.17573699938319667,0.04038029491724933,0.264146150744132,0.5197365549554207,25,20,20
34,2157,0.18946787702209988,0.04034052370777232,0.2504552186584211,0.5197363806117058,25,20,20
34,2158,0.20443238836904826,0.04030457794883932,0.23553252095031105,0.5197305127318017,25,20,20
34,2159,0.20443238836904828,0.040304577948839404,0.23553275061924356,0.519730283062869,25,20,20
34,2160,0.20443250536400895,0.04027634169611183,0.23556086987723757,0.5197302830626409,25,20,20
34,2161,0.20408068776874103,0.04027634153758797,0.23591527980122617,0.5197276908924446,25,20,20
34,2162,0.20408068776878655,0.04027634153758382,0.23591670843332102,0.5197262622603084,25,20,20
34,2163,0.20408068776878657,0.04027634153758804,0.23591659841742593,0.5197263722761992,25,20,20
34,2164,0.2040806877689683,0.04027634153783209,0.23600956838126258,0.5196334023119369,25,20,20
34,2165,0.18724229902401907,0.040276341958379536,0.25284789958711934,0.5196334594304824,25,20,20
34,2166,0.18724229902401907,0.04027634195837962,0.25284790101444504,0.5196334580031567,25,20,20
34,2167,0.18724229902402226,0.040276341958624125,0.2528544901946671,0.5196268688226869,25,20,20
34,2168,0.18724246704953168,0.03999487488223787,0.25313579648957063,0.519626861578659,25,20,20
34,2169,0.18724249190488154,0.03999487111532833,0.2531357753946311,0.5196268615851587,25,20,20
34,2170,0.1872424919048816,0.03999487111532841,0.2531358552999472,0.5196267816798428,25,20,20
34,2171,0.18724249190469988,0.03999487111508435,0.25304288731121294,0.5197197496690026,25,20,20
34,2172,0.1872424919047454,0.03999487111509286,0.25304752746027676,0.5197151095198849,25,20,20
34,2173,0.18725794637699458,0.03999487157126277,0.2530251115875536,0.5197220704641888,25,20,20
34,2174,0.18725794637717502,0.03999487157150936,0.2533982329647012,0.5193489490866141,25,20,20
34,2175,0.18725794637712959,0.039994871571500855,0.25339509996571125,0.5193520820856581,25,20,20
34,2176,0.2107303441200243,0.03999486318149794,0.229922752003758,0.5193520406947204,25,20,20
34,2177,0.21073034412279285,0.03999486319539558,0.23005450481550047,0.5192202878663117,25,20,20
34,2178,0.21121845389794455,0.039994863195613434,0.22956639675026191,0.5192202861561807,25,20,20
34,2179,0.21121845389517596,0.03999486318171572,0.22943464194547133,0.5193520409776375,25,20,20
34,2180,0.21121845389517596,0.03999486318171572,0.22943456156090433,0.5193521213622045,25,20,20
34,2181,0.21121845389517588,0.03999486318171145,0.22916822968192668,0.5196184532411865,25,20,20
34,2182,0.21121845389517585,0.039994863181711374,0.22916822963508882,0.5196184532880245,25,20,20
34,2183,0.17126444953130612,0.03999617209514552,0.26911468455188475,0.5196246938216625,25,20,20
34,2184,0.18254755218730556,0.03999616113243809,0.257832603284325,0.5196236833959306,25,20,20
34,2185,0.18258869438491698,0.03999620772057642,0.25779826577172293,0.5196168321227828,25,20,20
34,2186,0.18258869438491693,0.03999620772057642,0.25779675727584833,0.5196183406186574,25,20,20
34,2187,0.18258869438492012,0.039996207720572136,0.2577983472668502,0.5196167506276569,25,20,20
34,2188,0.18635305416589457,0.039996207639618385,0.25403400954616084,0.5196167286483268,25,20,20
34,2189,0.18635305416589457,0.03995621352068727,0.2540740036706476,0.5196167286427711,25,20,20
34,2190,0.18635305416593684,0.039956213520687345,0.25408119157714365,0.5196095407362326,25,20,20
34,2191,0.18635305416607284,0.039956213534585686,0.25420918880042626,0.519481543498916,25,20,20
34,2192,0.1863384593789406,0.039954904913653735,0.23949942326822163,0.5342072124391841,25,20,20
34,2193,0.1863384593791252,0.03995490492495604,0.24707649717197788,0.5266301385239411,25,20,20
34,2194,0.1863384593791252,0.03995490492495604,0.24707638471216817,0.5266302509837508,25,20,20
34,2195,0.1863384593791252,0.03995490492495604,0.24708097008707786,0.5266256656088413,25,20,20
34,2196,0.186338459379122,0.039954904924711536,0.24707896687752737,0.5266276688186393,25,20,20
34,2197,0.18684047067342713,0.03995490492438234,0.24657705133076632,0.5266275730714232,25,20,20
34,2198,0.1868404706734272,0.03995490492438234,0.24657930280349696,0.5266253215986926,25,20,20
34,2199,0.1868404766337015,0.03995490463181865,0.2613112066092128,0.5118934121252658,25,20,20
34,2200,0.18957264728359607,0.039956031073035254,0.25857252490137034,0.5118987967419966,25,20,20
34,2201,0.18679252391973175,0.03995485782532496,0.261359317124773,0.5118933011301686,25,20,20
34,2202,0.17018995003676474,0.03995485782877119,0.2779618899923886,0.5118933021420741,25,20,20
34,2203,0.17018995003676476,0.03995485782877119,0.27796849500488835,0.5118866971295742,25,20,20
34,2204,0.15711920662693274,0.03995501963444721,0.2909541897385265,0.5119715840000925,25,20,20
34,2205,0.11780957533489815,0.0399550396570392,0.3302584566877217,0.5119769283203406,25,20,20
34,2206,0.11780957533490134,0.0399550396570392,0.33025383840982153,0.5119815465982375,25,20,20
34,2207,0.11780957533471921,0.0399550396570392,0.3306253172535953,0.5116100677546459,25,20,20
34,2208,0.11711975564300418,0.03995501963496927,0.33132050121666945,0.5116047235053567,25,20,20
34,2209,0.11795030425415147,0.03995640790798884,0.33048856345200994,0.5116047243858495,25,20,20
34,2210,0.1179503042541483,0.03995640790798877,0.330490102742432,0.5116031850954307,25,20,20
34,2211,0.13983469766455373,0.03995640791095479,0.30860570939915904,0.5116031850253318,25,20,20
34,2212,0.13983469766436918,0.03995640789965678,0.30103333893194184,0.5191755555040316,25,20,20
34,2213,0.13346452930565914,0.03996194089823561,0.30589430174194215,0.5206792280541623,25,20,20
34,2214,0.12099058765338368,0.03995714656907049,0.30883253297543534,0.5302197328021094,25,20,20
34,2215,0.12099058765338361,0.03995714656906628,0.30883027634890864,0.5302219894286403,25,20,20
34,2216,0.12099058765338361,0.03995714656906628,0.3088302352812741,0.5302220304962748,25,20,20
34,2217,0.08198286285265954,0.03995717336335941,0.34783779894161776,0.5302221648423628,25,20,20
34,2218,0.08198304606668069,0.040069456180414534,0.34772533291609653,0.5302221648368056,25,20,20
34,2219,0.08198304606686277,0.04006945618065912,0.3477275942754902,0.5302199034769854,25,20,20
34,2220,0.08198304606686595,0.040069456180654835,0.3477245943480238,0.530222903404453,25,20,20
34,2221,0.11826108759622272,0.04006944902180378,0.311446691157839,0.5302227722241334,25,20,20
34,2222,0.14651509764988982,0.039956928883333666,0.2833052000404629,0.5302227734263127,25,20,20
34,2223,0.11362088350597313,0.039956910152196816,0.31619931294309267,0.5302228933987364,25,20,20
34,2224,0.11362088350579104,0.039956910151952234,0.3161927237675845,0.5302294825746712,25,20,20
34,2225,0.1136208835057455,0.039956910151952234,0.3161839459488068,0.5302382603934945,25,20,20
34,2226,0.14683234357270097,0.03995552163198594,0.2829738764393906,0.5302382583559218,25,20,20
34,2227,0.14683234357270417,0.03995552163198594,0.28324010873558647,0.5299720260597227,25,20,20
34,2228,0.1249655674010742,0.039955521628817964,0.305106884825752,0.5299720261443552,25,20,20
34,2229,0.12065361863485259,0.03995478253885678,0.28046397239170484,0.5589276264345848,25,20,20
34,2230,0.12073839314684735,0.03995478303974279,0.2803790613394464,0.5589277624739611,25,20,20
34,2231,0.13976225053266783,0.03995478214108181,0.26135225132845535,0.5589307159977946,25,20,20
34,2232,0.13976225053266467,0.03995478214108173,0.26108590516751057,0.5591970621587427,25,20,20
34,2233,0.13976225053266467,0.03995478214108173,0.26108590516751057,0.5591970621587427,25,20,20
34,2234,0.13967747573884398,0.03995478164003831,0.2611708164604987,0.5591969261606183,25,20,20
34,2235,0.13967747573884398,0.03995478164003831,0.2611661146489748,0.5592016279721423,25,20,20
34,2236,0.13967747573866243,0.03995478162613997,0.2610411942919933,0.5593265483432038,25,20,20
34,2237,0.1396774757384828,0.03995478162589338,0.26067047260390774,0.5596972700317157,25,20,20
34,2238,0.1396774757384819,0.039954781625896475,0.27172669121132126,0.5486410514242998,25,20,20
34,2239,0.13967747573848271,0.03995478162589656,0.27173172022327574,0.5486360224123442,25,20,20
34,2240,0.1396774757384827,0.03995478162589655,0.2717251157843187,0.5486426268513013,25,20,20
34,2241,0.15135501787462402,0.039954767622113356,0.260047587065789,0.5486426274374727,25,20,20
34,2242,0.15135501787462396,0.039954767622113356,0.26004750578431013,0.5486427087189516,25,20,20
34,2243,0.15064934185539852,0.03995476724660488,0.26075318396830804,0.5486427069296876,25,20,20
34,2244,0.15066150050749072,0.040685382122970085,0.260008240388356,0.5486448769811813,25,20,20
34,2245,0.15255701074486355,0.04068539587802964,0.25811264974929476,0.5486449436278101,25,20,20
34,2246,0.15255701074485983,0.040716873573545455,0.25808117205368686,0.548644943627906,25,20,20
34,2247,0.16803121162193257,0.04071689303073782,0.24260742676743668,0.548644468579891,25,20,20
34,2248,0.16803121162193027,0.04071689303073471,0.2315495323977037,0.5597023629496308,25,20,20
34,2249,0.1681328882764517,0.0407168955508175,0.23144657302956848,0.5597036431431617,25,20,20
34,2250,0.16813270355075338,0.04071689555103024,0.23144675776155066,0.5597036431366643,25,20,20
34,2251,0.16813270356113377,0.040716895551519416,0.2314534092186864,0.559696991668659,25,20,20
34,2252,0.16448213514570806,0.04071689606682093,0.235099951914289,0.5597010168731814,25,20,20
34,2253,0.1644821351457073,0.04071689606682101,0.23509341641818182,0.5597075523692893,25,20,20
34,2254,0.16448213514570736,0.04071689606706559,0.23509867371926163,0.5597022950679649,25,20,20
34,2255,0.16448213514570736,0.040725422508938465,0.23509014727748442,0.5597022950678691,25,20,20
34,2256,0.16448213514570736,0.040725422508938465,0.23509011385885717,0.5597023284864964,25,20,20
34,2257,0.16448157360532917,0.03997723572215255,0.23583972904448486,0.5597014616280329,25,20,20
34,2258,0.17043051345236532,0.039977235722152525,0.2298907891974486,0.5597014616280329,25,20,20
34,2259,0.17043051345236737,0.03997723573122627,0.2438610059519158,0.5457312448644899,25,20,20
34,2260,0.17043051345236532,0.039977235722152525,0.22989082459322432,0.5597014262322572,25,20,20
34,2261,0.1715473790866579,0.03997721634862306,0.22877657952043887,0.5596988250442794,25,20,20
34,2262,0.1846194328852037,0.039977054542947005,0.21578957439834973,0.5596139381734991,25,20,20
34,2263,0.1846194328852037,0.03997705454295119,0.21568280370961232,0.5597207088622322,25,20,20
34,2264,0.18461943347303442,0.03997705454319418,0.21595001806336686,0.5594534939204041,25,20,20
34,2265,0.18460760668844178,0.039977055136151844,0.21112307768733118,0.5642922604880745,25,20,20
34,2266,0.18459032018586435,0.039977055135994616,0.21114036427479455,0.5642922604033453,25,20,20
34,2267,0.18459032018586435,0.039977055135994616,0.2111403288689006,0.5642922958092393,25,20,20
34,2268,0.18459032018586427,0.03997705513599446,0.21114025107982193,0.5642923735983182,25,20,20
34,2269,0.18459032018586424,0.039977055135750034,0.2112621149225633,0.5641705097558214,25,20,20
34,2270,0.1845903201858643,0.039977055135750034,0.21126211492463956,0.5641705097537453,25,20,20
34,2271,0.18530962950110272,0.03997705551159681,0.2105428001602441,0.5641705148270557,25,20,20
34,2272,0.18506392949430459,0.03997705551159827,0.21078849974371613,0.5641705152503802,25,20,20
34,2273,0.18506375552907253,0.03997706933204197,0.21078859399648842,0.5641705811423963,25,20,20
34,2274,0.18506375552907262,0.039977069332042044,0.21078867449188368,0.5641705006470007,25,20,20
34,2275,0.18506375552907262,0.03997706933204189,0.21078397374691143,0.5641752013919734,25,20,20
34,2276,0.18506375552907262,0.039977069332037624,0.21051766951196513,0.5644415056269239,25,20,20
34,2277,0.17922078394962745,0.03997706940905881,0.2163606414312691,0.5644415052100437,25,20,20
34,2278,0.17888203866752267,0.03997707945742027,0.21669667039076806,0.5644442114842879,25,20,20
34,2279,0.17888203866752267,0.0399770794574202,0.21669666370648247,0.5644442181685738,25,20,20
34,2280,0.17888203866752267,0.0399770794574202,0.21669666370648255,0.5644442181685738,25,20,20
34,2281,0.1530754263666849,0.03997742793805903,0.24250560423748413,0.564441541457771,25,20,20
34,2282,0.15307565809267146,0.03997742245796883,0.24252461801753397,0.5644223014318247,25,20,20
34,2283,0.15307565809267232,0.03997742245797312,0.24252481391029235,0.5644221055390612,25,20,20
34,2284,0.15307565809267232,0.03997742245797312,0.2425248119229364,0.5644221075264173,25,20,20
34,2285,0.15295138320990842,0.039977422457973616,0.24264908680556702,0.5644221075265502,25,20,20
34,2286,0.1529633671064417,0.039993756794762504,0.24744025783428097,0.559602618264514,25,20,20
34,2287,0.15727402378379962,0.03999376799211309,0.24312965581306512,0.5596025524110216,25,20,20
34,2288,0.1572740237734192,0.03999376799162393,0.24312292185376244,0.5596092863811937,25,20,20
34,2289,0.1572618082212839,0.03997743913619982,0.2383115859056411,0.5644491667368746,25,20,20
34,2290,0.15295693644661176,0.03998388743880216,0.24257914643269754,0.5644800296818877,25,20,20
34,2291,0.15295693644661174,0.03998388743880208,0.24257907108267454,0.5644801050319108,25,20,20
34,2292,0.15295693644667382,0.011245590055572258,0.2713173684658166,0.5644801050319366,25,20,20
34,2293,0.15295693585884312,0.011245590055329267,0.2710567596622091,0.5647407144236176,25,20,20
34,2294,0.1529569358588431,0.011245590055329269,0.2711862931844384,0.5646111809013883,25,20,20
34,2295,0.15295711815577615,0.011245594331497745,0.2711860858521693,0.564611201660556,25,20,20
34,2296,0.17861675464456794,0.01124523571162978,0.24552683798018207,0.5646111716636191,25,20,20
34,2297,0.17861675465492674,0.011245235711873908,0.24561980965809901,0.5645181999750991,25,20,20
34,2298,0.17861675465492588,0.01124523571186969,0.24561972823996142,0.5645182813932416,25,20,20
34,2299,0.17811702892797332,0.011245526573436339,0.24611911948774146,0.5645183250108478,25,20,20
34,2300,0.17233153635236712,0.01124552863105208,0.2518361697311309,0.5645867652854484,25,20,20
34,2301,0.2118381366808531,0.011245528121938263,0.2123335950862716,0.5645827401109355,25,20,20
34,2302,0.21183813668080645,0.03996192294427263,0.18361720026400893,0.5645827401109115,25,20,20
34,2303,0.2118381366911869,0.03996192294452143,0.18362379120797265,0.5645761491563185,25,20,20
34,2304,0.2118381366808281,0.0399619229442773,0.18353070510527655,0.5646692352696177,25,20,20
34,2305,0.21078783739706036,0.03996192466883191,0.18458099928334967,0.5646692386507577,25,20,20
34,2306,0.21078974476973475,0.0399619246829155,0.1848912779445406,0.564357052602809,25,20,20
34,2307,0.21078974469933173,0.039961924599793024,0.18496467094985491,0.5642836597510202,25,20,20
34,2308,0.21078974469933173,0.03996192459979732,0.18496629242101267,0.564282038279858,25,20,20
34,2309,0.21078974469933098,0.03996192459979724,0.18483685325527424,0.5644114774455972,25,20,20
34,2310,0.21078974469933098,0.039961924599797326,0.18484345800956306,0.5644048726913082,25,20,20
34,2311,0.21078974469933418,0.039961924599797395,0.1848480796997223,0.5644002510011458,25,20,20
34,2312,0.18870192608175784,0.03996752412343618,0.20692938897107954,0.5644011608237245,25,20,20
34,2313,0.21208613473858004,0.039961922878350556,0.1835516943326551,0.564400248050414,25,20,20
34,2314,0.21208613473858004,0.039961922878350556,0.1835517382273021,0.5644002041557666,25,20,20
34,2315,0.2120861353302912,0.03996192287859944,0.1835566415010938,0.5643953002900151,25,20,20
34,2316,0.21208613533029197,0.03996192287884402,0.18356330658224504,0.5643886352086185,25,20,20
34,2317,0.21019184046257539,0.039961909123781905,0.18545768185090405,0.564388568562737,25,20,20
34,2318,0.2122398259091419,0.039961909208796,0.18340720968785137,0.5643910551942092,25,20,20
34,2319,0.212239640307315,0.03996195369994705,0.183407371557656,0.5643910344350807,25,20,20
34,2320,0.21386537679202403,0.03996190486785282,0.1817816839038481,0.5643910344362735,25,20,20
34,2321,0.20143048766787447,0.03996191065076724,0.19421580796603852,0.5643917937153187,25,20,20
34,2322,0.20155826533763552,0.039961910647655176,0.1940880307296768,0.5643917932850316,25,20,20
34,2323,0.20155826533781762,0.03996191064789976,0.19408813103812142,0.5643916929761604,25,20,20
34,2324,0.20155826533781762,0.03996191064789976,0.19395868551269918,0.5645211385015826,25,20,20
34,2325,0.19569031323183103,0.039962157352696974,0.19982636992313718,0.5645211594923341,25,20,20
34,2326,0.19569031323183103,0.03996215735269268,0.19982482749534358,0.5645227019201318,25,20,20
34,2327,0.19569031323183111,0.039962157352692755,0.19982481798980967,0.5645227114256657,25,20,20
34,2328,0.19569031264011996,0.03996215735244387,0.19982000013403894,0.5645275298733963,25,20,20
34,2329,0.19756677466108388,0.03996215735273779,0.19794353587760904,0.5645275321085678,25,20,20
34,2330,0.17154987876053776,0.039961866237260744,0.2239590036513957,0.5645292513508057,25,20,20
34,2331,0.13212951645138657,0.03996186624912283,0.2633793658933728,0.5645292514061164,25,20,20
34,2332,0.13784296746768931,0.03996161954901929,0.257664809168047,0.5645306038152443,25,20,20
34,2333,0.13784296746768931,0.03996161954877478,0.2576603837921593,0.5645350291913764,25,20,20
34,2334,0.1320674597607147,0.03996161954811626,0.26343607060444696,0.564534850086721,25,20,20
34,2335,0.13799387312027211,0.039961619545695846,0.25751085154240405,0.5645336557916277,25,20,20
34,2336,0.1379938731098917,0.03996161954544705,0.25750422849496507,0.5645402788496959,25,20,20
34,2337,0.12029988843631478,0.03996161497304755,0.27526780033248954,0.5644706962581468,25,20,20
34,2338,0.12029988843889933,0.03996161497353346,0.27553477735739657,0.5642037192301693,25,20,20
34,2339,0.12029988843889937,0.03996161497353346,0.2755347773470982,0.5642037192404679,25,20,20
34,2340,0.12029988843889618,0.039961614973533385,0.2755300746161203,0.5642084219714488,25,20,20
34,2341,0.11870387315714223,0.039961614959004806,0.27712608991363824,0.5642084219702128,25,20,20
34,2342,0.11870387315714219,0.039961614959009024,0.2771307093347743,0.5642038025490727,25,20,20
34,2343,0.1187038731571422,0.03996161495900903,0.27713071334063794,0.564203798543209,25,20,20
34,2344,0.118703873157143,0.039961614959013396,0.27713079484189307,0.5642037170419488,25,20,20
34,2345,0.11950336426028038,0.040031075730693644,0.27628000703228206,0.5641855529767428,25,20,20
34,2346,0.11947364337562229,0.04003107574609047,0.2763097279015432,0.5641855529767428,25,20,20
34,2347,0.11947364337566775,0.04003107574633929,0.2763144908491508,0.5641807900288413,25,20,20
34,2348,0.11940277868590783,0.04003110181331952,0.2763783607294163,0.5641877587713557,25,20,20
34,2349,0.1194027786857265,0.04003110181307494,0.2767447597049158,0.5638213597962822,25,20,20
34,2350,0.11940277868572657,0.04003110181307495,0.276749463179587,0.563816656321611,25,20,20
34,2351,0.11940277868572977,0.040031101813075017,0.27675167721906146,0.5638144422821335,25,20,20
34,2352,0.13188306406913514,0.04003109629753785,0.26427213239939623,0.5638137072339308,25,20,20
34,2353,0.14872823273039723,0.040031070250800216,0.24743395861266226,0.56380673840614,25,20,20
34,2354,0.14872823272781346,0.04003107025031852,0.247167095109066,0.5640736019128016,25,20,20
34,2355,0.1515745420061547,0.03995513615808127,0.24440941880318262,0.5640609030325813,25,20,20
34,2356,0.15157454200615392,0.039955136158081196,0.2444071411221892,0.5640631807135755,25,20,20
34,2357,0.15157454200619416,0.039955136158301124,0.249065903393624,0.5594044184418806,25,20,20
34,2358,0.15157454200614864,0.03995513615805231,0.24906771416879397,0.5594026076670049,25,20,20
34,2359,0.15157454200614542,0.03995513615805223,0.24906541766250712,0.5594049041732951,25,20,20
34,2360,0.15157263463347184,0.03995513693219929,0.24907840836072104,0.5593938200736076,25,20,20
34,2361,0.1515713986636123,0.03995513692339331,0.2490797832281579,0.5593936811848359,25,20,20
34,2362,0.15157139866361308,0.039955136923393454,0.2490799242506894,0.5593935401623034,25,20,20
34,2363,0.16152942600157832,0.03995529798710366,0.23430284726388756,0.5642124287474294,25,20,20
34,2364,0.16152942600156284,0.03999975764392336,0.23425838760708684,0.564212428747426,25,20,20
34,2365,0.1616070502505865,0.03999975737654563,0.23418078785641627,0.5642124045164509,25,20,20
34,2366,0.15438717830883292,0.03999976162398238,0.24133605439243064,0.5642770056747538,25,20,20
34,2367,0.15438717830883206,0.03999976083575181,0.24100629441691543,0.5646067664385004,25,20,20
34,2368,0.18094030281647083,0.03999976071404474,0.21445493793270742,0.5646049985367761,25,20,20
34,2369,0.18094030281647402,0.03999976072798405,0.21446725747387835,0.5645926789816628,25,20,20
34,2370,0.18094030281643372,0.03999976072776413,0.20980838273060054,0.5692515537252009,25,20,20
34,2371,0.18094030281643303,0.03999976072776405,0.20952757454835716,0.5695323619074449,25,20,20
34,2372,0.18094030281643622,0.039999760727759764,0.2095230358671969,0.5695369005886062,25,20,20
34,2373,0.14838890362099386,0.03999981085665121,0.2420766338668259,0.5695346516555291,25,20,20
34,2374,0.13871279394418176,0.03999966533108061,0.25657173987662213,0.5647158008481155,25,20,20
34,2375,0.1387127939442265,0.03999966533107639,0.2565782772309822,0.5647092634937149,25,20,20
34,2376,0.1387127939442297,0.03999966533108061,0.25657990580669854,0.5647076349179911,25,20,20
34,2377,0.1387127939441842,0.039999665331325124,0.2565798762143686,0.5647076645101221,25,20,20
34,2378,0.1615698611482881,0.0399996497548907,0.23372286236446763,0.5647076267323539,25,20,20
34,2379,0.16253147728924894,0.0399996497548838,0.23276124618261196,0.5647076267732554,25,20,20
34,2380,0.16156986103063012,0.03999965025565297,0.23372272585066395,0.5647077628630532,25,20,20
34,2381,0.14476247090429883,0.0399996742644622,0.2505300919637871,0.5647077628674524,25,20,20
34,2382,0.14476247090429883,0.0399996742644622,0.250530092573972,0.5647077622572674,25,20,20
34,2383,0.1447624709042997,0.03999967426470678,0.2505367950328215,0.5647010597981725,25,20,20
34,2384,0.14476247090429964,0.0399996742644622,0.2505366947644155,0.5647011600668231,25,20,20
34,2385,0.14476247090430283,0.03999967426446228,0.2505367252582556,0.5647011295729797,25,20,20
34,2386,0.14476247090430597,0.03999967426446243,0.2504445467070722,0.5647933081241594,25,20,20
34,2387,0.16645207107308607,0.039999685290789164,0.2287549345883889,0.564793309047736,25,20,20
34,2388,0.1736673580975534,0.03999968104500439,0.22160425295254643,0.5647287079048955,25,20,20
34,2389,0.17366735809755024,0.03999968104500447,0.22160421038731065,0.5647287504701343,25,20,20
34,2390,0.17378644499644783,0.03999968104341722,0.22148512348266444,0.5647287504774704,25,20,20
34,2391,0.1737864449964471,0.039999681043412935,0.2214850086136062,0.5647288653465335,25,20,20
34,2392,0.17378644499903295,0.039999681836208195,0.2215831995926586,0.5646306735721002,25,20,20
34,2393,0.17385665034943684,0.03999968236272182,0.2215131273769984,0.5646305399108422,25,20,20
34,2394,0.17385665034943762,0.03999968236272604,0.22151779230637778,0.5646258749814578,25,20,20
34,2395,0.1702630475290654,0.04007775986737589,0.22503331561501677,0.5646258769885413,25,20,20
34,2396,0.130327185778111,0.040079125230556116,0.26460316357565394,0.5649905254156787,25,20,20
34,2397,0.12698831114275339,0.040079074948555754,0.2679423237708993,0.5649902901377907,25,20,20
34,2398,0.15190491625950892,0.040088036600656386,0.24338052677022654,0.564626520369608,25,20,20
34,2399,0.19182085609936222,0.040088035573217544,0.2034645904280173,0.564626517899403,25,20,20
34,2400,0.19182085609935906,0.040088035573217475,0.20346455619180534,0.5646265521356181,25,20,20
34,2401,0.19182085609935595,0.040088035573217475,0.20346458769203302,0.5646265206353934,25,20,20
34,2402,0.19182085609940214,0.040088035573221756,0.20359032088702922,0.5645007874403467,25,20,20
34,2403,0.19178711704250972,0.04008803556885757,0.20362406111440812,0.5645007862742244,25,20,20
34,2404,0.19178711704250978,0.04005641557100278,0.20365568111226118,0.5645007862742262,25,20,20
34,2405,0.19175191706666553,0.04005641557539371,0.20368283974474433,0.5645088276131962,25,20,20
34,2406,0.19175191706666553,0.040056415575397936,0.2036893249849377,0.5645023423729986,25,20,20
34,2407,0.19175191706666472,0.04005641557539797,0.20405768087286735,0.5641339864850697,25,20,20
34,2408,0.19175191706407568,0.04005641478259842,0.20395774895726063,0.5642339191960649,25,20,20
34,2409,0.1917519170640756,0.04005641478259834,0.20395760791982853,0.5642340602334973,25,20,20
34,2410,0.19175191743664347,0.04005643787402329,0.20872530238673417,0.5594663423025985,25,20,20
34,2411,0.19175191743664347,0.04005643787402329,0.2087252998034369,0.5594663448858956,25,20,20
34,2412,0.20993846126450144,0.040056426921335736,0.19053876784439147,0.5594663439697711,25,20,20
34,2413,0.2099384612645014,0.040056426921335736,0.19053410433109516,0.5594710074830673,25,20,20
34,2414,0.20993846126450136,0.04005642692133567,0.19090714055200939,0.5590979712621532,25,20,20
34,2415,0.2099384612653564,0.039470827228508316,0.1914927402438856,0.5590979712622492,25,20,20
34,2416,0.2099384612721031,0.0394708277312935,0.20547481387169372,0.545115897124909,25,20,20
34,2417,0.20993846127210308,0.039470827731293505,0.20547485499462204,0.5451158560019808,25,20,20
34,2418,0.2099384612653533,0.039470827214569015,0.19148048897917508,0.5591102225409023,25,20,20
34,2419,0.20993846126535642,0.039470827214573345,0.19184698821186452,0.5587437233082055,25,20,20
34,2420,0.20993846126535642,0.039470827214573345,0.1918469908860601,0.5587437206340098,25,20,20
34,2421,0.18688765450186964,0.039473130436236833,0.21488439540706428,0.5587548196548294,25,20,20
34,2422,0.18688765450101458,0.038852017374669236,0.21550550846419622,0.5587548196601202,25,20,20
34,2423,0.18688765450101377,0.03885201737442473,0.21549888650074206,0.5587614416238196,25,20,20
34,2424,0.208214734308369,0.03885201738867419,0.19417158374409724,0.5587616645588596,25,20,20
34,2425,0.20821473430836906,0.03885201738867849,0.19417178098877524,0.5587614673141771,25,20,20
34,2426,0.20821474120836808,0.038851989571451986,0.1602655700967178,0.5926676991234621,25,20,20
34,2427,0.20821474120836803,0.038851989571451986,0.16026565740126528,0.5926676118189147,25,20,20
34,2428,0.20821474120836797,0.03885198957145192,0.16026568926018936,0.5926675799599908,25,20,20
34,2429,0.20821474120837166,0.039480250690855485,0.15963742783405346,0.5926675802667192,25,20,20
34,2430,0.20821473918028668,0.039480251146569875,0.15964534576590275,0.5926596639072405,25,20,20
34,2431,0.20802322009967988,0.03948025105759024,0.15983686494267463,0.5926596639000554,25,20,20
34,2432,0.2080232200996798,0.039480251057585944,0.15983666908540223,0.5926598597573323,25,20,20
34,2433,0.16812372074817378,0.03948028959733889,0.19973576869536122,0.5926602209591266,25,20,20
34,2434,0.168123720748177,0.03948028959734747,0.19974237301911088,0.5926536166353652,25,20,20
34,2435,0.168123720748177,0.03948028959734747,0.19974897864329463,0.5926470110111816,25,20,20
34,2436,0.16812371347436753,0.03948028892322996,0.19366196306776856,0.5987340345346348,25,20,20
34,2437,0.16812371347437072,0.03948028892323417,0.19366006294419133,0.5987359346582046,25,20,20
34,2438,0.16812371347437152,0.039480288923242755,0.19366465285090467,0.5987313447514818,25,20,20
34,2439,0.1672882113779835,0.039480289622696736,0.19450015424680356,0.598731344752517,25,20,20
34,2440,0.17626524996472237,0.03946996692811507,0.18553431702238757,0.598730466084776,25,20,20
34,2441,0.17626524996472237,0.03946996692811507,0.1855342365136718,0.5987305465934917,25,20,20
34,2442,0.17626524996471896,0.04002650775672079,0.18497769568065944,0.5987305465979016,25,20,20
34,2443,0.18117813549626138,0.0400264692173378,0.1800652068089121,0.5987301884774893,25,20,20
34,2444,0.1811781354962152,0.04002646921733352,0.1799394756113702,0.5988559196750814,25,20,20
34,2445,0.1811781354962152,0.04002646921733353,0.17993936116356596,0.5988560341228857,25,20,20
34,2446,0.1811781355224955,0.021317532141249523,0.19864829852694332,0.5988560338093121,25,20,20
34,2447,0.18082150720013973,0.021317764593749025,0.19900356805375996,0.5988571601523516,25,20,20
34,2448,0.18082150720013979,0.021317764593749025,0.19900360813056153,0.59885712007555,25,20,20
34,2449,0.18082150720013973,0.02131776459398853,0.19876002795854786,0.5991007002473243,25,20,20
34,2450,0.22050291158697857,0.021317764129403286,0.15907874985393256,0.5991005744296857,25,20,20
34,2451,0.22050291158697857,0.021317764129159453,0.15894930863189444,0.5992300156519675,25,20,20
34,2452,0.18666734184598713,0.0213177606500575,0.19278487783835316,0.5992300196656027,25,20,20
34,2453,0.18666734184598713,0.0213177606500575,0.1927849569265432,0.5992299405774126,25,20,20
34,2454,0.18685495626667575,0.021317760649975218,0.19259734292835276,0.5992299401549968,25,20,20
34,2455,0.18685495626667575,0.02131776064997093,0.19259073785657269,0.5992365452267812,25,20,20
34,2456,0.18685495626672047,0.02131776064996672,0.1925862322996811,0.5992410507836321,25,20,20
34,2457,0.18685495626671728,0.02131776064995814,0.19257965433882934,0.5992476287444958,25,20,20
34,2458,0.18685495626671728,0.021317760649958134,0.19257957583648214,0.599247707246843,25,20,20
34,2459,0.15063864507702754,0.021317760649956812,0.22879588702574527,0.599247707247271,25,20,20
34,2460,0.15063864507702673,0.021317760649956736,0.22916884583799407,0.5988747484350232,25,20,20
34,2461,0.15063864507702673,0.021317760649956736,0.22916884638904214,0.5988747478839751,25,20,20
34,2462,0.15063864507702598,0.021317760649952448,0.22916232157223418,0.5988812727007882,25,20,20
34,2463,0.14708203567442374,0.021317800220923513,0.19839291740271087,0.6332072467019426,25,20,20
34,2464,0.14708203567460662,0.021317800220923597,0.1983929582541257,0.6332072058503448,25,20,20
34,2465,0.14708203567442368,0.02131780022092359,0.19839943968288323,0.6332007244217702,25,20,20
34,2466,0.14708203567442443,0.02131780022092359,0.19839945514756202,0.6332007089570907,25,20,20
34,2467,0.18303969440181903,0.021317799377748723,0.16244055361334034,0.633201952607092,25,20,20
34,2468,0.1859914835351221,0.021318086279057288,0.15948703832523844,0.6332033918605822,25,20,20
34,2469,0.18599148353516765,0.021318086279301953,0.1594852668508711,0.6332051633346594,25,20,20
34,2470,0.18599148368173027,0.021318086279544367,0.15985925749196936,0.6328311725467561,25,20,20
34,2471,0.18599148368432541,0.02131808627978895,0.15986592267394342,0.6328245073619424,25,20,20
34,2472,0.1859914836817303,0.02131808627954444,0.15985933270047503,0.6328310973382503,25,20,20
34,2473,0.1859914836818846,0.02131808694982567,0.16612555315412234,0.6265648762141676,25,20,20
34,2474,0.18599148368188734,0.021318086949829354,0.1723751444916968,0.6203152848765867,25,20,20
34,2475,0.18696355023593328,0.02131780004844644,0.17140605176283708,0.6203125979527835,25,20,20
34,2476,0.1708949294089232,0.021317799765395398,0.18747467185571295,0.6203125989699686,25,20,20
34,2477,0.17089492940895343,0.021317800340451512,0.19228358569213141,0.615503684558464,25,20,20
34,2478,0.17089492940879913,0.021317799670170282,0.1860173646282991,0.6217699062927317,25,20,20
34,2479,0.17089492940875364,0.021317799669925686,0.18601261214492815,0.6217746587763927,25,20,20
34,2480,0.1708949294087528,0.02131779966992561,0.18563949427375107,0.6221477766475707,25,20,20
34,2481,0.1708949294087113,0.021317799683860546,0.18565161652494286,0.6221356543824856,25,20,20
34,2482,0.1708949294087113,0.021317799683860474,0.18565153455589467,0.6221357363515339,25,20,20
34,2483,0.14939868379463006,0.021317799268468454,0.20714777765497772,0.6221357392819243,25,20,20
34,2484,0.14939868379463012,0.021317799268468454,0.20714777764784806,0.6221357392890539,25,20,20
34,2485,0.14939868379463006,0.02131779926846853,0.2071477241690922,0.6221357927678098,25,20,20
34,2486,0.14939868379463003,0.02131779926846853,0.20677460544507362,0.6225089114918285,25,20,20
34,2487,0.14939868379463003,0.02131779926846853,0.20677460546114573,0.6225089114757563,25,20,20
34,2488,0.15006295085614454,0.021317566815913583,0.2061116971805592,0.6225077851473833,25,20,20
34,2489,0.15006295085614454,0.021317566815913663,0.20611183877252295,0.6225076435554194,25,20,20
34,2490,0.15006295085614535,0.02131756681591374,0.2061119547775074,0.622507527550434,25,20,20
34,2491,0.15006295085614776,0.021317566815917878,0.20611200749638953,0.6225074748315453,25,20,20
34,2492,0.15006295085614782,0.02131756681591788,0.2061120345241585,0.6225074478037762,25,20,20
34,2493,0.1500629508561478,0.021317566815917805,0.2061184962715351,0.6225009860563998,25,20,20
34,2494,0.14996683291825186,0.0213175272449466,0.20054074573845512,0.6281748940983468,25,20,20
34,2495,0.1499668329184334,0.021317527244950805,0.20066663419770278,0.6280490056389135,25,20,20
34,2496,0.14996683291843416,0.021317527244955017,0.2006731255096274,0.6280425143269839,25,20,20
34,2497,0.14887947375789895,0.02132959186472704,0.20174840628396964,0.6280425280934048,25,20,20
34,2498,0.14836752015091295,0.021721204612614876,0.20186875446558525,0.6280425207708873,25,20,20
34,2499,0.1831105829392823,0.021721204612216966,0.16712569476646044,0.6280425176820402,25,20,20
34,2500,0.18357717074034574,0.02164312736600539,0.16673711842358993,0.6280425834700594,25,20,20
34,2501,0.18261124991188804,0.021643127366330964,0.16770303756107677,0.6280425851607049,25,20,20
34,2502,0.1826112498856227,0.04036677473747319,0.14897939021914963,0.628042585157755,25,20,20
34,2503,0.18261124988560795,0.0014922255151143817,0.18785393943291973,0.6280425851663587,25,20,20
34,2504,0.18261124988578994,0.0014922255290536856,0.18786623194692773,0.6280302926382292,25,20,20
34,2505,0.18261124988578675,0.0014922255290493926,0.18786603420974854,0.6280304903754158,25,20,20
34,2506,0.18261124988578675,0.0014922255290493942,0.18786599881397276,0.6280305257711915,25,20,20
34,2507,0.18261124988578686,0.0014922255292932278,0.1879955220757682,0.6279010025091522,25,20,20
34,2508,0.18261124988578611,0.0014922255292890874,0.18799551967148542,0.6279010049134398,25,20,20
34,2509,0.1826112498857893,0.0014922255292934522,0.18800212422201748,0.6278944003629,25,20,20
34,2510,0.1826112498857596,0.001492224954233734,0.1769452416013836,0.6389512835586235,25,20,20
34,2511,0.18261124988575955,0.0014922249539899006,0.17681575831133153,0.6390807668489196,25,20,20
34,2512,0.18261124988576272,0.001492224954238625,0.1768157875496995,0.6390807376102997,25,20,20
34,2513,0.17100413438313514,0.0014924316445118547,0.18842172673455335,0.6390817072378002,25,20,20
34,2514,0.17185149127646868,0.0014917112454548745,0.18758618913299238,0.6390706083450837,25,20,20
34,2515,0.17281334324769784,0.001491711245245054,0.1866243371506445,0.6390706083564124,25,20,20
34,2516,0.17000703203899944,0.0015232378697642814,0.18924644926856873,0.6392232808226677,25,20,20
34,2517,0.17000703203899942,0.0015232378697642066,0.18923992697247352,0.639229803118763,25,20,20
34,2518,0.17000703189243677,0.0015232378695217929,0.18886590930201122,0.6396038209360302,25,20,20
34,2519,0.17000703189243677,0.0015232378695218686,0.18886593690357592,0.6396037933344654,25,20,20
34,2520,0.15174971018843258,0.0014917112543402211,0.19365318065944198,0.6531053978977852,25,20,20
34,2521,0.14479365789704923,0.001491719663296383,0.20060922419873528,0.6531053982409192,25,20,20
34,2522,0.14479365789722815,0.0014917196635366758,0.20060932274792254,0.6531052996913128,25,20,20
34,2523,0.14479365790760548,0.0014917196495975221,0.20060025484752247,0.653114367595275,25,20,20
34,2524,0.1447936579074239,0.0014917196495932467,0.20047439776889203,0.6532402246740913,25,20,20
34,2525,0.14479365790742396,0.0014917196498378416,0.20047915078599965,0.653235471656739,25,20,20
34,2526,0.14479365790742477,0.0014917196498379181,0.20048139201702928,0.6532332304257084,25,20,20
34,2527,0.1447936579072427,0.0014917196359029053,0.2004737746154145,0.6532408478414401,25,20,20
34,2528,0.14479365790723953,0.0014917196358985804,0.20010078507880336,0.6536138373780587,25,20,20
34,2529,0.14479365790723953,0.001491719635898583,0.20010548686185847,0.6536091355950038,25,20,20
34,2530,0.14479365790723953,0.0014917196358985854,0.20011018757020912,0.6536044348866534,25,20,20
34,2531,0.14479365790723958,0.0014917196358985854,0.20010548919705312,0.6536091332598093,25,20,20
34,2532,0.14545472701382545,0.00040549966686543974,0.20052933681725127,0.6536104365020577,25,20,20
34,2533,0.14545472701382545,0.00040549966686543844,0.20052925576631428,0.6536105175529947,25,20,20
34,2534,0.1178105294859622,0.0004052932467023925,0.22817065329504743,0.6536135239722886,25,20,20
34,2535,0.11781052948596223,0.0004052932467024529,0.22829547127130234,0.6534887059960336,25,20,20
34,2536,0.11781052948596216,0.0004052932464578566,0.22829066422291036,0.6534935130446702,25,20,20
34,2537,0.1178105294860075,0.0004052932466973361,0.22829070499786744,0.6534934722694282,25,20,20
34,2538,0.11781053788680093,0.0004052932605879514,0.22844299979177504,0.6533411690608366,25,20,20
34,2539,0.11781053788680093,0.0004052932605922417,0.2284430282102914,0.6533411406423162,25,20,20
34,2540,0.11781053788680174,0.0004052932605922415,0.2285730391736137,0.6532111296789926,25,20,20
34,2541,0.15663908740435425,0.0004036864290295939,0.18974609665143316,0.6532111295151835,25,20,20
34,2542,0.15663908799598653,0.00040368642903810257,0.1896262604558436,0.653330965119132,25,20,20
34,2543,0.1777199019153301,0.00040369741312802756,0.1685466860493056,0.6533297146222362,25,20,20
34,2544,0.17771989351453749,0.0004036973992417026,0.1683944740759501,0.6534819350102707,25,20,20
34,2545,0.17771989351453826,0.0004036973992417752,0.16838988884826098,0.6534865202379591,25,20,20
34,2546,0.17771989351453826,0.0004036973994820791,0.16839001970381076,0.653486389382169,25,20,20
34,2547,0.17771989292290521,0.0004036973994735706,0.1683799318099903,0.6534964778676309,25,20,20
34,2548,0.17771989292290521,0.00040369739947349536,0.16837981847144456,0.6534965912061768,25,20,20
34,2549,0.1777198929230861,0.0004036973994777571,0.16864616495974702,0.653230244717689,25,20,20
34,2550,0.17771989292308285,0.0004036973994776805,0.16864465428248807,0.6532317553949513,25,20,20
34,2551,0.17771989292290194,0.0004036973997180124,0.16838314128246268,0.6534932683949173,25,20,20
34,2552,0.17771989292501306,0.0004036981016739482,0.17303622811355607,0.6488401808597567,25,20,20
34,2553,0.1959689228348713,0.0004036870335607951,0.15478726202577,0.6488401281057974,25,20,20
34,2554,0.19382795943470238,0.00040368708504137223,0.1705827272584685,0.6351856262217881,25,20,20
34,2555,0.19382795943470238,0.0004036870850413723,0.17058283914464611,0.6351855143356104,25,20,20
34,2556,0.17001036505341888,0.0004050945367110744,0.1943967892629228,0.6351877511469476,25,20,20
34,2557,0.16607971283459033,0.0004226027886186055,0.19813180241492326,0.6353658819618679,25,20,20
34,2558,0.16607971283458958,0.00042260278862282183,0.19813188309425533,0.6353658012825325,25,20,20
34,2559,0.16607971283458958,0.0004226027886228971,0.19813180860886098,0.6353658757679268,25,20,20
34,2560,0.1660797128345888,0.0004226027886271122,0.19812972407529525,0.635367960301489,25,20,20
34,2561,0.19383658542559679,0.0004036870849398816,0.17057213481422337,0.6351875926752403,25,20,20
34,2562,0.19383658542330356,0.00040368638273928834,0.16591245734517546,0.6398472708487816,25,20,20
34,2563,0.1938365854233036,0.00040368638249476866,0.16590770492807774,0.6398520232661238,25,20,20
34,2564,0.19383658542330365,0.0004036863827392883,0.1659125004645201,0.639847227729437,25,20,20
34,2565,0.1938365854232583,0.0004036863824954561,0.16578296602352094,0.6399767621707254,25,20,20
34,2566,0.19383640439940997,0.0004040379067422531,0.1657827664731504,0.6399767912206974,25,20,20
34,2567,0.1938364044020052,0.00040403790699113795,0.1657809995456612,0.6399785581453424,25,20,20
34,2568,0.1938364044020052,0.00040403790699113795,0.16578111599237388,0.6399784416986298,25,20,20
34,2569,0.1541378278394146,0.000404079578502693,0.20484547564958155,0.6406126169325017,25,20,20
34,2570,0.15413782783941465,0.0004040795923968418,0.20497482899834285,0.6404832635698463,25,20,20
34,2571,0.15413782783941146,0.00040407959214804214,0.20497479976907662,0.6404832927993644,25,20,20
34,2572,0.15413782783941152,0.00040407959214811614,0.2049748065529241,0.6404832860155167,25,20,20
34,2573,0.15413782783941146,0.00040407959214811614,0.20497942530688998,0.6404786672615511,25,20,20
34,2574,0.15413782783941152,0.00040407959214382584,0.2049809053842483,0.6404771871841969,25,20,20
34,2575,0.15401113430730182,0.0004040795921717153,0.20510759891606875,0.6404771871844581,25,20,20
34,2576,0.11404635700168442,0.0004040801023715224,0.24507237732958898,0.640477185566356,25,20,20
34,2577,0.11345842209731784,0.0004040804604281861,0.2456603118758988,0.6404771855663562,25,20,20
34,2578,0.11345842209732097,0.0004040804601836678,0.24565561939578703,0.6404818780467093,25,20,20
34,2579,0.11345842222784047,0.00040412042675439766,0.2503671541394852,0.6357703032059203,25,20,20
34,2580,0.12041663630851407,0.0004041120177972539,0.24340894882583616,0.635770302847853,25,20,20
34,2581,0.08406616932020747,0.0004041389138622521,0.27975938449758775,0.635770307268341,25,20,20
34,2582,0.08406616932020747,0.0004041389138622521,0.27975943851657104,0.635770253249358,25,20,20
34,2583,0.08406616932024762,0.00040413956850810466,0.28681229529334046,0.6287173958179028,25,20,20
34,2584,0.08406616932025081,0.0004041395685081059,0.286809215722377,0.6287204753888629,25,20,20
34,2585,0.08464496433638294,0.0004041392104572944,0.28623042106376273,0.628720475389396,25,20,20
34,2586,0.08464496433638216,0.000404139210453152,0.286231847354034,0.6287190490991297,25,20,20
34,2587,0.08464496433638216,0.000404139210453226,0.286231821653047,0.6287190748001167,25,20,20
34,2588,0.08464496433638216,0.0004041392104532286,0.28623173424161924,0.6287191622115443,25,20,20
34,2589,0.08464496433642767,0.00040413921069773826,0.28623183451976436,0.6287190619331092,25,20,20
34,2590,0.08464496432604633,0.00040413921069758766,0.28622858146722013,0.6287223149960348,25,20,20
34,2591,0.08547159136715113,0.0004041876625086051,0.2854019059863273,0.628722314984012,25,20,20
34,2592,0.08547159136714794,0.00040418766226401145,0.28539707248726526,0.628727148483322,25,20,20
34,2593,0.08547159136714473,0.00040418766226401145,0.2853955333144993,0.6287286876560912,25,20,20
34,2594,0.0854715913671448,0.00040418766226393745,0.2853939782567945,0.628730242713796,25,20,20
34,2595,0.088901184764947,0.00040419743302725817,0.28259150062627536,0.6281031171757496,25,20,20
34,2596,0.11875151443536433,0.0004041524458238909,0.2527411970692196,0.6281031360495922,25,20,20
34,2597,0.11875151430484879,0.00040411247925331025,0.248029771120122,0.6328146020957756,25,20,20
34,2598,0.11620102602828235,0.00040406103705491436,0.25058736053409986,0.6328075524005626,25,20,20
34,2599,0.11620102936746994,0.00040406978118764334,0.2505873778600531,0.6328075229912895,25,20,20
34,2600,0.1162010293648748,0.00040406979487991635,0.25058954000648487,0.6328053608337606,25,20,20
34,2601,0.11620102936487474,0.0004040697948799176,0.25059412062083214,0.6328007802194136,25,20,20
34,2602,0.11620102936483245,0.0004040697946353354,0.2505941450097153,0.6328007558308171,25,20,20
34,2603,0.11620102936501331,0.000404069780937172,0.25085349779130645,0.6325414030627432,25,20,20
34,2604,0.11620102937533026,0.00040406979479637255,0.2511078123170681,0.6322870885128055,25,20,20
34,2605,0.11620102937533346,0.00040406979479644785,0.25111248739444475,0.6322824134354252,25,20,20
34,2606,0.1162010293755124,0.000404069794800665,0.25111248969908806,0.6322824111305988,25,20,20
34,2607,0.11620143415281936,0.00040371909891814156,0.25111243561046437,0.6322824111377979,25,20,20
34,2608,0.11620143415281536,0.00040371909891798966,0.251112405862678,0.6322824408855884,25,20,20
34,2609,0.11620143415299751,0.00040371909892227996,0.2511079027311796,0.6322869440169004,25,20,20
34,2610,0.11444889983177056,0.0004037194339488543,0.2528604321675579,0.632286948566723,25,20,20
34,2611,0.11444889983176731,0.0004037194339488543,0.25285374265805977,0.6322936380762243,25,20,20
34,2612,0.11444889983176731,0.00040371943394877907,0.25285377604082304,0.6322936046934611,25,20,20
34,2613,0.12373517896195402,0.00040371572885950695,0.24356751868420112,0.6322935866249856,25,20,20
34,2614,0.12373517896195714,0.0004037157288552167,0.24357211972405607,0.6322889855851317,25,20,20
34,2615,0.12373517896195714,0.00040371572885529255,0.2439452227078041,0.6319158826013836,25,20,20
34,2616,0.1237351789619572,0.00040371572885529255,0.2439451907748764,0.6319159145343112,25,20,20
34,2617,0.12373517896213868,0.0004037157427537049,0.2440747453618563,0.6317863599332513,25,20,20
34,2618,0.12373517896213868,0.0004037157427537802,0.2440747028546047,0.6317864024405027,25,20,20
34,2619,0.12373517896199682,0.00040371575506731647,0.24874471679798005,0.6271163884849558,25,20,20
34,2620,0.12367550698952393,0.0004037154852887073,0.24880438990999437,0.627116387615193,25,20,20
34,2621,0.12367550698952393,0.0004037154713902682,0.24867494884394248,0.6272458286951432,25,20,20
34,2622,0.12367550698952151,0.0004037154713943693,0.24904794308995615,0.6268728344491278,25,20,20
34,2623,0.12367509758622909,0.00040441627062402986,0.24904765170122067,0.6268728344419259,25,20,20
34,2624,0.12367509758622904,0.00040441627062403116,0.24905224447035593,0.6268682416727906,25,20,20
34,2625,0.12003237565916886,0.00040438937456192174,0.2526949976704514,0.6268682372958179,25,20,20
34,2626,0.12003237564885197,0.0004043893607028691,0.2524429337754927,0.6271203012149524,25,20,20
34,2627,0.12003237564885254,0.0004043893468086713,0.2523180154371375,0.6272452195672016,25,20,20
34,2628,0.12003237564885254,0.0004043893468085973,0.2523179774506888,0.6272452575536502,25,20,20
34,2629,0.09611993744096829,0.000404391384748309,0.2762304134547353,0.6272452577195482,25,20,20
34,2630,0.09619570161834884,0.00041787290455766414,0.2760808858266559,0.6273055396504374,25,20,20
34,2631,0.09619570161834884,0.00041787290455766414,0.27608088582665585,0.6273055396504374,25,20,20
34,2632,0.09619570162854886,0.0004178729045533025,0.27608078286617443,0.627305642600723,25,20,20
34,2633,0.09619570162854883,0.000417872904556143,0.29005056777875915,0.6133358576881346,25,20,20
34,2634,0.0961957016283667,0.0004178729045518532,0.2900458656919272,0.613340559775153,25,20,20
34,2635,0.09619448648396865,0.00041787290455447116,0.2900470808790875,0.6133405597323883,25,20,20
34,2636,0.09619448647374021,0.00041787292808460414,0.29629662480745983,0.6070910157907146,25,20,20
34,2637,0.09521419805963313,0.0004178729279257139,0.2972769132224568,0.6070910157899827,25,20,20
34,2638,0.09521419805963313,0.0004178729279257126,0.2972769930150482,0.6070909359973914,25,20,20
34,2639,0.09521419805963316,0.0004178729279257865,0.2972771069392594,0.6070908220731801,25,20,20
34,2640,0.09521450221328998,0.0004178729280830942,0.29727680274268214,0.6070908221159432,25,20,20
34,2641,0.09521450221328998,0.0004178729280830942,0.2972767202758697,0.6070909045827557,25,20,20
34,2642,0.09521450221347295,0.0004178729283235294,0.2969059560117256,0.6074616688464765,25,20,20
34,2643,0.09521450221332005,0.0004178729047976428,0.2910294205088141,0.6133382043730674,25,20,20
34,2644,0.09464244924168125,0.00040475144718070226,0.2916788523962359,0.6132739469149012,25,20,20
34,2645,0.09645333560263517,0.0004047516886719578,0.28986796470398696,0.613273948004705,25,20,20
34,2646,0.09645333560263522,0.0004047516886757494,0.2945252089154264,0.6086167037932612,25,20,20
34,2647,0.08044490524017858,0.0004050023260963083,0.3105333888136997,0.6086167036200241,25,20,20
34,2648,0.08044490524017861,0.0004050023260963095,0.31053327576178846,0.6086168166719355,25,20,20
34,2649,0.08044490524017622,0.0004050023260963095,0.31052863203066156,0.6086214604030649,25,20,20
34,2650,0.08044490524017624,0.0004050023260963082,0.31052404487212704,0.6086260475615997,25,20,20
34,2651,0.07998405907987222,0.00040500208391562327,0.31098495689848776,0.6086259819377231,25,20,20
34,2652,0.07998405901579869,0.0004088917468233654,0.31098106781930374,0.6086259814180731,25,20,20
34,2653,0.07998409438405146,0.0004046417954845391,0.3109852823326519,0.608625981487811,25,20,20
34,2654,0.07998409438405141,0.0004046417954845378,0.31099188368614067,0.6086193801343224,25,20,20
34,2655,0.07998409438401115,0.0004046417831667103,0.30631724498826446,0.6132940188445566,25,20,20
34,2656,0.079984094383971,0.0004046411285208592,0.2992643867956198,0.6203468776918875,25,20,20
34,2657,0.07998409438379007,0.0004046411282778649,0.2989980360313541,0.6206132284565771,25,20,20
34,2658,0.07998409438304123,1.2165561768623913e-06,0.29933277098075584,0.6206819180800253,25,20,20
34,2659,0.07998409438304113,1.2165561730707663e-06,0.29467390580133135,0.6253407832594536,25,20,20
34,2660,0.07998409438304034,1.2165561688957381e-06,0.29430740641711767,0.6257072826436724,25,20,20
34,2661,0.07998414139086528,1.2162917303293797e-06,0.2943760385668402,0.6256386037505636,25,20,20
34,2662,0.07998414139086454,1.2162917303307003e-06,0.2943759246775495,0.6256387176398549,25,20,20
34,2663,0.07998414139086454,1.2162917303307005e-06,0.29436932191179305,0.6256453204056114,25,20,20
34,2664,0.04521928944962421,1.3116457370185456e-06,0.3291332159691749,0.625646182935464,25,20,20
34,2665,0.0452192894496242,1.3116457370185456e-06,0.3291332159338779,0.6256461829707609,25,20,20
34,2666,0.0452192894496242,1.3116457370924946e-06,0.32913325074514416,0.6256461481594946,25,20,20
34,2667,0.04521928944962414,1.3116457370898756e-06,0.3291332106564988,0.62564618824814,25,20,20
34,2668,0.04521929409422907,6.075454586992469e-07,0.32913391011201026,0.6256461882483034,25,20,20
34,2669,0.04521929409422907,6.075454586992245e-07,0.32913398917962944,0.6256461091806842,25,20,20
34,2670,0.04522078887247889,6.075456129931832e-07,0.3291247237269632,0.6256538798549466,25,20,20
34,2671,0.045220790114858814,6.075020062912084e-07,0.32912472252574043,0.6256538798573952,25,20,20
34,2672,0.03451190523304451,1.0262882900132408e-05,0.33977791788965417,0.6256999139944017,25,20,20
34,2673,0.034511905233044586,1.0262882904422237e-05,0.3397826315945297,0.6256952002895217,25,20,20
34,2674,0.057481115981220486,1.0262866773193783e-05,0.31681336716819636,0.6256952539838095,25,20,20
34,2675,0.05748111133807025,1.0268996259878352e-05,0.3168133656820234,0.6256952539836462,25,20,20
34,2676,0.05748111133807023,1.0268996257037886e-05,0.30284357981758586,0.6396650398480864,25,20,20
34,2677,0.08429325035648301,1.0268754648741177e-05,0.2760314421733574,0.6396650387155097,25,20,20
34,2678,0.08429325035648301,1.0268754648739832e-05,0.2760314407492894,0.6396650401395778,25,20,20
34,2679,0.0842932503564838,1.026875465291617e-05,0.27640442905363855,0.6392920518352235,25,20,20
34,2680,0.1012425530612438,1.0268754526061997e-05,0.2594551822533837,0.6392919959308454,25,20,20
34,2681,0.10124255306124302,1.0268754521885683e-05,0.25908219398415466,0.6396649842000793,25,20,20
34,2682,0.10124255306124301,1.0268754521810415e-05,0.2590820780969297,0.6396651000873044,25,20,20
34,2683,0.09788884698959206,2.4347995557791847e-05,0.26242255120658803,0.6396642538082612,25,20,20
34,2684,0.09788884374085055,2.4577303987201746e-05,0.26235367056166065,0.6397329083935007,25,20,20
34,2685,0.09789923222712606,2.456912195858297e-05,0.26234328989822153,0.6397329087526932,25,20,20
34,2686,0.09790179854221835,2.4800177008115366e-05,0.2623404722913913,0.6397329289893815,25,20,20
34,2687,0.09790179854221835,2.4800177008189335e-05,0.26234055334778805,0.6397328479329848,25,20,20
34,2688,0.09790179869014251,2.4800177012482288e-05,0.26197423794569774,0.6400991631871464,25,20,20
34,2689,0.09790179869014252,2.4800177012482315e-05,0.2619742379811484,0.6400991631516958,25,20,20
34,2690,0.09790179869014565,2.480017700834043e-05,0.2619696016298381,0.640103799503007,25,20,20
34,2691,0.0979017987005274,2.480017700849099e-05,0.2619712918999073,0.640102109222556,25,20,20
34,2692,0.09790175170817593,3.893280356705235e-05,0.2619560241532513,0.6401032913350038,25,20,20
34,2693,0.09790175170817912,3.893280357134477e-05,0.26196077216465513,0.6400985433235925,25,20,20
34,2694,0.097963854112135,2.454764515882103e-05,0.2619072817609726,0.6401043164817318,25,20,20
34,2695,0.10352477378579705,2.458797376360463e-05,0.2563463183984542,0.6401043198419835,25,20,20
34,2696,0.10352477378579705,2.458797376360467e-05,0.2563462393328597,0.640104398907578,25,20,20
34,2697,0.10352477378579708,2.4587973979737242e-05,0.26100498617897094,0.6354456520612506,25,20,20
34,2698,0.10352477377541541,2.458797398387937e-05,0.26100566214750737,0.6354449761030917,25,20,20
34,2699,0.10352477377541541,2.4587973983804098e-05,0.2610056283875776,0.6354450098630217,25,20,20
34,2700,0.10352477377541543,2.45879739838781e-05,0.26101215269361916,0.6354384855569798,25,20,20
34,2701,0.10352477377541945,2.4587973983879453e-05,0.2610079427841804,0.6354426954664146,25,20,20
34,2702,0.10352477377541947,2.458797398395587e-05,0.2611002371920906,0.6353504010585045,25,20,20
34,2703,0.10352477377523968,2.4587973983880754e-05,0.26110020897542535,0.6353504292753498,25,20,20
34,2704,0.10352477377523574,2.4587973739270368e-05,0.2610979723972665,0.6353526658537572,25,20,20
34,2705,0.1035247737752223,1.0436947688333164e-05,0.261179591563103,0.6352851977139852,25,20,20
34,2706,0.10352477377521911,1.043694768411601e-05,0.2611749594036274,0.6352898298734683,25,20,20
34,2707,0.10352477378559946,1.0436961625274865e-05,0.26118195802829275,0.6352828312244815,25,20,20
34,2708,0.10352477378559952,1.043696162520218e-05,0.26117763078955075,0.6352871584632236,25,20,20
34,2709,0.10352477377521917,1.0436947684117261e-05,0.26117723497124007,0.6352875543058556,25,20,20
34,2710,0.10352477377521917,1.043694768832502e-05,0.26126941331551423,0.6351953759615772,25,20,20
34,2711,0.07995430215168657,7.819303241459101e-07,0.2848955723005093,0.6351493436174793,25,20,20
34,2712,0.07995430215168657,7.819303240694976e-07,0.28481001250598426,0.6352349034120043,25,20,20
34,2713,0.07995430215168652,7.819301080108909e-07,0.28015585235464235,0.6398890635635623,25,20,20
34,2714,0.06591996921482647,5.22694279854235e-06,0.29414410490741694,0.6399306989349572,25,20,20
34,2715,0.06591996921487193,5.226943043120717e-06,0.294149161821286,0.6399256420207982,25,20,20
34,2716,0.06591996906694862,5.2269430388297945e-06,0.2941446805669429,0.6399301234230689,25,20,20
34,2717,0.06591996906952682,5.226943285937896e-06,0.29440876023385676,0.6396660437533297,25,20,20
34,2718,0.0659199690694813,5.226943041358232e-06,0.29440146572464015,0.6396733382628365,25,20,20
34,2719,0.0658584297277945,5.227175522319995e-06,0.29446637570681616,0.6396699673898661,25,20,20
34,2720,0.0658584297277945,5.227175522321294e-06,0.29446633411805734,0.6396700089786251,25,20,20
34,2721,0.06584804124292375,5.22922926639221e-06,0.29447672090821336,0.639670008619596,25,20,20
34,2722,0.07709695226913912,5.229229226534253e-06,0.2832278098820366,0.6396700086195974,25,20,20
34,2723,0.07709695226913911,5.22922922645902e-06,0.28322120650007376,0.6396766120015603,25,20,20
34,2724,0.07709695226913825,5.229229230674056e-06,0.28321902063781684,0.639678797863814,25,20,20
34,2725,0.07709695226913832,5.229229230598811e-06,0.28321896603387137,0.6396788524677596,25,20,20
34,2726,0.07709695226913832,5.229229230672782e-06,0.28321900916167786,0.6396788093399529,25,20,20
34,2727,0.07709695308171863,5.224839464890373e-06,0.28321903366792966,0.6396787884108861,25,20,20
34,2728,0.0770969530920988,5.22483970946938e-06,0.28321995749916284,0.6396778645690281,25,20,20
34,2729,0.07709695310172536,5.224839709396566e-06,0.28611508067220776,0.6367827413863566,25,20,20
34,2730,0.07709695310172536,5.224839705113517e-06,0.28602278646590734,0.6368750355926615,25,20,20
34,2731,0.09094897477497442,7.798302678672726e-07,0.27221684515081424,0.6368334002439426,25,20,20
34,2732,0.09094897477497443,7.798302679412428e-07,0.2722169205008372,0.6368333248939196,25,20,20
34,2733,0.09094897478533323,7.798305162777719e-07,0.2723099249127729,0.6367403204713767,25,20,20
34,2734,0.09094897478533326,7.798305120614094e-07,0.27231450656453704,0.6367357388196168,25,20,20
34,2735,0.08535454796426173,7.794674973002952e-07,0.27790893547131384,0.6367357370969262,25,20,20
34,2736,0.0853656655834243,7.253945510420159e-05,0.2778200335370837,0.636741761424387,25,20,20
34,2737,0.08123847489302854,7.279823622152252e-05,0.2819457316709848,0.6367429951997646,25,20,20
34,2738,0.08123847489302849,7.279823622159779e-05,0.28195225395137363,0.6367364729193757,25,20,20
34,2739,0.08123847489302849,7.279823622159646e-05,0.281952252517208,0.6367364743535415,25,20,20
34,2740,0.08123847489045023,7.27982359743378e-05,0.2816858937698921,0.6370028331036829,25,20,20
34,2741,0.08123847572217027,7.255823584437507e-05,0.28168492163059,0.6370040444113948,25,20,20
34,2742,0.08135956584284196,7.255823741098678e-05,0.28156383150062547,0.6370040444191212,25,20,20
34,2743,0.08135956584284271,7.255825126135701e-05,0.2818312524950574,0.6367366234108381,25,20,20
34,2744,0.08352385615186815,7.230156612645665e-05,0.27940236270277324,0.6370014795792318,25,20,20
34,2745,0.10075743155080388,7.230149534359242e-05,0.25429245780781373,0.6448778091460388,25,20,20
34,2746,0.10075743155080388,7.230149534359371e-05,0.2542925374369045,0.6448777295169478,25,20,20
34,2747,0.10075743155080462,7.230149533937605e-05,0.2544196950919913,0.6447505718618646,25,20,20
34,2748,0.10075743155080781,7.230149558389446e-05,0.25441792580616934,0.644752341147439,25,20,20
34,2749,0.08360644648257871,7.230230693464853e-05,0.27944136989387836,0.6368798813166077,25,20,20
34,2750,0.08352360238438732,7.230133377416953e-05,0.2795316877405687,0.6368724085412691,25,20,20
34,2751,0.12286319605007083,5.796750088258246e-08,0.24026493928764295,0.6368718066947854,25,20,20
34,2752,0.12286319605266623,5.796750517402783e-08,0.24026657483065733,0.6368701711491713,25,20,20
34,2753,0.12350091783437968,5.761570845445353e-08,0.23963429611747195,0.63686472843244,25,20,20
34,2754,0.12350091783442516,5.7615712670575396e-08,0.23963196026665712,0.6368670642832049,25,20,20
34,2755,0.12350091783442835,5.761571267189591e-08,0.2396320428525464,0.6368669816973125,25,20,20
34,2756,0.1233845096967082,1.6226778473904138e-05,0.2397322818909626,0.6368669816338549,25,20,20
34,2757,0.12338450969670822,1.6226778473906733e-05,0.23973239826308101,0.6368668652617366,25,20,20
34,2758,0.12330854810070896,1.622686606143776e-05,0.23980835934670489,0.6368668656865247,25,20,20
34,2759,0.11799716624447848,1.622535536297938e-05,0.24538354329074863,0.6366030651094098,25,20,20
34,2760,0.117997166244433,1.6225355362978923e-05,0.2453877829323666,0.6365988254678373,25,20,20
34,2761,0.11814602794877482,1.6185039688497272e-05,0.24523896151252472,0.6365988254990114,25,20,20
34,2762,0.11814602793914833,1.6185039688496123e-05,0.24233921900855462,0.6394985680126077,25,20,20
34,2763,0.11249941821433797,1.7673781666634135e-05,0.2479772454874896,0.6395056625165051,25,20,20
34,2764,0.07466239501151606,1.7689944766237085e-05,0.28581007962279564,0.6395098354209203,25,20,20
34,2765,0.07466211530161655,1.7689944921176498e-05,0.2858181300075399,0.6395020647459206,25,20,20
34,2766,0.07466211530161336,1.7689944676656778e-05,0.2858198993148325,0.639500295438876,25,20,20
34,2767,0.07466211530161336,1.7689944676804704e-05,0.28582448424061974,0.6394957105130884,25,20,20
34,2768,0.07466211530161262,1.7689930826434434e-05,0.2855571985797099,0.6397629961878496,25,20,20
34,2769,0.07466211530161262,1.7689930822144805e-05,0.28555062253527375,0.63976957223229,25,20,20
34,2770,0.07466211530419656,1.7689931066050982e-05,0.28568023201488707,0.639639962749849,25,20,20
34,2771,0.07466242076081608,1.7690458809726887e-05,0.2856797873884846,0.6396401013918882,25,20,20
34,2772,0.0746624207608161,1.7690458809802178e-05,0.28568141043783646,0.6396384783425364,25,20,20
34,2773,0.07466242076081608,1.7690458809728242e-05,0.2856748076314818,0.639645081148891,25,20,20
34,2774,0.0781855591077181,1.6202183907034954e-05,0.28216025548613977,0.6396379832222338,25,20,20
34,2775,0.07818555910772128,1.6202183911324573e-05,0.28216677959774006,0.6396314591106261,25,20,20
34,2776,0.0781855590973411,1.620218366674691e-05,0.2821614392852904,0.6396367994337009,25,20,20
34,2777,0.0781855590973411,1.6202183666820835e-05,0.2821592042067954,0.6396390345121958,25,20,20
34,2778,0.07935265247380245,4.393190987865006e-05,0.28096445857187924,0.63963895704444,25,20,20
34,2779,0.10032109728642728,1.6204633295173853e-05,0.2600260611756763,0.6396366369046015,25,20,20
34,2780,0.09816712117487088,1.6194709635756652e-05,0.2621842201071989,0.6396324640082942,25,20,20
34,2781,0.06569748327617096,9.031687501026006e-05,0.2945819145172476,0.6396302853315706,25,20,20
34,2782,0.0656974832762165,9.031687525476963e-05,0.29458853654552797,0.639623663303,25,20,20
34,2783,0.06569748327362937,9.031687501086343e-05,0.29445892656461364,0.6397532732867456,25,20,20
34,2784,0.06569748327362537,9.031687501078684e-05,0.29445664816346884,0.6397555516878943,25,20,20
34,2785,0.06569748327102994,9.031687500642014e-05,0.2944548972987193,0.6397573025552437,25,20,20
34,2786,0.0656974833722956,9.06650901239815e-05,0.294358222410181,0.6398536291273988,25,20,20
34,2787,0.06569748337229639,9.066509012405676e-05,0.29436062153994996,0.6398512299976289,25,20,20
34,2788,0.06616930423228051,9.066531849065701e-05,0.29388526403984977,0.639854766409378,25,20,20
34,2789,0.06616930423227733,9.066531849073095e-05,0.293885263921948,0.6398547665272828,25,20,20
34,2790,0.06616930423227738,9.066531849080622e-05,0.2938875430876222,0.6398524873616085,25,20,20
34,2791,0.06616930423223186,9.06653182462227e-05,0.29388083997878056,0.6398591904707404,25,20,20
34,2792,0.06616909665936885,9.467155785156197e-05,0.29387704131934106,0.6398591904634374,25,20,20
34,2793,0.06616910126510547,9.467140123837471e-05,0.2938770363526628,0.6398591909809921,25,20,20
34,2794,0.06616877938990286,9.467089080818296e-05,0.29387749259116974,0.6398590571281177,25,20,20
34,2795,0.03571635577313373,9.46732423970999e-05,0.32325272345726186,0.6409362475272081,25,20,20
34,2796,0.03571635577313367,9.467324239709989e-05,0.32325256025952037,0.64093641072495,25,20,20
34,2797,0.03571635577313367,9.467324239702333e-05,0.32325038971234127,0.6409385812721294,25,20,20
34,2798,0.03571635577313366,9.467324239702333e-05,0.32325027524831584,0.6409386957361549,25,20,20
34,2799,0.035780961617297914,2.0551346064101617e-05,0.3232598937679992,0.6409385932686399,25,20,20
34,2800,0.03578096161729866,2.0551346068391246e-05,0.32326645635423695,0.6409320306823969,25,20,20
34,2801,0.06624689714318044,2.055086713075324e-05,0.2928005213480304,0.6409320306416575,25,20,20
34,2802,0.066246896961957,2.0196414233623613e-05,0.28812903059288636,0.6456038760309214,25,20,20
34,2803,0.06624689696195701,2.0196414233549664e-05,0.2881290640111223,0.6456038426126856,25,20,20
34,2804,0.07183345797330953,2.0195569627267205e-05,0.28254251208729253,0.6456038343697691,25,20,20
34,2805,0.05140395254236555,2.0185348113819208e-05,0.2942353549464092,0.6543405071631102,25,20,20
34,2806,0.05140395255271328,2.0185362016434504e-05,0.29423546106173043,0.6543404010235386,25,20,20
34,2807,0.05140395255271328,2.0185362016434527e-05,0.29423556996895756,0.6543402921163115,25,20,20
34,2808,0.04877465193678763,2.0229230529452677e-05,0.29686471842557777,0.6543404004071042,25,20,20
34,2809,0.048774651926439094,2.0229216626763635e-05,0.29673508981408825,0.6544700290428449,25,20,20
34,2810,0.04877465191608029,2.0229216378354384e-05,0.297015073339702,0.6541900455278383,25,20,20
34,2811,0.04877464841254004,0.001119586417663695,0.2959157201595169,0.6541900450102783,25,20,20
34,2812,0.04877464841254005,0.0011195864176679106,0.2959222435986346,0.6541835215711564,25,20,20
34,2813,0.04830282745120765,0.0011195861892984997,0.29639760124359693,0.6541799851158967,25,20,20
34,2814,0.04830282745138973,0.001119586189298501,0.29639544417572666,0.654182142183585,25,20,20
34,2815,0.04830282745121112,0.0011195861893022172,0.3010544506638523,0.6495231356956342,25,20,20
34,2816,0.04830282745121032,0.0011195861893022172,0.30105422116864206,0.6495233651908454,25,20,20
34,2817,0.04830282745121112,0.001119586189298003,0.30104773257546547,0.6495298537840255,25,20,20
34,2818,0.04830282745125543,0.001119586189302178,0.30142073430708494,0.6491568520523575,25,20,20
34,2819,0.04830283193922277,0.001118914963290256,0.30142137242402445,0.6491568806734637,25,20,20
34,2820,0.048302833071843736,0.0011189203063045885,0.30147194045946607,0.6491063061623867,25,20,20
34,2821,0.04830283307188926,0.001118920306549172,0.3014786442380486,0.6490996023835143,25,20,20
34,2822,0.0542447659349792,0.0011189203052432513,0.2955367109432927,0.6490996028164859,25,20,20
34,2823,0.044779815041466095,0.0011189178645000634,0.3026172392994349,0.6514840277945996,25,20,20
34,2824,0.04477981504146615,0.0011189178645000634,0.3026173206937777,0.6514839464002568,25,20,20
34,2825,0.04477981504146581,0.001118917864496346,0.297962895057462,0.6561383720365767,25,20,20
34,2826,0.04525423979149525,0.001118943612197974,0.29728911870076463,0.6563376978955427,25,20,20
34,2827,0.005278430647491344,0.001118944610156784,0.3368244119437179,0.6567782127986365,25,20,20
34,2828,0.0052784306474945395,0.0011189446101610755,0.3368260349741159,0.6567765897682311,25,20,20
34,2829,0.005278495313689756,0.0010997932691580576,0.33684512126603067,0.6567765901511242,25,20,20
34,2830,0.0052784953136865605,0.0010997932691579836,0.3368405322103933,0.656781179206765,25,20,20
34,2831,0.0022285855175863843,0.0010997493947672576,0.3397105391066059,0.6569611259810412,25,20,20
34,2832,0.0022285855175892045,0.0010997493949833118,0.3443683079192203,0.6523033571682079,25,20,20
34,2833,0.0022285855175900034,0.0010997493949833118,0.34437504052540957,0.6522966245620178,25,20,20
34,2834,0.002228585517586864,0.0010997493949790216,0.3443734189418967,0.6522982461455381,25,20,20
34,2835,0.002228585517586893,0.0010997493949790969,0.34437364999823494,0.6522980150891997,25,20,20
34,2836,0.0022285855175418097,0.0010997493949748468,0.3440029314690854,0.6526687336183986,25,20,20
34,2837,0.0022285855175457666,0.0010997494087880077,0.3440040089540924,0.6526676561195743,25,20,20
34,2838,0.0005237850825866981,0.0010997488686460741,0.3544375789747334,0.6439388870740346,25,20,20
34,2839,0.0005242641574321428,0.0010997770669140688,0.35486978950226056,0.6435061692733944,25,20,20
34,2840,0.0005242641574321287,0.0010997770669141428,0.3548675042976543,0.6435084544780006,25,20,20
34,2841,0.0005242641574321147,0.0010997770669140675,0.3548673889858622,0.643508569789793,25,20,20
34,2842,0.000496145276379055,0.0010997770603559448,0.3550622363310702,0.6433418413321961,25,20,20
34,2843,0.0004961452764203565,0.0010997770605669797,0.3611492749442275,0.6372548027187869,25,20,20
34,2844,0.0004961452764207159,0.0010997770603509256,0.35649458602177686,0.641909491641453,25,20,20
34,2845,0.0004961452764199312,0.001099777060346785,0.3564926436760155,0.6419114339872192,25,20,20
34,2846,0.0004961452764199165,0.0010997770603467098,0.35648802398743973,0.641916053675795,25,20,20
34,2847,0.004140992427005698,0.0010997770138274398,0.35285108064857384,0.6419081499105946,25,20,20
34,2848,0.004140992427005754,0.001099777013827514,0.3528510826763294,0.6419081478828388,25,20,20
34,2849,0.004140992427137487,0.00109977701383062,0.3639091281175745,0.6308501024414592,25,20,20
34,2850,0.004140992427134292,0.0010997770138262536,0.3639025209269273,0.6308567096321139,25,20,20
34,2851,0.0036819555289803983,0.0010997512661019761,0.36456091186869927,0.6306573813362195,25,20,20
34,2852,0.0036819555288486083,0.00109975126609887,0.35350278650705536,0.6417155066979982,25,20,20
34,2853,0.003680879941969966,0.001100478194505196,0.3535030791689123,0.6417155626946129,25,20,20
34,2854,0.0036620236280241534,0.0011004750854767941,0.35352276678675987,0.6417147344997395,25,20,20
34,2855,0.0036620236280241543,0.0011004750854767954,0.35352288125504594,0.6417146200314535,25,20,20
34,2856,0.0036620236280241547,0.0011004750854768694,0.35352288264768494,0.6417146186388146,25,20,20
34,2857,0.0036620236280242107,0.0011004750854810854,0.353527502122132,0.6417099991643633,25,20,20
34,2858,0.0036620320338855115,0.0011004750854853513,0.35365115502151545,0.6415863378591145,25,20,20
34,2859,0.0036620320338854556,0.0011004750854853498,0.3536511256574114,0.6415863672232178,25,20,20
34,2860,0.0036620288367664143,0.0011001284678405507,0.3536515044758551,0.6415863382195384,25,20,20
34,2861,0.003662028836557214,0.0011001284690468236,0.3536516208817689,0.6415862218126276,25,20,20
34,2862,0.0036620288365572145,0.0011001284690468987,0.35365164931949367,0.6415861933749027,25,20,20
34,2863,1.6793890455862325e-05,0.0035624067085592327,0.35483099386626976,0.6415898055347161,25,20,20
34,2864,1.6793890455833557e-05,0.0035624067085591573,0.3548307653932285,0.6415900340077572,25,20,20
34,2865,0.03620263410828046,0.0035624067080453335,0.31865825178533874,0.6415767073983354,25,20,20
34,2866,0.0362026341082392,0.0035624067078385896,0.31257580083790587,0.6476591583460164,25,20,20
34,2867,0.03620263410824233,0.0035624067080824943,0.31270532127286693,0.6475296379108083,25,20,20
34,2868,0.03620263410824233,0.0035624067080824943,0.3127053186895697,0.6475296404941056,25,20,20
34,2869,0.03620263410824313,0.00356240670808242,0.3127120242800803,0.6475229349035942,25,20,20
34,2870,0.03620263297410234,0.0035624013650932653,0.31258925068466126,0.647645714976143,25,20,20
34,2871,0.03620263297410154,0.0035624013650932653,0.31258251806819415,0.647652447592611,25,20,20
34,2872,0.03620263297410154,0.0035624013650932657,0.3125825180680172,0.6476524475927877,25,20,20
34,2873,0.03620263297410466,0.003562401365093266,0.3128487754223865,0.6473861902384155,25,20,20
34,2874,0.03620263297410148,0.0035624013648493593,0.3127193680141408,0.6475155976469084,25,20,20
34,2875,0.03620263297410148,0.003562401364849434,0.3127259707810735,0.6475089948799756,25,20,20
34,2876,0.03620208951238708,0.0011017493686204505,0.3151907736261384,0.6475053874928541,25,20,20
34,2877,0.03626973877512909,0.0011001790932601099,0.31512469702975765,0.6475053851018532,25,20,20
34,2878,0.04300654643156196,0.001111292234586321,0.3083306207879614,0.64755154054589,25,20,20
34,2879,0.043006546431558795,0.001111292234586246,0.3080665605979461,0.6478156007359085,25,20,20
34,2880,0.04300654643155885,0.0011112922345862448,0.30806157883350066,0.6478205825003539,25,20,20
34,2881,0.04300653802569835,0.0011112922345819709,0.30802553144525074,0.6478566382944687,25,20,20
34,2882,0.04300657320646031,0.0011112922882040182,0.3128178799691289,0.6430642545362065,25,20,20
34,2883,0.0430065732064603,0.0011112922882040182,0.31281568077701943,0.6430664537283161,25,20,20
34,2884,0.0430065732064611,0.0011112922882040193,0.3128157968953713,0.6430663376099635,25,20,20
34,2885,0.04300657321412066,0.001111292288563439,0.32341953329654893,0.6324626012007674,25,20,20
34,2886,0.04300657321412066,0.0011112922885593065,0.3233288869979768,0.6325532474993437,25,20,20
34,2887,0.04300657321411987,0.0011112922885593065,0.3233286604072579,0.6325534740900634,25,20,20
34,2888,0.03626973692716365,0.0011200625570732658,0.33010985121024433,0.6325003493055192,25,20,20
34,2889,0.051993863545579805,0.001120022201350631,0.31438572833952033,0.632500385913549,25,20,20
34,2890,0.051993797587929595,0.03987394167257005,0.27563187482088397,0.6325003859186163,25,20,20
34,2891,0.0762013262140777,0.03987392559633611,0.251424401260703,0.6325003469288832,25,20,20
34,2892,0.0762013262140777,0.039873925596336186,0.2514242736892301,0.6325004745003561,25,20,20
34,2893,0.07989334794185338,0.03987392559631322,0.24773225196171,0.6325004745001235,25,20,20
34,2894,0.07989334794443964,0.03987392559656124,0.24787569891869723,0.6323570275403019,25,20,20
34,2895,0.07989334794270869,0.03985472680713241,0.2478948977100149,0.6323570275401442,25,20,20
34,2896,0.07989334794270876,0.039854726807132555,0.2479013860580094,0.6323505391921495,25,20,20
34,2897,0.07989334794270882,0.03985472680713256,0.24790366164187985,0.632348263608279,25,20,20
34,2898,0.07989334794270797,0.03985472680713241,0.2479020019087503,0.6323499233414097,25,20,20
34,2899,0.0800076785407636,0.03985472680715847,0.247787671310673,0.6323499233414052,25,20,20
34,2900,0.08000767854094573,0.03985472680715862,0.2477877560871374,0.6323498385647586,25,20,20
34,2901,0.0457055840489617,0.04039103360456546,0.2815086572155373,0.6323947251309356,25,20,20
34,2902,0.0710281035147978,0.04039140430961044,0.2561848907529098,0.6323956014226821,25,20,20
34,2903,0.0710281035149799,0.04039140430961052,0.25618343358036955,0.6323970585950401,25,20,20
34,2904,0.07103468492327304,0.04039067736699906,0.25617759033781473,0.6323970473719125,25,20,20
34,2905,0.07103468765473857,0.04037280346296725,0.2561954612088279,0.6323970476734657,25,20,20
34,2906,0.0710346876547394,0.04037280346321169,0.25619746439186913,0.6323950444901795,25,20,20
34,2907,0.07103468765473943,0.04037280346321594,0.2565705682871131,0.6320219405949313,25,20,20
34,2908,0.07103468765473953,0.04037280346346421,0.2566562585865297,0.6319362502952663,25,20,20
34,2909,0.07103468765473947,0.04037280346346421,0.256654061531531,0.631938447350265,25,20,20
34,2910,0.07103468765473553,0.04037280344965533,0.25628458434841334,0.6323079245471955,25,20,20
34,2911,0.08568585077397223,0.04037243283845696,0.24163466810999665,0.6323070482775741,25,20,20
34,2912,0.08568585077397223,0.04037243283845696,0.2416346680631659,0.6323070483244049,25,20,20
34,2913,0.08568585077401783,0.04037243283846125,0.24163912888217645,0.6323025875053445,25,20,20
34,2914,0.07865198326388914,0.0403724409908554,0.2486718288091654,0.6323037469360896,25,20,20
34,2915,0.07865198326388911,0.04037244099085525,0.2486764612817185,0.6322991144635367,25,20,20
34,2916,0.07865198326388911,0.04037244099085525,0.24867654174080134,0.6322990340044538,25,20,20
34,2917,0.07865198618199393,0.040372441058126374,0.24869170347945915,0.6322838692804202,25,20,20
34,2918,0.07865198618199712,0.040372441058370984,0.24869406043484438,0.6322815123247871,25,20,20
34,2919,0.07865198618204265,0.040372441058366695,0.24868942540170544,0.6322861473578848,25,20,20
34,2920,0.07301378944493316,0.03991579754871033,0.2544493399095642,0.6326210730967918,25,20,20
34,2921,0.07301378676134168,0.0405462776224027,0.253818862514469,0.6326210731017861,25,20,20
34,2922,0.07301378676115956,0.0405462776224027,0.2538140662242692,0.6326258693921679,25,20,20
34,2923,0.0730742751730451,0.04046807208175197,0.25420476125933006,0.6322528914858723,25,20,20
34,2924,0.07307427517304516,0.040468072081752036,0.2542048803931514,0.6322527723520508,25,20,20
34,2925,0.07307427517304516,0.04046807208175622,0.2545713794946629,0.6318862732505353,25,20,20
34,2926,0.07307427517304511,0.04046807208175189,0.25419839007009143,0.632259262675111,25,20,20
34,2927,0.10706488576640971,0.04046807207968429,0.22020782867954553,0.6322592134743603,25,20,20
34,2928,0.10706488576640971,0.04046807207968429,0.22020779528324702,0.6322592468706588,25,20,20
34,2929,0.10706488576640971,0.040468072079684364,0.22020776374822015,0.6322592784056854,25,20,20
34,2930,0.10706488576641277,0.04046807209324939,0.22048929076960508,0.6319777513707325,25,20,20
34,2931,0.10706488575875003,0.04046807209288989,0.2098874578654804,0.6425795842828795,25,20,20
34,2932,0.10706488575874613,0.04046807207907653,0.20951379728566066,0.6429532448765165,25,20,20
34,2933,0.10706488575874606,0.04046807207907653,0.20951363492407918,0.6429534072380981,25,20,20
34,2934,0.10706488575874928,0.0404680720790766,0.20951679752688845,0.6429502446352855,25,20,20
34,2935,0.10695441589506002,0.04046661458951795,0.2096354904958922,0.6429434790195294,25,20,20
34,2936,0.10695441589506319,0.0404666145897583,0.20926722209716872,0.6433117474180093,25,20,20
34,2937,0.10695441584634803,0.04106859176842802,0.2086652452790513,0.6433117471061722,25,20,20
34,2938,0.1069544125370163,0.04106891169341475,0.20871290905081152,0.6432637667187576,25,20,20
34,2939,0.1069544125369708,0.041068911693170174,0.20870624327059026,0.6432704324992691,25,20,20
34,2940,0.10695441253955792,0.04106891169317445,0.20883569945610894,0.6431409763111589,25,20,20
34,2941,0.1069544171668283,0.04106820098745068,0.2088347161425098,0.6431426657032107,25,20,20
34,2942,0.1069544171668283,0.041068200987695126,0.2088393858408975,0.6431379960045785,25,20,20
34,2943,0.10695441716937781,0.04106820098769513,0.2088414913508126,0.6431358904921138,25,20,20
34,2944,0.10695441716937781,0.0410682009876952,0.20896440644003544,0.643012975402891,25,20,20
34,2945,0.10695441716937781,0.0410682009876952,0.20896898792789778,0.6430083939150285,25,20,20
34,2946,0.10695441716937464,0.04106820098745069,0.20896426829340375,0.6430131135497702,25,20,20
34,2947,0.10695441716932909,0.04106820098745069,0.20896419977531241,0.6430131820679069,25,20,20
34,2948,0.10695441716932587,0.04106820098745069,0.20896115161268336,0.6430162302305392,25,20,20
34,2949,0.10695441716932347,0.041068200987206156,0.2089589085508951,0.6430184732925742,25,20,20
34,2950,0.10695441716672838,0.04106820098720194,0.20895237774453904,0.6430250041015297,25,20,20
34,2951,0.10695441716672843,0.04106820098720194,0.20895240499792844,0.6430249768481403,25,20,20
34,2952,0.1069544125395485,0.04106820628747986,0.20427253180866795,0.6477048493643036,25,20,20
34,2953,0.1069544125395485,0.04106820628747987,0.20427249584321192,0.6477048853297598,25,20,20
34,2954,0.1069544125395485,0.041068206287479786,0.20427469603485401,0.6477026851381176,25,20,20
34,2955,0.1069544125395485,0.041068206287479786,0.20414529048676489,0.6478320906862067,25,20,20
34,2956,0.10695441253696225,0.04106820628723176,0.2040019569145703,0.6479754242612356,25,20,20
34,2957,0.10695438068833442,0.04106823573885756,0.20400030670429786,0.64797707686851,25,20,20
34,2958,0.10695438068833524,0.04106823575279686,0.20401251377336188,0.6479648697855059,25,20,20
34,2959,0.10695438076939685,0.041068254079639786,0.2083280358913064,0.6436493292596558,25,20,20
34,2960,0.10695438076939678,0.04106825407963971,0.20832789477334493,0.6436494703776173,25,20,20
34,2961,0.10695438076941562,0.04066291628306061,0.20873323256450174,0.6436494703830213,25,20,20
34,2962,0.10695441180998312,0.040124784595137776,0.20927131851436434,0.643649485080514,25,20,20
34,2963,0.10695441180998308,0.04012478459489327,0.2092647565835625,0.6436560470115604,25,20,20
34,2964,0.10695441180998308,0.040124784595137804,0.20926700095486572,0.6436538026400126,25,20,20
34,2965,0.10695441180998308,0.0401247845951421,0.20926492004997851,0.6436558835448954,25,20,20
34,2966,0.10695441180998308,0.04012478459514202,0.2092648852287708,0.6436559183661033,25,20,20
34,2967,0.1069544118099839,0.04012478459538654,0.20927210372116178,0.643648699873467,25,20,20
34,2968,0.1069543886597107,0.039563896553028235,0.20983302910729368,0.6436486856799658,25,20,20
34,2969,0.1069543886597107,0.039563896553028235,0.20983295007420458,0.6436487647130549,25,20,20
34,2970,0.10683476886881875,0.03956389655302863,0.20995119081320432,0.6436501437649467,25,20,20
34,2971,0.10683480195673871,0.03957302116472503,0.20989852951775068,0.6436936473607847,25,20,20
34,2972,0.10683480195674191,0.03957302116472932,0.20989864571198955,0.6436935311665384,25,20,20
34,2973,0.10683480195674187,0.03957302116472511,0.20989556520939434,0.643696611669138,25,20,20
34,2974,0.10683480195674186,0.03957302116472503,0.2098939706012906,0.6436982062772418,25,20,20
34,2975,0.10277489468150361,0.03957302132747358,0.21395525637105858,0.6436968276199636,25,20,20
34,2976,0.10277489468150362,0.03957302132747359,0.21395525845959992,0.6436968255314222,25,20,20
34,2977,0.10277489468150597,0.0395730213272333,0.2139496669236722,0.6437024170675878,25,20,20
34,2978,0.10277489468150602,0.03957302134116973,0.2139577155363377,0.6436943684409857,25,20,20
34,2979,0.102774894681506,0.03957302134092512,0.21395535707390664,0.6436967269036613,25,20,20
34,2980,0.10277489468150598,0.0395730213409252,0.21395543612156273,0.6436966478560052,25,20,20
34,2981,0.10277489468150605,0.03957302134092942,0.21396005720569775,0.6436920267718658,25,20,20
34,2982,0.10968574902912213,0.03957301816991617,0.20705034127752572,0.6436908915234361,25,20,20
34,2983,0.10968574903950377,0.039573018155979814,0.20704384051745037,0.643697392287066,25,20,20
34,2984,0.11297129430352718,0.03957299494509358,0.20412433977674868,0.6433313709746302,25,20,20
34,2985,0.11011347090996472,0.03957300632778932,0.20698209561142406,0.6433314271508217,25,20,20
34,2986,0.11011347090978578,0.0395730063275448,0.2069773445910359,0.6433361781716335,25,20,20
34,2987,0.11011347091238038,0.03957300632754473,0.20697960317524747,0.6433339195848272,25,20,20
34,2988,0.11011347091237958,0.039573006313605504,0.20697198346949397,0.6433415393045209,25,20,20
34,2989,0.11011346799430509,0.039573006245370884,0.17067026530644985,0.6796432604538748,25,20,20
34,2990,0.11057925987239844,0.03957300623394634,0.17020454220222045,0.6796431916914348,25,20,20
34,2991,0.11565043985990028,0.039573298226878315,0.1651329997907634,0.6796432621224575,25,20,20
34,2992,0.11565043985994579,0.03957329822687839,0.16513964897391908,0.6796366129392563,25,20,20
34,2993,0.11565047351297236,0.03957329822712244,0.1652311536726142,0.6795450745872904,25,20,20
34,2994,0.11565047351297236,0.03957329822712673,0.16523775769314486,0.6795384705667554,25,20,20
34,2995,0.11643292951905641,0.03957330722350352,0.1644552919381996,0.6795384713192401,25,20,20
34,2996,0.11643292950872022,0.03957330722350774,0.1644538331287946,0.6795399301389771,25,20,20
34,2997,0.11366783972652458,0.0395730190574516,0.16721824214955103,0.6795408990664721,25,20,20
34,2998,0.11366783972655752,0.03957301906771744,0.1782760613534624,0.6684830798522622,25,20,20
34,2999,0.11366783972655431,0.03957301906771315,0.17827586608132923,0.6684832751244025,25,20,20
34,3000,0.11366783972655435,0.03957301906770885,0.17826949016013152,0.6684896510456045,25,20,20
34,3001,0.11366783972655754,0.03957301906770885,0.17827428644732468,0.6684848547584084,25,20,20
34,3002,0.11366783972655758,0.03957301906771315,0.17827448169433144,0.6684846595113971,25,20,20
34,3003,0.11366783977446268,0.03873699289480689,0.1791104903333416,0.6684846769973879,25,20,20
34,3004,0.15274612018964273,0.03873698145309578,0.1400322775754378,0.6684846207818238,25,20,20
34,3005,0.15274612018959727,0.038736981453340286,0.14003233075994684,0.6684845675971158,25,20,20
34,3006,0.1527461201895675,0.03873698144308293,0.12910392528885983,0.67941297307849,25,20,20
34,3007,0.15628947646025718,0.03873697770620343,0.12556159995846833,0.6794119458750713,25,20,20
34,3008,0.15628947646025645,0.03873697770620765,0.1255616793033149,0.6794118665302211,25,20,20
34,3009,0.15628944280722668,0.03873697770595932,0.1254731328779216,0.6795004466088925,25,20,20
34,3010,0.15628944280722668,0.038736977705963606,0.12547322490173132,0.6795003545850785,25,20,20
34,3011,0.15628944295253158,0.03873697771990726,0.12548319685579676,0.6794903824717647,25,20,20
34,3012,0.1562894429525347,0.038736977719903046,0.12548323012541776,0.6794903492021449,25,20,20
34,3013,0.15630416521782753,0.03873698724400735,0.1254684983306651,0.6794903492074995,25,20,20
34,3014,0.15630476204353833,0.03911316732773892,0.12513689083646884,0.6794451797922537,25,20,20
34,3015,0.15630476204367488,0.03911316732797491,0.1251451860243235,0.6794368846040264,25,20,20
34,3016,0.15630476204367486,0.039113167327974915,0.12514495746248464,0.6794371131658653,25,20,20
34,3017,0.15629029442976738,0.039112820462521077,0.12515977245134746,0.6794371126563636,25,20,20
34,3018,0.15629029442972447,0.039112820462277986,0.12491253331446707,0.6796843517935299,25,20,20
34,3019,0.15629029442972142,0.03911282046227792,0.12490785894033948,0.6796890261676606,25,20,20
34,3020,0.160401353542288,0.03911282030265572,0.12079680038161002,0.6796890257734463,25,20,20
34,3021,0.1512803397186549,0.0391128281375163,0.1299177876688057,0.679689044475024,25,20,20
34,3022,0.15128033971865484,0.03911282813727171,0.12991108262691367,0.6796957495171607,25,20,20
34,3023,0.15128033972885369,0.03911282813703151,0.1299073017863402,0.6796995303477754,25,20,20
34,3024,0.1500229000310033,0.03911281913444535,0.13116475124012683,0.6796995295944255,25,20,20
34,3025,0.1500229004429086,0.03911281914414636,0.14332303501409668,0.6675412453988493,25,20,20
34,3026,0.1500229004429118,0.03911281914415058,0.14331853045080536,0.6675457499621331,25,20,20
34,3027,0.15002290044290942,0.03911281914414637,0.14331995685446766,0.6675443235584774,25,20,20
34,3028,0.15002290044290947,0.03911281914415066,0.14332656135194027,0.6675377190610002,25,20,20
34,3029,0.15002290044290942,0.03911281914415487,0.14332846521397272,0.6675358151989638,25,20,20
34,3030,0.15002290044290623,0.03911281914415479,0.1433238422761075,0.6675404381368321,25,20,20
34,3031,0.11340604812062302,0.03911283764199527,0.179940698334491,0.6675404159028898,25,20,20
34,3032,0.11340604812061983,0.03911283764198672,0.17981117071275257,0.6676699435246402,25,20,20
34,3033,0.11340604812061983,0.03911283764198242,0.17981100391716634,0.6676701103202305,25,20,20
34,3034,0.11340604797271958,0.03911283762803877,0.1797987127199686,0.6676824016792722,25,20,20
34,3035,0.11340604797271958,0.03911283762803885,0.17979879577381955,0.6676823186254209,25,20,20
34,3036,0.11340604797271958,0.03911283762803885,0.17979868331198476,0.6676824310872559,25,20,20
34,3037,0.11340604797272036,0.03911283762828112,0.1801717227302432,0.6673093916687542,25,20,20
34,3038,0.11355482736163357,0.03911283753692928,0.18002295594956316,0.6673093791518735,25,20,20
34,3039,0.11355482736163346,0.03911283753692928,0.1800229273077044,0.6673094077937326,25,20,20
34,3040,0.1096817967515595,0.03911283753707903,0.1838959579107787,0.667309407800582,25,20,20
34,3041,0.10968179675155947,0.03911283753707481,0.18388946730289996,0.6673158984084653,25,20,20
34,3042,0.10968179674117855,0.039112837537074736,0.18388486391243347,0.6673205018093126,25,20,20
34,3043,0.1096817967515601,0.0391128375370791,0.18388723605128812,0.6673181296600719,25,20,20
34,3044,0.1134345058042486,0.03911283753698511,0.18013452699809693,0.6673181296606688,25,20,20
34,3045,0.1134345058042941,0.039112837536985176,0.18013452904107422,0.667318127617646,25,20,20
34,3046,0.11343387735846173,0.038727187413558725,0.1805197196779962,0.6673192155499824,25,20,20
34,3047,0.11343387735850725,0.03872718741356301,0.18052422891603073,0.667314706311898,25,20,20
34,3048,0.14749861084483695,0.038727182836158155,0.14616018234839034,0.6676140239706148,25,20,20
34,3049,0.14749861084483695,0.038727182836158155,0.14616029551338364,0.6676139108056214,25,20,20
34,3050,0.147498610844837,0.03872718283616241,0.14653178758549665,0.6672424187335041,25,20,20
34,3051,0.15891975793508328,0.038731903816292,0.13510553143654558,0.6672428068120795,25,20,20
34,3052,0.1589197579350801,0.03873190381629193,0.1351055286867802,0.6672428095618479,25,20,20
34,3053,0.15891975793503457,0.03873190381628614,0.14907068953024394,0.653277648718436,25,20,20
34,3054,0.1589197579350346,0.038731903816286134,0.14907065687131513,0.6532776813773647,25,20,20
34,3055,0.15891975794534743,0.03873190381652913,0.14933766773859625,0.6530106704995277,25,20,20
34,3056,0.15891989565625061,0.03873208594815715,0.1493375485556924,0.6530104698398996,25,20,20
34,3057,0.15891989524434533,0.03873208593845617,0.13755224762719725,0.664795771190001,25,20,20
34,3058,0.15891989524434613,0.03873208593845625,0.13756097447847382,0.6647870443387235,25,20,20
34,3059,0.1589198952443462,0.03873208593845632,0.13755631408090388,0.6647917047362932,25,20,20
34,3060,0.1589198952443494,0.03873208593869932,0.13782264628616925,0.6645253725307816,25,20,20
34,3061,0.15891989524434938,0.03873208593869503,0.13781604179015264,0.6645319770268024,25,20,20
34,3062,0.15891989524434938,0.03873208593869511,0.13781612284654932,0.6645318959704056,25,20,20
34,3063,0.15891989524434932,0.03873208593869503,0.13781616250190273,0.6645318563150524,25,20,20
34,3064,0.158922273983897,0.03873208594020229,0.13781378376816672,0.6645318563077339,25,20,20
34,3065,0.15892227398389697,0.0387320859540965,0.13781387717549956,0.6645317628865066,25,20,20
34,3066,0.158922273983897,0.03873208595409665,0.1378184972933579,0.6645271427686482,25,20,20
34,3067,0.15892227399265685,0.03873208596606782,0.14406874619253723,0.6582768938487379,25,20,20
34,3068,0.15892227399265604,0.038732085966067746,0.14406001791526676,0.6582856221260092,25,20,20
34,3069,0.1589222739926569,0.03873208596606783,0.14406000493522159,0.6582856351060535,25,20,20
34,3070,0.15892227399265693,0.03873208596606775,0.14405692672112042,0.6582887133201548,25,20,20
34,3071,0.15892227399265693,0.03873208596606768,0.1440568436672694,0.658288796374006,25,20,20
34,3072,0.12815820589351168,0.038753214916398555,0.16915811549323348,0.6639304636968556,25,20,20
34,3073,0.12815820589351168,0.03875321491639863,0.1691581493864317,0.6639304298036574,25,20,20
34,3074,0.11766650528603241,0.038753221911465574,0.17964784538472597,0.6639324274177753,25,20,20
34,3075,0.08940215890205597,0.03875555262780248,0.20791175834807332,0.6639305301220669,25,20,20
34,3076,0.08940202206812466,0.03875604393824963,0.2079090614451987,0.6639328725484261,25,20,20
34,3077,0.08940202206807912,0.03875604393824533,0.2079089780197866,0.6639329559738881,25,20,20
34,3078,0.08940175842135265,0.03932076532154802,0.20734452028321157,0.6639329559738866,25,20,20
34,3079,0.08940175842135259,0.03932076532154794,0.2073428966238186,0.6639345796332796,25,20,20
34,3080,0.08936313923228999,0.039299628549163426,0.21304433860942537,0.6582928936091205,25,20,20
34,3081,0.08936313922970288,0.03929962853550793,0.21318105905661852,0.6581561731781695,25,20,20
34,3082,0.08936313924001511,0.039299628535508585,0.2130743043256132,0.6582629278988622,25,20,20
34,3083,0.08936313924019725,0.03929962853550874,0.21307650468142897,0.6582607275428641,25,20,20
34,3084,0.08936313919397704,0.039730247251545,0.21264590349756582,0.6582607100569109,25,20,20
34,3085,0.0893631392033835,0.039730247302092216,0.25010274127106624,0.6208038722234567,25,20,20
34,3086,0.08936313920338664,0.039730247302092264,0.24973624389849214,0.6211703695960277,25,20,20
34,3087,0.08936313920320452,0.03973024730209211,0.24973396250185773,0.6211726509928446,25,20,20
34,3088,0.08936313920171735,0.04051835179970145,0.2489458576947493,0.6211726513038308,25,20,20
34,3089,0.08936313920171735,0.04051835179970145,0.248945939450385,0.6211725695481951,25,20,20
34,3090,0.11405697677528635,0.04051782022355554,0.22421692915848482,0.6212082738426724,25,20,20
34,3091,0.11405697677506955,0.04054046760038942,0.22419428209829553,0.6212082735262446,25,20,20
34,3092,0.11405697676735144,0.040540467600155006,0.2239372050090794,0.6214653506234132,25,20,20
34,3093,0.11331293531394632,0.04053812969278556,0.22468120155541094,0.6214677334378561,25,20,20
34,3094,0.11331293530356482,0.04053812969278127,0.22467894377156855,0.6214699912320844,25,20,20
34,3095,0.1159893885642632,0.040538110696983785,0.22230182913653151,0.6211706716022203,25,20,20
34,3096,0.11598938856166909,0.040538110696975285,0.2222926596473461,0.6211798410940083,25,20,20
34,3097,0.11598938856166831,0.0405381106969752,0.22229265495639872,0.6211798457849566,25,20,20
34,3098,0.11598938856166831,0.0405381106969752,0.22229265495639872,0.6211798457849566,25,20,20
34,3099,0.11598938856423961,0.04053811069721755,0.22266571522568426,0.6208067855128574,25,20,20
34,3100,0.11598938856423965,0.04053811069721755,0.2226658785001084,0.6208066222384332,25,20,20
34,3101,0.11598938856442087,0.04053811069746214,0.2226725147509116,0.6207999859872042,25,20,20
34,3102,0.11598939423034092,0.039973395165364425,0.22323719559997227,0.6208000150043216,25,20,20
34,3103,0.10456810441836838,0.039968678387872957,0.23466359028773792,0.6207996269060212,25,20,20
34,3104,0.10456810440805549,0.03996867838762996,0.23439666344996624,0.6210665537543489,25,20,20
34,3105,0.10456810440805628,0.03996867838762732,0.2204268812162453,0.6350363359880717,25,20,20
34,3106,0.10456810440807109,0.03875112403895056,0.22164441806275548,0.6350363534902235,25,20,20
34,3107,0.10456810440807422,0.03875112403895483,0.22191058780807318,0.6347701837448984,25,20,20
34,3108,0.10456810440825554,0.03875112403919925,0.22191816112750495,0.6347626104250408,25,20,20
34,3109,0.10456810440825878,0.038751124039199336,0.22192286359993788,0.6347579079526046,25,20,20
34,3110,0.1077910285493845,0.038751148113459116,0.21870228683916132,0.6347555364979952,25,20,20
34,3111,0.10779102854938528,0.038751148113459116,0.21870228887674942,0.6347555344604063,25,20,20
34,3112,0.10779102854938205,0.03875114811345904,0.21869766493831796,0.6347601583988411,25,20,20
34,3113,0.1077910285493821,0.038751148113459116,0.21870225232197427,0.6347555710151846,25,20,20
34,3114,0.10750675555754446,0.03875114811345514,0.21898652531382537,0.6347555710151748,25,20,20
34,3115,0.10750675555754445,0.03875114811321222,0.21872028774102545,0.6350218085882178,25,20,20
34,3116,0.10750675555754449,0.03875114811321659,0.21872681515379752,0.6350152811754413,25,20,20
34,3117,0.10750675555754446,0.03875114811321658,0.2187274355932994,0.6350146607359393,25,20,20
34,3118,0.10750675555754129,0.03875114811321661,0.21846580620125386,0.635276290127988,25,20,20
34,3119,0.10779461509663704,0.03875114811321869,0.21817794666214624,0.6352762901279978,25,20,20
34,3120,0.10779461509664019,0.03875114811321869,0.2181825338225812,0.6352717029675595,25,20,20
34,3121,0.10779461509662903,0.03828128103048454,0.21865241810424194,0.6352716857686442,25,20,20
34,3122,0.10779461509662584,0.03828128103048447,0.21864783102575275,0.6352762728471367,25,20,20
34,3123,0.10779461509662584,0.038281281030480105,0.21864138832077665,0.635282715552117,25,20,20
34,3124,0.09348101811190108,0.03828128439870683,0.23295498165078732,0.6352827158386047,25,20,20
34,3125,0.09348101811190107,0.038281284398702466,0.23294837926104656,0.6352893182283499,25,20,20
34,3126,0.09348101811190426,0.03828128439870676,0.23294846008391745,0.6352892374054714,25,20,20
34,3127,0.0934810181031444,0.03828128438673551,0.22669817632823347,0.6415395211818867,25,20,20
34,3128,0.0934810181031444,0.038281284386735434,0.22669817582905338,0.6415395216810669,25,20,20
34,3129,0.09348101810296235,0.03828128438649507,0.22669321927346942,0.6415444782370732,25,20,20
34,3130,0.10747896207253017,0.03828128101992817,0.2126952785273024,0.641544478380239,25,20,20
34,3131,0.10747896207253017,0.03828128101992825,0.21270180229029273,0.6415379546172487,25,20,20
34,3132,0.1074789620699589,0.03828128101968598,0.2123346098742941,0.6419051470360608,25,20,20
34,3133,0.10747896206995897,0.03828128101993059,0.21233683470660608,0.6419029222035042,25,20,20
34,3134,0.10747896206995555,0.0399992337672581,0.21061888226251818,0.6419029219002678,25,20,20
34,3135,0.10954089632907169,0.03999924380847198,0.20622388381773113,0.6442359760447252,25,20,20
34,3136,0.10954089632906845,0.03999924380822898,0.20595763068008494,0.6445022291826179,25,20,20
34,3137,0.1492909026774628,0.03999924388260525,0.16620762425042293,0.644502229189509,25,20,20
34,3138,0.16253495251205524,0.039999087971538214,0.1553357186391319,0.642130240877274,25,20,20
34,3139,0.16253495251205524,0.039999087971538144,0.15532911446027398,0.642136845056132,25,20,20
34,3140,0.16253495251205843,0.03999908797178197,0.15545246563462542,0.6420134938815336,25,20,20
34,3141,0.1625349525122374,0.039999087971782046,0.15544777900281703,0.642018180513163,25,20,20
34,3142,0.1625349525122374,0.03999908797178212,0.15582088225777507,0.6416450772582049,25,20,20
34,3143,0.12637613691352242,0.03999911428236405,0.19197966930779958,0.6416450794963137,25,20,20
34,3144,0.12637613691352245,0.03999911428236412,0.1919796713111436,0.6416450774929696,25,20,20
34,3145,0.12279285280464744,0.03999910143817496,0.19555941012420494,0.6416486356329725,25,20,20
34,3146,0.12630796948146453,0.03999908878965805,0.19204786431519913,0.641645077413678,25,20,20
34,3147,0.1263079694814677,0.039999088789417804,0.19205216425089588,0.6416407774782185,25,20,20
34,3148,0.1263105476072334,0.03999932740466582,0.19204932718564943,0.6416407978024509,25,20,20
34,3149,0.12278752195312023,0.0399993264964576,0.19557235591433425,0.6416407956360881,25,20,20
34,3150,0.12278752195312027,0.03999932649646182,0.19519944931815125,0.642013702232267,25,20,20
34,3151,0.12278752195312105,0.03999932649646182,0.19520135171398156,0.6420117998364357,25,20,20
34,3152,0.12278752195312087,0.03876153700510008,0.19643914120534653,0.6420117998364325,25,20,20
34,3153,0.122787521953124,0.03876153700485618,0.19657638648400674,0.6418745545580131,25,20,20
34,3154,0.12278752195330611,0.038761537004860395,0.196571882369821,0.6418790586720123,25,20,20
34,3155,0.12278752195316951,0.038761537004620185,0.19656442324540938,0.6418865177968007,25,20,20
34,3156,0.11959819978777915,0.03876152651933448,0.19975380422404954,0.6418864694688367,25,20,20
34,3157,0.119598199787597,0.038761526519334406,0.19975369456866468,0.6418865791244036,25,20,20
34,3158,0.11959819978978692,0.03876152651953658,0.20600376398921058,0.6356365097014655,25,20,20
34,3159,0.11959819412422142,0.038781435993632526,0.2059838891889559,0.6356364806931897,25,20,20
34,3160,0.1195981941242207,0.038781435993628245,0.20598198614097898,0.6356383837411717,25,20,20
34,3161,0.07982522018107589,0.03879050615828649,0.24574587637232387,0.6356383972883133,25,20,20
34,3162,0.07982522017888598,0.03879050615808003,0.23976195785979423,0.6416223158032391,25,20,20
34,3163,0.0798252206919006,0.03879050610753674,0.20700424181344473,0.6743800313871176,25,20,20
34,3164,0.0798252206917185,0.03879050610753674,0.20700566753653704,0.6743786056642069,25,20,20
34,3165,0.07982522069171766,0.038790506107532416,0.20663255040384226,0.674751722796907,25,20,20
34,3166,0.07982522069171766,0.03879050610753249,0.20663266765320468,0.6747516055475444,25,20,20
34,3167,0.07982522069176,0.03879050610753686,0.20663720878200717,0.6747470644186953,25,20,20
34,3168,0.07982522069176079,0.038790506107780905,0.206727926188663,0.6746563470117946,25,20,20
34,3169,0.07982522069176393,0.03879050610778947,0.20685745222648105,0.6745268209739648,25,20,20
34,3170,0.079825220169388,0.038790506121598706,0.20253251182160614,0.6788517618874063,25,20,20
34,3171,0.07982522016938881,0.03879050612184276,0.20262469261559954,0.6787595810931681,25,20,20
34,3172,0.07982522016939195,0.03879050612184705,0.20236304862971738,0.6790212250790428,25,20,20
34,3173,0.08013654884306329,0.03879050612177819,0.20205172037059105,0.6790212246645669,25,20,20
34,3174,0.08013654884306252,0.03879050612153405,0.20208894795549173,0.6789839970799112,25,20,20
34,3175,0.0801365488430625,0.03879050612153405,0.20195954018648055,0.6791134048489224,25,20,20
34,3176,0.08013654884301741,0.038790506107720966,0.2015854419428973,0.6794875031063639,25,20,20
34,3177,0.04336719278901655,0.038790529872291896,0.23835477424631013,0.6794875030923806,25,20,20
34,3178,0.043361456958541815,0.0387905161202257,0.23836058720932765,0.6794874397119041,25,20,20
34,3179,0.043361456958496275,0.03879051612022134,0.23836050235676656,0.679487524564515,25,20,20
34,3180,0.04014090017560992,0.03879074916515568,0.24158082609570383,0.6794875245635295,25,20,20
34,3181,0.04014090017560998,0.03879074916515583,0.24158742889295678,0.6794809217662764,25,20,20
34,3182,0.04014090017560992,0.03879074916515583,0.24158272738129935,0.6794856232779339,25,20,20
34,3183,0.04003645288859269,0.038783812671725766,0.24169412470914178,0.6794856097305394,25,20,20
34,3184,0.04003645288859273,0.03878381267197035,0.24170071327912449,0.6794790211603121,25,20,20
34,3185,0.04003645288859373,0.011262470985698048,0.26922205496548984,0.6794790211602181,25,20,20
34,3186,0.04003645288859368,0.011262470985697975,0.2692220118481364,0.6794790642775718,25,20,20
34,3187,0.0400364528885906,0.01126247098569368,0.2694890158352044,0.6792120602905114,25,20,20
34,3188,0.0718023481284868,0.012010938623787677,0.23697355461817562,0.67921315862955,25,20,20
34,3189,0.08002797009407636,0.011262470987393445,0.2294974981799189,0.6792120607386114,25,20,20
34,3190,0.08002797009403403,0.011262470987389153,0.22949293626064102,0.6792166226579358,25,20,20
34,3191,0.08002797009403403,0.011262470987393434,0.22958519050560258,0.67912436841297,25,20,20
34,3192,0.08002797009403405,0.011262470987393509,0.2295853050979228,0.6791242538206497,25,20,20
34,3193,0.08002797009403405,0.011262470987393507,0.22958989414711803,0.6791196647714544,25,20,20
34,3194,0.080027970094034,0.011262470987389216,0.22958814762699464,0.6791214112915821,25,20,20
34,3195,0.080027970094034,0.011262470987389141,0.2295896525324321,0.6791199063861448,25,20,20
34,3196,0.08002797009403716,0.011262471001202305,0.22995913036837462,0.6787504285363859,25,20,20
34,3197,0.08002797009403712,0.01126247100120223,0.22995904728968194,0.6787505116150786,25,20,20
34,3198,0.08002797009403391,0.011262471001202192,0.2303274470136709,0.6783821118910929,25,20,20
34,3199,0.08002797009403073,0.01126247100143823,0.23020265953233607,0.6785068993721947,25,20,20
34,3200,0.08002797009403073,0.011262471001438233,0.2302026608639724,0.6785068980405584,25,20,20
34,3201,0.07999419544986118,0.01126247100152012,0.23023643307095493,0.6785069004776634,25,20,20
34,3202,0.07999419544986193,0.011262471001520048,0.23022998414122336,0.6785133494073944,25,20,20
34,3203,0.07999419544986192,0.011262471001275452,0.23022535648701703,0.6785179770618452,25,20,20
34,3204,0.04943979868479706,0.01126254058144194,0.2607796777525691,0.6785179829811914,25,20,20
34,3205,0.04022290329931136,0.011262471873566698,0.26999664769349235,0.6785179771336292,25,20,20
34,3206,0.04022290329931056,0.011262471873322648,0.2699045040603502,0.6786101207670163,25,20,20
34,3207,0.0412009464927503,0.011262471882204259,0.26892632802740585,0.6786102535976393,25,20,20
34,3208,0.041200946492750364,0.011262471882204186,0.2689263227308577,0.6786102588941872,25,20,20
34,3209,0.003498466925551101,0.011262496736950236,0.306498195476712,0.678740840860787,25,20,20
34,3210,0.003498466925547937,0.011262496723141398,0.3064971177402985,0.6787419186110124,25,20,20
34,3211,0.003498466925733273,0.011262496723137116,0.30640494557894865,0.678834090772181,25,20,20
34,3212,0.0034984669257333277,0.011262496723141406,0.3064095352570545,0.6788295010940709,25,20,20
34,3213,0.0034984669267921057,0.011262834034268946,0.3064091979537111,0.6788295010852281,25,20,20
34,3214,0.0034984669266067813,0.011262834034268943,0.3064093064803535,0.6788293925587711,25,20,20
34,3215,0.003498466926606837,0.011262834034273205,0.30667402475854433,0.6785646742805757,25,20,20
34,3216,0.0047482373551088145,0.011262809193622268,0.3055548615847338,0.6784340918665355,25,20,20
34,3217,0.004748237363239743,0.02458435663428244,0.29223331394132057,0.6784340920611563,25,20,20
34,3218,0.0047482373632397,0.024584356634286736,0.29223981078735956,0.6784275952151131,25,20,20
34,3219,0.0012094184032726092,0.0245843566187224,0.29577856027180427,0.6784276647061998,25,20,20
34,3220,0.001209418403271838,0.024584356618722332,0.29578505623385554,0.6784211687441494,25,20,20
34,3221,0.040968232020255145,0.02458435592813061,0.2560262433493813,0.6784211687022331,25,20,20
34,3222,0.040968232020255145,0.02458435592813061,0.256026359804852,0.6784210522467623,25,20,20
34,3223,0.040968232020255145,0.024584355928126397,0.2560262784474563,0.6784211336041622,25,20,20
34,3224,0.040968232020260696,0.02458435592813059,0.25629250872199943,0.6781549033296095,25,20,20
34,3225,0.04096823202030302,0.024584355928134804,0.25629897446528266,0.6781484375862796,25,20,20
34,3226,0.04096818185535449,0.02458800857436381,0.25629537193302365,0.6781484376372582,25,20,20
34,3227,0.04096818185535449,0.02458800857436381,0.25629537193302365,0.6781484376372583,25,20,20
34,3228,0.04099207354799212,0.02458818520401824,0.25627130022053973,0.6781484410274499,25,20,20
34,3229,0.04099207354799214,0.024588185204022533,0.2562669279705975,0.6781528132773877,25,20,20
34,3230,0.04099207354799213,0.024588185204022527,0.25626700504008254,0.6781527362079028,25,20,20
34,3231,0.040992073547992024,0.024588185204022533,0.25599991872937855,0.6784198225186069,25,20,20
34,3232,0.04079659956577644,0.024588185607704798,0.2561954193111764,0.6784197955153417,25,20,20
34,3233,0.019345507125756233,0.024588696843711302,0.27764595700499267,0.6784198390255392,25,20,20
34,3234,0.01934550712574988,0.024588696843707115,0.2773797246930382,0.678686071337504,25,20,20
34,3235,0.019345507125743545,0.024588696843711406,0.2771127206810133,0.6789530753495312,25,20,20
34,3236,0.019322421650680113,0.024586433891888856,0.2771380724273755,0.6789530720300556,25,20,20
34,3237,0.019322421650680113,0.024586433891888856,0.2771380724273755,0.6789530720300554,25,20,20
34,3238,0.019322421650680103,0.024586433891884668,0.2768718538970397,0.6792192905603954,25,20,20
34,3239,0.019322421650680103,0.024586433891884592,0.27687182050164905,0.6792193239557863,25,20,20
34,3240,0.019322421650680047,0.0245864338918803,0.27686962197550136,0.6792215224819382,25,20,20
34,3241,0.019322421650683232,0.0245864338918803,0.27699472787348717,0.6790964165839491,25,20,20
34,3242,0.0193224216506833,0.02458643389211905,0.2768879767970331,0.6792031676601645,25,20,20
34,3243,0.019322421661065372,0.02458643389212334,0.2768880543012375,0.6792030901455739,25,20,20
34,3244,0.0193224216610199,0.02458643389212334,0.2768861496776177,0.6792049947692389,25,20,20
34,3245,0.019322421661016772,0.024586433892123415,0.2767610104028538,0.679330134044006,25,20,20
34,3246,0.019322421661017566,0.02458643389212349,0.2767610458356558,0.679330098611203,25,20,20
34,3247,0.019322421666206936,0.039567217014669316,0.2617802625892118,0.6793300987299119,25,20,20
34,3248,0.01932242166620688,0.039567217014424734,0.26177367198219714,0.6793366893371712,25,20,20
34,3249,0.019322421666206922,0.03956721701442474,0.26177344483060117,0.6793369164887672,25,20,20
34,3250,0.019322421666207665,0.03956721701466932,0.26178007576262724,0.6793302855564959,25,20,20
34,3251,0.019322421666207665,0.03956721701466932,0.26177996241252127,0.6793303989066017,25,20,20
34,3252,0.019322421666204542,0.03956721701466925,0.2617757227030708,0.6793346386160554,25,20,20
34,3253,0.019322421666208525,0.039567217014673604,0.2618679938373407,0.679242367481777,25,20,20
34,3254,0.019378586867342017,0.03956717053637082,0.26181187109441795,0.6792423715018688,25,20,20
34,3255,0.019378586867342007,0.03956717053636653,0.2620715977863033,0.6789826448099879,25,20,20
34,3256,0.019378586867342007,0.03956717053612195,0.2620672816732376,0.6789869609232982,25,20,20
34,3257,0.020326022443902438,0.03956717053589392,0.2611199155065891,0.6789868915136141,25,20,20
34,3258,0.020326022443902372,0.03956717053588963,0.2611175507021492,0.6789892563180584,25,20,20
34,3259,0.0203260224439023,0.03956717053564663,0.26085131313913673,0.6792554938813139,25,20,20
34,3260,0.0203260224439031,0.03956717053564678,0.26094352671014837,0.6791632803103012,25,20,20
34,3261,0.020326022430582315,0.03878617763183892,0.2617245199352196,0.679163280002359,25,20,20
34,3262,0.020326022430582315,0.0387861776318347,0.26171989887671243,0.6791679010608707,25,20,20
34,3263,0.02032602243058549,0.038786177631834694,0.26181200400979693,0.679075795927783,25,20,20
34,3264,0.02029556908416709,0.03878617754760528,0.22288680345806078,0.7180314499101668,25,20,20
34,3265,0.02029556908416661,0.0387861775478074,0.22904456572447698,0.711873687643549,25,20,20
34,3266,0.02029556908416662,0.03878617754781162,0.22904457183108562,0.7118736815369361,25,20,20
34,3267,0.020295569073787684,0.03878617754781578,0.22931070651954655,0.71160754685885,25,20,20
34,3268,0.05836931055368447,0.038786177902210416,0.19123696467847304,0.7116075468656322,25,20,20
34,3269,0.05834259389431068,0.0387861771141196,0.19021948520233653,0.7126517437892333,25,20,20
34,3270,0.05834259389431064,0.03878617711411546,0.19021948292816582,0.7126517460634082,25,20,20
34,3271,0.05834259389431062,0.03878617711411117,0.19022596665090805,0.7126452623406702,25,20,20
34,3272,0.05834259389448532,0.03878617711410264,0.19156953219676448,0.7113016967946476,25,20,20
34,3273,0.058342593894486115,0.03878617711409847,0.19119882943340347,0.7116723995580116,25,20,20
34,3274,0.05834259389448539,0.038786177114098395,0.19111314083514722,0.7117580881562688,25,20,20
34,3275,0.057561256158026,0.038786176701382694,0.1918945872491308,0.71175797989146,25,20,20
34,3276,0.05756125615802914,0.0387861767013827,0.1918945886756234,0.7117579784649642,25,20,20
34,3277,0.057561256158029143,0.0387861767013827,0.1918945562088208,0.7117580109317667,25,20,20
34,3278,0.05756125615802915,0.0387861767013827,0.1918945886773712,0.7117579784632164,25,20,20
34,3279,0.05756125616841007,0.038786176701391284,0.19189404604739188,0.7117585210828062,25,20,20
34,3280,0.05756125616845559,0.038786176701640036,0.19189112781566003,0.7117614393142437,25,20,20
34,3281,0.057561256168455595,0.03878617670163997,0.19189571434535174,0.7117568527845521,25,20,20
34,3282,0.06115542776451039,0.03878617671008155,0.1883015427019377,0.71175685282347,25,20,20
34,3283,0.061155427765355264,0.03878561246263474,0.18830210695383165,0.7117568528181779,25,20,20
34,3284,0.06115286418216761,0.05298811029748969,0.17410219302244873,0.711756832497893,25,20,20
34,3285,0.06115286418217001,0.052988110297734196,0.17410878016525952,0.7117502453548351,25,20,20
34,3286,0.061177328556855766,0.052984280359149726,0.17408813907078236,0.7117502520132115,25,20,20
34,3287,0.061177328567728846,0.05210219147834376,0.17497022794071737,0.7117502520132093,25,20,20
34,3288,0.061177328567550975,0.05210219147834384,0.17336041203714433,0.71336006791696,25,20,20
34,3289,0.06212265924993785,0.05210219112450199,0.17241508003490782,0.7133600695906521,25,20,20
34,3290,0.06212265924993786,0.05210219112450199,0.17214886330493012,0.7136262863206296,25,20,20
34,3291,0.06212265925253298,0.05210219112474665,0.17215556862114323,0.7136195810015767,25,20,20
34,3292,0.06212265925244843,0.05316801715314171,0.17108974210229264,0.7136195814921177,25,20,20
34,3293,0.062098716537414715,0.05316793763439705,0.17111377097346914,0.7136195748547194,25,20,20
34,3294,0.06209871653741464,0.05316793763439706,0.17110724797921598,0.7136260978489725,25,20,20
34,3295,0.0620987165374146,0.053167937634396985,0.1711072813724332,0.7136260644557553,25,20,20
34,3296,0.06209871653741067,0.05316793763439272,0.1710150450742918,0.7137183007539047,25,20,20
34,3297,0.06209871652702896,0.053167937634384134,0.17101338390019077,0.713719961938396,25,20,20
34,3298,0.06209871652703216,0.05316793763439264,0.1710134722754043,0.7137198735631708,25,20,20
34,3299,0.06209871652702896,0.05316793763414806,0.17101146905460127,0.7137218767842215,25,20,20
34,3300,0.062098716527030244,0.053167937633946026,0.1647702493038388,0.7199630965351848,25,20,20
34,3301,0.062098716524435195,0.05316793763370137,0.1647636244798214,0.719969721362042,25,20,20
34,3302,0.06209871652443524,0.053167937633705656,0.16477011450122273,0.7199632313406363,25,20,20
34,3303,0.062098716524435174,0.05316793763370137,0.16476350801800993,0.7199698378238534,25,20,20
34,3304,0.062098717683008745,0.05208221405902278,0.16584923090636763,0.7199698373516005,25,20,20
34,3305,0.06209871768300555,0.05208221405902271,0.16584914840869608,0.719969919849275,25,20,20
34,3306,0.02216179487390475,0.052082214917236185,0.20577277768563262,0.7199832125232262,25,20,20
34,3307,0.02216179487390476,0.05208221491723616,0.21974256765489864,0.7060134225539605,25,20,20
34,3308,0.025654992698283356,0.05208231147881787,0.21608703833153797,0.7061756574913604,25,20,20
34,3309,0.025654992698284154,0.05208231147881795,0.21609356948901698,0.7061691263338803,25,20,20
34,3310,0.025654992698284154,0.05208231147881794,0.21608898411410735,0.70617371170879,25,20,20
34,3311,0.025654992698466224,0.05208231147882216,0.2160935740568914,0.7061691217658196,25,20,20
34,3312,0.025654992686748024,0.05419541202390566,0.21398047352352262,0.7061691217658231,25,20,20
34,3313,0.02565499268674801,0.054195412023905744,0.21398263671320944,0.7061669585761362,25,20,20
34,3314,0.02565499268674801,0.054195412023905744,0.21398073373287685,0.706168861556469,25,20,20
34,3315,0.025654992686748705,0.05419541202411323,0.22005367208456497,0.7000959232045727,25,20,20
34,3316,0.02562591856245492,0.054195411180482066,0.22009580699100667,0.7000828632660557,25,20,20
34,3317,0.025625918562409387,0.05419541118023316,0.22009402590783012,0.7000846443495266,25,20,20
34,3318,0.02717641973209738,0.054195411193272175,0.21854375908872264,0.700084409985907,25,20,20
34,3319,0.0271764197321418,0.05419541119330702,0.21284450321129456,0.7057836658632559,25,20,20
34,3320,0.025625832263076128,0.05419771056551669,0.21439240689983205,0.7057840502715743,25,20,20
34,3321,0.025625832263076128,0.05419771056551669,0.21439251932698006,0.7057839378444263,25,20,20
34,3322,0.02562581776717039,0.07873857707939876,0.18985164981402394,0.7057839553394062,25,20,20
34,3323,0.025649763998715658,0.07873857707962097,0.18982750738205337,0.7057841515396093,25,20,20
34,3324,0.025649763998722815,0.07810439120800361,0.19046169325375945,0.7057841515395136,25,20,20
34,3325,0.02564976399872276,0.07810439120800361,0.19045707188793926,0.7057887729053338,25,20,20
34,3326,0.02564976831516287,0.040446628446096804,0.2281148478320331,0.7057887554067064,25,20,20
34,3327,0.02564976831516286,0.040446628446096804,0.2281148124274363,0.7057887908113031,25,20,20
34,3328,0.04225130757579345,0.040446020806369394,0.2116761561559194,0.7056265154619171,25,20,20
34,3329,0.04225130757579345,0.04044602080637368,0.21167635231517912,0.7056263193026533,25,20,20
34,3330,0.04225130757776466,0.0404739666363472,0.25151288892442836,0.6657618368614581,25,20,20
34,3331,0.04359770292143347,0.040473966296788844,0.2501664970478782,0.6657618337338989,25,20,20
34,3332,0.04358463710799973,0.040536292273463,0.24982549345964478,0.6660535771588918,25,20,20
34,3333,0.04358463710799893,0.04053629227346293,0.24981892961105884,0.6660601410074786,25,20,20
34,3334,0.04358463710799894,0.04053629227346293,0.24981422923975152,0.6660648413787859,25,20,20
34,3335,0.043584642445272485,0.04050834694624053,0.24997540709959154,0.6659316035088944,25,20,20
34,3336,0.04424617437677983,0.04050798578756559,0.24931423593660137,0.6659316038990517,25,20,20
34,3337,0.0442461743765977,0.04050798578756552,0.24931409302876287,0.6659317468070728,25,20,20
34,3338,0.044246174376555404,0.04050798578732704,0.2535991627007153,0.6616466771354013,25,20,20
34,3339,0.044246174376555404,0.04050798578732704,0.25360375005899116,0.6616420897771255,25,20,20
34,3340,0.04424617438514497,0.04050798579881378,0.2606305654703661,0.6546152743456745,25,20,20
34,3341,0.04424617438514177,0.04050798579880528,0.2606369988056887,0.6546088410103635,25,20,20
34,3342,0.044246174385005194,0.04050798579880957,0.26063699945851515,0.6546088403576694,25,20,20
34,3343,0.04424617438500524,0.04050798579880536,0.2606368435977655,0.6546089962184232,25,20,20
34,3344,0.044246174385004444,0.04050798579880529,0.2606344444782718,0.6546113953379176,25,20,20
34,3345,0.04424620811087677,0.040507985799054166,0.2606413138479857,0.6546044922420823,25,20,20
34,3346,0.044246208110873944,0.0405079857990503,0.25598244985019325,0.6592633562398815,25,20,20
34,3347,0.043596331727607435,0.04052364569901948,0.25661666674180716,0.6592633558315647,25,20,20
34,3348,0.04359633172760745,0.04052364569926182,0.256989769696955,0.6588902528761745,25,20,20
34,3349,0.04364871348181786,0.04052364570710167,0.2569373879343354,0.6588902528767449,25,20,20
34,3350,0.043637285117366316,0.040507990934836924,0.25221403285845045,0.6636406910893459,25,20,20
34,3351,0.043637301077658,0.040508019540067115,0.25221398354952085,0.663640695832754,25,20,20
34,3352,0.043637301077658,0.040508019540067115,0.2522139038155045,0.6636407755667701,25,20,20
34,3353,0.04363729782520675,0.039441922694447386,0.2532800039049584,0.6636407755753876,25,20,20
34,3354,0.04366607711360178,0.03943962330919339,0.2532539085432556,0.6636403910339493,25,20,20
34,3355,0.04366607711360173,0.03943962330919339,0.25325382746315184,0.6636404721140531,25,20,20
34,3356,0.043666077105008166,0.039439623297702286,0.2462182815931206,0.6706760180041688,25,20,20
34,3357,0.043666077105008236,0.03943962329770243,0.24621370171987514,0.6706805978774143,25,20,20
34,3358,0.06181286441305265,0.03947566038513763,0.2280307716002838,0.6706807036015263,25,20,20
34,3359,0.06181286441309111,0.03947566038514487,0.23428059387063385,0.6644308813311305,25,20,20
34,3360,0.061812864413091174,0.03947566038514487,0.23428059532164675,0.6644308798801177,25,20,20
34,3361,0.061812864413091174,0.03947566038490253,0.2339076060827584,0.6648038691192483,25,20,20
34,3362,0.061812864413052726,0.03947566038489536,0.2276600608953173,0.671051414306735,25,20,20
34,3363,0.06183057013805078,0.039413382551921894,0.22799657256183195,0.6707594747481944,25,20,20
34,3364,0.06183057021693137,0.0011742664369819263,0.26623568809275705,0.6707594752533285,25,20,20
34,3365,0.06183057021693142,0.0011742664369819263,0.26623565616004513,0.6707595071860402,25,20,20
34,3366,0.06183105650781583,0.0011742664218535454,0.2662351697414025,0.6707595073289272,25,20,20
34,3367,0.06183105650777031,0.0011742664218492556,0.2662351674115964,0.6707595096587832,25,20,20
34,3368,0.06183102291552516,0.0011742664335716384,0.2724784656176821,0.6645162450332204,25,20,20
34,3369,0.0789690981369057,0.0011393788718386693,0.2553753803489303,0.6645161426423245,25,20,20
34,3370,0.07896909813690887,0.0011393788718387443,0.25546767279265575,0.6644238501985957,25,20,20
34,3371,0.0805392382611911,0.0011393307429459485,0.2538975808022381,0.6644238501936242,25,20,20
34,3372,0.0416087839106037,0.0011381812264775893,0.2562402952323313,0.7010127396305866,25,20,20
34,3373,0.0416087839106037,0.001138181226477588,0.25624032862634954,0.7010127062365682,25,20,20
34,3374,0.041608783913169516,3.969097887670593e-05,0.25733881937651754,0.7010127057314354,25,20,20
34,3375,0.04160878391316954,3.969097887670592e-05,0.2573455519823291,0.7010059731256238,25,20,20
34,3376,0.0416088208370789,0.0006840269215095981,0.2567011791245218,0.7010059731168892,25,20,20
34,3377,0.041608820837079695,0.0006840269217541924,0.25669931651430217,0.7010078357268634,25,20,20
34,3378,0.04160882975855265,1.9947605744902863e-05,0.2573621842001532,0.7010090384355486,25,20,20
34,3379,0.04160882975855344,1.994760574497638e-05,0.2574894309289626,0.7008817917067381,25,20,20
34,3380,0.04160882975855344,1.994760574926667e-05,0.257489545671475,0.7008816769642214,25,20,20
34,3381,0.04160882962492632,1.9947593778083286e-05,0.25124408042193996,0.7071271423593549,25,20,20
34,3382,0.041623554217157216,1.9942323892765547e-05,0.25597809007639355,0.7023784133825555,25,20,20
34,3383,0.04162355421715727,1.9942323892840818e-05,0.2559781717334569,0.7023783317254919,25,20,20
34,3384,0.04162355421715646,1.994232389269202e-05,0.25584872643830925,0.7025077770206404,25,20,20
34,3385,0.04162355421715646,1.9942323892616784e-05,0.25584405255185194,0.7025124509070979,25,20,20
34,3386,0.041623554217157265,1.9942323892619386e-05,0.2558507845926064,0.7025057188663425,25,20,20
34,3387,0.04162355422751536,1.9942323892695816e-05,0.2559434833820688,0.7024130200665221,25,20,20
34,3388,0.04162355422751533,1.99423238926964e-05,0.25631651960301477,0.7020399838455761,25,20,20
34,3389,0.041623554227516124,1.9942323892723155e-05,0.24234673100690837,0.716009772441682,25,20,20
34,3390,0.04162355424775702,3.4204220208262145e-08,0.2423666391063298,0.7160097724416922,25,20,20
34,3391,0.04162355424793907,3.420446471649963e-08,0.24237322225925373,0.7160031892883417,25,20,20
34,3392,0.04162355425710732,3.420467644931706e-08,0.24704997530828737,0.711326436229928,25,20,20
34,3393,0.04162355426746581,3.499758216182655e-08,0.2471444507363593,0.7112319599985919,25,20,20
34,3394,0.04162135583914618,3.497206133741325e-08,0.24373554609266876,0.7146430630961231,25,20,20
34,3395,0.041621355839146175,3.4972061264156946e-08,0.24336258134630584,0.7150160278424862,25,20,20
34,3396,0.04162135583914698,3.4972065479404457e-08,0.24327048415805586,0.7151081250307313,25,20,20
34,3397,0.04162135583932789,3.4985911924753945e-08,0.24353217155102933,0.7148464376237307,25,20,20
34,3398,0.040131582416850636,1.0530334233402185e-05,0.24501141948753116,0.7148464677613842,25,20,20
34,3399,0.040131582406492144,1.0529541327689697e-05,0.24491683019604402,0.7149410578561357,25,20,20
34,3400,0.040131582406492144,1.0529541331904745e-05,0.2449169860656151,0.7149409019865604,25,20,20
34,3401,0.04013158240649531,1.0529541576562224e-05,0.24491695650285716,0.7149409315490707,25,20,20
34,3402,0.0401499941286162,1.2151008313461903e-05,0.2448969209330966,0.7149409339299737,25,20,20
34,3403,0.0401499941286162,1.2151008313461926e-05,0.2448969196264699,0.7149409352366004,25,20,20
34,3404,0.04013504500600117,1.2156020595703305e-05,0.24491218128360767,0.7149406176897954,25,20,20
34,3405,0.04013504500600197,1.2156020599996828e-05,0.24491878732606662,0.7149340116473314,25,20,20
34,3406,0.04013504500600197,1.2156020595854749e-05,0.2451849232199616,0.7146678757534404,25,20,20
34,3407,0.04013504500599877,1.2156020351198567e-05,0.245182919962332,0.7146698790113178,25,20,20
34,3408,0.04013504500600191,1.2156020355340164e-05,0.24492129098217996,0.7149315079914629,25,20,20
34,3409,0.0553043661000404,1.2142468660631536e-05,0.2297519514521232,0.7149315399791759,25,20,20
34,3410,0.05527470823171688,1.2142469902688717e-05,0.2297816091234287,0.7149315401749509,25,20,20
34,3411,0.05527470823171694,1.214246990276527e-05,0.22978821131534033,0.714924937983039,25,20,20
34,3412,0.05527470823172091,1.2142470146895017e-05,0.22988081920786896,0.7148323300902624,25,20,20
34,3413,0.055274708231720114,1.2142470142602771e-05,0.22987421494663487,0.7148389343515015,25,20,20
34,3414,0.05534268205557757,1.0520501847145348e-05,0.2298078606930195,0.7148389367495552,25,20,20
34,3415,0.05534268205557764,1.0520501851500876e-05,0.22990016001113958,0.7147466374314309,25,20,20
34,3416,0.055342682065889715,1.0520501855688616e-05,0.23016724960815857,0.7144795478240955,25,20,20
34,3417,0.05534263513700087,1.0764158346104535e-05,0.23016825522537893,0.7144783454792738,25,20,20
34,3418,0.05534263513700407,1.0764158346105856e-05,0.23016828238341167,0.7144783183212382,25,20,20
34,3419,0.055342635137004076,1.0764158346180881e-05,0.23029769016031068,0.7143489105443389,25,20,20
34,3420,0.05534263513700089,1.0764158341889727e-05,0.2302929865794013,0.7143536141252558,25,20,20
34,3421,0.055342635127832586,1.0764158125865274e-05,0.22561611875250215,0.7190304819615393,25,20,20
34,3422,0.0553426351278318,1.0764158125777987e-05,0.22561808164022967,0.7190285190738127,25,20,20
34,3423,0.05534263512764969,1.076415788111919e-05,0.22561137656739796,0.7190352241470712,25,20,20
34,3424,0.055233161150330876,0.0006474257110218383,0.2250842192630076,0.7190351938756392,25,20,20
34,3425,0.055233161150326886,0.0006474257110176218,0.22508410505162885,0.7190353080870261,25,20,20
34,3426,0.05523316115032767,0.000647425710773189,0.2250774851021523,0.7190419280367464,25,20,20
34,3427,0.05523316115037314,0.0006474257107774791,0.22507325485865234,0.7190461582801966,25,20,20
34,3428,0.055485555383431515,0.0006471794601667734,0.22320497558629607,0.7206622895701053,25,20,20
34,3429,0.055485555383431466,0.0006471794601667746,0.22320494913384514,0.7206623160225564,25,20,20
34,3430,0.05548555538342901,0.0006471794601668484,0.22320496062777093,0.7206623045286331,25,20,20
34,3431,0.05548555538342903,0.0006471794601668498,0.22320727817425343,0.7206599869821505,25,20,20
34,3432,0.05548555538342903,0.0006471794601669257,0.22358038174368752,0.7202868834127165,25,20,20
34,3433,0.05523316154889393,0.0006471797373327104,0.2235870576949085,0.7205326010188646,25,20,20
34,3434,0.05523316154889393,0.0006471797373327104,0.22358474223696734,0.7205349164768059,25,20,20
34,3435,0.05523316154889713,0.000647179737577304,0.2235895757360296,0.7205300829774959,25,20,20
34,3436,0.055233161548899526,0.0006471797375814464,0.22358966068555688,0.720529998027962,25,20,20
34,3437,0.05523316154871859,0.000647179723730784,0.2233279709725886,0.7207916877549617,25,20,20
34,3438,0.055233118460383215,0.0006473052350283539,0.22332788870535095,0.7207916875992376,25,20,20
34,3439,0.04605055058658952,0.0012109980251002734,0.2318996641147287,0.720838787273581,25,20,20
34,3440,0.046050550586589474,0.001210998025095992,0.23180750482969656,0.7209309465586174,25,20,20
34,3441,0.04605054678620724,0.0012109929163346364,0.19206292054391674,0.760675539753541,25,20,20
34,3442,0.04605054678620802,0.0012109929163431434,0.19193810316639237,0.760800357131056,25,20,20
34,3443,0.046050546788805526,0.0012109929165877995,0.1919380758684933,0.760800384426113,25,20,20
34,3444,0.04605054678880239,0.0012109929165862003,0.19219959287881114,0.7605388674157999,25,20,20
34,3445,0.046050546788980525,0.0012109929165867383,0.19211166655300677,0.7606267937414256,25,20,20
34,3446,0.04605054678902526,0.0012109929168228413,0.1921093248063841,0.7606291354877674,25,20,20
34,3447,0.04605054678902526,0.0012109929168227659,0.1921047054403218,0.7606337548538299,25,20,20
34,3448,0.04605054677608465,0.001210992902959111,0.19185069383377884,0.7608877664871772,25,20,20
34,3449,0.04605054677608465,0.001210992902963314,0.19197579484909014,0.7607626654718617,25,20,20
34,3450,0.04605054677348635,0.0012109929027186552,0.1919690881086235,0.7607693722151712,25,20,20
34,3451,0.04605054677348635,0.0012109929027186552,0.19197062651054542,0.7607678338132494,25,20,20
34,3452,0.046050546763173515,0.0012109929027144663,0.19170353556538655,0.7610349247687254,25,20,20
34,3453,0.046050546763176714,0.0012109929027143923,0.19170671239426107,0.7610317479398477,25,20,20
34,3454,0.04605054676317666,0.0012109929027143936,0.1917113311495886,0.7610271291845203,25,20,20
34,3455,0.04605054676313112,0.0012109929024697083,0.19170896806197962,0.7610294922724193,25,20,20
34,3456,0.046050546763131174,0.001210992902469707,0.191709129872295,0.761029330462104,25,20,20
34,3457,0.04605054676313118,0.001210992902469707,0.1917092117534214,0.7610292485809775,25,20,20
34,3458,0.046050546763131965,0.0012109929024697822,0.19170932697880858,0.7610291333555895,25,20,20
34,3459,0.04605054676317744,0.0012109929024714569,0.1914478108781218,0.7612906494562292,25,20,20
34,3460,0.04605054676317749,0.0012109929024714569,0.19145252669524593,0.761285933639105,25,20,20
34,3461,0.04605054676317755,0.0012109929024714556,0.19144790793991842,0.7612905523944323,25,20,20
34,3462,0.04463273907479393,0.0012109929149819608,0.19286571391636437,0.7612905540938594,25,20,20
34,3463,0.04454787224040774,0.0012109928974027994,0.1929505807580007,0.7612905541041883,25,20,20
34,3464,0.04454787224040774,0.0012109928974027994,0.19295718775949172,0.7612839471026973,25,20,20
34,3465,0.04454787224040775,0.001210992897402873,0.1929590907307256,0.7612820441314636,25,20,20
34,3466,0.044547872240407,0.0012109928974029468,0.193051267138473,0.7611898677237169,25,20,20
34,3467,0.044547872240407,0.001210992897403096,0.19305585474279421,0.7611852801193953,25,20,20
34,3468,0.044547872240407,0.0012109928974030973,0.1930558533513304,0.7611852815108593,25,20,20
34,3469,0.04454787224058616,0.001210993689605379,0.1931810452948579,0.7610600887749502,25,20,20
34,3470,0.044548034778686824,0.0005638406190923606,0.1938280355057648,0.7610600890964571,25,20,20
34,3471,0.044548034768329525,0.0005638406329426531,0.19400270508529133,0.7608854195134372,25,20,20
34,3472,0.04454803476832634,0.0005638406329384355,0.1940026509406691,0.7608854736580668,25,20,20
34,3473,0.044548057102245735,0.0005773895638682329,0.19398906965074925,0.7608854836831377,25,20,20
34,3474,0.04454805710206339,0.0005773887716659514,0.19385911799473965,0.7610154361315318,25,20,20
34,3475,0.04454805710206334,0.0005773887716660266,0.19385443627419097,0.7610201178520805,25,20,20
34,3476,0.04454807396794893,0.0005639250698039539,0.19386787568677077,0.7610201252754771,25,20,20
34,3477,0.04454807396794893,0.0005639250698038813,0.19386773660165108,0.7610202643605969,25,20,20
34,3478,0.04454807396794891,0.000563925069803806,0.1938653120069748,0.7610226889552734,25,20,20
34,3479,0.04454807396794893,0.0005639250698036585,0.19377309995477077,0.7611149010074773,25,20,20
34,3480,0.044548034753683234,0.0005637143281868519,0.1937049242364301,0.7611833266817003,25,20,20
34,3481,0.04454803513932229,0.0005639610422237249,0.19556534007956486,0.7593226637388891,25,20,20
34,3482,0.044548035139322234,0.0005639610422280138,0.19556545506904832,0.7593225487494014,25,20,20
34,3483,0.0445480351393223,0.0005639610422323068,0.19556562462483298,0.7593223791936125,25,20,20
34,3484,0.0445480351391402,0.000563961041991929,0.19556549264223322,0.7593225111766349,25,20,20
34,3485,0.04454803513932234,0.0005639610419962958,0.19555908433221766,0.7593289194864637,25,20,20
34,3486,0.04454803513937106,0.000563961042240799,0.19519363918831906,0.759694364630069,25,20,20
34,3487,0.04454803513937112,0.0005639610422450154,0.19518717733648203,0.7597008264819018,25,20,20
34,3488,0.04454803513932241,0.0005639610420005117,0.19517963480827,0.7597083690104072,25,20,20
34,3489,0.04454803513932167,0.0005639610419963074,0.19505449571795935,0.7598335081007227,25,20,20
34,3490,0.044548381332277086,0.0005666944258817393,0.19505141638979595,0.7598335078520455,25,20,20
34,3491,0.04454838133227703,0.0005666944258816654,0.19505141439881526,0.7598335098430264,25,20,20
34,3492,0.04454838133227703,0.0005666944258816654,0.19505144826941412,0.7598334759724276,25,20,20
34,3493,0.04454686652856503,0.0013642630845997871,0.19045283548858477,0.7636360348982507,25,20,20
34,3494,0.04454686652856498,0.0013642630845955694,0.190454972843665,0.7636338975431747,25,20,20
34,3495,0.04454686652870157,0.0013642630843551913,0.19045484226736678,0.7636340281195764,25,20,20
34,3496,0.04454686652870152,0.001364263084355267,0.1904547615377902,0.7636341088491531,25,20,20
34,3497,0.04454686467107778,0.0005666973154625016,0.19250304814266297,0.7623833898707967,25,20,20
34,3498,0.044546864671077824,0.0005666973154624276,0.19250301408122467,0.762383423932235,25,20,20
34,3499,0.044546864671077824,0.0005666973154624276,0.19250293500124246,0.7623835030122172,25,20,20
34,3500,0.04454686467112316,0.0005666973154666313,0.19263289193971034,0.7622535460736999,25,20,20
34,3501,0.04454686467112316,0.0005666973154667053,0.19263286004761374,0.7622535779657964,25,20,20
34,3502,0.04454686467112632,0.0005666973154667805,0.19263594157031927,0.7622504964430877,25,20,20
34,3503,0.08403665997790938,0.000563960104267554,0.15314888351763717,0.7622504964001865,25,20,20
34,3504,0.08403665997790942,0.0005639601045098954,0.15352200197914162,0.7618773779384397,25,20,20
34,3505,0.0846108393613615,0.0005639707547895697,0.15294776447372982,0.7618774254101196,25,20,20
34,3506,0.08461083936136157,0.000563970754789571,0.15294776497798096,0.7618774249058683,25,20,20
34,3507,0.0846108393613615,0.0005639707547894944,0.15294548493864318,0.7618797049452063,25,20,20
34,3508,0.08461083936136474,0.0005639707547895696,0.15294331632225644,0.7618818735615897,25,20,20
34,3509,0.08461083936136155,0.0005639707547894957,0.15294023339203963,0.7618849564918097,25,20,20
34,3510,0.08461083936136152,0.0005639707547852806,0.1529401192365431,0.7618850706473104,25,20,20
34,3511,0.08461083936136152,0.0005639707547852806,0.15294664092626784,0.7618785489575857,25,20,20
34,3512,0.08461083869605598,0.0005637219325625066,0.11312802517207513,0.8016974141993064,25,20,20
34,3513,0.08462399831069618,0.0005637190457732189,0.11086292986082047,0.8039493527827101,25,20,20
34,3514,0.08462399831069618,0.0005637190457774346,0.11086945329976054,0.8039428293437658,25,20,20
34,3515,0.08462399831069703,0.0005637190460220302,0.11087415685514052,0.8039381257881405,25,20,20
34,3516,0.08547555303395642,0.000563708383345759,0.11002266020384804,0.8039380783788498,25,20,20
34,3517,0.08544540167848005,0.0005637284590962955,0.11005278812311416,0.8039380817393095,25,20,20
34,3518,0.08544540167848004,0.0005637284590962955,0.11005278808799396,0.8039380817744296,25,20,20
34,3519,0.08544540167848401,0.0005637284593365744,0.11005698876162988,0.8039338811005494,25,20,20
34,3520,0.08544540167848323,0.0005637284454862067,0.10978965377660214,0.8042012160994283,25,20,20
34,3521,0.08544540167848323,0.0005637284454862054,0.10979181746652326,0.8041990524095071,25,20,20
34,3522,0.08544540168879923,0.000563728445486205,0.11005890307902105,0.8039319667866934,25,20,20
34,3523,0.08544540167848323,0.0005637284454862054,0.10979181746652326,0.8041990524095073,25,20,20
34,3524,0.08544540167847924,0.000563728445241634,0.10978291265527076,0.8042079572210082,25,20,20
34,3525,0.0619476186760735,0.0005637284504728318,0.1332806967006361,0.8042079561728176,25,20,20
34,3526,0.06193465215608796,0.0005637332071031863,0.13403709208409295,0.8034645225527157,25,20,20
34,3527,0.06193465215608796,0.0005637332071031876,0.13403701162703505,0.8034646030097735,25,20,20
34,3528,0.06193465200880427,0.0005637332066162148,0.13386366962007565,0.8036379451645037,25,20,20
34,3529,0.06193465200880419,0.0005637332066119219,0.13386350091275068,0.8036381138718331,25,20,20
34,3530,0.06193465200880335,0.000563733206367325,0.1338588412520178,0.8036427735328115,25,20,20
34,3531,0.061934652008804145,0.0005637332063716146,0.13386544577703488,0.8036361690077892,25,20,20
34,3532,0.06193465200880089,0.000563733206371464,0.13386533471147744,0.8036362800733501,25,20,20
34,3533,0.06193465200880164,0.0005637332061292706,0.13349236822545793,0.804009246559611,25,20,20
34,3534,0.06193465200880164,0.0005637332061249798,0.13348576300933743,0.8040158517757356,25,20,20
34,3535,0.06193465199462629,0.0005637377131412625,0.1335542014528831,0.8039474088393499,25,20,20
34,3536,0.06193465199462635,0.0005637377131413379,0.13355890436366824,0.8039427059285645,25,20,20
34,3537,0.06193465199462635,0.0005637377131413352,0.13355882469107563,0.8039427856011572,25,20,20
34,3538,0.06193465199444421,0.0005637377131369709,0.1335586284617366,0.8039429818306826,25,20,20
34,3539,0.06505357543008626,0.0005650222969240432,0.13449876825032692,0.7998826340226631,25,20,20
34,3540,0.06505357543008629,0.0005650222969240458,0.13449877097951998,0.79988263129347,25,20,20
34,3541,0.06505357543008948,0.0005650222969241222,0.13450350838694947,0.7998778938860371,25,20,20
34,3542,0.05906680099219964,1.6696153339053149e-06,0.14109907624365906,0.7998324531488076,25,20,20
34,3543,0.059066800992199624,1.669615333902697e-06,0.14109915470460793,0.7998323746878588,25,20,20
34,3544,0.059066800992198826,1.66961533375216e-06,0.14110062156865585,0.7998309078238118,25,20,20
34,3545,0.059066800992198826,1.6696153336769044e-06,0.14109405733919272,0.7998374720532749,25,20,20
34,3546,0.05906680099219885,1.6696153336769035e-06,0.1410941332636474,0.7998373961288203,25,20,20
34,3547,0.05906680099220203,1.6696153379667362e-06,0.14109883542048804,0.7998326939719721,25,20,20
34,3548,0.05906680099220526,1.669615338044647e-06,0.14109889714909526,0.7998326322433615,25,20,20
34,3549,0.05906680099220527,1.6696153422962742e-06,0.14147191857752658,0.7994596108149259,25,20,20
34,3550,0.05906680099202636,1.6696153380804129e-06,0.1414673563396929,0.7994641730529425,25,20,20
34,3551,0.05906680099202643,1.669615582663955e-06,0.14147405995999301,0.7994574694323978,25,20,20
34,3552,0.059066800992023216,1.669615582587343e-06,0.14147391498064105,0.7994576144117531,25,20,20
34,3553,0.05906680099202324,1.6696155827352778e-06,0.1414761911572117,0.7994553382351822,25,20,20
34,3554,0.05906680099202001,1.6696155826573895e-06,0.1414761614067473,0.7994553679856499,25,20,20
34,3555,0.059066800992023175,1.669629429143632e-06,0.14136944879473687,0.7995620805838106,25,20,20
34,3556,0.059066800992068756,1.6696296736633503e-06,0.14136767952631157,0.7995638498519457,25,20,20
34,3557,0.05906680099207195,1.6696296736646708e-06,0.1413677281505867,0.7995638012276675,25,20,20
34,3558,0.059066800992075924,1.6696296780024756e-06,0.1416340665984711,0.7992974627797748,25,20,20
34,3559,0.05906680099207597,1.6696296780037735e-06,0.14163252530527962,0.7992990040729662,25,20,20
34,3560,0.059066801586581744,1.3140244967036743e-06,0.13863659673319575,0.8022952876557254,25,20,20
34,3561,0.05906680158676383,1.3140242521993409e-06,0.1386299872295484,0.8023018971594352,25,20,20
34,3562,0.05906680158676383,1.3140242522745875e-06,0.13862995583826668,0.8023019285507169,25,20,20
34,3563,0.05906680158676382,1.314024252125355e-06,0.1386277171626453,0.8023041672263383,25,20,20
34,3564,0.0590668015867638,1.314024252125355e-06,0.13862760268834456,0.8023042817006392,25,20,20
34,3565,0.0590668015867638,1.3140242521266974e-06,0.13863230589730294,0.8022995784916809,25,20,20
34,3566,0.0590668015867638,1.3140242521253775e-06,0.13862772052239328,0.8023041638665905,25,20,20
34,3567,0.05906680158676375,1.3140242521253998e-06,0.13862772052239275,0.8023041638665912,25,20,20
34,3568,0.05906680158676055,1.3140242521241017e-06,0.1386276390897653,0.8023042452992217,25,20,20
34,3569,0.059066989494576595,1.569441479245829e-05,0.13861307116177893,0.8023042449288518,25,20,20
34,3570,0.05906698949457981,1.5694414796825074e-05,0.13861481608130466,0.8023025000093184,25,20,20
34,3571,0.059066989494576616,1.5694414796749814e-05,0.1386101597248121,0.8023071563658142,25,20,20
34,3572,0.059066989494576616,1.5694414796749766e-05,0.1386101592479561,0.8023071568426703,25,20,20
34,3573,0.05906698949457981,1.569441479675288e-05,0.1386057850602063,0.8023115310304167,25,20,20
34,3574,0.08468984521798349,1.4405199417129342e-05,0.11298322666619313,0.8023125229164063,25,20,20
34,3575,0.08468984521798033,1.4405185810986447e-05,0.11272167087896624,0.8025740787172423,25,20,20
34,3576,0.08468984521816239,1.4405185819493041e-05,0.11272357563514984,0.8025721739608681,25,20,20
34,3577,0.0846898452181632,1.4405185819494337e-05,0.11272352562250991,0.8025722239735074,25,20,20
34,3578,0.08468984521816082,1.44051860589554e-05,0.11285205944432466,0.8024436901514553,25,20,20
34,3579,0.08468984521816082,1.4405185814435712e-05,0.11284950372421082,0.8024462458718138,25,20,20
34,3580,0.0846898452182055,1.4405185570610509e-05,0.11273323294071862,0.802562516655505,25,20,20
34,3581,0.08468984521820555,1.4405185570611807e-05,0.11273330790340495,0.8025624416928188,25,20,20
34,3582,0.08468984514878797,0.000578033876776064,0.1151676440642509,0.7995644769101851,25,20,20
34,3583,0.08468984514878794,0.0005780338767759914,0.1151676092545768,0.7995645117198592,25,20,20
34,3584,0.08528124131883492,2.8339599155748698e-05,0.11512592186625413,0.799564497215755,25,20,20
34,3585,0.08528124131887725,2.8339599155824453e-05,0.11512141698709728,0.7995690020948694,25,20,20
34,3586,0.0852812413188733,2.8339599151487898e-05,0.11485507907817932,0.7998353400037956,25,20,20
34,3587,0.08528124131883094,2.833959939448092e-05,0.11510742501917345,0.7995829940626008,25,20,20
34,3588,0.0852812413186488,2.8339599394476975e-05,0.11510744442480979,0.7995829746571467,25,20,20
34,3589,0.0852812413186488,2.833959939440298e-05,0.11510744395023893,0.7995829751317176,25,20,20
34,3590,0.08528124131864806,2.8339599394476955e-05,0.11510752879900733,0.7995828902829498,25,20,20
34,3591,0.10828555605866413,2.8339594159810058e-05,0.09210321474887322,0.7995828895983028,25,20,20
34,3592,0.09107187412793499,6.517607585361697e-05,0.1092769781204784,0.7995859716757329,25,20,20
34,3593,0.09048074497476753,5.125172678457196e-05,0.10988203162849819,0.7995859716699496,25,20,20
34,3594,0.10121320238323339,5.126186242344971e-05,0.09915053195963906,0.7995850037947038,25,20,20
34,3595,0.10121320238323353,5.1261862419248594e-05,0.09902277374129896,0.7997127620130479,25,20,20
34,3596,0.101213202383188,5.126186241488192e-05,0.09902040179288715,0.7997151339615095,25,20,20
34,3597,0.1012129370533519,6.126096672374676e-05,0.09901066801884749,0.7997151339610766,25,20,20
34,3598,0.101212749542754,0.0008374734801975244,0.09823464265900798,0.7997151343180416,25,20,20
34,3599,0.10121274954275405,0.0008374734801975984,0.09823467118086518,0.7997151057961844,25,20,20
34,3600,0.10121274954275725,0.0008374734802018899,0.09823473246946658,0.7997150445075754,25,20,20
34,3601,0.10121274954275995,0.000837473480205572,0.1044842410775574,0.793465535899478,25,20,20
34,3602,0.10121274954280184,0.0008374742663541323,0.10491853925998723,0.7930312369308578,25,20,20
34,3603,0.10121274954280178,0.0008374742663540568,0.10491847873537806,0.7930312974554671,25,20,20
34,3604,0.10121274954279916,0.0008374742663504489,0.098668919487061,0.7992808567037905,25,20,20
34,3605,0.10121274734856245,0.000827813501543327,0.09867858244602677,0.7992808567038685,25,20,20
34,3606,0.10121274735115766,0.0008278135017922141,0.0986834672374262,0.799275971909625,25,20,20
34,3607,0.10121274735115778,0.0008278135017922141,0.09868816872502134,0.7992712704220298,25,20,20
34,3608,0.10121274695381167,4.4359215978132385e-05,0.09947102628410712,0.7992718675461044,25,20,20
34,3609,0.1013282385440474,4.677970465790196e-05,0.09935311014202725,0.7992718716092684,25,20,20
34,3610,0.10132823854400184,4.677970441330696e-05,0.09935488164369508,0.7992701001078906,25,20,20
34,3611,0.10132823854404738,4.677970441330827e-05,0.09936153323436679,0.7992634485171735,25,20,20
34,3612,0.10132823854404727,4.67797044175986e-05,0.09935695076531653,0.7992680309862195,25,20,20
34,3613,0.10132823854404727,4.677970441767259e-05,0.09935703184605518,0.7992679499054806,25,20,20
34,3614,0.10132823854405046,4.6779704417749195e-05,0.09935926196457462,0.7992657197869579,25,20,20
34,3615,0.10132850278462756,3.9660265697047476e-05,0.0993603904969497,0.7992714464527263,25,20,20
34,3616,0.10132850278462756,3.966026569712142e-05,0.09935819540139226,0.7992736415482838,25,20,20
34,3617,0.10184967130665944,3.965000172664907e-05,0.09883706304611772,0.7992736156454973,25,20,20
34,3618,0.10184967189829822,3.965001566253345e-05,0.09884676536504029,0.7992639127210001,25,20,20
34,3619,0.10184967189829822,3.965001566245819e-05,0.09884668489448649,0.799263993191554,25,20,20
34,3620,0.10184967189825586,3.965001565809394e-05,0.09884651514359893,0.7992641629424881,25,20,20
34,3621,0.10184967189821079,3.9649229505166654e-05,0.0984144668767763,0.7996962119955083,25,20,20
34,3622,0.10184967189821079,3.9649229505092684e-05,0.09841455136522378,0.7996961275070609,25,20,20
34,3623,0.10184967189821084,3.964922974967493e-05,0.09841464939500372,0.7996960294770363,25,20,20
34,3624,0.10184967189821087,3.964922974959964e-05,0.09850511653033704,0.7996055623417034,25,20,20
34,3625,0.10184967189816854,3.964922975381531e-05,0.09850498838944846,0.7996056904826301,25,20,20
34,3626,0.10184967189816854,3.9649229753889226e-05,0.09850966159808286,0.7996010172739959,25,20,20
34,3627,0.0958177347195191,3.964923105239992e-05,0.10454159876253,0.7996010172868996,25,20,20
34,3628,0.09570429535216109,3.688027902892606e-05,0.10465781107304852,0.7996010132957622,25,20,20
34,3629,0.09570429535216109,3.6880279028927364e-05,0.10465544526486267,0.799603379103948,25,20,20
34,3630,0.09570429535216103,3.68802790332172e-05,0.10456736971079328,0.7996914546580132,25,20,20
34,3631,0.09570429535216103,3.688027903329249e-05,0.10456733631793158,0.7996914880508745,25,20,20
34,3632,0.09570429535234076,3.6880279033293845e-05,0.10456280432976614,0.7996960200388604,25,20,20
34,3633,0.09570429535234076,3.6880279033218554e-05,0.1045627212759151,0.7996961030927114,25,20,20
34,3634,0.09570429535234157,3.6880279275559905e-05,0.10493576267267589,0.7993230616957075,25,20,20
34,3635,0.09570429535234157,3.688027927556122e-05,0.10494008992789049,0.7993187344404928,25,20,20
34,3636,0.09570429535234158,3.6880279275636524e-05,0.10494669530928054,0.7993121290591028,25,20,20
34,3637,0.09570429535234153,3.688027927571048e-05,0.1049512822064821,0.7993075421619009,25,20,20
34,3638,0.06735573736003131,3.6881004866480985e-05,0.13329983261626724,0.7993075490188355,25,20,20
34,3639,0.06735573736003131,3.688100486219008e-05,0.1332948491145645,0.7993125325205425,25,20,20
34,3640,0.06735573750797054,3.688100486226404e-05,0.13329655621504227,0.7993108252721254,25,20,20
34,3641,0.06735573750815259,3.6881005106920225e-05,0.1333031463520034,0.7993042351347376,25,20,20
34,3642,0.06735573750817463,3.6881005106928154e-05,0.16846148272616618,0.7641458987605521,25,20,20
34,3643,0.06735573751855461,3.6881004868301855e-05,0.1681974834967873,0.7644098979797898,25,20,20
34,3644,0.06735573751855461,3.688100486822659e-05,0.16819740101852468,0.7644099804580524,25,20,20
34,3645,0.06735573751837251,3.688100462364438e-05,0.16819077769777283,0.764416603779231,25,20,20
34,3646,0.06735573751855464,3.6881004623644385e-05,0.1681877009715447,0.7644196805052771,25,20,20
34,3647,0.06735727380796756,3.688163710476468e-05,0.14120655943926283,0.7913992851156655,25,20,20
34,3648,0.06735727380796756,3.688163710476598e-05,0.14121125867758788,0.7913945858773406,25,20,20
34,3649,0.06735727380796437,3.6881637104839915e-05,0.1412143375087088,0.7913915070462226,25,20,20
34,3650,0.06735727380796512,3.688163686462328e-05,0.1412077936874255,0.7913980508677454,25,20,20
34,3651,0.06735727379758202,3.68816368645449e-05,0.141212046898956,0.7913937976665981,25,20,20
34,3652,0.06735573750814706,3.688100438770781e-05,0.13303952776007053,0.7995678537273954,25,20,20
34,3653,0.10093873207121556,3.6885427080744864e-05,0.09939033831751334,0.799634044184191,25,20,20
34,3654,0.10093873207103261,3.688542708066826e-05,0.09939016955794802,0.7996342129439394,25,20,20
34,3655,0.10093873207103267,3.688542708493131e-05,0.09965180112985901,0.799372581372024,25,20,20
34,3656,0.10093873207103271,3.6885427084857324e-05,0.09964527825041884,0.7993791042514643,25,20,20
34,3657,0.10093873207103264,3.6885427084931294e-05,0.09964523570802986,0.7993791467938532,25,20,20
34,3658,0.10093873207103264,3.688542708493131e-05,0.09964064973718145,0.7993837327647018,25,20,20
34,3659,0.10093873207103585,3.6885427080638903e-05,0.09963765660338986,0.7993867258984944,25,20,20
34,3660,0.10093874050132863,3.688544126032289e-05,0.09938379240716959,0.7996405816502421,25,20,20
34,3661,0.13479099677796824,3.688471897784127e-05,0.06553154371515654,0.7996405747878971,25,20,20
34,3662,0.13479099677796824,3.688471897776862e-05,0.06553157512079283,0.7996405433822609,25,20,20
34,3663,0.13479099677778617,3.6884718977841586e-05,0.0657962830757727,0.7993758354274632,25,20,20
34,3664,0.13479099677778617,3.688471897784029e-05,0.06579628250016446,0.7993758360030714,25,20,20
34,3665,0.13479099677778617,3.688471898205532e-05,0.06579639799211591,0.7993757205111157,25,20,20
34,3666,0.134790996777783,3.688471898205529e-05,0.0661686877392996,0.7990034307639351,25,20,20
34,3667,0.13479099677778636,3.688473074685679e-05,0.07241867534010747,0.792753443151359,25,20,20
34,3668,0.1347909967778318,3.688473075113714e-05,0.07254824249312222,0.7926238759982945,25,20,20
34,3669,0.13479099677783102,3.68847305087958e-05,0.0721751226952401,0.7929969957964198,25,20,20
34,3670,0.1347909967776489,3.6884730500289193e-05,0.07216863030478868,0.7930034881870617,25,20,20
34,3671,0.1347909967776489,3.6884730500364464e-05,0.07179474543585017,0.7933773730560003,25,20,20
34,3672,0.13479099677764808,3.6884730496072826e-05,0.07179466726891495,0.7933774512229406,25,20,20
34,3673,0.13479099677764808,3.688473050028917e-05,0.07179474865074291,0.7933773698411082,25,20,20
34,3674,0.13479099662970884,3.688473050013994e-05,0.07179292767092915,0.7933791909688614,25,20,20
34,3675,0.13479099662989097,3.688473050443025e-05,0.07179301095925789,0.7933791076803461,25,20,20
34,3676,0.13479099662989097,3.688473050013866e-05,0.07179281372532509,0.7933793049142835,25,20,20
34,3677,0.13479098819959817,3.688471632048195e-05,0.07178046556845524,0.7933916615156256,25,20,20
34,3678,0.1289128884810725,3.6888986556627885e-05,0.07765739928989085,0.7933928232424796,25,20,20
34,3679,0.12891288848107252,3.6888986556704456e-05,0.07765748172645438,0.7933927408059159,25,20,20
34,3680,0.1289128884810725,3.6888986556704206e-05,0.07778692139126968,0.7932633011411008,25,20,20
34,3681,0.1289128884808904,3.688898655248785e-05,0.07779142549071326,0.7932587970418433,25,20,20
34,3682,0.1289128884808904,3.68889865524126e-05,0.07779794944862908,0.7932522730839275,25,20,20
34,3683,0.12891288788925162,3.688897261652773e-05,0.07779283025062352,0.7932573928875079,25,20,20
34,3684,0.12891288788925162,3.6888972616527705e-05,0.07779943458850834,0.7932507885496229,25,20,20
34,3685,0.12891288788925162,3.6888972620742765e-05,0.0777949299978219,0.7932552931403052,25,20,20
34,3686,0.12891288788925157,3.6888972620666186e-05,0.07778832366782296,0.7932618994703042,25,20,20
34,3687,0.12891288788925157,3.6888972620591945e-05,0.0775220576296666,0.7935281655084608,25,20,20
34,3688,0.12891288788925237,3.688897286517546e-05,0.0775287619711472,0.7935214611667348,25,20,20
34,3689,0.12891288788925237,3.6888972860886925e-05,0.07752417277184756,0.7935260503660387,25,20,20
34,3690,0.1466204020904744,5.249105471577869e-08,0.05985657715934552,0.793522968259125,25,20,20
34,3691,0.146620402090471,5.247928984030775e-08,0.05360647569396554,0.7997730697362733,25,20,20
34,3692,0.14564455172427643,7.233827190520722e-08,0.05458230451096623,0.799773071426485,25,20,20
34,3693,0.118443581928576,9.188368114794153e-08,0.08183686341369263,0.7997194627740501,25,20,20
34,3694,0.11844358192857615,9.188392151621047e-08,0.08171587702382775,0.7998404491636745,25,20,20
34,3695,0.11941927034035181,7.202494719492328e-08,0.08074021016070539,0.7998404474739954,25,20,20
34,3696,0.1194192703404005,7.202518747338946e-08,0.08074899393166972,0.7998316637027423,25,20,20
34,3697,0.11941927034039729,7.20251917428163e-08,0.08083906400318375,0.7997415936312271,25,20,20
34,3698,0.15892123796744861,4.8338699995266645e-08,0.04134344420953856,0.7997352694843124,25,20,20
34,3699,0.15892123796744861,4.8338699995312404e-08,0.04133695366933516,0.7997417600245157,25,20,20
34,3700,0.15892123796485338,4.833845118407445e-08,0.041705169864072626,0.7993735438326225,25,20,20
34,3701,0.15892123796485338,4.833845125734328e-08,0.04207827169698719,0.7990004419997079,25,20,20
34,3702,0.158921237964855,4.8338447042093044e-08,0.04220784077505562,0.798870872921642,25,20,20
34,3703,0.15892123797518723,4.8338206764429313e-08,0.0422036756775396,0.7988750380090661,25,20,20
34,3704,0.158921237975188,4.83382066917795e-08,0.04220363971685243,0.7988750739697527,25,20,20
34,3705,0.12539880031442815,4.406346323105509e-08,0.07572711222307384,0.7988740433990341,25,20,20
34,3706,0.12538858723215138,4.4069724981330545e-08,0.0757373235969076,0.7988740451012154,25,20,20
34,3707,0.1253885873797433,4.408388345582453e-08,0.07545995344082,0.7991514150955527,25,20,20
34,3708,0.1253885873797433,4.408388345709859e-08,0.07546000230421793,0.7991513662321549,25,20,20
34,3709,0.12539199961994668,4.4083729887767036e-08,0.07545658280450357,0.7991513734918193,25,20,20
34,3710,0.1253919996095658,4.408372559536519e-08,0.07545195270366813,0.7991560036030398,25,20,20
34,3711,0.1253919996095658,4.4083729885659465e-08,0.07545214795024502,0.7991558083564587,25,20,20
34,3712,0.12539199960956585,4.408372980980727e-08,0.07507920816423855,0.7995287481424651,25,20,20
34,3713,0.1249254937553998,4.444269527521838e-08,0.0755457153026252,0.7995287464992792,25,20,20
34,3714,0.12487194113596388,4.494364115418217e-08,0.0755992720146796,0.7995287419057147,25,20,20
34,3715,0.12487194098837193,4.492948260639699e-08,0.07550365279968756,0.7996243612824573,25,20,20
34,3716,0.12487194098837268,4.492972712608032e-08,0.07550837240933932,0.7996196416725603,25,20,20
34,3717,0.12487194098837268,4.4929731389140425e-08,0.07577454189229478,0.7993534721896003,25,20,20
34,3718,0.12487194098837189,4.4929722826950805e-08,0.07568232055113262,0.799445693530772,25,20,20
34,3719,0.08760525661959377,5.2399234338997806e-08,0.11294508049959054,0.7994496104815818,25,20,20
34,3720,0.08129018201442084,5.6954255012199233e-08,0.119272730040459,0.7994370309908657,25,20,20
34,3721,0.08129018201442083,5.6954254935904044e-08,0.11914320920565233,0.7995665518256726,25,20,20
34,3722,0.08129018201442083,5.695425501114095e-08,0.11914779456776359,0.7995619664635611,25,20,20
34,3723,0.08177223542129854,5.658913187435667e-08,0.11866574158554619,0.799561966404024,25,20,20
34,3724,0.07072402582108846,2.453518939695075e-07,0.12971373148668108,0.7995619973403373,25,20,20
34,3725,0.07072402582108771,2.4535189404214905e-07,0.12971835388640757,0.7995573749406115,25,20,20
34,3726,0.07096319946912268,2.1699089455706056e-07,0.12934069315954327,0.7996958903804401,25,20,20
34,3727,0.07096319946912583,2.1699089877327159e-07,0.12933773434303197,0.7996988491969441,25,20,20
34,3728,0.07096319946908024,2.1699065412465827e-07,0.12932915474133322,0.7997074287989331,25,20,20
34,3729,0.07096319946908106,2.1699065412597942e-07,0.12933143455864865,0.7997051489816167,25,20,20
34,3730,0.070963199469081,2.1699065420120236e-07,0.1293314408077958,0.7997051427324696,25,20,20
34,3731,0.0709631994690802,2.1699065412618184e-07,0.1292039552147165,0.7998326283255497,25,20,20
34,3732,0.0709631994690794,2.1699065412615913e-07,0.12920167650218278,0.7998349070380842,25,20,20
34,3733,0.07096319946912179,2.1699089441857028e-07,0.12920367739221594,0.7998329061477685,25,20,20
34,3734,0.07096319946912184,2.169908944198684e-07,0.12920529969999386,0.7998312838399907,25,20,20
34,3735,0.07096319946912505,2.169908944964115e-07,0.1292053829287205,0.7998312006112606,25,20,20
34,3736,0.06873390061360929,2.0952143125555756e-07,0.13143860539697547,0.7998272844679845,25,20,20
34,3737,0.06873390061356376,2.0952118674728476e-07,0.13143202155907202,0.7998338683061782,25,20,20
34,3738,0.06871749291976838,2.8696655345527055e-07,0.13144836173639773,0.799833858377281,25,20,20
34,3739,0.06906713375315283,2.907554992653459e-07,0.13117812056297112,0.7997544549283784,25,20,20
34,3740,0.06906713375315363,2.907554992653548e-07,0.1311735024857923,0.7997590730055562,25,20,20
34,3741,0.0690671337531537,2.90755499264894e-07,0.13117800938751153,0.7997545661038369,25,20,20
34,3742,0.08547781435444315,2.1295836777157894e-07,0.11463588845403479,0.7998860842331555,25,20,20
34,3743,0.08547781435444715,2.129583719892709e-07,0.11463601914818397,0.7998859535389982,25,20,20
34,3744,0.08547781435444715,2.1295837191661984e-07,0.11463598504161635,0.7998859876455657,25,20,20
34,3745,0.08547781435444718,2.1295837191921534e-07,0.11463598646418272,0.7998859862229992,25,20,20
34,3746,0.08547781435444715,2.1295837191922116e-07,0.11463593209586755,0.7998860405913143,25,20,20
34,3747,0.08547781435444715,2.129583676288759e-07,0.11463579118089916,0.7998861815062871,25,20,20
34,3748,0.08547781435444633,2.1295860633284175e-07,0.11490197317426919,0.7996199995126791,25,20,20
34,3749,0.08547781435444954,2.1295860648207964e-07,0.11490849747121218,0.7996134752157326,25,20,20
34,3750,0.08547781435444633,2.1295860633152162e-07,0.1149018934863261,0.7996200792006221,25,20,20
34,3751,0.08547781435444714,2.129586064054807e-07,0.11490841787835532,0.799613554808592,25,20,20
34,3752,0.08547781435444639,2.1295836607358e-07,0.11516991565184409,0.7993520570353442,25,20,20
34,3753,0.08547781435444561,2.1295812149135924e-07,0.11516324918142024,0.7993587235060134,25,20,20
34,3754,0.10905791468572384,2.1280893966595356e-07,0.0917147910289445,0.7992270814763923,25,20,20
34,3755,0.10905791468572465,2.128089440315698e-07,0.09171491211206863,0.799226960393263,25,20,20
34,3756,0.10905791468572465,2.1280894410817235e-07,0.09171961255773523,0.7992222599475963,25,20,20
34,3757,0.10573850518495749,2.1314270131809482e-07,0.09474984277963376,0.7995114388927079,25,20,20
34,3758,0.10573850518495677,2.131426969512032e-07,0.09474988350682499,0.7995113981655219,25,20,20
34,3759,0.10573850518513721,2.131429435441575e-07,0.09512296773365352,0.7991383139382664,25,20,20
34,3760,0.10573850518513715,2.1314293935636628e-07,0.09485675032929661,0.7994045313426276,25,20,20
34,3761,0.10573850518518185,2.131429436446927e-07,0.09486100116993282,0.7994002805019425,25,20,20
34,3762,0.10524580975426892,2.1314305409687625e-07,0.09535369317954327,0.7994002839231343,25,20,20
34,3763,0.10524580975426892,2.1314329701722212e-07,0.09561992446765272,0.799134052634782,25,20,20
34,3764,0.10524580975422339,2.1314329280156805e-07,0.09561336239398763,0.7991406147084967,25,20,20
34,3765,0.10524580975422339,2.1314329287812585e-07,0.09561145721547054,0.7991425198870136,25,20,20
34,3766,0.10524580975426581,2.1314329446624013e-07,0.09535177674131289,0.7994022003611273,25,20,20
34,3767,0.10524580975426266,2.1314329025000634e-07,0.09535473508350205,0.7993992420189457,25,20,20
34,3768,0.1052458097542626,2.1314304725568876e-07,0.09509498735015365,0.7996589897525371,25,20,20
34,3769,0.1052458097542626,2.1314304732966028e-07,0.09509501543864644,0.7996589616640444,25,20,20
34,3770,0.10524580975426258,2.1314304311509663e-07,0.0950903423346454,0.7996636347680496,25,20,20
34,3771,0.08910745750598162,2.2503496145798324e-07,0.11122862941487323,0.7996636880441842,25,20,20
34,3772,0.0891074575059816,2.2503496138141647e-07,0.11122859980727118,0.7996637176517863,25,20,20
34,3773,0.08910745750598086,2.250349613814164e-07,0.11122863193749526,0.799663685521563,25,20,20
34,3774,0.08910745750598081,2.2503496145666296e-07,0.11122855120774114,0.7996637662513172,25,20,20
34,3775,0.08910745750598,2.2503496138140596e-07,0.11122664688169852,0.7996656705773606,25,20,20
34,3776,0.08910745750598316,2.250349656728245e-07,0.11122422611405726,0.7996680913449944,25,20,20
34,3777,0.0891074575059778,2.2503515334984706e-07,0.11587669416229637,0.7950156232965729,25,20,20
34,3778,0.089107457505981,2.2503539786955284e-07,0.11588144660513944,0.7950108708534822,25,20,20
34,3779,0.089107457505981,2.2503539786826392e-07,0.11587682782591824,0.7950154896327032,25,20,20
34,3780,0.06692534993991518,2.1592842095453516e-06,0.13805697358183844,0.7950155171940372,25,20,20
34,3781,0.06692534993996029,2.159284209618619e-06,0.13843097233743096,0.7946415184383995,25,20,20
34,3782,0.06692534993995715,2.1592842096172905e-06,0.13843558969407432,0.7946369010817591,25,20,20
34,3783,0.06692534995033489,2.1592839693887652e-06,0.13843555483266126,0.7946369359330344,25,20,20
34,3784,0.06692534995038041,2.1592839736801683e-06,0.1384332760529703,0.7946392147126758,25,20,20
34,3785,0.06692534995038357,2.1592977868434746e-06,0.13880085259949954,0.7942716381523303,25,20,20
34,3786,0.06692534995038357,2.159297786768206e-06,0.13880731658568937,0.7942651741661405,25,20,20
34,3787,0.06692534995038682,2.1592977867656115e-06,0.13881211086404346,0.7942603798877832,25,20,20
34,3788,0.0669253499503413,2.1592977867354783e-06,0.13907602107838532,0.793996469673487,25,20,20
34,3789,0.06692534995034129,2.1592977823976502e-06,0.13880968838625057,0.7942628023656261,25,20,20
34,3790,0.06692535053817132,2.1593116329068496e-06,0.13907686505267247,0.7939956250975234,25,20,20
34,3791,0.06692535053817127,2.1593116329055516e-06,0.13907524274489458,0.7939972474053009,25,20,20
34,3792,0.06626982853426804,1.4484261162918108e-05,0.1397775541759232,0.7939381330286461,25,20,20
34,3793,0.06626982853426795,1.4484261158628481e-05,0.13977102873320216,0.7939446584713713,25,20,20
34,3794,0.0662698285342648,1.4484261154264422e-05,0.13976875105880007,0.7939469361457807,25,20,20
34,3795,0.06626982853421927,1.4484261154186562e-05,0.1397664699608407,0.7939492172437856,25,20,20
34,3796,0.06626982853421932,1.4484261154263129e-05,0.13976658527231778,0.7939491019323083,25,20,20
34,3797,0.06626982853421932,1.4484261154263129e-05,0.139761997885573,0.7939536893190531,25,20,20
34,3798,0.06626982853421934,1.4484261154264425e-05,0.13976211158953122,0.7939535756150948,25,20,20
34,3799,0.0662698285238384,1.4484261149900592e-05,0.13975733998971276,0.7939583472252987,25,20,20
34,3800,0.06626982852383916,1.4484261154264725e-05,0.13975896214355424,0.7939567250714521,25,20,20
34,3801,0.06626982852379404,1.4484261154265428e-05,0.1393850444253261,0.7943306427897254,25,20,20
34,3802,0.06626982794634492,1.448424754835234e-05,0.13912264913794808,0.7945930386681584,25,20,20
34,3803,0.06626982794634176,1.4484233735263007e-05,0.13874850777749362,0.7949671800424291,25,20,20
34,3804,0.06626982794634174,1.4484233735261686e-05,0.13874839263938804,0.7949672951805347,25,20,20
34,3805,0.06626982794634169,1.4484233735185099e-05,0.13874827675232257,0.7949674110676002,25,20,20
34,3806,0.10489401938752474,1.2538099210186386e-05,0.10012611527345638,0.7949673272398082,25,20,20
34,3807,0.10489401938752474,1.2538099210186362e-05,0.10012611469786804,0.7949673278153966,25,20,20
34,3808,0.10489401937714701,1.2538098965665521e-05,0.10012139480822041,0.7949720477156664,25,20,20
34,3809,0.10490100145803628,2.0933267096747934e-07,0.10006734327444462,0.7950314459348475,25,20,20
34,3810,0.12149385822584964,2.1777768442977848e-07,0.08347447811369815,0.795031445882767,25,20,20
34,3811,0.12149385822584959,2.17777684355816e-07,0.08346989072122193,0.7950360332752436,25,20,20
34,3812,0.12149385822584964,2.177776844310303e-07,0.08347459188218512,0.7950313321142802,25,20,20
34,3813,0.1214938582258497,2.1777768443105348e-07,0.08347447988488745,0.7950314441115779,25,20,20
34,3814,0.12148458119682276,2.219961626908082e-07,0.08354196793109954,0.7949732288759145,25,20,20
34,3815,0.12148458119682276,2.2199616687863042e-07,0.08380359933544228,0.7947115974715677,25,20,20
34,3816,0.12148458119934169,2.2199573469338454e-07,0.0796930520350275,0.7988221447698959,25,20,20
34,3817,0.12148458119934165,2.2199597695946912e-07,0.08006605861531339,0.7984491381893677,25,20,20
34,3818,0.12148458119934244,2.2199597703343985e-07,0.08006614747964286,0.7984490493250372,25,20,20
34,3819,0.1214845811993425,2.2199598254374627e-07,0.09403597487472844,0.7844792219299462,25,20,20
34,3820,0.08577047045651137,2.216712606400386e-07,0.1300391324849609,0.7841901753872672,25,20,20
34,3821,0.08577047045633092,2.2167125638983323e-07,0.13003911406296093,0.784190193809452,25,20,20
34,3822,0.0859648331372342,2.2166493935737004e-07,0.12984475181977426,0.7841901933780523,25,20,20
34,3823,0.08596483324919274,2.4198996790054834e-06,0.09572493696900657,0.8183078098821219,25,20,20
34,3824,0.08596483324923783,2.4198996734957827e-06,0.08212907038647707,0.8319036764646113,25,20,20
34,3825,0.0859648332492379,2.419899677851312e-06,0.08221476575019328,0.8318179811008904,25,20,20
34,3826,0.08596483324923869,2.4198996863774555e-06,0.08248109935554773,0.8315516474955268,25,20,20
34,3827,0.08596483324942084,2.419899686378751e-06,0.08248264140854072,0.8315501054423516,25,20,20
34,3828,0.08596483324960369,2.4198996863886698e-06,0.08239200846089152,0.8316407383898181,25,20,20
34,3829,0.08596483324704453,2.419899686311852e-06,0.0818434169619909,0.8321893298912779,25,20,20
34,3830,0.08596483324704453,2.419899686313151e-06,0.08184337009850574,0.8321893767547631,25,20,20
34,3831,0.08596483312084915,2.1731190681959724e-07,0.07605668184685362,0.8379782677203903,25,20,20
34,3832,0.08596483312084915,2.1731166447557332e-07,0.07568361801719137,0.838351331550295,25,20,20
34,3833,0.1088210393837627,2.289523675100485e-07,0.05282739915951372,0.8383513325043559,25,20,20
34,3834,0.1088210393837627,2.2895236750872836e-07,0.052827434555289425,0.8383512971085804,25,20,20
34,3835,0.1088210393837627,2.2895236332223507e-07,0.052561131736329265,0.8386175999275447,25,20,20
34,3836,0.1088210393837627,2.2895236332355514e-07,0.05256113374405884,0.8386175979198153,25,20,20
34,3837,0.10882103938376264,2.2895236332354254e-07,0.05256770806102286,0.8386110236028513,25,20,20
34,3838,0.10882103938376261,2.2895236761317126e-07,0.05257431086683864,0.8386044207970313,25,20,20
34,3839,0.10882103938376186,2.2895236332171258e-07,0.05257276837169242,0.8386059632921824,25,20,20
34,3840,0.10882103938393906,2.2896618109323218e-07,0.05294113217290612,0.8382375994769737,25,20,20
34,3841,0.10882103938412195,2.289661834096162e-07,0.052574676198291696,0.8386040554514029,25,20,20
34,3842,0.10882103938393901,2.289661790441448e-07,0.05257312123948978,0.838605610410392,25,20,20
34,3843,0.10912642874949777,2.2837018736284363e-07,0.0522677664910103,0.8386055763893044,25,20,20
34,3844,0.10912642874949777,2.2837018736154592e-07,0.052267652607131974,0.8386056902731828,25,20,20
34,3845,0.10912642874949777,2.2837019153786815e-07,0.05264068749917504,0.8382326553811356,25,20,20
34,3846,0.10912642874949777,2.2837019153915336e-07,0.05264720920971108,0.8382261336705996,25,20,20
34,3847,0.10912642874950089,2.2837019575501565e-07,0.05265183029761878,0.8382215125826845,25,20,20
34,3848,0.10912642874931874,2.2837019567974973e-07,0.05265032032677409,0.8382230225537114,25,20,20
34,3849,0.10912642874931792,2.2837019139802063e-07,0.0525581287613402,0.8383152141191504,25,20,20
34,3850,0.10126425149681191,0.0004894160868173518,0.059890171299388326,0.8383561611169824,25,20,20
34,3851,0.10043657955608008,0.0005016206833102907,0.060647583214979255,0.83841421654563,25,20,20
34,3852,0.10043657955608008,0.0005016206833102934,0.06065418652787706,0.8384076132327322,25,20,20
34,3853,0.1004365795560809,0.0005016206833104439,0.0606541551735854,0.838407644587023,25,20,20
34,3854,0.10043657955590046,0.0005016206694927476,0.0602811089501804,0.838780690824426,25,20,20
34,3855,0.10043657955590042,0.0005016206694927476,0.06028099449491189,0.8387808052796946,25,20,20
34,3856,0.10089546636155752,0.0005016013216573809,0.05982212189311868,0.838780810423666,25,20,20
34,3857,0.10089546636155752,0.0005016013216531293,0.059449019999988646,0.8391539123168004,25,20,20
34,3858,0.10089546636155756,0.000501601321648989,0.05944253109548816,0.839160401221305,25,20,20
34,3859,0.10089546636160311,0.0005016013216491383,0.059442723143829534,0.8391602091729179,25,20,20
34,3860,0.10089546636160311,0.0005016013216489891,0.05944420160233612,0.8391587307144113,25,20,20
34,3861,0.10089546636156076,0.0005016013216489891,0.059444130107782434,0.8391588022090073,25,20,20
34,3862,0.10089546636156076,0.0005016013216489878,0.05944413011786021,0.8391588021989296,25,20,20
34,3863,0.10089546636156083,0.0005016013216490644,0.05944425067575011,0.8391586816410396,25,20,20
34,3864,0.10089546636137797,0.0005016013214044806,0.05943772717443485,0.8391652051427821,25,20,20
34,3865,0.10089546636137797,0.0005016013214045545,0.05943769509210903,0.839165237225108,25,20,20
34,3866,0.10089546636137804,0.0005016013214045546,0.05943785887553668,0.8391650734416807,25,20,20
34,3867,0.10076581088371875,0.0004894007832330981,0.059636797340981894,0.839107990992066,25,20,20
34,3868,0.10076581088390006,0.00048940078323724,0.059641418078410474,0.839103370254452,25,20,20
34,3869,0.1007658108839001,0.000489400783241529,0.05963501058812776,0.8391097777447305,25,20,20
34,3870,0.1007658108839001,0.0004894007832415317,0.05963497321417219,0.839109815118686,25,20,20
34,3871,0.1007658108864793,0.0004894007834846912,0.05988702471340719,0.8388577636166287,25,20,20
34,3872,0.10076581088643423,0.0004894007834847659,0.059513140314871246,0.8392316480152096,25,20,20
34,3873,0.10076581088643742,0.0004894007834847659,0.059506620055881365,0.8392381682741963,25,20,20
34,3874,0.10076581088643742,0.0004894007834847665,0.059513029304731416,0.8392317590253462,25,20,20
34,3875,0.10076581088643664,0.0004894007834762415,0.059246697696831364,0.8394980906332556,25,20,20
34,3876,0.10076581088643667,0.0004894007834763169,0.05924672523411566,0.8394980630959712,25,20,20
34,3877,0.10025157722405682,0.0004894007835882487,0.05976095886636473,0.8394980631259901,25,20,20
34,3878,0.10025157722405367,0.0004894007835882478,0.06002716944283826,0.8392318525495199,25,20,20
34,3879,0.10025157722405373,0.0004894007835881738,0.060027130749480725,0.8392318912428774,25,20,20
34,3880,0.1002515772240992,0.0004894007835923902,0.06002721366333727,0.8392318083289712,25,20,20
34,3881,0.1002515772240992,0.0004894007835923902,0.06002729273095641,0.8392317292613519,25,20,20
34,3882,0.10031993364027667,0.0004894000456631371,0.059958943906175434,0.8392317224078846,25,20,20
34,3883,0.08395809738401859,0.0004894120253862156,0.07631757063721517,0.8392349199533798,25,20,20
34,3884,0.08395809738401859,0.0004894120253861417,0.07631748955665393,0.8392350010339412,25,20,20
34,3885,0.08395809738401859,0.0004894120253862156,0.0763175706128731,0.8392349199777219,25,20,20
34,3886,0.08395840360268253,0.0004894120342691588,0.09083468256203973,0.8247175018010084,25,20,20
34,3887,0.08395840360250047,0.0004894120342649417,0.09083011972361187,0.8247220646396225,25,20,20
34,3888,0.08395840360268257,0.0004894120345096005,0.0908367103514882,0.8247154740113194,25,20,20
34,3889,0.08395840564733695,0.000489411748677718,0.0907792535332769,0.8247729290707079,25,20,20
34,3890,0.083958405647519,0.0004894117489221637,0.09078397268548465,0.8247682099180735,25,20,20
34,3891,0.09930626792856355,0.0004894373189953907,0.07543422221898505,0.8247700725334554,25,20,20
34,3892,0.11831352782666799,4.1430325276984964e-08,0.056955927229057665,0.8247305035139483,25,20,20
34,3893,0.07930962258747472,4.1937266401759545e-08,0.09595983195914635,0.8247305035161132,25,20,20
34,3894,0.07930962258747547,4.1937270618951605e-08,0.09569512438608309,0.8249952110891715,25,20,20
34,3895,0.07930962258747547,4.193727061897447e-08,0.09569508129197038,0.8249952541832841,25,20,20
34,3896,0.07930962258747226,4.1937270692922536e-08,0.09569354134406743,0.8249967941311901,25,20,20
34,3897,0.0793096225875176,4.193727067845942e-08,0.09581646457396205,0.8248738709012503,25,20,20
34,3898,0.07930962258769966,4.1937274894298135e-08,0.09582114086907297,0.824869194605953,25,20,20
34,3899,0.07930962258512068,4.1937052912230096e-08,0.13210714038692867,0.7885831950908981,25,20,20
34,3900,0.0793096225851175,4.1937048696367705e-08,0.13210255211765176,0.7885877833601823,25,20,20
34,3901,0.0793096225851215,4.1950989781451424e-08,0.13210943624898502,0.788580899214904,25,20,20
34,3902,0.0793096225851175,4.193704862107648e-08,0.1321025187224379,0.7885878167553964,25,20,20
34,3903,0.07930962258511433,4.193705279611428e-08,0.1324755381122845,0.7882147973655489,25,20,20
34,3904,0.07930931636645035,4.192817406916354e-08,0.11795848041572754,0.8027321612896489,25,20,20
34,3905,0.07931173349775669,4.192938378162213e-08,0.12135485133689392,0.799333373235966,25,20,20
34,3906,0.07931173068458358,3.81579924533987e-08,0.09202224488571745,0.8286659862717065,25,20,20
34,3907,0.07931173068458358,3.815799245339861e-08,0.09202228666811794,0.828665944489306,25,20,20
34,3908,0.07931173127488561,3.895103143927675e-08,0.09212237221957452,0.8285658575545081,25,20,20
34,3909,0.07931173127488562,3.895103144059687e-08,0.09212241221735247,0.8285658175567301,25,20,20
34,3910,0.07931173127488642,3.895103573333123e-08,0.09212461144642407,0.8285636183276536,25,20,20
34,3911,0.0793117312747051,3.895103573182892e-08,0.09212651214932112,0.8285617176249377,25,20,20
34,3912,0.07931173127470431,3.8951039946166664e-08,0.0921330007431774,0.8285552290310779,25,20,20
34,3913,0.07931173127470431,3.8951039946166664e-08,0.09213303413739304,0.8285551956368622,25,20,20
34,3914,0.07931173127470427,3.8951039933421915e-08,0.0922398047624309,0.8284484250118244,25,20,20
34,3915,0.07931173127470427,3.895103985815306e-08,0.09223991943670082,0.8284483103375545,25,20,20
34,3916,0.07931173068440533,3.8158249744556426e-08,0.09214638546706194,0.8285418456902824,25,20,20
34,3917,0.07931173068444376,3.815845185452145e-08,0.0983962530728457,0.8222919780842582,25,20,20
34,3918,0.0793117306844438,3.815845185581034e-08,0.09840087272150258,0.8222873584356012,25,20,20
34,3919,0.07931173068444382,3.815845607296942e-08,0.09840549511715778,0.8222827360399418,25,20,20
34,3920,0.0793117306844438,3.8158456074244797e-08,0.09840526651867673,0.8222829646384229,25,20,20
34,3921,0.07931160414640988,4.194576005520719e-08,0.09846836684866753,0.8222199870591619,25,20,20
34,3922,0.07931160414450272,4.1935514584299027e-08,0.08785954045957983,0.8328288134604023,25,20,20
34,3923,0.07931160414450274,4.193551887463805e-08,0.08785973573110897,0.8328286181888689,25,20,20
34,3924,0.07931160414446432,4.1935312474356375e-08,0.0816097519566426,0.83907860196358,25,20,20
34,3925,0.08053971079405137,4.391633306484782e-09,0.08038664666411977,0.8390736381501952,25,20,20
34,3926,0.08310268421398248,3.003518863937543e-08,0.07782364541681093,0.8390736403340181,25,20,20
34,3927,0.08310268421398248,3.003519288836084e-08,0.07819674613867882,0.8387005396121459,25,20,20
34,3928,0.08310268421398487,3.0035192963617496e-08,0.07819674612958112,0.8387005396212409,25,20,20
34,3929,0.08310268421398487,3.0035192963617496e-08,0.07819671273536546,0.8387005730154568,25,20,20
34,3930,0.08310268421398169,3.003518859873219e-08,0.07819172766897188,0.8387055580818579,25,20,20
34,3931,0.0831026842139817,3.003518860005228e-08,0.07819825360589074,0.838699032144939,25,20,20
34,3932,0.08310268421398505,3.003539081349505e-08,0.08407521435874152,0.8328220713918827,25,20,20
34,3933,0.08310268422436674,3.0035390928605505e-08,0.08370385556072925,0.8331934301795133,25,20,20
34,3934,0.08310268422432138,3.0035386650844355e-08,0.08357432725936959,0.8333229584809225,25,20,20
34,3935,0.083102684224318,3.003518018707249e-08,0.07732437708083927,0.8395729086596626,25,20,20
34,3936,0.083102684224318,3.003542050935619e-08,0.07732591746622507,0.8395713682740364,25,20,20
34,3937,0.083102684224318,3.00354162937211e-08,0.07731942687023197,0.8395778588700338,25,20,20
34,3938,0.08310268422431799,3.0035416366392086e-08,0.07731444131373738,0.8395828444265284,25,20,20
34,3939,0.08310268422431795,3.0035416291132e-08,0.07730985508298459,0.8395874306572813,25,20,20
34,3940,0.083102684224318,3.003541621846145e-08,0.07730834856308222,0.8395889371771835,25,20,20
34,3941,0.08287908073941598,3.0388019480087716e-08,0.07753204801288474,0.8395888408596798,25,20,20
34,3942,0.08287908073941595,3.0388019554058846e-08,0.07753204740315606,0.8395888414694085,25,20,20
34,3943,0.08287908073941595,3.0388019554081206e-08,0.07753208076268496,0.8395888081098797,25,20,20
34,3944,0.08287908073941595,3.0388023741876247e-08,0.0777918092601784,0.8393290796123819,25,20,20
34,3945,0.08287908073941676,3.0388268261537e-08,0.07779650176500992,0.8393243871073053,25,20,20
34,3946,0.07765555382245513,3.74412886713023e-08,0.08301950956603388,0.8393248991702228,25,20,20
34,3947,0.08255524203420235,3.0392026023574495e-08,0.07812171873547225,0.8393230088382994,25,20,20
34,3948,0.0702132363641817,2.2765276691531747e-07,0.09046352686500059,0.8393230091180515,25,20,20
34,3949,0.0702132363641793,2.2765252233335185e-07,0.09045709011282639,0.8393294458704724,25,20,20
34,3950,0.07021323636417849,2.2765228206457056e-07,0.0908253585127918,0.8389611774707482,25,20,20
34,3951,0.07022339054393063,2.253077527016247e-07,0.09081522473457435,0.8389611594137424,25,20,20
34,3952,0.07022339054374858,2.2530751233433364e-07,0.09081014313275185,0.8389662410159872,25,20,20
34,3953,0.07022339054374857,2.2530750804318059e-07,0.09080544096824748,0.8389709431804958,25,20,20
34,3954,0.0702233905437485,2.253075038269645e-07,0.09080393335926482,0.8389724507894829,25,20,20
34,3955,0.030752157645697546,2.2495779173255454e-07,0.13027516649904552,0.8389724508974659,25,20,20
34,3956,0.030752157635315882,2.2495778736583963e-07,0.13027358518524157,0.8389740322216559,25,20,20
34,3957,0.030752157635315882,2.249577873645419e-07,0.13027358321212934,0.8389740341947681,25,20,20
34,3958,0.03075215763750484,2.249577909850519e-07,0.1365396947952496,0.8327079226094556,25,20,20
34,3959,0.030752157637505637,2.2495779535046853e-07,0.13653981689320108,0.832707800511499,25,20,20
34,3960,0.03075215778388198,2.2495779959838543e-07,0.1369638807265573,0.8322837365317622,25,20,20
34,3961,0.03075215778388118,2.249577953069273e-07,0.13696228417628353,0.8322853330820409,25,20,20
34,3962,0.03075215778388432,2.2495779530562984e-07,0.13696690660742294,0.8322807106508983,25,20,20
34,3963,0.030752157784065634,2.2495803559769113e-07,0.13697186812504764,0.832275749132852,25,20,20
34,3964,0.030752157637692488,2.2495803135109222e-07,0.13654931246652824,0.8326983049377488,25,20,20
34,3965,0.03075215764026365,2.2574535055250936e-07,0.13692505737544658,0.83232255923894,25,20,20
34,3966,0.030752157637873,2.2495803142699648e-07,0.13690744323760942,0.832340174166487,25,20,20
34,3967,0.03075215763787625,2.2495802725328036e-07,0.1365344509009298,0.8327131665031675,25,20,20
34,3968,0.030768925592895343,2.2437708160963825e-07,0.1365176835243863,0.8327131665056371,25,20,20
34,3969,0.030768925592895287,2.2437707728476452e-07,0.13614469406304527,0.8330861559669824,25,20,20
34,3970,0.03138341754811584,2.6006915394191945e-07,0.13553016506421678,0.8330861573185138,25,20,20
34,3971,0.031354213976903036,2.592060988237644e-07,0.13555936950097308,0.8330861573160255,25,20,20
34,3972,0.031354213976903036,2.59206098897736e-07,0.1355593700102307,0.8330861568067679,25,20,20
34,3973,0.03135421397690305,2.592060989756459e-07,0.13555948658442132,0.8330860402325772,25,20,20
34,3974,0.031354213987280284,2.592060989756137e-07,0.13556459206073404,0.8330809347458872,25,20,20
34,3975,0.03135421398728027,2.592060988977038e-07,0.1355644760722294,0.833081050734392,25,20,20
34,3976,0.03135421398727707,2.592060988964062e-07,0.13555976576569978,0.8330857610409248,25,20,20
34,3977,0.059349763429341264,2.5921055762744374e-07,0.1075642163191761,0.8330857610409249,25,20,20
34,3978,0.059349763429161546,2.592105618442283e-07,0.10720836582197865,0.8334416115382979,25,20,20
34,3979,0.05934976342920706,2.592108064264498e-07,0.10721502893304218,0.8334349484269441,25,20,20
34,3980,0.05934976342920706,2.592108021634215e-07,0.10694877741493243,0.8337011999450581,25,20,20
34,3981,0.05934976342920627,2.5921079794594377e-07,0.10695310052285731,0.8336968768371382,25,20,20
34,3982,0.05934976342925181,2.5921104254088784e-07,0.10695782019805282,0.8336921571616526,25,20,20
34,3983,0.05934976343136577,2.592110140780338e-07,0.111610516867061,0.8290394604905589,25,20,20
34,3984,0.059349763431320236,2.592107694078209e-07,0.11160568133993742,0.8290442960179728,25,20,20
34,3985,0.05934976343150515,2.5921101348516086e-07,0.1116885357296857,0.8289614416277955,25,20,20
34,3986,0.05934976343150514,2.5921101348381757e-07,0.11168845398591498,0.8289615233715663,25,20,20
34,3987,0.05934976343168559,2.5921102198704786e-07,0.11206156447082698,0.8285884128864651,25,20,20
34,3988,0.05934976343168559,2.5921102627734216e-07,0.11206164727998068,0.8285883300773073,25,20,20
34,3989,0.0986529935240859,2.2351301115795858e-07,0.07275707415654155,0.8285897088063614,25,20,20
34,3990,0.09865299352426797,2.2351301123321915e-07,0.07276164778057524,0.8285851351821455,25,20,20
34,3991,0.09865299352426801,2.235130112345168e-07,0.07276170231210725,0.8285850806506134,25,20,20
34,3992,0.0986529935268417,2.2352682046333758e-07,0.07313257821026566,0.8282142047360721,25,20,20
34,3993,0.09865299352666129,2.2352681203669627e-07,0.07275955081434483,0.8285872321321819,25,20,20
34,3994,0.0986529935370422,2.2352657171524028e-07,0.07276261305003223,0.8285841698863543,25,20,20
34,3995,0.09865299353704227,2.2352657171526302e-07,0.07276264109731868,0.8285841418390676,25,20,20
34,3996,0.09865299353704227,2.2352657171656054e-07,0.07276924586070634,0.82857753707568,25,20,20
34,3997,0.09865299353462874,2.2351275826275422e-07,0.07705566150263114,0.824291121449982,25,20,20
34,3998,0.11062492715173125,2.235082949552398e-07,0.06508372783029642,0.8242911215096776,25,20,20
34,3999,0.11062492715173121,2.2350829495452532e-07,0.06545674822597138,0.8239181011140028,25,20,20
34,4000,0.10806313031168155,1.9735779990736946e-07,0.0680185733608091,0.8239180989697091,25,20,20
34,4001,0.10806313030130141,1.9735779561752324e-07,0.06801381546634501,0.8239228568745578,25,20,20
34,4002,0.10806313030130141,1.9735779569278265e-07,0.0680184902387394,0.8239181821021633,25,20,20
34,4003,0.10806313030130144,1.9735803601125975e-07,0.06802065404900551,0.823916018291657,25,20,20
34,4004,0.10806313030130144,1.973580359385954e-07,0.06801595468836558,0.823920717652297,25,20,20
34,4005,0.10708359488082066,2.485886669936288e-07,0.06898847662822942,0.8239276799022828,25,20,20
34,4006,0.07136614650608258,2.7455140446518096e-07,0.10470589696383073,0.8239276819786825,25,20,20
34,4007,0.07136614650608497,2.745514087256455e-07,0.1049721885216092,0.8236613904208974,25,20,20
34,4008,0.0713661465059029,2.745511642054517e-07,0.10523368667107368,0.8233998922718595,25,20,20
34,4009,0.07136614650585743,2.745509238117139e-07,0.10523144461381227,0.8234021343294069,25,20,20
34,4010,0.07129575391291136,2.7463830260946637e-07,0.10530321736025204,0.8234007540885346,25,20,20
34,4011,0.0712957539232918,2.7463855148263923e-07,0.10530331939275613,0.8234006520454012,25,20,20
34,4012,0.0712957539209965,2.7463833536197437e-07,0.10065052469336574,0.8280534467473031,25,20,20
34,4013,0.0712957539209965,2.746383352854313e-07,0.10065048215170616,0.8280534892889628,25,20,20
34,4014,0.07129575392083871,2.746383395839114e-07,0.0959975154395372,0.8327064560012849,25,20,20
34,4015,0.07129575391045828,2.74638339508632e-07,0.09599078789947363,0.832713183551729,25,20,20
34,4016,0.07129575391045512,2.746383353221617e-07,0.09572457132512911,0.8329794001260808,25,20,20
34,4017,0.0712957539104551,2.7463833524557155e-07,0.09573106138203417,0.8329729100691757,25,20,20
34,4018,0.07129575391050048,2.7463833524820387e-07,0.09586801383095278,0.8328359576202119,25,20,20
34,4019,0.0712957539105005,2.74638343754798e-07,0.09586988467684752,0.8328340867743087,25,20,20
34,4020,0.07129575391036111,2.74638344185743e-07,0.09578713053970107,0.8329168409115942,25,20,20
34,4021,0.07129575391036118,2.746383441870639e-07,0.095787132556292,0.8329168388950032,25,20,20
34,4022,0.07129575391036123,2.746383441870647e-07,0.0957806080238794,0.8329233634274158,25,20,20
34,4023,0.07129575391036125,2.746383398967708e-07,0.09578269093096284,0.8329212805203366,25,20,20
34,4024,0.07129575391039415,2.752128055497709e-07,0.10687080040422364,0.8218331704725774,25,20,20
34,4025,0.07129575391039493,2.7521280976484546e-07,0.1065043029863557,0.8221996678904404,25,20,20
34,4026,0.07129575391034941,2.752125694729492e-07,0.10649771894594416,0.8222062519311377,25,20,20
34,4027,0.07129575391039573,2.7521257376519205e-07,0.10650428228380462,0.8221996885932267,25,20,20
34,4028,0.07129575391039572,2.752125736925182e-07,0.10650424814196267,0.8221997227350686,25,20,20
34,4029,0.07129575391039251,2.75212569327633e-07,0.10649772316841619,0.8222062477086226,25,20,20
34,4030,0.07129575391298762,2.7521280962082217e-07,0.10650430802241238,0.822199662851791,25,20,20
34,4031,0.07129575391079869,2.752128060016321e-07,0.10024480483874061,0.8284591660376551,25,20,20
34,4032,0.07129575391093448,2.752128017120072e-07,0.10024295732187585,0.8284610135543885,25,20,20
34,4033,0.07129575391093457,2.752128060029793e-07,0.10024944937199613,0.8284545215042636,25,20,20
34,4034,0.07129575391093462,2.752128102927896e-07,0.10025407195931388,0.8284498989169414,25,20,20
34,4035,0.07129575391093383,2.7521280600247297e-07,0.1002539891387617,0.8284499817374982,25,20,20
34,4036,0.07129575391093373,2.7521280600135637e-07,0.1002520867559932,0.8284518841202667,25,20,20
34,4037,0.07129575391093368,2.752128017115456e-07,0.100247497053455,0.8284564738228093,25,20,20
34,4038,0.07129575391093362,2.752127974199003e-07,0.10024745847982429,0.8284565123964442,25,20,20
34,4039,0.07129575391093361,2.752127974186258e-07,0.10024517976285542,0.828458791113413,25,20,20
34,4040,0.07129575391093368,2.752128017089654e-07,0.10023876999542138,0.8284652008808427,25,20,20
34,4041,0.07129575391093368,2.7521280170632525e-07,0.10023881931893179,0.8284651515573322,25,20,20
34,4042,0.07129575391093368,2.752128017050283e-07,0.10023874542931088,0.8284652254469533,25,20,20
34,4043,0.07129575392124045,2.7521280178112985e-07,0.10052929612041048,0.8281746747455468,25,20,20
34,4044,0.07483405981094698,2.2444041782672189e-07,0.09699800114764454,0.8281677146009898,25,20,20
34,4045,0.074834059810947,2.2444041782672189e-07,0.09699808024988091,0.8281676354987535,25,20,20
34,4046,0.07483405981094374,2.2444041774881119e-07,0.09699808513802927,0.8281676306106085,25,20,20
34,4047,0.07483405981094374,2.244404220404252e-07,0.09699824184916837,0.8281674738994651,25,20,20
34,4048,0.0748340598107616,2.2444041345857046e-07,0.09699163617910962,0.8281740795697147,25,20,20
34,4049,0.07483405981076155,2.2444041338378913e-07,0.09672541697342037,0.8284402987754044,25,20,20
34,4050,0.07157335621252757,1.9895670059350227e-07,0.09997886032395749,0.8284475845068138,25,20,20
34,4051,0.07157335621249461,1.9838223486518779e-07,0.0888906078592755,0.8395358375459946,25,20,20
34,4052,0.0715733562125442,1.9838248376823076e-07,0.08889222817511687,0.8395342172298548,25,20,20
34,4053,0.07157335621258958,1.9838248804726143e-07,0.08902172511760079,0.8394047202873213,25,20,20
34,4054,0.0715733562125442,1.983824880446515e-07,0.08888477350484231,0.8395416719001253,25,20,20
34,4055,0.06803478662233013,1.979242410298463e-07,0.0924233456569517,0.8395416697964768,25,20,20
34,4056,0.06803478662233019,1.9792424102986947e-07,0.09242334566931598,0.8395416697841124,25,20,20
34,4057,0.068034786622288,1.9792423682737975e-07,0.09229543326601167,0.8396695821874632,25,20,20
34,4058,0.06803478662228793,1.9792423682348654e-07,0.09229543005385646,0.8396695853996183,25,20,20
34,4059,0.06803478662229112,1.9792448141843887e-07,0.09230026296707582,0.8396647524861512,25,20,20
34,4060,0.0680347866119115,1.9792423683688065e-07,0.09229375344095034,0.839671262022901,25,20,20
34,4061,0.0680347866119566,1.9792423691142275e-07,0.09266775277888385,0.8392972626849224,25,20,20
34,4062,0.0680347866119566,1.9792424120173942e-07,0.09266783555335076,0.8392971799104513,25,20,20
34,4063,0.06803478661195586,1.9792424120177076e-07,0.09266775932624957,0.8392972561375532,25,20,20
34,4064,0.0680347866119559,1.979242412030685e-07,0.09266784040635337,0.8392971750574493,25,20,20
34,4065,0.06803478661195593,1.9792424116354212e-07,0.09303624016468046,0.8389287752991217,25,20,20
34,4066,0.06803478661191081,1.979242410889541e-07,0.09266223997828787,0.8393027754855601,25,20,20
34,4067,0.06803478661195633,1.979244856834275e-07,0.09266687892746822,0.8392981365360896,25,20,20
34,4068,0.06899723686909998,1.979332268291406e-07,0.09170429325882776,0.8392982719388451,25,20,20
34,4069,0.06894031674886786,2.241928538084911e-07,0.09176132032994662,0.8392981387283314,25,20,20
34,4070,0.06894031674886786,2.2419284959080824e-07,0.09176590113947312,0.8392935579188091,25,20,20
34,4071,0.06894031674886467,2.2419284958951257e-07,0.09176439191498836,0.839295067143297,25,20,20
34,4072,0.06843629333836089,2.2917985028854593e-07,0.09226836240492574,0.8392951150768628,25,20,20
34,4073,0.06843629333817872,2.2917985028722522e-07,0.0922651855620086,0.8392982919199621,25,20,20
34,4074,0.06843629333836083,2.291798503624856e-07,0.0922683624299258,0.8392951150518627,25,20,20
34,4075,0.0689631455421044,2.2410387928732262e-07,0.09174156324315387,0.8392950671108621,25,20,20
34,4076,0.06896314554205482,2.241036304569535e-07,0.09173994423771353,0.8392966861166009,25,20,20
34,4077,0.06896314554201009,2.2410338164742896e-07,0.09173673170538339,0.8392998986492246,25,20,20
34,4078,0.06896314554201009,2.2410338164745214e-07,0.09173665580392738,0.8392999745506807,25,20,20
34,4079,0.06896314554201009,2.2410338164874985e-07,0.09173673687927604,0.8392998934753321,25,20,20
34,4080,0.06896314554201004,2.2410338157349002e-07,0.0917320357180947,0.8393045946365134,25,20,20
34,4081,0.06896314553170646,2.2410362615620968e-07,0.09144802630684903,0.8395886040578181,25,20,20
34,4082,0.06896314553170645,2.2410362190720067e-07,0.09107503687091496,0.8399615934937564,25,20,20
34,4083,0.06896314553170567,2.2410383803116653e-07,0.09572729180084011,0.8353093385636164,25,20,20
34,4084,0.06896314553170567,2.2410383818070125e-07,0.09599358418575464,0.8350430461787017,25,20,20
34,4085,0.06896314553170561,2.2410383818199803e-07,0.09599820352820025,0.8350384268362564,25,20,20
34,4086,0.06896314552911051,2.2410359788021372e-07,0.09608379186450541,0.8349528385027863,25,20,20
34,4087,0.06896314567702945,2.2410384245917213e-07,0.09609093127743756,0.8349456989416908,25,20,20
34,4088,0.06896314567703264,2.2410384253573877e-07,0.09609104211098783,0.8349455881081372,25,20,20
34,4089,0.06896314567703264,2.241038424617676e-07,0.09609092824641577,0.8349457019727093,25,20,20
34,4090,0.06896314567703266,2.2410384238879034e-07,0.09582929716025726,0.835207333058868,25,20,20
34,4091,0.06896314567703268,2.241036305157389e-07,0.09154353908439304,0.8394930911349435,25,20,20
34,4092,0.06896314567703266,2.2410363058971e-07,0.09154357247976662,0.8394930577395698,25,20,20
34,4093,0.06896314567703266,2.2410363059232785e-07,0.09154368635339041,0.839492943865946,25,20,20
34,4094,0.06896314567702945,2.24103630517058e-07,0.09154827664035389,0.8394883535789859,25,20,20
34,4095,0.06896317919584481,2.2410411660525401e-07,0.09179911036682227,0.839237486333216,25,20,20
34,4096,0.068963179195848,2.241041209706031e-07,0.09179677538450948,0.8392398213155213,25,20,20
34,4097,0.0689631791958488,2.241041210458958e-07,0.09179214256354377,0.8392444541364863,25,20,20
34,4098,0.06896317919584882,2.2410412104591855e-07,0.09179221592166503,0.8392443807783649,25,20,20
34,4099,0.06896317920618485,2.2410388082774783e-07,0.09178788498832409,0.83924871170161,25,20,20
34,4100,0.0689631792061849,2.2410388511676716e-07,0.09178796777369232,0.8392486289162373,25,20,20
34,4101,0.06896317905826602,2.241036362488125e-07,0.09178225257428295,0.8392543442638144,25,20,20
34,4102,0.06896317905826597,2.2410387601856692e-07,0.09187435184406809,0.8391622449937896,25,20,20
34,4103,0.07137425590397282,2.681953843408207e-08,0.08946347193895163,0.839162245337537,25,20,20
34,4104,0.07137425590397288,2.681953850989272e-08,0.0894586096310641,0.8391671076454243,25,20,20
34,4105,0.0713742558935942,2.681975111871341e-08,0.09397748338120779,0.8346482339054466,25,20,20
34,4106,0.07137425589341528,2.681975111872158e-08,0.09397280141909235,0.834652915867741,25,20,20
34,4107,0.07137425589341208,2.681950645992275e-08,0.09396609694210428,0.834659620344977,25,20,20
34,4108,0.07137425589341281,2.681950642515606e-08,0.09359535986000159,0.8350303574270791,25,20,20
34,4109,0.0713742558934128,2.6819506425133753e-08,0.09359532701635166,0.835030390270729,25,20,20
34,4110,0.07150115107158593,2.6817916719876218e-08,0.09346843183256844,0.8350303902779289,25,20,20
34,4111,0.07150115107158274,2.6817916644360395e-08,0.09347076913017516,0.8350280529803256,25,20,20
34,4112,0.07150115107158274,2.6817916643086226e-08,0.09347088358822281,0.8350279385222779,25,20,20
34,4113,0.07150115107440888,2.6818161398119065e-08,0.09347468787015796,0.8350241342372717,25,20,20
34,4114,0.07150115107440802,2.681815703138128e-08,0.09347305809025086,0.8350257640171841,25,20,20
34,4115,0.07138030794442178,2.6818156530267215e-08,0.09359390122770549,0.8350257640097162,25,20,20
34,4116,0.07138027442560563,2.6817670368102926e-08,0.09334152491363572,0.8352781738430882,25,20,20
34,4117,0.07138027442560488,2.6817670366781988e-08,0.09334153899188809,0.8352781597648365,25,20,20
34,4118,0.0713802744256028,2.6817457682264943e-08,0.0888268976258807,0.8397928011310587,25,20,20
34,4119,0.07138027442560274,2.681745767966916e-08,0.08882527674391506,0.8397944220130245,25,20,20
34,4120,0.11012257050212602,2.6515829973401967e-08,0.05009026840628246,0.8397871345757614,25,20,20
34,4121,0.11010913446082553,2.669859829667699e-08,0.05010367921455819,0.8397871596260178,25,20,20
34,4122,0.11010913446082472,2.669859829815569e-08,0.0501017751816374,0.8397890636589393,25,20,20
34,4123,0.11010913446082553,2.6698602549770416e-08,0.05047479813135868,0.839416040709213,25,20,20
34,4124,0.11010913446100766,2.6698602625038726e-08,0.05047485951111594,0.8394159793292737,25,20,20
34,4125,0.11010913446100773,2.6698606917484208e-08,0.050479612591644595,0.8394112262487405,25,20,20
34,4126,0.11010913446100778,2.669860706442426e-08,0.05074586469764422,0.8391449741427408,25,20,20
34,4127,0.11010913445818163,2.6698362310643224e-08,0.05074194593331934,0.8391488929101366,25,20,20
34,4128,0.1101091344581817,2.6698362238015727e-08,0.05074189334082223,0.8391489455026339,25,20,20
34,4129,0.11261271776492217,4.945427205468089e-08,0.04823168697072565,0.8391555458100801,25,20,20
34,4130,0.11261271776510424,4.945426791360445e-08,0.048231655553448924,0.8391555772271788,25,20,20
34,4131,0.11261271776514947,4.945451516968112e-08,0.04849789394455282,0.8388893388357826,25,20,20
34,4132,0.10892984510779417,4.9277143698484724e-08,0.05218076720916498,0.8388893384058972,25,20,20
34,4133,0.10892984510779416,4.9277143697164206e-08,0.05218061277569519,0.838889492839367,25,20,20
34,4134,0.10892984510779423,4.927714791222078e-08,0.05217610817647882,0.8388939974385791,25,20,20
34,4135,0.10892984510779423,4.9277147913540726e-08,0.052180809998101124,0.8388892956169569,25,20,20
34,4136,0.10892984510779502,4.9277147988829064e-08,0.05218243169823472,0.8388876739168224,25,20,20
34,4137,0.10892984510779502,4.92771436963781e-08,0.05217784564511889,0.8388922599699425,25,20,20
34,4138,0.10892984510779505,4.927713944608389e-08,0.051804783591299336,0.8392653220237664,25,20,20
34,4139,0.10892984510779496,4.927713515444674e-08,0.0518045863465031,0.8392655192685671,25,20,20
34,4140,0.10552072753927563,1.7520457707210333e-06,0.028082765461442026,0.8663947549535119,25,20,20
34,4141,0.10552072753927556,1.7520457707183923e-06,0.02808273500026562,0.8663947854146885,25,20,20
34,4142,0.10552072753927556,1.7520457707183933e-06,0.028078036236538765,0.8663994841784153,25,20,20
34,4143,0.1055207275392756,1.7520457707949827e-06,0.028078035676891537,0.8663994847380623,25,20,20
34,4144,0.10552072753927556,1.752045770719691e-06,0.028077953183668573,0.8663995672312855,25,20,20
34,4145,0.10552072753927236,1.7520457706431023e-06,0.028077837406297497,0.8663996830086598,25,20,20
34,4146,0.10915200315690879,1.7520458272470683e-06,0.02444656136668368,0.8663996834305805,25,20,20
34,4147,0.1091520031569087,1.7520458271727793e-06,0.02418031122871313,0.8666659335685512,25,20,20
34,4148,0.10915200315690632,1.7520455868707392e-06,0.024175673012058457,0.8666705717854487,25,20,20
34,4149,0.10927656248753459,1.751864384518164e-06,0.02405113891262922,0.8666705467354519,25,20,20
34,4150,0.10927656248753471,1.7518643845195072e-06,0.024055875693952723,0.8666658099541281,25,20,20
34,4151,0.10928097295631253,1.751864440599767e-06,0.02405146521751873,0.8666658099617283,25,20,20
34,4152,0.10928097295649346,1.7518644405797984e-06,0.024225519507250205,0.8664917556718159,25,20,20
34,4153,0.10928097295631133,1.7518644404318567e-06,0.02422545614710069,0.8664918190321476,25,20,20
34,4154,0.10928097295631456,1.7518644405082925e-06,0.024317758258594956,0.86639951692065,25,20,20
34,4155,0.10928094996546077,7.176553283704573e-11,0.011548457185574724,0.879170592777199,25,20,20
34,4156,0.11925667052450997,9.989629471077196e-09,0.0015727033070166401,0.879170616178844,25,20,20
34,4157,0.11925667052451028,9.98938650531713e-09,0.001306548406380536,0.8794367710797227,25,20,20
34,4158,0.11925667052446474,9.989382212428637e-09,0.0013063518907486962,0.8794369675954045,25,20,20
34,4159,0.11925667052450237,9.989382200461534e-09,0.007554599481172391,0.8731887200049432,25,20,20
34,4160,0.119256670524464,9.989386428089171e-09,0.0013113347108140013,0.8794319847753357,25,20,20
34,4161,0.11925667052428307,9.989382164985164e-09,0.0010451499976021415,0.8796981694887327,25,20,20
34,4162,0.11925667052428307,9.989377875129704e-09,0.0010404478337981819,0.8797028716525409,25,20,20
34,4163,0.11925667052428297,9.989377873786584e-09,0.0010357110524746762,0.8797076084338644,25,20,20
34,4164,0.11925667052428304,1.0003191034508997e-08,0.00140981128674668,0.8793335081857792,25,20,20
34,4165,0.11925667052428304,1.000319103707236e-08,0.001539332007509042,0.8792039874650169,25,20,20
34,4166,0.11925667052428304,1.0003191038392463e-08,0.0015394130584459997,0.8792039064140799,25,20,20
34,4167,0.11925667052428299,1.0003191038542864e-08,0.0014488214155445706,0.8792944980569816,25,20,20
34,4168,0.11925667052428306,1.00031911125331e-08,0.0014510208069861584,0.8792922986655398,25,20,20
34,4169,0.11925667052428626,1.0003195476129551e-08,0.0013281053331977005,0.8794152141393208,25,20,20
34,4170,0.11910858801375107,2.5146742902869045e-08,0.001476147369689618,0.8794152394698165,25,20,20
34,4171,0.11910858801375107,2.5146742904165965e-08,0.0014762253974386096,0.8794151614420676,25,20,20
34,4172,0.11910858801375034,2.5146738612762e-08,0.001473941062207904,0.8794174457773033,25,20,20
34,4173,0.11910858801374719,2.5146738612762563e-08,0.001473851974872584,0.8794175348646418,25,20,20
34,4174,0.11910858801374401,2.514673424917466e-08,0.0014673603888447125,0.8794240264506772,25,20,20
34,4175,0.11910858801374401,2.5146734249197435e-08,0.0014674399658304107,0.8794239468736916,25,20,20
34,4176,0.11940152605950222,1.515959475910826e-08,0.0011745359473791976,0.879423922833524,25,20,20
34,4177,0.11940152605950541,1.515959483567521e-08,0.0011746783876824196,0.8794237803932177,25,20,20
34,4178,0.11940152605950541,1.5159594834355095e-08,0.001174644525414467,0.8794238142554857,25,20,20
34,4179,0.11940152605950548,1.5173507286570042e-08,0.001263907356561992,0.8793345514104254,25,20,20
34,4180,0.11940152605950548,1.517350728659241e-08,0.0012639427529684657,0.879334516014019,25,20,20
34,4181,0.11261039032696277,2.5097075906354127e-10,0.008055118746291681,0.879334490675775,25,20,20
34,4182,0.11261039032696271,2.50970685092414e-10,0.008055117318536054,0.8793344921035308,25,20,20
34,4183,0.1126103903269635,2.509707616817173e-10,0.00805527259767022,0.8793343368243957,25,20,20
34,4184,0.1126103903269635,2.509706864127963e-10,0.00805518954399671,0.8793344198780693,25,20,20
34,4185,0.11261039032696356,2.5097068900857444e-10,0.008056696556595423,0.8793329128654702,25,20,20
34,4186,0.11261039032696356,2.5097069026037323e-10,0.008056776197798316,0.8793328332242671,25,20,20
34,4187,0.11261039032696353,2.509750280875904e-10,0.008323026986344653,0.8790665824357166,25,20,20
34,4188,0.1126103903269635,2.5097931841047497e-10,0.00832305340267021,0.8790665560193867,25,20,20
34,4189,0.1126103903269635,2.5097505585131815e-10,0.008056835996973549,0.8793327734250876,25,20,20
34,4190,0.1126103903269635,2.5097505455358493e-10,0.008056871368337565,0.8793327380537237,25,20,20
34,4191,0.11230136310832176,3.262568845401288e-10,0.008365879147082112,0.8793327574183393,25,20,20
34,4192,0.11230136310850386,3.262526688825112e-10,0.00835938430661005,0.8793392522586333,25,20,20
34,4193,0.11230136310850378,3.123402893287407e-10,0.008276645154362048,0.879421991424794,25,20,20
34,4194,0.1123013631085038,3.1234879461556897e-10,0.008283109136669891,0.8794155274424778,25,20,20
34,4195,0.1123013631085046,3.123488712045386e-10,0.00828311058957173,0.879415525989575,25,20,20
34,4196,0.11230136310850776,3.123488426666452e-10,0.008549308472081608,0.8791493281070619,25,20,20
34,4197,0.11923609038451045,9.287813924618918e-11,0.0016145813928773935,0.879149328129734,25,20,20
34,4198,0.11923609038451045,9.287813662835699e-11,0.0016145833802802486,0.8791493261423312,25,20,20
34,4199,0.11923609038451048,9.287821188843007e-11,0.0016192044331516673,0.8791447050894599,25,20,20
34,4200,0.11923609038451048,9.287821188849186e-11,0.0016191716249762686,0.879144737897635,25,20,20
34,4201,0.11923609038451367,1.0681744064868095e-10,0.0016248883990575293,0.8791390211096113,25,20,20
34,4202,0.11923609038451048,9.287821318965814e-11,0.0016172686935045418,0.8791466408291068,25,20,20
34,4203,0.11923609038451448,9.263844432315153e-11,0.0015294161569421403,0.8792344933659052,25,20,20
34,4204,0.11923609038451373,9.288136337132383e-11,0.001795612798956395,0.8789682967236488,25,20,20
34,4205,0.1192360903846958,9.264266050279501e-11,0.001531003839159021,0.8792329056835029,25,20,20
34,4206,0.11927934305691838,9.261479353794771e-11,0.0014877511668312906,0.8792329056836359,25,20,20
34,4207,0.11927934305691833,9.285706102088858e-11,0.0018592335768816185,0.8788614232733433,25,20,20
34,4208,0.11927934305691833,9.285706102088853e-11,0.001859350023594268,0.8788613068266307,25,20,20
34,4209,0.11333093172690045,4.420671650728585e-09,0.007807757048249142,0.878861306804179,25,20,20
34,4210,0.1133309317267183,4.420671501511141e-09,0.0078076729646184735,0.8788613908879919,25,20,20
34,4211,0.11333093172671832,4.4206715028999545e-09,0.007807512547037464,0.878861551305573,25,20,20
34,4212,0.11333093172671438,4.420667285680642e-09,0.007807771200575064,0.8788612926520436,25,20,20
34,4213,0.11333093172671357,4.420423306988327e-09,0.0077163103304546095,0.8789527535224089,25,20,20
34,4214,0.11333093172671678,4.420427673194076e-09,0.007722800407386423,0.8789462634454693,25,20,20
34,4215,0.11333093172653784,4.420427746650455e-09,0.00772769628426235,0.8789413675687723,25,20,20
34,4216,0.11328306296408351,4.512597861133222e-09,0.007775564932080955,0.878941367591238,25,20,20
34,4217,0.11328306296408351,4.512597935054342e-09,0.007777841834472028,0.8789390906888468,25,20,20
34,4218,0.11328306296665476,4.526411024074143e-09,0.008147321507075391,0.8785696109998591,25,20,20
34,4219,0.11328306296665555,4.526168682668349e-09,0.007776497408313038,0.878940435098863,25,20,20
34,4220,0.11328306296665548,4.526164391542972e-09,0.007771745749827902,0.8789451867573522,25,20,20
34,4221,0.11328306296665547,4.526164317548364e-09,0.008033391270867097,0.8786835412363132,25,20,20
34,4222,0.11328306296665466,4.526164314906691e-09,0.008031111568223925,0.8786858209389571,25,20,20
34,4223,0.11328306296647254,4.526164239615429e-09,0.008031114384949179,0.878685818122414,25,20,20
34,4224,0.11328306296390446,4.51235115060402e-09,0.007657048472433526,0.8790598840513109,25,20,20
34,4225,0.11328306296390445,4.512351076636555e-09,0.007654882639680763,0.8790620498840638,25,20,20
34,4226,0.07652656264685785,1.2917507315982443e-06,0.04441009381814854,0.8790620517842614,25,20,20
34,4227,0.07652656264685778,1.2917507315969492e-06,0.04440858614471642,0.8790635594576937,25,20,20
34,4228,0.07652656264942906,1.2917507315949572e-06,0.04477788529134055,0.8786942603084984,25,20,20
34,4229,0.07652656264942825,1.2917507315183907e-06,0.04477776796731442,0.8786943776325253,25,20,20
34,4230,0.07652656266236622,1.2917509745499625e-06,0.04502345751759057,0.8784486880690683,25,20,20
34,4231,0.07652656266236622,1.2917509744746937e-06,0.04502345550455819,0.8784486900821007,25,20,20
34,4232,0.0765265626623663,1.2917509745497867e-06,0.04511574840615638,0.8783563971805023,25,20,20
34,4233,0.07652656265979502,1.291750978801392e-06,0.04511485101006188,0.8783572945791639,25,20,20
34,4234,0.07652656265979502,1.2917509788748708e-06,0.04511483604891515,0.8783573095403107,25,20,20
34,4235,0.0765265626597918,1.2917509745086917e-06,0.04510819732607966,0.8783639482631537,25,20,20
34,4236,0.07652656265979173,1.2917509744323012e-06,0.04501590242685033,0.8784562431623831,25,20,20
34,4237,0.07652656265979173,1.2917509745075477e-06,0.045015984904935503,0.8784561606842979,25,20,20
34,4238,0.07351201392963017,2.37574941346743e-06,0.04738482767905639,0.8791007826418995,25,20,20
34,4239,0.07351201392963018,2.3757494134700257e-06,0.047384909424593724,0.8791007008963622,25,20,20
34,4240,0.07351201392963018,2.37574965753012e-06,0.04747709146949257,0.8790085188512192,25,20,20
34,4241,0.07351201392963023,2.375749661793157e-06,0.04774342403479837,0.878742186285909,25,20,20
34,4242,0.07351201392963028,2.3757496617957985e-06,0.04774361655036678,0.8787419937703409,25,20,20
34,4243,0.07351201392963028,2.37574966608613e-06,0.047743601826570004,0.8787420084941334,25,20,20
34,4244,0.073512013929631,2.375735852999399e-06,0.04737104418869554,0.8791145661458201,25,20,20
34,4245,0.07351201392963097,2.375735857215536e-06,0.04711131749083555,0.879374292843676,25,20,20
34,4246,0.07351201392963101,2.3757494635231482e-06,0.04728647042060743,0.8791991399002977,25,20,20
34,4247,0.07351201391669383,2.3757492161887153e-06,0.047164069312484395,0.8793215410216052,25,20,20
34,4248,0.07351201391669378,2.375749216187418e-06,0.04716247688186459,0.8793231334522253,25,20,20
34,4249,0.07351201391669457,2.3757492204030943e-06,0.04716903891637921,0.8793165714177057,25,20,20
34,4250,0.07363728212584338,5.185677728870455e-08,0.0469688060335572,0.879393859983822,25,20,20
34,4251,0.07363728212584336,5.1856781505640816e-08,0.046973132084489846,0.8793895339328851,25,20,20
34,4252,0.07363728212584256,5.1856777212728676e-08,0.04697954181621737,0.8793831242011626,25,20,20
34,4253,0.07363728212584336,5.185677721532456e-08,0.04697297677587841,0.8793896892415007,25,20,20
34,4254,0.07363728212584021,5.185677714135384e-08,0.046972970060408376,0.879389695956974,25,20,20
34,4255,0.07363728212584016,5.185677714005649e-08,0.046972863470716775,0.8793898025466657,25,20,20
34,4256,0.07363728212584014,5.1856772850427504e-08,0.04696625895035825,0.8793964070670285,25,20,20
34,4257,0.07363728212583937,5.18567729230659e-08,0.04697282178291684,0.8793898442344706,25,20,20
34,4258,0.07363728212584256,5.18567729230663e-08,0.04697279051961467,0.8793898754977697,25,20,20
34,4259,0.07363728212584256,5.185677284909495e-08,0.04697927943107426,0.8793833865863101,25,20,20
34,4260,0.07347064523596257,4.435053387663617e-09,0.047867876153232694,0.8786614741757509,25,20,20
34,4261,0.07347064523596263,4.435053460337463e-09,0.047867877950494526,0.878661472378489,25,20,20
34,4262,0.07347064523598083,4.4350779378765e-09,0.08290342600937813,0.843625924319563,25,20,20
34,4263,0.07347064523614245,4.435298718746862e-09,0.08742456318707134,0.8391047871414878,25,20,20
34,4264,0.07553877603405333,4.703961461284608e-09,0.0853564102106792,0.8391048090513068,25,20,20
34,4265,0.07553877603405333,4.703961536543873e-09,0.08536110898585589,0.83910011027613,25,20,20
34,4266,0.07553877603405335,4.704201107207159e-09,0.08522429951839713,0.8392369197433491,25,20,20
34,4267,0.07553877603405341,4.704201031947498e-09,0.08521970721282997,0.8392415120489163,25,20,20
34,4268,0.07553877603405341,4.7042053084113875e-09,0.0853492273794385,0.8391119918823032,25,20,20
34,4269,0.07553877603405341,4.704201018057193e-09,0.08534916235691886,0.8391120569048272,25,20,20
34,4270,0.07553877603405341,4.704205306388045e-09,0.08535572691841495,0.8391054923433268,25,20,20
34,4271,0.07553877603405341,4.7042011777823505e-09,0.08559930856143255,0.8388619107003134,25,20,20
34,4272,0.08127934159931653,4.6893741400686164e-09,0.07985874304586757,0.8388619106654416,25,20,20
34,4273,0.08127934159931705,4.69844783192632e-09,0.09382901182383913,0.8248916418783968,25,20,20
34,4274,0.08127934159931392,4.698452123051294e-09,0.09383368231847841,0.8248869713837564,25,20,20
34,4275,0.08127934159949206,4.698456425912444e-09,0.09371039513078074,0.8250102585712717,25,20,20
34,4276,0.08127934159949196,4.698212592166685e-09,0.09358087133185615,0.8251397823704403,25,20,20
34,4277,0.08127934159949196,4.69821259212195e-09,0.09358086936893184,0.8251397843333649,25,20,20
34,4278,0.08127934159949117,4.6983853541799195e-09,0.10463214895922121,0.8140885047429033,25,20,20
34,4279,0.08127934159949118,4.698385353971239e-09,0.10475507519362498,0.8139655785084996,25,20,20
34,4280,0.08127934159949118,4.698385353971865e-09,0.10474855150785073,0.8139721021942737,25,20,20
34,4281,0.08127934159948799,4.698380987812053e-09,0.10474194626087685,0.8139787074412554,25,20,20
34,4282,0.08127934159953351,4.698385243902532e-09,0.10437354915995091,0.8143471045421314,25,20,20
34,4283,0.08127934159953347,4.69838531915855e-09,0.10438004439683293,0.8143406093052493,25,20,20
34,4284,0.08127934159953348,4.698629934842735e-09,0.1043817058247424,0.8143389478770954,25,20,20
34,4285,0.0812793416097318,4.699110521016709e-09,0.10438183153138152,0.8143388221597774,25,20,20
34,4286,0.0812793416097313,4.6900369044275185e-09,0.09041161681546811,0.8283090368847649,25,20,20
34,4287,0.0812793416097313,4.690036905344515e-09,0.09016803511880309,0.8285526185814298,25,20,20
34,4288,0.08127934160968577,4.690028323060171e-09,0.09016332863612721,0.8285573250641599,25,20,20
34,4289,0.08127934160968577,4.690028399671561e-09,0.09016341311245445,0.8285572405878325,25,20,20
34,4290,0.0812793416097313,4.690032689988588e-09,0.09016352931090178,0.8285571243893354,25,20,20
34,4291,0.08127934160973128,4.6897880756245015e-09,0.09016198231786983,0.8285586713826119,25,20,20
34,4292,0.08127934160968575,4.689783708696084e-09,0.0901617816430953,0.8285588720574364,25,20,20
34,4293,0.08127934160952492,4.6895672187710735e-09,0.08564717310687799,0.833073480594031,25,20,20
34,4294,0.08127934160952811,4.689567295382414e-09,0.08564729085727113,0.8330733628436345,25,20,20
34,4295,0.08127934160952811,4.689567220125987e-09,0.0856406881006136,0.8330799656002921,25,20,20
34,4296,0.08127934160952811,4.689390169740915e-09,0.0745828451760247,0.844137808525057,25,20,20
34,4297,0.08127934160953129,4.675539802103227e-09,0.07431555953937143,0.8444050941755576,25,20,20
34,4298,0.08127934160953205,4.675539802930213e-09,0.0745591478064859,0.8441615059084423,25,20,20
34,4299,0.08127934160953203,4.675539804227542e-09,0.07455914734257958,0.8441615063723485,25,20,20
34,4300,0.08166134696060187,4.600176689462512e-09,0.07417716185350032,0.8441614865857209,25,20,20
34,4301,0.08166134696064738,4.600425498984094e-09,0.07418191497008517,0.8441567334688418,25,20,20
34,4302,0.08166134695026696,4.599936330979796e-09,0.07417518228746194,0.8441634661623347,25,20,20
34,4303,0.08166134695026693,4.599936403630469e-09,0.0741751835872458,0.8441634648625507,25,20,20
34,4304,0.08166134695027015,4.613875632423912e-09,0.074187422072202,0.8441512263636521,25,20,20
34,4305,0.08166134695027014,4.613875558453135e-09,0.07418745346153274,0.8441511949743215,25,20,20
34,4306,0.08166134695026939,4.613875559750647e-09,0.07418745342209732,0.8441511950137576,25,20,20
34,4307,0.0816613469502694,4.6138798513936345e-09,0.07418759634489708,0.8441510520909534,25,20,20
34,4308,0.0816613469502694,4.613875560467123e-09,0.07418107235353578,0.844157576082319,25,20,20
34,4309,0.0816613469502662,4.599936257725266e-09,0.07416886529329042,0.8441697831565069,25,20,20
34,4310,0.08166134695044713,4.613786992907302e-09,0.07443514236081165,0.843903506074954,25,20,20
34,4311,0.08166134695044706,4.613782700461821e-09,0.07443050514130961,0.8439081432944604,25,20,20
34,4312,0.08166134695062878,4.6137828494006335e-09,0.07452282188606395,0.8438158265495243,25,20,20
34,4313,0.08166134696100967,4.6140275170297724e-09,0.07452746656482209,0.8438111818601405,25,20,20
34,4314,0.0816613469610098,4.614272026240155e-09,0.07416101956927285,0.8441776288554452,25,20,20
34,4315,0.08166134696101299,4.614276392399969e-09,0.07416762481624675,0.8441710236084637,25,20,20
34,4316,0.08166134696100985,4.61427210148551e-09,0.07416110137129489,0.8441775470534231,25,20,20
34,4317,0.08166134696100893,4.6140275916690344e-09,0.07415454492372014,0.8441841035012432,25,20,20
34,4318,0.08166134696105404,4.614269935623281e-09,0.07452759469669841,0.8438110537279774,25,20,20
34,4319,0.08166134696105447,4.614027668223762e-09,0.07416119852724683,0.8441774498976709,25,20,20
34,4320,0.08166134696105201,4.614027743446286e-09,0.07416115261927962,0.8441774958056404,25,20,20
34,4321,0.08166134696105282,4.614027746041771e-09,0.07416138193964765,0.8441772664852715,25,20,20
34,4322,0.08166134696105201,4.614023455119587e-09,0.07415473812809477,0.8441839102968295,25,20,20
34,4323,0.0816613469610065,4.614023381160331e-09,0.07414800748961307,0.8441906409353568,25,20,20
34,4324,0.08166134696101046,4.6278364705172855e-09,0.07452207294746653,0.8438165754636863,25,20,20
34,4325,0.0816613469610105,4.627836395733151e-09,0.07439417452078591,0.8439444738903669,25,20,20
34,4326,0.0816613469611926,4.628080970826558e-09,0.07440182892677236,0.8439368194839537,25,20,20
34,4327,0.08166136887775627,3.406968609764899e-08,0.08841449191634088,0.829924105136217,25,20,20
34,4328,0.08166136887793671,3.406969460087932e-08,0.08878748595454024,0.8295511110978286,25,20,20
34,4329,0.08166136887798225,3.406969475145512e-08,0.08878977355947087,0.8295488234928523,25,20,20
34,4330,0.08166136887780015,3.406945017506397e-08,0.08878211714507515,0.8295564799076746,25,20,20
34,4331,0.08166136887766152,3.408177328441269e-08,0.09334886449123951,0.8249897325493258,25,20,20
34,4332,0.08166136887748107,3.4081764781182354e-08,0.09297587045304016,0.8253627265877141,25,20,20
34,4333,0.08166136887748116,3.408176478249351e-08,0.09324210215880506,0.8250964948819491,25,20,20
34,4334,0.08166136887748107,3.408176478248009e-08,0.09297583508167616,0.8253627619590782,25,20,20
34,4335,0.08166136887748116,3.4081769073884404e-08,0.09297812082052154,0.8253604762202283,25,20,20
34,4336,0.0816613688774772,3.406795590930452e-08,0.09260398004779649,0.8257346170067704,25,20,20
34,4337,0.08166136887747642,3.40679558353338e-08,0.09260401670167454,0.8257345803528934,25,20,20
34,4338,0.10889394889561277,3.406800202578533e-08,0.065371435981513,0.8257345810548716,25,20,20
34,4339,0.1088939488956128,3.406800636361254e-08,0.06563776797260085,0.8254682490637795,25,20,20
34,4340,0.10889394889556725,3.406800621176217e-08,0.06563536639850577,0.8254706506379204,25,20,20
34,4341,0.1088939488955673,3.406801050191286e-08,0.06563695536500555,0.8254690616714161,25,20,20
34,4342,0.10889394889574941,3.40680105304956e-08,0.0653753618093612,0.8257306552268784,25,20,20
34,4343,0.10889394889574941,3.4068010531769615e-08,0.06538006312176359,0.8257259539144761,25,20,20
34,4344,0.10889394889556854,3.405415979658759e-08,0.06511375474568672,0.8259922623045844,25,20,20
34,4345,0.10889394889556853,3.4054158610511423e-08,0.07616506387334576,0.8149409531769264,25,20,20
34,4346,0.10889394904243374,3.406776000859229e-08,0.07644014935472679,0.8146658675350789,25,20,20
34,4347,0.10889394904239333,3.405544043361992e-08,0.0780305938718364,0.8130754230303292,25,20,20
34,4348,0.10889394904239065,3.405543682427548e-08,0.07178112007341977,0.8193248968287521,25,20,20
34,4349,0.10889394904239065,3.40554325339534e-08,0.0717810922887256,0.8193249246134506,25,20,20
34,4350,0.10889394904239058,3.4055428316453376e-08,0.07177943182240676,0.8193265850797736,25,20,20
34,4351,0.10889394904239216,3.40554324953824e-08,0.07215288180394155,0.8189531350982331,25,20,20
34,4352,0.1088939490423921,3.405542827794928e-08,0.07215059804342107,0.8189554188587579,25,20,20
34,4353,0.10889394904239051,3.4055424099042556e-08,0.07177718087023918,0.8193288360319455,25,20,20
34,4354,0.1088939490423905,3.405542409901899e-08,0.0717771408984959,0.8193288760036888,25,20,20
34,4355,0.10889394904239129,3.405542839014119e-08,0.07178172921451796,0.8193242876876616,25,20,20
34,4356,0.1088939491240197,3.4164579262537845e-08,0.07638346837992316,0.8147225483314772,25,20,20
34,4357,0.10889394912420179,3.4164823916183964e-08,0.07639068832737356,0.8147153283836001,25,20,20
34,4358,0.10889394912420183,3.416482384093868e-08,0.07639068204310612,0.8147153346678675,25,20,20
34,4359,0.10889394913296088,3.483541468267218e-08,0.08263639912719446,0.8084696169044296,25,20,20
34,4360,0.10889394913296088,3.483541468267233e-08,0.08263181174044971,0.8084742042911744,25,20,20
34,4361,0.1088939491329585,3.483541889703285e-08,0.0826383018846668,0.8084677141469556,25,20,20
34,4362,0.10889394913295775,3.483541460612929e-08,0.08263172382729811,0.8084742922043294,25,20,20
34,4363,0.10889392721639414,5.393809554065848e-09,0.06888539202343011,0.8222206753663657,25,20,20
34,4364,0.1088939316818864,1.9846766326246742e-05,0.06896191597941205,0.8221243055723746,25,20,20
34,4365,0.10889392714435736,0.0005093954308195509,0.06847162486250466,0.8221250525623178,25,20,20
34,4366,0.10889392714435661,0.0005093954308195496,0.06847143473960932,0.8221252426852139,25,20,20
34,4367,0.10889392714435654,0.0005093954308195484,0.06847135224775788,0.8221253251770655,25,20,20
34,4368,0.1088939272920954,0.0005093954308195482,0.06847338771201536,0.8221232895650692,25,20,20
34,4369,0.10889392729209466,0.0005093954308195482,0.06847187991703887,0.8221247973600465,25,20,20
34,4370,0.10889392729209625,0.0005093954308195508,0.06847664324412754,0.8221200340329563,25,20,20
34,4371,0.11265875058516209,0.0005093909233042236,0.06471182218156683,0.8221200363099664,25,20,20
34,4372,0.11265875058516282,0.0005093909235487447,0.06471657461483588,0.8221152838764522,25,20,20
34,4373,0.11265875058516123,0.000509390923548742,0.06471181186333486,0.8221200466279548,25,20,20
34,4374,0.11265875057478031,0.000509390923304073,0.06470697664212059,0.8221248818597947,25,20,20
34,4375,0.11265875057478027,0.0005093909233009669,0.0536490616068364,0.8331827968950821,25,20,20
34,4376,0.11265875057478102,0.0005093909233052581,0.05365214212549208,0.8331797163764213,25,20,20
34,4377,0.11265875057478027,0.0005093909233052178,0.05402054205133224,0.8328113164505818,25,20,20
34,4378,0.11265875057478342,0.0005093909233052178,0.05402270593346101,0.8328091525684499,25,20,20
34,4379,0.11265875057478347,0.0005093909233052191,0.05402270782004168,0.8328091506818691,25,20,20
34,4380,0.11265875057478268,0.0005093909233052197,0.05402261442159615,0.8328092440803155,25,20,20
34,4381,0.11265875057478342,0.0005093909233052963,0.054022584743726086,0.8328092737581848,25,20,20
34,4382,0.11265875057478338,0.0005093909233053703,0.05402266016690627,0.8328091983350047,25,20,20
34,4383,0.11265875057478338,0.0005093909233053717,0.05402266156443018,0.8328091969374806,25,20,20
34,4384,0.11265875057478338,0.0005093909233053717,0.05402266156443018,0.8328091969374805,25,20,20
34,4385,0.11265875057478018,0.0005093909233052951,0.054020498250738,0.8328113602511759,25,20,20
34,4386,0.11265875057478018,0.0005093909233052951,0.0540204223880259,0.8328114361138881,25,20,20
34,4387,0.11265875056602033,0.0005093902527100883,0.04777008220123816,0.8390617769800311,25,20,20
34,4388,0.1126587505660204,0.0005093902527143799,0.04777027886001324,0.8390615803212518,25,20,20
34,4389,0.11265875056602125,0.0005093902527144551,0.047776836347931555,0.8390550228333324,25,20,20
34,4390,0.1126587505660212,0.0005093902527144565,0.04777911202519342,0.8390527471560708,25,20,20
34,4391,0.11265875056861621,0.0005093902529591115,0.04778641867438226,0.8390454405040423,25,20,20
34,4392,0.11265875056861616,0.0005093902529547853,0.047418018054566316,0.8394138411238626,25,20,20
34,4393,0.11265875056861616,0.00050939025295471,0.04741790215724288,0.8394139570211862,25,20,20
34,4394,0.11265875056866168,0.0005093902529547865,0.04742452034608626,0.8394073388322971,25,20,20
34,4395,0.11265875056870672,0.0005093902529590355,0.047797556807553924,0.83903430237078,25,20,20
34,4396,0.11265875056870675,0.0005093902529590369,0.047797558815963245,0.8390343003623706,25,20,20
34,4397,0.112658750421796,0.0005093902391087553,0.04751775160732819,0.8393141077317668,25,20,20
34,4398,0.1126587504217992,0.0005093902391131217,0.04751779673919433,0.839314062599893,25,20,20
34,4399,0.11921412984761855,0.0005093902422495117,0.04096239357829697,0.8393140863318347,25,20,20
34,4400,0.11921412984761769,0.0005093902422493611,0.04095575442411079,0.8393207254860219,25,20,20
34,4401,0.11921412984761769,0.0005093902422493598,0.04095575303668455,0.8393207268734482,25,20,20
34,4402,0.10328578155631644,0.000509401704977949,0.0568840069661003,0.8393208097726049,25,20,20
34,4403,0.10328578155891156,0.0005094017049780256,0.05689074170542132,0.8393140750306888,25,20,20
34,4404,0.10328578155891155,0.0005094017049780243,0.0568885779907703,0.8393162387453398,25,20,20
34,4405,0.1032857815589108,0.000509401704978023,0.056888581134277,0.8393162356018338,25,20,20
34,4406,0.10328578155909293,0.0005094017049823141,0.05689328499101427,0.8393115317449101,25,20,20
34,4407,0.06354592972433973,0.0005097159745549105,0.09663282119706786,0.8393115331040373,25,20,20
34,4408,0.06354592972174462,0.0005097159745549105,0.09663269063644789,0.8393116636672524,25,20,20
34,4409,0.06354592957382445,0.000509715974550621,0.09662603335972623,0.8393183210918984,25,20,20
34,4410,0.06354592957382445,0.0005097159743060254,0.0966212932559642,0.839323061195905,25,20,20
34,4411,0.06354592957387002,0.0005097159745506203,0.09662609020930443,0.8393182642422746,25,20,20
34,4412,0.06354592957127497,0.0005097159743059667,0.09661886954508767,0.8393254849093311,25,20,20
34,4413,0.06325480947287239,0.0005100067866080195,0.0969097221498792,0.8393254615906401,25,20,20
34,4414,0.06325480947545058,0.0005100068007013771,0.09717709154475816,0.8390580921790898,25,20,20
34,4415,0.06325480947287239,0.0005100067866080195,0.09690964304764288,0.8393255406928766,25,20,20
34,4416,0.06325480948186317,0.0005100067989232291,0.10156417473494436,0.8346710089842692,25,20,20
34,4417,0.06325480948186317,0.0005100067989233032,0.1015641761620933,0.8346710075571201,25,20,20
34,4418,0.06325480948186399,0.0005100067989233059,0.1015709087888466,0.8346642749303661,25,20,20
34,4419,0.06325480948204609,0.0005100067989318851,0.10157744115788855,0.8346577425611335,25,20,20
34,4420,0.0632548094820461,0.0005100067989361754,0.10157090580098167,0.834664277918036,25,20,20
34,4421,0.06325480948204616,0.0005100067991807589,0.10157761084287378,0.8346575728758993,25,20,20
34,4422,0.06325480948200057,0.0005100067989361627,0.10157285778418063,0.8346623259348825,25,20,20
34,4423,0.06325480948200055,0.0005100067989361601,0.101572853778317,0.8346623299407463,25,20,20
34,4424,0.06325480948200057,0.0005100067989363106,0.10157755565181104,0.8346576280672521,25,20,20
34,4425,0.07328116149695255,0.0005102388574762776,0.09155105783549802,0.8346575418100731,25,20,20
34,4426,0.07328116149695256,0.0005102388574763528,0.09155102648961166,0.8346575731559593,25,20,20
34,4427,0.07328116149695256,0.0005102388574763514,0.09155114092657024,0.8346574587190007,25,20,20
34,4428,0.07361250088223692,0.0005099480437585786,0.09122009321575822,0.8346574578582461,25,20,20
34,4429,0.07361250087306401,0.0005099480314433294,0.0869339595891916,0.8389435915063009,25,20,20
34,4430,0.0736125008728827,0.0005099480311986744,0.0869290256057512,0.8389485254901675,25,20,20
34,4431,0.07361250087270059,0.0005099480311901678,0.08692249462059058,0.8389550564755186,25,20,20
34,4432,0.04164493362415688,0.0005123143488767764,0.11888705811876255,0.8389556939082037,25,20,20
34,4433,0.041644933624156895,0.0005123143488811332,0.11897923601737513,0.8388635160095868,25,20,20
34,4434,0.041644933624156895,0.0005123143488810592,0.11897920123052057,0.8388635507964414,25,20,20
34,4435,0.041644933624111424,0.0005123143488766936,0.11924535009555962,0.8385974019314522,25,20,20
34,4436,0.04160706396268393,0.0005123142581681623,0.11928321985540899,0.8385974019237388,25,20,20
34,4437,0.04160706396268072,0.0005123142581638712,0.11927858711379803,0.8386020346653571,25,20,20
34,4438,0.041607063962680726,0.0005123142581596196,0.11890548523296823,0.8389751365461912,25,20,20
34,4439,0.04160706396268071,0.0005123142581596196,0.11891010397704933,0.83897051780211,25,20,20
34,4440,0.04160706396268072,0.0005123142581624601,0.13287996933236193,0.8250006524467952,25,20,20
34,4441,0.041607063962680726,0.0005123142581624601,0.1328756442096614,0.8250049775694958,25,20,20
34,4442,0.04160706396268069,0.0005123142579178766,0.13286916973936264,0.825011452040039,25,20,20
34,4443,0.04160706411060144,0.0005123142581667516,0.132876002963915,0.8250046186673171,25,20,20
34,4444,0.041607064110601416,0.0005123142581666762,0.1328737503826528,0.8250068712485795,25,20,20
34,4445,0.04160706411060144,0.0005123142581667516,0.13287386489272407,0.825006756738508,25,20,20
34,4446,0.04160706411060702,0.0005123142584113646,0.1328754404693721,0.8250051811616096,25,20,20
34,4447,0.041607064110606974,0.000512314258411365,0.13261380910901427,0.8252668125219675,25,20,20
34,4448,0.04160706411060935,0.0005123142584113637,0.13260713005626565,0.8252734915747137,25,20,20
34,4449,0.041607064110610145,0.0005123142584155781,0.13260903475594002,0.8252715868750344,25,20,20
34,4450,0.041607064110613344,0.0005123142584155137,0.13252149408569544,0.8253591275452759,25,20,20
34,4451,0.041607064110610145,0.0005123142584155111,0.1325280455258257,0.8253525761051488,25,20,20
34,4452,0.04160706446199731,0.0005123149289597307,0.13877188031577817,0.8191087402932647,25,20,20
34,4453,0.04160706446459549,0.0005123149429004565,0.13877989640655197,0.819100724185952,25,20,20
34,4454,0.041607064464596284,0.0005123149429003838,0.13878001110581367,0.8191006094866897,25,20,20
34,4455,0.04160706446199808,0.0005123149289596593,0.13877176645320105,0.8191088541558412,25,20,20
34,4456,0.04160706446199487,0.0005123149289553669,0.13876701277812042,0.8191136078309295,25,20,20
34,4457,0.041607064462040405,0.0005123149291999808,0.13876863668004488,0.8191119839287149,25,20,20
34,4458,0.03785757412379852,0.0005123149306651488,0.14251812661876379,0.8191119843267727,25,20,20
34,4459,0.03785757412379852,0.0005123149306651488,0.14251160207398691,0.8191185088715496,25,20,20
34,4460,0.03785757412375341,0.0005123149306608972,0.14213859888946556,0.8194915120561203,25,20,20
34,4461,0.037857574123798934,0.0005123149306608985,0.14214788777642337,0.819482223169117,25,20,20
34,4462,0.03785757412380054,0.0005123149306652653,0.14215016642369066,0.8194799445218437,25,20,20
34,4463,0.03785757412380059,0.0005123149306653406,0.14215019296839962,0.8194799179771346,25,20,20
34,4464,0.037857574123755074,0.0005123149304206527,0.1421485696639024,0.8194815412819222,25,20,20
34,4465,0.03785757412375506,0.0005123149304207267,0.1421485690543505,0.8194815418914739,25,20,20
34,4466,0.03785778184082735,3.4827545221439333e-06,0.1426579410136765,0.8194807943909743,25,20,20
34,4467,0.0378577818408273,3.4827545221439197e-06,0.1423917073307633,0.8197470280738876,25,20,20
34,4468,0.037857781840820906,3.4827542775297077e-06,0.14239005381406172,0.8197486815908401,25,20,20
34,4469,0.0378577818408241,3.482754281821372e-06,0.14239013055273353,0.8197486048521608,25,20,20
34,4470,0.037857781840824896,3.482754290272246e-06,0.14265634830460402,0.8194823871002812,25,20,20
34,4471,0.03785778184082488,3.48275428743176e-06,0.1286865620515284,0.8334521733533596,25,20,20
34,4472,0.03785778184082483,3.482754287356468e-06,0.1286911225441795,0.8334476128607088,25,20,20
34,4473,0.037857781840780105,3.4827542873577658e-06,0.128684227943914,0.833454507461019,25,20,20
34,4474,0.037857781843375335,3.482754536242568e-06,0.1286890387294865,0.8334496966726023,25,20,20
34,4475,0.037857781843375446,3.4827545405980986e-06,0.1287812186595766,0.8333575167425076,25,20,20
34,4476,0.037857781843375474,3.4827545405968255e-06,0.12878096053994248,0.8333577748621418,25,20,20
34,4477,0.011559932185627082,3.4840368228655533e-06,0.15506912427180777,0.8333674595057424,25,20,20
34,4478,0.01155993218562788,3.4840368229408105e-06,0.15507106580250907,0.8333655179750401,25,20,20
34,4479,0.011559932185627876,3.484036822939513e-06,0.15507098472716047,0.8333655990503889,25,20,20
34,4480,0.01155993218562709,3.4840368229382147e-06,0.15506870538816364,0.8333678783893865,25,20,20
34,4481,0.03129474850954731,1.5175504179430807e-06,0.1353334467678766,0.8333702871721583,25,20,20
34,4482,0.031294748010239425,1.5168796248497928e-06,0.12908278074963447,0.8396209543605013,25,20,20
34,4483,0.03129474801024021,1.5168796289921844e-06,0.12907827615600223,0.8396254589541289,25,20,20
34,4484,0.03129474801028859,1.5168934720969803e-06,0.12936666067507788,0.8393370744211619,25,20,20
34,4485,0.0312947480102886,1.516893472099598e-06,0.12936670264596822,0.8393370324502715,25,20,20
34,4486,0.03129474801028787,1.5168934679572389e-06,0.12936878504560342,0.8393349500506412,25,20,20
34,4487,0.031294748010287934,1.5168937125394824e-06,0.12937540901214675,0.8393283260838531,25,20,20
34,4488,0.03129474801029111,1.5168937168297991e-06,0.12937556431084,0.8393281707851524,25,20,20
34,4489,0.031294748020594045,1.5168937758544536e-06,0.1292060333499698,0.8394977017356606,25,20,20
34,4490,0.031294748020594045,1.5168937758531562e-06,0.12920603204132378,0.8394977030443066,25,20,20
34,4491,0.02158500199436565,1.5156105574375658e-06,0.13892546431919903,0.8394880180758778,25,20,20
34,4492,0.021585001994365634,1.515610557436245e-06,0.1389254318383161,0.8394880505567609,25,20,20
34,4493,0.021585001994362498,1.5156107977382627e-06,0.13893007006473584,0.8394834123301039,25,20,20
34,4494,0.02158500199440759,1.5156110400408744e-06,0.13930303368294383,0.8391104487116086,25,20,20
34,4495,0.021585001994408385,1.5156110400434688e-06,0.1393032635785714,0.8391102188159801,25,20,20
34,4496,0.021585002580633176,1.5163986011852958e-06,0.13967891279454894,0.8387345682262167,25,20,20
34,4497,0.02158538855256353,9.584283856938978e-07,0.13967908477255941,0.8387345682464924,25,20,20
34,4498,0.02158542215405636,9.58456169598698e-07,0.13983321543510846,0.8385804039546667,25,20,20
34,4499,0.021584828837783326,9.584650662785956e-07,0.13983380632547276,0.8385804063716789,25,20,20
34,4500,0.02158482898429768,9.584650620986653e-07,0.1398347031799724,0.8385795093706692,25,20,20
34,4501,0.021584828984297606,9.584650620233812e-07,0.1398325065543263,0.8385817059963153,25,20,20
34,4502,0.021584828984296006,9.584650576566873e-07,0.13983014686209275,0.8385840656885548,25,20,20
34,4503,0.021582792421960626,9.584647882739613e-07,0.1398321834272164,0.8385840656860358,25,20,20
34,4504,0.021582825996576186,9.584787298108486e-07,0.139470599551187,0.8389456159735085,25,20,20
34,4505,0.021582825996575385,9.584787298095511e-07,0.13947037095190526,0.8389458445727911,25,20,20
34,4506,0.021582826588231237,9.584792146636514e-07,0.1394723782970696,0.838943836635486,25,20,20
34,4507,0.021582826588230457,9.584792062127651e-07,0.1392126494868048,0.8392035654457598,25,20,20
34,4508,0.021582826588234426,9.584792104299283e-07,0.13921295379511842,0.8392032611374382,25,20,20
34,4509,0.021583447083522323,9.58730254090836e-07,0.13921233424665633,0.8392032599395685,25,20,20
34,4510,0.021583447083522323,9.58730254090836e-07,0.13921241386562888,0.8392031803205959,25,20,20
34,4511,0.021583447083522313,9.587302541634973e-07,0.1392190146241555,0.8391965795620691,25,20,20
34,4512,0.021583447086093457,9.587440629699395e-07,0.13950090171367488,0.8389146924561695,25,20,20
34,4513,0.021583447086095872,9.587440630465062e-07,0.13949864364647754,0.8389169505233641,25,20,20
34,4514,0.021583447083524606,9.5873024988451e-07,0.13912454326733903,0.8392910509188873,25,20,20
34,4515,0.02158344649729982,9.57942688667392e-07,0.13874877877502118,0.8396668167849913,25,20,20
34,4516,0.02158344649729982,9.5794268866869e-07,0.13874877878513944,0.8396668167748729,25,20,20
34,4517,0.0001875644835036581,3.642775811842303e-07,0.16014808872828887,0.8396639825106262,25,20,20
34,4518,0.0001875644835036581,3.6427758118555045e-07,0.16014812211225002,0.8396639491266652,25,20,20
34,4519,0.00018756448354918548,3.642775854777976e-07,0.16015464841691374,0.8396574228219513,25,20,20
34,4520,0.00018753088205556538,3.6424980164563584e-07,0.16000689196143533,0.8398052129067078,25,20,20
34,4521,0.00018753088205562116,3.642498058626034e-07,0.16000689369020255,0.8398052111779363,25,20,20
34,4522,0.0001875308717043087,3.6423590373315286e-07,0.15988792763554502,0.8399241772568472,25,20,20
34,4523,0.00018753087429644401,3.6423614833223945e-07,0.15989173821722077,0.8399203666723348,25,20,20
34,4524,0.00018753087429644401,3.64236148332274e-07,0.15988524931073525,0.8399268555788204,25,20,20
34,4525,0.000187530874296445,3.642361440406604e-07,0.15988513454545084,0.8399269703441091,25,20,20
34,4526,0.00018753087429564677,3.6423614403982794e-07,0.15988058377655806,0.8399315211130026,25,20,20
34,4527,0.000187530876890281,3.642361441150903e-07,0.15989455042321699,0.8399175544637489,25,20,20
34,4528,0.00018753087689018355,3.642363838794162e-07,0.15998102606150413,0.8398310788252223,25,20,20
34,4529,0.00018753087689014124,3.642361393724639e-07,0.15997440410860325,0.8398377007783678,25,20,20
34,4530,0.00018753087689088395,3.642361393724524e-07,0.15998096604468462,0.8398311388422856,25,20,20
34,4531,0.0001875308768940788,3.6423614358831507e-07,0.15998558763180035,0.8398265172551623,25,20,20
34,4532,0.00018749715571593487,3.6422195971234267e-07,0.15997785369167894,0.8398342849306459,25,20,20
34,4533,0.00018749715312150336,3.642217109028085e-07,0.15997313374529662,0.8398390048798714,25,20,20
34,4534,0.00018749715330114447,3.642355240654327e-07,0.16034067005625519,0.8394714685549196,25,20,20
34,4535,0.0001874971533012005,3.6423552406545505e-07,0.1603407505850928,0.8394713880260819,25,20,20
34,4536,0.000187497150709762,3.642355239915136e-07,0.1603268280107037,0.8394853106030626,25,20,20
34,4537,0.00018749655905310936,3.642350348490816e-07,0.1603248188675366,0.8394873203383753,25,20,20
34,4538,0.00018749655905310936,3.6423503492303046e-07,0.16032489992375573,0.8394872392821559,25,20,20
34,4539,0.0001874965590523807,3.6423503914019617e-07,0.16032300857519627,0.8394891306307117,25,20,20
34,4540,0.000174333201129078,5.288338000711996e-08,0.16029050663366567,0.8395351072818247,25,20,20
34,4541,0.00017433320112907803,5.288338422279004e-08,0.1602905083233275,0.8395351055921584,25,20,20
34,4542,0.00017433320112907803,5.288338422276767e-08,0.1602905063503054,0.8395351075651806,25,20,20
34,4543,0.00017433320372446643,5.288338437070337e-08,0.16028630427933416,0.8395393096335563,25,20,20
34,4544,0.0001743332037212717,5.288338015564275e-08,0.16029271179086238,0.8395329021220355,25,20,20
34,4545,0.00017433320385286388,5.3457841540150985e-08,0.17137621048244928,0.8284494028558556,25,20,20
34,4546,0.00011818995701398218,3.782351849016559e-09,0.17143263636198697,0.8284491698986473,25,20,20
34,4547,0.00011818995701476702,3.782351851024325e-09,0.1714262271483781,0.8284555791122554,25,20,20
34,4548,0.00011818995701471196,3.782351849704224e-09,0.17142622711324068,0.8284555791473928,25,20,20
34,4549,0.00011818995701465614,3.782356102593523e-09,0.17179924852464828,0.8280825577359809,25,20,20
34,4550,0.0001181899570138713,3.782351811002306e-09,0.1717990912162598,0.8280827150443746,25,20,20
34,4551,0.00011818995441854053,3.782111426939983e-09,0.17179533484430703,0.8280864714191628,25,20,20
34,4552,0.00011818995460064811,3.7821114269317644e-09,0.17180005008048835,0.8280817561827994,25,20,20
34,4553,0.00011818995478281203,3.7821115017285365e-09,0.17180459254793065,0.8280772137151748,25,20,20
34,4554,0.00011818995477961814,3.782111501727778e-09,0.1718045920438801,0.8280772142192286,25,20,20
34,4555,0.00011818995477960411,3.782111426436551e-09,0.17180447673224264,0.828077329530866,25,20,20
34,4556,0.00011818995460235977,3.768298265121646e-09,0.17143037991190677,0.8284514263651924,25,20,20
34,4557,0.00011818995460230353,3.7680536727868414e-09,0.17143024620905703,0.8284515600682869,25,20,20
34,4558,0.0001181899546038843,3.768053674093905e-09,0.1718544249838886,0.8280273812934538,25,20,20
34,4559,0.0001181899546038853,3.768053675414006e-09,0.17185450744657324,0.8280272988307691,25,20,20
34,4560,0.00011818996211583771,3.768226381396875e-09,0.1829081169310954,0.8169736893385623,25,20,20
34,4561,0.00011818996215978525,3.768230672336992e-09,0.1824905463420542,0.8173912599275553,25,20,20
34,4562,0.00011818996215982728,3.768230747582676e-09,0.18249062225764623,0.8173911840119631,25,20,20
34,4563,0.00011818996197765082,3.76822638375845e-09,0.18261540454299552,0.8172664017268003,25,20,20
34,4564,0.00011818996197770536,3.76823063337575e-09,0.18298190367482703,0.8168999025949646,25,20,20
34,4565,0.00011818996179558377,3.768230556794946e-09,0.18297710593534053,0.8169047003346332,25,20,20
34,4566,0.00011819010968028775,3.767995083953649e-09,0.18288835170251197,0.8169934544198125,25,20,20
34,4567,0.0001181901070849003,3.767994934720649e-09,0.18288595103619376,0.8169958550887264,25,20,20
34,4568,0.00011819010708809605,3.767994934766119e-09,0.18288598923808294,0.816995816886834,25,20,20
34,4569,0.00011819010708815211,3.7679992274771325e-09,0.18288826821714133,0.8169935379077713,25,20,20
34,4570,0.00011819010708809755,3.767994976574528e-09,0.18251528018294916,0.8173665259419677,25,20,20
34,4571,0.039530729625329435,3.75903700152185e-09,0.14310273906635845,0.8173665275492749,25,20,20
34,4572,0.03953072962532949,3.75903692889481e-09,0.14310262618581993,0.8173666404298133,25,20,20
34,4573,0.039530729625329504,3.75903693021572e-09,0.1431025463932348,0.8173667202223985,25,20,20
34,4574,0.03953072962532946,3.759032638847981e-09,0.14310038330039918,0.8173688833152384,25,20,20
34,4575,0.039530729625326264,3.7590325635112215e-09,0.143100263432242,0.8173690031833989,25,20,20
34,4576,0.039192438418139054,1.1362260685699104e-06,0.14343742373307733,0.8173690016227149,25,20,20
34,4577,0.0392611441067749,1.1359749914593994e-06,0.14336858345885847,0.8173691364593748,25,20,20
34,4578,0.03926114409926504,1.1364915361616103e-06,0.1463046648739171,0.8144330545352814,25,20,20
34,4579,0.03926114409926429,1.1364915360863413e-06,0.14630462947625247,0.8144330899329469,25,20,20
34,4580,0.039261144099270666,1.1364915361627521e-06,0.14639687021996375,0.8143408491892292,25,20,20
34,4581,0.03926114196103103,1.1335755388738922e-06,0.14634642533830552,0.8143912991251256,25,20,20
34,4582,0.03926114196103423,1.1335755389478773e-06,0.1463510477881635,0.8143866766752642,25,20,20
34,4583,0.03929023914937744,1.1343766739681767e-06,0.10673537952077806,0.8539732469531701,25,20,20
34,4584,0.03926114187969215,1.1335736217835035e-06,0.10644751929820505,0.8542902052484805,25,20,20
34,4585,0.03926114187969215,1.1335736217821974e-06,0.10645213724928716,0.8542855872973987,25,20,20
34,4586,0.03926114187956049,1.1329991561052437e-06,0.09536396735829801,0.8653737577629852,25,20,20
34,4587,0.03926114187951497,1.1329991518129966e-06,0.09535747503353431,0.8653802500877987,25,20,20
34,4588,0.03926114187951497,1.1329991518116987e-06,0.09535739399269576,0.8653803311286373,25,20,20
34,4589,0.04018013447173488,5.259401690204927e-10,0.09443953399129347,0.8653803310110315,25,20,20
34,4590,0.04018013447173494,5.259401690213003e-10,0.0944396957889936,0.8653801692133313,25,20,20
34,4591,0.040180134471735,5.261825103626419e-10,0.09481277628576307,0.8650070887163195,25,20,20
34,4592,0.040180134471921064,5.266716761529189e-10,0.09481947429344771,0.8650003907079595,25,20,20
34,4593,0.040180134471966535,5.266716787717624e-10,0.09482159767066958,0.8649982673306922,25,20,20
34,4594,0.015619791316782212,8.135024432538712e-09,0.11290150304449487,0.8714786975036986,25,20,20
34,4595,0.015619791316782212,8.135024432516343e-09,0.11290150362008251,0.8714786969281108,25,20,20
34,4596,0.015619791316782212,8.135024431227143e-09,0.1127720960575271,0.8716081044906662,25,20,20
34,4597,0.015619791316827747,8.13502879530095e-09,0.11276976879608006,0.8716104317520633,25,20,20
34,4598,0.015619791316821412,8.135028718866958e-09,0.11267749408240992,0.87170270646574,25,20,20
34,4599,0.015619791316821412,8.135032936518448e-09,0.11267298782678674,0.871707212721359,25,20,20
34,4600,0.015619791316821343,8.134790592582413e-09,0.11230214548219405,0.8720780550661941,25,20,20
34,4601,0.015619791316821332,8.13479059258201e-09,0.1123022243580647,0.8720779761903235,25,20,20
34,4602,0.015619791316821346,8.135030894645703e-09,0.11230686260052217,0.8720733379476258,25,20,20
34,4603,0.015619791316821292,8.135030819377253e-09,0.11230674918571713,0.8720734513624309,25,20,20
34,4604,0.015619791316821239,8.135030818102277e-09,0.11230666786970771,0.8720735326784402,25,20,20
34,4605,0.015619791316819152,7.618309120075794e-09,0.09831238796921019,0.8860678130956618,25,20,20
34,4606,0.015619791316819166,7.618309122693634e-09,0.09831239138938778,0.8860678096754842,25,20,20
34,4607,0.015619791316773648,7.618309048249318e-09,0.09831662335130761,0.88606357771361,25,20,20
34,4608,0.015619791316776844,7.618313337299944e-09,0.09831663040936199,0.8860635706555482,25,20,20
34,4609,0.015619791168846724,7.618304754889049e-09,0.09831241537053267,0.8860677858423164,25,20,20
34,4610,0.01561979116866062,7.617815661691228e-09,0.0983123191851691,0.8860678820283551,25,20,20
34,4611,0.015619791168660604,7.617811444713066e-09,0.0983058285537462,0.8860743726597821,25,20,20
34,4612,0.01561979116866059,7.617811369434054e-09,0.0982992263087149,0.8860809749048134,25,20,20
34,4613,0.015619791168842313,7.61781564989126e-09,0.0983915263611526,0.8859886748521898,25,20,20
34,4614,0.015619791168839173,7.61805963470549e-09,0.09847912041922825,0.8859010807938733,25,20,20
34,4615,0.015619791168839188,7.618059620219102e-09,0.09860204912878488,0.8857781520843168,25,20,20
34,4616,0.015619791168881509,7.617815101806149e-09,0.09859949541562703,0.8857807057976769,25,20,20
34,4617,0.015619791168881509,7.617815101828516e-09,0.0985996104749341,0.8857805907383696,25,20,20
34,4618,0.01561979116888232,7.617815101824555e-09,0.09872953532517086,0.8856506658881321,25,20,20
34,4619,0.015619791168882336,7.617819393461307e-09,0.09872965010299975,0.8856505511102989,25,20,20
34,4620,0.02597169273018811,3.915449637295915e-05,0.094632242345151,0.8793569104282887,25,20,20
34,4621,0.025971692730007184,3.9154496373044276e-05,0.09454010104106166,0.8794490517325587,25,20,20
34,4622,0.025971692730010362,3.9154496616039915e-05,0.09480633711427926,0.8791828156590951,25,20,20
34,4623,0.025971692730010362,3.915449661603996e-05,0.09480622117678653,0.8791829315965878,25,20,20
34,4624,0.025971692730010362,3.915449661604253e-05,0.0948061411698764,0.8791830116034979,25,20,20
34,4625,0.02597169272996483,3.9154496616038574e-05,0.09480393390336862,0.8791852188700511,25,20,20
34,4626,0.025971692729964833,3.915449661178698e-05,0.09443245147003956,0.8795567013033844,25,20,20
34,4627,0.025971692729967757,3.915449679188938e-05,0.10548876098565108,0.8685003917875895,25,20,20
34,4628,0.025971692729967008,3.915449679196335e-05,0.10535880407810756,0.8686303486951337,25,20,20
34,4629,0.025971692729966907,3.9154497035943346e-05,0.10544960668898778,0.8685395460840095,25,20,20
34,4630,0.025971692729967175,3.915449686013256e-05,0.09439187298570446,0.8795972797874687,25,20,20
34,4631,0.0018122532500451293,1.021562104578772e-11,0.11877725644083686,0.8794104902989024,25,20,20
34,4632,0.001812253250045117,1.021141859132694e-11,0.11865242369444777,0.8795353230452957,25,20,20
34,4633,0.002238363615488865,2.5783379497155923e-10,0.1182263806160308,0.8795352555106463,25,20,20
34,4634,0.0022383636154857255,2.578337936969853e-10,0.11822638059112486,0.8795352555355553,25,20,20
34,4635,0.002238363615485725,2.575940998056323e-10,0.11814068934555355,0.8796209467813663,25,20,20
34,4636,0.0022383636154857237,2.5759409716501123e-10,0.11814068826072431,0.8796209478661955,25,20,20
34,4637,0.0022383636154857237,2.5758973419395075e-10,0.11814056902012304,0.8796210671068012,25,20,20
34,4638,0.002238363615482583,2.575939487351215e-10,0.11814518751659034,0.8796164486103326,25,20,20
34,4639,0.002238363615482569,2.5759394611728183e-10,0.11814518351072671,0.8796164526161964,25,20,20
34,4640,0.0022383636283755753,1.0471899190333156e-09,0.11839951944811351,0.8793621158763206,25,20,20
34,4641,0.005660738458538947,1.0472118954846757e-09,0.11497714461332251,0.8793621158809275,25,20,20
34,4642,0.005660738458535752,1.0472076064344684e-09,0.11497705213124326,0.879362208363014,25,20,20
34,4643,0.005660738458490322,1.0469678414757546e-09,0.11488416496551103,0.8794550955290314,25,20,20
34,4644,0.00566073845849112,1.0469679154346545e-09,0.11489068889633319,0.8794485715982083,25,20,20
34,4645,0.004063431986189469,1.890241846422623e-09,0.11648799050484383,0.8794485756187252,25,20,20
34,4646,0.004063431986189483,1.8902460636045466e-09,0.11649257878025708,0.8794439873433078,25,20,20
34,4647,0.004063431986189427,1.8902459883356256e-09,0.11649249828486166,0.8794440678387032,25,20,20
34,4648,0.0040634319732963655,1.100645724482638e-09,0.11623164013216483,0.8797049267938936,25,20,20
34,4649,0.0035774008315194463,8.294374686743996e-07,0.11671684217213076,0.879704927558882,25,20,20
34,4650,0.003577400831518646,8.294374686730777e-07,0.116723404926867,0.8796983648041464,25,20,20
34,4651,0.03753187119346954,8.441083375793735e-10,0.08276983246483248,0.8796982954975904,25,20,20
34,4652,0.037532008227514596,8.362258245741908e-13,0.08276969625510124,0.8796982955165485,25,20,20
34,4653,0.037532008227514596,8.362258249080269e-13,0.08277185996945458,0.8796961318021953,25,20,20
34,4654,0.0375320082275154,8.362284885882329e-13,0.08277348362015337,0.8796945081514957,25,20,20
34,4655,0.03753200822751228,5.933094397582091e-13,0.08250724698750496,0.8799607447843902,25,20,20
34,4656,0.03753200822751548,5.976730272550103e-13,0.0825138244758644,0.8799541672960233,25,20,20
34,4657,0.037532008227518704,5.978225627939999e-13,0.08278015578571468,0.8796878359861695,25,20,20
34,4658,0.03753200822752184,5.978225486482023e-13,0.08277557457243563,0.8796924171994454,25,20,20
34,4659,0.03753200822770323,6.021138647553271e-13,0.08277714483725215,0.8796908469344431,25,20,20
34,4660,0.037532008227703244,6.021151263874047e-13,0.08315026362763915,0.8793177281440562,25,20,20
34,4661,0.03753200822770324,6.022629622249951e-13,0.0835232848107145,0.8789447069609806,25,20,20
34,4662,0.03753200822770319,6.064054206712184e-13,0.08315037836972046,0.8793176134019705,25,20,20
34,4663,0.033993396424711636,9.144742948511288e-12,0.08668899023874549,0.879317613327399,25,20,20
34,4664,0.033993396424708444,9.14037674276319e-12,0.08668238371510104,0.8793242198510509,25,20,20
34,4665,0.03399339642470846,9.140453308620993e-12,0.08668018668102506,0.8793264168851267,25,20,20
34,4666,0.03399339642470931,9.385033042513674e-12,0.08668752034939844,0.8793190832165078,25,20,20
34,4667,7.173901680273019e-05,9.778526726222508e-07,0.12060819704516415,0.8793190860853616,25,20,20
34,4668,0.000993068174842054,9.361464018206246e-12,0.11968784851734471,0.8793190832984524,25,20,20
34,4669,0.0009930681852220026,9.606110016990592e-12,0.119694151876273,0.8793127799288994,25,20,20
34,4670,0.0009930681852188285,9.60596307692328e-12,0.11942782140312294,0.8795791104020529,25,20,20
34,4671,0.0009930681852188274,9.60167276027022e-12,0.11942773862865608,0.879579193176524,25,20,20
34,4672,0.0009930681852188285,9.60174804286249e-12,0.11943244046153093,0.8795744913436491,25,20,20
34,4673,0.000993098888991447,4.124576381401675e-08,0.12302296062812446,0.8759838992371209,25,20,20
34,4674,0.0009930988893132881,4.124577139621067e-08,0.1276820248734784,0.8713248349914374,25,20,20
34,4675,0.000993098889313233,4.124577139489057e-08,0.12768210252882967,0.8713247573360863,25,20,20
34,4676,0.000993098889313233,4.1245771393558196e-08,0.1276886242436475,0.8713182356212684,25,20,20
34,4677,0.0009930988893132337,4.1245767101898275e-08,0.12769322528290653,0.8713136345820138,25,20,20
34,4678,0.0009930988996941653,4.1245767175861675e-08,0.12769141974581846,0.8713154401087208,25,20,20
34,4679,0.0009930988996942074,4.124576295948515e-08,0.12769592436321767,0.8713109354913258,25,20,20
34,4680,0.0009930988996949934,4.124576303349238e-08,0.12732292163789505,0.8716839382166475,25,20,20
34,4681,0.0009930988893150437,4.124551838621909e-08,0.12731434083081333,0.8716925190343539,25,20,20
34,4682,0.000993098889314244,4.124551838677886e-08,0.12768732782596318,0.8713195320392048,25,20,20
34,4683,0.0009930988893141882,4.124551838812213e-08,0.12768261128579722,0.8713242485793706,25,20,20
34,4684,0.0009930988893150374,4.1245765571548424e-08,0.12794888096888923,0.8710579788960306,25,20,20
34,4685,0.0009930988893149823,4.124576557155712e-08,0.1279442621605221,0.8710625977043979,25,20,20
34,4686,0.0009930988893149823,4.124576549757225e-08,0.1279396414029959,0.8710672184619243,25,20,20
34,4687,0.0009930988893149283,4.124576542363294e-08,0.12793496799082937,0.8710718918740907,25,20,20
34,4688,0.000993098889314137,4.124552178715935e-08,0.133918204807163,0.8650886550580016,25,20,20
34,4689,0.0009930988893149218,4.124551756998759e-08,0.13392010771199223,0.8650867521531757,25,20,20
34,4690,0.0009930988893141373,4.1245517494708566e-08,0.1339202352829315,0.8650866245822373,25,20,20
34,4691,0.0009930988893140783,4.1245513872486954e-08,0.12767064631551833,0.8713362135496542,25,20,20
34,4692,0.0009930988893140794,4.1245513947778634e-08,0.12767072938155496,0.8713361304836174,25,20,20
34,4693,0.0009930988919091745,4.1245758531352066e-08,0.12767083190371328,0.8713360279586193,25,20,20
34,4694,0.039483814901458573,4.1516160363949845e-08,0.08917872761068937,0.8713374159716917,25,20,20
34,4695,0.03948381489107764,4.1516160362660264e-08,0.08917404427505986,0.871342099317702,25,20,20
34,4696,0.039483814890755815,4.1516396637897124e-08,0.08464008837509557,0.8758760552177517,25,20,20
34,4697,0.03948381489075583,4.1516396563343395e-08,0.08426926504870798,0.8762468785441395,25,20,20
34,4698,0.039483814890756676,4.1516392277449684e-08,0.0842646429564694,0.8762515006363817,25,20,20
34,4699,0.03948381489075577,4.1516392273510054e-08,0.08426618397766526,0.8762499596151868,25,20,20
34,4700,0.03948381489075577,4.151639219953894e-08,0.0842660701130932,0.8762500734797589,25,20,20
34,4701,0.03948381489335151,4.1516641059044994e-08,0.08427531260711313,0.8762408309828945,25,20,20
34,4702,0.039483814893351524,4.151664098639432e-08,0.08427531130732926,0.8762408322826784,25,20,20
34,4703,0.03948381489075579,4.151639212559053e-08,0.08426598832364673,0.8762501552692055,25,20,20
34,4704,0.03948381489075578,4.15166366439535e-08,0.08427070793236811,0.8762454356602396,25,20,20
34,4705,0.039455120730342776,4.15166367537832e-08,0.08429940613215324,0.8762454316208672,25,20,20
34,4706,0.03945512073034272,4.15163921601286e-08,0.08429465171149866,0.8762501860417666,25,20,20
34,4707,0.03945512073034272,4.15163921601286e-08,0.08429465171149866,0.8762501860417666,25,20,20
34,4708,0.03945512073034277,4.1516396453068924e-08,0.08428806001066359,0.8762567777425972,25,20,20
34,4709,0.03987691426894929,4.12476660443793e-08,0.08386765482820657,0.8762553896551779,25,20,20
34,4710,0.03987691426895243,4.124766604438005e-08,0.08386765530584028,0.876255389177541,25,20,20
34,4711,0.003602371581127818,6.727453288847562e-08,0.12014204577961564,0.8762555153647236,25,20,20
34,4712,0.003602371581127805,6.727453303631071e-08,0.12051286910696113,0.8758846920373781,25,20,20
34,4713,0.0036023408775367675,2.6038619080362744e-08,0.1170519040895022,0.8793457289943416,25,20,20
34,4714,0.0036023408775367398,2.6038375224228873e-08,0.1169267950653167,0.879470838018771,25,20,20
34,4715,0.0036023408777180175,2.603813493721839e-08,0.11692183252676161,0.8794758005573853,25,20,20
34,4716,0.003602340877721213,2.6038130648221864e-08,0.11692179910140257,0.8794758339827454,25,20,20
34,4717,0.003602340877718067,2.603813450390545e-08,0.1215804970712715,0.8748171360128769,25,20,20
34,4718,0.0036023408777181233,2.6038134576570623e-08,0.12158508610843283,0.8748125469757154,25,20,20
34,4719,0.0036023408777213174,2.6038379160111706e-08,0.12159171007551338,0.8748059230083872,25,20,20
34,4720,0.0036023408777205207,2.603837908480993e-08,0.12158526837741343,0.874812364706488,25,20,20
34,4721,0.0036023408777205333,2.603837908480957e-08,0.12158376339191312,0.8748138696919883,25,20,20
34,4722,0.00360234088030768,2.6038622988979424e-08,0.12171404245254144,0.8746835906285287,25,20,20
34,4723,0.003602340877712585,2.6038378405440568e-08,0.12170745102389756,0.8746901820600124,25,20,20
34,4724,0.0036023408775304523,2.6038374112739527e-08,0.12170507909235959,0.8746925539917366,25,20,20
34,4725,0.0036023408775305212,2.6038374188028676e-08,0.1217067007666635,0.8746909323174326,25,20,20
34,4726,0.0036023408775760412,2.605231349338809e-08,0.12171885852325501,0.8746787745468562,25,20,20
34,4727,0.0036023408775791793,2.6052313420723337e-08,0.12171418547601993,0.8746834475940882,25,20,20
34,4728,0.003602340877579178,2.605231341944877e-08,0.12171410490985579,0.8746835281602522,25,20,20
34,4729,0.0036023414004284476,2.6052529548437032e-08,0.12637344781108797,0.8700241847359546,25,20,20
34,4730,0.0036023414004284606,2.6052772617635013e-08,0.12663975330922578,0.8697578792375735,25,20,20
34,4731,0.0036023414004285152,2.6052772617634616e-08,0.12663975332188165,0.8697578792249177,25,20,20
34,4732,0.0036023414004285287,2.6052772471096536e-08,0.12626665375750698,0.8701309787892925,25,20,20
34,4733,0.0036023414002463575,2.6052772469589896e-08,0.12626816536694416,0.8701294671800376,25,20,20
34,4734,0.01721451749425716,1.1295359352576488e-07,0.11264094128484055,0.8701444282673085,25,20,20
34,4735,0.017214517494214838,1.129396585119351e-07,0.1126302437400091,0.8701551258261175,25,20,20
34,4736,0.04684263362975934,1.1293085842906878e-07,0.08300212760838548,0.8701551258309971,25,20,20
34,4737,0.046842633106910864,1.1293064666519621e-07,0.0783473744156367,0.8748098795468056,25,20,20
34,4738,0.04684263310690768,1.1293040215693801e-07,0.07834537197617696,0.8748118819865129,25,20,20
34,4739,0.04684263310690767,1.1293040208035743e-07,0.07834066937320756,0.8748165845894824,25,20,20
34,4740,0.04684263310690767,1.129304020829521e-07,0.07834074994966744,0.8748165040130226,25,20,20
34,4741,0.04684263310690447,1.1293040629930347e-07,0.0783407715945485,0.8748164823681406,25,20,20
34,4742,0.04684263310690447,1.1293040630062436e-07,0.07834080958102788,0.8748164443816612,25,20,20
34,4743,0.04684263310691086,1.1293041058372097e-07,0.07843310647949567,0.8747241474831828,25,20,20
34,4744,0.04684263310691079,1.1293041050972997e-07,0.0784315227690764,0.8747257311936021,25,20,20
34,4745,0.04684263310691085,1.1293041065794459e-07,0.07869777408712963,0.8744594798755486,25,20,20
34,4746,0.046842633106913736,1.1293041451492491e-07,0.08335660295051012,0.8698006510121616,25,20,20
34,4747,0.04684263310691452,1.1293041451540859e-07,0.08335209609275543,0.8698051578699156,25,20,20
34,4748,0.04684263310432737,1.1293017061126113e-07,0.08322193089139633,0.8699353230741057,25,20,20
34,4749,0.04684263310432657,1.129301662448477e-07,0.08321722671334784,0.8699400272521594,25,20,20
34,4750,0.046842633104327354,1.1293016617087635e-07,0.0832238454299432,0.8699334085355633,25,20,20
34,4751,0.046842633104327354,1.1293016617087635e-07,0.08322396187665584,0.8699332920888507,25,20,20
34,4752,0.04684263310432813,1.1293041075179942e-07,0.08323058516535146,0.8699266687999097,25,20,20
34,4753,0.04684263310432893,1.1293041504326827e-07,0.08323224631152124,0.8699250076537348,25,20,20
34,4754,0.046842633104373615,1.129443254300198e-07,0.08332078818078942,0.8698364657705117,25,20,20
34,4755,0.04684263310437362,1.1294432543131173e-07,0.08332084254907902,0.869836411402222,25,20,20
34,4756,0.04684263310437368,1.1293042362618277e-07,0.08322731162880752,0.8699299423363952,25,20,20
34,4757,0.04684263310437688,1.1293042791860729e-07,0.08323194520535435,0.869925308759841,25,20,20
34,4758,0.04684263310433134,1.1293041941224134e-07,0.08323680440682597,0.8699204495584233,25,20,20
34,4759,0.04684263310504827,1.1293137831762672e-07,0.11964574587209008,0.8335115080914829,25,20,20
34,4760,0.04684885008811086,1.23528724321684e-07,0.10125364774227189,0.8518973786408932,25,20,20
34,4761,0.04684885008811001,1.2352871995492383e-07,0.10125198598422204,0.8518990403989483,25,20,20
34,4762,0.04684885008815515,1.243169506737977e-07,0.10158183045499176,0.8515691951399027,25,20,20
34,4763,0.04684885008815515,1.243169506738201e-07,0.10158174856376762,0.8515692770311268,25,20,20
34,4764,0.046848850088151955,1.2431694638267093e-07,0.10157700251537785,0.8515740230795241,25,20,20
34,4765,0.046848850088151955,1.2431694216632505e-07,0.10157688834799879,0.8515741372469074,25,20,20
34,4766,0.046848850088151955,1.2431694216762278e-07,0.10157696882334742,0.8515740567715588,25,20,20
34,4767,0.046848850088148805,1.2431693787470408e-07,0.10157698921659111,0.8515740363783224,25,20,20
34,4768,0.04684885008815275,1.2431693824605775e-07,0.13811518781486576,0.8150358377800441,25,20,20
34,4769,0.04684885008815279,1.2431693831873122e-07,0.1381152668875409,0.8150357587073686,25,20,20
34,4770,0.04684885008815277,1.243166953234949e-07,0.13785363477240353,0.8152973908227489,25,20,20
34,4771,0.04732846681129816,9.322539150543026e-07,0.143302153207663,0.8093684477271244,25,20,20
34,4772,0.04732846681129816,9.322539151282737e-07,0.1433021880187525,0.8093684129160347,25,20,20
34,4773,0.04732846681129736,9.322536705460758e-07,0.14329548499265315,0.8093751159423793,25,20,20
34,4774,0.0699892396710572,8.193243115144893e-07,0.12064991234441451,0.8093600286602174,25,20,20
34,4775,0.06998923967105436,8.193245506518256e-07,0.1162573974157032,0.8137525435886921,25,20,20
34,4776,0.06998923967105436,8.193243077327771e-07,0.11599116079615002,0.8140187802084883,25,20,20
34,4777,0.06998923967105436,8.193243082006694e-07,0.1117054029038286,0.8183045381008092,25,20,20
34,4778,0.06998923968136103,8.193243081258568e-07,0.11172978420229777,0.8182801567920334,25,20,20
34,4779,0.06998923968136103,8.193243081245134e-07,0.11172978277149773,0.8182801582228333,25,20,20
34,4780,0.06998923968136415,8.193245467939579e-07,0.11162303139520939,0.8183869095988798,25,20,20
34,4781,0.06998923968140969,8.193245510096286e-07,0.11162303540229869,0.8183869055917409,25,20,20
34,4782,0.06998923968140969,8.193245552259912e-07,0.11161845458542315,0.8183914864086121,25,20,20
34,4783,0.07939069807719225,8.388735100336223e-07,0.10221688496893767,0.8183915780803603,25,20,20
34,4784,0.07939069807718907,8.388737503389584e-07,0.10222000308787353,0.8183884599611873,25,20,20
34,4785,0.07939069807714355,8.388737461220257e-07,0.10221351543556038,0.8183949476135501,25,20,20
34,4786,0.0793906980771436,8.388874408291991e-07,0.10222109486065908,0.8183873681747567,25,20,20
34,4787,0.0793906980771436,8.388874408304968e-07,0.10222098038705864,0.818387482648357,25,20,20
34,4788,0.06849884799157567,8.193385470737974e-07,0.11311294167750367,0.8183873909923737,25,20,20
34,4789,0.06849884799157255,8.193383041534506e-07,0.112846672236266,0.8186536604338573,25,20,20
34,4790,0.06849884799157581,8.19338304156092e-07,0.11284678131056249,0.8186535513595579,25,20,20
34,4791,0.06849884799152749,8.185500735837557e-07,0.11289001023144929,0.8186103232269498,25,20,20
34,4792,0.06849884799152668,8.185500692921417e-07,0.11288989403929911,0.8186104394191049,25,20,20
34,4793,0.06849884799152668,8.185500692908663e-07,0.11289000651114212,0.8186103269472619,25,20,20
34,4794,0.06849884887587754,8.185500706016425e-07,0.11635057722435636,0.8151497553496954,25,20,20
34,4795,0.06849884887587748,8.185500705263737e-07,0.11635057577195265,0.8151497568020993,25,20,20
34,4796,0.0684988488758775,8.185500662373463e-07,0.11635706176822094,0.8151432708058353,25,20,20
34,4797,0.06849884887587829,8.185500705287368e-07,0.11635926237623899,0.8151410701978122,25,20,20
34,4798,0.06849884887587904,8.185500747443946e-07,0.11636578583029301,0.8151345467437533,25,20,20
34,4799,0.06849884887587898,8.185500746691033e-07,0.11636570333728645,0.81513462923676,25,20,20
34,4800,0.06849884887588217,8.185639860461358e-07,0.11645805047780368,0.8150422820823282,25,20,20
34,4801,0.06862201262301937,8.185640429672381e-07,0.1163348867231304,0.8150422820898072,25,20,20
34,4802,0.06862201262302253,8.185640429672069e-07,0.11660197354500655,0.8147751952679279,25,20,20
34,4803,0.07199844065887578,1.1102401884703999e-05,0.11321268221972974,0.8147777747195097,25,20,20
34,4804,0.08473615695077669,1.0283869197364787e-05,0.10699047534693364,0.8082630838330924,25,20,20
34,4805,0.08473615695077667,1.028386919736349e-05,0.10698394988476412,0.8082696092952619,25,20,20
34,4806,0.08473615695077831,1.028386919743879e-05,0.10698831113224065,0.8082652480477835,25,20,20
34,4807,0.08473615695077667,1.0283869201578539e-05,0.10698406404041433,0.8082694951396074,25,20,20
34,4808,0.08473615709868657,1.0283855534844257e-05,0.10690054311173154,0.8083530159340472,25,20,20
34,4809,0.08473615709868332,1.0283855534842937e-05,0.10690054788662655,0.8083530111591554,25,20,20
34,4810,0.08473615709868415,1.0283855539060531e-05,0.10652906961959152,0.8087244894261855,25,20,20
34,4811,0.08473615709868415,1.0283855539061827e-05,0.10652910252880333,0.8087244565169737,25,20,20
34,4812,0.08473615709868496,1.0283855539212372e-05,0.10653380458600624,0.8087197544597697,25,20,20
34,4813,0.11099378218645413,1.0303952593966996e-05,0.08621839594054476,0.8027775179204071,25,20,20
34,4814,0.11111145809463231,1.030736604940661e-05,0.0865472774004489,0.8023309571388697,25,20,20
34,4815,0.11111145809463319,1.0307366049481914e-05,0.08655388304754151,0.8023243514917757,25,20,20
34,4816,0.1111114580946719,1.0307366287541488e-05,0.08683470889249444,0.8020435256465462,25,20,20
34,4817,0.11059171609298638,1.0312477245843017e-05,0.08735305685739408,0.8020449145723739,25,20,20
34,4818,0.11059171609298551,1.0312477250058053e-05,0.08734664649358483,0.8020513249361799,25,20,20
34,4819,0.11059171609298234,1.0312477250056788e-05,0.08707952627764984,0.8023184451521181,25,20,20
34,4820,0.1105917160929815,1.0312477245692656e-05,0.08707952267379072,0.8023184487559825,25,20,20
34,4821,0.11059171609298075,1.0312477245544731e-05,0.0870748234508992,0.8023231479788748,25,20,20
34,4822,0.11059171609555206,1.0312477487883255e-05,0.08744850618642083,0.8019494652405396,25,20,20
34,4823,0.11059171609555203,1.0312477487881935e-05,0.08744688618953461,0.8019510852374258,25,20,20
34,4824,0.110591716095552,1.0312477487881935e-05,0.0874469529777003,0.8019510184492602,25,20,20
34,4825,0.11059171609555206,1.0312477487954633e-05,0.08744698004002872,0.8019509913869314,25,20,20
34,4826,0.07356273967893161,1.1145626749630382e-05,0.1242564952752644,0.802169619419054,25,20,20
34,4827,0.07356273967893161,1.1145626753920475e-05,0.12425877143235158,0.8021673432619626,25,20,20
34,4828,0.07356274231800285,1.116059854335664e-05,0.1510303098713606,0.7753957872120936,25,20,20
34,4829,0.07356274231800283,1.1160598543357906e-05,0.15103489059927946,0.7753912064841747,25,20,20
34,4830,0.07356304883048807,1.1146138079039643e-05,0.16425413349947118,0.7621716715319615,25,20,20
34,4831,0.07356304883049117,1.1146124143998712e-05,0.16450814597364002,0.7619176590717247,25,20,20
34,4832,0.07356304883049117,1.114612414407266e-05,0.16450811459243597,0.7619176904529286,25,20,20
34,4833,0.07356304795912474,1.1146124163878897e-05,0.16105829272154323,0.7653675131951683,25,20,20
34,4834,0.07356304795912467,1.1146124159662767e-05,0.16106071498636415,0.7653650909303518,25,20,20
34,4835,0.0735630479591279,1.1146124163953915e-05,0.16106546668833244,0.7653603392283758,25,20,20
34,4836,0.07356304795912469,1.1146124163925841e-05,0.16132704627513228,0.7650987596415791,25,20,20
34,4837,0.07344537205005723,1.1142787417775793e-05,0.16445845710600954,0.7620850280565155,25,20,20
34,4838,0.0734453720500572,1.114278741770183e-05,0.164453837014563,0.762089648147962,25,20,20
34,4839,0.07106673578859851,1.0304536083879246e-05,0.16705318999757984,0.7618697696777383,25,20,20
34,4840,0.07106673578859772,1.0304536079586516e-05,0.1670509108606279,0.7618720488146955,25,20,20
34,4841,0.07955221584903699,2.0698156431194256e-08,0.15857829411108942,0.7618694693417182,25,20,20
34,4842,0.07955221584903699,2.0698156431194256e-08,0.15857829411108948,0.7618694693417182,25,20,20
34,4843,0.07955221584646577,2.0697914095287223e-08,0.15820450037460726,0.762243263081014,25,20,20
34,4844,0.07955221584646577,2.0697914095296408e-08,0.15819991440366324,0.7622478490519579,25,20,20
34,4845,0.07955221584646571,2.069791409265499e-08,0.15820002740638117,0.76224773604924,25,20,20
34,4846,0.07955221584646577,2.0697914167946963e-08,0.1582000893569841,0.7622476740986369,25,20,20
34,4847,0.07955221584646582,2.0697909903575393e-08,0.15793855437904014,0.7625092090765848,25,20,20
34,4848,0.07955221584646584,2.0697909828306126e-08,0.1579385549798338,0.7625092084757913,25,20,20
34,4849,0.07955221584646584,2.0697909825710658e-08,0.15793844053062236,0.7625093229250026,25,20,20
34,4850,0.07955221584646668,2.0697914118022378e-08,0.15794507809240632,0.7625026853632135,25,20,20
34,4851,0.07955221584646668,2.0698154436849272e-08,0.15794718744607616,0.7625005760093033,25,20,20
34,4852,0.07955221584646748,2.0698150220491136e-08,0.1579535972321262,0.7624941662232565,25,20,20
34,4853,0.079048709076132,2.0873862223265435e-08,0.15845710380433542,0.7624941662456708,25,20,20
34,4854,0.07904870906582528,2.087386214984027e-08,0.15816650591579723,0.7627847641445155,25,20,20
34,4855,0.07904875430955703,2.6355232191341455e-07,0.1581014335076631,0.7628495486304583,25,20,20
34,4856,0.07904875430955703,2.635523219147249e-07,0.1580949476191255,0.7628560345189958,25,20,20
34,4857,0.07904875431212753,2.6433847484189847e-07,0.15852927367453223,0.7624217076748657,25,20,20
34,4858,0.07954662357186612,2.641627917618473e-07,0.15803140461288628,0.7624217076524562,25,20,20
34,4859,0.07954662357186612,2.6416279176314483e-07,0.15803800937627394,0.7624151028890686,25,20,20
34,4860,0.07954662357186607,2.6416279169044775e-07,0.15803802343825074,0.7624150888270919,25,20,20
34,4861,0.07954662357186687,2.641627958929399e-07,0.15816747145329735,0.7622856408120401,25,20,20
34,4862,0.07954662357186687,2.64162555574113e-07,0.15816536209962742,0.7622877501659504,25,20,20
34,4863,0.07954662357186766,2.641625598670475e-07,0.15816555879380595,0.7622875534717667,25,20,20
34,4864,0.07069147363766451,2.642191976105687e-07,0.1670207081364269,0.7622875540067112,25,20,20
34,4865,0.0706914736376645,2.64219197609271e-07,0.16702067270549048,0.7622875894376476,25,20,20
34,4866,0.07069147363766454,2.6421919761056874e-07,0.16702067320823083,0.7622875889349071,25,20,20
34,4867,0.07069147363766454,2.642192019483968e-07,0.1672867759043605,0.7620214862387731,25,20,20
34,4868,0.07069147363766218,2.6421920205208213e-07,0.16702210563493872,0.7622861565081971,25,20,20
34,4869,0.0727048302360707,2.783109576446907e-07,0.15211482405472052,0.775180067398251,25,20,20
34,4870,0.07270483035652903,2.3807963678880067e-06,0.1595444575527155,0.7677483312943876,25,20,20
34,4871,0.07270590816515361,3.6463355503540324e-06,0.1596079794792428,0.7676824660200536,25,20,20
34,4872,0.07270590816533572,3.6463355460914644e-06,0.15934638361898107,0.7679440618801375,25,20,20
34,4873,0.07270590816533572,3.6463355418012845e-06,0.15934483777523373,0.7679456077238892,25,20,20
34,4874,0.10658289239476185,2.1380400073653504e-06,0.12546948798892435,0.7679454815763065,25,20,20
34,4875,0.08864947256807772,2.118332342154092e-06,0.14340292570290392,0.7679454833966759,25,20,20
34,4876,0.0886494725678956,2.1183323420801297e-06,0.14339819029289697,0.7679502188068651,25,20,20
34,4877,0.08864947256789878,2.118332342155404e-06,0.14339813739070803,0.7679502717090508,25,20,20
34,4878,0.08864947256808117,2.118346244283539e-06,0.1435170243314175,0.7678313847542568,25,20,20
34,4879,0.08877342381111837,2.3778099073992083e-06,0.1433927926387866,0.7678314057401875,25,20,20
34,4880,0.09763064422885893,2.377753243202798e-06,0.13453557281238812,0.7678314052055096,25,20,20
34,4881,0.11889611002547454,2.363153693350157e-06,0.12616403253075925,0.7549374942900726,25,20,20
34,4882,0.11890434347041247,2.3631536721898952e-06,0.12960684941167988,0.751486443964236,25,20,20
34,4883,0.1189043434807921,2.3631539167714537e-06,0.12961335893780526,0.7514799344274863,25,20,20
34,4884,0.13559335347724202,2.363156737183734e-06,0.1129243489250265,0.7514799344409944,25,20,20
34,4885,0.1355933534772874,2.3631569767216334e-06,0.11305416056205361,0.7513501228036823,25,20,20
34,4886,0.1355887648001206,2.3631570302167255e-06,0.11305874922423839,0.7513501228186107,25,20,20
34,4887,0.14184861480153338,2.3627654979908064e-06,0.10679890144449153,0.7513501209884769,25,20,20
34,4888,0.1418486148015334,2.3627655022804357e-06,0.10680550594072576,0.7513435164922383,25,20,20
34,4889,0.14184861480148833,2.362765259939084e-06,0.10643246569947123,0.7517165567337802,25,20,20
34,4890,0.1537433929192246,2.362765258562934e-06,0.09453768760250064,0.7517165567130161,25,20,20
34,4891,0.1537433929190454,2.3627513565087706e-06,0.0944188840626252,0.7518353602669728,25,20,20
34,4892,0.12399875221008942,2.1032956765846313e-06,0.12416368742593523,0.7518354570682994,25,20,20
34,4893,0.12399875221008702,2.103295676583352e-06,0.12416580261790452,0.7518333418763323,25,20,20
34,4894,0.12399875221008698,2.103295676658632e-06,0.12416760913799442,0.7518315353562425,25,20,20
34,4895,0.12369070202214454,2.10330206973731e-06,0.12447556370292917,0.7518316309728571,25,20,20
34,4896,0.14298134947591065,2.1032940624876903e-06,0.10518503305437506,0.7518315141756517,25,20,20
34,4897,0.1429813494759107,2.1032940624876908e-06,0.10518965371549648,0.7518268935145302,25,20,20
34,4898,0.14298134947591312,2.103294062489676e-06,0.10518324445233347,0.7518333027776908,25,20,20
34,4899,0.1429813494759131,2.1032940581987043e-06,0.10517680174146514,0.7518397454885634,25,20,20
34,4900,0.1429813494733426,2.102507905272829e-06,0.10474236322016704,0.7522741847985849,25,20,20
34,4901,0.14298134947334257,2.102507905274104e-06,0.10474230331789086,0.7522742447008609,25,20,20
34,4902,0.1579271091979944,2.103461951845779e-06,0.08979653758869553,0.752274249751358,25,20,20
34,4903,0.15572896724058213,3.218283630240538e-06,0.09198824801568095,0.7522795664601065,25,20,20
34,4904,0.15572073379708717,3.218283654192191e-06,0.09199525951260756,0.7522807884066506,25,20,20
34,4905,0.15572073379708717,3.2182836541169223e-06,0.09199745666650865,0.7522785912527497,25,20,20
34,4906,0.15572073379708645,3.218283654044231e-06,0.09200144847621326,0.7522745994430459,25,20,20
34,4907,0.1557207337970834,3.2182834144316856e-06,0.09187813762440518,0.7523979102950967,25,20,20
34,4908,0.1557207336766251,1.1157980041883436e-06,0.08444853953230445,0.7598296109930659,25,20,20
34,4909,0.15572073366320108,1.1157993209790617e-06,0.08438224797808751,0.7598959025593899,25,20,20
34,4910,0.15572073367237393,1.1157995371087708e-06,0.08904131098132506,0.7552368395467635,25,20,20
34,4911,0.15572073367237313,1.1157995370322043e-06,0.08904119365729894,0.7552369568707904,25,20,20
34,4912,0.15572073367237235,1.1157995369569352e-06,0.08904335065262156,0.7552347998754688,25,20,20
34,4913,0.15572073367241743,1.1157995412059435e-06,0.08941646264575015,0.7548616878822908,25,20,20
34,4914,0.15572073367241743,1.1157995412792146e-06,0.08942287189981109,0.7548552786282298,25,20,20
34,4915,0.15572073367253142,1.1157995370287194e-06,0.09471092337090607,0.749567227157025,25,20,20
34,4916,0.15572073367264674,1.1157996946445983e-06,0.10867433441447978,0.7356038161131784,25,20,20
34,4917,0.15572073367264674,1.1157996946458962e-06,0.108674335846621,0.7356038146810371,25,20,20
34,4918,0.1557207336726468,1.115799939154158e-06,0.10867443608448638,0.7356037144429272,25,20,20
34,4919,0.11891408704310628,9.719693372643926e-10,0.14548751428163448,0.73559839770329,25,20,20
34,4920,0.11891408704299494,9.718075070437508e-10,0.13152220085034635,0.7495637111348513,25,20,20
34,4921,0.11891408704299575,9.718075823770277e-10,0.13152448551453946,0.7495614264706572,25,20,20
34,4922,0.11825262113288755,1.1874049692863142e-09,0.1321837755405573,0.7495636021391505,25,20,20
34,4923,0.1182526211328916,1.187649649014815e-09,0.1321870573670557,0.7495603203124034,25,20,20
34,4924,0.11728927886988721,1.6001515102816814e-08,0.13315038359809642,0.7495603215305016,25,20,20
34,4925,0.11728927944991811,1.6001270585167238e-08,0.1332364647320777,0.749474239816734,25,20,20
34,4926,0.11728927944991817,1.6001270661778565e-08,0.1332364168363228,0.7494742877124885,25,20,20
34,4927,0.11728926887883281,1.4872644518788507e-09,0.11864187334733547,0.7640688562865668,25,20,20
34,4928,0.11795325723309784,1.271639058985276e-09,0.11798006088479081,0.7640666806104719,25,20,20
34,4929,0.1179532572330523,1.2716347666972498e-09,0.11797341436978336,0.764073327125529,25,20,20
34,4930,0.1179532572330523,1.2716347654233023e-09,0.117966812188351,0.7640799293069613,25,20,20
34,4931,0.11795325723310093,1.2718831043466322e-09,0.11805945906130226,0.7639872824337133,25,20,20
34,4932,0.11795325723310011,1.2718830290357231e-09,0.11805728852198978,0.7639894529730266,25,20,20
34,4933,0.11795325723309931,1.2718787512746514e-09,0.11792783992008207,0.7641189015749394,25,20,20
34,4934,0.11795325723310011,1.2721225025071552e-09,0.1180580013870211,0.7639887401077559,25,20,20
34,4935,0.07945995280048768,4.9321141073348485e-08,0.1565512597237942,0.7639887381545774,25,20,20
34,4936,0.0793435135983654,4.9321114084114725e-08,0.1566676989335415,0.7639887381469793,25,20,20
34,4937,0.0793435135983662,4.9321118375755184e-08,0.1566676385135532,0.7639887985669626,25,20,20
34,4938,0.07934351300795486,4.932111401895796e-08,0.15657485127465928,0.764081586396272,25,20,20
34,4939,0.07934351300794847,4.932111814485501e-08,0.1566996782074495,0.7639567594634842,25,20,20
34,4940,0.07934351300794767,4.932111392847973e-08,0.156701786203595,0.7639546514673438,25,20,20
34,4941,0.07934351300794756,4.93211139284785e-08,0.15670212172771003,0.7639543159432286,25,20,20
34,4942,0.07934351300794756,4.93211139284785e-08,0.1567020398465836,0.7639543978243551,25,20,20
34,4943,0.07934351300794756,4.9321113927180775e-08,0.1566955493060712,0.7639608883648675,25,20,20
34,4944,0.07934351300794679,4.932110972583212e-08,0.1566583126452611,0.7639981250256827,25,20,20
34,4945,0.07934351300794751,4.932131612739356e-08,0.16290826084386834,0.7577481768268681,25,20,20
34,4946,0.07934351300794751,4.93210758365633e-08,0.16290383536672062,0.7577526023042561,25,20,20
34,4947,0.07934351300794985,4.932107591047971e-08,0.16290380176980354,0.7577526359011708,25,20,20
34,4948,0.06761472481710641,4.9323430036577095e-08,0.17463268437547366,0.75775254148399,25,20,20
34,4949,0.0676147248171064,4.932342996278262e-08,0.17454509180339314,0.7578401340560705,25,20,20
34,4950,0.0676147248171064,4.9323429962783036e-08,0.17454500436873158,0.757840221490732,25,20,20
34,4951,0.06761472481695048,4.932343011223576e-08,0.16888395946913484,0.7635012663904845,25,20,20
34,4952,0.06848933711940589,7.674099192673163e-08,0.16800932527091228,0.7635012608686899,25,20,20
34,4953,0.06848933711940675,7.674099621938787e-08,0.1680116958722949,0.7634988902673021,25,20,20
34,4954,0.06860922293999633,7.674099526689945e-08,0.16789181005170153,0.7634988902673067,25,20,20
34,4955,0.06860914014001485,7.674099574898025e-08,0.1678918928514252,0.763498890267564,25,20,20
34,4956,0.06860914014001485,7.674099575025522e-08,0.16789189520824316,0.763498887910746,25,20,20
34,4957,0.06860914014001485,7.674100003925166e-08,0.16788739061644478,0.7635033925025401,25,20,20
34,4958,0.0686091402869716,7.675509331749801e-08,0.16815258150399856,0.7632382014539364,25,20,20
34,4959,0.06885209632452594,4.857695257294933e-07,0.16164477348586445,0.7695026444200836,25,20,20
34,4960,0.06885220143654813,4.857695257124285e-07,0.16164466837410202,0.769502644419824,25,20,20
34,4961,0.06791901085504366,7.338900716647245e-07,0.1625028611201042,0.7695773941347802,25,20,20
34,4962,0.06791901085504361,7.338900717384358e-07,0.16250519210471637,0.769575063150168,25,20,20
34,4963,0.06791901085504043,7.33890067373551e-07,0.16249881616102296,0.769581439093869,25,20,20
34,4964,0.06791901085504037,7.33889823621009e-07,0.16237514439706474,0.769705110858071,25,20,20
34,4965,0.06791901084604922,7.338896076401927e-07,0.15780829729030038,0.7742719579740428,25,20,20
34,4966,0.0677856497529174,7.389632258257625e-07,0.15794162911317317,0.7742719821706838,25,20,20
34,4967,0.06827830041733896,9.365114635221755e-05,0.15734829474146902,0.7742797536948405,25,20,20
34,4968,0.06827830041733823,9.3651146145816e-05,0.15109823010624762,0.780529818330269,25,20,20
34,4969,0.06827830041752037,9.365114614589259e-05,0.1511030278457341,0.7805250205906004,25,20,20
34,4970,0.06778565093191916,6.899756247277103e-07,0.1516964141259889,0.7805172449664678,25,20,20
34,4971,0.06778565093209771,6.899756245784667e-07,0.15178907127863614,0.780424587813642,25,20,20
34,4972,0.06778565093209768,6.899756245771921e-07,0.1517890827888742,0.7804245763034039,25,20,20
34,4973,0.06778565093209689,6.899756287935271e-07,0.15178267444285917,0.7804309846494155,25,20,20
34,4974,0.06778565093191516,6.899756286433133e-07,0.1516904585110327,0.7805232005814239,25,20,20
34,4975,0.06778565093191521,6.899756286459315e-07,0.15169042152073375,0.7805232375717227,25,20,20
34,4976,0.06778565093191521,6.899756243545406e-07,0.15168822445793917,0.7805254346345214,25,20,20
34,4977,0.06778565093191521,6.899756200629263e-07,0.151688027799594,0.7805256312928708,25,20,20
34,4978,0.06778565144172796,6.906603151209714e-07,0.15722394560606603,0.7749897122918911,25,20,20
34,4979,0.05536637556934299,2.5884880097635142e-05,0.169613816380973,0.7749939231695858,25,20,20
34,4980,0.055366375569339744,2.5884879857320504e-05,0.16961523672479373,0.774992502826009,25,20,20
34,4981,0.05537960601996894,2.5879812485042967e-05,0.1696020355232804,0.7749924786442653,25,20,20
34,4982,0.05537960601996895,2.5879812484969e-05,0.16959894825419955,0.7749955659133463,25,20,20
34,4983,0.0553796060199689,2.5879812484967706e-05,0.169598871859097,0.7749956423084492,25,20,20
34,4984,0.07638300290011676,6.967489558496561e-07,0.1486228532788126,0.774993447072115,25,20,20
34,4985,0.07638300290011751,6.967489643731345e-07,0.14888918332713433,0.774727117023784,25,20,20
34,4986,0.07640147893752337,7.255056040040375e-07,0.1634651098735644,0.7601326856833072,25,20,20
34,4987,0.07640147893752336,7.255056082938699e-07,0.16346753376743414,0.7601302617894332,25,20,20
34,4988,0.07640147893752255,7.255056039274565e-07,0.1634628301750717,0.7601349653818008,25,20,20
34,4989,0.0764027507981553,4.499618533021128e-07,0.15880455842144625,0.7647922408185458,25,20,20
34,4990,0.07640223322455897,4.499530748302681e-07,0.15880507413091136,0.7647922426914551,25,20,20
34,4991,0.07640223322455898,4.499530748302681e-07,0.15880507374724318,0.764792243075123,25,20,20
34,4992,0.076402233224559,4.499530748302689e-07,0.15880507679513342,0.7647922400272329,25,20,20
34,4993,0.07640223322455898,4.4995307482894796e-07,0.15880507412090608,0.7647922427014602,25,20,20
34,4994,0.058089922440107425,1.044949040604049e-06,0.1771139531349932,0.764795079475858,25,20,20
34,4995,0.058089922440062,1.044948796556052e-06,0.17702779629374368,0.7648812363173971,25,20,20
34,4996,0.0580899224426393,1.045737027277379e-06,0.17735766816147067,0.7645513636588622,25,20,20
34,4997,0.05858226660493011,1.020384524894965e-06,0.17359384603742495,0.7678228669731194,25,20,20
34,4998,0.05858226660492931,1.0203845205298494e-06,0.17358922293472506,0.7678274900758244,25,20,20
34,4999,0.0701794099834737,6.246508436724089e-07,0.1619934458651783,0.7678265195005036,25,20,20
34,5000,0.0701794099834737,6.246508479640233e-07,0.16199364252352347,0.7678263228421542,25,20,20
34,5001,0.07017940998347372,6.246508480392919e-07,0.16199144746328378,0.767828517902394,25,20,20
34,5002,0.07017940998347372,6.246508480406119e-07,0.1619915633201843,0.7678284020454939,25,20,20
34,5003,0.07017940998347377,6.246508438255864e-07,0.16199148196321855,0.767828483402464,25,20,20
34,5004,0.0701794099835182,6.254390659475052e-07,0.16205502328132662,0.7677649412960892,25,20,20
34,5005,0.07017940998351818,6.25439065946195e-07,0.16206154495687944,0.7677584196205365,25,20,20
34,5006,0.07017940998094092,6.246508352248907e-07,0.16173183381480796,0.7680881315534159,25,20,20
34,5007,0.07017940998111952,6.246510749940076e-07,0.16181753234208188,0.7680024330257237,25,20,20
34,5008,0.07017940998093784,6.246510749939877e-07,0.16172483512089392,0.7680951302470932,25,20,20
34,5009,0.07017940998089263,6.238628443485445e-07,0.16139496266966627,0.7684250034865967,25,20,20
34,5010,0.0701794099808926,6.238628444238133e-07,0.1613949632568612,0.7684250028994017,25,20,20
34,5011,0.0701794099808926,6.238628444238133e-07,0.1613949298626455,0.7684250362936175,25,20,20
34,5012,0.0701664436959026,9.733094286348431e-07,0.16613970481716933,0.7636928781774996,25,20,20
34,5013,0.06980983423092431,1.2246628938422335e-06,0.1658180137560038,0.7643709273501781,25,20,20
34,5014,0.06980984769159089,1.2720193640301823e-06,0.16581795481058045,0.7643709254784647,25,20,20
34,5015,0.06980984769159093,1.2720196062975523e-06,0.16619099418880384,0.763997886099999,25,20,20
34,5016,0.06980984769163646,1.2720196106642462e-06,0.16619311388620134,0.7639957664025516,25,20,20
34,5017,0.06980984769163646,1.2720196106629484e-06,0.16619314044090053,0.7639957398478523,25,20,20
34,5018,0.06980984769145471,1.2720193666042028e-06,0.16610083941603354,0.7640880408731451,25,20,20
34,5019,0.06980984769145471,1.272019366530232e-06,0.1661009159182788,0.7640879643708999,25,20,20
34,5020,0.06980984769145551,1.2720332779098787e-06,0.16619326306899804,0.7639956172062682,25,20,20
34,5021,0.08197753373185616,1.2372718908523926e-06,0.15402224612426807,0.7639989828719849,25,20,20
34,5022,0.08197753373185616,1.2372718908497749e-06,0.1540289767317896,0.7639922522644633,25,20,20
34,5023,0.0819775335848994,1.2372577974962185e-06,0.15376150630914903,0.7642597228481539,25,20,20
34,5024,0.0819775335848994,1.237258042110093e-06,0.15376308015536005,0.7642581490016981,25,20,20
34,5025,0.08197753358490019,1.2372582867063652e-06,0.15376783318526466,0.7642533959715482,25,20,20
34,5026,0.08197753358490335,1.2372582909961991e-06,0.15377245532428147,0.764248773832524,25,20,20
34,5027,0.10976840191907414,1.2246565394645354e-06,0.12598496525724867,0.764245408167138,25,20,20
34,5028,0.10976840191907414,1.2246565394645579e-06,0.125984964681661,0.7642454087427256,25,20,20
34,5029,0.10976840220253772,1.2246566587651446e-06,0.1468249141326306,0.7434054590081726,25,20,20
34,5030,0.07142565789804006,0.007975099455621621,0.1771931643783165,0.7434060782680217,25,20,20
34,5031,0.07142565789808558,0.007975099455625913,0.17719977453712896,0.7433994681091594,25,20,20
34,5032,0.07142565789808558,0.007975099455625839,0.17719328420746244,0.7434059584388258,25,20,20
34,5033,0.07142565789808553,0.007975099455381301,0.1771916615116649,0.743407581134868,25,20,20
34,5034,0.07142565789808553,0.007975099455381301,0.17719169490588055,0.7434075477406523,25,20,20
34,5035,0.07142565789803998,0.007975099455376933,0.177189345214218,0.7434098974323646,25,20,20
34,5036,0.07118321780604762,0.007994444345767331,0.18374439689559396,0.7370779409525927,25,20,20
34,5037,0.07118321780604843,0.007994444345767331,0.18375088945003118,0.7370714483981547,25,20,20
34,5038,0.07118321752258484,0.007994444345648031,0.16291082608592786,0.7579115120458394,25,20,20
34,5039,0.07118321752258484,0.007994444345643741,0.16291070992754103,0.7579116282042304,25,20,20
34,5040,0.07118321752258364,0.007994444345886734,0.16317535164546906,0.7576469864860599,25,20,20
34,5041,0.06956738982577142,0.03827712572664859,0.13450909994399254,0.7576463845035865,25,20,20
34,5042,0.06956738982581374,0.03827712572664859,0.13451104043054202,0.7576444440169946,25,20,20
34,5043,0.06956738982499801,0.038781819113556625,0.13400636431800764,0.7576444267434367,25,20,20
34,5044,0.0695673898353554,0.0387818191135567,0.1340063728396067,0.7576444182114801,25,20,20
34,5045,0.06957795425775429,0.03878147403204207,0.13399615350119837,0.7576444182090044,25,20,20
34,5046,0.06957795425775429,0.03878147403204207,0.13399615408688434,0.7576444176233186,25,20,20
34,5047,0.06957795425775425,0.03878147403204207,0.13399615408686755,0.7576444176233353,25,20,20
34,5048,0.06957795425775505,0.03878147403203793,0.13399153504236952,0.7576490366678367,25,20,20
34,5049,0.06957795425775824,0.03878147403204222,0.13399612477408737,0.7576444469361114,25,20,20
34,5050,0.06957795425776063,0.038781474032046355,0.13408834205954928,0.757552229650643,25,20,20
34,5051,0.06957795425775984,0.03878147403180176,0.13408353558976624,0.7575570361206713,25,20,20
34,5052,0.06957795425776057,0.03878147403180176,0.13408353760231523,0.7575570341081215,25,20,20
34,5053,0.06945479834317704,0.038781462948855226,0.13420872104257703,0.7575550176653896,25,20,20
34,5054,0.06945428239663913,0.038762420012978895,0.13422827993422082,0.7575550176561602,25,20,20
34,5055,0.06945428239645819,0.03876242001273597,0.1339620430224042,0.7578212545684007,25,20,20
34,5056,0.0694542823964582,0.03876242001274026,0.13396224025694728,0.7578210573338535,25,20,20
34,5057,0.06945428239650372,0.03876242001273605,0.13396218814382213,0.7578211094469373,25,20,20
34,5058,0.06945428239650378,0.038762420012736123,0.13396224217953376,0.7578210554112256,25,20,20
34,5059,0.06945428239650378,0.03876242001274041,0.13396682758956513,0.7578164700011899,25,20,20
34,5060,0.06945428239645826,0.038762420012740335,0.1339666829672688,0.7578166146235319,25,20,20
34,5061,0.06945428239646144,0.03876242001298492,0.1339733875004742,0.7578099100900788,25,20,20
34,5062,0.06945428239646144,0.038762420012984924,0.13397346740850888,0.757809830182044,25,20,20
34,5063,0.06945428239646464,0.03876242001298921,0.1339736356511583,0.7578096619393869,25,20,20
34,5064,0.0694542823964639,0.038762420013229444,0.13397376783751572,0.75780952975279,25,20,20
34,5065,0.06930007252138404,0.03876217102336379,0.13798392391038547,0.7539538325448659,25,20,20
34,5066,0.06930007252138407,0.03876217102336379,0.1379904498368532,0.753947306618398,25,20,20
34,5067,0.06930007201157445,0.038762170338673026,0.13245002736090142,0.7594877302888505,25,20,20
34,5068,0.06997452932921287,0.03876197545604696,0.13177644103093003,0.7594870541838104,25,20,20
34,5069,0.06997459283198385,0.03878069141331999,0.1317576610621331,0.7594870546925638,25,20,20
34,5070,0.06900022466638081,0.03878092547766468,0.13273296498367443,0.759485884872281,25,20,20
34,5071,0.06900022466638076,0.0387809254776646,0.13273288391848298,0.7594859659374724,25,20,20
34,5072,0.06900022466637756,0.038780925477660315,0.13272817975188755,0.7594906701040753,25,20,20
34,5073,0.07266952791649389,0.038780925400339006,0.12905887653110215,0.759490670152066,25,20,20
34,5074,0.07266952791649389,0.03878092540033908,0.12906357777848834,0.7594859689046797,25,20,20
34,5075,0.07266952791667562,0.03878092540058306,0.12915654635173182,0.7593930003310102,25,20,20
34,5076,0.03981990137684478,0.03878068702670814,0.16187392177197993,0.7595254898244668,25,20,20
34,5077,0.039819901376844796,0.03878068702670807,0.1618693364106628,0.7595300751857841,25,20,20
34,5078,0.03980933703662528,0.03878103678832808,0.16187955099561946,0.759530075179426,25,20,20
34,5079,0.03980933703657977,0.03878103678832387,0.16187452950314138,0.759535096671954,25,20,20
34,5080,0.03980933702626711,0.03878103677441249,0.16178882739981973,0.7596207987994998,25,20,20
34,5081,0.039809358169374,0.0391342520010128,0.16143559087053397,0.7596207989590792,25,20,20
34,5082,0.0398093581693708,0.039134252001008514,0.1614353966588457,0.7596209931707749,25,20,20
34,5083,0.03980935816932527,0.03913425200100422,0.1614287898848238,0.7596275999448469,25,20,20
34,5084,0.03980935816932925,0.03913425279310142,0.1615640683790793,0.7594923206584901,25,20,20
34,5085,0.039809358169332426,0.03913425279310142,0.16156714826924762,0.7594892407683186,25,20,20
34,5086,0.03980935816933243,0.03913425279310142,0.16157176809907534,0.7594846209384909,25,20,20
34,5087,0.03980935816933243,0.03913425279310134,0.16157165517274752,0.7594847338648187,25,20,20
34,5088,0.03980935703979952,0.03915449886483562,0.16164370998680413,0.7593924341085608,25,20,20
34,5089,0.039809357039799514,0.03915449886483562,0.16163713200997695,0.7593990120853878,25,20,20
34,5090,0.039809357039799514,0.03915449886483569,0.16163718602836544,0.7593989580669994,25,20,20
34,5091,0.039809335735858806,0.03880094193791421,0.16199076389913178,0.7593989584270949,25,20,20
34,5092,0.03981983671749846,0.03878151516358257,0.16199968982889593,0.7593989582900222,25,20,20
34,5093,0.0398198367176798,0.03878151516358264,0.1619932054785029,0.7594054426402339,25,20,20
34,5094,0.040137171213445226,0.038797102402297785,0.16166027277134745,0.7594054536129101,25,20,20
34,5095,0.04013717121344526,0.038797102402055444,0.16128723280594595,0.7597784935785541,25,20,20
34,5096,0.04013717121344526,0.038797102402055444,0.16128731221486292,0.759778414169637,25,20,20
34,5097,0.04013717121344526,0.03879710240205537,0.161379523359467,0.7596862030250321,25,20,20
34,5098,0.040137171361384644,0.03879710240205973,0.1613813166678186,0.7596844095687367,25,20,20
34,5099,0.04013717136138146,0.03879710240205545,0.16128917807275875,0.7597765481638041,25,20,20
34,5100,0.04013717136138146,0.03879710240205545,0.16119688589096703,0.7598688403455967,25,20,20
34,5101,0.04013717136119933,0.03879710240205966,0.16119690614897894,0.7598688200877626,25,20,20
34,5102,0.040137171213259944,0.03879710240205959,0.16119981498008928,0.7598659114045917,25,20,20
34,5103,0.04013717121325597,0.038797101609962394,0.16106461694096633,0.7600011102358156,25,20,20
34,5104,0.0401371712155581,0.03879710160996627,0.16558631635417662,0.7554794108202983,25,20,20
34,5105,0.04013717121555817,0.038797101609962054,0.16558605384050332,0.7554796733339758,25,20,20
34,5106,0.04013717121555815,0.038797101609962054,0.16557940026793702,0.755486326906542,25,20,20
34,5107,0.04013717121555813,0.038797101609957765,0.16557937181467025,0.7554863553598132,25,20,20
34,5108,0.040137171215558126,0.03879710160995769,0.16557496064030233,0.7554907665341812,25,20,20
34,5109,0.040137171215558085,0.03879710160995769,0.16557496064030588,0.7554907665341779,25,20,20
34,5110,0.03980927231569168,0.03935101294517566,0.16534895929209448,0.7554907554470374,25,20,20
34,5111,0.03980927231551076,0.03935101294493168,0.16525599275626232,0.7555837219832946,25,20,20
34,5112,0.03980927231550763,0.0393510129446871,0.1652494515089915,0.7555902632308131,25,20,20
34,5113,0.03980927231550757,0.0393510129446871,0.16524959957820168,0.755590115161603,25,20,20
34,5114,0.03980927231551072,0.03935101294493168,0.1652562355778628,0.7555834791616941,25,20,20
34,5115,0.03980927231551072,0.03935101294493168,0.16525623766634698,0.75558347707321,25,20,20
34,5116,0.03980927231551071,0.03935101294493168,0.1652561211945918,0.7555835935449652,25,20,20
34,5117,0.03980927231549615,0.04058162383322351,0.16402551031170126,0.7555835935395787,25,20,20
34,5118,0.03980927231549615,0.04058162383322351,0.16402092244993846,0.7555881814013413,25,20,20
34,5119,0.0016569139088907373,0.040581669967801236,0.2021728065255709,0.755588609597737,25,20,20
34,5120,0.0016569139088907245,0.03935106658767987,0.20340340990030564,0.7555886096031237,25,20,20
34,5121,0.0016569139088907256,0.03935106658767987,0.20340333086924162,0.7555886886341877,25,20,20
34,5122,0.0016569139192716686,0.03935106658768416,0.2034080051904211,0.7555840143026228,25,20,20
34,5123,0.0016569139088915246,0.03935106658767987,0.20340329180843142,0.755588727694997,25,20,20
34,5124,0.0016569139088459988,0.03935106658767987,0.2033965976329063,0.7555954218705676,25,20,20
34,5125,0.001656913908849193,0.03935106658792446,0.20340143113196857,0.7555905883712576,25,20,20
34,5126,0.0016569155665339295,0.0634215121401016,0.17933034983362484,0.755591222459739,25,20,20
34,5127,0.0016569155665339147,0.063421512139857,0.17932562880718247,0.755595943486426,25,20,20
34,5128,0.0016439785258295897,0.0634215120653569,0.1792820680700887,0.7556524413387254,25,20,20
34,5129,0.001643978446141622,0.06342151206347797,0.13947433543120596,0.7954601740591741,25,20,20
34,5130,0.0016439784461416917,0.06342151206348227,0.1394744182180439,0.7954600912723316,25,20,20
34,5131,0.0016439784461416906,0.06342151206348227,0.1394742558570698,0.7954602536333059,25,20,20
34,5132,0.001643978446156194,0.06342150507771054,0.13947426284821535,0.7954602536279176,25,20,20
34,5133,0.0016439784461562076,0.06342150507771054,0.13947437731224085,0.795460139163892,25,20,20
34,5134,0.001643978446159346,0.06342150507771482,0.1394758385205966,0.7954586779555289,25,20,20
34,5135,0.0016439784461593449,0.06342150507771491,0.13948244127538595,0.7954520752007395,25,20,20
34,5136,5.131165907638934e-07,0.06342145893893403,0.14112615160126282,0.7954518763432117,25,20,20
34,5137,5.131165798061454e-07,0.06462817184189099,0.13991943869821943,0.7954518763433092,25,20,20
34,5138,5.131165830708264e-07,0.06462817184189534,0.13992109894184057,0.7954502160996804,25,20,20
34,5139,5.131165766942374e-07,0.06462817184189543,0.14029094464684108,0.7950803703946862,25,20,20
34,5140,5.181301293059431e-07,0.06460794707397889,0.1403128561249804,0.7950786786709125,25,20,20
34,5141,5.181301261117899e-07,0.06460794707397467,0.14031134699583395,0.7950801878000662,25,20,20
34,5142,5.181301269096809e-07,0.06460794707397469,0.14031138754523823,0.7950801472506612,25,20,20
34,5143,5.302523367728781e-07,0.0646079633544939,0.16593645711947286,0.769455049273697,25,20,20
34,5144,5.302523335917804e-07,0.0646079633542493,0.1659318521945496,0.7694596541988679,25,20,20
34,5145,5.302523791082516e-07,0.0646079633544939,0.16556358389112752,0.7698279225019999,25,20,20
34,5146,5.302523807620523e-07,0.06460796335449398,0.16556361375330425,0.7698278926398214,25,20,20
34,5147,5.302549762892528e-07,0.06460796335449405,0.16555726845001814,0.7698342379405119,25,20,20
34,5148,5.302523807617939e-07,0.0646079633544939,0.16555700957444627,0.7698344968186794,25,20,20
34,5149,5.302523774963539e-07,0.06460796335448954,0.16555546171190547,0.7698360446812279,25,20,20
34,5150,1.7795109967470014e-05,0.064607947083074,0.17991307316898375,0.7554611846379751,25,20,20
34,5151,1.7807523094442257e-05,0.06460794737555166,0.2051931052887412,0.7301811398126118,25,20,20
34,5152,1.7807523052097285e-05,0.0646079473892054,0.2053178927196093,0.7300563523681324,25,20,20
34,5153,1.78075230520973e-05,0.06460794738920549,0.20531789807685027,0.7300563470108914,25,20,20
34,5154,1.7807523051298675e-05,0.06460794738920542,0.2053243795845388,0.7300498655032037,25,20,20
34,5155,1.780752305049982e-05,0.06460794738920542,0.20532433958640073,0.7300499055013426,25,20,20
34,5156,1.7807523048860026e-05,0.06460794738920962,0.2053308017828172,0.7300434433049235,25,20,20
34,5157,1.7807523094396226e-05,0.06460794738920969,0.20533071500771155,0.7300435300799838,25,20,20
34,5158,1.780752309121135e-05,0.06460794737531128,0.20520120849512352,0.7301730366064733,25,20,20
34,5159,1.780752313599009e-05,0.06460794738925059,0.20521348806977627,0.7301607570178364,25,20,20
34,5160,1.78075231327816e-05,0.064607947389006,0.2052134286328297,0.730160816455031,25,20,20
34,5161,1.7805785107062827e-05,0.07996705669910516,0.18985495540636038,0.7301601821094275,25,20,20
34,5162,1.780578510707807e-05,0.07996705669910945,0.18985509702459194,0.7301600404911917,25,20,20
34,5163,1.780578367700721e-05,0.07996740599914934,0.18985474824581608,0.7301600399713566,25,20,20
34,5164,0.0009791515828203854,0.07996737864474851,0.18889343205031703,0.7301600377221132,25,20,20
34,5165,0.000979151583002473,0.0799673786586879,0.1889057530142927,0.730147716744016,25,20,20
34,5166,0.000979151593350848,0.07996737865917126,0.1890355135031809,0.7300179562442962,25,20,20
34,5167,0.0009791515931688165,0.07996737864523196,0.18902789381555984,0.7300255759460386,25,20,20
34,5168,0.0009791516055040824,0.07726845751979139,0.19172679809583706,0.730025592778867,25,20,20
34,5169,0.0009791516055072773,0.07726845751979146,0.19173149960455288,0.730020891270148,25,20,20
34,5170,0.0009791516055040824,0.07726845751979139,0.1917268231398315,0.7300255677348726,25,20,20
34,5171,0.0009791516055008883,0.07726845751979132,0.19172220208143786,0.7300301887932696,25,20,20
34,5172,0.0009791516031987554,0.07726845751978743,0.18720042021151254,0.7345519706655012,25,20,20
34,5173,0.0009791515928503094,0.07726845751929977,0.1870704630431188,0.7346819278447311,25,20,20
34,5174,0.0009793834843494827,0.0772687052987353,0.18706998291685586,0.7346819283000591,25,20,20
34,5175,0.0009793834843494823,0.0772687052987353,0.18706998090630908,0.7346819303106058,25,20,20
34,5176,0.0009793834843542452,0.07726870529897839,0.18732165724280964,0.7344302539738574,25,20,20
34,5177,0.0009793834843086673,0.0772687052850391,0.18730933766126057,0.7344425735693915,25,20,20
34,5178,0.0009793834843087226,0.07726870528504337,0.18731586168797645,0.7344360495426713,25,20,20
34,5179,0.0009793834843095212,0.07726870528504354,0.18731583231083043,0.7344360789198164,25,20,20
34,5180,0.0009793834843094655,0.07726870528504345,0.18731136101994983,0.7344405502106973,25,20,20
34,5181,0.0009793834843094518,0.07726870528503917,0.1873047556113128,0.7344471556193384,25,20,20
34,5182,0.000980168165715886,0.07726811972861304,0.1872980476192982,0.7344536644863726,25,20,20
34,5183,0.0009801681655604018,0.07936709154038117,0.18519909263504272,0.7344536476590154,25,20,20
34,5184,0.000980178685364988,0.07936709154012647,0.18519907738835986,0.734453652386148,25,20,20
34,5185,0.000980178685364988,0.07936709154012632,0.18519902333423865,0.7344537064402694,25,20,20
34,5186,0.000980178685364988,0.0793670915401221,0.1851924472881333,0.7344602824863788,25,20,20
34,5187,0.00098017868536419,0.0793670915401221,0.1851924446976657,0.7344602850768474,25,20,20
34,5188,0.000980178685364245,0.07936709154011781,0.18519234308600105,0.734460386688516,25,20,20
34,5189,0.0009801786957487216,0.07936709154011783,0.18519567875496942,0.7344570510091633,25,20,20
34,5190,0.0009796659584806364,0.07936709153984299,0.18519642600457398,0.7344568164971015,25,20,20
34,5191,0.02871449653165749,0.07936709153992051,0.1574615942299869,0.7344568176984352,25,20,20
34,5192,0.028714496531703028,0.07936709153992488,0.1574618249409544,0.7344565869874178,25,20,20
34,5193,0.02871449653170288,0.07936709154016863,0.15759121395484724,0.7343271979732815,25,20,20
34,5194,0.028714496542039086,0.07936709154016863,0.15759269941611026,0.7343257125016822,25,20,20
34,5195,0.028714496542039086,0.07936709154016863,0.15759269945072757,0.734325712467065,25,20,20
34,5196,0.02871449654463452,0.07936709154016879,0.15759436798935508,0.7343240439258419,25,20,20
34,5197,0.02871449654463532,0.07936709154016894,0.15759451301775032,0.7343238988974456,25,20,20
34,5198,0.028714496544635332,0.07936709154016902,0.15759459552105545,0.7343238163941405,25,20,20
34,5199,0.028714496544632147,0.0793670915401648,0.1575945136711013,0.7343238982441018,25,20,20
34,5200,0.02871449654463218,0.07936709154016496,0.15759872471998843,0.7343196871952145,25,20,20
34,5201,0.02871449654463298,0.07936709154040945,0.15759882501182346,0.734319586903134,25,20,20
34,5202,0.028714496544628213,0.07936709154016638,0.1573471230366886,0.7345712888785166,25,20,20
34,5203,0.02871449926386122,0.07872250795992314,0.15799170359633435,0.7345712891798812,25,20,20
34,5204,0.02871449926386122,0.07872250795992743,0.15799321258353555,0.7345697801926758,25,20,20
34,5205,0.027811445808099012,0.07872258065416593,0.15889619129563518,0.7345697822420993,25,20,20
34,5206,0.027811445808053635,0.07872258065392217,0.15876677543161363,0.73469919810641,25,20,20
34,5207,0.027811445818434012,0.07872258066785903,0.15877215262181385,0.7346938208918927,25,20,20
34,5208,0.027811445818434012,0.07872258066785903,0.1587721506140843,0.7346938228996222,25,20,20
34,5209,0.027811445818434012,0.07872258066785903,0.15876554616127264,0.7347004273524338,25,20,20
34,5210,0.02781144581861612,0.07872258066786333,0.15877017994870918,0.734695793564811,25,20,20
34,5211,0.02781144580823598,0.07872258066785896,0.1587750871680888,0.7346908863558158,25,20,20
34,5212,0.06626180392253297,0.07872250899379504,0.120324801110234,0.734690885973438,25,20,20
34,5213,0.06626180392253295,0.07872250899379513,0.12032484220946377,0.7346908448742081,25,20,20
34,5214,0.06626180119111688,0.07875991451420615,0.12028743972740041,0.7346908445672766,25,20,20
34,5215,0.06626180119111692,0.0787599145144506,0.1202853590418625,0.73469292525257,25,20,20
34,5216,0.06626180178067069,0.07875991451469438,0.12043616499406344,0.7345421187105715,25,20,20
34,5217,0.0662618011911201,0.07875991451445487,0.1205516930466468,0.7344265912477782,25,20,20
34,5218,0.06626180118078527,0.07875991450051378,0.12054635984323016,0.7344319244754708,25,20,20
34,5219,0.06626180118078526,0.07875991450051378,0.12054624407258353,0.7344320402461172,25,20,20
34,5220,0.0662618011704008,0.07875991450051387,0.12091589777469496,0.7340623865543902,25,20,20
34,5221,0.06626180117039761,0.0787599145005096,0.12065426559564184,0.7343240187334508,25,20,20
34,5222,0.06973842037464249,0.07875991422410031,0.13188354575793299,0.7196181196433236,25,20,20
34,5223,0.0724326341381695,0.07876100473606618,0.12919474753547155,0.7196116135902924,25,20,20
34,5224,0.07243263413816906,0.07996813890421135,0.1279876133673268,0.7196116135902924,25,20,20
34,5225,0.072432634138169,0.07996813890396683,0.1279899542668378,0.7196092726910259,25,20,20
34,5226,0.05550508224890785,0.07996814903877768,0.14491744532567558,0.71960932338664,25,20,20
34,5227,0.05550508224908996,0.07996814905271891,0.1449197441083672,0.719607024589825,25,20,20
34,5228,0.05550508224908916,0.07996814905271876,0.1449196010530841,0.7196071676451088,25,20,20
34,5229,0.055505082249134634,0.07996814905296334,0.14492717642666983,0.7195995922712329,25,20,20
34,5230,0.05550508224913309,0.07996814905296334,0.14492052800722763,0.7196062406906766,25,20,20
34,5231,0.05550508224653771,0.07996814905296319,0.14491886180376348,0.7196079068967361,25,20,20
34,5232,0.05202901742173785,0.08001133591399652,0.1483620661162589,0.719597580548007,25,20,20
34,5233,0.05202901742173787,0.08001133591399652,0.14873046812288285,0.719229178541383,25,20,20
34,5234,0.052029017421737926,0.08001133591400081,0.14873684404494736,0.7192228026193141,25,20,20
34,5235,0.07040418606864839,0.08001132474828983,0.13036173889696315,0.7192227502860981,25,20,20
34,5236,0.07040418606860287,0.08001132474828976,0.13036007345113546,0.7192244157319714,25,20,20
34,5237,0.07040418606860284,0.08001132474828976,0.1299935743748785,0.7195909148082285,25,20,20
34,5238,0.07040418607117416,0.08001132474853218,0.13036706955800664,0.7192174196222867,25,20,20
34,5239,0.07040418607099208,0.0800113247485279,0.13036243576031212,0.7192220534201675,25,20,20
34,5240,0.07040418607099204,0.08001132474852783,0.1303624363450018,0.719222052835478,25,20,20
34,5241,0.07040418607099203,0.08001132474852776,0.13036231990826092,0.7192221692722192,25,20,20
34,5242,0.10676757017232683,0.08001237941388499,0.09399787951443624,0.7192221708993523,25,20,20
34,5243,0.11906262582813762,0.07996919901382649,0.0817496160780205,0.7192185590800152,25,20,20
34,5244,0.11906262582556636,0.07996919901358414,0.08137615004587616,0.7195920251149731,25,20,20
34,5245,0.11906262582556636,0.07996919901358407,0.08136965975105348,0.7195985154097958,25,20,20
34,5246,0.11906262582538424,0.0799691989996429,0.08136274219850712,0.7196054329764655,25,20,20
34,5247,0.11906262582538746,0.07996919899964305,0.08136432422646145,0.7196038509485079,25,20,20
34,5248,0.11906262582538739,0.07996919899964727,0.08137090156826876,0.7195972736066965,25,20,20
34,5249,0.13913687318491264,0.07996919267480672,0.0612966596640704,0.71959727447621,25,20,20
34,5250,0.13913687318491264,0.07996919267480258,0.061290136935105,0.7196037972051796,25,20,20
34,5251,0.1391368731849127,0.07996919267480258,0.06129025270590519,0.7196036814343795,25,20,20
34,5252,0.1391368731849128,0.07996919267480694,0.06138254595395051,0.7195113881863295,25,20,20
34,5253,0.10015943420017928,0.07996919367232007,0.10035998155833838,0.7195113905691621,25,20,20
34,5254,0.10015943420018009,0.07996919367232015,0.10036226621365302,0.7195091059138466,25,20,20
34,5255,0.10015943420018006,0.07996919367232007,0.100368790136774,0.7195025819907258,25,20,20
34,5256,0.10015943420018322,0.07996919367232433,0.10063500767780248,0.7192363644496901,25,20,20
34,5257,0.1001594342001832,0.07996919367232433,0.100635093127857,0.7192362789996356,25,20,20
34,5258,0.10015943420018315,0.0799691936723244,0.10063516766574607,0.7192362044617466,25,20,20
34,5259,0.0991809108935504,0.0799691931975282,0.10161341600573204,0.7192364799031895,25,20,20
34,5260,0.0991809110414818,0.07996919319753662,0.10161729505345309,0.7192326007075287,25,20,20
34,5261,0.09918091104234944,0.0799689581113152,0.10161753013325248,0.7192326007130831,25,20,20
34,5262,0.09918091089441802,0.07996895811130664,0.10161364840735024,0.7192364825869254,25,20,20
34,5263,0.09918091089437249,0.07996895811106197,0.10160610490080314,0.7192440260937626,25,20,20
34,5264,0.13286448527000813,0.07996895758443755,0.06792276804211349,0.7192437891034408,25,20,20
34,5265,0.13286448527019026,0.07996895758468221,0.06792748921638676,0.7192390679287408,25,20,20
34,5266,0.1328644852701902,0.07996895758467792,0.06792099715760636,0.7192455599875255,25,20,20
34,5267,0.13286448527019007,0.07996895758467358,0.06782878298738573,0.7193377741577506,25,20,20
34,5268,0.1328644852804746,0.07996895761230052,0.06819957820710588,0.7189669789001191,25,20,20
34,5269,0.13286448528047776,0.0799689576125451,0.06820613380616089,0.7189604233008162,25,20,20
34,5270,0.132864485280477,0.07996895761230059,0.06819954511454869,0.7189670119926739,25,20,20
34,5271,0.1328644852701917,0.07996895758467365,0.06782643182127868,0.719340125323856,25,20,20
34,5272,0.132864485269324,0.08000027648204916,0.0677951129303269,0.7193401253183,25,20,20
34,5273,0.13286448526932718,0.08000027648205343,0.06806145776991021,0.7190737804787092,25,20,20
34,5274,0.13286448526932718,0.0800002764820535,0.06806145977282428,0.7190737784757951,25,20,20
34,5275,0.1328644852693248,0.0800002764820494,0.06779521085245897,0.7193400273961669,25,20,20
34,5276,0.13286448526932804,0.08000027648204949,0.06779829314854481,0.7193369451000777,25,20,20
34,5277,0.13586755628981548,0.07999916203053463,0.06479633984888594,0.7193369418307636,25,20,20
34,5278,0.13586755628981542,0.07999916203053463,0.06479633693810855,0.7193369447415411,25,20,20
34,5279,0.13586755628981861,0.07999916203077914,0.06480295892668284,0.7193303227527191,25,20,20
34,5280,0.1358675562898154,0.07999916203077906,0.06481380211482757,0.7193194795645776,25,20,20
34,5281,0.13586755628981537,0.07999916203077906,0.0648072336748808,0.7193260480045243,25,20,20
34,5282,0.13586755628981614,0.07999916203078335,0.0647998721931939,0.719333409486206,25,20,20
34,5283,0.13586755628981295,0.0799991620305387,0.06479335508296519,0.7193399265966828,25,20,20
34,5284,0.13586755628981295,0.0799991620305387,0.06479335457374527,0.7193399271059026,25,20,20
34,5285,0.13586755628963082,0.07999916203029403,0.0647885204612539,0.7193447612188208,25,20,20
34,5286,0.14348331351283275,0.07999916188435663,0.05717276478553905,0.7193447598172712,25,20,20
34,5287,0.14348331351283275,0.07999916188435663,0.05717276482218131,0.7193447597806287,25,20,20
34,5288,0.14348331351283042,0.07999916188412061,0.0572583621964599,0.7192591624065886,25,20,20
34,5289,0.14348331351283047,0.07999916188412491,0.05725836679019043,0.7192591578128537,25,20,20
34,5290,0.14077527749691848,0.07999811162878927,0.059967413303510624,0.719259197570781,25,20,20
34,5291,0.1359840516143053,0.07999811094871007,0.06475868063253461,0.7192591568044494,25,20,20
34,5292,0.13598405161430852,0.07999811094871434,0.0647633822403524,0.7192544551966242,25,20,20
34,5293,0.13598405161430857,0.07999811094871864,0.06476357948481351,0.7192542579521587,25,20,20
34,5294,0.13598405161488028,0.06106626498169561,0.08369488308441561,0.7192548003190079,25,20,20
34,5295,0.13598405161488025,0.06106626498169983,0.08369496396429017,0.7192547194391294,25,20,20
34,5296,0.13598405161506238,0.061066264981704116,0.08369966731002675,0.7192500160932063,25,20,20
34,5297,0.11886491270821616,0.06106626518330339,0.10081874956069732,0.7192500725477835,25,20,20
34,5298,0.11886491270821616,0.06106626518330332,0.10081866650702373,0.7192501556014571,25,20,20
34,5299,0.11886491270821305,0.06106626518330318,0.10108331816408164,0.7189855039444023,25,20,20
34,5300,0.11886491270803093,0.061066265183298885,0.1010786142304367,0.7189902078782338,25,20,20
34,5301,0.11886491270807646,0.061066265197241204,0.10108251622844865,0.718986305866234,25,20,20
34,5302,0.1188649127080756,0.06106626519723693,0.10099682030453586,0.7190720017901517,25,20,20
34,5303,0.11886491270807566,0.061066265197237006,0.1009968217567237,0.7190720003379638,25,20,20
34,5304,0.14630647860471518,0.06106626518411395,0.07355525587322409,0.719072000337946,25,20,20
34,5305,0.14630647860471763,0.06106626518435372,0.07364091139086942,0.7189863448200584,25,20,20
34,5306,0.14630647860471763,0.06106626518435372,0.0736409924316881,0.7189862637792398,25,20,20
34,5307,0.1463064786047176,0.061066265184353645,0.07364099149231809,0.7189862647186099,25,20,20
34,5308,0.1463064786049345,0.06103478764817636,0.07367246902818111,0.7189862647187074,25,20,20
34,5309,0.1463064786049345,0.06103478764817637,0.07367245949130075,0.7189862742555877,25,20,20
34,5310,0.14630647860436286,0.07996662183704951,0.05474116766994282,0.7189857318886445,25,20,20
34,5311,0.14630647860454332,0.07996662183729611,0.055114288461207285,0.7186126110969531,25,20,20
34,5312,0.157416874225104,0.0799666180982519,0.04400389719962404,0.71861261047702,25,20,20
34,5313,0.157416874225104,0.0799666180982519,0.044003978256891764,0.718612529419752,25,20,20
34,5314,0.1574168742252861,0.07996661809825198,0.044004039272341894,0.7186124684041196,25,20,20
34,5315,0.15741687422528294,0.07996661809800791,0.043911821168458355,0.7187046865082505,25,20,20
34,5316,0.15741687422528294,0.079966618098008,0.04391182318131322,0.7187046844953955,25,20,20
34,5317,0.15741687422528372,0.07996661809800792,0.04391844189775436,0.7186980657789536,25,20,20
34,5318,0.1574168742251033,0.07996661809800366,0.043918423475754226,0.7186980842011386,25,20,20
34,5319,0.15181511943598802,0.0799666293654813,0.04952016631411529,0.7186980848844149,25,20,20
34,5320,0.15181511943598883,0.07996662936547701,0.0495137143748485,0.7187045368236852,25,20,20
34,5321,0.15181511943598883,0.07996662936547694,0.04951363333766154,0.7187046178608721,25,20,20
34,5322,0.14924357818221173,0.07996663353197654,0.05208411667901416,0.7187056716067972,25,20,20
34,5323,0.14924357818239306,0.0799666335319767,0.05208412795289119,0.7187056603327387,25,20,20
34,5324,0.149243578182393,0.0799666335319724,0.05208400749813408,0.7187057807875001,25,20,20
34,5325,0.14924357818239298,0.07996663353196812,0.0520839247230571,0.7187058635625817,25,20,20
34,5326,0.1492435781823922,0.07996663353196798,0.05208384163836841,0.7187059466472712,25,20,20
34,5327,0.15812769556723438,0.07996662936278501,0.043200823026020546,0.71870485204396,25,20,20
34,5328,0.1740160984434566,0.07996664922417522,0.027312362679736368,0.7187048896526317,25,20,20
34,5329,0.14723375231405583,0.07996726751816631,0.04906712616345829,0.7237318540043189,25,20,20
34,5330,0.1472337523138745,0.07996726751816638,0.04906706776131265,0.7237319124066458,25,20,20
34,5331,0.14723375231387453,0.07996726751816631,0.04906721527528874,0.7237317648926698,25,20,20
34,5332,0.14723375231387453,0.07996726751817056,0.04917397414864814,0.723625006019306,25,20,20
34,5333,0.15396592014184607,0.07996726751815307,0.042441806313247336,0.723625006026753,25,20,20
34,5334,0.15396592014184596,0.07996726751815314,0.04218015999174288,0.7238866523482576,25,20,20
34,5335,0.15396592014184673,0.07996726751815744,0.04218032823631973,0.7238864841036756,25,20,20
34,5336,0.1539659201418467,0.0799672675179151,0.04180733832889019,0.7242594740113475,25,20,20
34,5337,0.15396592014922614,0.06452359542651659,0.05725101041294586,0.7242594740113109,25,20,20
34,5338,0.15396592014163013,0.07997707881161138,0.04179752703541044,0.7242594740113475,25,20,20
34,5339,0.153965920141811,0.07997707881161135,0.04206367704421492,0.7239933240023622,25,20,20
34,5340,0.15396592014181418,0.07997707881161562,0.04232977999322563,0.7237272210533441,25,20,20
34,5341,0.1539659201416321,0.07997707881161546,0.042329696667774204,0.7237273043789777,25,20,20
34,5342,0.1539659201442267,0.07997707881161975,0.042325329634483565,0.7237316714096694,25,20,20
34,5343,0.15377773783826,0.07997707881161782,0.04251351194071423,0.7237316714094074,25,20,20
34,5344,0.15377773783825924,0.0799770788116136,0.04251335512973451,0.723731828220392,25,20,20
34,5345,0.14188728267521744,0.0799770790133232,0.054403019019238864,0.72373261929222,25,20,20
34,5346,0.14188728267526293,0.07997707901356778,0.054409641599243,0.7237259967119257,25,20,20
34,5347,0.14188728267521744,0.07997707899962546,0.05440576790571983,0.7237298704194367,25,20,20
34,5348,0.1418872826752151,0.07997707899961698,0.05403939829751522,0.7240962400276523,25,20,20
34,5349,0.14188728267521514,0.07997707899961698,0.053666377519516945,0.7244692608056503,25,20,20
34,5350,0.14179403467137563,0.07997708312451379,0.0537596207046135,0.7244692614994964,25,20,20
34,5351,0.15308658113036813,0.07997644476497723,0.04749477098559133,0.719442203119063,25,20,20
34,5352,0.1530865811306171,0.04001295457422464,0.08745826116991527,0.7194422031252423,25,20,20
34,5353,0.15308658113043935,0.04001295457422467,0.08719353892015992,0.7197069253751753,25,20,20
34,5354,0.1530865811301944,0.0399990574106984,0.08369218063708281,0.7232221808220235,25,20,20
34,5355,0.1533042448641348,0.03999905328577277,0.08347452172189332,0.7232221801281983,25,20,20
34,5356,0.15330424486413802,0.03999905328577714,0.08347671456435975,0.7232199872857242,25,20,20
34,5357,0.1312489289411311,0.040000534092432795,0.10513229320230012,0.7236182437641364,25,20,20
34,5358,0.13124892908905136,0.04000053409243295,0.10513233345091191,0.7236182033676042,25,20,20
34,5359,0.1312489290890665,0.03994757892708846,0.10518528861624303,0.7236182033676024,25,20,20
34,5360,0.13124892908906732,0.03994757892709275,0.10518548387962103,0.7236180081042193,25,20,20
34,5361,0.1312489296768945,0.03994757894094312,0.10545293882267046,0.7233505525594924,25,20,20
34,5362,0.13124892908906732,0.039947578927092754,0.10518548384500369,0.7236180081388368,25,20,20
34,5363,0.13136777442341413,0.039947579016286594,0.10506663799647781,0.7236180085638221,25,20,20
34,5364,0.13136777442341727,0.039947579016286594,0.10506671389065259,0.723617932669644,25,20,20
34,5365,0.13136777442341727,0.03994757901629089,0.10506688140877875,0.7236177651515134,25,20,20
34,5366,0.13136777442341727,0.03994757901629096,0.10506696256505405,0.7236176839952381,25,20,20
34,5367,0.1313251896988049,0.03994608694215862,0.10550929650992107,0.7232194268491154,25,20,20
34,5368,0.13139654670396073,0.039946086854586386,0.10543793959157564,0.7232194268498775,25,20,20
34,5369,0.13139654670395762,0.0399460868545821,0.10543631800806287,0.7232210484333976,25,20,20
34,5370,0.13139654670395762,0.0399460868545821,0.10543635212812794,0.7232210143133325,25,20,20
34,5371,0.1313965467040031,0.03994608685458632,0.10543825906653206,0.7232191073748786,25,20,20
34,5372,0.13139654740411408,0.0399463012366018,0.10895328151112499,0.7197038698481592,25,20,20
34,5373,0.1313965474041133,0.03994630123660165,0.10895789821186011,0.719699253147425,25,20,20
34,5374,0.13139654741435292,0.03994630123684175,0.10932500894215105,0.7193321424066548,25,20,20
34,5375,0.13139654741435375,0.03994630123684175,0.10933150012257047,0.7193256512262346,25,20,20
34,5376,0.13139654741435375,0.03994630125069204,0.10959886650415969,0.719058284830795,25,20,20
34,5377,0.1313965474143537,0.03994630125068775,0.10960527627181073,0.7190518750631485,25,20,20
34,5378,0.13139654741435364,0.03994630123683738,0.10933782941087296,0.7193193219379366,25,20,20
34,5379,0.13139654741176143,0.03994630123683317,0.10933708385823646,0.7193200674931695,25,20,20
34,5380,0.1313965467839419,0.03996047198728803,0.10932172842867799,0.7193212528000924,25,20,20
34,5381,0.13139654672658213,0.03994608685488658,0.10927111628612728,0.7193862501324044,25,20,20
34,5382,0.13139654672657897,0.039946086854882316,0.10900478473027779,0.7196525816882614,25,20,20
34,5383,0.13139654673693466,0.03994608685488659,0.10909285173753416,0.719564514670645,25,20,20
34,5384,0.13139654673693538,0.03994608685488667,0.10909296947144513,0.7195643969367331,25,20,20
34,5385,0.13138044958466835,0.039946087211793865,0.1091090411663267,0.7195644220372115,25,20,20
34,5386,0.13138044958471345,0.03994608721179812,0.10948303936359023,0.7191904238398986,25,20,20
34,5387,0.13138044958471018,0.03994608721179383,0.10948081510523287,0.7191926480982634,25,20,20
34,5388,0.13138044958471023,0.03994608721179383,0.10948089538517233,0.7191925678183237,25,20,20
34,5389,0.13130781930630264,0.039946087300935386,0.10955352557444979,0.7191925678183126,25,20,20
34,5390,0.13130785289631577,0.039946087301174805,0.10934744654340589,0.719398613259104,25,20,20
34,5391,0.13221643228263896,0.039946087789970254,0.10843873731938877,0.7193987426080019,25,20,20
34,5392,0.13221643227235386,0.0399460877894899,0.108438025403363,0.7193994545347931,25,20,20
34,5393,0.13221643227494603,0.03994608778949419,0.10844033893834436,0.7193971409972154,25,20,20
34,5394,0.132216432274946,0.03994608778949427,0.10843601007398278,0.7194014698615768,25,20,20
34,5395,0.132216432274946,0.03994608778949427,0.10843589651369298,0.7194015834218667,25,20,20
34,5396,0.132216432274946,0.03994608778949005,0.10843581713344567,0.7194016628021183,25,20,20
34,5397,0.1322164321270249,0.039946087789489895,0.10842904369275735,0.7194084363907277,25,20,20
34,5398,0.13221643212701004,0.0399681267068733,0.10840700477538714,0.7194084363907294,25,20,20
34,5399,0.13408914734034502,0.039968347696648324,0.10647474929637905,0.7194677556666278,25,20,20
34,5400,0.13408914734034494,0.039968347696643994,0.10610164737327274,0.7198408575897385,25,20,20
34,5401,0.13408914734034494,0.039968347696643994,0.10609694700196537,0.7198455579610458,25,20,20
34,5402,0.12794945205914895,0.03996834741768435,0.11223664719741112,0.7198455533257555,25,20,20
34,5403,0.1280220065715096,0.03996834732857027,0.11216409277402453,0.7198455533258955,25,20,20
34,5404,0.12802200657150883,0.03996834732857019,0.11216636587817627,0.7198432802217447,25,20,20
34,5405,0.12802200657151203,0.0399683473285702,0.11216798690681791,0.7198416591930997,25,20,20
34,5406,0.12823571412736598,0.03996834725166916,0.11195425900789992,0.7198416796130648,25,20,20
34,5407,0.12823571412736598,0.03996834725166908,0.1119566826533027,0.7198392559676621,25,20,20
34,5408,0.12823571412736598,0.03996834725166908,0.11195667984412055,0.7198392587768443,25,20,20
34,5409,0.12823571423596036,0.039968347261903875,0.12259615039707483,0.7091997881050608,25,20,20
34,5410,0.1282369447825731,0.03996834726059927,0.12262904932675797,0.70916565863007,25,20,20
34,5411,0.1282369452655805,0.039968347264303865,0.11200190243262628,0.7197928050374897,25,20,20
34,5412,0.12823694526553497,0.03996834726429958,0.1119954081307141,0.7197992993394514,25,20,20
34,5413,0.12823694526553495,0.03996834726429965,0.11199694926380208,0.7197977582063635,25,20,20
34,5414,0.12823694526553175,0.03996834726429958,0.11199555780740361,0.7197991496627651,25,20,20
34,5415,0.12823694526553175,0.03996834726429972,0.11236854690823121,0.7194261605619374,25,20,20
34,5416,0.10659727562481076,0.03996834727586633,0.13400821650203473,0.719426160597288,25,20,20
34,5417,0.10659727562481076,0.03996834727586641,0.13400363057108464,0.7194307465282381,25,20,20
34,5418,0.10659727562499288,0.039968347276110976,0.13401221008554656,0.7194221670133494,25,20,20
34,5419,0.11254407643502352,0.039968347273442825,0.12806545058908508,0.7194221257024489,25,20,20
34,5420,0.11254407642466463,0.03996834727343434,0.12797738124830535,0.7195101950535961,25,20,20
34,5421,0.11254407642466388,0.03996834727343434,0.12798196521072872,0.7195056110911733,25,20,20
34,5422,0.112544076424846,0.039968347287379385,0.1279901400522952,0.7194974362354796,25,20,20
34,5423,0.11254314729562571,0.03996837566210215,0.1280154008615025,0.7194730761807697,25,20,20
34,5424,0.11254314729562567,0.03996837566210215,0.12801308835907815,0.7194753886831943,25,20,20
34,5425,0.11254314729562567,0.039968375662102006,0.1276446882727589,0.7198437887695137,25,20,20
34,5426,0.11254314729562567,0.039968375662102075,0.1276511785677384,0.7198372984745339,25,20,20
34,5427,0.11254314729562567,0.039968375662102075,0.12765117972918957,0.7198372973130824,25,20,20
34,5428,0.11254314729303029,0.03996837566209771,0.1276487518042634,0.7198397252406084,25,20,20
34,5429,0.11091856978998285,0.03996837635719606,0.1292729493536498,0.7198401044991714,25,20,20
34,5430,0.1109185698003312,0.03996837635743988,0.12940160330445197,0.7197114505377769,25,20,20
34,5431,0.1109185698003312,0.03996837635743981,0.1293970179180923,0.7197160359241366,25,20,20
34,5432,0.11091856920873261,0.03996837634350472,0.1293863206503333,0.7197267337974291,25,20,20
34,5433,0.11091856920873579,0.03996837634350892,0.12951573999431354,0.7195973144534414,25,20,20
34,5434,0.11091856920855686,0.039968376343264424,0.12950881063631625,0.719604243811862,25,20,20
34,5435,0.11091856920855685,0.039968376343264424,0.12950858065040888,0.7196044737977694,25,20,20
34,5436,0.14964624687656458,0.03996837586060643,0.09078103403084851,0.71960434323198,25,20,20
34,5437,0.14964624686621622,0.039968375860362525,0.09065087087988592,0.7197345063935349,25,20,20
34,5438,0.14964624686621303,0.039968375860358306,0.09064936177348171,0.7197360154999466,25,20,20
34,5439,0.14964624686621306,0.039968375860358236,0.09064948934528852,0.7197358879281397,25,20,20
34,5440,0.14964624686621303,0.03996837586035824,0.09064948817788104,0.7197358890955471,25,20,20
34,5441,0.1496462132761556,0.03996837586035915,0.09048827147094964,0.7198971393925349,25,20,20
34,5442,0.14964621327615238,0.039968375860359076,0.09048662270661166,0.719898788156876,25,20,20
34,5443,0.1496462132761556,0.039968375860603596,0.09049134230580481,0.7198940685574352,25,20,20
34,5444,0.14964621327615532,0.03999964956191005,0.0904600686044986,0.7198940685574352,25,20,20
34,5445,0.14964621327615532,0.03999964956191432,0.09072169838230641,0.7196324387796232,25,20,20
34,5446,0.13770580097591711,0.03999964968941747,0.10260584717047022,0.7196887021641949,25,20,20
34,5447,0.13770580097591797,0.03999964968941755,0.10260746826921556,0.7196870810654485,25,20,20
34,5448,0.13770580097591797,0.03999964968941755,0.10260097936669803,0.7196935699679661,25,20,20
34,5449,0.13773406472079952,0.03999969712273384,0.10257304744555855,0.7196931907109075,25,20,20
34,5450,0.13773406472079952,0.039999697122733845,0.10257297036593141,0.7196932677905346,25,20,20
34,5451,0.10163976301965777,0.039999720562714586,0.13866109630598028,0.7196994201116479,25,20,20
34,5452,0.10163976301965777,0.03999972056247,0.13865629034601473,0.7197042260718579,25,20,20
34,5453,0.06407277666576922,0.04009892023818009,0.17612407182690715,0.7197042312691424,25,20,20
34,5454,0.06407277666577013,0.04009892023842463,0.176125672785032,0.7197026303107724,25,20,20
34,5455,0.06407277666577009,0.04009892023842885,0.17612116817938717,0.7197071349164132,25,20,20
34,5456,0.10136295873375488,0.03999972057545356,0.1389301859403087,0.7197071347504833,25,20,20
34,5457,0.10136295873465259,0.03999972057525132,0.1754617007728581,0.6831756199172371,25,20,20
34,5458,0.06196884343828054,0.03999972055657086,0.21485582104584539,0.6831756149593017,25,20,20
34,5459,0.06165354804282828,0.03999969757304878,0.21517729175285014,0.6831694626312715,25,20,20
34,5460,0.06512879713881832,0.03999947645756898,0.21176237412118173,0.6831093522824304,25,20,20
34,5461,0.06512880528898382,0.03999944809196461,0.21177010537105936,0.6831016412479913,25,20,20
34,5462,0.08313450468713651,0.03999944825543114,0.19376187187220154,0.6831041751852298,25,20,20
34,5463,0.08313450468713414,0.039999448255673475,0.1941356392401279,0.6827304078170634,25,20,20
34,5464,0.0530427200953393,0.039999472990496464,0.22422728081423846,0.6827305260999245,25,20,20
34,5465,0.0530427200953393,0.039999472990496464,0.2242272802386508,0.6827305266755122,25,20,20
34,5466,0.049680695681452995,0.040559846834248514,0.22698217499692044,0.6827772824873766,25,20,20
34,5467,0.04968069568177016,0.04055984683424858,0.232157019928555,0.6776024375554249,25,20,20
34,5468,0.021827092181519233,0.040562298202560985,0.26006442831116827,0.6775461813047505,25,20,20
34,5469,0.021827092181337923,0.04056229818861595,0.26005648267893505,0.6775541269511102,25,20,20
34,5470,0.021827092181337923,0.04056229818861595,0.2600563696659037,0.6775542399641417,25,20,20
34,5471,0.021827092181341108,0.04056229818861595,0.26006087660098626,0.677549733029056,25,20,20
34,5472,0.021827092181337937,0.04056229818861167,0.25993138194213444,0.6776792276879153,25,20,20
34,5473,0.021827092181709556,0.04056229818856976,0.2633244623852903,0.6742861472444295,25,20,20
34,5474,0.021827092181724312,0.03932395944213262,0.2645628011263271,0.6742861472498144,25,20,20
34,5475,0.018255452652633893,0.03932395942438799,0.267747060798781,0.6746735271241954,25,20,20
34,5476,0.01825545265263077,0.03932395942438799,0.2677454682582342,0.6746751196647455,25,20,20
34,5477,0.018255292070969355,0.03876391642528823,0.26835254593991775,0.6746282455638231,25,20,20
34,5478,0.018255292070968456,0.03876391642504362,0.2683509436820092,0.6746298478219773,25,20,20
34,5479,0.01835673068880327,0.03877617527345127,0.26823621750106263,0.6746308765366813,25,20,20
34,5480,0.018356730687569527,0.03877617527345714,0.23891327638989135,0.7039538176490805,25,20,20
34,5481,0.018356730687572653,0.03877617527345722,0.23891335746334302,0.7039537365756254,25,20,20
34,5482,0.018341596244932257,0.03877617918271276,0.239249677582536,0.7036325469898178,25,20,20
34,5483,0.01847333466259997,0.03877617483706855,0.2391841155737453,0.703566374926585,25,20,20
34,5484,0.018473334662599986,0.03877617483706854,0.23919064083218547,0.7035598496681448,25,20,20
34,5485,0.01847333466259997,0.03877617483706855,0.23919068133579074,0.7035598091645393,25,20,20
34,5486,0.018473334662599972,0.038776174837068626,0.2391907597746882,0.7035597307256419,25,20,20
34,5487,0.018473334662563592,0.03877617483706232,0.22858251703932286,0.7141679734610501,25,20,20
34,5488,0.018473334662563633,0.03877617483706232,0.22858244053071522,0.7141680499696577,25,20,20
34,5489,0.018342788114036435,0.03956846088695589,0.2278544302562335,0.714234320742773,25,20,20
34,5490,0.018342821615773826,0.03956846167633139,0.2281221622024007,0.7139665545054926,25,20,20
34,5491,0.018342821615772987,0.03956846167633132,0.2281206930738509,0.7139680236340438,25,20,20
34,5492,0.018342821615773785,0.039568461676331323,0.228120809077904,0.7139679076299897,25,20,20
34,5493,0.018342821618351223,0.03956846167657858,0.2283874140053909,0.7137013026996781,25,20,20
34,5494,0.01834282161848301,0.03956846167658168,0.23944566597472286,0.7026430507302114,25,20,20
34,5495,0.021633486961255475,0.03957119472823853,0.2361522655232463,0.7026430527872588,25,20,20
34,5496,0.021633486978472623,0.039570839291710284,0.23615262094271533,0.7026430527871012,25,20,20
34,5497,0.021633453476732036,0.03957083850233057,0.23588022477473378,0.7029154832462029,25,20,20
34,5498,0.021633453476732036,0.03957083850232638,0.2356155129784541,0.7031801950424869,25,20,20
34,5499,0.021633453476414894,0.039570838502326386,0.2304407819710309,0.7083549260502272,25,20,20
34,5500,0.0216334534764141,0.03957083850208405,0.23006701409177674,0.7087286939297245,25,20,20
34,5501,0.021633453473881396,0.039570838502081464,0.22980512727561284,0.7089905807484239,25,20,20
34,5502,0.021633453473881365,0.03957083850208146,0.2297985228465801,0.7089971851774566,25,20,20
34,5503,0.021633453473881358,0.039570838502081464,0.22979852147879531,0.7089971865452414,25,20,20
34,5504,0.02163345347388455,0.039570838502085676,0.2297986028863524,0.7089971051376769,25,20,20
34,5505,0.021633453473930066,0.03957083850208575,0.22980510019024292,0.708990607833741,25,20,20
34,5506,0.021633453473930066,0.03957083850208575,0.2298051007557328,0.7089906072682508,25,20,20
34,5507,0.021633453473930052,0.039570838502085676,0.22980498485840933,0.7089907231655745,25,20,20
34,5508,0.021633453473930163,0.039570838502085606,0.22980497403982406,0.7089907339841598,25,20,20
34,5509,0.021633453473927023,0.03957083850208131,0.22980485927240615,0.708990848751585,25,20,20
34,5510,0.021633453473795305,0.03957083850232279,0.21875323129424973,0.7200424767296316,25,20,20
34,5511,0.018438921716144682,0.039585072977619595,0.22193352997601792,0.7200424753302171,25,20,20
34,5512,0.018438921716144665,0.03958507297761952,0.2219334501144003,0.7200425551918347,25,20,20
34,5513,0.018438921716147097,0.03958507297761952,0.22219956767396137,0.719776437632271,25,20,20
34,5514,0.018438921716147097,0.039585072977619526,0.22219968210883892,0.7197763231973933,25,20,20
34,5515,0.018438921716147895,0.0395850729776196,0.22220208266047398,0.7197739226457575,25,20,20
34,5516,0.01843892171610238,0.039585072977375006,0.22219736302057538,0.7197786422859461,25,20,20
34,5517,0.04040973983510122,0.03958507281990987,0.20022907900945605,0.719776108335532,25,20,20
34,5518,0.0404097398351004,0.03958507281990987,0.20022234497079186,0.719782842374197,25,20,20
34,5519,0.040409739835097165,0.03958507281990994,0.19995607986834305,0.7200491074766491,25,20,20
34,5520,0.040409739835097165,0.03958507281990994,0.1999561923492731,0.7200489949957191,25,20,20
34,5521,0.040409739835099566,0.03958507281990986,0.19995541422380364,0.7200497731211862,25,20,20
34,5522,0.04040973983509637,0.03958507281990986,0.19995379179763806,0.7200513955473551,25,20,20
34,5523,0.04040973983505164,0.03958507282015447,0.1999488034748418,0.7200563838699514,25,20,20
34,5524,0.04040973983505164,0.03958507282015447,0.19994880487236574,0.7200563824724275,25,20,20
34,5525,0.04040973983505165,0.03958507282015448,0.19994873144043412,0.7200564559043591,25,20,20
34,5526,0.04040973983505241,0.03958507282015448,0.1999488193735478,0.7200563679712448,25,20,20
34,5527,0.040409739892400376,0.038780484207493825,0.20082068637727413,0.7199890895228307,25,20,20
34,5528,0.04040973989240362,0.038780484207493825,0.2008207675881014,0.7199890083120002,25,20,20
34,5529,0.04040973989240443,0.038780484207493894,0.20082088615871252,0.7199888897413882,25,20,20
34,5530,0.04040973989240362,0.038780484207249284,0.20081930567779932,0.7199904702225468,25,20,20
34,5531,0.040278000242336826,0.03878048420489786,0.18792738800524705,0.7330141275475173,25,20,20
34,5532,0.040278000244932055,0.038780484205146744,0.18793214409560832,0.7330093714543119,25,20,20
34,5533,0.04027800292094412,0.03878068814657626,0.18787533174579402,0.7330659771866845,25,20,20
34,5534,0.040278002920944064,0.03878068814657626,0.18787533079583293,0.7330659781366455,25,20,20
34,5535,0.040278002920944064,0.038780688146576266,0.18788193500439562,0.7330593739280828,25,20,20
34,5536,0.0402780001760825,0.03878068814657489,0.1609057306719461,0.7600355810053953,25,20,20
34,5537,0.040278000176085696,0.03878068814657911,0.1609103189763432,0.7600309927009907,25,20,20
34,5538,0.040278000176085696,0.03878068814657911,0.16091028561681436,0.7600310260605196,25,20,20
34,5539,0.04027800017349052,0.03878068814657322,0.161171800277652,0.7597695114022832,25,20,20
34,5540,0.04027800017348727,0.03878068814657322,0.1611717190911668,0.7597695925887717,25,20,20
34,5541,0.040278000173488065,0.03878068814633037,0.16090767915956217,0.7600336325206183,25,20,20
34,5542,0.04027800017348812,0.03878068814633045,0.16090767915062007,0.7600336325295602,25,20,20
34,5543,0.04027800017348812,0.03878068814633037,0.16090605827070525,0.7600352534094751,25,20,20
34,5544,0.04027800017348813,0.03878068814633466,0.1609062155520188,0.7600350961281573,25,20,20
34,5545,0.04007557234505036,0.03877823665051918,0.16111110201017398,0.7600350889942556,25,20,20
34,5546,0.04007557234505115,0.03877823665051925,0.16111125587753983,0.7600349351268889,25,20,20
34,5547,0.03997912917779359,0.038781540566347396,0.16120439578810086,0.7600349344677578,25,20,20
34,5548,0.039979129177975296,0.03878154056610289,0.16128999356899862,0.7599493366869234,25,20,20
34,5549,0.03997912917797535,0.03878154056610289,0.16129215526493415,0.759947174990988,25,20,20
34,5550,0.03997912917797216,0.03878154056609868,0.1612940558806724,0.7599452743752572,25,20,20
34,5551,0.03998378760244365,0.0387815405599447,0.1612893958196108,0.7599452760180011,25,20,20
34,5552,0.03998378760244284,0.03878154055994469,0.16128927944695984,0.7599453923906531,25,20,20
34,5553,0.03998378760244272,0.03878154055994477,0.1612893661702091,0.7599453056674037,25,20,20
34,5554,0.03998378760244279,0.038781540559948986,0.16129161711007517,0.7599430547275332,25,20,20
34,5555,0.039983787602442845,0.038781540559948986,0.16129623591826484,0.7599384359193436,25,20,20
34,5556,0.0399837876024461,0.038781540559948986,0.16130091730762042,0.7599337545299848,25,20,20
34,5557,0.0399837876024461,0.038781540559948986,0.16130083575541573,0.7599338360821895,25,20,20
34,5558,0.03998378760244604,0.038781540559948986,0.16129621694722604,0.7599384548903793,25,20,20
34,5559,0.03998378492668116,0.03878158457571788,0.16135159914892372,0.7598830313486773,25,20,20
34,5560,0.03998378492668117,0.03878158457596246,0.1613582231154699,0.7598764073818864,25,20,20
34,5561,0.039983784926866425,0.038781584575966754,0.16135930843295523,0.7598753220642116,25,20,20
34,5562,0.03998378492686882,0.038781584575966754,0.16135931705461343,0.7598753134425509,25,20,20
34,5563,0.03998378492668711,0.038781584575970966,0.16127171836926865,0.7599629121280732,25,20,20
34,5564,0.039983784929282146,0.038781584575975254,0.16127267408875132,0.7599619564059911,25,20,20
34,5565,0.039983784929282076,0.03878158457597096,0.1612680510387675,0.7599665794559793,25,20,20
34,5566,0.03998378492927888,0.03878158457597096,0.16127449131667615,0.7599601391780739,25,20,20
34,5567,0.03998378487218783,0.03878133654497791,0.16120847403973376,0.7600264045431004,25,20,20
34,5568,0.03998378487218783,0.03878133654497791,0.16120847403973376,0.7600264045431004,25,20,20
34,5569,0.03998378495295976,0.03878089450108544,0.16120888690434082,0.7600264336416136,25,20,20
34,5570,0.03998378495295982,0.038780894501089735,0.16121549281196595,0.7600198277339842,25,20,20
34,5571,0.03998378495295982,0.038780894501089735,0.16121564463746754,0.7600196759084825,25,20,20
34,5572,0.03998378495295982,0.03878089450108966,0.16121567652123314,0.760019644024717,25,20,20
34,5573,0.03998378495277449,0.03878089450108115,0.16121234026388176,0.7600229802822623,25,20,20
34,5574,0.038990403788281836,0.03878089485528158,0.16220572111649564,0.7600229802399413,25,20,20
34,5575,0.03899040378828103,0.0387808948552815,0.16220571640929993,0.7600229849471377,25,20,20
34,5576,0.03899040378828109,0.03878089485528151,0.1622056831446552,0.7600230182117825,25,20,20
34,5577,0.03899040378828109,0.03878089485528151,0.16247190019918167,0.7597568011572561,25,20,20
34,5578,0.03899040378828109,0.03878089485528143,0.16220568372582927,0.7600230176306084,25,20,20
34,5579,0.03951135992358852,0.03878089450736912,0.16168472791676178,0.7600230176522809,25,20,20
34,5580,0.0395113599235812,0.03940916766154006,0.1610564547678887,0.7600230176469903,25,20,20
34,5581,0.03951135992358127,0.03940916766154428,0.1610500472303463,0.7600294251845284,25,20,20
34,5582,0.0395113599235844,0.03940916766178735,0.1613141216079417,0.7597653508066867,25,20,20
34,5583,0.0395113599235844,0.039409167661791616,0.16158030046102337,0.7594991719536007,25,20,20
34,5584,0.039511359923584385,0.039409167661791616,0.16158034050222,0.7594991319124041,25,20,20
34,5585,0.03951135992358519,0.03940916766179591,0.16158042132688133,0.7594990510877376,25,20,20
34,5586,0.039511359923581485,0.039987796990050124,0.16100179199872688,0.7594990510876416,25,20,20
34,5587,0.039511359923584684,0.039987796990050124,0.1610017596754683,0.7594990834108968,25,20,20
34,5588,0.020663734872009322,0.039987796996648645,0.1798493846283091,0.7594990835030331,25,20,20
34,5589,0.020663734872188245,0.03998779699665293,0.17985101411739163,0.7594974540137673,25,20,20
34,5590,0.020663734872189043,0.03998779699665723,0.17985753956245698,0.7594909285686968,25,20,20
34,5591,0.020663734872189057,0.03998779699665723,0.17985754157254707,0.7594909265586067,25,20,20
34,5592,0.03950768453992894,0.039987797342675845,0.16101359330220733,0.7594909248151879,25,20,20
34,5593,0.03950768453992894,0.039987797342675845,0.16100707160569094,0.7594974465117041,25,20,20
34,5594,0.039511177995252555,0.039967968668455145,0.16038709566667272,0.7601337576696191,25,20,20
34,5595,0.03951118123424552,0.0399821020541646,0.1604404069626615,0.7600663097489284,25,20,20
34,5596,0.03951118123424552,0.03998210205416468,0.1604451082100477,0.7600616085015424,25,20,20
34,5597,0.039511181235108946,0.03996021888958738,0.16046699137366585,0.760061608501638,25,20,20
34,5598,0.03951118121544409,0.04052495382304321,0.1599022564597995,0.7600616085017137,25,20,20
34,5599,0.03951118121544729,0.04052495382304321,0.1599023396313748,0.760061525330135,25,20,20
34,5600,0.03951118121544809,0.04052495382304324,0.15963620431891162,0.7603276606425973,25,20,20
34,5601,0.03951118121459608,0.04056760702509142,0.1595935511177154,0.7603276606425975,25,20,20
34,5602,0.04262990248070794,0.04056760629141554,0.15711116894779537,0.759691322280082,25,20,20
34,5603,0.04262990248070787,0.040567606291415474,0.15737360576151974,0.7594288854663577,25,20,20
34,5604,0.04262990248070793,0.040567606291415544,0.1573736676652919,0.7594288235625855,25,20,20
34,5605,0.04262990247811288,0.04056760629116668,0.15736600690391436,0.7594364843268069,25,20,20
34,5606,0.04274599088722288,0.04056760632176493,0.15724991839249888,0.7594364843985143,25,20,20
34,5607,0.042745987783004,0.04055346858072917,0.12351477282584387,0.7931857708104241,25,20,20
34,5608,0.04274598778300395,0.04055346858072488,0.12350828076741024,0.7931922628688619,25,20,20
34,5609,0.042745987783004695,0.04055346858072481,0.12350842828545369,0.7931921153508178,25,20,20
34,5610,0.04274598778305017,0.040553468580729175,0.12351309313637777,0.7931874504998437,25,20,20
34,5611,0.04274598778305017,0.040553468580729175,0.12351765284746406,0.7931828907887575,25,20,20
34,5612,0.04274598778305017,0.040553468580729175,0.12351113114911368,0.7931894124871078,25,20,20
34,5613,0.042746247413569624,0.03998874566318254,0.1240755944360593,0.7931894124871895,25,20,20
34,5614,0.04274624741352409,0.039988745663178255,0.12407092945674073,0.793194077466558,25,20,20
34,5615,0.042632173937767456,0.039988745633115635,0.12418500303424483,0.7931940773948731,25,20,20
34,5616,0.0426321739377674,0.039988745633119854,0.1241804213477361,0.7931986590813778,25,20,20
34,5617,0.04263217393781283,0.03998874563312421,0.1242726151802067,0.7931064652488574,25,20,20
34,5618,0.042632173937811976,0.03998874563312835,0.12427500510480534,0.7931040753242553,25,20,20
34,5619,0.042632173812393453,0.03998874563291828,0.11811709377332132,0.799261986781368,25,20,20
34,5620,0.0426321738123943,0.039988745632918356,0.11811251519725931,0.7992665653574289,25,20,20
34,5621,0.042632173812393565,0.03998874563291407,0.1181124275646829,0.7992666529900103,25,20,20
34,5622,0.07924249750370466,0.03998874563437547,0.08150208166405927,0.7992666751978615,25,20,20
34,5623,0.07924249750375019,0.03998874563437976,0.0815022796139911,0.79926647724788,25,20,20
34,5624,0.07924249750370475,0.03998874563437548,0.08141005440049406,0.7993587024614267,25,20,20
34,5625,0.07924249750370474,0.03998874563437548,0.08140993884019293,0.7993588180217276,25,20,20
34,5626,0.07924249750352266,0.03998874563437112,0.08140825492806253,0.7993605019340443,25,20,20
34,5627,0.07924249750347717,0.039988745634366905,0.08141275968063855,0.799355997181518,25,20,20
34,5628,0.07924249750365848,0.03998874564830342,0.08141439903823983,0.7993543578097987,25,20,20
34,5629,0.07924249750365613,0.03998874564830342,0.08115380481615272,0.7996149520318881,25,20,20
34,5630,0.07924249750365533,0.039988745648303486,0.081153690081443,0.7996150667665987,25,20,20
34,5631,0.07924249749347935,0.039988745648303486,0.08106570854180851,0.7997030483164091,25,20,20
34,5632,0.07924249749347935,0.039988745648303486,0.0810657609429966,0.7997029959152211,25,20,20
34,5633,0.07924249749348256,0.03998874564830356,0.0810722511310518,0.7996965057271627,25,20,20
34,5634,0.07924249749366469,0.039988745648543864,0.08107687392261029,0.7996918829351817,25,20,20
34,5635,0.0792424974935281,0.039988745648543864,0.0810722315805963,0.7996965252773323,25,20,20
34,5636,0.079242497493346,0.039988745634603064,0.08106398639132595,0.7997047704807256,25,20,20
34,5637,0.07924249749316387,0.039988745634358475,0.08105935903048085,0.7997093978419975,25,20,20
34,5638,0.07924249749316381,0.03998874563435847,0.08105924799555775,0.7997095088769206,25,20,20
34,5639,0.06324862176173905,0.039988745488946376,0.09705306585438844,0.7997095668949263,25,20,20
34,5640,0.06324862235215056,0.03998874548918622,0.09714563956223823,0.7996169925964252,25,20,20
34,5641,0.06324660730878938,0.03998874548893025,0.09714765460587743,0.799616992596403,25,20,20
34,5642,0.06324634997827905,0.039998768681778166,0.09713788874362023,0.7996169925963237,25,20,20
34,5643,0.0632463506828494,0.03996581596210986,0.09717084075326118,0.7996169926017807,25,20,20
34,5644,0.0632463506828494,0.039965815962109866,0.09716427568984497,0.7996235576651968,25,20,20
34,5645,0.0632463506828522,0.03996581596210985,0.10181875208928615,0.7949690812657528,25,20,20
34,5646,0.06324635009244067,0.03996581596187001,0.10172760459525224,0.7950602293504381,25,20,20
34,5647,0.06324634941414406,0.02125393330815766,0.12043948792986242,0.7950602293478367,25,20,20
34,5648,0.06324634941414323,0.021253933308157506,0.12044164491589855,0.7950580723618016,25,20,20
34,5649,0.0632463494141432,0.021253933308157582,0.12044164282060263,0.7950580744570975,25,20,20
34,5650,0.0632463494141432,0.021253933308157506,0.12044164081786601,0.795058076459834,25,20,20
34,5651,0.06324634941440678,0.021253933308159424,0.13149527144570525,0.7840044458317291,25,20,20
34,5652,0.0632463494144068,0.02125393332047892,0.13149497035978933,0.7840047469053256,25,20,20
34,5653,0.06123388506190351,0.02125393401563171,0.13321038042020286,0.7843018005022624,25,20,20
34,5654,0.06123388506190351,0.021253934015631786,0.13321040806630086,0.7843017728561641,25,20,20
34,5655,0.06301168209079848,0.021253933318903004,0.13172968943230257,0.7840046951579963,25,20,20
34,5656,0.06301168209079848,0.021253933318902928,0.13172968746616334,0.7840046971241357,25,20,20
34,5657,0.09153259593827853,0.02125393701348428,0.10320876961513871,0.7840046974330989,25,20,20
34,5658,0.09153259593827855,0.021253937013484357,0.10321529333123587,0.7839981737170015,25,20,20
34,5659,0.09153259593953479,0.021253937013513965,0.1383753660898705,0.748838100957081,25,20,20
34,5660,0.09153259593948927,0.02125393701351389,0.13838181711882397,0.748831649928173,25,20,20
34,5661,0.09190619741300557,0.021253937102668208,0.13800821511722425,0.7488316503671022,25,20,20
34,5662,0.09190619738671693,0.04000174304604671,0.1192604092029898,0.7488316503642466,25,20,20
34,5663,0.10311684488958801,0.04000173935124072,0.10804976570388361,0.7488316500552876,25,20,20
34,5664,0.1031168448895852,0.040001739338921156,0.10339089016011707,0.7534905256113766,25,20,20
34,5665,0.10311684488958205,0.040001739338678094,0.10312454105987084,0.753756874711869,25,20,20
34,5666,0.10311684375145838,0.039991710258225004,0.10313457126937245,0.7537568747209445,25,20,20
34,5667,0.1031168437514584,0.039991710258220785,0.1031345170597978,0.7537569289305233,25,20,20
34,5668,0.10311684375145519,0.039991710258220785,0.10313443388822241,0.7537570121021021,25,20,20
34,5669,0.10311684375150072,0.039991710258220785,0.10313884557010708,0.7537526004201719,25,20,20
34,5670,0.10268373457332668,0.039991710258024366,0.10357201181452362,0.7537525433541258,25,20,20
34,5671,0.10268373919503399,0.03999171023460916,0.10357200722522515,0.753752543345132,25,20,20
34,5672,0.102683739195034,0.03999171023485375,0.10357871156604245,0.7537458390040702,25,20,20
34,5673,0.1026845063169848,0.01338946190920476,0.1301801926637418,0.7537458391100686,25,20,20
34,5674,0.10268450631716687,0.013389461909204908,0.1301803336897541,0.7537456980838741,25,20,20
34,5675,0.10268450631720921,0.013389461909209121,0.1301868309265717,0.7537392008470098,25,20,20
34,5676,0.10268450631720918,0.013389461909213305,0.13045302115806837,0.753473010615509,25,20,20
34,5677,0.08643125140655009,0.013389484677689694,0.14670014914035012,0.7534791147754103,25,20,20
34,5678,0.08643124562402316,0.013409666347229765,0.14667997325333712,0.7534791147754103,25,20,20
34,5679,0.09658008373507652,0.013409647788458401,0.1365372173221069,0.7534730511543583,25,20,20
34,5680,0.0965800837350797,0.013409647788213819,0.13653531056485954,0.7534749579118472,25,20,20
34,5681,0.09658008373507969,0.013409647788213817,0.13652870613604456,0.7534815623406621,25,20,20
34,5682,0.09658008373507969,0.01340964778821389,0.13652870813878107,0.7534815603379255,25,20,20
34,5683,0.09658008373481611,0.013409647788207682,0.1254704894806777,0.7645397789962988,25,20,20
34,5684,0.09658008373481605,0.01340964778820768,0.12547051406889145,0.7645397544080851,25,20,20
34,5685,0.09658008373477052,0.01340964778820768,0.12546385327276005,0.764546415204262,25,20,20
34,5686,0.09150845607688565,0.013409648181162453,0.12297249547202338,0.7721094002699289,25,20,20
34,5687,0.09150845607688639,0.013409648181162557,0.12270628526187657,0.7723756104800747,25,20,20
34,5688,0.09150845607688639,0.013409648181162557,0.12270628664921261,0.7723756090927387,25,20,20
34,5689,0.09150845607670746,0.013409648181166774,0.12270842329736695,0.7723734724447593,25,20,20
34,5690,0.061990253564503835,0.013413111629990307,0.15222305198421673,0.7723735828212895,25,20,20
34,5691,0.061990253564510184,0.013413111642309938,0.15688180378961195,0.7677148310035682,25,20,20
34,5692,0.061990253564507,0.013413111642309938,0.15687700751269407,0.7677196272804891,25,20,20
34,5693,0.08208852016124238,0.013413129804179183,0.14433669636121885,0.7601616536733599,25,20,20
34,5694,0.08208775303929126,0.014200000180650929,0.1435505932108237,0.7601616535692347,25,20,20
34,5695,0.09759536823605432,0.01417992471879367,0.12806305314601743,0.7601616538991357,25,20,20
34,5696,0.0975953682360575,0.014179924718793747,0.12806308174336992,0.7601616253017798,25,20,20
34,5697,0.09759536823605436,0.014179924706474117,0.12340901177590925,0.7648156952815635,25,20,20
34,5698,0.09759536823605362,0.01417992470647404,0.12340908596446902,0.7648156210930043,25,20,20
34,5699,0.09759536823606892,0.03956692404181013,0.09802208662558808,0.7648156210965333,25,20,20
34,5700,0.09759536823606893,0.03956692404181435,0.0980286200931677,0.7648090876289495,25,20,20
34,5701,0.09759536823606892,0.03956692404181005,0.09802850535032133,0.7648092023718004,25,20,20
34,5702,0.09759536823605391,0.03876485296588008,0.0988305764263778,0.7648092023716887,25,20,20
34,5703,0.09759536823605393,0.03876485296588008,0.09883057751118063,0.7648092012868861,25,20,20
34,5704,0.09759536823605386,0.04000264602224842,0.09759278446010315,0.7648092012815951,25,20,20
34,5705,0.11489124565610735,0.04000254184108723,0.0802970104979438,0.7648092020048619,25,20,20
34,5706,0.11489124565610735,0.04000254184108716,0.08029700847272578,0.7648092040300805,25,20,20
34,5707,0.11489124565610735,0.04000254184108294,0.08030008687615413,0.7648061256266558,25,20,20
34,5708,0.11489124565610816,0.04000254184108723,0.08030237264974291,0.7648038398530619,25,20,20
34,5709,0.11489124565729603,0.04000254184108686,0.0804441276792099,0.7646620848224077,25,20,20
34,5710,0.11489124565734235,0.04000254184108679,0.08045810521605168,0.7646481072855198,25,20,20
34,5711,0.11506153094039252,0.0400025428938727,0.08029273682168148,0.7646431893440542,25,20,20
34,5712,0.11506153094039333,0.040002542893872776,0.08029287803236228,0.7646430481333724,25,20,20
34,5713,0.11506153094034706,0.040002542893872846,0.08028049512140889,0.7646554310443713,25,20,20
34,5714,0.11506153094034392,0.04000254289386849,0.08028294454759863,0.7646529816181891,25,20,20
34,5715,0.11506153094293818,0.04000254289411315,0.08029023767544288,0.7646456884875059,25,20,20
34,5716,0.11506153094293815,0.04000254289411315,0.08028873058148246,0.7646471955814664,25,20,20
34,5717,0.11506153094293813,0.04000254289411301,0.08028228835007292,0.7646536378128761,25,20,20
34,5718,0.11506153094293892,0.04000254289411293,0.08028240238137659,0.7646535237815715,25,20,20
34,5719,0.11506153094293886,0.04000254289411293,0.08027781638153869,0.7646581097814092,25,20,20
34,5720,0.11506153094293574,0.040002542894113084,0.08027772074072777,0.7646582054222231,25,20,20
34,5721,0.11506153094158224,0.04000254289408431,0.07657418748344873,0.768361738680884,25,20,20
34,5722,0.08395348760765715,0.040002547001318084,0.10749579504683301,0.7685481703441917,25,20,20
34,5723,0.08395348760770188,0.04000254700132237,0.10749366560184931,0.7685502997891263,25,20,20
34,5724,0.08395351868530104,0.04000254701439035,0.11588371828602599,0.7601602160142826,25,20,20
34,5725,0.08395348889140783,0.04000254700132224,0.11589528665234529,0.7601486774549246,25,20,20
34,5726,0.08395348890172077,0.04000254700156531,0.11616204010082458,0.7598819239958897,25,20,20
34,5727,0.06908299602495545,0.040002560779762775,0.13102953406976167,0.759884909125521,25,20,20
34,5728,0.06908299602513437,0.040002560779762775,0.1310310813071811,0.7598833618879223,25,20,20
34,5729,0.06908299602513755,0.040002560779767,0.13102922452487423,0.759885218670222,25,20,20
34,5730,0.0472764676033983,0.04000252718180563,0.1528388584171086,0.7598821467976878,25,20,20
34,5731,0.047276467603440626,0.04000252718204592,0.15283891916668807,0.7598820860478258,25,20,20
34,5732,0.03079060977722316,0.04000253825117858,0.16932170699954974,0.7598851449720482,25,20,20
34,5733,0.030005123041238244,0.040002538664066375,0.1701007897696043,0.759891548525091,25,20,20
34,5734,0.030005123041238244,0.040002538664066306,0.17010067390740094,0.7598916643872943,25,20,20
34,5735,0.030005123041238188,0.040002538664066306,0.17010070585040635,0.759891632444289,25,20,20
34,5736,0.03000695240620515,0.04000258163563622,0.1328340586429715,0.7971564073151882,25,20,20
34,5737,0.030006952407539624,0.0010820423570173298,0.1717545701545975,0.7971564350808455,25,20,20
34,5738,0.030006952407542014,0.0010820423572560323,0.17202072471665622,0.7968902805185459,25,20,20
34,5739,0.02575831028296892,0.0010785746984308222,0.17627298585489823,0.7968901291637007,25,20,20
34,5740,0.02575831028301435,0.001078574698679164,0.17636517613726493,0.7967979388810403,25,20,20
34,5741,0.02536408487875933,0.0010785742846632425,0.1767657543277263,0.7967915865088503,25,20,20
34,5742,0.02536408487875933,0.0010785742846632425,0.17676106377051995,0.7967962770660566,25,20,20
34,5743,0.025364084878756143,0.0010785742844202468,0.17649471384234108,0.7970626269944816,25,20,20
34,5744,0.025364084878710714,0.0010785742841719064,0.17640241111247348,0.7971549297246429,25,20,20
34,5745,0.025363874645355288,0.0010947391316710833,0.17638645648397933,0.7971549297389933,25,20,20
34,5746,0.02536387464535215,0.0010947391316667907,0.17638173691238276,0.7971596493105975,25,20,20
34,5747,0.025363874635040026,0.001094739131667554,0.17624448028622472,0.7972969059470668,25,20,20
34,5748,0.025363874635040026,0.0010947391316677019,0.1762489523323775,0.7972924339009136,25,20,20
34,5749,0.025363874635039228,0.001094739131667554,0.17624433077513302,0.797297055458159,25,20,20
34,5750,0.025363874635039186,0.0010947391319121476,0.17624912630799228,0.7972922599250555,25,20,20
34,5751,0.025363874635039186,0.0010947391319164387,0.17625382786161128,0.7972875583714321,25,20,20
34,5752,0.025363875203002446,0.0010947391319247489,0.17786372511643622,0.7956776605486354,25,20,20
34,5753,0.06322615201603557,0.0010947347307302335,0.1401878466915093,0.7954912665617258,25,20,20
34,5754,0.0632261520134413,0.0010947347443839926,0.1403101345609589,0.7953689786812166,25,20,20
34,5755,0.0632261520134413,0.0010947347443839952,0.14031673929570274,0.7953623739464726,25,20,20
34,5756,0.06322615201344135,0.001094734744624299,0.14031687065478973,0.7953622425871453,25,20,20
34,5757,0.06322615201325928,0.0010947347446242975,0.1403167825641369,0.7953623306779801,25,20,20
34,5758,0.06322615201325928,0.0010947347446243717,0.14031678456748364,0.7953623286746335,25,20,20
34,5759,0.06322615201325928,0.0010947347446243717,0.14031701405384078,0.795362099188276,25,20,20
34,5760,0.06322615201325928,0.0010947347443840683,0.14031237580186529,0.7953667374404918,25,20,20
34,5761,0.06322615201325922,0.0010947347443840696,0.14031078187171128,0.795368331370646,25,20,20
34,5762,0.026247927380272623,0.0011555191048131614,0.17693842276623317,0.7956581307486792,25,20,20
34,5763,0.026247930282143936,7.719238090145643e-05,0.17801677434937108,0.7956581029875818,25,20,20
34,5764,0.026247930282099204,7.719238066109187e-05,0.1780102657695574,0.7956646115676808,25,20,20
34,5765,0.026247930282099218,7.719238066538204e-05,0.17800528450342568,0.7956695928338081,25,20,20
34,5766,0.02624793028379034,7.719238082728736e-05,0.19197524810694983,0.7816996292284313,25,20,20
34,5767,0.026247930283790355,7.719238083157902e-05,0.191975214780431,0.7816996625549456,25,20,20
34,5768,0.026247929715830343,7.719238082341791e-05,0.19045760998738778,0.7832172679159569,25,20,20
34,5769,0.026247929715827154,7.719238082326773e-05,0.1903653176064536,0.7833095602968945,25,20,20
34,5770,0.026247929715827168,7.719238082334174e-05,0.19036532425605254,0.7833095536472955,25,20,20
34,5771,0.026247929715830357,7.71923810672492e-05,0.19049484811126646,0.7831800297918344,25,20,20
34,5772,0.026247929715830357,7.719238106717651e-05,0.19049952087091618,0.7831753570321851,25,20,20
34,5773,0.026247929715830284,7.719238106702593e-05,0.19049490069389233,0.7831799772092092,25,20,20
34,5774,0.026247929726165693,7.719238106273894e-05,0.19049328265327353,0.7831815952394969,25,20,20
34,5775,0.026247929726168892,7.71923810628869e-05,0.19048872540336753,0.7831861524893996,25,20,20
34,5776,0.026247929726168892,7.719238106288816e-05,0.19048877869898045,0.7831860991937867,25,20,20
34,5777,0.02625349430874909,7.597688956558988e-05,0.19048442942969543,0.7831860993719885,25,20,20
34,5778,0.026253494308749032,7.597688932099624e-05,0.19047970836856964,0.7831908204333589,25,20,20
34,5779,0.026253494308748238,7.597687542258493e-05,0.19035016649446437,0.7833203623213632,25,20,20
34,5780,0.026253494308745066,7.59768751829291e-05,0.1905937465344943,0.783076782281576,25,20,20
34,5781,0.026253494308745108,7.597687518296365e-05,0.1909666531860715,0.7827038756299989,25,20,20
34,5782,0.02625349430874512,7.597687518303763e-05,0.19096676775200516,0.782703761064065,25,20,20
34,5783,0.026253494308790717,7.59768751830416e-05,0.19096900413362966,0.7827015246823948,25,20,20
34,5784,0.026253494308790665,7.59768751830416e-05,0.19096892439584073,0.782701604420184,25,20,20
34,5785,0.026253494308973554,7.597688912369236e-05,0.1909770491599795,0.7826934796419216,25,20,20
34,5786,0.026253494308973554,7.597688912361839e-05,0.19097704906834653,0.7826934797335546,25,20,20
34,5787,0.026253494308793847,7.597687518725851e-05,0.19097540970868906,0.7826951191073284,25,20,20
34,5788,0.026253494308797084,7.597687518296705e-05,0.19097858452472927,0.7826919442912893,25,20,20
34,5789,0.026253494308797025,7.597687517864215e-05,0.19060548260162297,0.7830650462144,25,20,20
34,5790,0.02624792956283117,7.542459397772577e-05,0.19061159982122755,0.7830650460219618,25,20,20
34,5791,0.026247929562833554,7.542459373818446e-05,0.19048678010502149,0.7831898657384052,25,20,20
34,5792,0.026247929562788017,7.542459372960117e-05,0.1904865452943754,0.7831901005491052,25,20,20
34,5793,0.02624792956278796,7.542459372967772e-05,0.19049314797018532,0.7831834978732952,25,20,20
34,5794,0.026247929562787178,7.542459372974033e-05,0.19058524502713922,0.7830914008163422,25,20,20
34,5795,0.026247929562787972,7.542459397433398e-05,0.1905899994294178,0.7830866464138184,25,20,20
34,5796,0.026247929562787972,7.542459397434353e-05,0.19050240923340722,0.783174236609829,25,20,20
34,5797,0.026247929562949524,7.542460629217097e-05,0.1951770125318343,0.7784996332989225,25,20,20
34,5798,0.02624792956294633,7.542460628780738e-05,0.1951705204798001,0.7785061253509643,25,20,20
34,5799,0.026247929562949513,7.542460629208781e-05,0.1952628265260454,0.7784138193047115,25,20,20
34,5800,0.02624792956294632,7.542460628787195e-05,0.19525820541330102,0.7784184404174632,25,20,20
34,5801,0.02624792956294632,7.542460628787195e-05,0.19525809297587787,0.7784185528548865,25,20,20
34,5802,0.026247929562947053,7.542460629155396e-05,0.20150756489632776,0.7721690809344323,25,20,20
34,5803,0.02624792956299244,7.542460629583167e-05,0.20163760291624583,0.7720390429144645,25,20,20
34,5804,0.026247929562946838,7.542460629866949e-05,0.21560515129400407,0.7580714945367488,25,20,20
34,5805,0.026247929562946894,7.5424606302856e-05,0.2158648797960003,0.7578117660347484,25,20,20
34,5806,0.026247929562946894,7.542460630714764e-05,0.2158650744812539,0.7578115713494907,25,20,20
34,5807,0.026247931124790312,9.506863538155497e-05,0.21584542889483674,0.7578115713449901,25,20,20
34,5808,0.026247931127385316,9.506864931951372e-05,0.2018838099134577,0.7717731903098363,25,20,20
34,5809,0.02624610047762174,9.502567774927522e-05,0.1991504605730559,0.7745084132715719,25,20,20
34,5810,0.026246100488001266,9.502567774935049e-05,0.19916057869942996,0.7744982951348183,25,20,20
34,5811,0.02377108156985834,3.440601617297352e-05,0.19931002143094692,0.776884490983021,25,20,20
34,5812,0.02561109260732386,1.4594358860478393e-05,0.19748975843086417,0.7768845546029506,25,20,20
34,5813,0.02561109260728166,1.4594359100784208e-05,0.19736642345591707,0.7770078895776996,25,20,20
34,5814,0.025611092607281668,1.4594359100860794e-05,0.19736870100761336,0.7770056120260033,25,20,20
34,5815,0.02561109260728172,1.4594359100936086e-05,0.1973688149215664,0.7770054981120499,25,20,20
34,5816,0.025611092605590597,1.4594358939030772e-05,0.18339885131804262,0.7909754617174269,25,20,20
34,5817,0.02561109259521107,1.4594358938881523e-05,0.18338876457269507,0.7909855484731543,25,20,20
34,5818,0.06517746104274338,1.4594365181586906e-05,0.14382245505591967,0.7909854895361557,25,20,20
34,5819,0.06517746023335896,2.0172078714457132e-07,0.14383684850981035,0.7909854895360436,25,20,20
34,5820,0.06517746023076403,2.0170684641931825e-07,0.1438286834329822,0.7909936546294074,25,20,20
34,5821,0.06507297769846304,1.3968232102557555e-05,0.14659426745571177,0.7883187866137231,25,20,20
34,5822,0.08119249879848064,1.3958228808484496e-05,0.13047762275015196,0.7883159202225594,25,20,20
34,5823,0.08119249879848064,1.3958228804192905e-05,0.1304840325177101,0.7883095104550055,25,20,20
34,5824,0.08104616570799,1.3957163022105432e-05,0.13063055917774646,0.7883093179512418,25,20,20
34,5825,0.08104616570799,1.3957163022108029e-05,0.1306240666254669,0.7883158105035213,25,20,20
34,5826,0.08104616570798687,1.3957162781381492e-05,0.1352762233715815,0.7836636537576507,25,20,20
34,5827,0.08104616571027691,1.3957175100341684e-05,0.13984311108501896,0.7790967660296043,25,20,20
34,5828,0.042872150564718235,1.5574826271928215e-05,0.17801497668411403,0.7790972979248955,25,20,20
34,5829,0.042872244489446626,1.6377591459278782e-06,0.17799569971206478,0.7791304180393425,25,20,20
34,5830,0.04287224448949187,1.6377729963690293e-06,0.17826303470301658,0.7788630830344951,25,20,20
34,5831,0.04287224448949121,1.6377729970105869e-06,0.1723865522095343,0.7847395655279772,25,20,20
34,5832,0.04494327392052863,2.936277099600564e-06,0.17031396441676713,0.7847398253856039,25,20,20
34,5833,0.04494327391823861,2.9362647764352062e-06,0.16565485315475603,0.7893989366622283,25,20,20
34,5834,0.04494327391823861,2.9362647720688386e-06,0.16565037957718903,0.7894034102397999,25,20,20
34,5835,0.04494327391823859,2.93626476781983e-06,0.1652773901412549,0.7897763996757381,25,20,20
34,5836,0.04494327392859062,2.9362786656230907e-06,0.165023254269033,0.7900305355237102,25,20,20
34,5837,0.04494327392859062,2.9362784253177646e-06,0.165025063860504,0.7900287259324795,25,20,20
34,5838,0.04494327392859062,2.936278425316463e-06,0.1650272277147012,0.7900265620782823,25,20,20
34,5839,0.044943273928590675,2.9362784253151697e-06,0.16502503263996487,0.7900287571530187,25,20,20
34,5840,0.04494327392859068,2.9362784257485134e-06,0.16036629189186796,0.794687497901115,25,20,20
34,5841,0.0750692246558647,1.624434449513063e-06,0.13024197612383667,0.7946871747858495,25,20,20
34,5842,0.04466382274780641,1.6503193288661464e-06,0.16064019362062826,0.7946943333122358,25,20,20
34,5843,0.04466382274780316,1.650319328864826e-06,0.16063539533597593,0.7946991315968914,25,20,20
34,5844,0.04466382274780316,1.650319328863506e-06,0.16063528284977843,0.794699244083089,25,20,20
34,5845,0.04466382274798522,1.6503193331537516e-06,0.16064180865669908,0.7946927182759819,25,20,20
34,5846,0.04466382274798442,1.6503193289393863e-06,0.1606398654015832,0.7946946615311028,25,20,20
34,5847,0.04466382274780232,1.6503193203588157e-06,0.1606333350259745,0.7947011919069022,25,20,20
34,5848,0.04466382274780306,1.650319320284844e-06,0.16063998657724754,0.7946945403556286,25,20,20
34,5849,0.04466382274798472,1.6503193202108927e-06,0.16073268313239716,0.7946018438002974,25,20,20
34,5850,0.04466382274803004,1.6503193202119131e-06,0.16088943198044123,0.7944450949522079,25,20,20
34,5851,0.0446638227480301,1.6503193202858839e-06,0.16088954606057218,0.794444980872077,25,20,20
34,5852,0.04466382273768118,1.6503054224208016e-06,0.16103691156318342,0.7942976153937127,25,20,20
34,5853,0.044663822737681116,1.6503054223455328e-06,0.16103684949870456,0.7942976774581916,25,20,20
34,5854,0.04466382273768118,1.650305422270296e-06,0.16103217669085562,0.7943023502660407,25,20,20
34,5855,0.07207704494151936,1.624416625094632e-06,0.13362613926424274,0.7942951913776131,25,20,20
34,5856,0.07207704494151615,1.6244166249440494e-06,0.13362622529215526,0.7942951053497036,25,20,20
34,5857,0.07207704494151855,1.6244305642467684e-06,0.1336318122168617,0.7942895184110556,25,20,20
34,5858,0.07207704494151536,1.6244305642454623e-06,0.13363642954433552,0.7942849010835848,25,20,20
34,5859,0.07207704494151534,1.6244305642454623e-06,0.13363639412351738,0.794284936504403,25,20,20
34,5860,0.07207704494151536,1.6244305642442108e-06,0.1336363541188578,0.7942849765090625,25,20,20
34,5861,0.07207704494151537,1.6244305599837469e-06,0.13337164311758426,0.7945496875103403,25,20,20
34,5862,0.07207704493113445,1.6244305600537558e-06,0.13336673544040029,0.7945545951979051,25,20,20
34,5863,0.07207704493113444,1.6244305599784646e-06,0.1333666537741324,0.794554676864173,25,20,20
34,5864,0.04668646821936997,1.6244304361600472e-06,0.15875723042623563,0.7945546769239579,25,20,20
34,5865,0.04668646821936681,1.6244304318969956e-06,0.1584910133690235,0.7948208939811774,25,20,20
34,5866,0.04668646821936687,1.6244304318957202e-06,0.15849117517933886,0.7948207321708619,25,20,20
34,5867,0.04668646821936692,1.6244304318217584e-06,0.15848655584863028,0.7948253515015706,25,20,20
34,5868,0.04668646821941165,1.6244306764166798e-06,0.15849124759187416,0.7948206597580375,25,20,20
34,5869,0.046686468219411636,1.6244306764919025e-06,0.15849128959944786,0.7948206177504638,25,20,20
34,5870,0.047208325844037384,1.6237635076741496e-06,0.15796943232533692,0.7948206180671177,25,20,20
34,5871,0.0628478085407236,6.114884108566944e-09,0.1423320992014285,0.7948200861429645,25,20,20
34,5872,0.062847808688652,6.114879967496769e-09,0.14233666695917746,0.794815518237291,25,20,20
34,5873,0.06284780868860654,6.114635372552819e-09,0.1423319145006481,0.7948202706961105,25,20,20
34,5874,0.06284780868865238,6.114635447106467e-09,0.1427053727815724,0.7944468124151404,25,20,20
34,5875,0.06232616887112183,2.3428057628228334e-06,0.1432246761939794,0.7944468121291364,25,20,20
34,5876,0.06232616887112214,2.342791916671834e-06,0.1429589767462373,0.7947125115907244,25,20,20
34,5877,0.06232616887116765,2.3428058559758514e-06,0.14297118385077154,0.7947003044722054,25,20,20
34,5878,0.062326168871167716,2.3428058560511433e-06,0.14297126692946407,0.7947002213935127,25,20,20
34,5879,0.06232616887116532,2.342791921039348e-06,0.14296558484514654,0.7947059034917677,25,20,20
34,5880,0.06184810453961628,2.342785549906923e-06,0.14344364912510607,0.7947059035497287,25,20,20
34,5881,0.06184810453945474,2.342773232078197e-06,0.1387689324129126,0.7993806202744017,25,20,20
34,5882,0.06187749383332802,5.1199557159172476e-08,0.13874183457966813,0.7993806203874476,25,20,20
34,5883,0.06187749383332802,5.119979752522007e-08,0.13874679044533397,0.7993756645215416,25,20,20
34,5884,0.06727842517113505,7.02732790080759e-07,0.1331713032741254,0.7995495688219506,25,20,20
34,5885,0.06727842517113378,7.027330366736941e-07,0.13345164634998152,0.799269225745849,25,20,20
34,5886,0.06727842517113379,7.027330408900394e-07,0.13345176054077185,0.7992691115550545,25,20,20
34,5887,0.06807754745574143,6.537710816227211e-07,0.13265263005286443,0.7992691687203133,25,20,20
34,5888,0.0680775474556959,6.537708369652253e-07,0.13264592619443374,0.7992758725790342,25,20,20
34,5889,0.06807754745569584,6.537708370392193e-07,0.13264442088400816,0.7992773778894596,25,20,20
34,5890,0.06807754745569579,6.53770837040514e-07,0.13264595927091638,0.7992758395025514,25,20,20
34,5891,0.06807754745574132,6.537708414058849e-07,0.13264833179286814,0.7992734669805498,25,20,20
34,5892,0.0680775474557421,6.53770841482428e-07,0.13264821912073768,0.7992735796526793,25,20,20
34,5893,0.06953493052713366,2.2353210447144214e-09,0.13136539088314644,0.7990996763543996,25,20,20
34,5894,0.06953493052713366,2.2353210447827237e-09,0.13136539000496053,0.7990996772325851,25,20,20
34,5895,0.10379370936808797,2.235317852664855e-09,0.09710661120929677,0.7990996771872971,25,20,20
34,5896,0.10296545321397163,7.24572188687509e-05,0.09786246782291949,0.7990996217442398,25,20,20
34,5897,0.10296545321397085,7.24572188687509e-05,0.09786397138890315,0.7990981181782569,25,20,20
34,5898,0.1027704716084747,7.245721895157206e-05,0.09805890482380523,0.7990981663487683,25,20,20
34,5899,0.1027704716084747,7.245721895157333e-05,0.09806550908807139,0.7990915620845022,25,20,20
34,5900,0.10277047160847465,7.245721895157203e-05,0.09806548114765089,0.7990915900249227,25,20,20
34,5901,0.1027704716084748,7.245721895586241e-05,0.09790882709005055,0.7992482440825185,25,20,20
34,5902,0.10277047160847795,7.245721920037195e-05,0.09791544905378329,0.7992416221185382,25,20,20
34,5903,0.10277047160847877,7.245721920044851e-05,0.09791784909635867,0.7992392220759619,25,20,20
34,5904,0.10277047160847558,7.24572189558663e-05,0.09791774878867723,0.7992393223838912,25,20,20
34,5905,0.10277047160863655,7.245721895593135e-05,0.10257036549984548,0.794586705672562,25,20,20
34,5906,0.10436284560804643,4.84759715920741e-08,0.10105040210810733,0.7945867038078744,25,20,20
34,5907,0.1043628456080464,4.8475967300414975e-08,0.10105020742224365,0.7945868984937424,25,20,20
34,5908,0.10436284560786596,4.8475720781427334e-08,0.1006793627710003,0.7949577431454128,25,20,20
34,5909,0.10436284545996719,4.847587982102617e-08,0.11464447834630802,0.7809926277178447,25,20,20
34,5910,0.10436284545992171,4.8475875456952676e-08,0.11464210723459912,0.7809949988296034,25,20,20
34,5911,0.10436284545987698,4.846193622820046e-08,0.11463206747354868,0.7810050386046377,25,20,20
34,5912,0.1043628454598802,4.846194051829315e-08,0.11463272710234723,0.7810043789758316,25,20,20
34,5913,0.10436284545987698,4.846193615293527e-08,0.1146304490658433,0.7810066570123432,25,20,20
34,5914,0.10436284545987619,4.846193186201229e-08,0.11462389069921683,0.7810132153789746,25,20,20
34,5915,0.10436284545987937,4.846193622689793e-08,0.11463038075110621,0.7810067253270777,25,20,20
34,5916,0.10436284545987938,4.8461936228241134e-08,0.11463243042299273,0.7810046756551912,25,20,20
34,5917,0.10436284545987938,4.8461936154272566e-08,0.11463551075054529,0.7810015953276387,25,20,20
34,5918,0.10436284545985024,4.8461777483598995e-08,0.13582525495623396,0.7598118511221382,25,20,20
34,5919,0.10436284546242133,4.846178166089896e-08,0.13620136891048543,0.7594357371653114,25,20,20
34,5920,0.10436284546260348,4.846178595251751e-08,0.1361992894643086,0.7594378166113018,25,20,20
34,5921,0.10436284546260353,4.8461785953860334e-08,0.13620090978889712,0.7594361962867133,25,20,20
34,5922,0.10436284546388103,4.846178649100426e-08,0.13620129381438462,0.7594358122599477,25,20,20
34,5923,0.10436284546388103,4.846178649100323e-08,0.13620789552997523,0.7594292105443572,25,20,20
34,5924,0.10436284546383513,4.8461786416426185e-08,0.13584096175899696,0.7597961443153813,25,20,20
34,5925,0.10279911791165296,2.2432629064451184e-09,0.1374047355296533,0.7597961443154309,25,20,20
34,5926,0.10279911850187488,2.24350696033469e-09,0.13750372402175629,0.759697155232862,25,20,20
34,5927,0.10279911850187809,2.2435071095738783e-09,0.13750376024897967,0.7596971190056352,25,20,20
34,5928,0.09128478468275718,2.493663866754453e-09,0.14901809385494136,0.7596971189686385,25,20,20
34,5929,0.09128478468276036,2.493668083076808e-09,0.1490181741698444,0.759697038653728,25,20,20
34,5930,0.09128478468275797,2.4936680098058878e-09,0.14901176559561746,0.7597034472279574,25,20,20
34,5931,0.09128478468257584,2.4936636442198742e-09,0.1490116833657987,0.7597035294579625,25,20,20
34,5932,0.0912847846825759,2.4936637189792495e-09,0.14927793562002578,0.7594372772037353,25,20,20
34,5933,0.09525172992457537,7.738680044218429e-07,0.14530647955501091,0.7594410166524098,25,20,20
34,5934,0.0952517299245762,7.738682491002503e-07,0.14530748313525202,0.7594400130719231,25,20,20
34,5935,0.09525172992462397,7.738684972308144e-07,0.1454190249022189,0.7593284713046603,25,20,20
34,5936,0.09525172992462311,7.738682525537045e-07,0.1454157437531269,0.7593317524539978,25,20,20
34,5937,0.09553006003366242,7.738713297229937e-07,0.14513746182602558,0.7593317042689827,25,20,20
34,5938,0.09553006003370791,7.73871329723017e-07,0.14513973925331192,0.7593294268416508,25,20,20
34,5939,0.10751499634992133,7.736211690886632e-07,0.13315480320926174,0.7593294268196483,25,20,20
34,5940,0.10751499634991817,7.736211648723172e-07,0.13315472182673982,0.7593295082021777,25,20,20
34,5941,0.1075149963498696,7.736209167404241e-07,0.1330473837364214,0.7594368462927927,25,20,20
34,5942,0.1075149963498688,7.736209210016891e-07,0.13331143522578304,0.7591727948034276,25,20,20
34,5943,0.10751499634991432,7.736209210769453e-07,0.13331808402517742,0.7591661460039876,25,20,20
34,5944,0.10751499634991432,7.736209254134757e-07,0.13357781251941445,0.7589064175097462,25,20,20
34,5945,0.10752518740314965,7.714076135008854e-07,0.13360006111971987,0.7588739800695175,25,20,20
34,5946,0.10757205282721462,7.747237202144674e-07,0.13209080763856165,0.7603363648105037,25,20,20
34,5947,0.1075720528290906,7.752981889892286e-07,0.1431788963738453,0.7492482754988755,25,20,20
34,5948,0.10757205282909067,7.752984276470157e-07,0.14317891561295668,0.7492482562595255,25,20,20
34,5949,0.10757205282909062,7.752984276456953e-07,0.14317729272959046,0.7492498791428918,25,20,20
34,5950,0.10757205282909059,7.752984275704382e-07,0.14317068793566215,0.7492564839368201,25,20,20
34,5951,0.10757205282904508,7.752984275704501e-07,0.14316415194030555,0.7492630199322222,25,20,20
34,5952,0.10757205282904508,7.752984275704501e-07,0.14316415194030555,0.7492630199322222,25,20,20
34,5953,0.10744765893052222,7.75296828491033e-07,0.14328854541637703,0.7492630203562725,25,20,20
34,5954,0.10744765893052541,7.752968284923537e-07,0.1432886550639959,0.7492629107086505,25,20,20
34,5955,0.10744765893070672,7.752968285656247e-07,0.14329506421583185,0.749256501556633,25,20,20
34,5956,0.1074476589307067,7.752965855713076e-07,0.14302871371875195,0.749522852053956,25,20,20
34,5957,0.10744765893054571,7.75296585503664e-07,0.13836949297394843,0.7541820727989206,25,20,20
34,5958,0.10744765893050018,7.752965855023205e-07,0.1383673265962289,0.7541842391766856,25,20,20
34,5959,0.10744765893050018,7.752965855762789e-07,0.1383739286864204,0.754177637086494,25,20,20
34,5960,0.10744765893050015,7.752965883419828e-07,0.15207746562320312,0.7404741001497086,25,20,20
34,5961,0.10744765893050014,7.752965883407076e-07,0.15207086003293702,0.7404807057399746,25,20,20
34,5962,0.10744765893050331,7.752965927055935e-07,0.15207735076192747,0.7404742150109768,25,20,20
34,5963,0.10744765893050329,7.75296592705616e-07,0.1520773173433001,0.7404742484296041,25,20,20
34,5964,0.10744765893050336,7.752965970304896e-07,0.1524503401885817,0.7401012255843181,25,20,20
34,5965,0.10744765893050015,7.752965927408602e-07,0.15245033775222327,0.7401012280206841,25,20,20
34,5966,0.10744765894088229,7.752965970311866e-07,0.1524439589385134,0.7401076068240076,25,20,20
34,5967,0.10744765894070017,7.75296592814539e-07,0.15270368476743107,0.7398478809952762,25,20,20
34,5968,0.10744765894065464,7.752965884478475e-07,0.15270131082141078,0.7398502549413464,25,20,20
34,5969,0.10744765894065461,7.75296584111295e-07,0.1524350920232521,0.7401164737395095,25,20,20
34,5970,0.10744769256077062,7.753107254782867e-07,0.15256725597013604,0.7399842761583681,25,20,20
34,5971,0.10744769256077062,7.753107254042933e-07,0.15256725457767398,0.7399842775508303,25,20,20
34,5972,0.10744769197054872,7.753104814256733e-07,0.15246180433819448,0.7400897283807757,25,20,20
34,5973,0.10744855143679877,7.75316826472508e-07,0.13910687628408128,0.7534437969622932,25,20,20
34,5974,0.1074485514367956,7.753168264725071e-07,0.13910684913841231,0.7534438241079653,25,20,20
34,5975,0.10741994130985931,7.761445043199722e-07,0.13913545843893232,0.753443824106704,25,20,20
34,5976,0.10741994130985938,7.76144504318675e-07,0.13913083839129733,0.7534484441543386,25,20,20
34,5977,0.10741994130985946,7.761445043212709e-07,0.1391309201392175,0.7534483624064185,25,20,20
34,5978,0.09357626986099218,7.794631818491414e-07,0.15297367226811567,0.7534492784077096,25,20,20
34,5979,0.09357626986099218,7.794631818491409e-07,0.15297367225581543,0.7534492784200099,25,20,20
34,5980,0.09357626985846665,7.794631818893026e-07,0.15259980080803265,0.7538231498703181,25,20,20
34,5981,0.09357626986106177,7.794631860319879e-07,0.1523401214660605,0.7540828292096908,25,20,20
34,5982,0.09357626986363304,7.794634255287934e-07,0.13874404908233273,0.7676789015906084,25,20,20
34,5983,0.09357626986363307,7.79463425530091e-07,0.13874416485313346,0.7676787858198076,25,20,20
34,5984,0.09357626986363368,7.794636276083834e-07,0.14462064736697555,0.7618023033057626,25,20,20
34,5985,0.09357626986363048,7.794636274578457e-07,0.14462061109288968,0.7618023395798516,25,20,20
34,5986,0.09360496056676375,7.786063240916055e-07,0.1445919212457951,0.7618023395811163,25,20,20
34,5987,0.09360496056676386,7.786063240903298e-07,0.1448590080328822,0.761535252794029,25,20,20
34,5988,0.09517480886844364,7.786063192297204e-07,0.14328915973247203,0.7615352527927642,25,20,20
34,5989,0.09517480886656766,7.780318504562569e-07,0.13220098971571093,0.7726234233858702,25,20,20
34,5990,0.09517480886657079,7.780318547478708e-07,0.13220110523977602,0.7726233078617978,25,20,20
34,5991,0.09517480886657076,7.780318546726028e-07,0.13220101780258475,0.772623395298989,25,20,20
34,5992,0.09517480886657079,7.780318546739006e-07,0.1322057192901176,0.7726186938114562,25,20,20
34,5993,0.09517480885637081,7.780318503096156e-07,0.13220720439553207,0.772617208716246,25,20,20
34,5994,0.09517480885637401,7.780318503083217e-07,0.13220530315634682,0.772619109955428,25,20,20
34,5995,0.09517480885651054,7.78031850381197e-07,0.13220320349097983,0.7726212096206584,25,20,20
34,5996,0.09432989226388636,7.185297988160141e-05,0.13297694083551279,0.7726213139207183,25,20,20
34,5997,0.06831441882867452,7.184972050392663e-05,0.15899310374752407,0.7726206277032963,25,20,20
34,5998,0.06831441882867452,7.184972050392658e-05,0.158993267520246,0.7726204639305746,25,20,20
34,5999,0.06831441882867446,7.184972050400055e-05,0.1589932658683311,0.7726204655824895,25,20,20
34,6000,0.0688889285363766,7.747961965926403e-07,0.1584794612649068,0.7726308354025191,25,20,20
34,6001,0.06888892853619448,7.747961922257375e-07,0.15847923839280242,0.7726310582748102,25,20,20
34,6002,0.07990554596523966,3.4217236361464324e-09,0.14746703766474148,0.7726274129482953,25,20,20
34,6003,0.06318654309505266,6.055076354329558e-07,0.16402482979833727,0.7727880215989744,25,20,20
34,6004,0.06318654309505266,6.055076355082471e-07,0.16402491226650223,0.7727879391308093,25,20,20
34,6005,0.06318654309505345,6.055078800279396e-07,0.16402504593015055,0.7727878054669158,25,20,20
34,6006,0.06318654309505345,6.055078800305799e-07,0.1640249632329748,0.7727878881640916,25,20,20
34,6007,0.08321269554033922,6.167366386086231e-07,0.14400631933053282,0.7727803683924891,25,20,20
34,6008,0.08321269554033928,6.16736638623757e-07,0.1440038448059449,0.7727828429170769,25,20,20
34,6009,0.08321269554034001,6.167366429120881e-07,0.14401036816892904,0.7727763195540877,25,20,20
34,6010,0.08321269554034,6.167366428355219e-07,0.1440118479882161,0.7727748397348005,25,20,20
34,6011,0.08321840574709921,6.167351088648964e-07,0.14400613820730393,0.772774839310488,25,20,20
34,6012,0.08321840574709853,6.167349024604326e-07,0.1377565523728312,0.7790244251451677,25,20,20
34,6013,0.08321840574714366,6.167487570923724e-07,0.13775680057841133,0.7790241769256877,25,20,20
34,6014,0.1018580257245812,6.054962658260755e-07,0.11912014620195174,0.779021222577201,25,20,20
34,6015,0.10185802572717632,6.054965104096143e-07,0.119126770474068,0.779014598302245,25,20,20
34,6016,0.10185802572717628,6.054965104835818e-07,0.11912896823974846,0.7790124005365645,25,20,20
34,6017,0.10185802572717634,6.054965104835783e-07,0.11922123565596196,0.7789201331203511,25,20,20
34,6018,0.10184184914320063,6.47069933765802e-07,0.11923760032722837,0.7789199034596368,25,20,20
34,6019,0.10184184914320069,6.47069933768398e-07,0.1192376031718532,0.7789199006150119,25,20,20
34,6020,0.1018418828649436,6.470704186211789e-07,0.11923963846434893,0.7789178316002885,25,20,20
34,6021,0.101841882864946,6.470704144807898e-07,0.11923317647484585,0.7789242935897933,25,20,20
34,6022,0.09592980418874561,6.47074400150858e-07,0.1251452547793933,0.7789242939574605,25,20,20
34,6023,0.09592980418874875,6.47074404442475e-07,0.12505315618288912,0.7790163925539573,25,20,20
34,6024,0.09592980418875195,6.470744045203596e-07,0.12505473687484686,0.7790148118619962,25,20,20
34,6025,0.09592980418875192,6.470744045203587e-07,0.12505481485767705,0.7790147338791661,25,20,20
34,6026,0.09592980418875426,6.470744029045675e-07,0.12531880639698373,0.7787507423398585,25,20,20
34,6027,0.0959289447214084,6.470680611680257e-07,0.10351392434440598,0.8005564838661237,25,20,20
34,6028,0.0959289447214084,6.470680611667279e-07,0.10351395769363908,0.8005564505168905,25,20,20
34,6029,0.0959289447214052,6.470680611649465e-07,0.1035184645609718,0.8005519436495611,25,20,20
34,6030,0.09592894472135996,6.470542066082637e-07,0.1032576198632841,0.8008127883611488,25,20,20
34,6031,0.0959289447213599,6.470542066069659e-07,0.10325753737143267,0.800812870853,25,20,20
34,6032,0.09592894472135673,6.470542023906204e-07,0.1032574231908403,0.8008129850335999,25,20,20
34,6033,0.09592894472135673,6.470542024645908e-07,0.10325742261625447,0.8008129856081859,25,20,20
34,6034,0.09592894472135668,6.47054446523364e-07,0.10334971571050444,0.8007206925136916,25,20,20
34,6035,0.09592891110124388,6.470403053051479e-07,0.10334695972282608,0.800723482135624,25,20,20
34,6036,0.12851398044663376,6.137994717299271e-07,0.07069639270292516,0.8007890130509691,25,20,20
34,6037,0.12851398044663376,6.137994717298815e-07,0.07069476847019245,0.8007906372837019,25,20,20
34,6038,0.12851398044663695,6.137994760210355e-07,0.070699391595973,0.8007860141579138,25,20,20
34,6039,0.128513980446637,6.137994760224244e-07,0.07069943364757394,0.8007859721063127,25,20,20
34,6040,0.1285139804466371,6.137994803125748e-07,0.07070106840704721,0.800784337346835,25,20,20
34,6041,0.12851398044663714,6.137994845900731e-07,0.07082831770376846,0.8006570880501096,25,20,20
34,6042,0.12845683083427853,6.104833273543455e-07,0.06872390664450925,0.8028186520378842,25,20,20
34,6043,0.1284568308342754,6.104833272803833e-07,0.06871931959106253,0.8028232390913339,25,20,20
34,6044,0.12845683083427223,6.104833272051405e-07,0.0687176983289167,0.8028248603534831,25,20,20
34,6045,0.1284742560446037,6.109889638833704e-07,0.04687747428861599,0.8246476586778161,25,20,20
34,6046,0.1284742560447858,6.109889638833621e-07,0.046882189524797384,0.8246429434414526,25,20,20
34,6047,0.1284742560447858,6.109889638833398e-07,0.04688230596141166,0.8246428270048384,25,20,20
34,6048,0.12847425604496795,6.109889597427474e-07,0.04687774627050585,0.8246473866955659,25,20,20
34,6049,0.12845683003069236,6.104833044035645e-07,0.032348472495823184,0.8391940869901799,25,20,20
34,6050,0.12845683003069236,6.104833044792939e-07,0.032343966075049496,0.8391985934109536,25,20,20
34,6051,0.12845683003051256,6.104834814012547e-07,0.0433970925539494,0.8281454669320562,25,20,20
34,6052,0.12845683003051028,6.104833044040341e-07,0.03233917022214364,0.8392033892640416,25,20,20
34,6053,0.1284568300305071,6.104833042565785e-07,0.03220972887901818,0.8393328306071703,25,20,20
34,6054,0.12976733305970053,6.020914863672053e-07,0.030964764556533745,0.8392673002922794,25,20,20
34,6055,0.12976733305969734,6.020914862179425e-07,0.030964701088635013,0.8392673637601814,25,20,20
34,6056,0.128518745166847,6.103549619410157e-07,0.03221216801467772,0.8392684764635132,25,20,20
34,6057,0.12851874516702907,6.103549618809989e-07,0.03208438199736328,0.8393962624806457,25,20,20
34,6058,0.128518745166847,6.103549575893845e-07,0.0320842663584353,0.8393963781197599,25,20,20
34,6059,0.128518745166847,6.103549575894068e-07,0.03208414992182104,0.8393964945563741,25,20,20
34,6060,0.12851874516684691,6.103549532992562e-07,0.03208251719922537,0.8393981272789742,25,20,20
34,6061,0.1285187451668469,6.103549532252846e-07,0.0320825506083347,0.839398093869865,25,20,20
34,6062,0.12851874516685002,6.103549575888263e-07,0.032089116661348636,0.8393915278168436,25,20,20
34,6063,0.1285187451668468,6.10354953297912e-07,0.03208262600872741,0.8393980184694724,25,20,20
34,6064,0.1285187451668468,6.103549532252383e-07,0.03208259122334861,0.8393980532548511,25,20,20
34,6065,0.12851874516684686,6.103551977448994e-07,0.03208731082202842,0.8393933336559268,25,20,20
34,6066,0.1285187451668468,6.103551935283346e-07,0.03245571213437445,0.839024932343585,25,20,20
34,6067,0.1285187451666647,6.103551893108223e-07,0.03246057339114634,0.8390200710869994,25,20,20
34,6068,0.12851874516666462,6.103551893121191e-07,0.03246068537818945,0.8390199590999563,25,20,20
34,6069,0.12851874516894016,1.173856035348887e-06,0.06363900908595403,0.8078410718890697,25,20,20
34,6070,0.16851647840000417,6.103549452596065e-07,0.03237065412089257,0.7991122571241579,25,20,20
34,6071,0.16851647840000417,6.10354945262202e-07,0.032370735866429905,0.7991121753786206,25,20,20
34,6072,0.16870582497431508,6.10547747504075e-07,0.03218248219509846,0.7991110822828389,25,20,20
34,6073,0.16870582497413292,6.105477475027772e-07,0.03218088557388427,0.7991126789042352,25,20,20
34,6074,0.1687058249741361,6.105477475767483e-07,0.03218085561997547,0.7991127088581408,25,20,20
34,6075,0.13576743281235548,6.020952602387209e-07,0.06511757143971629,0.7991143936526669,25,20,20
34,6076,0.15389029703389473,1.5821061561834894e-11,0.047155819291126944,0.7989538836591562,25,20,20
34,6077,0.15389029703389473,1.582113549837988e-11,0.04716230762318085,0.7989473953271023,25,20,20
34,6078,0.1538902970337158,1.5825277872474075e-11,0.047162360446757805,0.7989473425037003,25,20,20
34,6079,0.1538902970337158,1.5825276574743532e-11,0.04716228135856773,0.7989474215918902,25,20,20
34,6080,0.1538902970363052,2.973566312278593e-11,0.047250953279225065,0.7988587496547332,25,20,20
34,6081,0.15980241981515297,2.5722571434789947e-11,0.04133883087206243,0.7988587492870615,25,20,20
34,6082,0.159802419815153,2.572257013785295e-11,0.04133891135378483,0.798858668805339,25,20,20
34,6083,0.15980241981515309,2.5722718055676982e-11,0.04134543506284762,0.7988521450962759,25,20,20
34,6084,0.1598024198125637,1.181225756214358e-11,0.04151650649085883,0.7986810736847646,25,20,20
34,6085,0.15980241981260923,1.2056868356353004e-11,0.04114576574791938,0.7990518144274138,25,20,20
34,6086,0.15980241981260923,1.2061158681584481e-11,0.04114577232904115,0.7990518078462878,25,20,20
34,6087,0.15980241981260604,1.2056865746684114e-11,0.041145575059453814,0.7990520051158826,25,20,20
34,6088,0.15980241981278498,1.2297093839015917e-11,0.04115021282900164,0.7990473673459156,25,20,20
34,6089,0.15980241981278498,1.229716651285609e-11,0.04115021413940262,0.7990473660355147,25,20,20
34,6090,0.15980241981278498,1.2297018595037433e-11,0.04114361276469276,0.7990539674102247,25,20,20
34,6091,0.15980241981260282,1.2056715233633644e-11,0.041138974493960825,0.7990586056813791,25,20,20
34,6092,0.15980241981260282,1.2052423657004249e-11,0.04113890898630104,0.7990586711890431,25,20,20
34,6093,0.15979635985296167,1.2106735397950343e-11,0.041144968938446026,0.7990586711964849,25,20,20
34,6094,0.15902225456595442,4.975411888299444e-09,0.04191769931315404,0.7990600411454791,25,20,20
34,6095,0.1590222545661354,4.975416152648897e-09,0.04218446057740041,0.7987932798810475,25,20,20
34,6096,0.1590222545661353,4.975416151360113e-09,0.04191811300051122,0.7990596274579367,25,20,20
34,6097,0.1590222547136006,4.975660053542541e-09,0.04204807465149906,0.7989296656592397,25,20,20
34,6098,0.1590222209894443,4.975170984954122e-09,0.04213177717972281,0.7988459968556615,25,20,20
34,6099,0.15902222098944427,4.9751710615157874e-09,0.04213397283792837,0.7988438011974559,25,20,20
34,6100,0.15902222098944113,4.97492814119224e-09,0.04186770387938663,0.7991100701562438,25,20,20
34,6101,0.15857895135094763,4.974968331272377e-09,0.042311167297646855,0.7991098763764368,25,20,20
34,6102,0.1585789513509928,5.763199051397426e-09,0.04264100155338274,0.7987800413324253,25,20,20
34,6103,0.15260574492616302,1.8824033375262133e-08,0.04861299813987615,0.7987812381099275,25,20,20
34,6104,0.1526057447786978,1.8823789473080014e-08,0.04848465452644489,0.7989095818710678,25,20,20
34,6105,0.15260574477869773,1.882378939914325e-08,0.04848465449612198,0.7989095819013908,25,20,20
34,6106,0.15260574477865252,1.803555875294305e-08,0.048154862629972255,0.7992393745558164,25,20,20
34,6107,0.15260574477953573,2.1118850410944338e-08,0.0854308488355615,0.7619633852660529,25,20,20
34,6108,0.15260574477935399,2.111885041109837e-08,0.0853385730618548,0.7620556610399413,25,20,20
34,6109,0.15199546283160292,2.181287357897472e-08,0.08594884935228805,0.7620556660032359,25,20,20
34,6110,0.15199546283160295,2.1812873505003863e-08,0.08595104652929786,0.762053468826226,25,20,20
34,6111,0.1519954628315606,2.1812628896230386e-08,0.08595030851807275,0.7620542068377381,25,20,20
34,6112,0.15199546283174226,2.181238437641883e-08,0.08603777584479792,0.7619667395110757,25,20,20
34,6113,0.151995462829171,2.181214211440634e-08,0.08567058275096656,0.7623339326077204,25,20,20
34,6114,0.15199546282921622,2.1812389371780732e-08,0.08593681912962432,0.7620676962287704,25,20,20
34,6115,0.151995462829217,2.1812389445751428e-08,0.08593682675126807,0.7620676886071257,25,20,20
34,6116,0.15199546536318773,1.8729116490551276e-08,0.08865919852781945,0.7593453173798766,25,20,20
34,6117,0.15199546536318695,1.8729116341288536e-08,0.08865907724407628,0.7593454386636208,25,20,20
34,6118,0.15199546536305075,1.872911634273668e-08,0.08856691955286404,0.7594375963549692,25,20,20
34,6119,0.15199546536287062,1.8729356663226754e-08,0.08830686334499677,0.7596976525627762,25,20,20
34,6120,0.15199546536291295,1.872936095352314e-08,0.08830543754595585,0.7596990783617705,25,20,20
34,6121,0.1519954653628674,1.8729356587937198e-08,0.08830524025597165,0.7596992756518047,25,20,20
34,6122,0.1519963816310473,1.8729356579052752e-08,0.08830432398779427,0.7596992756518024,25,20,20
34,6123,0.15377428350853026,2.6869182749481517e-07,0.08652734578785198,0.7596981020117909,25,20,20
34,6124,0.1537742835085758,2.6869183186041996e-07,0.0865209784664269,0.759704469333166,25,20,20
34,6125,0.153774283508575,2.686915915671948e-07,0.08651447065407906,0.759710977145755,25,20,20
34,6126,0.15071018029219233,2.7261166492418495e-07,0.08957857490198436,0.7597109721941588,25,20,20
34,6127,0.15161257911726853,2.676483049697249e-07,0.08867755099683708,0.7597096022375901,25,20,20
34,6128,0.15161257911722298,2.676483049683927e-07,0.0886840106691298,0.759703142565343,25,20,20
34,6129,0.15161257911722298,2.676483049670949e-07,0.0886839301794671,0.7597032230550053,25,20,20
34,6130,0.15161257911717782,2.6766190807740456e-07,0.0886850267732891,0.7597021264476252,25,20,20
34,6131,0.15161257911717782,2.676619080021133e-07,0.08868506016615071,0.7597020930547638,25,20,20
34,6132,0.1516063129267914,2.676635604345865e-07,0.08869132592128182,0.7597020934883667,25,20,20
34,6133,0.15160631292679458,2.6766380441940157e-07,0.08877701774313525,0.7596164016662661,25,20,20
34,6134,0.1516063129267914,2.6766356035801e-07,0.08868480362370723,0.7597086157859414,25,20,20
34,6135,0.15160631293712992,2.676635647065836e-07,0.08886509622480053,0.7595283231745052,25,20,20
34,6136,0.15160631292679144,2.676635604346221e-07,0.08868486419182493,0.7597085552178235,25,20,20
34,6137,0.15160631292678833,2.6766356465048384e-07,0.08868948382423236,0.759703935585415,25,20,20
34,6138,0.14510092696577032,2.716176558931793e-07,0.0951943332695519,0.7597044681470222,25,20,20
34,6139,0.14510092696577032,2.716176558192204e-07,0.0951877304388552,0.759711070977719,25,20,20
34,6140,0.14510092696835744,2.7161765589558446e-07,0.09531776997303396,0.7595810314409529,25,20,20
34,6141,0.14510092696835744,2.7161765160529016e-07,0.09531757473673232,0.7595812266772589,25,20,20
34,6142,0.14510092696835744,2.7161765160524543e-07,0.09531757671992162,0.7595812246940697,25,20,20
34,6143,0.14510092696835744,2.716176516051767e-07,0.09531763765829483,0.7595811637556966,25,20,20
34,6144,0.14510092696835744,2.7161764738941454e-07,0.09569054425632545,0.7592082571576703,25,20,20
34,6145,0.1451009269683574,2.716176474633735e-07,0.09569703254911423,0.7592017688648812,25,20,20
34,6146,0.1451009269683574,2.7161764746341944e-07,0.09569707063128391,0.7592017307827116,25,20,20
34,6147,0.14510092696835744,2.7161788980611534e-07,0.09607019053985766,0.7588286108738954,25,20,20
34,6148,0.1451009269683575,2.71617889881372e-07,0.09607019057027497,0.7588286108434779,25,20,20
34,6149,0.1451009269683575,2.71617645299119e-07,0.09607021856931468,0.7588285828446826,25,20,20
34,6150,0.1451009269683606,2.7161764522511624e-07,0.09633733627317084,0.7585614651408236,25,20,20
34,6151,0.1451009269683606,2.716176452990874e-07,0.09633741731929232,0.7585613840947019,25,20,20
34,6152,0.14510092696836055,2.7161764522513657e-07,0.09633309066171332,0.7585657107522811,25,20,20
34,6153,0.1451009269683605,2.716176494396777e-07,0.09633765176369936,0.758561149650291,25,20,20
34,6154,0.1451009269684056,2.7161765369130367e-07,0.09671065494822066,0.7581881464657202,25,20,20
34,6155,0.1451009269684056,2.716176536913036e-07,0.09671065494822066,0.7581881464657202,25,20,20
34,6156,0.14905678596745536,8.59440493155413e-09,0.09275508210248157,0.7581881233356582,25,20,20
34,6157,0.1490567859674099,8.594642908588668e-09,0.09312796711778881,0.7578152383201585,25,20,20
34,6158,0.14905678611442016,8.594890323838602e-09,0.09338097764102943,0.7575622276496603,25,20,20
34,6159,0.13294425475609895,1.4585988990016223e-08,0.10949190317680818,0.7575638274811038,25,20,20
34,6160,0.13294425222399658,1.537328956052485e-08,0.06986767007373439,0.7971880623289793,25,20,20
34,6161,0.13294425222399653,1.53730472166116e-08,0.06949454869116897,0.7975611837117872,25,20,20
34,6162,0.12676221013681954,2.615293147605901e-07,0.07375812213716185,0.7994794061967034,25,20,20
34,6163,0.12676221013681954,2.6152907241789414e-07,0.07338500222858813,0.7998525261055195,25,20,20
34,6164,0.1267622101368196,2.6152907663484947e-07,0.07339152566830237,0.799846002665801,25,20,20
34,6165,0.1267622101368196,2.615152263411371e-07,0.07312415930297636,0.8001133690449772,25,20,20
34,6166,0.12676221013681643,2.6151522633987136e-07,0.07285707450175649,0.8003804538462004,25,20,20
34,6167,0.11013702534247001,1.390356601349427e-06,0.09140094879414869,0.7984606355067798,25,20,20
34,6168,0.11013702534247073,1.3903565971322554e-06,0.0914028501372604,0.7984587341636714,25,20,20
34,6169,0.11013702534922686,1.39036583000907e-06,0.10537315352112088,0.784488430763822,25,20,20
34,6170,0.11013702534922688,1.3903658257205346e-06,0.10536845339006833,0.7844931308948788,25,20,20
34,6171,0.1101370253492269,1.3903660702420992e-06,0.10536659073904048,0.7844949935456621,25,20,20
34,6172,0.11013702534922684,1.3903660701668536e-06,0.10536659013927652,0.7844949941454263,25,20,20
34,6173,0.11013702534247072,1.3903568415798947e-06,0.09140098891922004,0.7984605953814675,25,20,20
34,6174,0.11013702534247072,1.3903568372900619e-06,0.09139628677975814,0.7984652975209338,25,20,20
34,6175,0.0822221844081872,1.3864144109565784e-06,0.11931166121049476,0.7984647679669068,25,20,20
34,6176,0.08222218441597365,1.3864146555652207e-06,0.11930731573492681,0.7984691134344436,25,20,20
34,6177,0.08222218441597437,1.386414655565244e-06,0.11930731644050692,0.7984691127288629,25,20,20
34,6178,0.08222218441322596,1.3856273405822504e-06,0.11893176785116416,0.798844662108269,25,20,20
34,6179,0.07674550517077125,2.546229705247525e-06,0.12440728658486551,0.7988446620146574,25,20,20
34,6180,0.07674550517077124,2.5462297052462273e-06,0.12440728458673146,0.7988446640127914,25,20,20
34,6181,0.07674550517095016,2.5462297052444405e-06,0.12441184053470122,0.7988401080646428,25,20,20
34,6182,0.07674550516836307,2.5462297051694197e-06,0.12428183014469026,0.798970118457241,25,20,20
34,6183,0.07674550516836307,2.546229705168121e-06,0.1242818281715779,0.798970120430353,25,20,20
34,6184,0.07674550502135279,2.5462294577515515e-06,0.124028815650883,0.7992231330983058,25,20,20
34,6185,0.0767455050213528,2.5462294577528263e-06,0.12402892970418579,0.799223019045003,25,20,20
34,6186,0.076745505021352,2.546229453460556e-06,0.12402232309072649,0.7992296256584674,25,20,20
34,6187,0.07674550502135205,2.5462294577867038e-06,0.12439527245806264,0.7988566762911269,25,20,20
34,6188,0.07750885477030983,1.1652692133488672e-06,0.1236333075187572,0.7988566724417189,25,20,20
34,6189,0.07750856268857936,1.1652653555345452e-06,0.12362226362055317,0.7988680084255119,25,20,20
34,6190,0.07750856268853505,1.1652653512855374e-06,0.12324917502761618,0.7992410970184974,25,20,20
34,6191,0.07750856268853505,1.1652653555764865e-06,0.12325578093472124,0.7992344911113881,25,20,20
34,6192,0.07750856268871748,1.1652655995793038e-06,0.12336972381769278,0.7991205482279901,25,20,20
34,6193,0.08169175878878443,1.1606449873877573e-06,0.11918653235188864,0.7991205482143396,25,20,20
34,6194,0.112384627391378,1.1608505531991454e-06,0.08850668602363662,0.7991075257344323,25,20,20
34,6195,0.11238462739394914,1.1608505573764495e-06,0.08888060492949693,0.7987336068259967,25,20,20
34,6196,0.11238462739394911,1.1608505574503976e-06,0.08887844054865367,0.7987357712068398,25,20,20
34,6197,0.11238462739395227,1.1608505574543136e-06,0.08887835455465626,0.798735857200834,25,20,20
34,6198,0.11238462739395227,1.16085055745429e-06,0.08887840587573931,0.798735805879751,25,20,20
34,6199,0.11238462739395622,1.1608643666875003e-06,0.08924494931107471,0.7983692624306025,25,20,20
34,6200,0.11238462739395622,1.1608646070551503e-06,0.08924690068865918,0.7983673110527776,25,20,20
34,6201,0.11238462739395622,1.1608646028794922e-06,0.08888040158736495,0.7987338101540762,25,20,20
34,6202,0.12156938205811751,1.1606590608996313e-06,0.07969566533381472,0.7987337919490067,25,20,20
34,6203,0.12156938205811751,1.1606590609749225e-06,0.07969574838766576,0.7987337088951557,25,20,20
34,6204,0.12156938205811751,1.1606590609749225e-06,0.07969566933418315,0.7987337879486383,25,20,20
34,6205,0.12156938205811751,1.160659061048885e-06,0.07970036916960362,0.7987290881132177,25,20,20
34,6206,0.12156938205816305,1.1606590652645475e-06,0.07970469980369768,0.7987247574790739,25,20,20
34,6207,0.12156938205815987,1.1606590653371973e-06,0.07970478427621885,0.7987246730065558,25,20,20
34,6208,0.12156938205815981,1.1606590652632507e-06,0.07969821051428513,0.7987312467684897,25,20,20
34,6209,0.12156938205815981,1.1606590651879458e-06,0.07969350729407428,0.7987359499887006,25,20,20
34,6210,0.1199998352348728,3.895892545719131e-06,0.08126031500374527,0.7987359538688363,25,20,20
34,6211,0.11985296000133065,3.895892573620253e-06,0.08140719023725733,0.7987359538688388,25,20,20
34,6212,0.11985296000137623,3.895892577987045e-06,0.08140885133319262,0.7987342927728533,25,20,20
34,6213,0.11985296000137625,3.895892577987068e-06,0.0814089034063143,0.7987342406997316,25,20,20
34,6214,0.11985295999880834,3.895892578026113e-06,0.08103290411034907,0.7991102399982648,25,20,20
34,6215,0.11985295999881153,3.8958928226096315e-06,0.08103960714504488,0.799103536963321,25,20,20
34,6216,0.11985295999881072,3.89589282260964e-06,0.08103462311989762,0.7991085209884691,25,20,20
34,6217,0.1198529599988069,3.8958790090868e-06,0.08066617667682062,0.7994769674453635,25,20,20
34,6218,0.1198529600075632,3.895890975354582e-06,0.08693010637767666,0.7932130377237848,25,20,20
34,6219,0.11985296000756318,3.895890979644896e-06,0.08693018848421248,0.7932129556172449,25,20,20
34,6220,0.11985296000751766,3.895890975354717e-06,0.08692858230651279,0.7932145617949945,25,20,20
34,6221,0.11985296000751766,3.895890975280746e-06,0.08693077740189264,0.7932123666996147,25,20,20
34,6222,0.11985296000751766,3.895890975206797e-06,0.08693066353714382,0.7932124805643636,25,20,20
34,6223,0.11985296000751845,3.895891219713773e-06,0.08693725364567445,0.7932058904555878,25,20,20
34,6224,0.11999975211877745,3.895891191821396e-06,0.08679046153444338,0.7932058904555876,25,20,20
34,6225,0.11999975211881977,3.895890947387118e-06,0.08678387965157265,0.7932124723386604,25,20,20
34,6226,0.11999975211881972,3.895890947385796e-06,0.0867839380367625,0.7932124139534708,25,20,20
34,6227,0.08450023442944403,3.8972355256943796e-06,0.12228333158541008,0.7932125367496199,25,20,20
34,6228,0.045493831111050834,3.897715657032765e-06,0.1612896062708593,0.7932126649024326,25,20,20
34,6229,0.04549383111109627,3.897715661384192e-06,0.16141949407408368,0.7930827770991584,25,20,20
34,6230,0.045493831110913846,3.897715417383992e-06,0.1613102529842656,0.793192018189403,25,20,20
34,6231,0.04549383110053549,3.897715172849332e-06,0.16130798044973493,0.7931942907345566,25,20,20
34,6232,0.04549383110053549,3.897715172849332e-06,0.16130798044973113,0.7931942907345604,25,20,20
34,6233,0.04549383110049005,3.897715172788231e-06,0.16117821166505172,0.7933240595192852,25,20,20
34,6234,0.045493831100490836,3.897715168647154e-06,0.16117815944880567,0.7933241117355346,25,20,20
34,6235,0.04549383110048764,3.897715168571863e-06,0.1611781251875747,0.7933241459967689,25,20,20
34,6236,0.045493831100488435,3.897715168645823e-06,0.16118245262839,0.7933198185559527,25,20,20
34,6237,0.0454938311004437,3.897715168571851e-06,0.16118244736845266,0.793319823815935,25,20,20
34,6238,0.08524444273800955,2.7371010479643607e-06,0.12143299968487647,0.7933198204760664,25,20,20
34,6239,0.08524444273800875,2.7371010478904126e-06,0.12143297207879003,0.7933198480821537,25,20,20
34,6240,0.08524444274832169,2.737100807556607e-06,0.12169499122948536,0.7930578289213858,25,20,20
34,6241,0.08524444274832167,2.737100807480017e-06,0.12169498825213179,0.7930578318987395,25,20,20
34,6242,0.08524444274832167,2.7371008074799946e-06,0.121694956273989,0.7930578638768823,25,20,20
34,6243,0.08524444274799713,2.7371142169060545e-06,0.12294835523788043,0.791804464899906,25,20,20
34,6244,0.08524444274799717,2.7371142169813257e-06,0.12294685014335155,0.7918059699944346,25,20,20
34,6245,0.08524444274799717,2.737114216981279e-06,0.12294676824989251,0.7918060518878938,25,20,20
34,6246,0.08524444289547198,2.737128116228434e-06,0.12307405592025404,0.7916787640561581,25,20,20
34,6247,0.08524444289547276,2.7371283592962223e-06,0.12333570663988018,0.7914171133362882,25,20,20
34,6248,0.08524444289547276,2.7371283592949247e-06,0.12333570722572312,0.7914171127504452,25,20,20
34,6249,0.08505351192018065,4.0451200427898436e-05,0.1234890245843006,0.7914170122950912,25,20,20
34,6250,0.08505351192018065,4.045120042797309e-05,0.12348261510026269,0.7914234217791289,25,20,20
34,6251,0.08505351206761809,4.0451214323713314e-05,0.12361978571267515,0.7912862510053833,25,20,20
34,6252,0.08505351206761809,4.045121432363807e-05,0.12361978369982031,0.7912862530182382,25,20,20
34,6253,0.08505351206761809,4.0451214323562806e-05,0.12361966783761712,0.7912863688804416,25,20,20
34,6254,0.08505351206743597,4.045121408319562e-05,0.12361316000881674,0.7912928767096643,25,20,20
34,6255,0.08505351205744764,4.0451200669583106e-05,0.12209311566777918,0.7928129210741038,25,20,20
34,6256,0.08505351205744771,4.045121075831889e-05,0.1331515637735081,0.7817544729582862,25,20,20
34,6257,0.08505347340773019,4.0451210813768294e-05,0.13315160241569798,0.7817544729657585,25,20,20
34,6258,0.0850534734079122,4.045121081805943e-05,0.1331516047604979,0.7817544706207723,25,20,20
34,6259,0.0850534732604406,4.0451210853824665e-05,0.13303651761276236,0.7818695579159437,25,20,20
34,6260,0.08505347326039507,4.045121084946038e-05,0.1330363207975587,0.7818697547311974,25,20,20
34,6261,0.08067535426372924,4.0449866245628124e-05,0.13741456431669577,0.7818696315533298,25,20,20
34,6262,0.08067535426372846,4.044986600255775e-05,0.1371482123795047,0.7821359834907647,25,20,20
34,6263,0.0807456275202185,4.0450375943265526e-05,0.1370779361827188,0.7821359859211199,25,20,20
34,6264,0.07994549437589056,2.28645862832499e-05,0.13789568230487265,0.7821359587329546,25,20,20
34,6265,0.07994549422845236,2.2864572387435687e-05,0.13813155162194074,0.7819000895772199,25,20,20
34,6266,0.07994549422845236,2.2864572387437032e-05,0.13813163406021375,0.7819000071389469,25,20,20
34,6267,0.07994549422845236,2.2864572387437032e-05,0.13813163148701488,0.7819000097121457,25,20,20
34,6268,0.07994549422845235,2.286457238750968e-05,0.13813174487698318,0.7818998963221773,25,20,20
34,6269,0.07994549421969609,2.2864560425456693e-05,0.1318701045587448,0.788161536661134,25,20,20
34,6270,0.07994549421969603,2.2864550336720927e-05,0.12081165903631305,0.7992199821936543,25,20,20
34,6271,0.07994549421969684,2.2864550336797496e-05,0.12081188953340721,0.7992197516965593,25,20,20
34,6272,0.07994932182075544,1.3711066379364485e-05,0.12079059338501123,0.7992463737278541,25,20,20
34,6273,0.07994932182197485,1.3711066408096305e-05,0.15609247594647743,0.7639444911651396,25,20,20
34,6274,0.07994523883395092,0.000753573715154001,0.15538331882647743,0.7639178686244178,25,20,20
34,6275,0.07994523883395013,0.0007535737149094202,0.1553766177897529,0.7639245696613876,25,20,20
34,6276,0.07994523887133918,0.0007535737157867542,0.1575210893896755,0.7617800980231985,25,20,20
34,6277,0.07994523887133918,0.0007535737157867538,0.1575253233946035,0.7617758640182706,25,20,20
34,6278,0.07994523887133917,0.0007535737157866807,0.1571523006463701,0.7621488867665036,25,20,20
34,6279,0.07994523887133596,0.0007535737018473793,0.15714009356705474,0.7621610938597615,25,20,20
34,6280,0.07994523887133596,0.0007535737018473793,0.15714009214106084,0.7621610952857555,25,20,20
34,6281,0.07994523887138151,0.000753573701851746,0.15714249411599351,0.762158693310773,25,20,20
34,6282,0.0799452388713823,0.0007535737018518212,0.1571424633462113,0.7621587240805542,25,20,20
34,6283,0.07994523887138225,0.0007535737018475316,0.15713597332430848,0.7621652141024614,25,20,20
34,6284,0.07994523887138222,0.0007535737018475304,0.15676281746832227,0.7625383699584475,25,20,20
34,6285,0.07994523887138143,0.0007535737018473812,0.15676284751400635,0.7625383399127645,25,20,20
34,6286,0.07994523887156353,0.0007535737018516724,0.1567674358035218,0.7625337516230627,25,20,20
34,6287,0.07994523887156348,0.0007535737018558873,0.15676751716048748,0.7625336702660925,25,20,20
34,6288,0.07303845660802773,0.0007597637237754911,0.1636675827260089,0.7625341969421876,25,20,20
34,6289,0.07303845660802773,0.0007597637237754911,0.1636675827260089,0.7625341969421876,25,20,20
34,6290,0.07303845660802769,0.0007597637237753431,0.16366974451429328,0.7625320351539037,25,20,20
34,6291,0.07303845660802769,0.000759763723771054,0.1636695499444577,0.7625322297237435,25,20,20
34,6292,0.07303845660802694,0.0007597637237709787,0.16366932166143147,0.7625324580067704,25,20,20
34,6293,0.07303845660802699,0.0007597637237710526,0.16366932368918707,0.7625324559790144,25,20,20
34,6294,0.07303845660802705,0.0007597637237711266,0.16367086613020698,0.7625309135379945,25,20,20
34,6295,0.07303845660784493,0.0007597637237669095,0.16366627616256071,0.7625355035058271,25,20,20
34,6296,0.07303845660784414,0.0007597637237668354,0.16365975166022634,0.7625420280081623,25,20,20
34,6297,0.07303845710676123,0.0007597637355259048,0.16993688033041157,0.7562648988273009,25,20,20
34,6298,0.07303845710676202,0.0007597637355301952,0.16993702125141472,0.7562647579062927,25,20,20
34,6299,0.07303845710658309,0.0007597637355259794,0.16993238490341941,0.7562693942544712,25,20,20
34,6300,0.07303845660766604,0.0007597637237711705,0.16392158682542182,0.7622801928431406,25,20,20
34,6301,0.07303845660766604,0.0007597637237711691,0.16392147542400745,0.762280304244555,25,20,20
34,6302,0.07303845660766611,0.000759763723771243,0.16392147615689567,0.7622803035116666,25,20,20
34,6303,0.04000610248359604,0.0007535745632220959,0.19696043102210495,0.762279891931076,25,20,20
34,6304,0.040006102483596095,0.0007535745632220959,0.1969605104661594,0.7622798124870216,25,20,20
34,6305,0.03997709435397101,0.0007508649360389952,0.1969852699947554,0.7622867707152351,25,20,20
34,6306,0.03997709436435187,0.0007508649362835902,0.1969900241103893,0.7622820165889757,25,20,20
34,6307,0.039977094364351075,0.0007508649362835874,0.19698999168475634,0.7622820490146093,25,20,20
34,6308,0.039977094364351075,0.0007508649362835887,0.1969901035363366,0.7622819371630292,25,20,20
34,6309,0.03997709436435113,0.0007508649362835901,0.19699010356119867,0.7622819371381668,25,20,20
34,6310,0.03997709436654113,0.0007508649362872112,0.2032398981494038,0.7560321425477682,25,20,20
34,6311,0.03997709436654107,0.0007508649362872098,0.2032398953597474,0.7560321453374246,25,20,20
34,6312,0.03997709436654102,0.0007508649362871346,0.20323989390755948,0.7560321467896126,25,20,20
34,6313,0.039977095773974444,0.0011009782474722416,0.2028897791802191,0.7560321467983345,25,20,20
34,6314,0.002498175161302543,0.0011009782514774644,0.24036861646773125,0.756032230119488,25,20,20
34,6315,0.0024981751613056815,0.0011009782654167672,0.24038085550440663,0.7560199910688702,25,20,20
34,6316,0.0024981751613512852,0.0011009782654210598,0.24038313443837966,0.7560177121348473,25,20,20
34,6317,0.0024981751613481038,0.0011009782654167668,0.24038305314663613,0.7560177934265983,25,20,20
34,6318,0.0024981751615296005,0.001100978279315179,0.24051105271058604,0.7558897938485686,25,20,20
34,6319,0.0024981751615295866,0.0011009782793151763,0.24050877514674357,0.7558920714124112,25,20,20
34,6320,0.002557115798160842,0.0011009774184084931,0.24044995033291403,0.755891956450516,25,20,20
34,6321,0.002557115798161697,0.001100977418653088,0.24045467139475696,0.7558872353884274,25,20,20
34,6322,0.03079729520861277,0.0011011436092208022,0.21216980727315587,0.7559317539090099,25,20,20
34,6323,0.04720250445362522,0.00038673361051034134,0.19647900803547005,0.7559317539003946,25,20,20
34,6324,0.04720250445362522,0.00038673361051034264,0.19647892962195374,0.7559318323139108,25,20,20
34,6325,0.04720250445344367,0.0003867335966118537,0.19634938898935783,0.7560613729605866,25,20,20
34,6326,0.047202504453442866,0.00038673359636725744,0.19634471727606495,0.756066044674125,25,20,20
34,6327,0.07049867924755664,1.9741100617946716e-07,0.17343505455557634,0.7560660687858609,25,20,20
34,6328,0.07049867924755344,1.9739707116691213e-07,0.17342435644910761,0.7560767669062679,25,20,20
34,6329,0.07067343209818312,1.9243163689502873e-07,0.17324963267549304,0.7560767427946871,25,20,20
34,6330,0.07067343209818312,1.924316369703205e-07,0.17324967263505386,0.7560767028351262,25,20,20
34,6331,0.05897215236447926,1.9951419804061107e-07,0.18489635827117637,0.7561312898501464,25,20,20
34,6332,0.05897215236447926,1.9951419796534166e-07,0.18489643275657078,0.756131215364752,25,20,20
34,6333,0.05897215236447926,1.995141979640216e-07,0.18489643476840584,0.7561312133529171,25,20,20
34,6334,0.058972152364479315,1.9951419811459922e-07,0.18489805831459166,0.7561295898067312,25,20,20
34,6335,0.058972152354099194,1.9951395352091773e-07,0.18489330487710642,0.7561343432548407,25,20,20
34,6336,0.058972152354053585,1.9951394922820655e-07,0.184891140425492,0.7561365077065051,25,20,20
34,6337,0.05897216899414814,1.74899275568918e-07,0.1848981105580486,0.7561295455485271,25,20,20
34,6338,0.058956434219524005,1.748989975383867e-07,0.18491364321092882,0.7561297476705495,25,20,20
34,6339,0.05895643421733407,1.7489900249914708e-07,0.1786703745585392,0.7623730163251241,25,20,20
34,6340,0.05895643421733403,1.7489900671500865e-07,0.17867496282446216,0.7623684280591969,25,20,20
34,6341,0.05895643421733396,1.7489899820970866e-07,0.17867496063016675,0.762368430253501,25,20,20
34,6342,0.058956434217333174,1.7489899820973216e-07,0.17867499382800936,0.7623683970556592,25,20,20
34,6343,0.05895643421728769,1.748990024249195e-07,0.1786791970113456,0.762364193872364,25,20,20
34,6344,0.05895643421728765,1.748990067627475e-07,0.17894536649795093,0.7620980243857545,25,20,20
34,6345,0.05895643421728766,1.7489900691327958e-07,0.1789469090272654,0.7620964818564397,25,20,20
34,6346,0.05895643421728766,1.748992429263559e-07,0.1789451387793136,0.7620982521041556,25,20,20
34,6347,0.05895643421729047,1.7489924670804432e-07,0.18360388840571937,0.7574395024777432,25,20,20
34,6348,0.05895643436385306,1.7489948485930695e-07,0.18371157481752787,0.7573318159191339,25,20,20
34,6349,0.07077807039269075,1.677279156298765e-07,0.17194453297540563,0.7572772289039881,25,20,20
34,6350,0.07077807039269075,1.6772791555459092e-07,0.17194302526747562,0.7572787366119182,25,20,20
34,6351,0.07077762186923835,1.677279150553124e-07,0.17194347379093308,0.7572787366119137,25,20,20
34,6352,0.07077762186928371,1.6774181347048607e-07,0.172072980460686,0.7571492299282169,25,20,20
34,6353,0.0707776218692869,1.6774181347001996e-07,0.17207753688267313,0.7571446735062267,25,20,20
34,6354,0.042585595453185555,1.0423734895214256e-09,0.20031401755229633,0.7571003859521448,25,20,20
34,6355,0.04258559545336876,1.8345759804991557e-09,0.20044400798481873,0.7569703947272367,25,20,20
34,6356,0.058318723545915364,9.549135329843613e-10,0.18471084267099985,0.7569704328281717,25,20,20
34,6357,0.058318723545915344,9.54909195156333e-10,0.18444921288503985,0.7572320626141361,25,20,20
34,6358,0.0583187235459146,9.54904903536722e-10,0.18444915046033927,0.7572321250388415,25,20,20
34,6359,0.0583187235457314,1.6270241387909525e-10,0.18431916144986046,0.7573621148417062,25,20,20
34,6360,0.058302939040868855,4.258658862788832e-08,0.18432360756394597,0.7573734108085971,25,20,20
34,6361,0.05830293904086891,4.258658863050657e-08,0.1843235285173466,0.7573734898551963,25,20,20
34,6362,0.058212131251474605,0.000923506182414362,0.1835023553866997,0.7573620071794116,25,20,20
34,6363,0.058212131251474605,0.0009235061824142854,0.18349575060436113,0.7573686119617504,25,20,20
34,6364,0.058224907909882447,0.0009238071339296826,0.18137305825106606,0.759478226705122,25,20,20
34,6365,0.0582249077633198,0.0009238071336872684,0.18099915301782954,0.7598521320851634,25,20,20
34,6366,0.05822490776336523,0.00092380713369155,0.18109134542297423,0.7597599396799688,25,20,20
34,6367,0.05822490776336603,0.0009238071336958418,0.18108830483212288,0.759762980270815,25,20,20
34,6368,0.05822490776332065,0.000923807119797428,0.18096528648032228,0.7598859986365595,25,20,20
34,6369,0.058224907773701595,0.0009238071198017204,0.18096532271014099,0.7598859623963555,25,20,20
34,6370,0.058224907773698834,0.0009238071197979387,0.1763065992568055,0.7645446858496975,25,20,20
34,6371,0.05822490777369878,0.0009238071197980127,0.1763065998083128,0.7645446852981901,25,20,20
34,6372,0.05822490777369878,0.000923807119798014,0.17630660049935695,0.7645446846071461,25,20,20
34,6373,0.058096408250434314,0.000923807122948769,0.17643510000471063,0.7645446846219063,25,20,20
34,6374,0.058096408250434314,0.000923807122948843,0.17643506793474795,0.764544716691869,25,20,20
34,6375,0.05809640824005343,0.0009238071229446258,0.17643041129954912,0.7645493733374529,25,20,20
34,6376,0.05985057475266819,0.0009651388374025733,0.17929468869181167,0.7598895977181175,25,20,20
34,6377,0.05985057475285026,0.0009651388374067891,0.17929931037417213,0.7598849760355708,25,20,20
34,6378,0.05985740311906668,0.0009651388343386886,0.17929248202591044,0.759884976020684,25,20,20
34,6379,0.05985740311906348,0.0009651388343386872,0.1792971154455102,0.7598803426010877,25,20,20
34,6380,0.061722930897580526,0.0009235597775507306,0.17747665004865315,0.7598768592762155,25,20,20
34,6381,0.06172293089762605,0.0009235597777952403,0.17748327207693368,0.759870237247645,25,20,20
34,6382,0.06172293089762598,0.0009235597777951663,0.1774897336839233,0.7598637756406554,25,20,20
34,6383,0.06172293089744388,0.0009235597777908752,0.1774851834517526,0.7598683258730127,25,20,20
34,6384,0.061722931396506524,0.0009235597781991499,0.18365705316342537,0.7536964556618696,25,20,20
34,6385,0.061722931396506545,0.0009235597781949339,0.1836620345350778,0.7536914742902213,25,20,20
34,6386,0.06172293139650655,0.0009235597781950064,0.18365554567469825,0.7536979631506009,25,20,20
34,6387,0.06172293139650655,0.0009235597781950078,0.18365543122543987,0.7536980775998592,25,20,20
34,6388,0.06172293139650657,0.0009235597781992587,0.18402845205489562,0.7533250567703993,25,20,20
34,6389,0.06172293139650657,0.0009235597781992587,0.18402853113278994,0.753324977692505,25,20,20
34,6390,0.06172293139650656,0.0009235597781991835,0.18402215690014093,0.753331351925154,25,20,20
34,6391,0.06172293139650735,0.0009235597781993327,0.18402216091721324,0.7533313479080808,25,20,20
34,6392,0.061722931396552466,0.000923559778203509,0.18439520320360103,0.7529583056216438,25,20,20
34,6393,0.046485707436897006,0.0009235598899188801,0.19963239553211504,0.7529583371410689,25,20,20
34,6394,0.04512739687147811,0.0009235599016644063,0.20098321531673613,0.75296582791012,25,20,20
34,6395,0.048941879892196366,0.0013031715801635323,0.1967891515686945,0.752965796958945,25,20,20
34,6396,0.06667628790520166,0.001303274037681621,0.17785711068115462,0.7541633273759619,25,20,20
34,6397,0.06667628790520166,0.0013032740376815455,0.1778524094339658,0.7541680286231507,25,20,20
34,6398,0.02777699977072193,0.0013033269317477502,0.2167443378989213,0.7541753353986084,25,20,20
34,6399,0.027776999770721948,0.0013033269317477489,0.21675095605683573,0.7541687172406941,25,20,20
34,6400,0.04036016766965293,0.0013031708669147821,0.20536430059609814,0.7529723608673338,25,20,20
34,6401,0.04036016766965373,0.0013031708669191486,0.2053690041884606,0.7529676572749661,25,20,20
34,6402,0.040360167669608205,0.0013031708666745648,0.20536700092812893,0.752969660535588,25,20,20
34,6403,0.04036016766960815,0.0013031708666745622,0.20536711195287116,0.752969549510846,25,20,20
34,6404,0.040360167669608184,0.0013031708666702388,0.20499401147737614,0.7533426499863454,25,20,20
34,6405,0.04036016766960813,0.0013031708666701636,0.2049925051805531,0.7533441562831686,25,20,20
34,6406,0.0403601676696113,0.0013031708669125808,0.2053655134162702,0.7529711480472058,25,20,20
34,6407,0.040360167170503225,0.0013031708664999492,0.19910133543725067,0.7592353265257465,25,20,20
34,6408,0.040360167170500116,0.0013031708662575333,0.1987282534208344,0.7596084085424083,25,20,20
34,6409,0.040360167170500914,0.00130317086625761,0.1987281787144944,0.7596084832487473,25,20,20
34,6410,0.036049919735467215,0.0009237796552914756,0.20341785579679666,0.7596084448124436,25,20,20
34,6411,0.036049920327137996,0.0009237796555360547,0.20342551493718675,0.7596007850801384,25,20,20
34,6412,0.03604992032713795,0.0009237796555403448,0.20342775384822556,0.7595985461690954,25,20,20
34,6413,0.036049920327137996,0.0009237796555446709,0.203794123131059,0.7592321768862574,25,20,20
34,6414,0.03604992032718317,0.0009237796557860673,0.20405564116571362,0.7589706588513165,25,20,20
34,6415,0.03604992091497752,0.0009237804452130099,0.2043253136889199,0.758700984950889,25,20,20
34,6416,0.03604992091493241,0.0009237804452130112,0.20432525942715388,0.7587010392127,25,20,20
34,6417,0.036049920327138114,0.0009237796557861423,0.2040556684491156,0.7589706315679595,25,20,20
34,6418,0.0360499203271389,0.0009237796557862177,0.20405779359868098,0.7589685064183932,25,20,20
34,6419,0.0360499203271389,0.0009237796557861423,0.2040643155487059,0.7589619844683684,25,20,20
34,6420,0.036049766420956475,0.0009235995405085766,0.2040646498883788,0.7589619841501554,25,20,20
34,6421,0.03604976642095643,0.000923599540508578,0.20406468290091376,0.7589619511376204,25,20,20
34,6422,0.03604976642095642,0.000923599540504325,0.20369158156070533,0.7593350524778332,25,20,20
34,6423,0.036049766420956406,0.0009235995405000336,0.20368930456870768,0.7593373294698351,25,20,20
34,6424,0.036049766420956406,0.0009235995404957424,0.20369120587157943,0.7593354281669678,25,20,20
34,6425,0.03510850471700502,0.0009235995319560265,0.2046400392576625,0.7593278564933761,25,20,20
34,6426,0.035108504717004274,0.0009235995319517358,0.2046449822049086,0.7593229135461348,25,20,20
34,6427,0.040804031557544224,0.0009235995317106066,0.19894965756492983,0.7593227113458147,25,20,20
34,6428,0.0408040315577263,0.0009235995317106806,0.19895193449037576,0.7593204344201865,25,20,20
34,6429,0.04080403155772631,0.0009235995317063571,0.19857887106652758,0.7596934978440391,25,20,20
34,6430,0.040804030049205985,0.0009235589372234289,0.16988498556505083,0.7883874254485194,25,20,20
34,6431,0.04080403004920598,0.0009235589372233537,0.16988498347800265,0.7883874275355676,25,20,20
34,6432,0.040804030049251504,0.0009235589372234289,0.16988501413128876,0.7883873968822358,25,20,20
34,6433,0.04672786712662422,0.000923559026628551,0.16396235023058153,0.7883862236161652,25,20,20
34,6434,0.046727867126579004,0.0009235590261425625,0.16369600070578744,0.7886525731414905,25,20,20
34,6435,0.046727867126396865,0.0009235590261425612,0.16369374939384781,0.7886548244536123,25,20,20
34,6436,0.08057822067004826,0.0009238093011332785,0.12984310613683184,0.7886548638919864,25,20,20
34,6437,0.08057199429590167,0.0009235590173942739,0.12984962429628288,0.788654822390421,25,20,20
34,6438,0.08057199429585618,0.0009235590173941986,0.12984950818983576,0.7886549384969136,25,20,20
34,6439,0.0805601386521323,0.0010822157725178428,0.12970272594933652,0.7886549196260134,25,20,20
34,6440,0.07956875337570202,0.0010822159220749414,0.13069295291263308,0.78865607778959,25,20,20
34,6441,0.07956874732818812,0.0010822159120724177,0.11976088885038363,0.799588147909356,25,20,20
34,6442,0.0795687473282345,0.0010822159120724968,0.11977006388073862,0.7995789728789543,25,20,20
34,6443,0.07956874732823453,0.0010822159120724975,0.12014305253541215,0.7992059842242809,25,20,20
34,6444,0.07861651636401551,0.0011131302082866958,0.11280112720557854,0.8074692262221193,25,20,20
34,6445,0.07293697116081913,0.0011131302085652327,0.118480668299413,0.8074692303312024,25,20,20
34,6446,0.07293697116081907,0.0011131302085652314,0.11848074226191997,0.8074691563686953,25,20,20
34,6447,0.07293697116081907,0.001113130208569521,0.11848544239367279,0.8074644562369382,25,20,20
34,6448,0.07293697116077275,0.001113130208573705,0.11874248618474581,0.8072074124459072,25,20,20
34,6449,0.07293697116077195,0.0011131302085736307,0.1187402084794103,0.8072096901512436,25,20,20
34,6450,0.0729369711607719,0.001113130208569415,0.1187383038191714,0.8072115948114867,25,20,20
34,6451,0.07293697117113146,0.0011131302085694915,0.11882798788395948,0.8071219107363392,25,20,20
34,6452,0.07293697117113226,0.0011131302085694913,0.11882989308633876,0.8071200055339591,25,20,20
34,6453,0.07293697117113146,0.0011131302085694147,0.1188297377307031,0.8071201608895957,25,20,20
34,6454,0.07293697117113146,0.0011131302085694134,0.11882962587912284,0.807120272741176,25,20,20
34,6455,0.07293697117113146,0.0011131302085694121,0.11882962532785667,0.8071202732924422,25,20,20
34,6456,0.07293697176105166,0.0011131302085694728,0.11895090587802104,0.8069989921523576,25,20,20
34,6457,0.07293697176105166,0.0011131302085695496,0.11895750808363031,0.8069923899467482,25,20,20
34,6458,0.07293697176105171,0.0011131302085696235,0.1189594110455194,0.8069904869848589,25,20,20
34,6459,0.07293697117113151,0.0011131302085652715,0.1188334270587847,0.8071164715615181,25,20,20
34,6460,0.07293697117131363,0.001113130208565348,0.11845953794557774,0.8074903606745428,25,20,20
34,6461,0.07293697116095331,0.0011131302085694882,0.11836336944031269,0.8075865291901642,25,20,20
34,6462,0.07293697117108422,0.0011131302088124085,0.11862962552836186,0.807320273091741,25,20,20
34,6463,0.07293697117108422,0.0011131302088124085,0.11862970541187706,0.8073201932082259,25,20,20
34,6464,0.07293697117108427,0.0011131302088166982,0.11863440884824651,0.8073154897718521,25,20,20
34,6465,0.07293697117108423,0.0011131302088166243,0.11862784603148391,0.8073220525886149,25,20,20
34,6466,0.07293697117108425,0.0011131302088166998,0.11862796192880731,0.8073219366912913,25,20,20
34,6467,0.07293697117108344,0.0011131302088166245,0.11862135630820764,0.8073285423118919,25,20,20
34,6468,0.07293700107463018,0.0011131302090292652,0.12315609409473485,0.802793774621605,25,20,20
34,6469,0.07293700129139323,0.0033602997453194257,0.1209040665977899,0.8027986323654969,25,20,20
34,6470,0.06685240388937128,0.003360299729907272,0.12698866486483806,0.8027986315158835,25,20,20
34,6471,0.06685240387905825,0.00336029972966435,0.12672238018974066,0.8030649162015367,25,20,20
34,6472,0.0667338256806085,0.0033602997293905655,0.1268409625590672,0.8030649120309344,25,20,20
34,6473,0.0667338250906252,0.0033603002458676826,0.14082769855840285,0.7890781761051049,25,20,20
34,6474,0.0667338250906252,0.0033603002458676844,0.14082777702604254,0.7890780976374652,25,20,20
34,6475,0.06673382508893773,0.0033602997291502807,0.12683808602393346,0.803067789157979,25,20,20
34,6476,0.06682009990775213,0.003363535858167563,0.12674857260006256,0.8030677916340181,25,20,20
34,6477,0.06682009990775213,0.003363535858167563,0.12674857262447425,0.8030677916096064,25,20,20
34,6478,0.06682009990775206,0.003363535858163301,0.12648884413157702,0.803327520102508,25,20,20
34,6479,0.06682009990775206,0.0033635358581633017,0.12648892378507956,0.8033274404490055,25,20,20
34,6480,0.06682009990775532,0.003363535858407361,0.12658113937312424,0.8032352248607135,25,20,20
34,6481,0.06891094744246899,3.4204078491467666e-05,0.12782450793112912,0.803230340547911,25,20,20
34,6482,0.06891094744246894,3.420407849146764e-05,0.12782459334078322,0.8032302551382569,25,20,20
34,6483,0.06891094744246895,3.420407849154421e-05,0.12782467592058988,0.8032301725584502,25,20,20
34,6484,0.06891094744247214,3.420407849583456e-05,0.12745817794158218,0.8035966705374505,25,20,20
34,6485,0.06891094744247214,3.420407849575798e-05,0.12745157376288113,0.8036032747161517,25,20,20
34,6486,0.06891094744247213,3.420407849997431e-05,0.12745165510958886,0.8036031933694396,25,20,20
34,6487,0.06895488389448079,3.23688829381906e-06,0.13570923457986372,0.7953326446373618,25,20,20
34,6488,0.06895488389448085,3.2368882981088924e-06,0.13571385764193086,0.7953280215752904,25,20,20
34,6489,0.06895488389448079,3.236888298109698e-06,0.13571844073910416,0.795323438478117,25,20,20
34,6490,0.06895488389448079,3.236888298110995e-06,0.13572302809738004,0.7953188511198411,25,20,20
34,6491,0.06895488389448079,3.2368882981849585e-06,0.13572112515676882,0.7953207540604522,25,20,20
34,6492,0.06895488389706791,3.2368883024639737e-06,0.13585102146173983,0.7951908577528899,25,20,20
34,6493,0.06895488389706791,3.236888302466591e-06,0.13585564078808063,0.795186238426549,25,20,20
34,6494,0.0689548838996626,3.2369022375547747e-06,0.13586325823472678,0.795178620963373,25,20,20
34,6495,0.09239366264311152,7.73217736264505e-10,0.11242771808002967,0.7951786185036411,25,20,20
34,6496,0.09239366264311473,7.734624070475769e-10,0.11242564360298166,0.7951806929804413,25,20,20
34,6497,0.0923936327395648,7.732454766944151e-10,0.10788626658531335,0.7997200999018763,25,20,20
34,6498,0.09239363273956157,7.73001417918251e-10,0.10779397193167423,0.7998123945557629,25,20,20
34,6499,0.09239363273696681,7.590620386267511e-10,0.10778167879544163,0.7998246877085297,25,20,20
34,6500,0.09239363273696681,7.590578222913753e-10,0.1077880863159544,0.7998182801880209,25,20,20
34,6501,0.09239363273696688,7.590620100912562e-10,0.10804971774946286,0.7995566487545084,25,20,20
34,6502,0.09239363273696685,7.590577189605774e-10,0.10804501560930062,0.7995613508946748,25,20,20
34,6503,0.09239363273696684,7.590576436456248e-10,0.10804497560421401,0.7995613908997613,25,20,20
34,6504,0.10865187210938893,8.475234444567906e-10,0.09178673573197538,0.7995613913111118,25,20,20
34,6505,0.11808087581120956,3.9273562394922295e-06,0.0823350910237015,0.799580105808849,25,20,20
34,6506,0.1180808758112064,3.92735599911128e-06,0.08233526325556154,0.7995799335772327,25,20,20
34,6507,0.1180808758112064,3.927355994896715e-06,0.08233064428220636,0.7995845525505919,25,20,20
34,6508,0.11630738348638962,3.9469624202302415e-06,0.08410402358703147,0.7995846459641581,25,20,20
34,6509,0.11630738348638962,3.946962420304214e-06,0.08409940354595788,0.7995892660052317,25,20,20
34,6510,0.11630738348638958,3.94696241601439e-06,0.08446781870814907,0.7992208508430448,25,20,20
34,6511,0.11630738348638879,3.94696241601439e-06,0.08446121368160185,0.7992274558695928,25,20,20
34,6512,0.11630738348657119,3.9469763181423205e-06,0.08457357694243972,0.7991150925946704,25,20,20
34,6513,0.11630738348657119,3.946976318141045e-06,0.08457380554092082,0.7991148639961893,25,20,20
34,6514,0.11630738348638886,3.946962415940452e-06,0.08445484093553639,0.7992338286156583,25,20,20
34,6515,0.11630738348638885,3.94696241594175e-06,0.08445469191404101,0.7992339776371538,25,20,20
34,6516,0.11630738348638964,3.94696266060994e-06,0.08445473227486319,0.7992339372760859,25,20,20
34,6517,0.11630738348643516,3.946962660609946e-06,0.08446354946072444,0.7992251200901792,25,20,20
34,6518,0.11630738348643516,3.946962660611257e-06,0.08409051124876696,0.7995981583021368,25,20,20
34,6519,0.1163073834864352,3.9469626607604485e-06,0.08409711403372015,0.7995915555171834,25,20,20
34,6520,0.1163073834864352,3.946962660761769e-06,0.08409711545778878,0.7995915540931148,25,20,20
34,6521,0.12244549339263529,3.9468858912181085e-06,0.07795900563500088,0.7995915540864723,25,20,20
34,6522,0.12244549339521348,3.946899745848659e-06,0.07822634098805831,0.7993242187169821,25,20,20
34,6523,0.12244549339521348,3.9468997501303884e-06,0.07831863319690457,0.7992319265081317,25,20,20
34,6524,0.12442961914876859,3.927205084366922e-06,0.07633462097942084,0.7992318326667259,25,20,20
34,6525,0.1229084863415052,3.9266779807229055e-06,0.07785575560387928,0.7992318313766343,25,20,20
34,6526,0.12290848634150514,3.9266779805736905e-06,0.07784917925904632,0.7992384077214675,25,20,20
34,6527,0.12998673591640147,3.9265283993467615e-06,0.0707720883584323,0.7992372491967665,25,20,20
34,6528,0.12998673591640142,3.926528395158268e-06,0.07087885893269312,0.7991304786225101,25,20,20
34,6529,0.12996940400297238,3.9265346569142915e-06,0.07089619081053891,0.7991304786518314,25,20,20
34,6530,0.12970386988470234,3.92652827672728e-06,0.07116172496557739,0.7991304786214434,25,20,20
34,6531,0.1297038698847023,3.9265282766519885e-06,0.07116164384969852,0.7991305597373224,25,20,20
34,6532,0.1297038698847023,3.92652827665069e-06,0.07116164442324119,0.7991305591637797,25,20,20
34,6533,0.12970386988470228,3.926528276575398e-06,0.07116164382404698,0.799130559762974,25,20,20
34,6534,0.12970386988470226,3.926528276500106e-06,0.07116164134445277,0.7991305622425684,25,20,20
34,6535,0.12970386988470226,3.9265282765014495e-06,0.07116167534954905,0.7991305282374719,25,20,20
34,6536,0.12970386988470226,3.9265282764268615e-06,0.07078857209459095,0.7995036314924302,25,20,20
34,6537,0.12970386988470303,3.926528521095049e-06,0.07079323316091712,0.7994989704258586,25,20,20
34,6538,0.12970386988470303,3.926528516811999e-06,0.07070093954030261,0.7995912640464775,25,20,20
34,6539,0.12970386988473265,3.926528516860936e-06,0.08469006183205703,0.7856021417546938,25,20,20
34,6540,0.12374397384338569,3.930938048605414e-06,0.09064875585390329,0.7856033393646628,25,20,20
34,6541,0.12374397384338569,3.930938052895066e-06,0.09065536037358209,0.7855967348449798,25,20,20
34,6542,0.12374397384338888,3.930938052896364e-06,0.09065536237294396,0.7855967328456147,25,20,20
34,6543,0.12374397384338888,3.930938057232893e-06,0.09092161409079873,0.7853304811277555,25,20,20
34,6544,0.12374397384338888,3.930938057233098e-06,0.09091971173492387,0.7853323834836303,25,20,20
34,6545,0.12374397384584786,3.930950404363031e-06,0.09551015952470773,0.7807419356790404,25,20,20
34,6546,0.12374397384585105,3.9309504043643735e-06,0.0955101602297038,0.780741934974041,25,20,20
34,6547,0.11424817565601036,4.442848610439766e-09,0.10489609458487856,0.7808557253162628,25,20,20
34,6548,0.11424817565601035,4.4428442739098885e-09,0.10462984286702377,0.7811219770341219,25,20,20
34,6549,0.11424831684947252,4.441600625791193e-09,0.09294639561025306,0.792805283098674,25,20,20
34,6550,0.11424831684947181,4.44135610552116e-09,0.09294825894258019,0.792803419766592,25,20,20
34,6551,0.11424831684947101,4.441111509983971e-09,0.09294359984227814,0.7928080788671394,25,20,20
34,6552,0.11424831684688389,4.441111522098826e-09,0.09281840625237728,0.7929332724596272,25,20,20
34,6553,0.11374646978957845,4.444876478219034e-09,0.09331262979215176,0.7929408959733937,25,20,20
34,6554,0.11374646978957846,4.444876479516343e-09,0.09331915525432136,0.7929343705112241,25,20,20
34,6555,0.11374646978712268,4.4325335373736795e-09,0.08899501196003227,0.797258513820312,25,20,20
34,6556,0.11374646978711947,4.432533536075374e-09,0.08899968333241852,0.797253842447929,25,20,20
34,6557,0.11374646978711941,4.432533534755268e-09,0.08899976098776964,0.7972537647925777,25,20,20
34,6558,0.1136959210607305,4.432407709601227e-09,0.08905793318686728,0.7972461413199948,25,20,20
34,6559,0.11369592106073044,4.432403418140041e-09,0.08931767480757405,0.7969863996992924,25,20,20
34,6560,0.11369577907111791,4.432329845539447e-09,0.06139997740496497,0.8249042390915865,25,20,20
34,6561,0.11369577907111797,4.432329845539573e-09,0.06139807280945471,0.8249061436870968,25,20,20
34,6562,0.11369577907111793,4.4323298442419185e-09,0.061399977405027444,0.8249042390915241,25,20,20
34,6563,0.11369577907111797,4.43232991951059e-09,0.06139348627976291,0.8249107302167886,25,20,20
34,6564,0.11369577907111797,4.432329918212857e-09,0.06139340520441434,0.8249108112921373,25,20,20
34,6565,0.11369577908137884,4.921966230337371e-08,0.06158210277839269,0.8247220689205657,25,20,20
34,6566,0.11369577907111479,4.43232991871404e-09,0.061127140099688754,0.8251770763968659,25,20,20
34,6567,0.11369577907106927,4.432329843438429e-09,0.06111835763350285,0.8251858588630975,25,20,20
34,6568,0.11369577907106927,4.432329843438424e-09,0.06112305853427841,0.8251811579623219,25,20,20
34,6569,0.11369577907106927,4.432329769490413e-09,0.06112297853850033,0.8251812379581002,25,20,20
34,6570,0.11369577908144954,4.432578640039631e-09,0.06113031223492324,0.8251739042510481,25,20,20
34,6571,0.1136957790814496,4.432574498172109e-09,0.0611257297177384,0.825178486768237,25,20,20
34,6572,0.1136957790814496,4.43257818146543e-09,0.06737519448047778,0.818929022005494,25,20,20
34,6573,0.11369577908145041,4.432578185404346e-09,0.06738192910468548,0.8189222873812855,25,20,20
34,6574,0.11369577908145041,4.432573969542374e-09,0.0673773408297957,0.8189268756561795,25,20,20
34,6575,0.11369577908145122,4.432578306095013e-09,0.0676435931359804,0.8186606233499897,25,20,20
34,6576,0.11369577907107092,4.432329434224885e-09,0.06763633884847453,0.8186678776481248,25,20,20
34,6577,0.11369577906849275,4.418474802354803e-09,0.06736888964622569,0.8189353268668063,25,20,20
34,6578,0.11369577906849354,4.418470513811301e-09,0.0674937165492889,0.8188104999637467,25,20,20
34,6579,0.11369577906849358,4.418466829197874e-09,0.06124421779381756,0.8250599987192218,25,20,20
34,6580,0.11369577906849358,4.418466830505484e-09,0.061250739504531124,0.8250534770085082,25,20,20
34,6581,0.11369577906849358,4.418466831803628e-09,0.061250818601515426,0.825053397911524,25,20,20
34,6582,0.1136957790684967,4.418470972368653e-09,0.06125545064710204,0.82504876586593,25,20,20
34,6583,0.08695617960166917,1.7083635574940142e-08,0.08789945707943442,0.8251443462352606,25,20,20
34,6584,0.09279387703562314,1.2675693307256517e-08,0.08206296166326082,0.8251431486254225,25,20,20
34,6585,0.0927938770356231,1.2675693383822371e-08,0.08206296227307526,0.825143148015608,25,20,20
34,6586,0.09451689912487744,2.5730846911849375e-08,0.08033649725279343,0.825146577891482,25,20,20
34,6587,0.13263863177838192,1.2846416772445956e-08,0.04221818322141766,0.8251431721537834,25,20,20
34,6588,0.13263863177838192,1.284641677374369e-08,0.0422182637110803,0.8251430916641209,25,20,20
34,6589,0.1326386317783846,1.285818188987216e-08,0.04846315603063408,0.8188981993327991,25,20,20
34,6590,0.13263863177838467,1.2858181815901034e-08,0.04846312267055755,0.8188982326928756,25,20,20
34,6591,0.1223390516122866,1.644078537755577e-08,0.05876272311958048,0.8188982088273471,25,20,20
34,6592,0.1223390516122866,1.6440789667872423e-08,0.058762839288263036,0.8188980926586602,25,20,20
34,6593,0.12233905161228582,1.6440793958044154e-08,0.05863493171689581,0.819026000230024,25,20,20
34,6594,0.09501656218565124,3.92138537856991e-08,0.08595733643524398,0.8190260621652509,25,20,20
34,6595,0.095016562198544,3.9213853908845354e-08,0.08620465538247885,0.818778743205123,25,20,20
34,6596,0.09501656219872495,4.000000683478985e-08,0.08663909523318132,0.8183443025680868,25,20,20
34,6597,0.09472155498002474,4.000004898627818e-08,0.0869340780201227,0.8183443269998034,25,20,20
34,6598,0.09472155498002474,4.0000048985003546e-08,0.08693411605029475,0.8183442889696315,25,20,20
34,6599,0.09472155497984383,3.9213896131732486e-08,0.08649975660430613,0.8187786492019538,25,20,20
34,6600,0.0947215549798143,3.921413907972223e-08,0.07277698623603329,0.8325014195700129,25,20,20
34,6601,0.08916870079769926,3.9440405264528715e-08,0.07832986461714937,0.8325013951447459,25,20,20
34,6602,0.08916870080808134,3.944040955502694e-08,0.07832852147338357,0.8325027382781252,25,20,20
34,6603,0.0891687008183941,3.9454259923949055e-08,0.07859126936327639,0.8322399903640694,25,20,20
34,6604,0.0891687008183941,3.9454259922650904e-08,0.07859119026629216,0.8322400694610537,25,20,20
34,6605,0.08916870081839728,3.945426413038628e-08,0.07868337152500914,0.8321478882023292,25,20,20
34,6606,0.11045693030895669,1.2919190062664418e-08,0.05739523081911812,0.8321478259527347,25,20,20
34,6607,0.11589534802664574,2.2735873023056354e-08,0.05195680287117179,0.8321478263663091,25,20,20
34,6608,0.11589534802664253,2.2735868742624437e-08,0.051864581578936024,0.8322400476585524,25,20,20
34,6609,0.11589534802923804,2.273587303293777e-08,0.051864703164459576,0.8322399260704291,25,20,20
34,6610,0.1405197729512054,1.0473407379053744e-06,0.027334661979623028,0.8321445177284335,25,20,20
34,6611,0.1405197729512054,1.0473407336441092e-06,0.027070610376451067,0.8324085693316097,25,20,20
34,6612,0.1405197729512054,1.047340733643444e-06,0.02707701962521098,0.8324021600828497,25,20,20
34,6613,0.13353885317434835,1.0641675408225491e-06,0.03405788173420085,0.8324022009239096,25,20,20
34,6614,0.13353885317434827,1.0641675407473006e-06,0.03405355439564882,0.8324065282624619,25,20,20
34,6615,0.133337254073688,1.0641676781820562e-06,0.03425515347391657,0.8324065282847171,25,20,20
34,6616,0.13309265540850226,1.064532630724617e-06,0.03449974840467178,0.832406531654195,25,20,20
34,6617,0.13309265539560633,1.0645326263116424e-06,0.03424767779914816,0.8326586022726191,25,20,20
34,6618,0.1330926553956063,1.0645323833160356e-06,0.03398140779193081,0.8329248722800794,25,20,20
34,6619,0.13309265539560944,1.0645323875318973e-06,0.033986028860878564,0.8329202512111243,25,20,20
34,6620,0.13309265539565232,1.0645206267819723e-06,0.027743074750294392,0.8391632053334264,25,20,20
34,6621,0.13309265539565238,1.064520626855944e-06,0.02774307949726428,0.8391632005864562,25,20,20
34,6622,0.13309265539569753,1.0645208741133182e-06,0.028009349845727387,0.8388969302377007,25,20,20
34,6623,0.1330926553956976,1.064520874188587e-06,0.02800943093726422,0.8388968491461638,25,20,20
34,6624,0.1330926553956976,1.0645208741146197e-06,0.028007233840450594,0.8388990462429774,25,20,20
34,6625,0.13309265539569443,1.06452087414966e-06,0.028375633588811934,0.8385306464946193,25,20,20
34,6626,0.13309265539569204,1.0645208742235727e-06,0.028382209916906594,0.8385240701665267,25,20,20
34,6627,0.13309265539587337,1.064520878440745e-06,0.02838030917901037,0.8385259709042374,25,20,20
34,6628,0.13309265539587656,1.0645208827329915e-06,0.028386915096781106,0.8385193649864591,25,20,20
34,6629,0.13309265539569443,1.0645208785158317e-06,0.028382293419793786,0.8385239866636328,25,20,20
34,6630,0.13309265539569842,1.0645347726653055e-06,0.02850523768921882,0.8384010423803098,25,20,20
34,6631,0.1102471494179079,1.0641748983041652e-06,0.05135074668540031,0.838401039721793,25,20,20
34,6632,0.11024714941790785,1.0641748983028227e-06,0.0513506667422281,0.8384011196649653,25,20,20
34,6633,0.11024714941809004,1.0641748983041891e-06,0.051352295308669554,0.8383994910983418,25,20,20
34,6634,0.11024714941808765,1.0641748984075197e-06,0.05109066595771955,0.8386611204492942,25,20,20
34,6635,0.11024714941808446,1.0641748941166164e-06,0.05108414119803355,0.8386676452089878,25,20,20
34,6636,0.11024714941808442,1.0641748984069425e-06,0.05081799030195173,0.8389337961050652,25,20,20
34,6637,0.11024714941808042,1.0641609999678397e-06,0.05068844154746519,0.8390633448734541,25,20,20
34,6638,0.1102471494180352,1.0641607527857343e-06,0.050422170449131984,0.8393296159720799,25,20,20
34,6639,0.11024714941803446,1.0641607570003028e-06,0.05042459281652111,0.8393271936046872,25,20,20
34,6640,0.10992949315033605,1.0548154788571875e-06,0.050742118760820513,0.8393273332733644,25,20,20
34,6641,0.1099294931503361,1.0548157191259686e-06,0.0503738503608851,0.8396956016730595,25,20,20
34,6642,0.10992949315033933,1.0548157191272803e-06,0.0503784697672813,0.8396909822666601,25,20,20
34,6643,0.10992949315034252,1.0548157190533218e-06,0.05037190639147911,0.839697545642459,25,20,20
34,6644,0.10992949315034573,1.0548159628045538e-06,0.05050210065586937,0.8395673513778219,25,20,20
34,6645,0.1328578741946494,1.0379953181503122e-06,0.02757377724308768,0.8395673105669446,25,20,20
34,6646,0.1328578741946494,1.0379953181477166e-06,0.027573696167541663,0.8395673916424907,25,20,20
34,6647,0.13285787419465017,1.0379953180737457e-06,0.027576008702154174,0.8395650791078774,25,20,20
34,6648,0.13285787419205466,1.0379955582903623e-06,0.027582476271460085,0.8395586115409269,25,20,20
34,6649,0.1188096186150351,1.5656116053066526e-09,0.041631938302263,0.83955844151709,25,20,20
34,6650,0.11880961861503508,1.5656073149672263e-09,0.04163185551543165,0.8395585243039256,25,20,20
34,6651,0.1421648400381531,1.5603917687057513e-09,0.018276634830727282,0.8395585235707277,25,20,20
34,6652,0.1421648400381563,1.5601471878046899e-09,0.018269971177417313,0.8395651872242792,25,20,20
34,6653,0.1421648400381555,1.5601471838657739e-09,0.018263319020022088,0.8395718393816751,25,20,20
34,6654,0.14216484003815869,1.5601514736988828e-09,0.018267942135680518,0.8395672162660093,25,20,20
34,6655,0.12456229417400916,1.8654510874793684e-08,0.03586889459015543,0.8395687925813243,25,20,20
34,6656,0.12456229417400591,1.8654510798212694e-08,0.035864192693310926,0.8395734944781721,25,20,20
34,6657,0.12456229416369315,1.8640660427993002e-08,0.03559685742675112,0.839840829768895,25,20,20
34,6658,0.12456229417404939,1.943345990832263e-08,0.03569670938414651,0.8397409770083438,25,20,20
34,6659,0.1245622941740462,1.9433216081822078e-08,0.035566434704986195,0.8398712516877512,25,20,20
34,6660,0.12456229417422833,1.9433220373325103e-08,0.03556798331435337,0.8398697030781976,25,20,20
34,6661,0.12456229417422515,1.9433224663158037e-08,0.035572646063385095,0.8398650403291648,25,20,20
34,6662,0.12456229417422195,1.943322466183792e-08,0.03557260664791249,0.8398650797446404,25,20,20
34,6663,0.12456229417422195,1.9433224661860287e-08,0.03557268655594734,0.8398649998366059,25,20,20
34,6664,0.12456229417422195,1.9433224661836957e-08,0.03557730663379895,0.8398603797587542,25,20,20
34,6665,0.12456229417422193,1.9433220370706276e-08,0.035572683547119316,0.8398650028454382,25,20,20
34,6666,0.12456229417422193,1.94332203694317e-08,0.03557279732840028,0.8398648890641573,25,20,20
34,6667,0.12456229417422193,1.9433220443380673e-08,0.03556817856045149,0.8398695078321059,25,20,20
34,6668,0.12456229417438204,1.943321607927657e-08,0.04024042439401535,0.8351972619983864,25,20,20
34,6669,0.12456229416661138,1.865430643197233e-08,0.04029473647229257,0.8351429507067896,25,20,20
34,6670,0.12456229416661144,1.8654310723080795e-08,0.040299440034119956,0.8351382471449577,25,20,20
34,6671,0.12456229416661463,1.865431079968455e-08,0.040304060793881324,0.8351336263851931,25,20,20
34,6672,0.1245622941664325,1.8654306582152653e-08,0.040302513577153025,0.8351351736021076,25,20,20
34,6673,0.12456229416625032,1.8654306583403668e-08,0.04030740727864302,0.8351302799007999,25,20,20
34,6674,0.12456229416625027,1.8654306509432956e-08,0.040307400538271726,0.8351302866411714,25,20,20
34,6675,0.12456229416625032,1.865430651074097e-08,0.040313922827246086,0.835123764352197,25,20,20
34,6676,0.10895505081660094,1.795506971632402e-08,0.05592130696495852,0.8351236242633707,25,20,20
34,6677,0.10895505081660013,1.7955074005190047e-08,0.05592053611042273,0.835124395117903,25,20,20
34,6678,0.10895505081660009,1.7955069789319037e-08,0.05592053379754712,0.835124397430783,25,20,20
34,6679,0.10895505081660009,1.7955069788021303e-08,0.055920454168456306,0.8351244770598738,25,20,20
34,6680,0.10895505081660009,1.7955065496559538e-08,0.05591891177711851,0.835126019451216,25,20,20
34,6681,0.10895505096404572,1.8747166779113517e-08,0.05605408439165224,0.8349908458971352,25,20,20
34,6682,0.10895505096409129,1.8747411273942758e-08,0.05605828738350411,0.8349866429049934,25,20,20
34,6683,0.1089550509640921,1.874741556486988e-08,0.05606477944582302,0.8349801508426694,25,20,20
34,6684,0.1089550509640921,1.8747415566167614e-08,0.056064812839881864,0.8349801174486104,25,20,20
34,6685,0.10895505096409204,1.874717104648374e-08,0.056060093240922156,0.8349848370478149,25,20,20
34,6686,0.10895505096409203,1.8747170972512614e-08,0.056060091778476234,0.8349848385102608,25,20,20
34,6687,0.10895505096404647,1.8747166607606828e-08,0.056053566557189,0.8349913637315979,25,20,20
34,6688,0.12516245658224368,1.8748735528027633e-08,0.03984616050120613,0.8349913641678145,25,20,20
34,6689,0.12568087389173602,1.8742449468022696e-08,0.039327743228486395,0.834991364137328,25,20,20
34,6690,0.1256808738915752,1.8742449541004653e-08,0.0346508762955667,0.8396682310704083,25,20,20
34,6691,0.12568087389161753,1.874244954209863e-08,0.03465278090044768,0.839666326465485,25,20,20
34,6692,0.12568087389161753,1.8742449616070198e-08,0.03464629109976132,0.8396728162661712,25,20,20
34,6693,0.12568087389179963,1.8742453907201508e-08,0.03465099492188126,0.839668112443865,25,20,20
34,6694,0.08620623849881959,1.9534185050085637e-05,0.07410610028458237,0.8396681270315476,25,20,20
34,6695,0.08620623849881959,1.9534185294698235e-05,0.07410783590688,0.8396663914090051,25,20,20
34,6696,0.10199541097350324,1.9988265399801317e-05,0.058317069997788344,0.8396675307633084,25,20,20
34,6697,0.10199541097354872,1.9988265404018274e-05,0.05832359569057214,0.8396610050704748,25,20,20
34,6698,0.10199541097359426,1.9988265408311196e-05,0.05832376783921301,0.8396608329217843,25,20,20
34,6699,0.1190727872750689,1.99711900331562e-05,0.04124798150967608,0.8396592600252216,25,20,20
34,6700,0.11907278727502339,1.9971190028940543e-05,0.041241455827190875,0.8396657857077565,25,20,20
34,6701,0.11907278727502345,1.9971190273534764e-05,0.0412460814687544,0.8396611600659485,25,20,20
34,6702,0.08011681862623943,1.9521842521972637e-05,0.07776526981219774,0.8420983897190406,25,20,20
34,6703,0.08011681862623943,1.952184252197261e-05,0.07776518041717619,0.8420984791140621,25,20,20
34,6704,0.08011681862619392,1.9521842517680996e-05,0.07776512473019205,0.8420985348010962,25,20,20
34,6705,0.08011681862614839,1.952184251346533e-05,0.07776321779178794,0.84210044173955,25,20,20
34,6706,0.08011681847870276,1.9521050412258066e-05,0.07762801307008244,0.8422356474008023,25,20,20
34,6707,0.08011681847870596,1.952105065525367e-05,0.07789425114437216,0.8419694093262664,25,20,20
34,6708,0.08028483004875801,1.9521141278149015e-05,0.07772485968748222,0.8419707891224811,25,20,20
34,6709,0.08028483004875796,1.952114127807244e-05,0.07771837079154703,0.8419772780184168,25,20,20
34,6710,0.08028483004875482,1.9521141035150807e-05,0.07745210136128876,0.8422435474489212,25,20,20
34,6711,0.08028483004875482,1.9521141035152102e-05,0.07745207697502937,0.8422435718351805,25,20,20
34,6712,0.08028483004875801,1.9521141035150797e-05,0.07745676033733989,0.8422388884728669,25,20,20
34,6713,0.08028483004875803,1.952114103514951e-05,0.07745217545019313,0.8422434733600136,25,20,20
34,6714,0.08028483004875803,1.9521141035148192e-05,0.07745217603585855,0.8422434727743484,25,20,20
34,6715,0.08028483004875803,1.952114103514949e-05,0.0774567633941344,0.8422388854160725,25,20,20
34,6716,0.08028483004876125,1.9521141279743165e-05,0.07746148442096114,0.8422341643889979,25,20,20
34,6717,0.08028483004876125,1.9521141279819723e-05,0.07746618483218728,0.8422294639777717,25,20,20
34,6718,0.08028483004876122,1.952114103951766e-05,0.07746154659659046,0.8422341022136088,25,20,20
34,6719,0.08028483005914294,1.9521141039591625e-05,0.07746317667407719,0.8422324721257404,25,20,20
34,6720,0.08028483005914215,1.9521141035301996e-05,0.07746317494028913,0.8422324738595335,25,20,20
34,6721,0.08028483005914215,1.9521141035304612e-05,0.07746776028672984,0.8422278885130929,25,20,20
34,6722,0.08036465983141135,1.9521048777644428e-05,0.07738931083915296,0.8422265082806583,25,20,20
34,6723,0.08036465982882893,1.9521035130807014e-05,0.07750141684810716,0.8421144022879329,25,20,20
34,6724,0.08036465982882891,1.9521034886194416e-05,0.0774996812155344,0.8421161379207505,25,20,20
34,6725,0.08036465982882969,1.9521034890396644e-05,0.07762912018269896,0.8419866989535808,25,20,20
34,6726,0.08036465982887517,1.9521034886180836e-05,0.07763370494063551,0.8419821141956031,25,20,20
34,6727,0.0803646598288728,1.9521034886180833e-05,0.07763551368671343,0.8419803054495274,25,20,20
34,6728,0.04753549522839713,0.00010382518192327467,0.11036627312876231,0.8419944064609167,25,20,20
34,6729,0.04753549522839396,0.00010382518168028035,0.11009992259043527,0.8422607569994899,25,20,20
34,6730,0.04753549522835158,0.00010382518143578557,0.11009112808000392,0.8422695515102082,25,20,20
34,6731,0.047535495228483236,0.00010382575590146026,0.12117937776358359,0.8311813012520313,25,20,20
34,6732,0.04753549522848249,0.00010382575590153454,0.12143910391278175,0.8309215751028337,25,20,20
34,6733,0.04753549521810038,0.00010382575589295124,0.12143882614671302,0.8309218528792932,25,20,20
34,6734,0.04753549521810038,0.00010382575589302655,0.12143886355759942,0.8309218154684068,25,20,20
34,6735,0.04753549521810118,0.00010382575589302655,0.12143439236118489,0.8309262866648206,25,20,20
34,6736,0.04753549521814672,0.00010382575614192786,0.12143679434573666,0.8309238846799744,25,20,20
34,6737,0.04753549521796461,0.00010382575613771199,0.12143211954887775,0.8309285594770196,25,20,20
34,6738,0.047535495207583676,0.00010382575613763803,0.12143063745508233,0.830930041581196,25,20,20
34,6739,0.0475354952075805,0.00010382575613763798,0.12143064303811041,0.8309300359981711,25,20,20
34,6740,0.0475354952075805,0.00010382575613763673,0.12143064365705186,0.8309300353792297,25,20,20
34,6741,0.04753549520757729,0.00010382575613763542,0.12142605632780136,0.8309346227084832,25,20,20
34,6742,0.04753549520757809,0.00010382575613756146,0.12142139646597958,0.8309392825703042,25,20,20
34,6743,0.04753549520757815,0.00010382575613756146,0.12142147697047513,0.8309392020658086,25,20,20
34,6744,0.04753549520758129,0.00010382575614177912,0.12142159116114971,0.8309390878751267,25,20,20
34,6745,0.04753549520745049,0.00010382518192071453,0.11033569977548165,0.8420249798351466,25,20,20
34,6746,0.04805573605290277,0.00010382516294025508,0.10981546236778056,0.8420249764163761,25,20,20
34,6747,0.04805573605290269,0.00010382516294010682,0.10954924364570084,0.8422911951384559,25,20,20
34,6748,0.04805573605290269,0.00010382516318461422,0.10955584613919651,0.8422845926447157,25,20,20
34,6749,0.04805573605290264,0.00010382516294002,0.10955110603563245,0.8422893327485245,25,20,20
34,6750,0.048055736052857165,0.00010382516269119532,0.10954881737936845,0.842291621405083,25,20,20
34,6751,0.04805573605285949,0.0001038251624465852,0.10981365766398948,0.8420267811207042,25,20,20
34,6752,0.048055736052862674,0.0001038251624465865,0.10981370625314452,0.842026732531546,25,20,20
34,6753,0.04805573605286265,0.00010382516244666127,0.11007992271024385,0.8417605160744465,25,20,20
34,6754,0.0480557360528626,0.00010382516244666127,0.11007984221602352,0.8417605965686669,25,20,20
34,6755,0.048055736052862584,0.00010382516220207862,0.11007328974047416,0.8417671490444608,25,20,20
34,6756,0.04767609031774804,0.00010381962413584694,0.11115763515236136,0.8410624549057542,25,20,20
34,6757,0.04767609031774493,0.00010381962413584697,0.11089051639755759,0.841329573660561,25,20,20
34,6758,0.04767609031774574,0.00010381962414013788,0.11089712033825048,0.8413229697198632,25,20,20
34,6759,0.04767609032812664,0.00010381962438469125,0.11076942518416452,0.8414506648633232,25,20,20
34,6760,0.04767609032812744,0.00010381962438469255,0.11076285144897553,0.8414572385985114,25,20,20
34,6761,0.04767490139766644,0.0001038195899268312,0.10898764024803465,0.8432336387643712,25,20,20
34,6762,0.04767490139766644,0.00010381958993112152,0.1089877811610799,0.8432334978513215,25,20,20
34,6763,0.04767490139766958,0.00010381958993112282,0.10898786247779842,0.8432334165345999,25,20,20
34,6764,0.08049984505972996,1.9515442894020075e-05,0.07626132397416682,0.8432193155232086,25,20,20
34,6765,0.08049984505972678,1.9515442898308386e-05,0.07626776664896924,0.843212872848405,25,20,20
34,6766,0.08049984505972682,1.951544289409275e-05,0.07626128137422343,0.8432193581231548,25,20,20
34,6767,0.08049984505972682,1.9515442894091927e-05,0.07600155324917797,0.8434790862482004,25,20,20
34,6768,0.08049984505968208,1.9515442898309538e-05,0.07599246163368761,0.8434881778637313,25,20,20
34,6769,0.0804998450596789,1.9515442894017927e-05,0.07599226703833145,0.843488372459095,25,20,20
34,6770,0.08049984505968207,1.9515442898205732e-05,0.07625199576348421,0.843228643733935,25,20,20
34,6771,0.08049984506227649,1.9515443142801895e-05,0.07625027660543428,0.8432303628891457,25,20,20
34,6772,0.08049984506227652,1.9515443138614147e-05,0.07598406433203535,0.8434965751625488,25,20,20
34,6773,0.08049984506227573,1.9515443134322533e-05,0.07598398218817284,0.8434966573064163,25,20,20
34,6774,0.08049984506227577,1.9515443134321235e-05,0.07598394953135021,0.843496689963239,25,20,20
34,6775,0.07998038594803573,1.3874669925287793e-06,0.07652155117431954,0.8434966754106514,25,20,20
34,6776,0.07998038594819948,1.3874672044344814e-06,0.0811805876415853,0.8388376389430118,25,20,20
34,6777,0.07998038595570418,1.3874772827261838e-06,0.09226865956424504,0.827749567002769,25,20,20
34,6778,0.07998038595570105,1.387477278508541e-06,0.09226854537335397,0.8277496811936672,25,20,20
34,6779,0.07998038595570099,1.3874772785085643e-06,0.09226854537332228,0.8277496811936991,25,20,20
34,6780,0.0799803859557011,1.3874772785099088e-06,0.0922700809395097,0.8277481456275114,25,20,20
34,6781,0.07998038595570117,1.3874911769225246e-06,0.09239970189761451,0.8276185246555081,25,20,20
34,6782,0.07987952568553348,1.3881863266208326e-06,0.0925004662090824,0.8276186199190582,25,20,20
34,6783,0.07987952568553319,1.3881863294110163e-06,0.10647029739097529,0.8136487887371626,25,20,20
34,6784,0.07987952568557553,1.3881863294862625e-06,0.10647040816529353,0.813648677962802,25,20,20
34,6785,0.07987952568557236,1.3881863294862856e-06,0.10647032678492732,0.8136487593431716,25,20,20
34,6786,0.07987952568557548,1.388172431148939e-06,0.1063407883244901,0.8137782978175039,25,20,20
34,6787,0.07902001826918699,1.3881852141588043e-06,0.10719488936610028,0.8137837041794992,25,20,20
34,6788,0.07902001826918705,1.3881854587423e-06,0.10720151192884733,0.8137770816165076,25,20,20
34,6789,0.07902001826918624,1.3881854586670085e-06,0.10720139532572909,0.8137771982196265,25,20,20
34,6790,0.07902001826902327,1.3881852509958064e-06,0.10280854954101973,0.8181700440047064,25,20,20
34,6791,0.07902001826920539,1.388185495641851e-06,0.10281701655654192,0.8181615769887575,25,20,20
34,6792,0.11832939120705602,5.879423479491488e-09,0.06350764857001566,0.8181629543435045,25,20,20
34,6793,0.11832939120705552,5.879420761981212e-09,0.04953785847072344,0.8321327444428002,25,20,20
34,6794,0.11832939119959626,5.8693424702664936e-09,0.03845631718672166,0.8432142857443395,25,20,20
34,6795,0.1183293912010827,5.869321430621534e-09,0.041896557904329314,0.8397740450252659,25,20,20
34,6796,0.11832939119848822,5.869292466304605e-09,0.046550810470988614,0.8351197924612301,25,20,20
34,6797,0.11832939119848743,5.869292538965762e-09,0.0465573841972356,0.8351132187349841,25,20,20
34,6798,0.11888962035991557,7.979808047122298e-10,0.045998537481822116,0.8351118413602814,25,20,20
34,6799,0.11888962035991245,7.979808047129641e-10,0.04599857489985592,0.8351118039422505,25,20,20
34,6800,0.11888962035991564,7.979808786844798e-10,0.04599861509211862,0.8351117637499845,25,20,20
34,6801,0.11888962035987011,7.979807281240175e-10,0.045998499508950255,0.8351118793331986,25,20,20
34,6802,0.08135723221160504,1.610935742345326e-09,0.08353629320504494,0.8351064729724149,25,20,20
34,6803,0.08135723221160501,1.6109356696658655e-09,0.08362847464298452,0.8350142915344756,25,20,20
34,6804,0.08147976554663597,1.5218882997468894e-09,0.08350594141188748,0.8350142915195888,25,20,20
34,6805,0.08147976554663842,1.5219124322305056e-09,0.07893988587655218,0.8395803470548967,25,20,20
34,6806,0.08147976554663837,1.5216678487115968e-09,0.07893318141024845,0.8395870515214449,25,20,20
34,6807,0.08147976554663915,1.5219124630603354e-09,0.07893472904751181,0.8395855038839364,25,20,20
34,6808,0.08147976554664073,1.5219123904326805e-09,0.07894390098870019,0.8395763319427464,25,20,20
34,6809,0.08147976554663992,1.5219166655293207e-09,0.07906414734381523,0.839456085587628,25,20,20
34,6810,0.08147976554663675,1.5219166642372683e-09,0.0789718466601304,0.8395483862713159,25,20,20
34,6811,0.08147976554659209,1.5358150291713064e-09,0.07909474622827956,0.839425486689313,25,20,20
34,6812,0.08147976554659209,1.5358150299585954e-09,0.07936103918746996,0.8391591937301227,25,20,20
34,6813,0.08147976554641279,2.2377672813545154e-09,0.08401224472534191,0.8345079874904784,25,20,20
34,6814,0.08147976554641277,2.2377662217354133e-09,0.08418551295780735,0.834334719258014,25,20,20
34,6815,0.0814797655464119,2.223867784139868e-09,0.08405604261791963,0.834464189611801,25,20,20
34,6816,0.07988793260122555,1.0781864538290246e-07,0.08561886706584809,0.834493092514281,25,20,20
34,6817,0.07988793260122554,1.0781864538287637e-07,0.08562040542533651,0.8344915541547927,25,20,20
34,6818,0.07988793260122548,1.0781864530628741e-07,0.08562028953827103,0.8344916700418584,25,20,20
34,6819,0.07989566334517095,1.0781861637636734e-07,0.08561255879461437,0.8344916700415985,25,20,20
34,6820,0.07989566334517334,1.0781861638975991e-07,0.0854877277189809,0.8346165011172295,25,20,20
34,6821,0.07989566334517052,1.0711641956629073e-07,0.0808280237496965,0.8392762057887135,25,20,20
34,6822,0.07989566334516733,1.071164152751599e-07,0.08082340062391977,0.8392808289144977,25,20,20
34,6823,0.07989566334516733,1.0711641527386297e-07,0.0808233216267595,0.8392809079116581,25,20,20
34,6824,0.07989566334774464,1.0790609657143509e-07,0.08109240049616621,0.8390118282499927,25,20,20
34,6825,0.07989566334774467,1.0790609657014022e-07,0.08109089492788883,0.83901333381827,25,20,20
34,6826,0.07927857978017214,3.9743254610535883e-07,0.08170764095995739,0.8390133818273245,25,20,20
34,6827,0.07927857976979044,3.974322971992054e-07,0.08170592983856005,0.8390150929593522,25,20,20
34,6828,0.07927857976979044,3.974323014148632e-07,0.08171245327835733,0.8390085695195505,25,20,20
34,6829,0.0792785797697905,3.974323013408921e-07,0.08171241988298376,0.8390086029149242,25,20,20
34,6830,0.07927857975536727,3.974323052540514e-07,0.04203880573698861,0.8786822170753384,25,20,20
34,6831,0.07927857975536731,3.9743230532801354e-07,0.042043504925081805,0.8786775178872452,25,20,20
34,6832,0.07927857975536724,3.9743230525404136e-07,0.04204808479480426,0.8786729380175228,25,20,20
34,6833,0.07927857975536724,3.9743230525272046e-07,0.042048199153032755,0.8786728236592944,25,20,20
34,6834,0.07927857975536715,3.9743230532537e-07,0.04204666501460433,0.8786743577977227,25,20,20
34,6835,0.07927857975536716,3.9743230540195904e-07,0.04204674877315542,0.8786742740391716,25,20,20
34,6836,0.07927857975536717,3.9743230555254244e-07,0.04204671609026844,0.8786743067220584,25,20,20
34,6837,0.0792785797554127,3.9743255013521115e-07,0.04204865010341537,0.8786723727086213,25,20,20
34,6838,0.0792785797554119,3.974323055208502e-07,0.04205359133337258,0.8786674314789096,25,20,20
34,6839,0.07927857975541192,3.9743230981198483e-07,0.04205168910857668,0.8786693337037011,25,20,20
34,6840,0.039888255869433585,4.108557823789396e-07,0.08144202864289093,0.8786693046318935,25,20,20
34,6841,0.039888255869433585,4.108557824542084e-07,0.08144206202800648,0.8786692712467778,25,20,20
34,6842,0.03988825586943357,4.108557780891148e-07,0.08144206130988076,0.8786692719649081,25,20,20
34,6843,0.03988825586943351,4.108557780151436e-07,0.08144198023891765,0.878669353035871,25,20,20
34,6844,0.03988825586943351,4.1085577801512144e-07,0.08143728039040761,0.878674052884381,25,20,20
34,6845,0.03988825586943351,4.1085577793987606e-07,0.08143722616809869,0.87867410710669,25,20,20
34,6846,0.040214850930459664,3.971595863287234e-07,0.0811107070370126,0.8786740448729414,25,20,20
34,6847,0.04021485093045971,3.971595861807581e-07,0.08111224473074094,0.8786725071792132,25,20,20
34,6848,0.03938505760019991,3.9678241363221443e-07,0.08194204239616619,0.8786725032212201,25,20,20
34,6849,0.039385057600203145,3.9678240934390664e-07,0.08193714011309541,0.8786774055042922,25,20,20
34,6850,0.03938505760015762,3.9678216483391214e-07,0.08193058736940445,0.8786839582482732,25,20,20
34,6851,0.03938505760015763,3.9678216491047884e-07,0.08193066988280735,0.8786838757348704,25,20,20
34,6852,0.03938505760015763,3.967821649110621e-07,0.08230369039839042,0.8783108552192874,25,20,20
34,6853,0.0393850576003397,3.967821692022126e-07,0.08230372824815305,0.8783108173693386,25,20,20
34,6854,0.03938505760034289,3.967821692774819e-07,0.08230372400185569,0.8783108216156326,25,20,20
34,6855,0.03938505761067672,3.9678265415234944e-07,0.08205610972398908,0.8785584358826805,25,20,20
34,6856,0.039385057610676746,3.9678265415366986e-07,0.08205614323563276,0.8785584023710368,25,20,20
34,6857,0.039385057610676746,3.9678265415237215e-07,0.08205625770923314,0.8785582878974364,25,20,20
34,6858,0.039382823966431786,7.415389440971493e-06,0.08208037565026811,0.8785293849938595,25,20,20
34,6859,0.03938282396647725,7.4154033802002404e-06,0.08209258130261438,0.8785171793275284,25,20,20
34,6860,0.039382823966474086,7.4154031372071995e-06,0.08182631041801691,0.8787834502123723,25,20,20
34,6861,0.039382823966474086,7.41540313720588e-06,0.08182168970021207,0.878788070930177,25,20,20
34,6862,0.03938282396665621,7.415403381726279e-06,0.08145342165656722,0.8791563389733951,25,20,20
34,6863,0.03938282396665621,7.415403381724981e-06,0.08145345446505424,0.879156306164908,25,20,20
34,6864,0.039382823966474086,7.41540313712873e-06,0.0814486189493634,0.8791611416810257,25,20,20
34,6865,0.03938284057043584,1.2506366535656805e-05,0.08144351138211446,0.8791611416809141,25,20,20
34,6866,0.03938284057043584,1.2506366535656805e-05,0.08144343176314184,0.8791612212998865,25,20,20
34,6867,0.03938284057043902,1.2506366535732049e-05,0.08144348673229679,0.8791611663307282,25,20,20
34,6868,0.039382840570435826,1.2506366535658077e-05,0.0814456532186531,0.8791589998443752,25,20,20
34,6869,0.039382840570435035,1.2506366527131955e-05,0.08117940065411734,0.8794252524089202,25,20,20
34,6870,0.040213125417474044,1.2506321403685382e-05,0.08034911585220231,0.8794252524089201,25,20,20
34,6871,0.040213125417474044,1.2506321403685338e-05,0.08034911581776186,0.8794252524433606,25,20,20
34,6872,0.040213125417474044,1.2506321403685315e-05,0.08034922827959673,0.8794251399815258,25,20,20
34,6873,0.04021312541751957,1.2506321407974991e-05,0.08035575452347182,0.8794186137376008,25,20,20
34,6874,0.04021312541751957,1.250632140797627e-05,0.0806220857115286,0.8791522825495438,25,20,20
34,6875,0.040213125414943526,1.250553188865905e-05,0.0943226510239289,0.865451718029239,25,20,20
34,6876,0.04021312540456374,1.2505531403736224e-05,0.09432032381042797,0.8654540452536046,25,20,20
34,6877,0.04021312540456374,1.2505531403736225e-05,0.09431842087875879,0.8654559481852736,25,20,20
34,6878,0.040213125404566924,1.2505531403808918e-05,0.0940522089364471,0.8657221601275821,25,20,20
34,6879,0.03938284039748613,1.2505531791132309e-05,0.09488249394314058,0.8657221601275817,25,20,20
34,6880,0.03938284039748613,1.2505531791133608e-05,0.09488249196599224,0.8657221621047302,25,20,20
34,6881,0.039382840397489294,1.250553203354955e-05,0.09525549996951234,0.8653491541009645,25,20,20
34,6882,0.03938281753177022,2.8964322273211585e-06,0.09526513193502113,0.8653491541009818,25,20,20
34,6883,0.039382817531773404,2.8964461387008306e-06,0.09535755877377701,0.8652567272483113,25,20,20
34,6884,0.03938281753172874,2.896432443965582e-06,0.09535414204484223,0.8652601439909854,25,20,20
34,6885,0.039382817531725595,2.8964324482417795e-06,0.09548357965331641,0.8651307063825101,25,20,20
34,6886,0.03938281753430327,2.8972217427257665e-06,0.09575983272945081,0.8648544525145034,25,20,20
34,6887,0.039382817534302415,2.897221498156998e-06,0.0957509299164282,0.8648633553277715,25,20,20
34,6888,0.03938281753689464,2.8972212601064263e-06,0.09538017642076545,0.8652341088210801,25,20,20
34,6889,0.03938281753689463,2.8972212601064263e-06,0.09538028885818861,0.8652339963836568,25,20,20
34,6890,0.03938281753694048,2.897221260105129e-06,0.09580435378388989,0.8648099314579097,25,20,20
34,6891,0.03938281753693731,2.8972073530179294e-06,0.09571662971059806,0.864897655545112,25,20,20
34,6892,0.03613797092101885,2.6077644235944135e-06,0.09896179147286903,0.8648976298416895,25,20,20
34,6893,0.036137970921018836,2.6077644193045626e-06,0.09922342050551052,0.8646360008090522,25,20,20
34,6894,0.03613797092361395,2.6077646681039923e-06,0.09896383971775084,0.8648955815939681,25,20,20
34,6895,0.03613797092361714,2.607764672321161e-06,0.09896384264589721,0.8648955786658142,25,20,20
34,6896,0.036137970923634556,2.606989323287594e-06,0.09869451099158931,0.8651649110954537,25,20,20
34,6897,0.036174121028437096,2.606907269883288e-06,0.09865838326771437,0.8651648887965796,25,20,20
34,6898,0.036174121028482546,2.606907265741579e-06,0.09865200877791072,0.8651712632863419,25,20,20
34,6899,0.03617412102866421,2.6069072700207378e-06,0.09874268984505473,0.8650805822190119,25,20,20
34,6900,0.03617412102625124,2.6069070212218396e-06,0.09873764942802264,0.8650856226387056,25,20,20
34,6901,0.03617412117276804,2.6069072636361617e-06,0.09868748974563561,0.8651357821743335,25,20,20
34,6902,0.036174121172768026,2.6069072636348632e-06,0.09868748904268283,0.8651357828772862,25,20,20
34,6903,0.036174121170172636,2.606907259269514e-06,0.09868523450013861,0.8651380374224301,25,20,20
34,6904,0.03617412117017275,2.6069072592695375e-06,0.0986898908162112,0.8651333811063574,25,20,20
34,6905,0.03617412117017276,2.6069072593448294e-06,0.09869000737832158,0.8651332645442471,25,20,20
34,6906,0.03617412117017666,2.6069210681566687e-06,0.0989346665845068,0.8648886053242493,25,20,20
34,6907,0.036174121170176717,2.606921068231951e-06,0.0989392536342652,0.8648840182744907,25,20,20
34,6908,0.04703610742266907,1.3055294501269923e-10,0.08799424538090772,0.8649696470658708,25,20,20
34,6909,0.04703610742262439,1.3079737416375446e-10,0.08800134840680578,0.864962544039773,25,20,20
34,6910,0.0470361072760618,1.3055503511025852e-10,0.08762744994733901,0.8653364426460446,25,20,20
34,6911,0.0470361072760618,1.30555032510009e-10,0.08736119922864016,0.8656026933647436,25,20,20
34,6912,0.0470361072760618,1.3055503380774113e-10,0.08736119725149182,0.865602695341892,25,20,20
34,6913,0.04703610727605856,1.305550325320624e-10,0.08735957459329638,0.8656043180000904,25,20,20
34,6914,0.04703610727624055,1.3079968998730603e-10,0.08736154229911856,0.8656023502938416,25,20,20
34,6915,0.04703610727883275,1.3079976420495328e-10,0.08735920651551908,0.8656046860748488,25,20,20
34,6916,0.0470361072788327,1.307997655109726e-10,0.0873545861080391,0.8656093064823288,25,20,20
34,6917,0.047036107278832714,1.3079976419087254e-10,0.08735470220963473,0.8656091903807333,25,20,20
34,6918,0.047036107278832714,1.307996876060405e-10,0.087352540518965,0.8656113520714029,25,20,20
34,6919,0.047036125271694915,9.788316293141155e-10,0.08735252167682639,0.8656113520726474,25,20,20
34,6920,0.04703612527169491,9.788315539997083e-10,0.08735240510461775,0.8656114686448562,25,20,20
34,6921,0.07568944373520284,8.7856261532837e-10,0.05878471550275095,0.8655258398834836,25,20,20
34,6922,0.07568944373520288,8.785669075749831e-10,0.05879132199606211,0.8655192333901681,25,20,20
34,6923,0.0756894437326083,8.785626174951562e-10,0.05878907417254869,0.8655214812162804,25,20,20
34,6924,0.07568944373242617,8.785625435266848e-10,0.05878740291911126,0.8655231524698999,25,20,20
34,6925,0.07568944373224407,8.783178847283183e-10,0.05878069843196563,0.8655298569574724,25,20,20
34,6926,0.07568944373206195,8.783178099091713e-10,0.05877615596391373,0.8655343994257063,25,20,20
34,6927,0.07568944373206195,8.783178098857782e-10,0.05878267918519517,0.8655278762044252,25,20,20
34,6928,0.07568944373206193,8.783178098853785e-10,0.05878267914974342,0.8655278762398768,25,20,20
34,6929,0.07568944373224401,8.783136681987656e-10,0.05877621710222622,0.865534338287216,25,20,20
34,6930,0.07568944373224006,8.645005061907842e-10,0.058402150241479295,0.86590840516178,25,20,20
34,6931,0.03943821881011233,1.34465880423403e-06,0.09465202942557027,0.8659084071055131,25,20,20
34,6932,0.040267120400480534,1.343810382509529e-06,0.09382312868486835,0.8659084071042686,25,20,20
34,6933,0.04026712040048055,1.3438103825861325e-06,0.09382759995772103,0.8659039358314158,25,20,20
34,6934,0.037427667961495006,0.0005679520015632148,0.09610040232319018,0.8659039777137516,25,20,20
34,6935,0.03742766795889993,0.0005679519876178409,0.09609348294953601,0.8659108971039463,25,20,20
34,6936,0.037427668106771804,0.0005679519878624206,0.09609462989550088,0.865909750009865,25,20,20
34,6937,0.03742766810677186,0.0005679519878624206,0.09609471121211609,0.8659096686932499,25,20,20
34,6938,0.036599769730066026,0.0005680009704613905,0.09690948258882218,0.8659227467106503,25,20,20
34,6939,0.03659976973006604,0.0005680009704613906,0.09690299276303156,0.8659292365364409,25,20,20
34,6940,0.036599769730066026,0.0005680009704613906,0.09690295886627309,0.8659292704331994,25,20,20
34,6941,0.03659976973006608,0.0005680009704613893,0.09716919255944088,0.8656630367400316,25,20,20
34,6942,0.04029826611933668,0.0005680010595568856,0.09347067147691364,0.8656630613441928,25,20,20
34,6943,0.0402982661193398,0.0005680010595610735,0.09373688378721744,0.8653968490338816,25,20,20
34,6944,0.0402982661193398,0.0005680010595653638,0.09373696659637112,0.8653967662247237,25,20,20
34,6945,0.0402982661193398,0.0005680010595610735,0.0937368504032769,0.8653968824178222,25,20,20
34,6946,0.04029826611933902,0.0005680010595609982,0.09373673192359597,0.8653970008975039,25,20,20
34,6947,0.04029826611933904,0.0005680010595652898,0.09373692859430564,0.8653968042267899,25,20,20
34,6948,0.04029826611933905,0.0005680010595610281,0.09347067823685216,0.8656630545842476,25,20,20
34,6949,0.04029826611933585,0.0005680010595609528,0.09347055757933859,0.8656631752417643,25,20,20
34,6950,0.04029826597141925,0.0005680010593120836,0.09346508358358951,0.8656686493856789,25,20,20
34,6951,0.04029826597141919,0.0005680010593120836,0.09346492088496468,0.8656688120843036,25,20,20
34,6952,0.040298265971463874,0.0005680010590760862,0.09346229231186143,0.8656714406575982,25,20,20
34,6953,0.040298265971463874,0.0005680010590760849,0.09346221264833013,0.8656715203211296,25,20,20
34,6954,0.040298265971463874,0.0005680010590846664,0.09346443760372525,0.8656692953657259,25,20,20
34,6955,0.040298265971463874,0.0005680010590846651,0.09346435797463438,0.8656693749948167,25,20,20
34,6956,0.040298265971281735,0.0005680010590845159,0.09346421553657003,0.8656695174330635,25,20,20
34,6957,0.040298265971281735,0.0005680010590802256,0.09346402030902548,0.8656697126606123,25,20,20
34,6958,0.03987377805588289,4.559202056023895e-05,0.09441089428774044,0.865669735635817,25,20,20
34,6959,0.03987377805588216,4.5592034471651275e-05,0.09450094834504241,0.8655796815646043,25,20,20
34,6960,0.03987377805588213,4.5592034471575964e-05,0.09450091284613801,0.8655797170635089,25,20,20
34,6961,0.03987377805588213,4.559203447157467e-05,0.0944962940559763,0.8655843358536705,25,20,20
34,6962,0.03987377806626385,4.5592034467433586e-05,0.09449780996606234,0.8655828199332066,25,20,20
34,6963,0.03987377806626385,4.559203446743491e-05,0.09449783644080068,0.8655827934584684,25,20,20
34,6964,0.03987395141719066,1.0819894143612752e-07,0.0945429367884206,0.8655830035954477,25,20,20
34,6965,0.03987395141719073,1.082128806648531e-07,0.09455514246500903,0.86557079790492,25,20,20
34,6966,0.03987395141719073,1.082128806648755e-07,0.09455502860159357,0.8655709117683356,25,20,20
34,6967,0.03987395141948055,1.4817945316086095e-07,0.09926655998466095,0.8608593404164059,25,20,20
34,6968,0.03987395141948135,1.4817945316215866e-07,0.09926659483042713,0.8608593055706389,25,20,20
34,6969,0.03987395141948135,1.4817945316215863e-07,0.09926659483042716,0.8608593055706389,25,20,20
34,6970,0.032922538386923675,3.9108022821226054e-07,0.10621663141466346,0.8608604391181849,25,20,20
34,6971,0.032922538386927575,3.910804706281903e-07,0.10632340573990713,0.860753664792695,25,20,20
34,6972,0.032922538386925555,3.910803129368625e-07,0.09235365200180468,0.8747234185309574,25,20,20
34,6973,0.03292225068885689,3.3196998277193444e-07,0.08884818095959454,0.8782292363815664,25,20,20
34,6974,0.03292225068903903,3.3196998713841125e-07,0.08885209899469468,0.8782253183462798,25,20,20
34,6975,0.0019027667990327852,1.0343239803609125e-07,0.11987290179806934,0.8782242279705004,25,20,20
34,6976,0.0019027667990359801,1.0343239811135148e-07,0.11987760273997397,0.8782195270285925,25,20,20
34,6977,0.001902766799035994,1.0343240240166773e-07,0.11987777292434577,0.8782193568442164,25,20,20
34,6978,0.0019027667886542664,1.0343360900247785e-07,0.15641426962419464,0.8416828601535432,25,20,20
34,6979,0.0019027667886526683,1.0343360049495866e-07,0.15641856855176806,0.84167856122598,25,20,20
34,6980,0.0019027667886526007,1.0341966547399205e-07,0.1564985412194539,0.8415985885722291,25,20,20
34,6981,0.0019027667886533984,1.0341966976364341e-07,0.15650506667685177,0.841592063114826,25,20,20
34,6982,0.0019027667886534134,1.0341991435864047e-07,0.15650990078545265,0.8415872290059805,25,20,20
34,6983,6.983927942286808e-05,8.996370736631044e-08,0.15834263844391913,0.8415874323129515,25,20,20
34,6984,6.983927942206934e-05,8.996371158195777e-08,0.1583426379221257,0.8415874328347415,25,20,20
34,6985,6.984734068720483e-05,1.2974367658886267e-07,0.12669065014934144,0.8732393727662956,25,20,20
34,6986,6.984735098731152e-05,1.2974367237324727e-07,0.1270062965727849,0.8729237263325562,25,20,20
34,6987,6.98473486975501e-05,8.977709995251859e-08,0.12230136852463597,0.8776286943495674,25,20,20
34,6988,6.984735129276549e-05,8.977734454700459e-08,0.12230600912583672,0.8776240537455267,25,20,20
34,6989,6.984735129276353e-05,8.977734026525207e-08,0.12221382938910043,0.8777162334822673,25,20,20
34,6990,6.98392900276222e-05,4.999616850698174e-08,0.11732772374226723,0.8826023869715373,25,20,20
34,6991,6.983929002760738e-05,4.99822570946248e-08,0.11723547191747567,0.8826946388102402,25,20,20
34,6992,6.979717090154745e-05,5.442221012883191e-08,0.12074158324125574,0.8791885651656329,25,20,20
34,6993,6.979717090160254e-05,5.442221442045487e-08,0.1207417028598528,0.8791884455470317,25,20,20
34,6994,6.979717085607302e-05,5.442220583946826e-08,0.12073707745252561,0.879193070954413,25,20,20
34,6995,6.979717085293396e-05,5.442220576550576e-08,0.12073245642927372,0.8791976919776683,25,20,20
34,6996,6.979717085607302e-05,5.4422450283904275e-08,0.12073068659152635,0.8791994618151681,25,20,20
34,6997,6.979717085607299e-05,5.44224460682338e-08,0.12073068710122181,0.8791994613054768,25,20,20
34,6998,6.979717085533129e-05,5.442244177860555e-08,0.12072570353391425,0.8792044448727893,25,20,20
34,6999,6.979776256760761e-05,5.442244614372919e-08,0.12073047139855342,0.8791996764164335,25,20,20
34,7000,6.979776256755181e-05,5.442244614502733e-08,0.12073050337492547,0.8791996444400616,25,20,20
34,7001,6.979776257074614e-05,5.4422690755135673e-08,0.12073278326097947,0.8791973645537599,25,20,20
34,7002,6.97977599755298e-05,5.442244194560191e-08,0.12072806198041507,0.8792020858371683,25,20,20
34,7003,6.979775997631481e-05,5.442244616128298e-08,0.1207345864083207,0.8791955614092575,25,20,20
34,7004,6.979775997637186e-05,5.442244616394717e-08,0.1207344991126252,0.8791956487049529,25,20,20
34,7005,6.97977599763588e-05,5.4422446088677897e-08,0.1207343845446471,0.8791957632729311,25,20,20
34,7006,6.979775997317762e-05,5.442220147857939e-08,0.12110514288285136,0.8788250049349746,25,20,20
34,7007,6.979775997317775e-05,5.442220147729498e-08,0.12073214003877825,0.8791980077790478,25,20,20
34,7008,6.979776015410814e-05,5.44222057377583e-08,0.12099837117170034,0.8789317766459405,25,20,20
34,7009,6.97971686239188e-05,5.442220152189774e-08,0.12099366525112176,0.8789364831580535,25,20,20
34,7010,6.979716856030782e-05,5.443127364125796e-08,0.13496004406683806,0.8649701043333287,25,20,20
34,7011,6.979716860582693e-05,5.443127800662533e-08,0.1349624439532267,0.8649677044468902,25,20,20
34,7012,6.979716758812023e-05,5.443287547809558e-08,0.13496246475531723,0.8649676836442195,25,20,20
34,7013,0.02220504164273411,4.9990105613697694e-08,0.11282722415201103,0.8649676842151499,25,20,20
34,7014,0.022205041642733323,4.999010561369773e-08,0.11282718934138504,0.8649677190257766,25,20,20
34,7015,0.022136287403093906,4.900153972900493e-08,0.11289621322015178,0.864967450375215,25,20,20
34,7016,0.022136287403051565,4.9001539655251155e-08,0.11289400792911934,0.86496965566629,25,20,20
34,7017,0.022136287403051624,4.90015439455678e-08,0.11289420317612617,0.8649694604192788,25,20,20
34,7018,0.022136287403050837,4.900154394558001e-08,0.11288771203100369,0.8649759515644021,25,20,20
34,7019,0.02213628740305085,4.900154401959667e-08,0.1128877186806026,0.8649759449148031,25,20,20
34,7020,0.02213628740305085,4.9001544019573493e-08,0.11288771863722825,0.8649759449581776,25,20,20
34,7021,0.02213628740564604,4.900178861775725e-08,0.11289225687935761,0.8649714067132085,25,20,20
34,7022,0.02213628740564284,4.9001784400697315e-08,0.11326516317920815,0.8645985004133654,25,20,20
34,7023,0.022136287405461908,4.900178013761576e-08,0.11299881815365018,0.8648648454391086,25,20,20
34,7024,0.02213628740528019,4.900177585845588e-08,0.11290659671459646,0.8649570668783482,25,20,20
34,7025,0.02213628740528013,4.9001775932426655e-08,0.11290508869329269,0.864958574899652,25,20,20
34,7026,0.022136287405280147,4.9001775932449426e-08,0.11290511575727394,0.8649585478356707,25,20,20
34,7027,0.03998657243360375,4.900177673887676e-08,0.09505483161175075,0.8649585469528696,25,20,20
34,7028,0.03998657243360375,4.900177681545329e-08,0.0950614357904518,0.8649519427741683,25,20,20
34,7029,0.039986572433604546,4.9001785266304484e-08,0.09532765445167507,0.8646857241129358,25,20,20
34,7030,0.039986572433645874,4.901539321935607e-08,0.09522198142028833,0.8647913971306731,25,20,20
34,7031,0.03998657243369141,4.901539751030552e-08,0.09522847572220025,0.8647849028287111,25,20,20
34,7032,0.03998657243350926,4.901539743501357e-08,0.09522844713821628,0.8647849314128774,25,20,20
34,7033,0.03998657243351244,4.901539743368466e-08,0.09549556730932549,0.864517811241765,25,20,20
34,7034,0.039986572423215454,4.9015401620714947e-08,0.09544613337440046,0.8645672451869829,25,20,20
34,7035,0.03998657242321544,4.9015401544103556e-08,0.09544605167281496,0.8645673268885683,25,20,20
34,7036,0.03998657243359714,4.9015650374382436e-08,0.09507477567149096,0.8649386028792619,25,20,20
34,7037,0.03998657243359713,4.901565030038856e-08,0.0950746835792619,0.8649386949714912,25,20,20
34,7038,0.0399865724335972,4.9015650226463736e-08,0.09507619061474391,0.864937187936009,25,20,20
34,7039,0.039986572433594006,4.901540563280822e-08,0.09507605693146574,0.8649373216195352,25,20,20
34,7040,0.039986572581505536,4.901541421412422e-08,0.09508535157683828,0.8649280268262426,25,20,20
34,7041,0.039986572581505536,4.9015169769692344e-08,0.0950852179543256,0.8649281604489997,25,20,20
34,7042,0.03998657258150548,4.901516984361717e-08,0.09508371095414059,0.8649296674491848,25,20,20
34,7043,0.03998657258150866,4.901517405950232e-08,0.09508829922341637,0.8649250791799014,25,20,20
34,7044,0.039986572581508596,4.9015169767865566e-08,0.09508810197895526,0.8649252764243669,25,20,20
34,7045,0.03998657258139009,4.900609343252545e-08,0.08112250591682996,0.8788908724956872,25,20,20
34,7046,0.03998657258139009,4.900609335855385e-08,0.08112902761373592,0.8788843507987812,25,20,20
34,7047,0.03998657258159129,4.972055253070404e-08,0.08579163430537327,0.8742217433924835,25,20,20
34,7048,0.03998657258159127,4.9720552381458954e-08,0.08578693440499151,0.8742264432928654,25,20,20
34,7049,0.03998657258159054,4.972054393190508e-08,0.08552071668669846,0.8744926610111677,25,20,20
34,7050,0.039976339132609444,4.9726915335457197e-08,0.08553095018901237,0.8744926609514636,25,20,20
34,7051,0.039976339132606266,4.9726911073694686e-08,0.085264731129615,0.8747588800108683,25,20,20
34,7052,0.03997633912222463,4.9726662170160195e-08,0.08526447459608749,0.8747591365550264,25,20,20
34,7053,0.03997633912222144,4.972665787898382e-08,0.08525977042948828,0.8747638407216329,25,20,20
34,7054,0.03997633912226698,4.972665795428636e-08,0.08526639060427568,0.8747572205468,25,20,20
34,7055,0.03997633912226784,4.9726902537850934e-08,0.08527309368565474,0.8747505174651755,25,20,20
34,7056,0.039976339119672605,4.9726898242996534e-08,0.08527326989908895,0.8747503412543409,25,20,20
34,7057,0.039976339119675006,4.972689402731548e-08,0.08526674688758928,0.8747568642658423,25,20,20
34,7058,0.039976339119629715,4.971304365704538e-08,0.0849993784820735,0.8750242326852539,25,20,20
34,7059,0.039976339119626544,4.971304365705419e-08,0.08473217919843211,0.8752914319688986,25,20,20
34,7060,0.03997633911962659,4.971304358177525e-08,0.08473027791881466,0.8752933332485159,25,20,20
34,7061,0.03997633911962575,4.971279899953077e-08,0.08472357687018697,0.875300034297389,25,20,20
34,7062,0.0399763391196257,4.9712799000851025e-08,0.08471895447106177,0.8753046566965142,25,20,20
34,7063,0.03997633911962651,4.971279907587332e-08,0.08484382207903252,0.8751797890885427,25,20,20
34,7064,0.03997633911962644,4.9712799222410294e-08,0.08521535461484195,0.8748082565527331,25,20,20
34,7065,0.03997633911962646,4.971279922111255e-08,0.08522208725511483,0.8748015239124602,25,20,20
34,7066,0.03997633911962644,4.971255462613785e-08,0.08521725234479416,0.8748063588230255,25,20,20
34,7067,0.039976339119626454,4.9712554478325196e-08,0.08484426524631092,0.8751793459215089,25,20,20
34,7068,0.03997634737317695,5.051826601114583e-08,0.08498416353072039,0.8750394385778374,25,20,20
34,7069,0.03997634737317696,5.051826601376325e-08,0.08499076897091941,0.8750328331376384,25,20,20
34,7070,0.03997634737317696,5.05185063063741e-08,0.08499086595113768,0.8750327361571799,25,20,20
34,7071,0.039976347373131466,5.0518510522020456e-08,0.08499073781198813,0.8750328642963706,25,20,20
34,7072,0.03997634737313141,5.0518510445453866e-08,0.0849906219350211,0.8750329801733377,25,20,20
34,7073,0.03997634737313141,5.051851044415572e-08,0.08499059348367531,0.8750330086246834,25,20,20
34,7074,0.039976347373176936,5.0518510520732834e-08,0.08499732754233466,0.8750262745659784,25,20,20
34,7075,0.03997533531678954,2.413303376255068e-09,0.08501146564917363,0.8750131966207332,25,20,20
34,7076,0.0399753353259624,2.413307017497932e-09,0.08966594775801388,0.8703587145027165,25,20,20
34,7077,0.039975335325761245,1.698847995930217e-09,0.08500345604021499,0.8750212069351757,25,20,20
34,7078,0.03997533532576129,1.6988479985248896e-09,0.08500334300467859,0.8750213199707123,25,20,20
34,7079,0.03997533531658842,1.6988442080593047e-09,0.08034424007328127,0.8796804229112862,25,20,20
34,7080,0.03997533531658841,1.6988442067383986e-09,0.08034423804632784,0.8796804249382398,25,20,20
34,7081,0.07932593972310514,2.9215922465353254e-07,0.04099334560383411,0.8796804225138363,25,20,20
34,7082,0.07932593972310513,2.921592246522348e-07,0.040993343595424836,0.8796804245222454,25,20,20
34,7083,0.07932593972310513,2.921592247275266e-07,0.04099337262892866,0.8796803954887416,25,20,20
34,7084,0.07932593972328669,2.9215947283764876e-07,0.041122903954887116,0.8795508641623535,25,20,20
34,7085,0.07932593972328669,2.92159472836351e-07,0.04112282487697223,0.8795509432402685,25,20,20
34,7086,0.07932593972328669,2.921594729116199e-07,0.04112285969818001,0.8795509084190606,25,20,20
34,7087,0.07932593972310514,2.92159224801453e-07,0.04099332697478708,0.879680441142883,25,20,20
34,7088,0.07932593972310513,2.9215922472618467e-07,0.04099797983640003,0.8796757882812701,25,20,20
34,7089,0.04009363295777828,1.7199901486702451e-09,0.08023011872301984,0.8796762465992124,25,20,20
34,7090,0.040093632957781414,1.7202345930856032e-09,0.08023483786667626,0.8796715274553085,25,20,20
34,7091,0.040093632957827,1.720238809287796e-09,0.08023647121318117,0.8796698941087538,25,20,20
34,7092,0.040093632957827,1.7202388105855317e-09,0.08023647263504717,0.8796698926868878,25,20,20
34,7093,0.040093632957781476,1.7199942270252335e-09,0.08022988135291693,0.8796764839693083,25,20,20
34,7094,0.040093632957784606,1.7199942264157592e-09,0.0802234721005736,0.8796828932216485,25,20,20
34,7095,0.0400936329577847,1.71999430302872e-09,0.08021684780142162,0.8796895175208003,25,20,20
34,7096,0.00015201851178760822,1.6157932274473375e-06,0.12015684580565311,0.8796895198893325,25,20,20
34,7097,0.00015030946518560366,1.6157638784911697e-06,0.12015901307396758,0.879689061696969,25,20,20
34,7098,0.00015030946518554858,1.6157638784911697e-06,0.12015912411328004,0.8796889506576566,25,20,20
34,7099,0.0001503094651399739,1.615763874201043e-06,0.12015737807812543,0.8796906966928612,25,20,20
34,7100,0.00015030946513677805,1.6157638742010427e-06,0.12015264271884489,0.8796954320521447,25,20,20
34,7101,0.00015030946518225394,1.6157641188837621e-06,0.12015497666553236,0.8796930981051669,25,20,20
34,7102,0.00015030946518231124,1.6157641188864267e-06,0.12015501852523877,0.8796930562454606,25,20,20
34,7103,0.00015030946518232593,1.6157641189601543e-06,0.12028453873936355,0.8795635360313356,25,20,20
34,7104,0.00015030946517913046,1.6157641146698372e-06,0.12029094625999077,0.879557128510716,25,20,20
34,7105,0.00015030946517911645,1.6157641145958662e-06,0.1202909447975448,0.8795571299731619,25,20,20
34,7106,0.00015030106371793277,1.614958394557009e-06,0.1201483288896933,0.8796997550881946,25,20,20
34,7107,0.00015030106367245566,1.6149581498742436e-06,0.12014596921198606,0.879702114766192,25,20,20
34,7108,0.00015030106367245688,1.6149581541658669e-06,0.12014597578303006,0.8797021081951436,25,20,20
34,7109,0.00015030106367319832,1.6149581542385044e-06,0.12015254235310585,0.8796955416250672,25,20,20
34,7110,0.00017901363549990772,1.6140806305317662e-06,0.12012383066006822,0.8796955416238025,25,20,20
34,7111,0.00017901363568201555,1.6140806306070033e-06,0.1201285638261413,0.8796908084575472,25,20,20
34,7112,0.00017901363568202837,1.614080630608301e-06,0.12012856386088586,0.8796908084228027,25,20,20
34,7113,0.00017901363568197253,1.6140806306056832e-06,0.12012867688760118,0.8796906953960874,25,20,20
34,7114,0.00017901363568197256,1.6140806306796543e-06,0.12012215516796615,0.8796972171157224,25,20,20
34,7115,0.00017901363568117407,1.6140806306056954e-06,0.12011555013324976,0.8797038221504395,25,20,20
34,7116,0.0001790136356811888,1.6140808746657673e-06,0.12020784463998342,0.879611527643462,25,20,20
34,7117,0.0001512999463786743,1.6140808968532062e-06,0.12023533185130153,0.8796117541214241,25,20,20
34,7118,0.00015080275696614605,1.6157850365699585e-06,0.1202358242673383,0.8796117571906601,25,20,20
34,7119,0.00015080275696620116,1.6157850365686384e-06,0.12024041329279812,0.8796071681652002,25,20,20
34,7120,0.00015080275696620186,1.6157850365699236e-06,0.12024693500333417,0.8796006464546642,25,20,20
34,7121,0.00015080275696625694,1.615785036643895e-06,0.12024701608457238,0.8796005653734258,25,20,20
34,7122,0.00015080275696625792,1.6157850365673645e-06,0.12024049379933029,0.879607087658668,25,20,20
34,7123,0.00015080275696306356,1.6157847920476583e-06,0.1202357413481033,0.8796118401101427,25,20,20
34,7124,0.00015080275696311864,1.6157847920476807e-06,0.12023574137312237,0.8796118400851235,25,20,20
34,7125,0.00015080275696310432,1.6157847920463595e-06,0.12023570289995131,0.8796118785582944,25,20,20
34,7126,0.00015080275691837502,1.6157847921203428e-06,0.12022905334802406,0.8796185281102659,25,20,20
34,7127,0.00015080275691756477,1.6157847920439785e-06,0.12009948647720861,0.8797480949810824,25,20,20
34,7128,0.0001508027569167659,1.6157847918934182e-06,0.12009940138479035,0.8797481800735016,25,20,20
34,7129,0.0001508027569167794,1.615784791893394e-06,0.12046591590052792,0.8793816655577639,25,20,20
34,7130,0.00015080275709889178,1.6157848004739505e-06,0.12047252215572833,0.8793750593023729,25,20,20
34,7131,0.00018002190850107097,1.6140806382542664e-06,0.12044353425444036,0.8793748297564206,25,20,20
34,7132,0.00018002190850107197,1.6140806382556098e-06,0.12044349955149845,0.8793748644593624,25,20,20
34,7133,0.00018002190850101616,1.6140806382556098e-06,0.1204389105362932,0.8793794534745679,25,20,20
34,7134,0.0001800219085010012,1.614080394194218e-06,0.12034661402183001,0.8794717499892751,25,20,20
34,7135,0.000180021908501071,1.614080398483867e-06,0.12035325142914147,0.8794651125819594,25,20,20
34,7136,0.00018002190850105698,1.6140803941909466e-06,0.12035324482335293,0.8794651191877522,25,20,20
34,7137,0.0001800219187650712,1.6588677265756063e-06,0.12080820747703816,0.8790101117364704,25,20,20
34,7138,0.000180021918765072,1.6588677265743084e-06,0.1208081754742863,0.8790101437392223,25,20,20
34,7139,0.000180021918765086,1.6588677266495774e-06,0.12080817751234046,0.8790101417011685,25,20,20
34,7140,0.0001800219189472145,1.6588677309398946e-06,0.12080829312492306,0.8790100260883996,25,20,20
34,7141,0.00018002293770914905,1.6595505625140048e-06,0.12632375624612455,0.8734945612656044,25,20,20
34,7142,0.03991062589555659,1.6596387608707594e-06,0.08659315291616428,0.8734945615495185,25,20,20
34,7143,0.039910625895556606,1.6596387651623964e-06,0.08659335016096043,0.8734943643047182,25,20,20
34,7144,0.03991062589555666,1.659638765089723e-06,0.08659343606332709,0.8734942784023515,25,20,20
34,7145,0.0399106258957388,1.6596387651662663e-06,0.08659347625757433,0.8734942382079219,25,20,20
34,7146,0.03991062589573881,1.6596387652415355e-06,0.08659340177217995,0.8734943126933163,25,20,20
34,7147,0.03991062589573882,1.659638765315507e-06,0.08659351567204895,0.8734941987934473,25,20,20
34,7148,0.03991062589574446,1.6596387691737913e-06,0.09125253852877296,0.8688351759367137,25,20,20
34,7149,0.03991062589556234,1.659639013158594e-06,0.09134471236984391,0.868743002095581,25,20,20
34,7150,0.03991062589555669,1.6596390093016298e-06,0.08668569152084946,0.8734020229445849,25,20,20
34,7151,0.03991062588529268,1.6148516768429998e-06,0.08623080958362601,0.8738569496794049,25,20,20
34,7152,0.03991062588529268,1.614851676842999e-06,0.08623072829042146,0.8738570309726092,25,20,20
34,7153,0.039910625885292574,1.6148516767677075e-06,0.08623062065041555,0.8738571386126155,25,20,20
34,7154,0.03991062588529257,1.614851676767685e-06,0.08623062061529535,0.8738571386477356,25,20,20
34,7155,0.03991062588511042,1.6148516724760706e-06,0.08623045093713247,0.873857308326085,25,20,20
34,7156,0.06596138547247588,2.3716345018973374e-06,0.06017526433943462,0.8738609785535877,25,20,20
34,7157,0.06596138547229381,2.37163450182078e-06,0.060170691783629035,0.8738655511095756,25,20,20
34,7158,0.06596138547211171,2.3716344932389268e-06,0.06016412407623086,0.8738721188171644,25,20,20
34,7159,0.06596138547211489,2.371634493314195e-06,0.06016409414675057,0.8738721487466415,25,20,20
34,7160,0.06596138547211805,2.3716344934621615e-06,0.0597910921600204,0.8742451507333685,25,20,20
34,7161,0.0668086045250083,7.575628903407073e-07,0.058938545150673656,0.8742520927614278,25,20,20
34,7162,0.06680860452500831,7.575628903419815e-07,0.058945111617529244,0.8742455262945721,25,20,20
34,7163,0.06680860452500512,7.57562890266713e-07,0.05894505613906619,0.8742455817730385,25,20,20
34,7164,0.06592770423761468,7.575550449900023e-07,0.059832900788876195,0.8742386374184642,25,20,20
34,7165,0.06592770423761468,7.575550449900023e-07,0.05983281832206381,0.8742387198852767,25,20,20
34,7166,0.06592770423761787,7.575550449913223e-07,0.059832867671167876,0.8742386705361694,25,20,20
34,7167,0.06592770438559425,7.575550536304338e-07,0.05992280649909449,0.8741487315602577,25,20,20
34,7168,0.0659453267903792,7.575548989769977e-07,0.059905181699281655,0.8741487339554402,25,20,20
34,7169,0.0659453267903792,7.575548989782946e-07,0.059905183030917956,0.874148732623804,25,20,20
34,7170,0.06594532679037914,7.575548989795464e-07,0.059905021220386205,0.8741488944343356,25,20,20
34,7171,0.06594532679037914,7.575548946878868e-07,0.05990482653436775,0.8741490891203584,25,20,20
34,7172,0.06594532679038231,7.575546506291137e-07,0.05981269383857673,0.8742412218163902,25,20,20
34,7173,0.06594532679038226,7.575546506290911e-07,0.059812613309739186,0.8742413023452279,25,20,20
34,7174,0.06555202564430278,7.578238306675036e-07,0.060205911413458296,0.8742413051184083,25,20,20
34,7175,0.06555202564430357,7.578238349571331e-07,0.06021251472656885,0.8742347018052926,25,20,20
34,7176,0.06555202564430676,7.578238350337221e-07,0.06021259923196606,0.8742346172998922,25,20,20
34,7177,0.06555202564430676,7.578238350337217e-07,0.06021257221276148,0.8742346443190967,25,20,20
34,7178,0.06555202564430836,7.578238350350837e-07,0.06034222200363882,0.8741049945282175,25,20,20
34,7179,0.039618124279191196,4.9422063534247054e-08,0.08625424264193421,0.8741275836568119,25,20,20
34,7180,0.039618124279373314,4.942206782540074e-08,0.08625894649867152,0.8741228797998882,25,20,20
34,7181,0.03961812326061138,4.873923617756311e-08,0.08061407610331131,0.8797677518968421,25,20,20
34,7182,0.023605321698474502,4.8388434678635355e-08,0.0966268801804792,0.8797677497326124,25,20,20
34,7183,0.023605321698475304,4.8388434751328245e-08,0.09662255441872784,0.8797720754943629,25,20,20
34,7184,0.02360532169847212,4.838843475003049e-08,0.09662250707181447,0.8797721228412793,25,20,20
34,7185,0.023605321698472105,4.838843474871039e-08,0.09662239060005935,0.8797722393130344,25,20,20
34,7186,0.023605355114868446,4.8388915133743366e-08,0.09698960625773027,0.8794049902384867,25,20,20
34,7187,0.023605355114867645,4.838891505847898e-08,0.09698732728036001,0.8794072692158578,25,20,20
34,7188,0.023605321698471293,4.8388673378114756e-08,0.0968798247144825,0.8795148051983733,25,20,20
34,7189,0.023605321550494916,4.838866481164528e-08,0.0967944728127259,0.8796001572481148,25,20,20
34,7190,0.02360532155054036,4.840256263885717e-08,0.09692599790559205,0.8794686321413053,25,20,20
34,7191,0.023882019774396145,2.4070401803725144e-10,0.09648862636410016,0.8796293536208001,25,20,20
34,7192,0.023882019774399344,2.407040193122278e-10,0.09648857506956539,0.8796294049153316,25,20,20
34,7193,0.02388201977439929,2.4072512150738636e-10,0.1330220829860935,0.8430958969987833,25,20,20
34,7194,0.023882019774396107,2.4072933736089764e-10,0.133026668210937,0.8430913117739385,25,20,20
34,7195,0.02388201977444164,2.407292620922857e-10,0.13304063482153286,0.8430773451632971,25,20,20
34,7196,0.02388201977444164,2.4072933608369675e-10,0.1330422294587763,0.8430757505260538,25,20,20
34,7197,0.023890861663460012,2.0855788603667474e-07,0.13643835598281406,0.8396705737958408,25,20,20
34,7198,0.023890861663417674,2.0855788603797208e-07,0.13642443258423254,0.8396844971944647,25,20,20
34,7199,0.02389086166341769,2.0855788618718768e-07,0.13643092246108698,0.8396780073176102,25,20,20
34,7200,0.02389086166337229,2.085439884153854e-07,0.14735732002472696,0.8287516097679134,25,20,20
34,7201,0.04043401715955059,2.0853674923705985e-07,0.13081416556892486,0.8287516087347762,25,20,20
34,7202,0.04043401716986175,2.0855059960467602e-07,0.13095196279519553,0.8286138114843439,25,20,20
34,7203,0.040434017159548995,2.0853674923704032e-07,0.13068451522699948,0.8288812590767032,25,20,20
34,7204,0.040434017159548315,2.0853674502139633e-07,0.13068261055541724,0.8288831637482902,25,20,20
34,7205,0.040434017159548336,2.085367450226941e-07,0.13068265051857803,0.8288831237851295,25,20,20
34,7206,0.0404340171597093,2.0853674515311757e-07,0.13534178790828144,0.824223986395265,25,20,20
34,7207,0.040434017159706154,2.085367451518202e-07,0.13534324705504813,0.8242225272485012,25,20,20
34,7208,0.040434017159702976,2.0853674515050228e-07,0.13534170503457535,0.8242240692689772,25,20,20
34,7209,0.04043401715970303,2.0853674950605478e-07,0.1354274003984786,0.8241383739050694,25,20,20
34,7210,0.04043401715969983,2.0853674943208358e-07,0.13542739764871703,0.8241383766548342,25,20,20
34,7211,0.04043401715951771,2.085367451396098e-07,0.13542269437764504,0.8241430799260925,25,20,20
34,7212,0.04043401715951771,2.0853674514088398e-07,0.1354226956842971,0.8241430786194406,25,20,20
34,7213,0.040416420984093655,2.376218112335377e-07,0.13544026516921134,0.8241430762248847,25,20,20
34,7214,0.07920431556982875,2.3775281545597183e-07,0.09683935133038471,0.823956095346972,25,20,20
34,7215,0.07919770739328959,0.0006840175760184848,0.09621879165991279,0.8238994833707808,25,20,20
34,7216,0.07919770739328952,0.0006840175760184829,0.09658530490621159,0.8235329701244818,25,20,20
34,7217,0.07919770739313176,0.0006840175760184265,0.09192621005101892,0.8281920649798323,25,20,20
34,7218,0.07919770739313095,0.0006840175760184273,0.09155320660772247,0.8285650684231295,25,20,20
34,7219,0.07919770739313095,0.0006840175760226435,0.09155328798972723,0.8285649870411206,25,20,20
34,7220,0.07919770739331311,0.0006840175760226422,0.09156348711594361,0.828554787914722,25,20,20
34,7221,0.07919770739331299,0.0006840175760226409,0.09155892755953493,0.8285593474711308,25,20,20
34,7222,0.0791977073933161,0.0006840175762650567,0.09193042706718543,0.8281878479632347,25,20,20
34,7223,0.07919770874515711,0.0006844310170641129,0.1251525524019506,0.7949653078358294,25,20,20
34,7224,0.07919770874515712,0.0006844310170641129,0.125152713625993,0.7949651466117867,25,20,20
34,7225,0.07919770874497496,0.0006844310170641129,0.12514259495885954,0.7949752652791023,25,20,20
34,7226,0.07867851159552677,0.000684431041658588,0.12566179196493416,0.7949752653978814,25,20,20
34,7227,0.07867883765038743,0.0006844024769266031,0.1256613506749659,0.7949754091977206,25,20,20
34,7228,0.07867883765038736,0.0006844024769222463,0.12556916474566313,0.7950675951270277,25,20,20
34,7229,0.07867883765038736,0.0006844024769221724,0.12556913771970654,0.7950676221529845,25,20,20
34,7230,0.079467468193211,0.0006844021267186475,0.12478050755690166,0.7950676221231694,25,20,20
34,7231,0.07946746819320787,0.0006844021267185734,0.12478512653648798,0.7950630031435866,25,20,20
34,7232,0.1084590779064321,0.0006846155467369061,0.0957934293508939,0.795062877195938,25,20,20
34,7233,0.10845907790643211,0.0006846155467369073,0.0957936573720671,0.7950626491747645,25,20,20
34,7234,0.10845907790643207,0.0006846155464939118,0.09552730544082096,0.7953290011062538,25,20,20
34,7235,0.10845907790642886,0.0006846155464939117,0.09553382704273161,0.7953224795043462,25,20,20
34,7236,0.10845908633618306,0.0006846155743707033,0.09554865398845522,0.7953076441009916,25,20,20
34,7237,0.10850112985063755,0.0006846155496702599,0.09550661061746166,0.7953076439822311,25,20,20
34,7238,0.10850112985063759,0.0006846155496702626,0.09550653157064654,0.7953077230290462,25,20,20
34,7239,0.10850112985063758,0.0006846155496701875,0.09550004369202218,0.7953142109076705,25,20,20
34,7240,0.10800505673696176,0.0006846155498863583,0.09599611680446048,0.795314210908692,25,20,20
34,7241,0.14798195850069612,0.0006842021089566715,0.06242396434104373,0.788909875049303,25,20,20
34,7242,0.14798195850069618,0.0006842021091990142,0.06279708480068244,0.788536754589422,25,20,20
34,7243,0.14798195850069618,0.0006842021091990128,0.06279708282757018,0.7885367565625342,25,20,20
34,7244,0.14798195850069615,0.0006842021091990102,0.06279260991417639,0.7885412294759281,25,20,20
34,7245,0.14798195850069612,0.0006842021091989361,0.06279260743781526,0.7885412319522892,25,20,20
34,7246,0.14798195850069612,0.0006842021091989361,0.06279249132742859,0.788541348062676,25,20,20
34,7247,0.1479819585006993,0.0006842021092033,0.06279469066595703,0.7885391487241401,25,20,20
34,7248,0.1479819585006993,0.0006842021092033,0.06279480653708135,0.7885390328530157,25,20,20
34,7249,0.14798195850070012,0.0006842021092033754,0.06279492314035365,0.7885389162497425,25,20,20
34,7250,0.14798195007094597,0.0006842020813223674,0.06278460140707753,0.7885492464406538,25,20,20
34,7251,0.14798195007094597,0.0006842020813222935,0.06278463481297962,0.7885492130347517,25,20,20
34,7252,0.14798195007099152,0.0006842020813266604,0.06278477752506115,0.7885490703226202,25,20,20
34,7253,0.14798195007099155,0.0006842020813266591,0.06278480397751228,0.788549043870169,25,20,20
34,7254,0.14798195007099155,0.0006842020813266591,0.06278469218216898,0.7885491556655123,25,20,20
34,7255,0.14798195007099155,0.0006842020813266604,0.0627845777085686,0.7885492701391128,25,20,20
34,7256,0.1479819500711737,0.0006842020813266604,0.06278277123503692,0.7885510766124623,25,20,20
34,7257,0.15878043127558003,0.0006839884121796379,0.05198314506010744,0.7885524352521324,25,20,20
34,7258,0.1587782833037946,0.00037413034080334,0.052295141473989296,0.7885524448814121,25,20,20
34,7259,0.15877828330379454,0.0003741303408033414,0.05229511503181338,0.7885524713235881,25,20,20
34,7260,0.15877828331404914,0.0003741303407990505,0.05261062333690592,0.7882369630082452,25,20,20
34,7261,0.15877828331409388,0.0003741303407991245,0.05261271550833198,0.7882348708367743,25,20,20
34,7262,0.15847196919771978,0.0003741303410193314,0.052919027934284574,0.7882348725269757,25,20,20
34,7263,0.15847196919771972,0.00037413034101933145,0.052914441340009166,0.7882394591212512,25,20,20
34,7264,0.15847196919771966,0.00037413034101933015,0.05291444059423291,0.7882394598670275,25,20,20
34,7265,0.15847196919771966,0.00037413034101933015,0.052914466946945994,0.7882394335143146,25,20,20
34,7266,0.15847196919771966,0.0003741303410192562,0.05291435178578904,0.7882395486754714,25,20,20
34,7267,0.15847196919771966,0.00037413034101918226,0.05291651407281676,0.7882373863884439,25,20,20
34,7268,0.14007301790273152,0.0003741374564939642,0.07131632409092195,0.7882365205498522,25,20,20
34,7269,0.14007301790532664,0.0003741374567385492,0.07132277414421426,0.7882300704937201,25,20,20
34,7270,0.14007301790532664,0.00037413745673855054,0.07132277611732656,0.7882300685206078,25,20,20
34,7271,0.1400730179053266,0.0003741374567341842,0.07131807616087583,0.788234768477063,25,20,20
34,7272,0.14007301790532664,0.0003741374569787694,0.07132470710390809,0.7882281375337861,25,20,20
34,7273,0.14007301790514454,0.0003741374569787694,0.07132002323883121,0.788232821399045,25,20,20
34,7274,0.1400729783851793,2.600478304840136e-07,0.07169394979634477,0.788232811770645,25,20,20
34,7275,0.14007297838518246,2.60047830429924e-07,0.060640825424486094,0.7992859361425007,25,20,20
34,7276,0.14007297838522798,2.600478305051928e-07,0.060640914363383806,0.7992858472035574,25,20,20
34,7277,0.140072978385228,2.6004783050519366e-07,0.060640802400773,0.7992859591661683,25,20,20
34,7278,0.1586756213089803,2.5266273937362943e-07,0.04203867755792839,0.7992854484703517,25,20,20
34,7279,0.15867562130898347,2.526624947909711e-07,0.04203220785026728,0.7992919181782543,25,20,20
34,7280,0.15867562130898347,2.526624947922663e-07,0.04203374830703324,0.7992903777214884,25,20,20
34,7281,0.1586756213089834,2.526622524496046e-07,0.04166723285177721,0.7996568931769866,25,20,20
34,7282,0.15867562130898338,2.526622523743383e-07,0.04166561131377303,0.7996585147149909,25,20,20
34,7283,0.15867562130893784,2.5266225222506063e-07,0.041663369144859005,0.7996607568839508,25,20,20
34,7284,0.15867562130634272,2.5266200764002616e-07,0.04165668713263734,0.7996674388990122,25,20,20
34,7285,0.15867562130634272,2.526620076387058e-07,0.041654409569092464,0.799669716462557,25,20,20
34,7286,0.15867562130634272,2.5266200764002584e-07,0.04165441292954077,0.7996697131021088,25,20,20
34,7287,0.15867562130634277,2.5266201193018906e-07,0.04165603568710672,0.7996680903445386,25,20,20
34,7288,0.15867562130634597,2.526622543474296e-07,0.04202915757450515,0.7992949684568944,25,20,20
34,7289,0.15867562130634277,2.526620120054681e-07,0.041662639865964655,0.7996614861656807,25,20,20
34,7290,0.15867562130634277,2.5266201207945315e-07,0.0416607346867273,0.7996633913449179,25,20,20
34,7291,0.15867562130634283,2.5266201207945315e-07,0.04166081519122281,0.7996633108404222,25,20,20
34,7292,0.15867562130634286,2.5266201207813305e-07,0.04166078119849084,0.7996633448331543,25,20,20
34,7293,0.15867562130634286,2.5266201207947555e-07,0.041660619423400186,0.7996635066082447,25,20,20
34,7294,0.15867562130633966,2.5266201207817794e-07,0.04165582114885113,0.7996683048827969,25,20,20
34,7295,0.15867557509279362,0.00038059875528625997,0.041275521272501475,0.7996683048794185,25,20,20
34,7296,0.15867557509279362,0.0003805987552862587,0.04127552188268649,0.7996683042692334,25,20,20
34,7297,0.15867557509279362,0.0003805987552862587,0.04127560238868806,0.799668223763232,25,20,20
34,7298,0.15867557509279362,0.0003805987552862575,0.04127568145639447,0.7996681446955256,25,20,20
34,7299,0.15867557509279362,0.00038059875529054967,0.04128220565491555,0.7996616204970002,25,20,20
34,7300,0.1571060770211586,0.00038059910453427,0.04285170337797818,0.7996616204963286,25,20,20
34,7301,0.15710607702115545,0.00038059910477885087,0.04285824460120192,0.7996550792728635,25,20,20
34,7302,0.15710607703028284,0.00038059910499489783,0.04751715533411047,0.7949961685306115,25,20,20
34,7303,0.15710607703028276,0.0003805991049948992,0.0475171539302824,0.7949961699344399,25,20,20
34,7304,0.15710607703028276,0.00038059910499489794,0.04751718094408179,0.7949961429206405,25,20,20
34,7305,0.15710607703028276,0.00038059910499489794,0.04751718094408183,0.7949961429206402,25,20,20
34,7306,0.15710607703027965,0.0003805991049905326,0.047514902639574114,0.7949984212251556,25,20,20
34,7307,0.15710607703027965,0.0003805991049905326,0.047514902604956874,0.7949984212597728,25,20,20
34,7308,0.15710634075530105,3.556852347508228e-10,0.047893548901299335,0.795000109987714,25,20,20
34,7309,0.15710634075530192,3.5592980681709463e-10,0.04790212840399131,0.7949915304847767,25,20,20
34,7310,0.15710634075530192,3.5592980681653013e-10,0.04790682755139257,0.7949868313373752,25,20,20
34,7311,0.15710634074500174,3.559298060554973e-10,0.04759114314117933,0.7953025157578888,25,20,20
34,7312,0.15104849354415964,5.058801237444477e-10,0.05364899017308338,0.7953025157768765,25,20,20
34,7313,0.15104849354415964,5.058801237494149e-10,0.05364656811610148,0.7953049378338584,25,20,20
34,7314,0.15104849354416017,5.159689116890744e-10,0.06470501343496143,0.7842464925049093,25,20,20
34,7315,0.1571077220220248,3.6448138510435e-10,0.058645785119969186,0.7842464924935243,25,20,20
34,7316,0.1571077220220248,3.644813851273053e-10,0.05865239013449403,0.7842398874789995,25,20,20
34,7317,0.157107722022028,3.6448131117929063e-10,0.05865241672843937,0.784239860885051,25,20,20
34,7318,0.15710772202221016,3.644856038571672e-10,0.05865467975275021,0.7842375978605538,25,20,20
34,7319,0.15710772202221016,3.644856025141081e-10,0.05864807331618188,0.7842442042971222,25,20,20
34,7320,0.15710772202221018,3.644898194731618e-10,0.058652400033600165,0.7842398775796997,25,20,20
34,7321,0.15710772202221013,3.642452359778192e-10,0.05864569569278557,0.7842465819207588,25,20,20
34,7322,0.15710772202221016,3.642451620193165e-10,0.05863920740015148,0.784253070213393,25,20,20
34,7323,0.15710772202220935,3.6400488090192926e-10,0.058637232417912466,0.7842550451958731,25,20,20
34,7324,0.142232471698458,2.2850611791247743e-10,0.07351242579117932,0.7842551022818565,25,20,20
34,7325,0.1422324716984581,2.2875072674641067e-10,0.07351470566274301,0.7842528224100481,25,20,20
34,7326,0.14223247169850356,2.2875930771065484e-10,0.07351932964346905,0.784248198429268,25,20,20
34,7327,0.14223247169850362,2.287551650226251e-10,0.07377908440899378,0.7839884436637473,25,20,20
34,7328,0.14223247169868572,2.2876374685295605e-10,0.07378569196057906,0.7839818361119714,25,20,20
34,7329,0.14223247169868572,2.2875945594947608e-10,0.07377916846501006,0.7839883596075446,25,20,20
34,7330,0.13244921963899578,6.248497436615839e-06,0.08352640058739677,0.7840181312761709,25,20,20
34,7331,0.13244921963899572,6.248497192007028e-06,0.08352874146210677,0.7840157904017054,25,20,20
34,7332,0.09373214170186177,6.249499659134078e-06,0.12224581771566649,0.7840157910828122,25,20,20
34,7333,0.0937321417016797,6.249499659094289e-06,0.12261654909571432,0.7836450597029464,25,20,20
34,7334,0.09373214170167973,6.249499659168261e-06,0.1226166359661036,0.783644972832557,25,20,20
34,7335,0.09373214170163498,6.249499654837582e-06,0.12298503364998017,0.7832765751487295,25,20,20
34,7336,0.09373214170163494,6.249499650584669e-06,0.12261192975270839,0.7836496790460058,25,20,20
34,7337,0.09373214170181692,6.249499654801318e-06,0.12235217559512593,0.783909433203402,25,20,20
34,7338,0.09373214170181615,6.249499653655883e-06,0.13303698704954361,0.7732246217489862,25,20,20
34,7339,0.0937321417018162,6.249499653657184e-06,0.13303926470929284,0.773222344089237,25,20,20
34,7340,0.09816452259852794,6.2492990928892805e-06,0.1286069399171818,0.773222288185197,25,20,20
34,7341,0.09816452259852794,6.249299092887985e-06,0.12860223951740563,0.7732269885849732,25,20,20
34,7342,0.0981645225985279,6.249299335229339e-06,0.1289753595124903,0.772853868589646,25,20,20
34,7343,0.0981645225893582,6.249299123322964e-06,0.12432092089755795,0.7775083072139598,25,20,20
34,7344,0.0981645225893582,6.249299123324263e-06,0.12432092356168073,0.7775083045498373,25,20,20
34,7345,0.09816452258917611,6.249299119080237e-06,0.12458064857674113,0.7772485795349634,25,20,20
34,7346,0.09816452258917616,6.249299119228476e-06,0.12484227990186657,0.7769869482098376,25,20,20
34,7347,0.09816452258917618,6.249299119228476e-06,0.12484227990187287,0.7769869482098314,25,20,20
34,7348,0.09816452258917935,6.249312932393079e-06,0.12521645980004206,0.776612768297846,25,20,20
34,7349,0.09816425893987034,6.604758799303066e-06,0.12521636204044045,0.7766127742608903,25,20,20
34,7350,0.09816425893987038,6.604758799378346e-06,0.1252228857439614,0.7766062505573692,25,20,20
34,7351,0.09816425894246518,6.604772738682358e-06,0.12523520529125406,0.7765939309935422,25,20,20
34,7352,0.10812828065029514,6.624739296013809e-06,0.11527098386357311,0.7765941107468359,25,20,20
34,7353,0.10812828065011383,6.624739291724216e-06,0.1152644933365421,0.7766006012740525,25,20,20
34,7354,0.1100353240164888,6.604761191252929e-06,0.11335762631945683,0.7766004449028634,25,20,20
34,7355,0.1100353240164888,6.604761191328199e-06,0.113357633034895,0.7766004381874247,25,20,20
34,7356,0.11003532401908074,6.60474738252981e-06,0.11299018809353897,0.7769678831399978,25,20,20
34,7357,0.11003532401908074,6.6047473824571375e-06,0.11299015395010521,0.7769679172834316,25,20,20
34,7358,0.11003532401912608,6.6047473793536e-06,0.10206919136373965,0.7878888798697549,25,20,20
34,7359,0.11003532401912608,6.604747379353612e-06,0.10206266967386124,0.7878954015596332,25,20,20
34,7360,0.11003532401912608,6.604747379353611e-06,0.10206266900736345,0.7878954022261311,25,20,20
34,7361,0.11003532401653177,6.604761225357667e-06,0.10232338207304167,0.7876346891492011,25,20,20
34,7362,0.11003532401653249,6.604761225357132e-06,0.10232836514717596,0.7876297060750659,25,20,20
34,7363,0.11003532401652932,6.604761225356906e-06,0.10233026749278955,0.7876278037294557,25,20,20
34,7364,0.11003532401652877,6.604751136642869e-06,0.09127190243794685,0.7986861687943878,25,20,20
34,7365,0.11003537324647256,0.01227133080727471,0.07899082354391809,0.7987024724023339,25,20,20
34,7366,0.09861283139595427,0.012271344856176966,0.0904095357249801,0.7987062880228885,25,20,20
34,7367,0.09861283139595513,0.01227134485618126,0.09040467345477862,0.7987111502930848,25,20,20
34,7368,0.09861283139613683,0.012271345649061367,0.09050046706411669,0.798615355890685,25,20,20
34,7369,0.09861283139614246,0.012271345649065147,0.09515940683184955,0.7939564161229427,25,20,20
34,7370,0.09861283139614167,0.012271345649065145,0.0951594061549506,0.7939564167998425,25,20,20
34,7371,0.0976364176725935,0.012271345667098352,0.09613581975583659,0.7939564169044719,25,20,20
34,7372,0.09763641767241178,0.012271344874218174,0.09604005752770257,0.7940521799256679,25,20,20
34,7373,0.09763641767240613,0.012271344874214316,0.09138111572191557,0.7987111217314644,25,20,20
34,7374,0.0976379217885592,0.012271372831490641,0.09137958370202114,0.7987111216779293,25,20,20
34,7375,0.09763792178855601,0.012271372831490563,0.0913794679145523,0.7987112374654014,25,20,20
34,7376,0.0976379217885584,0.012271372831490567,0.09137756554840112,0.7987131398315502,25,20,20
34,7377,0.10765471396655642,0.012271359465131576,0.08136460070244372,0.7987093258658677,25,20,20
34,7378,0.1076547139769354,0.012271359479070954,0.08137692026849776,0.7986970062754954,25,20,20
34,7379,0.1076547139795136,0.012271359492921248,0.08137803668579677,0.7986958898417679,25,20,20
34,7380,0.1076547139795136,0.012271359492921319,0.08137803798558067,0.7986958885419839,25,20,20
34,7381,0.10765471397951357,0.012271359492925566,0.0817510254089146,0.7983229011186456,25,20,20
34,7382,0.10765471397951677,0.012271359492929785,0.08175113962482845,0.7983227869027243,25,20,20
34,7383,0.10765471397951681,0.01227135949292971,0.08175110622945489,0.7983228202980979,25,20,20
34,7384,0.10765471397951362,0.01227135949292542,0.08174651649773702,0.7983274100298233,25,20,20
34,7385,0.10765471397951361,0.012271359492921081,0.08148026427083263,0.7985936622567321,25,20,20
34,7386,0.10765471397693537,0.012271359479070638,0.08121281471688428,0.7988611118271092,25,20,20
34,7387,0.10765471397693542,0.01227135947907493,0.0812175188545799,0.7988564076894091,25,20,20
34,7388,0.10765471397693542,0.012271359478832664,0.0808444794762197,0.7992294470680118,25,20,20
34,7389,0.1076547139743438,0.012271359464893437,0.08083443769039161,0.7992394888703706,25,20,20
34,7390,0.10765471397434621,0.012271359451287123,0.08065975067604264,0.7994141758983235,25,20,20
34,7391,0.10765471397434621,0.012271359451287121,0.0806597187079776,0.7994142078663886,25,20,20
34,7392,0.10779653242469477,0.01226533426840483,0.0772162109099977,0.8027219223969024,25,20,20
34,7393,0.10877503211456827,0.012265305290720414,0.076237742619478,0.8027219199752329,25,20,20
34,7394,0.10877503210419005,0.012265305276785328,0.07622561830209651,0.8027340443169279,25,20,20
34,7395,0.10877503210419005,0.012265305276785328,0.07622556482537002,0.8027340977936542,25,20,20
34,7396,0.10877503210419266,0.012265305793985198,0.09019581579828087,0.7887638463035412,25,20,20
34,7397,0.1087750326904376,0.012265305807554375,0.09047724106307767,0.7884824204389304,25,20,20
34,7398,0.10483143060273306,0.012265566257299689,0.0944205855028299,0.7884824176371374,25,20,20
34,7399,0.10483143060273306,0.012265566257299838,0.09442212802202615,0.788480875117941,25,20,20
34,7400,0.10483143060273306,0.012265566257299838,0.09442209463808564,0.7884809085018816,25,20,20
34,7401,0.10483143001648544,0.012265566243489396,0.10801778009644351,0.7748852236435816,25,20,20
34,7402,0.10483143001648544,0.012265566243489396,0.10801778209609916,0.774885221643926,25,20,20
34,7403,0.10483143001648543,0.012265566243485147,0.1076447926357328,0.7752582111042966,25,20,20
34,7404,0.10483143001666756,0.012265566243489439,0.10764716456748763,0.7752558391723554,25,20,20
34,7405,0.10483143001666761,0.01226556624348929,0.10764558096050189,0.7752574227793412,25,20,20
34,7406,0.10483143001666755,0.012265566243484998,0.10763897505262268,0.7752640286872249,25,20,20
34,7407,0.10483143001666752,0.012265566243484998,0.1076389737055929,0.7752640300342546,25,20,20
34,7408,0.10483143001666492,0.012265565726285127,0.09366887226361133,0.7892341319934387,25,20,20
34,7409,0.10886313315230037,0.012265305363901833,0.089637451274732,0.7892341102090659,25,20,20
34,7410,0.10886313315225499,0.012265305363901904,0.08950520007319952,0.7893663614106435,25,20,20
34,7411,0.10789808590993419,0.012265305812291167,0.09008749824584512,0.7897491100319293,25,20,20
34,7412,0.10789808590993105,0.01226530581229124,0.09009200438544154,0.789744603892336,25,20,20
34,7413,0.10789808591011321,0.01226530581229139,0.09009362906001807,0.789742979217577,25,20,20
34,7414,0.10789928063697295,0.012265697779850662,0.0903717618581131,0.7894632597250628,25,20,20
34,7415,0.10789928063697296,0.012265697779850737,0.09037172076673704,0.7894633008164388,25,20,20
34,7416,0.10789928063697211,0.012265697779842153,0.09036997655356618,0.7894650450296191,25,20,20
34,7417,0.08260666786069519,0.012265475412730008,0.08727861961099777,0.8178492371155766,25,20,20
34,7418,0.08260666786069837,0.012265475412729931,0.08727408159659396,0.8178537751299773,25,20,20
34,7419,0.0826066678606984,0.012265475412729931,0.08727408361305931,0.8178537731135118,25,20,20
34,7420,0.08260666786069919,0.012265475412734211,0.0874035274160432,0.817724329310523,25,20,20
34,7421,0.08260666786087911,0.012265475412739922,0.07380676474781198,0.8313210919785686,25,20,20
34,7422,0.08260666786087911,0.012265475412739922,0.07381332955279507,0.8313145271735856,25,20,20
34,7423,0.08260666786087906,0.012265475412735632,0.07380873988466383,0.8313191168417212,25,20,20
34,7424,0.08260666786092383,0.012265475426672588,0.07368621365061398,0.8314416430617894,25,20,20
34,7425,0.08260666786092384,0.012265475426914854,0.07405273135342143,0.8310751253587396,25,20,20
34,7426,0.08260666786450838,0.012265475427088224,0.08501773427061958,0.8201101224377834,25,20,20
34,7427,0.08260666786450838,0.012265475427088224,0.08501773368493357,0.8201101230234693,25,20,20
34,7428,0.08260666786074172,0.012265475426910564,0.07405036026678118,0.8310774964455662,25,20,20
34,7429,0.08260666786056213,0.012265475426906354,0.07368199778534223,0.8314458589271889,25,20,20
34,7430,0.08260666786075874,0.012265475426906673,0.11070301332416518,0.7944248433881697,25,20,20
34,7431,0.08260666786075553,0.0122654754269066,0.11070081464061542,0.7944270420717227,25,20,20
34,7432,0.07754519777384186,0.012265474708383113,0.11207447486434693,0.7981148526534284,25,20,20
34,7433,0.07754519777384179,0.012265474708383113,0.11207443698968353,0.7981148905280917,25,20,20
34,7434,0.07754519793104411,0.012265474708382875,0.11505318518079369,0.7951361421797795,25,20,20
34,7435,0.07755977660614988,0.01226549965961187,0.11503847065674642,0.7951362530774919,25,20,20
34,7436,0.07726684243456135,0.012265499752112828,0.11525330510868845,0.7952143527046376,25,20,20
34,7437,0.07726684243456489,0.012265499752332749,0.11991233061707857,0.790555327196024,25,20,20
34,7438,0.07726684243456437,0.01226549975233643,0.12616175649415037,0.7843059013189491,25,20,20
34,7439,0.07726684243456364,0.012265499752575973,0.12629108296150746,0.7841765748513531,25,20,20
34,7440,0.07726684243456364,0.012265499752575973,0.12629108433881467,0.7841765734740459,25,20,20
34,7441,0.07726684243456332,0.012265499752364633,0.12163858998821295,0.7888290678248592,25,20,20
34,7442,0.07726684243456326,0.012265499752120799,0.12150914873126624,0.7889585090820498,25,20,20
34,7443,0.07726684243456142,0.012265499752121467,0.11538908747209155,0.7950785703412256,25,20,20
34,7444,0.07726684243456136,0.012265499752121439,0.11565071733063079,0.7948169404826864,25,20,20
34,7445,0.07726684243474229,0.012265499752364357,0.11591698822715583,0.7945506695857374,25,20,20
34,7446,0.07726684243473914,0.012265499752355778,0.11591504611925953,0.7945526116936453,25,20,20
34,7447,0.07726684243473908,0.012265499752351501,0.11579212472514262,0.7946755330877666,25,20,20
34,7448,0.10069399056626491,0.012265107339833874,0.09246839711987892,0.7945725049740218,25,20,20
34,7449,0.10069399056626491,0.012265107339833872,0.0924683160342345,0.7945725860596662,25,20,20
34,7450,0.1006939905662681,0.012265107339838153,0.09256061281407595,0.7944802892798173,25,20,20
34,7451,0.10069394125342962,0.03876128290903475,0.06608248485427738,0.794462290983258,25,20,20
34,7452,0.10250272275667294,0.03876128222637971,0.0642737056890666,0.7944622893278802,25,20,20
34,7453,0.10250272275667294,0.03876128222637971,0.0642737042649986,0.7944622907519482,25,20,20
34,7454,0.09895980073852417,0.03876128220728077,0.06789472593674264,0.794384191117452,25,20,20
34,7455,0.09895980073834325,0.038761282207037846,0.06762848824239133,0.7946504288122271,25,20,20
34,7456,0.09895980073816198,0.038761282207042065,0.06762845124251139,0.7946504658122844,25,20,20
34,7457,0.09895980073816198,0.038761282207042065,0.06762844923614374,0.794650467818652,25,20,20
34,7458,0.09895980073816275,0.03876128222061288,0.06762950808879056,0.7946494089524336,25,20,20
34,7459,0.09895980073816191,0.038761282220608595,0.06762476208277189,0.7946541549584575,25,20,20
34,7460,0.09895980073816188,0.038761282220604334,0.06736313064812104,0.7949157863931126,25,20,20
34,7461,0.09895980073815874,0.03876128222060013,0.06727094975556085,0.79500796728568,25,20,20
34,7462,0.0989598007381595,0.03876128222060013,0.0672664768675273,0.7950124401737129,25,20,20
34,7463,0.09895980074854104,0.03876128222084903,0.06726892477902512,0.7950099922515846,25,20,20
34,7464,0.09895980074856946,0.03876128222084895,0.08228770443467569,0.7799912125959062,25,20,20
34,7465,0.09895980074856867,0.03876128222084895,0.08228747583539396,0.7799914411951887,25,20,20
34,7466,0.09895980074856862,0.03876128222084895,0.08228744880762495,0.779991468222958,25,20,20
34,7467,0.0989598007485231,0.03876128220690772,0.08228045219187577,0.7799984648526938,25,20,20
34,7468,0.09895980086874427,0.03876128221918379,0.08696710687246427,0.7753118100396081,25,20,20
34,7469,0.09895980146042876,0.03876128221918387,0.08697383536021873,0.775305080960169,25,20,20
34,7470,0.09895980146043197,0.03876128221918823,0.08698035941705456,0.7752985569033257,25,20,20
34,7471,0.09977393118212925,0.038761257267959245,0.08616636957572757,0.7752984419741844,25,20,20
34,7472,0.09977393118213242,0.03876125726795932,0.08616637100335084,0.7752984405465579,25,20,20
34,7473,0.09977393118213156,0.03876125726795496,0.08616470217056948,0.7753001093793445,25,20,20
34,7474,0.09977393118213077,0.03876125726795488,0.08615821157483357,0.7753065999750812,25,20,20
34,7475,0.09977393118213086,0.03876125726795488,0.08616294685335882,0.7753018646965559,25,20,20
34,7476,0.061959280512326534,0.038761257268105934,0.12397759364155993,0.7753018685780081,25,20,20
34,7477,0.06195928051232657,0.03876125726810578,0.12424382448295565,0.7750356377366125,25,20,20
34,7478,0.061959280512372095,0.03876125726811015,0.12424402175390746,0.7750354404656108,25,20,20
34,7479,0.0619592805124177,0.03876125726811444,0.1242462785011932,0.775033183718275,25,20,20
34,7480,0.061959280512598136,0.038761257268356865,0.1246194010841514,0.7746600611348939,25,20,20
34,7481,0.061959280512569756,0.03876125726835694,0.10959600267412162,0.7896834595449522,25,20,20
34,7482,0.061959280512569756,0.03876125726835702,0.10959608515447229,0.7896833770646015,25,20,20
34,7483,0.060360379995664265,0.038761307056538255,0.11119470641236781,0.7896836065354301,25,20,20
34,7484,0.060360379995664265,0.03876130705653818,0.11119473979304383,0.7896835731547541,25,20,20
34,7485,0.060360407191089316,0.038761307697319426,0.11894548815849677,0.781932796953095,25,20,20
34,7486,0.024287325987499907,0.03876135635834335,0.15501851862231822,0.7819327990318395,25,20,20
34,7487,0.02428732598749993,0.03876135635834335,0.15502091833699683,0.7819303993171606,25,20,20
34,7488,0.02428732598749988,0.03876135635834335,0.15502102938656367,0.7819302882675936,25,20,20
34,7489,0.02428732598745429,0.038761356358339064,0.15501877263927785,0.7819325450149291,25,20,20
34,7490,0.024287325997803446,0.038761356358582966,0.1551490559594313,0.7818022616841825,25,20,20
34,7491,0.024287325997803387,0.03876135635858289,0.155149087350303,0.7818022302933109,25,20,20
34,7492,0.024287325997803394,0.03876135635858289,0.15514911521244634,0.7818022024311675,25,20,20
34,7493,0.024287325987454235,0.038761356358339064,0.15502543607099392,0.781925881583213,25,20,20
34,7494,0.024287325987274636,0.038761357146327294,0.15498218840768607,0.7819691284587122,25,20,20
34,7495,0.024287325997654666,0.03876135714632736,0.15499034426760777,0.7819609725884105,25,20,20
34,7496,0.024287325997654666,0.03876135714632744,0.15499031285189444,0.7819610040041236,25,20,20
34,7497,0.02428732599765785,0.038761357146331735,0.1549882298784315,0.7819630869775791,25,20,20
34,7498,0.02428732599765542,0.038761357146336016,0.15485141128869506,0.7820999055673136,25,20,20
34,7499,0.02428732599765547,0.038761357146340304,0.15485158008532676,0.7820997367706775,25,20,20
34,7500,0.02428732599770058,0.038761357146344474,0.1552246166627097,0.7817267001932453,25,20,20
34,7501,0.024287325997700594,0.03876135714634869,0.1552181548211224,0.7817331620348285,25,20,20
34,7502,0.024287325997703682,0.03876135714634877,0.15521504254037535,0.7817362743155722,25,20,20
34,7503,0.024287325997701285,0.03876135714658906,0.15522155032717086,0.7817297665285389,25,20,20
34,7504,0.024287325997701285,0.03876135714658906,0.15522143446614423,0.7817298823895655,25,20,20
34,7505,0.024287325997701285,0.03876135714658906,0.1552214344314574,0.7817298824242523,25,20,20
34,7506,0.02428732599770131,0.038761357146589064,0.1552191164991392,0.7817322003565705,25,20,20
34,7507,0.024287325987324457,0.03876135714683198,0.15547719868109233,0.7814741181847513,25,20,20
34,7508,0.024287325997704577,0.0387613571470723,0.15535250523655772,0.7815988116186655,25,20,20
34,7509,0.024287325997704636,0.03876135714707663,0.15561883650579986,0.7813324803494188,25,20,20
34,7510,0.024287325997840822,0.03876135714731633,0.1557113996509145,0.7812399172039283,25,20,20
34,7511,0.024287325997704633,0.03876135714707656,0.155623082579268,0.7813282342759507,25,20,20
34,7512,0.024273036438218702,0.03876133070410103,0.15563121375048397,0.7813344191071958,25,20,20
34,7513,0.025845832404119543,0.038761308324041684,0.1540646194425113,0.7813282398293271,25,20,20
34,7514,0.0258458324041646,0.03876130833785091,0.15443757239549336,0.7809552868624908,25,20,20
34,7515,0.052004928357623985,0.03876130833749749,0.12827848171372577,0.7809552815911526,25,20,20
34,7516,0.05200492835762398,0.038761308337493194,0.12827834080741263,0.78095542249747,25,20,20
34,7517,0.05200492776594018,0.038761308337703144,0.1345211959287138,0.7747125679676425,25,20,20
34,7518,0.052004927765940116,0.038761308337698884,0.1342549457156908,0.77497881818067,25,20,20
34,7519,0.05200492776593693,0.03876130833769452,0.1342484536704269,0.7749853102259414,25,20,20
34,7520,0.05200492776589141,0.0387613083376903,0.1342441248729083,0.7749896390235098,25,20,20
34,7521,0.06373773119977844,0.038761308356197274,0.12251132375050235,0.7749896366935218,25,20,20
34,7522,0.06373773115850498,0.03878352633415965,0.15176203670671534,0.7457167058006198,25,20,20
34,7523,0.06373773125275783,0.038783526334315595,0.1662789964135994,0.7311997459993268,25,20,20
34,7524,0.06373773125275703,0.038783526334071006,0.1662722919429064,0.7312064504702653,25,20,20
34,7525,0.06373773125275632,0.03878352633386098,0.16002278738733342,0.7374559550260491,25,20,20
34,7526,0.06373773125271122,0.0387835263338568,0.159649784702025,0.7378289577114069,25,20,20
34,7527,0.06373773125271097,0.0400218590433921,0.15841145199787662,0.7378289577060202,25,20,20
34,7528,0.06373773125270785,0.040021859043149186,0.158149801348478,0.7380906083556649,25,20,20
34,7529,0.0637377040572828,0.04002185840236794,0.15039893654641082,0.7458415009939384,25,20,20
34,7530,0.06415673058098342,0.04006888998063216,0.14993090997154343,0.7458434694668413,25,20,20
34,7531,0.06415673058098349,0.04006888998087444,0.1503039174947764,0.745470461943366,25,20,20
34,7532,0.0641567305809835,0.04006888998087451,0.15030395756300266,0.7454704218751397,25,20,20
34,7533,0.08602847420069178,0.04006886284533784,0.1284324744307819,0.7454701885231887,25,20,20
34,7534,0.08602847420069176,0.04006886284533777,0.12843247230227126,0.7454701906516994,25,20,20
34,7535,0.08602847420069176,0.04006886284533777,0.12843235986484802,0.7454703030891224,25,20,20
34,7536,0.08485088588627164,0.04002183127615757,0.1296588098894093,0.7454684729481613,25,20,20
34,7537,0.0848508858862864,0.038783076940232426,0.13089756422532128,0.7454684729481598,25,20,20
34,7538,0.0475751526100968,0.03882505844087116,0.16812780451971285,0.7454719844293194,25,20,20
34,7539,0.04757515261009679,0.03882505845095989,0.17918616945567592,0.7344136194832679,25,20,20
34,7540,0.04757515261009747,0.03882505845072117,0.18506263681958895,0.7285371521195922,25,20,20
34,7541,0.047575152610099876,0.03882505843691238,0.1846950620232397,0.728904726929748,25,20,20
34,7542,0.04757515261009993,0.03882505843691238,0.18469656921154257,0.7289032197414449,25,20,20
34,7543,0.04757515261009993,0.03882505843691238,0.18469819008311184,0.7289015988698755,25,20,20
34,7544,0.047575152515847166,0.03882505843676023,0.17484009696742117,0.7387596920799717,25,20,20
34,7545,0.0453857205143914,0.03878307739103059,0.1770748971923607,0.7387563049022176,25,20,20
34,7546,0.04538572051439134,0.03878307739103051,0.1770701973277743,0.7387610047668041,25,20,20
34,7547,0.04538572051439134,0.03878307739103051,0.17706857788027353,0.7387626242143048,25,20,20
34,7548,0.04538572050614158,0.03878307739078956,0.18423032418183782,0.7316008779212306,25,20,20
34,7549,0.045385720506302504,0.038783077390789636,0.18888938888946277,0.7269418132134448,25,20,20
34,7550,0.04538572050630251,0.038783077390789636,0.18888950336391777,0.7269416987389897,25,20,20
34,7551,0.045385720506302504,0.03878307739078956,0.18888938421786677,0.7269418178850409,25,20,20
34,7552,0.05722183355897609,0.03878334105690664,0.17705296516020042,0.7269418602239166,25,20,20
34,7553,0.05722183355897615,0.03878334107075338,0.17107082477325605,0.7329240005970142,25,20,20
34,7554,0.05722183355897303,0.03878334107075331,0.1710689223874157,0.7329259029828579,25,20,20
34,7555,0.057223204527965706,0.03886760005025776,0.17098329309005394,0.7329259023317226,25,20,20
34,7556,0.05722320452796582,0.03886760005025776,0.1709879160221859,0.7329212793995906,25,20,20
34,7557,0.05764930913297969,0.03886760029349566,0.17056194828216667,0.7329211422913581,25,20,20
34,7558,0.057649309132864944,0.03886760029349995,0.16603253545721844,0.7374505551164168,25,20,20
34,7559,0.0576493091235123,0.03886760029328333,0.1614421402856962,0.7420409502975083,25,20,20
34,7560,0.0576493091235123,0.03886760029328333,0.1614421422833275,0.7420409482998772,25,20,20
34,7561,0.05764930912349791,0.024669132558916448,0.17564060982308013,0.7420409484945059,25,20,20
34,7562,0.04713121942019147,0.024669178131608672,0.18564798567276905,0.742551616775431,25,20,20
34,7563,0.04713121942019147,0.024669178131608748,0.185648099527066,0.7425515029211341,25,20,20
34,7564,0.04713121942037359,0.02466917813161304,0.18565280335946102,0.7425467990885524,25,20,20
34,7565,0.0471312194203736,0.02466917813161304,0.18565280539221235,0.7425467970558011,25,20,20
34,7566,0.047131219420327435,0.024669178131851686,0.18578939153800905,0.742410210909812,25,20,20
34,7567,0.04713121942032429,0.024669178131851686,0.18578788233902835,0.7424117201087956,25,20,20
34,7568,0.04574929137739022,0.024669160365891528,0.18716983037222562,0.7424117178844928,25,20,20
34,7569,0.04574929137734832,0.02466916035208236,0.18692621539007018,0.7426553328804992,25,20,20
34,7570,0.04574929142531309,0.03886702918598613,0.17272834639569973,0.7426553329930011,25,20,20
34,7571,0.04574929142531579,0.03886702919775117,0.1789778263373002,0.7364058530396334,25,20,20
34,7572,0.04574929142531572,0.03886702919774688,0.17897320327484023,0.7364104761020975,25,20,20
34,7573,0.045749291425315655,0.0388670291977468,0.1789731684384953,0.7364105109384426,25,20,20
34,7574,0.045749291425315634,0.0388670291977468,0.17897305266766342,0.7364106267092745,25,20,20
34,7575,0.04774574761070905,0.038866783459707156,0.17697562013411056,0.7364118487954735,25,20,20
34,7576,0.047745747610712194,0.0388667826714808,0.17673841940843854,0.7366490503093683,25,20,20
34,7577,0.04774574761071529,0.0388667826714808,0.17674002128787436,0.7366474484299295,25,20,20
34,7578,0.047745747610760815,0.03886678267148509,0.17674654900841383,0.7366409207093402,25,20,20
34,7579,0.04774574820235941,0.03886678268542447,0.17675253203345517,0.7366349370787608,25,20,20
34,7580,0.04774574821274113,0.03886678268542462,0.17675428179846256,0.7366331873033717,25,20,20
34,7581,0.04774574762113934,0.03886678267148524,0.1767419595269759,0.7366455101803995,25,20,20
34,7582,0.04774574762113934,0.03886678267148524,0.17674187987347337,0.7366455898339019,25,20,20
34,7583,0.047745747621002754,0.038866782671481026,0.1767373191752949,0.7366501505322214,25,20,20
34,7584,0.04774574762095723,0.03886678267147674,0.17673082487338282,0.7366566448341832,25,20,20
34,7585,0.047745747572995746,0.0383878954694085,0.17720971242522135,0.7366566445323744,25,20,20
34,7586,0.047807920550415474,0.03830366228565874,0.17723177107141092,0.7366566460925145,25,20,20
34,7587,0.04780792055041536,0.03830366228565495,0.1725776056876854,0.7413108114762439,25,20,20
34,7588,0.04780792055041536,0.03830366228565495,0.17257290448021803,0.7413155126837111,25,20,20
34,7589,0.04780792055044497,0.03830366280237658,0.1865672164648127,0.7273212001823655,25,20,20
34,7590,0.047807920540064046,0.0383036628023765,0.1865655240645462,0.727322892593013,25,20,20
34,7591,0.05139962055694114,0.0382814448120372,0.18903400486405203,0.7212849297669688,25,20,20
34,7592,0.05139962055694114,0.0382814448120372,0.18903400497947456,0.7212849296515462,25,20,20
34,7593,0.05139962055691154,0.038281444295315506,0.17503969103560812,0.7352792441121639,25,20,20
34,7594,0.051399620556915535,0.03828144429532408,0.17504127349713966,0.7352776616506199,25,20,20
34,7595,0.051399620556915535,0.03828144429532409,0.17504138595021743,0.7352775491975423,25,20,20
34,7596,0.051399620556915514,0.0382814442953283,0.17503995906066674,0.7352789760870888,25,20,20
34,7597,0.05513103833218686,0.03828144412946911,0.17130980466765625,0.7352777128706874,25,20,20
34,7598,0.05513103833218684,0.038281444129226114,0.1710434541705535,0.7355440633680334,25,20,20
34,7599,0.055131038332186834,0.038281444129226114,0.17104345225317388,0.7355440652854128,25,20,20
34,7600,0.05513103833218604,0.038281444129465665,0.17108105541257654,0.7355064621257712,25,20,20
34,7601,0.04383730039059662,0.03828137591155869,0.18288552985384054,0.7349957938440038,25,20,20
34,7602,0.043837300399764044,0.03828137591131499,0.18742329829663965,0.7304580253922812,25,20,20
34,7603,0.04350402064068914,0.038281375911424415,0.18775015434929124,0.7304644490985956,25,20,20
34,7604,0.043504020640734664,0.03828137591142449,0.18775677452407216,0.7304578289237689,25,20,20
34,7605,0.04350402063860351,0.03828137591142092,0.18059030796268136,0.7376242954872946,25,20,20
34,7606,0.04345355787451541,0.03828160496213482,0.18064064556356452,0.7376241915997857,25,20,20
34,7607,0.04345355787451855,0.038281604952290146,0.16967495988782413,0.7485898772853674,25,20,20
34,7608,0.043453557874516144,0.03828160495253039,0.16955026016925345,0.7487145770037001,25,20,20
34,7609,0.04345355787709359,0.03828160495277757,0.1698169244568616,0.7484479127132673,25,20,20
34,7610,0.04345355846878168,0.03828160495302652,0.16982340727946268,0.7484414292987291,25,20,20
34,7611,0.04345355846878168,0.038281604953026446,0.16982340588682385,0.748441430691368,25,20,20
34,7612,0.04021187654398859,0.03828160496142889,0.17307151154699912,0.7484350069475835,25,20,20
34,7613,0.0402118759523006,0.03828160496118002,0.17315732939400955,0.74834918969251,25,20,20
34,7614,0.040509041141196966,0.038281604961207,0.17286016377290717,0.7483491901246891,25,20,20
34,7615,0.04049595814855438,0.04126491197222494,0.16988996108641022,0.7483491687928105,25,20,20
34,7616,0.04049595814855127,0.042938692977256554,0.1682161800867031,0.7483491687874888,25,20,20
34,7617,0.042090164096483765,0.03995517689171017,0.16960549011377715,0.7483491688980287,25,20,20
34,7618,0.04209016409648456,0.03995517689171446,0.1696056853838873,0.7483489736279135,25,20,20
34,7619,0.04209016409648456,0.039955176891714544,0.16961228873899625,0.7483423702728045,25,20,20
34,7620,0.042090164093907124,0.03995517689147157,0.16935217291831628,0.7486024860963049,25,20,20
34,7621,0.042090164093906327,0.039955176891467284,0.16935200467373673,0.7486026543408896,25,20,20
34,7622,0.04299677979328534,0.03995670405980806,0.16843658065542666,0.7486099354914798,25,20,20
34,7623,0.042996779795880444,0.03995670405981242,0.16844320256452466,0.7486033135797822,25,20,20
34,7624,0.0429967797958805,0.0399567040598125,0.16844790233808102,0.7485986138062256,25,20,20
34,7625,0.042996779795879715,0.0399567040595679,0.168443183313119,0.7486033328314331,25,20,20
34,7626,0.04299677979587977,0.0399567040595722,0.16844777298097044,0.7485987431635773,25,20,20
34,7627,0.04299677979588055,0.03995670405957227,0.16844774026605666,0.7485987758784902,25,20,20
34,7628,0.04299677979588061,0.03995670405957227,0.1684524707864104,0.7485940453581363,25,20,20
34,7629,0.04299677979588054,0.039956704059816106,0.16857529320773665,0.7484712229365664,25,20,20
34,7630,0.042996779795835084,0.0399567040595722,0.16844573813951944,0.748600778005073,25,20,20
34,7631,0.042996779795835084,0.03995670405957212,0.16844573809730826,0.7486007780472842,25,20,20
34,7632,0.04299677979583756,0.03995670404572183,0.16817839574124108,0.7488681204171992,25,20,20
34,7633,0.042996779795837534,0.03995670483279698,0.16846137936411382,0.7485851360072513,25,20,20
34,7634,0.042996779806214,0.03995670483279698,0.1684663563081042,0.7485801590528842,25,20,20
34,7635,0.042074662828640724,0.039955177665082976,0.16939728156187883,0.7485728779443965,25,20,20
34,7636,0.04207466282863747,0.039955177665082976,0.16940377925037212,0.7485663802559066,25,20,20
34,7637,0.04207466282863747,0.039955177665082976,0.16940847907454015,0.7485616804317385,25,20,20
34,7638,0.041578742374324615,0.03995517741276108,0.16990440100410928,0.7485616792088058,25,20,20
34,7639,0.04157874237432463,0.03995517742670173,0.1699079449993755,0.7485581351995988,25,20,20
34,7640,0.04157874237432463,0.03995517742670173,0.169907859599783,0.7485582205991913,25,20,20
34,7641,0.041578742374324636,0.03995517742670181,0.16990797476070088,0.7485581054382735,25,20,20
34,7642,0.07557735302451536,0.039955177417415125,0.13590936415697352,0.7485581054010956,25,20,20
34,7643,0.07557735302446983,0.039955177417415125,0.13591582378984643,0.7485516457682683,25,20,20
34,7644,0.07557735302446983,0.039955177417415125,0.135909302078976,0.7485581674791386,25,20,20
34,7645,0.07563753726414607,0.03995517741026007,0.13584911777078776,0.7485581675548068,25,20,20
34,7646,0.07563753725376567,0.03995517741025149,0.13584255977303017,0.7485647255629532,25,20,20
34,7647,0.07480765784950749,0.040025924843536176,0.13659577036441697,0.7485706469425396,25,20,20
34,7648,0.07480765784950749,0.040025924843536106,0.13658924667329786,0.7485771706336588,25,20,20
34,7649,0.07480765784950744,0.04002592484353182,0.13659578404200537,0.7485706332649555,25,20,20
34,7650,0.0740581647511159,0.03995513117242612,0.1374219922896857,0.7485647117867724,25,20,20
34,7651,0.063311974708779,0.039955815887501474,0.14798463055571653,0.7487475788480031,25,20,20
34,7652,0.0633119747087798,0.03995581588750576,0.14799124097473906,0.7487409684289754,25,20,20
34,7653,0.06331197470882216,0.039955815100190924,0.14762213661491697,0.7491100735760701,25,20,20
34,7654,0.06331197470622704,0.03995581510018656,0.14762010205787682,0.7491121081357097,25,20,20
34,7655,0.06331197470622704,0.03995581510018663,0.14762018888461811,0.7491120213089683,25,20,20
34,7656,0.06331197470622707,0.03995581510018656,0.14762007702860905,0.7491121331649775,25,20,20
34,7657,0.06331166920726843,0.039955815116773374,0.1476129359507386,0.7491195797252199,25,20,20
34,7658,0.06331166921761688,0.039955815116777656,0.14774274292692138,0.7489897727386844,25,20,20
34,7659,0.06331166920844628,0.039955815116777524,0.14307469913847076,0.7536578165363058,25,20,20
34,7660,0.06331166920844547,0.039955815116773305,0.1430727615281758,0.7536597541466057,25,20,20
34,7661,0.06331166920844548,0.03995581511677338,0.1434457842831754,0.7532867313916058,25,20,20
34,7662,0.0633722398477347,0.0399560021618572,0.1419438770059908,0.7547278809844176,25,20,20
34,7663,0.06337223984778072,0.03995600215033667,0.13570098628486119,0.7609707717170218,25,20,20
34,7664,0.06337223984778068,0.03995600215033667,0.1357009057904245,0.7609708522114587,25,20,20
34,7665,0.06337223984778063,0.039956002150332376,0.13607020241927056,0.7606015555826167,25,20,20
34,7666,0.06337223984773831,0.03995600215032801,0.13606835901087888,0.7606033989910549,25,20,20
34,7667,0.06337223984774139,0.03995600215032801,0.13597614083690984,0.7606956171650208,25,20,20
34,7668,0.06337223984778656,0.0399560021641411,0.13635020629715933,0.760321551690913,25,20,20
34,7669,0.07898075252343512,0.03995531814312428,0.12092524462302975,0.7601386847104108,25,20,20
34,7670,0.07898075252343438,0.03995531814312006,0.12091872164522607,0.7601452076882194,25,20,20
34,7671,0.07898075252343124,0.039955318143120214,0.12091403972182273,0.7601498896116258,25,20,20
34,7672,0.07898075252338607,0.039955318129307055,0.12053986087180721,0.7605240684754996,25,20,20
34,7673,0.07898075252338607,0.039955318129307124,0.12053994193005264,0.7605239874172541,25,20,20
34,7674,0.07898075252338609,0.03995531812930728,0.12053342095909897,0.7605305083882072,25,20,20
34,7675,0.07891954079125724,0.03995531898314319,0.1205946298589645,0.7605305103666347,25,20,20
34,7676,0.08465491101599358,0.03995531812877319,0.11485926254267775,0.7605305083125548,25,20,20
34,7677,0.08465491101599355,0.03995531812877304,0.11486384797458707,0.7605259228806457,25,20,20
34,7678,0.0846519154949224,0.039955318128827876,0.11486684392777233,0.7605259224484768,25,20,20
34,7679,0.08466578264822969,0.039955318982998846,0.11485297588542542,0.7605259224833457,25,20,20
34,7680,0.08466578264822969,0.039955318982998846,0.11485300869047373,0.7605258896782975,25,20,20
34,7681,0.07358031421831517,0.039955318541212995,0.1259384764468618,0.7605258907936105,25,20,20
34,7682,0.07358031421831517,0.03995531854121292,0.12593377518853507,0.7605305920519373,25,20,20
34,7683,0.07358031421831437,0.03995531854121713,0.125933888676335,0.7605304785641338,25,20,20
34,7684,0.07358031421831437,0.03995531854121706,0.12593392005726262,0.7605304471832062,25,20,20
34,7685,0.07358031421831451,0.03995531854121721,0.12593554230459916,0.7605288249358694,25,20,20
34,7686,0.07358031421831848,0.03995531854122154,0.12619718597986643,0.7602671812605938,25,20,20
34,7687,0.07358031421831848,0.03995531854122154,0.12619729995431864,0.7602670672861416,25,20,20
34,7688,0.07358031421672724,0.03995531854122088,0.13233063534302514,0.7541337318990269,25,20,20
34,7689,0.07358031421672723,0.0399553185412208,0.13233715634362178,0.7541272108984302,25,20,20
34,7690,0.07358031421690815,0.039955318541459506,0.13260331911462095,0.7538610481270114,25,20,20
34,7691,0.07358031421854841,0.0399553185413741,0.14657628908916537,0.7398880781509121,25,20,20
34,7692,0.07358031421854845,0.039955318541378425,0.14694469116376163,0.7395196760763114,25,20,20
34,7693,0.07358031421854931,0.03995531854162293,0.14695128033488516,0.7395130869049428,25,20,20
34,7694,0.11249428560847155,0.03995531802767491,0.10803730952924177,0.7395130868346118,25,20,20
34,7695,0.1124942856084715,0.03995531802767498,0.10804379935775836,0.7395065970060951,25,20,20
34,7696,0.11249428560847229,0.039955318027679154,0.10841029875992371,0.7391400976039249,25,20,20
34,7697,0.11243368956377899,0.039955133775992656,0.10987614741150761,0.7377350292487208,25,20,20
34,7698,0.10629297989241036,0.03995513377734975,0.11601681609238096,0.7377350702378591,25,20,20
34,7699,0.10629299015116957,0.039955130967366845,0.10366993567878413,0.7500819432026796,25,20,20
34,7700,0.10629299015116947,0.039955130967373936,0.10991789693639994,0.7438339819450568,25,20,20
34,7701,0.10629299015116941,0.039955130967373936,0.1099131650287101,0.7438387138527466,25,20,20
34,7702,0.08490390767701818,0.03995513738578749,0.1313022514749088,0.7438387034622859,25,20,20
34,7703,0.08490390767683731,0.03995513738554449,0.1310359739612182,0.7441049809764003,25,20,20
34,7704,0.07910914604758944,0.04002938593234388,0.1367564851316272,0.74410498288844,25,20,20
34,7705,0.0791091460478027,0.03946322011738593,0.13732265094627583,0.744104982888536,25,20,20
34,7706,0.07910914604611373,0.03946322011722675,0.12334297789898903,0.7580846559376713,25,20,20
34,7707,0.09000501343610817,0.03946321369737622,0.11244714752735177,0.7580846253391645,25,20,20
34,7708,0.09000501343610816,0.03946321369737622,0.1124404148870788,0.7580913579794373,25,20,20
34,7709,0.0900050134361082,0.039463213697376306,0.11244052676812678,0.7580912460983891,25,20,20
34,7710,0.09000501343615326,0.03946321369738055,0.11281356389741103,0.7577182089690555,25,20,20
34,7711,0.09000501343615326,0.03946321369738055,0.11281356389741103,0.7577182089690555,25,20,20
34,7712,0.09000501343615327,0.03946321369738055,0.11281584171761234,0.7577159311488542,25,20,20
34,7713,0.09006051231802552,0.03938896515776826,0.11283459133424538,0.757715931189961,25,20,20
34,7714,0.09012623419181662,0.039388965373700034,0.11276563873688185,0.7577191616976018,25,20,20
34,7715,0.0901262341916029,0.03997738641453354,0.11217721769080072,0.7577191617030631,25,20,20
34,7716,0.09012623419160212,0.03997738641477387,0.11181081856614311,0.7580855608274811,25,20,20
34,7717,0.09012623419159815,0.039977386414769535,0.11154447171038645,0.7583519076832461,25,20,20
34,7718,0.09012623419159896,0.039977386414769535,0.11154450078432934,0.7583518786093023,25,20,20
34,7719,0.09012623419178106,0.03997738641476961,0.11154379581557096,0.7583525835778785,25,20,20
34,7720,0.06731545184736569,0.039977386069604944,0.13435457848119742,0.7583525836018326,25,20,20
34,7721,0.06731545184736575,0.03997738606960502,0.13435620000690127,0.7583509620761285,25,20,20
34,7722,0.06731545895961652,0.039977386069811466,0.140246569034943,0.7524605859356294,25,20,20
34,7723,0.06731545895961652,0.039977386069811535,0.14024665347595255,0.7524605014946196,25,20,20
34,7724,0.06731545897145931,0.03828052752961936,0.14194351170653,0.7524605017923917,25,20,20
34,7725,0.06731545897145931,0.03828052752961936,0.14194351170653374,0.7524605017923879,25,20,20
34,7726,0.06731545185920851,0.038280527529412994,0.13568384374510475,0.758720176866274,25,20,20
34,7727,0.06731545185920851,0.038280527529412994,0.1356838451324408,0.7587201754789379,25,20,20
34,7728,0.06731545185049682,0.038280527529413674,0.12942536861580492,0.764978652004285,25,20,20
34,7729,0.06731545185031475,0.038280527543352906,0.12943600085626403,0.7649680197500689,25,20,20
34,7730,0.06731545185049648,0.038280527543357264,0.12952832262167666,0.7648756979844701,25,20,20
34,7731,0.06731545185049648,0.03828052754311276,0.1295282223443258,0.7648757982620658,25,20,20
34,7732,0.0673154518504972,0.03828052754311276,0.12990122576258317,0.7645027948438075,25,20,20
34,7733,0.06731545185050117,0.03828052832205214,0.1299888565333743,0.7644151632940728,25,20,20
34,7734,0.06731545185050111,0.038280528322044975,0.12373935407454337,0.770664665752911,25,20,20
34,7735,0.06731545185050111,0.038280528322049194,0.12374397515848644,0.7706600446689638,25,20,20
34,7736,0.07894442406731816,0.0382805280698906,0.11211500439618981,0.7706600434666017,25,20,20
34,7737,0.07894442406731816,0.03828052806989053,0.1121104170226248,0.7706646308401668,25,20,20
34,7738,0.07894442406731811,0.03828052806988628,0.11173959127415682,0.7710354565886393,25,20,20
34,7739,0.07894442406713559,0.03828052806988192,0.11164723846168906,0.7711278094012939,25,20,20
34,7740,0.07894443247250513,0.038280528070125774,0.11140459312356904,0.7713704463338005,25,20,20
34,7741,0.06373370844358667,0.03828052850570957,0.12661531674008622,0.7713704463106176,25,20,20
34,7742,0.06373370844358747,0.038280528505954085,0.1266196721582755,0.771366090892183,25,20,20
34,7743,0.06373370844358427,0.03828052850595401,0.12661970213125892,0.7713660609192029,25,20,20
34,7744,0.0803600986268965,0.03828052829001886,0.10999654267183312,0.7713628304112515,25,20,20
34,7745,0.0803600986268965,0.03828052829001878,0.10998993849297518,0.7713694345901093,25,20,20
34,7746,0.056060904040825116,0.03828098282232579,0.13428867786763846,0.7713694352692104,25,20,20
34,7747,0.05606090404082426,0.03828098282208128,0.13428667465856395,0.7713714384785303,25,20,20
34,7748,0.0560608937722443,0.03828098282207996,0.10667716967919805,0.7989809537264773,25,20,20
34,7749,0.05606089377224355,0.038280982821839664,0.10667073335771932,0.7989873900481972,25,20,20
34,7750,0.09464849046080231,0.038280982396214774,0.06808313703654671,0.7989873901064358,25,20,20
34,7751,0.09464849046080231,0.038280982396214774,0.06808302514145963,0.7989875020015229,25,20,20
34,7752,0.09464849046080231,0.038280982396214774,0.06808112220994737,0.7989894049330349,25,20,20
34,7753,0.0946484904608023,0.038280982396214774,0.06771462313384728,0.7993559040091351,25,20,20
34,7754,0.09464849046080298,0.03828098239621476,0.0739597924879372,0.7931107346550444,25,20,20
34,7755,0.09464849046075825,0.03828098239621047,0.07395516148562739,0.7931153656574034,25,20,20
34,7756,0.09464849046075831,0.038280982396214684,0.07396168493697858,0.7931088422060479,25,20,20
34,7757,0.09464849046075831,0.03828098239621469,0.07396168635902212,0.7931088407840042,25,20,20
34,7758,0.0946484904607615,0.0382809823962189,0.0739552788640617,0.7931152482789572,25,20,20
34,7759,0.0946484904607615,0.0382809823962189,0.07395527944974775,0.7931152476932712,25,20,20
34,7760,0.09464849046827344,0.03828098239622201,0.08501350407643653,0.7820570230590675,25,20,20
34,7761,0.09414654511332884,0.03828100258280673,0.08551542595336387,0.7820570263505,25,20,20
34,7762,0.09414654511332879,0.03828100258280673,0.08551391827993178,0.7820585340239323,25,20,20
34,7763,0.09414654511332879,0.0382810025828068,0.08551862011300404,0.78205383219086,25,20,20
34,7764,0.09414654511332886,0.038281002582806874,0.08551862166364384,0.7820538306402202,25,20,20
34,7765,0.09414654511332816,0.03828100258280681,0.07926883152741858,0.7883036207764461,25,20,20
34,7766,0.0941465451133281,0.0382810025688675,0.07925650860146774,0.7883159437163363,25,20,20
34,7767,0.09414654511332815,0.0382810025688718,0.07926311648211494,0.7883093358356849,25,20,20
34,7768,0.09414654511332494,0.0382810025688675,0.07926291978811972,0.7883095325296874,25,20,20
34,7769,0.09414654511332494,0.03828100256886751,0.07926300028788001,0.7883094520299271,25,20,20
34,7770,0.09414654511332422,0.038281002568867434,0.07889467926649385,0.7886777730513143,25,20,20
34,7771,0.09412770959706887,0.03828098307199226,0.07891353760044753,0.7886777697304912,25,20,20
34,7772,0.09412770959706897,0.03828098307199226,0.07891370079840718,0.7886776065325314,25,20,20
34,7773,0.09412770959706897,0.038280983071992326,0.07891840204559598,0.7886729052853425,25,20,20
34,7774,0.09412770959706894,0.03828098307223103,0.07918455730799243,0.7884067500227074,25,20,20
34,7775,0.09412770959706894,0.03828098307223103,0.07918455730799243,0.7884067500227074,25,20,20
34,7776,0.09412770959706883,0.03828098307223111,0.0791844765781978,0.7884068307525021,25,20,20
34,7777,0.09449280191726361,0.0382805452787477,0.07881978180472565,0.7884068709992625,25,20,20
34,7778,0.09449280191726356,0.0382805452787477,0.07881981433836012,0.7884068384656282,25,20,20
34,7779,0.09449279351184892,0.03828054527850388,0.07869404418216223,0.7885326170274847,25,20,20
34,7780,0.09449279351184892,0.038280545278503955,0.07869412466490164,0.7885325365447451,25,20,20
34,7781,0.09449279351189446,0.0382805452785041,0.0786894815296362,0.7885371796799651,25,20,20
34,7782,0.09449279351189765,0.03828054527850831,0.07878166244745123,0.7884449987621426,25,20,20
34,7783,0.05611591286949474,0.038280545278402335,0.11715854300811873,0.788444998843984,25,20,20
34,7784,0.056115912869493995,0.038280545278402404,0.11716502990320882,0.7884385119488946,25,20,20
34,7785,0.05611591286949398,0.03828054527815949,0.11716501032520568,0.7884385315271406,25,20,20
34,7786,0.056115912872081994,0.03828054529206201,0.11702877949873945,0.7885747623371162,25,20,20
34,7787,0.056115912872082854,0.038280545292306595,0.11703548253395986,0.7885680593016505,25,20,20
34,7788,0.056115912872082056,0.03828054529206209,0.11702886104390747,0.7885746807919481,25,20,20
34,7789,0.056115912872036454,0.038280545292061936,0.11702870789269065,0.7885748339432108,25,20,20
34,7790,0.056115912872218586,0.03828054529206201,0.11702628745603713,0.7885772543796823,25,20,20
34,7791,0.05617893224984221,0.03828054528514879,0.11696326184159814,0.7885772606234108,25,20,20
34,7792,0.05518989805434532,0.03828059444309499,0.11795216792031919,0.7885773395822404,25,20,20
34,7793,0.055189898054345266,0.038280594443094916,0.11795208495310773,0.7885774225494521,25,20,20
34,7794,0.055189898054348464,0.038280594443099135,0.11795219916884409,0.7885773083337084,25,20,20
34,7795,0.05518989806352128,0.03828059444331104,0.1226047381690505,0.7839247693241177,25,20,20
34,7796,0.07802406403876844,0.03828054570447416,0.09976742857313906,0.7839279616836182,25,20,20
34,7797,0.07802406403858952,0.03828054570448259,0.099766809411781,0.7839285808451468,25,20,20
34,7798,0.07802406403858952,0.03828054570448259,0.09976681150031604,0.7839285787566118,25,20,20
34,7799,0.0780240640385895,0.0382805457044783,0.0997621093358117,0.7839332809211205,25,20,20
34,7800,0.07802406403863184,0.03828054570447416,0.09976353794235047,0.7839318523145435,25,20,20
34,7801,0.07802406402945897,0.038280545704257964,0.09510439441005458,0.7885909958562284,25,20,20
34,7802,0.07802406402945897,0.03828054570426225,0.09510453532502298,0.7885908549412558,25,20,20
34,7803,0.07802406402109335,0.011239504942093415,0.12214557132246323,0.7885908597143504,25,20,20
34,7804,0.07802406402109657,0.011239504942337934,0.12214570498578758,0.7885907260507782,25,20,20
34,7805,0.07802406450409247,0.011239504942341619,0.12892636611363067,0.7818100644399355,25,20,20
34,7806,0.07802406450409247,0.011239504942337325,0.1289217444435269,0.7818146861100437,25,20,20
34,7807,0.07802406450409333,0.011239504942337329,0.12892179882064414,0.7818146317329255,25,20,20
34,7808,0.07802406450409334,0.011239504942337329,0.1289193766294558,0.7818170539241138,25,20,20
34,7809,0.07802406450083295,0.0399576517258653,0.1002012349255144,0.7818170488477874,25,20,20
34,7810,0.07802406450082891,0.03995765093298527,0.10010544135108973,0.781912843215096,25,20,20
34,7811,0.07802406450082891,0.03995765093298527,0.1001055218204479,0.7819127627457378,25,20,20
34,7812,0.07802406450082891,0.03995765093298519,0.1001054398516083,0.7819128447145774,25,20,20
34,7813,0.07802406450082892,0.03995765093298527,0.10010544184226625,0.7819128427239194,25,20,20
34,7814,0.07802406450082891,0.03995765093274082,0.10010072891634124,0.7819175556500889,25,20,20
34,7815,0.07802406450082891,0.039957650932745115,0.10010725435819533,0.7819110302082305,25,20,20
34,7816,0.07802406450083207,0.039957650932745115,0.10037351945058774,0.7816447651158349,25,20,20
34,7817,0.07802406450083213,0.0399576509327494,0.10037371472193657,0.7816445698444818,25,20,20
34,7818,0.07802406450083213,0.039957650932745115,0.10036719069595797,0.7816510938704647,25,20,20
34,7819,0.07802406450083293,0.03995765093274519,0.10037363369203996,0.7816446508743817,25,20,20
34,7820,0.0780240645008455,0.03995765093397295,0.1369117236404579,0.7451065609247236,25,20,20
34,7821,0.0780240645008455,0.03995765093397295,0.1369117556186007,0.7451065289465808,25,20,20
34,7822,0.09326856987774834,0.03995868469559136,0.12166948325142819,0.745103262175232,25,20,20
34,7823,0.09425752663952418,0.039958683993177126,0.12068052722220438,0.7451032621450944,25,20,20
34,7824,0.0942575266394787,0.03995868399342156,0.12068560638797039,0.7450981829791294,25,20,20
34,7825,0.09425752663947952,0.039958683993421486,0.12067915700769856,0.7451046323594006,25,20,20
34,7826,0.09414003523014555,0.03995868399314754,0.12079665661419693,0.7451046241625099,25,20,20
34,7827,0.09622115310530542,0.03995954496617155,0.11871057293144681,0.7451087289970763,25,20,20
34,7828,0.0784223115292511,0.03996083044188458,0.13650807149894706,0.7451087865299175,25,20,20
34,7829,0.07842231152173995,0.039960830441881486,0.1254499630096847,0.756166895026694,25,20,20
34,7830,0.0784223115222122,0.040749776525704606,0.1281228028958522,0.7527051090562314,25,20,20
34,7831,0.07842231152220902,0.04074977652570453,0.12785656919676286,0.752971342755324,25,20,20
34,7832,0.07842231152220909,0.04074977652570453,0.12786119022823036,0.7529667217238563,25,20,20
34,7833,0.07842231152220834,0.04074977652570024,0.12812089042074912,0.7527070215313425,25,20,20
34,7834,0.0784223115222084,0.04074977652570031,0.12812085905448647,0.7527070528976051,25,20,20
34,7835,0.07842231152221153,0.04074977652570031,0.12811895672777454,0.7527089552243139,25,20,20
34,7836,0.07842231152221474,0.04074977652570468,0.12812556216658513,0.7527023497854958,25,20,20
34,7837,0.07842231152199793,0.04076064734667177,0.12811469134583475,0.7527023497854958,25,20,20
34,7838,0.0784223115219955,0.04076064734666754,0.12837936886115153,0.7524376722701857,25,20,20
34,7839,0.0784223115219923,0.04076064734666325,0.1283746646945523,0.7524423764367925,25,20,20
34,7840,0.07842231151940748,0.040760647332765014,0.1282447603379895,0.752572280809838,25,20,20
34,7841,0.07842231151943793,0.04076931894260642,0.12823608872811595,0.7525722808098395,25,20,20
34,7842,0.08025528842237961,0.04076828511857351,0.12640415024768842,0.7525722762113581,25,20,20
34,7843,0.08025528842237958,0.04076828511857344,0.12640403510614637,0.7525723913529001,25,20,20
34,7844,0.0802552884223804,0.04076828511857352,0.12641064071715497,0.7525657857418905,25,20,20
34,7845,0.08025528842237722,0.040768285118569156,0.1264104835186611,0.7525659429403919,25,20,20
34,7846,0.08025528842237721,0.040768285118569156,0.1264105240222664,0.7525659024367866,25,20,20
34,7847,0.092213828618459,0.040768268379980495,0.11445204149061525,0.7525658615109446,25,20,20
34,7848,0.09221382861845896,0.04076826837998478,0.1144520421301437,0.7525658608714119,25,20,20
34,7849,0.09221382861845896,0.04076826837998478,0.11444733892118536,0.7525705640803702,25,20,20
34,7850,0.09221382861845898,0.04076826837998478,0.11444737434215826,0.7525705286593972,25,20,20
34,7851,0.09221382861845812,0.040768268379984714,0.11444730139453538,0.7525706016070209,25,20,20
34,7852,0.09221382861845812,0.040768268379984714,0.11444730338193823,0.7525705996196181,25,20,20
34,7853,0.09221382861845816,0.04076826837998486,0.11445390956398152,0.7525639934375746,25,20,20
34,7854,0.09221382861845742,0.04076826837998487,0.11445840948759917,0.7525594935139576,25,20,20
34,7855,0.09221382861845749,0.04076826837998494,0.11445849256650761,0.752559410435049,25,20,20
34,7856,0.09221382861845744,0.04076826837998479,0.11445200424355549,0.7525658987580013,25,20,20
34,7857,0.07397195910584518,0.04076827926886792,0.13269380929804375,0.7525659523272425,25,20,20
34,7858,0.07397195910584597,0.040768279268876446,0.1329600604365857,0.7522997011886914,25,20,20
34,7859,0.0739719591060281,0.040768279268880735,0.1329580067249921,0.7523017549000985,25,20,20
34,7860,0.07397195910603128,0.04076827926888502,0.13305019265615967,0.7522095689689234,25,20,20
34,7861,0.0739719591060281,0.04076827926888074,0.1329579783431307,0.7523017832819602,25,20,20
34,7862,0.07397195910862427,0.04076827926912542,0.13296249597537518,0.7522972656468748,25,20,20
34,7863,0.07397195910862352,0.040768279269121147,0.1326962392876435,0.7525635223346114,25,20,20
34,7864,0.07397195910862352,0.04076827926912116,0.13269622462186614,0.7525635370003889,25,20,20
34,7865,0.07397195910862352,0.04076827926912116,0.1326961447383509,0.7525636168839039,25,20,20
34,7866,0.08748691249882112,0.04076787868155466,0.1191856967582483,0.7525595120613758,25,20,20
34,7867,0.08748691249881793,0.0407678786815503,0.11918569724619321,0.7525595115734386,25,20,20
34,7868,0.10338279501631037,0.04076786811862863,0.10328987723531441,0.7525594596297465,25,20,20
34,7869,0.10338279501631042,0.04076786811863292,0.10329138424188329,0.7525579526231732,25,20,20
34,7870,0.10338279501631362,0.040767868118633,0.10328830723355668,0.7525610296314966,25,20,20
34,7871,0.10338279501631281,0.040767868118633,0.10328397834845254,0.7525653585166016,25,20,20
34,7872,0.10338279501631283,0.0407678681186372,0.10337620331052015,0.7524731335545297,25,20,20
34,7873,0.10338289254683268,0.02504850854805268,0.11909484084278596,0.7524737580623286,25,20,20
34,7874,0.10338289254683346,0.025048508561861565,0.11937671413813643,0.7521918847531686,25,20,20
34,7875,0.10338289254683346,0.025048508561861565,0.11937022357325976,0.7521983753180451,25,20,20
34,7876,0.10338289254683346,0.025048508561861565,0.11936571668024694,0.7522028822110579,25,20,20
34,7877,0.10338289254687813,0.025048508548292988,0.11899824044213717,0.7525703584626916,25,20,20
34,7878,0.10338289254446409,0.025048508548292974,0.11900034541591178,0.7525682534913313,25,20,20
34,7879,0.10338289254428197,0.025048508548048316,0.11899364092876613,0.7525749579789036,25,20,20
34,7880,0.10338289254687075,0.025048508548288134,0.11881965617953653,0.7527489427253048,25,20,20
34,7881,0.10338289254687388,0.025048508548288134,0.11881963057785817,0.75274896832698,25,20,20
34,7882,0.10338289206387799,0.025048508548284443,0.11204557378790633,0.7595230255999315,25,20,20
34,7883,0.10338289206383253,0.02504850854803993,0.1120389517846449,0.759529647603483,25,20,20
34,7884,0.10338289206383484,0.02504850854827864,0.11230510703095328,0.7592634923569341,25,20,20
34,7885,0.12062411310519555,0.02504726123887827,0.0950650104610177,0.7592636151949084,25,20,20
34,7886,0.12062411310519548,0.025047261238873977,0.09506338895565122,0.7592652367002792,25,20,20
34,7887,0.12062411310519548,0.025047261238872395,0.09532303642059363,0.7590055892353382,25,20,20
34,7888,0.12062411310519858,0.025047261238872322,0.09505672644906821,0.7592718992068608,25,20,20
34,7889,0.12062411310519539,0.025047261238872246,0.09505669590248005,0.7592719297534523,25,20,20
34,7890,0.13887952427967143,0.02504680100475953,0.07679940419525887,0.75927427052031,25,20,20
34,7891,0.13945494750929616,0.02504676283844677,0.0762241995027724,0.7592740901494847,25,20,20
34,7892,0.13945494750929616,0.025046762838446694,0.07622411843419008,0.7592741712180672,25,20,20
34,7893,0.12300494397423797,0.025046762838447836,0.09267412195167263,0.7592741712356412,25,20,20
34,7894,0.12300494397423796,0.025046762838447912,0.09267870731279236,0.7592695858745216,25,20,20
34,7895,0.12300494397423799,0.02504676283869018,0.09304955163239319,0.7588987415546785,25,20,20
34,7896,0.12300494397423792,0.025046762838690104,0.09304946906292053,0.7588988241241514,25,20,20
34,7897,0.12300494397405577,0.025046762838685815,0.09305584789737158,0.7588924452898869,25,20,20
34,7898,0.12300494397405577,0.025046762838685815,0.09305573253546173,0.7588925606517967,25,20,20
34,7899,0.12300494397405805,0.025046762838688917,0.1041120323876355,0.7478362607996175,25,20,20
34,7900,0.12300494397405812,0.025046762838688917,0.10411203301123936,0.7478362601760135,25,20,20
34,7901,0.12300494397405805,0.025046762838445927,0.10384571907657034,0.7481025741109256,25,20,20
34,7902,0.123004943974058,0.02504676283844585,0.10384102062610893,0.7481072725613872,25,20,20
34,7903,0.12300494398486911,0.06078068404389244,0.06810709940987186,0.7481072725613666,25,20,20
34,7904,0.1290212532375601,0.06078068389569781,0.062093131083638446,0.7481049317831037,25,20,20
34,7905,0.1290212532375598,0.06078068389570159,0.06675194104195407,0.7434461218247845,25,20,20
34,7906,0.12902125323755975,0.06078068389570152,0.0667518726290389,0.7434461902376996,25,20,20
34,7907,0.12902125323760297,0.06078068389569731,0.06666885972646899,0.7435292031402305,25,20,20
34,7908,0.12902125323760297,0.06078068389569731,0.06666885775335675,0.7435292051133428,25,20,20
34,7909,0.129021253237603,0.06078068389594184,0.06666708848481602,0.7435309743816388,25,20,20
34,7910,0.12428441188610384,0.0607806841143509,0.07140387320164533,0.7435310307978996,25,20,20
34,7911,0.12428441188610387,0.060780684114108564,0.07103237361766014,0.743902530382127,25,20,20
34,7912,0.12428441188610387,0.060780684114108564,0.07103248807696995,0.7439024159228173,25,20,20
34,7913,0.11741659463504664,0.06078068426305181,0.07790026471953397,0.7439024563823671,25,20,20
34,7914,0.11741659463522876,0.060780684263051894,0.0779067069199808,0.7438960141817382,25,20,20
34,7915,0.11741659463522652,0.06078068426305308,0.06685538995855445,0.7549473311431657,25,20,20
34,7916,0.11741659463263701,0.06078068426280474,0.06676312360437948,0.7550395975001786,25,20,20
34,7917,0.11741659463263385,0.0607806842625619,0.06650147296655912,0.7553012481382448,25,20,20
34,7918,0.11741659463263066,0.0607806842625619,0.0665015589767779,0.7553011621280292,25,20,20
34,7919,0.11741659462133157,0.06423539287514271,0.0630468503754878,0.7553011621280377,25,20,20
34,7920,0.11741659462133151,0.06423539287514271,0.06305337488512727,0.7552946376183982,25,20,20
34,7921,0.14020771051053185,0.0642353927389904,0.04026229951933768,0.7552945972311398,25,20,20
34,7922,0.14020771051053182,0.0642353927387458,0.04025746599644672,0.7552994307542754,25,20,20
34,7923,0.14020819103855497,0.06423539273899465,0.04026274539329976,0.7552936708291504,25,20,20
34,7924,0.14020771051053182,0.06423539273875009,0.04025556312177361,0.7553013336289444,25,20,20
34,7925,0.1402077105131272,0.06423539273875017,0.04025792033476758,0.7552989764133549,25,20,20
34,7926,0.13884884551682045,0.0642353927261712,0.04161660049827546,0.7552991612587328,25,20,20
34,7927,0.11559283849407091,0.06423621248510306,0.06486793359366073,0.7553030154271652,25,20,20
34,7928,0.11559283849422158,0.06423621313974896,0.07191426582516044,0.7482566825408687,25,20,20
34,7929,0.11559283849422237,0.06423621313975318,0.07191423464686296,0.7482567137191611,25,20,20
34,7930,0.1155928384942195,0.06423621313974932,0.06725536922107188,0.752915579144959,25,20,20
34,7931,0.11559283849422028,0.06423621313974917,0.0672507829882624,0.7529201653777678,25,20,20
34,7932,0.11559283849422028,0.06423621313974917,0.06725078237807747,0.752920165987953,25,20,20
34,7933,0.1149097018700417,0.06423621317353759,0.06793382386121112,0.7529202610952094,25,20,20
34,7934,0.1149097018700417,0.06423621317353759,0.0679338229362594,0.752920262020161,25,20,20
34,7935,0.11490970187004168,0.06423621317353759,0.06793370646450433,0.7529203784919162,25,20,20
34,7936,0.11490970187004168,0.06423621317353759,0.06793366859338522,0.7529204163630352,25,20,20
34,7937,0.11490970187004168,0.06423621317353759,0.0679337485494011,0.7529203364070195,25,20,20
34,7938,0.11490970187004174,0.06423621317353759,0.06793377500185227,0.7529203099545683,25,20,20
34,7939,0.11490970187004093,0.06423621317353759,0.06793377379585336,0.752920311160568,25,20,20
34,7940,0.11490970187004086,0.0642362131735333,0.06792716793966695,0.7529269170167587,25,20,20
34,7941,0.11490970186744548,0.06423621317353329,0.06792950855467583,0.7529245764043452,25,20,20
34,7942,0.11490970187001674,0.06423621318734646,0.06830368944975636,0.7525503954928803,25,20,20
34,7943,0.11571485858273539,0.06423621315040987,0.06749862788135283,0.7525503003855017,25,20,20
34,7944,0.11571485858533034,0.06423621315040987,0.06750321496650265,0.7525457132977569,25,20,20
34,7945,0.07908714996179395,0.06423621296547567,0.10413092305782781,0.7525457140149021,25,20,20
34,7946,0.07908714996161102,0.06423621296546717,0.10412443065290924,0.7525522064200121,25,20,20
34,7947,0.0955817810317006,0.06423540153701288,0.08763452019090787,0.7525482972403781,25,20,20
34,7948,0.0955817810317006,0.06423540153701288,0.08763452022543787,0.752548297205848,25,20,20
34,7949,0.0955817810317006,0.06423540153701715,0.08790077241196974,0.7522820450193118,25,20,20
34,7950,0.09558168350200598,0.07871423919449722,0.07342265679208076,0.7522814205114154,25,20,20
34,7951,0.09558168350200598,0.07871423919449728,0.07342914709715806,0.7522749302063382,25,20,20
34,7952,0.0955816835020067,0.07871423919474112,0.07355704809479582,0.7521470292084558,25,20,20
34,7953,0.09462128647737175,0.07871423869716548,0.0745174479900437,0.7521470268354185,25,20,20
34,7954,0.09462128648775188,0.07871423869692601,0.07439272474414323,0.7522717500711782,25,20,20
34,7955,0.09462128655676348,0.07871423869692647,0.10954338863805045,0.7171210861082596,25,20,20
34,7956,0.09462128654638308,0.0787142386970813,0.12350846275297789,0.7031560120035583,25,20,20
34,7957,0.0946212865466093,0.07871423869732426,0.12377011883745175,0.7028943559186152,25,20,20
34,7958,0.09467124545266575,0.07871585148768921,0.12371854709880706,0.7028943559608384,25,20,20
34,7959,0.09467124545266575,0.0787158514876893,0.12372324695856954,0.7028896561010758,25,20,20
34,7960,0.09606445292176628,0.0787158514875848,0.12233022442479914,0.7028894711658502,25,20,20
34,7961,0.0960647120474427,0.07871619960119342,0.12716966278237332,0.6980494255689905,25,20,20
34,7962,0.07946185977025504,0.07871620002563388,0.14377240127818075,0.69804953892593,25,20,20
34,7963,0.0794618597703004,0.07871620002588224,0.14386467755559715,0.6979572626482198,25,20,20
34,7964,0.0794618597703005,0.07871620002563397,0.1437725179597914,0.6980494222442737,25,20,20
34,7965,0.04070444174619094,0.07871622202758197,0.18252991211048056,0.6980494241157458,25,20,20
34,7966,0.04070444174619412,0.07871622202782431,0.1829033909674631,0.6976759452585177,25,20,20
34,7967,0.040704441794145965,0.07748814297997834,0.1841314699674529,0.697675945258422,25,20,20
34,7968,0.040704441794145965,0.07748814297997834,0.18413146996745294,0.697675945258422,25,20,20
34,7969,0.04070444180434381,0.07748814233923512,0.1772081613084428,0.7045992545479774,25,20,20
34,7970,0.04070444180434381,0.07748814233923086,0.1769419091219108,0.7048655067345134,25,20,20
34,7971,0.04302818517027426,0.07778239923055172,0.17432390289660848,0.7048655127025647,25,20,20
34,7972,0.04302818517027426,0.07778239923055172,0.17432390347219684,0.7048655121269765,25,20,20
34,7973,0.04302818517027426,0.07778239923055602,0.17432618250154186,0.7048632330976272,25,20,20
34,7974,0.0430281851677038,0.07778239921674714,0.17395864035972267,0.7052307752558258,25,20,20
34,7975,0.0430281851677038,0.07778239921674707,0.17395215006489995,0.7052372655506484,25,20,20
34,7976,0.043028185167703896,0.07778239921675086,0.17861090277221425,0.70057851284333,25,20,20
34,7977,0.039959478366358214,0.07748836843237168,0.18197364783340586,0.7005785053678631,25,20,20
34,7978,0.040821189855808425,0.0774867826144145,0.18110619664651953,0.7005858308832574,25,20,20
34,7979,0.040821189855808314,0.07748678261441498,0.17645203360655676,0.7052399939232197,25,20,20
34,7980,0.040821189855808335,0.07748678261441498,0.17645194820877275,0.7052400793210037,25,20,20
34,7981,0.04082118985580782,0.07748678261425579,0.1624821878936197,0.7192098396363162,25,20,20
34,7982,0.04082118985576228,0.07748678261425572,0.162482044769833,0.7192099827601486,25,20,20
34,7983,0.04082118985576229,0.0774867826142558,0.16248366840487086,0.7192083591251106,25,20,20
34,7984,0.055844308501814564,0.07748789676115046,0.14745954890999619,0.7192082458270389,25,20,20
34,7985,0.0788476807170102,0.07748788821203088,0.12445618664847195,0.719208244422487,25,20,20
34,7986,0.0788476807170102,0.07748788821202675,0.12445402255324162,0.7192104085177214,25,20,20
34,7987,0.07884768071701022,0.07748788821202682,0.12445410366912042,0.7192103274018424,25,20,20
34,7988,0.07884768071701262,0.07748788821202261,0.12444974398400703,0.7192146870869577,25,20,20
34,7989,0.07884768071701262,0.07748788821202261,0.12445432995505287,0.7192101011159119,25,20,20
34,7990,0.07791882954232411,0.0774885950840494,0.12538973950972657,0.7192028358638997,25,20,20
34,7991,0.07231947714097312,0.07748859508684403,0.1309890709668643,0.7192028568053185,25,20,20
34,7992,0.0723194771409763,0.07748859508708433,0.1309910718723734,0.7192008558995658,25,20,20
34,7993,0.0723194771409763,0.07748859508708417,0.13099095701472493,0.7192009707572146,25,20,20
34,7994,0.0723197793122663,0.07748788111581924,0.13098603009289633,0.7192063094790181,25,20,20
34,7995,0.07231977931226632,0.07748788111581931,0.13111548005576032,0.719076859516154,25,20,20
34,7996,0.07231977931226634,0.07748788111581931,0.1311108941200116,0.7190814454519027,25,20,20
34,7997,0.07231977931226632,0.07748788111581931,0.1311108656585064,0.7190814739134077,25,20,20
34,7998,0.07231977931226313,0.07748788111581924,0.13110858788676658,0.7190837516851509,25,20,20
34,7999,0.0723197793122631,0.07748788111581915,0.13097908529638325,0.7192132542755344,25,20,20
34,8000,0.07231977931226323,0.07748788111582768,0.13124541770789436,0.7189469218640145,25,20,20
34,8001,0.07231977931226402,0.07748788111583205,0.13124554076413072,0.7189467988077731,25,20,20
34,8002,0.07231977931226402,0.07748788111583205,0.13124542760588845,0.7189469119660155,25,20,20
34,8003,0.07231977926431582,0.07701989993039306,0.1317134088392772,0.7189469119660139,25,20,20
34,8004,0.0723197792643125,0.07812828169981509,0.13060502706438273,0.7189469119714896,25,20,20
34,8005,0.07231952414714911,0.0781282459288697,0.12576702919755567,0.7237852007264255,25,20,20
34,8006,0.07231952414714911,0.0781282459288697,0.1257670027574558,0.7237852271665254,25,20,20
34,8007,0.07231952413698269,0.0781282459152116,0.12564407722544935,0.7239081527223563,25,20,20
34,8008,0.07231952414372557,0.06395310445347309,0.13981921848582485,0.7239081529169765,25,20,20
34,8009,0.07231952414372238,0.06395310445322858,0.13981721527627436,0.7239101561267747,25,20,20
34,8010,0.07231952414372238,0.06395310445322858,0.13981721671717257,0.7239101546858764,25,20,20
34,8011,0.07231952414372238,0.06395310445322858,0.13981732991889104,0.723910041484158,25,20,20
34,8012,0.07231952473540622,0.06395310445323715,0.1398241036912449,0.7239032671201118,25,20,20
34,8013,0.07231952414372239,0.06395310445322865,0.13981736987184493,0.723910001531204,25,20,20
34,8014,0.0723195241437256,0.06395310445322865,0.13981907888319364,0.7239082925198521,25,20,20
34,8015,0.07231952413612723,0.07767311782457115,0.12609906571397803,0.7239082923253235,25,20,20
34,8016,0.07231952413612643,0.07767311782456679,0.12609894407958772,0.723908413959719,25,20,20
34,8017,0.072319524136172,0.07767311782481132,0.1261036636926727,0.723903694346344,25,20,20
34,8018,0.07231952114292793,0.0787541169366905,0.12985936957554955,0.7190669923448317,25,20,20
34,8019,0.07231952114270171,0.07875411693644324,0.12959309182097198,0.7193332700998829,25,20,20
34,8020,0.07231952108559642,0.1170351957157719,0.09131201346273903,0.7193332697358925,25,20,20
34,8021,0.07231952113353601,0.11638511011046886,0.09196209902557491,0.71933326973042,25,20,20
34,8022,0.07231952113353601,0.11638511011046886,0.09196217948070753,0.7193331892752874,25,20,20
34,8023,0.07231952113353919,0.116385110110469,0.0920917004730307,0.719203668282961,25,20,20
34,8024,0.072319521133536,0.116385110110469,0.09209010392351681,0.7192052648324779,25,20,20
34,8025,0.07231952113353587,0.11638511011046054,0.0918238534808764,0.719471515275127,25,20,20
34,8026,0.07279299694593735,0.1163851238671068,0.09134498607329754,0.719476893113658,25,20,20
34,8027,0.07279299694593735,0.1163851238671068,0.09134506512678017,0.7194768140601755,25,20,20
34,8028,0.07279299694589099,0.11638512386710673,0.09170889495107674,0.7191129842359255,25,20,20
34,8029,0.07279299694589099,0.11638512386710673,0.09170878106719842,0.7191130981198038,25,20,20
34,8030,0.07279299694589099,0.11638512386710673,0.09170881647309241,0.7191130627139098,25,20,20
34,8031,0.07279299694590596,0.1180717204985162,0.0900222198416638,0.719113062713914,25,20,20
34,8032,0.07326767479390849,0.11807170062534095,0.08955296089355574,0.7191076636871953,25,20,20
34,8033,0.0732676748042889,0.11807170062534096,0.08955806677169742,0.7191025577986729,25,20,20
34,8034,0.0732676748041069,0.11807170062509638,0.08955609908611153,0.7191045254846854,25,20,20
34,8035,0.0728740384204838,0.11807323739319214,0.08953082336716561,0.7195219008191585,25,20,20
34,8036,0.07283280791858095,0.11807170086261959,0.08999090227851139,0.7191045889402882,25,20,20
34,8037,0.07283280791856575,0.1181030301579888,0.08995957298325313,0.7191045889401926,25,20,20
34,8038,0.07283280791856575,0.1181030301579888,0.08995946050235372,0.7191047014210917,25,20,20
34,8039,0.07283281125363669,0.11812112311072205,0.08994292267305241,0.7191031429625886,25,20,20
34,8040,0.0728328112536368,0.11812112311072198,0.08994292432522707,0.7191031413104139,25,20,20
34,8041,0.0728328112536368,0.11812112311072198,0.0899429257472706,0.7191031398883703,25,20,20
34,8042,0.07283281120569687,0.11938074189917497,0.08868330700675918,0.7191031398883687,25,20,20
34,8043,0.07287880587650498,0.11938074166151108,0.08863737598734817,0.7191030764746357,25,20,20
34,8044,0.07287880587650504,0.11934979649615457,0.08866832115260895,0.7191030764747314,25,20,20
34,8045,0.07287880587650507,0.11934979649615451,0.08866824148361512,0.7191031561437252,25,20,20
34,8046,0.0728788058765051,0.11934979649615444,0.08866365612249537,0.719107741504845,25,20,20
34,8047,0.07287880587668724,0.11934979649615458,0.08866374534212772,0.7191076522850302,25,20,20
34,8048,0.0728788058766873,0.11934979649615451,0.08866370584495378,0.719107691782204,25,20,20
34,8049,0.07287880586653267,0.11934979650998383,0.08898464819683335,0.7187867494266498,25,20,20
34,8050,0.07287880586653266,0.11934979650998383,0.08898461277601522,0.7187867848474678,25,20,20
34,8051,0.0728788058663513,0.11934979650998366,0.08899117570348906,0.7187802219201755,25,20,20
34,8052,0.07287880586635137,0.11934979650998376,0.08899587698994145,0.7187755206337232,25,20,20
34,8053,0.07287880586635137,0.11934979650998796,0.08899807351156279,0.7187733241120975,25,20,20
34,8054,0.0728788058663521,0.11934979650999226,0.0890027751904203,0.718768622433235,25,20,20
34,8055,0.07287880586635137,0.11934979650999233,0.08899612365541051,0.7187752739682455,25,20,20
34,8056,0.07287900925908962,0.11825039708511738,0.09001816899259057,0.7188524246632023,25,20,20
34,8057,0.07287900925908954,0.11825039708512168,0.09002003813074964,0.718850555525039,25,20,20
34,8058,0.07287900925910469,0.11825933067743566,0.09001110453851624,0.7188505555249434,25,20,20
34,8059,0.07287900925910469,0.11825933067743989,0.090015725597023,0.7188459344664324,25,20,20
34,8060,0.07287900925995613,0.11936749784412201,0.08890755842410719,0.7188459344718148,25,20,20
34,8061,0.07287900925995613,0.11936749784411772,0.08891201346219742,0.7188414794337288,25,20,20
34,8062,0.07287900925973352,0.1193674978302885,0.08859094696942993,0.7191625459405482,25,20,20
34,8063,0.07287900925973352,0.1193674978302885,0.08859094755375403,0.7191625453562243,25,20,20
34,8064,0.07287900925973353,0.11936749783028856,0.08859106608086353,0.7191624268291147,25,20,20
34,8065,0.07287900925973353,0.1193674978302885,0.08858798710218915,0.7191655058077893,25,20,20
34,8066,0.07287900925973353,0.11936749783028859,0.08859257248854867,0.7191609204214297,25,20,20
34,8067,0.07287900925972506,0.09356590349448128,0.11439416682433155,0.7191609204214625,25,20,20
34,8068,0.07287900925990548,0.09356590350829451,0.11439522885045704,0.7191598583813433,25,20,20
34,8069,0.07281128843533391,0.09356590350844632,0.11446281324184109,0.7191599948143792,25,20,20
34,8070,0.07281128843515428,0.09356590349463746,0.1140888298640764,0.7195339782061325,25,20,20
34,8071,0.07281128843515348,0.09356590349487616,0.1143504782198096,0.7192723298501612,25,20,20
34,8072,0.07281128843515662,0.09356590349487623,0.11435355886164963,0.7192692492083179,25,20,20
34,8073,0.07281128843515657,0.09356590349487631,0.11434888582402312,0.7192739222459444,25,20,20
34,8074,0.07281128843519367,0.09356590350719558,0.11887881580085793,0.7147439922567532,25,20,20
34,8075,0.07281128843433878,0.09415360101016139,0.11829111830422105,0.7147439922512793,25,20,20
34,8076,0.07281128843688911,0.09415360100991688,0.11829292912411328,0.7147421814290812,25,20,20
34,8077,0.07281128843688994,0.09415360100992125,0.11829089955789257,0.7147442109952968,25,20,20
34,8078,0.07281128843689069,0.09415360100992562,0.11829101919428578,0.7147440913588983,25,20,20
34,8079,0.08481291645065553,0.09415361335325358,0.106289514783196,0.7147439554128951,25,20,20
34,8080,0.08481291645065953,0.09415361335325358,0.1062894627804805,0.7147440074156066,25,20,20
34,8081,0.07374570306394436,0.09415360103559596,0.11735655491029223,0.7147441409901677,25,20,20
34,8082,0.07374663197982534,0.09422443334878251,0.11736197267841242,0.7146669619929804,25,20,20
34,8083,0.07374663197981865,0.11833011329187978,0.09325629273535528,0.7146669619929474,25,20,20
34,8084,0.07374663197981546,0.11833011329187972,0.09325170365510436,0.7146715510732017,25,20,20
34,8085,0.073746631979857,0.11833011329212421,0.09325833962061063,0.7146649151074093,25,20,20
34,8086,0.073746631979857,0.11833011329212414,0.09325363779763668,0.7146696169303831,25,20,20
34,8087,0.07374663197987194,0.11832104337166506,0.09326270771252637,0.7146696169359376,25,20,20
34,8088,0.07374663197987275,0.11832104337166935,0.09326923319433597,0.714663091454123,25,20,20
34,8089,0.07374663197987275,0.11832104337166935,0.09326923321874758,0.7146630914297112,25,20,20
34,8090,0.07374663197987355,0.11832104337166935,0.09326946181802928,0.7146628628304286,25,20,20
34,8091,0.07374663197987352,0.11832104337142635,0.09300311131890128,0.7149292133297998,25,20,20
34,8092,0.07374664041083191,0.11832104337167099,0.09301230929451294,0.7149200069229851,25,20,20
34,8093,0.07374664041082872,0.11832104337167085,0.0930057059196756,0.7149266102978257,25,20,20
34,8094,0.07374664041082872,0.11832104337167085,0.09300582037769199,0.7149264958398092,25,20,20
34,8095,0.07374664041082866,0.11832104337167508,0.09300591094626816,0.7149264052712287,25,20,20
34,8096,0.0737863159808425,0.11831991539796079,0.09297264511656789,0.7149211235046293,25,20,20
34,8097,0.07960411320764493,0.11831991539677542,0.08715486839530598,0.714921103000274,25,20,20
34,8098,0.07960411599659943,0.11789115740685917,0.08758362359632732,0.7149211030002145,25,20,20
34,8099,0.08067099238638349,0.11789115705259011,0.08651684369214444,0.7149210068688824,25,20,20
34,8100,0.08067099239666861,0.11789115705307049,0.08688595536697288,0.7145518951832883,25,20,20
34,8101,0.08067099239667241,0.11785968943132699,0.08691742298871256,0.7145518951832883,25,20,20
34,8102,0.0806709923966756,0.1178596894315716,0.08692208405588123,0.714547234115872,25,20,20
34,8103,0.08066987066167129,0.11803342122280361,0.08558343679800194,0.7157132713175233,25,20,20
34,8104,0.080669870661631,0.11803342121048419,0.08092398696577559,0.7203727211621094,25,20,20
34,8105,0.08066986787266518,0.11675206637898088,0.08220534459174134,0.720372721156613,25,20,20
34,8106,0.04163712908924145,0.11675209467667705,0.1212377899802985,0.7203729862537835,25,20,20
34,8107,0.04163712908942359,0.1167520946766814,0.1212379866741427,0.7203727895597527,25,20,20
34,8108,0.04169043021133099,0.11675209974174704,0.1211832816010066,0.7203741884459159,25,20,20
34,8109,0.04169043021168061,0.1167520997417471,0.12279317855238235,0.7187642914941905,25,20,20
34,8110,0.04169043021167981,0.11675209974174275,0.1227929820262607,0.7187644880203173,25,20,20
34,8111,0.0416904302116794,0.1167520997417405,0.12315939968772746,0.7183980703588532,25,20,20
34,8112,0.04169043021163429,0.11675209974149814,0.12278627895203624,0.7187711910948318,25,20,20
34,8113,0.04190985139829805,0.11675209467482377,0.12256826215552913,0.7187697917713494,25,20,20
34,8114,0.04190985138801607,0.11675209467434339,0.12219681883189881,0.7191412351057421,25,20,20
34,8115,0.04190984295706089,0.11675209467409876,0.12218761605895083,0.71915044630989,25,20,20
34,8116,0.0419098429570609,0.11675225051939575,0.12218746020809934,0.7191504463154444,25,20,20
34,8117,0.0419098429570609,0.11675225051939575,0.12218746184414865,0.719150444679395,25,20,20
34,8118,0.0419098429570609,0.11675225051939156,0.12218745669017576,0.7191504498333721,25,20,20
34,8119,0.04190984295707216,0.11617359996877381,0.12276610724086268,0.7191504498332917,25,20,20
34,8120,0.04190984295705716,0.11676116387424619,0.12217854333532362,0.7191504498333734,25,20,20
34,8121,0.04190984295705636,0.11676116387424189,0.12217193738826307,0.7191570557804393,25,20,20
34,8122,0.041909842967437695,0.11676116387424189,0.12217201305480162,0.7191569801035194,25,20,20
34,8123,0.041909842967440894,0.11676116387424196,0.12217363660664889,0.719155356551669,25,20,20
34,8124,0.04190984296761982,0.11676116387448664,0.12217588945401425,0.7191531037038799,25,20,20
34,8125,0.04190991697982101,0.11651659482510515,0.12173470616350217,0.7198387820315721,25,20,20
34,8126,0.04190991697981712,0.11823616465886086,0.12001513632974836,0.7198387820315739,25,20,20
34,8127,0.04190991702718046,0.11653252106622668,0.12171876258822395,0.7198387993183694,25,20,20
34,8128,0.04190991702717726,0.11653252106622661,0.12171713763894237,0.7198404242676543,25,20,20
34,8129,0.041909917027058485,0.1165325210662351,0.12011199472086878,0.7214455671858377,25,20,20
34,8130,0.04190991702687635,0.11653252106599042,0.12010971327682154,0.7214478486303117,25,20,20
34,8131,0.04190991702687321,0.11653252106599042,0.12011204492562326,0.7214455169815133,25,20,20
34,8132,0.04190991702687321,0.11653252106599042,0.12011216075791455,0.721445401149222,25,20,20
34,8133,0.04190991702687695,0.11822801828980169,0.1184166635285437,0.7214454011547776,25,20,20
34,8134,0.04190991702687695,0.11822801828980169,0.11842326629430022,0.7214387983890213,25,20,20
34,8135,0.041909917026877005,0.11822801828980596,0.11842136565822989,0.7214406990250873,25,20,20
34,8136,0.04190991702687786,0.11822801829005057,0.11842516458466733,0.7214369000984044,25,20,20
34,8137,0.04190991702687786,0.11822801829005057,0.1184251625640741,0.7214369021189977,25,20,20
34,8138,0.04190569399973211,0.1182280182901051,0.11842938515075296,0.7214369025594101,25,20,20
34,8139,0.04190569399993964,0.11650020665939222,0.12015719678681444,0.7214369025538544,25,20,20
34,8140,0.04190569399973231,0.11822817764745132,0.11842922579896392,0.7214369025538528,25,20,20
34,8141,0.041905693999735504,0.1182281776474514,0.1184293077455873,0.7214368206072261,25,20,20
34,8142,0.041905693999732326,0.1182281776472068,0.1184311726153375,0.7214349557377236,25,20,20
34,8143,0.041905693999777,0.11822817764720678,0.11843396432589881,0.7214321640271177,25,20,20
34,8144,0.040948597348910154,0.11822826720343083,0.11939068447497649,0.7214324509726825,25,20,20
34,8145,0.0409485973489125,0.11822826720342654,0.11938606393320912,0.7214370715144517,25,20,20
34,8146,0.041462766731887146,0.11822857365794183,0.11887112802639246,0.7214375315837787,25,20,20
34,8147,0.04146276673188716,0.11822857365794183,0.11887127937729593,0.7214373802328751,25,20,20
34,8148,0.029959289842565132,0.11822878310759424,0.13037454633632511,0.7214373807135159,25,20,20
34,8149,0.029443806100672855,0.11822861195661666,0.13089121334114348,0.7214363686015673,25,20,20
34,8150,0.02944380762058713,0.09979932467848869,0.14932049909930462,0.7214363686016199,25,20,20
34,8151,0.029443806102016537,0.07933746020381906,0.16978236509244646,0.7214363686017182,25,20,20
34,8152,0.029443806102016527,0.07933746020381477,0.16977583963821485,0.7214428940559544,25,20,20
34,8153,0.029443806101834395,0.0793374602038147,0.16977583818128225,0.7214428955130692,25,20,20
34,8154,0.028507947042063265,0.07933746017827192,0.17071183136941648,0.7214427614102484,25,20,20
34,8155,0.028507947042060083,0.07933746017827184,0.17071177659387313,0.721442816185795,25,20,20
34,8156,0.028507947042060083,0.07933746017827191,0.1707117452128466,0.7214428475668214,25,20,20
34,8157,0.02859870031175489,0.07837544327189218,0.17158300884866595,0.721442847567687,25,20,20
34,8158,0.028598700311569275,0.07837544327213085,0.17184460565804702,0.7211812507582529,25,20,20
34,8159,0.028598700311569282,0.07837544327213085,0.17184922644293962,0.7211766299733603,25,20,20
34,8160,0.028598700311527243,0.07837544327188367,0.17158757711772846,0.7214382792988606,25,20,20
34,8161,0.02859870031152805,0.0783754432721275,0.17171702760693563,0.7213088288094088,25,20,20
34,8162,0.02859870031152805,0.0783754432721275,0.17171687521462342,0.721308981201721,25,20,20
34,8163,0.028598700311528096,0.07837544327212755,0.17208978186620058,0.7209360745501437,25,20,20
34,8164,0.028598700311531288,0.07837544327212326,0.17208524154787685,0.7209406148684684,25,20,20
34,8165,0.028598700311531302,0.07837544327212333,0.17208714673248973,0.7209387096838554,25,20,20
34,8166,0.028598700311485828,0.07837544327188307,0.17245354554675432,0.7205723108698766,25,20,20
34,8167,0.028598700383826014,0.07837544273466036,0.17245354600524768,0.7205723108762657,25,20,20
34,8168,0.02859870038729938,0.04963792111851245,0.201191062547049,0.7205723159471386,25,20,20
34,8169,0.028598700387299326,0.04963792111850812,0.20081796003823604,0.7209454184559558,25,20,20
34,8170,0.02859870362209811,0.04963767301710164,0.20081820490482852,0.720945418455971,25,20,20
34,8171,0.028598703622100544,0.04963767301685782,0.2007864960679246,0.7209771272931164,25,20,20
34,8172,0.028598703622097363,0.04963767301661555,0.20041962138979996,0.7213440019714862,25,20,20
34,8173,0.028598614671333653,0.04965184862967874,0.2022572294565476,0.7194923072424398,25,20,20
34,8174,0.028598614671333653,0.04965184862967866,0.20225714840015094,0.7194923882988364,25,20,20
34,8175,0.02859861467133046,0.04965184862967866,0.20225406633072207,0.7194954703682686,25,20,20
34,8176,0.028598648323113766,0.04965184862968295,0.20234218795100806,0.7194073150961952,25,20,20
34,8177,0.0285986483231593,0.04965184862968724,0.20234227137642014,0.7194072316707332,25,20,20
34,8178,0.028598648275814997,0.05136942624040162,0.20062471109974822,0.7194072143840351,25,20,20
34,8179,0.04010567775009326,0.051369216790692285,0.1891178919965008,0.7194072134627132,25,20,20
34,8180,0.040105677750093244,0.051369216790692285,0.1891178622666468,0.7194072431925672,25,20,20
34,8181,0.04010567775009324,0.05136921679069229,0.18921007221472583,0.7193150332444883,25,20,20
34,8182,0.040105644098309925,0.05136921679068794,0.18911534780300823,0.7194097913079935,25,20,20
34,8183,0.04010564409830988,0.05136921679068365,0.18911076011230527,0.7194143789987009,25,20,20
34,8184,0.0405620791152877,0.05136994839260128,0.18865010543895888,0.7194178670531518,25,20,20
34,8185,0.040562079115283874,0.05135561774458685,0.1886644360869789,0.7194178670531499,25,20,20
34,8186,0.04056207911268797,0.05135561774459107,0.188657987001474,0.7194243161412465,25,20,20
34,8187,0.0405620791126848,0.05135561774459099,0.18857229956010632,0.7195100035826174,25,20,20
34,8188,0.040562079109207894,0.08009368596663918,0.1598342364178681,0.7195099985062847,25,20,20
34,8189,0.04056211878828698,0.08009368530106933,0.15983316861454375,0.7195110272960998,25,20,20
34,8190,0.04056211877808699,0.08009368530106933,0.15983741483318606,0.7195067810876574,25,20,20
34,8191,0.04056211877809012,0.08009368530106499,0.15946434138620358,0.7198798545346412,25,20,20
34,8192,0.06598918047794736,0.07998020989594642,0.1340996011052799,0.719931008520827,25,20,20
34,8193,0.06598918047790182,0.07998020989594207,0.13409951625271888,0.7199310933734379,25,20,20
34,8194,0.06598918062459866,0.07998020991002358,0.13438357138470228,0.7196470380806761,25,20,20
34,8195,0.06598913763846741,0.08025259545054599,0.13411225750361752,0.7196460094073696,25,20,20
34,8196,0.06598913763845245,0.08024354185364471,0.13412131109507514,0.7196460094128283,25,20,20
34,8197,0.0659891376384493,0.08024354185364471,0.13438762879831664,0.7193796917095899,25,20,20
34,8198,0.0659891374915712,0.08024354183980341,0.13410396422101464,0.7196633564476113,25,20,20
34,8199,0.0659891374915712,0.08024354183980341,0.13410396560844084,0.719663355060185,25,20,20
34,8200,0.0659891374915712,0.08024354183980348,0.13410855099460295,0.7196587696740228,25,20,20
34,8201,0.06558602093305932,0.08024281074811207,0.13451588669986633,0.7196552816189624,25,20,20
34,8202,0.06558602093306011,0.08024281074836041,0.1346015770184562,0.7195695913001235,25,20,20
34,8203,0.06558602093305926,0.08024281074811589,0.13459685741952654,0.7195743108992986,25,20,20
34,8204,0.06558602093305926,0.08024281074811589,0.1345969718890908,0.7195741964297342,25,20,20
34,8205,0.06551683990285956,0.08024281024656472,0.13466615333762832,0.7195741965129475,25,20,20
34,8206,0.07999239535135587,0.08023226275276862,0.1202522993699996,0.7195230425258763,25,20,20
34,8207,0.07999240372828673,0.08023226275277297,0.12051787954776458,0.7192574539711762,25,20,20
34,8208,0.07999265801340404,0.0802180871096495,0.12053170741971247,0.7192575474572348,25,20,20
34,8209,0.08097035302485384,0.08021808760012764,0.1195539909507195,0.7192575684242997,25,20,20
34,8210,0.08097035302489937,0.08021808760013185,0.11955897826642291,0.7192525811085464,25,20,20
34,8211,0.08097035302489938,0.08021808760013185,0.11955898026861371,0.7192525791063555,25,20,20
34,8212,0.08097035302485386,0.08021808760012757,0.11955237149713736,0.7192591878778818,25,20,20
34,8213,0.08097035302485392,0.08021808760012757,0.11981400285769253,0.7189975565173267,25,20,20
34,8214,0.08097035302485389,0.08021808760012757,0.1198138863859374,0.7189976729890817,25,20,20
34,8215,0.08097035302485389,0.08021808760012757,0.11981388636297778,0.7189976730120413,25,20,20
34,8216,0.0442488746714285,0.08029400007718515,0.15645944826452707,0.7189976769868598,25,20,20
34,8217,0.0442488746714285,0.08029400007718515,0.15645933441533552,0.7189977908360512,25,20,20
34,8218,0.04424887467143164,0.08029400007718515,0.1561930167243944,0.7192641085269892,25,20,20
34,8219,0.04424887467143084,0.08029400007693681,0.15610234223893377,0.7193547830126991,25,20,20
34,8220,0.038308709196991315,0.08029400007690884,0.16204250770717393,0.7193547830189259,25,20,20
34,8221,0.0383087091969945,0.08029400007690893,0.16203598520045912,0.7193613055256375,25,20,20
34,8222,0.038308709196994556,0.08029400007690901,0.16203606778276117,0.7193612229433355,25,20,20
34,8223,0.03830870919699777,0.08029400007691329,0.16203626305053023,0.719361027675559,25,20,20
34,8224,0.038308709196997824,0.08029400007691337,0.1620427519708737,0.7193545387552153,25,20,20
34,8225,0.03837435021228694,0.08029402759153789,0.16197695233914497,0.7193546698570304,25,20,20
34,8226,0.03837435021228448,0.08029402759154226,0.1619790973531142,0.7193525248430592,25,20,20
34,8227,0.03837435021232681,0.08029402759154662,0.16198381492476183,0.7193478072713648,25,20,20
34,8228,0.03837435021232369,0.0802940275915508,0.16235684057749322,0.7189747816186324,25,20,20
34,8229,0.038374350212323736,0.0802940275915508,0.16235692169203753,0.7189747005040882,25,20,20
34,8230,0.03837435021233812,0.0785975525269192,0.16405339645341838,0.7189747008073245,25,20,20
34,8231,0.038374341835452366,0.07859755254072803,0.16416199558392555,0.718866110039894,25,20,20
34,8232,0.03837434183563306,0.07859755254072374,0.1644775657970917,0.7185505398265515,25,20,20
34,8233,0.038374341835587945,0.07859755252691059,0.16410338447233264,0.7189247211651688,25,20,20
34,8234,0.0383743418355872,0.07859755252691066,0.16410326974658979,0.7189248358909123,25,20,20
34,8235,0.038374341835832756,0.03864336388213571,0.20405745839667497,0.7189248358853562,25,20,20
34,8236,0.0383743418358327,0.038643363882135635,0.20379112578893094,0.7191911684931002,25,20,20
34,8237,0.03837434184614575,0.038643363882378635,0.20405587020075977,0.7189264240707152,25,20,20
34,8238,0.02607543510729085,0.03864338619493571,0.2163547009568869,0.718926477740886,25,20,20
34,8239,0.02607543510986583,0.03864338620878605,0.2166219534795983,0.7186592252017492,25,20,20
34,8240,0.026075435122117577,0.03862966080400007,0.2166356788666137,0.7186592252072681,25,20,20
34,8241,0.025097486143169846,0.0386296608072254,0.21761376066723073,0.7186590923823738,25,20,20
34,8242,0.02509748621132681,0.001121743601543563,0.2551216777588756,0.7186590924282548,25,20,20
34,8243,0.025097486198829313,0.0011215336708176532,0.25512188733600943,0.7186590927943445,25,20,20
34,8244,0.02509750971958834,0.0011215314830182337,0.25508753901388664,0.7186934197835076,25,20,20
34,8245,0.0643429456403336,0.0011217891241439948,0.21584195236025194,0.7186933128752706,25,20,20
34,8246,0.06434294563002058,0.0011217891239010734,0.21557561413653023,0.7189596511095485,25,20,20
34,8247,0.06434294564036863,0.0011217891378032029,0.21559675946105514,0.7189385057607732,25,20,20
34,8248,0.06434294563779043,0.001121789123948571,0.21532942611983288,0.7192058391184283,25,20,20
34,8249,0.06434294562743913,0.0011217891100507333,0.2152106009801483,0.719324664282362,25,20,20
34,8250,0.06434294889953064,0.0009635902607192868,0.2153687966288391,0.7193246642109099,25,20,20
34,8251,0.06434294889971272,0.0009635902609638078,0.21537354898664823,0.7193199118526743,25,20,20
34,8252,0.06435746118453112,0.0008494477183786425,0.2154731792601304,0.7193199118369585,25,20,20
34,8253,0.06435746112293202,0.02132040966830011,0.19500221771807105,0.7193199114906971,25,20,20
34,8254,0.064357461122932,0.021320409668540475,0.19463084518979756,0.7196912840187302,25,20,20
34,8255,0.064357461122932,0.021320409668540322,0.19462435000814643,0.7196977792003816,25,20,20
34,8256,0.06435746111635984,0.040067971585989584,0.17587678810012497,0.7196977791975259,25,20,20
34,8257,0.06435746111617913,0.040067971585989584,0.1755612512133231,0.7200133160845082,25,20,20
34,8258,0.0643574611162398,0.011315903081714871,0.20431331971763408,0.7200133160844108,25,20,20
34,8259,0.0643575705232715,0.011316019880997886,0.20250380043980198,0.7218226091559278,25,20,20
34,8260,0.06435757052327151,0.01131601988099796,0.20263332266165637,0.7216930869340732,25,20,20
34,8261,0.06435757052327469,0.01131601988099789,0.2025039642584704,0.721822445337256,25,20,20
34,8262,0.06435757052322921,0.011316019881238116,0.2025040517212898,0.7218223578742421,25,20,20
34,8263,0.06504177924210669,0.011315734716525257,0.20182015244466647,0.7218223335967012,25,20,20
34,8264,0.06504177924210666,0.01131573471652518,0.20181377599538408,0.7218287100459839,25,20,20
34,8265,0.06504177924467792,0.011315734730338345,0.20218795561839872,0.7214545304065848,25,20,20
34,8266,0.0650417792446937,0.011315734730380684,0.23872608554525548,0.684916400479669,25,20,20
34,8267,0.06625394710850735,0.011315712428807407,0.2375139379165391,0.6849164025461455,25,20,20
34,8268,0.06297761478008526,0.011239800453999846,0.24086604970308187,0.6849165350628325,25,20,20
34,8269,0.06297761478008526,0.01123980045399985,0.2408660476912468,0.6849165370746677,25,20,20
34,8270,0.06297761478008533,0.011239800454004136,0.24087265221179255,0.6849099325541177,25,20,20
34,8271,0.06297761478008533,0.011239800454004136,0.2408791447885044,0.6849034399774057,25,20,20
34,8272,0.06297761478026664,0.011239800467940568,0.24088508184578664,0.6848975029060059,25,20,20
34,8273,0.0629776147802666,0.011239800467940571,0.24088501327918238,0.6848975714726102,25,20,20
34,8274,0.0629776147803121,0.011239800467704557,0.2408849425786501,0.684897642173333,25,20,20
34,8275,0.06297761478054559,0.01204545903114927,0.24354104933525045,0.6814358768530546,25,20,20
34,8276,0.06297748230178235,0.012045344412346209,0.2453843141829581,0.6795928591029132,25,20,20
34,8277,0.06297748230160022,0.012045344412101611,0.24537948007900712,0.6795976932072911,25,20,20
34,8278,0.06297748230160022,0.012045344412105901,0.24537951352992224,0.6795976597563715,25,20,20
34,8279,0.06297748230160025,0.012045344412105974,0.24537959370219548,0.6795975795840983,25,20,20
34,8280,0.062977482358187,0.011239690180576316,0.24611816519275856,0.6796646622684779,25,20,20
34,8281,0.062977482358187,0.011239690180576316,0.2461179360434448,0.6796648914177917,25,20,20
34,8282,0.06297748235818695,0.011239690180580533,0.24611944360460808,0.6796633838566244,25,20,20
34,8283,0.0629802866610056,0.011239932827131758,0.2461164018401273,0.6796633786717352,25,20,20
34,8284,0.0629802866610056,0.01123993282713176,0.24611648150392568,0.679663299007937,25,20,20
34,8285,0.0957448278550987,0.011239690017612259,0.21335470273271676,0.6796607793945723,25,20,20
34,8286,0.09574482785509876,0.011239690017612259,0.21335478381282053,0.6796606983144684,25,20,20
34,8287,0.09574482785509876,0.011239690017612184,0.2133548358302538,0.6796606462970354,25,20,20
34,8288,0.09574482785491671,0.011239690003915968,0.21335329498205657,0.6796621871591109,25,20,20
34,8289,0.09574482785491671,0.011239690003916043,0.21335341025839696,0.6796620718827704,25,20,20
34,8290,0.09574482785491671,0.011239690003916045,0.21335329415680115,0.679662187984366,25,20,20
34,8291,0.09574482785491671,0.011239690003916043,0.21335318110908288,0.6796623010320844,25,20,20
34,8292,0.09574819145511819,0.011239690003916043,0.21334981750888146,0.6796623010320841,25,20,20
34,8293,0.09574819145511819,0.011239690003920335,0.21334335338537283,0.6796687651555886,25,20,20
34,8294,0.09574819145511819,0.011239690003920335,0.21334335397125628,0.6796687645697053,25,20,20
34,8295,0.09574819145511819,0.011239690003920335,0.2133479399421047,0.6796641785988569,25,20,20
34,8296,0.06663158676647071,0.011239685834936236,0.2425291274272252,0.6795995999713678,25,20,20
34,8297,0.0666316281457037,0.011239910112769185,0.24252946445220339,0.6795989972893237,25,20,20
34,8298,0.06663162814570374,0.011239910113013778,0.2425342188972697,0.6795942428440127,25,20,20
34,8299,0.07836159455493961,0.011239913636832646,0.2308043046914869,0.679594187116741,25,20,20
34,8300,0.07836159455493646,0.011239913636832643,0.23080881155931898,0.6795896802489121,25,20,20
34,8301,0.07836159455493641,0.011239913636832717,0.2308134308902439,0.6795850609179871,25,20,20
34,8302,0.07836159455511847,0.0112399136365882,0.23081339371941317,0.6795850980888802,25,20,20
34,8303,0.07836159455511847,0.011239913636588274,0.23081350958143965,0.6795849822268538,25,20,20
34,8304,0.07836159455511847,0.011239913636588272,0.230813506186374,0.6795849856219194,25,20,20
34,8305,0.08390811221285185,0.011239868515350587,0.2252670336773589,0.6795849855944387,25,20,20
34,8306,0.08390811221285185,0.01123986851535051,0.2252669184010185,0.6795851008707792,25,20,20
34,8307,0.08390811221285187,0.011239868515350438,0.22526882135404083,0.6795831979177568,25,20,20
34,8308,0.0783470790560968,0.011240068032539376,0.22769446437713728,0.6827183885342268,25,20,20
34,8309,0.07834707905869502,0.011240068032783957,0.2277016782404495,0.6827111746680717,25,20,20
34,8310,0.07834707905869502,0.011240068032783886,0.22770167820072804,0.6827111747077933,25,20,20
34,8311,0.07834707905851294,0.01124006803278381,0.22769691983870302,0.6827159330700004,25,20,20
34,8312,0.05433767452014107,0.01124006803467373,0.25170521860823514,0.6827170388369503,25,20,20
34,8313,0.05433767452009553,0.011240068034665146,0.25170045640481936,0.6827218010404201,25,20,20
34,8314,0.05433767452003454,0.039978014315508896,0.22296251012403492,0.6827218010404218,25,20,20
34,8315,0.05433770121172246,0.03997801483480693,0.22296248529980695,0.6827217986536634,25,20,20
34,8316,0.05433771074736948,0.03997801436071155,0.18326327329138276,0.7224210016005358,25,20,20
34,8317,0.05433771074736943,0.03997801436047122,0.18326167854960831,0.7224225963425507,25,20,20
34,8318,0.05433770120352137,0.03997801433231658,0.1829611435043605,0.7227231409598012,25,20,20
34,8319,0.05435496826972058,0.03997801331193984,0.1829438775012243,0.722723140917115,25,20,20
34,8320,0.05435496826972054,0.03997801331193992,0.18294395343555447,0.7227230649827847,25,20,20
34,8321,0.054354968269720555,0.03997801331193563,0.18294897498778626,0.722718043430557,25,20,20
34,8322,0.054356058098881235,0.03997783705243782,0.18608312746046696,0.7195829773882135,25,20,20
34,8323,0.054356058109194055,0.03997783705243779,0.18635018617271049,0.7193159186656574,25,20,20
34,8324,0.05435605810919404,0.03997783705243779,0.18635477210810766,0.7193113327302602,25,20,20
34,8325,0.05435605810919725,0.03997783705243787,0.18635708219435188,0.7193090226440126,25,20,20
34,8326,0.05435605810919803,0.03997783705243787,0.1864800084484341,0.7191860963899298,25,20,20
34,8327,0.054356058109198774,0.03997783705267817,0.18648200935360357,0.7191840954845192,25,20,20
34,8328,0.05435605810919958,0.03997783705267817,0.1864774621139744,0.7191886427241474,25,20,20
34,8329,0.05435605810920197,0.03997783705243366,0.1864724620490161,0.7191936427893478,25,20,20
34,8330,0.054356058098889146,0.03997783705242947,0.18620537631089537,0.7194607285377854,25,20,20
34,8331,0.03836609813794875,0.039977837051051915,0.2021834386407269,0.7194726261702716,25,20,20
34,8332,0.03836609813535448,0.03997783705081163,0.20217784711407025,0.7194782176997627,25,20,20
34,8333,0.04135303532874958,0.039977923735948634,0.19918028343515007,0.7194887575001506,25,20,20
34,8334,0.04135303532874958,0.039977923735948634,0.19918028402083615,0.7194887569144646,25,20,20
34,8335,0.04135303532875278,0.03997792373594856,0.19917729320703959,0.719491747728258,25,20,20
34,8336,0.04135303532875283,0.03997792373594856,0.1991773217689823,0.7194917191663153,25,20,20
34,8337,0.04135303532874965,0.03997792373595285,0.19918032094066998,0.7194887199946265,25,20,20
34,8338,0.03836559919498182,0.03997806392298894,0.19867682889857982,0.7229795079834485,25,20,20
34,8339,0.03836559919241057,0.03997806390917578,0.19830925431456517,0.7233470825838475,25,20,20
34,8340,0.038365599192410615,0.03997806390917149,0.1983046332439431,0.7233517036544739,25,20,20
34,8341,0.03836481253233071,0.039978066323148445,0.19829778512719934,0.7233593360173205,25,20,20
34,8342,0.03850025434996025,0.039977846793228904,0.20162002327339731,0.7199018755834126,25,20,20
34,8343,0.03850025434996024,0.039977846793228904,0.2016134182690147,0.7199084805877952,25,20,20
34,8344,0.03850025435000577,0.039977846793473576,0.2016182551935727,0.7199036436629471,25,20,20
34,8345,0.03850025435000577,0.039977846793473576,0.20161836904276423,0.7199035298137556,25,20,20
34,8346,0.07684510368822789,0.03999391713764505,0.16325740221075843,0.719903576963369,25,20,20
34,8347,0.07684510368822789,0.03999391713764505,0.16326389111294215,0.7198970880611851,25,20,20
34,8348,0.07684510368822715,0.03999391713788964,0.16313919556896597,0.7200217836049174,25,20,20
34,8349,0.07684510368818162,0.039993917137644976,0.16313436003174397,0.7200266191424296,25,20,20
34,8350,0.07684506186070428,0.039993882376166405,0.16313442039794457,0.720026635365185,25,20,20
34,8351,0.07684506186070428,0.039993882376166405,0.16312789872254868,0.7200331570405808,25,20,20
34,8352,0.07832238155902435,0.03997781727980153,0.16166669039332515,0.7200331107678491,25,20,20
34,8353,0.07832238155902435,0.039977817279801604,0.1616712777915199,0.7200285233696543,25,20,20
34,8354,0.07832238155902446,0.039977817279797316,0.16167284592248632,0.7200269552386922,25,20,20
34,8355,0.07832238155902446,0.039977817279797316,0.16167292780361273,0.7200268733575657,25,20,20
34,8356,0.07832238155902448,0.03997781727980153,0.16166842322691075,0.7200313779342635,25,20,20
34,8357,0.07832238155920657,0.039977817279810035,0.16167494839057425,0.7200248527704093,25,20,20
34,8358,0.07832238155921047,0.03828135833295143,0.1633714073373373,0.720024852770501,25,20,20
34,8359,0.07818694288030742,0.038281546600451265,0.16356349634433673,0.719968014174905,25,20,20
34,8360,0.07818694288030742,0.038281546600451265,0.16356361148244225,0.7199678990367994,25,20,20
34,8361,0.07818694288030743,0.038281546600451265,0.16356361089655877,0.7199678996226828,25,20,20
34,8362,0.07818694288030749,0.038281546600446976,0.16356347142847544,0.7199680390907705,25,20,20
34,8363,0.07818694288120272,0.038281546601653914,0.20009965792333592,0.6834318525938073,25,20,20
34,8364,0.07818694288120585,0.03828154660165392,0.20009965935004043,0.6834318511670997,25,20,20
34,8365,0.07818694288120587,0.03828154660189841,0.2001084796556405,0.6834230308612552,25,20,20
34,8366,0.08348833520440319,0.03828154306709573,0.19480709088297968,0.6834230308455218,25,20,20
34,8367,0.08435570064807592,0.038281539684642214,0.19394748573016637,0.6834152739371164,25,20,20
34,8368,0.08435570064807592,0.03828153968464651,0.1939521884452365,0.683410571222042,25,20,20
34,8369,0.08435570064807592,0.03828153968464222,0.19394748632480638,0.6834152733424764,25,20,20
34,8370,0.08435570064807592,0.03828153968464651,0.19394751411827763,0.6834152455490009,25,20,20
34,8371,0.08435570064807582,0.03999892119252964,0.19223013261039057,0.683415245549005,25,20,20
34,8372,0.08435570064807582,0.039998921192532476,0.20619991736977294,0.6694454607896192,25,20,20
34,8373,0.08435570064807589,0.03999892119252964,0.19223484842751468,0.6834105297318809,25,20,20
34,8374,0.08435813645961439,0.0399989252212401,0.19213788765159198,0.6835050506675546,25,20,20
34,8375,0.08435813645961432,0.03999892522099552,0.19213118319513187,0.6835117551242594,25,20,20
34,8376,0.0843581364594322,0.03999892522098701,0.1921246908045035,0.6835182475150782,25,20,20
34,8377,0.0843581364594284,0.03999963676445369,0.19212397926113808,0.6835182475149807,25,20,20
34,8378,0.0843581364594283,0.03999963676445369,0.1921223846888037,0.6835198420873151,25,20,20
34,8379,0.08435813645947376,0.039999636764453846,0.1921240071450868,0.6835182196309865,25,20,20
34,8380,0.08840559879141502,0.03999964725064489,0.18806667756756923,0.6835280763903717,25,20,20
34,8381,0.08482358018273647,0.04000125992279526,0.19164707877114068,0.6835280811233281,25,20,20
34,8382,0.08482358018273718,0.04000125992279104,0.19164707931992864,0.6835280805745435,25,20,20
34,8383,0.08482358018273713,0.04000125992254652,0.1916488485883126,0.6835263113064043,25,20,20
34,8384,0.08482358019311396,0.040001259936246966,0.19164819151899515,0.6835269683516444,25,20,20
34,8385,0.08482358019311396,0.0400012599362469,0.1916415887623376,0.683533571108302,25,20,20
34,8386,0.08482358019311315,0.04000125993624682,0.19163498230557774,0.6835401775650628,25,20,20
34,8387,0.08482358019306764,0.04000125993624667,0.19163339640077073,0.6835417634699155,25,20,20
34,8388,0.08482513100344324,0.03999964727303484,0.19163346055681335,0.6835417611667092,25,20,20
34,8389,0.07991019437673252,0.03999961169734565,0.19655826772823087,0.6835319261976914,25,20,20
34,8390,0.07991019437673172,0.03999961169734573,0.19656281500758147,0.6835273789183415,25,20,20
34,8391,0.07991038370118848,0.03999961208271549,0.20011862449782328,0.6799713797182743,25,20,20
34,8392,0.07991038369080845,0.03999961206877047,0.20011049189424834,0.6799795123461742,25,20,20
34,8393,0.10269380526057555,0.03999962388014991,0.1773238486859367,0.6799827221733384,25,20,20
34,8394,0.10256777893274133,0.039999623881796856,0.17744985039428482,0.6799827467911779,25,20,20
34,8395,0.10256777893274453,0.039999623881797,0.17744996570146349,0.6799826314839957,25,20,20
34,8396,0.10246813515687898,0.03999961863868347,0.1775482174546833,0.6799840287497547,25,20,20
34,8397,0.10246813515687894,0.03999961863868354,0.17754819086094734,0.6799840553434907,25,20,20
34,8398,0.10246813516384716,0.04000675511980438,0.17754107059246235,0.6799840391238868,25,20,20
34,8399,0.10246813516389276,0.040006755119808675,0.1775427041570904,0.6799824055592087,25,20,20
34,8400,0.10246813516389276,0.0400067551198086,0.17753803077204494,0.6799870789442544,25,20,20
34,8401,0.10246813516389597,0.040006755119808675,0.17753961654969033,0.6799854931666056,25,20,20
34,8402,0.10246813516398022,0.0002799270308396437,0.21726644463857275,0.6799854931666063,25,20,20
34,8403,0.10246813516398103,0.00027992703084400906,0.2172680730556746,0.6799838647494992,25,20,20
34,8404,0.10246813516398103,0.0002799270308440077,0.21726806965185255,0.6799838681533212,25,20,20
34,8405,0.10247639356852956,0.0002799271180320112,0.21726118517215035,0.6799824941412868,25,20,20
34,8406,0.10247639356852956,0.00027992711803193597,0.21726107189342123,0.679982607420016,25,20,20
34,8407,0.10247639356852956,0.00027992711802771826,0.21726104485916786,0.6799826344542736,25,20,20
34,8408,0.10247639356852956,0.0002799271180277948,0.21726574610655405,0.6799779332068876,25,20,20
34,8409,0.10247639356852956,0.00027992711802779486,0.21726111160604503,0.6799825677073966,25,20,20
34,8410,0.10247639356852956,0.0002799271180278701,0.21726118727185856,0.679982492041583,25,20,20
34,8411,0.11962220613161254,0.00027991529770492527,0.20011859878599458,0.6799792797846869,25,20,20
34,8412,0.11962220613161254,0.0002799152977050012,0.20049170374276465,0.6796061748279166,25,20,20
34,8413,0.1196222061316133,0.00027991529770492586,0.20086558887183842,0.6792322896988421,25,20,20
34,8414,0.11962220613179225,0.00027991529770492586,0.20086621264638682,0.6792316659241149,25,20,20
34,8415,0.11962220613179225,0.00027991529770485056,0.20086162528287896,0.6792362532876228,25,20,20
34,8416,0.11962220613179224,0.00027991529770906665,0.20086378892412038,0.6792340896463771,25,20,20
34,8417,0.11962220613179149,0.0002799152977047765,0.20086216651248942,0.6792357120580131,25,20,20
34,8418,0.11962220613179149,0.00027991529770906784,0.20086282798202518,0.679235050588473,25,20,20
34,8419,0.08299297221909807,0.000279915999571239,0.23749197556207846,0.6792351362192507,25,20,20
34,8420,0.08299297223453461,8.037462622206064e-06,0.23776385408347522,0.6792351362193665,25,20,20
34,8421,0.08299297223453542,8.037462866741596e-06,0.2373931114860178,0.6796058788165786,25,20,20
34,8422,0.08299297223438211,8.03746286516767e-06,0.25136094944642606,0.6656380408563264,25,20,20
34,8423,0.0829929722343821,8.037462860876057e-06,0.2513608666249334,0.6656381236778235,25,20,20
34,8424,0.0829929722343374,8.037462856662495e-06,0.2513591595586361,0.6656398307441695,25,20,20
34,8425,0.08299297223433738,8.037462860838129e-06,0.2517321462499032,0.6652668440528982,25,20,20
34,8426,0.08299297223433419,8.037462856621994e-06,0.2517298568149627,0.665269133487846,25,20,20
34,8427,0.08299297222760531,7.071858495231082e-07,0.2517371871019512,0.6652691334845933,25,20,20
34,8428,0.0829927778516665,7.133244881679245e-07,0.2516410631150558,0.6653654457087897,25,20,20
34,8429,0.05859751240509828,7.356627315267664e-07,0.27603236449166485,0.6653693874405049,25,20,20
34,8430,0.05859751240510069,7.356627315280989e-07,0.2756585275439765,0.6657432243881908,25,20,20
34,8431,0.05859753596797614,2.317927261482103e-07,0.275659007665575,0.6657432245737221,25,20,20
34,8432,0.05859753596797614,2.3179272185811707e-07,0.27565676810019446,0.6657454641391073,25,20,20
34,8433,0.058597535967976164,2.3179272185743712e-07,0.27602978888716484,0.6653724433521367,25,20,20
34,8434,0.05859493743294807,2.2787887661390587e-07,0.27602464497128787,0.6653801897168867,25,20,20
34,8435,0.05859493743294807,2.278788766138835e-07,0.27602464238799057,0.665380192300184,25,20,20
34,8436,0.05859493771528499,2.2167319640069103e-07,0.2761209787479144,0.6652838618636037,25,20,20
34,8437,0.07108129833093067,2.2779074704479985e-07,0.26363850930498134,0.6652799645733399,25,20,20
34,8438,0.07108129833092987,2.2779050250868563e-07,0.2636361773665087,0.6652822965120582,25,20,20
34,8439,0.07108129833090024,2.277904997925082e-07,0.24966605516516377,0.6792524187134353,25,20,20
34,8440,0.07108129833638958,0.020686321453485576,0.22897996149664063,0.6792524187134837,25,20,20
34,8441,0.07108129833638867,0.020686321453485576,0.228980001605448,0.6792523786046774,25,20,20
34,8442,0.07108129833643102,0.020686321453485656,0.228982239400649,0.6792501408094337,25,20,20
34,8443,0.07108129833643421,0.02068632145372941,0.22911243366503922,0.6791199465447965,25,20,20
34,8444,0.07284247998339237,0.020800837276923927,0.22669103075800107,0.6796656519816823,25,20,20
34,8445,0.07284247998339242,0.020800837277168433,0.22669765274604206,0.6796590299933967,25,20,20
34,8446,0.07284247997688423,0.03839607034663125,0.20910241968304444,0.6796590299934395,25,20,20
34,8447,0.09631828992894034,0.038281557338551,0.18628597440980357,0.6791141783227056,25,20,20
34,8448,0.09631828992894358,0.038281557338551,0.18600565029049354,0.6793945024420124,25,20,20
34,8449,0.09631828992894358,0.038281557338551,0.18600573137817467,0.6793944213543311,25,20,20
34,8450,0.09631828763937829,0.03907078234687957,0.18521654081207778,0.6793943892016641,25,20,20
34,8451,0.09631828763937506,0.03907078234687957,0.185123876952947,0.6794870530607982,25,20,20
34,8452,0.09631828763937506,0.03907078234687957,0.18512385047823002,0.6794870795355153,25,20,20
34,8453,0.09631828763937506,0.03907078234687957,0.18512385047823013,0.6794870795355153,25,20,20
34,8454,0.09631828763937506,0.03907078234687957,0.18512393098426286,0.6794869990294826,25,20,20
34,8455,0.09631828763937512,0.03907078234712192,0.18549693902047895,0.6791139909930243,25,20,20
34,8456,0.09633581567025157,0.03907078009794766,0.18547927506294853,0.6791141291688517,25,20,20
34,8457,0.09633581567025157,0.03907078009794766,0.18547938891214005,0.6791140153196601,25,20,20
34,8458,0.09633581567025157,0.039070780097947594,0.18547936045422453,0.6791140437775757,25,20,20
34,8459,0.10773090012743064,0.03907077649067121,0.1740852431324621,0.6791130802494358,25,20,20
34,8460,0.10773090012742742,0.03907077649067532,0.17434990756284627,0.6788484158190508,25,20,20
34,8461,0.10773089933652673,0.03828161337753569,0.17513907147324548,0.6788484158126923,25,20,20
34,8462,0.10773089933657219,0.03828161337778022,0.1751428637413832,0.6788446235442648,25,20,20
34,8463,0.10773089933657219,0.03828161337778022,0.17514278325969246,0.6788447040259554,25,20,20
34,8464,0.10773089933657218,0.03828161337778022,0.17513625271018182,0.678851234575466,25,20,20
34,8465,0.10773089933656899,0.03828161337753647,0.17501067718987265,0.6789768100960223,25,20,20
34,8466,0.10773089933656976,0.03828161337753658,0.17474904810604408,0.6792384391798499,25,20,20
34,8467,0.10773089933656972,0.038281613377296284,0.17474704720106826,0.6792404400850661,25,20,20
34,8468,0.10773089933661488,0.03828161416552693,0.17507684103314194,0.6789106454647166,25,20,20
34,8469,0.10773233574773293,0.038281614148049224,0.1750831697477179,0.6789028803564993,25,20,20
34,8470,0.10773233574773293,0.038281614148049224,0.17508305728595266,0.6789029928182644,25,20,20
34,8471,0.10773233575026557,0.03828161416190378,0.17534810546001423,0.6786379446278158,25,20,20
34,8472,0.10773233575026557,0.03828161416190378,0.1753481054598373,0.6786379446279927,25,20,20
34,8473,0.10773233575026557,0.03828161416190378,0.17534807210030845,0.6786379779875215,25,20,20
34,8474,0.10773233575022005,0.03828161416165918,0.1753442751603501,0.67864177492777,25,20,20
34,8475,0.10269296252394282,0.0382815857078731,0.18038374490647158,0.6786417068617118,25,20,20
34,8476,0.10280960255337158,0.03828158569510551,0.1802668786273269,0.6786419331241953,25,20,20
34,8477,0.10280960255079345,0.03828158568125517,0.18000413297680776,0.678904678791143,25,20,20
34,8478,0.10325392831305322,0.038282322531185374,0.1793586969173853,0.6791050522383757,25,20,20
34,8479,0.10325392831305241,0.0382823225311853,0.1793586968762496,0.6791050522795123,25,20,20
34,8480,0.1032539283132345,0.038282322531185374,0.17935419144040776,0.6791095577151721,25,20,20
34,8481,0.10325392833855215,0.039074299995537985,0.1785622139506319,0.6791095577152779,25,20,20
34,8482,0.10325392833837002,0.0390742999955337,0.17856862005286708,0.6791031516132293,25,20,20
34,8483,0.10325392833837321,0.039074299995537985,0.17856881534934207,0.6791029563167467,25,20,20
34,8484,0.10325392833837359,0.03907429920730734,0.1782412212768711,0.6794305511774481,25,20,20
34,8485,0.10325393671198668,0.039074299207315935,0.1785222448888108,0.6791495191918865,25,20,20
34,8486,0.10325393671198668,0.039074299207315935,0.17852228596656367,0.6791494781141337,25,20,20
34,8487,0.10325393671216881,0.039074299207560614,0.1785260844263673,0.6791456796539034,25,20,20
34,8488,0.10325393671221433,0.03907429920780518,0.17853490818664994,0.6791368558933306,25,20,20
34,8489,0.10325393671221433,0.03907429920780526,0.17853949556591414,0.6791322685140662,25,20,20
34,8490,0.08034927806173531,0.039074299222391876,0.20144415032541538,0.6791322723904573,25,20,20
34,8491,0.0803492780616898,0.03907429922214731,0.20143524552429418,0.6791411771918686,25,20,20
34,8492,0.04761527428593046,0.039074300049303484,0.23416299245224168,0.679147433212524,25,20,20
34,8493,0.0476152742859304,0.039074300049303484,0.23416294310369148,0.6791474825610743,25,20,20
34,8494,0.07024376712846038,0.03907429922056339,0.2115407071104953,0.6791412265404807,25,20,20
34,8495,0.07024391142394806,0.03829330993780756,0.21232153559558728,0.6791412430426575,25,20,20
34,8496,0.0702439114239481,0.03829330993781185,0.2123262397231844,0.679136538915056,25,20,20
34,8497,0.07344278806701882,0.03829262548263131,0.20932842321231082,0.6789361632380393,25,20,20
34,8498,0.0734427880670188,0.038292625482393254,0.20895549799404442,0.6793090884565437,25,20,20
34,8499,0.04933280687406138,0.03829262621138339,0.23245417638752172,0.679920390527034,25,20,20
34,8500,0.04933280687406138,0.03829262621138339,0.23245417781966282,0.6799203890948928,25,20,20
34,8501,0.04933280687401591,0.03829262621138768,0.23245660111001215,0.6799179658045847,25,20,20
34,8502,0.049332806874015984,0.03829262621138336,0.2320882953880544,0.6802862715265465,25,20,20
34,8503,0.030314319803197303,0.038327275441718156,0.25090688634666514,0.6804515184084178,25,20,20
34,8504,0.030314175459549775,0.03871920819861577,0.25051510405928235,0.680451512282551,25,20,20
34,8505,0.03031417542389205,0.03831627854989882,0.25091804412007684,0.6804515019061311,25,20,20
34,8506,0.030314175423892368,0.039598125526086256,0.24963619713848254,0.6804515019115377,25,20,20
34,8507,0.030314175423892368,0.039598125526086256,0.24963627617157166,0.6804514228784485,25,20,20
34,8508,0.030314175423937897,0.039598125526330845,0.24964297923052825,0.6804447198192021,25,20,20
34,8509,0.030314175423934706,0.03959812552632656,0.2496429457437611,0.6804447533059766,25,20,20
34,8510,0.02667102876446902,0.03959807267420121,0.253286006448267,0.6804448921130617,25,20,20
34,8511,0.02667102876446902,0.03959807267420113,0.25328130715821645,0.6804495914031127,25,20,20
34,8512,0.02667102876446954,0.039598072674203975,0.2672510963593443,0.6664798022019812,25,20,20
34,8513,0.026671028764469536,0.039598072674203975,0.2672509339639298,0.6664799645973958,25,20,20
34,8514,0.026671028764469015,0.03959807267420113,0.2532811801686959,0.6804497183926331,25,20,20
34,8515,0.026672010726683185,0.03959807266526761,0.25328033657613896,0.6804495800319086,25,20,20
34,8516,0.026672010726683196,0.039598072665267534,0.25327578917653676,0.680454127431511,25,20,20
34,8517,0.02667201072668321,0.03959807266526761,0.25327586970690463,0.6804540469011432,25,20,20
34,8518,0.02667201072668575,0.03959807318198502,0.26726556060669454,0.6664643554846335,25,20,20
34,8519,0.02667201072668575,0.03959807318198502,0.26726544875511427,0.6664644673362138,25,20,20
34,8520,0.026672010726643422,0.03959807318174473,0.2672588652160675,0.6664710508755429,25,20,20
34,8521,0.026672010726643408,0.03959807318174465,0.26725237488182296,0.6664775412097876,25,20,20
34,8522,0.026672010726686336,0.039598072665267534,0.25326468492635384,0.6804652316816909,25,20,20
34,8523,0.027357211653168484,0.039598950862469263,0.2525785859014284,0.680465251582932,25,20,20
34,8524,0.02742955235094489,0.03960034830860874,0.2524984367771074,0.6804716625633374,25,20,20
34,8525,0.02742955235089936,0.03960034830836416,0.252491733702883,0.6804783656378518,25,20,20
34,8526,0.02742955235089942,0.039600348308603935,0.2525793260805218,0.6803907732599734,25,20,20
34,8527,0.027429552350899406,0.03960034830860401,0.2525792547007255,0.6803908446397696,25,20,20
34,8528,0.027355719969932468,0.03959895085394328,0.2526610319681514,0.6803842972079714,25,20,20
34,8529,0.027355719969932468,0.03959895085394328,0.25266103197690903,0.680384297199214,25,20,20
34,8530,0.027355719969932482,0.039598950853943354,0.25266114691510494,0.6803841822610178,25,20,20
34,8531,0.027355719969932496,0.039598950853943354,0.2526612610399856,0.6803840681361372,25,20,20
34,8532,0.027355719969933343,0.03959895085418561,0.25303494208243665,0.680010387093443,25,20,20
34,8533,0.0273557199697544,0.039598950854185515,0.25303960862600133,0.6800057205500574,25,20,20
34,8534,0.02735571996975441,0.039598950854185515,0.25303972251461404,0.6800056066614446,25,20,20
34,8535,0.02735571159614132,0.03959895085417692,0.25275869958296143,0.6802866379667192,25,20,20
34,8536,0.027337470220379845,0.03960044336803195,0.25277544414080727,0.6802866422707794,25,20,20
34,8537,0.02733747022037985,0.03960044336802766,0.25277090378671135,0.6802911826248796,25,20,20
34,8538,0.0273374702203799,0.039600443368271725,0.25286319891386044,0.6801988874974864,25,20,20
34,8539,0.0273374702203799,0.03960044336803196,0.25277750889261674,0.6802845775189698,25,20,20
34,8540,0.027337470220379946,0.039600443368032034,0.25278198018306397,0.6802801062285223,25,20,20
34,8541,0.027337470220557623,0.0396004433818824,0.25304463134776717,0.6800174550497912,25,20,20
34,8542,0.027337470220557675,0.03960044338188662,0.25304463545463685,0.6800174509429172,25,20,20
34,8543,0.027337470220557675,0.03960044338164682,0.25321867220646527,0.6798434141913288,25,20,20
34,8544,0.027337470220603156,0.039600443381646824,0.2532141263275833,0.6798479600701652,25,20,20
34,8545,0.027337470220606338,0.039600443381646824,0.25321411165171304,0.6798479747460323,25,20,20
34,8546,0.027337470220606338,0.03960044338164675,0.2532141096856888,0.6798479767120564,25,20,20
34,8547,0.03277667970109707,0.03960044340635372,0.24777512988051056,0.6798477470120374,25,20,20
34,8548,0.03277667970109393,0.03960044340635372,0.24777976392371406,0.6798431129688371,25,20,20
34,8549,0.03277667970109389,0.03960044340635372,0.24777543767235477,0.6798474392201963,25,20,20
34,8550,0.03277667970109367,0.04000559439182604,0.24737028669228509,0.679847439214794,25,20,20
34,8551,0.03277667970109367,0.04000559439182604,0.24737017360136881,0.6798475523057103,25,20,20
34,8552,0.03277667970109362,0.04000559439182175,0.24736997634854185,0.6798477495585417,25,20,20
34,8553,0.03277667970113911,0.04000559439181749,0.24710387414389637,0.6801138517631459,25,20,20
34,8554,0.032776677644434725,0.040007127071187636,0.24710221779269267,0.6801139774916842,25,20,20
34,8555,0.03277667764443471,0.040007127071187636,0.24710879645387954,0.6801073988304974,25,20,20
34,8556,0.032776677644480105,0.04000712707118779,0.24723402588171559,0.679982169402616,25,20,20
34,8557,0.032776677644525576,0.0400071270711835,0.24723861063097796,0.6799775846533125,25,20,20
34,8558,0.03277667764452628,0.04000712707118736,0.2518973999521323,0.6753187953321534,25,20,20
34,8559,0.03277667764448077,0.040007127071187434,0.2522612149058185,0.6749549803785128,25,20,20
34,8560,0.0327766776446622,0.04000712707119216,0.24760658778995204,0.6796096074941932,25,20,20
34,8561,0.03277667764466299,0.040007127071187865,0.24760662578873505,0.6796095694954137,25,20,20
34,8562,0.032776677644708506,0.04000712707118794,0.24723364510764623,0.6799825501764569,25,20,20
34,8563,0.027241286457579603,0.040007126357082194,0.2533803390073568,0.6793712481779814,25,20,20
34,8564,0.02173764205719454,0.040007148290470945,0.258883961650627,0.6793712480017081,25,20,20
34,8565,0.06173397305969343,0.04000714827561403,0.21888763030942116,0.6793712483552712,25,20,20
34,8566,0.06173397305965107,0.04000714827561418,0.21906690344663488,0.6791919752180996,25,20,20
34,8567,0.06173397305947292,0.04000714827560567,0.21906497923577647,0.6791938994291447,25,20,20
34,8568,0.06173397305947294,0.04000714827560567,0.21906512871972025,0.6791937499452007,25,20,20
34,8569,0.0774780405642656,0.040005655761440106,0.20332255803389707,0.6791937456403971,25,20,20
34,8570,0.07747804056426556,0.0400056557616841,0.2034101520918815,0.6791061515821687,25,20,20
34,8571,0.0774780405642624,0.0400056557614396,0.20340627247907847,0.6791100311952195,25,20,20
34,8572,0.0806838765565853,0.0400047779511904,0.20020133716929622,0.6791100083229286,25,20,20
34,8573,0.0806838765565853,0.040004777951194684,0.2003307428371071,0.6789806026551133,25,20,20
34,8574,0.08068387655640442,0.04000477793734431,0.20006332241340957,0.6792480230928422,25,20,20
34,8575,0.08068387655640763,0.0400047779373486,0.20006340524811944,0.6792479402581248,25,20,20
34,8576,0.08068387655640759,0.04000477793734868,0.2000634592889028,0.6792478862173416,25,20,20
34,8577,0.08068387655640681,0.04000477793710641,0.19968974556471505,0.6796215999417722,25,20,20
34,8578,0.08068387655640602,0.040004777937106495,0.19968754322130347,0.6796238022851844,25,20,20
34,8579,0.08068463382039677,0.040004529642721526,0.19968703425179604,0.6796238022850851,25,20,20
34,8580,0.08068463382044505,0.0400045304309521,0.20001682599126192,0.6792940097573404,25,20,20
34,8581,0.08068463382044513,0.0400045304311967,0.2000214043217604,0.6792894314265975,25,20,20
34,8582,0.08068463382039959,0.04000453043119662,0.20001467169390158,0.6792961640545018,25,20,20
34,8583,0.0820490533428703,0.040004777947166836,0.19864874164005383,0.6792974270699083,25,20,20
34,8584,0.08732462994054047,0.040004778516187674,0.1933730617006304,0.6792975298426407,25,20,20
34,8585,0.0873246299404951,0.040004778516187604,0.19324791536193991,0.6794226761813768,25,20,20
34,8586,0.0873246299404951,0.04000477851618753,0.19324324252484268,0.679427349018474,25,20,20
34,8587,0.10628985899089038,0.04000477795376381,0.17427811680801195,0.6794272462473336,25,20,20
34,8588,0.10628985899089034,0.04000477795351921,0.17427337470479176,0.6794319883507984,25,20,20
34,8589,0.10628985899089034,0.04000477795351922,0.17427340235267097,0.679431960702919,25,20,20
34,8590,0.10628985899089351,0.04000477795351922,0.17427343566202286,0.679431927393564,25,20,20
34,8591,0.12480762819408568,0.03997012872318634,0.15595556257101753,0.6792666805117104,25,20,20
34,8592,0.1237733759981579,0.039969864793726786,0.15694840019297826,0.6793083590151369,25,20,20
34,8593,0.1237733759981579,0.039969864793482725,0.15685622013401718,0.6794005390743421,25,20,20
34,8594,0.12377337599815792,0.039969864793724996,0.15722922670406192,0.6790275325040551,25,20,20
34,8595,0.12377337599815792,0.039969864793724996,0.1572293411656106,0.6790274180425064,25,20,20
34,8596,0.12377337599815558,0.03996986479396538,0.15723388605019062,0.6790228731576883,25,20,20
34,8597,0.12424820277380089,0.03996986429744407,0.15675899397703708,0.6790229389517173,25,20,20
34,8598,0.15828711465272946,0.03996833160267288,0.12272174294835095,0.6790228107962468,25,20,20
34,8599,0.15828711465272946,0.03996833160267287,0.12272174093186423,0.6790228128127335,25,20,20
34,8600,0.15828711465288106,0.03996833161467533,0.1287040340933335,0.6730405196391103,25,20,20
34,8601,0.1582871146528811,0.0399683316146754,0.12870400317458391,0.6730405505578596,25,20,20
34,8602,0.15828711465288112,0.03996833161467542,0.12857467827932412,0.6731698754531193,25,20,20
34,8603,0.15828711465288114,0.039968331614679706,0.12857938242507458,0.6731651713073645,25,20,20
34,8604,0.15828711465288112,0.03996833161467963,0.128579379923114,0.6731651738093253,25,20,20
34,8605,0.15828711465287731,0.03999906036269956,0.12854865117519534,0.6731651738092278,25,20,20
34,8606,0.15828711465287967,0.03999906036245489,0.12854618777440208,0.6731676372102633,25,20,20
34,8607,0.15828711465287967,0.03999906036245489,0.128546159324803,0.6731676656598624,25,20,20
34,8608,0.1582871146528765,0.039999060362699485,0.12854871606743207,0.673165108916992,25,20,20
34,8609,0.15437723772944392,0.039999059984377784,0.1324585928329896,0.6731651094531892,25,20,20
34,8610,0.1543772377294407,0.03999905919614722,0.1325027187951824,0.6731209842792303,25,20,20
34,8611,0.15437723772944076,0.039999059196147296,0.13276905151466048,0.6728546515597522,25,20,20
34,8612,0.1543772377293952,0.039999059196147144,0.13276893035255954,0.6728547727218986,25,20,20
34,8613,0.15437723772935014,0.03999905919615136,0.13239505052135503,0.673228652553144,25,20,20
34,8614,0.15437723787727772,0.03999905919663626,0.13239982272261824,0.6732238802034685,25,20,20
34,8615,0.15437723787727772,0.03999905919663626,0.13239967323870597,0.6732240296873805,25,20,20
34,8616,0.15437723787727772,0.03999905919639167,0.1323949473902898,0.6732287555360413,25,20,20
34,8617,0.15484761831905908,0.03999905938086915,0.1318692025299584,0.6732841197701138,25,20,20
34,8618,0.15484761832921715,0.039999059369109545,0.12597460745186462,0.6791787148498092,25,20,20
34,8619,0.15484761832921795,0.03999905936935407,0.1259784375720246,0.6791748847294038,25,20,20
34,8620,0.15484761832939692,0.039999059369354,0.12597838971475694,0.6791749325864923,25,20,20
34,8621,0.15484761832939684,0.03999905936934978,0.1259783835960192,0.6791749387052343,25,20,20
34,8622,0.15484761832944238,0.03999905936934558,0.12597607489397405,0.679177247407238,25,20,20
34,8623,0.15484761832944233,0.0399990593693455,0.12608284542383663,0.6790704768773757,25,20,20
34,8624,0.1548476183292602,0.0399990593693455,0.12608289337750064,0.6790704289238937,25,20,20
34,8625,0.15484761833184016,0.03999905936958436,0.12633490507100428,0.6788184172275713,25,20,20
34,8626,0.11844014849627574,0.039999059385582236,0.16274237313881443,0.6788184189793276,25,20,20
34,8627,0.1148517258883288,0.039999104155398715,0.12678758836710224,0.7183615815891704,25,20,20
34,8628,0.11485172588837432,0.03999910415539879,0.1267876347570197,0.7183615351992074,25,20,20
34,8629,0.11485172588837432,0.03999910415539879,0.1267941252973768,0.7183550446588504,25,20,20
34,8630,0.11485172574044668,0.0399991041549096,0.12678927229836517,0.7183598978062788,25,20,20
34,8631,0.1148517257404475,0.0399991041549096,0.12678942180742014,0.7183597482972232,25,20,20
34,8632,0.1148517257404475,0.0399991041549096,0.1267893067737642,0.718359863330879,25,20,20
34,8633,0.11485172574057849,0.039999104154842,0.1378437071879202,0.7073054629166596,25,20,20
34,8634,0.1536401168514664,0.03999938677389556,0.09897836516580001,0.7073821312088383,25,20,20
34,8635,0.15364011685146953,0.03999938677389563,0.09897834002361015,0.707382156351025,25,20,20
34,8636,0.15364011685146947,0.03999938677389571,0.09897842686041321,0.7073820695142217,25,20,20
34,8637,0.15364011685147,0.039977521394651674,0.09900029223965508,0.7073820695142236,25,20,20
34,8638,0.15364011685146994,0.03997752139440941,0.09862725282596037,0.7077551089281606,25,20,20
34,8639,0.15364011685151546,0.039977521394409486,0.09826080142589952,0.7081215603281756,25,20,20
34,8640,0.15364011685151546,0.039977521394409486,0.09826076607362548,0.7081215956804497,25,20,20
34,8641,0.1536401168515163,0.03997752139440941,0.09839069019783517,0.7079916715562393,25,20,20
34,8642,0.15364011685151868,0.039977521394413774,0.09826301705090858,0.7081193447031592,25,20,20
34,8643,0.1536401168412514,0.03997752139417937,0.09799756033149697,0.7083848014330725,25,20,20
34,8644,0.15364011684124826,0.03997752139417515,0.09800214067617335,0.7083802210884034,25,20,20
34,8645,0.15364011684312223,0.0399775214044408,0.10905827837802422,0.6973240833744124,25,20,20
34,8646,0.15364011684312195,0.03996871340325137,0.10906708637365943,0.6973240833799669,25,20,20
34,8647,0.15364011684312195,0.03996871340325559,0.1090625817560799,0.6973285879975423,25,20,20
34,8648,0.1536401168431251,0.039968713403494296,0.10932873703154905,0.6970624327218313,25,20,20
34,8649,0.1536401168431251,0.03996871340349422,0.10932876844743991,0.6970624013059405,25,20,20
34,8650,0.1536401168412471,0.039968713393228494,0.09827042544047909,0.7081207443250451,25,20,20
34,8651,0.15364011684124712,0.03996871339322857,0.09827050710762415,0.7081206626579001,25,20,20
34,8652,0.15364011684124398,0.03996871339298558,0.09800885807246353,0.7083823116933068,25,20,20
34,8653,0.15325774420431887,0.03996870795732059,0.09843414791388376,0.7083393999244767,25,20,20
34,8654,0.1532577442043157,0.03996870795732052,0.09843197831921563,0.708341569519148,25,20,20
34,8655,0.15874057255493773,0.03996870777020612,0.0930045143958733,0.7082862052789828,25,20,20
34,8656,0.1587405725548954,0.039968707770205975,0.09300905657192578,0.7082816631029728,25,20,20
34,8657,0.15874057255484994,0.039968707770210186,0.09300260138175613,0.7082881182931837,25,20,20
34,8658,0.15947424582658237,0.03996842514686022,0.09234594481185993,0.7082113842146971,25,20,20
34,8659,0.1594765194390366,0.039968425146830765,0.09234367120716946,0.7082113842069628,25,20,20
34,8660,0.15947651943899108,0.03996842514682219,0.09234853041774006,0.7082065249964464,25,20,20
34,8661,0.1594765194391732,0.039968425146826476,0.09235082188402705,0.708204233529973,25,20,20
34,8662,0.1252447233912461,0.039968425147508355,0.1265710505403541,0.708215800920891,25,20,20
34,8663,0.1252447233912429,0.03996842514750828,0.12657096745680307,0.7082158840044452,25,20,20
34,8664,0.1187378945124475,0.03996866813448687,0.1330775330243157,0.70821590432875,25,20,20
34,8665,0.11873789452282586,0.03996866813473155,0.1330752193737273,0.7082182179687153,25,20,20
34,8666,0.11873789452282592,0.03996866813473155,0.13307983862109887,0.7082135987213437,25,20,20
34,8667,0.11873789452282586,0.03996866813473163,0.13307525103365264,0.7082181863087896,25,20,20
34,8668,0.1187379052979474,0.010720249804139492,0.1623236585082464,0.7082181863896672,25,20,20
34,8669,0.11873790529794817,0.010720249804139563,0.16233018445625358,0.7082116604416592,25,20,20
34,8670,0.11873790529794785,0.010720249805777017,0.1976259943506823,0.6729158505455934,25,20,20
34,8671,0.11873790529794785,0.010720249805772726,0.19763253171942596,0.6729093131768541,25,20,20
34,8672,0.11873790529813069,0.010720249805772802,0.1976389739479703,0.6729028709481267,25,20,20
34,8673,0.1187379057514351,0.01072253313284382,0.16226554686042965,0.708274014255292,25,20,20
34,8674,0.11873790575143435,0.010722533132843817,0.16226539876585974,0.7082741623498626,25,20,20
34,8675,0.11873790575143431,0.010722533132843819,0.16226532026955712,0.7082742408461652,25,20,20
34,8676,0.11873790575143434,0.01072253313284811,0.16226540306924325,0.7082741580464749,25,20,20
34,8677,0.12500130577530424,0.010722290147453198,0.15600226634752015,0.708274137729722,25,20,20
34,8678,0.12500130585482994,0.01072229014581569,0.16060388950857304,0.7036725144907817,25,20,20
34,8679,0.12500130585478433,0.010722290145815687,0.16060809882925495,0.7036683051701454,25,20,20
34,8680,0.12500130531996573,0.010720006709268964,0.15598155984066758,0.7082971281300975,25,20,20
34,8681,0.12500130531996567,0.010720006709268964,0.15598155945688505,0.70829712851388,25,20,20
34,8682,0.12502118308389862,0.010721947976780279,0.15595958323515613,0.708297285704165,25,20,20
34,8683,0.12502118308389865,0.010721947976775987,0.15595941444042016,0.7082974544989051,25,20,20
34,8684,0.12502118308389865,0.010721947976775987,0.15595952678681355,0.7082973421525118,25,20,20
34,8685,0.1250211830735171,0.010721947976531376,0.15595725279940095,0.7082996161505506,25,20,20
34,8686,0.12502117229841356,0.038274885046255515,0.12840432628794474,0.7082996163673857,25,20,20
34,8687,0.1250211722984135,0.03827488504625559,0.12841090260242635,0.708293040052904,25,20,20
34,8688,0.12502117229841356,0.038274885046259886,0.128409001976797,0.7082949406785292,25,20,20
34,8689,0.12502117229841356,0.0382748850462641,0.12840908337116624,0.7082948592841558,25,20,20
34,8690,0.12502117229860293,0.03825120665191729,0.1284327620684993,0.7082948589809801,25,20,20
34,8691,0.1250211722962051,0.03825120665168271,0.12818302483284272,0.708544596219269,25,20,20
34,8692,0.1250211722962051,0.03825120665168271,0.12818772689506935,0.7085398941570424,25,20,20
34,8693,0.12502117229620505,0.0382512066516785,0.12855612658785676,0.7081714944642593,25,20,20
34,8694,0.12502069710930278,0.038251161866081226,0.12810651789935623,0.7086216231252596,25,20,20
34,8695,0.12502069710930278,0.038251161866081226,0.12810189545610218,0.7086262455685136,25,20,20
34,8696,0.12502069710930155,0.0382511618660769,0.12836626121175762,0.7083618798128637,25,20,20
34,8697,0.12500942137618926,0.03825116187856172,0.12837744109145469,0.7083619756537941,25,20,20
34,8698,0.12500942137619003,0.0382511618785575,0.1283838508775049,0.7083555658677473,25,20,20
34,8699,0.125009421375998,0.039978960739225466,0.12665605201702307,0.7083555658677533,25,20,20
34,8700,0.15328132429042618,0.03997701944499737,0.09838625002187339,0.7083554062427032,25,20,20
34,8701,0.1532813242902453,0.0399770194452377,0.09812432425363025,0.708617332010887,25,20,20
34,8702,0.1532813242902454,0.0399770194452377,0.1027830837928134,0.7039585724717036,25,20,20
34,8703,0.1532813242902453,0.03997701944523777,0.09812429283773932,0.7086173634267777,25,20,20
34,8704,0.1532813242902453,0.0399770194452377,0.09812432425363016,0.708617332010887,25,20,20
34,8705,0.15328132429006322,0.039977019445233415,0.09812665523468608,0.7086150010300172,25,20,20
34,8706,0.1532813242900632,0.03997701944523349,0.0981246224543732,0.7086170338103299,25,20,20
34,8707,0.15328132429006314,0.039977019445233415,0.09811992270130769,0.7086217335633956,25,20,20
34,8708,0.15328132429010866,0.03997701944523778,0.09811995738223458,0.7086216988824188,25,20,20
34,8709,0.15328132429010863,0.03997701944523778,0.09811529385542789,0.7086263624092255,25,20,20
34,8710,0.15328132429015395,0.039977019444993274,0.09823824138969467,0.7085034148751579,25,20,20
34,8711,0.15328132429015473,0.0399770194449932,0.09860754032298295,0.708134115941869,25,20,20
34,8712,0.15328132429052518,0.03997701944502621,0.09860876178903481,0.708132894475413,25,20,20
34,8713,0.1532813242907073,0.03997701944527074,0.09861348139868852,0.7081281748653327,25,20,20
34,8714,0.15328132429070734,0.03997701945918211,0.0987059076248618,0.7080357486252481,25,20,20
34,8715,0.1532813242907074,0.03997701945918211,0.09869938593916733,0.7080422703109425,25,20,20
34,8716,0.14751640979971337,0.04083915916078217,0.10354035075935654,0.7081040802801468,25,20,20
34,8717,0.14751640979971328,0.04083915916053758,0.10353555383551871,0.7081088772042292,25,20,20
34,8718,0.1475131983056764,0.0399773691413414,0.10447393270887176,0.7080354998441097,25,20,20
34,8719,0.14751319830549425,0.03997736914109681,0.10446909921838063,0.7080403333350276,25,20,20
34,8720,0.14751319830549417,0.03997736912718543,0.10437678744146557,0.708132645125854,25,20,20
34,8721,0.1475131982259555,0.03997736912715299,0.10446979928640905,0.7080396333604818,25,20,20
34,8722,0.1475131982259547,0.03997736912715291,0.1044632327912949,0.7080461998555968,25,20,20
34,8723,0.1475131982259579,0.03997736912715284,0.10445825102866176,0.7080511816182269,25,20,20
34,8724,0.14751319822591236,0.03997736912714848,0.10445163639604697,0.7080577962508916,25,20,20
34,8725,0.1475131982259124,0.039977369127148554,0.10454389073716415,0.7079655419097741,25,20,20
34,8726,0.14751319822595085,0.03997736913890401,0.110821011676707,0.7016884209584375,25,20,20
34,8727,0.14751319837251592,0.039977369138912436,0.11082149931860076,0.7016879331699702,25,20,20
34,8728,0.14751319837251595,0.039977369138916724,0.1108216155306091,0.7016878169579575,25,20,20
34,8729,0.1475131983726981,0.03997736913891681,0.11082312620257558,0.7016863062858089,25,20,20
34,8730,0.14751319837256627,0.039977369138739886,0.09976492844131743,0.7127445040473759,25,20,20
34,8731,0.14751319837274685,0.03997736913874416,0.09957091598204748,0.7129385165064608,25,20,20
34,8732,0.14751319822618178,0.03997736913873573,0.09919744036171282,0.7133119922733689,25,20,20
34,8733,0.14751319822618178,0.03997736913873573,0.09920404336796125,0.7133053892671204,25,20,20
34,8734,0.14751319822618178,0.03997736913873574,0.09920401059474919,0.7133054220403325,25,20,20
34,8735,0.14751319822618172,0.03997736913873574,0.09957703108549061,0.712932401549591,25,20,20
34,8736,0.14751319822618247,0.03997736913873144,0.09958356844658234,0.7129258641885029,25,20,20
34,8737,0.14751319822614403,0.039977369126975984,0.0933065279573659,0.7192029046895132,25,20,20
34,8738,0.14751319822614398,0.03997736912697591,0.09321434808973067,0.7192950845571485,25,20,20
34,8739,0.14751319830316753,0.03997736317874157,0.09321435396078888,0.719295084557301,25,20,20
34,8740,0.14751319830316753,0.03997736317874157,0.09284287185695557,0.7196665666611343,25,20,20
34,8741,0.14751319830316753,0.03997736317874157,0.0928363473116559,0.719673091206434,25,20,20
34,8742,0.1475131983034605,0.014149336494586074,0.11866437399561647,0.719673091206336,25,20,20
34,8743,0.1475131983034605,0.014149336494585997,0.11866503268113028,0.7196724325208222,25,20,20
34,8744,0.1475131983034605,0.014149336494588792,0.13263485945993828,0.7057026057420118,25,20,20
34,8745,0.15920721955183312,0.014149336494435203,0.12094083818185496,0.7057026057718763,25,20,20
34,8746,0.11925161515407856,0.01414933735619418,0.16089644160231867,0.7057026058874097,25,20,20
34,8747,0.11925161515408174,0.014149337356198473,0.16089652442694694,0.7057025230627741,25,20,20
34,8748,0.1192516151540819,0.014149337356202689,0.16076862108408907,0.7058304264056272,25,20,20
34,8749,0.1192516151540819,0.014149337356202689,0.16076862108391216,0.7058304264058041,25,20,20
34,8750,0.11925161515408195,0.014149337356202614,0.16076866900531336,0.7058303784844029,25,20,20
34,8751,0.11925161515407876,0.014149337356198319,0.16077075185879688,0.7058282956309267,25,20,20
34,8752,0.11925161515407877,0.014149337356202687,0.16077727467891975,0.7058217728107994,25,20,20
34,8753,0.11925161515407882,0.01414933735620276,0.16077736350556074,0.7058216839841581,25,20,20
34,8754,0.11925161515407881,0.014149337356202685,0.16077730886644376,0.7058217386232752,25,20,20
34,8755,0.11925161517536731,0.014149337356236113,0.16077732119283525,0.705821726275562,25,20,20
34,8756,0.1192516151753705,0.014149337356240408,0.16077751587912156,0.7058215315892682,25,20,20
34,8757,0.1192516151753705,0.014149337356240408,0.16077531680699134,0.7058237306613983,25,20,20
34,8758,0.1192516151753705,0.014149337356244624,0.1607818074132372,0.7058172400551483,25,20,20
34,8759,0.10787601467485242,0.014149351654872466,0.1721574894557054,0.7058171442145693,25,20,20
34,8760,0.10692534809050995,0.014149351648499701,0.1731081559896913,0.7058171442712985,25,20,20
34,8761,0.10692560730845642,0.014149356157088568,0.1731078917524385,0.7058171447820161,25,20,20
34,8762,0.10692560730845635,0.014149356157088568,0.17310772796901083,0.7058173085654437,25,20,20
34,8763,0.10692560730845635,0.014149356157088566,0.17310769195562323,0.7058173445788314,25,20,20
34,8764,0.1069256073084564,0.014149356157085775,0.15913790618168983,0.7197871303527681,25,20,20
34,8765,0.10692560730841087,0.014149356157081558,0.15913777841398916,0.7197872581205186,25,20,20
34,8766,0.10692560730822874,0.014149356157085773,0.1591362962299448,0.7197887403047407,25,20,20
34,8767,0.10692563364762123,0.014149356157246502,0.1273299463440824,0.7515950638510499,25,20,20
34,8768,0.1069256336476213,0.014149356157246504,0.12732986729726722,0.751595142897865,25,20,20
34,8769,0.1069256336476213,0.014149356157246504,0.12732983192590314,0.7515951782692291,25,20,20
34,8770,0.10692563364766677,0.014149356157250872,0.12732994966113645,0.751595060533946,25,20,20
34,8771,0.10692563365804769,0.014149356157495541,0.12733478685546298,0.7515902233289938,25,20,20
34,8772,0.08503527088942912,0.014149837173839188,0.14922023751162863,0.751594654425103,25,20,20
34,8773,0.0850352708894323,0.014149837173839264,0.14922023714200855,0.7515946547947199,25,20,20
34,8774,0.08503527088943548,0.014149837173834974,0.14922012466844486,0.7515947672682849,25,20,20
34,8775,0.0850352783368912,0.014149837174054799,0.1538944540400255,0.7469204304490286,25,20,20
34,8776,0.10635552105879494,0.01414935686216365,0.13257893466734655,0.746916187411695,25,20,20
34,8777,0.10635736689094312,0.014149358401569365,0.1341578287830034,0.7453354459244841,25,20,20
34,8778,0.1042149829150206,0.01414935844639496,0.13629955099910487,0.74533610763948,25,20,20
34,8779,0.10421498291502061,0.014149358446394962,0.13656588162583858,0.7450697770127465,25,20,20
34,8780,0.10421498291471215,0.03999940751881251,0.11071583255372719,0.7450697770127487,25,20,20
34,8781,0.10421313708515827,0.03999940597940693,0.10913693972673247,0.7466505172087028,25,20,20
34,8782,0.10421312963769935,0.039999405979187184,0.10446728173898798,0.751320182644126,25,20,20
34,8783,0.10421312963769937,0.039999405979187184,0.10446266299506121,0.7513248013880528,25,20,20
34,8784,0.10502761816995668,0.040001752060758705,0.10364582493833813,0.7513248048309467,25,20,20
34,8785,0.10654533333161842,0.04000175135630207,0.10212829859819074,0.7513246167138888,25,20,20
34,8786,0.106545333331616,0.04000175135630215,0.10212679349605125,0.7513261218160305,25,20,20
34,8787,0.10654533333161526,0.04000175135630215,0.1021313774584774,0.751321537853605,25,20,20
34,8788,0.10654530697057643,0.04000175135611166,0.09394414574664253,0.7595087959266692,25,20,20
34,8789,0.10654530697062196,0.040001751356356356,0.09394587011731073,0.7595070715557108,25,20,20
34,8790,0.10654530697061876,0.04000175135635629,0.0939436173962406,0.7595093242767842,25,20,20
34,8791,0.10654530697061901,0.039566445191674585,0.09437892356082901,0.7595093242768773,25,20,20
34,8792,0.10651509521254265,0.03956644434258423,0.09439794900203413,0.7595205114428393,25,20,20
34,8793,0.12822574531771705,0.039566444717655955,0.07269848583286413,0.7595093241317623,25,20,20
34,8794,0.12822574531753733,0.03956644471789625,0.07269855141030644,0.7595092585542595,25,20,20
34,8795,0.10784241978730064,0.03956657395642505,0.09308240924153764,0.7595085970147375,25,20,20
34,8796,0.10720331588894899,0.05301006663370268,0.08027733209029893,0.7595092853870493,25,20,20
34,8797,0.10720331588906439,0.05301006664601788,0.08493601620912453,0.7548506012557931,25,20,20
34,8798,0.10720331588906439,0.05301006664602217,0.0846743871605295,0.7551122303043839,25,20,20
34,8799,0.10720331588906445,0.05301006665995718,0.08468200456152773,0.7551046128894505,25,20,20
34,8800,0.10720331588906445,0.05301006665996148,0.08468668163801965,0.7550999358129543,25,20,20
34,8801,0.12377483896965794,0.0530101032842471,0.06811511878378472,0.7550999389623098,25,20,20
34,8802,0.12377483896965796,0.05301010328424288,0.06811053590030118,0.7551045218457975,25,20,20
34,8803,0.08636598603761948,0.053011439284792204,0.1055180539659996,0.7551045207115896,25,20,20
34,8804,0.08636598603780243,0.053011439284792274,0.1055196935378041,0.7551028811396021,25,20,20
34,8805,0.08636598603762105,0.05301143928478808,0.10533982109273975,0.7552827535848519,25,20,20
34,8806,0.08636598603502912,0.05301143928479223,0.10533328245974227,0.7552892922204368,25,20,20
34,8807,0.10913728466918121,0.05301130999987973,0.08256211329378743,0.7552892920371516,25,20,20
34,8808,0.10913728466913568,0.05301130999963505,0.08256042229272596,0.7552909830385033,25,20,20
34,8809,0.10913728466895276,0.05301130999963497,0.08255883582325177,0.7552925695081605,25,20,20
34,8810,0.10913728466895355,0.05301130999963505,0.0825588721706616,0.7552925331607497,25,20,20
34,8811,0.10913728467146841,0.053011309999189696,0.08383643945343466,0.7540149658759071,25,20,20
34,8812,0.10913728467146841,0.0530113099991897,0.08383640608382803,0.7540149992455137,25,20,20
34,8813,0.10913728467146838,0.05301130999918963,0.0838317853074319,0.75401962002191,25,20,20
34,8814,0.10319137058877591,0.05301131000034871,0.08977767838066816,0.7540196410302074,25,20,20
34,8815,0.103191370588776,0.053011310000353,0.08977922096158934,0.7540180984492818,25,20,20
34,8816,0.10319137058877598,0.053011310000357297,0.0897794147862334,0.7540179046246337,25,20,20
34,8817,0.10319137058877598,0.05301131000036165,0.08987159466199418,0.7539257247488682,25,20,20
34,8818,0.10319137058895764,0.053011310014268745,0.08995741702567836,0.7538399023710953,25,20,20
34,8819,0.10319137058895772,0.0530113100142646,0.08995931836058231,0.7538380010361954,25,20,20
34,8820,0.10319137058900324,0.05301131001426897,0.0899594365970838,0.7538378827996438,25,20,20
34,8821,0.10319137058900678,0.05338460065480126,0.08958614595654703,0.7538378827996446,25,20,20
34,8822,0.1031913705890029,0.05341608729209331,0.08955465931935455,0.753837882799549,25,20,20
34,8823,0.10319137058901826,0.05341429492315498,0.08955645168818005,0.7538378827996465,25,20,20
34,8824,0.10291163668015825,0.05341458302611402,0.08983587297329108,0.7538379073204363,25,20,20
34,8825,0.10291163666977733,0.05341458302586935,0.08983573760058686,0.7538380427037662,25,20,20
34,8826,0.1029116366695956,0.05341458301195798,0.08974339122270537,0.7539303890957407,25,20,20
34,8827,0.1031956289274482,0.05341429490894539,0.08945971158105887,0.7539303645825473,25,20,20
34,8828,0.10327938547131486,0.053414504424747246,0.08937574753468264,0.7539303625692547,25,20,20
34,8829,0.10327938547115399,0.05341450441267003,0.08508998659578682,0.7582161235203886,25,20,20
34,8830,0.10327938547133604,0.05341450441267228,0.08472160793597197,0.758584502180019,25,20,20
34,8831,0.10327938547133604,0.05341450441266799,0.08472141069133063,0.7585846994246649,25,20,20
34,8832,0.10327938547151819,0.05341450441266792,0.08472762870141175,0.7585784814144015,25,20,20
34,8833,0.10327938547151819,0.05341450441242762,0.08481321811645724,0.7584928919995966,25,20,20
34,8834,0.103279385471515,0.05341450441242333,0.08481302084687357,0.7584930892691876,25,20,20
34,8835,0.10327938547151344,0.05341450441242334,0.08472733315332258,0.75857877696274,25,20,20
34,8836,0.10327938547151032,0.05341450441241905,0.08472716541998895,0.7585789446960811,25,20,20
34,8837,0.10327938547151037,0.05341450441241912,0.08499349861131975,0.7583126115047503,25,20,20
34,8838,0.10327938561807373,0.05341450441266131,0.08536070578641612,0.7579454041828484,25,20,20
34,8839,0.10327938561807373,0.05341450441265703,0.08535424359046406,0.757951866378805,25,20,20
34,8840,0.10327938562724412,0.05341450441265274,0.08994130547841996,0.7533648044816827,25,20,20
34,8841,0.10327938562728965,0.05341450441265696,0.08994136033721421,0.7533647496228387,25,20,20
34,8842,0.10327938562728965,0.05341450441265696,0.08994136033721421,0.7533647496228387,25,20,20
34,8843,0.10327938562728964,0.05341450441265274,0.08995006132537765,0.7533560486346796,25,20,20
34,8844,0.10310374169667189,0.0799454994302811,0.06359540256434801,0.7533553563086987,25,20,20
34,8845,0.10310374169667189,0.0799454994302811,0.06359540453746028,0.7533553543355863,25,20,20
34,8846,0.10310374169663035,0.07994549943027675,0.06359682007182262,0.75335393880127,25,20,20
34,8847,0.10310374169663035,0.07994549943027675,0.06359211825020038,0.7533586406228922,25,20,20
34,8848,0.10310374169681247,0.0799454994302769,0.06359884776156419,0.7533519111113463,25,20,20
34,8849,0.10310374169681247,0.0799454994302769,0.06359896022332943,0.753351798649581,25,20,20
34,8850,0.11449831607393424,0.07994548511927473,0.05220440015758825,0.7533517986492028,25,20,20
34,8851,0.11449831607397983,0.07994548513321402,0.052216607261613104,0.7533395915311929,25,20,20
34,8852,0.11449831607397976,0.07994548513321394,0.05195027604339459,0.7536059227494114,25,20,20
34,8853,0.11449831607146482,0.07994548511972,0.050660387232105045,0.7548958115767097,25,20,20
34,8854,0.11449831607164697,0.07994548511971993,0.050661842425540275,0.7548943563830928,25,20,20
34,8855,0.11449831607165015,0.07994548511971993,0.050754062627565696,0.754802136181064,25,20,20
34,8856,0.11449831607165092,0.07994548511971993,0.05075409743803475,0.7548021013705941,25,20,20
34,8857,0.11449831611960491,0.07871989362758006,0.051979688575256144,0.7548021016775587,25,20,20
34,8858,0.11449831611960645,0.07871989362757997,0.05197972123043146,0.7548020690223819,25,20,20
34,8859,0.11449831611942435,0.07871989362733538,0.051974977422878085,0.7548068128303622,25,20,20
34,8860,0.11449834973980379,0.07871989364147686,0.052106941430068485,0.7546748151886509,25,20,20
34,8861,0.11403729005983036,0.07871831136987892,0.05256958338340099,0.7546748151868896,25,20,20
34,8862,0.11403729005983043,0.07871831138369201,0.05294214323771654,0.7543022553187607,25,20,20
34,8863,0.11403729005983043,0.07871831138369201,0.05294214323771656,0.7543022553187607,25,20,20
34,8864,0.11403729005982643,0.07871831138369201,0.052940530432402454,0.7543038681240789,25,20,20
34,8865,0.11403729005978092,0.07871831138369192,0.052931745964025806,0.7543126525925011,25,20,20
34,8866,0.07421147393338157,0.07873283965652664,0.09267496024899485,0.754380726161097,25,20,20
34,8867,0.07421147393336626,0.07704764454754792,0.09436015535808634,0.7543807261609993,25,20,20
34,8868,0.07421147393336938,0.077047644547548,0.0943648293470382,0.7543760521720444,25,20,20
34,8869,0.07421147393336859,0.07704764454754794,0.09436479391423618,0.7543760876048472,25,20,20
34,8870,0.0746904713361727,0.07704764454765932,0.09388579650923416,0.7543760876069341,25,20,20
34,8871,0.034723831555784776,0.07704764558697468,0.1338524303808739,0.7543760924763672,25,20,20
34,8872,0.03472383155583031,0.07704764558722356,0.133856225771385,0.7543722970855616,25,20,20
34,8873,0.03472383237916346,0.0770476455734347,0.1734135276017923,0.7148149944456088,25,20,20
34,8874,0.03472383237916665,0.07704764557343478,0.17341832589816022,0.7148101961492376,25,20,20
34,8875,0.034723832379212186,0.07704764557344337,0.1734229994426174,0.7148055226047263,25,20,20
34,8876,0.03472383237907546,0.07704764557344322,0.17354630991978443,0.7146822121276962,25,20,20
34,8877,0.03472383297073554,0.07704764557345173,0.17355452027345541,0.7146740011823566,25,20,20
34,8878,0.03472379935053821,0.07704764555955484,0.1734273898189418,0.7148011652709643,25,20,20
34,8879,0.034723799350492836,0.077047645559555,0.17330205170390506,0.7149265033860462,25,20,20
34,8880,0.0347237993504473,0.07704764555954649,0.17329737874648646,0.7149311763435189,25,20,20
34,8881,0.0347237993504473,0.07704764555954642,0.17329266362169382,0.7149358914683117,25,20,20
34,8882,0.034723799350447296,0.07704764555954641,0.17329453314850002,0.7149340219415055,25,20,20
34,8883,0.03472379930268392,0.07617233463476465,0.1741688693182372,0.7149349967443135,25,20,20
34,8884,0.03472379930250187,0.07617233463452007,0.17416216768563916,0.7149416983773381,25,20,20
34,8885,0.03472379930245629,0.07617233462058076,0.17415454796835925,0.714949318108603,25,20,20
34,8886,0.0347237993024563,0.07617233462058076,0.17415462699683307,0.7149492390801291,25,20,20
34,8887,0.034853585654050695,0.07617325797301328,0.17401526478079865,0.714957891592136,25,20,20
34,8888,0.03485358565405011,0.07617325798691599,0.174143251930533,0.7148299044284997,25,20,20
34,8889,0.034853585644879705,0.07617325798691593,0.16946393566872545,0.7195092206994778,25,20,20
34,8890,0.035344271632895455,0.07615900404232398,0.16905557679187783,0.7194411475329019,25,20,20
34,8891,0.03534427148892714,0.07615900404208172,0.16868849946996847,0.7198082249990221,25,20,20
34,8892,0.035344271488923946,0.07615900404208178,0.1686884993520666,0.7198082251169271,25,20,20
34,8893,0.035344271488923946,0.07615900404208178,0.16868379895229044,0.7198129255167031,25,20,20
34,8894,0.037216623930518576,0.08978129778504082,0.15316916284188975,0.7198329154425503,25,20,20
34,8895,0.037216623930518576,0.08978129778504082,0.1531692393423257,0.7198328389421146,25,20,20
34,8896,0.0371977841720871,0.08978129674550164,0.1531880850103508,0.7198328340720604,25,20,20
34,8897,0.03719778358042702,0.08978129674549308,0.15318649137098403,0.7198344283030955,25,20,20
34,8898,0.037197783580246266,0.08978129673159035,0.153063667779707,0.719957251908456,25,20,20
34,8899,0.03719778357765123,0.08978129673159457,0.15305712969949625,0.7199637899912577,25,20,20
34,8900,0.037197783577648094,0.08978129673159466,0.15305712133094748,0.7199637983598095,25,20,20
34,8901,0.037197783577648885,0.08978129673159894,0.15306170901016242,0.7199592106805894,25,20,20
34,8902,0.042848872766738474,0.08978186985005258,0.14741004247304837,0.7199592149101605,25,20,20
34,8903,0.04284887291465601,0.08978186985029718,0.14741023827990238,0.7199590189551442,25,20,20
34,8904,0.04284887292500117,0.08978186985054519,0.14753581282213088,0.7198334444023228,25,20,20
34,8905,0.04284887292481902,0.08978186985054527,0.1475295894560942,0.7198396677685415,25,20,20
34,8906,0.04284887292483011,0.09187173983416708,0.14544069457677541,0.7198386926642276,25,20,20
34,8907,0.042848872924829313,0.09187173983416709,0.14544056469760056,0.7198388225434031,25,20,20
34,8908,0.042848872924828516,0.09187173983416282,0.14544056236809866,0.7198388248729102,25,20,20
34,8909,0.042848872924828516,0.09187173983416282,0.14544067482117629,0.7198387124198325,25,20,20
34,8910,0.04284887292742362,0.09187173983416709,0.14544740920041602,0.7198319780379934,25,20,20
34,8911,0.04284887292746906,0.09187173983416712,0.14553656739011922,0.7197428198482448,25,20,20
34,8912,0.042848872927468994,0.09187173983416282,0.1455364845802005,0.7197429026581679,25,20,20
34,8913,0.04284887292747273,0.09297955038496893,0.1444286740293904,0.7197429026581679,25,20,20
34,8914,0.04284887292747274,0.092979550384969,0.14443326142738772,0.7197383152601705,25,20,20
34,8915,0.04284888928875904,0.09297955038512651,0.1444332449818623,0.719738315344252,25,20,20
34,8916,0.04031310267320797,0.0935327813388898,0.14643579097911766,0.719718325008784,25,20,20
34,8917,0.0403131026731626,0.09353278133888981,0.14634667089150344,0.7198074450964437,25,20,20
34,8918,0.040313101863551984,0.09431096130066972,0.14563700625605208,0.7197389305797263,25,20,20
34,8919,0.04031310186359751,0.09431096130091862,0.1456351955104806,0.7197407413250032,25,20,20
34,8920,0.04031310185324915,0.0943109613006748,0.1455115239358414,0.7198644129102345,25,20,20
34,8921,0.04031310185324917,0.09431096130091932,0.14542586316406347,0.7199500736817679,25,20,20
34,8922,0.04390070558370288,0.0943109613091956,0.14183813329922082,0.7199501998078803,25,20,20
34,8923,0.04390070558383466,0.09431096130919565,0.15290345022904175,0.7088848828779278,25,20,20
34,8924,0.04390070558383785,0.09431096130919572,0.1529034202648745,0.7088849128420918,25,20,20
34,8925,0.04390070558379234,0.09431096130895109,0.15327261430004285,0.7085157188072135,25,20,20
34,8926,0.0439007055836606,0.09431096130895102,0.14220282612034882,0.719585506987039,25,20,20
34,8927,0.04390076789118482,0.05519350642026724,0.18131981973161512,0.7195859059569323,25,20,20
34,8928,0.04390076789117933,0.08101729443572457,0.1554960317161626,0.7195859059569334,25,20,20
34,8929,0.043900767891179304,0.08101729443572457,0.15549580253181905,0.7195861351412769,25,20,20
34,8930,0.043900767891179304,0.08101729443572457,0.1554958353401719,0.7195861023329239,25,20,20
34,8931,0.04390132113623935,0.08023985751732758,0.15626917638985677,0.7195896449565758,25,20,20
34,8932,0.043901321727951845,0.08023985751732765,0.15627238592389076,0.7195864348308292,25,20,20
34,8933,0.043901321727951775,0.08023985751708311,0.15626737384867886,0.7195914469062856,25,20,20
34,8934,0.043901321727951775,0.08023985751708304,0.15627235711782192,0.7195864636371426,25,20,20
34,8935,0.04390132172794864,0.08023985751708727,0.15627697676028135,0.7195818439946823,25,20,20
34,8936,0.043901321727948674,0.08023985751708301,0.15590395536698753,0.7199548653879804,25,20,20
34,8937,0.043901321727755745,0.04135984771376535,0.19478396516744795,0.7199548653910309,25,20,20
34,8938,0.043901321727755745,0.041359847713765274,0.19477930190673848,0.7199595286517403,25,20,20
34,8939,0.04390132172775571,0.041359847713765274,0.1947858264169008,0.7199530041415781,25,20,20
34,8940,0.043901321727801,0.041359847714012535,0.19505219133952534,0.7196866392186609,25,20,20
34,8941,0.08006573888622817,0.04135984770563341,0.15888790038630268,0.7196865130218356,25,20,20
34,8942,0.041615758074867754,0.04148255896908095,0.1972149835609568,0.7196866993950946,25,20,20
34,8943,0.041615758599627226,0.04148255896908482,0.20174529097809785,0.71515639145319,25,20,20
34,8944,0.044325038512148966,0.040396439189028924,0.19981780218557543,0.7154607201132467,25,20,20
34,8945,0.04432503792043716,0.04039643918902884,0.19981771697750833,0.7154608059130257,25,20,20
34,8946,0.04385190668098813,0.040273727925658774,0.20041374586781072,0.7154606195255424,25,20,20
34,8947,0.04385190668099133,0.04027372792565878,0.20041854276505672,0.715455822628293,25,20,20
34,8948,0.04385190668099133,0.040273727925658774,0.2004119400400668,0.7154624253532827,25,20,20
34,8949,0.04385190668099133,0.040273727925658774,0.20040544949970968,0.7154689158936398,25,20,20
34,8950,0.04385190668098813,0.040273727925658774,0.20040076568462223,0.7154735997087305,25,20,20
34,8951,0.04385184767143295,0.04000209928589604,0.2006728519333514,0.7154732011093191,25,20,20
34,8952,0.02818459671912853,0.040002043584131834,0.2163393284132798,0.7154740312834587,25,20,20
34,8953,0.028184596719173644,0.040002043597945354,0.21671236414115425,0.7151009955417257,25,20,20
34,8954,0.02818459671912811,0.04000204359769647,0.21670756876464595,0.7151057909185287,25,20,20
34,8955,0.028184596719128097,0.04000204359770062,0.21670756939098068,0.71510579029219,25,20,20
34,8956,0.025593538491286618,0.04000202360976152,0.21958969963374195,0.7148147382652097,25,20,20
34,8957,0.0285949179397313,0.04000202438802547,0.21660159604638685,0.714801461625856,25,20,20
34,8958,0.028594917939731356,0.04000202438802547,0.2166062975214023,0.7147967601508404,25,20,20
34,8959,0.028594917939731283,0.04000202438802547,0.21660633152840203,0.7147967261438412,25,20,20
34,8960,0.028594917940590204,0.03956522934182857,0.21704312626025202,0.7147967264573292,25,20,20
34,8961,0.028594917940590263,0.03956522934182436,0.2170431251101089,0.7147967276074766,25,20,20
34,8962,0.05297022474762362,0.039565228611780016,0.19266781874275682,0.7147967278978399,25,20,20
34,8963,0.052970224758004496,0.03956522861178423,0.19267243730070835,0.7147921093295031,25,20,20
34,8964,0.052970224233245086,0.03956522861178465,0.18814679545715238,0.7193177516978183,25,20,20
34,8965,0.05297022423324825,0.03956522862559782,0.18852086032169688,0.7189436868194575,25,20,20
34,8966,0.0529702212901998,0.04027097375668846,0.1878151184985439,0.7189436864545682,25,20,20
34,8967,0.06894580066771569,0.04027045633861869,0.17184091195115056,0.7189428310425144,25,20,20
34,8968,0.06894580066512059,0.0402704563386144,0.17183417615006477,0.7189495668461997,25,20,20
34,8969,0.06894580066512064,0.04027045633861441,0.17183426003935065,0.7189494829569136,25,20,20
34,8970,0.06894580066512064,0.04027045633861012,0.17182955812520817,0.7189541848710604,25,20,20
34,8971,0.06894580066512383,0.04027045633861019,0.17183418057506153,0.718949562421204,25,20,20
34,8972,0.06894580066512383,0.04027045633861019,0.17183429504462588,0.7189494479516396,25,20,20
34,8973,0.05732061889349263,0.04027045646533744,0.183459476090626,0.7189494485505434,25,20,20
34,8974,0.057320618893525556,0.040270456465517544,0.19451728755535458,0.7078916370856027,25,20,20
34,8975,0.05732061889352635,0.04027045646575989,0.19489029555789977,0.7075186290828144,25,20,20
34,8976,0.05732061889352557,0.040270456465517544,0.1945171750832446,0.7078917495577127,25,20,20
34,8977,0.05732061888314462,0.040270456465513256,0.19451243796140852,0.7078964866899341,25,20,20
34,8978,0.05732061853541876,0.03957161396633971,0.1952112808138454,0.7078964866843965,25,20,20
34,8979,0.06887320680151503,0.03957163346613047,0.18365866859890928,0.7078964911334447,25,20,20
34,8980,0.08049928800605657,0.03957163333940419,0.17203258811252373,0.7078964905420151,25,20,20
34,8981,0.07987349056690483,0.03957070998585475,0.1726678919390464,0.7078879075081943,25,20,20
34,8982,0.07987349056686052,0.039570709972041304,0.17229485964122482,0.7082609398198737,25,20,20
34,8983,0.07987349057714264,0.039570709972525916,0.1726632974918483,0.7078925019584835,25,20,20
34,8984,0.0798734905797346,0.03957070995895733,0.17229582204182858,0.70825997741948,25,20,20
34,8985,0.07987349057718472,0.039570709958960004,0.17255546902224608,0.7080003304416097,25,20,20
34,8986,0.07987349057718397,0.039570709958960004,0.1725554342013215,0.7080003652625351,25,20,20
34,8987,0.11962716044351772,0.03956996691555328,0.13280604957895792,0.7079968230619715,25,20,20
34,8988,0.11962716044347564,0.03956996691530602,0.13254448293088242,0.7082583897103365,25,20,20
34,8989,0.11962716044347564,0.03956996691530602,0.13254464412164732,0.7082582285195715,25,20,20
34,8990,0.11962716044347564,0.03956996691530602,0.1325447565835027,0.7082581160577162,25,20,20
34,8991,0.11998331497705716,0.039569947358325905,0.13218862633340292,0.7082581113312145,25,20,20
34,8992,0.11998331497705711,0.03956994735833012,0.13218430056604988,0.7082624370985633,25,20,20
34,8993,0.11998331497710259,0.039569947372269425,0.1321919186206919,0.7082548190299365,25,20,20
34,8994,0.11998331503185636,0.03957511935467453,0.13218571549976835,0.7082558501137006,25,20,20
34,8995,0.10318219031285977,0.0395757642471686,0.14898322221938617,0.7082588232205853,25,20,20
34,8996,0.11929908380744761,0.039575140082742995,0.13286982883053441,0.7082559472792748,25,20,20
34,8997,0.11929908365953006,0.03957514008273871,0.13286969865053194,0.708256077607199,25,20,20
34,8998,0.11892777608663199,0.03957514008279361,0.1332410062305858,0.7082560775999889,25,20,20
34,8999,0.11892777608663513,0.03957514008279368,0.13324290928579793,0.7082541745447734,25,20,20
34,9000,0.11892777609701863,0.03957514009673383,0.13325294974860727,0.7082441340576403,25,20,20
34,9001,0.11031603733107537,0.03957549508925934,0.14186261187255156,0.7082458557071137,25,20,20
34,9002,0.11031603732079004,0.039575495088774656,0.1414895515720749,0.7086189160183605,25,20,20
34,9003,0.11031603732079004,0.039575495088774656,0.14148938906592526,0.7086190785245101,25,20,20
34,9004,0.11031603732078686,0.03957549508877037,0.14148282183462657,0.7086256457558163,25,20,20
34,9005,0.1103160373208324,0.039575495088774656,0.14148931614679322,0.7086191514435999,25,20,20
34,9006,0.10948761806803735,0.03957554327677176,0.14231768318159482,0.7086191554735958,25,20,20
34,9007,0.10948761806799187,0.03957554326283675,0.14231196813549424,0.7086248705336767,25,20,20
34,9008,0.10948761806799266,0.039575543262836674,0.14231208287020397,0.7086247557989662,25,20,20
34,9009,0.10948761806799266,0.039575543262836674,0.14231208356664568,0.7086247551025245,25,20,20
34,9010,0.10948761806799187,0.039575543262836674,0.14230534953841292,0.7086314891307584,25,20,20
34,9011,0.10948761806799187,0.03957554326283668,0.1423054634120367,0.7086313752571346,25,20,20
34,9012,0.10948761806798869,0.03957554326259209,0.14230346184180495,0.7086333768276141,25,20,20
34,9013,0.10948761806798794,0.03957554326259209,0.14230323371733553,0.7086336049520843,25,20,20
34,9014,0.11846836052282063,0.03957518827006615,0.1333245679047595,0.7086318833023536,25,20,20
34,9015,0.1187057953681104,0.039575188271798026,0.13308713262202665,0.7086318837380651,25,20,20
34,9016,0.11870579536810721,0.039575188271798026,0.13308244947337852,0.7086365668867164,25,20,20
34,9017,0.11870579539754349,0.024493675546108675,0.14816395142591307,0.7086365776304349,25,20,20
34,9018,0.11870579539754349,0.024493675546108675,0.14817055422628686,0.7086299748300611,25,20,20
34,9019,0.11870579536725209,0.03998941894789626,0.1326748219064416,0.7086299637784101,25,20,20
34,9020,0.11870579536725215,0.03998941894789626,0.13267471086712915,0.7086300748177224,25,20,20
34,9021,0.11870579536725215,0.03998941894789634,0.13267471284545407,0.7086300728393975,25,20,20
34,9022,0.11870579536725209,0.03998941894789205,0.13267012514430998,0.7086346605405458,25,20,20
34,9023,0.11870579536725209,0.03998941894789205,0.13267016822831948,0.7086346174565362,25,20,20
34,9024,0.11870579535687174,0.03998941893395616,0.13292637879252203,0.7083784069166499,25,20,20
34,9025,0.11870579535705267,0.039989418934195935,0.13301439323254258,0.7082903924762088,25,20,20
34,9026,0.11870579535705267,0.03998941893419586,0.13301431217632342,0.708290473532428,25,20,20
34,9027,0.11870579535705261,0.03998941893419586,0.13301442413893425,0.7082903615698174,25,20,20
34,9028,0.11877364241239766,0.039989418678688604,0.13294664677504542,0.7082902921338686,25,20,20
34,9029,0.11870609138285967,0.03998941869647097,0.13301419778589366,0.708290292134776,25,20,20
34,9030,0.11870609171265156,0.03998392913577078,0.1330207181006213,0.7082892610509561,25,20,20
34,9031,0.08004398837721256,0.0399839100793445,0.17168293363903453,0.7082891679044075,25,20,20
34,9032,0.10167458734874239,0.03998391944217496,0.1500523283838792,0.708289164825203,25,20,20
34,9033,0.10167458734873923,0.03998391944217077,0.14978606385345872,0.7085554293556307,25,20,20
34,9034,0.10167458734873577,0.039984284127371116,0.1497856991737218,0.7085554293501708,25,20,20
34,9035,0.10167458734873579,0.039984284127371116,0.1497878958959411,0.7085532326279513,25,20,20
34,9036,0.10167458734873579,0.03998428412736683,0.14978360883974293,0.7085575196841538,25,20,20
34,9037,0.10167458734869057,0.03998428412712393,0.1495173777075815,0.7088237508166034,25,20,20
34,9038,0.10167458734869057,0.03998428412712393,0.1495173796806731,0.7088237488435116,25,20,20
34,9039,0.09564338956106176,0.0399842841254628,0.1555485776057242,0.7088237487077511,25,20,20
34,9040,0.09564338956106179,0.03998428412546273,0.15554846571411068,0.7088238605993645,25,20,20
34,9041,0.09564338956106498,0.039984284125462885,0.15554387388106408,0.708828452432408,25,20,20
34,9042,0.0956433895610681,0.0399842841254586,0.15553743120642133,0.7088348951070519,25,20,20
34,9043,0.09038374024529822,0.03998429122824974,0.1607951775708133,0.7088367909556389,25,20,20
34,9044,0.09038374024530149,0.03828841909489175,0.1624910496989438,0.7088367909608632,25,20,20
34,9045,0.09038374024530156,0.03828841909489604,0.16249279689584015,0.7088350437639623,25,20,20
34,9046,0.09038374024530162,0.038288419094896116,0.16248630800963595,0.7088415326501664,25,20,20
34,9047,0.09038374024530121,0.03828841909513846,0.16285710640730833,0.708470734252252,25,20,20
34,9048,0.09038374024530439,0.03828841909513854,0.16285718690684192,0.7084706537527152,25,20,20
34,9049,0.09040538525850117,0.03828840756454194,0.13048875891220832,0.7408174482647486,25,20,20
34,9050,0.09040538525849806,0.03998445827941945,0.12879270820265395,0.7408174482594285,25,20,20
34,9051,0.06959496847744888,0.03998574156957784,0.14925009716132395,0.7411691927916493,25,20,20
34,9052,0.10945981289568607,0.03997890413765307,0.10939208932652958,0.7411691936401312,25,20,20
34,9053,0.10640547278059169,0.039978910684007725,0.11244554104954896,0.7411700754858521,25,20,20
34,9054,0.10640547278059163,0.039978910684003444,0.11244383382608851,0.7411717827093167,25,20,20
34,9055,0.1064054727805916,0.039978910684007704,0.11270788731791873,0.7409077292174823,25,20,20
34,9056,0.11166502659473503,0.03997890358437826,0.10745021176620889,0.740905858054678,25,20,20
34,9057,0.11166502659473578,0.03997890358437826,0.10745036289973568,0.7409057069211503,25,20,20
34,9058,0.11166502659473258,0.03997890358437826,0.1074502801320043,0.740905789688885,25,20,20
34,9059,0.11166502659473256,0.03997890358437397,0.10745024147972776,0.7409058283411657,25,20,20
34,9060,0.11166502659732488,0.039978903584374045,0.10745041643559125,0.7409056533827099,25,20,20
34,9061,0.11166502659714396,0.039978903584134355,0.10736235818108651,0.7409937116376352,25,20,20
34,9062,0.11166502659714396,0.03997890358413443,0.10736232478822483,0.7409937450304968,25,20,20
34,9063,0.11166502659714395,0.039978903584134355,0.1073622577974131,0.7409938120213089,25,20,20
34,9064,0.11166502659714402,0.039978903584134355,0.10736233829163341,0.7409937315270885,25,20,20
34,9065,0.11166502659718905,0.03997890437028728,0.10779677825773795,0.7405592907747861,25,20,20
34,9066,0.11166502659720373,0.0399930415569376,0.10778264107097715,0.7405592907748819,25,20,20
34,9067,0.12050950187845429,0.03999303501220771,0.09893905404958936,0.7405584090597488,25,20,20
34,9068,0.12050950188191342,0.011231702418713595,0.12770038663972152,0.7405584090596516,25,20,20
34,9069,0.12050950188191263,0.011231702418709228,0.12769579692098282,0.7405629987783955,25,20,20
34,9070,0.12050950188187969,0.011231702418529126,0.11664257246857264,0.7516162232310186,25,20,20
34,9071,0.12050950188188052,0.011231702418769435,0.11664420039216797,0.751614595307182,25,20,20
34,9072,0.12048734558262417,0.011231665761236815,0.10901319587336386,0.7592677927827752,25,20,20
34,9073,0.12048734558257905,0.011231665760994474,0.10864015681135014,0.7596408318450762,25,20,20
34,9074,0.12048734558258226,0.011231665760994549,0.10864012688187354,0.7596408617745497,25,20,20
34,9075,0.1204873455825814,0.011231665760750022,0.10864282415974673,0.7596381644969219,25,20,20
34,9076,0.12047181939411084,0.011231665670207436,0.10865835127966986,0.7596381636560119,25,20,20
34,9077,0.1204718193941077,0.011231665670366524,0.12262811432988525,0.7456684006056408,25,20,20
34,9078,0.12047181939411121,0.01123166567037038,0.1272869831519343,0.7410095317835844,25,20,20
34,9079,0.12047181939406697,0.011231664884460526,0.12711889313983166,0.7411776225816411,25,20,20
34,9080,0.12047181939406619,0.011231664884460524,0.12711885505806256,0.741177660663411,25,20,20
34,9081,0.1204718193941117,0.011231664884460597,0.12712112567461006,0.7411753900468178,25,20,20
34,9082,0.16046788697142367,0.011231664866551699,0.08712505814366477,0.74117539001836,25,20,20
34,9083,0.18416137486294443,0.011230370535618945,0.0637845951565774,0.740823659444859,25,20,20
34,9084,0.18416137486294445,0.011230370535619023,0.06377997476149581,0.7408282798399405,25,20,20
34,9085,0.18416137486294606,0.011230370535619096,0.0637822614295965,0.7408259931718382,25,20,20
34,9086,0.1841613748629461,0.011230370535619023,0.06378218176081851,0.7408260728406162,25,20,20
34,9087,0.1841613748629461,0.011230370535619021,0.06378210179465311,0.7408261528067815,25,20,20
34,9088,0.184161374862946,0.011230370535623237,0.06378862522323413,0.7408196293781963,25,20,20
34,9089,0.18416137486294284,0.01123037053562316,0.06378858126516479,0.740819673336269,25,20,20
34,9090,0.18416137486294365,0.011230370535623188,0.06352695217549022,0.7410813024259428,25,20,20
34,9091,0.19931370114463864,0.011230370538730152,0.04837464079652903,0.7410812875201022,25,20,20
34,9092,0.19931370114463856,0.01123037053873015,0.048374635988979814,0.7410812923276514,25,20,20
34,9093,0.19931370114204308,0.011230370538734291,0.048376125722069965,0.7410798025971524,25,20,20
34,9094,0.1993137011419976,0.011230370538734213,0.04837381174729614,0.7410821165719719,25,20,20
34,9095,0.1993137011419976,0.011230370538734135,0.04837373127337492,0.7410821970458933,25,20,20
34,9096,0.19931370114199753,0.011230370538734137,0.048373730525314754,0.7410821977939535,25,20,20
34,9097,0.19931370114199753,0.01123037053873414,0.048373809018905485,0.7410821193003627,25,20,20
34,9098,0.19916689664510603,0.01123037053557129,0.04852063820474502,0.7410820946145777,25,20,20
34,9099,0.19916857049503878,0.011230371227494573,0.05368956998892212,0.7359114882885445,25,20,20
34,9100,0.199168570495042,0.011230371227498863,0.053691238122742256,0.7359098201547168,25,20,20
34,9101,0.19907058798611313,0.011230381405837035,0.053789187246124685,0.7359098433619251,25,20,20
34,9102,0.19907058798611307,0.011230381405836957,0.05378918582840717,0.7359098447796426,25,20,20
34,9103,0.1990705879861585,0.011230381406080861,0.053919382260829256,0.7357796483469312,25,20,20
34,9104,0.1990705879861549,0.011230381406081267,0.04952684422839402,0.7401721863793695,25,20,20
34,9105,0.1990705879861549,0.011230381406081267,0.04952675681925402,0.7401722737885095,25,20,20
34,9106,0.16252169313139844,0.011230382665115207,0.08607564837846078,0.7401722758250258,25,20,20
34,9107,0.1625221718858003,0.011230382665602646,0.08623501136004495,0.7400124340885522,25,20,20
34,9108,0.1625221718858003,0.011230382665602721,0.08623505023483428,0.7400123952137627,25,20,20
34,9109,0.16252217188579962,0.011230382665359653,0.08597340120710426,0.7402740442417365,25,20,20
34,9110,0.1625221718857981,0.01123038266560192,0.08634412254735356,0.7399033229012466,25,20,20
34,9111,0.16252217188575266,0.011230382665358014,0.08621384436104186,0.7400336010878477,25,20,20
34,9112,0.16252217188575263,0.01123038266535809,0.0862138109784316,0.7400336344704579,25,20,20
34,9113,0.12634898853053061,0.011232751286603969,0.12206567200041249,0.7403525881824524,25,20,20
34,9114,0.12634898853053056,0.011232751286599752,0.12206396385251099,0.7403542963303582,25,20,20
34,9115,0.12634898853053056,0.011232751286599679,0.12206400435615969,0.7403542558267096,25,20,20
34,9116,0.12634731468060104,0.01123275059467632,0.11698244554106953,0.7454374891836525,25,20,20
34,9117,0.12634731468060023,0.011232750594671954,0.11698244318464339,0.745437491540084,25,20,20
34,9118,0.12304893823661472,0.01123274934453986,0.12028082291453245,0.7454374895043121,25,20,20
34,9119,0.12304893823661478,0.011232749344535598,0.12001457215460187,0.745703740264247,25,20,20
34,9120,0.12304845948221295,0.011232749344048156,0.11985979752109109,0.7458589936526472,25,20,20
34,9121,0.12304845948220983,0.011232749344048156,0.11985824556679268,0.7458605456069486,25,20,20
34,9122,0.12304845947874084,0.011241411838548812,0.11984958307573346,0.7458605456069756,25,20,20
34,9123,0.12304845947874077,0.011241411838544517,0.11984938778367964,0.7458607408990339,25,20,20
34,9124,0.1230484594787407,0.011241411838544591,0.119849421143933,0.7458607075387804,25,20,20
34,9125,0.1230484594787407,0.011241411838544515,0.11984941914101896,0.7458607095416945,25,20,20
34,9126,0.12730551495768735,0.011241411845065228,0.11559236361875229,0.7458607095784937,25,20,20
34,9127,0.1273055149576874,0.011241411845308986,0.11572177148030828,0.7457313017166939,25,20,20
34,9128,0.12730551495768735,0.011241411845149823,0.10175192580247787,0.7597011473946835,25,20,20
34,9129,0.12730551495768733,0.011241411845149745,0.10175184322255293,0.7597012299746086,25,20,20
34,9130,0.12730551495769052,0.011241411845154039,0.10174733702002746,0.7597057361771264,25,20,20
34,9131,0.12730551495769052,0.011241411845154037,0.10174725655477648,0.7597058166423777,25,20,20
34,9132,0.12730551495769046,0.011241411844911692,0.10137436465870998,0.7600787085386866,25,20,20
34,9133,0.12375541381629615,0.011361427700336308,0.10512322097890081,0.7597599375044659,25,20,20
34,9134,0.08376108344627414,0.011361428560969033,0.145117320572629,0.7597601674201274,25,20,20
34,9135,0.08376108344627414,0.011361428560969031,0.14511261933669276,0.7597648686560637,25,20,20
34,9136,0.08376108344627414,0.011361428560969031,0.14511262133430397,0.7597648666584526,25,20,20
34,9137,0.08376108344627414,0.011361428560969033,0.14511266137238452,0.759764826620372,25,20,20
34,9138,0.08368768859139251,0.011361564230850378,0.14518523749008935,0.7597655096876682,25,20,20
34,9139,0.0836876885913925,0.011361564230846088,0.14517863298027006,0.7597721141974917,25,20,20
34,9140,0.08382997086906269,0.011361564234088179,0.14503634984789182,0.759772115048958,25,20,20
34,9141,0.08382997086906588,0.01136156423408833,0.1450364943913556,0.759771970505491,25,20,20
34,9142,0.08382997930000355,0.011361564234337039,0.14504574524784308,0.759762711217817,25,20,20
34,9143,0.08382997930000353,0.011361564234337113,0.14504582056271464,0.7597626359029453,25,20,20
34,9144,0.11695878495945744,0.011239179754550238,0.11203958171598644,0.7597624535700064,25,20,20
34,9145,0.11695878495945738,0.011239179754306406,0.11191005799222718,0.7598919772940094,25,20,20
34,9146,0.11695878495945745,0.011239179754306407,0.11191005869728712,0.7598919765889494,25,20,20
34,9147,0.11695878495945745,0.011239179754306407,0.11191005870756232,0.7598919765786742,25,20,20
34,9148,0.11695878495945745,0.011239179754306406,0.11191005673444998,0.7598919785517865,25,20,20
34,9149,0.11695878495945752,0.01123917975430648,0.11217638934009472,0.7596256459461415,25,20,20
34,9150,0.11695878495945752,0.01123917975430648,0.11218296508107098,0.7596190702051654,25,20,20
34,9151,0.11695878495945745,0.01123917975430648,0.11218296387684994,0.7596190714093863,25,20,20
34,9152,0.11695878495945591,0.03994623332670221,0.08347591030448145,0.7596190714093606,25,20,20
34,9153,0.1169587849769944,0.014175937322529418,0.10924620629111653,0.7596190714093596,25,20,20
34,9154,0.11695878497699756,0.01417593732253368,0.10951231573106016,0.7593529619694084,25,20,20
34,9155,0.1169587849769976,0.014175937322533754,0.10951701558537127,0.7593482621150972,25,20,20
34,9156,0.1169587849769976,0.014175937322533678,0.10925076489599035,0.7596145128044782,25,20,20
34,9157,0.11711907200273455,0.014176196073207399,0.10902226836565011,0.7596824635584076,25,20,20
34,9158,0.11711906357179375,0.014176196072962815,0.10914240816856663,0.7595623321866765,25,20,20
34,9159,0.11711906357179375,0.01417619607296289,0.1091489318820167,0.7595558084732262,25,20,20
34,9160,0.11711906357179376,0.014176196073207475,0.10915556679583906,0.7595491735591591,25,20,20
34,9161,0.11711906357179372,0.014176196073207475,0.10916018608704256,0.7595445542679558,25,20,20
34,9162,0.11459385924000205,0.014176208836821904,0.11168537765558685,0.7595445542675892,25,20,20
34,9163,0.11459385922246001,0.03876167577770238,0.08709991073224721,0.7595445542675903,25,20,20
34,9164,0.11459385922246,0.038761675777457795,0.08709339365247355,0.7595510713476085,25,20,20
34,9165,0.15273166063718496,0.03876166299995472,0.04895560505242611,0.7595510713104335,25,20,20
34,9166,0.15273166063718568,0.03876166299995481,0.04882619290579473,0.7596804834570641,25,20,20
34,9167,0.15273166063718568,0.03876166299995481,0.04882172168423469,0.7596849546786241,25,20,20
34,9168,0.15958832163505698,0.03876166300166348,0.04196503634926343,0.7596849790140154,25,20,20
34,9169,0.15958832163506007,0.038761663001667765,0.041965037030809275,0.7596849783324622,25,20,20
34,9170,0.15959535847637046,0.038761662998397804,0.041958001051674375,0.7596849774735566,25,20,20
34,9171,0.15943302465472248,0.03876175888124675,0.04218841967513167,0.7596167967888983,25,20,20
34,9172,0.15943302465472248,0.03876175888124667,0.0421818163325907,0.7596234001314393,25,20,20
34,9173,0.15943209887523138,0.03876175888124619,0.04218274211221112,0.7596234001313106,25,20,20
34,9174,0.15352694704545994,0.038761758995417894,0.04618014007231706,0.7615311538868044,25,20,20
34,9175,0.15352694704545672,0.03876175899541368,0.046181564246542746,0.761529729712586,25,20,20
34,9176,0.15352694704545672,0.03876175899541368,0.04618164672828044,0.7615296472308484,25,20,20
34,9177,0.15352694704545672,0.038761758995413606,0.04618160677881797,0.7615296871803109,25,20,20
34,9178,0.15352694704545594,0.03876175899540924,0.046181486396802675,0.7615298075623316,25,20,20
34,9179,0.15352694704545594,0.03876175899540932,0.04618806414018732,0.7615232298189468,25,20,20
34,9180,0.15352694704545283,0.03876175899540506,0.045923428300072254,0.7617878656590691,25,20,20
34,9181,0.1535269470454536,0.03876175899541364,0.04592358937915252,0.7617877045799796,25,20,20
34,9182,0.1535269470454568,0.0387617589954179,0.04618984167828413,0.7615214522808407,25,20,20
34,9183,0.15353908933823068,0.03876175899368585,0.04617772407514097,0.7615214275929421,25,20,20
34,9184,0.15353908933822996,0.03876175899367734,0.0461776043793423,0.7615215472887499,25,20,20
34,9185,0.15353908933823002,0.03876175899367734,0.04617760628487092,0.7615215453832214,25,20,20
34,9186,0.15353908933827554,0.038761758993921924,0.046184824894675375,0.7615143267731268,25,20,20
34,9187,0.1535390893384545,0.038761758993917816,0.045918657328543416,0.761780494339084,25,20,20
34,9188,0.1535390893384545,0.038761758993917816,0.045918655353408375,0.7617804963142188,25,20,20
34,9189,0.15353908933841218,0.03876175899367331,0.04591294385883684,0.7617862078090772,25,20,20
34,9190,0.15353908933841223,0.03876175899367331,0.04591275325039094,0.761786398417523,25,20,20
34,9191,0.1535421853620402,0.03876169538299524,0.045909720837309695,0.7617863984176542,25,20,20
34,9192,0.15354218536204342,0.038761695383239834,0.045914475282889396,0.7617816439718268,25,20,20
34,9193,0.15354218536204345,0.03876169538323991,0.045919174470709014,0.7617769447840071,25,20,20
34,9194,0.15354218536204026,0.03876169538299539,0.045914422028043446,0.7617816972269204,25,20,20
34,9195,0.15354218536204028,0.03876169538299539,0.04592102904015566,0.761775090214808,25,20,20
34,9196,0.15354218536377007,0.00111886875568087,0.08356385565687979,0.761775090223669,25,20,20
34,9197,0.15354218536377,0.001118868755680795,0.08355915521668525,0.7617797906638636,25,20,20
34,9198,0.15354218536377,0.0011188687556807195,0.08355765020762504,0.7617812956729239,25,20,20
34,9199,0.1530062143808407,0.0011188687745331697,0.08409352386216444,0.7617813929824613,25,20,20
34,9200,0.15300621438083747,0.0011188687745332438,0.08399962916998735,0.7618752876746414,25,20,20
34,9201,0.15300621438084067,0.001118868774533319,0.0840012513100868,0.7618736655345388,25,20,20
34,9202,0.15300621438084144,0.00111886877477784,0.08400600376837492,0.7618689130760055,25,20,20
34,9203,0.15300621438084142,0.0011188687747821296,0.08401257029869826,0.761862346545678,25,20,20
34,9204,0.15300621438083822,0.0011188687747820556,0.08401102781210142,0.7618638890322781,25,20,20
34,9205,0.15300621438083817,0.0011188687747820582,0.08401094511154934,0.7618639717328302,25,20,20
34,9206,0.15300621438083817,0.0011188687747863497,0.08400946589205618,0.7618654509523191,25,20,20
34,9207,0.15300621438083817,0.001118868774786276,0.08400286306135948,0.7618720537830157,25,20,20
34,9208,0.15300621438083817,0.0011188687747862747,0.08400959570163236,0.7618653211427429,25,20,20
34,9209,0.15317602824853058,7.235767346039401e-07,0.08495790354779917,0.7618653446269351,25,20,20
34,9210,0.1531760282487127,7.235769791249218e-07,0.08496265601973729,0.7618605921545704,25,20,20
34,9211,0.1138241098716327,6.713109649918216e-07,0.12289111320597457,0.7632841056114273,25,20,20
34,9212,0.11382410987163263,6.713109649905005e-07,0.12289111118938349,0.7632841076280182,25,20,20
34,9213,0.11382410987163265,6.713109649165653e-07,0.12288462225414719,0.7632905965632544,25,20,20
34,9214,0.11382410987163316,6.71310967708914e-07,0.13685441683706107,0.749320801980338,25,20,20
34,9215,0.11382410987163316,6.713109677062501e-07,0.13685453157907027,0.7493206872383289,25,20,20
34,9216,0.11382109003167866,0.00032707956290410384,0.1365311430196635,0.7493206873857535,25,20,20
34,9217,0.11382101384907659,7.348928676104634e-07,0.13685756401970037,0.7493206872383553,25,20,20
34,9218,0.11382327581390489,7.348928675678816e-07,0.13685530205487703,0.7493206872383505,25,20,20
34,9219,0.11382327581372277,7.348926229716319e-07,0.13685046761392175,0.7493255216797325,25,20,20
34,9220,0.1067906787079666,1.4361630642603167e-05,0.14386829748828822,0.7493266621731025,25,20,20
34,9221,0.10679067870778444,1.4361630642452586e-05,0.14386813421966457,0.7493268254419087,25,20,20
34,9222,0.1067906787077845,1.4361630646818816e-05,0.14387450891748818,0.7493204507440807,25,20,20
34,9223,0.1067906787077813,1.4361630642530283e-05,0.14386991921020256,0.7493250404513735,25,20,20
34,9224,0.10679067870778125,1.4361630642453716e-05,0.14386988041021817,0.7493250792513579,25,20,20
34,9225,0.10679067870778125,1.4361630642452397e-05,0.14386976792402062,0.7493251917375555,25,20,20
34,9226,0.1067906787077812,1.4361630638086169e-05,0.1438631652138147,0.7493317944477659,25,20,20
34,9227,0.10679067870778197,1.4361630642335156e-05,0.14423464790949722,0.7489603117520782,25,20,20
34,9228,0.10679067870778124,1.4361630397814174e-05,0.14422989547622816,0.7489650641855923,25,20,20
34,9229,0.10679067870778118,1.4361630397738939e-05,0.14422519503603354,0.7489697646257869,25,20,20
34,9230,0.10679067870778117,1.4361630397738962e-05,0.14421859003165088,0.7489763696301697,25,20,20
34,9231,0.10679067870778196,1.436163064232248e-05,0.14422529398940231,0.7489696656721729,25,20,20
34,9232,0.10679067870778196,1.4361630642322503e-05,0.14422537055534185,0.7489695891062332,25,20,20
34,9233,0.10656340077415846,1.4268064659951543e-05,0.14587696263929467,0.7475453685218864,25,20,20
34,9234,0.10656340077415846,1.4268064659951521e-05,0.14587707510112952,0.7475452560600516,25,20,20
34,9235,0.10656340077505613,1.426806586271443e-05,0.18204247262068654,0.7113798585383931,25,20,20
34,9236,0.10656340077505613,1.4268065862714476e-05,0.18204247264520618,0.7113798585138738,25,20,20
34,9237,0.10656340077505613,1.42680658627884e-05,0.1820424405607747,0.711379890598305,25,20,20
34,9238,0.10656340077780642,1.4268079668939798e-05,0.18243684195118204,0.7109854891913414,25,20,20
34,9239,0.11259453451592875,1.4267963908546313e-05,0.17831346208431856,0.7090777354358433,25,20,20
34,9240,0.11259453451597429,1.426796415305612e-05,0.1783200201038689,0.7090711774160029,25,20,20
34,9241,0.11259575497747906,1.4268466577022175e-05,0.17831866021158857,0.7090713163443545,25,20,20
34,9242,0.11259575497747987,1.426846657702088e-05,0.17831877468886947,0.7090712018670727,25,20,20
34,9243,0.11259575497747987,1.426846657694693e-05,0.17831869364292555,0.7090712829130168,25,20,20
34,9244,0.11259575497747994,1.4268466577023542e-05,0.1783188082373287,0.7090711683186135,25,20,20
34,9245,0.11259575497747915,1.4268466577022245e-05,0.17831880573276815,0.7090711708231748,25,20,20
34,9246,0.11259575497747909,1.4268466576948251e-05,0.1783187246271878,0.7090712519287554,25,20,20
34,9247,0.1131340772089499,1.4268447723499364e-05,0.17778049972437443,0.7090711546189516,25,20,20
34,9248,0.11313407720619965,1.4268433917424578e-05,0.1773860641406032,0.7094655902192791,25,20,20
34,9249,0.11313407720838965,1.4268434123827559e-05,0.18363590102461735,0.7032157533328689,25,20,20
34,9250,0.10914090728744216,1.4525107927700462e-05,0.18762759015329805,0.7032169774513318,25,20,20
34,9251,0.10914090728744535,1.452512177806942e-05,0.18789503817576594,0.7029495294150103,25,20,20
34,9252,0.11274749954574498,1.4268541067072801e-05,0.18428992575868697,0.7029483061545007,25,20,20
34,9253,0.11333108608530687,1.446750752009957e-05,0.18365388821803996,0.7030005581891327,25,20,20
34,9254,0.11274625867255293,1.9777544383092818e-05,0.18278852796922707,0.7044454358138366,25,20,20
34,9255,0.11274625867255293,1.977754438309414e-05,0.18278860693813448,0.704445356844929,25,20,20
34,9256,0.11274625867255372,1.977754438746105e-05,0.1827820335453583,0.7044519302377001,25,20,20
34,9257,0.11274625867255769,1.9777544387462616e-05,0.18277996887492245,0.7044539949081322,25,20,20
34,9258,0.11274625867255696,1.9777544383097022e-05,0.1827845381746675,0.7044494256083922,25,20,20
34,9259,0.11274625867255696,1.9777544383097022e-05,0.18278453616695867,0.7044494276161011,25,20,20
34,9260,0.11274625867036696,1.9777544176695388e-05,0.1765348111590445,0.7106991526264115,25,20,20
34,9261,0.11274625867036696,1.977754417669407e-05,0.17653477919097949,0.7106991845944765,25,20,20
34,9262,0.11274625867036697,1.977754417676803e-05,0.17654138202167627,0.7106925817637797,25,20,20
34,9263,0.11274625867036385,1.977753032647436e-05,0.17627407556878386,0.7109598882305255,25,20,20
34,9264,0.11274625867040937,1.9777530326476985e-05,0.17627635499422156,0.7109576088050421,25,20,20
34,9265,0.1132104431828981,1.9791230610903445e-05,0.17926999315740233,0.707499772429088,25,20,20
34,9266,0.11321044318289815,1.979123061519567e-05,0.17927659907534235,0.7074931665111437,25,20,20
34,9267,0.11321044318307988,1.979123061527209e-05,0.17936583484505722,0.707403930741247,25,20,20
34,9268,0.11321044318307988,1.979123061527209e-05,0.17936572110121052,0.7074040444850936,25,20,20
34,9269,0.11321044318307984,1.9791230615270774e-05,0.17936107304766924,0.707408692538635,25,20,20
34,9270,0.11321044318308057,1.979123061527077e-05,0.17936326969601527,0.7074064958902884,25,20,20
34,9271,0.11321044318312291,1.9791230855488698e-05,0.179369830435517,0.707399935150504,25,20,20
34,9272,0.11321044318316843,1.9791230855490015e-05,0.17937648259456487,0.7073932829914107,25,20,20
34,9273,0.11321049640325632,1.84522013299204e-05,0.18087468815473265,0.7058963632406815,25,20,20
34,9274,0.11321049640325559,1.8452201329920375e-05,0.18087403278849665,0.7058970186069183,25,20,20
34,9275,0.1132104968849078,2.055468672036888e-05,0.1882145114915847,0.6985544369367878,25,20,20
34,9276,0.11304068417273623,2.0269196413795966e-05,0.18838463318695733,0.6985544134438934,25,20,20
34,9277,0.15158855403050675,2.025584945629275e-05,0.14984043704421338,0.6985507530758247,25,20,20
34,9278,0.15158855403050275,2.0255849452001583e-05,0.14983597627211542,0.6985552138479307,25,20,20
34,9279,0.15158855403045726,2.0255849452000305e-05,0.1498293961751373,0.6985617939449544,25,20,20
34,9280,0.15158855403045726,2.0255849452001603e-05,0.14982943412874675,0.6985617559913448,25,20,20
34,9281,0.15158855403045723,2.025584945200156e-05,0.14982928018555042,0.6985619099345413,25,20,20
34,9282,0.15158855403046048,2.025584945207635e-05,0.15009648085682978,0.6982947092632585,25,20,20
34,9283,0.151892824888687,2.0255934703340496e-05,0.14979221075613997,0.6982947084204706,25,20,20
34,9284,0.1158912625305798,2.2829564410346525e-05,0.18578490384393248,0.6983010040610778,25,20,20
34,9285,0.1119794973102357,2.0256284649253167e-05,0.18970553795712136,0.698294708447994,25,20,20
34,9286,0.11900994685493493,6.629546629621768e-06,0.18268985564381204,0.6982935679546237,25,20,20
34,9287,0.11918504588138976,6.918854746189855e-06,0.1825144430924623,0.6982935921714025,25,20,20
34,9288,0.11918504588134424,6.9188545059309735e-06,0.18288087279431053,0.69792716246984,25,20,20
34,9289,0.11918504588134743,6.918854510222612e-06,0.18288095559475293,0.6979270796693899,25,20,20
34,9290,0.11918504588134743,6.918854510296561e-06,0.18288095759748946,0.6979270776666533,25,20,20
34,9291,0.11913631459889736,6.918860991642694e-06,0.18292968881324548,0.6979270777268658,25,20,20
34,9292,0.11913631459890058,6.918874902947098e-06,0.1830220339877848,0.697834732538412,25,20,20
34,9293,0.11913631459907888,6.918888739646282e-06,0.18306149657067963,0.697795269941502,25,20,20
34,9294,0.11913631459907893,6.918888979903629e-06,0.1826950980289699,0.6981616684829715,25,20,20
34,9295,0.11913631459907893,6.918888979903608e-06,0.18269509791354735,0.698161668598394,25,20,20
34,9296,0.11913631459926025,6.918888739612519e-06,0.18269309870081143,0.6981636678111889,25,20,20
34,9297,0.11913631459925705,6.918888735319606e-06,0.18269290200639293,0.698163864505615,25,20,20
34,9298,0.11913631459925705,6.918888735320881e-06,0.1826929825061532,0.6981637840058547,25,20,20
34,9299,0.11913631459925705,6.91888873531956e-06,0.18269302362016274,0.6981637428918451,25,20,20
34,9300,0.11913631459925705,6.918888735320858e-06,0.18269313750404106,0.6981636290079668,25,20,20
34,9301,0.11913631459926023,6.918888735319556e-06,0.18269618431825574,0.6981605821937487,25,20,20
34,9302,0.11913631459930576,6.918888739685164e-06,0.1826963025303456,0.6981604639816089,25,20,20
34,9303,0.11913631459930576,6.918888735394033e-06,0.1826983261713651,0.6981584403405937,25,20,20
34,9304,0.11913753002424897,6.918369577618808e-06,0.18269711122271753,0.6981584403834553,25,20,20
34,9305,0.11913753002424893,6.918369577617492e-06,0.1826955707409324,0.6981599808652402,25,20,20
34,9306,0.1191375300242034,6.918369333032675e-06,0.18268898010393364,0.698166571502529,25,20,20
34,9307,0.11913753002420338,6.91836933295874e-06,0.18268245685022266,0.6981730947562401,25,20,20
34,9308,0.11913753002420338,6.918369332958696e-06,0.18268248976758222,0.6981730618388805,25,20,20
34,9309,0.11913753002420345,6.918383183326403e-06,0.18294982474225294,0.6979057268503596,25,20,20
34,9310,0.11228745629471865,6.918599703573273e-06,0.1897998979506168,0.6979057271549602,25,20,20
34,9311,0.11211257454216172,6.921262839153118e-06,0.18997477723814257,0.6979057269568563,25,20,20
34,9312,0.11198185098965602,6.92126914059167e-06,0.1901054999355459,0.6979057278056573,25,20,20
34,9313,0.1119818509896555,6.921269137798023e-06,0.1761356248629701,0.7118756028782365,25,20,20
34,9314,0.11198185098965557,6.92126913779807e-06,0.1761357061798016,0.7118755215614049,25,20,20
34,9315,0.11198163255994205,2.6882052547754076e-05,0.1761159878447794,0.7118754975427306,25,20,20
34,9316,0.11198163296891193,2.68820525463552e-05,0.18846952718024101,0.6995219577983005,25,20,20
34,9317,0.11198163296891508,2.6882052546430448e-05,0.1884695015037238,0.6995219834748145,25,20,20
34,9318,0.11198157848711267,3.714010672245788e-05,0.1884596467689436,0.6995216346372213,25,20,20
34,9319,0.11198158311251494,5.732017323813229e-05,0.18843946206791062,0.6995216346463359,25,20,20
34,9320,0.11203846128328739,5.732016699158391e-05,0.18838258475179123,0.6995216337979293,25,20,20
34,9321,0.11203846128328732,5.732015314121491e-05,0.18811513589324227,0.6997890826703288,25,20,20
34,9322,0.11203846128310578,5.7320139304442256e-05,0.18780847511127757,0.7000957434663119,25,20,20
34,9323,0.115689974699501,5.732013017220808e-05,0.1841569617895664,0.7000957433807595,25,20,20
34,9324,0.11568997469931891,5.7320130416803604e-05,0.18415497443221351,0.7000977307380498,25,20,20
34,9325,0.112063868081375,5.732090379236343e-05,0.1488825278645508,0.738996283150282,25,20,20
34,9326,0.11206386808137501,5.7320903792364726e-05,0.14888252989135067,0.7389962811234818,25,20,20
34,9327,0.112063868081375,5.732090354784317e-05,0.14887782773739544,0.7390009832776818,25,20,20
34,9328,0.112063868081375,5.732090354784188e-05,0.1488778246895984,0.7390009863254786,25,20,20
34,9329,0.11206386808137575,5.7320903303334916e-05,0.14887123754732084,0.7390075734680001,25,20,20
34,9330,0.07261017329389681,5.734661508141419e-05,0.18812743785954267,0.7392050422314779,25,20,20
34,9331,0.03492304694378052,5.7418078774547735e-05,0.22524858204533652,0.7397709529321075,25,20,20
34,9332,0.03492304694378137,5.7418079019056026e-05,0.225255247809861,0.7397642871673377,25,20,20
34,9333,0.034923046943784564,5.741807902334764e-05,0.2252553640070405,0.7397641709701509,25,20,20
34,9334,0.034923046943783766,5.741807877876668e-05,0.22524877321882567,0.739770761758611,25,20,20
34,9335,0.03492304694378583,5.741808785250752e-05,0.2392189545524743,0.7258005804158861,25,20,20
34,9336,0.05676438038664448,5.7346273321206816e-05,0.2179436026795992,0.7252346706604342,25,20,20
34,9337,0.05676438038664448,5.7346273321205495e-05,0.21794348682269893,0.7252347865173348,25,20,20
34,9338,0.05676438038664124,5.734627356572387e-05,0.2179451589369753,0.725233114402817,25,20,20
34,9339,0.05709759564321315,5.73209780805441e-05,0.21780943384056106,0.7250356495381445,25,20,20
34,9340,0.06370449694574389,5.732084679653014e-05,0.21120250934791338,0.7250356728595455,25,20,20
34,9341,0.0637044969456984,5.7320846796603575e-05,0.21146656169405947,0.7247716205134447,25,20,20
34,9342,0.0637044969456078,0.0011232738022015334,0.2104006087389033,0.7247716205132869,25,20,20
34,9343,0.06479794377922234,0.0011232733860766174,0.20930710061193541,0.724771682222765,25,20,20
34,9344,0.10240110958716993,0.0011232733859661344,0.17170400038275968,0.7247716166441035,25,20,20
34,9345,0.10240110958721546,0.0011232733862107194,0.17171070545461525,0.7247649115719577,25,20,20
34,9346,0.10240110958721546,0.001123273386210644,0.1717106229866279,0.7247649940399452,25,20,20
34,9347,0.10240110958721545,0.00112327338596605,0.1717059019601856,0.7247697150666323,25,20,20
34,9348,0.10240830923096217,0.0011232733859661375,0.17169870234645476,0.7247697150366161,25,20,20
34,9349,0.10240830923096633,0.0011232690995899787,0.17169870662642697,0.7247697150430167,25,20,20
34,9350,0.10238166525777545,0.0011232683262144515,0.1706240211819987,0.7258710452340111,25,20,20
34,9351,0.10238166525777541,0.0011232683262101591,0.1706174146884705,0.725877651727544,25,20,20
34,9352,0.10238166525777535,0.0011232683262100826,0.17061738126800172,0.7258776851480129,25,20,20
34,9353,0.10266994950953728,0.0011232682344930207,0.17032912077923615,0.7258776614767335,25,20,20
34,9354,0.10118007024333318,0.0011232689184653363,0.17181899774508114,0.7258776630931204,25,20,20
34,9355,0.10118007024333238,0.0011232689184653354,0.17219198341490075,0.7255046774233016,25,20,20
34,9356,0.06434669333756683,0.001197470217567243,0.20894505759266213,0.7255107788522035,25,20,20
34,9357,0.06434669333756475,0.0011974702084935763,0.194976381243031,0.7394794552109105,25,20,20
34,9358,0.06434674166211246,0.0011931539688947287,0.19498064916722346,0.7394794552017685,25,20,20
34,9359,0.06434674166211646,0.001193153969138635,0.19511005812390925,0.7393500462448346,25,20,20
34,9360,0.06430900550906885,0.0011931736303193523,0.19514768243612793,0.7393501384244827,25,20,20
34,9361,0.06114724752468352,0.0011189723312252878,0.19838974312001845,0.7393440370240707,25,20,20
34,9362,0.06114724752486565,0.0011189723312295791,0.19839203456189383,0.7393417455820089,25,20,20
34,9363,0.06114719457348662,0.0011031086390652484,0.1984079512055677,0.7393417455818788,25,20,20
34,9364,0.0611471940918348,0.0011010061539194127,0.1909799759299008,0.7467718238243434,25,20,20
34,9365,0.07701869229910818,0.001101006150233121,0.17510847870058954,0.7467718228500684,25,20,20
34,9366,0.077018692299105,0.0011010061502331194,0.1751084781979536,0.7467718233527075,25,20,20
34,9367,0.077018692299105,0.0011010061502331947,0.1751085606661186,0.7467717408845425,25,20,20
34,9368,0.07701869229913555,0.0011006567440979065,0.17510890955428843,0.7467717414024775,25,20,20
34,9369,0.07701869229931768,0.0011006567440979076,0.1751089100572856,0.7467717408992982,25,20,20
34,9370,0.07701869229931767,0.0011006567438575096,0.17511187561110447,0.7467687753457197,25,20,20
34,9371,0.07701869229913949,0.0011006567576899173,0.17541834170303613,0.7464623092401338,25,20,20
34,9372,0.07701869229913949,0.001100656757689918,0.17515363204506484,0.7467270188981052,25,20,20
34,9373,0.07701869229913955,0.0011006567576899945,0.1751537526029547,0.7467268983402152,25,20,20
34,9374,0.07701869229913949,0.0011006567576899193,0.17515363346710836,0.7467270174760617,25,20,20
34,9375,0.07701869229913555,0.001100656743853294,0.17484708552501524,0.7470335654319955,25,20,20
34,9376,0.07701869229913556,0.0011006567438533706,0.17485178875943352,0.7470288621975771,25,20,20
34,9377,0.07701869189268754,0.0011006575300033295,0.16293249266369006,0.7589481579136187,25,20,20
34,9378,0.0546948707182875,0.0013956594570473486,0.1849605246746141,0.7589489451500504,25,20,20
34,9379,0.05469487071846963,0.0013956594570474238,0.18496272301718172,0.7589467468073005,25,20,20
34,9380,0.054694870715902226,0.0013956586708944979,0.1845283615409619,0.7593811090722408,25,20,20
34,9381,0.05469487071589827,0.0013956586706505916,0.18466518626718897,0.7592442843462612,25,20,20
34,9382,0.054694870715719345,0.0013956586706463017,0.18466289600690075,0.7592465746067326,25,20,20
34,9383,0.05469487071571616,0.0013956586706463004,0.18466293022172015,0.7592465403919164,25,20,20
34,9384,0.054694870715713016,0.0013956586706461514,0.1846628954087657,0.7592465752048743,25,20,20
34,9385,0.03903899358767508,0.001100640832415764,0.20061346639540947,0.7592468991844986,25,20,20
34,9386,0.03903899358767507,0.0011006408324156901,0.20060887900763721,0.7592514865722709,25,20,20
34,9387,0.03903899358767508,0.0011006408324157654,0.20060887960683133,0.7592514859730768,25,20,20
34,9388,0.03903899358767508,0.0011006408324156908,0.20024238081088327,0.759617984769025,25,20,20
34,9389,0.03903899358767502,0.0011006408324156908,0.20024241274381097,0.7596179528360973,25,20,20
34,9390,0.03998690654261142,0.0011006408325181596,0.1992944997875582,0.7596179528373114,25,20,20
34,9391,0.03998690654261136,0.0011006408325181583,0.1990281516350807,0.759884300989789,25,20,20
34,9392,0.03998690654261143,0.001100640832526714,0.19915767364548714,0.7597547789793739,25,20,20
34,9393,0.03998690654261143,0.0011006408325268616,0.19953069616494218,0.7593817564599188,25,20,20
34,9394,0.03998690654261143,0.0011006408325267864,0.19952919116467124,0.7593832614601896,25,20,20
34,9395,0.03998690654261142,0.0011006408325310022,0.19953568175998523,0.7593767708648715,25,20,20
34,9396,0.039987410742883644,0.0011006364133304776,0.1995363869200688,0.759375565923716,25,20,20
34,9397,0.03999000662384963,0.0011006345881425534,0.19946730559083498,0.759442053197173,25,20,20
34,9398,0.039990006623849626,0.001100634588384968,0.19984029503291648,0.7590690637548492,25,20,20
34,9399,0.039990006623850424,0.001100634588384968,0.19983597052886984,0.7590733882588951,25,20,20
34,9400,0.0399900066238049,0.0011006345881403843,0.19982934649785278,0.7590800122902023,25,20,20
34,9401,0.03999000662380491,0.001100634588140383,0.19982934851029807,0.759080010277757,25,20,20
34,9402,0.03999000662380486,0.001100634587897967,0.19945624610545845,0.7594531126828389,25,20,20
34,9403,0.03999000662380485,0.001100634587893676,0.19944975605938006,0.7594596027289217,25,20,20
34,9404,0.039990006623804794,0.0011006345878936774,0.199449673326673,0.7594596854616288,25,20,20
34,9405,0.03998741074284526,0.0011006302194107613,0.17057669455896796,0.7883352644787752,25,20,20
34,9406,0.03998741074284519,0.0011006302194022056,0.1704471719628755,0.7884647870748763,25,20,20
34,9407,0.039987410742845175,0.001100630219402281,0.17045366025550746,0.7884582987822442,25,20,20
34,9408,0.04005655550193102,0.0011006302193940192,0.17038451553910644,0.7884582987395686,25,20,20
34,9409,0.040056555501931816,0.00110063021939831,0.17039100561635098,0.788451808662319,25,20,20
34,9410,0.023443034956570758,0.0011006306369489881,0.18700452373212242,0.7884518106743579,25,20,20
34,9411,0.023443034956570758,0.001100630636948913,0.1869980334372997,0.7884583009691808,25,20,20
34,9412,0.023443034956533184,0.0011006306365949172,0.1759423799049552,0.7995139545019169,25,20,20
34,9413,0.051137661557236716,0.0011006306401211826,0.14824698529848748,0.7995147225041543,25,20,20
34,9414,0.05113766155705539,0.0011006306403614748,0.14824898558001987,0.7995127222225632,25,20,20
34,9415,0.051137661556873264,0.001100630640361327,0.14824678526924562,0.7995149225335196,25,20,20
34,9416,0.05113766155687407,0.0011006306403656047,0.14837403818892292,0.7993876696138372,25,20,20
34,9417,0.05113766155687474,0.0011006306521306561,0.15462363203077084,0.7931380757602237,25,20,20
34,9418,0.051137661556920275,0.001100630652375325,0.154628386517056,0.7931333212736484,25,20,20
34,9419,0.051137661559515026,0.0011006306663147044,0.15464070810111796,0.7931209996730523,25,20,20
34,9420,0.05113766155951829,0.0011006306663147057,0.1546406628869531,0.793121044887214,25,20,20
34,9421,0.051137661569900406,0.0011006306663190698,0.1546408077519897,0.7931209000117909,25,20,20
34,9422,0.05113766156989714,0.0011006306663190685,0.15464544035289934,0.7931162674108846,25,20,20
34,9423,0.051137661569896346,0.001100630666319082,0.15452061343686102,0.7932410943269237,25,20,20
34,9424,0.05113766156989555,0.001100630666319082,0.1545199546246769,0.7932417531391084,25,20,20
34,9425,0.05113766155951342,0.0011006306663147902,0.15452443050687076,0.793237277267301,25,20,20
34,9426,0.0511376615595135,0.0011006306663148644,0.15452443272318114,0.7932372750509904,25,20,20
34,9427,0.051137661637458295,0.0005764728731410905,0.15504859043395686,0.7932372750554442,25,20,20
34,9428,0.051137661637458275,0.0005764728731411645,0.1550485570158752,0.7932373084735257,25,20,20
34,9429,0.05113766163486355,0.0005764728592017852,0.15503646600340654,0.7932493995025284,25,20,20
34,9430,0.05113766163486355,0.0005764728592017852,0.15503649942203396,0.7932493660839007,25,20,20
34,9431,0.05113766163486355,0.0005764728592017865,0.15503649943079156,0.7932493660751433,25,20,20
34,9432,0.05113766163486355,0.0005764728592017852,0.15503649884490805,0.7932493666610267,25,20,20
34,9433,0.05113766163486668,0.0005764728592017114,0.15503498481896114,0.7932508806869706,25,20,20
34,9434,0.05113766163486668,0.00057647285920171,0.15503498679610944,0.7932508787098222,25,20,20
34,9435,0.05113766163486666,0.0005764728592017126,0.15503945801766947,0.7932464074882623,25,20,20
34,9436,0.05113766163486426,0.0005764728592060043,0.1550395456499125,0.7932463198560175,25,20,20
34,9437,0.05113766163481874,0.0005764728589613354,0.15503482658444562,0.7932510389217745,25,20,20
34,9438,0.051137661634819545,0.0005764728589656283,0.15503502386430745,0.7932508416419075,25,20,20
34,9439,0.060637865769225384,0.0005774829863585271,0.14552967714611392,0.7932549740983021,25,20,20
34,9440,0.06063786576922544,0.0005774829863585271,0.1455250965319641,0.7932595547124519,25,20,20
34,9441,0.03776757346045148,0.0005774825733394285,0.1555373966248243,0.8061175473413847,25,20,20
34,9442,0.03776757346045148,0.0005774825733437197,0.1555419843150279,0.8061129596511768,25,20,20
34,9443,0.03776757346045068,0.0005774825730992115,0.15554188403698657,0.8061130599294636,25,20,20
34,9444,0.03776708717461921,0.0005774842777316088,0.155542368547774,0.8061130599998748,25,20,20
34,9445,0.03776708717461922,0.0005774842777316829,0.15553778260051548,0.8061176459471333,25,20,20
34,9446,0.03822103908589655,0.0005774827973613814,0.15508025353475033,0.8061212245819915,25,20,20
34,9447,0.03822111385635682,0.00034214299318599843,0.15531551856774667,0.8061212245827112,25,20,20
34,9448,0.03822111385635683,0.00034214299318599854,0.15532225318113177,0.8061144899693261,25,20,20
34,9449,0.03822111385635677,0.00034214299318592324,0.1553221319624068,0.8061146111880513,25,20,20
34,9450,0.03822130180579853,1.5440962549338464e-05,0.15564864603060605,0.8061146112010468,25,20,20
34,9451,0.03822130180579852,1.5440962549263193e-05,0.15564856554789658,0.8061146916837562,25,20,20
34,9452,0.03822130180579852,1.544096254926324e-05,0.1556484505353296,0.8061148066963232,25,20,20
34,9453,0.03822130180579852,1.5440962549264538e-05,0.15564853161067826,0.8061147256209744,25,20,20
34,9454,0.03822130180579857,1.54409625491167e-05,0.15527705092365243,0.8064862063080004,25,20,20
34,9455,0.03822130180583813,1.544095079164764e-05,0.15368633533520198,0.808076921908169,25,20,20
34,9456,0.03822130180583813,1.5440950791650213e-05,0.15368644883867283,0.8080768084046983,25,20,20
34,9457,0.038221301805838874,1.5440950791576243e-05,0.1536850558999503,0.8080782013434199,25,20,20
34,9458,0.038221301806020194,1.5440951031879582e-05,0.15368969414587755,0.8080735630970709,25,20,20
34,9459,0.03822130180620083,1.5441739258238033e-05,0.1540129625350904,0.8077502939194513,25,20,20
34,9460,0.03874757151619326,1.5470372011078266e-05,0.15348997249154406,0.807746985620252,25,20,20
34,9461,0.038740071720309154,1.707804463786809e-05,0.15349586607844537,0.8077469841566081,25,20,20
34,9462,0.038740071720309154,1.7078044633578258e-05,0.15349116393898346,0.8077516862960742,25,20,20
34,9463,0.03874007172026892,1.7078044626071272e-05,0.14883239958343553,0.8124104506516698,25,20,20
34,9464,0.03874007172026892,1.7078044626143944e-05,0.14882778084413306,0.8124150693909723,25,20,20
34,9465,0.03874007172026892,1.7078044626219212e-05,0.1488278941228622,0.8124149561122429,25,20,20
34,9466,0.03874007173376415,2.9112934666018904e-06,0.1488420608670377,0.8124149561057322,25,20,20
34,9467,0.038740071733764134,2.9112934666032118e-06,0.14883540734136427,0.8124216096314056,25,20,20
34,9468,0.039431943245264646,2.9303642914554353e-06,0.14814350881564914,0.8124216175747958,25,20,20
34,9469,0.03943194324526386,2.930364291528105e-06,0.14814489967468591,0.8124202267157596,25,20,20
34,9470,0.03943194324526391,2.930364536109028e-06,0.14815149023825597,0.8124136361519448,25,20,20
34,9471,0.039431943245263966,2.930364536109009e-06,0.14814958733575262,0.8124155390544482,25,20,20
34,9472,0.04145206137067852,1.9011753158976947e-06,0.14613540680232956,0.8124106306516765,25,20,20
34,9473,0.041452061370675315,1.901161404519343e-06,0.14604309305250107,0.8125029444154195,25,20,20
34,9474,0.041452061370675315,1.9011614044453268e-06,0.14604309164770166,0.812502945820219,25,20,20
34,9475,0.041452061370675274,1.9011611599383744e-06,0.1460364176388002,0.812509619829365,25,20,20
34,9476,0.04145206147938277,1.9011714053211867e-06,0.15664057747776391,0.8019054598714487,25,20,20
34,9477,0.04145206147938356,1.9011714054704263e-06,0.15664054809179784,0.8019054892574138,25,20,20
34,9478,0.041452061479201434,1.9011711608741995e-06,0.15663571384267913,0.8019103235069592,25,20,20
34,9479,0.041452061479386765,1.9011711651655285e-06,0.15663908157983017,0.8019069557696186,25,20,20
34,9480,0.04145206601107766,1.6685115448169662e-06,0.15663930970776319,0.8019069557696148,25,20,20
34,9481,0.04145206601107767,1.6685115448170128e-06,0.156639234892186,0.8019070305851919,25,20,20
34,9482,0.04047932880083515,3.877410199669537e-08,0.1576138543414268,0.801906778083637,25,20,20
34,9483,0.04047932880083515,3.877410199669538e-08,0.15761377523919035,0.8019068571858735,25,20,20
34,9484,0.04047932880065452,3.798587142387367e-08,0.15729055217458224,0.8022300810388927,25,20,20
34,9485,0.040479328803252945,3.798611594619374e-08,0.15729530541360728,0.8022253277970246,25,20,20
34,9486,0.04047932880325296,3.79861158696503e-08,0.15729534407152812,0.8022252891391038,25,20,20
34,9487,0.04047932880325294,3.7986115943622e-08,0.15729525663327673,0.8022253765773548,25,20,20
34,9488,0.04047932880325298,3.7986111726485547e-08,0.15729069547182847,0.8022299377388074,25,20,20
34,9489,0.040479328803253035,3.7986111800479506e-08,0.15729077657762516,0.8022298566330105,25,20,20
34,9490,0.04047932880325309,3.798611180045093e-08,0.15729385698389284,0.8022267762267425,25,20,20
34,9491,0.04047932880307098,3.800004673789312e-08,0.1573027277315205,0.8022179054653621,25,20,20
34,9492,0.0404793262614559,0.01123109838928107,0.14607168639409215,0.8022178889551705,25,20,20
34,9493,0.039977466489481125,0.011231098384641883,0.11969787561928287,0.8290935595065938,25,20,20
34,9494,0.039977466489481125,0.01123109838464188,0.11970448063341792,0.8290869544924588,25,20,20
34,9495,0.0284332465485306,0.011231105865368575,0.13113658762389255,0.8291990599622087,25,20,20
34,9496,0.028433246545932236,0.011231105865123978,0.13113645481596353,0.8291991927729806,25,20,20
34,9497,0.028433246546114357,0.011231105865128266,0.13114113887157777,0.82919450871718,25,20,20
34,9498,0.028433246546114357,0.011231105865128342,0.13113655127409002,0.8291990963146677,25,20,20
34,9499,0.02843324654611436,0.011231105865128342,0.13113874833560898,0.8291968992531485,25,20,20
34,9500,0.028433246546114347,0.011231105865132558,0.13113890453319096,0.8291967430555625,25,20,20
34,9501,0.028433249332442928,0.039554689752912056,0.10281531786060066,0.8291967430540446,25,20,20
34,9502,0.02843324933262819,0.039554689752912126,0.10281993920353617,0.8291921217109235,25,20,20
34,9503,0.028433249332628262,0.03955468975291642,0.10281940457429758,0.8291926563401578,25,20,20
34,9504,0.030031641041294185,0.03955466575826459,0.10122103678864203,0.8291926564117991,25,20,20
34,9505,0.030031641041112174,0.039554665758260305,0.10122094128046066,0.8291927519201667,25,20,20
34,9506,0.030031641041115373,0.039554665758260305,0.10122099062956474,0.8291927025710595,25,20,20
34,9507,0.03003164104111617,0.0395546657582646,0.10122566577411214,0.8291880274265071,25,20,20
34,9508,0.030031641041115373,0.039554665758260305,0.10122107745808735,0.829192615742537,25,20,20
34,9509,0.0300316410411153,0.039554665758256016,0.1012194150134437,0.829194278187185,25,20,20
34,9510,0.03003164104111452,0.039554665758260235,0.10121746729370901,0.8291962259069163,25,20,20
34,9511,0.030031641041292873,0.039554665758264586,0.10134683890964155,0.829066854290801,25,20,20
34,9512,0.03003164104129292,0.03955466575826029,0.10134217473517244,0.8290715184652744,25,20,20
34,9513,0.03003164104129292,0.03955466575826022,0.10134205945883207,0.8290716337416149,25,20,20
34,9514,0.04154484441332201,0.039554658277966726,0.08994096563494484,0.8289595316737666,25,20,20
34,9515,0.04154484441313669,0.03955465827796665,0.08994096304617258,0.8289595342627243,25,20,20
34,9516,0.04154484441313743,0.03955465827797523,0.08994562792735512,0.8289548693815324,25,20,20
34,9517,0.04154484441313743,0.03955465827797523,0.08994562709119507,0.8289548702176924,25,20,20
34,9518,0.0415448444232298,0.03955465827797096,0.09022099311394442,0.8286795041848549,25,20,20
34,9519,0.04154484442322739,0.039554658264031727,0.090215323432666,0.828685173880075,25,20,20
34,9520,0.04154484441295346,0.03955465826403165,0.08981053644488009,0.8290899608781349,25,20,20
34,9521,0.04154484441295346,0.039554658264031574,0.0898058351873962,0.829094662135619,25,20,20
34,9522,0.041567053590908544,0.03955465861451724,0.08978362735842654,0.8290946604361479,25,20,20
34,9523,0.041567053590908544,0.03955465861451724,0.08978362733401488,0.8290946604605594,25,20,20
34,9524,0.0415670535909078,0.039554658614517166,0.0899130644280287,0.8289652233665465,25,20,20
34,9525,0.04156705360008061,0.03955465862683654,0.0945675579009688,0.8243107298721144,25,20,20
34,9526,0.04156705360008056,0.0395546586268408,0.09483226827948309,0.8240460194935957,25,20,20
34,9527,0.04156705360008061,0.039554658626845096,0.09483246495672182,0.8240458228163529,25,20,20
34,9528,0.04156705359090775,0.039554658614525645,0.09017327089837635,0.8287050168961906,25,20,20
34,9529,0.04156705359090701,0.039554658614529864,0.09017322553433622,0.8287050622602272,25,20,20
34,9530,0.04156705359090701,0.03955465861452993,0.09017333988270773,0.8287049479118558,25,20,20
34,9531,0.04156705359090691,0.03955465861452993,0.09016863945564671,0.8287096483389168,25,20,20
34,9532,0.0016458340875112592,0.05397710260396928,0.11566703874357717,0.8287100245649424,25,20,20
34,9533,0.03854324121098365,0.053977102434992215,0.07876963019229437,0.8287100261617297,25,20,20
34,9534,0.03854324121357904,0.053977102434992215,0.07876542489064987,0.8287142314607787,25,20,20
34,9535,0.038543241213624575,0.05397710243499651,0.0787671728472808,0.828712483504098,25,20,20
34,9536,0.03854324121357904,0.05397710243499229,0.07876545264748314,0.8287142037039453,25,20,20
34,9537,0.03854324121098685,0.05397710243499229,0.07876316058515714,0.8287164957688635,25,20,20
34,9538,0.03854324121098692,0.05397710243500081,0.07901484372186884,0.8284648126321433,25,20,20
34,9539,0.03854324121098692,0.05397710243500081,0.07901484569901714,0.828464810654995,25,20,20
34,9540,0.03854324121098696,0.05397710243500081,0.0790169693127829,0.828462687041229,25,20,20
34,9541,0.03854324121098695,0.05397710243500075,0.07901701936543673,0.8284626369885754,25,20,20
34,9542,0.03854324121098688,0.05397710243499652,0.07877193966420731,0.8287077166898092,25,20,20
34,9543,0.038543241210990016,0.053977102434996586,0.07864253479267974,0.8288371215613336,25,20,20
34,9544,0.03854324121099004,0.053977102434996586,0.07864265067874884,0.8288370056752644,25,20,20
34,9545,0.038543241210989974,0.0539771024349923,0.07863612527983936,0.8288435310741784,25,20,20
34,9546,0.03854324121098992,0.0539771024349923,0.07863384911030358,0.8288458072437141,25,20,20
34,9547,0.03854297841182265,0.05399667494633437,0.07861453941629966,0.8288458072255429,25,20,20
34,9548,0.03854297841200478,0.05399667494633441,0.07834840485015043,0.8291119417915098,25,20,20
34,9549,0.03849580627731802,0.05375007616868491,0.07864255369090825,0.8291115638630884,25,20,20
34,9550,0.03849580348728479,0.05292406624658586,0.0794685664031386,0.8291115638629901,25,20,20
34,9551,0.038495803487330275,0.05292406624658594,0.07946856843775006,0.8291115618283331,25,20,20
34,9552,0.038495803487284735,0.05292406624658165,0.0794730709833838,0.8291070592827492,25,20,20
34,9553,0.03849580354210083,0.01497276567509247,0.1174243714999506,0.8291070592828572,25,20,20
34,9554,0.03849580354210163,0.014972765675332763,0.11743087929850474,0.8291005514840621,25,20,20
34,9555,0.03849580354469716,0.014972765675332908,0.11743113678665028,0.8291002939933207,25,20,20
34,9556,0.03849580354456046,0.014972765675332894,0.1175565825370132,0.8289748482430945,25,20,20
34,9557,0.03849580354456045,0.01497276567532868,0.11755009190556867,0.8289813388745432,25,20,20
34,9558,0.03849580354456045,0.014972765675332894,0.1175565825115979,0.8289748482685098,25,20,20
34,9559,0.03849580354456045,0.014972765675332891,0.11755661588676046,0.8289748148933469,25,20,20
34,9560,0.0384958056023084,0.014953501872343962,0.11757587762787602,0.8289748148974724,25,20,20
34,9561,0.03849580561265494,0.014953501886239704,0.11771313689505707,0.828837555606049,25,20,20
34,9562,0.03849580561584271,0.014176414442464012,0.11849022433563718,0.8288375556060572,25,20,20
34,9563,0.038495805615856485,0.03996869050474723,0.09269794826781855,0.8288375556115788,25,20,20
34,9564,0.038495805615811035,0.039968690504742874,0.09257230381588176,0.8289632000635653,25,20,20
34,9565,0.03849580561581098,0.039968690504742804,0.0925721621011306,0.8289633417783167,25,20,20
34,9566,0.03849580561581098,0.03996869050474273,0.09256746084364663,0.8289680430358005,25,20,20
34,9567,0.03849580561581098,0.03996869050474273,0.09256746014259981,0.8289680437368474,25,20,20
34,9568,0.03849580561581098,0.03996869050474273,0.09256746098885758,0.8289680428905897,25,20,20
34,9569,0.03849580561581338,0.039968690504498146,0.09256078639550826,0.8289747174841812,25,20,20
34,9570,0.03849586087384908,0.03996866826084021,0.09256072931196392,0.8289747415533475,25,20,20
34,9571,0.038495860873855474,0.039968668260840216,0.09256081211556555,0.8289746587497397,25,20,20
34,9572,0.03849586087385548,0.039968668260840216,0.09256078011281359,0.8289746907524915,25,20,20
34,9573,0.03849586087141365,0.03996866826125287,0.09881035526209336,0.822725115605241,25,20,20
34,9574,0.03849586087141285,0.039968668261248584,0.09881015998996093,0.8227253108773783,25,20,20
34,9575,0.0390104113869817,0.03998054180337636,0.09828373592670961,0.8227253108829331,25,20,20
34,9576,0.03851070489540103,0.03996843965879118,0.09879554453126534,0.8227253109145432,25,20,20
34,9577,0.038525171806864045,0.039971178344198395,0.09877810393078708,0.8227255459181513,25,20,20
34,9578,0.038525171806864045,0.039971178344198395,0.09877810250894098,0.8227255473399973,25,20,20
34,9579,0.038525171806864045,0.039971178344198395,0.09877802201524083,0.8227256278336975,25,20,20
34,9580,0.038525171806864045,0.03997117834420269,0.09878451203711176,0.822719137811822,25,20,20
34,9581,0.03852517180686398,0.039971178344198395,0.09878451031728668,0.8227191395316515,25,20,20
34,9582,0.03852517180686397,0.03997117834419411,0.09878018197289146,0.822723467876051,25,20,20
34,9583,0.0392835810701489,0.039969740431056396,0.09766959439656642,0.8230770841022289,25,20,20
34,9584,0.039283780620022524,0.040042945509893554,0.09759621191578907,0.8230770619542958,25,20,20
34,9585,0.039283780620022524,0.040042945509893554,0.09759783136531491,0.8230754425047699,25,20,20
34,9586,0.03928378060985812,0.04004294549600632,0.09746076891196476,0.8232125049821717,25,20,20
34,9587,0.03928378060984303,0.038355789371577256,0.09914792504196371,0.8232125049766172,25,20,20
34,9588,0.039283780609888554,0.038355789371573065,0.09888824363746612,0.8234721863810733,25,20,20
34,9589,0.03928378060988857,0.03835578937157736,0.09889294777508266,0.8234674822434523,25,20,20
34,9590,0.03928378060988861,0.03835578937157314,0.0988883595245315,0.8234720704940076,25,20,20
34,9591,0.03928378060984308,0.038355789371573065,0.09888179013396092,0.8234786398846239,25,20,20
34,9592,0.03928378060984308,0.038355789371573065,0.09888179013396087,0.8234786398846239,25,20,20
34,9593,0.03879969884677236,0.03835597038241782,0.09958306094045401,0.8232612698303565,25,20,20
34,9594,0.03879969884676917,0.03835597038241782,0.09958303246433015,0.8232612983064834,25,20,20
34,9595,0.03879969884661547,0.03835597038200502,0.09333328032060495,0.8295110504507752,25,20,20
34,9596,0.03879969884920183,0.03835597038200937,0.09342548536394041,0.8294188454048489,25,20,20
34,9597,0.03879969884924695,0.03835597038200937,0.09379948485727452,0.8290448459114697,25,20,20
34,9598,0.03879969899712288,0.03835597038225403,0.09343223633154606,0.8294120942890776,25,20,20
34,9599,0.03879969899712289,0.03835597038225411,0.09343073612772348,0.8294135944929002,25,20,20
34,9600,0.03879969958517157,0.03835597039635285,0.09368321891949477,0.8291611110989814,25,20,20
34,9601,0.03879969958517232,0.038355970396597446,0.09368793854087219,0.8291563914773588,25,20,20
34,9602,0.03879969958517231,0.03835597039659737,0.09369442429955166,0.8291499057186793,25,20,20
34,9603,0.0396741668393018,0.03828247345002693,0.09289345375905818,0.8291499059516138,25,20,20
34,9604,0.039674166836712314,0.03828247345002686,0.09280774435685162,0.8292356153564099,25,20,20
34,9605,0.03967416683671433,0.038282473966744265,0.10679553410460103,0.8152478250919414,25,20,20
34,9606,0.03967416683671433,0.038282473966744265,0.10679545233886595,0.8152479068576762,25,20,20
34,9607,0.03967416683671224,0.03828247345002257,0.09280105929982323,0.8292423004134426,25,20,20
34,9608,0.028946868237668434,0.0382824729634814,0.10352834609721889,0.8292423127016321,25,20,20
34,9609,0.028946868237668486,0.0382824729634814,0.10353306191434314,0.8292375968845078,25,20,20
34,9610,0.028946868237668486,0.03828247296348147,0.10353314440479154,0.8292375143940593,25,20,20
34,9611,0.028946868237665287,0.0382824729634814,0.10353314295209022,0.829237515846764,25,20,20
34,9612,0.028946868237666144,0.03828247296348577,0.10353323162606178,0.8292374271727871,25,20,20
34,9613,0.06802631996887677,0.03828096663621354,0.06459157631867217,0.8291011370762373,25,20,20
34,9614,0.06802631996887676,0.03828096663621354,0.06458508375151527,0.8291076296433941,25,20,20
34,9615,0.06802631996887995,0.038280966636217835,0.06458318314462844,0.8291095302502736,25,20,20
34,9616,0.0680263199690613,0.038280966635973315,0.06457849208219602,0.8291142213127691,25,20,20
34,9617,0.06802631938103498,0.03828096662187457,0.09941453099560318,0.7942781830014877,25,20,20
34,9618,0.06802631938103425,0.038280966621866065,0.09950212046386361,0.7941905935332363,25,20,20
34,9619,0.06802631938103429,0.038280966621865996,0.09950200802183462,0.7941907059752655,25,20,20
34,9620,0.06802632017380963,0.011239218549186948,0.12654375022543737,0.7941907110515665,25,20,20
34,9621,0.06802632017380877,0.011239218549182733,0.12654798817563143,0.7941864731013775,25,20,20
34,9622,0.06972934647231863,0.01123921835174347,0.12484497538744828,0.7941864597884901,25,20,20
34,9623,0.06972934567954725,0.0399681264743642,0.09611607313389976,0.7941864547121894,25,20,20
34,9624,0.06972934567936517,0.03996812647436834,0.09611830117661926,0.7941842266696477,25,20,20
34,9625,0.06972934567936837,0.03996812647461293,0.09612305558749137,0.7941794722585278,25,20,20
34,9626,0.06972934567936842,0.03996812647461721,0.09625246276730519,0.7940500650787093,25,20,20
34,9627,0.0697293456791863,0.03996812647460878,0.09625693879346427,0.7940455890527407,25,20,20
34,9628,0.06972934567918625,0.039968126474608706,0.0961646450564621,0.7941378827897431,25,20,20
34,9629,0.06972934567918623,0.03996812647460856,0.0961600242583167,0.7941425035878886,25,20,20
34,9630,0.06972934567918625,0.03996812647460856,0.09616002403339971,0.7941425038128055,25,20,20
34,9631,0.06972934567918912,0.03996812647460869,0.100818774335767,0.7894837535104352,25,20,20
34,9632,0.09809422166120019,0.03996812557863866,0.07245390109675359,0.7894837516634071,25,20,20
34,9633,0.09809422166137903,0.03996812557888259,0.06788737533342665,0.7940502774263113,25,20,20
34,9634,0.09809422166137984,0.039968125578886876,0.06789398227476692,0.7940436704849659,25,20,20
34,9635,0.09809422166138063,0.03996812557888695,0.06789398572942887,0.7940436670303032,25,20,20
34,9636,0.09552905521578756,0.03996844056579884,0.0704156842570301,0.7940868199613831,25,20,20
34,9637,0.09552905521578751,0.03996844056579449,0.07028616215325705,0.7942163420651606,25,20,20
34,9638,0.09552905521578751,0.03996844056579449,0.07028616473521238,0.7942163394832054,25,20,20
34,9639,0.09552905521578751,0.03996844056579441,0.07029268868076502,0.7942098155376527,25,20,20
34,9640,0.095529101002,0.03996844488104996,0.07520294067097172,0.7892995134459779,25,20,20
34,9641,0.09552910100181827,0.0399684448808059,0.07511071415478296,0.7893917399625924,25,20,20
34,9642,0.09552910089311073,0.03996844487056045,0.06450193350471581,0.8000005207316128,25,20,20
34,9643,0.09552910089311073,0.03996844487056044,0.06450196887607987,0.8000004853602486,25,20,20
34,9644,0.09564835833480281,0.039968444870454166,0.06438290255073426,0.8000002942440086,25,20,20
34,9645,0.09564835833479648,0.039968444870698755,0.06438757419239435,0.7999956226021103,25,20,20
34,9646,0.08044465903584543,0.039968814132337535,0.07963397270864919,0.7999525541231673,25,20,20
34,9647,0.08044465903584223,0.03996881413233325,0.079629349592987,0.7999571772388372,25,20,20
34,9648,0.08044465903584543,0.03996881413233332,0.07962290706787614,0.7999636197639447,25,20,20
34,9649,0.0804446590358486,0.03996881413233347,0.07962290745900472,0.7999636193728128,25,20,20
34,9650,0.08044465903584548,0.0399688141323334,0.07962285258558224,0.7999636742462386,25,20,20
34,9651,0.08044465903584541,0.039968814132329104,0.07962048137352291,0.7999660454583022,25,20,20
34,9652,0.08044465903584859,0.03996881413232925,0.07974992273675521,0.7998366040950665,25,20,20
34,9653,0.08044465903584863,0.03996881413232926,0.07974992409844675,0.7998366027333751,25,20,20
34,9654,0.08044465903584548,0.03996881413208466,0.07974520353780071,0.7998413232942687,25,20,20
34,9655,0.08044465903584548,0.03996881413208451,0.07973882933556417,0.7998476974965055,25,20,20
34,9656,0.0804446590358455,0.039968814132088804,0.07974341764172399,0.7998431091903413,25,20,20
34,9657,0.10872779080238076,0.0399681298862613,0.05146105521581818,0.7998430240955393,25,20,20
34,9658,0.10872779080237838,0.0399681298862613,0.051461023470395204,0.7998430558409646,25,20,20
34,9659,0.10872779080256043,0.03996812988626566,0.05146751563577813,0.7998365636753954,25,20,20
34,9660,0.10872779080256043,0.03996812988626566,0.05146751621136648,0.7998365630998069,25,20,20
34,9661,0.10872779080256041,0.039968129886265656,0.05146751643628356,0.79983656287489,25,20,20
34,9662,0.10872779065463936,0.039968129886021074,0.051465466024882243,0.799838613434457,25,20,20
34,9663,0.10872779065481981,0.03996812989983849,0.05183964476705263,0.7994644346782889,25,20,20
34,9664,0.10872779065739806,0.039968129913688935,0.05210701328016241,0.7991970661487504,25,20,20
34,9665,0.10872779065721913,0.03996812991368465,0.05236675433734488,0.7989373250917512,25,20,20
34,9666,0.10872779065721906,0.03996812991368035,0.0523620507856152,0.7989420286434852,25,20,20
34,9667,0.10872779065721903,0.03996812991343583,0.052358838824875076,0.7989452406044697,25,20,20
34,9668,0.10872779065721906,0.03996812991343583,0.05235899918830539,0.7989450802410394,25,20,20
34,9669,0.1087277906572574,0.039968129913439454,0.058620311015131724,0.7926837684141712,25,20,20
34,9670,0.10872779065743833,0.03996812992728982,0.058887759878366586,0.7924163195369051,25,20,20
34,9671,0.10872779065759203,0.039968129927297064,0.06513735733354335,0.7861667220815672,25,20,20
34,9672,0.10872779065759203,0.039968129927297064,0.0651374710673434,0.7861666083477672,25,20,20
34,9673,0.10872779065758884,0.03996812992729692,0.0650079506262864,0.7862961287888275,25,20,20
34,9674,0.10872779065741071,0.039968130487945175,0.0757220216476893,0.7755820572069545,25,20,20
34,9675,0.10872779065741156,0.03996813048794525,0.07572360228299045,0.7755804765716525,25,20,20
34,9676,0.10872779065741156,0.03996813048794525,0.07572340016170473,0.7755806786929382,25,20,20
34,9677,0.10872779065740776,0.03996851396269408,0.07572301668686401,0.775580678693034,25,20,20
34,9678,0.10872779065740851,0.03996851396269416,0.07572945994588556,0.7755742354340117,25,20,20
34,9679,0.10872779065740619,0.03996851338847306,0.06464791263215347,0.7866557833219672,25,20,20
34,9680,0.1087277906574094,0.03996851338847736,0.06464808145186658,0.7866556145022465,25,20,20
34,9681,0.1087277906572557,0.03996851338847012,0.058398485437588014,0.792905210516686,25,20,20
34,9682,0.10872779065725645,0.0399685133884743,0.05876998121590464,0.7925337147383645,25,20,20
34,9683,0.10872779065725645,0.03996851338847422,0.058776503165932276,0.7925271927883369,25,20,20
34,9684,0.10872779065725645,0.03996851338847422,0.0587765301954121,0.7925271657588572,25,20,20
34,9685,0.1083826662054885,0.03996853367790583,0.059116217204249616,0.792532582912356,25,20,20
34,9686,0.10838223978634084,0.039968533671860366,0.059116643629442585,0.7925325829123561,25,20,20
34,9687,0.10838223978634082,0.03996853367186029,0.059121683173186536,0.7925275433686123,25,20,20
34,9688,0.10838223978634325,0.039968533671860366,0.059207370600252024,0.7924418559415443,25,20,20
34,9689,0.10838223978634001,0.03996853367186022,0.059115191076688285,0.7925340354651114,25,20,20
34,9690,0.10741034083710224,0.03996853367174953,0.06008709002659145,0.7925340354645567,25,20,20
34,9691,0.11196417077673326,0.03996852935667878,0.055013893996005175,0.7930534058705824,25,20,20
34,9692,0.11196417077673321,0.039968529356678786,0.05501378638040358,0.7930535134861841,25,20,20
34,9693,0.1119641707767364,0.03996852935667893,0.05501822772205387,0.7930490721445304,25,20,20
34,9694,0.11196417077673643,0.03996852935667893,0.05501830678091599,0.7930489930856683,25,20,20
34,9695,0.11196417077691688,0.039968529356687356,0.05539131323614184,0.7926759866302536,25,20,20
34,9696,0.11196417078729587,0.039968529370626664,0.055398932977050584,0.7926683668650266,25,20,20
34,9697,0.0894256015573527,0.03996852996602168,0.07793742102671476,0.7926684474499102,25,20,20
34,9698,0.08942560155717498,0.03996852995217139,0.07767005560962464,0.7929358128810285,25,20,20
34,9699,0.08942560155717186,0.03996852995217139,0.07740598719245129,0.7931998812982051,25,20,20
34,9700,0.08942560155717186,0.03996852995192688,0.07740156028793878,0.7932043082029623,25,20,20
34,9701,0.08942560155717186,0.039968529951922675,0.07739507067909777,0.7932107978118073,25,20,20
34,9702,0.08942560993166382,0.03996852996601259,0.0776677664407737,0.7929380936615494,25,20,20
34,9703,0.08942560992133033,0.039968529952073215,0.07766945143750242,0.7929364086890937,25,20,20
34,9704,0.08942560992132714,0.039968529952076295,0.08872728290321151,0.7818785772233846,25,20,20
34,9705,0.08942560992132646,0.03996852995207622,0.08872887602264136,0.7818769841039556,25,20,20
34,9706,0.08942560991874822,0.03996852993822578,0.08846304792946448,0.7821428122135612,25,20,20
34,9707,0.08942560991874826,0.03996852993822578,0.08846970146768815,0.7821361586753376,25,20,20
34,9708,0.0894256099187478,0.03996852993943284,0.12500132785460574,0.7456045322872139,25,20,20
34,9709,0.0894256099187502,0.03996852993942874,0.12472050386882336,0.745885356272998,25,20,20
34,9710,0.0894256099187494,0.03996852993942866,0.12472050040569109,0.7458853597361312,25,20,20
34,9711,0.08942560991874939,0.039968529939428656,0.12471887963589877,0.7458869805059237,25,20,20
34,9712,0.08942560991874927,0.039968529939428656,0.1247171686168518,0.7458886915249708,25,20,20
34,9713,0.08942560991874933,0.03996852993942873,0.1249834727812484,0.745622387360574,25,20,20
34,9714,0.10501208247962154,0.0399819562371786,0.10938253108657696,0.7456234301966235,25,20,20
34,9715,0.10874687208202687,0.03996853869014464,0.10566223902807283,0.7456223501997563,25,20,20
34,9716,0.10874687208207247,0.039968538690148936,0.10566444496275439,0.7456201442650248,25,20,20
34,9717,0.10874687208231239,0.03996853868896452,0.10727418490688415,0.7440104043218395,25,20,20
34,9718,0.10874687208252258,0.03872866763791181,0.1085140559524402,0.744010404327126,25,20,20
34,9719,0.11540940473794706,0.038728922871013816,0.10184881707236078,0.7440128553186787,25,20,20
34,9720,0.11085765181812292,0.03872892287084308,0.10692087464947012,0.7434925506615648,25,20,20
34,9721,0.11085765181808452,0.03872892287083953,0.10065490756481664,0.7497585177462603,25,20,20
34,9722,0.1108576518180872,0.038728922870843216,0.10690449598388635,0.743508929327184,25,20,20
34,9723,0.11085765181808407,0.038728922870839004,0.10690441460158011,0.7435090107094976,25,20,20
34,9724,0.11085765181808407,0.03872892287083916,0.1069090020301189,0.7435044232809586,25,20,20
34,9725,0.11169585067212617,0.038728902581486147,0.10607624061133243,0.7434990061350558,25,20,20
34,9726,0.1116958506721718,0.03872890258149473,0.10607944272825497,0.7434958040180791,25,20,20
34,9727,0.11169585067212695,0.03872890258148622,0.10607852039223936,0.7434967263541481,25,20,20
34,9728,0.11169585067212692,0.03872890258148622,0.10607178577866704,0.7435034609677202,25,20,20
34,9729,0.11169585067228795,0.038728902581698615,0.10449024207917974,0.7450850046668341,25,20,20
34,9730,0.11169585067228721,0.03872890259554891,0.10475108448096564,0.7448241622511986,25,20,20
34,9731,0.11169585081884341,0.0387289033828678,0.10512214450664362,0.7444531012916457,25,20,20
34,9732,0.11169379858756308,0.038728951606385675,0.1051243869813977,0.7444528628246537,25,20,20
34,9733,0.11578726179304327,0.038728696372106644,0.10103363031287867,0.7444504115219713,25,20,20
34,9734,0.11578726179304333,0.03872869637210657,0.10103357045653544,0.7444504713783147,25,20,20
34,9735,0.11578726179304333,0.03872869637235109,0.10103612621149427,0.7444479156231114,25,20,20
34,9736,0.1157872617930465,0.038728696372351164,0.10112842161539748,0.7443556202192048,25,20,20
34,9737,0.11578726179304648,0.03872869637235109,0.1011283077358458,0.7443557340987568,25,20,20
34,9738,0.1157872534185513,0.03872869635826102,0.10085119571983153,0.7446328545033561,25,20,20
34,9739,0.11578725342114668,0.03872869635826117,0.10085359641048909,0.7446304538101031,25,20,20
34,9740,0.1157872534211435,0.038728696358261094,0.10076358054855486,0.7447204696720404,25,20,20
34,9741,0.1157872541599977,0.03872869635948118,0.09911405040926922,0.7463699990712511,25,20,20
34,9742,0.11578725416824859,0.03872869635671126,0.10706012509520488,0.738423924379835,25,20,20
34,9743,0.11578725416824852,0.03872869635646674,0.10718481171046068,0.7382992377648238,25,20,20
34,9744,0.11578725416825172,0.03872869635671127,0.10718489453448095,0.7382991549405556,25,20,20
34,9745,0.1157872541681168,0.038728696356947444,0.1068166086231996,0.7386674408517356,25,20,20
34,9746,0.11578725416811361,0.038728696356702834,0.10681424766179698,0.738669801813386,25,20,20
34,9747,0.11578725416811361,0.038728696356702834,0.10681421921403661,0.7386698302611465,25,20,20
34,9748,0.11578725416811357,0.03872869635670291,0.10690643045218051,0.7385776190230027,25,20,20
34,9749,0.11578725416811357,0.03872869635669982,0.09584859669660206,0.749635452778584,25,20,20
34,9750,0.12148213949193366,0.03872868943333714,0.09015371138846447,0.7496354596862637,25,20,20
34,9751,0.1214821394919337,0.03872868943334135,0.0901602361398143,0.7496289349349096,25,20,20
34,9752,0.12148213949193293,0.038728689433341276,0.09015803682826534,0.7496311342464592,25,20,20
34,9753,0.12136083993416728,0.038728689433313784,0.09027933638606125,0.7496311342464564,25,20,20
34,9754,0.12136083993416724,0.03872868943330965,0.09027725361078048,0.7496332170217412,25,20,20
34,9755,0.12136083993412171,0.03872868943330965,0.09026324565293217,0.7496472249796351,25,20,20
34,9756,0.12136083993412171,0.03872868943330965,0.09026324623861821,0.749647224393949,25,20,20
34,9757,0.11511105562494837,0.038728689664833775,0.09651300921553099,0.7496472454946868,25,20,20
34,9758,0.11511105562494832,0.0387286896648337,0.09624679049376449,0.7499134642164534,25,20,20
34,9759,0.1151110556249491,0.0387286896648337,0.09624906875547429,0.7499111859547427,25,20,20
34,9760,0.1151110554783961,0.03872868887751466,0.09587336433512801,0.750286891308961,25,20,20
34,9761,0.11511105547014515,0.03872868886643851,0.08766644669774859,0.7584938089656674,25,20,20
34,9762,0.11511105547014594,0.038728688866438585,0.08767293927063012,0.758487316392785,25,20,20
34,9763,0.11511105547014588,0.0387286888664343,0.08766637274879231,0.7584938829146272,25,20,20
34,9764,0.11511105547032803,0.038728688866438585,0.08767107996597781,0.7584891756972553,25,20,20
34,9765,0.11511105547032807,0.038728688866438585,0.08766917761060246,0.7584910780526306,25,20,20
34,9766,0.08938605584739427,0.03872871970922772,0.11337839475677322,0.7585068296866043,25,20,20
34,9767,0.08938605584743887,0.03872871972311748,0.11352603421397842,0.7583591902154647,25,20,20
34,9768,0.08938605584743892,0.038728719723121766,0.11352611651267205,0.7583591079167666,25,20,20
34,9769,0.08136901110188832,0.038728689391881795,0.12154725789047821,0.7583550416157512,25,20,20
34,9770,0.08136901110190674,0.03872868939191031,0.11688374788036494,0.7630185516258174,25,20,20
34,9771,0.081369011101862,0.03872868939191445,0.1169759327493553,0.762926366756868,25,20,20
34,9772,0.08136901110185887,0.038728689405853604,0.11689595895997724,0.76300634053231,25,20,20
34,9773,0.08136901110167676,0.03872868940584931,0.11689125174279173,0.7630110477496818,25,20,20
34,9774,0.08136901110167676,0.038728689405853604,0.11689785962359854,0.7630044398688706,25,20,20
34,9775,0.07726284028670867,0.03872866692641723,0.12100150282669103,0.7630069899601825,25,20,20
34,9776,0.07726284028652658,0.03872866692617271,0.12099700822383308,0.7630114845634671,25,20,20
34,9777,0.07567529199176862,0.03872864810544264,0.12258713234074087,0.7630089275620479,25,20,20
34,9778,0.07567529199176941,0.03872864809174794,0.12257934678287859,0.7630167131336042,25,20,20
34,9779,0.07612456932704123,0.038728648554306175,0.12212651750880495,0.7630202646098474,25,20,20
34,9780,0.07624592707810927,0.038728648554304725,0.12200515975774003,0.7630202646098455,25,20,20
34,9781,0.07624592707810607,0.03872864855430472,0.12200521671379169,0.7630202076537971,25,20,20
34,9782,0.07624592707811005,0.03872864855430058,0.1220073340653003,0.7630180903022886,25,20,20
34,9783,0.07612674378298565,0.03872864855586266,0.12212651735873022,0.7630180903024213,25,20,20
34,9784,0.07612674378298878,0.03872864856952944,0.12221440960445308,0.762930198043029,25,20,20
34,9785,0.0761267437803934,0.03872864856952929,0.12221212341243831,0.7629324842376393,25,20,20
34,9786,0.0761267437803934,0.03872864856953348,0.12247841529553989,0.7626661923545335,25,20,20
34,9787,0.11423583070191017,0.03872893273547607,0.0843712624481361,0.7626639741144768,25,20,20
34,9788,0.11423583070191017,0.03872893273547607,0.08437126583292649,0.7626639707296866,25,20,20
34,9789,0.081169182108838,0.03872864814398125,0.11743933905770597,0.7626628306894742,25,20,20
34,9790,0.08116918210888317,0.03872864814398557,0.11781021402666321,0.7622919557204675,25,20,20
34,9791,0.08116918210888395,0.038728648143989935,0.1178148357379026,0.762287334009223,25,20,20
34,9792,0.08116918210888391,0.03872864814398996,0.11755078201008427,0.7625513877370413,25,20,20
34,9793,0.08116918210888391,0.038728648143985675,0.11755320595559209,0.7625489637915379,25,20,20
34,9794,0.08116918210888388,0.03872864814422597,0.11755520686007123,0.7625469628868184,25,20,20
34,9795,0.08116918210889044,0.039991167873205814,0.11629268713637105,0.7625469628815321,25,20,20
34,9796,0.08116918210889044,0.039991167873201526,0.11628608322619752,0.7625535667917098,25,20,20
34,9797,0.08128220016977243,0.03999116713004394,0.11618477220830283,0.7625418604918801,25,20,20
34,9798,0.0812822001697756,0.03999116713004402,0.11618953053319744,0.7625371021669823,25,20,20
34,9799,0.08128220016982039,0.039991167130284236,0.11619153141171239,0.7625351012881825,25,20,20
34,9800,0.08128220016982043,0.03999116714419554,0.11619166522742994,0.7625349674585535,25,20,20
34,9801,0.08128220016982128,0.03999116714419569,0.11632118815176185,0.7624054445342204,25,20,20
34,9802,0.0812822001698173,0.03999116714419554,0.11631891410291234,0.7624077185830742,25,20,20
34,9803,0.08128220016977496,0.03999116714419549,0.11631581535380475,0.7624108173322242,25,20,20
34,9804,0.08128220016972955,0.039991167130305656,0.11616164992950231,0.7625649827704618,25,20,20
34,9805,0.08128220016968397,0.039991167130061074,0.11615494595773834,0.7625716867425159,25,20,20
34,9806,0.0811655893601944,0.03999116713032662,0.11627155690714559,0.7625716866023327,25,20,20
34,9807,0.08116558936019361,0.03999116713032662,0.11626950720929952,0.7625737363001797,25,20,20
34,9808,0.0811655893601936,0.03999116713032662,0.11626480431091281,0.7625784391985663,25,20,20
34,9809,0.08116558936023913,0.03999116713033099,0.11626488712660153,0.7625783563828279,25,20,20
34,9810,0.08116558955821718,0.011239297700211582,0.14501675635881228,0.7625783563827581,25,20,20
34,9811,0.08116558955821718,0.011239297700211582,0.14501675505218561,0.7625783576893848,25,20,20
34,9812,0.08116558955821797,0.011239297700215874,0.14501695174636423,0.7625781609952011,25,20,20
34,9813,0.08116558955821804,0.011239297700215874,0.14502145862645807,0.7625736541151071,25,20,20
34,9814,0.08116558955821727,0.011239297686304495,0.14524479785784106,0.7623503148976364,25,20,20
34,9815,0.08116558955821729,0.011239297686304568,0.14561782062313655,0.7619772921323409,25,20,20
34,9816,0.08116558955821729,0.011239297686304566,0.14561782266001408,0.7619772900954632,25,20,20
34,9817,0.0773763464596938,0.011239297686205674,0.14940706575192453,0.7619772901021757,25,20,20
34,9818,0.08130545592332411,0.011239288346235374,0.1454780081996568,0.7619772475307838,25,20,20
34,9819,0.08436924422086074,0.011239577426547636,0.14241393040482947,0.7619772479477622,25,20,20
34,9820,0.08436924422086073,0.011239577426547711,0.14241840166630837,0.7619727766862833,25,20,20
34,9821,0.08436924422086152,0.011239577426547713,0.14242513569454437,0.7619660426580466,25,20,20
34,9822,0.08436924422086232,0.011239577426547713,0.1424228349886955,0.7619683433638946,25,20,20
34,9823,0.08436924422085912,0.011239577426547713,0.14241811974617857,0.7619730586064146,25,20,20
34,9824,0.08436924436878016,0.011239577426792371,0.142424870905652,0.7619663072987756,25,20,20
34,9825,0.08436924436878022,0.011239577426792446,0.14242645389381012,0.7619647243106172,25,20,20
34,9826,0.07899199248754293,0.011239579082764404,0.14780389324474957,0.7619645351849433,25,20,20
34,9827,0.07890727579563232,0.011239577397738114,0.13638170607317582,0.7734714407334543,25,20,20
34,9828,0.0789072757956355,0.011239577397738187,0.13638171084462036,0.7734714359620065,25,20,20
34,9829,0.0789072757956355,0.011239577397738272,0.13629410699427777,0.7735590398123491,25,20,20
34,9830,0.07890727579563231,0.011239577397738197,0.13630059276266746,0.7735525540439626,25,20,20
34,9831,0.07890727579563465,0.01123957739773812,0.13617580039917046,0.7736773464074573,25,20,20
34,9832,0.08004860262628424,0.011239594021220045,0.13490680346463074,0.7738049998878654,25,20,20
34,9833,0.08004860262628419,0.011239594021219969,0.13490529439873664,0.7738065089537598,25,20,20
34,9834,0.08004860262628417,0.011239594021219896,0.1345321931413898,0.7741796102111067,25,20,20
34,9835,0.08004860262628342,0.011239594021219896,0.13452548755269114,0.7741863157998061,25,20,20
34,9836,0.08004860188743901,0.011239594096423822,0.13795941671752027,0.7707523872986168,25,20,20
34,9837,0.0807737582292478,0.01123930501623878,0.13723454944790897,0.7707523873066044,25,20,20
34,9838,0.08077376084238923,0.011239504176891455,0.13421658141967086,0.7737701535610486,25,20,20
34,9839,0.0796324338074632,0.011239541240606936,0.13547822759234657,0.7736497973595836,25,20,20
34,9840,0.07963243439914755,0.011239541240855733,0.13535544532866642,0.7737725790313305,25,20,20
34,9841,0.07963243439914754,0.011239541240611224,0.1353488233406225,0.7737792010196187,25,20,20
34,9842,0.07963243425122649,0.011239541240366566,0.13534218553122376,0.7737858389771833,25,20,20
34,9843,0.07963243425122568,0.011239541240366566,0.13533767861572635,0.7737903458926815,25,20,20
34,9844,0.07963243425140747,0.011239541240610624,0.13542385203122576,0.7737041724767562,25,20,20
34,9845,0.07963243425140747,0.011239541240610627,0.13542396391957567,0.7737040605884062,25,20,20
34,9846,0.07963243425140752,0.011239541240610627,0.13542858272776534,0.7736994417802165,25,20,20
34,9847,0.07963243425140747,0.011239541240606334,0.13542838548330421,0.773699639024682,25,20,20
34,9848,0.0796324342514082,0.011239541240610627,0.13542838779931204,0.7736996367086693,25,20,20
34,9849,0.07963243425140737,0.011239541240366642,0.1356019557425939,0.7735260687656321,25,20,20
34,9850,0.07963243425140418,0.011239541240122029,0.1356002471226473,0.7735277773858266,25,20,20
34,9851,0.07963243425140744,0.011239541240122103,0.13560025960375705,0.7735277649047135,25,20,20
34,9852,0.07961602780895323,0.011239541412803422,0.13561664220934788,0.7735277885688957,25,20,20
34,9853,0.07961602780895316,0.01123954139889212,0.13552891581859505,0.7736155149735597,25,20,20
34,9854,0.07961602780894995,0.011239541398892041,0.13553044328357589,0.7736139875085821,25,20,20
34,9855,0.07961602781857867,0.011239541398892107,0.13842786716581737,0.7707165636167115,25,20,20
34,9856,0.07961602781857788,0.011239541398887743,0.13842786482359845,0.7707165659589355,25,20,20
34,9857,0.0796160278187592,0.011239541398883453,0.13842545714527518,0.7707189736370816,25,20,20
34,9858,0.07961602780913289,0.011239541398883385,0.13552571569078503,0.7736187151011987,25,20,20
34,9859,0.07961602780913295,0.011239541398887679,0.13553232090742567,0.7736121098845536,25,20,20
34,9860,0.07894622523600442,0.011239834354094163,0.13620050480800713,0.7736134356018942,25,20,20
34,9861,0.07894622523600123,0.011239834354094086,0.13620042126313084,0.7736135191467739,25,20,20
34,9862,0.07894622523600116,0.011239834354094013,0.1361988793141262,0.7736150610957786,25,20,20
34,9863,0.07894622523582025,0.011239834354094015,0.135937233546725,0.7738767068633606,25,20,20
34,9864,0.07894072750058663,0.011239834355657731,0.1359427316896128,0.7738767064541427,25,20,20
34,9865,0.07894072750040455,0.011239834355657731,0.13594046563731063,0.7738789725066271,25,20,20
34,9866,0.07894072750058663,0.011239834355666313,0.13594707654505656,0.7738723615986904,25,20,20
34,9867,0.07894072750076833,0.011239834355666316,0.13604489925258087,0.7737745388909845,25,20,20
34,9868,0.07894072750076839,0.01123983435566639,0.13604031863547625,0.773779119508089,25,20,20
34,9869,0.07894072750076844,0.011239834355666466,0.1360403200878806,0.7737791180556844,25,20,20
34,9870,0.07894072750076844,0.011239834355666462,0.136040320051111,0.7737791180924541,25,20,20
34,9871,0.0789407275007685,0.011239834355666462,0.13604493610190047,0.7737745020416646,25,20,20
34,9872,0.0789407275007653,0.01123983435566639,0.13604020755082,0.7737792305927484,25,20,20
34,9873,0.07894072750076525,0.011239834355666311,0.13604017768908297,0.7737792604544856,25,20,20
34,9874,0.07894072690908413,0.011239834355417588,0.13603350695568195,0.7737859317798166,25,20,20
34,9875,0.07894072690911931,0.011239834355421207,0.14198384960858687,0.7678355891268727,25,20,20
34,9876,0.0789878119755362,0.011239839520158683,0.14193675853551377,0.7678355899687914,25,20,20
34,9877,0.07898781197571797,0.01123983952040274,0.1420295369528479,0.7677428115510314,25,20,20
34,9878,0.07898781197571803,0.01123983952040709,0.1421589780157824,0.7676133704880924,25,20,20
34,9879,0.07898781197571797,0.01123983952040274,0.14203606067539698,0.7677362878284822,25,20,20
34,9880,0.07898781197571475,0.01123983952040688,0.14204259805431207,0.7677297504495662,25,20,20
34,9881,0.07898781197566956,0.011239839520402554,0.14166944481542065,0.7681029036885073,25,20,20
34,9882,0.07898781197571504,0.011239839520411134,0.1416694207777427,0.7681029277261312,25,20,20
34,9883,0.07994290133181597,0.011239546386273115,0.1407159743574038,0.7681015779245071,25,20,20
34,9884,0.07994290133181592,0.011239546386273041,0.14071586048660803,0.7681016917953031,25,20,20
34,9885,0.07994290133181592,0.011239546386273043,0.14071594238003582,0.7681016099018753,25,20,20
34,9886,0.07994290133163381,0.011239546386264463,0.14070941891882172,0.76810813336328,25,20,20
34,9887,0.07994290134889875,0.011239546479010508,0.17603489104971246,0.7327826611223774,25,20,20
34,9888,0.07994290134889877,0.01123954647901051,0.17603489106391984,0.7327826611081701,25,20,20
34,9889,0.07994290134871715,0.0112395464790148,0.1759437134444256,0.7328738387278417,25,20,20
34,9890,0.0799429013487172,0.011239546479019074,0.17607321961019987,0.7327443325620631,25,20,20
34,9891,0.07994290134871726,0.011239546479019074,0.17607324608699312,0.7327443060852699,25,20,20
34,9892,0.0799429013487172,0.011239546479019074,0.1760732206949831,0.7327443314772799,25,20,20
34,9893,0.07994290134871726,0.011239546479019149,0.17607330272728244,0.7327442494449806,25,20,20
34,9894,0.07994290134876268,0.01123954647902343,0.17616589875357647,0.7326516534186369,25,20,20
34,9895,0.07994290134876268,0.011239546479263734,0.17616403437358388,0.7326535177983893,25,20,20
34,9896,0.0799429013485817,0.011239546479023966,0.1760778604792418,0.7327396916931522,25,20,20
34,9897,0.07994290134858172,0.011239546479023966,0.17607133745964543,0.7327462147127486,25,20,20
34,9898,0.07994290134858165,0.011239546479019688,0.17594180226687603,0.7328757499055223,25,20,20
34,9899,0.07994289954527765,0.011239351592382681,0.17895987358770596,0.7298578752746333,25,20,20
34,9900,0.07994289954527764,0.011239351592386856,0.17932827563120834,0.7294894732311269,25,20,20
34,9901,0.07994293557110548,0.011239545130325167,0.1763300811663556,0.7324874381322134,25,20,20
34,9902,0.07994293557110549,0.011239545130325167,0.17633008115962412,0.7324874381389448,25,20,20
34,9903,0.07994293557106708,0.011239545130321549,0.17006397162444936,0.7387535476741617,25,20,20
34,9904,0.07991195169164315,0.011239545122371318,0.1419749705353882,0.7668735326505971,25,20,20
34,9905,0.07991195169424241,0.011239545122620207,0.14197921306846328,0.766869290114674,25,20,20
34,9906,0.079791921767296,0.011239545125743107,0.14209924341047522,0.7668692896964856,25,20,20
34,9907,0.07979192176729599,0.011239545125743102,0.14209924412339808,0.7668692889835627,25,20,20
34,9908,0.07979192176729687,0.011239545125743178,0.14209918825373727,0.7668693448532227,25,20,20
34,9909,0.07978405922763936,0.011239545125769489,0.14210702662538202,0.7668693690212091,25,20,20
34,9910,0.07978405922764009,0.011239545125765195,0.14210266180679135,0.7668737338398034,25,20,20
34,9911,0.07978405922764004,0.011239545125765122,0.14210724238121972,0.7668691532653754,25,20,20
34,9912,0.07978405922764009,0.011239545125765122,0.14211186338687556,0.7668645322597194,25,20,20
34,9913,0.07963145823626935,0.01123954530001391,0.14226446428189765,0.7668645321818193,25,20,20
34,9914,0.07963145823626934,0.011239545300009656,0.141891388836528,0.7672376076271931,25,20,20
34,9915,0.07963145823626934,0.011239545300009656,0.14189138882422775,0.7672376076394934,25,20,20
34,9916,0.07963146838777134,0.01123935184009741,0.14495692710057484,0.7641722526715564,25,20,20
34,9917,0.0796314681895763,0.03996819192941236,0.11622808720392658,0.7641722526770848,25,20,20
34,9918,0.07963146818957623,0.03996819192941236,0.11623463422875624,0.7641657056522553,25,20,20
34,9919,0.07963146818957617,0.039968191929167764,0.11623000656039288,0.7641703333208631,25,20,20
34,9920,0.07963146818957617,0.03996819192916777,0.11622541970485614,0.7641749201764,25,20,20
34,9921,0.07963146818957623,0.03996819192916777,0.11622550219670756,0.7641748376845484,25,20,20
34,9922,0.07963142125955627,0.03996819107857443,0.11312185892144752,0.7672785287404217,25,20,20
34,9923,0.07963142125951074,0.039968191078565855,0.11311715443622603,0.7672832332256974,25,20,20
34,9924,0.07963142125951074,0.03996819107856593,0.11311720904002534,0.767283178621898,25,20,20
34,9925,0.07969942132527869,0.03996816538634807,0.11305652956470537,0.7672758837236675,25,20,20
34,9926,0.07969942132527869,0.03996816538634807,0.11305652814882988,0.7672758851395433,25,20,20
34,9927,0.07969942132523315,0.039968165386343714,0.11305635789667105,0.7672760553917523,25,20,20
34,9928,0.07969942132527788,0.039968165400284944,0.11306107766297471,0.7672713356114627,25,20,20
34,9929,0.07969942132527791,0.039968165400284944,0.11306123220636882,0.7672711810680685,25,20,20
34,9930,0.0796994213252779,0.039968165400284875,0.11306313661551154,0.7672692766589259,25,20,20
34,9931,0.07969942348522505,0.03996816530843481,0.11764049282975783,0.7626919183765828,25,20,20
34,9932,0.07969942348522505,0.03996816530843056,0.11726739153122714,0.7630650196751176,25,20,20
34,9933,0.07969942348522585,0.039968165308430635,0.11726967273400021,0.7630627384723438,25,20,20
34,9934,0.10332100665170581,0.039968137715644426,0.09364811858259892,0.7630627370500513,25,20,20
34,9935,0.10332100665430084,0.039968137715893304,0.09365016723892407,0.7630606883908823,25,20,20
34,9936,0.10332100665430084,0.0399681377161363,0.09390991273366944,0.7628009428958938,25,20,20
34,9937,0.10332100665434597,0.03996813771614055,0.09428291791994928,0.7624279377095646,25,20,20
34,9938,0.10332100665434597,0.03996813771589755,0.09401668188484685,0.7626941737449101,25,20,20
34,9939,0.10332100665434522,0.03996813771589755,0.09401448318539503,0.7626963724443627,25,20,20
34,9940,0.10332100665434442,0.03996813771589326,0.09400795772799711,0.7627028979017655,25,20,20
34,9941,0.10332100665438956,0.039968137729699336,0.09440247223606096,0.7623083833798501,25,20,20
34,9942,0.10332100562984312,0.039968137730704935,0.09449300469325196,0.7622178519461997,25,20,20
34,9943,0.10332100562979883,0.039968137716903156,0.09410323513076561,0.7626076215225323,25,20,20
34,9944,0.10332100562980201,0.039968137717147766,0.09410544153867577,0.7626054151143742,25,20,20
34,9945,0.1033909684143981,0.039968132552416186,0.09403548477572285,0.7626054142574631,25,20,20
34,9946,0.1033909897275909,0.02120408875638342,0.1127995072611712,0.7626054142548547,25,20,20
34,9947,0.10339098972499165,0.021204088756134533,0.1127951508151187,0.7626097707037551,25,20,20
34,9948,0.10339098972499171,0.021204088756134533,0.11279506502831285,0.7626098564905611,25,20,20
34,9949,0.10339098972499176,0.021204088756134536,0.11279506585625658,0.7626098556626172,25,20,20
34,9950,0.10339098972499171,0.02120408875613446,0.11279506386299153,0.7626098576558824,25,20,20
34,9951,0.10339098972499171,0.021204088756134463,0.11279514304798459,0.7626097784708894,25,20,20
34,9952,0.10339962472075279,0.021204088753057414,0.11278650806288755,0.7626097784633024,25,20,20
34,9953,0.10339962472075284,0.021204088753057567,0.11279303248377076,0.7626032540424191,25,20,20
34,9954,0.10339962472074969,0.021204088752812957,0.11279546980630481,0.7626008167201327,25,20,20
34,9955,0.10339962472074969,0.021204088752812957,0.11279538039497408,0.7626009061314635,25,20,20
34,9956,0.1033996247207042,0.0212040887528086,0.11270281679442844,0.7626934697320586,25,20,20
34,9957,0.1033996247207042,0.021204088752808607,0.11270751661859632,0.7626887699078908,25,20,20
34,9958,0.10339962472070413,0.021204088752808676,0.11270759625227247,0.7626886902742146,25,20,20
34,9959,0.10339962472070498,0.02120408875281724,0.11279989754463035,0.7625963889818473,25,20,20
34,9960,0.10339962472065987,0.021204088752813065,0.11243338267793922,0.7629629038485878,25,20,20
34,9961,0.10339962471806798,0.02120408876646691,0.11255618174222333,0.7628401047732416,25,20,20
34,9962,0.10339962560826015,0.022145639090629925,0.11022925555854518,0.7642254797425642,25,20,20
34,9963,0.10339962560826008,0.022145639090634214,0.1102310637673996,0.7642236715337056,25,20,20
34,9964,0.10339962561045182,0.022145639102394244,0.11649504725673639,0.7579596880304174,25,20,20
34,9965,0.10339962561045579,0.02214563910239854,0.11648864045735068,0.7579660948297948,25,20,20
34,9966,0.11970973169912277,0.022145638699939563,0.10017853573085135,0.7579660938700861,25,20,20
34,9967,0.11970973169912277,0.02214563869993957,0.10017853570238248,0.7579660938985551,25,20,20
34,9968,0.11970973169912197,0.022145638699939494,0.10017201119798073,0.7579726184029576,25,20,20
34,9969,0.11970973169911878,0.022145638686036855,0.1000490647571457,0.7580955648576985,25,20,20
34,9970,0.11970973169911878,0.022145638686036855,0.10004909664760739,0.7580955329672368,25,20,20
34,9971,0.11970973169911878,0.02214563868603685,0.10004913203371806,0.758095497581126,25,20,20
34,9972,0.11970973169911796,0.02214563868602829,0.0999634357562358,0.7581811938586176,25,20,20
34,9973,0.11977920384990304,0.022145643664503018,0.09989258326491952,0.7581825692206743,25,20,20
34,9974,0.11977920384771129,0.022145643652747314,0.09400167452099058,0.7640734779785505,25,20,20
34,9975,0.11977920384771103,0.022145643652649115,0.09428317347357865,0.7637919790260611,25,20,20
34,9976,0.11977920384766659,0.022145643638810376,0.09399487176510936,0.7640802807484135,25,20,20
34,9977,0.11977920384766659,0.022145643638810376,0.09399483857305391,0.764080313940469,25,20,20
34,9978,0.11977920384766659,0.02214564363880616,0.09398831513393635,0.7640868373795908,25,20,20
34,9979,0.1197792038486889,0.02214564809966505,0.1300495180019626,0.7280256300496832,25,20,20
34,9980,0.11977920384868894,0.022145648099665047,0.1300495508457672,0.7280255972058787,25,20,20
34,9981,0.11977920384868894,0.022145648099665124,0.13004958566774188,0.7280255623839035,25,20,20
34,9982,0.11977920298260945,0.02120409419764134,0.1354785112478616,0.7235381915718869,25,20,20
34,9983,0.11977920298260945,0.021204094197637014,0.13510548985359289,0.7239112129661599,25,20,20
34,9984,0.11977918166943163,0.0395632123571815,0.11674639269668077,0.7239112132767055,25,20,20
34,9985,0.11977918166943483,0.03956321235718151,0.11674636130460359,0.7239112446687794,25,20,20
34,9986,0.1197791816694349,0.03956321235718151,0.11674636141891816,0.7239112445544648,25,20,20
34,9987,0.11977918110978787,0.039563212355280146,0.07683803252248265,0.7638195740124486,25,20,20
34,9988,0.11977921461555438,0.03956321236913036,0.0771057939377069,0.7635517790776077,25,20,20
34,9989,0.1197792146258364,0.03956321236937688,0.07747918920645473,0.7631783837983314,25,20,20
34,9990,0.11977921462583638,0.03956321236937688,0.07747914670018323,0.7631784263046029,25,20,20
34,9991,0.11977921462583958,0.03956321236938117,0.07748080914439932,0.7631767638603795,25,20,20
34,9992,0.11977921461555435,0.039563212369134654,0.0774804332108946,0.7631771398044159,25,20,20
34,9993,0.11977921461555435,0.039563212369134654,0.0774804047612956,0.7631771682540149,25,20,20
34,9994,0.11977921461555438,0.03956321236913473,0.07748043891484835,0.763177134100462,25,20,20
34,9995,0.11977921461555444,0.03956321236913473,0.07748057563785166,0.7631769973774586,25,20,20
34,9996,0.11977921461555763,0.039563212369134654,0.07748529217042376,0.7631722808448835,25,20,20
34,9997,0.1197792146145854,0.039563214148297304,0.08142396929120777,0.7592336019459089,25,20,20
34,9998,0.11977921461458468,0.03956321414829737,0.08155329412521731,0.7591042771119001,25,20,20
34,9999,0.11977921461458148,0.03956321414829744,0.08154853581022951,0.759109035426891,25,20,20
34,10000,0.11977921461458152,0.03956321414829737,0.08117551447153534,0.7594820567655853,25,20,20
