run,generation,degenerate,holistic,other,compositional,popsize,turnover_rounds,group_rounds
45,0,0.9987713554999793,1.4267839920713722e-08,0.0012266915175253483,1.938714656782331e-06,25,10,10
45,1,0.9859514155859566,3.488482972742138e-07,0.0140456240191438,2.6115466042257554e-06,25,10,10
45,2,0.9055128705287188,1.2324720759732355e-05,0.0943158672531118,0.0001589374974080475,25,10,10
45,3,0.8100409492216949,0.00032507962787463324,0.1891767201885761,0.0004572509618559835,25,10,10
45,4,0.8690556692695702,0.0003262773326235468,0.12712169436926626,0.0034963590285402076,25,10,10
45,5,0.813879861178992,0.0003274997926263828,0.18555639319577594,0.0002362458326054895,25,10,10
45,6,0.8860427473299564,5.4726530231471825e-05,0.11368024317697274,0.0002222829628398402,25,10,10
45,7,0.7330102490522976,0.00014471633114264548,0.26669126268597365,0.0001537719305842735,25,10,10
45,8,0.7705224973145678,0.00011677430822529093,0.22933267784241881,2.8050534788030816e-05,25,10,10
45,9,0.9409338375866119,1.872273230243018e-06,0.05588789796674908,0.0031763921734091895,25,10,10
45,10,0.8825384010460112,2.8945848958812996e-05,0.10927180469945329,0.008160848405575988,25,10,10
45,11,0.9223541065762594,1.243855702098027e-05,0.07411272204384277,0.003520732822876681,25,10,10
45,12,0.9328750500562195,5.48703782533271e-07,0.0628608693798004,0.004263531860197352,25,10,10
45,13,0.8842739393247737,1.517086217084141e-06,0.11150622581620746,0.004218317772801289,25,10,10
45,14,0.8523851853021804,7.098591110365504e-07,0.14729704651862177,0.00031705832008778587,25,10,10
45,15,0.8804257335773241,2.06004216250067e-07,0.11916907431348331,0.0004049861049769327,25,10,10
45,16,0.8729324296301709,9.30445262856479e-07,0.12680446974747595,0.00026217017708935283,25,10,10
45,17,0.8818146538681116,0.0003629697954270657,0.11781033657894964,1.2039757509839748e-05,25,10,10
45,18,0.9135863482111698,0.00027081545630773854,0.08603452124210924,0.00010831509041200528,25,10,10
45,19,0.8954846316012727,0.0002715009774522309,0.06461606895862011,0.03962779846265489,25,10,10
45,20,0.8801143306359006,3.4663836816691344e-06,0.07805573455458546,0.04182646842583294,25,10,10
45,21,0.8598537960175752,2.934803978969154e-06,0.1003456360087505,0.03979763316969473,25,10,10
45,22,0.9173049762476247,1.0120674973647546e-05,0.042935056709227766,0.039749846368174656,25,10,10
45,23,0.820044987416094,0.0026949548083188024,0.14032094617329088,0.03693911160229411,25,10,10
45,24,0.8518965420358939,2.0494135366663554e-05,0.11142142667677145,0.03666153715196685,25,10,10
45,25,0.8501905798877264,1.936769455957251e-05,0.11307996194314769,0.036710090474565436,25,10,10
45,26,0.8710238663052519,1.1598998520813263e-05,0.0925282690200485,0.036436265676179164,25,10,10
45,27,0.8654933334639291,2.371272394966165e-05,0.1307105192292977,0.003772434582820371,25,10,10
45,28,0.809017298387671,1.3225845626358802e-05,0.15327895874737993,0.037690517019320906,25,10,10
45,29,0.775987217186801,1.4669047786998341e-06,0.17559540424971554,0.04841591165870495,25,10,10
45,30,0.8172893399198028,1.860457942277369e-05,0.17097187104762931,0.011720184453144971,25,10,10
45,31,0.7321035791895101,2.484416373875309e-06,0.26326992291974494,0.004624013474367545,25,10,10
45,32,0.8158320222427012,6.05240355599566e-05,0.1833726707489561,0.0007347829727816057,25,10,10
45,33,0.7894682673555622,2.787158451357047e-06,0.21050978072936352,1.916475662381597e-05,25,10,10
45,34,0.8114359928410997,1.227577858078642e-06,0.18838051676261067,0.00018226281842807337,25,10,10
45,35,0.8789268539260456,9.71308116837093e-06,0.12094404004948897,0.00011939294329555547,25,10,10
45,36,0.8107362450742893,1.186795289995188e-05,0.18916370627727414,8.818069553715525e-05,25,10,10
45,37,0.8922403066215719,2.874512256527968e-05,0.10756340601398132,0.00016754224187989696,25,10,10
45,38,0.8613773327257189,2.041184233383316e-05,0.13614256040953557,0.0024596950224126126,25,10,10
45,39,0.838001310486264,6.661706159443486e-05,0.15061679511292433,0.011315277339216561,25,10,10
45,40,0.8703442954983774,2.266645147587244e-05,0.12947617759478067,0.0001568604553659612,25,10,10
45,41,0.8055170013640014,2.2538259660053435e-05,0.19403233160062555,0.00042812877571141037,25,10,10
45,42,0.9022231861081578,6.262955597772602e-06,0.09745425937177013,0.00031629156447579473,25,10,10
45,43,0.8614118775739478,2.939585345646131e-06,0.13796695965452546,0.0006182231861804184,25,10,10
45,44,0.8197335985717668,7.860175575821547e-06,0.17831981390576737,0.0019387273468917457,25,10,10
45,45,0.8382431622052383,8.050871459053717e-06,0.15830334916376088,0.00344543775954136,25,10,10
45,46,0.8762287030389558,1.2886360613554075e-05,0.1201075290498673,0.0036508815505638943,25,10,10
45,47,0.863624156964761,2.994738561129706e-05,0.1306890099927611,0.005656885656865546,25,10,10
45,48,0.7852119871518733,0.00024507849255262664,0.21108929469776772,0.0034536396578059804,25,10,10
45,49,0.8104173746079202,0.0005541275667544879,0.18609067854232714,0.0029378192829963585,25,10,10
45,50,0.7371746534065458,6.515922009562082e-05,0.24853406595529282,0.01422612141806648,25,10,10
45,51,0.7256791953568996,4.7742066008163655e-06,0.2349786625760509,0.0393373678604503,25,10,10
45,52,0.7446529166922066,1.1478733128549924e-05,0.17717430775713766,0.07816129681752958,25,10,10
45,53,0.7519502004920189,5.22262724052995e-06,0.1728540116501961,0.07519056523054277,25,10,10
45,54,0.7461851370097797,7.258693781793079e-06,0.16810026210778248,0.08570734218865578,25,10,10
45,55,0.8112865289863805,2.4412288643504368e-05,0.10901279942274768,0.07967625930222771,25,10,10
45,56,0.7688961092480726,0.00036438857427921424,0.19108903749625003,0.03965046468139908,25,10,10
45,57,0.7588265943909637,0.0003601422190075245,0.1939769810615617,0.046836282328467364,25,10,10
45,58,0.7718016993914786,1.0483570519973213e-06,0.2078606541726767,0.020336598078790333,25,10,10
45,59,0.737704418550633,3.135354692961805e-06,0.2189922892015786,0.04330015689309432,25,10,10
45,60,0.831224607661167,4.048816167668459e-06,0.1287409441681936,0.040030399354470655,25,10,10
45,61,0.833848164976729,1.512648363701363e-05,0.12598015284683128,0.0401565556928016,25,10,10
45,62,0.760792196958046,1.6430821595474986e-05,0.19837082743399395,0.04082054478636569,25,10,10
45,63,0.720237605711176,8.274274033007173e-06,0.23127055356919843,0.04848356644559465,25,10,10
45,64,0.6777000856296687,1.3935649533714477e-05,0.279352928013308,0.04293305070748707,25,10,10
45,65,0.6698321532170322,3.1470083700937595e-05,0.2775098883141669,0.0526264883851016,25,10,10
45,66,0.5578547440711111,4.366839890816716e-05,0.42623772896376744,0.015863858566209508,25,10,10
45,67,0.7506381960068819,4.44068134370759e-05,0.23366918491867372,0.015648212261009403,25,10,10
45,68,0.7565761443762318,4.0476487462750574e-05,0.23977492440029244,0.0036084547360139695,25,10,10
45,69,0.7469270707986077,0.0004965822454103109,0.2467031951917383,0.005873151764242638,25,10,10
45,70,0.818927596656485,1.1747235547393544e-05,0.17919404261354657,0.001866613494419361,25,10,10
45,71,0.8732221469651569,4.907472386757106e-07,0.12497130804341375,0.0018060542441894595,25,10,10
45,72,0.8665596273331571,1.4392628667151776e-06,0.13335476346766212,8.416993631406177e-05,25,10,10
45,73,0.8233584929014063,6.393817696954526e-07,0.17625205063188834,0.0003888170849353499,25,10,10
45,74,0.9145830864771024,0.0007308771466365733,0.0846728853735015,1.3151002759290609e-05,25,10,10
45,75,0.9504805735189724,8.51940053031943e-07,0.04940362884748084,0.0001149456934941755,25,10,10
45,76,0.9177258188875612,9.387552727518274e-06,0.07952550819939154,0.002739285360320269,25,10,10
45,77,0.9058940544652045,3.505230078587286e-05,0.09405824245044515,1.265078356528641e-05,25,10,10
45,78,0.8973147505789142,5.316900571128701e-05,0.10090758495765853,0.0017244954577163305,25,10,10
45,79,0.8289915375099116,2.6966057742821232e-05,0.1679893610569308,0.0029921353754134893,25,10,10
45,80,0.7639512851093626,8.967119691618204e-05,0.23290407635480467,0.0030549673389171188,25,10,10
45,81,0.8775761878103973,1.2611130400865851e-06,0.12198159346753913,0.00044095760902199935,25,10,10
45,82,0.8138306127074568,1.8931118414828454e-06,0.14603788327558928,0.040129610905111475,25,10,10
45,83,0.8292352414549968,1.2946477922767753e-05,0.1340629356327716,0.03668887643430788,25,10,10
45,84,0.7995798586197044,1.124523061948497e-05,0.15569392922762149,0.04471496692205466,25,10,10
45,85,0.8431393887346829,1.9612715405464907e-06,0.11712956660840343,0.039729083385372996,25,10,10
45,86,0.8121768128701956,1.7153317709068023e-06,0.18122554408958957,0.006595927708445329,25,10,10
45,87,0.9025578837085334,2.2616703011272607e-05,0.0973992880875076,2.0211500948506266e-05,25,10,10
45,88,0.8988400680268549,9.59785493212706e-06,0.09882976238378868,0.0023205717344255317,25,10,10
45,89,0.8717505902119136,1.912717797234399e-06,0.12823247137711113,1.5025693178699578e-05,25,10,10
45,90,0.8282580528057456,2.879344451968885e-06,0.17159444380090302,0.00014462404889910345,25,10,10
45,91,0.7237402378702638,2.0997044470386926e-06,0.2756435695886532,0.0006140928366343692,25,10,10
45,92,0.8235942401404611,9.691913890493908e-06,0.1758934096481137,0.0005026582975327271,25,10,10
45,93,0.8944956664814642,1.7402760095773328e-06,0.10540385830715976,9.873493536657728e-05,25,10,10
45,94,0.9152323623444178,1.633412764187446e-05,0.08467152655856942,7.97769693716997e-05,25,10,10
45,95,0.8863760879289353,2.482829791575262e-05,0.1068599678325,0.006739115940651756,25,10,10
45,96,0.8753136069210704,2.4645570458163595e-05,0.12002416304053799,0.004637584467936165,25,10,10
45,97,0.8808233688608434,3.7740473791817236e-05,0.11910989491600218,2.8995749361938732e-05,25,10,10
45,98,0.8391304688045722,0.0005368971087873222,0.1597884994877017,0.0005441345989397026,25,10,10
45,99,0.9049893658794312,0.0004528288250209381,0.09154345194860898,0.0030143533469373387,25,10,10
45,100,0.8778283534708129,0.0004521361824718536,0.12164572407060086,7.378627611313369e-05,25,10,10
45,101,0.844679409088124,1.4785400002590102e-05,0.11555014460298059,0.03975566090889266,25,10,10
45,102,0.7776033938856688,0.0001788146277594538,0.18188693188954197,0.04033085959703067,25,10,10
45,103,0.880428769404565,1.2557851055788362e-06,0.08001328029671102,0.03955669451361931,25,10,10
45,104,0.807929444183608,1.0881720785124315e-05,0.15206340820710312,0.039996265888502136,25,10,10
45,105,0.777623424927914,2.8080510873451028e-05,0.18222098462029193,0.04012750994092116,25,10,10
45,106,0.7513677172773149,0.0006314980268618264,0.2212607949788854,0.02673998971694001,25,10,10
45,107,0.7925033122129119,7.875637713040548e-07,0.18376379996353187,0.023732100259787905,25,10,10
45,108,0.8020117666818769,0.0007219305297830334,0.17351443716136053,0.02375186562697998,25,10,10
45,109,0.8494106814777618,1.4698286899952506e-05,0.14837570189024146,0.0021989183450943873,25,10,10
45,110,0.8542830132078953,5.907634224385759e-07,0.1454758648452648,0.0002405311834153198,25,10,10
45,111,0.837525851721837,3.248821137240375e-06,0.16211165578180192,0.00035924367522145235,25,10,10
45,112,0.8493478109357353,1.0677123746861116e-05,0.15007466331737063,0.0005668486231455484,25,10,10
45,113,0.8631313469178699,9.9546976027999e-06,0.13284647390264998,0.00401222448187649,25,10,10
45,114,0.8663989816523433,2.503236317763254e-06,0.1301113661681008,0.0034871489432361054,25,10,10
45,115,0.9129120524880184,1.2320507133513618e-05,0.08354276078844342,0.0035328662164051438,25,10,10
45,116,0.8779863006286053,2.2019764349825533e-06,0.10903187164518915,0.012979625749770369,25,10,10
45,117,0.8968079173801717,3.6138471744815085e-05,0.0956424069639939,0.007513537184089793,25,10,10
45,118,0.8676108745196711,3.7233068382989796e-05,0.1236843855569655,0.008667506854980918,25,10,10
45,119,0.9067863732906296,3.6625677558214744e-05,0.08450758663414022,0.0086694143976723,25,10,10
45,120,0.899463681801883,3.2195209072967813e-06,0.08541760487438094,0.015115493802828757,25,10,10
45,121,0.8726475686621867,3.6682474249069423e-06,0.1155517670070549,0.01179699608333243,25,10,10
45,122,0.8358895263870677,8.86623917607553e-06,0.16076306741534757,0.00333853995840499,25,10,10
45,123,0.8129939635475517,1.5371219249171924e-05,0.18668696630887868,0.00030369892432192036,25,10,10
45,124,0.7910811914241885,0.0001000933306744473,0.20839497214345126,0.00042374310168410783,25,10,10
45,125,0.7427247411470398,0.00010384883405250184,0.25226186389223404,0.004909546126674384,25,10,10
45,126,0.7731657382224957,0.0004875604349809946,0.22128217487217017,0.005064526470354942,25,10,10
45,127,0.8185264763702884,5.93437584468405e-05,0.17624136933620252,0.005172810535060912,25,10,10
45,128,0.8809590474075855,2.1456918965469553e-06,0.11871097846766578,0.00032782843285216525,25,10,10
45,129,0.892634246633344,6.076376170976253e-06,0.10702713174029661,0.0003325452501863398,25,10,10
45,130,0.7779275133622398,3.165888704038224e-05,0.21001939178578932,0.01202143596493231,25,10,10
45,131,0.806147251390538,0.0038927348313228245,0.18164040227555683,0.008319611502581982,25,10,10
45,132,0.8723243210202563,2.2111080198991956e-06,0.1276000032920566,7.34645796647155e-05,25,10,10
45,133,0.8461099024354083,8.711484761247206e-06,0.1506575585782061,0.0032238275016221946,25,10,10
45,134,0.861324091746268,1.0574669878320238e-06,0.0988314666333878,0.039843384153355,25,10,10
45,135,0.8774623328001367,0.01257862370390852,0.07037022103840937,0.03958882245754524,25,10,10
45,136,0.8219423128910219,0.010003705519754562,0.1278656868360376,0.040188294753185694,25,10,10
45,137,0.764278550859501,0.01005160447511822,0.16093930072295395,0.06473054394242628,25,10,10
45,138,0.738125305686231,0.013211815731799805,0.18126917870450807,0.06739369987746108,25,10,10
45,139,0.7211863712458622,0.012590679146567162,0.1900068313290216,0.07621611827854828,25,10,10
45,140,0.7712921276476125,0.0350353846914951,0.11758911656342652,0.07608337109746528,25,10,10
45,141,0.7634393675974132,1.4521629458736642e-05,0.16003474438537219,0.07651136638775488,25,10,10
45,142,0.7970167572761687,8.939464133640931e-07,0.12939420704526275,0.07358814173215487,25,10,10
45,143,0.8237118254553585,4.851215589848116e-07,0.13437036829638938,0.041917321126690776,25,10,10
45,144,0.8909631910419218,1.200943917382792e-05,0.07038551916490537,0.03863928035399852,25,10,10
45,145,0.7831631640764573,0.0002503934168815316,0.1763685385207995,0.04021790398586376,25,10,10
45,146,0.8384629663748311,3.849014129671546e-05,0.120670260483887,0.040828282999984,25,10,10
45,147,0.7306961301856735,3.5152072032308224e-05,0.22691203269977006,0.04235668504252476,25,10,10
45,148,0.7778966313082641,2.348981579200083e-06,0.18249286001946147,0.03960815969069619,25,10,10
45,149,0.7146163499796248,3.7808632241441067e-06,0.24583835548459254,0.03954151367255936,25,10,10
45,150,0.798049785777582,1.0040476160373029e-06,0.19554683467073716,0.006402375504063894,25,10,10
45,151,0.8200352100389539,1.3321662280818522e-06,0.17357520653995726,0.0063882512548602685,25,10,10
45,152,0.7156284665492832,3.2079494433901833e-06,0.27798539854235726,0.006382926958914692,25,10,10
45,153,0.8520748043617278,5.762617481622992e-07,0.14769889202089034,0.0002257273556333873,25,10,10
45,154,0.8130918438488345,1.4939871025787011e-05,0.18672927717111892,0.00016393910902192128,25,10,10
45,155,0.8345616495889364,2.310388122543682e-06,0.1414154771593063,0.024020562863634392,25,10,10
45,156,0.8619151214233811,1.4515447780728916e-06,0.11404750531865072,0.024035921713189107,25,10,10
45,157,0.8482659037236167,2.3620466284716273e-05,0.1434853284413249,0.008225147368772393,25,10,10
45,158,0.7817607864725631,1.2738508318286888e-05,0.17935850867041836,0.03886796634869829,25,10,10
45,159,0.8171637034243266,1.1998416484609637e-05,0.14644914674070103,0.03637515141848559,25,10,10
45,160,0.7571303049614613,6.484398930389106e-06,0.20834750702869645,0.03451570361091645,25,10,10
45,161,0.7396856618123211,1.4047513609622434e-05,0.23179809477617155,0.028502195897900654,25,10,10
45,162,0.8070978322155853,0.0009252649567071601,0.15196413706800882,0.040012765759699455,25,10,10
45,163,0.8067729092751419,0.0023234790088821427,0.1507650578894206,0.04013855382655446,25,10,10
45,164,0.8471657642518652,0.002266957686762141,0.10877068181535927,0.041796596246012375,25,10,10
45,165,0.8091570498298785,0.0008665875860346704,0.14704464014474236,0.042931722439344136,25,10,10
45,166,0.7941958295594833,0.000879377030840225,0.16714355668135789,0.037781236728316396,25,10,10
45,167,0.8339323911096561,1.1627886341514913e-05,0.12833630507866942,0.037719675925331514,25,10,10
45,168,0.6532184755081726,0.00632571267789334,0.2910980194616014,0.049357792352334506,25,10,10
45,169,0.6617904192087769,0.006526713958582101,0.3231075508487644,0.0085753159838759,25,10,10
45,170,0.8804159314778218,0.03407750444472442,0.08524000608668902,0.000266557990764876,25,10,10
45,171,0.8787584964686918,0.0003148948358886598,0.12081954098588704,0.0001070677095302655,25,10,10
45,172,0.8473361427818442,0.0003089822906609042,0.14022563652966824,0.01212923839782581,25,10,10
45,173,0.8223438099954247,6.218437986751364e-05,0.17732458640103882,0.00026941922366590835,25,10,10
45,174,0.8230404859470184,8.0449578832827e-05,0.17595244242158906,0.0009266220525599256,25,10,10
45,175,0.8649576148579983,1.6382165648927397e-06,0.13095065584268145,0.004090091082754962,25,10,10
45,176,0.8518432027148084,1.925424336324048e-05,0.1407207771095751,0.00741676593225151,25,10,10
45,177,0.8435144396895857,9.41571298386679e-05,0.15237428410492082,0.00401711907565368,25,10,10
45,178,0.8279480180436825,0.0001546371890575694,0.16760981835639321,0.004287526410866015,25,10,10
45,179,0.8159831865201395,0.0003202379738151454,0.18333545286380762,0.00036112264224009196,25,10,10
45,180,0.8768881366678356,2.6776940156548236e-06,0.12261096379766329,0.0004982218404845732,25,10,10
45,181,0.8767517403134226,1.2988174352183854e-06,0.12066901137822854,0.0025779494909112023,25,10,10
45,182,0.8520561896784645,2.096576562945101e-06,0.11236840534925545,0.035573308395716596,25,10,10
45,183,0.8712429005010134,1.00438485605598e-06,0.08350859556157618,0.04524749955255469,25,10,10
45,184,0.8511744382890655,4.804128893549929e-07,0.0690107742452869,0.07981430705275833,25,10,10
45,185,0.810560217310422,0.00011233893930820918,0.14643405043874963,0.04289339331151862,25,10,10
45,186,0.8008948661364549,8.115477461456709e-07,0.15493404022087376,0.04417028209492483,25,10,10
45,187,0.7548600721837296,3.456633740593066e-06,0.19246676697486712,0.05266970420765902,25,10,10
45,188,0.7667230328746762,9.181017937272787e-07,0.1744601549142683,0.05881589410925771,25,10,10
45,189,0.8226451741941139,9.452639712100941e-06,0.13130463859490404,0.04604073457126982,25,10,10
45,190,0.8438836134808381,8.489405223830074e-07,0.1180605473597326,0.038054990218906196,25,10,10
45,191,0.8549099247615259,0.0003947686623056739,0.10460894783239143,0.04008635874377735,25,10,10
45,192,0.8779151948323186,0.00039456198610101544,0.08208171815721772,0.03960852502436312,25,10,10
45,193,0.8627800046607363,1.2601776782163493e-06,0.09766920864866428,0.039549526512920694,25,10,10
45,194,0.7936424896386006,0.0007204287753304521,0.20524944896266295,0.00038763262340621137,25,10,10
45,195,0.8690773135923241,3.1388498175378156e-06,0.13026230350645152,0.0006572440514078609,25,10,10
45,196,0.8378616985545054,0.00021839393503241903,0.1613337918360329,0.0005861156744275904,25,10,10
45,197,0.802622020186707,1.0148827871098206e-05,0.1967611323771343,0.000606698608287786,25,10,10
45,198,0.8775109137593823,2.3915354878582874e-05,0.12181220263655308,0.0006529682491853935,25,10,10
45,199,0.8494599317305345,7.118433324142471e-07,0.15035941152744925,0.00017994489868153947,25,10,10
45,200,0.8317479988830572,2.2895672618288456e-05,0.16543910554782187,0.0027899998965018966,25,10,10
45,201,0.867454173511857,5.0426067670007714e-05,0.12934310149488465,0.0031522989255885164,25,10,10
45,202,0.8444896079777819,5.0371283908768134e-05,0.15266150768800504,0.0027985130503034427,25,10,10
45,203,0.7720547942566156,0.0003409797727087141,0.22470222313293725,0.002902002837735911,25,10,10
45,204,0.8408268429285602,1.1710486515810682e-05,0.159092945458069,6.850112685383435e-05,25,10,10
45,205,0.823347394060626,9.040117006749176e-05,0.17542665030325505,0.0011355544660515335,25,10,10
45,206,0.8434754366245467,7.220123534311457e-05,0.11636669511594958,0.04008566702415914,25,10,10
45,207,0.8449021044365079,7.7963111589104e-07,0.11522062502442744,0.039876490907946954,25,10,10
45,208,0.8624918654586853,9.525005880890669e-07,0.08401014251811555,0.053497039522610625,25,10,10
45,209,0.8718091909581236,5.548974079057446e-07,0.07507919422982337,0.05311105991464499,25,10,10
45,210,0.8756088186300819,0.00042079523992852487,0.1107326819162338,0.013237704213755695,25,10,10
45,211,0.8761737031013918,0.0010931750171576462,0.10949718233708149,0.013235939544369546,25,10,10
45,212,0.8489348888265007,0.0005840739379279362,0.12329735311444999,0.0271836841211203,25,10,10
45,213,0.7717580742248643,2.7795190824744482e-05,0.2004367953572983,0.02777733522701302,25,10,10
45,214,0.7251925609356964,1.8598684449795007e-06,0.24691145526500669,0.02789412393085032,25,10,10
45,215,0.7446498971651105,2.061532092653897e-06,0.21496525287079155,0.04038278843200361,25,10,10
45,216,0.755403428972134,3.1076180505397126e-06,0.2325696882585823,0.012023775151234381,25,10,10
45,217,0.7450347684755532,0.00028795142946822535,0.24496831390659726,0.009708966188380956,25,10,10
45,218,0.7827883949145216,0.00029399416305872164,0.20758692282063382,0.009330688101785799,25,10,10
45,219,0.8198554616513466,1.9201744743743242e-05,0.1719504636248143,0.008174872979096063,25,10,10
45,220,0.8218887292128518,2.8119341813071926e-05,0.13528862111815101,0.04279453032718369,25,10,10
45,221,0.871548863611973,1.6638435673276256e-05,0.0884072261533925,0.040027271798961414,25,10,10
45,222,0.802884753525819,9.004380537339221e-06,0.19045551749227435,0.0066507246013703305,25,10,10
45,223,0.7656488118109006,8.887241246393865e-06,0.19583860015355026,0.03850370079430133,25,10,10
45,224,0.8680661291863717,1.0177347664881297e-05,0.10311895819006123,0.02880473527590154,25,10,10
45,225,0.8102222881520064,3.729073239554259e-05,0.14802271920876817,0.041717701906830065,25,10,10
45,226,0.8846823285127039,1.0777863049967933e-05,0.11529284417643401,1.404944781232159e-05,25,10,10
45,227,0.8420696108476465,1.0763065360016524e-05,0.15784530687455173,7.4319212438374e-05,25,10,10
45,228,0.8504723402672413,1.255284294053758e-06,0.14950224506880583,2.415937965888931e-05,25,10,10
45,229,0.8893802703499009,9.222288139334193e-06,0.1105465052495681,6.40021123914616e-05,25,10,10
45,230,0.8860769324571173,1.7405582899451055e-06,0.11189829104094667,0.002023035943646398,25,10,10
45,231,0.8722283807706177,3.5256732409002913e-06,0.12747392165967128,0.0002941718964690757,25,10,10
45,232,0.8357462959350614,2.261465629374558e-06,0.16403945894606875,0.00021198365324064453,25,10,10
45,233,0.8374342441209889,2.3706635758575693e-06,0.16215330560367835,0.00041007961175486745,25,10,10
45,234,0.7707295629767364,4.783078212031699e-05,0.22886302102886344,0.0003595852122764059,25,10,10
45,235,0.8411505431095876,4.9510759816538285e-05,0.15858720670988877,0.0002127394207061994,25,10,10
45,236,0.8676464026165776,3.555626727086751e-05,0.13219836723306122,0.00011967388308964807,25,10,10
45,237,0.8692282299282941,3.595802322676179e-05,0.1304989437345593,0.00023686831391922207,25,10,10
45,238,0.9250914901717876,0.00010696943405257169,0.07410068306317358,0.0007008573309867968,25,10,10
45,239,0.9157990218755784,3.6079850797723664e-06,0.08412581100758945,7.155913175115222e-05,25,10,10
45,240,0.8885580676100973,1.4615845339167597e-06,0.11104437981973575,0.00039609098563416644,25,10,10
45,241,0.8380044046581949,3.1903305246093178e-06,0.15343322421932126,0.008559180791957893,25,10,10
45,242,0.8505429404805689,3.3193174914672777e-06,0.1407694531320012,0.008684287069937615,25,10,10
45,243,0.8600568427629333,4.1119431516138625e-06,0.12652509792657932,0.013413947367335395,25,10,10
45,244,0.8421284872947175,1.9383076214703288e-06,0.1347416863686922,0.023127888028967144,25,10,10
45,245,0.8830261653080197,1.1469473815294012e-05,0.07723707998764529,0.039725285230520296,25,10,10
45,246,0.9182926157895059,3.6564406619474607e-07,0.042211683261471074,0.039495335304957045,25,10,10
45,247,0.8761982591577788,7.5329264022211435e-06,0.08373491457151024,0.04005929334430847,25,10,10
45,248,0.8188546218110728,5.13676451812207e-06,0.14131629161207443,0.039823949812332234,25,10,10
45,249,0.7255213365203876,1.1667680966092077e-05,0.23464750837688314,0.039819487421766,25,10,10
45,250,0.6804394272172586,1.7281320330603721e-06,0.27938892979721835,0.04016991485348712,25,10,10
45,251,0.7092225689591225,9.839825310476881e-05,0.26343627511199286,0.027242757675779897,25,10,10
45,252,0.762762990268556,1.3296137431632776e-06,0.19766460029415586,0.0395710798235421,25,10,10
45,253,0.791542113544383,3.4052632722597045e-05,0.16880093821123635,0.03962289561165732,25,10,10
45,254,0.8162664276542124,6.008262582956418e-05,0.1442300018938902,0.03944348782606651,25,10,10
45,255,0.7382118292509244,2.495688508321606e-06,0.24740071764089247,0.014384957419674067,25,10,10
45,256,0.7304008482870947,7.324437668201105e-05,0.2661272300323084,0.0033986773039157868,25,10,10
45,257,0.7936112042076178,5.209305369088512e-06,0.205808464367016,0.0005751221199965757,25,10,10
45,258,0.7672525195130169,5.745245919220788e-06,0.22948941862591096,0.0032523166151525833,25,10,10
45,259,0.8129110506254267,4.2289620358060155e-06,0.18687324079581305,0.0002114796167237067,25,10,10
45,260,0.8592201436521725,2.868226484165743e-06,0.14054787472878819,0.0002291133925543344,25,10,10
45,261,0.8749619160474336,3.0078190396953153e-06,0.12206532759479381,0.0029697485387321005,25,10,10
45,262,0.8809914095883221,6.540581972341844e-06,0.11874949736880434,0.00025255246090224293,25,10,10
45,263,0.828134886200496,2.077375096961262e-05,0.15961836414198288,0.012225975906552307,25,10,10
45,264,0.775865270536004,3.496965916398937e-05,0.2083952879823823,0.015704471822448083,25,10,10
45,265,0.8875076695275971,3.0890008714144264e-06,0.09669482510416591,0.01579441636736477,25,10,10
45,266,0.9404444661650129,1.1541186032892183e-06,0.059421485764249715,0.00013289395213462012,25,10,10
45,267,0.8975868349219057,0.002125933823573133,0.10011344933146443,0.00017378192305598383,25,10,10
45,268,0.8386628912859727,1.3034746070603437e-05,0.16123790674447944,8.616722347690422e-05,25,10,10
45,269,0.8116105749310409,2.4682873513513677e-05,0.16348467172818007,0.024880070467263714,25,10,10
45,270,0.8033578218411997,1.557420780826752e-05,0.16128453479742608,0.03534206915356472,25,10,10
45,271,0.8876772385902502,7.348380834680642e-07,0.07880029743581213,0.03352172913585458,25,10,10
45,272,0.8324218323753305,0.0003152481151555179,0.13821307968624721,0.029049839823266616,25,10,10
45,273,0.791622871960636,6.418778767836589e-05,0.20138593540441235,0.00692700484727158,25,10,10
45,274,0.8176557380190517,4.920489666132745e-05,0.18178489855834423,0.0005101585259416999,25,10,10
45,275,0.9098641105419738,3.085708133506964e-05,0.08998320048715847,0.00012183188953385407,25,10,10
45,276,0.9016364926953406,1.8225099658800576e-05,0.0982566186436266,8.86635613731971e-05,25,10,10
45,277,0.8396048454791379,6.186176112742493e-05,0.15506893404697758,0.005264358712757833,25,10,10
45,278,0.8140609551712135,6.563837053411093e-05,0.16887650595986925,0.016996900498383205,25,10,10
45,279,0.8951314354134939,0.0003014290719856455,0.10321477878297776,0.0013523567315433162,25,10,10
45,280,0.7632800797857346,0.00021900968682741543,0.1960419468103501,0.04045896371709042,25,10,10
45,281,0.8179035188909228,0.009451963032883143,0.13030601356160498,0.042338504514589675,25,10,10
45,282,0.7705740053091027,0.0005082976954368422,0.14640759861695063,0.08251009837850924,25,10,10
45,283,0.8015002253536864,0.0005083461823284747,0.09818737388024333,0.09980405458374103,25,10,10
45,284,0.7306602543205808,9.299893945230772e-06,0.15023162582099592,0.11909881996447773,25,10,10
45,285,0.7287692961458306,0.0007282600353693591,0.1470650027286503,0.12343744109014988,25,10,10
45,286,0.7365222001449543,0.0007301644359369086,0.14094729877365453,0.12180033664545388,25,10,10
45,287,0.7485511842374396,0.0007245489584839996,0.09175513948963979,0.15896912731443635,25,10,10
45,288,0.6779902736317988,0.0007362875152703945,0.2098656281132785,0.11140781073964899,25,10,10
45,289,0.770639040891861,6.056571287412441e-06,0.11668053272684459,0.11267436981000582,25,10,10
45,290,0.7316841489421831,0.0003114706374429179,0.18884887684525126,0.07915550357512165,25,10,10
45,291,0.8672911639135016,1.6646800629240825e-06,0.0923695234209812,0.04033764798545401,25,10,10
45,292,0.8295613971852339,1.432916549388447e-05,0.1301999961234828,0.04022427752578772,25,10,10
45,293,0.902397344672679,1.4863425456818068e-05,0.07280738221247228,0.02478040968939232,25,10,10
45,294,0.8581648117582824,2.7121436726296115e-05,0.11687713014760569,0.024930936657386323,25,10,10
45,295,0.8317656474223781,1.2610830108369802e-05,0.12822584665041173,0.039995895097100095,25,10,10
45,296,0.7863366041612675,4.113742530474599e-05,0.17719006738963322,0.036432191023794226,25,10,10
45,297,0.85352448994574,3.9579446817106055e-05,0.10971790910890508,0.03671802149853769,25,10,10
45,298,0.8658928273563768,1.2206221743123101e-06,0.09714130230994954,0.03696464971149792,25,10,10
45,299,0.7845993080579272,0.009450613517525139,0.16627205119030497,0.03967802723424018,25,10,10
45,300,0.7730206787020231,0.009450830628593159,0.1753571647858779,0.04217132588350786,25,10,10
45,301,0.7164164663348751,0.009472261847957478,0.22483103313334285,0.04928023868382447,25,10,10
45,302,0.6856526420484579,0.00020145066475062867,0.2610794221496043,0.05306648513718603,25,10,10
45,303,0.7023324561419705,0.00018918016371873448,0.2507028118427808,0.04677555185153027,25,10,10
45,304,0.7648704530012421,2.7546946042566056e-06,0.19790227369236363,0.037224518611789194,25,10,10
45,305,0.8031405949476513,1.1708874556257236e-05,0.18385120114964018,0.012996495028150932,25,10,10
45,306,0.8261807368450849,1.0264288519235628e-05,0.1610828990492757,0.012726099817119817,25,10,10
45,307,0.8083795830114654,4.4726727978400846e-05,0.18677067950398718,0.004805010756565888,25,10,10
45,308,0.890972983030743,1.4081458904996081e-06,0.10900411664613296,2.1492177233202673e-05,25,10,10
45,309,0.8636813684810281,3.8452677444242634e-05,0.13613067067715653,0.00014950816437076076,25,10,10
45,310,0.7528307235434429,1.1000414280853506e-06,0.24699302392892686,0.00017515248620326993,25,10,10
45,311,0.7303274213423836,0.00011760222778115176,0.2382463811635731,0.03130859526626526,25,10,10
45,312,0.8324494043265463,0.00011796360746408054,0.12491862646492131,0.042514005601069195,25,10,10
45,313,0.7661992120864209,0.00012551811556259348,0.22758564752287722,0.006089622275138009,25,10,10
45,314,0.8303318434900757,1.651783832981502e-05,0.16958304390705067,6.859476454400039e-05,25,10,10
45,315,0.8823640760129,0.00030207222207632496,0.11722118283005104,0.0001126689349709832,25,10,10
45,316,0.9436123886354831,3.0768083375535043e-06,0.05637264686447059,1.1887691709538565e-05,25,10,10
45,317,0.8451986909518573,8.272419934154183e-06,0.15464700929355676,0.00014602733465015716,25,10,10
45,318,0.8528444817897372,1.7453000147449804e-06,0.1468477295179239,0.0003060433923229185,25,10,10
45,319,0.911739373839015,2.182731876509655e-05,0.08808300905238779,0.0001557897898318425,25,10,10
45,320,0.8957283435797053,0.00027053091126704284,0.10388881640198475,0.00011230910704256182,25,10,10
45,321,0.9605770895123185,1.288851858678829e-06,0.03933929567035774,8.232596546477529e-05,25,10,10
45,322,0.8409746731727772,4.675545167952033e-05,0.1584584805913871,0.0005200907841537407,25,10,10
45,323,0.823743297141347,1.3452790980636963e-06,0.14290891563604383,0.03334644194351056,25,10,10
45,324,0.8868385249741506,9.589950331217702e-07,0.07347038183717851,0.03969013419363751,25,10,10
45,325,0.7818213663462089,1.1378640242116991e-05,0.17847429119137442,0.039692963822174375,25,10,10
45,326,0.7047534413881855,0.00010066256583819945,0.2534715826767585,0.041674313369218174,25,10,10
45,327,0.7092088714097724,0.009442236479544591,0.2407871841681559,0.04056170794252866,25,10,10
45,328,0.6841055735724515,0.00972226910488035,0.2661818758832103,0.039990281439456786,25,10,10
45,329,0.6883422024404279,0.0010951875586055438,0.23950499300761258,0.07105761699335471,25,10,10
45,330,0.7313354577002632,0.0010695148842621406,0.2049601236336488,0.0626349037818246,25,10,10
45,331,0.8145824810781354,0.0009845635968547715,0.10471249134284782,0.07972046398216097,25,10,10
45,332,0.7591151471504619,5.9304889905108974e-05,0.1791464401345994,0.06167910782503339,25,10,10
45,333,0.8404843687905454,2.5572257587223634e-05,0.08621257225780475,0.07327748669406195,25,10,10
45,334,0.8038548088121668,4.859046221742441e-05,0.11581789906441253,0.08027870166120167,25,10,10
45,335,0.8050410802856858,1.8720626822643975e-05,0.1149636775173223,0.07997652157016823,25,10,10
45,336,0.7999591570196322,8.469408737998373e-06,0.08914056430543643,0.11089180926619234,25,10,10
45,337,0.7956339120999932,3.1498434307100394e-06,0.12881836751986386,0.07554457053671079,25,10,10
45,338,0.8155698075261069,2.7856869709450212e-05,0.10876140109944017,0.0756409345047427,25,10,10
45,339,0.7557972337289331,0.0003947667005699438,0.14329840834339053,0.1005095912271034,25,10,10
45,340,0.7108905436495546,9.104655736843235e-05,0.2044777635008993,0.08454064629218169,25,10,10
45,341,0.8046820614979454,4.7490113901684833e-07,0.1148717183575742,0.0804457452433413,25,10,10
45,342,0.8543793114247136,1.0736995716982651e-05,0.13577423772763614,0.009835713851933403,25,10,10
45,343,0.8519536752511572,6.608828565911047e-05,0.14527105108820723,0.00270918537497633,25,10,10
45,344,0.9215970315949008,2.515644163414333e-05,0.07583751950257399,0.0025402924608906663,25,10,10
45,345,0.9453713549356002,1.7454296986597806e-05,0.05449291519470042,0.0001182755727127496,25,10,10
45,346,0.8551920877208691,3.592027300984107e-05,0.14410025575943364,0.0006717362466867941,25,10,10
45,347,0.8428774403403966,0.009378976343264867,0.13906656055066333,0.008677022765675333,25,10,10
45,348,0.7889602526714833,0.009388011825321226,0.19562365867650333,0.00602807682669346,25,10,10
45,349,0.7592749965626663,0.0009005280772202178,0.23920385194762062,0.0006206234124907584,25,10,10
45,350,0.6794170768099821,0.00034134295576051583,0.3194641336703917,0.0007774465638622581,25,10,10
45,351,0.7910296008100203,1.4793072439282958e-05,0.20823976212896117,0.0007158439885777832,25,10,10
45,352,0.8170210941025546,2.5209716910549593e-06,0.18252460317892513,0.0004517817468282747,25,10,10
45,353,0.8987792681024753,3.304472717693676e-06,0.09707213431646197,0.004145293108344683,25,10,10
45,354,0.8924068538738387,2.1001913666364077e-06,0.10739686812332652,0.00019417781146370818,25,10,10
45,355,0.8485790896151386,1.910976447101936e-05,0.13977694411500866,0.011624856505381274,25,10,10
45,356,0.8864231970618971,9.671901211893897e-06,0.10104852091219002,0.01251861012469891,25,10,10
45,357,0.7549092909602413,0.00722259658283515,0.20370006817883105,0.03416804427809667,25,10,10
45,358,0.7346840670706521,0.0007425645623342027,0.2243691951743248,0.040204173192689874,25,10,10
45,359,0.7276192318693123,0.0006778839477575695,0.23044053721416763,0.0412623469687642,25,10,10
45,360,0.7130939036776667,1.0587757873234532e-05,0.2382441327659754,0.048651375798486295,25,10,10
45,361,0.7588977906633673,1.9026072601046188e-05,0.23034512802359872,0.010738055240435838,25,10,10
45,362,0.7748960589171451,7.97156191141085e-06,0.20962091575787992,0.01547505376306648,25,10,10
45,363,0.8657648380983425,6.11181732577646e-07,0.12011122575327862,0.014123324966646375,25,10,10
45,364,0.9375805547400133,1.3469761729186859e-05,0.06234677064981671,5.920484844119697e-05,25,10,10
45,365,0.8866085307716063,1.309195262268896e-06,0.10928624674405223,0.004103913289078132,25,10,10
45,366,0.9026992000568871,7.5624879150426095e-06,0.09355648364837958,0.0037367538068166285,25,10,10
45,367,0.8321529984828926,1.680965033501886e-05,0.16404346757199406,0.003786724294775788,25,10,10
45,368,0.8814677753782003,7.604177213505597e-06,0.11646781737817825,0.002056803066409012,25,10,10
45,369,0.8915439664092123,3.063363693918401e-05,0.09754504238399246,0.010880357569856535,25,10,10
45,370,0.9075955816574478,2.362375806241137e-05,0.08337711709842088,0.009003677486069079,25,10,10
45,371,0.9376828277441338,1.332520828662386e-06,0.05349859583400376,0.008817243901033427,25,10,10
45,372,0.8831195835072263,3.8713838564426843e-07,0.11670607524216,0.00017395411222631698,25,10,10
45,373,0.8935370295390576,1.3128608884826641e-06,0.10608186066017228,0.00037979693988176216,25,10,10
45,374,0.913687246469085,1.6190265485308582e-06,0.0860630369342848,0.0002480975700820301,25,10,10
45,375,0.8112626178127664,0.00020974169956122378,0.18728298579678873,0.0012446546908796853,25,10,10
45,376,0.8888452714113211,1.6424376022669418e-06,0.11105073483633957,0.00010235131473654813,25,10,10
45,377,0.8543198679136306,3.4387224554331164e-06,0.14521294674925558,0.00046374661465933766,25,10,10
45,378,0.832844957577681,1.4754070064153592e-06,0.16678015326837758,0.00037341374693439596,25,10,10
45,379,0.85256760058479,2.9717093105597884e-05,0.14471864242779509,0.0026840398943094247,25,10,10
45,380,0.8935697631241556,1.326071250890116e-05,0.10604755244260133,0.0003694237207344638,25,10,10
45,381,0.7531110950382616,3.5995948645949904e-05,0.24648429185034018,0.0003686171627545107,25,10,10
45,382,0.7911508751372436,1.4436657403443296e-05,0.20252768657186898,0.006307001633484108,25,10,10
45,383,0.9024988653047714,1.2064900639202709e-05,0.09732069408949123,0.00016837570509780283,25,10,10
45,384,0.8170021027414376,1.179421517154812e-05,0.1658032267230292,0.017182876320361702,25,10,10
45,385,0.783515702407354,7.493269471841931e-06,0.1925218053187649,0.02395499900440835,25,10,10
45,386,0.7932760774249052,1.6770899816080358e-06,0.19452372979204713,0.012198515693064762,25,10,10
45,387,0.8669070126844381,1.1515720141868739e-05,0.12896068197551414,0.004120789619905649,25,10,10
45,388,0.8538014446761626,1.0813733694883607e-05,0.14536381097576678,0.0008239306143751655,25,10,10
45,389,0.839436466450152,3.868781259766898e-07,0.16024700539025283,0.00031614128146836845,25,10,10
45,390,0.7862335878491905,0.000219262305206442,0.21295133904702,0.0005958107985821132,25,10,10
45,391,0.7991408045524742,9.456330883113583e-05,0.1608517777248101,0.03991285441388463,25,10,10
45,392,0.8774483981719867,2.0091563697417258e-06,0.08315551785292015,0.03939407481872352,25,10,10
45,393,0.82347813558645,4.71620701181622e-07,0.15043378005074132,0.0260876127421072,25,10,10
45,394,0.8049171746492201,1.956889976192172e-06,0.16618478677635445,0.028896081684447253,25,10,10
45,395,0.7967705026422943,8.92810054665074e-05,0.16278151732754698,0.040358699024693544,25,10,10
45,396,0.7826225971926454,6.811857628775935e-05,0.14420943525905153,0.0730998489720135,25,10,10
45,397,0.7662673380684929,7.750487522320571e-05,0.16995454486571948,0.0637006121905659,25,10,10
45,398,0.8252232630644035,7.324079178740682e-05,0.1074819300780502,0.0672215660657591,25,10,10
45,399,0.7815710311562379,0.0005668953369904899,0.19021397162958423,0.02764810187718515,25,10,10
45,400,0.7390910682040425,3.873794455778019e-05,0.22720329352046886,0.03366690033093351,25,10,10
45,401,0.7695494554068602,1.6506453763821623e-05,0.19519761313679393,0.03523642500258128,25,10,10
45,402,0.7144749758382288,1.6541229834579428e-05,0.24398055842301145,0.04152792450892649,25,10,10
45,403,0.6715492896887467,3.95459592230634e-06,0.2805416251498361,0.047905130565493816,25,10,10
45,404,0.8097764545636993,1.5802523550261058e-06,0.15053960417278167,0.039682361011164596,25,10,10
45,405,0.73642703318422,1.144000776164757e-05,0.22675539200029016,0.03680613480772931,25,10,10
45,406,0.726333897392375,1.232663001676366e-05,0.2339226005464731,0.03973117543113684,25,10,10
45,407,0.777070814887295,1.2805040098236441e-05,0.1861854301645719,0.03673094990803492,25,10,10
45,408,0.8152561956760641,2.3442536134242724e-06,0.18423714777896688,0.0005043122913550555,25,10,10
45,409,0.838209856770589,1.2641846357437184e-06,0.16147812203250364,0.000310757012271806,25,10,10
45,410,0.8714924266436576,2.5478390328282187e-05,0.09237187294468457,0.03611022202132914,25,10,10
45,411,0.8169906567661921,4.108873642059026e-07,0.11833784422062772,0.06467108812581705,25,10,10
45,412,0.7731843482720572,2.414598894092958e-05,0.15361081517220862,0.07318069056679144,25,10,10
45,413,0.8026586365147133,3.7554013975581075e-05,0.12158795437415013,0.07571585509715811,25,10,10
45,414,0.793934105515526,1.9751425952590607e-05,0.11889017127784453,0.08715597178067787,25,10,10
45,415,0.8422004071982443,1.26427866975471e-05,0.08180402110986064,0.07598292890519759,25,10,10
45,416,0.8321984334882708,1.9179149517173416e-06,0.09020365767759772,0.07759599091917926,25,10,10
45,417,0.7346613311283319,0.0029430272357983123,0.18441749621679235,0.07797814541907694,25,10,10
45,418,0.77526216398718,3.801136193581588e-06,0.1784486426369562,0.04628539223966957,25,10,10
45,419,0.7894386894079141,3.906334071594447e-06,0.17085357550537708,0.03970382875263678,25,10,10
45,420,0.7661283498269552,3.875992385078268e-06,0.19785277929461448,0.036014994886046564,25,10,10
45,421,0.8602430186461484,2.436590232116489e-06,0.1081068672151119,0.031647677548508175,25,10,10
45,422,0.8716274348075567,2.2071597809630278e-06,0.1277574457674714,0.0006129122651896736,25,10,10
45,423,0.8654534452162352,0.0002858606484533397,0.13230427063952538,0.0019564234957842102,25,10,10
45,424,0.8481150754170524,0.0002936190374137799,0.12684273673894297,0.02474856880658872,25,10,10
45,425,0.7621587956143898,8.605611566822364e-06,0.2153177822736584,0.022514816500386114,25,10,10
45,426,0.7858431482986492,9.43729524137539e-06,0.18818905665802757,0.02595835774808154,25,10,10
45,427,0.8456672412320618,6.652100610393068e-05,0.12180608337464176,0.032460154387191624,25,10,10
45,428,0.8639669439305319,2.909552342079239e-05,0.1035489715633285,0.03245498898271721,25,10,10
45,429,0.8800273263252527,1.4146389706786952e-05,0.08032239345286138,0.039636133832179,25,10,10
45,430,0.8279708986823878,1.2945817906950585e-05,0.16215425945364298,0.00986189604606065,25,10,10
45,431,0.8898825756449891,3.7885893723389044e-05,0.11000431323403852,7.52252272498716e-05,25,10,10
45,432,0.8803956356487028,2.788064881584244e-05,0.11940325629195067,0.00017322741052953284,25,10,10
45,433,0.8496851080273001,2.9416707193285615e-05,0.12000604144142328,0.03027943382408224,25,10,10
45,434,0.8584549454284682,8.780743288813859e-06,0.09983688587610808,0.04169938795213314,25,10,10
45,435,0.8314967065349826,1.9100478690238302e-06,0.12696717964596618,0.041534203771180944,25,10,10
45,436,0.8906153382963352,1.6412087201445796e-05,0.10932115404437395,4.70955720864716e-05,25,10,10
45,437,0.7901745742277061,6.311825741020382e-05,0.20753565986538128,0.0022266476495020455,25,10,10
45,438,0.8431614528140133,3.0173855510777977e-05,0.155993675564663,0.0008146977658138455,25,10,10
45,439,0.783063621347971,2.6255083315317026e-05,0.21660202356985397,0.00030809999885796037,25,10,10
45,440,0.8827858412077468,2.0778558127769194e-07,0.11672628805896784,0.0004876629477016639,25,10,10
45,441,0.9157870748410464,3.7260028758306504e-06,0.08407756782824073,0.00013163132783730258,25,10,10
45,442,0.8122772027709765,0.0013065229147900784,0.18307964736392357,0.00333662695031388,25,10,10
45,443,0.7569304789893266,0.001310293755309247,0.23974599310942818,0.002013234145935226,25,10,10
45,444,0.8453040570296838,6.799356038918236e-07,0.1544711070530033,0.0002241559817080125,25,10,10
45,445,0.7937362014310579,1.0605895554724821e-06,0.20616588518079673,9.685279858635347e-05,25,10,10
45,446,0.8425895725330477,2.0288685122746545e-06,0.15730007521977588,0.00010832337866384813,25,10,10
45,447,0.7516431585490969,8.330816195591265e-07,0.24823826839819002,0.00011773997108871814,25,10,10
45,448,0.782524558305282,6.745833495377565e-07,0.21742774866782252,4.701844354419974e-05,25,10,10
45,449,0.7999607410908076,1.541248961624499e-05,0.1998555337601757,0.0001683126593998492,25,10,10
45,450,0.8125886598858709,1.6228744023675734e-06,0.18673606731187323,0.0006736499278517592,25,10,10
45,451,0.7729368916329122,3.521282622876813e-06,0.22685557690808816,0.00020401017637581133,25,10,10
45,452,0.833002899337571,1.3258803875550985e-05,0.1641070922116947,0.0028767496468578672,25,10,10
45,453,0.8132116608094964,4.764493758061892e-05,0.18408916978082235,0.0026515244721010685,25,10,10
45,454,0.8301818325900373,4.6920473192435964e-05,0.16531848827672843,0.004452758660041867,25,10,10
45,455,0.8976813414832422,1.1978529197037603e-06,0.10169400469779127,0.000623455966046665,25,10,10
45,456,0.8683621420953349,0.0003264088243795644,0.1278718003088469,0.0034396487714376174,25,10,10
45,457,0.8789662170873629,3.5802813785615094e-05,0.11785305907199879,0.003144921026851867,25,10,10
45,458,0.8049105274114398,9.833293290964583e-06,0.12635662621760432,0.06872301307766493,25,10,10
45,459,0.7811745178719114,0.00030794898242259385,0.14412296746105388,0.07439456568461124,25,10,10
45,460,0.7310107865053908,1.956082773008328e-06,0.1848159756406994,0.0841712817711344,25,10,10
45,461,0.7436262054292162,2.0022813919265162e-06,0.1714387363919367,0.08493305589745459,25,10,10
45,462,0.6718068248011313,2.8887664528086e-06,0.2811579368990815,0.04703234953333458,25,10,10
45,463,0.8156820514197014,8.173601262479263e-06,0.14465810323983702,0.0396516717391982,25,10,10
45,464,0.8495059318850727,8.087736945173306e-06,0.110690620982682,0.0397953593953,25,10,10
45,465,0.8154713000632376,5.537839766851756e-06,0.15116565995787437,0.033357502139120865,25,10,10
45,466,0.7248797734952126,5.505971872073494e-05,0.23891612413782934,0.036149042648239545,25,10,10
45,467,0.7412444957562541,7.070300054584327e-05,0.22270147945252108,0.03598332179067923,25,10,10
45,468,0.7432185809654157,7.015289256569669e-05,0.22069287570848575,0.036018390433532756,25,10,10
45,469,0.7877307349760976,3.7651229857241594e-05,0.1753528191733883,0.03687879462065788,25,10,10
45,470,0.781137734601645,3.425476138665649e-05,0.2182723361641013,0.0005556744728718851,25,10,10
45,471,0.8396349661844781,2.4226752515035502e-05,0.1595830601661551,0.0007577468968504259,25,10,10
45,472,0.8674387676788073,2.674953817391802e-05,0.13242930683753662,0.00010517594548062627,25,10,10
45,473,0.8746816535802364,1.4128870061934256e-06,0.12518950361032036,0.00012742992243561813,25,10,10
45,474,0.9137346338198341,1.1854288145130608e-05,0.07838033276614449,0.007873179125876708,25,10,10
45,475,0.9158714929126228,1.1572420596899248e-06,0.08346392337022199,0.0006634264750940914,25,10,10
45,476,0.8612259551287803,1.1838259474290504e-05,0.13799895070343063,0.0007632559083135904,25,10,10
45,477,0.8158004866275982,3.1971284400532736e-05,0.1803331947750888,0.00383434731291329,25,10,10
45,478,0.8768501534309578,9.295952160821787e-07,0.12274074917698354,0.00040816779684271743,25,10,10
45,479,0.8664006639795657,3.424595555797696e-05,0.1315059559469769,0.0020591341178992305,25,10,10
45,480,0.869096822626223,3.663985850598627e-05,0.13050060736068067,0.00036593015458976394,25,10,10
45,481,0.8617033164737405,3.154520598368297e-06,0.13822985134613872,6.367765952117887e-05,25,10,10
45,482,0.8899594262825491,0.011181021123352602,0.09884935156441005,1.0201029686885414e-05,25,10,10
45,483,0.8654200954689694,0.0003878440479618818,0.1340573332154613,0.00013472726760573205,25,10,10
45,484,0.8942810905383607,1.5597808015352093e-05,0.10526305337231122,0.0004402582813120275,25,10,10
45,485,0.9332070794950676,0.0004298368762539568,0.06632154450506239,4.1539123615679206e-05,25,10,10
45,486,0.9258893172052861,9.86676533946694e-06,0.07392168740463417,0.00017912862474050222,25,10,10
45,487,0.8622156432605458,0.017870455932447328,0.11987868450283941,3.521630416581962e-05,25,10,10
45,488,0.8321944013404277,0.012209227423724813,0.15541080784746428,0.00018556338838264744,25,10,10
45,489,0.8685821233641657,3.851699150467338e-06,0.12882627481882727,0.0025877501178560684,25,10,10
45,490,0.876125203338381,3.153158178358887e-06,0.11575774432569733,0.008113899177742358,25,10,10
45,491,0.8433700201423548,0.0008051607054591911,0.13059965301639384,0.02522516613579124,25,10,10
45,492,0.8561339843145683,2.159732341410048e-06,0.10356396687100348,0.040299889082086,25,10,10
45,493,0.839622387320594,9.33255895133037e-06,0.12392669600200934,0.03644158411844431,25,10,10
45,494,0.8140787414938919,1.5639422781277497e-05,0.1489768877642102,0.03692873131911436,25,10,10
45,495,0.7960399237334168,2.144339396688806e-05,0.16403222260917935,0.039906410263434056,25,10,10
45,496,0.7951003542961226,1.0877769128067873e-05,0.12491519126223617,0.0799735766725109,25,10,10
45,497,0.7918435588827499,9.845742376977596e-06,0.14270088362020397,0.06544571175466976,25,10,10
45,498,0.7424937669749048,8.919213299382314e-06,0.22804169648471476,0.029455617327079492,25,10,10
45,499,0.823485967996977,1.0260897894763367e-06,0.13613621351480193,0.04037679239843112,25,10,10
45,500,0.8438351945389649,1.3514364305848175e-06,0.11610605790454377,0.040057396120060124,25,10,10
45,501,0.8062964578103022,1.4489293003768771e-05,0.1535564861917231,0.04013256670497179,25,10,10
45,502,0.8072089129375755,1.2708030592503461e-05,0.15248474243919602,0.04029363659263636,25,10,10
45,503,0.7822535147529769,7.461606293675602e-05,0.19405373275051402,0.023618136433572065,25,10,10
45,504,0.8268868993353908,2.208306888974958e-05,0.13425535073584116,0.03883566685987555,25,10,10
45,505,0.7952380316648253,1.710295110940298e-05,0.1553571175552999,0.04938774782876388,25,10,10
45,506,0.8360349503666238,1.350905531479146e-06,0.11438914024233132,0.049574558485511296,25,10,10
45,507,0.8273965716570584,2.5545693357086078e-06,0.1256916061029234,0.04690926767068151,25,10,10
45,508,0.8493287803012055,2.668120026007136e-05,0.12335489846942212,0.027289640029110877,25,10,10
45,509,0.8444307412229088,2.6978388498989857e-06,0.11235587368028611,0.043210687257954336,25,10,10
45,510,0.8869281839818777,4.5377455685759685e-07,0.07028408869081006,0.042787273552755564,25,10,10
45,511,0.891168618652467,9.17493795748049e-07,0.06905518977322576,0.03977527408051184,25,10,10
45,512,0.8179621965720851,1.7458274183808663e-06,0.14174049501443825,0.04029556258605692,25,10,10
45,513,0.8272390296153442,1.8994206597306765e-06,0.13264362769208493,0.040115443271909385,25,10,10
45,514,0.8333517252735073,3.918263545615684e-06,0.1262131293710425,0.040431227091902076,25,10,10
45,515,0.8376204355531951,2.257969490182532e-06,0.1227156134464664,0.039661693030848585,25,10,10
45,516,0.8065432892357652,3.942906169972387e-06,0.1122598385504938,0.08119292930757033,25,10,10
45,517,0.8166767907210791,1.7159066932347735e-05,0.11299077944208173,0.07031527076990622,25,10,10
45,518,0.7820971615411224,1.5399831897413863e-05,0.12478239572847627,0.0931050428985015,25,10,10
45,519,0.7549334107935234,1.495319715173612e-05,0.1402857762168941,0.10476585979242951,25,10,10
45,520,0.8095236787607345,3.187020191481767e-05,0.08559259512851826,0.10485185590883078,25,10,10
45,521,0.833441311950114,1.1194120153727516e-05,0.050516817399959314,0.1160306765297732,25,10,10
45,522,0.7731364846096135,6.434584149649201e-07,0.1620205270030817,0.0648423449288881,25,10,10
45,523,0.6990099804534706,1.033501040425777e-05,0.22190279720631345,0.07907688732981269,25,10,10
45,524,0.7281715964666418,1.0802886754729209e-05,0.18985193034950062,0.08196567029710199,25,10,10
45,525,0.7478200659281735,3.2044913376615694e-06,0.17512757297836004,0.07704915660212819,25,10,10
45,526,0.8494647277767133,8.00598284203547e-06,0.07090495253275889,0.07962231370768562,25,10,10
45,527,0.8652836095136377,1.3453395788418474e-05,0.05509617806052597,0.07960675903004785,25,10,10
45,528,0.7559212522104279,1.591120264512439e-05,0.17036794618184112,0.07369489040508193,25,10,10
45,529,0.8371396428394893,2.7474247115734774e-05,0.12271447392044171,0.04011840899295226,25,10,10
45,530,0.7373447236633272,0.00039072609014031095,0.2223656148218627,0.03989893542466995,25,10,10
45,531,0.7468739967378714,0.0003949995314379458,0.21328351864968526,0.039447485081004284,25,10,10
45,532,0.7719197918306168,0.0003695415522581588,0.187875905097211,0.03983476151991283,25,10,10
45,533,0.8129372959204619,2.7883936603661653e-06,0.14345689980505658,0.04360301588081951,25,10,10
45,534,0.7464891119678877,2.2603574630061176e-05,0.1545801133096542,0.09890817114782903,25,10,10
45,535,0.7674986926121966,6.487294466262595e-07,0.11055335082297268,0.1219473078353836,25,10,10
45,536,0.8014634380533937,2.6351394469334258e-06,0.09545157124672209,0.10308235556043778,25,10,10
45,537,0.7776845033977796,4.5120841574769604e-06,0.1602267698565715,0.06208421466149039,25,10,10
45,538,0.7663649032996952,4.934716889228339e-06,0.16575262796413132,0.06787753401928294,25,10,10
45,539,0.7659274951907171,1.0443224225467076e-05,0.15457530711239895,0.0794867544726568,25,10,10
45,540,0.7673564887076415,1.0868368441032151e-05,0.14353496948218747,0.08909767344173028,25,10,10
45,541,0.8155755941278877,1.1662531202453108e-06,0.10415164213844115,0.08027159748055239,25,10,10
45,542,0.8020283669229761,1.110423057576244e-06,0.11757310803733656,0.08039741461663066,25,10,10
45,543,0.8297111965467794,3.9430516408482195e-07,0.12542150404887684,0.044866905099179864,25,10,10
45,544,0.8066484415898953,1.2794745791636531e-06,0.1471578127277153,0.04619246620781171,25,10,10
45,545,0.7833178573138343,9.118546695837282e-07,0.17719359987782504,0.039487630953668196,25,10,10
45,546,0.8124290236409037,4.302384884131366e-05,0.14857381517127022,0.03895413733898419,25,10,10
45,547,0.836837855063003,7.735011506934432e-05,0.12029476249632387,0.042790032325604146,25,10,10
45,548,0.7914405152910087,7.02978424261164e-05,0.16946164179105705,0.03902754507550606,25,10,10
45,549,0.822360648019263,3.083069282979145e-05,0.1371637336218048,0.040444787666099706,25,10,10
45,550,0.8151869648408178,0.00020351779260345963,0.14442894936352457,0.04018056800305359,25,10,10
45,551,0.8661980844463655,2.2226251550142302e-05,0.1269974839350959,0.006782205366987707,25,10,10
45,552,0.92622964052326,1.2337989791879835e-05,0.07327875062399263,0.0004792708629562263,25,10,10
45,553,0.8654242746900898,1.226974033440421e-05,0.13403811599258425,0.0005253395769912232,25,10,10
45,554,0.8545382618922038,1.429334158324954e-05,0.144591308097868,0.0008561366683454688,25,10,10
45,555,0.703552036374045,4.770761857234752e-06,0.2949766675493526,0.0014665253147459207,25,10,10
45,556,0.6762388325402314,2.023496042286997e-06,0.28670606218020744,0.03705308178351994,25,10,10
45,557,0.7084869503891993,2.50310381664985e-06,0.2154281631535571,0.07608238335342787,25,10,10
45,558,0.7776597356069743,2.715370168111702e-08,0.14257771166566396,0.07976252557365819,25,10,10
45,559,0.7316551251768781,2.2776456781074172e-06,0.18856948250725764,0.07977311467018355,25,10,10
45,560,0.7646710444338559,0.0002325197353708707,0.18518070328333217,0.04991573254743982,25,10,10
45,561,0.8284783102308428,4.6995855193354576e-07,0.12039755615652131,0.05112366365408417,25,10,10
45,562,0.8433140436367692,3.8001269844008875e-07,0.1452345249154574,0.011451051435074227,25,10,10
45,563,0.8405148695595689,5.622156133893355e-05,0.1477489505921232,0.011679958286968781,25,10,10
45,564,0.7761669610748478,9.098721967711245e-05,0.21175698961247416,0.011985062092997047,25,10,10
45,565,0.8204896427139114,9.911165544995137e-05,0.17743598992581133,0.0019752557048252134,25,10,10
45,566,0.861677762448017,5.655191400321103e-05,0.13816909002250202,9.659561547648814e-05,25,10,10
45,567,0.8169740574886475,2.2998353083200904e-05,0.1828210412798802,0.0001819028783887722,25,10,10
45,568,0.8255592081508779,8.408829316807204e-05,0.17419812720893763,0.00015857634701604793,25,10,10
45,569,0.8321652403779575,1.4202897202444167e-05,0.16758504430326263,0.0002355124215773504,25,10,10
45,570,0.8217971085161296,1.3876572644090142e-05,0.17778370939014176,0.0004053055210842175,25,10,10
45,571,0.797263406143383,2.6206854523164535e-05,0.20258681392699185,0.00012357307510217917,25,10,10
45,572,0.8538135812859915,2.1414173497499012e-06,0.13990607985786693,0.006278197438790923,25,10,10
45,573,0.8518949816979493,2.392205709063132e-05,0.1419065531138866,0.0061745431310724,25,10,10
45,574,0.810482471826073,2.7330243218791476e-05,0.17160121047321028,0.01788898745749917,25,10,10
45,575,0.7997841951336,1.925618051402025e-06,0.18837719552721433,0.011836683721134233,25,10,10
45,576,0.7743121499777663,0.0007027556325420617,0.22408837941317244,0.0008967149765165812,25,10,10
45,577,0.8785987420583032,0.0007033793226161069,0.12010255988491886,0.000595318734161118,25,10,10
45,578,0.8261446721605675,1.685046918267779e-05,0.17311983575076462,0.0007186416194836992,25,10,10
45,579,0.8502350929579078,1.853334360761043e-05,0.1491343905289354,0.0006119831695487803,25,10,10
45,580,0.858842432790353,3.720392634665435e-06,0.14008005719477826,0.0010737896222326017,25,10,10
45,581,0.835002918417044,3.1906542718780666e-06,0.15635257192735133,0.008641319001332715,25,10,10
45,582,0.867837763540332,1.62577690578554e-05,0.13199847510303128,0.00014750358757790623,25,10,10
45,583,0.8337588736336496,3.3212385477121673e-06,0.16541185496391056,0.0008259501638933998,25,10,10
45,584,0.831686794161357,2.0133730904168466e-06,0.15603721132960666,0.012273981135946181,25,10,10
45,585,0.7790861965387443,2.5244489803618077e-06,0.1805841256353183,0.0403271533769573,25,10,10
45,586,0.8278111201216605,4.549136721245556e-05,0.1652231342205578,0.006920254290567691,25,10,10
45,587,0.8389422953762312,4.589120010115105e-05,0.11593994963519216,0.04507186378847553,25,10,10
45,588,0.8008787285719702,4.666160318716023e-05,0.1573940699820453,0.04168053984279732,25,10,10
45,589,0.8783647140115595,4.4648391466823974e-05,0.08019174373123385,0.04139889386573996,25,10,10
45,590,0.7128762023644923,8.402385376364614e-06,0.24673954096463313,0.04037585428549918,25,10,10
45,591,0.7578581033318176,4.3006407639917184e-07,0.1841967805951359,0.057944686008969265,25,10,10
45,592,0.7863830907811125,1.5005212030111002e-06,0.16495456162884636,0.0486608470688375,25,10,10
45,593,0.799159469160879,1.261756233075082e-06,0.15731332974455545,0.04352593933833333,25,10,10
45,594,0.8503059242380915,8.626737410323677e-06,0.11393732470589767,0.03574812431860071,25,10,10
45,595,0.7685552137495568,0.00013937537706165673,0.2230381517095746,0.008267259163809463,25,10,10
45,596,0.7877650462944668,1.036015899432416e-05,0.20409545080209363,0.008129142744444456,25,10,10
45,597,0.829823900123636,1.1179098706732882e-05,0.12747304720881275,0.04269187356884534,25,10,10
45,598,0.8035221368037472,1.1677315883477487e-05,0.1535342894288104,0.0429318964515595,25,10,10
45,599,0.8595019662190314,1.0889819671827605e-05,0.11046481625568813,0.03002232770560818,25,10,10
45,600,0.8183414445285883,2.9145024620915533e-06,0.14046894782537128,0.04118669314357763,25,10,10
45,601,0.8110051191374223,1.833635206831886e-06,0.14783128657150954,0.0411617606558615,25,10,10
45,602,0.8519314054019966,8.543342768884417e-07,0.11363501357717935,0.03443272668654754,25,10,10
45,603,0.885131952322909,9.553682905065843e-07,0.07989835416659687,0.034968738142203803,25,10,10
45,604,0.7932467397159373,1.3578242195565958e-05,0.16699721426406786,0.03974246777779558,25,10,10
45,605,0.7701575945937819,1.4229408047799214e-05,0.18624389041303346,0.043584285585139194,25,10,10
45,606,0.6741575791212303,0.00024650084749519466,0.2811692971769028,0.044426622854371406,25,10,10
45,607,0.7648601863215699,1.467087662638668e-05,0.19836468557898393,0.03676045722281965,25,10,10
45,608,0.7498251350103077,1.656602177088094e-05,0.24440321919199195,0.0057550797759300144,25,10,10
45,609,0.8611133542862547,0.0005485406102844149,0.13214105660654218,0.006197048496917343,25,10,10
45,610,0.8700316124560716,0.002446504181122778,0.12724944492910667,0.0002724384336985735,25,10,10
45,611,0.7559605438579277,9.340488835821029e-07,0.24385831774393105,0.0001802043492558337,25,10,10
45,612,0.760436296013028,1.5377591999608357e-05,0.21520709938600036,0.024341227008971105,25,10,10
45,613,0.7003953146542883,6.148600659225808e-05,0.2731055648087945,0.02643763453032881,25,10,10
45,614,0.7829257385500142,1.1169998437354747e-06,0.19075288659824546,0.02632025785189345,25,10,10
45,615,0.8468501527938257,1.4493696869570301e-06,0.12715565867859102,0.025992739157896176,25,10,10
45,616,0.8594378356470105,2.2021799598266933e-05,0.11446342648158904,0.026076716071800777,25,10,10
45,617,0.8854816269058383,3.3746987590033575e-05,0.07477857657667068,0.03970604952990119,25,10,10
45,618,0.7325602719730925,6.721178566323513e-05,0.25899540218836004,0.008377114052886984,25,10,10
45,619,0.7892782619317074,0.006427154856848776,0.20343916845449064,0.0008554147569548146,25,10,10
45,620,0.8339616870441741,0.006392812362963402,0.15878988536874394,0.0008556152241176776,25,10,10
45,621,0.8688560694061376,1.3883117969600753e-05,0.13082078310536796,0.000309264370525257,25,10,10
45,622,0.8635012034699058,1.4161023988963077e-06,0.1363212325313234,0.00017614789636988772,25,10,10
45,623,0.8414219585207726,1.0818510706961642e-06,0.14509707959040014,0.01347988003775664,25,10,10
45,624,0.7812409409298621,4.183533914337332e-06,0.21859580236014742,0.00015907317607539168,25,10,10
45,625,0.793573304739249,1.613513372712581e-05,0.20567317924273668,0.0007373808842871032,25,10,10
45,626,0.8426527330028987,1.1214299909974518e-05,0.15713566406644774,0.0002003886307427805,25,10,10
45,627,0.9043196647309486,2.4294151142613173e-05,0.08659777576702979,0.009058265350878551,25,10,10
45,628,0.9001851762125561,1.4274027346360596e-05,0.09073970322347485,0.009060846536622666,25,10,10
45,629,0.8575235698979552,1.3685962320412239e-05,0.14118396248846973,0.001278781651253876,25,10,10
45,630,0.7767006930609804,7.397131549050235e-05,0.22175972753030546,0.0014656080932242774,25,10,10
45,631,0.7727817879609051,7.38665615697305e-05,0.22539839913231435,0.0017459463452111756,25,10,10
45,632,0.7953413281929691,2.6933726283395026e-05,0.20237398867427636,0.0022577494064706955,25,10,10
45,633,0.8348735248316868,1.2076163357828647e-05,0.16480675308954904,0.0003076459154056508,25,10,10
45,634,0.7941574956178366,2.6811395628331424e-05,0.20577261771578498,4.307527075302496e-05,25,10,10
45,635,0.7756501869995907,2.775483208763435e-05,0.22065816146863193,0.003663896699691639,25,10,10
45,636,0.826273894482253,2.236858150188438e-06,0.1697825177216722,0.003941350937923379,25,10,10
45,637,0.8293885666256614,8.110932682002253e-06,0.17001811838863257,0.0005852040530219462,25,10,10
45,638,0.8723855337874579,1.8894376439983494e-06,0.12705874660105435,0.000553830173843936,25,10,10
45,639,0.815269802600487,2.3288681747405514e-06,0.18130075124405906,0.0034271172872784045,25,10,10
45,640,0.8888168847458311,1.4978582006602045e-06,0.10831329016204924,0.002868327233918024,25,10,10
45,641,0.8498412663949964,0.0009706696991143882,0.14710998146417636,0.0020780824417112233,25,10,10
45,642,0.8293839734877372,0.00043813131566333604,0.16989187549219945,0.0002860197044015568,25,10,10
45,643,0.795645600502518,0.0004370510161459777,0.17227726282699338,0.03164008565434345,25,10,10
45,644,0.8507050132743319,0.00045187778977784934,0.11740461201379045,0.03143849692209926,25,10,10
45,645,0.8110171969166615,3.5407531583228237e-05,0.12507289017390805,0.06387450537784639,25,10,10
45,646,0.8124967971443456,7.564281726074609e-05,0.13835291717615278,0.0490746428622402,25,10,10
45,647,0.780667040481567,0.0005129288780781615,0.1521424591233019,0.06667757151704994,25,10,10
45,648,0.7606711787897582,0.0027205698548908234,0.17371683780507535,0.06289141355027471,25,10,10
45,649,0.7781905215282553,9.64878196159098e-06,0.1400741926802388,0.08172563700954377,25,10,10
45,650,0.7552859923428862,2.5650742027357843e-05,0.16324011151123496,0.08144824540385236,25,10,10
45,651,0.7641014626637666,9.9490485939835e-06,0.15747708577968939,0.07841150250795041,25,10,10
45,652,0.728437491808691,9.506294721320853e-06,0.19840363528548655,0.07314936661110204,25,10,10
45,653,0.713025641834346,2.98821115573094e-05,0.2155910682911247,0.07135340776297232,25,10,10
45,654,0.6960128184783783,5.0998822450821765e-06,0.2542392632455855,0.0497428183937905,25,10,10
45,655,0.7979753632650072,9.774724504328594e-07,0.16141861256744192,0.04060504669509989,25,10,10
45,656,0.8763111889365142,8.271541406431924e-07,0.08161468672873587,0.042073297180609,25,10,10
45,657,0.9020623059806951,2.998584956888391e-07,0.05766147080490379,0.04027592335590522,25,10,10
45,658,0.833555185898152,2.6018383710799277e-05,0.14310035179546482,0.023318443922669685,25,10,10
45,659,0.8170198722469503,2.5939369086173933e-05,0.14224289671277315,0.04071129167119009,25,10,10
45,660,0.8275607542599852,8.633886609565528e-08,0.14336525292889374,0.029073906472253275,25,10,10
45,661,0.7313887723171711,2.4991078851157583e-05,0.2394682052024702,0.029118031401507448,25,10,10
45,662,0.7237874561239253,2.1521974083232087e-05,0.2363272712440617,0.03986375065793177,25,10,10
45,663,0.865119724460793,1.4044592125316889e-05,0.09464052756870137,0.04022570337838033,25,10,10
45,664,0.8006143769362339,2.9240890639385093e-05,0.1927590771403094,0.006597305032817,25,10,10
45,665,0.7674049206057749,1.1965197911009275e-05,0.2321369194841738,0.00044619471214020045,25,10,10
45,666,0.7852908995026993,1.5079321908757753e-05,0.21344998110348382,0.0012440400719087648,25,10,10
45,667,0.779374196646493,3.7910268591726545e-05,0.22016865357958032,0.0004192395053334366,25,10,10
45,668,0.8265258197425831,2.196854194830617e-05,0.17337427991300136,7.793180246815904e-05,25,10,10
45,669,0.8078612295412193,1.3354076674401603e-05,0.18972922383856733,0.002396192543539718,25,10,10
45,670,0.8583672843206793,6.316674974815954e-05,0.14147049843839188,9.905049117844261e-05,25,10,10
45,671,0.8382508052026177,1.7273086674695959e-06,0.1615259244268501,0.0002215430618629166,25,10,10
45,672,0.7923746724019657,0.00011416668721557492,0.2039690125035936,0.0035421484072246335,25,10,10
45,673,0.8362131112009699,0.0001031638201085585,0.16069671914202732,0.002987005836893114,25,10,10
45,674,0.8190731719782491,1.406402113498517e-05,0.17782798173678405,0.0030847822638331323,25,10,10
45,675,0.7234670200015119,3.9875233860146045e-05,0.27621888642302084,0.0002742183416111198,25,10,10
45,676,0.7927795251584042,4.380545724507969e-06,0.19391980471169126,0.013296289584180858,25,10,10
45,677,0.9439819443072066,3.0082292216247345e-06,0.055993790854107696,2.1256609462915798e-05,25,10,10
45,678,0.8521721176457882,0.0007516238954752479,0.14689474702891692,0.0001815114298178248,25,10,10
45,679,0.8013101136769766,0.0015202358252380623,0.1949439438263958,0.002225706671393948,25,10,10
45,680,0.7919060614174459,0.0007704992814745267,0.20714458803729482,0.00017885126378318163,25,10,10
45,681,0.8784558170062798,0.006344095635038551,0.11137068095191034,0.0038294064067711207,25,10,10
45,682,0.8019266854605879,0.03698434911007564,0.15780531207773368,0.0032836533516017504,25,10,10
45,683,0.8254918065743663,8.106079196331112e-05,0.17422285354752112,0.00020427908614805026,25,10,10
45,684,0.8400302127862124,3.846557757493413e-05,0.12709077156894788,0.03284055006726432,25,10,10
45,685,0.8288614254191742,7.270554587623685e-05,0.16334191941163875,0.007723949623309919,25,10,10
45,686,0.8670799821358268,6.474490676614217e-05,0.09291796498138581,0.03993730797602113,25,10,10
45,687,0.8968547538814993,6.444679343517916e-07,0.06356344552708362,0.03958115612348257,25,10,10
45,688,0.8007661021124116,1.0881564937117724e-05,0.19601150653960084,0.0032115097830523053,25,10,10
45,689,0.7648863163114674,8.390602905866367e-07,0.1921343200373041,0.04297852459093853,25,10,10
45,690,0.8676107697747458,1.142398800762876e-06,0.0923149145950319,0.04007317323142137,25,10,10
45,691,0.8486184885225448,9.07415216582998e-06,0.08581084958300389,0.06556158774228377,25,10,10
45,692,0.8134048872062697,1.9490516572507497e-06,0.08389220415909161,0.10270095958298184,25,10,10
45,693,0.8303457450779406,1.398600447333072e-05,0.056835574244235916,0.1128046946733512,25,10,10
45,694,0.7168736521649575,9.782510860058147e-05,0.1706097621986718,0.11241876052776859,25,10,10
45,695,0.7662409485315966,7.418311704510133e-05,0.148856847684995,0.08482802066636232,25,10,10
45,696,0.8514942421839063,0.00010785365672254226,0.10862272993453521,0.039775174224836826,25,10,10
45,697,0.8357852636291143,0.0006826295611646834,0.12079087544427847,0.04274123136544286,25,10,10
45,698,0.7760549816078496,9.482488604987053e-05,0.17560894037626873,0.04824125312983271,25,10,10
45,699,0.7296818093343007,7.473094692049802e-05,0.2324755269104468,0.0377679328083312,25,10,10
45,700,0.8493315789932657,1.8291682395144839e-06,0.12297302622166109,0.027693565616833716,25,10,10
45,701,0.8031554306130783,1.7611377103584414e-06,0.15715315398517496,0.0396896542640362,25,10,10
45,702,0.8318986484949442,1.2087222963300734e-05,0.12836198548831676,0.03972727879377422,25,10,10
45,703,0.8616312101805551,3.861815745233268e-06,0.0986680661367329,0.03969686186696647,25,10,10
45,704,0.829175124175477,2.55941474803537e-06,0.12360214570877208,0.04722017070100379,25,10,10
45,705,0.8732229851370349,3.594182908597807e-05,0.0871417799006864,0.03959929313319381,25,10,10
45,706,0.912134663753521,9.752092401045527e-05,0.0481537226614304,0.03961409266103895,25,10,10
45,707,0.8193167656168783,7.359978210255776e-05,0.1409522845002299,0.03965735010078847,25,10,10
45,708,0.8151622714422215,0.00015157626080412962,0.12385971250250899,0.060826439794462145,25,10,10
45,709,0.7117814572373509,0.000145334012687672,0.20269951629568048,0.08537369245427856,25,10,10
45,710,0.6898749333056391,8.152508551717726e-05,0.22480412744726255,0.08523941416158123,25,10,10
45,711,0.7366168427552856,8.220062867141067e-05,0.2042929896671432,0.059007966948902334,25,10,10
45,712,0.8017086016768816,9.694098104406069e-05,0.15507490218708164,0.04311955515499308,25,10,10
45,713,0.8206830509787654,9.528529723412477e-05,0.13489010448989913,0.04433155923410117,25,10,10
45,714,0.7506055668597584,0.0001354214091008902,0.20932873872467886,0.03993027300646028,25,10,10
45,715,0.765594610578198,0.00012215328484857746,0.19350351408072208,0.04077972205623035,25,10,10
45,716,0.8432295612355574,0.0001230582630003062,0.11561925665020636,0.041028123851234694,25,10,10
45,717,0.8547402339079787,1.880729801260534e-05,0.1043539770346617,0.04088698175934643,25,10,10
45,718,0.8748210504604947,1.7263038876364202e-05,0.08807128390117346,0.03709040259945567,25,10,10
45,719,0.8303193931676242,0.0003162682717063732,0.13196889268977255,0.037395445870895536,25,10,10
45,720,0.8601211752511226,4.867036422823465e-06,0.10284556890999863,0.037028388802455056,25,10,10
45,721,0.7505112065115108,4.110010916887713e-06,0.19274397954140882,0.056740703936161735,25,10,10
45,722,0.8221159065960795,1.9004673536689349e-06,0.13329640643222718,0.04458578650433797,25,10,10
45,723,0.8474033556249134,1.3049386252193748e-06,0.12661637599243547,0.025978963444025324,25,10,10
45,724,0.9135785419155552,4.505181771886707e-07,0.05898415746264785,0.027436850103619004,25,10,10
45,725,0.8551368099988471,7.03419699510593e-07,0.10517726156423643,0.03968522501721606,25,10,10
45,726,0.8742477527870638,1.844098443153361e-06,0.08591845115309785,0.03983195196139436,25,10,10
45,727,0.8755042061251456,5.89571081980789e-07,0.09042055590754976,0.03407464839622232,25,10,10
45,728,0.8017970535454407,5.1571964564827436e-05,0.14519609937046368,0.0529552751195314,25,10,10
45,729,0.8175015245434223,1.3566605773390403e-06,0.1392494743132682,0.043247644482732134,25,10,10
45,730,0.8084473426132986,4.71301919239478e-05,0.14843947541735444,0.04306605177742261,25,10,10
45,731,0.7818119461758133,1.3813364698774643e-05,0.166353882879338,0.05182035758014864,25,10,10
45,732,0.7440446396313799,2.0694029650840825e-06,0.21108414107184487,0.04486914989381154,25,10,10
45,733,0.8203223437733501,9.356331332714266e-07,0.1314715666405186,0.048205153952997105,25,10,10
45,734,0.790710047430587,6.634073884438613e-07,0.16155016541067702,0.04773912375134822,25,10,10
45,735,0.8507792701180265,1.4750067155505557e-06,0.13095623107356003,0.018263023801697083,25,10,10
45,736,0.8804904964219553,6.641991737450897e-05,0.11282650352894157,0.006616580131728422,25,10,10
45,737,0.904739315455513,3.490133568057832e-05,0.0952156218349153,1.0161373889741141e-05,25,10,10
45,738,0.8621697866547682,3.43226486884237e-06,0.13669958911716015,0.0011271919632029254,25,10,10
45,739,0.848596879350236,8.612688569320341e-07,0.15089354571538866,0.0005087136655166675,25,10,10
45,740,0.8585688567949856,1.7023355093832703e-06,0.13008927208018703,0.011340168789317042,25,10,10
45,741,0.8305309314507974,1.031390550828304e-05,0.1616233753491889,0.007835379294504001,25,10,10
45,742,0.8488205167760937,4.309851837285667e-06,0.14377365373508139,0.007401519636985209,25,10,10
45,743,0.7840148923340131,0.0006583893750401794,0.2079789201934115,0.007347798097538265,25,10,10
45,744,0.800167164319718,0.0006607781691302159,0.16639676086436253,0.03277529664679277,25,10,10
45,745,0.8049628131561408,1.3969830385701906e-05,0.18677903215611136,0.008244184857361746,25,10,10
45,746,0.7220536188677497,1.3651091232042557e-05,0.23239641041332135,0.04553631962769623,25,10,10
45,747,0.7360817437221595,8.14646084780499e-05,0.22639650238724557,0.03744028928211538,25,10,10
45,748,0.817649955524995,1.3047185412130738e-05,0.1386481303582623,0.04368886693133001,25,10,10
45,749,0.7384321916660218,4.220077825708018e-06,0.21500848573011808,0.046555102526036146,25,10,10
45,750,0.8084751901385241,0.0013994861874797818,0.1831441879858985,0.006981135688095396,25,10,10
45,751,0.8643492792421118,7.212247761252967e-06,0.1256851046259163,0.00995840388420982,25,10,10
45,752,0.8778290293321094,7.782904427110202e-05,0.1216415936371726,0.0004515479864450445,25,10,10
45,753,0.8273894495329388,8.435558759708653e-07,0.1723609136621215,0.00024879324906189597,25,10,10
45,754,0.8374146813054288,7.773992296905082e-07,0.1597803585606684,0.002804182734671391,25,10,10
45,755,0.8502705753618334,3.408475764196034e-05,0.14682191214697604,0.002873427733550149,25,10,10
45,756,0.7979944787578116,1.716906574622892e-06,0.19512353894878381,0.006880265386825315,25,10,10
45,757,0.7735242293895618,1.8837035025472287e-06,0.18255262009413,0.0439212668128028,25,10,10
45,758,0.7954700292089726,1.6146493573538713e-06,0.16463649900561067,0.039891857136058334,25,10,10
45,759,0.8153966327338619,1.488819096081758e-06,0.15978996314601182,0.02481191530102939,25,10,10
45,760,0.7929224542952216,7.684747424325181e-05,0.15266368392535243,0.05433701430518146,25,10,10
45,761,0.7963288548178362,7.38354048777402e-05,0.1356432989794684,0.06795401079781793,25,10,10
45,762,0.7663647417580978,1.1799347406067453e-06,0.16304027890481787,0.07059379940234446,25,10,10
45,763,0.833723291890718,6.933873173751952e-06,0.08634791230513111,0.07992186193097661,25,10,10
45,764,0.8405271447723988,2.0545173827385214e-06,0.08987175750080365,0.06959904320941368,25,10,10
45,765,0.792691720929247,2.412166106141502e-05,0.1555107607562958,0.05177339665339513,25,10,10
45,766,0.694378572486238,0.0002441561779863784,0.24036720424851943,0.06501006708725766,25,10,10
45,767,0.7078927449672932,0.0002771076890148149,0.21188519721744295,0.0799449501262498,25,10,10
45,768,0.7351120137550461,7.950119445286419e-06,0.1838845774629883,0.08099545866252113,25,10,10
45,769,0.7777853627272187,8.96728269967954e-06,0.18785420883303508,0.03435146115704635,25,10,10
45,770,0.7319818573381144,1.0834249011599924e-05,0.20478660918110891,0.06322069923176751,25,10,10
45,771,0.8198372119423144,2.1748595902618732e-06,0.11707055914654914,0.06309005405154648,25,10,10
45,772,0.84458583919898,7.320836058902335e-06,0.0773132543588284,0.07809358560613287,25,10,10
45,773,0.7916931769931063,3.2149612801090274e-05,0.12682750451389987,0.0814471688801924,25,10,10
45,774,0.7658079653171056,4.453969868999829e-05,0.1560835391456653,0.07806395583853848,25,10,10
45,775,0.8052393291638196,3.288700193895627e-06,0.11578570819350834,0.07897167394247818,25,10,10
45,776,0.8511699648507651,9.767146654277767e-07,0.06965372757846083,0.07917533085610824,25,10,10
45,777,0.8212837739401383,9.39029665795813e-06,0.09946049392945205,0.0792463418337525,25,10,10
45,778,0.8224247326305466,2.5377983956906498e-06,0.10126012477454906,0.07631260479650938,25,10,10
45,779,0.8210493173239023,0.0007512188139333062,0.15320155150219425,0.0249979123599695,25,10,10
45,780,0.8051858274069726,0.0007502334762463877,0.16904965670009908,0.025014282416682385,25,10,10
45,781,0.7677620166944809,0.0005675349606862286,0.19471778527161557,0.03695266307321588,25,10,10
45,782,0.7893224139354419,2.512728865200623e-05,0.2105416204526399,0.00011083832326504385,25,10,10
45,783,0.8912528923008022,0.00021318930746240923,0.1034368940223926,0.005097024369341548,25,10,10
45,784,0.894177513449833,2.856567251403671e-06,0.10577274231030703,4.6887672608615146e-05,25,10,10
45,785,0.7883352235896197,2.7910194119219975e-05,0.1802385494980526,0.031398316718207454,25,10,10
45,786,0.7847569840168191,2.5933405365903676e-05,0.17789542685294005,0.037321655724874135,25,10,10
45,787,0.8071780367548559,1.6219450194241007e-06,0.1544385851470186,0.038381756153105386,25,10,10
45,788,0.8440016731393141,1.592325825732548e-06,0.1194048997185114,0.03659183481634594,25,10,10
45,789,0.755749500685478,1.0720744781519012e-06,0.2053618779401621,0.03888754929988161,25,10,10
45,790,0.7383011344546911,0.0004982363503948592,0.21811117160322305,0.04308945759169224,25,10,10
45,791,0.6865749441160159,3.736957600319265e-05,0.279588906046592,0.03379878026139367,25,10,10
45,792,0.6626030675380735,8.196980423963856e-05,0.332681343006603,0.0046336196510849605,25,10,10
45,793,0.6135149864896623,4.085579819689631e-05,0.37409085079259874,0.012353306919544789,25,10,10
45,794,0.706834865212291,4.2009230137695946e-05,0.280302649278832,0.01282047627873966,25,10,10
45,795,0.7487522201686945,0.00030803169473843915,0.250733666021459,0.0002060821151058493,25,10,10
45,796,0.7890290675431415,0.00032723934165950906,0.18110148162240328,0.029542211492794446,25,10,10
45,797,0.8062718352538419,3.492905592098151e-05,0.161649669507425,0.03204356618281017,25,10,10
45,798,0.8158425417199043,1.935819430444707e-05,0.1829432005439468,0.0011948995418412391,25,10,10
45,799,0.7952302220203293,1.876525672442257e-05,0.20157946164227025,0.0031715510806746942,25,10,10
45,800,0.8312830628534289,2.204216970130272e-06,0.15377015953317252,0.014944573396428837,25,10,10
45,801,0.8295080643146469,1.9246716753046524e-05,0.13575389506666785,0.0347187939019331,25,10,10
45,802,0.8116241634480131,2.1625808698848454e-05,0.15149385717855138,0.036860353564735174,25,10,10
45,803,0.8704945787484601,4.333157979587478e-05,0.08945756481165851,0.04000452486008474,25,10,10
45,804,0.910988305506534,7.565492004198343e-06,0.08396731222613657,0.005036816775324963,25,10,10
45,805,0.9080062538290958,3.2597445399505655e-05,0.08820158104311143,0.003759567682393019,25,10,10
45,806,0.8890657971218994,3.442370772536646e-05,0.10677449206595478,0.0041252871044197515,25,10,10
45,807,0.8445521066835413,3.99404393838513e-05,0.15512352634911675,0.0002844265279592448,25,10,10
45,808,0.8431237846277684,0.0003139769118135892,0.15461916669750164,0.00194307176291531,25,10,10
45,809,0.8200448348777927,2.1779889260356127e-06,0.17981304372169085,0.0001399434115919154,25,10,10
45,810,0.7788747213863573,2.79541038442681e-05,0.2171428034211371,0.003954521088661247,25,10,10
45,811,0.7398636117549964,0.0003948465505061192,0.20977355828035565,0.049967983414139466,25,10,10
45,812,0.757420334910814,6.824312900882762e-05,0.19593379973788164,0.046577622222294474,25,10,10
45,813,0.6903778925302825,8.289538263006205e-05,0.2695062696408097,0.0400329424462766,25,10,10
45,814,0.7374045209471385,2.572154611160226e-06,0.22308105041389573,0.039511856484354346,25,10,10
45,815,0.7589083887804469,2.515970852827862e-06,0.20159901608310477,0.03949007916559446,25,10,10
45,816,0.7386798864133844,0.00010378688112355885,0.23225520066790825,0.028961126037580383,25,10,10
45,817,0.8095778861154224,1.4773188411876757e-05,0.15087895652298033,0.03952838417318271,25,10,10
45,818,0.8656170042897031,1.8765037935186311e-06,0.09469291775327088,0.03968820145322937,25,10,10
45,819,0.8023649092416822,6.652304468925373e-07,0.15790955508499452,0.039724870442874226,25,10,10
45,820,0.7757385303864127,7.653356490360654e-05,0.18379407830916722,0.040390857739517186,25,10,10
45,821,0.7809614880786754,0.00012643724641726547,0.1749952813147172,0.04391679336018752,25,10,10
45,822,0.7740528683475162,7.747324872053585e-05,0.1576387571068221,0.06823090129694116,25,10,10
45,823,0.729322505336726,0.009270387117502438,0.17575758347770598,0.08564952406806522,25,10,10
45,824,0.7915746043589206,0.00927045811941746,0.1260795228415428,0.07307541468011979,25,10,10
45,825,0.832565298270178,1.0320293002184894e-06,0.08460547508654045,0.08282819461398168,25,10,10
45,826,0.7719278637468158,9.794487322882773e-07,0.12126532735071191,0.10680582945374127,25,10,10
45,827,0.7408423908480338,0.0003454015014583522,0.14903366446006955,0.10977854319043667,25,10,10
45,828,0.777022247503089,0.0003546923908904328,0.14751588532730397,0.07510717477871534,25,10,10
45,829,0.8122159015483451,0.00035277629696246955,0.13090440147584598,0.05652692067884553,25,10,10
45,830,0.7018408584753075,1.327666224550075e-05,0.24238821147833164,0.055757653384116236,25,10,10
45,831,0.7690097157992143,3.6526495107098875e-06,0.15935903030631973,0.07162760124495353,25,10,10
45,832,0.7521894540248407,0.00027771665016464495,0.19546060476907245,0.05207222455591927,25,10,10
45,833,0.775245400383588,0.03688797219232373,0.1482788421192128,0.039587785304872225,25,10,10
45,834,0.8060230046411792,0.03689558207462665,0.12393313459041394,0.03314827869377995,25,10,10
45,835,0.8086262574672763,1.9966019535989815e-05,0.15358490159260083,0.037768874920586365,25,10,10
45,836,0.7899071058695006,3.480589558767931e-05,0.14574668337321173,0.06431140486169955,25,10,10
45,837,0.7945503474020978,2.7155633792735183e-05,0.09877584343906412,0.10664665352504446,25,10,10
45,838,0.7395176014708901,4.06428241279822e-05,0.18758682553447056,0.07285493017051088,25,10,10
45,839,0.7733057512814991,3.270457477176348e-05,0.07945589065891061,0.14720565348481807,25,10,10
45,840,0.7164606354930058,4.5429349490007973e-05,0.16139303113321304,0.12210090402429438,25,10,10
45,841,0.8094085919176485,1.435103775970948e-05,0.11074903466592173,0.07982802237867088,25,10,10
45,842,0.8197147207289833,0.0002469869567964143,0.10102604722374764,0.0790122450904726,25,10,10
45,843,0.880692786951723,1.8175676998136313e-06,0.07022232488972822,0.04908307059084854,25,10,10
45,844,0.8089071334964943,1.4124978473456389e-05,0.1511180454921247,0.039960696032904114,25,10,10
45,845,0.7688307845046414,1.6165882140798853e-05,0.2281096421438068,0.0030434074694090916,25,10,10
45,846,0.8043294195296055,2.021381660628123e-05,0.18650263532913575,0.00914773132465231,25,10,10
45,847,0.8856082228804454,1.1597363755822653e-05,0.10592140655201622,0.008458773203782556,25,10,10
45,848,0.834156200970387,1.7420360263849668e-06,0.15765987356619837,0.008182183427386873,25,10,10
45,849,0.8390071039100693,1.5162634324466952e-06,0.1499141012589183,0.011077278567578735,25,10,10
45,850,0.8260248278866065,4.16685502037138e-05,0.17217147581166808,0.001762027751522451,25,10,10
45,851,0.8925211080056228,1.2756224911107888e-05,0.10486991068134134,0.0025962250881230837,25,10,10
45,852,0.8337613870637469,0.0004997733809530794,0.1657149160709787,2.392348432069748e-05,25,10,10
45,853,0.8268346448221799,0.009946851468646385,0.16314006667506997,7.843703410349308e-05,25,10,10
45,854,0.8355269578588705,0.03513393522094051,0.1291577089046463,0.00018139801554167164,25,10,10
45,855,0.9080977116123594,0.012588629002726765,0.07923249414410473,8.116524080872296e-05,25,10,10
45,856,0.9064226571741885,4.269525313850846e-05,0.09311343346319148,0.0004212141094787504,25,10,10
45,857,0.7647458133966453,1.0332255223496717e-05,0.23193004468779532,0.003313809660339206,25,10,10
45,858,0.8843590971536115,9.227086125844959e-06,0.11535895480323682,0.00027272095702559967,25,10,10
45,859,0.9038333684317555,9.964623545604808e-06,0.09569130668625123,0.0004653602584473858,25,10,10
45,860,0.8008125755099741,9.024183508682192e-05,0.19629621203012612,0.002800970624814404,25,10,10
45,861,0.8316479851006636,8.17543416887208e-05,0.1678242987463345,0.000445961811313643,25,10,10
45,862,0.7446313120294533,1.4670934269958584e-05,0.21503107140733835,0.04032294562894128,25,10,10
45,863,0.8067540886516322,8.073338636893555e-06,0.1529751272124179,0.04026271079731348,25,10,10
45,864,0.7593916276150198,7.157030821033046e-05,0.20406271590510527,0.03647408617166563,25,10,10
45,865,0.7662774376672062,7.801802881489803e-05,0.19719939964578942,0.036445144658187184,25,10,10
45,866,0.7891447973275717,3.967100167285811e-06,0.17258746827487062,0.03826376729738783,25,10,10
45,867,0.8763099004602667,1.3613189088291211e-05,0.1235883450644204,8.814128622261285e-05,25,10,10
45,868,0.9507052596230856,1.274372279448789e-06,0.04927918390941876,1.4282095215734543e-05,25,10,10
45,869,0.860184708631193,2.173588727159802e-06,0.1376321269608804,0.002180990819197965,25,10,10
45,870,0.911979841249108,1.0702353235850356e-06,0.08782544809462316,0.00019364042094686365,25,10,10
45,871,0.9081790827293148,1.0298244959527485e-06,0.06175171120095595,0.030068176245233755,25,10,10
45,872,0.868506448734361,1.6924654919761857e-06,0.09186649836628856,0.03962536043385822,25,10,10
45,873,0.8079130630433806,1.4390873805768378e-06,0.15236723949907907,0.03971825837015802,25,10,10
45,874,0.7996233541114148,1.2649209098701445e-05,0.1749177126408696,0.025446284038615808,25,10,10
45,875,0.7540606159822684,1.4706084029144185e-05,0.2090754972372776,0.03684918069642701,25,10,10
45,876,0.8334432617822499,2.65945106833012e-06,0.11507972901619479,0.05147434975048763,25,10,10
45,877,0.8789275602634972,1.933814681984386e-06,0.08432936087961011,0.036741145042211425,25,10,10
45,878,0.7937029686843604,1.643035209552386e-05,0.16163529501821336,0.044645305945329276,25,10,10
45,879,0.7515519187870919,9.159323419060997e-05,0.21194427426947038,0.03641221370924518,25,10,10
45,880,0.8061069049750877,9.008949215580825e-05,0.15406026746714077,0.03974273806561443,25,10,10
45,881,0.7954063608766861,1.551728899401375e-05,0.1648624660572969,0.03971565577702382,25,10,10
45,882,0.7760932847048839,2.8865817808056723e-05,0.18397195859680884,0.039905890880498236,25,10,10
45,883,0.6759140798079253,6.904649234121116e-05,0.2822055815571375,0.041811292142597586,25,10,10
45,884,0.7834246334317004,3.7453134708303684e-05,0.17666082428917895,0.03987708914441129,25,10,10
45,885,0.7081397857513337,4.4785522113664715e-06,0.25221394827151883,0.03964178742493388,25,10,10
45,886,0.8088433459292257,3.864548444634399e-06,0.19046686612029937,0.000685923402028349,25,10,10
45,887,0.8455277304907522,4.205874724210228e-06,0.15348844834205283,0.0009796152924702616,25,10,10
45,888,0.8460106032358459,8.336550991656694e-07,0.1510772292869564,0.002911333822097931,25,10,10
45,889,0.8055815884638089,1.4539507974133654e-05,0.19210144337642304,0.0023024286517943377,25,10,10
45,890,0.8289222435307129,2.2736025427672694e-05,0.17100568692009033,4.933352376923484e-05,25,10,10
45,891,0.7761585033070372,6.046732165448001e-05,0.21517884897079803,0.008602180400507791,25,10,10
45,892,0.8120898552627389,2.386486770367875e-06,0.18751857590719456,0.00038918234329525113,25,10,10
45,893,0.8421331248686951,3.2435128212498203e-06,0.1575048216711776,0.00035880994730428604,25,10,10
45,894,0.870320735659752,0.0008514128073557474,0.12625217413944712,0.0025756773934437886,25,10,10
45,895,0.8211546083427175,4.321398898940125e-06,0.113011086873745,0.0658299833846376,25,10,10
45,896,0.6885728447894046,2.7022921616002172e-05,0.2456261605478797,0.06577397174109736,25,10,10
45,897,0.6984600076774217,7.521924649827038e-05,0.23359946975046397,0.06786530332561423,25,10,10
45,898,0.772660885495167,4.67648175144516e-05,0.18428343032206462,0.04300891936525331,25,10,10
45,899,0.7505353669286915,3.0977730338333855e-05,0.20955124604902553,0.039882409291945524,25,10,10
45,900,0.8102023069551088,3.4873879004909444e-05,0.18734282425096244,0.0024199949149234794,25,10,10
45,901,0.8332595412343967,4.3485543206110025e-05,0.1644911454528448,0.0022058277695515076,25,10,10
45,902,0.854607687776533,4.9368048217385995e-05,0.14312863354194907,0.0022143106333013555,25,10,10
45,903,0.8609044230570794,2.509031684314886e-05,0.13882800770447443,0.00024247892160245377,25,10,10
45,904,0.8087668112785535,3.960415075091149e-06,0.19109059475039192,0.00013863355597895733,25,10,10
45,905,0.8367156163892556,1.843947519659474e-06,0.16322191525260898,6.062441061464648e-05,25,10,10
45,906,0.8498618287117666,2.791407423778284e-06,0.15012026980120485,1.5110079603511878e-05,25,10,10
45,907,0.8630525578407281,0.0004748492092094212,0.13636725664687332,0.00010533630318776342,25,10,10
45,908,0.8222027959154053,0.0009694857830774412,0.1767393993572242,8.831894429402805e-05,25,10,10
45,909,0.8010443678399548,0.0004998482801946636,0.19813951647752803,0.00031626740232343765,25,10,10
45,910,0.9284052920448205,0.00049875944241717,0.07096052941075244,0.00013541910200987766,25,10,10
45,911,0.9370987028059546,5.032673643761175e-07,0.06285507243174152,4.572149493989445e-05,25,10,10
45,912,0.9569214629140254,9.145059523023925e-06,0.04291968540289631,0.0001497066235561588,25,10,10
45,913,0.890953045026034,2.5347671183981884e-05,0.07467908422784957,0.034342523074932615,25,10,10
45,914,0.8565674008615355,9.680948344674895e-06,0.11825835040835148,0.02516456778176511,25,10,10
45,915,0.8540896867349868,2.3599335110128126e-05,0.09545681602237377,0.05042989790752848,25,10,10
45,916,0.8276044445185512,1.0601642622911768e-05,0.1030044921919455,0.06938046164687758,25,10,10
45,917,0.7283652206307812,1.6275345053192595e-05,0.16981765045851677,0.10180085356564779,25,10,10
45,918,0.7619618797386226,9.837134035098781e-06,0.1519129131679967,0.08611536995934506,25,10,10
45,919,0.7625349404412803,1.4039518473575946e-05,0.12707084035137345,0.11038017968887194,25,10,10
45,920,0.7499105529661965,1.975798464648426e-06,0.168145252404645,0.08194221883069337,25,10,10
45,921,0.7665816569091028,4.7003941020882583e-07,0.19122488901233164,0.04219298403915572,25,10,10
45,922,0.827786041260696,2.4567752579437665e-06,0.12676287673641234,0.04544862522763392,25,10,10
45,923,0.8127093218652096,1.313817422316974e-06,0.14615860348351228,0.041130760833857055,25,10,10
45,924,0.7813267882000113,6.02173414777105e-06,0.21585654754337902,0.002810642522460756,25,10,10
45,925,0.7663840470820644,1.3561871773142986e-06,0.23192504615131257,0.00168955057944398,25,10,10
45,926,0.768447868239862,2.6188634714150366e-06,0.2315062988848246,4.3214011839123896e-05,25,10,10
45,927,0.8284031740031255,4.792290148871281e-05,0.15805904492054412,0.013489858174840648,25,10,10
45,928,0.7809881135901477,2.9299532279880672e-05,0.19984234004511425,0.019140246832456694,25,10,10
45,929,0.7972823729114693,0.0008262004400668535,0.16218177717172277,0.03970964947673714,25,10,10
45,930,0.7973460709718704,1.7510022929929104e-05,0.1367658405079943,0.06587057849720422,25,10,10
45,931,0.8280656279596026,2.36661099241114e-06,0.092726719592286,0.07920528583711843,25,10,10
45,932,0.8143082132370125,6.941025234724096e-07,0.10657329986380923,0.0791177927966537,25,10,10
45,933,0.8675157158163976,1.7380722012972084e-07,0.056338071687221006,0.07614603868916076,25,10,10
45,934,0.8530639494329835,1.2308561766149727e-07,0.07987699950489321,0.06705892797650398,25,10,10
45,935,0.8676679403589895,1.0086067472328447e-07,0.08789244859746638,0.04443951018286858,25,10,10
45,936,0.8929532478963774,1.1723101594078704e-06,0.0277290291466039,0.07931655064685957,25,10,10
45,937,0.8356066816862484,1.1115236329639851e-05,0.08585869602711138,0.07852350705031107,25,10,10
45,938,0.7172541413827165,9.162574832467816e-05,0.20919258862428047,0.07346164424467788,25,10,10
45,939,0.6836880054863501,2.4346664152371168e-05,0.23045510668732966,0.08583254116216561,25,10,10
45,940,0.8094290729534991,2.4394114227417446e-05,0.1111672547887361,0.0793792781435366,25,10,10
45,941,0.79715344770069,1.3101355714115044e-06,0.1233685227332838,0.0794767194304552,25,10,10
45,942,0.7820532411389626,0.00025258473827802214,0.13411697462696112,0.08357719949579803,25,10,10
45,943,0.7091607334400578,0.00025261420681509464,0.20700650891375796,0.08358014343936829,25,10,10
45,944,0.730800940569765,3.1299321324428237e-06,0.20981092857922068,0.05938500091888162,25,10,10
45,945,0.7883333586398941,3.2720397189219154e-06,0.16372330144500136,0.047940067875387064,25,10,10
45,946,0.772233603841618,0.006781830534026412,0.17900729837786614,0.04197726724648894,25,10,10
45,947,0.7527566079023607,3.292413171807799e-06,0.20494428123915992,0.04229581844530406,25,10,10
45,948,0.7728534235864055,6.917451252345149e-06,0.18362694595469242,0.04351271300765015,25,10,10
45,949,0.7419808171507996,7.937955839115001e-07,0.2569610890191475,0.0010573000344685467,25,10,10
45,950,0.8662989116233281,0.00033759884734840936,0.13319975933035125,0.00016373019897224513,25,10,10
45,951,0.8251594965048986,0.0003427039951254055,0.16671198727719908,0.007785812222773538,25,10,10
45,952,0.7823032637098482,2.0977655323961196e-06,0.2078465457983108,0.009848092726307458,25,10,10
45,953,0.7759276382505983,5.870704146653453e-05,0.2238923460149884,0.00012130869294813697,25,10,10
45,954,0.8224963966517742,4.8519556724374345e-05,0.1724329810877698,0.005022102703730602,25,10,10
45,955,0.8158527862673195,2.7134934911333813e-05,0.18053137610140957,0.0035887026963589952,25,10,10
45,956,0.8700818458265988,2.2815223316186775e-05,0.12140538437301818,0.008489954577064873,25,10,10
45,957,0.8393473135722432,1.223038803152281e-05,0.15781273181419106,0.0028277242255321843,25,10,10
45,958,0.859187677977094,0.0001248008133648357,0.1383829655074833,0.002304555702054721,25,10,10
45,959,0.8375859712068688,0.00013148806451015026,0.15995357041918637,0.002328970309434986,25,10,10
45,960,0.8578666634540619,0.00011600247808918969,0.1417454936434673,0.00027184042438064735,25,10,10
45,961,0.8187219764844694,9.475351521954996e-06,0.17713139527761698,0.0041371528863903394,25,10,10
45,962,0.8946011191313176,7.487645912692989e-06,0.103469497364554,0.0019218958582145728,25,10,10
45,963,0.8764287061262889,1.7664412166740664e-05,0.12170779622281486,0.0018458332387272416,25,10,10
45,964,0.8575113351607171,0.0012671138705976004,0.13940740855922482,0.0018141424094615737,25,10,10
45,965,0.840026693263858,0.0012621052193340495,0.15511209850074387,0.003599103016063657,25,10,10
45,966,0.8622833148702972,1.990176429266694e-06,0.13421514807908527,0.003499546874187173,25,10,10
45,967,0.825626890265177,8.660365691974046e-07,0.1708061114838711,0.0035661322143828245,25,10,10
45,968,0.8241924864169163,2.21064468209703e-05,0.16055686133689628,0.015228545799366847,25,10,10
45,969,0.8757325075915401,4.299278424879475e-06,0.11317739135743513,0.011085801772597598,25,10,10
45,970,0.8966587507509333,6.796164779884865e-07,0.06365261153305608,0.039687958099532746,25,10,10
45,971,0.8775962109502623,1.5424621989164263e-06,0.08398629162487913,0.038415954962659635,25,10,10
45,972,0.8292485521963855,1.4976413763557539e-06,0.1323882097096687,0.03836174045256957,25,10,10
45,973,0.891980851600336,1.619313662520818e-06,0.06900366753290489,0.039013861553097405,25,10,10
45,974,0.8833846445228101,1.4510014794530482e-06,0.07820075779813418,0.038413146677575775,25,10,10
45,975,0.8249068342996045,3.0785238349163876e-05,0.13664077236270716,0.03842160809933781,25,10,10
45,976,0.8416823419618973,1.6142780332305766e-05,0.14563147717234892,0.01267003808541882,25,10,10
45,977,0.7614876457370927,1.6513482381854394e-05,0.16353434645841006,0.07496149432211452,25,10,10
45,978,0.8020153283697493,4.1712328298275194e-07,0.11578091149020377,0.0822033430167636,25,10,10
45,979,0.8511534215948551,6.8518832270016e-07,0.06920584697769597,0.0796400462391254,25,10,10
45,980,0.8316352044013748,4.955986109958319e-05,0.14009799126966038,0.02821724446786501,25,10,10
45,981,0.7636205384406288,0.0035554994692462093,0.2262454474505059,0.0065785146396182105,25,10,10
45,982,0.7835587653475004,0.0029211011627811485,0.20885508471687367,0.004665048772842375,25,10,10
45,983,0.7594558134527125,0.0029213443962786806,0.19305538227868596,0.04456745987232154,25,10,10
45,984,0.8095167124443506,3.660176186146991e-05,0.1504480000195076,0.03999868577427948,25,10,10
45,985,0.8102803644323671,2.5216217672025797e-05,0.1490123898133611,0.040682029536601556,25,10,10
45,986,0.8483220167920551,4.398130872095546e-05,0.12556740420965404,0.026066597689570033,25,10,10
45,987,0.8655657208053927,2.2589433017684117e-06,0.1340472658520745,0.00038475439922944796,25,10,10
45,988,0.8805962175387277,1.0030283452366576e-05,0.11935537562702057,3.837655079838858e-05,25,10,10
45,989,0.8551437229997219,1.616449306740112e-05,0.14479890538214277,4.12071250685021e-05,25,10,10
45,990,0.8050606302702371,2.195032365194588e-05,0.18072749010654632,0.014189929299565146,25,10,10
45,991,0.9037268713574171,3.208522957687053e-06,0.09589202789267101,0.00037789222695455514,25,10,10
45,992,0.8237841689728811,1.2458824108836045e-05,0.17579230734057774,0.00041106486243283955,25,10,10
45,993,0.8132543365079227,8.456342122383932e-06,0.18439174391170673,0.002345463238247451,25,10,10
45,994,0.8553856147398072,5.401201446890408e-06,0.14427470395813688,0.00033428010061048577,25,10,10
45,995,0.8406847663693646,3.168042698113819e-05,0.15896465674643145,0.00031889645722414097,25,10,10
45,996,0.8434649432828791,1.7737121697221415e-05,0.15623561075224876,0.00028170884317516227,25,10,10
45,997,0.8136810809571838,0.011042781456330393,0.17371356332946872,0.0015625742570162787,25,10,10
45,998,0.7756940089396034,0.011061697798385615,0.21071892259871966,0.0025253706632900608,25,10,10
45,999,0.7605040671198438,0.010868514686488027,0.1897401605621814,0.03888725763148744,25,10,10
45,1000,0.7880053462064229,0.010863954515399184,0.16346277024515754,0.03766792903301959,25,10,10
45,1001,0.8118906112217051,0.010368555685794999,0.17534565385169576,0.0023951792408014143,25,10,10
45,1002,0.8651042970354891,0.010347135063479406,0.12215760628639961,0.0023909616146325532,25,10,10
45,1003,0.8418229125060354,0.01065882557914486,0.1451833997662065,0.0023348621486106694,25,10,10
45,1004,0.7613511150159937,0.01034779691690426,0.22810273757463162,0.0001983504924685299,25,10,10
45,1005,0.7567002616795268,0.010346926790554774,0.23278705325311236,0.00016575827680461236,25,10,10
45,1006,0.6567318478538569,0.020995806436291394,0.2902034022684443,0.03206894344140639,25,10,10
45,1007,0.7028963933613084,0.020993640728866766,0.24230976640858157,0.033800199501242745,25,10,10
45,1008,0.7079321114488712,0.02100171592246182,0.20259947488815477,0.06846669774050912,25,10,10
45,1009,0.6702740948067375,0.010321897916402024,0.255696670905181,0.06370733637167872,25,10,10
45,1010,0.7068936354524186,0.021054153084050942,0.19537079209069833,0.07668141937283163,25,10,10
45,1011,0.7560823878690978,0.00887171305257246,0.17218466060135795,0.06286123847697123,25,10,10
45,1012,0.692804449403172,0.0004930556625630203,0.22781140872399103,0.07889108621027337,25,10,10
45,1013,0.8354332096443791,1.0365775140496835e-06,0.09184554060419017,0.07272021317391833,25,10,10
45,1014,0.8658363325709546,1.4862871868024697e-06,0.12519990062328692,0.008962280518570606,25,10,10
45,1015,0.8033537045988315,3.326445264472626e-05,0.19635645368927054,0.0002565772592546162,25,10,10
45,1016,0.841527855706827,0.00027001344061511833,0.15574781132838622,0.0024543195241724,25,10,10
45,1017,0.8555121949483885,7.715102186890026e-06,0.14331159424772646,0.0011684957016962114,25,10,10
45,1018,0.7504509887757608,0.00027604082823739216,0.24795606533611508,0.00131690505988532,25,10,10
45,1019,0.774866913981615,0.006491108584278641,0.21734083689958422,0.0013011405345224275,25,10,10
45,1020,0.780912232242052,0.00030990386581032365,0.21330710676924308,0.005470757122895433,25,10,10
45,1021,0.7406318201827834,0.0003088792569111084,0.21786276428770535,0.04119653627260203,25,10,10
45,1022,0.7201241547744444,0.0002483485137228472,0.21034526760595074,0.06928222910588393,25,10,10
45,1023,0.6671332954509646,1.329162353739057e-06,0.22850073011446564,0.1043646452722167,25,10,10
45,1024,0.724720095971171,2.2251698869783223e-05,0.18437477013162598,0.09088288219833539,25,10,10
45,1025,0.7626960335214548,1.0302795639020058e-05,0.18015361204750718,0.057140051635400944,25,10,10
45,1026,0.8137922715615815,6.0059820624696e-07,0.13510313841974295,0.05110398942046914,25,10,10
45,1027,0.7883211129029057,1.5444129906543987e-05,0.13894069442451382,0.0727227485426734,25,10,10
45,1028,0.7265813386561925,1.3979001394080414e-05,0.2175854366867024,0.0558192456557132,25,10,10
45,1029,0.6878208754540599,0.0001038267387234103,0.2565003936128937,0.05557490419432315,25,10,10
45,1030,0.7404953531804366,1.1093485548729107e-06,0.1770111289492923,0.08249240852171466,25,10,10
45,1031,0.7709863979068444,0.0028192794266814316,0.19437397422337013,0.03182034844310503,25,10,10
45,1032,0.8207492364471369,1.765792283113784e-06,0.1393644739706252,0.039884523789952775,25,10,10
45,1033,0.8345284267641797,2.060618051500531e-05,0.1259604284367662,0.03949053861853906,25,10,10
45,1034,0.8214992971448425,1.8619237157139186e-06,0.141453212514142,0.03704562841729666,25,10,10
45,1035,0.8641372235003101,4.383449564747875e-06,0.09418398633858535,0.041674406711538575,25,10,10
45,1036,0.7703734998493244,1.0145543238839741e-05,0.18768229204034678,0.04193406256709037,25,10,10
45,1037,0.7926898751494194,2.466642006527439e-06,0.13520549148204308,0.07210216672653033,25,10,10
45,1038,0.8195351515336843,3.018915723868379e-06,0.1115098608428939,0.06895196870769778,25,10,10
45,1039,0.8075577135988975,7.395953237471127e-07,0.11617524903053163,0.0762662977752462,25,10,10
45,1040,0.7955237598655381,1.1529748317027287e-06,0.1384014894039955,0.06607359775563443,25,10,10
45,1041,0.8283149148238362,8.460356694454162e-07,0.1315741784731391,0.040110060667355424,25,10,10
45,1042,0.8054792483630476,7.707215788766609e-05,0.15352630959581468,0.040917369883249316,25,10,10
45,1043,0.8214887886519009,8.532604359163516e-06,0.13818779250037821,0.04031488624336183,25,10,10
45,1044,0.8019451977008621,1.744020896393346e-05,0.15833874840556433,0.0396986136846084,25,10,10
45,1045,0.8053956998083542,1.431530100296678e-06,0.15124108482450374,0.043361783837040646,25,10,10
45,1046,0.7982790595554207,9.037274857449641e-07,0.15808106935573948,0.04363896736135312,25,10,10
45,1047,0.8236425241600975,2.4752087142157313e-06,0.1357729030080085,0.04058209762317902,25,10,10
45,1048,0.7341351958836161,2.2678379343781954e-05,0.22275501115426,0.04308711458277906,25,10,10
45,1049,0.7126171856016386,3.597435924608919e-05,0.2510957073525913,0.03625113268652239,25,10,10
45,1050,0.72734180156188,8.591346301859676e-05,0.2391337125984403,0.033438572376660494,25,10,10
45,1051,0.7330355246915877,5.8029871630759014e-05,0.22747090470364406,0.03943554073313742,25,10,10
45,1052,0.733796222274957,2.6517538542503216e-05,0.23263170113002204,0.03354555905647575,25,10,10
45,1053,0.7561960220935201,2.392667958079466e-05,0.2034590162462278,0.0403210349806717,25,10,10
45,1054,0.881009965824088,6.986010671975372e-05,0.11241278802785189,0.006507386041339495,25,10,10
45,1055,0.7976475003417811,9.429017439618987e-05,0.19207322743624225,0.010184982047578981,25,10,10
45,1056,0.8319544461966057,6.653090213623915e-07,0.10649087046621065,0.06155401802816156,25,10,10
45,1057,0.8272641140547674,1.003248556659521e-06,0.13321419634491516,0.03952068635176121,25,10,10
45,1058,0.8251910052619178,2.277577209136732e-05,0.1348965699265154,0.03988964903947485,25,10,10
45,1059,0.9017646534399637,1.2428530964876228e-06,0.07284532950620111,0.025388774200738526,25,10,10
45,1060,0.8579663021848981,4.370852196035175e-06,0.10249337573492136,0.03953595122798447,25,10,10
45,1061,0.8358209797101804,3.0617236638273676e-06,0.1246498784025445,0.03952608016360984,25,10,10
45,1062,0.7123861625218119,3.71471145309579e-05,0.25190851348610294,0.03566817687755547,25,10,10
45,1063,0.8365356931351875,3.253314813429122e-06,0.12508475365354013,0.038376299896457806,25,10,10
45,1064,0.8384898051054767,1.8067132142424053e-05,0.1612437344969494,0.0002483932654310173,25,10,10
45,1065,0.8328992060036868,0.0001849145018248244,0.1668609190473192,5.4960447169375796e-05,25,10,10
45,1066,0.8580369430040193,1.1025723192403488e-05,0.14186545785438603,8.657341840017705e-05,25,10,10
45,1067,0.9143623610368949,9.851686325168868e-06,0.08554218649117759,8.560078560278365e-05,25,10,10
45,1068,0.8372785632638834,2.0827946162282607e-06,0.16262958134639313,8.977259510431421e-05,25,10,10
45,1069,0.7952697188082648,2.076725872887708e-05,0.20466829538130404,4.121855170043699e-05,25,10,10
45,1070,0.7423592024792827,6.191659576771212e-06,0.2319908042249271,0.025643801636212955,25,10,10
45,1071,0.7915578576659648,1.6105607596760064e-05,0.1686629611791145,0.03976307554732205,25,10,10
45,1072,0.8478531111280126,7.640236699443909e-05,0.14496392889602222,0.007106557608969135,25,10,10
45,1073,0.7929008597619683,8.744206441271767e-05,0.20690083163649464,0.00011086653712193817,25,10,10
45,1074,0.800176986360745,1.4950125803585178e-05,0.19956406917910086,0.00024399433434939326,25,10,10
45,1075,0.8554479577671052,2.796486700675213e-05,0.14448578805715473,3.828930873358742e-05,25,10,10
45,1076,0.8115757711783158,2.8712133628493842e-05,0.18825359097062375,0.00014192571743258138,25,10,10
45,1077,0.8226601109973513,0.0007176089222209157,0.17251212740632446,0.004110152674104994,25,10,10
45,1078,0.7923191867071497,9.769114332644539e-06,0.20720100686293624,0.00047003731558333754,25,10,10
45,1079,0.7706569643649117,6.590785286289018e-05,0.22900470752524946,0.00027242025697736874,25,10,10
45,1080,0.8044677822082603,3.2231452119581245e-05,0.1922595357837896,0.0032404505558324154,25,10,10
45,1081,0.7919276098500307,2.2967913363474932e-05,0.20737606867996022,0.0006733535566497486,25,10,10
45,1082,0.8611388865914017,1.5422067286781783e-06,0.13852924875676959,0.00033032244510118396,25,10,10
45,1083,0.8119127988719528,1.6578957139446188e-05,0.18786168817837215,0.0002089339925350744,25,10,10
45,1084,0.7453605099092104,2.0183771377877283e-05,0.2541600683060234,0.00045923801338923535,25,10,10
45,1085,0.8867228902121929,1.5802591278657115e-05,0.11320730931996867,5.399787656035348e-05,25,10,10
45,1086,0.8499090483151093,6.758805921090313e-06,0.13438467246644276,0.015699520412524755,25,10,10
45,1087,0.8726519634280298,7.264656337932973e-05,0.11394754595066228,0.013327844057927358,25,10,10
45,1088,0.82999165049886,8.410219094303585e-05,0.1696643060688021,0.00025994124139141627,25,10,10
45,1089,0.7972957622025854,7.853923338289449e-05,0.20096383549346128,0.0016618630705688322,25,10,10
45,1090,0.8089525545851732,6.899728141678209e-05,0.18938909483384964,0.001589353299556912,25,10,10
45,1091,0.7916843123756668,0.0001968730410025394,0.20798679982062854,0.0001320147627030137,25,10,10
45,1092,0.8354142510266297,9.069694679363869e-05,0.1644256039701256,6.944805645153506e-05,25,10,10
45,1093,0.8083111606762237,8.969288163230695e-05,0.190894606301036,0.0007045401411063881,25,10,10
45,1094,0.8911970893328107,2.810442135425296e-05,0.1086676068512265,0.0001071993946078623,25,10,10
45,1095,0.8549750816555389,4.0478484629908274e-05,0.14483286494722317,0.00015157491260468583,25,10,10
45,1096,0.8957198562232768,6.533864550631103e-05,0.10409166118155345,0.00012314394966225303,25,10,10
45,1097,0.8931060572088896,0.00048708080143966125,0.10371679886090687,0.0026900631287620456,25,10,10
45,1098,0.8395777992084007,1.92991426363459e-05,0.1400831798177765,0.020319721831185262,25,10,10
45,1099,0.7704563721437865,4.1713448876540535e-06,0.18915714278989454,0.040382313721431744,25,10,10
45,1100,0.7844634700986451,0.009361011282639047,0.16573744622092706,0.04043807239778809,25,10,10
45,1101,0.7602163256687123,0.00027522221101684483,0.23927319135033615,0.00023526076993720662,25,10,10
45,1102,0.7600608147478964,0.0013101782408389928,0.23823617350831305,0.00039283350295262284,25,10,10
45,1103,0.7694976160781647,0.0015150190879491534,0.22545344303075018,0.0035339218031320957,25,10,10
45,1104,0.7985057047482885,0.0004344280097618063,0.20093397796187112,0.0001258892800787613,25,10,10
45,1105,0.9543210605161727,0.0004265991734689936,0.04506628414730133,0.00018605616305673335,25,10,10
45,1106,0.8943419915358561,0.00042690954993436774,0.10517620987725028,5.488903695754615e-05,25,10,10
45,1107,0.8325552720642457,2.1081312297799465e-06,0.1673337537520606,0.00010886605246353967,25,10,10
45,1108,0.816343377883466,1.2498292081983679e-05,0.18116318881780688,0.0024809350066443943,25,10,10
45,1109,0.8217710672724684,4.965256713770945e-05,0.17739434795339404,0.0007849322070013862,25,10,10
45,1110,0.7900459298404192,5.026458603976303e-05,0.17401080699956115,0.03589299857398065,25,10,10
45,1111,0.8143796692758903,1.3997770018779301e-05,0.15729772316691,0.028308609787181152,25,10,10
45,1112,0.8650650655352679,1.288945625392957e-05,0.10791152523880866,0.02701051976966841,25,10,10
45,1113,0.8614938535065785,1.8319679603352715e-05,0.10571467309388785,0.03277315371993061,25,10,10
45,1114,0.839061207768965,1.4354904071018359e-05,0.12808425105543822,0.032840186271523034,25,10,10
45,1115,0.8403452570519718,1.3601865559869092e-06,0.1260523834341382,0.03360099932733292,25,10,10
45,1116,0.8295220821582392,6.973790620703678e-05,0.13007527140009037,0.040332908535462134,25,10,10
45,1117,0.84208625015374,1.2706739216370231e-06,0.11754804465497214,0.040364434517365246,25,10,10
45,1118,0.8626873871093619,7.595889585533312e-07,0.09712612238125563,0.04018573092042398,25,10,10
45,1119,0.8636225657004752,1.1763632977308135e-06,0.13377920254294656,0.0025970553932787212,25,10,10
45,1120,0.8728600542247045,9.834606523701085e-06,0.12106774157481441,0.006062369593956939,25,10,10
45,1121,0.8444291005368837,2.10251783415834e-05,0.15126408955902199,0.004285784725749809,25,10,10
45,1122,0.8766038527571972,1.493497312371885e-06,0.12295355462448794,0.00044109912100235324,25,10,10
45,1123,0.8500191089453649,0.0004733620347983841,0.14761927179656362,0.0018882572232714302,25,10,10
45,1124,0.939018693532434,0.0004821630479357206,0.05976990957481028,0.0007292338448199379,25,10,10
45,1125,0.8559327708138368,1.8431090222059144e-06,0.14389973842967357,0.000165647647464305,25,10,10
45,1126,0.8209446023568603,2.2419447382157524e-06,0.17895975933144775,9.339636695534794e-05,25,10,10
45,1127,0.9051480939780631,2.965177960307095e-06,0.0833938129796497,0.011455127864326018,25,10,10
45,1128,0.890968157694321,2.1530763783255968e-06,0.10876555665578187,0.00026413257351834977,25,10,10
45,1129,0.807212689050674,2.6029994128829153e-06,0.18031475355262494,0.01246995439728789,25,10,10
45,1130,0.843476842286773,0.0007172290468958152,0.15516275613882397,0.0006431725275047982,25,10,10
45,1131,0.8519654124761706,1.6957128492745488e-06,0.14751940005444225,0.0005134917565346414,25,10,10
45,1132,0.8769892026323619,0.0002848002024951532,0.11936232255849281,0.0033636746066472776,25,10,10
45,1133,0.8502338762232753,7.886167319852432e-06,0.1466569093708307,0.003101328238572022,25,10,10
45,1134,0.7975915160593591,1.0055537281983382e-05,0.20224190013629686,0.0001565282670609509,25,10,10
45,1135,0.8101064568207574,5.688957107527144e-07,0.18673542487791683,0.0031575494056150623,25,10,10
45,1136,0.8293018516219588,2.8578427671788068e-06,0.16674575253381074,0.0039495380014616865,25,10,10
45,1137,0.8018394323300866,2.4197184935314206e-05,0.19380684874780138,0.004329521737177994,25,10,10
45,1138,0.8762245781441185,2.338798410765395e-06,0.12352650892993201,0.0002465741275398169,25,10,10
45,1139,0.7934160666492771,0.00025283793774839186,0.1915662094642549,0.014764885948717952,25,10,10
45,1140,0.7769342793067551,2.2349184985359363e-06,0.2090985800229973,0.013964905751748767,25,10,10
45,1141,0.8557840083595033,2.0215456660645273e-06,0.12756258441708287,0.016651385677745108,25,10,10
45,1142,0.8353864487161826,1.6143840014290343e-05,0.1645363852755638,6.102216823937075e-05,25,10,10
45,1143,0.8588708116871073,2.314721217722995e-06,0.1383961950432218,0.0027306785484524482,25,10,10
45,1144,0.8840448720684355,4.77115223689446e-05,0.1104992229491024,0.005408193460093333,25,10,10
45,1145,0.7967609534368748,1.2789340199675226e-05,0.2001546462890005,0.0030716109339231135,25,10,10
45,1146,0.8280126632964386,1.9170857250770025e-05,0.17190217775254157,6.598809376669731e-05,25,10,10
45,1147,0.7718937904101313,1.1678842655217236e-05,0.2274206026010705,0.0006739281461414667,25,10,10
45,1148,0.7977698984272779,3.096467766705297e-05,0.20179938311195803,0.00039975378309725147,25,10,10
45,1149,0.7747597479127026,0.00010428059785268476,0.22401641621916038,0.0011195552702818478,25,10,10
45,1150,0.7504305940111352,0.00010252111178215867,0.23670939980511338,0.01275748507196569,25,10,10
45,1151,0.7602457069847058,1.3968002230753014e-06,0.22149951304586646,0.01825338316920436,25,10,10
45,1152,0.7727494068434168,7.492795592378382e-05,0.2136552794304793,0.013520385770179874,25,10,10
45,1153,0.7850544624581778,8.717327920029407e-05,0.20983136731843186,0.0050269969441895,25,10,10
45,1154,0.8254047468871751,0.0002345178902899105,0.17197586566652823,0.0023848695560081804,25,10,10
45,1155,0.8887276255374367,2.5452417229966406e-05,0.11111966492936501,0.0001272571159687236,25,10,10
45,1156,0.9179386562945144,1.2131547266205754e-05,0.08198532949917689,6.388265904306433e-05,25,10,10
45,1157,0.9216566689512237,1.0506571598017991e-05,0.07828149207015647,5.13324070222734e-05,25,10,10
45,1158,0.9230325011952261,1.5768812669176684e-06,0.07683316863468376,0.00013275328882299793,25,10,10
45,1159,0.8875191989880501,1.1096130927273375e-05,0.10794207007573588,0.004527634805285977,25,10,10
45,1160,0.8468006740219614,1.9882690870849784e-05,0.1387122575677772,0.01446718571939053,25,10,10
45,1161,0.8425909754679265,3.1523466176895944e-05,0.15592606555401253,0.0014514355118852077,25,10,10
45,1162,0.8617417501569906,6.170116573421299e-06,0.13683603693352808,0.0014160427929085892,25,10,10
45,1163,0.7335377783809501,0.0029275555876201297,0.26210949348272883,0.001425172548702624,25,10,10
45,1164,0.7895043586630165,4.327338188359103e-06,0.2094114336805966,0.0010798803181981764,25,10,10
45,1165,0.8920134944027057,5.354837358943588e-06,0.10682149373057591,0.001159657029358212,25,10,10
45,1166,0.7786255129335182,0.0006629056130306342,0.21526012447505663,0.005451456978393728,25,10,10
45,1167,0.8608635504801737,1.6967979984725675e-05,0.095729235731904,0.04339024580793726,25,10,10
45,1168,0.8516782921154019,7.86158020943369e-07,0.10600036936625963,0.04232055236031772,25,10,10
45,1169,0.8278272274301992,1.236489891511781e-06,0.12844572867099313,0.04372580740891495,25,10,10
45,1170,0.8938921151919499,4.738950186902981e-07,0.06243109589124415,0.04367631502178731,25,10,10
45,1171,0.7952767841644548,1.1485912527404593e-05,0.14786515454546356,0.05684657537755299,25,10,10
45,1172,0.8515894520239187,1.1797319652984157e-05,0.09490671573087082,0.053492034925557645,25,10,10
45,1173,0.769954941603154,3.617343439732067e-05,0.22264719160686558,0.007361693355581435,25,10,10
45,1174,0.8252798411720316,3.5149437208777007e-05,0.17360820521686807,0.0010768041738902284,25,10,10
45,1175,0.8599060401592373,5.425513485965181e-05,0.14002836999154483,1.133471435940235e-05,25,10,10
45,1176,0.8221641452969828,3.711990387791758e-05,0.17772453176095293,7.420303818528541e-05,25,10,10
45,1177,0.8746312215017774,3.1219201352991767e-06,0.12518276751754917,0.00018288906053780238,25,10,10
45,1178,0.8751452454229668,2.2972225972093077e-06,0.12433080702846844,0.0005216503259684719,25,10,10
45,1179,0.8814300465482267,1.2548523466133465e-06,0.11821732059834555,0.0003513780010801828,25,10,10
45,1180,0.856563118064939,1.0877774731403102e-05,0.12888339575445604,0.014542608405873673,25,10,10
45,1181,0.8517414764355027,1.4584646489185908e-05,0.14761097479973675,0.0006329641182703358,25,10,10
45,1182,0.8252595453308542,1.3856441922901809e-05,0.1745055322110475,0.00022106601617550038,25,10,10
45,1183,0.8663924693584771,1.59218746036007e-05,0.13337874625113774,0.0002128625157815071,25,10,10
45,1184,0.8957546683335199,3.49179514083353e-05,0.10370270456770653,0.0005077091473659548,25,10,10
45,1185,0.865937603135015,1.1119196587363394e-05,0.13125380091740407,0.0027974767509911652,25,10,10
45,1186,0.8979085425042871,1.583499627694924e-05,0.09949669870085191,0.0025789237985833586,25,10,10
45,1187,0.9148739008552745,2.488280531993346e-05,0.08499877491606712,0.00010244142333850312,25,10,10
45,1188,0.908512150715911,9.613405046651575e-06,0.08940386610094185,0.0020743697780998536,25,10,10
45,1189,0.9169015130595264,4.534942944241702e-05,0.08275939446698156,0.00029374304404975013,25,10,10
45,1190,0.9213766234653604,1.4033457790344394e-06,0.0781157431262322,0.0005062300626280528,25,10,10
45,1191,0.7743702112526281,0.0001243134883412892,0.22026028284859966,0.005245192410431131,25,10,10
45,1192,0.8033173775373278,5.158991173290856e-06,0.19641037904313824,0.00026708442836042786,25,10,10
45,1193,0.747510987307198,4.964718586828193e-06,0.18745751822339748,0.06502652975081762,25,10,10
45,1194,0.7478879626360272,5.943649086090795e-06,0.20699844848928758,0.04510764522559421,25,10,10
45,1195,0.8634768159578026,6.457184057999247e-05,0.09676280477794062,0.039695807423678155,25,10,10
45,1196,0.843527133242324,0.0003941386072882381,0.11175340733067586,0.044325320819712355,25,10,10
45,1197,0.8601381471749159,0.0001773874460010664,0.09890563081103224,0.0407788345680511,25,10,10
45,1198,0.6731657680097435,4.2346102823389225e-05,0.23834442273521403,0.08844746315221572,25,10,10
45,1199,0.7809002988922039,2.185117198181945e-06,0.08014811800862712,0.13894939798197048,25,10,10
45,1200,0.7770652325656813,1.0920417977132443e-06,0.04164591905671388,0.18128775633580724,25,10,10
45,1201,0.7820052689051106,9.742006910959957e-07,0.10371558670898173,0.11427817018521581,25,10,10
45,1202,0.7661754174510952,9.044818458328772e-06,0.09450610599925037,0.13930943173119428,25,10,10
45,1203,0.7521657058072254,1.8467150028022975e-05,0.17999708330609734,0.06781874373664858,25,10,10
45,1204,0.8550588140050928,2.7279464430405074e-06,0.08040586802167976,0.06453259002678398,25,10,10
45,1205,0.8870139852240169,3.3665231577466785e-06,0.04815074349678238,0.06483190475604256,25,10,10
45,1206,0.8567807168387475,2.931074501284775e-06,0.06128714387914871,0.08192920820760252,25,10,10
45,1207,0.7943539655856432,0.0007436128140553601,0.1153828263786221,0.08951959522167902,25,10,10
45,1208,0.8133637013408387,1.2922345515043745e-05,0.0792578850504936,0.10736549126315255,25,10,10
45,1209,0.798542248859595,1.5314124344283387e-05,0.0825535892832821,0.11888884773277728,25,10,10
45,1210,0.7664416175436295,5.346272318142636e-05,0.11500871702303271,0.11849620271015597,25,10,10
45,1211,0.7764424512318007,4.0631945917505204e-05,0.147115661756726,0.07640125506555577,25,10,10
45,1212,0.8341877007006757,3.1514439547183322e-06,0.0833858884643097,0.08242325939105888,25,10,10
45,1213,0.7720839466364502,2.1407278500509872e-05,0.14493416426297176,0.08296048182207791,25,10,10
45,1214,0.7869788999695334,2.7810360982447913e-06,0.1631155006596278,0.04990281833474,25,10,10
45,1215,0.7673237276287794,4.613510654560182e-06,0.18616991066629038,0.04650174819427524,25,10,10
45,1216,0.7948769373851247,7.680379913794247e-06,0.17268454307192185,0.032430839163039904,25,10,10
45,1217,0.8216667253567891,3.301201169557965e-06,0.14379082896968046,0.034539144472360624,25,10,10
45,1218,0.8478916820348122,2.7557692262677428e-06,0.11880556948754611,0.0332999927084136,25,10,10
45,1219,0.7932798068395848,1.056577754921378e-06,0.17156415210957188,0.03515498447309034,25,10,10
45,1220,0.8434953463974431,1.1949826496687169e-06,0.11686166925722274,0.039641789362684254,25,10,10
45,1221,0.8431792931710586,7.79477766551538e-06,0.1565008722616786,0.00031203978959459214,25,10,10
45,1222,0.8933116604069893,8.937634023693861e-06,0.10490633840019717,0.001773063558788629,25,10,10
45,1223,0.8684473933595482,1.8836934519327765e-06,0.12874718871935317,0.002803534227645538,25,10,10
45,1224,0.8803166065942585,1.8223560055280044e-06,0.11948431685295514,0.00019725419678043733,25,10,10
45,1225,0.8669479442834508,7.146457665875159e-06,0.1309765640739258,0.0020683451849580303,25,10,10
45,1226,0.8723600741541123,0.0003668114867044187,0.12500078255256886,0.0022723318066149045,25,10,10
45,1227,0.8839307807013675,0.0003672705003166799,0.11354955731857373,0.002152391479743122,25,10,10
45,1228,0.9271787691138985,0.000366804546202289,0.07208512333682526,0.00036930300307368657,25,10,10
45,1229,0.8906233208542611,2.77733875005985e-05,0.1088851926722064,0.00046371308603150867,25,10,10
45,1230,0.8214726433800565,1.3276652133589395e-05,0.1756791473711889,0.002834932596622196,25,10,10
45,1231,0.8642263224608138,0.00023735181287617955,0.11099688552719833,0.02453944019911281,25,10,10
45,1232,0.8050665595047879,0.00023840554513322276,0.16158732362098477,0.03310771132909246,25,10,10
45,1233,0.7868613939316416,0.00023821784031835173,0.18094633514054123,0.03195405308749622,25,10,10
45,1234,0.84197973024948,0.0005532979198395989,0.12625730329837495,0.03120966853230571,25,10,10
45,1235,0.8252713802250403,2.5089119920182457e-05,0.165443627692506,0.009259902962532207,25,10,10
45,1236,0.8364716689174065,2.4269422804902425e-05,0.15726438131970832,0.006239680340077413,25,10,10
45,1237,0.8812047746830742,4.299057927700445e-06,0.11855667371186192,0.0002342525471362525,25,10,10
45,1238,0.8644077675547017,3.711248067886957e-05,0.13336998747824,0.0021851324863789083,25,10,10
45,1239,0.7128239902032532,2.4361443655490915e-05,0.2865491225968657,0.0006025257562246708,25,10,10
45,1240,0.7668313459313733,0.0012679701607602753,0.23147781949421575,0.0004228644136496611,25,10,10
45,1241,0.8473505820088595,0.0012665893802900076,0.15129814305664202,8.46855542089535e-05,25,10,10
45,1242,0.7721442077817012,0.0022867810245253356,0.22149813035224455,0.004070880841527468,25,10,10
45,1243,0.7151256489509812,0.001034722858704306,0.28358031179723286,0.00025931639308008773,25,10,10
45,1244,0.7756123455372068,2.061988718247483e-05,0.22194052058347566,0.002426513992133824,25,10,10
45,1245,0.7587431161198808,4.117633733386323e-05,0.24110508572350745,0.00011062181927829866,25,10,10
45,1246,0.8120188057053015,2.1985108385881203e-06,0.18782600185555892,0.0001529939282981396,25,10,10
45,1247,0.7734670079868569,1.8377774670187407e-05,0.2202874271691231,0.006227187069346088,25,10,10
45,1248,0.830607562604974,7.434622228313245e-05,0.1670502106744304,0.0022678804983102636,25,10,10
45,1249,0.8978040331855026,1.3506072604388655e-06,0.0960814080538142,0.006113208153421532,25,10,10
45,1250,0.922997393167944,1.8182851003691003e-06,0.07675904576520212,0.0002417427817539846,25,10,10
45,1251,0.8465092942967055,0.0034883309153970416,0.1492025270927547,0.000799847695141979,25,10,10
45,1252,0.8179244286145897,0.00015761642644098386,0.1794499474876481,0.0024680074713203616,25,10,10
45,1253,0.8274997838383936,7.616022312931958e-05,0.17218097886292077,0.0002430770755558581,25,10,10
45,1254,0.8393188028554907,1.598427265425513e-07,0.1603166641056143,0.0003643731961678276,25,10,10
45,1255,0.8881596167068114,7.440777287077479e-06,0.07479417618068601,0.03703876633521461,25,10,10
45,1256,0.8487668633701052,9.950951401519973e-06,0.11474324257435194,0.036479943104141,25,10,10
45,1257,0.8043343881283163,3.654400837293593e-05,0.15910177040076573,0.03652729746254427,25,10,10
45,1258,0.7440125806989032,0.00010520684444138216,0.21930527868705785,0.036576933769597766,25,10,10
45,1259,0.7872956794377407,6.922266342810588e-05,0.20082281892480203,0.011812278974032107,25,10,10
45,1260,0.784402903366264,8.050830143800102e-05,0.20374344026528277,0.011773148067015704,25,10,10
45,1261,0.7760346700614191,0.00013666373496318748,0.22365960845018684,0.00016905775343064287,25,10,10
45,1262,0.7730777407831438,0.00014392432260382468,0.22012771147208685,0.006650623422165741,25,10,10
45,1263,0.7771526931516938,0.00013443521333777631,0.16803993184812455,0.05467293978684365,25,10,10
45,1264,0.7999725438718005,7.146559826171867e-05,0.15778874359704084,0.04216724693289514,25,10,10
45,1265,0.7897861064629695,0.0008170805342333308,0.15138778750288784,0.058009025499909564,25,10,10
45,1266,0.7897454625057369,6.919186797912902e-07,0.17427861293075422,0.03597523264482831,25,10,10
45,1267,0.7829644345896817,1.1712695330915136e-05,0.17684029165474555,0.040183561060242415,25,10,10
45,1268,0.8218672096148559,2.7602765428514365e-05,0.14991052458494614,0.028194663034768964,25,10,10
45,1269,0.8317574261057552,1.5666422066918174e-05,0.1401374419695167,0.028089465502661653,25,10,10
45,1270,0.8173095547256243,1.4140529284167557e-05,0.11608139989597545,0.06659490484911529,25,10,10
45,1271,0.7659616663713049,0.001204764708157824,0.146823868111703,0.08600970080883252,25,10,10
45,1272,0.7107555479478994,0.0012218741807102863,0.17345998894842105,0.11456258892296796,25,10,10
45,1273,0.7725644904767105,0.0012694320309666058,0.15274470234626286,0.07342137514605918,25,10,10
45,1274,0.719625363642634,8.026046903595564e-05,0.20417820273799656,0.07611617315033335,25,10,10
45,1275,0.7694861699466082,1.143369626400302e-06,0.17319549683646776,0.05731718984729702,25,10,10
45,1276,0.7263663495147931,0.00016293008374443745,0.22048748680854927,0.052983233592910885,25,10,10
45,1277,0.8106766714213863,0.010028114735643655,0.13921579247558327,0.0400794213673861,25,10,10
45,1278,0.7927105804571384,0.012230087870584112,0.1549937533495305,0.04006557832274597,25,10,10
45,1279,0.7764422405727369,0.010284277092889073,0.20643114738697366,0.006842334947398915,25,10,10
45,1280,0.8495838317857722,0.010322020576281166,0.13998491420580383,0.0001092334321417204,25,10,10
45,1281,0.8843881355184405,4.55628153835428e-05,0.11530818655996082,0.0002581151062148368,25,10,10
45,1282,0.8278391130179577,4.422678562547931e-05,0.17005045787943016,0.002066202316985965,25,10,10
45,1283,0.8858382571868902,5.1456140433858285e-05,0.1086443551164633,0.005465931556211596,25,10,10
45,1284,0.871422964136461,0.0002979523365584313,0.08491161921724023,0.043367464309741297,25,10,10
45,1285,0.7632404465109449,9.870077508059148e-05,0.20832060544334985,0.02834024727062447,25,10,10
45,1286,0.7829846986712038,0.00010555701202006992,0.18240682565749694,0.03450291865927813,25,10,10
45,1287,0.8086056881436243,0.00013318483853624899,0.1911299767317956,0.000131150286042835,25,10,10
45,1288,0.8147508879160591,0.00013403893112278896,0.18254716033011203,0.0025679128227057706,25,10,10
45,1289,0.8190291472279856,3.6769885357223725e-05,0.17665107144504893,0.004283011441608409,25,10,10
45,1290,0.7512801336772877,1.7391682675815262e-06,0.2424732805994493,0.006244846554994279,25,10,10
45,1291,0.8036068799158922,2.448325434868536e-05,0.1897996349615786,0.006569001868179221,25,10,10
45,1292,0.8047940193340337,2.5337297994624953e-05,0.18568447687053813,0.009496166497431074,25,10,10
45,1293,0.8069670171637365,1.162347376240869e-05,0.18947668874695506,0.003544670615545199,25,10,10
45,1294,0.8512159053057111,7.00850686326124e-05,0.14594647353472104,0.002767536090934695,25,10,10
45,1295,0.8927739524557476,1.1904241428344858e-06,0.10711193768387335,0.00011291943623474237,25,10,10
45,1296,0.8830335658757852,2.294458520009345e-06,0.11665897330227092,0.0003051663634231085,25,10,10
45,1297,0.8237158587545307,1.4744800277514903e-06,0.1761137539476824,0.00016891281776026067,25,10,10
45,1298,0.8575278046792084,7.321165572478266e-06,0.1374232833510874,0.00504159080413206,25,10,10
45,1299,0.886429907576259,1.3685315767443748e-05,0.11001019028316283,0.003546216824810856,25,10,10
45,1300,0.8563344052570457,4.299836794865493e-06,0.1377039984519813,0.005957296454178151,25,10,10
45,1301,0.8448946003272,2.8217726722887576e-06,0.14384340742911025,0.01125917047101613,25,10,10
45,1302,0.828876228013906,5.836402515342657e-05,0.16496220877584242,0.006103199185099388,25,10,10
45,1303,0.8194968273930541,5.872780195888709e-05,0.18015875079947197,0.0002856940055168343,25,10,10
45,1304,0.8811284668032677,2.701835551134761e-06,0.11874798694342069,0.00012084441775964739,25,10,10
45,1305,0.9038915285391765,2.111201714793595e-05,0.09597478644046252,0.0001125730032118469,25,10,10
45,1306,0.8751208092849546,1.5917042706328242e-06,0.1188035771538235,0.0060740218569503976,25,10,10
45,1307,0.8874037591242098,7.965437124018218e-06,0.10934669875094435,0.0032415766877206768,25,10,10
45,1308,0.8634714174004136,7.164426160077587e-07,0.12885339590585634,0.007674470251113102,25,10,10
45,1309,0.9385329496335637,0.00042041192232468807,0.06067222653344349,0.000374411910667705,25,10,10
45,1310,0.8467015611317659,0.0004212455925046875,0.14728599024746236,0.005591203028268279,25,10,10
45,1311,0.8404131249653051,0.0006377861933976887,0.15233486106608551,0.006614227775212069,25,10,10
45,1312,0.8626567839379384,7.098273301748573e-05,0.13720887782406987,6.335550497209317e-05,25,10,10
45,1313,0.9156228910943028,1.170771833462811e-05,0.07985070831336721,0.0045146928739946066,25,10,10
45,1314,0.9061383346307496,3.2524257063866046e-05,0.09132926042925917,0.002499880682927909,25,10,10
45,1315,0.8985413611552348,0.0005639883682315274,0.09278796745054367,0.008106683025989492,25,10,10
45,1316,0.8215896405432578,0.0005661624046690716,0.16979407653255973,0.008050120519512616,25,10,10
45,1317,0.8658199627229428,0.0005601658040042986,0.13343483315496876,0.00018503831808370407,25,10,10
45,1318,0.8361858999227435,1.5231095038691047e-05,0.1635680421972509,0.00023082678496612617,25,10,10
45,1319,0.7637205623193951,2.8825063299048145e-05,0.23347585847892907,0.002774754138378345,25,10,10
45,1320,0.7926049000760633,0.00026374426491777354,0.2069786070616385,0.00015274859738112083,25,10,10
45,1321,0.9224856040263922,0.00025463090548349926,0.07690794134326068,0.00035182372486423696,25,10,10
45,1322,0.9213281003156465,9.720904650715472e-06,0.07577040222136279,0.0028917765583397824,25,10,10
45,1323,0.9321434785342773,1.148545740712195e-05,0.06742808498883064,0.0004169510194859089,25,10,10
45,1324,0.8843316697828888,1.225654556277337e-05,0.11545752141692242,0.00019855225462582081,25,10,10
45,1325,0.7970764925606513,4.515759380359976e-05,0.16586982457279023,0.03700852527275386,25,10,10
45,1326,0.852445694110054,3.0149833059966583e-05,0.1104838961190403,0.03704025993784546,25,10,10
45,1327,0.8750298775802879,1.5698289141567037e-05,0.11815629375904198,0.006798130371528699,25,10,10
45,1328,0.8716524884525136,1.9595156460723576e-05,0.12166515636456814,0.00666276002645671,25,10,10
45,1329,0.8560729635774357,0.003013066708223376,0.14086550776540813,4.8461948930939634e-05,25,10,10
45,1330,0.8804400822173009,6.5086682346585e-06,0.11925110139380944,0.0003023077206538826,25,10,10
45,1331,0.8952896755278721,6.360613306066087e-06,0.07039149951199447,0.034312464346827935,25,10,10
45,1332,0.8308834463213894,6.30696196843345e-05,0.1321338033236204,0.03691968073530565,25,10,10
45,1333,0.8702131959246714,1.568089862526386e-05,0.059927254376925594,0.06984386879977793,25,10,10
45,1334,0.8187961965398556,1.5001463159710206e-06,0.11431193998090837,0.06689036333292106,25,10,10
45,1335,0.7876860889468282,1.8778719335606284e-05,0.13547264172811796,0.07682249060571976,25,10,10
45,1336,0.6531731086421924,1.3090038687347076e-05,0.26760183850034586,0.0792119628187769,25,10,10
45,1337,0.5801931146777757,0.00036993279731105107,0.3395542706094906,0.07988268191542139,25,10,10
45,1338,0.7536921405147287,0.0003595247278345786,0.16671780322080337,0.07923053153663434,25,10,10
45,1339,0.8250602381066489,1.2509525805445553e-06,0.0959542541510743,0.07898425678969613,25,10,10
45,1340,0.7717429096585943,0.000326503195909988,0.15147711229039218,0.07645347485510391,25,10,10
45,1341,0.7190482293238668,0.0011179300908287964,0.20705222141448548,0.07278161917082025,25,10,10
45,1342,0.8293836167922264,0.0003755653863869137,0.10313436241194635,0.06710645540943955,25,10,10
45,1343,0.7778391040164788,2.568726012750612e-06,0.16325307340478165,0.05890525385272559,25,10,10
45,1344,0.7319280999457993,6.554752724245586e-05,0.19994883306216024,0.06805751946479682,25,10,10
45,1345,0.6830501626334906,7.631795101999728e-06,0.25335882679471244,0.06358337877669298,25,10,10
45,1346,0.7199102447172993,1.870028963537583e-05,0.17475954936065285,0.10531150563241169,25,10,10
45,1347,0.7357830304552125,1.3211299455475581e-06,0.17072326333243482,0.09349238508240784,25,10,10
45,1348,0.7199489685144788,5.751471059506458e-05,0.1602538836133133,0.11973963316161208,25,10,10
45,1349,0.6730264076767031,2.870023159283037e-06,0.20712346277295313,0.1198472595271857,25,10,10
45,1350,0.7389657315596325,2.3740462108532275e-06,0.14502750501709127,0.11600438937706534,25,10,10
45,1351,0.8912918596063473,4.046017018878726e-07,0.02957546734154172,0.07913226845040948,25,10,10
45,1352,0.8672363930814712,3.305172659804646e-05,0.05627104667574396,0.07645950851618627,25,10,10
45,1353,0.8275211046472373,5.2580673973141356e-05,0.10815864125275536,0.064267673426033,25,10,10
45,1354,0.8247387758182612,3.6374322907281705e-05,0.12283117700394336,0.052393672854888475,25,10,10
45,1355,0.8300919351110836,1.690516344274797e-05,0.09812655843725515,0.0717646012882164,25,10,10
45,1356,0.8796903627952646,3.7869567384804266e-07,0.05699972612873874,0.06330953238032365,25,10,10
45,1357,0.8463754835707352,4.009728431257151e-05,0.09010683806647109,0.06347758107848014,25,10,10
45,1358,0.8170232259755176,0.0028780529839316023,0.10027771685720033,0.07982100418334942,25,10,10
45,1359,0.7521891627951467,0.0028775607273791304,0.16281030376771594,0.08212297270976045,25,10,10
45,1360,0.8064194362084184,0.0028854051334297674,0.10993312314358429,0.08076203551456702,25,10,10
45,1361,0.7499878084915602,5.052410971874153e-06,0.17832826570953045,0.07167887338793733,25,10,10
45,1362,0.7937867390013227,1.7221993624091503e-05,0.15926565996000205,0.046930379045050576,25,10,10
45,1363,0.8296022619295021,2.1475277083710173e-06,0.1278364134919604,0.04255917705083019,25,10,10
45,1364,0.8843363622643333,7.510574121947279e-08,0.04157816632263171,0.07408539630729469,25,10,10
45,1365,0.849077178781269,4.9125479712771835e-08,0.07659487537125313,0.07432789672199784,25,10,10
45,1366,0.7947333376898211,2.748854446618966e-06,0.12808083054502914,0.0771830829107041,25,10,10
45,1367,0.7138208848001534,2.1458844254488675e-06,0.20422706965920828,0.08194989965621251,25,10,10
45,1368,0.7881688702373003,3.763301333312845e-06,0.14866925768759784,0.06315810877376776,25,10,10
45,1369,0.8335845066063021,3.675488096448749e-05,0.14287191713797145,0.023506821374761556,25,10,10
45,1370,0.7576817669461375,0.0001329735105343368,0.2390231296926513,0.0031621298506748696,25,10,10
45,1371,0.8437766800728952,2.9484551665423132e-05,0.1560825594627515,0.00011127591268572337,25,10,10
45,1372,0.8867361563438095,3.1090967602226897e-06,0.11318497384291469,7.576071651433557e-05,25,10,10
45,1373,0.8441757650039104,2.652275513501688e-06,0.1558047787984067,1.6803922166104635e-05,25,10,10
45,1374,0.9038637333394297,1.8751201167356254e-06,0.09612527679663967,9.11474381264217e-06,25,10,10
45,1375,0.9274769792206261,2.1830368715345473e-05,0.07247839330033415,2.279711032406926e-05,25,10,10
45,1376,0.8270079479744793,0.012138623849518549,0.1607312151119447,0.00012221306405746488,25,10,10
45,1377,0.839362758638278,2.090316585143133e-05,0.1293835003335306,0.031232837862339914,25,10,10
45,1378,0.7988033467248313,2.8914868911176237e-05,0.16513981906648784,0.03602791933976818,25,10,10
45,1379,0.7943953544807149,2.1405407032411156e-05,0.15605859031495425,0.04952464979729815,25,10,10
45,1380,0.7684655778342651,1.1424916082494006e-05,0.14300390051692144,0.08851909673272995,25,10,10
45,1381,0.7954528776793529,3.232938002354216e-06,0.12994314446179892,0.07460074492084233,25,10,10
45,1382,0.7792073694517826,1.1849712874971918e-05,0.14586796599012603,0.0749128148452164,25,10,10
45,1383,0.8548461029690608,1.3943711912425888e-05,0.11687051214868573,0.028269441170338857,25,10,10
45,1384,0.839742134703732,2.2784302614144254e-05,0.12020910274315601,0.040025978250496586,25,10,10
45,1385,0.8613493414288942,2.075026793600995e-05,0.09295499392739043,0.045674914375777365,25,10,10
45,1386,0.8405157954410766,9.984722270480154e-06,0.11374278404861213,0.045731435788038045,25,10,10
45,1387,0.909360964854474,8.865577084147541e-07,0.050526270159227546,0.04011187842859127,25,10,10
45,1388,0.8608435639996463,9.113175969367777e-07,0.09900164888297186,0.04015387579978584,25,10,10
45,1389,0.8771393789937504,6.335790915910684e-05,0.08075311865464244,0.04204414444244814,25,10,10
45,1390,0.8645608768126749,2.9080838136575327e-05,0.13300617672601786,0.0024038656231699846,25,10,10
45,1391,0.7897427264486554,3.8801967313222527e-05,0.2064856575803406,0.0037328140036890045,25,10,10
45,1392,0.850793107268592,2.135208748421647e-05,0.14899809002491246,0.0001874506190123762,25,10,10
45,1393,0.8719149416605364,2.0715000084130044e-06,0.12656517662564867,0.0015178102138051492,25,10,10
45,1394,0.8762221898051924,4.4176660069761e-06,0.12221122988810791,0.0015621626406923687,25,10,10
45,1395,0.758191750910047,0.00046515824773795604,0.2379457233694193,0.0033973674727948567,25,10,10
45,1396,0.8550670814488609,0.000432137325702962,0.14424466956804724,0.0002561116573869433,25,10,10
45,1397,0.8719298515644748,0.00042993547336048855,0.1274384791359888,0.0002017338261741123,25,10,10
45,1398,0.8571305274450729,0.0004487784031227996,0.14205650828294478,0.00036418586885859667,25,10,10
45,1399,0.8479258433507414,0.0004447865234663356,0.1460074872665845,0.005621882859206433,25,10,10
45,1400,0.9208654277505306,2.668825987170842e-06,0.07663516758344223,0.002496735840039557,25,10,10
45,1401,0.7650792898413792,0.0005464231498345286,0.23424188682548522,0.00013240018330276085,25,10,10
45,1402,0.8442709756032291,0.0005447755544322408,0.14969034747144255,0.005493901370894716,25,10,10
45,1403,0.9044751854659658,2.676166925196649e-06,0.09546891931447632,5.321905263139059e-05,25,10,10
45,1404,0.8625080546881417,3.428749523470774e-06,0.1373668781875227,0.00012163837480980513,25,10,10
45,1405,0.8469987871075402,2.3981821401545223e-06,0.14612317014225704,0.006875644568061139,25,10,10
45,1406,0.8894833048681677,8.854429478927768e-05,0.11020061577218042,0.00022753506486071276,25,10,10
45,1407,0.8045871384579779,4.744875007493558e-06,0.19507763288963695,0.00033048377738106307,25,10,10
45,1408,0.8279338737810501,1.410945782547689e-05,0.17192576364549467,0.00012625311562649788,25,10,10
45,1409,0.8033717954394953,0.0003006016762414916,0.1948814485237989,0.001446154360465285,25,10,10
45,1410,0.8602248299014701,1.327664673819174e-06,0.13967290755632056,0.0001009348775356153,25,10,10
45,1411,0.8527090179146913,1.5230286789211011e-05,0.14680033778823684,0.0004754140102812997,25,10,10
45,1412,0.8137785312284868,2.919297347428687e-06,0.18619333288381487,2.5216590353423323e-05,25,10,10
45,1413,0.7773901786420514,5.0090405001845655e-05,0.22223755761326772,0.00032217333967951816,25,10,10
45,1414,0.802919821771402,8.429601282813018e-06,0.19375721631118115,0.0033145323161364935,25,10,10
45,1415,0.7628788962541736,3.0366016373803958e-05,0.2336035817366254,0.0034871559928303575,25,10,10
45,1416,0.8104593495371942,2.3918629481893996e-05,0.185886534933642,0.0036301968996826283,25,10,10
45,1417,0.8194658640042166,1.2034889396882443e-05,0.17068166242141408,0.009840438684970004,25,10,10
45,1418,0.7677912878529611,1.2325164229497167e-05,0.22888803598987606,0.003308350992932883,25,10,10
45,1419,0.817763394717476,1.117927532484671e-05,0.1798939195372088,0.0023315064699883895,25,10,10
45,1420,0.8672096131503987,0.0017402651433375868,0.1266260396780668,0.00442408202819746,25,10,10
45,1421,0.7800241446237769,0.0017500193940469338,0.21673308509405353,0.0014927508881230505,25,10,10
45,1422,0.8027452099131801,2.7036076564115814e-06,0.195746501182511,0.0015055852966529388,25,10,10
45,1423,0.8040049133003848,1.0863942355386338e-05,0.19451060226871636,0.0014736204885433333,25,10,10
45,1424,0.7411856316860731,2.381869544317946e-05,0.2572455145753519,0.0015450350431290946,25,10,10
45,1425,0.727950300355164,1.951815570156202e-05,0.2719357404254108,9.444106372308998e-05,25,10,10
45,1426,0.7148337931329398,2.1234105893714357e-05,0.2850390937885452,0.00010587897261842387,25,10,10
45,1427,0.7334749248366056,3.4649438436702715e-05,0.2663273732377493,0.00016305248720952274,25,10,10
45,1428,0.8287136182436644,3.4298823144713653e-06,0.17126754299081742,1.540888320465193e-05,25,10,10
45,1429,0.8035036349440269,3.198799371294666e-05,0.19622041038178295,0.00024396668047512156,25,10,10
45,1430,0.7844445773365565,2.9843917474581153e-05,0.21399489579556166,0.001530682950407859,25,10,10
45,1431,0.7736399426517592,2.0443524216439548e-05,0.2263126367613759,2.6977062648409944e-05,25,10,10
45,1432,0.7981925835014998,3.9794309618470545e-06,0.20178954820124254,1.3888866294272955e-05,25,10,10
45,1433,0.7568832988303482,3.3765576814228556e-05,0.24229173031149986,0.0007912052813427929,25,10,10
45,1434,0.7875613586828234,2.7567561270396695e-05,0.21227488109738052,0.00013619265852449585,25,10,10
45,1435,0.79616914116805,2.520703188714475e-05,0.20378428468187404,2.1367118190181194e-05,25,10,10
45,1436,0.8139053316753097,7.4379614469140924e-06,0.1831308462218064,0.002956384141436649,25,10,10
45,1437,0.8528491199884252,4.871669957742255e-07,0.14369408589957292,0.00345630694500374,25,10,10
45,1438,0.81710536736286,6.567192236171247e-07,0.17942320844179593,0.0034707674761201342,25,10,10
45,1439,0.8181824705700861,1.6788562017449839e-06,0.17290573239415358,0.008910118179556644,25,10,10
45,1440,0.8172319194478694,1.1262263178451047e-05,0.18200549496407262,0.0007513233248800442,25,10,10
45,1441,0.7978695380170389,0.00016552504347939814,0.20121397252397333,0.0007509644155071202,25,10,10
45,1442,0.8042482830483051,3.929487865134648e-05,0.15511816596672387,0.04059425610631912,25,10,10
45,1443,0.857013563903663,1.5661963046064656e-05,0.10241418874052012,0.04055658539277046,25,10,10
45,1444,0.8595587143477758,4.950089530567304e-05,0.10028578863208716,0.04010599612483004,25,10,10
45,1445,0.8052787581715745,4.34317347367842e-05,0.16927476860617305,0.02540304148751308,25,10,10
45,1446,0.7714670977750996,1.7653430998578446e-05,0.18830539306061778,0.04020985573328687,25,10,10
45,1447,0.7968591794025539,3.008887266891575e-06,0.17552411640654372,0.027613695303635447,25,10,10
45,1448,0.780926702499109,4.037687074570175e-05,0.21087539783348622,0.008157522796655832,25,10,10
45,1449,0.7940090667197,1.2126973898551126e-05,0.20549279144428312,0.00048601486211797456,25,10,10
45,1450,0.8446593982148299,0.00010669891815148942,0.15456631321519007,0.0006675896518279091,25,10,10
45,1451,0.8265858797404778,1.072247321652752e-06,0.17324023058291846,0.0001728174292809736,25,10,10
45,1452,0.7889082028048884,1.815391590460295e-06,0.2077891967029484,0.003300785100572906,25,10,10
45,1453,0.8300122046084728,1.3916176952821474e-05,0.1417537158483379,0.028220163366235528,25,10,10
45,1454,0.8346515958088088,4.311947809364576e-06,0.1306328789098376,0.03471121333354519,25,10,10
45,1455,0.690544239610595,1.5224119706973887e-06,0.26528925238469186,0.044164985592741506,25,10,10
45,1456,0.825487543129462,2.430158094700043e-06,0.1358105841756089,0.03869944253683433,25,10,10
45,1457,0.7690760696238718,1.0786323749155294e-06,0.18937998260504765,0.04154286913870473,25,10,10
45,1458,0.8137493780630516,7.90123262194297e-07,0.14463898870504263,0.04161084310864273,25,10,10
45,1459,0.7656742062708184,3.2253955605306992e-06,0.19304441298168215,0.04127815535194029,25,10,10
45,1460,0.8444418271466195,1.7700978518729037e-05,0.11554595902278057,0.039994512852079424,25,10,10
45,1461,0.7889063919669741,1.1953469702469482e-06,0.1710832271941352,0.0400091854919213,25,10,10
45,1462,0.8718538637658308,1.4768170250737544e-06,0.09323471636906405,0.03490994304808021,25,10,10
45,1463,0.8255738648472485,1.8721602410832715e-06,0.14224075570186692,0.03218350729064421,25,10,10
45,1464,0.8049216496825141,1.501785949336532e-06,0.1545764527919772,0.04050039573955817,25,10,10
45,1465,0.7829761189036658,2.281190446745408e-06,0.15218826644673797,0.06483333345914927,25,10,10
45,1466,0.7642117068243242,1.323731433191403e-06,0.1458792859684397,0.0899076834758004,25,10,10
45,1467,0.775279386210985,1.1121122378847649e-05,0.147536183175528,0.07717330949110685,25,10,10
45,1468,0.7653396656836118,3.602452644904746e-05,0.16069608980383251,0.07392821998610541,25,10,10
45,1469,0.7364080715754895,0.00020412502828908295,0.1934468059877759,0.06994099740844706,25,10,10
45,1470,0.810006275766797,0.00014223721462041007,0.11366114696278397,0.07619034005579854,25,10,10
45,1471,0.8337578325882494,2.1515602913311602e-07,0.09031367304321834,0.07592827921250346,25,10,10
45,1472,0.7919633576989579,1.5392879993427185e-05,0.12791578961701883,0.0801054598040302,25,10,10
45,1473,0.79335104773347,3.3677555289282056e-06,0.1304909310924475,0.07615465341855276,25,10,10
45,1474,0.7238032830583365,0.00018600613876240273,0.19930702298522435,0.0767036878176779,25,10,10
45,1475,0.7996289350422711,0.0001706937151683,0.1221817157662317,0.07801865547632897,25,10,10
45,1476,0.690016670813653,0.008619530475882447,0.1830390463236909,0.11832475238677417,25,10,10
45,1477,0.7440606867890903,0.0002694720966981283,0.1370719465600451,0.11859789455416588,25,10,10
45,1478,0.751840505818907,0.00038503484737031934,0.1283704756052745,0.1194039837284496,25,10,10
45,1479,0.792806983906382,2.9545158597672626e-06,0.10489842077479863,0.10229164080295976,25,10,10
45,1480,0.7838997803203401,1.3099715684557957e-05,0.11741297536452994,0.09867414459944453,25,10,10
45,1481,0.7386866276165668,7.071518963111381e-05,0.14937368473127768,0.1118689724625235,25,10,10
45,1482,0.7677257038367965,4.173485248464917e-06,0.1460018046281915,0.08626831804976315,25,10,10
45,1483,0.7186290806646264,1.7383939617405695e-05,0.18016407756859987,0.10118945782715538,25,10,10
45,1484,0.73343182605557,2.4713668373015264e-06,0.1545848565866608,0.11198084599093049,25,10,10
45,1485,0.6990969892367482,1.5537099940294898e-05,0.19422381255458115,0.10666366110872914,25,10,10
45,1486,0.7766129684724613,2.238785267615164e-06,0.11688063998966504,0.10650415275260555,25,10,10
45,1487,0.8102544780958774,2.723040188743029e-06,0.13159218499932834,0.05815061386460415,25,10,10
45,1488,0.8307561440679089,1.3233991157987957e-06,0.10190444685448483,0.06733808567849114,25,10,10
45,1489,0.8331254805840709,8.289979294805101e-07,0.1024126767112168,0.06446101370678459,25,10,10
45,1490,0.8041546248922284,0.0002449302723637248,0.1550799248483136,0.04052051998709067,25,10,10
45,1491,0.7952735070085484,0.0002455838601830782,0.16435394460153546,0.040126964529731766,25,10,10
45,1492,0.8818254482578104,1.4170254633115547e-06,0.0782378256001524,0.03993530911657412,25,10,10
45,1493,0.8549366360932912,1.6491459721341352e-06,0.10514502988034678,0.03991668488038897,25,10,10
45,1494,0.8229670356879518,8.724210975379912e-05,0.1349765747510565,0.04196914745123767,25,10,10
45,1495,0.8230580041143665,0.00028085683120896663,0.14536391431289455,0.03129722474152981,25,10,10
45,1496,0.7908978858550287,0.0002698142591964634,0.1837555956986769,0.02507670418709633,25,10,10
45,1497,0.7701989014067604,0.0008502486991062302,0.20351546486908692,0.02543538502504613,25,10,10
45,1498,0.886015458365575,1.5052021958113818e-06,0.07338305423987031,0.04059998219235912,25,10,10
45,1499,0.8662987234370079,1.9370957751831705e-06,0.09358868483801644,0.04011065462920088,25,10,10
45,1500,0.8440857098492807,0.0002928678845964404,0.11302699180692473,0.042594430459199334,25,10,10
45,1501,0.8658543822601226,1.1130826990930346e-05,0.12300583116443642,0.011128655748448854,25,10,10
45,1502,0.8329981585059089,6.63619867287285e-06,0.15548613560838231,0.011509069687035927,25,10,10
45,1503,0.8627938244362029,7.100368508167527e-06,0.1285577499808087,0.008641325214481332,25,10,10
45,1504,0.9125567091963674,6.863793482057808e-06,0.08735481444928889,8.161256086148448e-05,25,10,10
45,1505,0.8685541956679929,6.868275498090713e-06,0.1290610197370142,0.002377916319494765,25,10,10
45,1506,0.9426671035065595,6.896524985170805e-06,0.05458621072728218,0.0027397892411734704,25,10,10
45,1507,0.792397982121633,2.750659676323083e-05,0.2049749911144189,0.0025995201671847124,25,10,10
45,1508,0.811092737038939,1.5533449037619986e-05,0.18879101975108356,0.00010070976093902834,25,10,10
45,1509,0.7564246141954056,1.7500517899716366e-05,0.2431492043611909,0.0004086809255047424,25,10,10
45,1510,0.8055177742967349,0.0007696090047694676,0.19360769518225887,0.00010492151623675901,25,10,10
45,1511,0.7670863339520677,2.896016339692056e-05,0.2306902163394958,0.002194489545037176,25,10,10
45,1512,0.7863498029816117,2.4743457874142898e-05,0.21216674586351014,0.0014587076970074963,25,10,10
45,1513,0.8300311880495361,9.68242430628903e-07,0.16923555141672697,0.0007322922913059282,25,10,10
45,1514,0.7779309881615311,9.394612191289563e-06,0.22134114866381338,0.0007184685624636459,25,10,10
45,1515,0.7413355481568636,8.199611857963421e-05,0.22578899296401128,0.032793462760546344,25,10,10
45,1516,0.7504787620436452,9.024853630935351e-06,0.20603564598998203,0.043476567112740894,25,10,10
45,1517,0.8325261250893036,1.5082321155799767e-06,0.1274202640205219,0.04005210265805885,25,10,10
45,1518,0.7902299134815992,2.7073330478512995e-06,0.16938374194313444,0.04038363724221897,25,10,10
45,1519,0.7701149488132875,1.240368013540752e-06,0.18980413172405433,0.04007967909464465,25,10,10
45,1520,0.7513066204796915,1.2698763376818036e-06,0.2089927259665278,0.039699383677442746,25,10,10
45,1521,0.6988721632969985,1.6448785991378627e-05,0.2529724679055961,0.04813892001141446,25,10,10
45,1522,0.7607487254579464,9.570836176244953e-05,0.1987934867524498,0.04036207942784018,25,10,10
45,1523,0.7904595221555196,3.156253198261016e-05,0.17211499665026306,0.03739391866223238,25,10,10
45,1524,0.6979532137662225,3.152859652785695e-05,0.22816529552435172,0.07384996211289492,25,10,10
45,1525,0.7775794732561992,1.847337453548065e-05,0.1458866287444241,0.07651542462483826,25,10,10
45,1526,0.7999377071898885,1.7098451194942702e-07,0.12396455072819497,0.07609757109740392,25,10,10
45,1527,0.762617735470876,1.4343742409650398e-05,0.16083237621623872,0.07653554457047529,25,10,10
45,1528,0.7558776293605176,5.080721894462297e-05,0.16765413338677132,0.07641743003376641,25,10,10
45,1529,0.7254227472408721,6.369109598619725e-05,0.2295557159044705,0.04495784575867094,25,10,10
45,1530,0.7455113399252764,1.558630919741143e-05,0.2245748352242572,0.0298982385412685,25,10,10
45,1531,0.822661390448134,1.3933889096371475e-06,0.13732651770332233,0.040010698459634744,25,10,10
45,1532,0.8082007945165661,7.63140792306276e-05,0.15171403656523993,0.04000885483896292,25,10,10
45,1533,0.8386847514728258,2.2726419405942306e-06,0.12108343400865891,0.04022954187657529,25,10,10
45,1534,0.8316384038261923,1.1353321650337575e-05,0.09940074849584331,0.06894949435631328,25,10,10
45,1535,0.8068384581210698,1.2304664426575437e-05,0.1312279337588807,0.061921303455622134,25,10,10
45,1536,0.7942009725264484,1.6186996536110722e-06,0.14427687245133383,0.06152053632256301,25,10,10
45,1537,0.8050610983205593,7.211393409593428e-06,0.13014624510140246,0.06478544518462938,25,10,10
45,1538,0.843297415550378,1.2526870533607698e-06,0.09189239667327537,0.06480893508929349,25,10,10
45,1539,0.8592210313453422,1.1492193018387797e-05,0.06136042731890272,0.07940704914273647,25,10,10
45,1540,0.7694621707967982,1.843186029291908e-05,0.19072883245478814,0.03979056488812024,25,10,10
45,1541,0.8548705249644598,6.748078917271288e-05,0.10530376820943657,0.03975822603692955,25,10,10
45,1542,0.8156267401984756,7.223641809192349e-06,0.13515642745241024,0.04920960870730439,25,10,10
45,1543,0.8560313566489299,7.5140940209638884e-06,0.10433922508847017,0.03962190416857823,25,10,10
45,1544,0.7840718890588931,7.3122751118131545e-06,0.17599180763355013,0.03992899103244399,25,10,10
45,1545,0.8156205422305642,8.660572374368652e-06,0.1521208365788818,0.03224996061817707,25,10,10
45,1546,0.7818162206802264,8.906775770471728e-05,0.1780979781303482,0.03999673343171981,25,10,10
45,1547,0.8297918109942387,1.733466694493549e-05,0.1302692393957443,0.03992161494307242,25,10,10
45,1548,0.6854794021633798,0.0007130971285088898,0.1999631093048945,0.11384439140321181,25,10,10
45,1549,0.7609239314731339,0.0007218640342014237,0.17507744519148005,0.06327675930118341,25,10,10
45,1550,0.814367777955265,0.0007215494519880175,0.12136389395705141,0.06354677863569433,25,10,10
45,1551,0.8060661505392828,1.4199035451558531e-05,0.13014627281668248,0.06377337760858097,25,10,10
45,1552,0.7908023902315038,8.172151232277112e-05,0.1306436022239836,0.0784722860321889,25,10,10
45,1553,0.8324228277410303,2.8825777454112335e-05,0.10143112366042689,0.0661172228210869,25,10,10
45,1554,0.8499378744385814,1.0662531914636154e-05,0.07153951502046198,0.07851194800904178,25,10,10
45,1555,0.8918455507960639,1.0436395452964847e-05,0.06919174383057046,0.038952268977912985,25,10,10
45,1556,0.7449873864943269,1.433227101368824e-05,0.24509385608286866,0.009904425151790948,25,10,10
45,1557,0.7319255966647944,0.01036267035308662,0.24784826780250502,0.009863465179611997,25,10,10
45,1558,0.8304945573397111,9.440471422613012e-05,0.1598643517620667,0.009546686183995427,25,10,10
45,1559,0.86232569415787,2.5145023418746628e-05,0.12996271879269136,0.007686442026020829,25,10,10
45,1560,0.8211501367059972,3.5902715225924286e-05,0.17097162945487443,0.007842331123899567,25,10,10
45,1561,0.9090307191912506,3.2513595276264796e-05,0.09073102888457987,0.0002057383288935488,25,10,10
45,1562,0.8501833240710063,3.424468955181938e-06,0.1497354867471009,7.776471293661915e-05,25,10,10
45,1563,0.7873529339374915,9.005125048079958e-06,0.21059865756559187,0.002039403371866166,25,10,10
45,1564,0.7823879534505527,3.4296512024746446e-05,0.20864223131103873,0.008935518726382478,25,10,10
45,1565,0.8228827498748251,9.35992430761866e-07,0.16763913051388676,0.009477183618856924,25,10,10
45,1566,0.8008621757623601,1.678315064894793e-06,0.19649273444614718,0.002643411476429576,25,10,10
45,1567,0.842216699560227,2.324493018952926e-06,0.15741001400821364,0.00037096193854081977,25,10,10
45,1568,0.8403969477065714,2.2476916263890185e-06,0.15348213811063358,0.006118666491169025,25,10,10
45,1569,0.7963459846680746,2.155986775300117e-05,0.20145197994017494,0.00218047552399852,25,10,10
45,1570,0.8274038596308699,5.1106991054396265e-05,0.17242538642484745,0.00011964695322803017,25,10,10
45,1571,0.8462025352496351,9.249910057595431e-05,0.1535545928755643,0.00015037277422371616,25,10,10
45,1572,0.8956927299047088,4.164429039895981e-05,0.10397447704636996,0.0002911487585231005,25,10,10
45,1573,0.9506055068251983,5.534524586205179e-07,0.049227595529091485,0.00016634419325087672,25,10,10
45,1574,0.847584713014959,1.155413291535166e-05,0.14754632424954875,0.004857408602576807,25,10,10
45,1575,0.8857473116434409,7.355401452622514e-07,0.109741761189571,0.00451019162684328,25,10,10
45,1576,0.8748993785849629,8.576518357126e-06,0.12485768631577368,0.00023435858090534178,25,10,10
45,1577,0.8248848984177277,3.657941337188042e-06,0.17250157941456057,0.00260986422637545,25,10,10
45,1578,0.7273309605228145,0.006271611178326559,0.25983438131063397,0.006563046988220997,25,10,10
45,1579,0.8337450492829624,0.00024575089304633527,0.16540299845461576,0.0006062013693716242,25,10,10
45,1580,0.8135771132960048,3.675034846914715e-06,0.18602831655111596,0.00039089511803128726,25,10,10
45,1581,0.8800245352441141,3.400272754476843e-06,0.11979524326222357,0.00017682122090500237,25,10,10
45,1582,0.8921237475661798,3.5282076228622636e-05,0.10772890399718328,0.0001120663604079659,25,10,10
45,1583,0.930144456157462,6.220917450330003e-07,0.06984571442178847,9.207329004252114e-06,25,10,10
45,1584,0.8711287372349481,1.3418636574671748e-05,0.12882016754297063,3.767658550630751e-05,25,10,10
45,1585,0.7408816727122646,1.2314544947430295e-05,0.25889282065235647,0.00021319209043378854,25,10,10
45,1586,0.7598063670343467,1.2063612527754678e-05,0.23927170602638415,0.0009098633267427296,25,10,10
45,1587,0.8164896186410876,1.1873249714588307e-06,0.17146301617776338,0.012046177856174343,25,10,10
45,1588,0.770938973997482,7.704602745313817e-06,0.18912099608414917,0.03993232531562884,25,10,10
45,1589,0.6804202353257108,0.00010166821809537896,0.2798280741042944,0.03965002235189893,25,10,10
45,1590,0.6866395660484456,0.0002948543769305616,0.2733808785035671,0.03968470107105639,25,10,10
45,1591,0.8139109716664827,5.195213378650429e-06,0.14470367732832956,0.04138015579180923,25,10,10
45,1592,0.8268404653248335,1.614534897470285e-05,0.14182101393798252,0.031322375388209284,25,10,10
45,1593,0.8752997174439884,1.097693286321389e-06,0.0803306912492135,0.044368493613511674,25,10,10
45,1594,0.8475689972768374,1.4055494137410118e-05,0.14919186648490146,0.0032250807441236455,25,10,10
45,1595,0.8816918014509656,1.2337374979358728e-05,0.11779806877952213,0.0004977923945322907,25,10,10
45,1596,0.8643578545938567,8.684298783228668e-07,0.13510489999294445,0.0005363769833200471,25,10,10
45,1597,0.8256768672828737,1.1945087901421073e-05,0.17143172385185337,0.0028794637773692355,25,10,10
45,1598,0.8879325075654957,9.438594608656778e-06,0.10940580632225594,0.002652247517639289,25,10,10
45,1599,0.9181885497273536,3.558986200702459e-05,0.07907850795752744,0.002697352453112084,25,10,10
45,1600,0.8572188848435132,3.713401202647529e-05,0.1424214153734074,0.0003225657710521176,25,10,10
45,1601,0.8493118637325697,0.00023540829598884646,0.15036399069975862,8.873727167843574e-05,25,10,10
45,1602,0.9030983992179847,0.0002137502870731733,0.09552386277378512,0.0011639877211562667,25,10,10
45,1603,0.8514756763835349,3.349403124612408e-05,0.14840112741480876,8.970217040839138e-05,25,10,10
45,1604,0.9236996889338946,1.134023421313541e-06,0.076151199746487,0.00014797729619704238,25,10,10
45,1605,0.948239528490167,8.315831152836928e-07,0.051746212794514766,1.3427132203848206e-05,25,10,10
45,1606,0.8399998899284548,6.274338654829115e-07,0.13386239674432326,0.026137085893356237,25,10,10
45,1607,0.7874472998015378,7.961638969526091e-07,0.1647978390803382,0.04775406495422512,25,10,10
45,1608,0.8057689469871137,1.7362338528550967e-06,0.1463968980731832,0.04783241870584863,25,10,10
45,1609,0.8198323835828328,1.962057342360814e-06,0.1323890273553982,0.047776627004425275,25,10,10
45,1610,0.8656506386221946,7.315757237669166e-07,0.08308444138986458,0.05126418841221686,25,10,10
45,1611,0.9195485836375772,1.8697078554419992e-05,0.040438881131805056,0.039993838152063345,25,10,10
45,1612,0.8396673975420519,2.0512055190272504e-05,0.12030862735621152,0.04000346304654591,25,10,10
45,1613,0.854198592033427,2.033873073139985e-05,0.10325679298219885,0.04252427625364238,25,10,10
45,1614,0.8353545556300099,2.989424661513205e-05,0.12445964117589763,0.04015590894747568,25,10,10
45,1615,0.7933354570133178,0.00020414961276914016,0.1961110983840476,0.01034929498986489,25,10,10
45,1616,0.8502594658333255,3.1502152030993335e-05,0.12162990372396554,0.028079128290677113,25,10,10
45,1617,0.8195010019594559,0.0030385547137776413,0.14998378394423117,0.0274766593825337,25,10,10
45,1618,0.8723213878317037,3.1396875459747755e-05,0.10021212824101085,0.02743508705182531,25,10,10
45,1619,0.9147490555007252,1.356327917668142e-05,0.057574687514113126,0.027662693705984464,25,10,10
45,1620,0.8597421780792438,1.5209388208338933e-06,0.10038590751554756,0.039870393466388314,25,10,10
45,1621,0.8553644801447315,1.936960717243908e-06,0.10492288568924416,0.03971069720530735,25,10,10
45,1622,0.8793603417937572,1.8578065513250705e-05,0.0768721832753126,0.04374889686541649,25,10,10
45,1623,0.8743768084386647,4.806665157490978e-07,0.08527484873655158,0.04034786215826741,25,10,10
45,1624,0.8144990706403914,7.471830991044944e-07,0.15344420374773055,0.03205597842877906,25,10,10
45,1625,0.7779862540224696,0.0007256617924350277,0.16889293153548038,0.05239515264961638,25,10,10
45,1626,0.8107129973515456,1.4814454717582356e-05,0.14289993640060553,0.046372251793131404,25,10,10
45,1627,0.8148464779499848,1.0795285989572082e-05,0.15714738547879858,0.027995341285226946,25,10,10
45,1628,0.7931800018005474,1.1067012798125972e-05,0.1545471600916306,0.05226177109502474,25,10,10
45,1629,0.7562470913295037,1.9885980751346337e-05,0.16441325877094706,0.0793197639187984,25,10,10
45,1630,0.6708984866555222,5.809486998723093e-05,0.24838760734769008,0.08065581112679672,25,10,10
45,1631,0.7349009815145904,4.215317581108828e-05,0.1844169626333346,0.08063990267626289,25,10,10
45,1632,0.7232062112456019,4.4697097989571226e-05,0.19288426012983284,0.08386483152657627,25,10,10
45,1633,0.6810119498658622,1.1397809776805746e-05,0.2752228680721661,0.04375378425219384,25,10,10
45,1634,0.6470423557654778,1.3437671645309013e-05,0.31233092616886216,0.04061328039401453,25,10,10
45,1635,0.7350095165540903,2.983397520605146e-06,0.21943092081256224,0.045556579235823166,25,10,10
45,1636,0.7677269511669625,1.650487569461899e-06,0.19239756669072083,0.03987383165474476,25,10,10
45,1637,0.8196916481016068,1.1706851847750547e-05,0.1403941811816443,0.039902463864898985,25,10,10
45,1638,0.7877675822726004,2.2634487545913703e-05,0.16638986753557009,0.04581991570428363,25,10,10
45,1639,0.8211587708667777,2.5190245655349867e-05,0.14888070549244,0.029935333395126502,25,10,10
45,1640,0.8405092592580397,5.009507090854115e-05,0.11975814033377531,0.039682505337276026,25,10,10
45,1641,0.7962098455695261,3.992495616180186e-05,0.1638348517632141,0.0399153777110965,25,10,10
45,1642,0.7939070996846267,1.2456414063666503e-05,0.16595642191543417,0.040124021985874087,25,10,10
45,1643,0.7852271540091624,3.479438899809111e-06,0.175816301030121,0.038953065521816446,25,10,10
45,1644,0.7037623802521449,0.0004671175856123572,0.2221878678559356,0.07358263430630775,25,10,10
45,1645,0.719956154335391,0.0003717959108057623,0.20842826648397608,0.07124378326982607,25,10,10
45,1646,0.7100730011176908,0.010337894515011478,0.20477069199562514,0.07481841237167475,25,10,10
45,1647,0.8431976012430611,0.0002373408947732209,0.15208170864928922,0.0044833492128753165,25,10,10
45,1648,0.8764243345775944,2.8520075884606694e-06,0.1233293236039813,0.00024348981083425355,25,10,10
45,1649,0.8310237272057508,1.5719014480611402e-06,0.1686751909471752,0.0002995099456246696,25,10,10
45,1650,0.8794552235042425,7.985566115559893e-07,0.1199783694130774,0.0005656085260676053,25,10,10
45,1651,0.8626662210890779,1.5467308194045733e-06,0.1367139972367306,0.0006182349433705501,25,10,10
45,1652,0.8742592478244745,4.696224602649593e-05,0.12508631267993486,0.0006074772495615561,25,10,10
45,1653,0.838566377567119,0.0002682114683601779,0.15619599364131168,0.004969417323207904,25,10,10
45,1654,0.8990060484682998,1.4034884198962232e-05,0.10085845670750151,0.0001214599399999495,25,10,10
45,1655,0.9077009769578052,7.881255863325394e-06,0.09210424087214278,0.00018690091418896782,25,10,10
45,1656,0.8561931394314714,1.4055438463542465e-06,0.13739994080346438,0.006405514221218534,25,10,10
45,1657,0.864432316066452,1.3287539504267925e-06,0.12386618367981858,0.011700171499779099,25,10,10
45,1658,0.9036091528706365,2.176810440923557e-06,0.09370742525774198,0.0026812450611802957,25,10,10
45,1659,0.9093745498769941,3.606899995654569e-05,0.09041259369694239,0.00017678742610510782,25,10,10
45,1660,0.8420657717898381,2.778140689093731e-06,0.13321773785126312,0.024713712218208676,25,10,10
45,1661,0.8641239715473767,2.5959845545602258e-05,0.09939689698041242,0.0364531716266661,25,10,10
45,1662,0.7725808596783414,2.4261996402631163e-05,0.1909380482250214,0.03645683010023233,25,10,10
45,1663,0.7960390002146066,1.1347992368799284e-06,0.160560597079886,0.04339926790627078,25,10,10
45,1664,0.7130255071397003,4.441174293540684e-06,0.2036220575975348,0.08334799408847067,25,10,10
45,1665,0.6957937411592537,0.0002995236488073874,0.22413444337909574,0.0797722918128409,25,10,10
45,1666,0.6772316732932667,5.977947535517735e-05,0.25096412972484666,0.07174441750653393,25,10,10
45,1667,0.7854186063819054,1.3568742538775228e-05,0.14065398868962276,0.07391383618593218,25,10,10
45,1668,0.7811818502664211,1.639106716999142e-06,0.139519993729,0.07929651689786214,25,10,10
45,1669,0.7238768329773386,1.3055796106182951e-05,0.19534701773869248,0.08076309348786477,25,10,10
45,1670,0.7497025926422589,1.5099545183145261e-06,0.19684900789368606,0.053446889509539186,25,10,10
45,1671,0.7574548570015536,1.4759443997138982e-05,0.22935638778982415,0.013173995764625697,25,10,10
45,1672,0.7907543322716206,3.782718830335092e-05,0.18047290457262663,0.028734935967448413,25,10,10
45,1673,0.8626500490064469,1.2902707367855559e-05,0.11128489497984109,0.026052153306342602,25,10,10
45,1674,0.8252485868929955,1.937907900444442e-05,0.13825980356754283,0.03647223046045593,25,10,10
45,1675,0.824581890191979,2.0645058874854268e-05,0.13701580304219427,0.03838166170695156,25,10,10
45,1676,0.885043915580111,1.859003817332895e-06,0.07493283348189189,0.040021391934179515,25,10,10
45,1677,0.8766421710929947,1.4109512190703866e-06,0.08608749972495001,0.037268918230835356,25,10,10
45,1678,0.8902175842988974,1.3813577834304547e-05,0.07316667353229205,0.036601928590976836,25,10,10
45,1679,0.8547916358561659,1.1672537505780425e-07,0.10481107376289313,0.04039717365556453,25,10,10
45,1680,0.8248528354162172,7.042338301390686e-07,0.13426494156351335,0.04088151878643892,25,10,10
45,1681,0.8347151940906619,1.0486150595694519e-06,0.0926255434145773,0.0726582138797004,25,10,10
45,1682,0.8422283180335149,1.98196980328296e-06,0.10027446637812976,0.057495233618550266,25,10,10
45,1683,0.8325254191093664,1.0278499866593683e-06,0.09638948896441212,0.07108406407623451,25,10,10
45,1684,0.7460722552050335,6.725656464381384e-05,0.17946795654777672,0.07439253168254419,25,10,10
45,1685,0.771433473027552,2.5519248716303203e-05,0.14985335125799815,0.07868765646573338,25,10,10
45,1686,0.764978857558058,1.8679743349940453e-06,0.19315509566056244,0.041864178807042476,25,10,10
45,1687,0.7333077895836211,1.0775890864576105e-05,0.2184956930959293,0.04818574142958474,25,10,10
45,1688,0.7239845940993389,4.5147780446858825e-05,0.23574267330478804,0.04022758481542699,25,10,10
45,1689,0.7305240052271776,0.00010522417043826914,0.1940352465249846,0.07533552407739576,25,10,10
45,1690,0.7427322819415084,2.413881555615361e-05,0.21080077537920888,0.04644280386372625,25,10,10
45,1691,0.7566417447109768,3.762488948613567e-06,0.19670570515644686,0.046648787643626545,25,10,10
45,1692,0.7918012793024494,0.00011966469214930961,0.13199333596804716,0.07608572003735299,25,10,10
45,1693,0.7854845392483857,0.00012893378348350525,0.18953778645821193,0.024848740509916954,25,10,10
45,1694,0.8607038310013617,6.17644594033103e-05,0.09454440005279098,0.04469000448644301,25,10,10
45,1695,0.884126972495445,1.1429650013361254e-06,0.07294379122396072,0.042928093315594315,25,10,10
45,1696,0.8193208176713036,1.3149648068226667e-05,0.1376034762832775,0.043062556397349676,25,10,10
45,1697,0.8105791519562825,3.1168106057666654e-05,0.14645705328814335,0.04293262664951401,25,10,10
45,1698,0.8504696043861102,1.2768135509130085e-05,0.12478622553497042,0.02473140194340779,25,10,10
45,1699,0.8266013991820165,0.0006616439922133312,0.14800897718410472,0.024727979641665686,25,10,10
45,1700,0.7816250735420343,3.338171249996023e-05,0.18184535914632868,0.036496185599136456,25,10,10
45,1701,0.7738507031654906,0.0001022584618037531,0.18616873884862378,0.039878299524078134,25,10,10
45,1702,0.6047810188776501,3.604956456834732e-05,0.39175342390587703,0.003429507651899154,25,10,10
45,1703,0.7285325783986406,4.519470414893671e-05,0.270698971065165,0.0007232558320424136,25,10,10
45,1704,0.7992152174386223,1.3277285056677883e-05,0.19986204753131645,0.0009094577450048146,25,10,10
45,1705,0.8492256106188287,9.763935226181528e-06,0.11073995610772235,0.040024669338222296,25,10,10
45,1706,0.8946769507053202,1.0646835422913206e-06,0.06517091213163982,0.04015107247949694,25,10,10
45,1707,0.8509623846276433,0.00022588734553918795,0.1123436356155357,0.03646809241128022,25,10,10
45,1708,0.9131641383343586,7.908383907474028e-07,0.05032596506781451,0.036509105759436535,25,10,10
45,1709,0.901045747330049,5.269260226623576e-07,0.05753983045401397,0.041413895289915466,25,10,10
45,1710,0.833093793514207,3.517297114073777e-06,0.12230546769319553,0.0445972214954808,25,10,10
45,1711,0.8015833319525909,0.00032786509915151246,0.15598451920981124,0.042104283738443174,25,10,10
45,1712,0.8415472281540142,0.00032511484551253704,0.11827605637196267,0.03985160062851014,25,10,10
45,1713,0.871880041289356,1.4463538635901463e-06,0.0882242706722229,0.039894241684557616,25,10,10
45,1714,0.842764468829672,1.160457189469337e-06,0.11762082136444799,0.03961354934868694,25,10,10
45,1715,0.8072800973068216,1.1769561026352101e-05,0.15057051137111224,0.04213762176103713,25,10,10
45,1716,0.8595184467030963,0.00029913954878780846,0.10011033146308916,0.04007208228502624,25,10,10
45,1717,0.8735533495148894,3.947296745362322e-05,0.08658362666333462,0.03982355085432174,25,10,10
45,1718,0.8876508763417951,4.135836984325277e-05,0.07237224350429589,0.03993552178406565,25,10,10
45,1719,0.8087605818881923,8.307088009446048e-07,0.14786923139266706,0.04336935601033956,25,10,10
45,1720,0.7399426249129991,2.105419641223801e-06,0.17860746674026526,0.08144780292709393,25,10,10
45,1721,0.7335071871883565,1.7515817300732147e-06,0.18459594445936947,0.08189511677054118,25,10,10
45,1722,0.748368721052764,1.8901585355561508e-05,0.20119006948640852,0.050422307875473166,25,10,10
45,1723,0.8057323022570031,2.7897061541171987e-07,0.150516010130909,0.04375140864147043,25,10,10
45,1724,0.8632741113712847,1.208658018110393e-06,0.09089204950748822,0.0458326304632084,25,10,10
45,1725,0.8643703865252413,2.0696702772509406e-05,0.09260794222665741,0.04300097454532778,25,10,10
45,1726,0.7941183226083741,2.5297774259806275e-06,0.1661166072085402,0.03976254040565736,25,10,10
45,1727,0.7954623362465894,4.64201176570018e-05,0.16469293658885395,0.03979830704689925,25,10,10
45,1728,0.8055864490248946,4.656198472993145e-05,0.15765047789206338,0.036716511098310416,25,10,10
45,1729,0.7189927010975012,1.180982831276458e-05,0.24392781457679963,0.03706767449738522,25,10,10
45,1730,0.8028757071355996,1.6670012279961556e-06,0.19050368762672,0.006618938236451333,25,10,10
45,1731,0.7919416113001571,4.873679554619467e-05,0.2013796470632248,0.006630004841068614,25,10,10
45,1732,0.8741794972382606,1.239851057778674e-06,0.12558450124680526,0.0002347616638749774,25,10,10
45,1733,0.8642899039603499,1.4247422493769588e-05,0.13568238548830303,1.3463128850257112e-05,25,10,10
45,1734,0.8529163070157881,7.035803774205835e-06,0.14695102930776258,0.00012562787267360445,25,10,10
45,1735,0.8828062271470938,2.143093634949261e-05,0.11709848154418158,7.386037237470667e-05,25,10,10
45,1736,0.8217315388799377,1.0085446823851447e-06,0.1742688970074564,0.003998555567923086,25,10,10
45,1737,0.9199403644461102,4.241065230601996e-07,0.0800032366336842,5.597481368245495e-05,25,10,10
45,1738,0.9382848778374617,1.3676895710365571e-06,0.0616519384326398,6.181604032662642e-05,25,10,10
45,1739,0.9071470213059036,0.0002564960843966607,0.0866763137214848,0.005920168888214695,25,10,10
45,1740,0.8701249743588901,2.725215515987312e-05,0.12127440708557133,0.008573366400377118,25,10,10
45,1741,0.8564015232030071,6.954669896427601e-06,0.13369988946619224,0.009891632660902849,25,10,10
45,1742,0.8580250651673531,0.0006661789275787993,0.13986351336831826,0.001445242536749793,25,10,10
45,1743,0.8783641136305097,4.1283343252356346e-05,0.12009318135853705,0.0015014216677004483,25,10,10
45,1744,0.906354015354813,1.214226960919899e-06,0.09317369303373789,0.0004710773844883634,25,10,10
45,1745,0.9323697566482936,8.442133255011322e-07,0.06742271778445391,0.00020668135392784085,25,10,10
45,1746,0.8790006468413109,7.864193087880306e-05,0.11733805549185523,0.0035826557359517446,25,10,10
45,1747,0.8467321771054368,7.883538198238813e-05,0.15268513693580155,0.0005038505767790611,25,10,10
45,1748,0.8362843578279922,2.4431274899219203e-05,0.16349472760601202,0.0001964832910949845,25,10,10
45,1749,0.7705556800637032,7.548353122703809e-05,0.22339872902106994,0.005970107383996279,25,10,10
45,1750,0.7859304533888288,1.5544501043349936e-05,0.21398307218050003,7.092992962567155e-05,25,10,10
45,1751,0.783159242148036,5.149454271385767e-06,0.21676739823580163,6.821016188759945e-05,25,10,10
45,1752,0.7509892803361957,0.000725617900880028,0.2481017763088693,0.00018332545405255217,25,10,10
45,1753,0.7418772383212316,8.230914190899626e-06,0.2546099601131319,0.0035045706514443154,25,10,10
45,1754,0.769836297228597,2.9543536849939105e-05,0.21874925025368464,0.011384908980867805,25,10,10
45,1755,0.8392704887035365,1.279174718552752e-05,0.16049712754836432,0.00021959200091275398,25,10,10
45,1756,0.8931785185225681,3.084278875956501e-06,0.10435493043337246,0.002463466765181692,25,10,10
45,1757,0.8837090662866668,3.1079860047477867e-06,0.11616419788305432,0.00012362784427185361,25,10,10
45,1758,0.9155711129602241,2.100642881760487e-06,0.08427279644184582,0.00015398995504736676,25,10,10
45,1759,0.940162030300508,3.3523492892238903e-06,0.05975489880550823,7.971854469422065e-05,25,10,10
45,1760,0.9147707249640062,2.6190631578549765e-05,0.08516889871743537,3.418568697848613e-05,25,10,10
45,1761,0.8058511835045005,1.1323934396002514e-05,0.16120243873615095,0.03293505382495023,25,10,10
45,1762,0.807504805930492,2.056323273096231e-05,0.1617925727470956,0.030682058089680723,25,10,10
45,1763,0.8656407634018938,2.1966299234290667e-06,0.12256587767735755,0.011791162290824508,25,10,10
45,1764,0.9103494611867231,1.031775362310525e-06,0.08686273931534683,0.0027867677225681432,25,10,10
45,1765,0.9275607515149974,1.2809747565665533e-05,0.07233600923200202,9.042950543520158e-05,25,10,10
45,1766,0.7744066302923338,1.8003930159935383e-05,0.2254157632856338,0.0001596024918745809,25,10,10
45,1767,0.8890359416855411,2.4052864835671558e-06,0.11094373085535081,1.7922172623268634e-05,25,10,10
45,1768,0.8960140100973325,0.00010097917804300126,0.10380695796494795,7.805275967748115e-05,25,10,10
45,1769,0.862392279364341,5.656606442316183e-07,0.13569149035151512,0.0019156646234988048,25,10,10
45,1770,0.798606948554831,1.4726412436483115e-06,0.19996127252499388,0.001430306278931672,25,10,10
45,1771,0.8392758460798588,3.465124685459201e-05,0.16057664562387092,0.00011285704941549307,25,10,10
45,1772,0.8378446371928371,1.3706707410949914e-05,0.16212543976313515,1.6216336613983762e-05,25,10,10
45,1773,0.8624253658502217,7.660854198856362e-06,0.1341892469616038,0.003377726333974235,25,10,10
45,1774,0.9007264043068006,7.192974467170315e-06,0.09925058177971124,1.5820939020570432e-05,25,10,10
45,1775,0.8071101268872068,0.00010451184124088639,0.1888656117749507,0.003919749496597536,25,10,10
45,1776,0.8328022086225648,8.718075901472003e-05,0.16153584898529036,0.00557476163312797,25,10,10
45,1777,0.8613724779620832,8.8330535544068e-06,0.13826134809627008,0.0003573408880924643,25,10,10
45,1778,0.9046023451030071,1.5426467630228507e-05,0.09532794507526617,5.428335409478336e-05,25,10,10
45,1779,0.8249054115323863,9.931560399393977e-06,0.17471347661906958,0.0003711802881414645,25,10,10
45,1780,0.8461639829912305,0.00016715886574535896,0.15270282891113188,0.0009660292318922155,25,10,10
45,1781,0.8287680786214071,0.0008048077907215089,0.13039122939132286,0.04003588419654802,25,10,10
45,1782,0.8207410618595897,1.288256713356648e-05,0.13950084399815024,0.03974521157512571,25,10,10
45,1783,0.8101898674590532,1.6188303198537072e-06,0.15146410724542533,0.03834440646520062,25,10,10
45,1784,0.8427527195723737,6.615224721405873e-07,0.1302665937288173,0.02698002517633638,25,10,10
45,1785,0.8637717561036672,2.835580398347302e-05,0.11148477595281282,0.024715112139535388,25,10,10
45,1786,0.79789250556173,1.8269571345947096e-05,0.16916466826444398,0.03292455660247859,25,10,10
45,1787,0.8125577437630495,2.808841132976278e-06,0.1596022038271586,0.02783724356865534,25,10,10
45,1788,0.7779864098640124,3.7513432330498077e-06,0.18260265480655022,0.039407183986202375,25,10,10
45,1789,0.8149185642804427,2.242798084449599e-06,0.14541705477597042,0.039662138145502006,25,10,10
45,1790,0.8807825543426202,1.3457261176859005e-06,0.04831737409892423,0.07089872583233794,25,10,10
45,1791,0.8656475604303024,1.8106425841098856e-06,0.05766248421107467,0.07668814471603855,25,10,10
45,1792,0.7301612530864251,0.0009871643702434295,0.20101346315642238,0.06783811938690842,25,10,10
45,1793,0.8197730037282794,3.449233737320836e-05,0.13947342439389124,0.04071907954045856,25,10,10
45,1794,0.755083399892344,2.6081552757711663e-05,0.20900814953872487,0.035882369016172505,25,10,10
45,1795,0.7995810107968471,1.0281399742853655e-05,0.13278001888602567,0.06762868891738306,25,10,10
45,1796,0.7509200417481696,1.0243779521093854e-05,0.16331193749218642,0.08575777698012083,25,10,10
45,1797,0.8433615004864633,1.3782159170309834e-05,0.12800384891493746,0.0286208684394283,25,10,10
45,1798,0.7966895354737246,3.4734412313163954e-05,0.17331805306043907,0.029957677053525023,25,10,10
45,1799,0.8063784166093371,5.878264243400749e-05,0.153540578406601,0.040022222341628604,25,10,10
45,1800,0.8382204164209505,2.5237574871362667e-05,0.1251111613563302,0.036643184647847764,25,10,10
45,1801,0.8477966009722552,2.82694348939191e-05,0.11566643131682135,0.03650869827602995,25,10,10
45,1802,0.8452042868082569,9.472203691139527e-06,0.11817611868739766,0.03661012230065374,25,10,10
45,1803,0.7319428637490353,1.1098928231811648e-05,0.23439031308821245,0.03365572423452147,25,10,10
45,1804,0.8641085472759493,1.2504033565024689e-06,0.10336356727798615,0.03252663504270726,25,10,10
45,1805,0.9230979561299079,0.0007244044267106042,0.03649922060500449,0.039678418838377,25,10,10
45,1806,0.8412128031207269,0.010346311277828328,0.10874610344553869,0.03969478215590656,25,10,10
45,1807,0.8825830746806936,0.010327132280037407,0.066971680869076,0.04011811217019339,25,10,10
45,1808,0.837289931804114,1.2675272214981987e-05,0.12212451276783097,0.040572880155838986,25,10,10
45,1809,0.8323673862837928,2.6848094355075637e-05,0.12748772956417104,0.04011803605768096,25,10,10
45,1810,0.9092685483446807,9.206042770322372e-06,0.05051726792513929,0.04020497768741004,25,10,10
45,1811,0.8897147166645069,1.5532977216659605e-06,0.07019513627758239,0.04008859376018934,25,10,10
45,1812,0.8359577266759963,9.317982313196962e-06,0.12401514142369047,0.04001781391799795,25,10,10
45,1813,0.8357884859697168,1.6921343050394836e-05,0.12969900320300043,0.03449558948423141,25,10,10
45,1814,0.812577329096637,0.0003867975679859368,0.16226796918104583,0.024767904154331832,25,10,10
45,1815,0.7933755850602874,0.0004201430785556322,0.1662587755177373,0.03994549634341978,25,10,10
45,1816,0.792703723272679,0.0003660248431102116,0.16684766567729048,0.04008258620692028,25,10,10
45,1817,0.7802610458465938,0.0003860291609708233,0.2107010555613967,0.008651869431037476,25,10,10
45,1818,0.8820746965515558,3.77461215123668e-06,0.11786427782083729,5.725101545457015e-05,25,10,10
45,1819,0.8586770182904664,3.555072555013382e-05,0.14115448255526597,0.00013294842871507202,25,10,10
45,1820,0.9031559670021595,4.471143004406247e-05,0.09674975326752304,4.956830027403226e-05,25,10,10
45,1821,0.8325789742568795,0.00015675440749514567,0.1669811533750523,0.000283117960573266,25,10,10
45,1822,0.8421687496159193,1.3305450457481907e-05,0.15732951741000578,0.0004884275236156821,25,10,10
45,1823,0.9145348348771738,1.6512225125108548e-05,0.08497720737078111,0.00047144552691990373,25,10,10
45,1824,0.8987502417107662,4.3799863493223165e-05,0.10070562586628927,0.0005003325594513119,25,10,10
45,1825,0.82137798094068,7.811321520346041e-05,0.17813979525930582,0.0004041105848088771,25,10,10
45,1826,0.7879395991020192,9.542213625325032e-05,0.20790311107407602,0.004061867687649398,25,10,10
45,1827,0.9011988369012732,6.015238922065712e-07,0.0987927971723773,7.764402454838922e-06,25,10,10
45,1828,0.8595302793976832,5.7853765911803906e-05,0.10699269346472214,0.033419173371682584,25,10,10
45,1829,0.8619797983977827,6.7884768958568e-05,0.10435648210957407,0.03359583472368371,25,10,10
45,1830,0.8570575791980972,2.746907245901447e-05,0.11528196143340992,0.02763299029603152,25,10,10
45,1831,0.8239345039271027,2.1604124507770022e-05,0.1528907112351559,0.023153180713232892,25,10,10
45,1832,0.8623635344710087,4.995066253815545e-05,0.09772353810387788,0.0398629767625754,25,10,10
45,1833,0.7665317601384887,3.913080412112966e-06,0.22944485337210782,0.004019473408990686,25,10,10
45,1834,0.8885424603544972,4.1670357731269526e-05,0.11098241623897742,0.00043345304879348297,25,10,10
45,1835,0.8955392175810349,1.833810882249457e-05,0.10438305723855912,5.938707158127397e-05,25,10,10
45,1836,0.9097477301570713,4.389255211762301e-06,0.09023599504371708,1.188554400025393e-05,25,10,10
45,1837,0.8806117453499748,4.2998939541842474e-06,0.11916165890620928,0.0002222958498615779,25,10,10
45,1838,0.8246207722499479,1.4889319638333075e-06,0.14085197945368175,0.03452575936440533,25,10,10
45,1839,0.8336661110577444,3.535882539528935e-05,0.13162069831988604,0.03467783179697493,25,10,10
45,1840,0.7248299625757697,4.576446549258269e-05,0.23451652763290706,0.040607745325832466,25,10,10
45,1841,0.7201960723307614,0.0028200991953402786,0.2329938409326402,0.04398998754125737,25,10,10
45,1842,0.7714843443371552,0.0027860696938227557,0.1819831815177616,0.04374640445125902,25,10,10
45,1843,0.8373696153758288,2.1619372028038754e-06,0.12527234694421957,0.03735587574274884,25,10,10
45,1844,0.7944613298796837,1.1424418733328125e-05,0.12914878830190546,0.07637845739967596,25,10,10
45,1845,0.7978347921417204,1.41687304359886e-06,0.12537392184350615,0.07678986914172815,25,10,10
45,1846,0.7856303489546543,1.2210601959597952e-05,0.17639350757566677,0.037963932867720616,25,10,10
45,1847,0.7528559497689054,0.009522219813653211,0.19743199048407667,0.040189839933369276,25,10,10
45,1848,0.7392675551797779,0.009428707045628084,0.21111934237578697,0.04018439539880703,25,10,10
45,1849,0.7900652850747241,5.908535752977801e-05,0.169708028336095,0.040167601231649225,25,10,10
45,1850,0.8513534078976375,5.767729278219316e-05,0.1353217477498566,0.01326716705972309,25,10,10
45,1851,0.8506468432778007,9.115971752040048e-06,0.142785444307394,0.0065585964430516916,25,10,10
45,1852,0.8392163848484304,1.1007241289442325e-06,0.1517630522204218,0.009019462207016741,25,10,10
45,1853,0.9075169435184509,1.5447724547451775e-06,0.08573340914684965,0.0067481025622443324,25,10,10
45,1854,0.9073098063275339,2.2483098094641415e-06,0.08795326994062634,0.0047346754220303315,25,10,10
45,1855,0.8758141525910677,3.3872106799784457e-06,0.09470465107887029,0.029477809119382012,25,10,10
45,1856,0.7704890290676896,9.170745584218586e-06,0.17375138377216076,0.05575041641456546,25,10,10
45,1857,0.8103398134271907,7.938887748044492e-06,0.16292665908170056,0.02672558860336004,25,10,10
45,1858,0.84771301796719,6.787076870818626e-06,0.1107830933100422,0.04149710164589645,25,10,10
45,1859,0.8469252677631612,7.362672338296131e-06,0.11151838512554088,0.04154898443895923,25,10,10
45,1860,0.8843492489262391,1.961979077805624e-05,0.07754276125960535,0.03808837002337709,25,10,10
45,1861,0.8661152130355834,8.716694294109073e-06,0.12289415072023818,0.010981919549884263,25,10,10
45,1862,0.8669245396219856,7.530086522531626e-06,0.13128562435124846,0.0017823059402429695,25,10,10
45,1863,0.8608743264685189,3.9989672589749906e-05,0.13899293151072617,9.275234816354569e-05,25,10,10
45,1864,0.8279018310936442,3.792866719543879e-05,0.17156311337664787,0.0004971268625124587,25,10,10
45,1865,0.7692051962355937,5.6856638977906745e-05,0.23053042921603006,0.00020751790939754002,25,10,10
45,1866,0.7770308409547126,4.2104053164635965e-05,0.22273742042181977,0.00018963457030338714,25,10,10
45,1867,0.7780049362889035,2.7499133676538248e-06,0.221797668582972,0.0001946452147574756,25,10,10
45,1868,0.6914518637967565,5.736529300134815e-06,0.3085095428000846,3.285687386223059e-05,25,10,10
45,1869,0.6812078195542608,2.2068605138197953e-05,0.3187308757597412,3.923608086011778e-05,25,10,10
45,1870,0.8394970366425083,3.0826433767360163e-06,0.16015068443111707,0.0003491962829970807,25,10,10
45,1871,0.8239229280774184,2.300472723860603e-05,0.17564410361253355,0.00040996358280821174,25,10,10
45,1872,0.8089701158459981,9.724803567410129e-05,0.19072001068727282,0.00021262543105607655,25,10,10
45,1873,0.8876049236618835,6.808846567970503e-05,0.11226989018467604,5.7097687761989205e-05,25,10,10
45,1874,0.840018109107392,9.647983997365527e-06,0.12030544458926958,0.03966679831933903,25,10,10
45,1875,0.8400555607863205,8.675943770087067e-06,0.11993484893556189,0.04000091433434726,25,10,10
45,1876,0.8249238628238149,0.000876393269238919,0.13414112169800038,0.04005862220894705,25,10,10
45,1877,0.8153946429090305,0.0008847084264511298,0.1409465534785068,0.04277409518601072,25,10,10
45,1878,0.7685157908318981,0.00026306607151404035,0.15380573108079507,0.07741541201579263,25,10,10
45,1879,0.79618832191453,9.20321710388479e-07,0.1257873543328985,0.07802340343086171,25,10,10
45,1880,0.7026107745583089,1.8771979582797155e-05,0.21761424481105787,0.07975620865105174,25,10,10
45,1881,0.7432572672458168,1.5169887271574244e-06,0.1738814207491357,0.0828597950163185,25,10,10
45,1882,0.7404501314865343,2.3747368481785593e-05,0.1866231702634172,0.07290295088156437,25,10,10
45,1883,0.8021188711749638,1.2065327170053977e-05,0.12722320048524804,0.07064586301261729,25,10,10
45,1884,0.8220496978082368,1.2723191675556742e-05,0.1005017116448156,0.077435867355271,25,10,10
45,1885,0.8044773991201797,3.106507602640522e-06,0.13476659606949326,0.060752898302724206,25,10,10
45,1886,0.7764856155201401,7.357982058646089e-07,0.1479283335391163,0.07558531514253611,25,10,10
45,1887,0.8008092249869958,2.2582015569804745e-06,0.11959643780212771,0.07959207900931882,25,10,10
45,1888,0.7764992546257277,3.825735368201727e-06,0.14351492758655346,0.0799819920523502,25,10,10
45,1889,0.7978461039104401,3.551062126511515e-05,0.11613913275839659,0.08597925270989788,25,10,10
45,1890,0.74378277741125,7.989231907053631e-05,0.170175716610981,0.08596161365869984,25,10,10
45,1891,0.7856818689165936,6.816002957127507e-05,0.14011189969759597,0.07413807135623889,25,10,10
45,1892,0.8466490788482194,6.300812908104707e-05,0.10628079146581189,0.04700712155688673,25,10,10
45,1893,0.837144885932954,6.782511440708316e-06,0.12260444033697457,0.04024389121863073,25,10,10
45,1894,0.8673983013632965,9.417498961816554e-06,0.09256050677826154,0.04003177435947965,25,10,10
45,1895,0.8111445474212148,8.531034697883476e-05,0.12275177280517793,0.06601836942662767,25,10,10
45,1896,0.7769859565308849,7.087001323205486e-05,0.18027536317397005,0.0426678102819129,25,10,10
45,1897,0.8155220875297928,3.518306018373209e-05,0.1594086047599452,0.025034124650075325,25,10,10
45,1898,0.7681775807158402,1.2218409424959946e-05,0.20440425181919303,0.0274059490555415,25,10,10
45,1899,0.8225360211795808,2.0870676112605e-06,0.13775936077714288,0.03970253097566376,25,10,10
45,1900,0.7885568087476978,2.8486115158810452e-06,0.18753581807421368,0.023904524566571723,25,10,10
45,1901,0.8131898969227987,4.0070925297150115e-06,0.15756214930037205,0.029243946684298826,25,10,10
45,1902,0.8251575594599789,1.8688934605697076e-06,0.1456551945564587,0.029185377090101813,25,10,10
45,1903,0.7437279083881653,2.6662009312949964e-05,0.22949736638637838,0.026748063216144032,25,10,10
45,1904,0.8262407900505491,8.12777037493455e-06,0.13218186778935506,0.04156921438972026,25,10,10
45,1905,0.7825150607161114,7.437804583353263e-06,0.21537066522816317,0.0021068362511429332,25,10,10
45,1906,0.8082759828262397,9.314131040377611e-05,0.18992261301961363,0.0017082628437431174,25,10,10
45,1907,0.7928025953608278,7.070561174238148e-05,0.2046986681819921,0.002428030845437365,25,10,10
45,1908,0.8251877037111508,1.1667183333407966e-05,0.17313062182077996,0.0016700072847365562,25,10,10
45,1909,0.8186022028643122,3.2172854092596204e-05,0.17753254902282245,0.0038330752587711825,25,10,10
45,1910,0.9132207023439186,9.529703625781743e-07,0.08616820281193181,0.0006101418737871656,25,10,10
45,1911,0.745373291749207,0.0008721071879367399,0.2533597645744062,0.0003948364884484873,25,10,10
45,1912,0.8924659807652823,0.000868618442030907,0.10658785103969758,7.754975298838439e-05,25,10,10
45,1913,0.8697880187017439,1.3267184296842798e-05,0.12718682344121426,0.0030118906727426204,25,10,10
45,1914,0.8241281819274441,4.446708766365655e-05,0.17032090093566463,0.005506450049229281,25,10,10
45,1915,0.8693693575834222,3.959085409855649e-05,0.12854256849068998,0.002048483071789603,25,10,10
45,1916,0.9534335999531091,4.1195563948095727e-07,0.04619450596467127,0.0003714821265799339,25,10,10
45,1917,0.9002388904736623,3.741258952942792e-07,0.09945689549646941,0.0003038399039719758,25,10,10
45,1918,0.840596589492985,3.526279476562812e-07,0.1593321249259743,7.093295309196445e-05,25,10,10
45,1919,0.8473630690047516,1.4359457924603065e-06,0.15250808209094546,0.0001274129585097216,25,10,10
45,1920,0.8635383736767682,1.2797348837760607e-06,0.13627437669515127,0.00018596989319629006,25,10,10
45,1921,0.8336292643902324,7.073147991888471e-05,0.12650275287099846,0.03979725125884789,25,10,10
45,1922,0.7953405871360356,7.863328905758702e-05,0.1643859763413407,0.04019480323356667,25,10,10
45,1923,0.7843389873349811,7.031877519509992e-05,0.17545645878815333,0.04013423510167089,25,10,10
45,1924,0.7115833585055911,4.773934061783392e-07,0.24783332168294092,0.040582842418062676,25,10,10
45,1925,0.7213074837959778,6.554985546336986e-06,0.23868673337527357,0.03999922784320187,25,10,10
45,1926,0.7190397681919056,5.4411763558288924e-06,0.2387892584145372,0.042165532217200215,25,10,10
45,1927,0.8385094842932272,2.7182710514679882e-06,0.10654162613967841,0.05494617129604184,25,10,10
45,1928,0.8888591458057837,9.772476850493351e-08,0.07882102824774996,0.03231972822169843,25,10,10
45,1929,0.8290175960947734,2.0738877722526173e-06,0.10995254061759444,0.06102778939985908,25,10,10
45,1930,0.8163251007157192,9.377583243130421e-06,0.14084510544147238,0.04282041625956492,25,10,10
45,1931,0.7820100590493966,3.0380252339416443e-06,0.1719112722873807,0.04607563063798737,25,10,10
45,1932,0.8180830808200098,1.7816926526993918e-05,0.16583112708624623,0.016067975167214844,25,10,10
45,1933,0.835899841704906,1.8083056010688488e-05,0.13808101443858736,0.026001060800493903,25,10,10
45,1934,0.7855909548776152,8.067927786325412e-07,0.18826538003247964,0.026142858297125923,25,10,10
45,1935,0.7736515495636227,8.969621646579851e-06,0.19770994518762933,0.02862953562710118,25,10,10
45,1936,0.695528766906485,2.2837139620096553e-05,0.2712859194476247,0.033162476506270425,25,10,10
45,1937,0.7879242236411931,1.2771039983725473e-05,0.15174766510768606,0.06031534021113643,25,10,10
45,1938,0.7069506393542164,4.145238395960259e-06,0.19447419643514435,0.09857101897224389,25,10,10
45,1939,0.6987928369894615,5.120510708044745e-06,0.193905018201223,0.10729702429860749,25,10,10
45,1940,0.6891397183976359,1.2536498692558024e-06,0.19872663942699717,0.11213238852549642,25,10,10
45,1941,0.7155525012454372,0.0032566055013933987,0.2138691576670969,0.06732173558607087,25,10,10
45,1942,0.7751008420703396,3.3947100931596765e-05,0.15686026248431695,0.06800494834441143,25,10,10
45,1943,0.8400685272324221,1.466132240033183e-05,0.09755919912031805,0.06235761232486001,25,10,10
45,1944,0.7702514890219722,4.321543971479007e-06,0.18126672751334053,0.04847746192071445,25,10,10
45,1945,0.8285081958441941,1.7564749616323145e-06,0.12522929871650965,0.04626074896433373,25,10,10
45,1946,0.8402013482697179,2.9947884144283643e-06,0.12024718536785248,0.03954847157401419,25,10,10
45,1947,0.7098149869735141,3.389922204277722e-06,0.25024858315747806,0.03993303994680298,25,10,10
45,1948,0.8146169726618592,1.5283350225192488e-05,0.14519554588056724,0.04017219810734896,25,10,10
45,1949,0.766321164953672,0.0008558185878235768,0.19073260156447452,0.042090414894028844,25,10,10
45,1950,0.8650594973573242,0.0008364473792355581,0.09221154504111062,0.041892510222328615,25,10,10
45,1951,0.8606366034863174,7.683666723154874e-06,0.10303270165754821,0.036323011189411065,25,10,10
45,1952,0.8715447608277969,8.5998245789561e-06,0.08873886075825829,0.03970777858936533,25,10,10
45,1953,0.858882152583807,3.260134181554475e-05,0.10475964944360174,0.03632559663077478,25,10,10
45,1954,0.8358012496465429,2.6893777580486194e-05,0.1278469754670924,0.03632488110878405,25,10,10
45,1955,0.8416036174790996,0.000216113096314622,0.11957761344625892,0.0386026559783272,25,10,10
45,1956,0.8914629372402281,1.3829083185725478e-05,0.06860741365341055,0.03991582002317539,25,10,10
45,1957,0.8249561164722493,0.0005711029395627417,0.16803560836479572,0.006437172223389552,25,10,10
45,1958,0.8751687077907442,3.85657443452481e-05,0.12438099044394159,0.0004117360209678089,25,10,10
45,1959,0.7758723076514993,2.763443708117727e-05,0.22346599188386396,0.0006340660275552589,25,10,10
45,1960,0.879243953696106,9.097670616515534e-07,0.1204571806362382,0.000297955900594053,25,10,10
45,1961,0.8649652654166379,4.737209635187865e-05,0.13468827922815613,0.0002990832588532864,25,10,10
45,1962,0.8288992826280474,7.765962553493027e-05,0.17072036136099444,0.0003026963854242201,25,10,10
45,1963,0.8628907364238418,0.03689217673669514,0.1001394498779571,7.763696150714051e-05,25,10,10
45,1964,0.8186334554708735,0.03685744804219824,0.14448894723293695,2.0149253989981482e-05,25,10,10
45,1965,0.8332001333806331,0.03723196121894082,0.12918095444052807,0.000386950959897316,25,10,10
45,1966,0.850357007431603,0.012565001771803823,0.13665811332703728,0.00041987746955625594,25,10,10
45,1967,0.8557569469826827,0.000882607879066856,0.14328077901038233,7.966612786638405e-05,25,10,10
45,1968,0.84910590923588,0.0012003071595868492,0.14939646972752668,0.00029731387700611113,25,10,10
45,1969,0.8131813442966802,2.5546955281572607e-06,0.17208749829357203,0.014728602714219576,25,10,10
45,1970,0.8777863032272653,0.0005339313731643476,0.11894334623056414,0.002736419169005193,25,10,10
45,1971,0.9221419149144885,9.744512089591756e-06,0.07517659560178591,0.002671744971635937,25,10,10
45,1972,0.9174594910977432,1.095300577066608e-05,0.0793686249770009,0.003160930919485276,25,10,10
45,1973,0.9014848895740277,1.0306280237015047e-05,0.09803475825715507,0.00047004588857971506,25,10,10
45,1974,0.8597126959054653,1.0644789200038897e-05,0.11353390715888645,0.02674275214644753,25,10,10
45,1975,0.7890199985696333,1.1894554223574247e-05,0.16601534191631032,0.044952764959832026,25,10,10
45,1976,0.8633107505825177,9.740905095410434e-06,0.08578404709339983,0.05089546141898732,25,10,10
45,1977,0.8712825814628757,9.667811715576943e-06,0.08740396801434165,0.04130378271106607,25,10,10
45,1978,0.8628371958973482,8.825999452931113e-06,0.09736891201061411,0.03978506609258524,25,10,10
45,1979,0.810556013278111,1.0281797897769376e-05,0.15793440638470002,0.031499298539293306,25,10,10
45,1980,0.7598014403672957,5.178241007821876e-05,0.19764701471506743,0.04249976250755623,25,10,10
45,1981,0.8044150359501565,2.7625614523879554e-05,0.17065202454415918,0.024905313891161796,25,10,10
45,1982,0.8593047937954854,2.6971455707625156e-05,0.11581987178748454,0.024848362961322538,25,10,10
45,1983,0.8271338949885958,0.011226654579618377,0.1215124681896456,0.04012698224213839,25,10,10
45,1984,0.7955627733759444,0.03502556587613705,0.12318176124355544,0.046229899504362,25,10,10
45,1985,0.694986768834897,0.035034852112717535,0.2325452205478741,0.03743315850450993,25,10,10
45,1986,0.6982714655363144,0.0004819110408680195,0.2591898950363094,0.04205672838650602,25,10,10
45,1987,0.782633137652588,8.10155949883909e-06,0.17527908509511256,0.042079675692797164,25,10,10
45,1988,0.8127164004430848,2.808248008436635e-05,0.14754417819520144,0.03971133888162667,25,10,10
45,1989,0.8010031043222249,4.476428634604905e-05,0.17022956841508458,0.028722562976344027,25,10,10
45,1990,0.7469752277889566,5.2965774191068294e-05,0.22327231150953997,0.029699494927315082,25,10,10
45,1991,0.6662401421389668,0.00031602236550202974,0.29285571611694083,0.04058811937859347,25,10,10
45,1992,0.8043939422933215,0.0003462359865216429,0.1583784121114542,0.03688140960870188,25,10,10
45,1993,0.7981120423957887,0.00034646391921325383,0.16758100512329208,0.033960488561703965,25,10,10
45,1994,0.8666163665997446,2.613115027340173e-07,0.09365036882075392,0.03973300326799995,25,10,10
45,1995,0.843146888646915,9.219352442034464e-06,0.1488010330120406,0.008042858988602313,25,10,10
45,1996,0.8430566209802308,3.7230455014694917e-06,0.14906349517461762,0.007876160799651312,25,10,10
45,1997,0.826895672390623,6.736395986609806e-07,0.1651615270529399,0.007942126916834876,25,10,10
45,1998,0.7631027255652443,0.00010668770779014274,0.2287407872582519,0.008049799468713755,25,10,10
45,1999,0.7945927042232064,1.9651997469535007e-05,0.19670715491082905,0.008680488868494731,25,10,10
45,2000,0.8562525923207932,9.777050096725455e-06,0.1352572125027601,0.00848041812634846,25,10,10
45,2001,0.8429749512906645,5.782270214113814e-05,0.1485325855309885,0.008434640476205353,25,10,10
45,2002,0.9068467322100865,6.43796934900089e-07,0.05342664646277133,0.03972597753020774,25,10,10
45,2003,0.8456527365224011,1.3944926215656213e-06,0.14509157979911852,0.009254289185857594,25,10,10
45,2004,0.898773813036899,1.8619263319955534e-05,0.10113814936868813,6.94183310928298e-05,25,10,10
45,2005,0.8387364945472039,3.0555789587864765e-05,0.1585489603495981,0.002683989313608593,25,10,10
45,2006,0.8487768582997721,3.483708674730889e-05,0.15108923887534836,9.90657381317258e-05,25,10,10
45,2007,0.8655855713134887,3.070460300295144e-06,0.1312468408916641,0.0031645173345476734,25,10,10
45,2008,0.9317760968548948,1.6164392910657124e-06,0.0681701159707888,5.217073502503138e-05,25,10,10
45,2009,0.9431934174153156,1.2821961113478334e-06,0.056763882732346775,4.14176562262249e-05,25,10,10
45,2010,0.9007165141421032,2.174344739099134e-06,0.09914675263740959,0.00013455887574780116,25,10,10
45,2011,0.8757009850809506,3.3143241642295965e-06,0.12191437467277427,0.0023813259221077683,25,10,10
45,2012,0.9303002364035323,3.1623834903221317e-06,0.06718142520221182,0.0025151760107658683,25,10,10
45,2013,0.8762611149234739,1.3722952631405554e-06,0.12331041721431042,0.0004270955669501611,25,10,10
45,2014,0.8435971871108957,0.007364616180734415,0.13682397229621968,0.012214224412147123,25,10,10
45,2015,0.8280799736873822,0.007363486640106378,0.16433276699499763,0.00022377267751355447,25,10,10
45,2016,0.8454453782095658,0.0005652089600736042,0.1509591772627074,0.0030302355676520526,25,10,10
45,2017,0.8839356600258028,0.0005651325636678503,0.11493241890421899,0.0005667885063091855,25,10,10
45,2018,0.8635902493223768,3.111674659935343e-06,0.11287909202416571,0.02352754697879721,25,10,10
45,2019,0.8745756010323809,1.2774689274605984e-05,0.08567040461191407,0.039741219666430676,25,10,10
45,2020,0.8827258391825202,6.979397065080606e-06,0.07415689531662462,0.04311028610379054,25,10,10
45,2021,0.8002833939452897,6.580887974959246e-05,0.15737669697621443,0.04227410019874548,25,10,10
45,2022,0.8818012128170234,2.4151929484322536e-06,0.08167913139137005,0.03651724059865738,25,10,10
45,2023,0.8583196145464358,8.92971999569957e-06,0.10516257651987904,0.03650887921368926,25,10,10
45,2024,0.8166813019303057,2.9604330808344064e-06,0.14354329490654943,0.03977244273006268,25,10,10
45,2025,0.7348630546978343,1.629702854588217e-05,0.22552060234838472,0.039600045925235895,25,10,10
45,2026,0.7833565735194012,1.7759043704562312e-05,0.17697435889833038,0.03965130853856369,25,10,10
45,2027,0.8466657749525547,1.7757425087554047e-05,0.11373608386897986,0.03958038375337875,25,10,10
45,2028,0.7990721206415654,4.172480078195709e-06,0.16449454577038852,0.036429161107966686,25,10,10
45,2029,0.7441799007342442,9.029340886667133e-07,0.21308329839579151,0.04273589793587525,25,10,10
45,2030,0.6422141956810633,2.2423902818143756e-05,0.31417083473143714,0.04359254568468712,25,10,10
45,2031,0.6426387627784215,0.00025832200737626075,0.3168605600370296,0.040242355177178196,25,10,10
45,2032,0.7597083918812089,4.234018920572378e-06,0.19433598120011003,0.04595139289976078,25,10,10
45,2033,0.7574632873747094,5.142183734049419e-05,0.20256560505456447,0.03991968573338323,25,10,10
45,2034,0.8179576580971337,4.8498011837470195e-05,0.14126942760785632,0.04072441628317277,25,10,10
45,2035,0.8232616476222031,4.761904627216403e-05,0.13678949260344336,0.039901240728081606,25,10,10
45,2036,0.8609593596013388,0.002933413705036484,0.09640790254870234,0.03969932414492219,25,10,10
45,2037,0.8259916004289704,0.00017227875492541238,0.1333257656883975,0.0405103551277048,25,10,10
45,2038,0.8062443824006009,0.000150819019497978,0.15337108008022896,0.040233718499671084,25,10,10
45,2039,0.7942602556646066,0.00032768543764557297,0.1653962599706061,0.04001579892714104,25,10,10
45,2040,0.7123983804203934,0.0003279683568770742,0.23579195435339614,0.051481696869334986,25,10,10
45,2041,0.7083113419258116,0.00033753469114132344,0.25011225319723634,0.04123887018581151,25,10,10
45,2042,0.6911701584163009,0.0006315450765091302,0.2679270244277086,0.040271272079483805,25,10,10
45,2043,0.770527306410025,0.00049395185638817,0.18865804881290626,0.04032069292068047,25,10,10
45,2044,0.7728130152340554,1.1436230386880262e-05,0.1871792885662498,0.0399962599693065,25,10,10
45,2045,0.7382594222860499,7.274573235502817e-06,0.2309550261573271,0.03077827698338981,25,10,10
45,2046,0.8107285252669152,3.7791011582877203e-06,0.15764465930723082,0.03162303632469425,25,10,10
45,2047,0.7385056201796174,0.0005912292266031621,0.22667447966295692,0.03422867093082324,25,10,10
45,2048,0.8676004747250268,1.831598781068249e-06,0.09813424799099334,0.03426344568519851,25,10,10
45,2049,0.7442018221631543,0.00029125113440660414,0.21992885698640513,0.03557806971602823,25,10,10
45,2050,0.8240279153538179,0.00028988152933897784,0.13705084731457895,0.03863135580226322,25,10,10
45,2051,0.8692548819098921,0.00037687885071917347,0.09146883464431563,0.03889940459507281,25,10,10
45,2052,0.8588556099371658,1.6236765897397165e-05,0.09945039022360913,0.04167776307332538,25,10,10
45,2053,0.8911370269218121,7.23932117909338e-07,0.06886901133970869,0.03999323780636138,25,10,10
45,2054,0.820812449183634,1.104222128964972e-06,0.1387823696764951,0.040404076917738535,25,10,10
45,2055,0.818587818029599,6.868530792371739e-07,0.1410152489335382,0.040396246183781306,25,10,10
45,2056,0.8926432835667651,7.508267641711722e-07,0.06706042303310693,0.040295542573364956,25,10,10
45,2057,0.8337939297705148,1.7754778086994615e-05,0.12595327023274777,0.04023504521865226,25,10,10
45,2058,0.8285629235750462,1.2379128576150524e-06,0.1314361139651599,0.03999972454693402,25,10,10
45,2059,0.9075368713196319,8.324997267181555e-06,0.05288467438542035,0.03957012929768144,25,10,10
45,2060,0.8332544620092469,0.00047714367437039733,0.12660373546695528,0.03966465884942475,25,10,10
45,2061,0.7559149522381594,0.0005105329049788993,0.21462621611266208,0.0289482987441979,25,10,10
45,2062,0.8559224577261424,3.5850000801476335e-05,0.09959978179826705,0.04444191047478651,25,10,10
45,2063,0.8374212594700193,0.00033423161772007414,0.12000365455184013,0.04224085436042052,25,10,10
45,2064,0.812685205884259,3.6023999852622094e-05,0.14717129020335243,0.040107479912536104,25,10,10
45,2065,0.8312304072473932,2.570365963175681e-05,0.12891199080759905,0.03983189828537508,25,10,10
45,2066,0.8371201138324266,4.923227132955379e-07,0.12318731027134064,0.039692083573519214,25,10,10
45,2067,0.8893825670281934,7.47760095300026e-07,0.07053611349705041,0.04008057171466043,25,10,10
45,2068,0.8900430880794437,7.038397680950569e-07,0.06982615986065686,0.04013004822012975,25,10,10
45,2069,0.8710815867863104,2.728315680320986e-05,0.08863453252745256,0.04025659752943302,25,10,10
45,2070,0.8279001033833369,2.787048449487724e-06,0.12550010742973025,0.04659700213848203,25,10,10
45,2071,0.7871819237340606,1.2103972094307e-05,0.1665904844896271,0.04621548780421922,25,10,10
45,2072,0.6925764835229634,4.7539950111107973e-05,0.2611771123734504,0.04619886415347335,25,10,10
45,2073,0.8108643641675343,1.1466637025207695e-05,0.16551781266872528,0.02360635652671594,25,10,10
45,2074,0.8198102425089757,1.6089693701162842e-05,0.13800577919714313,0.04216788860017986,25,10,10
45,2075,0.799359306251287,0.00034799839458290663,0.15902573696903563,0.041266958385094116,25,10,10
45,2076,0.8962406027076342,9.85561178970707e-06,0.10370104676857803,4.849491199873942e-05,25,10,10
45,2077,0.7737321465649825,1.3547352826861414e-05,0.22285200347936576,0.0034023026028235466,25,10,10
45,2078,0.8462061313315423,3.442204685766076e-06,0.1533927828289601,0.00039764363481049225,25,10,10
45,2079,0.8323715817842167,3.987732046801735e-05,0.15837534717062768,0.009213193724683537,25,10,10
45,2080,0.8396797534779341,3.0399252111425874e-05,0.15553624673776523,0.004753600532186997,25,10,10
45,2081,0.9118853113922063,2.6730910089550884e-05,0.08619847883411498,0.0018894788635899766,25,10,10
45,2082,0.8455096920316373,2.8278313650150103e-06,0.1524748292941111,0.0020126508428851366,25,10,10
45,2083,0.8169911534066536,1.7127630420940794e-06,0.18263346316105825,0.00037367066924622326,25,10,10
45,2084,0.8016644251755501,1.214424908874016e-05,0.19469069381972035,0.003632736755639295,25,10,10
45,2085,0.8450021288489602,1.3124945861190551e-06,0.1546233531843731,0.0003732054720795456,25,10,10
45,2086,0.8606509506248513,8.462251164053703e-07,0.13892917245372371,0.00041903069630783114,25,10,10
45,2087,0.8221785100881835,1.804233297081788e-05,0.17761808062604245,0.0001853669528038711,25,10,10
45,2088,0.7811976347581419,0.00030178228050666255,0.21820436189358325,0.0002962210677708355,25,10,10
45,2089,0.8766716856312903,1.289669196252547e-05,0.12317706181833916,0.00013835585840807132,25,10,10
45,2090,0.8003608478604736,1.4364220334672453e-05,0.19607163614182596,0.0035531517773673615,25,10,10
45,2091,0.8516825201563664,1.7067113101995876e-05,0.14764981726946036,0.0006505954610713326,25,10,10
45,2092,0.8461217995991689,7.597469346246435e-06,0.15382947318712423,4.112974436239067e-05,25,10,10
45,2093,0.8561962913411615,7.694804760756386e-07,0.14368442456118852,0.00011851461717577014,25,10,10
45,2094,0.7608338947173068,1.584383505941786e-06,0.19848526775214215,0.04067925314704632,25,10,10
45,2095,0.8337012303063129,9.62709870033034e-06,0.1260056276651013,0.040283514929886396,25,10,10
45,2096,0.8099492367845432,1.5519557525671088e-06,0.15034786180989512,0.039701349449808944,25,10,10
45,2097,0.771852342407223,9.51246767468665e-06,0.22546659582575626,0.0026715492993472176,25,10,10
45,2098,0.7824009629968636,9.569332496263482e-06,0.20690423458157184,0.010685233089069884,25,10,10
45,2099,0.8556719739306955,8.475337272639333e-07,0.14418868854200195,0.000138489993576874,25,10,10
45,2100,0.8867014380762415,7.207073530642767e-06,0.11271084741053664,0.0005805074396909413,25,10,10
45,2101,0.8399346763202016,0.00035048137351197285,0.12029505285889298,0.03941978944739264,25,10,10
45,2102,0.8426983594841678,1.6576578982957542e-06,0.15422701310316358,0.0030729697547704944,25,10,10
45,2103,0.9024996473368736,1.047162156711949e-05,0.09732672962953487,0.00016315141202445294,25,10,10
45,2104,0.8732589758529766,1.0415510614727166e-05,0.12457932824149422,0.002151280394912707,25,10,10
45,2105,0.8379827403193819,0.011144926085219664,0.15045300261359712,0.0004193309818005288,25,10,10
45,2106,0.8686299671881373,0.0008948902297093764,0.13014564216043834,0.0003295004217142461,25,10,10
45,2107,0.828962327686494,0.0003815061558675002,0.17037024590376962,0.000285920253866172,25,10,10
45,2108,0.7661177592630024,1.633422967469327e-05,0.1938804820997121,0.039985424407609264,25,10,10
45,2109,0.7842734573302639,4.361307621620719e-06,0.17425206048271122,0.04147012087940109,25,10,10
45,2110,0.7964637090058025,2.0459246597311664e-06,0.1913155442487665,0.012218700820769555,25,10,10
45,2111,0.8320829530811704,1.3354198699391392e-05,0.16137240293743343,0.006531289782695971,25,10,10
45,2112,0.7133248974051897,2.043566983406313e-05,0.26694115383129835,0.019713513093674168,25,10,10
45,2113,0.7609638519454641,0.0004937314831270342,0.23493587493637558,0.0036065416350339256,25,10,10
45,2114,0.8216297137454944,1.2395155548000218e-05,0.17822780998276883,0.00013008111618647772,25,10,10
45,2115,0.8703480564796507,2.71164294499093e-07,0.12958534234937363,6.633000668073311e-05,25,10,10
45,2116,0.8725025917768363,1.4628789059301824e-06,0.12139515900039205,0.0061007863438651885,25,10,10
45,2117,0.8473686291174567,9.258102405021303e-07,0.15254758868128282,8.285639101902862e-05,25,10,10
45,2118,0.8047276287046643,2.2125407730967057e-05,0.1830002934199645,0.012249952467638683,25,10,10
45,2119,0.755993943977618,1.2921863249054335e-05,0.2403710867586402,0.0036220474004928344,25,10,10
45,2120,0.6994086673046218,1.7344602798825286e-06,0.3001538219721284,0.0004357762629692767,25,10,10
45,2121,0.6263612529607994,0.0003590463306287057,0.346719178719202,0.02656052198937421,25,10,10
45,2122,0.6236451011051889,0.001948796121067487,0.3220349010560492,0.05237120171769439,25,10,10
45,2123,0.757722760371246,0.0007155574212772408,0.20078858948338657,0.04077309272408999,25,10,10
45,2124,0.7904579905729644,0.0003323266979233997,0.18095643201216532,0.02825325071694581,25,10,10
45,2125,0.8711375659838189,1.719860987455997e-06,0.08845554324536466,0.040405170909829015,25,10,10
45,2126,0.867301158138671,2.30748022342558e-06,0.09020767874095684,0.04248885564014813,25,10,10
45,2127,0.843877455906708,4.456014129543436e-06,0.11604240224393142,0.04007568583523034,25,10,10
45,2128,0.8370524280260547,3.86364803818693e-06,0.1390310047070059,0.02391270361890139,25,10,10
45,2129,0.7964459180940395,2.675801365014851e-06,0.17923222230335148,0.024319183801244613,25,10,10
45,2130,0.7862554694030088,2.830369821475498e-06,0.1334329561524453,0.0803087440747246,25,10,10
45,2131,0.815058457649492,3.052495345023643e-06,0.14133135381512799,0.043607136040034356,25,10,10
45,2132,0.8262671086804858,8.164869888676444e-07,0.10651120884252098,0.06722086599000371,25,10,10
45,2133,0.733860457391479,0.00034273543797523663,0.20230247299993448,0.0634943341706099,25,10,10
45,2134,0.7609857638427419,3.558437198852835e-05,0.18748473361174084,0.05149391817352722,25,10,10
45,2135,0.7464859816040021,4.840741707579906e-05,0.16487286518815694,0.08859274579076513,25,10,10
45,2136,0.7844169295208218,4.819466824977166e-05,0.1385257339079969,0.0770091419029301,25,10,10
45,2137,0.7104793518545022,0.003480110783270697,0.20578455809190746,0.08025597927031755,25,10,10
45,2138,0.7894387511576325,0.003444549741834638,0.1643958954100146,0.04272080369051585,25,10,10
45,2139,0.832549283241285,0.0034459711197904765,0.12442806278971755,0.03957668284920467,25,10,10
45,2140,0.8808620648901363,0.003445153327336922,0.07608992780555072,0.03960285397697624,25,10,10
45,2141,0.8591155595080601,1.973769035685061e-06,0.11604242295612627,0.024840043766775188,25,10,10
45,2142,0.8177021034803347,5.655355168463896e-07,0.14197666843394305,0.040320662550204264,25,10,10
45,2143,0.7868272274471547,3.3225525829235364e-06,0.20386064931018738,0.009308800690074899,25,10,10
45,2144,0.7543050988592594,1.4664375895151804e-06,0.24511153797731858,0.0005818967258297354,25,10,10
45,2145,0.8224983969014852,1.130712069843454e-05,0.17725720550760005,0.00023309047021562987,25,10,10
45,2146,0.9081157556515186,1.8306766804467054e-05,0.09160225881936539,0.00026367876231089284,25,10,10
45,2147,0.784949011091387,1.5365888253134955e-05,0.21277931382553641,0.0022563091948209686,25,10,10
45,2148,0.8083520128517637,7.557949259289528e-05,0.19138762418223312,0.0001847834734110468,25,10,10
45,2149,0.8424899506594913,6.035732328214998e-05,0.1573542511397299,9.544087749614021e-05,25,10,10
45,2150,0.8475510980203177,8.86776171283918e-06,0.1519302506149022,0.0005097836030648702,25,10,10
45,2151,0.8592343173189605,2.5146512241426535e-05,0.13630287404963973,0.00443766211915613,25,10,10
45,2152,0.8485040379858678,2.3673591214506766e-05,0.14750544901342036,0.0039668394094971695,25,10,10
45,2153,0.8618857514114634,8.636724614084536e-07,0.127279908642137,0.010833476273938209,25,10,10
45,2154,0.8721529052363378,7.737386266532221e-05,0.12423286803643517,0.003536852864561321,25,10,10
45,2155,0.8395886575375665,9.119513725041157e-05,0.1600961295153437,0.00022401780983883322,25,10,10
45,2156,0.860862066576907,9.110550945968881e-06,0.13885771097021243,0.0002711119019327033,25,10,10
45,2157,0.7941147162189551,1.609420624203371e-06,0.20514307972739726,0.0007405946330206673,25,10,10
45,2158,0.8621017015043168,1.7000454595639483e-06,0.13745797885551048,0.0004386195947120247,25,10,10
45,2159,0.8779978835957775,8.362381111439308e-07,0.0866339007822237,0.0353673793838871,25,10,10
45,2160,0.8992744136269438,8.598669259573762e-07,0.08634379325658449,0.014380933249544581,25,10,10
45,2161,0.9621094397902529,7.536602483988554e-07,0.037765197501261706,0.00012460904823664019,25,10,10
45,2162,0.9351084428752131,9.913442563444874e-06,0.06476674669177832,0.00011489699044563511,25,10,10
45,2163,0.8497492455103981,1.0762225671154191e-05,0.14963543605988694,0.0006045562040438762,25,10,10
45,2164,0.7633086410237372,1.8204955901982217e-05,0.2223654719537923,0.014307682066568423,25,10,10
45,2165,0.89330255067338,1.0076274149941133e-06,0.10511681056371978,0.0015796311354853683,25,10,10
45,2166,0.893539642427027,1.73605653956385e-05,0.10226803543959007,0.004174961567987982,25,10,10
45,2167,0.8233490505837215,1.1562539759669187e-06,0.15809096524785762,0.01855882791444485,25,10,10
45,2168,0.8258723585835368,3.591501518063895e-05,0.15980180130567076,0.014289925095611517,25,10,10
45,2169,0.8537620202905905,4.780889279142132e-05,0.1459579035208095,0.00023226729580842352,25,10,10
45,2170,0.9113603178547727,2.0492356976477434e-05,0.08432788581525691,0.004291303972994053,25,10,10
45,2171,0.8891744090621369,6.963112878665867e-06,0.1090368892255918,0.0017817385993921036,25,10,10
45,2172,0.6460413183079747,7.706198904538108e-05,0.34823676727396724,0.00564485242901308,25,10,10
45,2173,0.7238693839777358,0.00012469257235782602,0.2433897816668542,0.0326161417830486,25,10,10
45,2174,0.8209172969602047,5.806536507257711e-05,0.13927067422126332,0.03975396345345898,25,10,10
45,2175,0.7609549229953686,5.669370042171834e-05,0.1944409486604555,0.044547434643752576,25,10,10
45,2176,0.7480409022555746,6.958723020660294e-05,0.20408707776620813,0.04780243274800958,25,10,10
45,2177,0.7226225393612334,2.315063504323994e-06,0.23559651805542994,0.041778627519831135,25,10,10
45,2178,0.7329445285778807,1.0187374923972732e-05,0.23086740852052628,0.0361778755266689,25,10,10
45,2179,0.8263425382539311,1.1123826007799001e-05,0.13559438275557678,0.03805195516448272,25,10,10
45,2180,0.8241672114038255,1.0687581151607053e-05,0.14035831430292064,0.0354637867121018,25,10,10
45,2181,0.8282283105091329,0.0008437667043463396,0.1297350572333875,0.041192865553133444,25,10,10
45,2182,0.8020548335482742,0.0008436254935808733,0.15454935318905455,0.04255218776909002,25,10,10
45,2183,0.7566827779704307,1.2056465976533448e-06,0.20667775298993518,0.03663826339303339,25,10,10
45,2184,0.7252392966119626,1.3524681093697157e-06,0.2350239345766741,0.03973541634325313,25,10,10
45,2185,0.8456380454344664,5.850485870325556e-07,0.11440931057576387,0.03995205894118306,25,10,10
45,2186,0.7753575574054318,2.2386108306093534e-05,0.1847094588633225,0.03991059762293908,25,10,10
45,2187,0.7893753150419285,2.3980884278582308e-05,0.16137205652704992,0.04922864754673931,25,10,10
45,2188,0.7140242549199918,3.3830951327956e-05,0.2423498177190844,0.0435920964095963,25,10,10
45,2189,0.7762194243435532,1.2353647282626595e-05,0.18322413355643888,0.040544088452726654,25,10,10
45,2190,0.7331841207748853,1.2412322614209657e-05,0.2201107197181987,0.04669274718430124,25,10,10
45,2191,0.8613181998940016,1.1578085919301733e-06,0.12682429842932524,0.011856343868081503,25,10,10
45,2192,0.8794773585957258,2.0633573645989794e-05,0.12023827608310138,0.00026373174752510243,25,10,10
45,2193,0.8903661491207709,1.077030988359693e-05,0.10700302797741246,0.0026200525919317917,25,10,10
45,2194,0.8579608439748055,2.725795078015193e-06,0.14184821080971308,0.0001882194204004063,25,10,10
45,2195,0.8699440351294409,3.2728209983635046e-06,0.1295841702937714,0.0004685217557877649,25,10,10
45,2196,0.8084540154357347,3.1465315775722783e-06,0.19121709002476484,0.00032574800792157415,25,10,10
45,2197,0.8354924977279523,0.0003709073095853233,0.15608133713122116,0.008055257831239613,25,10,10
45,2198,0.8389554649794058,0.0017473983585175822,0.15133165603954718,0.007965480622529268,25,10,10
45,2199,0.8904694312082881,0.0004066831980165994,0.107514668161872,0.0016092174318221883,25,10,10
45,2200,0.7706724669350106,0.00042042311279585123,0.22515802985094596,0.0037490801012486897,25,10,10
45,2201,0.7887564889223233,0.0004171580997116723,0.1796101904296133,0.031216162548351818,25,10,10
45,2202,0.8489754772397989,3.248737715746792e-05,0.1114034765799717,0.03958855880307163,25,10,10
45,2203,0.8252091114527758,4.506730270099574e-05,0.13453847208011765,0.04020734916440533,25,10,10
45,2204,0.878757554228622,8.221448939609454e-06,0.0814851548625778,0.03974906945986094,25,10,10
45,2205,0.8646005811969816,1.1375400065238111e-07,0.09539916733085978,0.04000013771815854,25,10,10
45,2206,0.8159813290530495,1.7994168363582608e-05,0.14392641484074772,0.04007426193783863,25,10,10
45,2207,0.8126089970974109,2.2671846364891102e-05,0.14724712971183407,0.040121201344391316,25,10,10
45,2208,0.8606537856132961,4.9926899449427966e-05,0.09735178537776255,0.0419445021094919,25,10,10
45,2209,0.8143416992062452,4.182238728898846e-05,0.14157830768459578,0.044038170721869274,25,10,10
45,2210,0.8673602230410343,1.970094884259436e-05,0.09030221715583572,0.04231785885428672,25,10,10
45,2211,0.862048269795797,1.3879815435626483e-05,0.09843251835362864,0.03950533203513847,25,10,10
45,2212,0.8297284729315603,1.3544174643532344e-05,0.13010124538791998,0.04015673750587354,25,10,10
45,2213,0.8260943526050927,1.0187141537926029e-05,0.13379245819311733,0.04010300206025149,25,10,10
45,2214,0.8256063843440578,9.546829818740738e-06,0.14828979973249223,0.02609426909363248,25,10,10
45,2215,0.7705560540391945,1.0150684488777117e-05,0.18952495369517966,0.03990884158113791,25,10,10
45,2216,0.7238592519740605,2.242950292627488e-05,0.23587924613603864,0.040239072386975876,25,10,10
45,2217,0.8251412833137199,0.000336358326474901,0.13468932996314556,0.03983302839665935,25,10,10
45,2218,0.9078746124826605,2.9136166490736767e-07,0.05246418266379647,0.03966091349187803,25,10,10
45,2219,0.7680994380495051,1.3925288573411334e-06,0.19157483226463004,0.040324337157008304,25,10,10
45,2220,0.7807379775813073,0.0003485039400750205,0.21863526784423037,0.0002782506343910861,25,10,10
45,2221,0.8227939058718732,3.560075778826956e-05,0.17697702067760993,0.00019347269272948205,25,10,10
45,2222,0.8076339845108086,3.5760138048132716e-05,0.18990613609629606,0.0024241192548465147,25,10,10
45,2223,0.8260762338645772,1.1748325562115129e-05,0.17153816314646167,0.002373854663399508,25,10,10
45,2224,0.8358988959713429,0.0005223264261623755,0.16101293052430557,0.002565847078188308,25,10,10
45,2225,0.8293407694052426,0.0004896812956232765,0.1677222387060365,0.002447310593096457,25,10,10
45,2226,0.9030248029289686,9.692664780659518e-06,0.09669204882973627,0.0002734555765142016,25,10,10
45,2227,0.9042210428719794,1.968147400906447e-06,0.09545812120906504,0.0003188677715544733,25,10,10
45,2228,0.9561736749405161,8.322368267954718e-07,0.043817147845359734,8.344977297688758e-06,25,10,10
45,2229,0.9312458090842118,3.2196626586697097e-06,0.06862802797867208,0.00012294327445653468,25,10,10
45,2230,0.903959484195528,5.545230634063631e-06,0.0956448588791533,0.0003901116946860235,25,10,10
45,2231,0.8739889024627496,6.446676770782466e-05,0.12555385589351012,0.0003927748760314544,25,10,10
45,2232,0.8317894178717744,3.636080913957593e-06,0.16553762447076958,0.002669321576539892,25,10,10
45,2233,0.8845972587780646,1.6059070788672304e-06,0.1135607275667427,0.001840407748113134,25,10,10
45,2234,0.8833633218291881,1.4910733784261056e-06,0.11458775341473354,0.0020474336826985452,25,10,10
45,2235,0.8639907887396434,0.00031897875065143075,0.13001719513939705,0.005673037370306378,25,10,10
45,2236,0.8682349943719271,0.0003200559556258658,0.13129811962710364,0.0001468300453437204,25,10,10
45,2237,0.7040577509016201,0.00036718877402840784,0.29180713125753377,0.003767929066817465,25,10,10
45,2238,0.7703229644292482,1.128932918212196e-05,0.2263127475102696,0.003352998731298313,25,10,10
45,2239,0.9139663190789329,1.0211750533013874e-05,0.08588441031117539,0.00013905885935793966,25,10,10
45,2240,0.9366988528420899,8.305179018157419e-06,0.06312061482146565,0.0001722271574256526,25,10,10
45,2241,0.8817074781967087,2.056368800900711e-05,0.11822332373877584,4.8634376503357377e-05,25,10,10
45,2242,0.8513850296618937,2.24758577699373e-05,0.14854482212284906,4.767235748584114e-05,25,10,10
45,2243,0.8577372054048751,3.127340539953788e-05,0.13897911956321665,0.003252401626508615,25,10,10
45,2244,0.7605329860310538,2.5224662396944344e-05,0.23704262620881938,0.0023991630977346877,25,10,10
45,2245,0.8698339595395567,2.2042449923148715e-05,0.13006831644778186,7.568156273635381e-05,25,10,10
45,2246,0.8878480203620898,0.0005157502885536625,0.11158228184029767,5.3947509056652555e-05,25,10,10
45,2247,0.9394849056944423,7.803042816094176e-07,0.06042460953285114,8.970446842377397e-05,25,10,10
45,2248,0.9010471423333029,1.4770111756360677e-05,0.09884972765574934,8.835989918981743e-05,25,10,10
45,2249,0.777084687300875,5.022062017668488e-05,0.22038694347435656,0.0024781486045913218,25,10,10
45,2250,0.837365394127147,2.2928419009194716e-05,0.16260477134132192,6.906112520023889e-06,25,10,10
45,2251,0.7858377339735888,2.5920982058405628e-05,0.20070449247653252,0.013431852567822844,25,10,10
45,2252,0.8910488554025905,1.7502548388518866e-05,0.10478193801008993,0.004151704038928479,25,10,10
45,2253,0.8778925506676357,1.301341516109685e-06,0.12203088598572333,7.526200512373089e-05,25,10,10
45,2254,0.8468395328004807,1.27058706567725e-06,0.1530431735188752,0.0001160230935777424,25,10,10
45,2255,0.871858422890139,4.98573351276331e-07,0.08810658552795986,0.04003449300854986,25,10,10
45,2256,0.8765953742551806,4.548808450926071e-07,0.12217491146926729,0.001229259394708278,25,10,10
45,2257,0.8318257131858033,3.1325768411978703e-06,0.1679926674540535,0.00017848678330081402,25,10,10
45,2258,0.8625597525911375,4.335522492326154e-06,0.1350502794726732,0.0023856324136943643,25,10,10
45,2259,0.8659665543238464,3.681674485256574e-06,0.131928609721742,0.0021011542799260806,25,10,10
45,2260,0.8820627302020703,1.3358551615889049e-05,0.11772590314403489,0.00019800810227853688,25,10,10
45,2261,0.8969747977357294,1.2764201344797406e-06,0.10291923485634082,0.00010469098779569058,25,10,10
45,2262,0.841756597010889,6.826587355288465e-07,0.15821629023860964,2.6430091765424804e-05,25,10,10
45,2263,0.9117398463091339,5.570923102917848e-07,0.08823766794222353,2.192865633115676e-05,25,10,10
45,2264,0.8188207933069569,1.5129454913938315e-05,0.18085082084269788,0.00031325639542981615,25,10,10
45,2265,0.8197294782790893,1.788597724776962e-05,0.18012968736654322,0.00012294837711970428,25,10,10
45,2266,0.8279878229931569,1.7283410588167012e-05,0.17172898115665597,0.0002659124395989035,25,10,10
45,2267,0.84063376666539,4.9099087214982624e-05,0.15897537521542535,0.0003417590319687209,25,10,10
45,2268,0.8810966807645094,4.694328079354597e-05,0.11858913414546285,0.0002672418092342214,25,10,10
45,2269,0.8284118393783743,5.8874363313815074e-05,0.16622653542078933,0.005302750837520616,25,10,10
45,2270,0.8645435467324945,9.476217047701453e-05,0.13522704646286013,0.00013464463416684133,25,10,10
45,2271,0.7667965304005351,0.00010910064013673372,0.2306590257869989,0.0024353431723254577,25,10,10
45,2272,0.7444730874813078,0.00043194891215317106,0.25034028284654086,0.004754680759998158,25,10,10
45,2273,0.7409975203561819,9.041277658890713e-05,0.25453917619497496,0.0043728906722513014,25,10,10
45,2274,0.8027872905308092,9.730159747013154e-06,0.19526040761923155,0.0019425716902126185,25,10,10
45,2275,0.8121433458719776,1.6554514276708212e-05,0.18557866133483641,0.0022614382789082287,25,10,10
45,2276,0.7691179858784111,1.695373569471097e-05,0.2286122553711346,0.0022528050147609347,25,10,10
45,2277,0.8039006822985064,0.0002173625707019415,0.1850927652455581,0.010789189885233785,25,10,10
45,2278,0.7618718131443373,0.019890007664680465,0.18211814095689213,0.03612003823409118,25,10,10
45,2279,0.7633081455770379,0.01020817636923837,0.18931393085042736,0.037169747203297375,25,10,10
45,2280,0.8745585466226378,7.361477125624406e-07,0.10045998259665623,0.024980734632991754,25,10,10
45,2281,0.858334673034019,1.0623405888728962e-05,0.11666493862538553,0.02498976493470636,25,10,10
45,2282,0.8027574839497673,6.877711707808619e-06,0.14404579168363324,0.05318984665489044,25,10,10
45,2283,0.7865455672748393,1.5117590920468815e-05,0.1630129597373002,0.050426355396939126,25,10,10
45,2284,0.7082671629700041,0.00012931191063841985,0.2258249769790461,0.06577854814031099,25,10,10
45,2285,0.8041351278046879,3.7011556933482474e-05,0.1459736137494111,0.04985424688896822,25,10,10
45,2286,0.7613870606850898,9.182461706106575e-07,0.19908870290112163,0.039523318167618414,25,10,10
45,2287,0.8125911164269276,1.2764243501891287e-05,0.18326581944753545,0.004130299882033303,25,10,10
45,2288,0.8953703815551234,1.4846652588450612e-05,0.10056565080441736,0.004049120987870324,25,10,10
45,2289,0.9126061043951621,4.887222225277869e-07,0.08310540165316523,0.004288005229450245,25,10,10
45,2290,0.8467485963361142,7.962722159906135e-07,0.1529369486002331,0.0003136587914370832,25,10,10
45,2291,0.892037693799375,1.1235832934607692e-06,0.10739076873405443,0.0005704138832750831,25,10,10
45,2292,0.9457687247386798,3.0001753377935376e-06,0.05367035578955198,0.000557919296430323,25,10,10
45,2293,0.9021826774193569,0.0004738214611219988,0.057180133638959,0.04016336748056251,25,10,10
45,2294,0.8286032004171391,4.62435806017759e-06,0.1460442655750759,0.025347909649722444,25,10,10
45,2295,0.7955251734380284,1.424951680184071e-06,0.16356939771264845,0.040904003897640255,25,10,10
45,2296,0.8017137570234848,4.001878692933516e-07,0.16570116013839975,0.03258468265024404,25,10,10
45,2297,0.8079051892779197,1.6361572273516947e-05,0.14867356189606998,0.04340488725373458,25,10,10
45,2298,0.7544070607865915,1.552936554232749e-05,0.20648816874207987,0.03908924110578536,25,10,10
45,2299,0.7835083665121619,9.18319109657448e-05,0.1890176818901138,0.027382119686758726,25,10,10
45,2300,0.8119913508881926,3.0691479504075174e-05,0.18631052196895104,0.001667435663348464,25,10,10
45,2301,0.8310371358484295,7.075873956987881e-05,0.16842772286734384,0.0004643825446545341,25,10,10
45,2302,0.8207628161150373,0.00011192247578708771,0.17828533841507846,0.0008399229940970358,25,10,10
45,2303,0.8703557586215059,2.5293399833065475e-06,0.1295777526101242,6.395942838619153e-05,25,10,10
45,2304,0.8105491157856854,1.1659192845188167e-05,0.18932101868989726,0.00011820633157105692,25,10,10
45,2305,0.8861142044364931,7.40693088833231e-06,0.1138169626951679,6.142593744952991e-05,25,10,10
45,2306,0.8560648751224216,9.109535272406316e-06,0.14388576313847504,4.025220382958422e-05,25,10,10
45,2307,0.9327876325688468,8.757174536443479e-06,0.06308865514258936,0.004114955114027275,25,10,10
45,2308,0.8496519965050078,8.081273431526927e-05,0.14961451674420323,0.0006526740164701733,25,10,10
45,2309,0.8053260725940798,0.0010370723045111572,0.18970655086988053,0.003930304231528034,25,10,10
45,2310,0.8436942776736431,3.36214989879875e-06,0.15623006041589282,7.229976056426826e-05,25,10,10
45,2311,0.7770254183411157,6.774196556174112e-05,0.22289376330668378,1.3076386635232492e-05,25,10,10
45,2312,0.6525911379752394,7.644732933959276e-05,0.34725358546665036,7.882922876529726e-05,25,10,10
45,2313,0.6584867153865314,0.0004630225964411755,0.34057949439328056,0.0004707676237468727,25,10,10
45,2314,0.7200145767449179,6.693720755969077e-05,0.23909464738504782,0.040823838662472973,25,10,10
45,2315,0.7633804439274751,8.671092846466572e-05,0.19579189094637733,0.04074095419768223,25,10,10
45,2316,0.8045083587561312,6.383354923672009e-05,0.15483472027417614,0.0405930874204544,25,10,10
45,2317,0.8256852768902815,9.711394751477617e-06,0.13156484926017492,0.04274016245479063,25,10,10
45,2318,0.7956781618432673,1.583407522977215e-05,0.16426819097795387,0.040037813103551104,25,10,10
45,2319,0.8365613522984578,8.474345892683462e-06,0.1234280693510348,0.040002104004613896,25,10,10
45,2320,0.8737470166684622,9.069401264996674e-06,0.08620639959750273,0.04003751433277003,25,10,10
45,2321,0.8686364686454415,2.088898219056011e-05,0.08891936868304538,0.0424232736893231,25,10,10
45,2322,0.8882940139430617,0.0005703788616314311,0.073780401013786,0.037355206181521335,25,10,10
45,2323,0.8897995746294053,1.1561972649193814e-05,0.07019611859224963,0.03999274480569545,25,10,10
45,2324,0.8784237759207059,1.1979899248931917e-06,0.0787155355152867,0.04285949057408198,25,10,10
45,2325,0.8391033154601361,2.0038810028508966e-06,0.12078678893244506,0.04010789172641318,25,10,10
45,2326,0.8692517461158207,3.1489210644619744e-05,0.1244851367830579,0.006231627890476165,25,10,10
45,2327,0.9297673128463186,0.0029684447787170316,0.06711502349154182,0.0001492188834228831,25,10,10
45,2328,0.8717014406832138,0.00301657221092492,0.12159117688175376,0.0036908102241037743,25,10,10
45,2329,0.9295110159832908,7.04950389809853e-07,0.07029898442355831,0.00018929464276114797,25,10,10
45,2330,0.9422072885953926,8.351490369228091e-08,0.057630640411691615,0.0001619874780127239,25,10,10
45,2331,0.9284090336219534,5.956719379524229e-05,0.07151465283474844,1.67463495030255e-05,25,10,10
45,2332,0.8672002558561048,4.678210746774955e-05,0.11938663407469706,0.013366327961728564,25,10,10
45,2333,0.8588492768519143,3.2581405944333546e-05,0.12770131896893533,0.013416822773205233,25,10,10
45,2334,0.8649259020867954,2.4285234098069684e-05,0.13486023528440413,0.00018957739470129895,25,10,10
45,2335,0.778628073939465,4.36379926738071e-05,0.18181491411612605,0.03951337395172989,25,10,10
45,2336,0.7702955465945448,4.1216237982881495e-05,0.18789913007450987,0.04176410709296133,25,10,10
45,2337,0.8392950025825486,7.846338144049052e-05,0.1186280244130184,0.04199850962299109,25,10,10
45,2338,0.8086288441870974,2.0936096581531486e-05,0.1481321320239294,0.043218087692392146,25,10,10
45,2339,0.8543649314964468,6.680954583581598e-06,0.10309383624602042,0.04253455130294937,25,10,10
45,2340,0.7803558657929176,1.1230874345081385e-05,0.1795392242200286,0.04009367911271108,25,10,10
45,2341,0.818851624804063,1.3877824922442224e-05,0.13759666135651918,0.0435378360144951,25,10,10
45,2342,0.8270233040485977,1.4842301639862608e-06,0.1332481594409866,0.03972705228025258,25,10,10
45,2343,0.8593382174455675,1.4208379235360536e-05,0.11559469564692422,0.025052878528273044,25,10,10
45,2344,0.7995753644606363,9.58881156786802e-07,0.12868872817694055,0.07173494848126495,25,10,10
45,2345,0.7787830175688257,3.820893623509824e-05,0.1413890982159605,0.0797896752789773,25,10,10
45,2346,0.8320143397397021,1.4540460274483059e-05,0.09302340089994189,0.07494771890007923,25,10,10
45,2347,0.7177420397658081,1.1654274745519366e-05,0.21958927143181384,0.06265703452763359,25,10,10
45,2348,0.8345650888933911,9.002286239532198e-06,0.12523699671315766,0.04018891210721236,25,10,10
45,2349,0.8799217208058521,1.0667765805739826e-05,0.07957675968341761,0.04049085174492475,25,10,10
45,2350,0.8202755652757451,1.3300778428495961e-05,0.11090806750374156,0.06880306644208409,25,10,10
45,2351,0.8360699839370045,2.4942854301289204e-06,0.08742442939494366,0.07650309238262205,25,10,10
45,2352,0.8108104115827703,7.615705232111426e-07,0.14946103678223205,0.039727790064474765,25,10,10
45,2353,0.857712396565413,0.009458062199427004,0.09219323775912835,0.04063630347603119,25,10,10
45,2354,0.8624700516243584,0.009458002418830496,0.09010604862309812,0.037965897333713874,25,10,10
45,2355,0.7351906146141086,0.009456707195745283,0.21535801383031708,0.03999466435982877,25,10,10
45,2356,0.7378683091765579,0.009454715161805132,0.212661193336418,0.04001578232521645,25,10,10
45,2357,0.689155701478644,0.009452031336676296,0.25848888565098166,0.042903381533694614,25,10,10
45,2358,0.7550352083616388,2.8489540514635113e-05,0.20579299274117244,0.039143309356673255,25,10,10
45,2359,0.8233971326232387,0.001139808118835219,0.1324866569056855,0.04297640235224005,25,10,10
45,2360,0.8565635751216482,2.6244972231776065e-06,0.1011547229910981,0.04227907739002957,25,10,10
45,2361,0.8225318050538164,2.4685824940251893e-07,0.1351621733252536,0.04230577476268047,25,10,10
45,2362,0.8196058177720063,1.0721775230341362e-07,0.1314103529376911,0.048983722072549085,25,10,10
45,2363,0.7856576679945347,7.337076356328916e-07,0.15323375782021842,0.06110784047760929,25,10,10
45,2364,0.7985808410248609,0.010007707701286955,0.10896176901351018,0.0824496822603411,25,10,10
45,2365,0.817102377700065,0.00168565147137889,0.10181753215915178,0.07939443866940359,25,10,10
45,2366,0.8158582911802226,0.0016862226124109904,0.1310367059126759,0.05141878029469039,25,10,10
45,2367,0.8346976550540798,2.5328896665289525e-06,0.09999754212499778,0.06530226993125526,25,10,10
45,2368,0.8365117961770245,1.7263892356260913e-05,0.08715385351004765,0.07631708642057076,25,10,10
45,2369,0.8706198832663387,1.188301517527425e-06,0.04982849026118788,0.07955043817095615,25,10,10
45,2370,0.8830944260200572,7.432047577282597e-07,0.037349037737167426,0.07955579303801769,25,10,10
45,2371,0.7935884698510383,8.528369754448106e-06,0.12672930911072072,0.07967369266848662,25,10,10
45,2372,0.810938540699169,1.5822466919225155e-05,0.10917352595771831,0.07987211087619397,25,10,10
45,2373,0.7942788540847953,9.534296966682951e-06,0.10952579995255213,0.09618581166568614,25,10,10
45,2374,0.7735817612124097,1.1253370111277106e-05,0.13040110561669427,0.09600587980078412,25,10,10
45,2375,0.7247487520640661,1.145822118840668e-05,0.11944903946343663,0.15579075025130984,25,10,10
45,2376,0.740785013516666,2.6123682269812356e-05,0.12422919847691309,0.13495966432415196,25,10,10
45,2377,0.6107330335410045,1.1738360302432856e-05,0.2304558184164257,0.15879940968226924,25,10,10
45,2378,0.7111163499794815,8.59881008822018e-06,0.1545835630172589,0.13429148819316908,25,10,10
45,2379,0.6733411663966852,9.592246393263972e-06,0.13984202513444147,0.18680721622247848,25,10,10
45,2380,0.6701708398983135,2.2615268180149657e-06,0.13137660451752098,0.19845029405734707,25,10,10
45,2381,0.5952489618807348,4.887628650193692e-05,0.18129329901371613,0.2234088628190465,25,10,10
45,2382,0.6248521661322163,0.00033223655426100327,0.12558866239777022,0.24922693491575365,25,10,10
45,2383,0.6310606435576996,0.00034480231457661786,0.1905856290332006,0.1780089250945213,25,10,10
45,2384,0.7359819185171061,0.0003426089109192515,0.11328517965705062,0.15039029291492373,25,10,10
45,2385,0.7188990428791898,2.3100513347655797e-06,0.1208683588429189,0.16023028822655494,25,10,10
45,2386,0.736326699346303,3.154431221065538e-06,0.15661143521773188,0.10705871100474366,25,10,10
45,2387,0.7361312717961296,0.00032480864224632757,0.1944466665597249,0.0690972530018982,25,10,10
45,2388,0.8566699437563724,3.845394516733287e-05,0.07588794674216442,0.06740365555629582,25,10,10
45,2389,0.8829309234741585,3.759422770335064e-05,0.07684406036855405,0.04018742192958315,25,10,10
45,2390,0.818774712614658,0.0005551061590803203,0.14040178718057522,0.0402683940456864,25,10,10
45,2391,0.8905205922396963,0.0005473387787091357,0.09725029175424664,0.011681777227347917,25,10,10
45,2392,0.808370617110498,1.3782078708657489e-05,0.18829146975808225,0.00332413105271059,25,10,10
45,2393,0.8027250519614917,1.0576037424219304e-05,0.19197273461722367,0.005291637383864395,25,10,10
45,2394,0.780696078842466,1.0576753109934141e-05,0.21686076970599932,0.002432574698424257,25,10,10
45,2395,0.881459115627963,1.8422315355324388e-06,0.1182169332052469,0.000322108935254564,25,10,10
45,2396,0.8718034053702347,2.452101582078624e-05,0.12197151894482873,0.006200554669114843,25,10,10
45,2397,0.8674303699117446,3.833382128225521e-05,0.12980890794349964,0.0027223883234748694,25,10,10
45,2398,0.8210355056589846,1.7532616936276514e-05,0.17753020330572755,0.0014167584183519205,25,10,10
45,2399,0.745165366267267,1.2945885689060193e-05,0.25383281171052874,0.0009888761365159152,25,10,10
45,2400,0.8767512176162552,3.8205421632027575e-06,0.12085203487208884,0.0023929269694939813,25,10,10
45,2401,0.8611544661780205,6.990544044148423e-07,0.12715750387132485,0.011687330896248413,25,10,10
45,2402,0.8731579981521631,2.107646407287267e-06,0.0868052417536957,0.04003465244773409,25,10,10
45,2403,0.8374015521347202,3.707488639080885e-05,0.12306396159245858,0.039497411386428885,25,10,10
45,2404,0.8614475735952096,1.8278062690851834e-06,0.09876472600851477,0.03978587259000579,25,10,10
45,2405,0.7473522764993374,1.470512299963247e-05,0.21243979112623312,0.04019322725143214,25,10,10
45,2406,0.7764063917614747,2.704171306909497e-05,0.16253612497854467,0.06103044154690887,25,10,10
45,2407,0.8169929852223242,2.6591019141176024e-05,0.15692503862070822,0.026055385137824686,25,10,10
45,2408,0.798963828021796,1.7090090853419983e-06,0.17028142093615345,0.03075304203296401,25,10,10
45,2409,0.7748118759478261,2.1562413515730173e-06,0.1912698933389008,0.03391607447192302,25,10,10
45,2410,0.7980577541999757,9.891656328704832e-06,0.1615868819417046,0.040345472201991334,25,10,10
45,2411,0.8055227216802472,2.5978587697508464e-06,0.1547083637390664,0.03976631672191695,25,10,10
45,2412,0.7984197694447083,2.41713270396977e-06,0.16186422885253257,0.03971358457005581,25,10,10
45,2413,0.7960382190899415,4.527932982386664e-05,0.16429984320722343,0.03961665837301277,25,10,10
45,2414,0.8699006139353932,4.7490914485629353e-05,0.08984461814537598,0.040207277004745176,25,10,10
45,2415,0.784868946839879,0.00037547212803011235,0.1745135871922541,0.04024199383983738,25,10,10
45,2416,0.81039210906541,5.3219356484200855e-05,0.14973496789592436,0.03981970368218022,25,10,10
45,2417,0.809144399297774,4.903095342000074e-06,0.15104555882824217,0.03980513877864074,25,10,10
45,2418,0.864746932317479,0.0003569685938747348,0.09516260914660987,0.039733489942036904,25,10,10
45,2419,0.852993699188889,0.0003381730262150801,0.11006265457498081,0.0366054732099139,25,10,10
45,2420,0.887388674847716,6.575247769536047e-05,0.09099659089111534,0.021548981783474676,25,10,10
45,2421,0.8699229247018256,7.245069500333426e-07,0.06771018728772918,0.06236616350349507,25,10,10
45,2422,0.810490477200778,3.0513056619195017e-06,0.12844309166063683,0.06106337983292223,25,10,10
45,2423,0.7319047157378357,2.3475992161728468e-05,0.18882137214218608,0.07925043612781668,25,10,10
45,2424,0.7886093803950227,7.635193551410238e-06,0.12824153969089624,0.08314144472053119,25,10,10
45,2425,0.7799970628877806,4.170919314898905e-06,0.16845109214823306,0.051547674044671705,25,10,10
45,2426,0.7757420129416741,2.5895815505339716e-06,0.14513350287631716,0.07912189460045736,25,10,10
45,2427,0.8205861442691726,2.773009535767967e-06,0.10725713479791153,0.07215394792337931,25,10,10
45,2428,0.8133458982891595,1.877536471149811e-06,0.10728028411360495,0.07937194006076462,25,10,10
45,2429,0.8654299230461525,3.6559808501385544e-05,0.05531509072800086,0.07921842641734549,25,10,10
45,2430,0.8247263370114741,2.5288309697372008e-05,0.09585571348002725,0.07939266119880158,25,10,10
45,2431,0.7985944515502368,1.0339853660455682e-05,0.12162546954505964,0.07976973905104408,25,10,10
45,2432,0.8367449159278327,1.0838473596045034e-05,0.08307435893441328,0.08016988666415781,25,10,10
45,2433,0.7718883283284899,2.3246075460958622e-05,0.16119331903271075,0.06689510656333489,25,10,10
45,2434,0.8051811609583628,1.2300060391531056e-05,0.15470131935612982,0.04010521962511294,25,10,10
45,2435,0.8059167179761654,3.142047384011685e-05,0.15727378159431213,0.03677807995567848,25,10,10
45,2436,0.8839541487936415,1.7147409999088815e-05,0.04522657942877922,0.07080212436757995,25,10,10
45,2437,0.8141580542108098,1.372059656433457e-05,0.141508874457313,0.04431935073531187,25,10,10
45,2438,0.755707844243321,1.2719986037313372e-05,0.18469832392413962,0.059581111846500556,25,10,10
45,2439,0.8530772300444369,9.1681775302407e-06,0.10657548970776828,0.0403381120702619,25,10,10
45,2440,0.8665257458447354,6.569888429151739e-05,0.09336607528428345,0.040042479986687356,25,10,10
45,2441,0.8520908842222377,2.135571569356731e-05,0.10788942447647251,0.039998335585596505,25,10,10
45,2442,0.7784403525739026,9.821042970859546e-06,0.17201067672846598,0.049539149654658866,25,10,10
45,2443,0.8202222708633182,0.0006395011300922203,0.1611077902689283,0.018030437737660245,25,10,10
45,2444,0.9205326760698093,0.0006281120840877405,0.039197719931010705,0.03964149191509244,25,10,10
45,2445,0.7767621139123573,1.6925697178307928e-07,0.18313491721771175,0.04010279961296461,25,10,10
45,2446,0.739644023550311,3.4154173022047243e-06,0.21485325512275316,0.04549930590963577,25,10,10
45,2447,0.7669605671529477,8.543264135346973e-06,0.19335734151813433,0.039673548064782176,25,10,10
45,2448,0.7641534543159726,2.2748565926041943e-05,0.1930719073292013,0.04275188978890046,25,10,10
45,2449,0.8176191419180676,0.00029747639518203946,0.1394794032427964,0.04260397844395494,25,10,10
45,2450,0.8025503933251475,0.00029769244196706864,0.1571728891649112,0.03997902506797298,25,10,10
45,2451,0.8358984998168562,0.0002985244874711198,0.12376158061101003,0.040041395084662146,25,10,10
45,2452,0.791430982525439,2.1381811207041743e-05,0.20818661480877332,0.0003610208545849999,25,10,10
45,2453,0.8223338776021126,1.555929321418954e-05,0.17747668130021416,0.0001738818044598529,25,10,10
45,2454,0.8479159769130886,2.0259758288557944e-06,0.15176983900266283,0.00031215810842005336,25,10,10
45,2455,0.8420769279856121,2.5877962973874662e-05,0.15774760504731677,0.00014958900409701593,25,10,10
45,2456,0.7838348392532549,3.484979271668093e-06,0.21604398866428595,0.00011768710318734577,25,10,10
45,2457,0.8565714567285017,1.638493039819719e-05,0.14050822167975718,0.002903936661342881,25,10,10
45,2458,0.8755067295416781,2.0309196082196742e-05,0.0835024947922174,0.04097046647002173,25,10,10
45,2459,0.8454446218331106,6.272528646634313e-05,0.11475701285164908,0.03973564002877433,25,10,10
45,2460,0.843025082276589,2.0676336573047776e-06,0.11743484860321854,0.03953800148653502,25,10,10
45,2461,0.8201661115929411,1.4435694055002074e-06,0.14028680895272266,0.039545635884931964,25,10,10
45,2462,0.7614918436343301,1.269732568267145e-06,0.19872350101017364,0.039783385622927346,25,10,10
45,2463,0.7520185311080554,1.0199998951070943e-05,0.20640836934483267,0.04156289954816116,25,10,10
45,2464,0.8170606482642043,3.999597345537408e-05,0.14276755928803048,0.04013179647430945,25,10,10
45,2465,0.7584644935075032,0.0002810100607444818,0.20124383109123695,0.04001066534051474,25,10,10
45,2466,0.7153385870989739,9.268722495771018e-06,0.24258442628438434,0.042067717894146595,25,10,10
45,2467,0.7171085866428267,7.264663297402669e-07,0.24607933141542498,0.03681135547541985,25,10,10
45,2468,0.748430455207022,8.513933893370659e-06,0.2033185091139813,0.04824252174510244,25,10,10
45,2469,0.7883933008359798,1.4829839753947782e-05,0.17156549590570716,0.04002637341855761,25,10,10
45,2470,0.7253188742310266,1.6076670225230942e-05,0.23017860038027094,0.044486448718474965,25,10,10
45,2471,0.7478782941029177,6.55294812823651e-06,0.20690339698243612,0.04521175596651573,25,10,10
45,2472,0.7723093184527683,1.6179020353104373e-05,0.1956918095871057,0.03198269293977303,25,10,10
45,2473,0.7781802337452188,2.3789687953544763e-05,0.19135886616439005,0.03043711040243643,25,10,10
45,2474,0.7191377691962494,4.6774617569126503e-05,0.24718323413984336,0.03363222204633767,25,10,10
45,2475,0.7428444147724611,4.967399868052119e-05,0.21612046400516294,0.04098544722369695,25,10,10
45,2476,0.7750415414523266,1.519910124588771e-05,0.1794703283681466,0.045472931078279946,25,10,10
45,2477,0.8393817204727663,1.3387356689864677e-05,0.1525586403821127,0.008046251788431063,25,10,10
45,2478,0.918966641976858,2.593541101985921e-06,0.08094005357515593,9.071090688436497e-05,25,10,10
45,2479,0.9296790120622386,2.003274182269487e-06,0.07024644794495372,7.253671862545168e-05,25,10,10
45,2480,0.9004503598121927,1.0995136153180496e-06,0.0994399457130956,0.00010859496109536224,25,10,10
45,2481,0.8132073951715079,0.000584191790743473,0.18524544556334807,0.0009629674744000012,25,10,10
45,2482,0.7989079465638339,8.326289656146171e-05,0.19995860704680116,0.001050183492800971,25,10,10
45,2483,0.8252988894386238,8.50075081699554e-05,0.17374075077664997,0.0008753522765557573,25,10,10
45,2484,0.9144706084394592,0.0001172567707759539,0.08238040091933828,0.00303173387042712,25,10,10
45,2485,0.8295849260189508,0.0001327951561280082,0.16999225578400132,0.0002900230409190616,25,10,10
45,2486,0.9001057117302786,6.365708691357238e-06,0.09677120254886931,0.0031167200121602423,25,10,10
45,2487,0.9445002324890907,2.302246870603519e-06,0.052242213910826986,0.003255251353212485,25,10,10
45,2488,0.8966180772105717,6.50993002171788e-05,0.10306640014103689,0.0002504233481733242,25,10,10
45,2489,0.8935711735063326,7.892379083369857e-07,0.10632944291488583,9.859434087321248e-05,25,10,10
45,2490,0.8735066605626698,8.024875553800579e-07,0.12606609829027446,0.00042643865949857767,25,10,10
45,2491,0.9192880225523951,1.331485926692091e-05,0.08056809461283178,0.00013056797550653785,25,10,10
45,2492,0.870246573083988,2.8843187244735365e-06,0.12968948597678098,6.105662050552377e-05,25,10,10
45,2493,0.8466071936811207,9.208777717243133e-06,0.15328883182986344,9.476571129612734e-05,25,10,10
45,2494,0.8291307710458061,3.0001026319348966e-05,0.1704892740322343,0.0003499538956413107,25,10,10
45,2495,0.8807756567810014,0.0019106193403779276,0.11724213976294422,7.158411567396633e-05,25,10,10
45,2496,0.8029193492558758,5.385266119923798e-07,0.196941826072474,0.00013828614504062694,25,10,10
45,2497,0.8583060601266621,1.0775194478080137e-06,0.14136777164896558,0.0003250907049236553,25,10,10
45,2498,0.8597955294416181,1.5978550700482515e-05,0.13989105325166273,0.00029743875601754725,25,10,10
45,2499,0.8583155842953023,1.3842456467192541e-05,0.11387392952226698,0.027796643725960718,25,10,10
45,2500,0.7745211692819808,0.00016510797871644562,0.18560503121904673,0.039708691520257196,25,10,10
45,2501,0.7203516790665754,0.00018900591102285677,0.23981679794198488,0.03964251708041581,25,10,10
45,2502,0.8310276890904609,1.504059967981414e-05,0.12938102924544967,0.03957624106440921,25,10,10
45,2503,0.8770603746625116,1.3731149692860308e-05,0.08319215095476458,0.03973374323303144,25,10,10
45,2504,0.7715122380491131,1.3228327873837707e-05,0.18827854211418482,0.04019599150882823,25,10,10
45,2505,0.7822825925639958,1.1879748000041912e-05,0.1713308979905008,0.04637462969750175,25,10,10
45,2506,0.7053477714406376,0.0002991345623564651,0.27788543473578575,0.016467659261219292,25,10,10
45,2507,0.8499265826510567,1.3700231046764257e-05,0.1430894154878856,0.006970301630011781,25,10,10
45,2508,0.8466677386479108,2.3694853116654055e-06,0.14790946772525296,0.005420424141522924,25,10,10
45,2509,0.8338033488597378,7.704154143111364e-07,0.1610420082373571,0.005153872487489681,25,10,10
45,2510,0.8637960933827058,1.646749598857435e-06,0.1323690185044405,0.0038332413632552916,25,10,10
45,2511,0.8015515106871969,2.9004880366226783e-06,0.1977589892910545,0.0006865995337110941,25,10,10
45,2512,0.8853478143332465,3.7990156213701114e-05,0.11411990756336828,0.000494287947170568,25,10,10
45,2513,0.8981098845803368,3.8577378708871825e-05,0.0989606712292995,0.00289086681165389,25,10,10
45,2514,0.8394715200774882,1.620461458410518e-06,0.15780344468923097,0.002723414771821098,25,10,10
45,2515,0.7953239014420656,2.8164874955239446e-06,0.20444384513509706,0.00022943693534394798,25,10,10
45,2516,0.7641131689345526,0.00012801917469714254,0.23553171874273196,0.00022709314801871262,25,10,10
45,2517,0.8348456159017761,3.0718280460802815e-05,0.16488859012957632,0.00023507568818673862,25,10,10
45,2518,0.9091626314015265,4.112391991599218e-05,0.09053328503653231,0.0002629596420255008,25,10,10
45,2519,0.8904847508127135,1.2598401736603731e-05,0.10911319554587137,0.0003894552396792833,25,10,10
45,2520,0.9257247164061505,7.3037298825468705e-06,0.07375558816339772,0.000512391700569389,25,10,10
45,2521,0.9234289605341526,6.544252554059016e-07,0.07639483368009256,0.00017555136050009007,25,10,10
45,2522,0.8798146936526224,9.330208559647031e-07,0.12006727785500174,0.00011709547151733587,25,10,10
45,2523,0.8239609315425781,1.0557895881581148e-06,0.14849149726046598,0.02754651540736898,25,10,10
45,2524,0.8403096214927669,7.909805365597347e-06,0.12456538397575179,0.03511708472611548,25,10,10
45,2525,0.7974464716309508,6.834583318215967e-05,0.16717350368337983,0.03531167885248826,25,10,10
45,2526,0.8018921394978574,7.207631486985928e-05,0.1581819556436532,0.039853828543619865,25,10,10
45,2527,0.8249257344799874,1.3786882054437389e-05,0.15005460913261873,0.025005869505340384,25,10,10
45,2528,0.8051514051993407,0.0011801347358307262,0.1574014476207235,0.03626701244410452,25,10,10
45,2529,0.7078682939284993,5.486315346661728e-06,0.25647936677499544,0.03564685298115732,25,10,10
45,2530,0.718256715460361,0.0010318888628993172,0.24069893100478212,0.04001246467195576,25,10,10
45,2531,0.764656982683438,0.0006598317197605112,0.15555098413714774,0.07913220145965433,25,10,10
45,2532,0.7235397527542591,0.0006438268674178813,0.19526644066645485,0.08054997971187028,25,10,10
45,2533,0.7630539293426553,0.0006870156937848419,0.15593337550157582,0.08032567946198267,25,10,10
45,2534,0.735508037190144,0.0006466998754089871,0.18394164120175752,0.07990362173269074,25,10,10
45,2535,0.8160135151612224,0.010957751189575617,0.09393171204519116,0.07909702160401039,25,10,10
45,2536,0.7830312722822521,0.01256529315529144,0.1356750704608889,0.06872836410156674,25,10,10
45,2537,0.6773023146815182,1.3961916613758801e-05,0.24430912929097434,0.07837459411089213,25,10,10
45,2538,0.6307442920400661,1.1744120917125265e-05,0.24699630847240986,0.12224765536660531,25,10,10
45,2539,0.7239141609768689,1.190256176772178e-05,0.18896961762831446,0.08710431883304783,25,10,10
45,2540,0.720659180703276,6.78149081099313e-05,0.17781343202861108,0.10145957236000319,25,10,10
45,2541,0.6591310793616815,1.1608268256910973e-06,0.22219397782737627,0.1186737819841151,25,10,10
45,2542,0.6548319561095282,1.6177429351191383e-06,0.2260675499563004,0.11909887619123603,25,10,10
45,2543,0.7598645136502142,2.3937572644612994e-05,0.12121806870489894,0.11889348007224103,25,10,10
45,2544,0.7664318284561198,0.0022497747971741864,0.16234552978599262,0.06897286696071235,25,10,10
45,2545,0.7695589394294404,0.002206148653091438,0.10998388558528321,0.11825102633218554,25,10,10
45,2546,0.808095214774021,0.0005057308430415632,0.11958419996170562,0.07181485442123095,25,10,10
45,2547,0.7960830776270756,1.4442229758401591e-05,0.1439431167752113,0.059959363367954,25,10,10
45,2548,0.7338769305258984,2.7600150871788512e-05,0.19132157390288615,0.07477389542034336,25,10,10
45,2549,0.7509285608010673,0.0003476177327234415,0.18363910067245576,0.0650847207937544,25,10,10
45,2550,0.746472484947324,0.000563469100027043,0.21274750730598924,0.04021653864666195,25,10,10
45,2551,0.8395379527339836,0.00020537248265111948,0.12016289501209976,0.04009377977126296,25,10,10
45,2552,0.8369704158174254,1.510255229767223e-06,0.12283792956566515,0.040190144361679565,25,10,10
45,2553,0.8750023360454564,8.231037846238904e-06,0.08498782658900797,0.0400016063276897,25,10,10
45,2554,0.8279784143584018,2.0670769835387146e-05,0.13051552123717708,0.04148539363458445,25,10,10
45,2555,0.733289580627316,0.009268742385513168,0.21544697629951043,0.04199470068765915,25,10,10
45,2556,0.7763771682501625,0.0019437628107416116,0.18149620095013774,0.04018286798895959,25,10,10
45,2557,0.7926552121245952,0.001967011001908015,0.1638588300034444,0.04151894687005376,25,10,10
45,2558,0.789501387790356,0.00014037969565947742,0.17002934968475572,0.04032888282922857,25,10,10
45,2559,0.8173293301310051,1.719084650617777e-06,0.13494207770285246,0.0477268730814905,25,10,10
45,2560,0.7994141640584869,9.915811698262537e-07,0.17096846726811898,0.02961637709222628,25,10,10
45,2561,0.8221807755653252,2.0725735492260095e-05,0.1681154337749394,0.009683064924241966,25,10,10
45,2562,0.8464116378190337,4.965684756056829e-07,0.15332545762555827,0.00026240798693311963,25,10,10
45,2563,0.790512708511692,6.194828476367792e-07,0.20938924527001762,9.742673543954903e-05,25,10,10
45,2564,0.7422237609864658,6.329140093942655e-07,0.25340788732854946,0.00436771877097542,25,10,10
45,2565,0.844073609592405,3.454301548929172e-05,0.15556318426573992,0.00032866312636424105,25,10,10
45,2566,0.7529531912269405,8.87933961865194e-06,0.2418001177390017,0.005237811694435156,25,10,10
45,2567,0.7444793014028073,8.816921727235659e-06,0.2529581716035787,0.002553710071886646,25,10,10
45,2568,0.8392459845837239,4.359946827675536e-05,0.15841287315997973,0.00229754278801903,25,10,10
45,2569,0.9019558921751125,4.523026366788026e-07,0.09797634779842747,6.730772382408542e-05,25,10,10
45,2570,0.8559925714679855,8.117424032104314e-07,0.1405365347779732,0.0034700820116358565,25,10,10
45,2571,0.950101311089941,1.0833816019985326e-06,0.049894122600041495,3.4829284154135685e-06,25,10,10
45,2572,0.9418797738011166,1.3459743425918016e-06,0.0580397502106461,7.913001389436118e-05,25,10,10
45,2573,0.9394885621062037,1.0407336248857138e-06,0.05936184733476463,0.001148549825406129,25,10,10
45,2574,0.8155159211051841,3.9277792028670375e-05,0.18184091777886963,0.0026038833239194585,25,10,10
45,2575,0.854357194352456,1.2885462000474692e-05,0.14412378607791018,0.0015061341076318087,25,10,10
45,2576,0.8130311720064012,1.5154637256245981e-05,0.1855165405358167,0.0014371328205257286,25,10,10
45,2577,0.8205639955155318,2.3007525933997404e-05,0.14840127289305494,0.03101172406547916,25,10,10
45,2578,0.7185395751208447,2.442341852481382e-05,0.23915820894787068,0.04227779251275334,25,10,10
45,2579,0.8001354217933668,1.6015160734833875e-05,0.15757859126537893,0.042269971780518674,25,10,10
45,2580,0.8017322485266746,2.557141738047218e-05,0.15591703808299293,0.04232514197295009,25,10,10
45,2581,0.8242546226292414,2.207439326378951e-05,0.1335766811676622,0.042146621809831836,25,10,10
45,2582,0.8448471694224797,2.6388822815870128e-05,0.11543938463366196,0.039687057121042056,25,10,10
45,2583,0.8709127623668828,1.122052506823994e-06,0.12907230280549842,1.3812775110854049e-05,25,10,10
45,2584,0.8742952477435172,9.833569184796987e-06,0.12560952043162005,8.539825567679762e-05,25,10,10
45,2585,0.850524063500405,2.361717392196739e-06,0.1491818659465028,0.00029170883569745075,25,10,10
45,2586,0.8955138277245294,1.0635160665047701e-06,0.10444388003978916,4.122871961363451e-05,25,10,10
45,2587,0.8580431330742535,9.65604336458194e-07,0.11335181489796216,0.028604086423447726,25,10,10
45,2588,0.8179389012589974,0.00011500565111522547,0.14053835607826973,0.04140773701161666,25,10,10
45,2589,0.883996933990529,5.773498863496446e-05,0.0758125716062698,0.040132759414566864,25,10,10
45,2590,0.8874036206559414,0.000534141701391358,0.0747063210465067,0.03735591659616088,25,10,10
45,2591,0.8336852360956313,1.1422428015640648e-06,0.12287494484461259,0.04343867681695461,25,10,10
45,2592,0.7012403496536699,2.6746014480185464e-05,0.2656023901342001,0.03313051419764752,25,10,10
45,2593,0.70308454566975,6.573930113413511e-05,0.2543047670611611,0.042544947967955764,25,10,10
45,2594,0.6410239608543534,5.241808217890519e-05,0.3161804434844519,0.042743177579013934,25,10,10
45,2595,0.6976588767825992,5.249950581604304e-05,0.2416521062638332,0.06063651744774967,25,10,10
45,2596,0.7927230564863538,4.062081270631924e-05,0.14677911208649852,0.06045721061444114,25,10,10
45,2597,0.7164147817919424,7.97741827804207e-06,0.21744619676851115,0.06613104402126599,25,10,10
45,2598,0.686674463430803,8.890927379541439e-06,0.24138586776050214,0.07193077788131493,25,10,10
45,2599,0.7556945646736828,9.412088009690577e-06,0.1762734720696378,0.06802255116866882,25,10,10
45,2600,0.7206007199199412,1.1246624625309479e-05,0.20341502212078172,0.07597301133465116,25,10,10
45,2601,0.7200272335702532,3.637428789557567e-05,0.23814916403389866,0.041787228107951775,25,10,10
45,2602,0.7642551716493641,2.286761601774123e-05,0.20492437906463976,0.030797581669976336,25,10,10
45,2603,0.8112016955613316,2.2333105353877933e-05,0.1580532831151088,0.030722688218205042,25,10,10
45,2604,0.7818609084595596,2.260203325392888e-05,0.18735922047316617,0.030757269034019902,25,10,10
45,2605,0.7731625154839314,7.282678056810463e-05,0.18718195815955485,0.03958269957594328,25,10,10
45,2606,0.8226819266848503,2.8392841330149874e-06,0.13303422840062448,0.04428100563039246,25,10,10
45,2607,0.8297482014969098,2.062947333425804e-05,0.130554975955707,0.039676193074047045,25,10,10
45,2608,0.8599070272039816,1.7145312754216913e-05,0.10038664918439329,0.03968917829887035,25,10,10
45,2609,0.8444780038101962,3.834939687676255e-05,0.11540245503975312,0.040081191753173345,25,10,10
45,2610,0.7959488124081588,6.866468558391358e-07,0.164003572210532,0.04004692873444992,25,10,10
45,2611,0.8465900136973934,4.500705637010671e-07,0.10905725083332113,0.044352285398720694,25,10,10
45,2612,0.8097313988780123,1.8168384251790827e-05,0.14770373195160455,0.042546700786129224,25,10,10
45,2613,0.8081628985111858,0.000379580137964473,0.1819813092235586,0.009476212127290284,25,10,10
45,2614,0.847246832869581,1.4122987244606083e-06,0.15197794835588177,0.0007738064758138772,25,10,10
45,2615,0.8139486979887225,0.00043390139158757497,0.16404804407703835,0.021569356542650468,25,10,10
45,2616,0.7659420345775055,0.00047670088720558096,0.21197067359511745,0.021610590940170885,25,10,10
45,2617,0.8349308739361107,0.0004340629422134592,0.14096315837486556,0.023671904746810232,25,10,10
45,2618,0.9126862071876913,1.585060078356386e-06,0.06616245438594061,0.021149753366289773,25,10,10
45,2619,0.8818217652093542,1.980238654734837e-05,0.08156672910388048,0.036591703300218215,25,10,10
45,2620,0.79515635309082,3.3463934630257236e-05,0.1530938222732975,0.05171636070125122,25,10,10
45,2621,0.8763280581014741,1.442386289969461e-05,0.04743985879129212,0.07621765924433471,25,10,10
45,2622,0.820445817773427,2.301525629714094e-05,0.09972761153758798,0.07980355543268818,25,10,10
45,2623,0.7813261756070691,9.933108732829345e-06,0.13842559334027932,0.08023829794391904,25,10,10
45,2624,0.8255026713913345,3.913883527205834e-05,0.131317994558687,0.04314019521470543,25,10,10
45,2625,0.7528828830480957,4.1500398538771584e-05,0.1736003237370607,0.07347529281630434,25,10,10
45,2626,0.8235869223826663,1.9092281800651044e-05,0.133301763427094,0.04309222190843817,25,10,10
45,2627,0.7536205334459294,6.143455950499673e-05,0.16595748532161078,0.08036054667295355,25,10,10
45,2628,0.713173875145451,6.217715073109556e-05,0.18941691956330586,0.097347028140509,25,10,10
45,2629,0.7347501018832755,0.0004970934873693118,0.15511906915452606,0.10963373547482907,25,10,10
45,2630,0.703262200597527,0.00045621165716176136,0.17474774856057926,0.12153383918473379,25,10,10
45,2631,0.7097921068789047,0.00010081857308965983,0.19554523491868,0.0945618396293243,25,10,10
45,2632,0.7676018057704757,3.8835153261714446e-05,0.15826292546600304,0.07409643361025814,25,10,10
45,2633,0.6707627466540302,7.183588429938237e-05,0.22094708247095124,0.10821833499071876,25,10,10
45,2634,0.7523514053272181,7.186041056466271e-06,0.1336840582973323,0.11395735033439239,25,10,10
45,2635,0.7494757870579637,1.0556670320296608e-05,0.18563255731609885,0.06488109895561109,25,10,10
45,2636,0.7100026541474627,3.673179860155982e-05,0.22277388076574073,0.06718673328819272,25,10,10
45,2637,0.7780237057049009,9.591912329761979e-07,0.14250842036462405,0.07946691473924274,25,10,10
45,2638,0.7778892831994306,1.0468963447394119e-06,0.14534851196807608,0.07676115793614727,25,10,10
45,2639,0.6868619966915466,0.00018353671559338358,0.26576421811347706,0.0471902484793826,25,10,10
45,2640,0.7918028377138364,0.00012150648908401824,0.16708935611335707,0.040986299683721465,25,10,10
45,2641,0.826545841483614,1.9238110526511176e-06,0.13627502435717706,0.03717721034815431,25,10,10
45,2642,0.6964209609988342,0.00012587592982694792,0.26420614160234723,0.03924702146899382,25,10,10
45,2643,0.8573978759475953,1.8139409787756345e-06,0.10722287923152139,0.03537743087990425,25,10,10
45,2644,0.8895686798508932,8.483010550886514e-06,0.0702544806889001,0.04016835644965641,25,10,10
45,2645,0.8957138529665221,7.011538562852266e-07,0.09712479358492251,0.007160652294699361,25,10,10
45,2646,0.8253729720762673,6.109629303891223e-05,0.17429495779647525,0.00027097383421966723,25,10,10
45,2647,0.8726306407002089,9.993082970336303e-06,0.12661600159998998,0.0007433646168293206,25,10,10
45,2648,0.9026554824767286,1.4638500853272406e-05,0.09569744636821909,0.0016324326541983026,25,10,10
45,2649,0.8661367177888281,7.0697767299702655e-06,0.13201124773291004,0.0018449647015327938,25,10,10
45,2650,0.8181142912157503,1.2984656544327423e-05,0.16888584867393924,0.012986875453767019,25,10,10
45,2651,0.7605835573349267,1.2485153301848233e-05,0.22640832967235924,0.012995627839410323,25,10,10
45,2652,0.8436427245023118,3.242606518565684e-06,0.15608053821769266,0.00027349467347808823,25,10,10
45,2653,0.8031534883716894,2.716808375256579e-05,0.19458598406897515,0.002233359475580916,25,10,10
45,2654,0.8585257877700714,5.9884830400420076e-06,0.14125607637946794,0.0002121473674213696,25,10,10
45,2655,0.8769053851284945,5.8653982384265475e-06,0.1226133396002889,0.0004754098729772415,25,10,10
45,2656,0.8200377685669227,2.986039905921173e-05,0.16622024303929808,0.013712127994719842,25,10,10
45,2657,0.8424543252338885,7.985921097692256e-07,0.15722515160395348,0.00031972457004956074,25,10,10
45,2658,0.8753382070490258,1.976912292663359e-06,0.12439011471802493,0.00026970132065753217,25,10,10
45,2659,0.885666956981916,1.4893329081318288e-06,0.11404227757181765,0.0002892761133588271,25,10,10
45,2660,0.87381231768173,0.00031316884676846,0.09887144308980435,0.027003070381697435,25,10,10
45,2661,0.7950772771870553,1.7860131151967337e-05,0.18135031245381722,0.023554550227974556,25,10,10
45,2662,0.7603678231518178,2.0272591842980703e-05,0.21602817741882396,0.023583726837515594,25,10,10
45,2663,0.757562010874875,2.4746603596229556e-06,0.2188895200173101,0.02354599444745437,25,10,10
45,2664,0.7175347992206738,4.990238577690589e-05,0.20255145791959017,0.07986384047395963,25,10,10
45,2665,0.714736356922891,4.435709716641843e-05,0.20597475098067894,0.07924453499926228,25,10,10
45,2666,0.7818432854829865,7.625876940714856e-05,0.13587456379780533,0.08220589194979898,25,10,10
45,2667,0.7528368397802063,6.562444132106505e-06,0.20086597168380368,0.04629062609185755,25,10,10
45,2668,0.7024217564047328,2.1471198147341326e-06,0.25124668756317087,0.04632940891228097,25,10,10
45,2669,0.7239495987052207,1.518659723266587e-05,0.2293495262434433,0.046685688454103084,25,10,10
45,2670,0.7418022818376453,0.0003540464486560456,0.21763342811981784,0.04021024359388183,25,10,10
45,2671,0.8065445746653785,0.0003450794842956307,0.16708265688013987,0.026027688970185307,25,10,10
45,2672,0.8135487767802527,0.00038647186537419444,0.1464216742358364,0.039643077118535645,25,10,10
45,2673,0.7944027706438379,5.921390378515556e-05,0.16589327820503338,0.03964473724734138,25,10,10
45,2674,0.7415116966921691,8.683148119389588e-05,0.2514548257582861,0.006946646068353767,25,10,10
45,2675,0.8547126503054219,1.7307177164217797e-05,0.14517919167514143,9.0850842271374e-05,25,10,10
45,2676,0.8692923245461393,0.00021651797669323714,0.12929106637787796,0.001200091099289395,25,10,10
45,2677,0.888000788276718,0.00021594909497054957,0.11039174395687892,0.0013915186714314736,25,10,10
45,2678,0.8516289386428245,3.4673865900274224e-05,0.14751288920855468,0.0008234982827192883,25,10,10
45,2679,0.8543570383375702,3.5512076667943304e-05,0.14548323303009705,0.000124216555662278,25,10,10
45,2680,0.8341194420959933,4.730027358787407e-05,0.15814101870982167,0.007692238920595982,25,10,10
45,2681,0.8728308480564217,1.3854281814449348e-05,0.11913983686954102,0.008015460792223036,25,10,10
45,2682,0.842081055405379,2.2954122152054585e-05,0.14779295541591994,0.010103035056549739,25,10,10
45,2683,0.9174514195745335,2.6104593258481694e-05,0.07241613227898705,0.010106343553221136,25,10,10
45,2684,0.949801330067126,1.96530129368391e-05,0.050160419356443386,1.8597563494667883e-05,25,10,10
45,2685,0.8965757108875313,1.079640915432646e-05,0.10334584223059194,6.765047272210726e-05,25,10,10
45,2686,0.8976456212809419,1.0492472713075207e-06,0.1004493728713286,0.0019039566004566224,25,10,10
45,2687,0.8395871339931763,5.910428149847853e-06,0.158445471331869,0.001961484246802844,25,10,10
45,2688,0.8372166179232433,8.811244354486714e-07,0.16084698918272874,0.0019355117695912779,25,10,10
45,2689,0.8830433549943345,7.568581844951293e-05,0.11503340396305477,0.001847555224159639,25,10,10
45,2690,0.7440523144973653,6.11227431611683e-05,0.25246172023318514,0.0034248425262866796,25,10,10
45,2691,0.7221847951433737,7.178891072772236e-05,0.2762271084006544,0.0015163075452434341,25,10,10
45,2692,0.8021770574588273,3.075111252074826e-05,0.1960011195560685,0.0017910718725831492,25,10,10
45,2693,0.8575182049357518,1.2736402832327662e-05,0.13720936874423964,0.005259689917174931,25,10,10
45,2694,0.8756761989090834,0.00023221142227539408,0.12392159719011098,0.00016999247852606802,25,10,10
45,2695,0.7834948727693548,0.00023197165438067544,0.2160796073220331,0.00019354825423004631,25,10,10
45,2696,0.8074873368491801,0.00011767543886406178,0.19190484406596867,0.0004901436459857052,25,10,10
45,2697,0.8906006527596113,2.3687365067395673e-06,0.10930013134783703,9.6847156044441e-05,25,10,10
45,2698,0.8395685893738967,1.2135741444408226e-05,0.128622333102414,0.03179694178224399,25,10,10
45,2699,0.8698397594557555,9.380829086117295e-06,0.09833835982605031,0.0318124998891071,25,10,10
45,2700,0.7390097644137706,2.0295864189469447e-05,0.22118847545961062,0.03978146426243102,25,10,10
45,2701,0.7944908701021633,3.0486606113216143e-06,0.16589906714252475,0.039607014094699425,25,10,10
45,2702,0.8364942925093408,5.8134210238154376e-05,0.12287938930714186,0.04056818397327938,25,10,10
45,2703,0.7634959024287811,1.1678472611664963e-06,0.19415017176041413,0.042352757963544645,25,10,10
45,2704,0.8198761791001208,1.3484465824276668e-06,0.13771177938892554,0.042410693064371036,25,10,10
45,2705,0.7846404186412697,8.47927174920393e-06,0.1859375468846068,0.02941355520237557,25,10,10
45,2706,0.8255704387902358,1.438269162014803e-06,0.14047843868763402,0.03394968425296848,25,10,10
45,2707,0.7973879865583525,2.0034385451667314e-06,0.17333525663122745,0.029274753371875194,25,10,10
45,2708,0.868810535016634,7.528011171564381e-07,0.09146196518869135,0.039726746993558146,25,10,10
45,2709,0.8999276870898523,5.289623764798846e-07,0.05841963546279824,0.04165214848497305,25,10,10
45,2710,0.8851446025228481,1.5635208727115253e-06,0.07514491516522881,0.03970891879105162,25,10,10
45,2711,0.9015775118990531,1.075501838160236e-06,0.058637625703184426,0.03978378689592406,25,10,10
45,2712,0.7970450755942715,1.1283156247613643e-05,0.16275171804093042,0.040191923208551604,25,10,10
45,2713,0.7126527560335444,2.6340789189344593e-06,0.20517798170940324,0.08216662817813197,25,10,10
45,2714,0.7873831847080265,1.2520467502415485e-05,0.12953448100687132,0.08306981381759948,25,10,10
45,2715,0.8026920985016711,8.4193432147881e-07,0.10109153308484797,0.09621552647915871,25,10,10
45,2716,0.8435345830773197,5.915517225484705e-07,0.08056086517099102,0.07590396019996656,25,10,10
45,2717,0.7945336175509796,1.2896386529350422e-05,0.12632113054563776,0.07913235551685256,25,10,10
45,2718,0.8302575016745349,1.1507563334577655e-05,0.08738410871942513,0.08234688204270504,25,10,10
45,2719,0.8438648544052948,1.1307758490996787e-05,0.0702806448108124,0.085843193025402,25,10,10
45,2720,0.7875723320633281,1.143070862235914e-05,0.12974245252750619,0.08267378470054243,25,10,10
45,2721,0.6928644078234525,0.0003569807761005916,0.22015966073584253,0.08661895066460434,25,10,10
45,2722,0.6730720475175375,0.00035585255567564903,0.2821155179511393,0.04445658197564922,25,10,10
45,2723,0.7795996676368953,2.1732181587444215e-06,0.18100149880672606,0.039396660338218564,25,10,10
45,2724,0.799615278549102,2.6502961331097163e-06,0.16082657341267315,0.039555497742091814,25,10,10
45,2725,0.8461580133339769,1.6886057725110995e-06,0.11257612127247565,0.041264176787775,25,10,10
45,2726,0.8211555331502396,2.2944800842468423e-05,0.14429084297543318,0.0345306790734847,25,10,10
45,2727,0.860906936171246,2.8496392679396035e-06,0.10658847717442098,0.03250173701506418,25,10,10
45,2728,0.8795515289405413,3.5375489406938137e-06,0.08635931381308472,0.034085619697433574,25,10,10
45,2729,0.8505535251016838,1.81553614630172e-06,0.14526412440899972,0.004180534953166704,25,10,10
45,2730,0.8511718004828706,3.207426896331203e-05,0.14870632963604558,8.979561211788237e-05,25,10,10
45,2731,0.8713289597770384,1.557023460705462e-05,0.1282527598701555,0.00040271011819806285,25,10,10
45,2732,0.7923952052968165,4.2169541894958385e-05,0.19388165704549626,0.013680968115794312,25,10,10
45,2733,0.7634385302227469,4.5416487748143774e-05,0.1876813323397904,0.04883472094971557,25,10,10
45,2734,0.7739438793909476,2.792231681049421e-06,0.2157062300227429,0.010347098354629443,25,10,10
45,2735,0.8274154820569983,1.5816007037558464e-06,0.1687494216194103,0.0038335147228874323,25,10,10
45,2736,0.8292911015460868,1.1590523864064957e-05,0.17012511257613933,0.000572195353910017,25,10,10
45,2737,0.8519837365304346,2.3696050055009492e-05,0.1475289386799321,0.00046362873957736723,25,10,10
45,2738,0.8480251962102642,4.267443680963527e-05,0.15178557638841675,0.00014655296450597115,25,10,10
45,2739,0.7324104299225586,3.910731737708101e-06,0.23106401690119693,0.03652164244450449,25,10,10
45,2740,0.7660564147838689,1.3007993265240523e-05,0.22617468173088798,0.0077558954919780265,25,10,10
45,2741,0.7725178325555097,8.292975229716325e-06,0.21981597950222784,0.007657894967032237,25,10,10
45,2742,0.8726787351569514,1.28694709611404e-05,0.09660552683124075,0.030702868540845727,25,10,10
45,2743,0.8416708488419054,1.648880488427688e-05,0.12956717072907556,0.02874549162413484,25,10,10
45,2744,0.8030430179169504,6.448334912411196e-05,0.16627150837782384,0.03062099035610032,25,10,10
45,2745,0.9210690865001392,6.086794979562e-07,0.03919894212687562,0.03973136269348666,25,10,10
45,2746,0.8305665237887565,9.002269210529701e-05,0.16316157192549852,0.00618188159363648,25,10,10
45,2747,0.8109262676308482,9.146900393964115e-05,0.15237918124401584,0.03660308212119534,25,10,10
45,2748,0.8723835601844669,8.985648557404595e-05,0.12325625536069823,0.004270327969260805,25,10,10
45,2749,0.8280371663757841,8.845246518674423e-05,0.16872268533731444,0.0031516958217136775,25,10,10
45,2750,0.9040035254396401,1.0352061873605769e-05,0.09283844891351066,0.0031476735849757524,25,10,10
45,2751,0.874252971908117,1.527423676328686e-05,0.12335851232220348,0.002373241532914814,25,10,10
45,2752,0.7675630657472233,1.653147281023143e-05,0.22997232362650188,0.0024480791534601696,25,10,10
45,2753,0.8082475689350771,1.2314657767910575e-05,0.1914540420256376,0.0002860743815176156,25,10,10
45,2754,0.9322792525717228,1.465065232733128e-06,0.06763571234365606,8.357001938855359e-05,25,10,10
45,2755,0.9299720487518051,2.6562964388679495e-06,0.07001214936242821,1.3145589328469924e-05,25,10,10
45,2756,0.9056893215233158,1.2372942412423435e-05,0.09422878099369837,6.952454057258834e-05,25,10,10
45,2757,0.9400430775280705,4.499280096610766e-08,0.05993596249304835,2.0914986080610778e-05,25,10,10
45,2758,0.9114886936935082,3.9657691887587076e-06,0.08796051827733394,0.0005468222599670536,25,10,10
45,2759,0.9173033633829788,2.826303133607648e-06,0.08242110114824987,0.0002727091656385412,25,10,10
45,2760,0.8313266529155439,4.4309435436126855e-06,0.1684043117330155,0.000264604407895766,25,10,10
45,2761,0.8886359220169443,1.4840605530499513e-06,0.10145186836185649,0.009910725560642852,25,10,10
45,2762,0.8147879344300851,5.936847041950432e-06,0.1828766190557607,0.002329509667116368,25,10,10
45,2763,0.8522269323671106,2.9064998962686187e-05,0.1426231841875351,0.005120818446391584,25,10,10
45,2764,0.865395603133945,2.391946745696817e-05,0.1275898105933979,0.006990666805200898,25,10,10
45,2765,0.8806634854090454,0.0013374608434277317,0.11509275612412248,0.0029062976234049357,25,10,10
45,2766,0.8784395576218692,5.250558669254298e-05,0.11400648281431154,0.007501453977126113,25,10,10
45,2767,0.8741578423513953,1.6855364284288526e-05,0.12524740512482507,0.0005778971594942136,25,10,10
45,2768,0.8453871217111296,1.5025020673770307e-05,0.1542708162914534,0.00032703697674101674,25,10,10
45,2769,0.8402030666004401,6.857149988557368e-05,0.15556709975433614,0.0041612621453366895,25,10,10
45,2770,0.8399229011625896,1.058774229600366e-05,0.15613023432132275,0.003936276773791183,25,10,10
45,2771,0.826121145516241,1.129938726476526e-05,0.17229646112005287,0.0015710939764388581,25,10,10
45,2772,0.8522470309573218,5.9076743571473e-06,0.1471161116237248,0.0006309497445962528,25,10,10
45,2773,0.8079867544543166,4.719005858712878e-06,0.19197641983764607,3.2106702180588726e-05,25,10,10
45,2774,0.8897941147671379,0.00013961650057895861,0.10994343752130924,0.00012283121097456017,25,10,10
45,2775,0.904489851520853,2.4934399696316855e-05,0.09529943247220954,0.00018578160724081526,25,10,10
45,2776,0.8678338935926291,0.012588328781730291,0.11735771916336063,0.0022200584622789426,25,10,10
45,2777,0.7691348006247304,0.012600568514377367,0.21018128986613027,0.008083340994763823,25,10,10
45,2778,0.8182602359197177,0.010634203672379494,0.16652561044653238,0.0045799499613683944,25,10,10
45,2779,0.8127662753445202,0.010320270712524155,0.17474273392367998,0.002170720019273492,25,10,10
45,2780,0.727625399039753,0.0005020057773038547,0.24319965986252776,0.028672935320413415,25,10,10
45,2781,0.767470287938199,3.904537846974239e-05,0.16756680572119872,0.06492386096213085,25,10,10
45,2782,0.7842997693842956,3.880905382119159e-05,0.15062675935978243,0.06503466220209976,25,10,10
45,2783,0.8301364991409375,4.189670816300343e-05,0.09142276919794147,0.07839883495295819,25,10,10
45,2784,0.7301310116300026,3.512552468673684e-05,0.19142432986326433,0.07840953298204503,25,10,10
45,2785,0.7573739110555502,2.0903730828449e-06,0.1643878169749079,0.07823618159645815,25,10,10
45,2786,0.7771488891168281,2.658044908821281e-06,0.14415755867029328,0.07869089416796904,25,10,10
45,2787,0.7785903415454024,2.6964068510013294e-05,0.15237469053144662,0.06900800385464002,25,10,10
45,2788,0.8006594807053012,1.654785762356902e-05,0.12126225836246655,0.07806171307460931,25,10,10
45,2789,0.7966950553372061,0.0006449200184920623,0.12337342572376678,0.07928659892053455,25,10,10
45,2790,0.8218959854437868,1.671818183299731e-05,0.09590753863197499,0.08217975774240639,25,10,10
45,2791,0.7526896995680298,0.0003081857353457454,0.16540866249277134,0.08159345220385311,25,10,10
45,2792,0.7344666900390904,7.598535008599515e-06,0.18579908867162814,0.07972662275427325,25,10,10
45,2793,0.7388984833496063,7.870225468328895e-06,0.18161323237954005,0.07948041404538504,25,10,10
45,2794,0.7367105226444933,0.0003327607043037011,0.21240273700941872,0.05055397964178383,25,10,10
45,2795,0.7952810024376573,4.742767235713375e-05,0.16726459780977435,0.03740697208021184,25,10,10
45,2796,0.8159260655370761,4.102919123680989e-06,0.1838632905698564,0.00020654097394402546,25,10,10
45,2797,0.8738085549555944,3.931866323959837e-06,0.12582631141329442,0.0003612017647880174,25,10,10
45,2798,0.8820219997389604,5.559423455051871e-06,0.11669231720037442,0.0012801236372091851,25,10,10
45,2799,0.7945674654290775,6.269905687920236e-06,0.2038161546287648,0.0016101100364685128,25,10,10
45,2800,0.8932628728722285,1.861748861182907e-06,0.10645585063005587,0.00027941474885302263,25,10,10
45,2801,0.9400462232674349,0.0005367019180140345,0.05927667190112519,0.00014040291342588815,25,10,10
45,2802,0.8777439733166043,0.0005337010078072128,0.12135690938421381,0.00036541629137414223,25,10,10
45,2803,0.9052372765965392,1.0031468197402484e-06,0.09438362369657956,0.0003780965600619152,25,10,10
45,2804,0.9319471022872556,2.2849886933954643e-05,0.06795026403281139,7.978379299897367e-05,25,10,10
45,2805,0.9054045957122218,2.427839003335438e-05,0.09446158140748714,0.00010954449025801499,25,10,10
45,2806,0.9009646626011663,1.3997688964734896e-05,0.06893311519774631,0.03008822451212243,25,10,10
45,2807,0.796578667972321,1.4612428168391362e-05,0.13293300297378183,0.07047371662572904,25,10,10
45,2808,0.8019377814519018,2.7145621716556948e-05,0.12722854406092496,0.07080652886545769,25,10,10
45,2809,0.7996803118879106,0.00024424825829896216,0.1279172920142798,0.07215814783950882,25,10,10
45,2810,0.7551058998072642,6.0792123785019334e-05,0.16404576466506085,0.08078754340388711,25,10,10
45,2811,0.8371360843003255,2.243824169170475e-05,0.08242048138168094,0.08042099607630177,25,10,10
45,2812,0.8813914997489763,3.95570756136242e-07,0.04496175827710961,0.07364634640315812,25,10,10
45,2813,0.8548962489169175,0.0013304552320930337,0.07026681069942411,0.073506485151566,25,10,10
45,2814,0.8733149995339974,7.378927943907465e-07,0.0530372991974643,0.07364696337574482,25,10,10
45,2815,0.8163565839294387,2.1043928826350413e-06,0.10979176106043047,0.07384955061724735,25,10,10
45,2816,0.8015411187526073,2.5984409366226485e-05,0.11845341555823306,0.0799794812797923,25,10,10
45,2817,0.7417559662132652,2.2918066282010967e-05,0.19207534101334361,0.06614577470710992,25,10,10
45,2818,0.7401041290634051,2.2928738880488757e-06,0.18493993780119766,0.07495364026151079,25,10,10
45,2819,0.798712581679208,0.0004849107868018006,0.12067104516172776,0.08013146237226307,25,10,10
45,2820,0.8223071573586312,1.4832412515535566e-06,0.09593741843547977,0.08175394096463791,25,10,10
45,2821,0.8241003116648818,1.519507702846019e-06,0.08810699509805793,0.08779117372935791,25,10,10
45,2822,0.8510962248248339,1.3693699191747486e-06,0.05531377531637717,0.0935886304888698,25,10,10
45,2823,0.8092814420656973,0.0003190885248181964,0.13233880943505505,0.05806065997442777,25,10,10
45,2824,0.8763366298546241,1.1280718569175305e-06,0.06532196867694566,0.05834027339657332,25,10,10
45,2825,0.778141653122916,0.001604958476899982,0.1223681177039194,0.09788527069626315,25,10,10
45,2826,0.8576419161608146,5.242260244748586e-07,0.04479523645993563,0.09756232315322545,25,10,10
45,2827,0.8380351838126338,1.7724388193146455e-06,0.1430723834262581,0.018890660322288196,25,10,10
45,2828,0.78931874070261,3.679676721552636e-06,0.16768665250952086,0.04299092711114715,25,10,10
45,2829,0.8029539547038399,4.473488468307571e-06,0.1943509075716009,0.002690664236089092,25,10,10
45,2830,0.9044523785777067,1.9124132386304493e-05,0.09122690235191429,0.004301594937992972,25,10,10
45,2831,0.8046426635493951,4.402891655706972e-05,0.19407041610867723,0.0012428914253684708,25,10,10
45,2832,0.7760233435790809,1.512074349160021e-05,0.22064334704432662,0.003318188633103289,25,10,10
45,2833,0.7772065515095947,1.298928114658321e-05,0.20181820576542664,0.020962253443834736,25,10,10
45,2834,0.7848853766048504,0.00046993588388479423,0.17464722426582852,0.03999746324543683,25,10,10
45,2835,0.760671121751779,1.0091744097522923e-06,0.21232422549559085,0.02700364357821881,25,10,10
45,2836,0.8415085717088583,5.328238654032583e-07,0.13136639852148352,0.027124496945792158,25,10,10
45,2837,0.8350510648574653,8.359907559693241e-05,0.12487405651618755,0.039991279550751345,25,10,10
45,2838,0.8748306568272387,8.395548907868855e-05,0.08533454928656427,0.039750838397118744,25,10,10
45,2839,0.7938611055445897,6.977577540083481e-05,0.16639010676121008,0.03967901191880138,25,10,10
45,2840,0.7593988608477775,1.343006645477429e-05,0.20067495198783974,0.039912757097929435,25,10,10
45,2841,0.7189515846557518,5.7550901701519085e-05,0.2377079347002713,0.04328292974227612,25,10,10
45,2842,0.7233156704768495,4.784583410822753e-05,0.24666750517808983,0.029968978510952978,25,10,10
45,2843,0.7965425173399993,2.132516151250796e-05,0.1781948131170947,0.02524134438139218,25,10,10
45,2844,0.8118464054433093,4.985954502247294e-05,0.16336011451458213,0.024743620497084548,25,10,10
45,2845,0.8597554679821414,6.597477451234232e-05,0.1004336518249517,0.03974490541839503,25,10,10
45,2846,0.7697214426596704,3.1252514404167284e-05,0.1503601368085201,0.07988716801740538,25,10,10
45,2847,0.8328325598991008,2.729536308531431e-05,0.12103184053477534,0.04610830420303817,25,10,10
45,2848,0.8330557150750321,1.3853974625235768e-05,0.12685592473800747,0.04007450621233397,25,10,10
45,2849,0.8635067409169581,1.4186044238650037e-05,0.0963908686548064,0.04008820438399538,25,10,10
45,2850,0.8594030588465748,2.3681826004855158e-05,0.09912524393879954,0.04144801538862085,25,10,10
45,2851,0.8771025676753454,6.484610422984904e-05,0.08317925336357926,0.03965333285684492,25,10,10
45,2852,0.8290947883441834,6.532254827814407e-05,0.12894443985359363,0.04189544925394546,25,10,10
45,2853,0.8903221427558176,1.752793543107796e-06,0.06778758005313136,0.04188852439750722,25,10,10
45,2854,0.7921114819229893,3.589509104122136e-06,0.17311067473876512,0.0347742538291394,25,10,10
45,2855,0.7179323917285744,2.8265982093600645e-05,0.24960465873938897,0.032434683549941654,25,10,10
45,2856,0.8838360378428932,2.5309660817671045e-06,0.0766353923974713,0.039526038793553854,25,10,10
45,2857,0.7721940951936428,2.798536913271744e-06,0.18816491854908615,0.039638187720357036,25,10,10
45,2858,0.8544123948066197,2.4446639086561575e-06,0.10589369186219408,0.039691468667278594,25,10,10
45,2859,0.7777328405410624,3.4245476954229616e-06,0.21872668413115057,0.0035370507800917173,25,10,10
45,2860,0.8305651003046975,3.555363718368736e-06,0.1579018540183595,0.011529490313224396,25,10,10
45,2861,0.8255380957697035,1.1411126136272066e-06,0.17136105331059717,0.003099709807083327,25,10,10
45,2862,0.8231341016734567,4.550320310848046e-05,0.1767380601854923,8.233493794396603e-05,25,10,10
45,2863,0.8449357288302544,2.3869719280478885e-05,0.15490802852156546,0.00013237292889886306,25,10,10
45,2864,0.7981520718687947,2.359785191778302e-05,0.19840068453815113,0.003423645741132028,25,10,10
45,2865,0.8187229420675276,4.2033886005039554e-05,0.18118475777541196,5.026627105322518e-05,25,10,10
45,2866,0.872578950524328,1.9408603050488104e-05,0.12726878908529315,0.0001328517873246819,25,10,10
45,2867,0.8259379743357853,1.0984459218824337e-05,0.13276849405840338,0.04128254714659055,25,10,10
45,2868,0.7537131553037429,2.7870585187590574e-05,0.20697670510460103,0.03928226900647065,25,10,10
45,2869,0.7482880382769834,1.7020516741104096e-05,0.22355182241421734,0.02814311879205852,25,10,10
45,2870,0.8033470671744017,2.762779843445805e-06,0.1561128119943964,0.04053735805135725,25,10,10
45,2871,0.8303125659557992,3.8640176583678495e-05,0.1274216098560586,0.04222718401155753,25,10,10
45,2872,0.8568549359841946,4.818886870534477e-05,0.10285041411264494,0.0402464610344523,25,10,10
45,2873,0.8506151291548177,2.090811955964191e-05,0.10940759524948725,0.03995636747613549,25,10,10
45,2874,0.7941288474385715,3.023031882837562e-06,0.165904695826521,0.03996343370302616,25,10,10
45,2875,0.8809560792172384,1.223294861877242e-06,0.0790763704484272,0.03996632703947278,25,10,10
45,2876,0.8926957572935557,2.5688564881650497e-06,0.09676931395896388,0.010532359890992472,25,10,10
45,2877,0.9070306594316087,2.2925186935789475e-06,0.09065179036042155,0.0023152576892772623,25,10,10
45,2878,0.8669960706897742,3.2561397175785935e-05,0.13294363502045903,2.773289258898684e-05,25,10,10
45,2879,0.860244983002083,3.237632071849707e-05,0.1395245378697127,0.00019810280748535443,25,10,10
45,2880,0.9469816974204912,2.4606701750200763e-06,0.052999939528480186,1.590238085411235e-05,25,10,10
45,2881,0.9393506798634297,3.306500731999608e-07,0.060448571501752875,0.0002004179847429071,25,10,10
45,2882,0.8718891399988101,1.9184848352556194e-07,0.12780329100909765,0.0003073771436076466,25,10,10
45,2883,0.8908969863786069,4.1099930128372124e-05,0.10904303633777834,1.8877353485621073e-05,25,10,10
45,2884,0.9323116389777839,1.9488053722132076e-05,0.0675754037655866,9.346920290727091e-05,25,10,10
45,2885,0.913218761685902,5.81795924434033e-05,0.0866392392772042,8.381944444984216e-05,25,10,10
45,2886,0.8467317333603419,4.651464877767965e-05,0.15296067181220685,0.00026108017867340464,25,10,10
45,2887,0.9226328120610531,1.1425421937234953e-05,0.07728106244016604,7.470007684412405e-05,25,10,10
45,2888,0.9146258792356596,5.2475647224594104e-06,0.08355985457930915,0.0018090186203079406,25,10,10
45,2889,0.8135952502831404,0.009229808162821197,0.1762977758859576,0.0008771656680771891,25,10,10
45,2890,0.7791614540785168,3.928856182298672e-05,0.22025581232401378,0.0005434450356431912,25,10,10
45,2891,0.8595271256955419,1.3053757335539642e-05,0.1375214797001998,0.0029383408469203405,25,10,10
45,2892,0.8833958783628344,3.342449600994064e-05,0.11656233941572897,8.357725426075317e-06,25,10,10
45,2893,0.8304753365378272,1.0379250982530283e-06,0.16150491131163836,0.008018714225433465,25,10,10
45,2894,0.8650308102508574,4.1602602706052134e-07,0.09534177062025004,0.03962700310286437,25,10,10
45,2895,0.7365037705444273,0.0001593084367862861,0.21143128872165773,0.05190563229713165,25,10,10
45,2896,0.7250455794004808,0.000189961759847217,0.2226707511451718,0.052093707694500654,25,10,10
45,2897,0.8095845076380457,1.865449120143548e-05,0.1504052616677824,0.03999157620296927,25,10,10
45,2898,0.7652764671513799,1.0974783387196504e-05,0.19503890608009958,0.03967365198513481,25,10,10
45,2899,0.7830949886316502,4.505741174725895e-05,0.17666940896193054,0.04019054499467063,25,10,10
45,2900,0.8042206507335226,2.3379502533840978e-05,0.15366439677796012,0.042091572985980805,25,10,10
45,2901,0.8018815608712658,2.7567653821311066e-05,0.15827675073290012,0.039814120742011475,25,10,10
45,2902,0.8271367739012354,0.034174487792256576,0.10150462911786129,0.037184109188645245,25,10,10
45,2903,0.8767727557543208,0.001880186116725847,0.08430334957766773,0.03704370855128523,25,10,10
45,2904,0.8208393858212447,2.510450165990507e-05,0.1391288227766303,0.04000668690046339,25,10,10
45,2905,0.87428262990316,1.6466464528516152e-05,0.08933362656179644,0.036367277070514493,25,10,10
45,2906,0.8366000371898048,1.618575766086005e-05,0.12370334371615954,0.039680433336374665,25,10,10
45,2907,0.8197224336560737,0.00023778918514502377,0.13930711851388497,0.04073265864489465,25,10,10
45,2908,0.8292439113225538,3.5073254599754075e-05,0.14130149760255728,0.029419517820287733,25,10,10
45,2909,0.8534015709827982,2.0408519842773325e-05,0.11907349927245624,0.027504521224902337,25,10,10
45,2910,0.8114588182733228,1.1900935032339498e-05,0.14692274203552935,0.0416065387561137,25,10,10
45,2911,0.6679320156537603,1.389536338708218e-05,0.3108324577004396,0.021221631282412723,25,10,10
45,2912,0.7163925472579664,1.1975386910127253e-05,0.27022687769439024,0.0133685996607335,25,10,10
45,2913,0.8295532651236472,3.242136398824579e-06,0.15730150840455456,0.01314198433539906,25,10,10
45,2914,0.8413579390445214,2.3876319593165754e-06,0.12146266111948659,0.03717701220403255,25,10,10
45,2915,0.7186270431116881,0.007586401890158337,0.23366056879723093,0.040125986200921775,25,10,10
45,2916,0.7529093853514688,0.0088414289608402,0.19760882606067148,0.04064035962701971,25,10,10
45,2917,0.7407932075565858,0.0003700367883883636,0.18922941385813769,0.0696073417968872,25,10,10
45,2918,0.6859576934008514,0.000372662131517704,0.23825667885447235,0.07541296561315458,25,10,10
45,2919,0.7890050109855394,1.3220884524467777e-05,0.1269235065541495,0.08405826157578572,25,10,10
45,2920,0.845814788918168,8.379789594917969e-07,0.06668684203791786,0.08749753106495425,25,10,10
45,2921,0.780914589128149,3.9622763306032186e-05,0.10028144192841029,0.11876434618013365,25,10,10
45,2922,0.7998167283655353,3.5890348971442906e-05,0.08135966766527492,0.11878771362021787,25,10,10
45,2923,0.7703497159849646,3.658097365479992e-05,0.1080320708793697,0.12158163216201069,25,10,10
45,2924,0.7642681199328707,3.624089814317157e-05,0.13344783204344698,0.10224780712553677,25,10,10
45,2925,0.7044473672865288,3.916783379752054e-05,0.15770235673499688,0.13781110814467554,25,10,10
45,2926,0.7152973773777308,3.442237214577209e-05,0.15778652669094748,0.12688167355917687,25,10,10
45,2927,0.7492430158366403,2.52401784116657e-06,0.14919396267360963,0.10156049747191083,25,10,10
45,2928,0.7479063845236463,1.6116912804067595e-06,0.14450671599236928,0.10758528779270259,25,10,10
45,2929,0.7179337378218937,2.7273113019107594e-06,0.17809563457377112,0.10396790029303317,25,10,10
45,2930,0.6538223562829738,1.0836833430921342e-05,0.22621898172531044,0.11994782515828362,25,10,10
45,2931,0.6909250566924602,7.939474561454391e-07,0.1864523828706059,0.12262176648947765,25,10,10
45,2932,0.7916229451097512,1.4458916889651403e-05,0.0876025143430888,0.12076008163026992,25,10,10
45,2933,0.7108372750319957,2.8519364267431468e-05,0.1904213516454928,0.09871285395824442,25,10,10
45,2934,0.7642714536322253,6.282283101537276e-07,0.12715470734542456,0.10857321079403995,25,10,10
45,2935,0.7493773695921756,1.0132848947821082e-06,0.14213015270884813,0.10849146441408142,25,10,10
45,2936,0.771510076023248,1.3279613789412619e-06,0.10886969588978257,0.1196189001255902,25,10,10
45,2937,0.8177507207883717,1.279528115475993e-06,0.060797151421489254,0.12145084826202313,25,10,10
45,2938,0.803194288454631,1.689775557328121e-06,0.07799883294357213,0.11880518882623962,25,10,10
45,2939,0.7851219971304901,2.049844373850926e-06,0.07307703634670791,0.1417989166784281,25,10,10
45,2940,0.6392901674989243,0.0011374279639338998,0.19983033016737006,0.15974207436977225,25,10,10
45,2941,0.6549558050768625,1.4031355417070681e-05,0.21843946563526978,0.12659069793244948,25,10,10
45,2942,0.706729625506333,1.562782542663615e-06,0.18063740246230492,0.11263140924881698,25,10,10
45,2943,0.7498142523103836,6.34630019947048e-07,0.14633863079237883,0.10384648226721678,25,10,10
45,2944,0.7587982149859352,3.695507428207159e-06,0.13997911795284343,0.10121897155379328,25,10,10
45,2945,0.7890049946194732,7.385045949592613e-07,0.14217432869820848,0.06881993817772279,25,10,10
45,2946,0.837076067054503,0.00042177390305922713,0.057844036666653983,0.10465812237578248,25,10,10
45,2947,0.7906371587515051,0.0004217120059839316,0.08987832380944173,0.11906280543306724,25,10,10
45,2948,0.7888960606764782,6.040877158858774e-05,0.09220366612890243,0.11883986442302989,25,10,10
45,2949,0.7923003396588149,1.4636772353208575e-05,0.09122520524284373,0.11645981832598683,25,10,10
45,2950,0.7485170491504113,7.927281450606914e-05,0.13187358829948526,0.11953008973559733,25,10,10
45,2951,0.6191379533648275,3.1128784211472884e-05,0.27336609611483764,0.10746482173612866,25,10,10
45,2952,0.7413929972119304,3.6468754956667416e-05,0.17071862872630927,0.08785190530680405,25,10,10
45,2953,0.7109499628543642,1.6669689869677252e-05,0.19699252503236633,0.09204084242340155,25,10,10
45,2954,0.7011017082373308,2.576152269679289e-05,0.23636398234963615,0.06250854789033383,25,10,10
45,2955,0.6848299792005728,1.0417254503805805e-05,0.23535516217075564,0.07980444137416791,25,10,10
45,2956,0.6913114118304009,3.405649560686427e-06,0.2340220190066977,0.07466316351334076,25,10,10
45,2957,0.7246889306840193,2.733050057924412e-05,0.1987636375605501,0.07652010125485112,25,10,10
45,2958,0.7653376971437631,4.905622185774242e-06,0.16063018764431164,0.0740272095897398,25,10,10
45,2959,0.8343030582165376,2.529145946799595e-06,0.12095806893213613,0.044736343705379385,25,10,10
45,2960,0.8886332312824203,1.0461073749461636e-05,0.10361149596251641,0.007744811681314621,25,10,10
45,2961,0.8643808796685856,1.5113513982434165e-05,0.09223705913838363,0.04336694767904701,25,10,10
45,2962,0.8675284326218252,5.341361506092517e-05,0.08910440448896818,0.04331374927414365,25,10,10
45,2963,0.8033221020980937,2.0052907152275583e-05,0.15695062239660534,0.039707222598147594,25,10,10
45,2964,0.8610117272366695,2.4960971464545328e-05,0.09860829593792322,0.040355015853942876,25,10,10
45,2965,0.7030012774425956,2.5772152062922245e-05,0.25866679292708467,0.038306157478259314,25,10,10
45,2966,0.7485530003325145,1.333928700167978e-06,0.25095766973049244,0.00048799600829307964,25,10,10
45,2967,0.7633935303438873,1.3842329922686853e-05,0.19837297989095837,0.038219647435230666,25,10,10
45,2968,0.8135437234841312,1.1682757965388873e-05,0.1501233550342517,0.03632123872365132,25,10,10
45,2969,0.7839150663733931,3.361425578310465e-05,0.1794321186594946,0.0366192007113289,25,10,10
45,2970,0.7671343859264569,4.700069036641707e-05,0.19506671377094864,0.037751899612229266,25,10,10
45,2971,0.7896293370943033,1.4610401789832117e-05,0.16649664931269925,0.04385940319120683,25,10,10
45,2972,0.6754081689945657,0.0004180162245058704,0.2517879671618631,0.07238584761906212,25,10,10
45,2973,0.7457992761902703,0.00042355023242114057,0.20184377975794338,0.05193339381936396,25,10,10
45,2974,0.7125334565289877,0.0006682394602075005,0.2331803886323614,0.053617915378443376,25,10,10
45,2975,0.6749655155286631,0.0006682544797813872,0.26001148598030055,0.06435474401125435,25,10,10
45,2976,0.7147276975377873,3.348007995403885e-05,0.23232712524571064,0.05291169713655046,25,10,10
45,2977,0.694451583044863,1.9974475885494726e-05,0.23662365517129047,0.06890478730796043,25,10,10
45,2978,0.7104314139091309,1.0743277163255587e-05,0.17500668932683286,0.11455115348687256,25,10,10
45,2979,0.7914072070104952,0.00019672822837668187,0.14441146531545476,0.0639845994456714,25,10,10
45,2980,0.7594379384529517,0.0001966103594123782,0.17518840093222682,0.065177050255407,25,10,10
45,2981,0.7155484587672718,1.0429404477500758e-05,0.23702367242229258,0.04741743940595734,25,10,10
45,2982,0.8501819276214415,9.937475990883886e-06,0.11321514764379083,0.03659298725877544,25,10,10
45,2983,0.8716974688075342,2.0419314431666304e-05,0.0914689468729947,0.03681316500503902,25,10,10
45,2984,0.8101237785544942,3.846522682341264e-05,0.1496234392898749,0.04021431692880586,25,10,10
45,2985,0.8406991882220428,9.233805038013824e-06,0.11879030578099092,0.040501272191928256,25,10,10
45,2986,0.8061780552674754,1.483227791159484e-06,0.15405829988337752,0.039762161621355825,25,10,10
45,2987,0.8579995343158865,1.7975616777800982e-05,0.10228755992607956,0.039694930141254414,25,10,10
45,2988,0.7804706075776222,0.00031601206911593136,0.19023588786898016,0.028977492484282323,25,10,10
45,2989,0.7484463454464038,0.0004282003072718854,0.2221474824140431,0.028977971832281298,25,10,10
45,2990,0.803610173257907,0.0004264917955046347,0.1594924819636845,0.036470852982903874,25,10,10
45,2991,0.7740178434849077,0.002906555917125813,0.1743916094233066,0.048683991174657396,25,10,10
45,2992,0.8000191542978395,0.0028803942821552693,0.1560578714103522,0.04104258000965257,25,10,10
45,2993,0.8187545703975256,5.6026581084341305e-05,0.14472986665641446,0.03645953636497532,25,10,10
45,2994,0.8508627556539666,3.667316563015595e-05,0.11250205259139384,0.03659851858900899,25,10,10
45,2995,0.8448075361529074,1.3266830387513996e-06,0.08840769993960498,0.0667834372244497,25,10,10
45,2996,0.7963789906901801,8.296778483897725e-05,0.12354270693642849,0.07999533458855217,25,10,10
45,2997,0.7941421380582505,2.6440671016746556e-06,0.12623436230164184,0.07962085557300477,25,10,10
45,2998,0.760148856549648,2.7246034332205502e-06,0.15916783155315323,0.08068058729376594,25,10,10
45,2999,0.757512419532521,1.913629257661718e-05,0.16174708070739258,0.0807213634675083,25,10,10
45,3000,0.7589521037976944,0.0005252389171168726,0.18746996084565182,0.05305269643953561,25,10,10
45,3001,0.814955640294189,1.3133131317305901e-06,0.1320319120680692,0.053011134324607134,25,10,10
45,3002,0.7583116297326932,1.3023680132130323e-07,0.15135320418719891,0.09033503584330482,25,10,10
45,3003,0.7644600837643406,1.455185035839441e-06,0.130872210618145,0.10466625043247874,25,10,10
45,3004,0.6940586947500086,3.356239329765306e-05,0.1592808208294094,0.146626922027284,25,10,10
45,3005,0.7083100183163495,3.772914682745331e-05,0.14320550536929239,0.1484467471675302,25,10,10
45,3006,0.7026477135623631,2.4930540481379392e-05,0.20659946106171923,0.09072789483543527,25,10,10
45,3007,0.5087033801318694,0.01284357973998518,0.3736619645981527,0.10479107552998894,25,10,10
45,3008,0.6268375852901914,0.037030434458929666,0.2354975955561427,0.10063438469473418,25,10,10
45,3009,0.6258563232375289,0.008808131795319626,0.2715655256782734,0.09377001928887838,25,10,10
45,3010,0.5619567200811383,0.008876899141474368,0.27745190590194063,0.15171447487544767,25,10,10
45,3011,0.5466023559320611,0.008798876731549063,0.28911320155231135,0.15548556578407882,25,10,10
45,3012,0.6957027829201564,0.008801758969094083,0.18246258834192067,0.11303286976882955,25,10,10
45,3013,0.7302275991080535,0.008811186637445532,0.14790829339400838,0.11305292086049289,25,10,10
45,3014,0.7342860454084889,0.036917228723510255,0.11573407529158955,0.11306265057641113,25,10,10
45,3015,0.7231464202734001,0.010975307579606313,0.14424450289598437,0.12163376925100866,25,10,10
45,3016,0.66204341250364,0.0013986187164052332,0.2136921746365526,0.12286579414340353,25,10,10
45,3017,0.6509980449557822,3.2995572271972745e-06,0.23790534129704102,0.11109331418995119,25,10,10
45,3018,0.6179052760636351,1.70666128536782e-06,0.2747408671522432,0.10735215012283404,25,10,10
45,3019,0.6638712271921342,1.8641432590486972e-06,0.21964645580341513,0.11648045286119167,25,10,10
45,3020,0.6401711625903909,2.0747511774667844e-05,0.2366557061909824,0.12315238370685443,25,10,10
45,3021,0.6556015922034899,0.0005785505444014054,0.24463047637891375,0.09918938087319357,25,10,10
45,3022,0.7383589266421612,3.4378514499936783e-05,0.15469093786800164,0.1069157569753362,25,10,10
45,3023,0.7501980472934803,8.029442115847376e-06,0.14248501095586905,0.10730891230853429,25,10,10
45,3024,0.7769898936276992,6.18889410831561e-07,0.1628266317215149,0.06018285576137226,25,10,10
45,3025,0.7090281487311227,6.76291502643603e-05,0.21825499590895572,0.07264922620965776,25,10,10
45,3026,0.7476528334448815,1.1480331516402065e-06,0.17955097995327418,0.07279503856869354,25,10,10
45,3027,0.8083486369096576,1.3319930344766975e-06,0.11356481075661774,0.0780852203406892,25,10,10
45,3028,0.7935814380058701,1.3282494535626763e-06,0.1600819886114597,0.0463352451332134,25,10,10
45,3029,0.8742401713446648,1.4263893530532708e-06,0.12322622342847774,0.0025321788375034502,25,10,10
45,3030,0.8299074806566064,0.0004800905006944339,0.15312345041807585,0.01648897842462369,25,10,10
45,3031,0.8414095793520923,2.0196355108275935e-06,0.1388121108738596,0.019776290138537128,25,10,10
45,3032,0.7661852828299403,0.00010313878402203074,0.19313827644037468,0.04057330194566266,25,10,10
45,3033,0.8357721818237022,1.3707102377743684e-05,0.16376363393065216,0.00045047714326907956,25,10,10
45,3034,0.8285594793541804,1.866693583090335e-06,0.17095654724664286,0.0004821067055922094,25,10,10
45,3035,0.8310459660140307,7.0210415100978274e-06,0.165228186531912,0.00371882641254423,25,10,10
45,3036,0.7840128641152537,3.940670227852597e-06,0.21550383762026573,0.00047935759425176983,25,10,10
45,3037,0.7874015241120328,5.832268858181559e-07,0.20597651087767976,0.006621381783401037,25,10,10
45,3038,0.7495073272482662,1.4490586156719603e-06,0.2504067738732953,8.444981982065714e-05,25,10,10
45,3039,0.85448921040687,6.263040551450486e-07,0.14545850929430262,5.165399477040639e-05,25,10,10
45,3040,0.8854037076218662,1.1006085220801627e-06,0.110085498842928,0.00450969292668376,25,10,10
45,3041,0.8183898709574848,0.00027801913773954076,0.18089195032775532,0.00044015957701751783,25,10,10
45,3042,0.8648778137700391,0.00022312627643152557,0.13408174461121158,0.0008173153423164231,25,10,10
45,3043,0.8513338344478476,0.00021032409144082398,0.14643852297574567,0.0020173184849656524,25,10,10
45,3044,0.83453773321649,3.6272865702661964e-06,0.16324035520105867,0.0022182842958793788,25,10,10
45,3045,0.8366634686452469,0.00017437370122469812,0.16313399728709882,2.816036642820554e-05,25,10,10
45,3046,0.7998926365369055,8.337613774804092e-05,0.1978824143606502,0.0021415729646946952,25,10,10
45,3047,0.7534803273130746,0.007350890252283218,0.218103110607101,0.021065671827541863,25,10,10
45,3048,0.7939642601962873,0.007340396755306776,0.1955939564443161,0.003101386604089419,25,10,10
45,3049,0.7491642578659734,0.010207016937246674,0.23766274738659252,0.002965977810187881,25,10,10
45,3050,0.8232977139594838,0.0003789914426771109,0.1748285571639975,0.001494737433842077,25,10,10
45,3051,0.8385876279601436,1.492638243773811e-05,0.12114613928166945,0.040251306375748454,25,10,10
45,3052,0.9079313473373785,1.2566611914896879e-06,0.0434265588225248,0.04864083717890431,25,10,10
45,3053,0.845249326188587,7.564491030808913e-06,0.11462904214047034,0.040114067179910215,25,10,10
45,3054,0.8831520209548382,2.157217952307633e-06,0.0765896621425354,0.040256159684674026,25,10,10
45,3055,0.8873532618484855,1.07931966533512e-06,0.07240873483952182,0.04023692399232776,25,10,10
45,3056,0.8633587782240001,2.397394211378437e-05,0.09613707564582691,0.04048017218805864,25,10,10
45,3057,0.8864417313743236,1.6384749295242912e-05,0.11271713402452674,0.0008247498518537223,25,10,10
45,3058,0.8415122545091855,1.4670160891750942e-05,0.11874310507477992,0.039729970255141175,25,10,10
45,3059,0.8932890650059393,6.232858064805311e-07,0.06657689026201369,0.04013342144624016,25,10,10
45,3060,0.824698963498167,5.4306727779803346e-05,0.13496278585659127,0.04028394391746043,25,10,10
45,3061,0.8465675366515861,0.00010484631749528525,0.1132109003434514,0.040116716687464075,25,10,10
45,3062,0.7905465733782872,0.010009245152526816,0.15293996948562028,0.04650421198356587,25,10,10
45,3063,0.8391416541824332,0.010325335902050753,0.1503332276336873,0.00019978228182729478,25,10,10
45,3064,0.8385436916222868,0.010384365064322085,0.14644714383100202,0.004624799482387582,25,10,10
45,3065,0.8464930550820173,6.844270544636919e-05,0.15319091715500288,0.00024758505753340364,25,10,10
45,3066,0.838286723308147,9.354441567218736e-05,0.16129812044419978,0.0003216118319810091,25,10,10
45,3067,0.770943764344149,0.00013538172726804257,0.22846497512927363,0.0004558787993089873,25,10,10
45,3068,0.8318126184027073,7.364779598362497e-05,0.16776225142978682,0.00035148237152122434,25,10,10
45,3069,0.8229175991397362,2.9133320850274136e-07,0.1374736512707138,0.03960845825634212,25,10,10
45,3070,0.8943051078211788,2.6186919106407068e-05,0.06605195899059607,0.03961674626911897,25,10,10
45,3071,0.863664802227312,2.5798469132642817e-05,0.09676039782832474,0.03954900147522884,25,10,10
45,3072,0.8568848515836355,1.3231420075305832e-06,0.14098746998640369,0.0021263552879504767,25,10,10
45,3073,0.8643419697499829,1.355778002255946e-05,0.13494266687427114,0.0007018055957224478,25,10,10
45,3074,0.8502276667441396,4.085311134182914e-06,0.14917360878583913,0.0005946391588870811,25,10,10
45,3075,0.8778985568868434,1.9236297656406025e-06,0.12186081489322284,0.000238704590168422,25,10,10
45,3076,0.8367731903265527,0.01118082176854829,0.15186632577532067,0.00017966212957863014,25,10,10
45,3077,0.8437427181857728,0.0011423766051515934,0.15499922176924127,0.00011568343983428203,25,10,10
45,3078,0.8322482197740569,0.0011538335646616533,0.16651986062296523,7.808603831542268e-05,25,10,10
45,3079,0.8065880467953725,0.001154660119640618,0.1647887728042357,0.02746852028075001,25,10,10
45,3080,0.807469360140685,0.0011554721091318497,0.15417178097531883,0.03720338677486309,25,10,10
45,3081,0.8457276024225315,4.031401748181968e-06,0.11199094054892911,0.04227742562679085,25,10,10
45,3082,0.9048271375333593,4.6601366926404934e-07,0.053196475195762975,0.04197592125720861,25,10,10
45,3083,0.8416647359764278,7.233371133436461e-07,0.1157338859886017,0.04260065469785702,25,10,10
45,3084,0.7941505908542825,9.027446918480666e-07,0.1639681662701262,0.04188034013089822,25,10,10
45,3085,0.8379345005339293,0.00029838247879794837,0.11986156571584078,0.041905551271430495,25,10,10
45,3086,0.819718740187227,0.0003240969554487686,0.13754206782751457,0.04241509502980853,25,10,10
45,3087,0.7553933427520977,0.0003248450915378427,0.20202033585850876,0.042261476297853956,25,10,10
45,3088,0.7829619544261099,1.418804934177443e-05,0.18379674766586682,0.03322710985868118,25,10,10
45,3089,0.7735950322355652,3.0801729227023396e-05,0.19732253276155723,0.02905163327365095,25,10,10
45,3090,0.7744722887786274,2.7199975421118996e-05,0.2248548274969853,0.0006456837489667929,25,10,10
45,3091,0.7956166984838844,2.6900967348358974e-05,0.204081116964258,0.0002752835845092713,25,10,10
45,3092,0.8071173617405515,1.0323651399771575e-05,0.19260113834017903,0.0002711762678677123,25,10,10
45,3093,0.7810145926892689,1.9517328470705266e-05,0.21888853315653012,7.735682572942849e-05,25,10,10
45,3094,0.7868591479929576,2.1011905483077467e-05,0.2097255191816049,0.00339432091995493,25,10,10
45,3095,0.8583878155320137,2.7230976654292777e-06,0.14119400919584238,0.00041545217447592803,25,10,10
45,3096,0.8126429401773297,6.402413448004613e-05,0.18727910979475745,1.392589343217254e-05,25,10,10
45,3097,0.8533393076588531,1.830302195177459e-06,0.14659437878024834,6.448325870152776e-05,25,10,10
45,3098,0.896638055608429,3.1978717367872624e-06,0.10303449773525936,0.00032424878457448303,25,10,10
45,3099,0.8325156897456327,8.214236673475456e-06,0.16606457298188024,0.0014115230358121885,25,10,10
45,3100,0.8631279376196584,4.33214751861576e-05,0.13634988195875006,0.00047885894640299626,25,10,10
45,3101,0.8861668609312661,5.528991432244676e-05,0.11363540859206976,0.0001424405623407151,25,10,10
45,3102,0.8916158794563275,2.958700861215631e-06,0.10836071934559197,2.0442497217573455e-05,25,10,10
45,3103,0.9125712934126442,2.0318228766149113e-06,0.08740297243481811,2.370232965890477e-05,25,10,10
45,3104,0.8573920759364035,1.4402838912065331e-05,0.1424842051656019,0.00010931605908220078,25,10,10
45,3105,0.889850396096032,1.2141416178050575e-05,0.10997403349787835,0.00016342898991088744,25,10,10
45,3106,0.8859883469587156,1.5476355934959112e-06,0.11389861959759821,0.0001114858080932102,25,10,10
45,3107,0.8327255101365693,1.2955947185688803e-05,0.13556417353865746,0.031697360377586345,25,10,10
45,3108,0.8300133892026783,3.433051704537673e-06,0.13831342710890956,0.03166975063670543,25,10,10
45,3109,0.794452907031967,1.770745754641597e-05,0.15595141316317085,0.04957797234731526,25,10,10
45,3110,0.831991273491557,1.7027854259236837e-05,0.12905876566977242,0.03893293298441039,25,10,10
45,3111,0.8671763128055945,1.0124738148520922e-06,0.10635886003369908,0.026463814686891022,25,10,10
45,3112,0.8828202452344359,3.6183220235486236e-05,0.08060233999515219,0.036541231550176585,25,10,10
45,3113,0.8032604115800055,1.7816446449385519e-06,0.16025111265536268,0.03648669411998579,25,10,10
45,3114,0.8110153871029133,2.6320168891802432e-06,0.14870594244750873,0.040276038432689135,25,10,10
45,3115,0.8552857536907936,1.1939380012483856e-06,0.10439833284525597,0.040314719525948346,25,10,10
45,3116,0.845868988134928,3.6212251315705015e-07,0.11395553714512302,0.040175112597436044,25,10,10
45,3117,0.8344578599640551,1.0510023705014417e-05,0.12285122495132635,0.042680405060912995,25,10,10
45,3118,0.8587910860622098,8.05046837003012e-07,0.10094557855369826,0.0402625303372534,25,10,10
45,3119,0.7981929662795786,3.8572630942880925e-06,0.16185941767257395,0.039943758784752245,25,10,10
45,3120,0.7726863038368197,3.5290295834983974e-05,0.22105691742428085,0.006221488443064952,25,10,10
45,3121,0.7982040306938137,3.7219761692975423e-06,0.1892150309949458,0.012577216335066503,25,10,10
45,3122,0.8448267712863949,1.7100631522521356e-05,0.14249653227508965,0.012659595806990052,25,10,10
45,3123,0.7937041629023596,5.168262369481047e-06,0.19357961495169979,0.012711053883570543,25,10,10
45,3124,0.7798900929346126,5.402027714326475e-06,0.20738902394598654,0.012715481091686664,25,10,10
45,3125,0.7291822533822372,1.2948893817401033e-06,0.2305160093973517,0.0403004423310282,25,10,10
45,3126,0.7810156813154074,1.129400673217656e-05,0.17712540550074243,0.04184761917711622,25,10,10
45,3127,0.8055733198084982,1.6036792454129993e-05,0.14006063266255878,0.05435001073648824,25,10,10
45,3128,0.746944914761846,2.513247871087185e-05,0.20032460526675616,0.05270534749268554,25,10,10
45,3129,0.7570860094970271,2.5593400627291057e-05,0.16281923860918396,0.0800691584931614,25,10,10
45,3130,0.7427156446228779,1.1347274209624013e-05,0.18011111360218038,0.07716189450073113,25,10,10
45,3131,0.7656527315297258,2.666725318532116e-05,0.15676219777758735,0.07755840343950034,25,10,10
45,3132,0.853239798549069,1.7025554180913084e-05,0.06734014668304103,0.07940302921370929,25,10,10
45,3133,0.7929272545744256,1.612862743333773e-05,0.12771687085326597,0.07933974594487557,25,10,10
45,3134,0.8621153669424786,1.1591108385278781e-06,0.035425671590357685,0.10245780235632457,25,10,10
45,3135,0.840545886366206,1.1591945626422977e-06,0.04161303817179074,0.11783991626743993,25,10,10
45,3136,0.7289360735038002,0.00013127250941654466,0.1510093547864576,0.11992329920032517,25,10,10
45,3137,0.8240271676623125,0.0004127831617999543,0.09162911657756201,0.08393093259832604,25,10,10
45,3138,0.7463461538407108,0.0004158510172277954,0.24104157889940733,0.012196416242654676,25,10,10
45,3139,0.853277125838734,0.0004130398051598628,0.14283548198566792,0.0034743523704386186,25,10,10
45,3140,0.816213320501883,0.0004122206284272295,0.18323897965346947,0.00013547921621907526,25,10,10
45,3141,0.8954624381611918,0.00044482314329823987,0.10385691768451297,0.00023582101099609942,25,10,10
45,3142,0.8537484582908829,1.0530570043776851e-05,0.1432321034014511,0.003008907737620205,25,10,10
45,3143,0.7971187653778574,0.0001578599674854915,0.2025108803896353,0.000212494265021729,25,10,10
45,3144,0.8082314591931317,0.0008000688489861057,0.19041255001332388,0.0005559219445569265,25,10,10
45,3145,0.8851751006006425,0.0005023275777894207,0.11246211845672073,0.0018604533648467329,25,10,10
45,3146,0.8790060361989228,3.614507886248775e-07,0.12081118363403018,0.0001824187162577817,25,10,10
45,3147,0.9112746362583464,9.741266049875326e-06,0.08853485646641002,0.00018076600919402354,25,10,10
45,3148,0.89534285358036,8.842660457870818e-05,0.10035119990000047,0.004217519915060506,25,10,10
45,3149,0.883003451336247,8.57995435608029e-05,0.11563084673680081,0.0012799023833919506,25,10,10
45,3150,0.8342384439862736,0.011266375915435745,0.15444423113294017,5.094896535027614e-05,25,10,10
45,3151,0.8383972311962399,0.00038017825965223803,0.15789937094979165,0.0033232195943152976,25,10,10
45,3152,0.8084877917061789,0.00030784385368295194,0.19101753128281743,0.00018683315732169974,25,10,10
45,3153,0.8157920105938831,0.0003076263958419638,0.1834732451356291,0.00042711787464271006,25,10,10
45,3154,0.8306956065332243,1.0569723890303589e-05,0.1649167103435734,0.004377113399313508,25,10,10
45,3155,0.8146617840941057,1.9102773985486397e-05,0.18517959283108965,0.00013952030081873417,25,10,10
45,3156,0.8428822581887693,0.0006806537397003709,0.15641108312836868,2.600494316074152e-05,25,10,10
45,3157,0.8187253800382043,2.8948151347560543e-05,0.1808439199710657,0.0004017518393822015,25,10,10
45,3158,0.8526078702429628,1.471020236055925e-05,0.1472643082332943,0.00011311132138279445,25,10,10
45,3159,0.8665419988563053,1.4252073101222195e-05,0.1331538632972477,0.0002898857733455718,25,10,10
45,3160,0.8487754232482012,0.00024160019814071045,0.150319278812867,0.0006636977407904936,25,10,10
45,3161,0.8301480972753589,0.005762765502197216,0.15690424245612727,0.007184894766316135,25,10,10
45,3162,0.7685995010922411,0.0062543945497222486,0.2181813232998428,0.006964781058194649,25,10,10
45,3163,0.6686874174824683,0.010346711692707379,0.31270164685592594,0.008264223968896416,25,10,10
45,3164,0.7155031902207623,0.010348445296628355,0.2660840413796072,0.008064323102999977,25,10,10
45,3165,0.7582618933861479,0.010379432676056144,0.22472079424004157,0.006637879697753073,25,10,10
45,3166,0.8017064584385843,1.779157643970249e-05,0.15065387335146674,0.04762187663350821,25,10,10
45,3167,0.797621674907439,0.03505216186149989,0.13055462066767906,0.03677154256338259,25,10,10
45,3168,0.8495415450950152,3.212277439226089e-05,0.11265459173560602,0.03777174039498657,25,10,10
45,3169,0.7487257540418715,0.00025276674319085686,0.21306405319674063,0.0379574260181964,25,10,10
45,3170,0.7691193554606727,0.0002508066910829128,0.2032105022958012,0.02741933555244486,25,10,10
45,3171,0.7463154645017971,1.540590671707868e-05,0.22598773588355428,0.02768139370793118,25,10,10
45,3172,0.8175035735827236,2.6846001763496093e-06,0.16852618859451673,0.013967553222585138,25,10,10
45,3173,0.8187811428147151,0.00025257004077055325,0.17945824293400178,0.0015080442105125313,25,10,10
45,3174,0.8867660627250074,2.1264337096481857e-05,0.11269787335571879,0.0005147995821781385,25,10,10
45,3175,0.8410327627348283,0.0001526878800227505,0.15842330284165457,0.00039124654349343324,25,10,10
45,3176,0.8509514876037018,6.228944119012327e-05,0.14895850253848625,2.7720416621047186e-05,25,10,10
45,3177,0.8095062763923252,6.202426795835631e-05,0.1904176583423191,1.4040997397009167e-05,25,10,10
45,3178,0.7510812139556876,9.950048538012348e-05,0.24625305085017726,0.0025662347087553115,25,10,10
45,3179,0.6852816838415994,0.0002699637636454574,0.3115286172187097,0.0029197351760464436,25,10,10
45,3180,0.6822539169497491,0.00023472702111134645,0.3138644666060459,0.0036468894230970265,25,10,10
45,3181,0.7768166193988306,4.9579195308868966e-05,0.2223040596935211,0.0008297417123398051,25,10,10
45,3182,0.8141199284357805,2.632245902263883e-05,0.18176346512807298,0.004090283977123508,25,10,10
45,3183,0.7818460208728105,2.2262037742247287e-05,0.21423243579767143,0.0038992812917766468,25,10,10
45,3184,0.8652792665877485,3.328367064014435e-05,0.1319172435549409,0.002770206186668872,25,10,10
45,3185,0.9103632682369035,6.802622280430213e-06,0.08947781449654534,0.00015211464427146825,25,10,10
45,3186,0.8274723827652349,1.874478642982439e-05,0.17171093550416697,0.0007979369441671354,25,10,10
45,3187,0.846479177297761,3.1655466815753046e-05,0.12250338813259862,0.030985779102823664,25,10,10
45,3188,0.8727048957923508,1.7905946809947936e-06,0.09676071638555943,0.03053259722740867,25,10,10
45,3189,0.8631732593837083,1.5420823399484986e-06,0.09988990054865451,0.03693529798529716,25,10,10
45,3190,0.7891330136801094,0.001097255237278919,0.1700360646850659,0.0397336663975453,25,10,10
45,3191,0.8523008331819335,0.0008001503942981739,0.10668318412740238,0.04021583229636486,25,10,10
45,3192,0.8104446778913799,0.0007998976001587498,0.1748151578178209,0.013940266690641485,25,10,10
45,3193,0.8591597916683953,0.0008010818388357427,0.10016049834059304,0.039878628152174175,25,10,10
45,3194,0.8237487021798043,0.0008005128355745095,0.15055643157781415,0.02489435340680485,25,10,10
45,3195,0.815064878966517,3.7462820184893854e-06,0.15719698222944464,0.02773439252201959,25,10,10
45,3196,0.8433907909837619,0.0004891643722694893,0.132681570864552,0.023438473779413157,25,10,10
45,3197,0.911401580611181,1.3543733402038787e-05,0.06515046291264096,0.023434412742776262,25,10,10
45,3198,0.8619574390998457,1.4885886804957942e-05,0.1147445621149388,0.023283112898407777,25,10,10
45,3199,0.8639396328476613,1.5942372443341417e-05,0.11266604851169132,0.02337837626820329,25,10,10
45,3200,0.9252492929421553,1.2338428602294395e-05,0.051447667286545255,0.023290701342697638,25,10,10
45,3201,0.8722540858619796,1.4059231388296926e-05,0.0853137598269274,0.04241809507970454,25,10,10
45,3202,0.8881092631936113,4.359155741849458e-05,0.10887987647574782,0.002967268773222539,25,10,10
45,3203,0.8488131026443452,2.5214943860760816e-05,0.14004094147494098,0.011120740936849963,25,10,10
45,3204,0.8578157316574235,2.4706155726568753e-05,0.09695076171987158,0.04520880046697658,25,10,10
45,3205,0.8459117573699289,1.3240836399413172e-06,0.11399390770671498,0.04009301083971472,25,10,10
45,3206,0.7709837073015339,2.5326009168200895e-05,0.18988074225571336,0.03911022443358583,25,10,10
45,3207,0.827048498835859,1.3712193151008452e-06,0.13382918145630096,0.03912094848852512,25,10,10
45,3208,0.7110224711798045,0.00024006854005962071,0.24711587377923422,0.04162158650089899,25,10,10
45,3209,0.7476862819306201,2.00796089124295e-05,0.22590216510744912,0.02639147335301829,25,10,10
45,3210,0.6730644273756772,2.858834865615669e-05,0.2754673660862712,0.05143961818939455,25,10,10
45,3211,0.6513307540908991,2.3711038745976758e-05,0.2975471140601996,0.051098420810155344,25,10,10
45,3212,0.7953032914581919,2.9175314142331788e-05,0.16812658342553916,0.036540949802125536,25,10,10
45,3213,0.8081249040117945,7.914592551492088e-06,0.15531230902894388,0.03655487236671063,25,10,10
45,3214,0.790099365199556,9.426377742087028e-06,0.13063626450267718,0.0792549439200228,25,10,10
45,3215,0.8400535374682321,9.090313870674413e-06,0.12008640557936498,0.03985096663853173,25,10,10
45,3216,0.8493307655031809,3.656016661586478e-07,0.10674226059017214,0.04392660830498017,25,10,10
45,3217,0.8656927022746014,0.00043762982849202713,0.0880542838251965,0.04581538407171065,25,10,10
45,3218,0.8777718584397823,1.0424911647686993e-07,0.08212719019025677,0.04010084712084555,25,10,10
45,3219,0.8391893219072586,7.0837683005739e-05,0.11875744308567071,0.0419823973240624,25,10,10
45,3220,0.7925364196681335,6.436689143732192e-05,0.16489519927370982,0.04250401416671919,25,10,10
45,3221,0.8473167160195174,7.656049551989271e-05,0.11284453272223072,0.0397621907627313,25,10,10
45,3222,0.7924380282492447,2.968235320276448e-05,0.1704965247881035,0.03703576460944619,25,10,10
45,3223,0.8246389259535062,8.300362317874442e-06,0.16855589036207688,0.006796883322099162,25,10,10
45,3224,0.8859467462125648,4.6175223653390354e-05,0.113670693356814,0.000336385206967779,25,10,10
45,3225,0.7749261353706612,4.146098399165302e-05,0.21997521809839302,0.005057185546949693,25,10,10
45,3226,0.8806739014351779,2.242045081378065e-06,0.11372915264444802,0.0055947038752916164,25,10,10
45,3227,0.8128015375378288,0.0002608860303414646,0.1747464082209016,0.012191168210928022,25,10,10
45,3228,0.8087247099403903,1.630645568794966e-06,0.17908105327863988,0.012192606135401438,25,10,10
45,3229,0.8554121876543043,1.1521922105031156e-06,0.1395181098511285,0.005068550302357157,25,10,10
45,3230,0.9061055778214532,1.3356466978608067e-05,0.09366444767795004,0.00021661803361784304,25,10,10
45,3231,0.891275141787427,2.3858297718067465e-05,0.10439992678613916,0.004301073128715054,25,10,10
45,3232,0.8760438153400173,3.010579329790593e-06,0.1236036574439357,0.00034951663671750914,25,10,10
45,3233,0.8529254283144558,1.711277406424746e-06,0.14340037174717715,0.003672488660961157,25,10,10
45,3234,0.8770854460386146,1.9345844766316186e-06,0.11932751751792775,0.003585101858982463,25,10,10
45,3235,0.9043611208173362,0.0002660815410064745,0.09148195438292628,0.0038908432587319275,25,10,10
45,3236,0.8593320439229339,0.00030219328125818864,0.1371273857566356,0.0032383770391724333,25,10,10
45,3237,0.8824357684739047,0.00026664001136949726,0.11449605640742398,0.002801535107301087,25,10,10
45,3238,0.8894657468880436,0.00029648953467231807,0.11021912925690511,1.8634320377302454e-05,25,10,10
45,3239,0.8395688016857155,1.4720947558478855e-05,0.16039829131132158,1.818605540339444e-05,25,10,10
45,3240,0.8828574221228629,5.85607439406401e-07,0.11699977038525518,0.00014222188444283808,25,10,10
45,3241,0.8809614114654528,1.121958630700462e-05,0.11659776994478666,0.0024295990034521554,25,10,10
45,3242,0.9054722097821649,1.8075558229278785e-06,0.09443523360318229,9.074905882837827e-05,25,10,10
45,3243,0.8678447483250433,3.016959214107079e-06,0.1318644347710844,0.0002877999446554874,25,10,10
45,3244,0.8275956245555902,4.453142500839503e-05,0.1721188316587267,0.00024101236067430108,25,10,10
45,3245,0.8511546536690713,0.00020834597590315307,0.14838758886567438,0.0002494114893510105,25,10,10
45,3246,0.8062912829085743,2.6834487017877213e-05,0.19356799944629025,0.00011388315811870101,25,10,10
45,3247,0.8707244369726996,2.135634704942228e-06,0.12749123278031863,0.0017821946122765656,25,10,10
45,3248,0.8565982134873805,2.437241810207666e-06,0.14076874137602025,0.00263060789478951,25,10,10
45,3249,0.8743200348712412,1.2918823439251849e-05,0.12304791579711515,0.0026191305082044593,25,10,10
45,3250,0.7362017577613155,1.352033457754276e-05,0.26316284308750015,0.000621878816602548,25,10,10
45,3251,0.7617207298827864,0.0008846603688384621,0.23732593062974286,6.867911862927329e-05,25,10,10
45,3252,0.8011646645200159,0.0002384441323890231,0.1871451266460904,0.011451764701502685,25,10,10
45,3253,0.8091418135338995,1.3834772739761227e-05,0.18204661275879008,0.008797738934569645,25,10,10
45,3254,0.8588383606116798,3.4877168058377813e-05,0.14097360587270993,0.00015315634754916942,25,10,10
45,3255,0.849389547682398,1.252503580697596e-05,0.14506328121741371,0.00553464606438064,25,10,10
45,3256,0.816505240338766,2.393595736110454e-06,0.17438202712858203,0.00911033893691355,25,10,10
45,3257,0.8441570178235713,9.888422699206938e-05,0.1452389959647741,0.010505101984659548,25,10,10
45,3258,0.9404960497175526,9.130722813732773e-07,0.05068515173489155,0.008817885475274394,25,10,10
45,3259,0.9269078329663837,1.0222095739407906e-06,0.07020856623533542,0.0028825785887068396,25,10,10
45,3260,0.8324962704959852,3.4783750873304927e-06,0.15883706415332136,0.008663186975607298,25,10,10
45,3261,0.8322734565236868,4.61657891907141e-05,0.16456394567678043,0.0031164320103409093,25,10,10
45,3262,0.8287982174456799,3.0425213551924466e-05,0.14266915363691782,0.028502203703849927,25,10,10
45,3263,0.7951362545545517,4.926431537365825e-05,0.20077470831476352,0.004039772815312159,25,10,10
45,3264,0.8555509225544438,2.134955447251714e-05,0.14087930385465453,0.003548424036428356,25,10,10
45,3265,0.8432240311271163,2.093777137001467e-06,0.15617793128897137,0.0005959438067733992,25,10,10
45,3266,0.8545230703798972,1.6461762343789587e-05,0.1424862192941625,0.0029742485635965614,25,10,10
45,3267,0.8232001239294597,1.4509010045035233e-05,0.17426253361689883,0.002522833443593059,25,10,10
45,3268,0.7738377743487136,2.4061834227420093e-05,0.22611764290882314,2.0520908237009167e-05,25,10,10
45,3269,0.8726312382745296,5.425151669233594e-07,0.1273188882259625,4.9330984341698934e-05,25,10,10
45,3270,0.7669742418800602,8.918856843828515e-06,0.1912216727079805,0.04179516655511522,25,10,10
45,3271,0.8059147429037777,1.7161576969725103e-05,0.18405643145479053,0.01001166406446382,25,10,10
45,3272,0.8317054166356038,1.336850419657685e-05,0.16479796236554894,0.003483252494651501,25,10,10
45,3273,0.885790954171842,2.9635077482324874e-05,0.1117690580325529,0.0024103527181206395,25,10,10
45,3274,0.8453278936862334,3.340066461017851e-05,0.15229990446487215,0.002338801184282928,25,10,10
45,3275,0.8922383982505541,3.5988121560912756e-06,0.07652372651015324,0.03123427642713682,25,10,10
45,3276,0.8560117336477439,9.85469202194532e-07,0.10621480542170962,0.03777247546134575,25,10,10
45,3277,0.8558733802637559,0.0063341651850197436,0.09995783400057313,0.03783462055065183,25,10,10
45,3278,0.7948112602146692,0.006856386957159149,0.11992013163178437,0.07841222119638629,25,10,10
45,3279,0.7463429416457917,0.0029381689005041445,0.17372289419902878,0.07699599525467278,25,10,10
45,3280,0.5938694761384149,2.687029051213108e-05,0.3571990034883352,0.04890465008273293,25,10,10
45,3281,0.6959300699565832,3.7183592452010705e-06,0.29946329763724217,0.004602914046926607,25,10,10
45,3282,0.7659454123439216,2.105614790337613e-05,0.23199914072372468,0.002034390784446607,25,10,10
45,3283,0.7582029726779499,1.9740481142062953e-05,0.24106609851020896,0.0007111883307006652,25,10,10
45,3284,0.756042990105513,4.6299616180696566e-05,0.2187657043123973,0.025145005965910638,25,10,10
45,3285,0.736601160735654,2.530264963955889e-05,0.24945070715649473,0.013922829458210707,25,10,10
45,3286,0.7986542837508175,2.8895806568425107e-05,0.17507801687993874,0.026238803562674405,25,10,10
45,3287,0.8153615187418485,3.6892102916310475e-05,0.18399440588368907,0.0006071832715472685,25,10,10
45,3288,0.859484969116838,1.37492298588314e-05,0.14010427048163154,0.0003970111716705354,25,10,10
45,3289,0.816356394954193,1.4357130099607922e-05,0.1832163083689277,0.0004129395467784716,25,10,10
45,3290,0.8230830014430591,1.687812523539532e-06,0.17419723525041772,0.0027180754940000144,25,10,10
45,3291,0.8336214053307455,2.949005641956931e-06,0.16410649124659343,0.0022691544170200975,25,10,10
45,3292,0.7529587619118563,2.4005490038824962e-06,0.19302974274698126,0.054009094792156584,25,10,10
45,3293,0.7520531275935423,3.785619688420413e-05,0.16791263241293153,0.07999638379664246,25,10,10
45,3294,0.8378708963371935,3.552593893206486e-05,0.1373175420553473,0.024776035668528155,25,10,10
45,3295,0.8170025720235791,9.388713955655409e-05,0.17966823684854497,0.0032353039883181423,25,10,10
45,3296,0.782686595576702,6.59557545810806e-05,0.1783835765628425,0.038863872105873,25,10,10
45,3297,0.8044775102185691,0.0008531045772380286,0.15748870155898195,0.0371806836452096,25,10,10
45,3298,0.7810238831759009,0.0008455770049310286,0.19076750477657176,0.027363035042595234,25,10,10
45,3299,0.818906829934743,4.076510729600293e-05,0.16723700038387854,0.013815404574081598,25,10,10
45,3300,0.8294651105859073,1.3694522595276899e-05,0.15827828084688064,0.012242914044613286,25,10,10
45,3301,0.7426963190252335,1.3629950673758632e-05,0.2286158551259479,0.02867419589814639,25,10,10
45,3302,0.7806401687643159,1.3070171314624869e-05,0.20274267250686853,0.0166040885575029,25,10,10
45,3303,0.8266047270745916,2.0908107403732386e-05,0.16235766717708106,0.011016697640922266,25,10,10
45,3304,0.8341843711690718,7.82757470247324e-05,0.1528675976987196,0.012869755385181737,25,10,10
45,3305,0.8689915912890227,3.933355337038539e-05,0.12551011588552577,0.0054589592720802925,25,10,10
45,3306,0.8948398704326196,2.2201482956515374e-06,0.10001328766739173,0.005144621751692769,25,10,10
45,3307,0.8892798132163727,8.863354744012286e-07,0.10809001629617226,0.0026292841519806125,25,10,10
45,3308,0.9035636069350277,0.00010525214763956124,0.09381871608592282,0.002512424831409934,25,10,10
45,3309,0.8807865379879724,6.323005051746009e-05,0.11514437291309175,0.004005859048417273,25,10,10
45,3310,0.8901481657833883,3.947196558695093e-07,0.10734804766970302,0.0025033918272522044,25,10,10
45,3311,0.8754803743806004,1.5032150936635333e-06,0.12201677825899031,0.0025013441453151986,25,10,10
45,3312,0.7697629137094517,9.650955562096181e-06,0.21563384311236103,0.01459359222262552,25,10,10
45,3313,0.8482432276541888,9.116941247836595e-06,0.10637191561099985,0.0453757397935619,25,10,10
45,3314,0.8332192797320833,4.417785034396212e-05,0.12635659272218205,0.04037994969539104,25,10,10
45,3315,0.9018145042943573,4.1167505679625465e-07,0.057581018148900716,0.04060406588168584,25,10,10
45,3316,0.8163366470018291,0.0006615565225963494,0.14266216272158574,0.040339633753990974,25,10,10
45,3317,0.7655358680873647,0.004479581639389606,0.18721524364216968,0.042769306631072965,25,10,10
45,3318,0.741604624729655,0.004482205433952978,0.241932589972892,0.011980579863500273,25,10,10
45,3319,0.7552492025989893,3.7812837373761744e-05,0.2366339711673415,0.00807901339629745,25,10,10
45,3320,0.8134190149858104,5.0393165357051724e-06,0.17799489798192855,0.008581047715726011,25,10,10
45,3321,0.9536837598949969,1.4366547492785189e-05,0.04621108987931812,9.078367819239074e-05,25,10,10
45,3322,0.8926004423374313,3.0123806320130043e-06,0.10708291006377489,0.00031363521816127343,25,10,10
45,3323,0.871786823813881,1.045659199967532e-05,0.1253620842743807,0.002840635319737794,25,10,10
45,3324,0.8171683597445072,2.3665668690780195e-05,0.18011703105611107,0.0026909435306921086,25,10,10
45,3325,0.7767156777402149,0.001020325544078324,0.22192051236875773,0.00034348434695066424,25,10,10
45,3326,0.7701367635736622,0.001015508277977054,0.2286335391002425,0.00021418904812105187,25,10,10
45,3327,0.8026738524860011,1.1319631648633664e-06,0.1941313723435404,0.003193643207292732,25,10,10
45,3328,0.7540733366238634,2.650252627490608e-05,0.24567360743910346,0.00022655341076085352,25,10,10
45,3329,0.7899639762850031,3.1623111066176735e-05,0.20986910278780996,0.00013529781612164606,25,10,10
45,3330,0.7526291070069742,6.3445175677970875e-06,0.24718163757801914,0.00018291089743744765,25,10,10
45,3331,0.8345934128002359,0.0007494882917552791,0.16434835343252532,0.00030874547548341965,25,10,10
45,3332,0.8017219578144629,0.0007317459895325462,0.19277808144198055,0.0047682147540243245,25,10,10
45,3333,0.7245133742656219,0.0007302246375768881,0.2702030923480183,0.004553308748782456,25,10,10
45,3334,0.827617463376733,1.522386968538794e-05,0.16828565794646097,0.004081654807119104,25,10,10
45,3335,0.8585565806922695,3.318908519564613e-05,0.1360636417150747,0.0053465885074605625,25,10,10
45,3336,0.9079613110409991,7.736491468153511e-07,0.08869496409003559,0.0033429512198173755,25,10,10
45,3337,0.897341536107252,2.085674580714441e-06,0.0977988658638421,0.004857512354325348,25,10,10
45,3338,0.7741937211581448,0.001142237264649077,0.19836780431362602,0.026296237263578406,25,10,10
45,3339,0.8574315123167547,6.927655766190722e-05,0.10104691449446616,0.04145229663111669,25,10,10
45,3340,0.7878702045649978,7.852871428121041e-05,0.17200727597807497,0.04004399074264819,25,10,10
45,3341,0.844833965075596,4.00639219315367e-05,0.11316427237192349,0.04196169863054767,25,10,10
45,3342,0.8277183515645947,4.4593544501533974e-07,0.1323218358896501,0.039959366610308376,25,10,10
45,3343,0.8488606288635677,9.523933739580003e-06,0.11126506617607175,0.03986478102662111,25,10,10
45,3344,0.8549888384407549,0.0008569124707255091,0.11811996668076304,0.026034282407756387,25,10,10
45,3345,0.8422925831790089,0.01204655269456946,0.14550670567458765,0.0001541584518315735,25,10,10
45,3346,0.8077754535824478,2.8185852434498905e-06,0.19219939462056435,2.233321174234377e-05,25,10,10
45,3347,0.7851292306839671,3.882438660092702e-06,0.2143413761624368,0.0005255107149335548,25,10,10
45,3348,0.8841799102083827,0.0012781302323726625,0.11434971856332002,0.00019224099592189437,25,10,10
45,3349,0.8992956284334181,2.42311799502479e-05,0.10067312112760676,7.019259023609001e-06,25,10,10
45,3350,0.8651499811633837,0.00011132522498388655,0.13467487546359005,6.38181480409203e-05,25,10,10
45,3351,0.812827112330428,7.37285317441179e-05,0.14764577553604002,0.039453383601788815,25,10,10
45,3352,0.7988132893322601,1.915228960488748e-06,0.15994166575420357,0.04124312968457481,25,10,10
45,3353,0.7604161642765976,6.411421806512976e-05,0.19753592366160777,0.04198379784373051,25,10,10
45,3354,0.8259677739843192,1.9940497395171966e-06,0.13423309760556001,0.039797134360381084,25,10,10
45,3355,0.8492514008267539,1.360903690464491e-06,0.1449531515051201,0.005794086764434613,25,10,10
45,3356,0.8497742126693667,1.610703238617094e-05,0.14628208342534513,0.0039275968729029255,25,10,10
45,3357,0.7748215421162853,1.1298509912060092e-05,0.22499165740571123,0.00017550196809127468,25,10,10
45,3358,0.8188128134211872,0.0004833405465721766,0.18054974027147597,0.00015410576076538076,25,10,10
45,3359,0.819482026451174,0.0005003310477223582,0.17979828826403552,0.00021935423706810693,25,10,10
45,3360,0.8312073690158893,0.0009249385896307228,0.16776626210960432,0.00010143028487524832,25,10,10
45,3361,0.8863729289922739,1.8768070611671292e-05,0.08305541364836727,0.030552889288746787,25,10,10
45,3362,0.8717290745898185,1.8788815365434337e-05,0.08775356172885772,0.04049857486595788,25,10,10
45,3363,0.8451173520965463,1.0144709063301268e-06,0.1539615785640126,0.0009200548685326933,25,10,10
45,3364,0.8943993783935009,2.450328177534915e-06,0.10541253945967277,0.00018563181864650178,25,10,10
45,3365,0.7637776509419093,2.2222220011153537e-05,0.23019333317358803,0.006006793664489791,25,10,10
45,3366,0.9017085793215027,3.64891165047781e-07,0.09806671589078586,0.0002243398965454303,25,10,10
45,3367,0.8437544777887231,1.2013133946449782e-05,0.15608915598157222,0.0001443530957580542,25,10,10
45,3368,0.9140438830693975,1.683635057892807e-05,0.08592227023826819,1.701034175527991e-05,25,10,10
45,3369,0.9015072406401075,3.854462461175157e-06,0.09840945732226337,7.944757516789225e-05,25,10,10
45,3370,0.8601650185767029,1.6820901222371168e-06,0.09944472092111276,0.040388578412059964,25,10,10
45,3371,0.8456417629787473,1.5266503529862018e-05,0.11598904617068907,0.03835392434703327,25,10,10
45,3372,0.9089955836306481,6.325409648130951e-07,0.06224869228489943,0.028755091543487828,25,10,10
45,3373,0.8859666570696315,3.5874438102235664e-05,0.07364439791638405,0.04035307057588202,25,10,10
45,3374,0.8194851360964286,4.381661881203357e-05,0.13703021690716535,0.04344083037759417,25,10,10
45,3375,0.8854343437457111,2.4574758598793393e-05,0.0775033081420565,0.037037773353633445,25,10,10
45,3376,0.885467482577308,8.715098479746702e-06,0.0748265628936913,0.03969723943052183,25,10,10
45,3377,0.821015372014516,1.2019175684615025e-05,0.13827728755269283,0.040695321257104074,25,10,10
45,3378,0.8362470829375118,5.601187213850312e-07,0.12382554297737056,0.039926813966395636,25,10,10
45,3379,0.8685953729761539,1.7704002283283204e-05,0.051608827486496506,0.07977809553506619,25,10,10
45,3380,0.8864656332044794,1.6902924511705122e-05,0.07344592104017972,0.04007154283082924,25,10,10
45,3381,0.9373731484861917,1.6833198484112487e-05,0.022968383723497233,0.039641634591826624,25,10,10
45,3382,0.8941339658933423,4.73205927231273e-07,0.06627862389564078,0.03958693700509051,25,10,10
45,3383,0.7895335893689431,1.062929266789561e-06,0.1653812014922602,0.045084146209529455,25,10,10
45,3384,0.7898763935993265,7.3826043128836254e-06,0.17023801718667603,0.03987820660968365,25,10,10
45,3385,0.8832194859932591,7.643538030216506e-06,0.11026194710372485,0.00651092336498558,25,10,10
45,3386,0.880631900871782,1.421663871807067e-06,0.1127240300501129,0.006642647414232089,25,10,10
45,3387,0.8313051014329241,1.1649563139443167e-06,0.16089360306429668,0.007800130546463482,25,10,10
45,3388,0.8587181211920735,1.6558780234256494e-06,0.13356920732951325,0.007711015600389722,25,10,10
45,3389,0.7710144990833951,2.53521023997487e-06,0.20218763103965376,0.026795334666708696,25,10,10
45,3390,0.7654519955555049,1.2151328180210857e-06,0.2082694232344505,0.02627736607722121,25,10,10
45,3391,0.7797071863544625,4.78935826146759e-06,0.1938670385761423,0.026420985711133785,25,10,10
45,3392,0.8048227719436883,2.9360774425879343e-06,0.16984148574880753,0.02533280623006035,25,10,10
45,3393,0.785919040292284,4.859083022669715e-06,0.18695196873117748,0.027124131893515396,25,10,10
45,3394,0.8986136237770447,2.868444395190805e-06,0.07639402938374194,0.024989478394818073,25,10,10
45,3395,0.8179266179189274,2.0883463310511545e-05,0.15702872440679724,0.025023774210964952,25,10,10
45,3396,0.853785881480237,2.426996988276711e-05,0.1344157302267117,0.011774118323167182,25,10,10
45,3397,0.8300035096482047,3.457077038628304e-05,0.12970703362100242,0.04025488596040531,25,10,10
45,3398,0.873059228680212,1.19152381973545e-05,0.08408674483249337,0.04284211124909681,25,10,10
45,3399,0.8693567066909921,1.2020138298199326e-05,0.08748635466886241,0.043144918501847,25,10,10
45,3400,0.7948543420196943,7.029590682267152e-07,0.2048641373425581,0.0002808176786755807,25,10,10
45,3401,0.8013156850131129,1.4680246288155941e-05,0.19793377759748443,0.0007358571431142831,25,10,10
45,3402,0.8907875169069519,4.8224949678291327e-05,0.10883895113367409,0.000325307009695649,25,10,10
45,3403,0.8432327125879575,4.293955893494231e-05,0.1563864914136713,0.00033785643943656655,25,10,10
45,3404,0.8304260491895089,2.5199257628800428e-05,0.16906144868607906,0.00048730286678097057,25,10,10
45,3405,0.8200911037540987,2.4239357920846972e-05,0.1796761939802349,0.0002084629077437199,25,10,10
45,3406,0.7750275548532395,2.083944971076419e-06,0.1931073065919645,0.03186305460982204,25,10,10
45,3407,0.8169975174909518,4.0846667462215624e-07,0.1385669486761439,0.04443512536622753,25,10,10
45,3408,0.7781359568688309,2.2203077349277608e-05,0.17197365482456803,0.04986818522925133,25,10,10
45,3409,0.8210578720582457,0.0007188866733790924,0.13986322086470634,0.03836002040366631,25,10,10
45,3410,0.831142770877712,3.6535272938211676e-06,0.13052463649435228,0.038328939100638865,25,10,10
45,3411,0.8159305614927546,5.845900139858602e-05,0.14564715028921293,0.038363829216631264,25,10,10
45,3412,0.8404080447544743,0.00010090295804863254,0.11944331990402615,0.040047732383449365,25,10,10
45,3413,0.7986903554335129,0.0005466836914763188,0.16052716851204124,0.040235792362970264,25,10,10
45,3414,0.7709152591154268,0.0005514647966101161,0.1883685166012672,0.04016475948669362,25,10,10
45,3415,0.8239866140747735,1.9328185834552284e-05,0.13602477898474716,0.039969278754644136,25,10,10
45,3416,0.8284541296033022,1.7425769771694632e-05,0.13145420067916555,0.0400742439477601,25,10,10
45,3417,0.800406262370091,5.2175658586979746e-05,0.15928499408329214,0.04025656788803111,25,10,10
45,3418,0.792919244276472,4.628456140285273e-05,0.16691542942677273,0.04011904173535262,25,10,10
45,3419,0.8321336397536401,4.284884725109717e-05,0.1223006188864129,0.04552289251269419,25,10,10
45,3420,0.8533428555055561,4.288651969189915e-05,0.13891889140366426,0.007695366571087266,25,10,10
45,3421,0.824345956211502,1.3722360035125812e-06,0.16979832793973743,0.005854343612758554,25,10,10
45,3422,0.7616674861922814,1.653471409611542e-05,0.23037071356994293,0.007945265523679154,25,10,10
45,3423,0.8406131947520694,2.875500531447793e-06,0.15365267076372432,0.00573125898367482,25,10,10
45,3424,0.9354119213897059,9.591898134892333e-06,0.06421889165682516,0.00035959505533363474,25,10,10
45,3425,0.8924359328953902,9.658242502282798e-06,0.10754750060079284,6.908261314507153e-06,25,10,10
45,3426,0.8797127444838223,1.8641400578303102e-06,0.12003009670627705,0.0002552946698416946,25,10,10
45,3427,0.9354272802187837,1.9865012476760106e-06,0.064467428629696,0.00010330465027201637,25,10,10
45,3428,0.9266412230175465,7.514482524215373e-06,0.0732495720819762,0.00010169041795328801,25,10,10
45,3429,0.9438681691715431,8.230735846032969e-06,0.056070911133409514,5.2688959201208487e-05,25,10,10
45,3430,0.9496654910371626,3.806719312508207e-05,0.05024161195124031,5.482981847101974e-05,25,10,10
45,3431,0.92088223509042,2.946392590864534e-05,0.0785981928957334,0.0004901080879380025,25,10,10
45,3432,0.8392245196613064,2.1094998901682203e-05,0.1580490239968589,0.002705361342930977,25,10,10
45,3433,0.8730093820342618,8.691472748274403e-06,0.1217911580318161,0.005190768461172709,25,10,10
45,3434,0.8110309177949042,2.201800180730319e-06,0.15620903699398853,0.03275784341092351,25,10,10
45,3435,0.8093593290157918,5.458225539487698e-07,0.14801990371364296,0.04262022144800712,25,10,10
45,3436,0.7835652391191067,1.0500743851960992e-06,0.16974022776312261,0.046693483043385,25,10,10
45,3437,0.844574357621827,7.813746625565251e-07,0.14043802211240095,0.014986838891107556,25,10,10
45,3438,0.8341496298034156,6.927907494187492e-05,0.15797218016801498,0.007808910953624875,25,10,10
45,3439,0.8760866664672879,1.089793194227504e-06,0.11590139208044459,0.00801085165907181,25,10,10
45,3440,0.8844712225375138,1.3486840023363378e-06,0.11378519961735542,0.001742229161128913,25,10,10
45,3441,0.8209225525452802,1.4412069241049176e-05,0.17704150434930413,0.0020215310361757365,25,10,10
45,3442,0.8100803710405087,1.9399912664275313e-05,0.18975812982534038,0.000142099221485465,25,10,10
45,3443,0.8752962621890054,2.64344811190868e-05,0.12462480236144519,5.250096843143345e-05,25,10,10
45,3444,0.8477008913626365,2.800676492596443e-05,0.15192014714318644,0.00035095472924898797,25,10,10
45,3445,0.8284784904038063,2.078633658653091e-05,0.17108527015188688,0.0004154531077205122,25,10,10
45,3446,0.8474003248565692,2.14764903738744e-06,0.1524810738455135,0.00011645364887994426,25,10,10
45,3447,0.8330189550952578,0.0002600079795319584,0.16662248244482483,9.855448038319324e-05,25,10,10
45,3448,0.8051460618247294,0.0010087338254843377,0.19329711652084217,0.0005480878289438926,25,10,10
45,3449,0.7680003172395672,0.0010184718614919682,0.23014303430936334,0.0008381765895769935,25,10,10
45,3450,0.8204711230223001,2.2334907954408232e-05,0.1740758101963008,0.005430731873444716,25,10,10
45,3451,0.8855669830477452,2.60739340745924e-05,0.1096089767204632,0.004797966297717414,25,10,10
45,3452,0.8526113569345685,9.489232049517466e-07,0.1468335601148902,0.000554134027333911,25,10,10
45,3453,0.7812377106356796,2.6468312843605677e-06,0.21817819876441621,0.0005814437686195996,25,10,10
45,3454,0.7604864596703481,8.015585037744535e-05,0.23863191269572684,0.0008014717835459465,25,10,10
45,3455,0.8695726005333652,2.417910155255538e-05,0.13026531087088844,0.00013790949419314251,25,10,10
45,3456,0.9050991312541279,2.006887616386091e-06,0.09455376316006295,0.00034509869819164383,25,10,10
45,3457,0.8533351912136302,6.321848219474829e-06,0.14609050912653115,0.0005679778116181245,25,10,10
45,3458,0.8192028126941081,1.40817106622946e-05,0.1806384867077416,0.0001446188874894239,25,10,10
45,3459,0.7518634330647859,1.3912773528925609e-05,0.2185525791659459,0.029570074995739142,25,10,10
45,3460,0.8489794304314731,2.907147855141849e-07,0.12481366124836779,0.02620661760537348,25,10,10
45,3461,0.8047631910851074,3.39093046276692e-05,0.12841785721483234,0.06678504239543218,25,10,10
45,3462,0.8162359292711072,2.7287807523230568e-06,0.12137714301538599,0.06238419893275373,25,10,10
45,3463,0.8712718330471009,1.3216562450307205e-05,0.09226085602133174,0.03645409436911648,25,10,10
45,3464,0.7817761391400938,0.00021388932286295099,0.14934590088770355,0.06866407064933858,25,10,10
45,3465,0.8007457196629282,0.0002137058181193009,0.12306507923599229,0.07597549528295945,25,10,10
45,3466,0.7495319988914527,0.0002123897834768513,0.14266605085860268,0.10758956046646619,25,10,10
45,3467,0.7594853842902762,0.00021193295330043042,0.12134765076287532,0.11895503199354764,25,10,10
45,3468,0.8176769864248135,1.5735481412901917e-06,0.0733030646302454,0.10901837539679851,25,10,10
45,3469,0.8175077377473372,4.0677170262673367e-07,0.0854084092216309,0.09708344625932835,25,10,10
45,3470,0.750726550857688,7.13478639063236e-05,0.12992865093947126,0.11927345033893345,25,10,10
45,3471,0.8355884019068011,1.0312350775309185e-05,0.09731309902039163,0.06708818672203193,25,10,10
45,3472,0.8523615393024372,1.949757309951955e-06,0.07476116214986898,0.07287534879038426,25,10,10
45,3473,0.8558817100352976,2.188923839434347e-06,0.07134129287602031,0.07277480816484248,25,10,10
45,3474,0.8148488131183085,3.111120055839428e-07,0.12126506039914203,0.06388581537054201,25,10,10
45,3475,0.8109567815304891,8.139304004504654e-05,0.11626117669710836,0.07270064873235638,25,10,10
45,3476,0.850728270744993,4.4147073862296316e-07,0.09981360973118077,0.04945767805308703,25,10,10
45,3477,0.7697830418892418,5.954904832091541e-05,0.15403115705193315,0.07612625201050345,25,10,10
45,3478,0.7910555335225005,1.1726129554087664e-07,0.12620183371979987,0.082742515496403,25,10,10
45,3479,0.7195785325301405,3.226209902835052e-06,0.20650542473995281,0.07391281652000523,25,10,10
45,3480,0.7340356037637683,1.0551740433777733e-05,0.19276448222442796,0.0731893622713698,25,10,10
45,3481,0.7858553770313368,3.779133437922912e-05,0.1343922512991114,0.07971458033517237,25,10,10
45,3482,0.7762515577428293,1.2876049464361077e-06,0.14405394211839576,0.07969321253382884,25,10,10
45,3483,0.7936235185325173,9.336583952111884e-06,0.12478338875409246,0.08158375612943854,25,10,10
45,3484,0.8155446399277185,1.546667182784967e-05,0.10509136833262256,0.07934852506783069,25,10,10
45,3485,0.8523493544441663,7.663296864336156e-06,0.14248687986446668,0.00515610239450078,25,10,10
45,3486,0.8772481106623219,2.526657111901536e-05,0.12078508777177399,0.0019415349947837146,25,10,10
45,3487,0.7907847043569983,2.682299237105888e-06,0.2086326673455336,0.0005799459982336644,25,10,10
45,3488,0.8845246500716704,1.557426677745199e-06,0.11090325699156833,0.004570535510082544,25,10,10
45,3489,0.79570846436964,1.1294567704043315e-05,0.19981403816881943,0.00446620289383612,25,10,10
45,3490,0.8450829108307587,1.5573224660050805e-05,0.15367185352549048,0.001229662419090907,25,10,10
45,3491,0.9156434844091622,1.6783321731546333e-06,0.08388764663884585,0.0004671906198183081,25,10,10
45,3492,0.9233864038755745,6.479987283153775e-07,0.07657061292376689,4.2335201929627466e-05,25,10,10
45,3493,0.9047989184301142,8.737978148612673e-07,0.09515492200171942,4.528577035156277e-05,25,10,10
45,3494,0.896891869227542,1.3546937508533488e-05,0.10295098507223599,0.00014359876271241917,25,10,10
45,3495,0.893802188845742,6.166618870499031e-07,0.09417651139190804,0.012020683100461359,25,10,10
45,3496,0.8904973603350712,1.5329655393208178e-05,0.10942871161548791,5.859839404786243e-05,25,10,10
45,3497,0.8970453924691982,1.4288251517649496e-06,0.0898395546359614,0.013113624069689056,25,10,10
45,3498,0.9137246110806524,1.4388007839469073e-06,0.07301438063610051,0.013259569482463535,25,10,10
45,3499,0.9067792732229394,3.6537985883063354e-06,0.08380547982006573,0.009411593158406046,25,10,10
45,3500,0.9021815284203043,2.9874713406163037e-06,0.08967119500345895,0.008144289104894915,25,10,10
45,3501,0.8979840265028065,8.908738625092065e-07,0.10177940858784877,0.00023567403548122138,25,10,10
45,3502,0.894142241467781,1.2301756118258948e-05,0.10577627193803756,6.918483806229197e-05,25,10,10
45,3503,0.8881378983520553,1.2550822669564345e-07,0.07216515746856836,0.03969681867115037,25,10,10
45,3504,0.8755834029135298,1.5772855849775577e-06,0.08492200476041077,0.039493015040474935,25,10,10
45,3505,0.8769414402614376,9.352908656475988e-06,0.083543137084187,0.0395060697457174,25,10,10
45,3506,0.8547415800562096,3.0720085849444075e-07,0.1055024828242445,0.03975562991868443,25,10,10
45,3507,0.8818707224090919,2.5774169901150807e-05,0.07834212191291728,0.03976138150808951,25,10,10
45,3508,0.8744424246275264,1.751392903555724e-05,0.08553678297694772,0.040003278466489774,25,10,10
45,3509,0.8842391518274281,1.0057958449259859e-06,0.07612810592388083,0.03963173645284609,25,10,10
45,3510,0.8733069460489199,1.647778590250482e-05,0.08708510653713027,0.03959146962804595,25,10,10
45,3511,0.8768106963497143,1.23973314458256e-07,0.08140109426099915,0.04178808541597138,25,10,10
45,3512,0.7657521178679865,3.032966483190884e-05,0.1946415056139396,0.03957604685324143,25,10,10
45,3513,0.7327012506730601,2.013078482204134e-05,0.24353975215362067,0.02373886638849552,25,10,10
45,3514,0.7109703338897476,4.160312211537036e-06,0.24905915760760045,0.03996634819044029,25,10,10
45,3515,0.7195018071767035,0.00023636024997613286,0.23993244836476005,0.0403293842085606,25,10,10
45,3516,0.8060889674964565,8.64356659707525e-06,0.12816025181644905,0.06574213712049726,25,10,10
45,3517,0.7841418415410059,3.5906296078911346e-05,0.150348791175899,0.06547346098701498,25,10,10
45,3518,0.8011765763380229,2.7875472574333717e-05,0.15655281415383068,0.04224273403556886,25,10,10
45,3519,0.807241823344443,3.265211903314495e-05,0.12429475272896275,0.06843077180756024,25,10,10
45,3520,0.7364669706717933,3.3458247545380106e-05,0.183719744948548,0.07977982613211188,25,10,10
45,3521,0.7469560872776208,0.000528723155265279,0.20458586238777707,0.047929327179335734,25,10,10
45,3522,0.7604677222039286,0.000470446069418856,0.15991947969297168,0.07914235203367928,25,10,10
45,3523,0.741423457093193,2.1234323232583606e-06,0.18571389281261821,0.07286052666186407,25,10,10
45,3524,0.6990364053754776,0.002057303343865906,0.2259204969116049,0.072985794369049,25,10,10
45,3525,0.7546156357655966,0.0020235231700188637,0.16627796699648112,0.07708287406790362,25,10,10
45,3526,0.7560813624602137,1.697678008970154e-05,0.13221148367532265,0.1116901770843734,25,10,10
45,3527,0.7397172884142025,1.615101563083568e-06,0.13923249734521992,0.12104859913901247,25,10,10
45,3528,0.8157481909772801,1.9489371714101045e-07,0.07554607523878434,0.10870553889021847,25,10,10
45,3529,0.8314748317549409,5.2936254117955327e-08,0.05803996090542184,0.11048515440338344,25,10,10
45,3530,0.7527595739157223,1.4989494640167001e-06,0.1340377486209937,0.11320117851381994,25,10,10
45,3531,0.7248293951018187,5.497575479085098e-06,0.15921920041097926,0.11594590691172302,25,10,10
45,3532,0.763858849687355,1.4170232493836262e-05,0.1492475251233608,0.08687945495679054,25,10,10
45,3533,0.696275457357705,0.00024084391180214455,0.26504492420394055,0.03843877452655143,25,10,10
45,3534,0.740146191804606,0.0005130899512412504,0.1880260290039815,0.0713146892401694,25,10,10
45,3535,0.6499928808290747,0.0005159479522286837,0.28337364069782095,0.06611753052087249,25,10,10
45,3536,0.6707061045968571,0.0002329654383932161,0.24872284165921654,0.08033808830553407,25,10,10
45,3537,0.800783313814498,1.2443179683890592e-05,0.11973690206626272,0.07946734093955557,25,10,10
45,3538,0.7597215615022626,1.2657594255744894e-05,0.13620988119199562,0.10405589971148464,25,10,10
45,3539,0.810511924703551,6.142448514420088e-06,0.07377651714275055,0.11570541570518382,25,10,10
45,3540,0.8237076925943496,2.56816284007368e-07,0.09337691904765139,0.08291513154171434,25,10,10
45,3541,0.7890601001477971,4.6015323803270934e-07,0.15231760462649074,0.05862183507247547,25,10,10
45,3542,0.8755462620028779,1.2881229596819593e-06,0.0665922596794693,0.057860190194693246,25,10,10
45,3543,0.8827699237337431,5.132513751911204e-07,0.04256336575392612,0.0746661972609557,25,10,10
45,3544,0.8080157568037971,7.39255661412833e-07,0.1517264909333398,0.04025701300719899,25,10,10
45,3545,0.7914707037071476,8.294244891380577e-07,0.0964598317403162,0.11206863512804746,25,10,10
45,3546,0.6974865472995729,0.0001950924858172069,0.18297867929999548,0.11933968091461375,25,10,10
45,3547,0.6945626392522672,0.00019532874215993776,0.1799966676061576,0.1252453643994167,25,10,10
45,3548,0.7725093102108325,9.06361584337793e-08,0.10786411604002373,0.11962648311298399,25,10,10
45,3549,0.7370529485272692,3.242857179664486e-07,0.13985350858362117,0.12309321860339012,25,10,10
45,3550,0.7501825137865278,0.009443584378074877,0.16087845816056962,0.07949544367482886,25,10,10
45,3551,0.7334774557573849,0.00030794399908534416,0.18682874898824306,0.0793858512552853,25,10,10
45,3552,0.705518410332948,7.26197682365038e-05,0.21351519097749985,0.08089377892131559,25,10,10
45,3553,0.7834772104796364,9.164422992217232e-06,0.16443870828802687,0.05207491680934576,25,10,10
45,3554,0.8401767782124071,1.0035470630750762e-05,0.12522796904209876,0.034585217274864286,25,10,10
45,3555,0.8380410587500096,1.5091128747829098e-06,0.1258419462748409,0.036115485862274296,25,10,10
45,3556,0.7709889610045687,2.4727748497350376e-05,0.19727518287963874,0.03171112836729243,25,10,10
45,3557,0.7000829043714164,3.0560925925574435e-06,0.22511369383057367,0.07480034570541781,25,10,10
45,3558,0.7284276443811755,1.3320211422245372e-05,0.1924286219928862,0.07913041341451522,25,10,10
45,3559,0.6773884053449771,1.7704768179734892e-05,0.26620898572566887,0.05638490416117656,25,10,10
45,3560,0.6775173116171819,1.7686556759802554e-05,0.2560447944472306,0.06642020737882894,25,10,10
45,3561,0.7416843823487329,8.640204843296407e-06,0.15863738803860972,0.09966958940781077,25,10,10
45,3562,0.6843158076111159,3.102514172090302e-06,0.19550938844438853,0.12017170143032287,25,10,10
45,3563,0.8171104197023866,3.7525031934098817e-07,0.07953067261270821,0.10335853243458608,25,10,10
45,3564,0.8180107575143823,1.3446624341342095e-06,0.10258740089839485,0.07940049692478839,25,10,10
45,3565,0.7860869459914838,6.276334025645052e-07,0.14873368121138394,0.06517874516372923,25,10,10
45,3566,0.8639370289100659,1.4111816749393963e-05,0.10709887693589244,0.028949982337291243,25,10,10
45,3567,0.8569208969467086,1.4669531715279743e-05,0.11416362312977968,0.028900810391797052,25,10,10
45,3568,0.8756211763790369,2.1470649911728532e-05,0.09551413516459269,0.028843217806458536,25,10,10
45,3569,0.8899735238592862,2.874812479867724e-05,0.09980579575419687,0.010191932261717947,25,10,10
45,3570,0.9131452481055387,7.604209478709635e-06,0.08040636816142605,0.006440779523557206,25,10,10
45,3571,0.8669590688142418,1.9083558277069502e-07,0.1300783211979563,0.002962419152219559,25,10,10
45,3572,0.8458804154686226,1.146979565814816e-07,0.1535219760383455,0.0005974937950753126,25,10,10
45,3573,0.8066671337141582,3.2779719218833875e-06,0.19294397318544945,0.00038561512847092646,25,10,10
45,3574,0.7525497800548487,4.788770170354761e-05,0.2073303005264469,0.04007203171700378,25,10,10
45,3575,0.7182257641774789,0.000386222078389997,0.23826193112201255,0.04312608262211572,25,10,10
45,3576,0.8208841356317095,4.922628889166375e-07,0.13953194268831426,0.039583429417086355,25,10,10
45,3577,0.803833782894235,1.1783347940715287e-05,0.15651501012662264,0.03963942363120088,25,10,10
45,3578,0.8134607372693022,7.077505360072271e-05,0.14628119525867322,0.04018729241842224,25,10,10
45,3579,0.8341979690042466,0.0002784707904878422,0.12889468259314887,0.0366288776121163,25,10,10
45,3580,0.7552959946465727,1.3643797135190854e-05,0.2024591031544944,0.04223125840179716,25,10,10
45,3581,0.7925712633850815,1.9441381089868856e-06,0.17102434561673166,0.036402446860078125,25,10,10
45,3582,0.8971523166604095,0.0003428245883060265,0.06601592997721831,0.03648892877406665,25,10,10
45,3583,0.8915528776850712,6.52615137136717e-06,0.06864922872450402,0.039791367439053454,25,10,10
45,3584,0.8348825924259131,4.165252883295521e-05,0.12833417457079307,0.03674158047445988,25,10,10
45,3585,0.8537240718507946,3.990891825085996e-05,0.10957952033074042,0.03665649890021214,25,10,10
45,3586,0.8363727647101848,3.5608733923670165e-07,0.12722349814047962,0.036403381061994054,25,10,10
45,3587,0.8576793408608462,6.197396140989455e-05,0.13567297878203768,0.006585706395706511,25,10,10
45,3588,0.932534744177453,0.007365901955941978,0.059757383172134845,0.00034197069447099187,25,10,10
45,3589,0.8352249822952471,0.007387229233573772,0.15709160905052802,0.00029617942064970353,25,10,10
45,3590,0.8439575383411825,0.007367096298539865,0.14757428588414012,0.0011010794761365707,25,10,10
45,3591,0.7738741103288511,0.04572254275927789,0.18037622586239926,2.7121049470271633e-05,25,10,10
45,3592,0.8014921408162737,0.037304640705965564,0.16101731932635674,0.00018589915140156476,25,10,10
45,3593,0.8533278610257359,0.03691771445312318,0.1096993451434523,5.5079377688356006e-05,25,10,10
45,3594,0.8805316016660585,0.036841546761271216,0.08251038751808278,0.00011646405458841808,25,10,10
45,3595,0.8265562303007066,0.036847172917911945,0.13211912993714062,0.004477466844238109,25,10,10
45,3596,0.8456742429534269,0.0007438998685550193,0.14167567473027207,0.011906182447744986,25,10,10
45,3597,0.8377380048906802,1.5134628344718705e-05,0.15036062142265139,0.011886239058323207,25,10,10
45,3598,0.9085956029700354,1.1151142532486551e-05,0.07952208426970259,0.011871161617729123,25,10,10
45,3599,0.9158253946852689,1.1661789179646043e-06,0.055839481871430216,0.028333957264382228,25,10,10
45,3600,0.8613531706520959,1.4640052041246217e-06,0.07262804567065234,0.06601731967204832,25,10,10
45,3601,0.8887947977122033,0.0002438848379956818,0.07096729534728655,0.03999402210251464,25,10,10
45,3602,0.8243797906241006,8.317127083547052e-07,0.1356188295797093,0.040000548083478804,25,10,10
45,3603,0.8138919090484968,3.552232045238349e-05,0.1460147576087522,0.040057811022298155,25,10,10
45,3604,0.8471009053655572,8.513527787669334e-07,0.11319369537134437,0.03970454791031847,25,10,10
45,3605,0.8583659763404056,0.00037094864626184695,0.10551409619651807,0.035748978816813555,25,10,10
45,3606,0.8304019529156125,4.572377815346716e-06,0.12973230625130275,0.03986116845526889,25,10,10
45,3607,0.7811648622577759,5.8271478210526205e-06,0.14933067277089287,0.06949863782351107,25,10,10
45,3608,0.7487293637618392,6.314669543489353e-05,0.1812701741313493,0.0699373154113773,25,10,10
45,3609,0.7533425812606707,6.101061868275918e-05,0.177400604482743,0.06919580363790327,25,10,10
45,3610,0.8120635902830848,1.3690544755632828e-05,0.1231193830670774,0.06480333610508054,25,10,10
45,3611,0.8637882257306804,3.043143168276971e-06,0.10121415393958097,0.03499457718657184,25,10,10
45,3612,0.8675449075519047,1.1481261108937279e-06,0.09359119437699054,0.03886274994499377,25,10,10
45,3613,0.8260146346220948,5.8459236623982754e-05,0.13494276028300653,0.03898414585827192,25,10,10
45,3614,0.8375576781179762,5.118901505128334e-07,0.1566370438064049,0.005804766185469889,25,10,10
45,3615,0.8895777303612195,0.0003067237307808077,0.10979085358432768,0.00032469232367362476,25,10,10
45,3616,0.8486846432897697,1.2792247918170874e-06,0.15095958469743784,0.00035449278800036156,25,10,10
45,3617,0.8139257006150881,2.4438992384364353e-05,0.18582382217075602,0.00022603822176980783,25,10,10
45,3618,0.8355409741889338,1.475943938441049e-05,0.15201052975706653,0.012433736614616032,25,10,10
45,3619,0.8306394644421679,1.0691025698893647e-05,0.16930656821088683,4.327632124716589e-05,25,10,10
45,3620,0.7744971384893069,4.6128287748385174e-05,0.22540916541146838,4.7567811477550744e-05,25,10,10
45,3621,0.901763488886312,3.602471978320823e-05,0.09810464310850492,9.584328539883195e-05,25,10,10
45,3622,0.8380575939622252,3.7085769742876374e-05,0.1615616558336722,0.0003436644343575452,25,10,10
45,3623,0.8968684732216167,1.9522681972318658e-05,0.10297791840236306,0.00013408569404635732,25,10,10
45,3624,0.8771916749233578,2.1206792026113873e-05,0.12243185814413086,0.0003552601404849083,25,10,10
45,3625,0.8892238454135424,1.8428920823621424e-06,0.11002201933772868,0.0007522923566439805,25,10,10
45,3626,0.8541090394328773,1.1828087225926927e-05,0.14546295552208088,0.0004161769578153784,25,10,10
45,3627,0.8955040988767157,3.244695838333214e-06,0.10176310043726243,0.0027295559901827533,25,10,10
45,3628,0.9245533785198355,2.3624426823042573e-06,0.06107778210460085,0.014366476932881263,25,10,10
45,3629,0.8797411094304449,1.5013425331725628e-06,0.10911167541040002,0.011145713816620105,25,10,10
45,3630,0.8875128380947807,1.0378870625853929e-06,0.10985302217807805,0.0026331018400775476,25,10,10
45,3631,0.907286122323343,2.2744605851344784e-06,0.09263218527513217,7.941794093913927e-05,25,10,10
45,3632,0.9420307011284861,9.694654355068271e-07,0.05790102882625934,6.73005798186773e-05,25,10,10
45,3633,0.9335661352688899,4.5714468912287107e-07,0.06631645756123167,0.00011695002518845191,25,10,10
45,3634,0.9251211234825005,1.064803629923017e-06,0.0746548110722733,0.0002230006415951522,25,10,10
45,3635,0.8637042647402495,3.775419244045807e-05,0.10953534950625123,0.026722631561057204,25,10,10
45,3636,0.8220762155970341,2.688355167801884e-05,0.15130784064668415,0.026589060204602402,25,10,10
45,3637,0.8199429231013492,1.5270523613007842e-05,0.15297404229522693,0.027067764079810486,25,10,10
45,3638,0.7259954380955064,0.00027192648870681674,0.23219967198230898,0.041532963433478814,25,10,10
45,3639,0.7905276042190468,1.1266183929114708e-05,0.17296582554173245,0.03649530405529165,25,10,10
45,3640,0.7768666275921219,1.639878242780805e-06,0.18626767591547644,0.03686405661415823,25,10,10
45,3641,0.7663288598415039,1.6514024034358759e-06,0.1971907117374197,0.03647877701867097,25,10,10
45,3642,0.7994061570848969,2.1408906605346875e-05,0.16414433660586622,0.036428097402630776,25,10,10
45,3643,0.7715045144568943,1.5257992980996336e-05,0.18863548630576024,0.03984474124436238,25,10,10
45,3644,0.8159011983385461,2.4342760194949387e-05,0.14443430869772703,0.03964015020353128,25,10,10
45,3645,0.7902985291729536,2.2492959885347197e-06,0.16644601777164336,0.043253203759414084,25,10,10
45,3646,0.7727814525358987,3.59511773365403e-05,0.18408762257844294,0.04309497370832058,25,10,10
45,3647,0.7397172752160884,3.414017595900564e-06,0.187228927741844,0.07305038302447016,25,10,10
45,3648,0.7544877211444954,3.096692866941361e-05,0.17841945610060198,0.06706185582623406,25,10,10
45,3649,0.9009931428029906,8.606054087128848e-07,0.05701414169407422,0.041991854897526826,25,10,10
45,3650,0.7309248989508054,2.753458583266215e-06,0.23690091591439394,0.0321714316762138,25,10,10
45,3651,0.7561934755568355,0.00033296456717622357,0.21523283524347123,0.02824072463252067,25,10,10
45,3652,0.7811947222082045,3.4252942182847254e-05,0.1878627747931133,0.030908250056498502,25,10,10
45,3653,0.7741393105281079,3.1179767663746455e-06,0.19779657905737102,0.02806099243775388,25,10,10
45,3654,0.7756898301852345,3.302364350155532e-06,0.19393150816550367,0.030375359284911068,25,10,10
45,3655,0.7874256489489448,5.743763234171149e-06,0.16098870314034242,0.05157990414747905,25,10,10
45,3656,0.8619006777230099,2.9568715169354416e-06,0.09851425443142137,0.03958211097404959,25,10,10
45,3657,0.8587768863052054,9.916707523521344e-07,0.11657254050519718,0.024649581518845068,25,10,10
45,3658,0.7602326922214598,1.1221839461036818e-05,0.20005405418801847,0.03970203175105609,25,10,10
45,3659,0.746352918433999,1.43934077366935e-06,0.21370003930845147,0.039945602916774695,25,10,10
45,3660,0.8015319207130587,1.817680814004834e-06,0.15855663249142715,0.03990962911470022,25,10,10
45,3661,0.7961555927488287,3.3799155012525256e-05,0.16344678152986702,0.04036382656628837,25,10,10
45,3662,0.8081532858843998,3.371739080451065e-05,0.15212825940114008,0.039684737323652276,25,10,10
45,3663,0.8562787712733341,2.5870073582488292e-06,0.10830514720717004,0.03541349451213504,25,10,10
45,3664,0.7802239234277272,1.1509305041703867e-05,0.18448869285768324,0.035275874409549164,25,10,10
45,3665,0.7052102584000032,1.883154273401958e-06,0.25439326273255974,0.04039459571316505,25,10,10
45,3666,0.7581819495561724,7.352551812478576e-05,0.20145893332327294,0.040285591602429956,25,10,10
45,3667,0.7646245317891265,0.009087636314557173,0.21456266814249106,0.011725163753827782,25,10,10
45,3668,0.7920615509116109,5.331946256326543e-06,0.17936345951831942,0.02856965762381409,25,10,10
45,3669,0.878547349611688,0.0008549023799553073,0.08348272960719962,0.037115018401155525,25,10,10
45,3670,0.8108313970520372,0.000855274347561464,0.14930868384175533,0.03900464475864398,25,10,10
45,3671,0.9047303947067583,1.0518937563015959e-05,0.06852677262981906,0.026732313725858846,25,10,10
45,3672,0.8458582026414857,1.950388668583492e-05,0.1290563595997487,0.025065933872077784,25,10,10
45,3673,0.7821698767273939,2.4643953938898964e-06,0.17798657105513147,0.039841087822078076,25,10,10
45,3674,0.7982520525297009,3.102757193033798e-06,0.19220642385232442,0.009538420860780097,25,10,10
45,3675,0.820192590947903,1.0112683416548929e-05,0.17026734307830335,0.009529953290376003,25,10,10
45,3676,0.843086291695922,2.779110208920204e-05,0.15656024742023503,0.0003256697817540035,25,10,10
45,3677,0.8181126541399998,2.069537597297277e-05,0.18143088392689818,0.00043576655712718605,25,10,10
45,3678,0.8258564695714301,1.3528269655831535e-05,0.1738521726053808,0.00027782955353528954,25,10,10
45,3679,0.9086271764583889,1.8659556234647973e-06,0.08879103838643426,0.0025799191995533955,25,10,10
45,3680,0.8550638878545384,0.008042778138852657,0.13425817127337838,0.0026351627332307937,25,10,10
45,3681,0.8058570077780091,0.0002369521713847128,0.1911166204051511,0.0027894196454569388,25,10,10
45,3682,0.8861440774161652,2.931229070876718e-06,0.11379325712331922,5.97342314447287e-05,25,10,10
45,3683,0.7458070323738939,1.921451575003094e-05,0.2540935119835023,8.024112685121301e-05,25,10,10
45,3684,0.726325181149513,1.776779403118518e-05,0.2715787667621865,0.0020782842942669902,25,10,10
45,3685,0.7690072751971583,9.884381043345576e-06,0.22503820767115457,0.005944632750644479,25,10,10
45,3686,0.8248660551654843,0.00029895507301381933,0.17407838186158245,0.0007566078999207707,25,10,10
45,3687,0.7721007499569029,1.6114540562706717e-05,0.2226177549668535,0.005265380535681331,25,10,10
45,3688,0.7293682972789164,0.0002205727467039801,0.2700104762939521,0.00040065368043014555,25,10,10
45,3689,0.8183368333594047,1.8484250633614148e-05,0.18042304665995296,0.0012216357300118843,25,10,10
45,3690,0.8237082919960891,1.2758045375719374e-05,0.17160709139459251,0.004671858563945178,25,10,10
45,3691,0.8927136203074846,0.00010863817643013106,0.10548330392252776,0.0016944375935560637,25,10,10
45,3692,0.8011005615046443,0.00010455443609970176,0.19804476849529742,0.0007501155639583752,25,10,10
45,3693,0.9051519334516711,0.0005136945791607736,0.09420025413668286,0.00013411783248532433,25,10,10
45,3694,0.7863950526434926,0.013466499981574872,0.1996850572419487,0.00045339013298539567,25,10,10
45,3695,0.8228871886845646,0.009475230953764761,0.16722203305178884,0.00041554730987980264,25,10,10
45,3696,0.8130209870447161,0.034403183956783774,0.15250518275490255,7.064624359572146e-05,25,10,10
45,3697,0.8155799388233269,0.034416714145062824,0.14974481695939632,0.0002585300722141059,25,10,10
45,3698,0.804537022397761,2.767151243801727e-05,0.19371561523026112,0.0017196908595402097,25,10,10
45,3699,0.7731603608769188,0.00010621159130673021,0.22507351693656927,0.0016599105952076593,25,10,10
45,3700,0.8261297573699861,2.5455266500900882e-05,0.17138581120026916,0.0024589761632450415,25,10,10
45,3701,0.8836178107971401,8.588321312607768e-07,0.11630979322260666,7.153714812207773e-05,25,10,10
45,3702,0.9217636969655958,1.1012350338884819e-05,0.0781526713695295,7.261931453582114e-05,25,10,10
45,3703,0.8568741622064496,1.1603664845559932e-05,0.14310479437567458,9.439753028062568e-06,25,10,10
45,3704,0.8889576058603356,1.1289633536053056e-05,0.10228110461882015,0.008749999887307036,25,10,10
45,3705,0.8762649320709017,2.00370543117676e-05,0.1220260029009056,0.0016890279738804074,25,10,10
45,3706,0.8259510535273096,4.55803070385269e-05,0.17219379090912845,0.001809575256523533,25,10,10
45,3707,0.850389104686815,2.481143648515803e-05,0.14946109806285757,0.00012498581384184224,25,10,10
45,3708,0.8098540785385986,0.0026485128429165313,0.187472986020664,2.4422597822154594e-05,25,10,10
45,3709,0.8708312637860327,9.870325277146576e-07,0.09275631224387236,0.03641143693756658,25,10,10
45,3710,0.8077313123047383,7.344529583800058e-06,0.16769649372669584,0.02456484943898053,25,10,10
45,3711,0.8698246608443962,2.7139306477845264e-06,0.0904195528971449,0.039753072327811945,25,10,10
45,3712,0.7377498512361056,0.00011840936215534327,0.18285727677229335,0.079274462629443,25,10,10
45,3713,0.7339806722878416,1.3957963128584875e-05,0.18340047318205052,0.08260489656698022,25,10,10
45,3714,0.725488822201716,0.0007281675486919179,0.2295780271168098,0.04420498313278481,25,10,10
45,3715,0.767846930244844,0.000736155968800185,0.2310627292749311,0.0003541845114276433,25,10,10
45,3716,0.7379114243857268,3.302886437478772e-05,0.26136836890399917,0.000687177845901431,25,10,10
45,3717,0.8038984467434073,1.8072691436737417e-05,0.195237144866162,0.0008463356989951996,25,10,10
45,3718,0.9192557586050608,2.0450271208548253e-05,0.08048646108296541,0.0002373300407655633,25,10,10
45,3719,0.9411325626528524,1.6510605877215528e-05,0.058841317675313996,9.609065956266042e-06,25,10,10
45,3720,0.9144779340178836,1.644946718420603e-05,0.08518634804896336,0.00031926846597071426,25,10,10
45,3721,0.8693659498563094,1.1914106502192107e-05,0.13013962021775113,0.00048251581943703416,25,10,10
45,3722,0.8430472687109654,2.520146286977865e-05,0.15364864199412484,0.003278887832039337,25,10,10
45,3723,0.8664781211813068,1.4194137189120812e-05,0.129787405933552,0.003720278747948445,25,10,10
45,3724,0.7994630612318757,2.083382016218242e-05,0.1970210110983769,0.0034950938495843247,25,10,10
45,3725,0.8933450324770489,3.8006986225622174e-06,0.10351562568602057,0.0031355411383075164,25,10,10
45,3726,0.9424580924871208,5.878536280787935e-07,0.054015890830072175,0.0035254288291791925,25,10,10
45,3727,0.8906644718239646,1.2924946324269655e-06,0.10341473223925851,0.005919503442142455,25,10,10
45,3728,0.8833635282230102,9.591842158092333e-07,0.1160186175559717,0.0006168950368028095,25,10,10
45,3729,0.9319988747225669,1.1919276833555397e-06,0.06793352658010475,6.640676964503213e-05,25,10,10
45,3730,0.8915613499922831,6.239259483279552e-07,0.1084222541770907,1.5771904679109816e-05,25,10,10
45,3731,0.8865624683040925,1.5675844644040644e-06,0.11318115169909229,0.0002548124123503065,25,10,10
45,3732,0.7934852607015263,4.4509069732054426e-06,0.20327538471092915,0.003234903680570462,25,10,10
45,3733,0.8678303903865254,3.847969815133144e-05,0.13187366801805478,0.0002574618972685546,25,10,10
45,3734,0.8162170757356578,1.672927535918238e-05,0.18309626190605102,0.0006699330829301076,25,10,10
45,3735,0.8306540946096461,3.1644403530290917e-06,0.16429867579720617,0.005044065152793808,25,10,10
45,3736,0.8482612903965626,3.314409770398017e-06,0.1511506545265273,0.000584740667138308,25,10,10
45,3737,0.8670829667609523,2.405864692182615e-05,0.13275734569518732,0.000135628896937152,25,10,10
45,3738,0.8870604122411092,3.293147967069795e-06,0.11286121947858269,7.507513233946706e-05,25,10,10
45,3739,0.8295312123063466,0.0004784841151218862,0.16824582410763636,0.001744479470895751,25,10,10
45,3740,0.8676097322519225,0.00047118248237129515,0.13150574669052964,0.00041333857517539686,25,10,10
45,3741,0.8764071202466481,0.00048275717275953915,0.12291600906748579,0.0001941135131035519,25,10,10
45,3742,0.8629982482521767,0.0010180946057965345,0.09943780955378659,0.03654584758823934,25,10,10
45,3743,0.8945816918832604,0.0004698073356509177,0.06403472457405204,0.040913776207036116,25,10,10
45,3744,0.8431899464680842,6.342362384180091e-05,0.11707106928086246,0.03967556062720795,25,10,10
45,3745,0.772570611879714,8.875149139658994e-06,0.18743549788871533,0.03998501508243432,25,10,10
45,3746,0.7100996617287119,0.0005781967029454031,0.28893747279464677,0.0003846687736997134,25,10,10
45,3747,0.8334748844365893,0.009352421669113372,0.1553231990965007,0.0018494947977938814,25,10,10
45,3748,0.8319754373872442,0.009346490596212956,0.1584744708540361,0.0002036011625047417,25,10,10
45,3749,0.8117190344368229,0.012231925427525318,0.17350294791350251,0.0025460922221491227,25,10,10
45,3750,0.8017987558069904,0.012276600818795183,0.18584699159988421,7.765177433124336e-05,25,10,10
45,3751,0.8308854518226529,0.012299493327012993,0.1567792073355074,3.584751482696416e-05,25,10,10
45,3752,0.8725106896389966,0.01223948429977053,0.11447734523862177,0.0007724808226117343,25,10,10
45,3753,0.8209263510797249,0.008069492282211084,0.16857587502415847,0.0024282816139036354,25,10,10
45,3754,0.7754762746518997,0.008088046416786948,0.20793836324306103,0.008497315688250623,25,10,10
45,3755,0.816156500050479,0.008085716017865336,0.17555050486074109,0.0002072790709145233,25,10,10
45,3756,0.8606300711854845,2.265864208261362e-05,0.13447597618242157,0.00487129399001136,25,10,10
45,3757,0.8825668502598372,2.378923057232594e-05,0.11721515227754764,0.00019420823204244653,25,10,10
45,3758,0.8610999709182936,4.092309391667345e-05,0.13853599198257088,0.00032311400521710187,25,10,10
45,3759,0.87526751603048,4.071190565473142e-05,0.1246074342383192,8.43378255448355e-05,25,10,10
45,3760,0.8724921570360133,1.599874338934565e-05,0.12741121673870273,8.062748189188059e-05,25,10,10
45,3761,0.7994269107445122,0.00011246205698096435,0.20022356334986002,0.00023706384864998964,25,10,10
45,3762,0.8084601418648787,5.800324637670023e-06,0.19145583255849194,7.82252519922141e-05,25,10,10
45,3763,0.7008708315963083,6.52908250927397e-05,0.2924668368654226,0.006597040713179033,25,10,10
45,3764,0.758530655900877,1.919570580989238e-05,0.2411658054559409,0.00028434293737552766,25,10,10
45,3765,0.7645348242585002,8.021025214013134e-05,0.23476831634503384,0.0006166491443275051,25,10,10
45,3766,0.7408967277504978,2.9541576955850986e-06,0.25645165535472103,0.002648662737087694,25,10,10
45,3767,0.7683451917434977,4.386459062406353e-05,0.2309729314815355,0.0006380121843415648,25,10,10
45,3768,0.8322124885530746,4.358201087144181e-05,0.16717915181340548,0.0005647776226473613,25,10,10
45,3769,0.8752100583895648,7.782188522589217e-06,0.12243118486723825,0.002350974554671389,25,10,10
45,3770,0.929311357132372,3.287389097192593e-07,0.07059919840356936,8.911572514870788e-05,25,10,10
45,3771,0.8424957782238158,8.47839111354671e-06,0.15735382898016825,0.00014191440490218333,25,10,10
45,3772,0.8240044561752903,2.4618971107176956e-05,0.17578954434580985,0.00018138050779075598,25,10,10
45,3773,0.8181735048296754,3.231984372107048e-05,0.18039433986703504,0.0013998354595679623,25,10,10
45,3774,0.8358687409300671,1.050746438335245e-05,0.16410536031890047,1.5391286647472593e-05,25,10,10
45,3775,0.8393032439986048,2.817913960118004e-06,0.1590986641657288,0.0015952739217058585,25,10,10
45,3776,0.8337471821608048,5.066213140159612e-06,0.16461976835355668,0.0016279832724970208,25,10,10
45,3777,0.8413810995742057,1.7348802795494074e-06,0.15822628539162364,0.000390880153889357,25,10,10
45,3778,0.7800407531400451,1.689912816062743e-05,0.21934749402392797,0.0005948537078660317,25,10,10
45,3779,0.7910822153398661,1.116223273084235e-05,0.2086851392497381,0.0002214831776649197,25,10,10
45,3780,0.8342878825598984,9.79428899324062e-07,0.16564330884207684,6.782916912469708e-05,25,10,10
45,3781,0.6920503847255484,1.4470512424629637e-05,0.2811923608324091,0.02674278392961335,25,10,10
45,3782,0.7182902397125704,1.6242827767228813e-05,0.257794917076902,0.023898600382758546,25,10,10
45,3783,0.7412009128159691,3.124603061231085e-05,0.22932763299392026,0.029440208159499257,25,10,10
45,3784,0.7705244862019349,1.481605808964893e-05,0.17656308063006232,0.052897617109913336,25,10,10
45,3785,0.857889867659786,2.5161425883028615e-07,0.11447018648232112,0.027639694243634595,25,10,10
45,3786,0.8121777415197292,0.00022437939968749393,0.1599795183089094,0.02761836077167468,25,10,10
45,3787,0.8403416013864409,0.0004319954377678654,0.14535254528669592,0.013873857889094397,25,10,10
45,3788,0.8106309522702583,0.00043978552007215704,0.18882293216206927,0.00010633004760032951,25,10,10
45,3789,0.8699990553525744,7.469747275297034e-06,0.1299766726683108,1.6802231838984252e-05,25,10,10
45,3790,0.8766883611114301,6.772389042090841e-07,0.1232208601358103,9.010151385539948e-05,25,10,10
45,3791,0.8802098337462936,3.392690394744939e-05,0.10466307086663497,0.015093168483124834,25,10,10
45,3792,0.8458391837865729,4.698320283602185e-05,0.1142520441721083,0.03986178883848326,25,10,10
45,3793,0.835765894132944,9.437334328837642e-07,0.10953380561767587,0.054699356515944916,25,10,10
45,3794,0.83352402553004,9.10298393911772e-07,0.12091651656053873,0.045558547611028004,25,10,10
45,3795,0.7773478956680405,1.1240650415444496e-05,0.1777350283142545,0.04490583536728912,25,10,10
45,3796,0.8913206085488224,3.6531580596793935e-07,0.06857947355828063,0.040099552577091364,25,10,10
45,3797,0.8014620428201796,7.824567562973862e-05,0.14972844019080966,0.04873127131338001,25,10,10
45,3798,0.8017390616239892,4.6400452197484206e-05,0.12040848924486124,0.07780604867895095,25,10,10
45,3799,0.812300808349876,4.54597582392918e-05,0.10942487772313615,0.07822885416874686,25,10,10
45,3800,0.8242683754407697,5.648559356611109e-05,0.13742515690823695,0.03824998205742578,25,10,10
45,3801,0.7895183468287974,4.1865885315586527e-05,0.17010916262977857,0.0403306246561074,25,10,10
45,3802,0.8504934105191759,1.9097765802460966e-06,0.14300701601388366,0.006497663690357841,25,10,10
45,3803,0.8135164508974843,1.593961693098822e-06,0.17979684244063723,0.006685112700184756,25,10,10
45,3804,0.7778133656988032,1.221722428636868e-05,0.1824043706886456,0.03977004638826621,25,10,10
45,3805,0.7522084187171503,7.3183768180235395e-06,0.2107103491366405,0.037073913769389615,25,10,10
45,3806,0.8028250931126368,3.103806537048394e-05,0.1580012526920756,0.03914261612991555,25,10,10
45,3807,0.810760411008254,6.3454781801688184e-06,0.18669420668987793,0.0025390368236863476,25,10,10
45,3808,0.8470867400778727,2.787151856126333e-06,0.15041746092526279,0.0024930118450055,25,10,10
45,3809,0.8602951956355923,0.0012417709443647347,0.13597082219389836,0.002492211226142851,25,10,10
45,3810,0.7209866410708257,1.230891466430946e-05,0.21355362732612243,0.06544742268838641,25,10,10
45,3811,0.8069947231750518,2.7597952667547483e-05,0.12030059606829763,0.07267708280398179,25,10,10
45,3812,0.7531268452701353,1.0180320104065907e-06,0.16649328181233272,0.08037885488552254,25,10,10
45,3813,0.7491449865506814,4.464144621463645e-05,0.17029269875111042,0.08051767325199391,25,10,10
45,3814,0.7723516224418705,0.001607549449309985,0.1657281139956147,0.06031271411320421,25,10,10
45,3815,0.8017736000812089,2.2124758577952225e-06,0.11404854486508426,0.08417564257784768,25,10,10
45,3816,0.7624153788394195,3.748646555645524e-06,0.1610157757384032,0.07656509677561817,25,10,10
45,3817,0.7600722994550505,6.6804743210980925e-06,0.19894675550643914,0.040974264564191044,25,10,10
45,3818,0.8443057729380847,1.6222929889996565e-06,0.14707464342594523,0.008617961342981068,25,10,10
45,3819,0.7970607320131664,4.718716758807357e-07,0.16469869001336077,0.038240106101796685,25,10,10
45,3820,0.7857205712968195,1.4942532496601252e-05,0.150209713559154,0.06405477261153,25,10,10
45,3821,0.7440795108856783,1.8130247138825349e-06,0.13321057060085162,0.12270810548875659,25,10,10
45,3822,0.7360843005883588,2.0593433370919707e-06,0.14084835525541442,0.12306528481288936,25,10,10
45,3823,0.7791849522881976,9.779297527015268e-06,0.12459914128534363,0.09620612712893094,25,10,10
45,3824,0.7785391889351864,0.0003103826344545292,0.14132123081706335,0.0798291976132952,25,10,10
45,3825,0.7130680589795864,4.621418685271735e-05,0.20697530046215915,0.07991042637140154,25,10,10
45,3826,0.7020487399506362,0.0002815562543001968,0.23266274361540976,0.06500696017965352,25,10,10
45,3827,0.7595328213080776,5.2639529167925775e-05,0.17313406808159867,0.06728047108115533,25,10,10
45,3828,0.8233727780879526,7.788577336194057e-06,0.0968566467114419,0.07976278662326886,25,10,10
45,3829,0.8344439503900122,4.1730771741655826e-07,0.12544614053658243,0.040109491765687226,25,10,10
45,3830,0.8505646649548734,1.5005063592327082e-05,0.10950538893777682,0.039914941043755946,25,10,10
45,3831,0.8522962313788099,1.1851896231804393e-05,0.10759780898624717,0.040094107738711304,25,10,10
45,3832,0.854456833079323,8.50355797790371e-06,0.1193906192502335,0.026144044112464182,25,10,10
45,3833,0.774207270223592,1.1599924010566058e-05,0.19930489897927647,0.026476230873122154,25,10,10
45,3834,0.7618632551811225,0.0002923991689406073,0.1962010539374308,0.0416432917125092,25,10,10
45,3835,0.8470272778637167,0.0002928336104875013,0.10675524180061942,0.04592464672517607,25,10,10
45,3836,0.7795062650174096,0.0003225878297748596,0.17199554732356606,0.048175599829249745,25,10,10
45,3837,0.6720971286913169,1.7686200979672246e-05,0.2923160241647204,0.03556916094298192,25,10,10
45,3838,0.7176417888967944,2.9527273629552617e-05,0.23680090550726013,0.04552777832231428,25,10,10
45,3839,0.8332524276507719,1.696188051115226e-05,0.12550832373026646,0.04122228673845092,25,10,10
45,3840,0.8497484503018995,8.993553253834054e-06,0.11320947484315318,0.03703308130169167,25,10,10
45,3841,0.8575565066384725,1.47499412966703e-06,0.11385555875212543,0.028586459615272418,25,10,10
45,3842,0.7194940747521903,2.1683746477846857e-06,0.23993476839306024,0.04056898848010429,25,10,10
45,3843,0.8869043848444571,1.4864804513389606e-05,0.07309930888534684,0.0399814414656817,25,10,10
45,3844,0.8463069875157098,3.0620934440261947e-06,0.12593036489507545,0.027759585495768412,25,10,10
45,3845,0.8665612440881421,1.2704033484387965e-05,0.09377225822060595,0.039653793657766695,25,10,10
45,3846,0.8683151149303011,1.26133047493622e-05,0.09224342452946384,0.03942884723548524,25,10,10
45,3847,0.8865428445001684,3.4784270907205303e-05,0.07373427106974409,0.03968810015918033,25,10,10
45,3848,0.8467352094453174,2.214487095526251e-06,0.11350277530315132,0.03975980076443195,25,10,10
45,3849,0.7959406802451263,2.221966852994293e-06,0.16380773368545015,0.040249364102571,25,10,10
45,3850,0.8350191823298367,1.7747261755644612e-06,0.12744493730255446,0.03753410564143261,25,10,10
45,3851,0.7840052633023439,1.8724553710127966e-06,0.17605647993086151,0.03993638431142185,25,10,10
45,3852,0.8185607783012414,4.306130789202833e-06,0.13944608131843375,0.04198883424953471,25,10,10
45,3853,0.863189648122922,8.673330009905053e-07,0.08635321187669044,0.05045627266738581,25,10,10
45,3854,0.8553158467035127,6.610721082498079e-07,0.10756710783843593,0.03711638438594263,25,10,10
45,3855,0.8713680596341556,8.112812914956347e-06,0.09154994083887268,0.03707388671405479,25,10,10
45,3856,0.8376347991069713,1.8353215850521002e-05,0.12006550669466852,0.04228134098250909,25,10,10
45,3857,0.8546450878657207,1.7918614277154134e-06,0.1057053146494796,0.03964780562337148,25,10,10
45,3858,0.7729718041785496,3.944406786737478e-06,0.19675791671685341,0.030266334697807342,25,10,10
45,3859,0.7651195929299272,1.268853576310036e-05,0.20759112849745676,0.027276590036853166,25,10,10
45,3860,0.7864596034695417,0.00021843668045002347,0.1813830934118495,0.031938866438157784,25,10,10
45,3861,0.7701140631073757,3.6157543506865734e-05,0.1874752407078197,0.042374538641297296,25,10,10
45,3862,0.7928799891779639,2.1163995473228386e-05,0.16156542127076315,0.0455334255557988,25,10,10
45,3863,0.8137297100414318,2.697191905421831e-05,0.15966884857121866,0.026574469468295118,25,10,10
45,3864,0.7632414885221144,1.1366085798662894e-05,0.21057549620423605,0.02617164918785275,25,10,10
45,3865,0.8032297448406867,1.610038768467013e-05,0.16460719430448426,0.03214696046714304,25,10,10
45,3866,0.7907469537558236,0.0010031243816191954,0.17575084226128068,0.03249907960127632,25,10,10
45,3867,0.8071252998272288,0.0009897602615445054,0.17536796397572074,0.016516975935505263,25,10,10
45,3868,0.8031762819943442,2.829914432945708e-07,0.18675773791011907,0.010065697104089633,25,10,10
45,3869,0.8510471548130221,0.0008687273192903775,0.10728011397464336,0.04080400389304356,25,10,10
45,3870,0.8904112036145098,0.000873149409983737,0.10520976336238672,0.003505883613118835,25,10,10
45,3871,0.895095635873846,0.0016915865417618592,0.103194088623426,1.8688960965352538e-05,25,10,10
45,3872,0.9424795338719474,1.1156219938802712e-06,0.057423606632476254,9.574387358305547e-05,25,10,10
45,3873,0.9038316456370421,8.106724265713003e-05,0.09600500496738588,8.228215291492533e-05,25,10,10
45,3874,0.9121940250417494,1.920628630895429e-05,0.08281406458190496,0.004972704090036759,25,10,10
45,3875,0.9037792123877445,1.9463603478616088e-05,0.09122978446507435,0.004971539543701939,25,10,10
45,3876,0.9154679328391861,1.1758944447021617e-06,0.07280325415184245,0.011727637114527132,25,10,10
45,3877,0.8436873288977913,1.575389514742643e-05,0.1434491109567728,0.01284780625028784,25,10,10
45,3878,0.8649324041484566,1.774542125328362e-05,0.12346510915371031,0.011584741276577562,25,10,10
45,3879,0.809232025811458,9.075260396863952e-05,0.18864875748306104,0.002028464101510445,25,10,10
45,3880,0.8353231346116725,1.841621916439845e-05,0.13278824998398311,0.03187019918518031,25,10,10
45,3881,0.8354791101258359,2.7031433018630714e-06,0.13237834758740039,0.03213983914346218,25,10,10
45,3882,0.8049809309870496,7.903861432142458e-06,0.154845755667142,0.04016540948437837,25,10,10
45,3883,0.8479722357801228,8.79975730297063e-06,0.11178037742626204,0.04023858703631485,25,10,10
45,3884,0.8455054818116635,1.6216534799380106e-06,0.11438977001320665,0.04010312652164974,25,10,10
45,3885,0.8358888087127099,1.3415188637454344e-06,0.12412036759704405,0.03998948217138452,25,10,10
45,3886,0.8531827587742185,1.6350674521639608e-05,0.10666200043603805,0.040138890115221475,25,10,10
45,3887,0.7678685739318418,3.020370612994704e-05,0.19193493649571194,0.04016628586631514,25,10,10
45,3888,0.8064714286789362,3.272339907030246e-05,0.15343024298247776,0.04006560493951487,25,10,10
45,3889,0.7825371653088117,1.4984897657897046e-05,0.19093109447670764,0.026516755316821114,25,10,10
45,3890,0.7955053726368905,2.6451656587910697e-06,0.16465777747050112,0.039834204726948104,25,10,10
45,3891,0.8363867059882892,1.8589433368242746e-06,0.12370881689139866,0.039902618176976115,25,10,10
45,3892,0.800468726314773,4.914749961909358e-07,0.19134094705437313,0.008189835155855165,25,10,10
45,3893,0.8102050603749471,1.1719240249067193e-05,0.1795963540988878,0.010186866285915485,25,10,10
45,3894,0.8390826175725289,8.158984669380942e-06,0.1484518626631132,0.012457360779688944,25,10,10
45,3895,0.7798103822143588,1.1444866520655604e-05,0.17620782069582422,0.043970352223295636,25,10,10
45,3896,0.7049879167297047,2.229138300118404e-06,0.25517684399694024,0.039833010135047614,25,10,10
45,3897,0.8064148137284042,1.0139579927291692e-06,0.1613717881244699,0.032212384189133296,25,10,10
45,3898,0.8639450857665223,1.1798465468206557e-06,0.09584475911985381,0.04020897526707725,25,10,10
45,3899,0.8213828461141626,1.6706009250421882e-06,0.17812049604003363,0.0004949872448775333,25,10,10
45,3900,0.798154130738307,4.094228021827167e-06,0.20108148430510434,0.0007602907285639551,25,10,10
45,3901,0.8455355111037105,1.3264209614161239e-05,0.15443424698918382,1.6977697490506565e-05,25,10,10
45,3902,0.8391576630876572,1.7125299087818933e-05,0.16073546622953874,8.974538371512924e-05,25,10,10
45,3903,0.8058120527353785,6.355196788083367e-05,0.19364924161105151,0.0004751536856916018,25,10,10
45,3904,0.8122452106008267,3.506100885900333e-05,0.18580274959441823,0.0019169787958981223,25,10,10
45,3905,0.8557610598567353,6.24465250899136e-07,0.14258225302177785,0.0016560626562358443,25,10,10
45,3906,0.8808610968755639,1.703418750388033e-06,0.11621470209740296,0.002922497608282516,25,10,10
45,3907,0.8008093499439337,7.975394796159417e-06,0.19590649611462083,0.0032761785466471783,25,10,10
45,3908,0.754703045678048,4.191223525456743e-06,0.23287344305128246,0.012419320047147646,25,10,10
45,3909,0.7540407094027901,4.071048005933091e-06,0.209152986832985,0.036802232716219276,25,10,10
45,3910,0.8145187801516101,1.9399579808625145e-05,0.1451585267773646,0.040303293491216384,25,10,10
45,3911,0.8266044286061791,1.5675543017317745e-05,0.12725893019979895,0.04612096565100571,25,10,10
45,3912,0.7510010811700977,1.6555701012310683e-05,0.16827256114142006,0.08070980198747094,25,10,10
45,3913,0.7505384610401914,2.348211356230626e-05,0.20077305091155281,0.04866500593469118,25,10,10
45,3914,0.7324197944840166,2.979018055241101e-06,0.1850879866823303,0.08248923981559698,25,10,10
45,3915,0.7392961651548401,4.080982993025884e-06,0.18424880001447336,0.07645095384769506,25,10,10
45,3916,0.7627202752028123,7.392658219679028e-06,0.19289410104454444,0.04437823109442367,25,10,10
45,3917,0.8153169615271699,1.7566640501805034e-05,0.12083683236096018,0.06382863947136852,25,10,10
45,3918,0.7386502180914769,0.00010392628122280463,0.21917907116123278,0.042066784466069394,25,10,10
45,3919,0.7559113424819425,0.0064272629222757,0.2368209420269487,0.0008404525688342858,25,10,10
45,3920,0.7750010262829262,0.00021177244000906943,0.22411933434416884,0.0006678669328963592,25,10,10
45,3921,0.7878141900396785,2.137187476863293e-05,0.20915318691926416,0.003011251166290091,25,10,10
45,3922,0.7273166272790276,9.46810935190667e-06,0.2610229222265233,0.011650982385098914,25,10,10
45,3923,0.7188384735688359,2.0624815718313547e-06,0.2691240999285945,0.012035364020996371,25,10,10
45,3924,0.7101186176332892,3.34697216217781e-05,0.2582800425787745,0.03156787006631116,25,10,10
45,3925,0.8176626363760898,1.6531357477205394e-05,0.15152448646350608,0.030796345802924875,25,10,10
45,3926,0.7451973731255666,8.856742758826001e-05,0.1753268235053989,0.07938723594144603,25,10,10
45,3927,0.7579217743474207,4.183198638760127e-05,0.1576632025953457,0.08437319107084486,25,10,10
45,3928,0.7778424463677913,5.1022045326424025e-05,0.16326928032774837,0.05883725125913645,25,10,10
45,3929,0.8047441507441657,6.0649543392114015e-05,0.14882955989134755,0.04636563982109787,25,10,10
45,3930,0.8089169147584296,0.0007999707355341325,0.15046784311723319,0.0398152713888031,25,10,10
45,3931,0.7250645096135261,2.5585303671828688e-06,0.23079933441953174,0.04413359743657938,25,10,10
45,3932,0.8233687069020142,8.449346436679177e-06,0.1722322973590742,0.004390546392474835,25,10,10
45,3933,0.8651833923609672,2.653208147502402e-05,0.13078338380969348,0.004006691747863885,25,10,10
45,3934,0.7730112085720618,2.823310219211287e-05,0.22293667482554805,0.004023883500199048,25,10,10
45,3935,0.8678585854930564,2.9964463709457347e-05,0.13194396232822392,0.00016748771500999646,25,10,10
45,3936,0.8362430736683153,9.235231045589157e-06,0.15586431950599575,0.007883371594642925,25,10,10
45,3937,0.8445402322397756,1.0294650262321794e-05,0.15319505942925318,0.0022544136807066736,25,10,10
45,3938,0.8272948577734768,1.0782593749480332e-05,0.17049039926503223,0.002203960367739523,25,10,10
45,3939,0.8704338733084103,8.615707107292365e-07,0.12745573655083267,0.002109528570045555,25,10,10
45,3940,0.8080169179886653,5.0396249382630164e-05,0.19162022772401233,0.00031245803793615617,25,10,10
45,3941,0.8847780790348159,2.067470712160282e-05,0.11509919872190214,0.00010204753615966096,25,10,10
45,3942,0.8598587023273186,2.0741741710813777e-05,0.13561215640644608,0.004508399524521764,25,10,10
45,3943,0.8474577236714665,1.123503715446322e-06,0.15252758664483715,1.3566179977643022e-05,25,10,10
45,3944,0.858626324649606,1.3399835149342867e-06,0.14135815255359677,1.4182813281934843e-05,25,10,10
45,3945,0.7992415881951912,2.718257966403126e-06,0.20066514507076544,9.054847607526205e-05,25,10,10
45,3946,0.8685680577020046,2.0296515165884746e-06,0.13135860249071551,7.131015576405392e-05,25,10,10
45,3947,0.8622858117413438,1.720126602009654e-06,0.13765015760317473,6.231052887923193e-05,25,10,10
45,3948,0.8450587024392756,0.00012110210976119107,0.1545469552960419,0.0002732401549199031,25,10,10
45,3949,0.8709787024865533,0.00010425030262146943,0.12497991341359706,0.003937133797228262,25,10,10
45,3950,0.8873649243943801,1.6476037957477198e-05,0.11220311612952177,0.0004154834381383267,25,10,10
45,3951,0.9055192864203702,2.336534638969399e-06,0.09424488326463643,0.00023349378035341446,25,10,10
45,3952,0.881590470375565,2.004380344150588e-06,0.11833137404266453,7.61512014268952e-05,25,10,10
45,3953,0.8690218588328772,4.3496622177896334e-06,0.13085012132748536,0.00012367017741998722,25,10,10
45,3954,0.8647453520347987,7.143490869682016e-06,0.1334721673986449,0.0017753370756865311,25,10,10
45,3955,0.9627137455971346,1.5502397966220435e-05,0.037210800225563896,5.9951779334726055e-05,25,10,10
45,3956,0.8682342655602366,1.6562839491749206e-05,0.10699566435200994,0.02475350724826059,25,10,10
45,3957,0.8013391480285057,1.5964692635618014e-05,0.1460198750070463,0.052625012271811905,25,10,10
45,3958,0.7529625010408462,2.9123098892536266e-05,0.20393898434907942,0.04306939151118244,25,10,10
45,3959,0.778879995408958,1.8936234710893753e-05,0.17890259677775616,0.04219847157857446,25,10,10
45,3960,0.7413719819788889,9.493084205730113e-05,0.21876089227765189,0.03977219490139972,25,10,10
45,3961,0.7964211136120212,1.759728583578604e-05,0.16090667018901045,0.04265461891313243,25,10,10
45,3962,0.8186151797055947,1.4000950473490331e-06,0.15393798803547612,0.02744543216388161,25,10,10
45,3963,0.8348059747093193,1.7206900623013701e-06,0.12265796965812446,0.042534334942492445,25,10,10
45,3964,0.8076020607041035,1.0641332915523668e-06,0.14979868678226432,0.04259818838033963,25,10,10
45,3965,0.8809560034518655,1.6146933172837577e-06,0.07704995845406183,0.04199242340075529,25,10,10
45,3966,0.8367565767884105,1.2418727574067016e-05,0.12011229361721082,0.04311871086680607,25,10,10
45,3967,0.8299940447205989,0.00010933654941472609,0.14087060098015342,0.029026017749831587,25,10,10
45,3968,0.833419604356248,0.00010587668103482439,0.16429620500139308,0.0021783139613236763,25,10,10
45,3969,0.8335388296061069,0.00033977808955231337,0.16585012611850972,0.0002712661858311939,25,10,10
45,3970,0.8815120352212983,6.013899322817291e-05,0.11806975172374645,0.00035807406172540685,25,10,10
45,3971,0.8730818391033834,2.6088714193684195e-05,0.12653122482763582,0.00036084735478721206,25,10,10
45,3972,0.804137036369267,0.00018427720393474688,0.19346083174370413,0.002217854683092693,25,10,10
45,3973,0.812885356668011,4.8926765623224215e-05,0.1867459018774004,0.0003198146889628775,25,10,10
45,3974,0.8288289080247903,2.8875132899887835e-05,0.17077161445556313,0.00037060238674559674,25,10,10
45,3975,0.8799785942683299,2.586740639035091e-06,0.1166064754360669,0.0034123435549646055,25,10,10
45,3976,0.8205125648607605,1.8858869330601111e-06,0.1791642784410051,0.0003212708112992628,25,10,10
45,3977,0.9068181845510653,1.4943088923240902e-06,0.057853550962426,0.0353267701776169,25,10,10
45,3978,0.8548664073815424,6.410536262541138e-06,0.10854080182122894,0.03658638026096505,25,10,10
45,3979,0.9063238911362087,9.098261604369685e-08,0.0572835699220072,0.03639244795916837,25,10,10
45,3980,0.8793104194784478,2.6495358789880005e-06,0.08770753596123473,0.032979395024437884,25,10,10
45,3981,0.8472146928775492,9.784739048296233e-06,0.11307001714803838,0.03970550523536351,25,10,10
45,3982,0.8411153383606295,7.809489068481418e-06,0.11870128920451573,0.04017556294578404,25,10,10
45,3983,0.8707557326518112,1.8085780153008778e-05,0.08938252320145378,0.039843658366581505,25,10,10
45,3984,0.8406991247400889,4.414078958698832e-05,0.11556903199655903,0.04368770247376468,25,10,10
45,3985,0.7859626785246868,4.75586180379925e-05,0.1866210140502567,0.02736874880701758,25,10,10
45,3986,0.8278937327704113,3.1440556465783146e-06,0.16338088754418714,0.008722235629754384,25,10,10
45,3987,0.8317166544670548,3.897135426313936e-05,0.16624023697769993,0.002004137200980688,25,10,10
45,3988,0.8258127033468257,0.00038148586990880806,0.14228292542082654,0.03152288536243781,25,10,10
45,3989,0.766938522078372,0.0008767899974935599,0.19784383211862644,0.03434085580550607,25,10,10
45,3990,0.7913005494522438,0.0008712514663171772,0.16503360127189132,0.04279459780954821,25,10,10
45,3991,0.8419658204564071,3.8009903167564573e-06,0.11182775067059657,0.04620262788267986,25,10,10
45,3992,0.7948211172920194,7.056937528232063e-06,0.16496897927963242,0.040202846490818823,25,10,10
45,3993,0.7500273236192656,1.541094680446798e-06,0.2056867557119139,0.04428437957413849,25,10,10
45,3994,0.7869612964771001,8.360231360324133e-07,0.1709519986717015,0.04208586882806156,25,10,10
45,3995,0.7938501783547371,1.2145402658198254e-06,0.16795686676576654,0.038191740339232096,25,10,10
45,3996,0.7636324292225533,4.180482052201534e-05,0.1980793803130905,0.038246385643835576,25,10,10
45,3997,0.8263418706514352,4.1322700079556695e-06,0.13555666280613432,0.03809733427242022,25,10,10
45,3998,0.8204056712414345,1.4552319295159806e-05,0.14153848703638672,0.03804128940288175,25,10,10
45,3999,0.7936563073591472,3.881961651460872e-05,0.17864136569257705,0.02766350733176108,25,10,10
45,4000,0.8667941357420661,3.2956684399816697e-06,0.07191231379942088,0.06129025479007297,25,10,10
45,4001,0.8253075364938549,1.7699474748388277e-05,0.09509558753185111,0.07957917649954604,25,10,10
45,4002,0.7066702921621014,1.5599481773141022e-05,0.21384536342924854,0.0794687449268743,25,10,10
45,4003,0.7934805411547058,2.1701965365902957e-05,0.16027328187847034,0.04622447500145638,25,10,10
45,4004,0.7829372524727005,3.028977337386601e-06,0.17346336789352915,0.043596350656432276,25,10,10
45,4005,0.6901513340919101,0.01043848494778884,0.22974607423768453,0.06966410672261636,25,10,10
45,4006,0.6993844434011597,0.01042144987030521,0.23758386252512118,0.052610244203412614,25,10,10
45,4007,0.7527980143617071,0.010377399966500486,0.23367206584474684,0.0031525198270429856,25,10,10
45,4008,0.8594005627058438,0.009203614672908035,0.13125436175573102,0.00014146086551658415,25,10,10
45,4009,0.8533690938536682,0.0009067807844738497,0.14541137399857829,0.000312751363279238,25,10,10
45,4010,0.858086385987925,1.7224171958243214e-05,0.14165622835882902,0.00024016148128717731,25,10,10
45,4011,0.7761749331539552,8.186488808135176e-06,0.21155601074747385,0.01226086960976074,25,10,10
45,4012,0.8256405941761872,8.199673264170586e-07,0.16235427609242728,0.012004309764058151,25,10,10
45,4013,0.8480761872318782,1.4106009215959874e-06,0.14556716578507153,0.0063552363821281046,25,10,10
45,4014,0.8763385865147427,1.1562109379216068e-06,0.11753803190537951,0.006122225368940037,25,10,10
45,4015,0.8681583296880401,1.9028782235688653e-06,0.12090393404864322,0.010935833385092521,25,10,10
45,4016,0.7970178500974069,9.550166645634508e-07,0.19204268989791004,0.010938504988019508,25,10,10
45,4017,0.877546116932573,1.0408117903803527e-05,0.12236665698554416,7.681796397960935e-05,25,10,10
45,4018,0.8803374279427851,9.180653148675497e-07,0.11950390097351182,0.00015775301838922794,25,10,10
45,4019,0.8730821461421425,1.3474647599153732e-05,0.12332846588954689,0.0035759133207112683,25,10,10
45,4020,0.7656364109899587,3.275076505175176e-05,0.23391656568329036,0.0004142725617028356,25,10,10
45,4021,0.736362741806684,4.192731695464338e-05,0.2634110636806778,0.00018426719568154996,25,10,10
45,4022,0.7337298040842255,0.0007349427007850133,0.2615406521414477,0.003994601073539862,25,10,10
45,4023,0.8200735971835623,1.6440027423561518e-05,0.17586885012328937,0.004041112665724175,25,10,10
45,4024,0.758631369054911,3.837403244463329e-05,0.23721494672575713,0.004115310186883812,25,10,10
45,4025,0.7456757103984343,6.111510286335237e-06,0.25417331439187074,0.00014486369940786806,25,10,10
45,4026,0.7019033908004368,0.0005501966726947547,0.2974745409110156,7.187161584901334e-05,25,10,10
45,4027,0.6961153120807271,0.002171972760842927,0.30134540543494476,0.00036730972348407486,25,10,10
45,4028,0.6687839312971804,2.2381770326127794e-05,0.32775025459480056,0.0034434323376922676,25,10,10
45,4029,0.7857365276160843,1.0297949598511462e-06,0.2109324471803427,0.003329995408612116,25,10,10
45,4030,0.8711236881899096,0.002119262201962962,0.1235304954065162,0.0032265542016096127,25,10,10
45,4031,0.87029731439055,0.002467118111920229,0.1257287866530691,0.0015067808444593955,25,10,10
45,4032,0.8511744064461194,0.00033579232556792913,0.14645674872827824,0.002033052500031359,25,10,10
45,4033,0.8547575813751185,1.4151509539281977e-05,0.1450537809692403,0.00017448614610100432,25,10,10
45,4034,0.7416559343958897,4.531742082829252e-05,0.24496840902423905,0.013330339159040831,25,10,10
45,4035,0.6784422031914354,0.00028398848631621987,0.27771294885797,0.04356085946427745,25,10,10
45,4036,0.8145166464000423,7.364456616971138e-06,0.1452405617766589,0.040235427366682154,25,10,10
45,4037,0.8478162039751578,6.193848455603897e-07,0.11247542127662989,0.03970775536336661,25,10,10
45,4038,0.8162729907716065,1.272592086501318e-06,0.13930333258006788,0.044422404056238346,25,10,10
45,4039,0.8439207269972989,8.595953273492193e-07,0.11035212643329924,0.04572628697407339,25,10,10
45,4040,0.7732276259948431,1.1366935845874237e-05,0.15216086102766493,0.07460014604164512,25,10,10
45,4041,0.815437938165416,1.0405019880486801e-05,0.10488307696448362,0.0796685798502197,25,10,10
45,4042,0.8464374425948974,1.8442595503157186e-05,0.10998291007250632,0.04356120473709165,25,10,10
45,4043,0.905981045573472,1.6422143796221034e-06,0.054029210439681036,0.03998810177246788,25,10,10
45,4044,0.8827493553276586,5.744218297747574e-07,0.07719810333110753,0.04005196691940339,25,10,10
45,4045,0.8462549000761355,0.00015103231590159012,0.11030330165404342,0.0432907659539185,25,10,10
45,4046,0.8548164990146105,6.107881819310427e-07,0.1027382324224769,0.042444657774730485,25,10,10
45,4047,0.7649614134041448,3.1992750670296943e-06,0.1917343162903939,0.0433010710303908,25,10,10
45,4048,0.7467312181153631,4.2863238626170105e-06,0.20430007624658764,0.04896441931418403,25,10,10
45,4049,0.7397506453945611,5.545685546965776e-06,0.21104331995060138,0.049200488969289434,25,10,10
45,4050,0.8379072524458369,1.581676677782249e-05,0.11883885612195437,0.04323807466542997,25,10,10
45,4051,0.8607682573555371,1.915337872045474e-06,0.09603373222058387,0.04319609508600626,25,10,10
45,4052,0.8013925015322756,7.215975175958332e-08,0.15532346578543257,0.04328396052253651,25,10,10
45,4053,0.786154622498029,4.0696829763786405e-07,0.19866751225216622,0.015177458281504066,25,10,10
45,4054,0.8087315229338027,1.1539261399847486e-05,0.17599351912143493,0.0152634186833615,25,10,10
45,4055,0.7583044137438211,1.6081668974405588e-06,0.2296795863593949,0.012014391729884603,25,10,10
45,4056,0.8266613544844474,0.001686494362726844,0.1716013207963345,5.083035649145458e-05,25,10,10
45,4057,0.8426767780385301,0.00013784981557147768,0.15713010927768306,5.5262868214341675e-05,25,10,10
45,4058,0.7804965821317691,0.00012815422449492724,0.2193106786774685,6.458496626551628e-05,25,10,10
45,4059,0.7795723439840038,1.2775445621735263e-05,0.2184803695427855,0.0019345110275873051,25,10,10
45,4060,0.7688152231324843,0.00039703682396001553,0.22903998796258698,0.0017477520809676432,25,10,10
45,4061,0.8167091835099782,4.4151106403530416e-06,0.17972031929269086,0.0035660820866899425,25,10,10
45,4062,0.8185634576434512,2.7452440994482865e-05,0.17805432518531616,0.003354764730236849,25,10,10
45,4063,0.8599629405699509,0.0001352730010788187,0.13874763876111948,0.0011541476678475554,25,10,10
45,4064,0.8423373484279876,5.4113578767956795e-06,0.15641923539970004,0.0012380048144325292,25,10,10
45,4065,0.8534368504646941,2.0069581867536836e-05,0.1463559071072349,0.00018717284620050324,25,10,10
45,4066,0.8601649205000896,2.358492076196306e-05,0.13970913424195427,0.0001023603371921512,25,10,10
45,4067,0.8028144911923859,0.0026492236237070977,0.17982654961121508,0.014709735572692338,25,10,10
45,4068,0.8099666013583292,0.0026513130901758115,0.17416908914943757,0.013212996402057833,25,10,10
45,4069,0.8677588192827027,2.9652374023661848e-05,0.1321219955403825,8.953280289244801e-05,25,10,10
45,4070,0.846009666346228,2.9078180291920618e-06,0.1459646928722083,0.008022732963534472,25,10,10
45,4071,0.7570886055420284,2.5746901220284303e-06,0.2316391998097485,0.011269619958099407,25,10,10
45,4072,0.7750402141791584,2.375878529437732e-06,0.21690524162587463,0.00805216831643766,25,10,10
45,4073,0.798945735903933,2.3464579118079142e-06,0.17971713387789795,0.021334783760256926,25,10,10
45,4074,0.7349159597489486,4.113791878014579e-06,0.2559790533282321,0.009100873130943106,25,10,10
45,4075,0.7613244505359609,1.0178240863204095e-05,0.22213935041123845,0.016526020811935552,25,10,10
45,4076,0.7783393363137557,7.918054712359945e-07,0.21955644747034106,0.002103424410431309,25,10,10
45,4077,0.8539626284510803,0.0003752451584885604,0.1456149819159556,4.714447447367862e-05,25,10,10
45,4078,0.8987902195945466,0.0006857510135417841,0.09876438998254411,0.0017596394093663279,25,10,10
45,4079,0.8925680729303991,0.0006859703594159395,0.10335419074031948,0.0033917659698636726,25,10,10
45,4080,0.8384323925445912,0.0007001631763941266,0.16074413521278877,0.000123309066222778,25,10,10
45,4081,0.8314218832080313,1.0396432048309259e-05,0.1646621589068048,0.003905561453111711,25,10,10
45,4082,0.8317625687033581,3.3713330347933263e-07,0.16816599599122165,7.109817211402879e-05,25,10,10
45,4083,0.8225933899248968,0.00023850454609281767,0.16698827779538727,0.01017982773362283,25,10,10
45,4084,0.8707644883245511,0.00024036360724039317,0.1190145903210583,0.009980557747151125,25,10,10
45,4085,0.8594617501838644,0.00024896925279737004,0.13982649119019064,0.000462789373146895,25,10,10
45,4086,0.7157654501359028,2.059885563812609e-05,0.28298032470010315,0.001233626308355141,25,10,10
45,4087,0.7994905604151255,1.8899579362351913e-05,0.19986074191241238,0.0006297980930988746,25,10,10
45,4088,0.8619167127369516,1.5651747371259392e-05,0.13247567922607126,0.005591956289604556,25,10,10
45,4089,0.8770198936828594,6.14070396488565e-05,0.12140843501069093,0.0015102642667983225,25,10,10
45,4090,0.9002571439167119,6.141710270692124e-05,0.09910934115530232,0.0005720978252776991,25,10,10
45,4091,0.8405055157393392,0.00012227888148424502,0.15924162507561923,0.00013058030355472876,25,10,10
45,4092,0.838123250230062,1.7853663868648259e-06,0.16169939590546833,0.00017556849808392962,25,10,10
45,4093,0.8844851339618959,1.6946975868507005e-05,0.11537526960392809,0.00012264945830698406,25,10,10
45,4094,0.8488946663125446,1.7234714201315646e-05,0.1509614108906997,0.00012668808255366203,25,10,10
45,4095,0.8398660633185169,1.2157945174340546e-06,0.13085492231689627,0.02927779857006763,25,10,10
45,4096,0.8967773996880168,1.1647587856053792e-05,0.06369913947039174,0.03951181325373512,25,10,10
45,4097,0.8028655085316686,0.0008815732562138512,0.1685577831989407,0.027695135013176025,25,10,10
45,4098,0.6918807713884049,0.010351051780638897,0.27303459775048805,0.024733579080468183,25,10,10
45,4099,0.775106624016139,0.03693119290435578,0.16342192480223441,0.0245402582772702,25,10,10
45,4100,0.8162728089046598,0.036949836895987846,0.1104500594199232,0.03632729477942921,25,10,10
45,4101,0.8008523067433886,0.036917983946932416,0.15440575308891077,0.007823956220767396,25,10,10
45,4102,0.8404695617657729,0.008817261054365042,0.14292474523873852,0.007788431941123791,25,10,10
45,4103,0.8002696365941995,0.008817142000476867,0.18158726422546428,0.009325957179859196,25,10,10
45,4104,0.7788670728780046,0.008842218423795418,0.17226707456724058,0.040023634130960904,25,10,10
45,4105,0.6904756169726239,0.01881261723247739,0.2503626838078214,0.040349081987075965,25,10,10
45,4106,0.747939899765933,0.001459475819931613,0.2102781927095593,0.04032243170457476,25,10,10
45,4107,0.7211459741468722,0.009566276074238243,0.22903918508687518,0.04024856469201201,25,10,10
45,4108,0.6509471080276589,7.227634634860971e-05,0.3063803601651776,0.04260025546081266,25,10,10
45,4109,0.6773339562232747,7.401559450911166e-05,0.292932914937764,0.02965911324445398,25,10,10
45,4110,0.7348981555700058,0.00012194741187587142,0.21339820399257192,0.05158169302554721,25,10,10
45,4111,0.733375070843816,0.0004882860028865995,0.1968109058772195,0.06932573727607654,25,10,10
45,4112,0.7787443354107151,6.948185626103404e-05,0.17447456211587153,0.04671162061715371,25,10,10
45,4113,0.818220284847815,1.6637206378172352e-06,0.17384133215393535,0.007936719277612693,25,10,10
45,4114,0.7470329148106863,7.032037174782017e-05,0.2279157301243001,0.0249810346932651,25,10,10
45,4115,0.8043078145930929,8.130205517649815e-05,0.15590050931653546,0.03971037403519318,25,10,10
45,4116,0.7092165739497699,9.022379313476626e-05,0.1836983650585152,0.10699483719857866,25,10,10
45,4117,0.6520740571353556,0.00015273141198984054,0.27428378816161797,0.07348942329103403,25,10,10
45,4118,0.7727493905587938,8.436259620880527e-05,0.20199154254870988,0.025174704296284565,25,10,10
45,4119,0.7718552533870471,3.3858849602829394e-05,0.1864147378389381,0.0416961499244107,25,10,10
45,4120,0.7593906887911754,1.979217450368914e-05,0.17841720367281244,0.06217231536150951,25,10,10
45,4121,0.7632079291868915,2.9311582125251175e-05,0.20757192347091155,0.02919083576007399,25,10,10
45,4122,0.829033841406044,9.51109593792642e-06,0.17039807217937497,0.0005585753186426145,25,10,10
45,4123,0.8753579910856419,4.2066726248978605e-05,0.12439399883799065,0.00020594335011694866,25,10,10
45,4124,0.8191878650490466,4.759983527387305e-05,0.18041071260870845,0.00035382250697058465,25,10,10
45,4125,0.7915123557875152,8.287161015630261e-06,0.17414415754442022,0.03433519950704941,25,10,10
45,4126,0.79961992884154,2.6580596636480696e-05,0.1671982979647101,0.033155192597110805,25,10,10
45,4127,0.8958690881037096,1.28262937726159e-05,0.07650108604216918,0.027616999560348406,25,10,10
45,4128,0.8811522190617533,0.00010064150538040884,0.11849218819612096,0.0002549512367434308,25,10,10
45,4129,0.7926144432847749,0.007272009140750162,0.19961481444393148,0.0004987331305436903,25,10,10
45,4130,0.8940632052279887,0.0071759355009980395,0.09833959075377104,0.0004212685172423496,25,10,10
45,4131,0.8562092470330412,0.007637195656067193,0.1310906358079692,0.005062921502921372,25,10,10
45,4132,0.840578690638734,0.010034065703175355,0.14898383574835086,0.00040340790973763846,25,10,10
45,4133,0.872300121337783,0.010011817095962872,0.11211023159558967,0.005577829970664098,25,10,10
45,4134,0.8188971412606084,4.216466381960352e-05,0.172123894155501,0.008936799920070094,25,10,10
45,4135,0.7486843048571465,1.3762008962550144e-06,0.23647856381749788,0.014835755124458814,25,10,10
45,4136,0.8624790059257669,2.268522055785595e-06,0.1374463614511266,7.236410104908455e-05,25,10,10
45,4137,0.884876695065881,7.257664266003694e-07,0.11234295924148503,0.0027796199262077985,25,10,10
45,4138,0.8472243113002665,7.579558079044822e-06,0.1476687805422299,0.00509932859942368,25,10,10
45,4139,0.8347750461470815,0.000562377654107571,0.16182465505868332,0.00283792114012816,25,10,10
45,4140,0.8808587633920544,1.458574098490095e-05,0.11817203870365821,0.0009546121633024493,25,10,10
45,4141,0.8713510433391566,1.2830530505186e-05,0.12830578003690815,0.0003303460934295827,25,10,10
45,4142,0.8823652326815583,1.2755135945492359e-05,0.11740493312579173,0.00021707905670485906,25,10,10
45,4143,0.866727501670574,2.605029187046502e-06,0.12968801925363227,0.003581874046605564,25,10,10
45,4144,0.8671156379423848,6.653138338776616e-07,0.1293165737927456,0.0035671229510352946,25,10,10
45,4145,0.9035886179628295,1.2270194584456902e-06,0.0962256937004112,0.0001844613172999429,25,10,10
45,4146,0.8986018515622481,1.314421420324189e-06,0.101213789002742,0.0001830450135894595,25,10,10
45,4147,0.8813095594386354,1.1372759578825184e-06,0.11791825257296869,0.0007710507124352197,25,10,10
45,4148,0.9188254991774499,8.713243699774173e-07,0.08050402380930216,0.0006696056888783514,25,10,10
45,4149,0.9157798426846273,1.6299388101305458e-06,0.08417300095997399,4.5526416587367864e-05,25,10,10
45,4150,0.85964616955711,1.9532078364005897e-06,0.11601549151937957,0.02433638571567419,25,10,10
45,4151,0.8396600187782787,1.2808765667147779e-06,0.11471223556848537,0.04562646477666863,25,10,10
45,4152,0.8364137734736994,1.3337209044424278e-06,0.11718726888465213,0.0463976239207451,25,10,10
45,4153,0.8504510899442727,1.639543482586841e-05,0.10956991041815776,0.03996260420274214,25,10,10
45,4154,0.8680483589058217,6.510085468189546e-07,0.09201446481871396,0.03993652526691747,25,10,10
45,4155,0.8832423753497746,9.73646613588977e-07,0.07349739148590789,0.04325925951770464,25,10,10
45,4156,0.880882692356044,1.2006478302603927e-05,0.07937556216175085,0.039729739003903,25,10,10
45,4157,0.7975369420126512,0.00030503431430871386,0.1620376145819845,0.04012040909105388,25,10,10
45,4158,0.7777929433602544,0.00024283477883239274,0.18220302170101937,0.039761200159892325,25,10,10
45,4159,0.7399491423255248,2.0121661862653605e-06,0.21907713225625816,0.04097171325203079,25,10,10
45,4160,0.8073713652216677,1.687506703567573e-06,0.15263472273051165,0.03999222454111669,25,10,10
45,4161,0.8643438119306129,1.3145440069709555e-05,0.100387446307511,0.03525559632180557,25,10,10
45,4162,0.8560131459112366,2.4558849639270854e-06,0.10547294841155816,0.03851144979224158,25,10,10
45,4163,0.8444048715708605,0.0003489872354686446,0.12887900569678393,0.026367135496886965,25,10,10
45,4164,0.897913227847872,0.000331795881786514,0.10116793566502129,0.0005870406053204691,25,10,10
45,4165,0.812005666158861,0.00033233442411603016,0.18545255264933963,0.0022094467676832623,25,10,10
45,4166,0.8292740176177911,0.0003927625600116274,0.17029456726816225,3.8652554035946185e-05,25,10,10
45,4167,0.792429422328155,6.456721693737703e-05,0.2053255657636962,0.002180444691212557,25,10,10
45,4168,0.7514859982125982,6.016385460742959e-06,0.24606175404676175,0.002446231355180303,25,10,10
45,4169,0.7949684702729459,2.4078378296088104e-06,0.20485889837438356,0.00017022351484233722,25,10,10
45,4170,0.7709112625960804,0.0006114295316221703,0.22024319451392238,0.008234113358373641,25,10,10
45,4171,0.8042418604205561,0.0006107224945976349,0.1868559670508566,0.008291450033989182,25,10,10
45,4172,0.8638377380358057,3.296476141786717e-06,0.13601538721944595,0.00014357826860634818,25,10,10
45,4173,0.8630373032508806,1.2077074511367466e-06,0.13669534741344508,0.0002661416282218694,25,10,10
45,4174,0.8477602600029205,2.7088114088885944e-06,0.140407299899896,0.01182973128577337,25,10,10
45,4175,0.8551429476550945,2.65578447433367e-06,0.13303119006945616,0.01182320649097418,25,10,10
45,4176,0.839294180011996,1.6586352176100653e-05,0.1605929606786598,9.62729571676524e-05,25,10,10
45,4177,0.8203572092244946,1.750362583759234e-06,0.1760872894635373,0.0035537509493820453,25,10,10
45,4178,0.8271582749648264,1.3258526971685212e-05,0.16548440926640473,0.0073440572417964554,25,10,10
45,4179,0.880357761764987,5.611042283761264e-05,0.11742497871951803,0.002161149092654609,25,10,10
45,4180,0.9374324849051154,1.0452116471296348e-06,0.06003188479181275,0.002534585091424481,25,10,10
45,4181,0.9265663786038243,1.1989876935395629e-05,0.06561255097523642,0.007809080544003152,25,10,10
45,4182,0.8675247723875096,6.624218884289763e-06,0.12676000778886765,0.00570859560473767,25,10,10
45,4183,0.8318203387382685,1.0468418072772086e-05,0.1674623683293509,0.0007068245143068412,25,10,10
45,4184,0.7636931668011147,1.2547390552007901e-05,0.23595926886471377,0.00033501694361736376,25,10,10
45,4185,0.7980518446863674,2.974636855802443e-06,0.12278565470277174,0.07915952597400444,25,10,10
45,4186,0.7878772518233452,9.544749538498417e-07,0.12891912708271291,0.08320266661898558,25,10,10
45,4187,0.7812237485555495,2.913326567294332e-06,0.135637444650259,0.0831358934676231,25,10,10
45,4188,0.8379129616283901,3.6505246052231515e-06,0.07672121890265057,0.08536216894435351,25,10,10
45,4189,0.8745078845877765,1.935100466743583e-06,0.03715216016679424,0.08833802014496206,25,10,10
45,4190,0.7345491413750199,0.00028630610087126187,0.19039049771923636,0.07477405480487459,25,10,10
45,4191,0.7700524004937108,0.0032718211548643855,0.1721428953184288,0.05453288303299529,25,10,10
45,4192,0.7989111851068883,4.840029058690287e-05,0.1543251591822113,0.04671525542031409,25,10,10
45,4193,0.8177753806748821,1.4980596232381132e-05,0.10611466581305054,0.07609497291583532,25,10,10
45,4194,0.7210603949459479,2.361861963228327e-06,0.23385283500750853,0.04508440818458008,25,10,10
45,4195,0.8410032498170708,1.0285168517928775e-06,0.11887745957617607,0.040118262089902726,25,10,10
45,4196,0.8763732701875583,1.7782763945500644e-07,0.08391913253437444,0.03970741945042746,25,10,10
45,4197,0.7459229074321142,1.5490562207118617e-06,0.21438585414974975,0.03968968936191744,25,10,10
45,4198,0.6893483469426583,3.0457189024710282e-05,0.2633341664955731,0.04728702937274409,25,10,10
45,4199,0.8567928561098058,1.8528147527154504e-05,0.1365158163070989,0.006672799435565827,25,10,10
45,4200,0.8334293789617548,1.9404852724338876e-05,0.15980560883850084,0.00674560734702022,25,10,10
45,4201,0.8554122247951486,1.2275298109986186e-06,0.1379325685886613,0.006653979086380325,25,10,10
45,4202,0.8224532182109823,3.458627261380953e-05,0.17088227627670494,0.006629919239698345,25,10,10
45,4203,0.8835072346587374,4.645307067065627e-05,0.11609214052383558,0.0003541717467576354,25,10,10
45,4204,0.8823479733510964,2.065196438892709e-05,0.11733220809925006,0.00029916658526325573,25,10,10
45,4205,0.8164944551161721,1.1649302289814584e-05,0.1557044342581351,0.027789461323401973,25,10,10
45,4206,0.8222074085428278,7.183819586260088e-07,0.13641315328080483,0.041378719794407035,25,10,10
45,4207,0.8003097921606128,8.308253121924492e-06,0.1596559090415668,0.040025990544696625,25,10,10
45,4208,0.7848395449577994,3.0805904713501148e-06,0.1751063090733309,0.0400510653783971,25,10,10
45,4209,0.7999915267543908,4.026210445082886e-06,0.15647543423027563,0.04352901280488831,25,10,10
45,4210,0.8554284199327976,1.1364591509968458e-05,0.10449457317356986,0.040065642302123054,25,10,10
45,4211,0.849258700590758,2.1265226667509813e-06,0.10893233914228069,0.041806833744292816,25,10,10
45,4212,0.8258475659074,0.00018485931644410248,0.13756609881184034,0.03640147596431472,25,10,10
45,4213,0.8618900159862533,5.238698154758507e-07,0.10118558229203428,0.03692387785189732,25,10,10
45,4214,0.8473204401607842,2.788103657359414e-07,0.11587499513751587,0.03680428589133456,25,10,10
45,4215,0.8080141408201511,4.7718154199637596e-05,0.15501408309459788,0.036924057931049796,25,10,10
45,4216,0.7301477566150664,4.163798086420331e-05,0.24479907032131487,0.02501153508275293,25,10,10
45,4217,0.8225589591361896,2.3456951314595116e-06,0.17015753950481632,0.007281155663861763,25,10,10
45,4218,0.8214148583391477,1.8464207833472233e-06,0.17840112798336213,0.0001821672567032946,25,10,10
45,4219,0.8374340654210773,6.823356451892743e-07,0.16248293397202715,8.2318271248928e-05,25,10,10
45,4220,0.767511081782001,1.3508535401603825e-05,0.23221918188090968,0.0002562278016888119,25,10,10
45,4221,0.7478806587678594,5.728217398112881e-05,0.25168019160543914,0.00038186745272045957,25,10,10
45,4222,0.8413676685325653,3.8981583125528094e-05,0.15841238196648125,0.0001809679178283909,25,10,10
45,4223,0.8563406457604503,2.1089438398242365e-05,0.14336185229372303,0.0002764125074276553,25,10,10
45,4224,0.874876299418342,5.209428999856148e-07,0.12351849820194065,0.0016046814368176592,25,10,10
45,4225,0.8112520810266608,4.4118554625196674e-05,0.1870351403778038,0.0016686600409129256,25,10,10
45,4226,0.8421220364858972,2.831393563199043e-05,0.1576613517014414,0.0001882978770281205,25,10,10
45,4227,0.8596990710492899,4.085224698015407e-05,0.14003283638090913,0.00022724032281782924,25,10,10
45,4228,0.8880677830012544,1.1415899488452607e-06,0.11192372293372492,7.3524750707273784e-06,25,10,10
45,4229,0.9243732294799427,1.5769684770887564e-05,0.07547687384218929,0.00013412699309722643,25,10,10
45,4230,0.8688978892895052,2.840836795717337e-05,0.12764265323593613,0.0034310491066015065,25,10,10
45,4231,0.8809458733805823,5.376751758207155e-07,0.1117421661350728,0.007311422809169572,25,10,10
45,4232,0.9033791660729003,5.709505394857935e-07,0.09324973869421167,0.0033705242823493936,25,10,10
45,4233,0.8823652269634692,1.6951849759334338e-06,0.11747442047187302,0.00015865737967889993,25,10,10
45,4234,0.8845044395967038,7.712885020081285e-06,0.11541346361921007,7.43838990648279e-05,25,10,10
45,4235,0.8722820863444527,7.5080199086452745e-06,0.1267666363713979,0.0009437692642404554,25,10,10
45,4236,0.8684920054517007,4.047366259749055e-06,0.13019326664299716,0.0013106805390394277,25,10,10
45,4237,0.8320035483174353,2.3201263645016467e-05,0.16785872117205605,0.00011452924686563644,25,10,10
45,4238,0.923309514164067,5.975411003406757e-06,0.07538592870397126,0.0012985817209581337,25,10,10
45,4239,0.8598294126683832,2.0646846359853023e-05,0.13982107209446046,0.00032886839079660657,25,10,10
45,4240,0.7966587803321166,1.4167839016602576e-05,0.20279859722492927,0.0005284546039356165,25,10,10
45,4241,0.8466722196383472,9.188728055569296e-06,0.15018007211606688,0.0031385195175316844,25,10,10
45,4242,0.820430941138008,1.8149326743623205e-05,0.17919338566012868,0.00035752387511903626,25,10,10
45,4243,0.816634823967143,1.203756316914039e-05,0.1830068926945042,0.00034624577518431335,25,10,10
45,4244,0.7158464432217128,3.563745828391031e-05,0.24410817541495444,0.04000974390505086,25,10,10
45,4245,0.7642326434493836,0.00011371294301627917,0.2351097890277379,0.00054385457986326,25,10,10
45,4246,0.7974979002897418,4.7078874851852175e-05,0.20210639399431396,0.0003486268410910971,25,10,10
45,4247,0.8719688641517496,0.0004725735999053241,0.12535890058261143,0.0021996616657338516,25,10,10
45,4248,0.8039387409380891,0.0004731849978406561,0.18781581512361012,0.00777225894045939,25,10,10
45,4249,0.8635659025100579,1.642250855731557e-05,0.13614762362765995,0.00027005135372448063,25,10,10
45,4250,0.8593671048131454,2.1038040371793374e-06,0.14053042732962873,0.00010036405318892198,25,10,10
45,4251,0.8366586256004325,1.667944701030127e-05,0.16263308548716482,0.0006916094653928194,25,10,10
45,4252,0.8425085594160554,2.7737970707706486e-05,0.1200286724294826,0.03743503018375526,25,10,10
45,4253,0.8324269873842287,0.0003800643005158521,0.12688857169432002,0.04030437662093418,25,10,10
45,4254,0.866093410064516,0.0003804204503516597,0.09359893959248948,0.03992722989264359,25,10,10
45,4255,0.8925486589685218,1.0710389815919426e-07,0.06739697078814019,0.040054263139439036,25,10,10
45,4256,0.8672436812733284,1.1288733720953507e-05,0.09284582745061581,0.03989920254233518,25,10,10
45,4257,0.8077925713961979,2.11359883176937e-05,0.15895683377401157,0.03322945884147357,25,10,10
45,4258,0.8187761764714153,1.2901771473000695e-05,0.14755501293363385,0.03365590882347678,25,10,10
45,4259,0.8056196049706575,8.653697132533754e-06,0.1521656381111242,0.04220610322108599,25,10,10
45,4260,0.9137350442098622,7.308766395796664e-05,0.06864973366954262,0.017542134456637156,25,10,10
45,4261,0.8514071810741892,2.5884122227842734e-05,0.10642480288636952,0.04214213191721229,25,10,10
45,4262,0.8011720980461076,1.1070114013211951e-05,0.1479362784345914,0.05088055340528843,25,10,10
45,4263,0.7798739984979608,2.2946335785563746e-05,0.14025547010570835,0.07984758506054551,25,10,10
45,4264,0.7874374629108553,0.00023296118962202572,0.1324819836168329,0.07984759228268938,25,10,10
45,4265,0.7866444312543466,2.2814848583335394e-05,0.17315678083485536,0.040175973062211184,25,10,10
45,4266,0.7863401266019823,1.1408108886040699e-05,0.18225209865420866,0.03139636663492287,25,10,10
45,4267,0.7955683172562895,1.3817935365601786e-05,0.17012061354425256,0.03429725126409234,25,10,10
45,4268,0.7966955427380866,1.5561391388399228e-05,0.19362211664956663,0.009666779220957857,25,10,10
45,4269,0.8848725527504249,2.4160669992464285e-05,0.11506478464951303,3.8501930071157713e-05,25,10,10
45,4270,0.898307576715739,1.8544172485627764e-05,0.10009525813536457,0.0015786209764135147,25,10,10
45,4271,0.7956705629482758,3.737428892353495e-05,0.20419833937763854,9.372338515944072e-05,25,10,10
45,4272,0.780552689529638,2.771915761776088e-05,0.21932869657119142,9.089474155153354e-05,25,10,10
45,4273,0.7151570542278332,3.688034892951747e-05,0.28463412656154774,0.00017193886169044342,25,10,10
45,4274,0.8619947444791001,0.0002573444030819203,0.11338410653538458,0.02436380458243232,25,10,10
45,4275,0.8151542051408295,2.578665257457908e-05,0.14516082192970528,0.0396591862768905,25,10,10
45,4276,0.8100011453931633,2.8523283287007195e-06,0.1890203042505852,0.0009756980279231535,25,10,10
45,4277,0.8767791115738869,5.0183749012502e-07,0.11908648040402207,0.004133906184601088,25,10,10
45,4278,0.8524985121072788,3.784940173067478e-05,0.14032065365094643,0.007142984840042998,25,10,10
45,4279,0.7916871581943339,0.0002061381410150255,0.2002568656893166,0.007849837975337065,25,10,10
45,4280,0.8310375194384431,1.4998527249023623e-06,0.16875802443197305,0.00020295627686097204,25,10,10
45,4281,0.8923861993060278,2.284840225819668e-06,0.09999466809226154,0.007616847761485647,25,10,10
45,4282,0.8955951003854996,2.5307385434642875e-06,0.07723786158717606,0.027164507288781645,25,10,10
45,4283,0.8832463114051545,1.006420926619556e-05,0.09188777830817571,0.024855846077403133,25,10,10
45,4284,0.8337466524323266,2.242584687774256e-06,0.15024886535453566,0.016002239628448153,25,10,10
45,4285,0.7986619308833802,2.9027955320016e-06,0.19357037803248006,0.00776478828860594,25,10,10
45,4286,0.8366129026863655,1.8341653406912458e-06,0.12695735447716233,0.03642790867113032,25,10,10
45,4287,0.8677382349728648,7.269724742936444e-06,0.09243949180760674,0.039815003494784354,25,10,10
45,4288,0.8036030037060372,2.90767021929816e-05,0.15639992215086493,0.03996799744090604,25,10,10
45,4289,0.7573831134497854,5.801192436976047e-05,0.19708517722241553,0.04547369740343082,25,10,10
45,4290,0.8683218702146998,1.8053994111519249e-06,0.12043263163106799,0.011243692754819994,25,10,10
45,4291,0.79718719758425,1.2939797983180703e-05,0.19419256010882496,0.008607302508940047,25,10,10
45,4292,0.7949478194580155,4.522368603850643e-06,0.19619075107283845,0.008856907100543618,25,10,10
45,4293,0.8077651338306748,6.925292855059304e-05,0.19136587526547025,0.0007997379753048267,25,10,10
45,4294,0.7719003188661019,8.119192006995336e-05,0.18761292364010868,0.040405565573717876,25,10,10
45,4295,0.804995130486891,7.01281345023936e-05,0.15818961749039373,0.03674512388820992,25,10,10
45,4296,0.8173209588231026,0.03436040132916087,0.10866940961288502,0.039649230234849904,25,10,10
45,4297,0.8143913133231254,0.03435149081015136,0.12214648459533109,0.029110711271392562,25,10,10
45,4298,0.8212408366820906,0.03433378060519064,0.10437534518788094,0.0400500375248382,25,10,10
45,4299,0.8051160085988319,0.01270999808406791,0.1419305416584646,0.040243451658635854,25,10,10
45,4300,0.7872717708968936,0.03647049828929006,0.1327092835279952,0.04354844728581936,25,10,10
45,4301,0.7286857607478125,3.830313950742355e-05,0.2336210912204445,0.03765484489223698,25,10,10
45,4302,0.7406144284412695,2.8274161312914192e-05,0.22613283824752173,0.033224459149896184,25,10,10
45,4303,0.7055021640923306,2.5680596871127574e-05,0.25430360250068285,0.04016855281011592,25,10,10
45,4304,0.6547730148750052,0.0005256292945957174,0.29992480570846125,0.0447765501219367,25,10,10
45,4305,0.806991840999479,3.1614059103603514e-05,0.1564183352114512,0.036558209729966096,25,10,10
45,4306,0.8264434209049069,6.4448550916804645e-06,0.13353408419560267,0.04001605004439757,25,10,10
45,4307,0.8321267336865968,2.7527460692082263e-05,0.1281038325870348,0.039741906265675704,25,10,10
45,4308,0.863693402778524,5.017747490090628e-05,0.10852719329879423,0.02772922644778029,25,10,10
45,4309,0.8481376932719846,2.56995553678981e-05,0.11222114539765815,0.0396154617749898,25,10,10
45,4310,0.8197772563162861,5.651914247360632e-05,0.14046358866631892,0.03970263587491853,25,10,10
45,4311,0.8656523262414353,2.301378948635365e-06,0.08059555159135716,0.05374982078826021,25,10,10
45,4312,0.8050809162011302,2.513372422541302e-06,0.1410746627999554,0.053841907626490444,25,10,10
45,4313,0.7777924386431316,4.018169292644839e-05,0.18205700176400658,0.04011037789993503,25,10,10
45,4314,0.7568339133740437,1.0895376030559178e-06,0.170035684479009,0.0731293126093441,25,10,10
45,4315,0.7199556138904977,7.836114614377324e-06,0.24024901840866517,0.039787531586223036,25,10,10
45,4316,0.7974623267738149,4.9310628377127756e-06,0.16145194553345935,0.041080796629888325,25,10,10
45,4317,0.8528930683107236,4.563153211199096e-06,0.10631315475361058,0.040789213782455924,25,10,10
45,4318,0.8347827228305539,6.4944534026116226e-06,0.12429057152770236,0.0409202111883381,25,10,10
45,4319,0.8030902493029644,4.974302427496092e-06,0.15541199888344268,0.04149277751116664,25,10,10
45,4320,0.7844034311096467,3.4031806735196716e-06,0.1738102838053821,0.041782881904298075,25,10,10
45,4321,0.854758738233021,1.3382007706323113e-05,0.10377617814021897,0.04145170161905117,25,10,10
45,4322,0.8306052808475383,1.2444310853620398e-05,0.13879778159363554,0.030584493247973046,25,10,10
45,4323,0.7768175351316244,3.710481130000599e-05,0.2047075661606536,0.018437793896419936,25,10,10
45,4324,0.7957103582356178,6.624101633935156e-05,0.20179207629956308,0.002431324448477944,25,10,10
45,4325,0.7998898577947847,6.646312502491295e-05,0.19731984578751077,0.0027238332926790283,25,10,10
45,4326,0.9119190106874404,0.00047838700454355134,0.08759316264915426,9.439658859893512e-06,25,10,10
45,4327,0.8385993325782941,0.0005034873490854072,0.16071117233383128,0.00018600773879004804,25,10,10
45,4328,0.9149453242419924,3.492986094830731e-05,0.08482932289490512,0.00019042300215417856,25,10,10
45,4329,0.8367881936192382,3.4733979895425667e-05,0.16306840117140467,0.00010867122946094329,25,10,10
45,4330,0.8240764153223522,5.017658351190467e-07,0.17589275839357207,3.0324518241131086e-05,25,10,10
45,4331,0.8067557032399421,2.5073695824218774e-06,0.19305802541574324,0.00018376397473005165,25,10,10
45,4332,0.8725806148929507,2.2062860610274613e-06,0.12739595243281884,2.1226388167782547e-05,25,10,10
45,4333,0.8862167142096149,7.657931843296002e-06,0.11164149431190161,0.002134133546639583,25,10,10
45,4334,0.9078555576575753,2.1091016968453513e-05,0.09002661939071062,0.0020967319347454864,25,10,10
45,4335,0.820297487593605,8.30337127972818e-06,0.17763886160438858,0.00205534743072644,25,10,10
45,4336,0.7901825779565098,0.0004957117292959891,0.20566818590940378,0.0036535244047893605,25,10,10
45,4337,0.8119656476875261,1.0239022643263004e-05,0.18612565549784432,0.001898457791983415,25,10,10
45,4338,0.8140036424890965,2.5089950051492832e-06,0.18559553277146074,0.00039831574443800413,25,10,10
45,4339,0.8411046715607458,1.4191466268389995e-06,0.1549087710369086,0.00398513825572034,25,10,10
45,4340,0.8070120223350465,1.7029429750335713e-06,0.1872237477698483,0.005762526952130952,25,10,10
45,4341,0.9031505716221888,1.4326372170078053e-06,0.09682184260409538,2.6153136499032026e-05,25,10,10
45,4342,0.8020157465757966,1.1246080550565377e-05,0.1979028209329689,7.01864106806577e-05,25,10,10
45,4343,0.8335866539533852,7.593926189081372e-07,0.1664062517127931,6.334941200522562e-06,25,10,10
45,4344,0.809127994962756,0.0009570420256206283,0.1877459275009479,0.0021690355106770117,25,10,10
45,4345,0.8595466966446701,0.0005151310585251194,0.13740419336025653,0.002533978936549134,25,10,10
45,4346,0.8876867973312993,1.2581483915163846e-05,0.11180214199294629,0.0004984791918393248,25,10,10
45,4347,0.8877147139993155,1.4201878113332507e-05,0.11145888210089712,0.0008122020216736806,25,10,10
45,4348,0.8407310683038447,1.0502844820684894e-05,0.15271761375874116,0.0065408150925915865,25,10,10
45,4349,0.8908148370870638,1.0628372579421614e-05,0.10291787480327821,0.0062566597370787005,25,10,10
45,4350,0.9088067618453886,1.7676589695482067e-06,0.08525626262015766,0.0059352078754844285,25,10,10
45,4351,0.8194643719253514,5.290503078949027e-06,0.1700158874872612,0.010514450084306778,25,10,10
45,4352,0.8316437982907463,2.3900696889421225e-06,0.1602079841624547,0.008145827477108434,25,10,10
45,4353,0.851589594639994,0.0010371108088792654,0.14381822091410837,0.0035550736370169632,25,10,10
45,4354,0.8644015421178368,0.0010361509925192456,0.13034917299390977,0.0042131338957330025,25,10,10
45,4355,0.8467916923032461,1.931674677760334e-06,0.13733511021123723,0.015871265810839235,25,10,10
45,4356,0.8269339859844242,3.4481122916970402e-06,0.1679894462263723,0.005073119676912405,25,10,10
45,4357,0.8727375354830574,2.1024836129142296e-07,0.12716477846971264,9.747579886646737e-05,25,10,10
45,4358,0.9065981652092505,8.964693651212689e-07,0.08658726125093878,0.006813677070444003,25,10,10
45,4359,0.8676548730871483,1.0764458260616881e-05,0.13222804455654155,0.00010631789804764094,25,10,10
45,4360,0.8383615732898071,9.884227040631352e-05,0.15874574084587578,0.0027938435939104033,25,10,10
45,4361,0.7972831540514246,9.963214396302631e-05,0.19893767513186092,0.0036795386727514856,25,10,10
45,4362,0.8732541343869497,8.98005851054981e-05,0.12474521049613724,0.0019108545318085963,25,10,10
45,4363,0.8051275555279086,8.996838551842937e-05,0.18747315091618122,0.007309325170392177,25,10,10
45,4364,0.8193515896235801,3.952316200982321e-06,0.17305210875635202,0.007592349303864865,25,10,10
45,4365,0.8233156469687946,7.491603504764239e-05,0.17375742163023247,0.002852015365924091,25,10,10
45,4366,0.848029849959781,7.353440255165992e-05,0.15144491316236336,0.00045170247530341637,25,10,10
45,4367,0.8313351010818316,8.845623628532362e-07,0.16829453395128116,0.00036948040452355196,25,10,10
45,4368,0.849743459949671,1.3265063771417313e-06,0.14988929371680412,0.0003659198271464973,25,10,10
45,4369,0.8073917064113533,3.997842510867502e-06,0.18877962891451386,0.003824666831619086,25,10,10
45,4370,0.8038423255262286,1.1712997766336474e-05,0.18935889845439338,0.006787063021611945,25,10,10
45,4371,0.8340910194488594,9.132890867397904e-06,0.16116462765361586,0.004735220006656478,25,10,10
45,4372,0.8597617098637583,6.146546950263393e-07,0.13221089784461595,0.008026777636929217,25,10,10
45,4373,0.9019451500993653,6.158901905015761e-07,0.09055612140397613,0.007498112606467449,25,10,10
45,4374,0.8172932605300923,0.00032192042151267997,0.16798266969086778,0.01440214935752854,25,10,10
45,4375,0.8682029361841128,1.4633421036418877e-06,0.1232637864960784,0.00853181397770317,25,10,10
45,4376,0.84145300905443,1.1485006464731358e-06,0.15841063845705716,0.00013520398786604816,25,10,10
45,4377,0.8797494398885154,3.913307939728324e-05,0.12019191484352695,1.9512188559360832e-05,25,10,10
45,4378,0.8833448736404531,1.6794861380156948e-06,0.1162799067494815,0.0003735401239270208,25,10,10
45,4379,0.8182652434468598,1.8707768232724196e-05,0.17813171092287622,0.003584337862026985,25,10,10
45,4380,0.8514430425638515,3.135626156119373e-06,0.14847267041330361,8.115139668684934e-05,25,10,10
45,4381,0.8015525437300326,2.467067471425748e-06,0.16886665990041336,0.029578329302083164,25,10,10
45,4382,0.846103174665338,3.2205287874329273e-06,0.1536818488572386,0.0002117559486349882,25,10,10
45,4383,0.8645282755727457,4.260406256561877e-06,0.13542717810666985,4.028591432701369e-05,25,10,10
45,4384,0.84191706397745,4.808644023608792e-06,0.15802224915642932,5.587822209561022e-05,25,10,10
45,4385,0.7572760360516091,8.470087753435399e-05,0.242590198548092,4.9064522766625754e-05,25,10,10
45,4386,0.8391771994889633,1.3766260068483601e-05,0.16077906653213805,2.9967718830913534e-05,25,10,10
45,4387,0.8458949836942411,2.5075038805852115e-06,0.11464571773946236,0.03945679106241408,25,10,10
45,4388,0.8542572859583625,2.472014281845612e-07,0.13525263964918752,0.01048982719101896,25,10,10
45,4389,0.893502876042507,1.326091999588288e-05,0.10618946302222106,0.0002944000152756239,25,10,10
45,4390,0.8563507541783959,0.00033457072795296263,0.14172355494950648,0.0015911201441421593,25,10,10
45,4391,0.8914178974347321,0.0003479250014983946,0.10663193571891659,0.001602241844852267,25,10,10
45,4392,0.7943590902653141,0.00033557528659941533,0.16381262277579509,0.0414927116722903,25,10,10
45,4393,0.8397794964434704,0.00033431294531386947,0.12132355698663315,0.03856263362458159,25,10,10
45,4394,0.8131860698837033,5.495610683632044e-06,0.1493779506703249,0.03743048383528772,25,10,10
45,4395,0.763716576097348,1.2889892983949113e-05,0.19554560059519482,0.04072493341447131,25,10,10
45,4396,0.7381585019698013,1.6256776326589517e-06,0.22140219907213649,0.040437673280427244,25,10,10
45,4397,0.6432876688665928,7.826653890045476e-05,0.31604553578229466,0.040588528812210006,25,10,10
45,4398,0.7802018613701407,7.608124618735618e-05,0.17942624008371172,0.04029581729995936,25,10,10
45,4399,0.7095546756156924,0.00015732311161925432,0.28146825860724434,0.00881974266544254,25,10,10
45,4400,0.7136613138849945,7.635146672377649e-05,0.2795705076521552,0.006691826996123362,25,10,10
45,4401,0.809089380555583,1.978626556263375e-05,0.19056169895396022,0.00032913422489128845,25,10,10
45,4402,0.8179601743556699,1.008538740873692e-06,0.18163345388707128,0.0004053632185166786,25,10,10
45,4403,0.8158731706137904,2.628529902315451e-05,0.1838954722476538,0.0002050718395347139,25,10,10
45,4404,0.8547261634856177,2.001823108499695e-06,0.14235129145275138,0.0029205432385209424,25,10,10
45,4405,0.8212717657305362,0.00027727542726950873,0.17577234202897796,0.002678616813217298,25,10,10
45,4406,0.8024478753318754,0.0002761922354937991,0.19707940456181905,0.00019652787080991107,25,10,10
45,4407,0.7901468427384409,1.9810120721758783e-06,0.20970933174042605,0.00014184450905820444,25,10,10
45,4408,0.8234469322784783,8.681698053192784e-07,0.1764171843736183,0.00013501517809601682,25,10,10
45,4409,0.8016889058085286,3.457572863127798e-05,0.19826086946473423,1.564899810562437e-05,25,10,10
45,4410,0.7643648443387301,0.0015480913099209933,0.2335424979073696,0.0005445664439825647,25,10,10
45,4411,0.8677563961789998,0.00029155767575095553,0.13057804857048386,0.0013739975747649555,25,10,10
45,4412,0.7267620512217664,3.551689601122877e-05,0.27304813738809136,0.00015429449412964215,25,10,10
45,4413,0.7746791480255333,3.4514206789334776e-05,0.22467382717302786,0.0006125105946481485,25,10,10
45,4414,0.8663177632290678,3.0571985251699853e-06,0.13114033831655858,0.002538841255848787,25,10,10
45,4415,0.8763426306674524,2.1139059332355034e-05,0.12331051803457131,0.0003257122386447496,25,10,10
45,4416,0.8713230869199421,2.4684735168075686e-06,0.1282414278559659,0.0004330167505762551,25,10,10
45,4417,0.883259767951666,8.063891738430221e-06,0.11649958878878702,0.00023257936780921327,25,10,10
45,4418,0.8362395220187703,8.49120138380211e-06,0.1636846338949437,6.735288490184532e-05,25,10,10
45,4419,0.8256263287833092,2.1261031047609547e-05,0.1741833195524098,0.0001690906332357983,25,10,10
45,4420,0.8342014723400498,5.2800118846165754e-05,0.16544983268962837,0.00029589485147487807,25,10,10
45,4421,0.9424598386358619,1.3444175235249932e-05,0.057464281554104456,6.243563479796968e-05,25,10,10
45,4422,0.8977564145846914,1.415099269430533e-05,0.10031850235988587,0.0019109320627269072,25,10,10
45,4423,0.913229787452649,1.4827302136788487e-05,0.08468214138917295,0.0020732438560404297,25,10,10
45,4424,0.892003875037058,6.30561029076838e-05,0.10582783582602179,0.0021052330340122685,25,10,10
45,4425,0.9329534495496413,6.177146927660968e-05,0.06679233019310442,0.00019244878797713326,25,10,10
45,4426,0.8851768681487928,1.0062813384793514e-05,0.11475276374303232,6.030529478911208e-05,25,10,10
45,4427,0.8648089604159952,3.70264878072711e-05,0.1347057632403159,0.000448249855880059,25,10,10
45,4428,0.8916156190353723,2.5333613372705535e-05,0.10821197036304461,0.00014707698821067475,25,10,10
45,4429,0.9560327524338557,1.2518649625221725e-06,0.04365544931042026,0.00031054639076248024,25,10,10
45,4430,0.8967862247153393,9.386054322635982e-05,0.1030907288169986,2.9185924433454423e-05,25,10,10
45,4431,0.9071114199861187,3.455382359124271e-05,0.09276569121993884,8.833497035074062e-05,25,10,10
45,4432,0.940431681206946,5.364617442238553e-05,0.05913493833616659,0.00037973428246517344,25,10,10
45,4433,0.9169497385244942,2.7139451925503804e-06,0.0829434279701794,0.00010411956013417594,25,10,10
45,4434,0.8618257214362083,1.5648186331501516e-06,0.09852157431424141,0.039651139430916034,25,10,10
45,4435,0.825542145479351,4.8964862930479366e-05,0.13482511392949958,0.039583775728216974,25,10,10
45,4436,0.8063221281548124,1.4565736287877747e-05,0.15180163166046426,0.04186167444843456,25,10,10
45,4437,0.7982131124231148,1.4215309941691822e-05,0.16202953621974905,0.039743136047193914,25,10,10
45,4438,0.8044766395267289,1.3509470205947804e-05,0.1558507157048861,0.039659135298179396,25,10,10
45,4439,0.7991815083051693,9.348526705318706e-06,0.16122526640087528,0.0395838767672485,25,10,10
45,4440,0.8429335544388448,2.1998069944180436e-06,0.13179504712043658,0.025269198633722317,25,10,10
45,4441,0.7787216030384846,1.6161068635639703e-05,0.1961968756223302,0.02506536027054967,25,10,10
45,4442,0.7288367849336058,1.749451228812377e-05,0.2421505484280989,0.02899517212601002,25,10,10
45,4443,0.7744003772619305,1.5815778648335876e-05,0.18590511848687094,0.03967868847255035,25,10,10
45,4444,0.8375637643912424,1.8621339434082777e-05,0.08518322967141591,0.07723438459790843,25,10,10
45,4445,0.8758576830138068,6.347232066759526e-07,0.08677539387170688,0.03736628839127996,25,10,10
45,4446,0.809525582199494,1.0103254858195006e-05,0.14599058609375748,0.04447372845188905,25,10,10
45,4447,0.8933492563369838,1.1963480009425505e-06,0.10439340032683116,0.0022561469881847017,25,10,10
45,4448,0.8820287041764385,2.1036297913072034e-07,0.09135460762450971,0.026616477836074157,25,10,10
45,4449,0.8177597574447037,1.014239252053209e-06,0.14215765445697223,0.04008157385907083,25,10,10
45,4450,0.8003608570447271,2.1034754492325635e-06,0.1683453148872363,0.03129172459258508,25,10,10
45,4451,0.76185502630889,4.030720612288391e-05,0.1980683901909897,0.04003627629399729,25,10,10
45,4452,0.8064555316684708,2.067363567452369e-05,0.153641824791746,0.03988196990410742,25,10,10
45,4453,0.7414835708896148,2.462617709089403e-05,0.2182455062052467,0.04024629672804931,25,10,10
45,4454,0.8791244874343588,2.1128568143418756e-06,0.08103795617371974,0.03983544353510702,25,10,10
45,4455,0.8737533014864546,2.2785713818331437e-06,0.05701621461950253,0.06922820532266082,25,10,10
45,4456,0.8450533098313393,0.00045635677768812244,0.08512254917591529,0.06936778421505778,25,10,10
45,4457,0.7663150533883234,0.0004343119710130651,0.16308748729534372,0.07016314734531746,25,10,10
45,4458,0.7683764978413844,0.0005170255448683435,0.15107646705018352,0.08003000956356397,25,10,10
45,4459,0.7589600569102969,0.000524424893068076,0.15806122900247513,0.08245428919416017,25,10,10
45,4460,0.7585718772643069,0.0005313449013575368,0.16139476002218917,0.07950201781214741,25,10,10
45,4461,0.8403321607920755,8.423190428797152e-06,0.11828991876812797,0.041369497249368364,25,10,10
45,4462,0.761703907751528,5.385747359930968e-06,0.21089488295934436,0.027395823541765885,25,10,10
45,4463,0.7895960486864917,1.109619961605337e-05,0.2018479234366648,0.00854493167722641,25,10,10
45,4464,0.8542824356005181,1.0737279738524197e-05,0.13651491821546577,0.009191908904277232,25,10,10
45,4465,0.8635558991243384,1.1396099188794525e-05,0.1336416920303378,0.002791012746134175,25,10,10
45,4466,0.8188275506708059,2.7324356035711958e-05,0.1521867874774081,0.02895833749575043,25,10,10
45,4467,0.8023660000934748,3.6764302057566814e-05,0.17294189126871415,0.024655344335753438,25,10,10
45,4468,0.8602190682809387,4.872852460933108e-05,0.10873552059852554,0.030996682595925723,25,10,10
45,4469,0.8446712651268864,1.9332544671046005e-05,0.12301984845301005,0.03228955387543337,25,10,10
45,4470,0.8846021661882914,1.1062518530450916e-05,0.0879726420488274,0.027414129244352096,25,10,10
45,4471,0.8633568677617726,1.9364223817014233e-06,0.09625136719127278,0.04038982862457244,25,10,10
45,4472,0.8324219684343531,0.009459691369850348,0.14428511083243037,0.013833229363364636,25,10,10
45,4473,0.8540267900455628,0.009450420959834787,0.13643681488848547,8.597410611548985e-05,25,10,10
45,4474,0.9047730667920909,0.0094513205677468,0.08245670721673802,0.003318905423423849,25,10,10
45,4475,0.8701616703549672,0.01259803719506075,0.11723516671387493,5.1257360961063776e-06,25,10,10
45,4476,0.8002448891641458,0.002685460209739376,0.19695537265186985,0.00011427797424594495,25,10,10
45,4477,0.7725513598712879,7.691258426332644e-06,0.19799045593600298,0.029450492934284467,25,10,10
45,4478,0.7193019906728257,6.984069606871931e-06,0.21701220237372187,0.06367882288384484,25,10,10
45,4479,0.6893539259963685,3.7581286649353923e-06,0.22503735043139225,0.08560496544357298,25,10,10
45,4480,0.7257887980681303,1.2924383775718046e-05,0.18609212786409937,0.08810614968399452,25,10,10
45,4481,0.5922328038685236,9.19964762331867e-06,0.33018459383841253,0.07757340264543924,25,10,10
45,4482,0.6111792359128376,6.362985263120506e-06,0.3260670000597123,0.06274740104218524,25,10,10
45,4483,0.690322850353141,2.4753381379002525e-05,0.26208785232079845,0.04756454394468093,25,10,10
45,4484,0.7304854479451593,1.0472424427584377e-05,0.2526745639811649,0.016829515649248783,25,10,10
45,4485,0.8255393777806632,8.358223646034616e-06,0.13214303003661568,0.04230923395907429,25,10,10
45,4486,0.7938080057022983,2.356792149348189e-06,0.16372556494330887,0.042464072562243035,25,10,10
45,4487,0.8105266692564317,1.0080319956286294e-06,0.1471740572749943,0.042298265436578705,25,10,10
45,4488,0.793881408630706,2.523379366863453e-05,0.1692527663369523,0.03684059123867138,25,10,10
45,4489,0.7352425275963279,0.0045605953942895175,0.25565115108151554,0.004545725927867368,25,10,10
45,4490,0.8604606816228038,2.5319639426320885e-05,0.13258342825985855,0.006930570477911795,25,10,10
45,4491,0.8605635731876125,6.872216027522146e-05,0.13928604368244277,8.166096966858299e-05,25,10,10
45,4492,0.8527052040153591,6.97337885811116e-05,0.1466939755095285,0.000531086686531347,25,10,10
45,4493,0.9015628041933141,7.720253265552462e-05,0.09826480975589731,9.518351813372322e-05,25,10,10
45,4494,0.8015620458161643,0.00036112016576679584,0.197608786293386,0.0004680477246829986,25,10,10
45,4495,0.8845247053439889,1.6566238209454838e-06,0.11338545012048935,0.002088187911700062,25,10,10
45,4496,0.9055678546016278,1.6498636896654329e-06,0.09407433882832456,0.0003561567063567644,25,10,10
45,4497,0.8632872655033192,1.0983528701020805e-06,0.13436028713531156,0.002351349008496216,25,10,10
45,4498,0.8255031714660714,3.414938632076459e-06,0.17076650089189538,0.003726912703398604,25,10,10
45,4499,0.8483950974616339,1.191850082967426e-06,0.14787143387362234,0.0037322768146603085,25,10,10
45,4500,0.8551504631093105,6.803412545528781e-05,0.1447065318000277,7.497096520516058e-05,25,10,10
45,4501,0.829621516006086,6.754857255851378e-05,0.17008227120817923,0.0002286642131753583,25,10,10
45,4502,0.7455775749221668,8.066859204700576e-05,0.2541376743645501,0.00020408212123432172,25,10,10
45,4503,0.8237193361541338,1.4142930315834656e-05,0.17600926025610464,0.0002572606594458604,25,10,10
45,4504,0.82797242177497,1.1011358458907725e-06,0.1718730850431786,0.00015339204600303292,25,10,10
45,4505,0.8567592749338995,1.8710714810936363e-06,0.14045409509296788,0.0027847589016501643,25,10,10
45,4506,0.8394643023936649,1.1323209519848145e-06,0.16044398705304283,9.057823233906593e-05,25,10,10
45,4507,0.9022021328193978,5.037243009581042e-05,0.09765579194041357,9.170281009154315e-05,25,10,10
45,4508,0.9178771964294065,2.288291042768968e-05,0.08187808444889066,0.00022183621127342797,25,10,10
45,4509,0.889974685084161,1.3111148507624611e-05,0.10985003613132296,0.00016216763600896244,25,10,10
45,4510,0.9424313043865993,1.3557456683954034e-05,0.05733500908011346,0.00022012907660326513,25,10,10
45,4511,0.9223871697808025,7.695461495687467e-07,0.0435701327665077,0.03404192790653942,25,10,10
45,4512,0.93656536496213,9.880300576113204e-07,0.02939583457146171,0.034037812436350866,25,10,10
45,4513,0.8888051892554811,1.073217507679527e-06,0.0771621295917989,0.03403160793521309,25,10,10
45,4514,0.8154525964331373,0.00048095365330952557,0.14996052739560023,0.03410592251795095,25,10,10
45,4515,0.7767189380449961,2.471704845042939e-05,0.19819776285538449,0.025058582051170973,25,10,10
45,4516,0.8235378697732658,2.552576122712622e-05,0.14906914855200912,0.02736745591349676,25,10,10
45,4517,0.8585496810490764,2.621516842717611e-06,0.11407515445587879,0.027372542978201866,25,10,10
45,4518,0.8155597769691673,2.987766546162933e-06,0.15713661872765466,0.027300616536628818,25,10,10
45,4519,0.8330365653232532,1.1890200490788535e-05,0.139604618215536,0.02734692626071678,25,10,10
45,4520,0.8047477765566013,9.250446816591862e-06,0.1678287468245387,0.027414226172042602,25,10,10
45,4521,0.7689124234179294,6.953773447402467e-05,0.22674855662554422,0.004269482222050971,25,10,10
45,4522,0.7130159117515912,0.010283109408488584,0.275958139786147,0.0007428390537724716,25,10,10
45,4523,0.7918910536287125,1.5595776411133748e-05,0.20713530014830436,0.0009580504465696023,25,10,10
45,4524,0.7886709690024134,6.211876304901014e-06,0.2093252366070102,0.0019975825142717106,25,10,10
45,4525,0.8662213089358126,2.5026608260501738e-06,0.13257097199389759,0.00120521640946223,25,10,10
45,4526,0.8618792176054967,1.4713715319117439e-07,0.13355558111577773,0.004565054141571217,25,10,10
45,4527,0.917046483526518,2.202722397935496e-05,0.08275884237925211,0.0001726468702493553,25,10,10
45,4528,0.8577075939652898,5.013193968138801e-05,0.14174299062503,0.0004992834699989423,25,10,10
45,4529,0.8757648580554366,9.40799536773279e-06,0.12384352532279577,0.000382208626398834,25,10,10
45,4530,0.9191830418701538,2.1533281923215244e-05,0.08068561099821697,0.00010981384970599147,25,10,10
45,4531,0.816958022400751,4.467291992755595e-05,0.18286118742353147,0.00013611725578796568,25,10,10
45,4532,0.9252246190868053,1.3509735600067787e-05,0.07463290336283883,0.0001289678147558592,25,10,10
45,4533,0.8637741112701555,7.260500916953964e-07,0.09640611350002669,0.039819049179725945,25,10,10
45,4534,0.9007602638235801,1.5531242635099117e-06,0.09901187507473468,0.00022630797742121113,25,10,10
45,4535,0.9036625586360273,1.5493527027470645e-06,0.09616839933418776,0.00016749267708111474,25,10,10
45,4536,0.8926991164478817,8.096369473699179e-06,0.10719268317292674,0.0001001040097159961,25,10,10
45,4537,0.9314646992575439,2.5787535183946292e-05,0.0683123041902863,0.0001972090169847917,25,10,10
45,4538,0.899826855747293,3.371463454266615e-05,0.09973135729957867,0.00040807231858404873,25,10,10
45,4539,0.8853800468509837,1.6820619753041792e-05,0.11439572757238067,0.0002074049568808375,25,10,10
45,4540,0.8671622145782962,2.7082326878998923e-06,0.1325611463595386,0.0002739308294763737,25,10,10
45,4541,0.7991510003149128,4.368484385952227e-06,0.20074543545771104,9.919574298898497e-05,25,10,10
45,4542,0.7308366664976532,5.3213429879525647e-05,0.2291757592532279,0.039934360819241774,25,10,10
45,4543,0.7562696486626101,2.1592488601379078e-06,0.1975938160462064,0.04613437604232413,25,10,10
45,4544,0.6418078685886495,4.767640681104171e-06,0.3357032008381532,0.022484162932515744,25,10,10
45,4545,0.7942975904017743,0.00026630950495255655,0.19760756036811983,0.007828539725152224,25,10,10
45,4546,0.8289731189429943,2.9570843663293628e-05,0.13096067553118063,0.0400366346821587,25,10,10
45,4547,0.8695988914874664,0.00010511139967497683,0.0906142877235599,0.03968170938929799,25,10,10
45,4548,0.895884085440781,2.139141100650779e-05,0.0643817171685533,0.03971280597965914,25,10,10
45,4549,0.8662008420023237,3.937134148192176e-07,0.1064419918034042,0.027356772480856533,25,10,10
45,4550,0.957826763910823,6.078206991862566e-07,0.03489349194514542,0.0072791363233326856,25,10,10
45,4551,0.914422894657531,6.590535207123984e-07,0.0854184250596046,0.00015802122934269167,25,10,10
45,4552,0.8863611686987172,2.1676134357898433e-06,0.11303807524912125,0.0005985884387226854,25,10,10
45,4553,0.8969780097677212,2.1523278988481103e-06,0.10294288976457606,7.694813980240722e-05,25,10,10
45,4554,0.7877716293882737,3.564183921912191e-05,0.20922111561984777,0.0029716131526573465,25,10,10
45,4555,0.881566722239251,3.604745524981655e-05,0.11546551348292161,0.0029317168225764497,25,10,10
45,4556,0.8925234262915925,3.5789543561008736e-05,0.10481168611116334,0.002629098053681655,25,10,10
45,4557,0.8517952941726535,4.434283635054097e-05,0.14322171822144286,0.004938644769552177,25,10,10
45,4558,0.7994261975808473,3.543213419819849e-05,0.20051013847358384,2.823181137212883e-05,25,10,10
45,4559,0.8264136241634793,2.1026658768432786e-06,0.14893821057924014,0.024646062591400997,25,10,10
45,4560,0.8701946491840924,2.445143018529856e-06,0.09269188065668967,0.03711102501619875,25,10,10
45,4561,0.8693502637684345,2.4867344332597597e-06,0.09352425543398123,0.037122994063150554,25,10,10
45,4562,0.8739884235297647,3.9227988837263354e-07,0.08412960301801897,0.041881581172326786,25,10,10
45,4563,0.8229976136210181,1.9384999090105714e-05,0.1386245804845906,0.03835842089530047,25,10,10
45,4564,0.8101124512678267,1.0878265074141e-05,0.1475119574696412,0.04236471299745595,25,10,10
45,4565,0.792176991185004,1.3217035638284313e-05,0.1671015299882134,0.04070826179114212,25,10,10
45,4566,0.7538542189714525,0.009409766094980268,0.19625601997999634,0.04047999495356988,25,10,10
45,4567,0.8471523326812721,0.00936430537971025,0.10344948694841057,0.04003387499060649,25,10,10
45,4568,0.7998440654577216,1.5006830071558406e-05,0.16003571461591246,0.040105213096291434,25,10,10
45,4569,0.6767208703468257,0.00016947195065241858,0.2756582832495285,0.047451374452992724,25,10,10
45,4570,0.7444210676207148,0.0001335301511925058,0.2239098128453861,0.031535589382705835,25,10,10
45,4571,0.811243368901289,3.167711615774193e-05,0.1597206959349304,0.029004258047621873,25,10,10
45,4572,0.8100966420730138,5.861305766002534e-05,0.15295673667606816,0.03688800819325747,25,10,10
45,4573,0.8922758897440833,1.6043376675266277e-06,0.06766976626984962,0.04005273964839875,25,10,10
45,4574,0.8280385555789204,1.5258416802994942e-06,0.13192650738300077,0.04003341119639737,25,10,10
45,4575,0.7985997861802966,1.4705486720182355e-06,0.1577795733179086,0.043619169953121595,25,10,10
45,4576,0.7939199593127113,1.0924211011097304e-05,0.1625918353331803,0.04347728114309826,25,10,10
45,4577,0.8535471055004363,1.0342677012819851e-05,0.10685864628291528,0.03958390553963507,25,10,10
45,4578,0.8342781762655445,6.605436077103743e-07,0.16295807032063758,0.0027630928702103417,25,10,10
45,4579,0.8043285904551958,0.00016215651495390292,0.19289188697489273,0.0026173660549571936,25,10,10
45,4580,0.861600755057468,6.746910051642544e-07,0.1383778031677921,2.076708373402953e-05,25,10,10
45,4581,0.8466729431353882,0.0003399554758895527,0.15275915447533117,0.0002279469133897726,25,10,10
45,4582,0.9552357376856476,3.149166298012192e-07,0.04415961267631437,0.0006043347214081648,25,10,10
45,4583,0.8984298561908253,2.4545904344304913e-05,0.10139636754003892,0.0001492303647911416,25,10,10
45,4584,0.917042185368366,2.107672279698956e-05,0.08285821707259598,7.85208362398913e-05,25,10,10
45,4585,0.8467834401701896,4.4249365678930844e-05,0.1466272549848138,0.006545055479319074,25,10,10
45,4586,0.9672266711772142,4.6013463034166465e-07,0.03257988996268693,0.00019297872546804253,25,10,10
45,4587,0.8800375008737344,0.0006575742269834088,0.11913074214088348,0.0001741827583977314,25,10,10
45,4588,0.8978055744698125,8.82164753975937e-05,0.10205175599707796,5.445305771025537e-05,25,10,10
45,4589,0.7990293497350458,1.6107693920839528e-05,0.1889466260452224,0.012007916525810805,25,10,10
45,4590,0.8588701099416072,0.00031825144826812376,0.10077039809137585,0.04004124051874786,25,10,10
45,4591,0.8470706501133111,1.356774774749499e-06,0.10841983153162393,0.04450816158029124,25,10,10
45,4592,0.8660019165150651,1.73332928821458e-06,0.08969535449298455,0.044300995662661685,25,10,10
45,4593,0.8683471048254076,1.7333485906012124e-05,0.08704839091960535,0.04458717076908008,25,10,10
45,4594,0.8438947385687768,3.99683815704468e-06,0.13000036394646888,0.026100900646594417,25,10,10
45,4595,0.8242044024723348,2.2079616413963712e-05,0.14969410502544764,0.026079412885802587,25,10,10
45,4596,0.7863192596297937,2.1681031327895184e-05,0.18591136372135708,0.02774769561752034,25,10,10
45,4597,0.7586186498406591,2.8125620058543253e-05,0.19764830612397777,0.04370491841530406,25,10,10
45,4598,0.737606903156757,2.918895279548649e-05,0.21683651257913975,0.045527395311309275,25,10,10
45,4599,0.6999403057434641,3.247075785162202e-05,0.2953751319224873,0.004652091576195074,25,10,10
45,4600,0.7421266048641706,1.5800400625322902e-05,0.22363910805073434,0.03421848668446948,25,10,10
45,4601,0.6723886856998866,5.526127762165548e-06,0.25173771855086957,0.0758680696214831,25,10,10
45,4602,0.6859032868985742,6.545567589646877e-05,0.22595079988424452,0.08808045754128425,25,10,10
45,4603,0.6728821505045651,4.328838945709545e-06,0.1911040132444877,0.13600950741199969,25,10,10
45,4604,0.70642075887359,4.025139618203563e-06,0.18120450129886131,0.11237071468792906,25,10,10
45,4605,0.7694114937921358,3.708135672956973e-06,0.1141433907269401,0.11644140734525027,25,10,10
45,4606,0.7498472727793241,3.616176215117273e-06,0.13452646839431304,0.1156226426501485,25,10,10
45,4607,0.7246702885420738,1.910138703284919e-05,0.156036362999771,0.11927424707112255,25,10,10
45,4608,0.6965532130901737,3.156847608705042e-05,0.19099548772632619,0.11241973070741208,25,10,10
45,4609,0.8012660466732604,1.7908933383430518e-06,0.11595679261927978,0.08277536981412242,25,10,10
45,4610,0.842979946467137,3.522502181854457e-06,0.08455605450984965,0.07246047652083133,25,10,10
45,4611,0.8533304714015019,2.467568049485948e-05,0.09604543185262385,0.05059942106537654,25,10,10
45,4612,0.839703925559598,1.5832800251980154e-05,0.10982604109914038,0.050454200541008444,25,10,10
45,4613,0.7217794371466976,5.2810268480060494e-05,0.237909348069253,0.040258404515566754,25,10,10
45,4614,0.7425854764669181,2.424482365787387e-05,0.2145331422276325,0.042857136481791354,25,10,10
45,4615,0.8391737816779761,2.6112572208617363e-06,0.12067072092722007,0.040152886137583846,25,10,10
45,4616,0.8049084940732106,2.262453635009775e-05,0.18875059117594042,0.006318290214494887,25,10,10
45,4617,0.7634594155086476,2.2359588692411283e-05,0.2303312492159519,0.006186975686705541,25,10,10
45,4618,0.7837377835611035,6.536135923708917e-06,0.21605689230037187,0.00019878800259955036,25,10,10
45,4619,0.7335505981385815,3.538653389704022e-06,0.23659073902143832,0.02985512418659228,25,10,10
45,4620,0.7844448737084286,3.1790439791074274e-06,0.17309327853150644,0.04245866871608605,25,10,10
45,4621,0.8300993984715122,0.037322042925955826,0.09236846996390816,0.04021008863862285,25,10,10
45,4622,0.7744959061447346,0.0369302259514619,0.1448479190130827,0.04372594889072072,25,10,10
45,4623,0.854851561084726,0.011200627073558313,0.09373094428999318,0.04021686755172204,25,10,10
45,4624,0.8009558547451803,0.01260653199047345,0.1370959231855184,0.049341690078829326,25,10,10
45,4625,0.8112375647067842,0.012596547110847537,0.1264743256651067,0.049691562517262235,25,10,10
45,4626,0.6941993679366476,0.012973180102286833,0.2416411922162743,0.05118625974478965,25,10,10
45,4627,0.650426653290016,0.012947824419424287,0.2873330083515068,0.04929251393905207,25,10,10
45,4628,0.6887352358913383,0.0014678008501876534,0.2698460319659444,0.03995093129252888,25,10,10
45,4629,0.6778999924122404,3.48365564583263e-05,0.2788807703139796,0.04318440071732426,25,10,10
45,4630,0.7600544908165758,0.00038947186356904024,0.1561355161861906,0.08342052113366458,25,10,10
45,4631,0.80282896316847,0.0003696946774000567,0.11971244908644228,0.07708889306768707,25,10,10
45,4632,0.7923825974471838,0.000369688914258389,0.1627145903446619,0.04453312329389508,25,10,10
45,4633,0.8681398161418038,0.0003676051673041065,0.0894424163564177,0.04205016233447332,25,10,10
45,4634,0.8465296980592746,0.00037651286262838454,0.11587993420165173,0.037213854876443984,25,10,10
45,4635,0.8614304072431627,0.0009962637259399094,0.09785199265489145,0.03972133637600541,25,10,10
45,4636,0.858350128384469,5.993803285475145e-05,0.10173863103968218,0.03985130254299198,25,10,10
45,4637,0.9123242594505734,1.305329051706734e-05,0.04776730932252998,0.03989537793638026,25,10,10
45,4638,0.8829264483830442,1.3133357149882549e-05,0.08892415903900991,0.028136259220795993,25,10,10
45,4639,0.8634322887530912,1.1622002369520961e-05,0.09312919177658571,0.04342689746795302,25,10,10
45,4640,0.8391509229383509,1.5631604850663678e-05,0.12124321440799628,0.03959023104879943,25,10,10
45,4641,0.8323628741839083,5.773860385357484e-06,0.12718556429667946,0.04044578765902607,25,10,10
45,4642,0.8120930395455139,4.985729899463901e-05,0.14549352072720084,0.04236358242829162,25,10,10
45,4643,0.8023049478494331,7.096502755043148e-07,0.15475481533637395,0.042939527163917565,25,10,10
45,4644,0.7719931308877848,9.447795106614744e-06,0.22505564551759089,0.0029417757995189686,25,10,10
45,4645,0.7824597310392329,3.3805725251752045e-05,0.21703378793512534,0.000472675300389674,25,10,10
45,4646,0.7937533044195806,5.942242315046868e-07,0.20583754247755393,0.0004085588786307286,25,10,10
45,4647,0.8637253074584607,6.39162370059159e-06,0.1329439451013158,0.0033243558165219444,25,10,10
45,4648,0.9317338675978726,0.0003716757568431569,0.06789013536543112,4.321279853079423e-06,25,10,10
45,4649,0.9047996513372543,2.7469662270032933e-05,0.09501206805665934,0.00016081094381644476,25,10,10
45,4650,0.8117054694295339,7.516774530488111e-06,0.157352007607149,0.03093500618878536,25,10,10
45,4651,0.8983601812913315,1.5978658280932053e-06,0.07099042150141187,0.030647799341429062,25,10,10
45,4652,0.8746630164938057,3.1312210763558995e-06,0.07663760612390988,0.04869624616120845,25,10,10
45,4653,0.867159679783343,1.2238982571757163e-06,0.09256177882654544,0.04027731749185401,25,10,10
45,4654,0.8628190820181716,9.750347423302543e-07,0.09719522394790497,0.03998471899918203,25,10,10
45,4655,0.7855972998453257,1.083100608572428e-05,0.17447523229867495,0.03991663684991363,25,10,10
45,4656,0.7946673334110677,1.2628169434260554e-05,0.1626439926498224,0.04267604576967547,25,10,10
45,4657,0.7368450246391299,3.5827027746475327e-06,0.2206902042554178,0.042461188402679664,25,10,10
45,4658,0.8328497415721743,2.5648101522141695e-05,0.12722685420119081,0.039897756125113384,25,10,10
45,4659,0.8272553544954654,1.2300253431361918e-05,0.16531039685935528,0.007421948391747519,25,10,10
45,4660,0.7855800450650016,2.7227038409296948e-05,0.16329151671053793,0.05110121118604897,25,10,10
45,4661,0.803103223463632,1.703066529712353e-05,0.1589570727273935,0.037922673143676075,25,10,10
45,4662,0.8946030584031572,6.860235086546001e-07,0.09147505174702869,0.013921203826305658,25,10,10
45,4663,0.8623122595382244,2.506976082219825e-06,0.1371026510823994,0.0005825824032942099,25,10,10
45,4664,0.8847013454995932,1.5869493220705383e-05,0.1151871045175282,9.568048965724953e-05,25,10,10
45,4665,0.8522935497914267,1.4220676092795498e-07,0.14767567523676312,3.063276504876824e-05,25,10,10
45,4666,0.8300486693088867,1.0540236825815764e-05,0.1697080491802498,0.0002327412740373409,25,10,10
45,4667,0.875117944677415,1.655540549702178e-06,0.12137583072388194,0.003504569058152024,25,10,10
45,4668,0.8473454488776043,0.0002598826742773012,0.15206560894808535,0.0003290595000323027,25,10,10
45,4669,0.8547963691895607,1.5290390283900796e-05,0.14509295853151558,9.538188863760588e-05,25,10,10
45,4670,0.879650564689878,1.2550640893807193e-05,0.11964587325228704,0.0006910114169402635,25,10,10
45,4671,0.868701938688588,8.187765377791237e-05,0.11492917969180098,0.016287003965832467,25,10,10
45,4672,0.8176503622171374,8.098739938149482e-05,0.14064658636839306,0.04162206401508551,25,10,10
45,4673,0.8619791605233034,2.9999262323810506e-06,0.09829553172192501,0.039722307828538,25,10,10
45,4674,0.8074384453628821,3.845462479127519e-05,0.15283889899365527,0.03968420101866969,25,10,10
45,4675,0.8515630096913362,1.839493943632052e-05,0.120639672277809,0.02777892309141815,25,10,10
45,4676,0.8395707819672233,1.7323368304522077e-05,0.12035438990816426,0.040057504756308634,25,10,10
45,4677,0.8077123240973256,4.552912916508333e-05,0.12147488749913465,0.07076725927437455,25,10,10
45,4678,0.7448429878640799,0.00041439258117619254,0.2003882554902467,0.0543543640644981,25,10,10
45,4679,0.7911475789682053,1.4068536186878954e-05,0.1571916660189585,0.05164668647664897,25,10,10
45,4680,0.8297725860036188,1.516734574487712e-05,0.11855986245812913,0.051652384192507485,25,10,10
45,4681,0.8090703545903594,7.23307757754265e-06,0.12200263725255832,0.06891977507950538,25,10,10
45,4682,0.8082854422839673,7.463698596384181e-06,0.12313507271411861,0.06857202130331752,25,10,10
45,4683,0.7964570790638971,2.7887997258506673e-05,0.15357523238248205,0.04993980055636164,25,10,10
45,4684,0.8016392849162008,2.3956911065918693e-06,0.15871915108049214,0.03963916831219928,25,10,10
45,4685,0.8317191514683497,2.0557716535478083e-05,0.1409680184072109,0.02729227240790282,25,10,10
45,4686,0.8216955967310333,5.7045217547313273e-05,0.09905037665310129,0.07919698139831681,25,10,10
45,4687,0.7961666096287153,1.0017452296964361e-05,0.16828719135709477,0.035536181561891825,25,10,10
45,4688,0.8708597900083223,9.507967054968868e-06,0.05781623761484032,0.07131446440978274,25,10,10
45,4689,0.8034318423270402,9.582744947631326e-06,0.12042094377440452,0.0761376311536047,25,10,10
45,4690,0.7557142868054634,5.084539282498603e-05,0.1817656202384668,0.06246924756324443,25,10,10
45,4691,0.8037666775694376,1.0946775268413179e-05,0.12018016168659125,0.07604221396870224,25,10,10
45,4692,0.8062404525564957,2.259529723704277e-06,0.11756567304174423,0.07619161487203553,25,10,10
45,4693,0.805584845427792,2.4781114610419137e-06,0.09759492716956152,0.09681774929118488,25,10,10
45,4694,0.7132449577279155,4.348328121399061e-06,0.17639534806709417,0.11035534587686888,25,10,10
45,4695,0.7291066851189355,3.5421567615903785e-06,0.2008272578257713,0.07006251489852952,25,10,10
45,4696,0.6603732245856265,1.0075644386101764e-05,0.24185087326601176,0.09776582650397536,25,10,10
45,4697,0.6911922365822109,1.0768632142431583e-05,0.21916470648778164,0.08963228829786579,25,10,10
45,4698,0.7248401957161567,1.0956034641437493e-05,0.2365571676381952,0.03859168061100509,25,10,10
45,4699,0.7666269725267775,2.690049629706737e-06,0.19186547099219425,0.04150486643139674,25,10,10
45,4700,0.7910409976033935,2.2858931247879647e-06,0.16893801603147604,0.04001870047200401,25,10,10
45,4701,0.8591562611907386,1.9392004050793476e-06,0.10090126425443621,0.039940535354420645,25,10,10
45,4702,0.8969679955584483,8.622170831976175e-07,0.06343757983163152,0.039593562392836665,25,10,10
45,4703,0.8285408396410691,4.797468015409457e-05,0.13127942754674005,0.04013175813203656,25,10,10
45,4704,0.727523439767134,4.9507791490470236e-05,0.24005505186790502,0.03237200057347326,25,10,10
45,4705,0.8046555393533281,1.597815183259033e-05,0.1629853721152323,0.03234311037960733,25,10,10
45,4706,0.8692357039845087,1.7315749514911033e-06,0.10606722566905415,0.024695338771484603,25,10,10
45,4707,0.8652607712395479,2.239125419459509e-05,0.08688822420547869,0.04782861330077952,25,10,10
45,4708,0.7315625092304364,1.2856817090538268e-05,0.22591452272554163,0.042510111226928694,25,10,10
45,4709,0.8428524635116963,1.976804984652741e-06,0.11695503316260951,0.04019052652070867,25,10,10
45,4710,0.8678588471774689,1.875726378651699e-06,0.08616413225725804,0.045975144838893735,25,10,10
45,4711,0.8858011841780612,1.732902756058679e-06,0.07456282817523445,0.03963425474394785,25,10,10
45,4712,0.8810539642989226,1.0323328040907558e-06,0.07868546302648545,0.040259540341786346,25,10,10
45,4713,0.8666962484650775,1.4188944042413929e-05,0.09030107777209129,0.04298848481878845,25,10,10
45,4714,0.7858453931651596,2.7808625995975463e-05,0.17178653815363343,0.04234026005521115,25,10,10
45,4715,0.7757744460972948,1.8563775442591678e-05,0.1817727774170737,0.04243421271018976,25,10,10
45,4716,0.8335272756096608,0.007780908641884559,0.15857730797990566,0.00011450776854808319,25,10,10
45,4717,0.869252526026599,0.03694335027477608,0.0901497463880524,0.0036543773105722523,25,10,10
45,4718,0.7484497103008159,3.963925835456993e-05,0.2514621152308233,4.853521000479689e-05,25,10,10
45,4719,0.8006033309751491,0.00010181532078567062,0.19913864960910302,0.0001562040949605643,25,10,10
45,4720,0.8317277272798361,6.774746946804585e-05,0.16781124929422042,0.00039327595647716934,25,10,10
45,4721,0.8419139357314614,6.2925631736705424e-06,0.15747509645850088,0.000604675246865551,25,10,10
45,4722,0.8309312480704382,7.02932267138638e-06,0.1689198226958122,0.0001418999110769319,25,10,10
45,4723,0.884552559246836,1.6294915525316376e-05,0.08433303467419709,0.0310981111634419,25,10,10
45,4724,0.8596668862027431,9.160238265308446e-06,0.10043871658676923,0.039885236972221925,25,10,10
45,4725,0.7747127948386903,3.0700420055225736e-06,0.1781589729464879,0.04712516217281789,25,10,10
45,4726,0.8005921192474316,1.8353246554108065e-06,0.16023992861780725,0.039166116810105255,25,10,10
45,4727,0.8600603468365259,1.1661749293422343e-05,0.10252406867743125,0.037403922736750306,25,10,10
45,4728,0.8401435630834229,4.114205293594293e-06,0.12239641785333089,0.03745590485795299,25,10,10
45,4729,0.8992020789931761,9.411771235821268e-07,0.06079617800185556,0.0400008018278441,25,10,10
45,4730,0.8312856871511074,9.259212127371875e-06,0.139646655090808,0.029058398545958913,25,10,10
45,4731,0.7849902904161961,2.0495080004477845e-05,0.1849267985879761,0.030062415915823832,25,10,10
45,4732,0.8043136458299918,2.7241698922187922e-05,0.16718401021946225,0.02847510225162251,25,10,10
45,4733,0.8409331004056166,2.427103561599984e-05,0.11880245697278335,0.04024017158598223,25,10,10
45,4734,0.8372514639103729,4.370719116625834e-06,0.13811443005302176,0.0246297353174875,25,10,10
45,4735,0.7879365747136069,4.703969716569035e-05,0.17929188483402833,0.032724500755197554,25,10,10
45,4736,0.6685211461030511,6.433416142732409e-05,0.2876396463231579,0.04377487341236239,25,10,10
45,4737,0.7467341490678685,1.617319111032106e-05,0.21803909154158416,0.035210586199433506,25,10,10
45,4738,0.7417449027998998,1.388493004346578e-05,0.22307028163300618,0.03517093063705144,25,10,10
45,4739,0.6879405532541102,7.085507427375221e-06,0.27276290436355877,0.039289456874903796,25,10,10
45,4740,0.7744134319159527,8.956149896614173e-06,0.16936022421898062,0.056217387715169466,25,10,10
45,4741,0.8052942510018726,1.6281821620109117e-06,0.1460818198990908,0.04862230091687385,25,10,10
45,4742,0.7965936220556091,1.5305406100331816e-05,0.16492082862893467,0.03847024390935602,25,10,10
45,4743,0.7740897892438826,3.293134297244558e-05,0.18557322966528755,0.040304049747858214,25,10,10
45,4744,0.8224849558713656,1.8464701614872488e-06,0.17393118560155835,0.003582012056915783,25,10,10
45,4745,0.8735816595768333,1.1044896794672203e-06,0.12038079695698223,0.006036438976503985,25,10,10
45,4746,0.8388745530148399,3.921660307441792e-06,0.15745405667661902,0.003667468648232707,25,10,10
45,4747,0.8203462079182025,1.9901338455894223e-05,0.1760006616955473,0.003633229047793987,25,10,10
45,4748,0.8473574252621421,1.0471806481121824e-05,0.1521942737660152,0.0004378291653618043,25,10,10
45,4749,0.8804877224338513,0.00025504481227392966,0.11894225487436288,0.00031497787950902906,25,10,10
45,4750,0.9125827633927773,1.4303186870339612e-06,0.08715940546797102,0.00025640082056280683,25,10,10
45,4751,0.8558271264570766,3.226549092847347e-06,0.14404466941067523,0.00012497758315423537,25,10,10
45,4752,0.8523436666710863,2.4611688658172228e-06,0.14760430510246073,4.9567057587505085e-05,25,10,10
45,4753,0.8821156762661526,3.499112041575799e-05,0.10839554779308508,0.00945378482034645,25,10,10
45,4754,0.8275645008837722,0.0001177456896398401,0.16690562439537168,0.005412129031214141,25,10,10
45,4755,0.8660934591885693,8.138643615786424e-05,0.13335555307549707,0.00046960129977497616,25,10,10
45,4756,0.8498111331887928,2.082241025656379e-05,0.1498080524073114,0.0003599919936386897,25,10,10
45,4757,0.785599614798667,1.8422088472050443e-05,0.1741330179015496,0.04024894521131121,25,10,10
45,4758,0.8055010517297694,3.018799222078126e-06,0.15393780498056794,0.04055812449044002,25,10,10
45,4759,0.7705775260197649,1.0203962959557526e-05,0.18775640777184083,0.04165586224543339,25,10,10
45,4760,0.7474198293527294,7.544648581453199e-05,0.21087391817725085,0.04163080598420402,25,10,10
45,4761,0.8319118356013471,2.1816174313455257e-06,0.1285089322849839,0.039577050496236346,25,10,10
45,4762,0.8277886545225976,1.1724992002243438e-05,0.12991487234099028,0.042284748144411084,25,10,10
45,4763,0.808037495538183,0.0007192921774933071,0.14897978668603284,0.042263425598292007,25,10,10
45,4764,0.8494644642406946,7.526017941179236e-05,0.13608777303333466,0.014372502546558372,25,10,10
45,4765,0.8730285303137494,0.00020860295874264696,0.08715238073979609,0.03961048598771128,25,10,10
45,4766,0.831064014153461,1.478515480469677e-05,0.1293530593504691,0.0395681413412635,25,10,10
45,4767,0.780128365936578,2.8622376393638982e-05,0.18024198457973295,0.039601027107294656,25,10,10
45,4768,0.8765677135208805,1.1962176237951948e-05,0.0869806570258225,0.03643966727705939,25,10,10
45,4769,0.85824546383728,7.786300585000891e-05,0.10507374741803228,0.03660292573883933,25,10,10
45,4770,0.7879550551786135,6.675397420129428e-05,0.1830748268770974,0.028903363970087942,25,10,10
45,4771,0.8697897841304209,2.122207083862814e-06,0.1012909050158014,0.028917188646693296,25,10,10
45,4772,0.8266719327312496,1.3850700020850333e-06,0.14435577298095714,0.02897090921778905,25,10,10
45,4773,0.752419893080375,0.00039011238592335276,0.21473831893385423,0.032451675599846574,25,10,10
45,4774,0.8571249645554304,0.0004940044950343308,0.11587769018684158,0.026503340762692694,25,10,10
45,4775,0.7899561620709412,9.754325140595525e-06,0.17154456249124028,0.038489521112678476,25,10,10
45,4776,0.7585424041744746,1.4609035306348506e-05,0.20428759120226797,0.03715539558795151,25,10,10
45,4777,0.7771742569981974,2.205581693946466e-06,0.18621167453595538,0.03661186288415344,25,10,10
45,4778,0.8573793791788201,2.4618819898434994e-07,0.10294462379847799,0.0396757508345027,25,10,10
45,4779,0.7922796862689064,0.000511915382029849,0.17715945113173676,0.030048947217325567,25,10,10
45,4780,0.8166861553631516,0.0007539524354761551,0.15261452678698972,0.029945365414381045,25,10,10
45,4781,0.7911142572493454,0.0005448621983350664,0.16821320328729683,0.04012767726502008,25,10,10
45,4782,0.8023808113980762,0.0005446442738963945,0.1572187082591141,0.039855836068912034,25,10,10
45,4783,0.7787227788948776,1.5430649870815905e-06,0.1857235276744266,0.035552150365706366,25,10,10
45,4784,0.7552407384385471,8.841980145601379e-06,0.19221049668021792,0.05253992290108788,25,10,10
45,4785,0.8159695372796727,1.7579357387839713e-06,0.13959213624364708,0.04443656854093994,25,10,10
45,4786,0.8724776759141025,2.5185754592277495e-05,0.08465560377814539,0.04284153455315971,25,10,10
45,4787,0.7364469398851402,0.0003553434136283632,0.2104667769864357,0.05273093971479666,25,10,10
45,4788,0.7950496310125265,4.5585321293990016e-07,0.17268270549288542,0.03226720764137781,25,10,10
45,4789,0.8709977787403744,2.218567852332777e-07,0.09663779496700747,0.032364204435832725,25,10,10
45,4790,0.8352748387928781,0.0009788202889501774,0.13129558557589951,0.032450755342271535,25,10,10
45,4791,0.8564222089611103,0.01221011161054157,0.09911323084440646,0.03225444858394186,25,10,10
45,4792,0.8410250841542585,0.035042087577655895,0.08746620992559823,0.03646661834248553,25,10,10
45,4793,0.8717213531397391,1.0754465907708202e-05,0.09129159345691316,0.03697629893743962,25,10,10
45,4794,0.8436263369090139,1.0908412726784391e-05,0.1497455963129094,0.006617158365349798,25,10,10
45,4795,0.9012882423329994,4.855834202956015e-07,0.09829925133747607,0.0004120207461029023,25,10,10
45,4796,0.9290947063512267,6.567643840161811e-05,0.07057693688298597,0.0002626803273856628,25,10,10
45,4797,0.8319406910699593,3.94787826730452e-05,0.15541041653626078,0.0126094136111059,25,10,10
45,4798,0.7814431772102932,0.011221698784255415,0.1677509420187009,0.03958418198674798,25,10,10
45,4799,0.8107218912731703,0.014095444284286078,0.13859033542375318,0.03659232901878884,25,10,10
45,4800,0.870777452892557,0.014085651912445955,0.0754283416993983,0.03970855349559829,25,10,10
45,4801,0.7484319801386506,8.315001644745367e-05,0.1834338688350991,0.06805100100980278,25,10,10
45,4802,0.7218161263694269,0.0001442683364606972,0.26918674607120374,0.008852859222906854,25,10,10
45,4803,0.693388035822906,4.996382491399391e-05,0.29643455890420856,0.010127441447970035,25,10,10
45,4804,0.8666687349139895,0.00034240917383847303,0.1327796956153122,0.00020916029686113982,25,10,10
45,4805,0.9104917829298074,2.474840080135259e-05,0.08929805728065196,0.00018541138873881966,25,10,10
45,4806,0.8445640802897673,0.00026031874119235223,0.15499031524953888,0.00018528571950018416,25,10,10
45,4807,0.8591101241882412,0.0002656401514117255,0.14045701657729506,0.00016721908305097308,25,10,10
45,4808,0.7860058035128793,0.00029610276069421277,0.18411715226117473,0.02958094146524961,25,10,10
45,4809,0.8412535920850988,4.20666405431611e-05,0.15858886471310712,0.00011547656125106603,25,10,10
45,4810,0.8246228522064498,5.260553281874447e-06,0.17512639225855678,0.0002454949817098311,25,10,10
45,4811,0.7469752058757407,1.6779177019568752e-05,0.24787445972351935,0.005133555223718475,25,10,10
45,4812,0.795234348661772,1.9254116790340723e-06,0.20457557948349916,0.00018814644304789618,25,10,10
45,4813,0.8330182760901067,4.407725619539634e-06,0.16641018357467718,0.0005671326095937166,25,10,10
45,4814,0.9064140142893801,3.6180456625022094e-06,0.09299382644890132,0.0005885412160561495,25,10,10
45,4815,0.9160921955807538,1.5646006650521716e-07,0.08382278012799979,8.486783117941521e-05,25,10,10
45,4816,0.9115845480122233,7.635642014198475e-06,0.08824352275999708,0.0001642935857655689,25,10,10
45,4817,0.8897807990586188,5.320347363357066e-05,0.11000593244750656,0.00016006502024035196,25,10,10
45,4818,0.8525656229626953,4.497362618121746e-05,0.14721326892709463,0.00017613448402821783,25,10,10
45,4819,0.8411624850612767,1.4335442809282029e-05,0.15258223967444237,0.006240939821472795,25,10,10
45,4820,0.8717937014409476,1.8801649574962136e-05,0.12192296860061498,0.006264528308861019,25,10,10
45,4821,0.7628655663953127,2.129785023269527e-05,0.2305996319203155,0.006513503834139267,25,10,10
45,4822,0.769738461921381,3.565404493108032e-05,0.18573171014970546,0.04449417388398338,25,10,10
45,4823,0.7554916651575507,5.610568406646628e-06,0.20351270841112168,0.04099001586291937,25,10,10
45,4824,0.7814880632841256,7.458029067825352e-07,0.17871779072148875,0.03979340019147888,25,10,10
45,4825,0.7609423283746305,9.785821112818036e-06,0.19098106613697285,0.048066819667283045,25,10,10
45,4826,0.8947880042093413,9.056118063359947e-07,0.06500644440799995,0.0402046457708521,25,10,10
45,4827,0.8654539637412607,5.061430218310277e-07,0.094813607045749,0.0397319230699678,25,10,10
45,4828,0.8410696668696706,9.34869986226616e-07,0.11914780679942918,0.03978159146091354,25,10,10
45,4829,0.8094713827307287,1.5331652402595376e-06,0.15023599029455084,0.040291093809479574,25,10,10
45,4830,0.8324667653554539,1.2150207188157865e-06,0.12784604248889636,0.03968597713492816,25,10,10
45,4831,0.721107428932241,4.198411004843453e-05,0.2388940937190389,0.03995649323866934,25,10,10
45,4832,0.6871262336105876,4.877835331793736e-05,0.2725094488877755,0.04031553914831768,25,10,10
45,4833,0.8243196924210365,5.06714045929107e-06,0.1359190229125882,0.039756217525916356,25,10,10
45,4834,0.845723766034473,1.331593340633972e-06,0.10827047829432004,0.046004424077866556,25,10,10
45,4835,0.7880645825581928,1.638216737861709e-06,0.16774396346272888,0.044189815762340386,25,10,10
45,4836,0.8091414626884624,0.0003918750040525803,0.15018664794966663,0.040280014357818784,25,10,10
45,4837,0.7843715972825736,0.0010646587155831758,0.1747825467425173,0.039781197259328695,25,10,10
45,4838,0.823466785252637,0.0010081686662975994,0.13532464882322312,0.04020039725783953,25,10,10
45,4839,0.8150877433885115,2.7230357151612272e-05,0.1451895326981226,0.03969549355621518,25,10,10
45,4840,0.8482750989996523,3.557293747049026e-07,0.12388746578743637,0.02783707948353709,25,10,10
45,4841,0.8541877185619855,5.510970991371301e-06,0.1158082182485259,0.029998552218496323,25,10,10
45,4842,0.8766691298035271,2.992948399465042e-06,0.08142382024507054,0.0419040570030026,25,10,10
45,4843,0.884009816611387,1.773758825481862e-06,0.10887374339505371,0.007114666234734096,25,10,10
45,4844,0.8384236383113354,1.6112346905822032e-05,0.1591544339858446,0.00240581535591317,25,10,10
45,4845,0.7721411792135701,4.177831881515134e-06,0.22765191397702697,0.00020272897752300793,25,10,10
45,4846,0.7440963314254351,4.928503334361005e-06,0.2506377687258673,0.005260971345363706,25,10,10
45,4847,0.8286580927199124,1.1579177131165518e-05,0.1693966488313806,0.0019336792715762938,25,10,10
45,4848,0.9023518288474129,9.146750029903462e-06,0.09257012277688109,0.005068901625675632,25,10,10
45,4849,0.9135780698767835,8.700725236752321e-07,0.08581023651160892,0.0006108235390838463,25,10,10
45,4850,0.9009214659064465,1.9733308533845014e-05,0.09846098252248088,0.0005978182625389557,25,10,10
45,4851,0.9172951846217537,1.9767280915939482e-05,0.08267343670754558,1.1611389784327866e-05,25,10,10
45,4852,0.912032862562766,3.126901931508258e-05,0.08697380011457208,0.0009620683033462758,25,10,10
45,4853,0.8939043366555613,1.2594584135616437e-05,0.10035140944429034,0.005731659316013288,25,10,10
45,4854,0.7835783293712629,3.000483771818026e-05,0.1772453024104632,0.03914636338055463,25,10,10
45,4855,0.681495238075138,3.043446932560392e-05,0.27146546346904415,0.047008863986497305,25,10,10
45,4856,0.7112309896889899,2.877877453677667e-05,0.2552159907310941,0.033524240805379475,25,10,10
45,4857,0.8015972488318641,7.465073318795439e-07,0.16091793023671783,0.03748407442408572,25,10,10
45,4858,0.8538513754600909,1.3706203301666742e-06,0.10537291216081006,0.04077434175876865,25,10,10
45,4859,0.7633281391272797,3.2852135021815434e-05,0.21428175905947008,0.022357249678232206,25,10,10
45,4860,0.75344617179348,0.00988897624937997,0.2329507408379435,0.0037141111191985364,25,10,10
45,4861,0.7936434589175626,0.007424736914069162,0.19468369203473607,0.004248112133634083,25,10,10
45,4862,0.8398196802114878,0.007423940063023267,0.12525548809557413,0.0275008916299126,25,10,10
45,4863,0.8263950613021425,2.7979383071050765e-05,0.14631781020674925,0.027259149108035695,25,10,10
45,4864,0.8305274243748351,1.594001612283671e-05,0.14216266856472048,0.027293967044320633,25,10,10
45,4865,0.8541329837047169,2.491172903748941e-05,0.14384536345975546,0.0019967411064890834,25,10,10
45,4866,0.8537897133328937,1.1569144618425134e-05,0.14577319167224975,0.00042552585023760363,25,10,10
45,4867,0.8327159796554915,6.506293689738811e-06,0.16688365223826115,0.0003938618125554395,25,10,10
45,4868,0.7689298077265729,5.43233616739524e-06,0.23097385594486863,9.090399239287142e-05,25,10,10
45,4869,0.7599572886155754,1.398123378812331e-05,0.237156436590808,0.00287229355982617,25,10,10
45,4870,0.8072034971775891,1.1442698345808108e-05,0.18993957227294378,0.002845487851124952,25,10,10
45,4871,0.8127074532828832,1.0942828116937997e-05,0.18638350458192415,0.0008980993070747218,25,10,10
45,4872,0.8600399616888899,4.43022532990168e-05,0.13946198496350667,0.0004537510943047047,25,10,10
45,4873,0.862078024644464,1.7753453673963654e-06,0.1376624718694811,0.00025772814068642376,25,10,10
45,4874,0.7749341403704507,5.472249255979027e-05,0.22498380727572,2.7329861270110547e-05,25,10,10
45,4875,0.8676205771557665,5.399233846599851e-05,0.1322535852507573,7.184525500981093e-05,25,10,10
45,4876,0.8892572375822348,0.0008912743177317778,0.10983727092768467,1.4217172347287354e-05,25,10,10
45,4877,0.9016508301235447,3.0140154851189413e-05,0.09796717396188596,0.0003518557597174671,25,10,10
45,4878,0.8715734582783319,1.083826221588789e-05,0.126523329852113,0.0018923736073388252,25,10,10
45,4879,0.8126916346530838,2.478315263584484e-05,0.18723816538602306,4.541680825449915e-05,25,10,10
45,4880,0.7750067775329164,2.5387871965914533e-06,0.22493966627710138,5.101740278504027e-05,25,10,10
45,4881,0.7830756780740624,4.3898924079692105e-05,0.2168671027800649,1.3320221792860107e-05,25,10,10
45,4882,0.6723094593920338,5.209635659728325e-05,0.24782354901225365,0.0798148952391134,25,10,10
45,4883,0.7386977212758663,1.840588136422835e-05,0.22283463277104953,0.038449240071716836,25,10,10
45,4884,0.7561837137716335,1.713419621916769e-05,0.21980195078743012,0.023997201244712912,25,10,10
45,4885,0.752781916628372,2.0328398738513235e-05,0.24319586054508183,0.004001894427807267,25,10,10
45,4886,0.7824781727669838,1.1825862896631452e-05,0.21379695748514765,0.0037130438849702113,25,10,10
45,4887,0.8655922388330548,1.4616221501695948e-05,0.12932050340137555,0.005072641544068373,25,10,10
45,4888,0.8762027010184871,0.00047287120387775987,0.11967805101216962,0.003646376765464876,25,10,10
45,4889,0.9013447654263854,3.7554301768960115e-07,0.09480545161416247,0.003849407416433156,25,10,10
45,4890,0.8296926658102253,0.0001685599622166324,0.16643349738639313,0.0037052768411644423,25,10,10
45,4891,0.8279917574060984,0.0001819183466723101,0.17156934311904073,0.0002569811281858972,25,10,10
45,4892,0.8543828783118694,7.898141222862565e-05,0.14532084943729592,0.00021729083860426996,25,10,10
45,4893,0.8220783225350788,7.881504063238287e-06,0.17755720749783474,0.000356588463022786,25,10,10
45,4894,0.8740082919455776,0.0010246448324377812,0.12470684432119467,0.0002602189007891321,25,10,10
45,4895,0.8611780676086839,3.638844925257968e-06,0.13879917933818703,1.911420820270575e-05,25,10,10
45,4896,0.8404669346522339,2.75507947187584e-06,0.15923783715213868,0.0002924731161536081,25,10,10
45,4897,0.7994696709040836,4.331865794778413e-06,0.20050284793286421,2.3149297254992886e-05,25,10,10
45,4898,0.8728724079274002,4.229415001659518e-06,0.1269458617736358,0.00017750088396135732,25,10,10
45,4899,0.8634739819809915,1.392992628095755e-05,0.13167040834401697,0.004841679748711373,25,10,10
45,4900,0.7704286771145183,3.331856853531823e-05,0.21686360621568845,0.012674398101256923,25,10,10
45,4901,0.8205239037943906,1.9470862392111472e-06,0.1709214838427467,0.008552665276623503,25,10,10
45,4902,0.7746709679811502,0.0005300015205504221,0.22336168644382604,0.0014373440544716803,25,10,10
45,4903,0.8266450787877824,1.2005348890057376e-06,0.17299687660681515,0.00035684407051358405,25,10,10
45,4904,0.906571398065844,6.46304768329709e-07,0.0932670524125275,0.00016090321685999464,25,10,10
45,4905,0.8801823230186586,9.812790813068325e-07,0.1172602105419027,0.0025564851603577634,25,10,10
45,4906,0.9168409564997541,1.4669024617599739e-06,0.08072186210149168,0.002435714496291748,25,10,10
45,4907,0.8598259196962159,1.9394456891978106e-06,0.13673438960704906,0.0034377512510442047,25,10,10
45,4908,0.8585451758500432,2.449242460502388e-06,0.14125681381669275,0.0001955610908012346,25,10,10
45,4909,0.8866398145665276,5.863716044967032e-06,0.1131603362567343,0.00019398546069298602,25,10,10
45,4910,0.8766412271899519,1.21390419486399e-05,0.09892235389597545,0.024424279872124446,25,10,10
45,4911,0.855306769105135,2.195899599794786e-06,0.12044718818785788,0.024243846807408053,25,10,10
45,4912,0.834956738197031,2.893978140962943e-06,0.14063125637476048,0.024409111450065843,25,10,10
45,4913,0.8989088711463034,1.5937143944118037e-06,0.09792501332793892,0.0031645218113631494,25,10,10
45,4914,0.8626625856839246,5.206700362058517e-05,0.137189902634746,9.544467770821133e-05,25,10,10
45,4915,0.7934591620348002,2.0740803472148943e-05,0.20641981825003244,0.00010027891169436179,25,10,10
45,4916,0.8609743824428121,1.6552578553983115e-07,0.13900820839770886,1.72436336938042e-05,25,10,10
45,4917,0.8901639787677602,6.7660289811252026e-06,0.10805680713364342,0.0017724480696164689,25,10,10
45,4918,0.771473845925212,1.813020573810159e-05,0.22606733840353443,0.002440685465517119,25,10,10
45,4919,0.8123887449925675,1.1095970697551767e-05,0.15402004876229897,0.03358011027443553,25,10,10
45,4920,0.7826190457585446,1.6273406464685902e-05,0.1774187408741135,0.03994593996087748,25,10,10
45,4921,0.7278020909336169,8.28381002712461e-06,0.26558397757168867,0.006605647684666226,25,10,10
45,4922,0.7567968453730671,1.781883112980398e-05,0.24303328224769807,0.00015205354810405834,25,10,10
45,4923,0.7780018719629878,2.7301553678214888e-05,0.2187028104407499,0.0032680160425847867,25,10,10
45,4924,0.8114217051532235,3.679817092258467e-05,0.1853312236612665,0.003210273014584919,25,10,10
45,4925,0.8340081900404749,2.541835093283011e-05,0.15881232867941386,0.007154062929177834,25,10,10
45,4926,0.8839990190273872,0.00039172577234083397,0.11541860169210075,0.00019065350817097578,25,10,10
45,4927,0.8568953493848368,0.0003791735394146494,0.13866532794994207,0.00406014912580436,25,10,10
45,4928,0.8563103470441719,1.2639476273083159e-05,0.14147277146181997,0.002204242017733789,25,10,10
45,4929,0.9174292415478152,2.1732238259539886e-05,0.08246538037177588,8.364584214773182e-05,25,10,10
45,4930,0.8894826343709775,2.4652470670426032e-05,0.10279941330012461,0.007693299858227484,25,10,10
45,4931,0.8823851077670549,0.0005391350251303385,0.1169358399155451,0.00013991729226762198,25,10,10
45,4932,0.7935121919625157,4.3558654754885826e-05,0.17730892702716225,0.02913532235556766,25,10,10
45,4933,0.7980101143217891,1.6681545762413894e-05,0.16260792958560227,0.039365274546845616,25,10,10
45,4934,0.8069256530486202,4.999341439707234e-06,0.15317084109449042,0.03989850651544947,25,10,10
45,4935,0.6732261619571177,5.185127095279918e-06,0.28429650742361107,0.042472145492175074,25,10,10
45,4936,0.7004039174512734,1.4151378556010695e-05,0.23508018307778175,0.0645017480923863,25,10,10
45,4937,0.8208461929734159,0.000329494434965035,0.15857487756827993,0.020249435023337873,25,10,10
45,4938,0.839197304038443,9.639640542121277e-06,0.10310746174788143,0.05768559457313339,25,10,10
45,4939,0.7640853142491862,0.0001632134726450668,0.1784446853990561,0.05730678687911077,25,10,10
45,4940,0.8085791965196215,0.00016330140112725,0.14879570825571678,0.04246179382353509,25,10,10
45,4941,0.7636973318691966,3.4429390041354513e-06,0.19609319469729664,0.04020603049450111,25,10,10
45,4942,0.7436784245102683,1.4369282382816515e-06,0.24292372372494378,0.013396414836548711,25,10,10
45,4943,0.7567104977417913,7.584385196965937e-06,0.24322950280934516,5.2415063664799065e-05,25,10,10
45,4944,0.7711344799775126,8.960222315165828e-06,0.22864982890090713,0.0002067308992653241,25,10,10
45,4945,0.7987580109359655,3.4572436963957463e-06,0.20098577474799156,0.0002527570723472302,25,10,10
45,4946,0.807789994111371,1.7726939682919023e-06,0.18652943462731048,0.00567879856735134,25,10,10
45,4947,0.7594789617709261,4.152214678409916e-06,0.2344733872052572,0.006043498809139914,25,10,10
45,4948,0.7435239722037064,2.247807632329548e-06,0.24318347045360397,0.013290309535056008,25,10,10
45,4949,0.8313176029722726,7.847343728799033e-06,0.16858801052239145,8.653916160592136e-05,25,10,10
45,4950,0.7773485737639397,1.0285911524460716e-06,0.2222065534250773,0.00044384421983190175,25,10,10
45,4951,0.8504724111240485,1.1902601084850013e-06,0.14929099820100888,0.00023540041483341125,25,10,10
45,4952,0.865168736167406,5.839680276988983e-05,0.13159681242355717,0.00317605460626665,25,10,10
45,4953,0.7896577991870362,5.757938044334829e-06,0.20979060386557993,0.0005458390093390696,25,10,10
45,4954,0.7934502017303973,2.885028924082279e-06,0.20619651877666076,0.0003503944640186542,25,10,10
45,4955,0.7705090671553272,2.8331533694221697e-05,0.2292290479921018,0.000233553318875541,25,10,10
45,4956,0.8634411444683238,8.694340953101366e-06,0.13594830931051008,0.0006018518802115555,25,10,10
45,4957,0.8178243140761958,1.7791689862698863e-06,0.17737609077222738,0.004797815982589814,25,10,10
45,4958,0.7740030746811474,1.4856211632406186e-06,0.2185936683702084,0.007401771327483172,25,10,10
45,4959,0.8179134581774329,2.6287624995815247e-06,0.1744558776892643,0.007628035370804171,25,10,10
45,4960,0.8733652543432843,3.064563638286842e-05,0.12392109744701628,0.0026830025733153157,25,10,10
45,4961,0.8486399820687076,2.1664076613179858e-06,0.1490093656032174,0.002348485920411067,25,10,10
45,4962,0.8586219828386722,1.9568965305737643e-05,0.13872619383857715,0.00263225435744373,25,10,10
45,4963,0.8384350388467452,0.0005887497197931586,0.15755907992707419,0.003417131506387053,25,10,10
45,4964,0.8184792920946077,3.730229246541468e-06,0.1814894567717002,2.752090444312752e-05,25,10,10
45,4965,0.8733478349847803,7.884798975374529e-07,0.12642794573303676,0.0002234308022851346,25,10,10
45,4966,0.8591891831993053,3.0263293592751318e-05,0.10715085986623826,0.03362969364086455,25,10,10
45,4967,0.9082465960137882,1.3514005401662956e-05,0.05472894695954936,0.037010943021260276,25,10,10
45,4968,0.8537718134737813,0.0005237684157191766,0.14248924266854684,0.0032151754419530933,25,10,10
45,4969,0.7954692041811559,1.754120399744306e-05,0.20388847275776592,0.0006247818570770344,25,10,10
45,4970,0.7677034213213468,3.679573127707924e-05,0.19474463125753805,0.037515151689835276,25,10,10
45,4971,0.8388643572442837,6.829039027846582e-07,0.120092556097248,0.0410424037545656,25,10,10
45,4972,0.9355628514874615,7.474284027540758e-07,0.06429995009656059,0.0001364509875751466,25,10,10
45,4973,0.8893941013261933,8.957964135228751e-07,0.11054979234356617,5.5210533826601076e-05,25,10,10
45,4974,0.8986292106464311,1.1090927218373777e-05,0.1012802028621358,7.949556421326302e-05,25,10,10
45,4975,0.8260719835147533,0.0032857474422610515,0.15631687653781984,0.014325392505164028,25,10,10
45,4976,0.7692054631638493,0.0032856057683175,0.19627762853481998,0.031231302533010968,25,10,10
45,4977,0.8015130265083222,0.0032999919907974974,0.1864055538860461,0.008781427614833987,25,10,10
45,4978,0.8239013335205815,0.0032919079248188493,0.17051107840494864,0.002295680149650073,25,10,10
45,4979,0.7956580117901741,0.0032596676198952345,0.20058398668503988,0.0004983339048906653,25,10,10
45,4980,0.8145648576772089,2.0414930565151186e-05,0.18511474827287405,0.0002999791193527585,25,10,10
45,4981,0.8272591554835492,2.3487601145368984e-06,0.1723039420971853,0.00043455365915016475,25,10,10
45,4982,0.7649305501916772,1.5106973337122841e-06,0.23168487550182676,0.0033830636091637034,25,10,10
45,4983,0.8301387265219646,1.1615890220876122e-06,0.16177121005963754,0.008088901829374811,25,10,10
45,4984,0.8125146961740286,1.5990840754372088e-06,0.1870464199269837,0.00043728481491467233,25,10,10
45,4985,0.8477522241739913,1.6810662694896588e-06,0.1521260107389343,0.00012008402080475615,25,10,10
45,4986,0.8918191843327185,4.941960637512067e-07,0.10812256314027448,5.775833094305272e-05,25,10,10
45,4987,0.8773813721675658,1.001757428970847e-05,0.12251419090633048,9.441935181342725e-05,25,10,10
45,4988,0.8812566796760437,1.8104610970759975e-05,0.11822608576558208,0.0004991299474025817,25,10,10
45,4989,0.8350943088007639,3.093995688133703e-06,0.12261672690177114,0.0422858703017737,25,10,10
45,4990,0.8360418336036094,0.0002924882803025546,0.12400038210318545,0.03966529601290105,25,10,10
45,4991,0.8299857267394298,2.648711455444478e-06,0.12998517758377034,0.040026446965343965,25,10,10
45,4992,0.8974126948253286,1.5588976922633734e-06,0.06276490403879077,0.039820842238188735,25,10,10
45,4993,0.8976295520348834,9.615581578999289e-07,0.10044350540568674,0.0019259810012719392,25,10,10
45,4994,0.8999423320489562,1.3413636286063369e-06,0.09947791612107483,0.0005784104663398176,25,10,10
45,4995,0.8861073924016512,3.193328541814681e-05,0.11377067990102181,8.999441190737022e-05,25,10,10
45,4996,0.9025165320958667,6.380250004824967e-07,0.09725590169980589,0.00022692817932647703,25,10,10
45,4997,0.8475870242536488,4.129280036736617e-06,0.15216308069519233,0.00024576577112086617,25,10,10
45,4998,0.8941788455079467,1.4001733421053899e-05,0.10549273732846752,0.0003144154301644779,25,10,10
45,4999,0.8329326128758616,0.00033028406272672694,0.1639523922395085,0.002784710821904593,25,10,10
45,5000,0.8491119270748709,1.552286129010884e-05,0.14925041394706962,0.0016221361167679644,25,10,10
45,5001,0.8302093190562013,1.0569993673951522e-05,0.1696240064086655,0.00015610454146029067,25,10,10
45,5002,0.8267050500433402,2.199186939267086e-05,0.17281794686141538,0.00045501122585143885,25,10,10
45,5003,0.8336050846281283,9.50120479102143e-06,0.16377409056160563,0.0026113236054762902,25,10,10
45,5004,0.8130035413492643,9.49433039134309e-06,0.18480505668501823,0.002181907635324823,25,10,10
45,5005,0.8686948761944931,7.084748688827206e-06,0.12905130407979834,0.002246734977017606,25,10,10
45,5006,0.8138352217873275,7.096863809163348e-06,0.18049884089831345,0.005658840450550333,25,10,10
45,5007,0.8474853811232975,8.194547676111788e-06,0.14882015264443604,0.003686271684588788,25,10,10
45,5008,0.8423858393589763,0.0007876599452129749,0.15681597708771866,1.052360809080315e-05,25,10,10
45,5009,0.7690844504255524,3.0347771954482754e-06,0.2044916781583998,0.026420836638853463,25,10,10
45,5010,0.7559791034418862,7.691514579091729e-06,0.2098831851002272,0.034130019943306764,25,10,10
45,5011,0.8451216756028763,1.2504122163857754e-05,0.11617007488073115,0.03869574539422729,25,10,10
45,5012,0.7240851739044587,4.679065907806258e-05,0.2370667168896597,0.038801318546802285,25,10,10
45,5013,0.7972508844411433,6.075201173735184e-06,0.1618671510286169,0.04087588932906448,25,10,10
45,5014,0.797592238560781,1.6963950086334706e-05,0.161497766262409,0.04089303122672442,25,10,10
45,5015,0.8309112415999118,7.673734841534148e-07,0.13251667947651874,0.0365713115500849,25,10,10
45,5016,0.8181795984816767,1.098839335129223e-06,0.14516395807201282,0.0366553446069743,25,10,10
45,5017,0.7867594411883141,1.727993271170717e-06,0.17666708366539047,0.03657174715302581,25,10,10
45,5018,0.8208744255578229,1.2329677362202076e-06,0.141259281498102,0.037865059976338274,25,10,10
45,5019,0.7758377566192892,0.0002344456829821689,0.1860486339334824,0.03787916376424682,25,10,10
45,5020,0.7373457981206936,0.00023258346679568543,0.22240955888923997,0.04001205952327024,25,10,10
45,5021,0.772305940420005,4.783957332304065e-07,0.18769218512153196,0.04000139606273101,25,10,10
45,5022,0.8244222081843726,1.9123137690988596e-07,0.1356821932389655,0.039895407345282866,25,10,10
45,5023,0.8097385589360299,6.260991354630208e-05,0.15006886932537852,0.04012996182504636,25,10,10
45,5024,0.8912540122455832,1.1244609860656914e-06,0.07317839433741097,0.03556646895601997,25,10,10
45,5025,0.8527655480036747,0.0014763425544857905,0.10601023284305963,0.03974787659877839,25,10,10
45,5026,0.9197996080331495,4.0534324845883873e-07,0.046991240540074475,0.0332087460835272,25,10,10
45,5027,0.823098436919247,1.0044676472526156e-06,0.13693560018268167,0.03996495843042223,25,10,10
45,5028,0.8188050999353237,1.8652542098803872e-05,0.13873798121705727,0.0424382663055206,25,10,10
45,5029,0.780326805665692,1.1317859003062617e-05,0.17971098990795198,0.039950886567352885,25,10,10
45,5030,0.7789270951754022,0.0002462135970114035,0.1805738939820281,0.04025279724555588,25,10,10
45,5031,0.7535606066533005,0.00021457452099311183,0.20632540085307272,0.03989941797263195,25,10,10
45,5032,0.7544012738930573,0.00021374956101905877,0.20556345529214842,0.03982152125377217,25,10,10
45,5033,0.8107755486723051,0.0007277268275237548,0.14496912218387506,0.043527602316296245,25,10,10
45,5034,0.7694079454761286,0.0058452657390161865,0.17859882028604354,0.046147968498810414,25,10,10
45,5035,0.6996075915012692,2.541255489962581e-06,0.24589703862531898,0.05449282861792143,25,10,10
45,5036,0.7144295990568402,9.424097669262922e-07,0.21817898428585805,0.06739047424753233,25,10,10
45,5037,0.8652868215653684,9.621171049144365e-07,0.05542742626828865,0.07928479004923875,25,10,10
45,5038,0.7711500324025906,2.851130321651007e-06,0.12398012866274381,0.10486698780434228,25,10,10
45,5039,0.7317053125822764,3.6950745167854637e-06,0.20741133138789083,0.06087966095531769,25,10,10
45,5040,0.7935957194526027,9.984155453445914e-07,0.1495469212947838,0.05685636083706799,25,10,10
45,5041,0.7683358780619095,2.1357480559992986e-06,0.17468833377816875,0.056973652411865514,25,10,10
45,5042,0.7451120826504589,3.4283270660934383e-06,0.16853682810522058,0.0863476609172525,25,10,10
45,5043,0.7693971543851329,1.2524017530928771e-06,0.1369638070629075,0.09363778615020622,25,10,10
45,5044,0.8150548957287591,1.781203561001337e-05,0.1360800880056298,0.048847204230000385,25,10,10
45,5045,0.7956532691708225,0.0005361829752904961,0.15513829463252504,0.04867225322136119,25,10,10
45,5046,0.7682017105984197,1.993599133046189e-05,0.18222875965562702,0.04954959375462214,25,10,10
45,5047,0.7689442893331677,4.126920029897672e-05,0.19546232369190655,0.03555211777462428,25,10,10
45,5048,0.7849921417313154,7.236643802829986e-05,0.1858207005746841,0.029114791255971398,25,10,10
45,5049,0.8093037114676384,5.5366802703801945e-05,0.15796747078483095,0.03267345094482722,25,10,10
45,5050,0.9096842193287067,7.872257448594636e-06,0.05957370738898792,0.030734201024856703,25,10,10
45,5051,0.8887559992482801,5.446427790154547e-05,0.07112775889725333,0.040061777576564886,25,10,10
45,5052,0.8396238449338914,1.0802452473660266e-05,0.13425453783360236,0.02611081478003235,25,10,10
45,5053,0.8377053625304657,2.2134206798034292e-05,0.12182942830551832,0.040443074957218224,25,10,10
45,5054,0.9072629992723023,0.00035587906460731096,0.06903284795996202,0.02334827370312852,25,10,10
45,5055,0.8373432078484232,0.009516166891255132,0.1299151614470492,0.023225463813268045,25,10,10
45,5056,0.8012672239727874,0.010263225049954578,0.1488277143227203,0.03964183665453538,25,10,10
45,5057,0.8004016959990513,0.010270073429390614,0.18870794868190605,0.0006202818896519307,25,10,10
45,5058,0.7973155227296388,8.578177558732564e-05,0.20227725093878046,0.0003214445559945274,25,10,10
45,5059,0.8127055451924893,2.307731213851065e-05,0.18649781366358997,0.0007735638317804123,25,10,10
45,5060,0.882678810939055,2.3259426748111866e-06,0.11730941366486419,9.449453406956224e-06,25,10,10
45,5061,0.8916582087920446,2.9718606452817275e-06,0.10832123929014173,1.7580057165225046e-05,25,10,10
45,5062,0.914609061473076,2.1884798532786475e-06,0.0853146630364587,7.408701061082919e-05,25,10,10
45,5063,0.8990512415855594,1.6081675271885264e-06,0.1006588635687964,0.0002882866781166001,25,10,10
45,5064,0.8525730251380936,3.465850916928151e-05,0.12335031067674583,0.024042005675989978,25,10,10
45,5065,0.8390614156744723,0.0005894981323677326,0.1308963368165634,0.02945274937659643,25,10,10
45,5066,0.8829544691055499,3.501179199021866e-05,0.11438875447377753,0.0026217646286817507,25,10,10
45,5067,0.893977149810901,4.6657198499186396e-07,0.10322320956916414,0.0027991740479501193,25,10,10
45,5068,0.9194754166989954,7.546178049143826e-07,0.07288782244358759,0.007636006239611478,25,10,10
45,5069,0.8799379134826404,2.648153318607746e-06,0.11980873755996538,0.0002507008040747147,25,10,10
45,5070,0.8554510918221122,9.016590680616156e-06,0.13753237289400355,0.007007518693203482,25,10,10
45,5071,0.8363181076401027,1.3362138811684756e-05,0.16333915958039305,0.00032937064069084635,25,10,10
45,5072,0.7369896291405316,0.012768163464584816,0.24969632429415178,0.0005458831007322574,25,10,10
45,5073,0.7903577177473671,0.035132473283774696,0.1743357588196754,0.00017405014918200836,25,10,10
45,5074,0.8555069766457123,0.0351220501449479,0.10915179593809125,0.00021917727124911283,25,10,10
45,5075,0.8375862402617407,0.036840526682079495,0.12531195162111056,0.00026128143506789635,25,10,10
45,5076,0.8514958477333837,4.26037851078588e-05,0.1484264325051422,3.511597636355408e-05,25,10,10
45,5077,0.8648934118707752,0.0008345932588908779,0.13418178712276427,9.020774756996345e-05,25,10,10
45,5078,0.750341874557894,0.0008771179972227714,0.23925693869212236,0.009524068752761594,25,10,10
45,5079,0.8459588791328503,0.0008758274854014743,0.11335833904397516,0.03980695433777285,25,10,10
45,5080,0.9325765550562424,5.641656999924836e-07,0.02764432498232331,0.0397785557957342,25,10,10
45,5081,0.8425652561840954,4.05466804084217e-05,0.11736389099364879,0.04003030614184475,25,10,10
45,5082,0.8250534923629218,4.105002570311346e-05,0.1348585238606585,0.04004693375071376,25,10,10
45,5083,0.7189441436493259,0.00012921515679507862,0.24069974968160232,0.04022689151227563,25,10,10
45,5084,0.7086189235077999,0.0005159820282533996,0.24524054814033786,0.04562454632361094,25,10,10
45,5085,0.7050343193667412,0.0006005720945190079,0.2377613653177011,0.05660374322103733,25,10,10
45,5086,0.7045710498767862,1.5039219101342905e-05,0.2225906719150036,0.0728232389891082,25,10,10
45,5087,0.7770684794674168,1.4731921041944989e-07,0.17524268973877113,0.04768868347459973,25,10,10
45,5088,0.7729406975939491,3.0028327284823885e-07,0.14430070714049578,0.08275829498228181,25,10,10
45,5089,0.7917232457157732,7.097273431482933e-07,0.14405471263211173,0.06422133192477228,25,10,10
45,5090,0.7887813333429264,5.638216877105445e-07,0.14116873321940862,0.07004936961597623,25,10,10
45,5091,0.7566072449302219,1.0561559388150145e-05,0.17600781502844753,0.06737437848194108,25,10,10
45,5092,0.8008409568077695,9.813898304023407e-06,0.1293201143266583,0.06982911496726724,25,10,10
45,5093,0.779458435894126,8.065250519013776e-06,0.14768335037494296,0.07285014848041055,25,10,10
45,5094,0.7854928937009471,1.1100712413486702e-06,0.16138159483848752,0.0531244013893224,25,10,10
45,5095,0.8547443787245412,9.58162847579452e-07,0.10326245047511477,0.04199221263749659,25,10,10
45,5096,0.8163562578713923,1.8084521655807346e-06,0.1450261861380194,0.03861574753842252,25,10,10
45,5097,0.8088125392854671,0.00016972676321186267,0.1787357762292371,0.012281957722083108,25,10,10
45,5098,0.7969307202451575,0.00013837891740994994,0.15622202749881337,0.04670887333861798,25,10,10
45,5099,0.7886477306209081,3.743609523909976e-05,0.17442501829645318,0.03688981498739694,25,10,10
45,5100,0.8002468122460664,2.378336920796367e-05,0.1721114004529217,0.027618003931803355,25,10,10
45,5101,0.7399962994283341,0.00027933327221371873,0.23009667455025315,0.02962769274919962,25,10,10
45,5102,0.8001796104232258,0.0007049708816925547,0.15753867415920403,0.0415767445358754,25,10,10
45,5103,0.8294911289976451,0.000650828904305687,0.1283763314573092,0.04148171064074,25,10,10
45,5104,0.8034928987808604,3.186749846689311e-05,0.15703730252302633,0.03943793119764849,25,10,10
45,5105,0.8549044267095411,1.4129007575877944e-05,0.10060803702320506,0.04447340725967875,25,10,10
45,5106,0.7861594615994275,7.521420758899794e-05,0.17840234006643663,0.03536298412654365,25,10,10
45,5107,0.7747452643696721,1.8447792571866682e-05,0.17694433088191822,0.048291956955835325,25,10,10
45,5108,0.8136641274229174,8.050794208698564e-06,0.1407985682230943,0.04552925355977856,25,10,10
45,5109,0.892048286765036,2.642324175286396e-05,0.09489560785623687,0.013029682136974398,25,10,10
45,5110,0.8337634933722188,2.074431205557659e-05,0.16594106329516445,0.0002746990205581785,25,10,10
45,5111,0.8077553565482134,3.223004377330789e-05,0.1886729700541111,0.0035394433539006824,25,10,10
45,5112,0.8989777792178215,1.3448934482831743e-06,0.1009281329219587,9.274296677084829e-05,25,10,10
45,5113,0.8031456981914599,4.99575324278929e-05,0.19269052084183005,0.004113823434281416,25,10,10
45,5114,0.8240656533761025,7.457013816958084e-06,0.17161236003741676,0.004314529572662978,25,10,10
45,5115,0.766813069440495,1.8632268952507848e-05,0.19158712886917734,0.04158116942137506,25,10,10
45,5116,0.7950033971294813,2.9047902322923467e-05,0.16524394165466902,0.03972361331352615,25,10,10
45,5117,0.6920006404884232,0.00622949416634153,0.25755731805422943,0.04421254729100674,25,10,10
45,5118,0.7625605286641651,0.010042560235804807,0.1870805770754318,0.040316334024597354,25,10,10
45,5119,0.7364430474552798,0.014083644964051617,0.19938118416458855,0.05009212341607916,25,10,10
45,5120,0.7886682801197078,0.010629694433674085,0.19262400511091454,0.008078020335703191,25,10,10
45,5121,0.7719131093298381,0.01063658498598395,0.18370578719111536,0.03374451849306237,25,10,10
45,5122,0.7600171276446467,0.03502608372624285,0.15723980463578272,0.04771698399332441,25,10,10
45,5123,0.787537925407389,0.010201468044047429,0.1877679631322275,0.014492643416335958,25,10,10
45,5124,0.7529074806633084,0.00043451601276453685,0.24623782692550086,0.00042017639842749447,25,10,10
45,5125,0.7945816668220196,0.0007495025068346042,0.20405874392584042,0.0006100867453071006,25,10,10
45,5126,0.7159788257815647,2.6815746986915082e-05,0.27164806636617594,0.012346292105271755,25,10,10
45,5127,0.8385294226192744,0.0003934294321348687,0.12109227053390663,0.03998487741468354,25,10,10
45,5128,0.832403183006999,6.513403756958559e-05,0.1250091064721426,0.04252257648328813,25,10,10
45,5129,0.8167151323264795,7.079120366596453e-05,0.1828975267830921,0.00031654968676222457,25,10,10
45,5130,0.843893715274165,5.507394710721719e-06,0.15596766067170686,0.00013311665941679096,25,10,10
45,5131,0.862513425475683,1.4481877407874316e-06,0.13739413983722795,9.098649934746202e-05,25,10,10
45,5132,0.8838269974213674,3.4275831405392727e-06,0.08366025940887445,0.032509315586617765,25,10,10
45,5133,0.855699038573269,3.655882444492586e-06,0.11540261884060536,0.028894686703680384,25,10,10
45,5134,0.8238351271710275,1.8958033751940406e-06,0.13983197859229585,0.03633099843329892,25,10,10
45,5135,0.7857805707707786,1.555594814965621e-06,0.17779598188671458,0.036421891747692954,25,10,10
45,5136,0.8162149513342999,4.334260274922081e-06,0.14299034836491478,0.040790366040510256,25,10,10
45,5137,0.8659445936541098,6.266496854300551e-07,0.09963765115110118,0.03441712854510394,25,10,10
45,5138,0.7942793378676959,1.7066420364533283e-06,0.16656795531422927,0.039151000176039084,25,10,10
45,5139,0.8309952790759868,1.906143966427759e-06,0.14410483726534296,0.024897977514704694,25,10,10
45,5140,0.7746380597757166,2.540037095980377e-06,0.21707055061045266,0.008288849576735709,25,10,10
45,5141,0.7527651062315672,3.963634392498699e-06,0.23906553502617917,0.008165395107860806,25,10,10
45,5142,0.7599865173400854,6.503182303354952e-05,0.2316322842374445,0.00831616659943698,25,10,10
45,5143,0.8457080408499617,1.54216484332499e-05,0.14611213861484537,0.00816439888675921,25,10,10
45,5144,0.7600339225167088,4.6084111106464476e-07,0.15749796058286059,0.08246765605931836,25,10,10
45,5145,0.7635661904600453,4.18942803204865e-06,0.1966564172761348,0.03977320283578853,25,10,10
45,5146,0.826884462667141,4.097587738593545e-06,0.13352916741076956,0.03958227233435097,25,10,10
45,5147,0.762863244206385,2.817202638532251e-06,0.22722453750804,0.009909401082935993,25,10,10
45,5148,0.7513979463117161,6.881666153164515e-05,0.23809014637681905,0.010443090649931349,25,10,10
45,5149,0.7337358010622661,0.000379702931712169,0.22408337542285214,0.04180112058316854,25,10,10
45,5150,0.815647750028916,1.218750536682886e-05,0.10050343608522166,0.08383662638049529,25,10,10
45,5151,0.8504473076765041,2.29345581192177e-05,0.13991077481490005,0.00961898295047493,25,10,10
45,5152,0.9122612132177479,1.6117146383830682e-06,0.08770347572609279,3.3699341520665254e-05,25,10,10
45,5153,0.8451691514141362,3.020813943954555e-06,0.1543734648585571,0.000454362913362061,25,10,10
45,5154,0.8720615049951107,4.799801294708147e-06,0.12493590060878057,0.0029977945948128763,25,10,10
45,5155,0.8763644970179854,2.6715686446437555e-05,0.12020262727401576,0.003406160021550487,25,10,10
45,5156,0.8960321376966567,3.393525372877977e-06,0.10142434477448782,0.00254012400348275,25,10,10
45,5157,0.9125662052157066,3.5706412627327137e-06,0.08464413580924784,0.0027860883337829235,25,10,10
45,5158,0.8594420211619475,3.4034715105722503e-06,0.13781171798395464,0.0027428573825865167,25,10,10
45,5159,0.83343205949005,1.2454506863007384e-05,0.1661900230189295,0.00036546298415967736,25,10,10
45,5160,0.8297165458611189,1.1110076085347775e-05,0.16944012448545126,0.0008322195773429703,25,10,10
45,5161,0.8572340856383015,1.1732307928635382e-06,0.14274774755521488,1.699357569170258e-05,25,10,10
45,5162,0.8414078828865158,4.233776486612486e-06,0.15832183140839765,0.00026605192859958287,25,10,10
45,5163,0.8790878951911409,1.2841570809046583e-05,0.12075413329067192,0.0001451299473788336,25,10,10
45,5164,0.868009579193947,2.321448833221192e-05,0.1051784237426529,0.026788782575068098,25,10,10
45,5165,0.7694976054164999,2.1839787177753515e-05,0.19033478649258753,0.0401457683037365,25,10,10
45,5166,0.7662683072843004,6.908551503852088e-06,0.19175370233958935,0.04197108182460624,25,10,10
45,5167,0.8034548951232623,1.5805830532456232e-06,0.15641343628582352,0.04013008800785883,25,10,10
45,5168,0.7896671250346798,2.865648262102693e-05,0.1639434138182023,0.046360804664494826,25,10,10
45,5169,0.8256463466389735,2.7399346289542973e-05,0.13279199489509005,0.04153425911964623,25,10,10
45,5170,0.9111333843779414,6.969063550716999e-07,0.0513946764822548,0.037471242233448845,25,10,10
45,5171,0.7913771613989847,8.848404752359774e-06,0.16513848687915295,0.04347550331710799,25,10,10
45,5172,0.8286702667561069,1.5503179915902797e-07,0.16300428385769905,0.00832529435439437,25,10,10
45,5173,0.8398928075525665,7.337551660966395e-05,0.15964604718417338,0.00038776974664793797,25,10,10
45,5174,0.8828299255560915,7.559451634594848e-05,0.11669031405556499,0.00040416587199607274,25,10,10
45,5175,0.8461674447975978,9.488184905617186e-06,0.1513589898624165,0.0024640771550788034,25,10,10
45,5176,0.7819656207798805,1.0491131100140841e-05,0.2141208993379031,0.003902988751116475,25,10,10
45,5177,0.8655959374367719,2.1457394262860262e-05,0.13197012828311638,0.002412476885849647,25,10,10
45,5178,0.8942718467738565,2.0409012800817854e-05,0.1033072654323324,0.0024004787810100454,25,10,10
45,5179,0.8713732301792126,6.953741625553768e-05,0.12814169532089204,0.00041553708363866105,25,10,10
45,5180,0.8497456067959347,6.233787869013958e-05,0.14986701159405602,0.0003250437313181563,25,10,10
45,5181,0.8557068037804524,6.250670786738708e-05,0.14415845739528163,7.223211639838881e-05,25,10,10
45,5182,0.909642797412372,2.429975415972922e-06,0.09011625514025923,0.00023851747195309417,25,10,10
45,5183,0.8663438225321012,4.2636646280049276e-06,0.133075313259744,0.0005766005435259417,25,10,10
45,5184,0.844348136659967,5.1192532588219835e-06,0.15498459299477568,0.0006621510919979563,25,10,10
45,5185,0.8618070658985495,2.8663330209863202e-06,0.13752414279432323,0.000665924974105549,25,10,10
45,5186,0.9006293936853988,1.2161295653627903e-05,0.09848136496289796,0.0008770800560490659,25,10,10
45,5187,0.8824537870726584,2.0146690664432147e-05,0.08201756065341062,0.03550850558326617,25,10,10
45,5188,0.8389386720412445,1.765515044792441e-05,0.1259130200171173,0.035130652791188884,25,10,10
45,5189,0.8189869238624891,0.00032140434048736184,0.1412245529783992,0.03946711881862242,25,10,10
45,5190,0.7228956347694416,3.871185886778138e-05,0.20338940782302303,0.07367624554866632,25,10,10
45,5191,0.70470909051416,0.00010473314407792186,0.21230292201397638,0.08288325432778543,25,10,10
45,5192,0.7012355956513224,0.0003185292524978395,0.21414231665841021,0.08430355843776983,25,10,10
45,5193,0.6922869400183369,0.00034896952024021703,0.27408236792689755,0.03328172253452364,25,10,10
45,5194,0.675206050506967,0.001025783469413557,0.2797447831054418,0.04402338291817764,25,10,10
45,5195,0.7483381447344334,0.0013171540220546147,0.21018999628598267,0.040154704957529125,25,10,10
45,5196,0.733253732233975,0.0010784203105776587,0.22575016290072145,0.03991768455472602,25,10,10
45,5197,0.7534150398183824,0.0004040601995874465,0.20625987293651815,0.03992102704551228,25,10,10
45,5198,0.7132438216814785,1.9400666888372955e-05,0.26054472275163054,0.02619205490000266,25,10,10
45,5199,0.6851802213654904,0.00034415615469287676,0.31168133755664407,0.002794284923171132,25,10,10
45,5200,0.8111284118004634,0.0005063490530497633,0.18800063228632016,0.0003646068601634219,25,10,10
45,5201,0.8428830883771842,0.00043952608893010827,0.1564222392828108,0.0002551462510744708,25,10,10
45,5202,0.8908884417502346,3.4566563107601266e-05,0.1089941278378732,8.286384878474078e-05,25,10,10
45,5203,0.9265198182025755,2.6827194994123505e-05,0.07339343160354198,5.992299888778683e-05,25,10,10
45,5204,0.8659672134232899,0.00013811262266295692,0.10631975358665544,0.02757492036739032,25,10,10
45,5205,0.8839040116038019,7.282025517954435e-07,0.08018750642559538,0.03590775376805056,25,10,10
45,5206,0.8515568541509267,3.6796519697872184e-05,0.11160304886020997,0.03680330046916622,25,10,10
45,5207,0.8747512584423951,8.724246024047883e-06,0.08392301125627114,0.04131700605531062,25,10,10
45,5208,0.8561347964372445,4.7129204425503356e-06,0.11576609530913051,0.028094395333182455,25,10,10
45,5209,0.9023217743289134,8.879933929144025e-07,0.058067444278479784,0.03960989339921388,25,10,10
45,5210,0.9301357915555788,2.224436372188774e-06,0.030041408976059385,0.039820575031989415,25,10,10
45,5211,0.9150376890963939,8.932099622924773e-07,0.04529810572904253,0.03966331196460137,25,10,10
45,5212,0.8554159965031254,2.0832977469817706e-05,0.1439352627596499,0.0006279077597554503,25,10,10
45,5213,0.8607842885529393,2.15710371589171e-05,0.13542095345736663,0.003773186952534377,25,10,10
45,5214,0.873697525065464,0.00031281139180928627,0.09928799409771334,0.026701669445013333,25,10,10
45,5215,0.8235947594968187,1.3598283833911247e-05,0.16907583684167413,0.007315805377673876,25,10,10
45,5216,0.8201661912828846,1.30179423986722e-05,0.1794044727831426,0.0004163179915720825,25,10,10
45,5217,0.8384111504564976,1.4124735363956452e-05,0.16125659765556605,0.00031812715257111023,25,10,10
45,5218,0.7677718429969211,5.058121885226543e-05,0.22602575286696502,0.006151822917261901,25,10,10
45,5219,0.7829702528641167,0.0006311762672753642,0.21620869129119982,0.00018987957741031986,25,10,10
45,5220,0.8094953811843226,5.7487905853374584e-05,0.1903763727578093,7.075815201448451e-05,25,10,10
45,5221,0.8819352734771577,1.1975319806002238e-05,0.11374322664904385,0.0043095245539919,25,10,10
45,5222,0.9111207462628818,4.4688578127711905e-07,0.08445824749110037,0.00442055936023518,25,10,10
45,5223,0.8458727134294738,6.026071707595922e-05,0.1538745427798575,0.00019248307359093033,25,10,10
45,5224,0.8772658683035084,1.4118896783487431e-05,0.12254531146746574,0.00017470133223997125,25,10,10
45,5225,0.7523049117310423,1.5263005164306966e-05,0.24759860289218916,8.122237160454263e-05,25,10,10
45,5226,0.8547402514459712,3.21347248985141e-06,0.1452439017053719,1.2633376165919995e-05,25,10,10
45,5227,0.8662702896735422,7.022343955054484e-05,0.13323580082426845,0.0004236860626383819,25,10,10
45,5228,0.9121089381686166,1.71494624882565e-06,0.0878740637534835,1.5283131652170766e-05,25,10,10
45,5229,0.8667011031891877,2.3250246784507542e-06,0.1298000695016926,0.0034965022844405465,25,10,10
45,5230,0.8902387771824769,1.4830554247541924e-05,0.10894039875924756,0.0008059935040273355,25,10,10
45,5231,0.8744110699043784,2.87584005354208e-05,0.1248034993055046,0.0007566723895825209,25,10,10
45,5232,0.9057325953680225,1.5438160689493985e-05,0.09196214264647866,0.002289823824809314,25,10,10
45,5233,0.9330448462099125,6.476597490405013e-05,0.06185842267843765,0.005031965136745631,25,10,10
45,5234,0.8740414124495239,7.712536749040997e-05,0.12280224992781824,0.0030792122551651646,25,10,10
45,5235,0.8963859134717245,6.328191943315028e-07,0.10068180664084635,0.0029316470682339392,25,10,10
45,5236,0.8464039904546695,8.57447184679998e-06,0.1437219026209136,0.009865532452568104,25,10,10
45,5237,0.8669877359057244,1.0202098109070706e-05,0.13199888953001465,0.001003172466152404,25,10,10
45,5238,0.8560118225598887,1.4430265567803426e-06,0.10721635964691907,0.03677037476663446,25,10,10
45,5239,0.8515436089904668,1.175567717803994e-07,0.11188030041683232,0.036575973035929306,25,10,10
45,5240,0.7862547109471651,0.00030191743156443443,0.17702960025896833,0.03641377136230152,25,10,10
45,5241,0.7789644184738233,1.3582870234894101e-05,0.1820687254253567,0.038953273230584604,25,10,10
45,5242,0.767175531985031,1.2958613995902937e-05,0.16866104917250457,0.06415046022846738,25,10,10
45,5243,0.8498286481362798,1.2311350929165994e-05,0.10995447226784359,0.0402045682449488,25,10,10
45,5244,0.9029083998100019,1.2334833951086508e-05,0.056952144925582315,0.04012712043046442,25,10,10
45,5245,0.8764975471393829,1.9725162303354785e-05,0.07612089403037689,0.04736183366793724,25,10,10
45,5246,0.8410640357368396,1.7531880597090793e-05,0.11763980291010961,0.041278629472453136,25,10,10
45,5247,0.8331938745892544,2.2093185200558343e-05,0.13405685757143088,0.03272717465411366,25,10,10
45,5248,0.8080240059214959,2.9415520216465593e-05,0.15930377291100456,0.03264280564728133,25,10,10
45,5249,0.849254329685434,3.109756703888924e-05,0.1438989480828694,0.006815624664655572,25,10,10
45,5250,0.8321366131541711,2.5321874082903998e-05,0.16131329530626343,0.006524769665481985,25,10,10
45,5251,0.7892914777427539,9.940730419672799e-06,0.1879135934848347,0.022784988041992017,25,10,10
45,5252,0.7546505499093008,9.571648355889366e-06,0.22024974798136976,0.02509013046097533,25,10,10
45,5253,0.7725726074549045,3.2637612955590306e-06,0.1841376009334451,0.04328652785035473,25,10,10
45,5254,0.7135481282691704,0.001105799871345354,0.24567685053851104,0.039669221320972385,25,10,10
45,5255,0.7577862150299004,0.0010738869577012014,0.1996440059399245,0.04149589207247496,25,10,10
45,5256,0.7991670542155198,2.2409645712564383e-05,0.17497524239192516,0.02583529374684257,25,10,10
45,5257,0.788897782340808,1.695855496732668e-06,0.18514539213029033,0.02595512967340501,25,10,10
45,5258,0.8486662140250785,7.244234367999991e-07,0.1112880879524241,0.040044973599060577,25,10,10
45,5259,0.8093178103836872,2.1805127910305335e-06,0.15052459885135547,0.040155410252166804,25,10,10
45,5260,0.8942468957498158,9.506295354208749e-07,0.06576354872813087,0.039988604892518105,25,10,10
45,5261,0.8365163639176874,1.2690931216427891e-06,0.08912067679422768,0.07436169019496529,25,10,10
45,5262,0.7424736179137106,2.2285134324245485e-06,0.14890186895407023,0.10862228461878506,25,10,10
45,5263,0.8448382615436334,2.2988786420284475e-06,0.05075400447450116,0.10440543510322418,25,10,10
45,5264,0.7867357630965401,3.7471478956089937e-06,0.12809687195556418,0.08516361779999862,25,10,10
45,5265,0.7883333254236711,2.237620113403337e-06,0.0921631905802782,0.11950124637593626,25,10,10
45,5266,0.8242314638777861,1.8411363561377303e-06,0.09603051018179624,0.07973618480405992,25,10,10
45,5267,0.7811070110824891,9.357965786236502e-07,0.13172335472180094,0.08716869839913213,25,10,10
45,5268,0.7510953581238689,2.2905837859351535e-05,0.19495820033646769,0.053923535701802125,25,10,10
45,5269,0.7064473415923683,4.688430206984347e-06,0.24598211683139887,0.04756585314602276,25,10,10
45,5270,0.8346070928190048,2.895625622350234e-06,0.12566032439940916,0.03972968715596464,25,10,10
45,5271,0.8215825025782525,1.5469528506297237e-06,0.13644318463455313,0.041972765834343256,25,10,10
45,5272,0.817037662514767,1.9991348101703474e-05,0.17137305763192656,0.011569288505204172,25,10,10
45,5273,0.8586702346717066,1.80001353215722e-05,0.129720428296039,0.011591336896933022,25,10,10
45,5274,0.8713609149843765,2.394643567216095e-05,0.1195670692263513,0.009048069353599118,25,10,10
45,5275,0.8351862132771528,1.036909851204817e-06,0.1643535942116678,0.0004591556013282997,25,10,10
45,5276,0.765241429664833,4.4213621316183426e-07,0.23400079835364093,0.0007573298453090513,25,10,10
45,5277,0.7065017368526023,0.0005672717362135666,0.29285957891054404,7.141250064067388e-05,25,10,10
45,5278,0.7308848571701219,0.0005698576815929427,0.2684714464725361,7.383867574708e-05,25,10,10
45,5279,0.7992639569085372,1.2026203690182051e-05,0.20065476614915742,6.925073861515256e-05,25,10,10
45,5280,0.887718310586052,2.70005544690898e-05,0.11050872809043218,0.0017459607690468709,25,10,10
45,5281,0.87302206177607,3.1370946932453195e-06,0.08560572158040715,0.041369079548828964,25,10,10
45,5282,0.8490388460736663,2.4595509220012627e-05,0.10900666329161629,0.04192989512549587,25,10,10
45,5283,0.8639163577657363,1.1803639732699518e-05,0.09426054837944318,0.041811290215088476,25,10,10
45,5284,0.8413607682524656,3.7872768856416567e-06,0.11173982469001625,0.04689561978063192,25,10,10
45,5285,0.9066945874978971,7.562053170540278e-05,0.06205287395105013,0.03117691801934757,25,10,10
45,5286,0.8875142822868088,6.244449674729938e-05,0.0809852213221744,0.03143805189426879,25,10,10
45,5287,0.8069679230192335,0.00027753981201540526,0.15544955991681184,0.03730497725193701,25,10,10
45,5288,0.8890252843253276,9.114292798760995e-06,0.07694377925556523,0.03402182212630792,25,10,10
45,5289,0.8479241847620913,9.503498543425291e-06,0.11809272571549531,0.03397358602386853,25,10,10
45,5290,0.8581698390087174,1.8111062298942802e-06,0.10793842680320717,0.03388992308184679,25,10,10
45,5291,0.8661416157261941,1.5632307286321225e-06,0.10002454468512567,0.033832276357951635,25,10,10
45,5292,0.9099248632017819,2.362817405124126e-06,0.06249617626907951,0.027576597711732122,25,10,10
45,5293,0.8215621229766076,3.498981636765537e-05,0.15042773971916779,0.027975147487854613,25,10,10
45,5294,0.86773041149549,1.6763428234265365e-06,0.13210678907236376,0.00016112308931975225,25,10,10
45,5295,0.9225516665190944,2.2374504925550765e-06,0.07730739494796741,0.00013870108244497524,25,10,10
45,5296,0.8565133338995313,1.6810179215381505e-05,0.14329681591037002,0.00017304001088335277,25,10,10
45,5297,0.8360927792797006,1.41591961648421e-05,0.16269262376291496,0.0012004377612188514,25,10,10
45,5298,0.816379078388305,1.8749267109147402e-05,0.1800719104355832,0.0035302619090024894,25,10,10
45,5299,0.7239843163351156,2.589024564157449e-05,0.26507219808707005,0.010917595332171896,25,10,10
45,5300,0.8120401797325476,9.176765697296886e-06,0.18258503402492707,0.005365609476826961,25,10,10
45,5301,0.8841332941822873,2.426117201811093e-06,0.11307542128362065,0.002788858416886429,25,10,10
45,5302,0.862789891400989,2.743793724121572e-06,0.13469820101714128,0.0025091637881431653,25,10,10
45,5303,0.884391326704667,1.6704314637650688e-06,0.1133624391660994,0.0022445636977677765,25,10,10
45,5304,0.904711671913875,9.174409439634228e-07,0.09515655054490947,0.000130860100270098,25,10,10
45,5305,0.8344401242203517,6.273407914452298e-07,0.16275119136180827,0.0028080570770472424,25,10,10
45,5306,0.8293148690643143,3.6773100761386085e-06,0.17053341217556384,0.00014804145004325588,25,10,10
45,5307,0.7988060095117351,2.4984987699646755e-05,0.20098943971858638,0.00017956578198037788,25,10,10
45,5308,0.8080463845040768,2.2864579494284942e-05,0.1917781991413505,0.00015255177507870346,25,10,10
45,5309,0.8908042719015914,8.884610074786406e-06,0.10912668495743676,6.0158530895807556e-05,25,10,10
45,5310,0.8375403687613877,1.8674870336604125e-06,0.1621612471648654,0.00029651658671423284,25,10,10
45,5311,0.8313668415618122,2.1842431887974063e-06,0.1679441361333568,0.0006868380616436188,25,10,10
45,5312,0.842623583501686,3.2908663762185695e-05,0.15719395696931154,0.00014955086523913436,25,10,10
45,5313,0.906517237673306,2.479668555882929e-06,0.09300979694749788,0.00047048571064132875,25,10,10
45,5314,0.9041848953041357,2.458779471682477e-06,0.09358771948571809,0.002224926430674248,25,10,10
45,5315,0.8336849268801404,3.1222611011552433e-06,0.15840947530349575,0.007902475555261112,25,10,10
45,5316,0.8301019278988125,3.5549048879845444e-05,0.16638988462070436,0.0034726384316029683,25,10,10
45,5317,0.7964785464556994,0.0003771768233428735,0.14988829580143176,0.053255980919525714,25,10,10
45,5318,0.82007252329133,1.8346374886344548e-06,0.07502866403098285,0.10489697804019865,25,10,10
45,5319,0.7621872933461082,1.5745864589018717e-06,0.13727597712725376,0.10053515494017712,25,10,10
45,5320,0.7144137281771156,3.341839953350812e-06,0.1936778812812373,0.09190504870169187,25,10,10
45,5321,0.7209360531570185,1.6558972707614382e-05,0.17987961954491968,0.09916776832535217,25,10,10
45,5322,0.7290310511098407,1.583748842882296e-05,0.14090116273748624,0.13005194866424355,25,10,10
45,5323,0.7193646090503837,0.00027106420120745966,0.12518649222581973,0.15517783452258707,25,10,10
45,5324,0.7277500332375922,3.0918742464695496e-05,0.1165418399862338,0.1556772080337081,25,10,10
45,5325,0.6763692437843819,1.0118609269546294e-05,0.16428007738635741,0.1593405602199926,25,10,10
45,5326,0.6153598360187548,6.0900486357851795e-05,0.28604772320216154,0.09853154029272625,25,10,10
45,5327,0.6987160489021437,6.053953468589885e-05,0.22009214050911957,0.08113127105404998,25,10,10
45,5328,0.8112649814802773,0.0009127855338698785,0.13152549582955303,0.05629673715629988,25,10,10
45,5329,0.841208007606473,0.0009067071131492159,0.09975946728035515,0.05812581800002166,25,10,10
45,5330,0.7724475225804006,3.925816607241946e-06,0.16931678630149857,0.058231765301493155,25,10,10
45,5331,0.7786515442928619,1.0944978210279347e-05,0.16307780642780983,0.058259704301115975,25,10,10
45,5332,0.8171272809792363,0.00012272697835584954,0.12226114085062541,0.060488851191781344,25,10,10
45,5333,0.7964629180858082,0.00011681358320053117,0.15095893155035536,0.0524613367806346,25,10,10
45,5334,0.7671821743372679,0.00026248370937201755,0.20522668764722185,0.02732865430613722,25,10,10
45,5335,0.8895193802993124,2.3074555051195923e-05,0.07069509763876188,0.03976244750687464,25,10,10
45,5336,0.8225139081705845,1.6272687755989728e-06,0.13913332076333362,0.03835114379730677,25,10,10
45,5337,0.809714327811695,1.1038238904415145e-05,0.14800744266678914,0.04226719128260997,25,10,10
45,5338,0.7897904115249119,1.1007586308247944e-05,0.17044761580389248,0.039750965084885265,25,10,10
45,5339,0.8160864833118459,4.206321703455465e-05,0.14195994021636535,0.04191151325475225,25,10,10
45,5340,0.8380793730148552,1.9255369945037824e-05,0.11970785231798674,0.04219351929721189,25,10,10
45,5341,0.9170791715483126,2.271013228449381e-06,0.043160414454929394,0.03975814298352934,25,10,10
45,5342,0.8301794654802559,1.8848181989692877e-05,0.1299141522773956,0.03988753406035847,25,10,10
45,5343,0.8193138060541356,2.3179583140224733e-06,0.14083932040315975,0.03984455558439037,25,10,10
45,5344,0.9270623260904705,2.4957413852166094e-06,0.033476217735701315,0.03945896043244326,25,10,10
45,5345,0.895477552698756,1.054888914092682e-06,0.06507398859696678,0.03944740381536258,25,10,10
45,5346,0.8494306605125737,3.2214402479578348e-06,0.1428008168645179,0.007765301182659195,25,10,10
45,5347,0.886161940200687,1.8626142001775466e-06,0.10823465221057155,0.005601544974539252,25,10,10
45,5348,0.8320106222742679,1.4465166927615642e-06,0.16772837187490283,0.00025955933413596296,25,10,10
45,5349,0.8986372864300531,1.919624039011207e-05,0.10099634526538295,0.0003471720641730223,25,10,10
45,5350,0.8020927590306411,2.885681430030958e-06,0.1907418644526912,0.007162490835235323,25,10,10
45,5351,0.8082417253992289,3.1746659288032396e-06,0.18910690493847998,0.0026481949963620822,25,10,10
45,5352,0.8209458725861316,2.5566579922383588e-05,0.17614751903753287,0.002881041796413742,25,10,10
45,5353,0.8507276547499757,6.169134599249877e-05,0.1489823224803208,0.0002283314237093362,25,10,10
45,5354,0.8970612674548244,6.142348841512212e-05,0.1025847338353028,0.0002925752214569174,25,10,10
45,5355,0.8420875161602821,6.517704934030483e-05,0.15737337306745183,0.00047393372292303475,25,10,10
45,5356,0.8234725303647729,6.432867961939146e-05,0.16842828476071545,0.008034856194892212,25,10,10
45,5357,0.8483889620250155,3.678642269305526e-05,0.11640669297431978,0.03516755857797229,25,10,10
45,5358,0.8030089985803387,4.4290743110630604e-05,0.15831482807620043,0.03863188260035007,25,10,10
45,5359,0.8339693088063095,4.205505025783868e-05,0.12633073211246082,0.039657904030971684,25,10,10
45,5360,0.8198892635633306,6.489855238813744e-05,0.14014452343723421,0.03990131444704628,25,10,10
45,5361,0.85849904552073,3.153806350810918e-05,0.10169095301435568,0.03977846340140537,25,10,10
45,5362,0.8391958258940277,1.8767980539612587e-05,0.12552027398554755,0.03526513213988474,25,10,10
45,5363,0.8133253483776004,1.8900928110995106e-05,0.15876573534814992,0.027890015346138445,25,10,10
45,5364,0.769969333394891,8.54891020543613e-06,0.1751831299832327,0.0548389877116702,25,10,10
45,5365,0.8052867811974749,2.2679301750862455e-06,0.12713794052074637,0.06757301035160199,25,10,10
45,5366,0.7247713899830434,0.0001007916023577063,0.1964715813881859,0.07865623702641616,25,10,10
45,5367,0.715299343409119,0.0064305753642394615,0.19873658904619948,0.07953349218044363,25,10,10
45,5368,0.7027441971113301,0.0011703094460619398,0.22220005818368432,0.07388543525892324,25,10,10
45,5369,0.7026868334983124,0.00012843530683425338,0.2230313330939789,0.0741533981008732,25,10,10
45,5370,0.7593460735971139,8.842788128586174e-06,0.1967306609225542,0.04391442269220381,25,10,10
45,5371,0.8075884901537366,0.001267282114705494,0.150986993878254,0.04015723385330425,25,10,10
45,5372,0.6568993936570116,2.4528895821820908e-05,0.3023324263074055,0.04074365113976176,25,10,10
45,5373,0.8494271502632005,7.155633035593541e-05,0.11080375110166835,0.0396975423047755,25,10,10
45,5374,0.8864849892433685,2.2734003995496113e-06,0.08795624294491594,0.025556494411315803,25,10,10
45,5375,0.898999510552384,3.7696701632407147e-07,0.07586409902921376,0.02513601345138507,25,10,10
45,5376,0.7975628068691349,7.74297552069383e-05,0.17729158365420972,0.025068179721447103,25,10,10
45,5377,0.8210501768396814,7.067881819372244e-05,0.15135588826989596,0.027523256072229288,25,10,10
45,5378,0.7148832947543436,0.00011234891285238812,0.24709116206449,0.03791319426831282,25,10,10
45,5379,0.782777507361843,3.245637004196293e-06,0.21703649628047716,0.0001827507206732704,25,10,10
45,5380,0.7408096908589669,1.1451193846008575e-06,0.225577072820805,0.03361209120084249,25,10,10
45,5381,0.7150950158003269,0.00029945150641815465,0.25852497514452233,0.026080557548734014,25,10,10
45,5382,0.8389028983549575,0.0003092902623932635,0.12068620320626228,0.040101608176386694,25,10,10
45,5383,0.8646853810270092,0.00043400255074642146,0.09517376530729958,0.03970685111494352,25,10,10
45,5384,0.7632521899036884,0.0004328289581789972,0.21056938248487322,0.025745598653260794,25,10,10
45,5385,0.7850820087584909,0.00025473145929402204,0.1896460317918851,0.025017227990330272,25,10,10
45,5386,0.7164331258353276,0.0002933860539582562,0.25810136337083245,0.025172124739879075,25,10,10
45,5387,0.7219869532085355,6.11039934159855e-05,0.2455712208746601,0.032380721923389325,25,10,10
45,5388,0.6347480306420065,1.535562893381013e-05,0.2936496758062359,0.07158693792282288,25,10,10
45,5389,0.68815770926965,0.00019991620905421162,0.241882543464265,0.06975983105702763,25,10,10
45,5390,0.8057313086440903,4.405783792115167e-06,0.15650952770617024,0.037754757865945655,25,10,10
45,5391,0.7145172463582092,1.5088220728931764e-05,0.24888567289981076,0.03658199252125234,25,10,10
45,5392,0.732818534574074,2.2037504492391475e-05,0.26674795091430953,0.00041147700712324144,25,10,10
45,5393,0.7716794583450628,3.746607736070266e-05,0.2275310565764131,0.000752019001164079,25,10,10
45,5394,0.7804416626475974,1.0431315813925247e-05,0.21897366094340398,0.0005742450931842037,25,10,10
45,5395,0.8462718873618701,8.593994041565897e-06,0.15337938481411828,0.0003401338299693912,25,10,10
45,5396,0.8253137427818104,2.9872419915289997e-05,0.1579595022158186,0.01669688258245421,25,10,10
45,5397,0.8539017589712355,2.35249725677057e-05,0.10569744426132915,0.04037727179486669,25,10,10
45,5398,0.8824147513663629,6.086856612022495e-06,0.09378206961306912,0.023797092163955615,25,10,10
45,5399,0.9302447951248625,6.578717832635858e-07,0.037932503345374326,0.03182204365798004,25,10,10
45,5400,0.8992697672600548,2.2725133309328813e-05,0.05786384454312274,0.042843663063512505,25,10,10
45,5401,0.8525444208364285,2.4415102688679435e-05,0.09269344957254899,0.054737714488333616,25,10,10
45,5402,0.8440671516667217,3.212681514004595e-05,0.11591235660755209,0.03998836491058831,25,10,10
45,5403,0.823914050800538,1.9955400794963537e-05,0.13629851602278595,0.03976747777587938,25,10,10
45,5404,0.8394667994380585,2.3093356069457038e-05,0.12039636944017708,0.04011373776569403,25,10,10
45,5405,0.8571272580002145,2.7623669652734085e-05,0.07467035823156604,0.06817476009856636,25,10,10
45,5406,0.7436517723486376,4.362114465678672e-05,0.1880080034327263,0.06829660307398144,25,10,10
45,5407,0.734918257052893,3.9464416933979624e-05,0.19228233055142716,0.07275994797874548,25,10,10
45,5408,0.8076882685462756,3.873406451516671e-05,0.12283600201784514,0.06943699537136228,25,10,10
45,5409,0.8260676724311378,2.9529451544445624e-05,0.12083032427730991,0.05307247384000714,25,10,10
45,5410,0.9066835262839388,1.2544606361001828e-06,0.05362761231908783,0.03968760693633723,25,10,10
45,5411,0.8269103327888752,1.599878236117246e-06,0.13424703013274009,0.038841037200148,25,10,10
45,5412,0.7923227794532284,3.1677789698904563e-06,0.16956537012754072,0.03810868264025923,25,10,10
45,5413,0.7968728453249508,8.007586053047803e-05,0.17527454207539453,0.02777253673912198,25,10,10
45,5414,0.8319709498363355,2.333996593838875e-05,0.12830173524870428,0.0397039749490209,25,10,10
45,5415,0.8466649519164268,3.67938542898975e-05,0.11100500599231582,0.042293248236965744,25,10,10
45,5416,0.7860214662672186,2.045994886858948e-05,0.1719639384427196,0.041994135341192,25,10,10
45,5417,0.7662463038609598,1.9806622698835254e-05,0.21058128513363336,0.023152604382708355,25,10,10
45,5418,0.8087441122879373,2.8599798844779973e-05,0.1681313232035309,0.023095964709686778,25,10,10
45,5419,0.8331982898391169,0.00022090388359153124,0.1268235657861113,0.0397572404911779,25,10,10
45,5420,0.8692217706323747,0.00021304603154405168,0.10586912636068842,0.024696056975391425,25,10,10
45,5421,0.8639977943624018,0.0004266248585783099,0.10040864660851899,0.035166934170499,25,10,10
45,5422,0.8471062626147888,1.3567592481277737e-06,0.11779110399141231,0.03510127663455127,25,10,10
45,5423,0.857645245446597,1.4631802026091457e-05,0.10708424129339165,0.03525588145798701,25,10,10
45,5424,0.8796180675546058,1.2756228719269094e-05,0.0808660345054266,0.039503141711248975,25,10,10
45,5425,0.8319933985873668,0.0032132137322871917,0.12502563801678973,0.03976774966355371,25,10,10
45,5426,0.8928951013436772,0.0032132331085462803,0.10199850282615114,0.0018931627216234787,25,10,10
45,5427,0.824128653172417,0.0032177785378465205,0.17110665905737946,0.0015469092323583378,25,10,10
45,5428,0.7731851340817165,1.9565300985503984e-07,0.22642735244851664,0.0003873178167598036,25,10,10
45,5429,0.7542961745345447,2.525564406519128e-06,0.24295987888764,0.0027414210134125406,25,10,10
45,5430,0.8808205896017982,9.7445697183139e-06,0.11672899506499018,0.0024406707634936345,25,10,10
45,5431,0.8469744544307661,0.00032283165694686045,0.1395311826021828,0.013171531310101531,25,10,10
45,5432,0.8489471281397296,1.8929354416005083e-05,0.11137294538489043,0.03966099712096304,25,10,10
45,5433,0.9026147561959735,8.546962142667056e-07,0.09715667827555365,0.00022771083225655425,25,10,10
45,5434,0.9188549938323627,0.00032674126381067716,0.08053315102769877,0.0002851138761275134,25,10,10
45,5435,0.9258803946773861,7.196514246430488e-07,0.07355534665389361,0.0005635390172959612,25,10,10
45,5436,0.8878353584790883,9.410304249744658e-07,0.10811652871753935,0.004047171772944805,25,10,10
45,5437,0.8461253696552045,4.0487969414127065e-06,0.15119522289900547,0.0026753586488478154,25,10,10
45,5438,0.8503708858396378,4.492118083742534e-06,0.14917487597821663,0.00044974606406197426,25,10,10
45,5439,0.8311434602395722,1.2452265124073635e-05,0.16843419361499193,0.00040989388031148694,25,10,10
45,5440,0.824152220105485,9.181533994760618e-06,0.12425019778666303,0.05158840057385735,25,10,10
45,5441,0.7793693414683787,8.384288270927496e-06,0.17140589651582974,0.04921637772752004,25,10,10
45,5442,0.7711592713068542,7.918089566082062e-06,0.18730072192698471,0.04153208867659325,25,10,10
45,5443,0.78415527580856,1.6116035030656527e-05,0.20907350872359207,0.006755099432819436,25,10,10
45,5444,0.7921336770533814,4.6197265935832124e-05,0.2077474249047595,7.27007759254405e-05,25,10,10
45,5445,0.8472368121593443,0.0014376343945139832,0.1507522595639629,0.0005732938821757371,25,10,10
45,5446,0.8677016325513667,3.846061562639623e-06,0.1025665506280789,0.029727970758988743,25,10,10
45,5447,0.8727934547685728,3.3631374535271595e-05,0.12354085546167758,0.003632058395211464,25,10,10
45,5448,0.8542649907565806,4.1477334201426044e-05,0.14530535793155092,0.0003881739776638103,25,10,10
45,5449,0.7840638929123293,0.0001113583155950669,0.21465154826352467,0.0011732005085554793,25,10,10
45,5450,0.7936677295663728,0.00010505511264039495,0.20583244379579907,0.00039477152519026165,25,10,10
45,5451,0.7948043841663106,7.199209351381908e-05,0.17211958823795356,0.03300403550222284,25,10,10
45,5452,0.8563616882741055,2.888280347493652e-06,0.10411060450932488,0.039524818936220715,25,10,10
45,5453,0.8843026616048616,5.796180697016751e-05,0.07606464615936907,0.03957473042879929,25,10,10
45,5454,0.8988720968239063,2.8205783496120824e-06,0.0751327082482466,0.025992374349497697,25,10,10
45,5455,0.8300829904365479,3.866304551258175e-05,0.13002123980227565,0.03985710671566372,25,10,10
45,5456,0.8405235719360946,1.1535437567228117e-06,0.1198881249096569,0.039587149610491125,25,10,10
45,5457,0.8984827300776526,1.3623473670666035e-06,0.06489873002738553,0.036617177547594484,25,10,10
45,5458,0.9169114953232878,1.1237475619436898e-06,0.043408208888023214,0.03967917204112673,25,10,10
45,5459,0.8576447299603105,0.00023201828112177762,0.10244740808311033,0.03967584367545602,25,10,10
45,5460,0.8331839685789315,1.3378193213368693e-05,0.12630568181673796,0.040496971411117126,25,10,10
45,5461,0.8694936555930342,9.028160483582022e-08,0.08924611156954418,0.041260142555816656,25,10,10
45,5462,0.8122131171797797,8.874599897086286e-06,0.18101161577957914,0.006766392440741655,25,10,10
45,5463,0.8604378270401347,8.945789729705159e-06,0.13948412651685452,6.910065327865978e-05,25,10,10
45,5464,0.7891354635500627,1.967144225878862e-06,0.21073369823186808,0.00012887107384352086,25,10,10
45,5465,0.7538967454767935,0.0008947038817792048,0.23927690483202282,0.005931645809407816,25,10,10
45,5466,0.8002517992179361,0.0014418229570615244,0.1956732535550114,0.0026331242699907747,25,10,10
45,5467,0.8831480908577007,0.0002613731151148805,0.09453535877181468,0.02205517725536973,25,10,10
45,5468,0.8455162910064962,0.0017748059311837741,0.10989107405599918,0.04281782900631953,25,10,10
45,5469,0.7970619381264222,0.0017746686789163668,0.15685105443292394,0.04431233876173679,25,10,10
45,5470,0.7877706339714889,4.324632223012589e-05,0.20767521498953767,0.004510904716745729,25,10,10
45,5471,0.8389437640458002,6.7797565929891345e-06,0.15706020232628323,0.003989253871323608,25,10,10
45,5472,0.879539753062666,2.1601557795569795e-06,0.11965958950567873,0.0007984972758745699,25,10,10
45,5473,0.8549109309733355,1.8819402344167163e-06,0.14458210797104068,0.0005050791153882968,25,10,10
45,5474,0.8299341991452708,2.2709675278099083e-06,0.16995436536924843,0.00010916451795138911,25,10,10
45,5475,0.8822200334289186,7.739721135032577e-06,0.11769596852092676,7.625832901797415e-05,25,10,10
45,5476,0.8846222137805974,8.372820431020425e-06,0.11534430261537242,2.5110783598089148e-05,25,10,10
45,5477,0.7709461376202016,1.1850650325152513e-06,0.22901850694241818,3.417037234788448e-05,25,10,10
45,5478,0.8418599035300447,2.7806852314323453e-06,0.15792124469303936,0.00021607109168349004,25,10,10
45,5479,0.8834324742193619,0.00875985777178563,0.10763716518536365,0.0001705028234865045,25,10,10
45,5480,0.8919439086065036,0.02117359387665645,0.08685512108997273,2.737642686523579e-05,25,10,10
45,5481,0.8532910988845047,0.012805466534938536,0.1310973697783763,0.00280606480217887,25,10,10
45,5482,0.873652776293192,0.0003799961518438721,0.12595815676811134,9.07078685042136e-06,25,10,10
45,5483,0.8788148541185159,2.3306010475451642e-05,0.11847833829750667,0.0026835015734993067,25,10,10
45,5484,0.8428603985862361,2.9655165349841325e-05,0.1540618150933564,0.0030481311550569416,25,10,10
45,5485,0.8177779317077427,0.002895689287765519,0.1763636635976424,0.0029627154068462475,25,10,10
45,5486,0.8035582712500535,1.4730795100104776e-05,0.19641825901090598,8.738943938762036e-06,25,10,10
45,5487,0.8337938926593622,3.299345257147562e-05,0.16587517058676096,0.000297943301303038,25,10,10
45,5488,0.9389261346094517,1.7358935019127553e-06,0.060743235453408255,0.0003288940436375608,25,10,10
45,5489,0.8004977874539133,2.834435930058337e-06,0.19933608962936142,0.00016328848079461225,25,10,10
45,5490,0.7935061989697679,0.00018826122279399257,0.2022726552443524,0.004032884563084655,25,10,10
45,5491,0.7706526989626397,5.378314890974175e-06,0.2245280724263209,0.004813850296151132,25,10,10
45,5492,0.8455328278492398,2.800031776778459e-06,0.15440175235230597,6.261976667683053e-05,25,10,10
45,5493,0.8619221182943809,3.079625656057055e-07,0.13802053473762135,5.7039005431718627e-05,25,10,10
45,5494,0.8508368283258928,1.9498344974236546e-06,0.14908310502291663,7.811681669315517e-05,25,10,10
45,5495,0.8672106056718079,5.813981982533887e-07,0.13277904469936463,9.768230628899576e-06,25,10,10
45,5496,0.8349117494633973,2.5520300809747015e-05,0.16483128557857313,0.0002314446572201563,25,10,10
45,5497,0.8527251920373042,9.118513558525466e-06,0.14652450443927129,0.000741185009865639,25,10,10
45,5498,0.8460696952545804,3.1471099157906127e-05,0.15135058440221014,0.002548249244049773,25,10,10
45,5499,0.8328763293383364,0.0031348931323520674,0.1637869635059496,0.00020181402336436652,25,10,10
45,5500,0.8353031919182266,0.0031262276336505197,0.16154877213765836,2.1808310466369046e-05,25,10,10
45,5501,0.8385660742793607,7.576840955418023e-06,0.16136309534121435,6.32535384702297e-05,25,10,10
45,5502,0.8769585948550914,1.924225581143598e-06,0.12293472892380848,0.00010475199552003139,25,10,10
45,5503,0.8998680575119613,1.2243404336366794e-06,0.10001898775988077,0.00011173038772444968,25,10,10
45,5504,0.8773481310001523,2.8883309915122256e-06,0.12199472996248603,0.0006542507063707169,25,10,10
45,5505,0.8502621132107823,0.0012725933479916462,0.12196203782705042,0.026503255614174596,25,10,10
45,5506,0.9095644873458819,6.134266457001372e-07,0.05074626892710561,0.03968863030036693,25,10,10
45,5507,0.847942363037585,3.032230921664586e-05,0.1123002436649128,0.0397270709882817,25,10,10
45,5508,0.8035468810913706,3.9106495290040075e-05,0.1698743559240795,0.02653965648925878,25,10,10
45,5509,0.8193929627785144,2.899917216295482e-05,0.1392117416470348,0.04136629640228794,25,10,10
45,5510,0.7936294887451973,0.00010209542879415286,0.1663684700230534,0.03989994580295482,25,10,10
45,5511,0.7322731739228198,1.9614774716678178e-05,0.20055007154517424,0.06715713975728793,25,10,10
45,5512,0.7634758449839011,1.8207555192932227e-05,0.16146865687894812,0.0750372905819579,25,10,10
45,5513,0.7414932417125512,1.2381666666614619e-05,0.1852075165274144,0.07328686009336391,25,10,10
45,5514,0.8490666945112519,0.0007325892024723676,0.07730365919857304,0.07289705708770283,25,10,10
45,5515,0.8144140911677721,0.0005348253493364142,0.10839947172875833,0.07665161175413307,25,10,10
45,5516,0.7804803115385639,0.0003595869555869812,0.15176966971891337,0.06739043178693577,25,10,10
45,5517,0.8716942367625476,2.3325633578755606e-05,0.08866352867736166,0.039618908926512784,25,10,10
45,5518,0.8982626635910657,1.4982194354455483e-05,0.0616005658093497,0.04012178840522952,25,10,10
45,5519,0.8325810113165427,1.535529897416963e-05,0.12686396467942296,0.04053966870506152,25,10,10
45,5520,0.8083457183852554,2.636806557627854e-06,0.15148468022084727,0.04016696458733757,25,10,10
45,5521,0.8241517668616821,1.7898004550319717e-06,0.1356853355021207,0.04016110783574068,25,10,10
45,5522,0.8622368963524714,9.283318154144855e-06,0.0976903841961927,0.04006343613318296,25,10,10
45,5523,0.8042542829818228,2.2609411076482326e-05,0.16671740424903345,0.029005703358065946,25,10,10
45,5524,0.7964673160591818,1.9432313891414047e-05,0.17431620757525387,0.029197044051673525,25,10,10
45,5525,0.7514126397725873,0.00014151604751567564,0.21913066758542474,0.029315176594471762,25,10,10
45,5526,0.807859168306706,1.1770186653624136e-05,0.16053088578807967,0.03159817571855866,25,10,10
45,5527,0.7829413941561469,0.0018901175289441035,0.17947994927957736,0.03568853903532861,25,10,10
45,5528,0.7612319225106186,2.1581036729222354e-06,0.19620606868752188,0.04255985069818311,25,10,10
45,5529,0.7720020648133327,2.308410900021668e-06,0.18543811597054302,0.042557510805223055,25,10,10
45,5530,0.6824587555979917,0.0012417199597631846,0.2737914575525364,0.042508066889704973,25,10,10
45,5531,0.7256352620518837,0.001251947295582184,0.23309820708184184,0.0400145835706899,25,10,10
45,5532,0.720266841646447,1.7623160690836167e-05,0.2794274031373593,0.0002881320555040124,25,10,10
45,5533,0.7046197229900231,6.730841362833311e-05,0.2939570269386326,0.0013559416577154774,25,10,10
45,5534,0.727741684482691,1.294253745642181e-05,0.27153184913555106,0.000713523844298762,25,10,10
45,5535,0.8145017250689065,9.852480677042057e-06,0.18517096673406538,0.00031745571635030385,25,10,10
45,5536,0.7953799517046464,2.8811694497960157e-05,0.20444454120754205,0.00014669539331482265,25,10,10
45,5537,0.842240505033726,1.8203751143916603e-05,0.15733308061089213,0.000408210604238259,25,10,10
45,5538,0.8263979229346551,7.493594022722041e-06,0.16647277185250026,0.0071218116188209845,25,10,10
45,5539,0.8905880608533424,2.2058195599783574e-05,0.10585163328648844,0.00353824766456925,25,10,10
45,5540,0.7944032583401764,1.0588236685777315e-05,0.17078799887567375,0.03479815454746205,25,10,10
45,5541,0.7700085221381626,1.0168321818610282e-05,0.18066092263880504,0.04932038690121627,25,10,10
45,5542,0.8090279285267725,1.060451554773743e-05,0.15090468479487965,0.04005678216280123,25,10,10
45,5543,0.7919006417813579,2.6367992779373067e-05,0.16629552549988397,0.041777464725980255,25,10,10
45,5544,0.8316777132321653,2.159762337688283e-05,0.12576441296673438,0.04253627617772538,25,10,10
45,5545,0.8519360179993553,1.5646927119094006e-06,0.11614648992233287,0.0319159273855991,25,10,10
45,5546,0.8497526976888142,4.544181057514437e-05,0.14955770752328287,0.0006441529773256764,25,10,10
45,5547,0.8597572109673179,3.080646664205743e-06,0.1400472025655886,0.0001925058204290388,25,10,10
45,5548,0.8554280931725868,2.0057880120388873e-05,0.14442139623016348,0.00013045271712928649,25,10,10
45,5549,0.833819054491436,1.4498360035530947e-05,0.1656657862420218,0.0005006609065066778,25,10,10
45,5550,0.8181129528283965,6.349206046888231e-05,0.16143263655676188,0.02039091855437325,25,10,10
45,5551,0.781750995850348,1.2689870835870926e-05,0.17817147192238952,0.0400648423564284,25,10,10
45,5552,0.7294229259252754,1.2181502854599256e-05,0.23049036988285923,0.04007452268901171,25,10,10
45,5553,0.7192788883444707,1.129639963947313e-05,0.23727917527297393,0.04343063998291788,25,10,10
45,5554,0.8318449952129743,8.834354262554468e-06,0.12509680184982255,0.04304936858294113,25,10,10
45,5555,0.8419326344068374,1.8625340280708327e-05,0.13298541786587617,0.02506332238700286,25,10,10
45,5556,0.8499546016655982,7.363657654903603e-06,0.10997662558278767,0.040061409093958146,25,10,10
45,5557,0.7884240396481745,6.3111588699268095e-06,0.17029481156472268,0.04127483762823344,25,10,10
45,5558,0.7692655876974304,0.014080157917851732,0.17467111910850291,0.04198313527621281,25,10,10
45,5559,0.7081693857313729,0.036954904671666074,0.2092493693506789,0.04562634024628199,25,10,10
45,5560,0.7505398243793155,8.112359696971078e-05,0.2376084866788742,0.011770565344837376,25,10,10
45,5561,0.7559346437309337,2.3445823551754875e-05,0.2325783016614348,0.011463608784079128,25,10,10
45,5562,0.8066208482900222,1.6390013295886332e-06,0.15378211393243843,0.03959539877620889,25,10,10
45,5563,0.7939634260492285,1.8340803132977105e-06,0.16614570552898375,0.039889034341472215,25,10,10
45,5564,0.7574242827745336,2.937721099651265e-06,0.17806370396753585,0.0645090755368304,25,10,10
45,5565,0.8592134434971106,2.2571270782441214e-06,0.07187733145164786,0.06890696792416301,25,10,10
45,5566,0.7722724857891543,3.196142520860187e-06,0.18441445124665112,0.04330986682167781,25,10,10
45,5567,0.8273545388608458,1.3846918658369932e-06,0.12940169077272243,0.04324238567456625,25,10,10
45,5568,0.8114307812436985,2.1528269832195506e-06,0.1611900002839834,0.027377065645335423,25,10,10
45,5569,0.7906672551213447,8.387209134295312e-07,0.10406387875638813,0.10526802740135358,25,10,10
45,5570,0.7794454690699193,1.1673111023896539e-06,0.10988970283102885,0.11066366078794916,25,10,10
45,5571,0.7162132347158524,8.207003870699217e-06,0.20265903237848762,0.08111952590178789,25,10,10
45,5572,0.6994423067766188,1.1697319187430152e-05,0.18776590251324138,0.1127800933909499,25,10,10
45,5573,0.6757535349009074,1.369935672791573e-05,0.1911014573172495,0.13313130842511295,25,10,10
45,5574,0.6484171094685314,2.03495556702803e-05,0.25706160733868105,0.09450093363711398,25,10,10
45,5575,0.7758707652862539,3.189346254855537e-05,0.1886144320638197,0.0354829091873751,25,10,10
45,5576,0.8365232401170734,9.347247571466234e-06,0.12843490695714854,0.03503250567820549,25,10,10
45,5577,0.8249988704898338,1.192332821322414e-05,0.12655523025710663,0.048433975924845524,25,10,10
45,5578,0.8392615582264266,1.1861181755627754e-05,0.1213500587483594,0.039376521843458044,25,10,10
45,5579,0.7878305256362075,3.0487070308868907e-05,0.20933755595744416,0.0028014313360389385,25,10,10
45,5580,0.8337754156854592,0.008524966810005072,0.1574990016832367,0.00020061582129878307,25,10,10
45,5581,0.7844064740727669,0.01127801241880217,0.20379584706880863,0.0005196664396191833,25,10,10
45,5582,0.8642804224359619,2.9023234563817032e-05,0.1352458158244269,0.0004447385050471772,25,10,10
45,5583,0.9210093129170493,2.8021852787486252e-05,0.07856746910295205,0.0003951961272105506,25,10,10
45,5584,0.8100732664681742,1.731700270178927e-05,0.1888156388151351,0.0010937777139861118,25,10,10
45,5585,0.8150612691711602,1.3758743117275825e-05,0.18430223052811584,0.0006227415576044257,25,10,10
45,5586,0.816171201635146,0.0007466776727337235,0.1819760568026498,0.0011060638894700766,25,10,10
45,5587,0.8255186529499465,0.001927455218726609,0.17150207140456936,0.0010518204267551293,25,10,10
45,5588,0.8473861772215412,4.571583599946774e-05,0.14749877299010403,0.005069333952353163,25,10,10
45,5589,0.7925037427614332,0.03507867326523285,0.1673213154823005,0.005096268491034659,25,10,10
45,5590,0.7843338351117608,0.014143574843361633,0.1983188495557331,0.0032037404891409704,25,10,10
45,5591,0.8084209482439975,0.014089120354686518,0.14580409380174753,0.03168583759956749,25,10,10
45,5592,0.835708843664126,0.0003683318136530344,0.13234321990632514,0.031579604615895145,25,10,10
45,5593,0.8178941689815413,0.0003179939927317703,0.14195176316389085,0.03983607386183596,25,10,10
45,5594,0.8424590607295115,1.4503680284895546e-05,0.11908755068256854,0.03843888490763477,25,10,10
45,5595,0.8057859311703508,1.712392813142153e-06,0.15434575594487743,0.039866600491956346,25,10,10
45,5596,0.8650283228958875,9.905551971562447e-06,0.09532988353523035,0.0396318880169098,25,10,10
45,5597,0.863502797083553,2.054774965416455e-05,0.10523155200262627,0.031245103164165348,25,10,10
45,5598,0.8542285185471578,2.3167283460646467e-06,0.1186711823485032,0.02709798237599391,25,10,10
45,5599,0.7996565848467843,4.2347296485243755e-06,0.17154184233897296,0.02879733808459323,25,10,10
45,5600,0.7951982882769993,3.7730294510689415e-05,0.1775742954188636,0.027189686009626016,25,10,10
45,5601,0.7935008774964173,2.468232174886235e-05,0.1264722540231597,0.08000218615867427,25,10,10
45,5602,0.7906419682429502,2.1155290938180923e-05,0.13717521641539154,0.07216166005072004,25,10,10
45,5603,0.8463431592325638,6.974180082497274e-05,0.08161197592800752,0.07197512303860343,25,10,10
45,5604,0.6916655997045656,0.0020152166595663354,0.21772731938707768,0.08859186424879212,25,10,10
45,5605,0.7267585843310992,0.0019652222152700366,0.18277793605203796,0.08849825740159313,25,10,10
45,5606,0.7574493211006653,1.766012240089688e-05,0.16354995899491673,0.07898305978201621,25,10,10
45,5607,0.7524465339179365,1.164713693351038e-05,0.18602680759103996,0.06151501135408966,25,10,10
45,5608,0.8192850209381493,4.009967519280723e-07,0.12655299680294518,0.054161581262152855,25,10,10
45,5609,0.7650514223202584,5.780577163073073e-07,0.18019417100916812,0.054753828612854896,25,10,10
45,5610,0.8284224462994036,1.2698423299070503e-06,0.10569426654608115,0.0658820173121836,25,10,10
45,5611,0.8523971380046349,9.055772789006768e-06,0.07844123960042741,0.06915256662214844,25,10,10
45,5612,0.8496093581097096,0.0008335491290724509,0.0805033073408047,0.06905378542041288,25,10,10
45,5613,0.80961743734398,1.1800718860604528e-06,0.12131471446334333,0.06906666812078917,25,10,10
45,5614,0.7617944624159289,1.187710589170129e-05,0.15659838875343504,0.08159527172474305,25,10,10
45,5615,0.7795211671838024,1.6307192263984496e-06,0.1503342586925945,0.0701429434043761,25,10,10
45,5616,0.8091895649929772,1.8860988352800568e-06,0.16100525011447325,0.029803298793714492,25,10,10
45,5617,0.8157628503165429,7.836319422753295e-06,0.15924215559967714,0.024987157764356636,25,10,10
45,5618,0.8183108249621732,1.905725453478173e-05,0.15666890578936585,0.02500121199392458,25,10,10
45,5619,0.8337299651618685,1.0788060415379208e-05,0.12665914626227143,0.039600100515443104,25,10,10
45,5620,0.8550460090507684,1.1269201722936061e-05,0.10535303256402052,0.03958968918348766,25,10,10
45,5621,0.8026652480937979,3.86014593421745e-05,0.14590804879296432,0.051388101653894645,25,10,10
45,5622,0.7788092843452792,3.963314856230641e-05,0.16303256437031588,0.0581185181358445,25,10,10
45,5623,0.7435359991497323,5.6117218244766096e-05,0.25037814507749034,0.006029738554534791,25,10,10
45,5624,0.7752521849342855,1.2210938374604464e-05,0.2246692510687195,6.635305862113782e-05,25,10,10
45,5625,0.7756966653896078,1.1946895532506024e-05,0.2240621269937958,0.00022926072106594739,25,10,10
45,5626,0.8343592770657062,0.006209662980041242,0.15937670511027707,5.4354843974342366e-05,25,10,10
45,5627,0.8843886726752216,0.01635133392346696,0.09925600722957771,3.986171732742768e-06,25,10,10
45,5628,0.8137720648467136,0.0019395656069446136,0.18354026306078663,0.0007481064855551264,25,10,10
45,5629,0.8168528018460591,1.4645184781284112e-05,0.17621929849884949,0.006913254470309002,25,10,10
45,5630,0.809802442577408,0.00033452194820628915,0.18285632701950594,0.007006708454877771,25,10,10
45,5631,0.8783004510109934,0.0003344173316501269,0.11780287320834885,0.003562258449007189,25,10,10
45,5632,0.7624546767102609,7.651843402688659e-05,0.23738401775967502,8.478709603389927e-05,25,10,10
45,5633,0.8480739947619756,7.1970871546621535e-06,0.14870021449584084,0.003218593655028108,25,10,10
45,5634,0.7710089817971276,7.586561064015575e-07,0.22821611436606815,0.0007741451806986739,25,10,10
45,5635,0.7365674571180801,2.0854619764518898e-05,0.2596446481661221,0.003767040096034826,25,10,10
45,5636,0.7570283418654503,1.5126815901786514e-06,0.23901507824205317,0.003955067210907199,25,10,10
45,5637,0.7714022789244405,1.3823199219480493e-06,0.19934098350471857,0.029255355250917835,25,10,10
45,5638,0.8712512567362839,3.1011048513601264e-06,0.12555031004675418,0.0031953321121113492,25,10,10
45,5639,0.8062410003733479,3.4464425340870043e-06,0.19300639204202333,0.0007491611420931614,25,10,10
45,5640,0.8611493570123179,3.833417795122371e-05,0.13801929202164392,0.000793016788086319,25,10,10
45,5641,0.8494943585597835,7.080149960822582e-05,0.1499549887957694,0.0004798511448380911,25,10,10
45,5642,0.7776162512070631,3.656296500708424e-05,0.18230286045929472,0.04004432536863342,25,10,10
45,5643,0.7573321499737081,0.00035323319224683417,0.1645099427765213,0.07780467405752443,25,10,10
45,5644,0.7057419711561118,1.1940930590337571e-05,0.21263948734422783,0.08160660056907076,25,10,10
45,5645,0.7327004860079899,1.4320173704858826e-05,0.23062597171094001,0.0366592221073658,25,10,10
45,5646,0.7067536834366307,2.3350771468986318e-05,0.25249852594229166,0.040724439849608995,25,10,10
45,5647,0.7775094850990563,9.840922895086063e-05,0.18420245004080477,0.038189655631185454,25,10,10
45,5648,0.8329095229990258,3.6298590004869826e-06,0.12712755513914295,0.03995929200282918,25,10,10
45,5649,0.7591119638746433,4.716807337136514e-06,0.24004275072382908,0.0008405685941853569,25,10,10
45,5650,0.819488909000054,4.027623439703295e-06,0.17984544579591502,0.0006616175805925714,25,10,10
45,5651,0.8939247577416218,1.4427635214737147e-06,0.10584362595842377,0.00023017353643415398,25,10,10
45,5652,0.9287925312222796,1.4015971331615066e-05,0.07072867414655869,0.0004647786598311631,25,10,10
45,5653,0.78710620879785,0.03513437024099909,0.1712321972103145,0.006527223750837802,25,10,10
45,5654,0.8387628487205001,0.00025063970127215133,0.16043264558087153,0.0005538659973569184,25,10,10
45,5655,0.8410874710778675,2.7753881839464935e-05,0.15837626989606796,0.000508505144224783,25,10,10
45,5656,0.8004914650003616,8.700861547416315e-06,0.1992975580242044,0.00020227611388524722,25,10,10
45,5657,0.7750066079840979,0.0016464115380686098,0.22316147637793565,0.00018550409989636727,25,10,10
45,5658,0.7738803027388961,0.0013072889776921937,0.224393973771279,0.0004184345121343775,25,10,10
45,5659,0.7354347812121713,6.84231443673206e-06,0.26454703927725787,1.1337196138838288e-05,25,10,10
45,5660,0.7998546669766254,6.7008513369368686e-06,0.20011476512145418,2.3867050583098694e-05,25,10,10
45,5661,0.812585633245711,0.006256461877446029,0.18075029892284378,0.00040760595400139965,25,10,10
45,5662,0.8004790131349221,4.168065489052554e-06,0.18182158088382874,0.017695237915758517,25,10,10
45,5663,0.823250487112318,3.153237739044809e-06,0.1368333202920776,0.03991303935786368,25,10,10
45,5664,0.8084554367123374,0.003167851567930288,0.16051789822302673,0.027858813496705687,25,10,10
45,5665,0.8260131846227297,4.930797388571449e-05,0.1427727598001577,0.031164747603225688,25,10,10
45,5666,0.8458528790728762,3.650595987284148e-05,0.12052966506888127,0.03358094989836836,25,10,10
45,5667,0.8205248929673045,3.6024974222358424e-05,0.14246086695203022,0.036978215106442676,25,10,10
45,5668,0.7784521485480181,3.177323575026922e-05,0.1569860154413164,0.06453006277491397,25,10,10
45,5669,0.7485664428994261,1.7837299420185656e-05,0.1857176263349621,0.06569809346619009,25,10,10
45,5670,0.7887464990048226,2.533359553334721e-05,0.16768003230138537,0.04354813509825648,25,10,10
45,5671,0.750682466679246,2.064788083850855e-05,0.2088583790978592,0.04043850634205562,25,10,10
45,5672,0.7767115564516636,2.165679586509572e-05,0.17163896205513637,0.05162782469733536,25,10,10
45,5673,0.8043662515708817,4.753155645566226e-06,0.14381681776690527,0.05181217750656531,25,10,10
45,5674,0.7645171529137267,6.526103466244967e-05,0.11623232042572075,0.11918526562588959,25,10,10
45,5675,0.7413110950613063,3.353893911864305e-05,0.15449802163908496,0.10415734436048833,25,10,10
45,5676,0.7504682513165035,4.362412541619458e-05,0.16693146632923198,0.08255665822884653,25,10,10
45,5677,0.7900314188956762,2.097290697314342e-05,0.12194205211189851,0.08800555608544829,25,10,10
45,5678,0.7919249360965174,2.0778906756199582e-05,0.1283463475688815,0.07970793742784348,25,10,10
45,5679,0.8140041539968521,1.1325562931565109e-05,0.10623966482143352,0.07974485561878275,25,10,10
45,5680,0.7912010819641151,1.1990576098178594e-05,0.1291787335476036,0.0796081939121818,25,10,10
45,5681,0.675173307441617,8.231488250581739e-05,0.24249369685642655,0.08225068081945355,25,10,10
45,5682,0.7048394735193496,2.0551702380342785e-05,0.21511140805598877,0.0800285667222818,25,10,10
45,5683,0.7050503512159179,1.8507484238059408e-05,0.22136835467560156,0.07356278662424,25,10,10
45,5684,0.7420759066551451,2.0298890051826177e-05,0.1519316691888677,0.10597212526593588,25,10,10
45,5685,0.7967873351513055,3.3711848953798764e-06,0.09754653083882,0.10566276282497893,25,10,10
45,5686,0.7498926784890827,8.114772562021398e-06,0.13049689974555678,0.1196023069927975,25,10,10
45,5687,0.7808880058046098,5.949459129569798e-06,0.1260550470750357,0.09305099766122497,25,10,10
45,5688,0.77179939774736,6.844352353144752e-06,0.11355358743334756,0.11464017046693913,25,10,10
45,5689,0.7486927939286443,7.090305049387e-06,0.13581328829727807,0.11548682746902887,25,10,10
45,5690,0.7981725610297419,4.900598827195299e-06,0.12584706889573938,0.07597546947569003,25,10,10
45,5691,0.7702745067743227,3.611136655668212e-05,0.15263190958253922,0.07705747227658023,25,10,10
45,5692,0.7977785984362764,1.9031180104336903e-06,0.1229782013867904,0.07924129705892131,25,10,10
45,5693,0.781344895820812,5.727310985528194e-05,0.1572622670431235,0.06133556402620857,25,10,10
45,5694,0.7029212517064788,8.960028038464346e-05,0.17678750760101936,0.12020164041211802,25,10,10
45,5695,0.7296403030736158,8.930759644255152e-05,0.18599800523577503,0.08427238409416805,25,10,10
45,5696,0.852504032207463,1.6429726316376276e-05,0.06768176029991331,0.07979777776630739,25,10,10
45,5697,0.8232303154812756,1.8241140702504258e-05,0.09708316772098315,0.07966827565703935,25,10,10
45,5698,0.7659454386537107,9.715107398040349e-06,0.1544981915128943,0.07954665472599505,25,10,10
45,5699,0.6803111987366012,4.276237804367418e-06,0.24484334347035158,0.07484118155524506,25,10,10
45,5700,0.757991385289577,5.753152499200326e-06,0.17375485979183214,0.06824800176609208,25,10,10
45,5701,0.7942882187995279,7.50589494500475e-07,0.11736675708883204,0.08834427352214502,25,10,10
45,5702,0.825934254271495,1.182478366995244e-06,0.14359760949370734,0.030466953756431003,25,10,10
45,5703,0.7799829453164238,1.4917459798169026e-06,0.21181298657176928,0.008202576365826305,25,10,10
45,5704,0.8676113110156005,1.7684445602378725e-05,0.1256426860836934,0.006728318455103561,25,10,10
45,5705,0.795733569082345,1.893751879855098e-05,0.19760916154503863,0.006638331853815743,25,10,10
45,5706,0.8068163810893626,0.0003853348621238978,0.18619336652374532,0.006604917524766735,25,10,10
45,5707,0.8542637590956828,0.00038302546124664266,0.13859543052050477,0.006757784922566155,25,10,10
45,5708,0.7861347202391922,7.804030535212529e-05,0.21348598236646843,0.00030125708898681003,25,10,10
45,5709,0.9089057762015744,1.694837819426191e-06,0.0909964753824664,9.605357814046158e-05,25,10,10
45,5710,0.8575177935429106,3.4167678585831417e-06,0.14096790820100608,0.0015108814882260596,25,10,10
45,5711,0.8813491449781553,7.946298472873875e-06,0.1184444697523412,0.00019843897103117336,25,10,10
45,5712,0.875532459762002,1.2407334541127642e-05,0.12416410748058819,0.00029102542286839133,25,10,10
45,5713,0.8685391648329142,1.2279595642705153e-05,0.12261703911387485,0.008831516457569032,25,10,10
45,5714,0.8916377701885747,1.494095649827435e-05,0.09939780133355079,0.008949487521377766,25,10,10
45,5715,0.80869428376663,1.8303036163369104e-05,0.1911586552347217,0.00012875796248318252,25,10,10
45,5716,0.8511907729222932,2.2122721692437015e-05,0.14864360867626944,0.00014349567974434384,25,10,10
45,5717,0.8404462719124542,1.679074722273189e-05,0.15942439393820157,0.00011254340211937627,25,10,10
45,5718,0.9560616597892531,2.6972703390931587e-07,0.0437830367695837,0.00015503371412970237,25,10,10
45,5719,0.8796723237250512,8.806035281166781e-07,0.11230427886966879,0.008022516801751117,25,10,10
45,5720,0.8663183362453465,2.1830835282217023e-07,0.1336005032825673,8.094216373371708e-05,25,10,10
45,5721,0.8913388926892174,1.4934092701803158e-05,0.10859304778961242,5.312542846766017e-05,25,10,10
45,5722,0.8449765655756775,0.00019412169620163007,0.15431884278966307,0.0005104699384569665,25,10,10
45,5723,0.8640119973576637,0.0005852595528424966,0.13517609164474043,0.00022665144475300346,25,10,10
45,5724,0.7795228657718112,0.00013376628763850222,0.21193078933989756,0.008412578600653335,25,10,10
45,5725,0.7409047425842067,0.00017738734598778772,0.25307679371937214,0.005841076350434271,25,10,10
45,5726,0.7665680080993111,4.155532396713846e-05,0.226017280675193,0.007373155901529827,25,10,10
45,5727,0.7657472914854732,7.389154699845928e-05,0.2287951850409863,0.005383631926541668,25,10,10
45,5728,0.7440509961921609,0.00012147365612628616,0.19435016389918808,0.061477366252522765,25,10,10
45,5729,0.8132300024136832,2.8713899260781073e-06,0.10507076789597311,0.08169635830041672,25,10,10
45,5730,0.6785262854432712,8.63094436147634e-06,0.23943064365261565,0.08203443995975246,25,10,10
45,5731,0.716818632362766,3.898563345051227e-05,0.2055537107575758,0.07758867124620396,25,10,10
45,5732,0.6950346322561001,3.884816847175392e-05,0.2250339535501611,0.07989256602526615,25,10,10
45,5733,0.818223963682743,1.2286765930789571e-06,0.09983032527518425,0.08194448236547883,25,10,10
45,5734,0.8670051091440861,1.7318955457100183e-06,0.09403694485738882,0.03895621410297971,25,10,10
45,5735,0.858355689341285,1.1737698134275424e-06,0.09899186609343236,0.04265127079546899,25,10,10
45,5736,0.7449928031441934,3.5499144426367086e-05,0.1896462995581936,0.06532539815318572,25,10,10
45,5737,0.8035122177945564,1.4289057745409462e-05,0.14961546229774783,0.046858030849950716,25,10,10
45,5738,0.8401076776768964,2.5637620126388744e-06,0.12523981948509122,0.034649939075999614,25,10,10
45,5739,0.8625011016976731,1.2155642554388957e-06,0.09750340117994051,0.03999428155813089,25,10,10
45,5740,0.8672786993008462,8.101129745540339e-07,0.0859972099246795,0.04672328066150044,25,10,10
45,5741,0.779020468552899,9.26254988873985e-05,0.18115152513845736,0.03973538080975332,25,10,10
45,5742,0.8623423060152154,7.950585839672701e-05,0.09757402672356624,0.04000416140281996,25,10,10
45,5743,0.7497574528111686,0.00011279869409075315,0.209837602440892,0.04029214605384641,25,10,10
45,5744,0.8411109864490591,0.00010334140255539182,0.11890337059656471,0.03988230155181974,25,10,10
45,5745,0.8533910929739982,2.5014043341987146e-05,0.06766641045228156,0.07891748253037838,25,10,10
45,5746,0.8274532808587679,7.0822735545817045e-06,0.10022059111422461,0.0723190457534512,25,10,10
45,5747,0.7890226777700906,3.865121885189179e-05,0.13560377631951437,0.07533489469154155,25,10,10
45,5748,0.7438527669740761,3.837690471572163e-06,0.24633336318011942,0.009810032155332436,25,10,10
45,5749,0.8186138878164266,3.2933244432983226e-06,0.17790813395796415,0.003474684901165764,25,10,10
45,5750,0.8086234677939609,0.00030041962488413555,0.18807818898279904,0.002997923598355192,25,10,10
45,5751,0.878147600489594,0.0003084339244031068,0.12100029281244494,0.0005436727735569455,25,10,10
45,5752,0.8623579521367349,3.946514869296653e-06,0.1374332941943319,0.00020480715406292818,25,10,10
45,5753,0.7548096998375449,2.1417423127794794e-05,0.20403892704052365,0.04112995569880264,25,10,10
45,5754,0.7048396973933184,1.0253876859659216e-05,0.20941204673653244,0.08573800199328963,25,10,10
45,5755,0.6695551222944259,1.8294092381503375e-05,0.20399347787845415,0.12643310573473598,25,10,10
45,5756,0.7053164699305728,9.444215414869993e-06,0.2234398251471054,0.07123426070690474,25,10,10
45,5757,0.7449854723237354,1.2044882826578893e-05,0.25296197423728545,0.002040508556157325,25,10,10
45,5758,0.8048329628117046,1.1184854336791267e-05,0.18873701417146896,0.006418838162490147,25,10,10
45,5759,0.8714844120932174,1.770236723039316e-06,0.12441076320581805,0.004103054464239994,25,10,10
45,5760,0.8638180008023941,1.2594413127879386e-05,0.13608892314481566,8.048163966123384e-05,25,10,10
45,5761,0.8089250310089037,3.9385220839491954e-05,0.19064762125233067,0.0003879625179259987,25,10,10
45,5762,0.8619348996056765,2.7110372899876747e-06,0.1377673457227714,0.00029504363426110787,25,10,10
45,5763,0.8635104765896828,0.00030064303827770643,0.09335339118823305,0.0428354891838071,25,10,10
45,5764,0.90279510322803,0.00029988621859926263,0.05725298030851277,0.03965203024485798,25,10,10
45,5765,0.8163080815466676,0.00031614307670783584,0.14495215332154335,0.038423622055080535,25,10,10
45,5766,0.8086104080023866,1.1981927517409371e-05,0.14965743239564722,0.04172017767444756,25,10,10
45,5767,0.8103457365794526,1.006675647289096e-05,0.15732420514043538,0.03231999152364001,25,10,10
45,5768,0.8155549676532998,1.668942961782946e-06,0.15233220305387538,0.03211116034986342,25,10,10
45,5769,0.7216554595879507,1.292382327607677e-05,0.2380288554159908,0.040302761172781525,25,10,10
45,5770,0.6891958949654362,0.0009661406278341162,0.26969110585262096,0.04014685855410798,25,10,10
45,5771,0.7221212464440842,4.349557974645713e-05,0.2377922439598648,0.04004301401630306,25,10,10
45,5772,0.7785192446854979,0.0003022652712399569,0.18117974079280963,0.03999874925045177,25,10,10
45,5773,0.7878867791777769,3.7797868063489746e-05,0.1443016679104045,0.06777375504375575,25,10,10
45,5774,0.7915021476121185,1.3135062774789963e-05,0.1285556928179955,0.07992902450711079,25,10,10
45,5775,0.80962647451099,2.2912152025093482e-05,0.13541675301086462,0.05493386032612025,25,10,10
45,5776,0.7599841328152677,5.9437853177143626e-05,0.15742935529568958,0.0825270740358656,25,10,10
45,5777,0.7532018959586014,3.92152475115612e-05,0.16671788802761,0.08004100076627572,25,10,10
45,5778,0.7754309361483314,1.5357788897496623e-05,0.14847779088913593,0.07607591517363567,25,10,10
45,5779,0.7771752468797392,4.297278402196236e-06,0.14604434267924452,0.07677611316261318,25,10,10
45,5780,0.8164903917252136,8.055440967821884e-06,0.1360334444335742,0.04746810840024403,25,10,10
45,5781,0.8625035036129894,7.204255974249391e-06,0.07824161581742838,0.05924767631360781,25,10,10
45,5782,0.7687671197437047,8.970835620810406e-06,0.14703154165348445,0.08419236776718883,25,10,10
45,5783,0.7368135610480624,3.4861750452222266e-05,0.21472973530289863,0.04842184189858643,25,10,10
45,5784,0.7479610035011028,1.0006916563265525e-05,0.2001300954279135,0.05189889415442131,25,10,10
45,5785,0.7659489704401333,1.891865438998114e-06,0.18205546686213459,0.05199367083229092,25,10,10
45,5786,0.6583416583741192,0.0001708789616195405,0.277377677888097,0.06410978477616404,25,10,10
45,5787,0.6774714405045518,1.5288877691380156e-05,0.2549755551274313,0.06753771549032449,25,10,10
45,5788,0.7910053946644422,3.0636662264802246e-06,0.14470095922226253,0.06429058244706772,25,10,10
45,5789,0.7628827123549838,4.253749886991396e-05,0.1986965061070071,0.03837824403913517,25,10,10
45,5790,0.8446708703226673,1.5919913198577493e-06,0.11858113048919669,0.03674640719681598,25,10,10
45,5791,0.7768249319667647,1.6318821741777778e-05,0.17415805767399825,0.049000691537494145,25,10,10
45,5792,0.8232857672349084,9.82600135775936e-07,0.134209705885893,0.04250354427906266,25,10,10
45,5793,0.8079048391094682,1.2180303709105774e-06,0.14532199264358472,0.04677195021657612,25,10,10
45,5794,0.8501770737485782,1.8656569028159442e-06,0.09199793985817215,0.05782312073634653,25,10,10
45,5795,0.8616865199278007,0.00046641339342989955,0.09208740315042313,0.04575966352834593,25,10,10
45,5796,0.8036565433623751,0.0004668006906088854,0.15402430068033637,0.041852355266680255,25,10,10
45,5797,0.7868093794558778,0.0004768882804795605,0.16779229513736157,0.04492143712628215,25,10,10
45,5798,0.8200016682971983,0.0004761785892775893,0.13442431786538644,0.045097835248137506,25,10,10
45,5799,0.8212823939645619,0.000476715401280751,0.13778548311245511,0.0404554075217015,25,10,10
45,5800,0.8218224678860316,0.00046595882147681467,0.13734546298867906,0.04036611030381092,25,10,10
45,5801,0.8973711374657924,1.4740477487565734e-06,0.06260503160037084,0.04002235688608849,25,10,10
45,5802,0.8653374909691272,1.2076767900927208e-05,0.0949006137052251,0.039749818557746626,25,10,10
45,5803,0.8116499213360506,5.716600949160817e-07,0.15870004795644682,0.029649459047408473,25,10,10
45,5804,0.8069818795739394,0.000373708736552558,0.15296843483943412,0.03967597685007296,25,10,10
45,5805,0.7715191647007106,7.905429124386673e-06,0.18743298488272006,0.04103994498744888,25,10,10
45,5806,0.771485355501396,8.531247070495654e-05,0.18675649535463648,0.0416728366732634,25,10,10
45,5807,0.8012678368773782,7.464288878039662e-05,0.15147249123830359,0.047185028995538,25,10,10
45,5808,0.8796351506416691,7.29887136155951e-05,0.0913427131492629,0.028949147495452694,25,10,10
45,5809,0.8530902559775397,1.6889490686128252e-05,0.11626972395099616,0.03062313058077775,25,10,10
45,5810,0.8394696477866087,8.155711528470446e-06,0.09284451207866726,0.06767768442319555,25,10,10
45,5811,0.8375996365626079,8.358544827497743e-06,0.1258476665318625,0.03654433836069955,25,10,10
45,5812,0.8261638572251836,1.043770865812854e-05,0.13372304667895535,0.04010265838720131,25,10,10
45,5813,0.7168741766394569,0.0007169114780199685,0.268843492106526,0.013565419775999026,25,10,10
45,5814,0.728140973099805,7.37778565341973e-05,0.2345018740211556,0.037283375022507365,25,10,10
45,5815,0.6862029060292243,0.00010946081647431837,0.2639898218592354,0.04969781129506444,25,10,10
45,5816,0.7183331319371185,3.931963914314037e-05,0.26479154094314566,0.016836007480591525,25,10,10
45,5817,0.7591143656908007,4.0571082353195594e-05,0.2304948120092024,0.010350251217642903,25,10,10
45,5818,0.8245669317267992,1.9833439665863583e-06,0.175411801142376,1.9283786856702074e-05,25,10,10
45,5819,0.8607661737653118,0.0005951644492472911,0.09914257082571112,0.03949609095972896,25,10,10
45,5820,0.8256891924391196,2.1884053778147577e-05,0.13099937024838582,0.04328955325871604,25,10,10
45,5821,0.8340779312205069,2.0207243740360297e-05,0.1251333998387151,0.04076846169703855,25,10,10
45,5822,0.8613971261142302,1.900812298493841e-05,0.0984398232712437,0.04014404249154132,25,10,10
45,5823,0.8830100229574205,1.881564044700765e-05,0.0773414538906047,0.03962970751152778,25,10,10
45,5824,0.9036082610572762,3.378926871825771e-05,0.09414859845485637,0.0022093512191491567,25,10,10
45,5825,0.9157825800336292,2.105530931524254e-05,0.0841193444641007,7.702019295458265e-05,25,10,10
45,5826,0.8228205228186853,1.630203579173574e-05,0.1770716497579828,9.152538753913185e-05,25,10,10
45,5827,0.8106917065913973,0.00038414404225210454,0.18877804736725362,0.00014610199909621384,25,10,10
45,5828,0.7462406435911497,2.165945897119412e-05,0.25332967894438574,0.00040801800548990737,25,10,10
45,5829,0.7302173809922013,1.663004132990461e-05,0.2696297575646599,0.0001362314018065717,25,10,10
45,5830,0.8432424411314243,2.3289164073922785e-06,0.15635446902224803,0.0004007609299176342,25,10,10
45,5831,0.8593945483012644,2.7335763772184313e-06,0.1402166074880588,0.0003861106342997184,25,10,10
45,5832,0.7622378799150475,2.317130186324585e-05,0.2376087025518593,0.00013024623122860033,25,10,10
45,5833,0.831526495571067,0.0006665178893293106,0.16480782309231745,0.002999163447286796,25,10,10
45,5834,0.8226197270610391,0.00028240107781278697,0.1738744024882444,0.003223469372903721,25,10,10
45,5835,0.876057414681826,0.0002915257959256112,0.12050313397907689,0.0031479255431712634,25,10,10
45,5836,0.8740826662262112,2.7253817752105348e-05,0.12559108276537254,0.00029899719066314793,25,10,10
45,5837,0.8357193590408329,1.8787846792739212e-05,0.16399811657018518,0.0002637365421878309,25,10,10
45,5838,0.8601799632871837,1.0104434251407045e-05,0.13176611303424798,0.008043819244316618,25,10,10
45,5839,0.8783480361642871,6.572829556671702e-07,0.11232999427822614,0.009321312274530247,25,10,10
45,5840,0.8806745749496615,9.069414351942838e-05,0.08801920116754199,0.03121552973927647,25,10,10
45,5841,0.895065174561948,1.0195079482445634e-05,0.10486149860047661,6.313175809372843e-05,25,10,10
45,5842,0.8571489697113605,1.9661227755991628e-05,0.14255755941139348,0.00027380964949113277,25,10,10
45,5843,0.810363759047709,8.81217432435496e-05,0.18903674023849906,0.0005113789705459937,25,10,10
45,5844,0.9082550827075309,6.10598657030225e-06,0.09141256226955202,0.0003262490363470052,25,10,10
45,5845,0.9170782209231474,1.6484923578243364e-05,0.08288255441088152,2.2739742392980387e-05,25,10,10
45,5846,0.8877911902987254,1.65494313324957e-05,0.07266773036569485,0.03952452990424722,25,10,10
45,5847,0.8837809489209509,2.5242292353904144e-07,0.0762948631433875,0.03992393551273803,25,10,10
45,5848,0.7809705091129652,1.2065254411764141e-05,0.17666320267822427,0.04235422295439524,25,10,10
45,5849,0.8017034512609428,4.264535161504707e-06,0.15339233514664416,0.044899949057252184,25,10,10
45,5850,0.8787530426285496,5.9333524816769145e-06,0.0768633041757643,0.04437771984320372,25,10,10
45,5851,0.9024579343325556,7.522038982543098e-06,0.05712777878431946,0.04040676484414251,25,10,10
45,5852,0.8049143160841613,3.336888404672247e-06,0.11114615304728048,0.08393619398015194,25,10,10
45,5853,0.820003873193848,2.518780203760722e-06,0.06927066888450009,0.11072293914144811,25,10,10
45,5854,0.696346224540264,2.2465713843849285e-05,0.23501102305971266,0.06862028668617916,25,10,10
45,5855,0.7829171554210365,0.0008142752391799849,0.13636860439040155,0.07989996494938001,25,10,10
45,5856,0.8343557719816381,2.1737295870141482e-05,0.08590845851228784,0.07971403221020354,25,10,10
45,5857,0.8686154095248517,3.465539080010144e-07,0.05816757871054191,0.07321666521069846,25,10,10
45,5858,0.8243971947129736,1.1428720307655624e-06,0.0884764977501789,0.08712516466481668,25,10,10
45,5859,0.8631649617297573,1.9865043354610565e-05,0.05734136974515753,0.0794738034817307,25,10,10
45,5860,0.8466337884099409,1.499355840010343e-06,0.12223822490932733,0.031126487324891112,25,10,10
45,5861,0.8133998131007423,3.774412746932406e-05,0.15553092499748838,0.031031517774298065,25,10,10
45,5862,0.8195248705012529,3.6559128640654166e-05,0.1404388881076633,0.03999968226244349,25,10,10
45,5863,0.7780645635909442,3.986036720484001e-06,0.18208473415027196,0.039846716222062456,25,10,10
45,5864,0.7732401048398266,0.0007269224718329188,0.22594287539853453,9.009728980597643e-05,25,10,10
45,5865,0.837469730892477,1.7880837103032065e-06,0.16225456922420997,0.0002739117996028755,25,10,10
45,5866,0.7875292081661237,9.726893240221135e-07,0.17238759611548146,0.04008222302907112,25,10,10
45,5867,0.7550973781767399,0.0001116627172417141,0.21873000645074622,0.02606095265527177,25,10,10
45,5868,0.7741782625655261,1.0749279860982998e-06,0.1981140839132386,0.027706578593249126,25,10,10
45,5869,0.8413841182590641,1.091003317579974e-06,0.15219087759097014,0.006423913146646884,25,10,10
45,5870,0.8150793944841699,1.5219535520626913e-05,0.18408983876154905,0.0008155472187608243,25,10,10
45,5871,0.8729540540326315,1.8168663570211857e-06,0.1269559220297275,8.820707128536886e-05,25,10,10
45,5872,0.8866892320140536,0.0003059881280418559,0.11289094431205944,0.00011383554584472972,25,10,10
45,5873,0.8971041488212685,1.115302294816392e-06,0.10285173346025393,4.300241618257033e-05,25,10,10
45,5874,0.9277530298491539,3.6815746576978486e-07,0.06879633981162461,0.0034502621817553676,25,10,10
45,5875,0.9319318445752145,1.3098339368802671e-06,0.0679664868575791,0.00010035873326949656,25,10,10
45,5876,0.8923829283875427,8.178014489765908e-07,0.08278750490411531,0.024828748906893017,25,10,10
45,5877,0.841344831619489,2.736165960109718e-06,0.13339624656098695,0.025256185653562694,25,10,10
45,5878,0.7938588876367274,7.528874971137462e-05,0.20055056548802722,0.005515258125536064,25,10,10
45,5879,0.8626607973357006,1.7561358432419247e-05,0.13730354282243892,1.8098483427827136e-05,25,10,10
45,5880,0.8980822692623573,7.695741068149655e-07,0.10190888508936839,8.076074167436004e-06,25,10,10
45,5881,0.8429545408974682,1.009741076135787e-06,0.12752449399046778,0.029519955370987887,25,10,10
45,5882,0.8428477246856433,2.1769496777779396e-06,0.12355157764718891,0.03359852071748875,25,10,10
45,5883,0.769007881292384,3.9872559646561854e-05,0.19103134047259726,0.03992090567537223,25,10,10
45,5884,0.784275995532336,2.1564966282662085e-06,0.1758732890222983,0.03984855894873775,25,10,10
45,5885,0.7575426074332866,1.7313182203286836e-06,0.2355710908853462,0.006884570363146628,25,10,10
45,5886,0.7915374124774377,0.00011219250004116593,0.20833161138550213,1.8783637021464373e-05,25,10,10
45,5887,0.8419915289242255,2.204338526034978e-06,0.15798736973051278,1.889700673425797e-05,25,10,10
45,5888,0.8123243836586458,9.914050900353534e-07,0.1477964048250416,0.039878220111223904,25,10,10
45,5889,0.8620237335145639,0.00025964721677063785,0.09787539130342358,0.039841227965242296,25,10,10
45,5890,0.859181903402893,8.224462321674197e-07,0.10101213304976912,0.03980514110110435,25,10,10
45,5891,0.9154768915671169,8.047575529843149e-07,0.056842957083418064,0.027679346591913262,25,10,10
45,5892,0.844695975076318,6.571180864578143e-05,0.11545087326539187,0.0397874398496424,25,10,10
45,5893,0.8611225717202022,1.2848013915792182e-05,0.09901816214921028,0.03984641811667097,25,10,10
45,5894,0.872116507375088,1.2781021803084598e-05,0.12762818765229644,0.00024252395081168082,25,10,10
45,5895,0.95152616437216,1.5945849022639264e-06,0.04836435333257195,0.00010788771036662988,25,10,10
45,5896,0.9430310966433363,1.8532047591949087e-06,0.05681350092677841,0.0001535492251260185,25,10,10
45,5897,0.8552145107130867,5.7428915623969005e-05,0.13329515322093605,0.011432907150350472,25,10,10
45,5898,0.8958519721883959,0.00048154202299366373,0.09470870581690229,0.008957779971707398,25,10,10
45,5899,0.8518923960510537,1.9736339583877754e-05,0.13895172647281046,0.009136141136551274,25,10,10
45,5900,0.8671797134862167,1.5953768597989857e-05,0.12980816830923675,0.0029961644359478984,25,10,10
45,5901,0.8302341727207518,3.535163856044564e-05,0.1652434958396795,0.004486979801005386,25,10,10
45,5902,0.814089411389676,2.062404464310183e-05,0.1812163484338654,0.004673616131816116,25,10,10
45,5903,0.8206310498372811,3.067506460326498e-06,0.1769462901707289,0.0024195924855313767,25,10,10
45,5904,0.8048141226060936,2.4935941551472156e-05,0.19501628346676061,0.00014465798559454765,25,10,10
45,5905,0.834294204452064,2.405778734513489e-05,0.16404634719938369,0.0016353905612061872,25,10,10
45,5906,0.8849553124663824,2.2871067004364556e-05,0.11337884221596353,0.0016429742506494827,25,10,10
45,5907,0.8575043750737323,1.3105166778933314e-06,0.1424391514580569,5.516295153039022e-05,25,10,10
45,5908,0.8433442320752207,2.8825226914010766e-06,0.1565033600862828,0.00014952531580346244,25,10,10
45,5909,0.8398330881853059,3.546971835645511e-06,0.1600439085063949,0.00011945633646456045,25,10,10
45,5910,0.9063922438213072,6.944863553832924e-06,0.09354621877575613,5.459253938240777e-05,25,10,10
45,5911,0.930446170873108,6.5964554405840305e-06,0.06930136382526372,0.0002458688461871398,25,10,10
45,5912,0.8629856762232656,9.333920312668765e-06,0.13666121308071644,0.0003437767757043822,25,10,10
45,5913,0.8802344010771074,7.331211381734067e-06,0.11612988976716702,0.0036283779443444025,25,10,10
45,5914,0.8102453293424332,5.222133189724781e-06,0.18603645329797794,0.0037129952263987858,25,10,10
45,5915,0.8295308740841064,1.439528455530556e-05,0.1666639670837482,0.0037907635475893575,25,10,10
45,5916,0.7651852348144459,3.5019765200022277e-06,0.1787360911893163,0.056075172019718345,25,10,10
45,5917,0.7642209485285979,4.8094318027595895e-06,0.22914499688056358,0.00662924515903495,25,10,10
45,5918,0.869689464417307,9.012175718228143e-06,0.12750806485494007,0.0027934585520332706,25,10,10
45,5919,0.8089084366970003,1.4402310873282217e-06,0.19029212945680796,0.0007979936151051111,25,10,10
45,5920,0.8515869367194804,3.1923147226689673e-06,0.14334787920448927,0.005061991761306145,25,10,10
45,5921,0.8585024722212495,3.438975661205942e-06,0.14048452496511346,0.0010095638379758827,25,10,10
45,5922,0.8884905740027049,1.0551484388449996e-05,0.10900928689773069,0.0024895876151760543,25,10,10
45,5923,0.7992608814171268,1.5761117272594153e-05,0.19407555718901193,0.0066478002765893475,25,10,10
45,5924,0.8139629718209699,3.9434515609063524e-05,0.1855574277706243,0.00044016589279623057,25,10,10
45,5925,0.8591394904964684,2.683712871753599e-05,0.14067775085287437,0.00015592152193811618,25,10,10
45,5926,0.8661841226272238,5.0891015122160764e-05,0.1336388889831435,0.00012609737451113481,25,10,10
45,5927,0.826379239824819,0.000778705372270133,0.14762747560610318,0.02521457919680792,25,10,10
45,5928,0.778125445701393,0.00087550111129879,0.1958124554172957,0.02518659777000896,25,10,10
45,5929,0.7725951606206959,0.0008761773081431018,0.19815875124573679,0.028369910825424945,25,10,10
45,5930,0.7724274747243162,0.0008632124855718304,0.19826254489040854,0.02844676789970402,25,10,10
45,5931,0.8723548494093832,1.0412966341733197e-05,0.1215499969522919,0.006084740671981877,25,10,10
45,5932,0.9129567321039563,9.181412726766188e-07,0.08535418009575124,0.0016881696590200033,25,10,10
45,5933,0.8352320383571638,1.103303929763242e-05,0.16070540076815118,0.004051527835385259,25,10,10
45,5934,0.832242847914239,2.7600492395827217e-05,0.16264224727187362,0.0050873043214893846,25,10,10
45,5935,0.8056946631122957,3.786529964751537e-05,0.19147142088249786,0.0027960507055573413,25,10,10
45,5936,0.8661266824068192,2.891236286085301e-05,0.1335745130649375,0.0002698921653811893,25,10,10
45,5937,0.8498954031104435,2.1763373495148727e-05,0.14614887811658583,0.003933955399474568,25,10,10
45,5938,0.8112247949336733,2.0520244841078635e-05,0.15276292308604184,0.035991761735443654,25,10,10
45,5939,0.806166198558367,3.8392902092072165e-05,0.16296229303702728,0.030833115502514594,25,10,10
45,5940,0.7996995771177167,1.0199929069148266e-06,0.1603623129188041,0.03993708997057235,25,10,10
45,5941,0.7812317864897684,8.381994599409328e-07,0.17680115895212192,0.041966216358649576,25,10,10
45,5942,0.8729808441132283,4.90892986720473e-07,0.08714854750396807,0.03987011748981688,25,10,10
45,5943,0.8371932068888951,9.41783795011333e-06,0.12387488712799395,0.038922488145160215,25,10,10
45,5944,0.8780061808440083,1.6723238861181704e-07,0.08211855818042615,0.039875093743176694,25,10,10
45,5945,0.8333106373534389,7.402073325487548e-07,0.12676006708309873,0.039928555356129894,25,10,10
45,5946,0.8754869987341836,0.00013351909078193004,0.08722171963656651,0.037157762538466234,25,10,10
45,5947,0.8252507230032075,1.2529908091050832e-06,0.1346525313529369,0.04009549265304491,25,10,10
45,5948,0.7924332571350398,0.0006447855215081666,0.16539405762052767,0.041527899722926344,25,10,10
45,5949,0.6865002662818971,0.0006481416411184919,0.2697295981054702,0.04312199397151337,25,10,10
45,5950,0.7626053416348205,3.6749784118179273e-06,0.1930414118395777,0.04434957154718917,25,10,10
45,5951,0.7299187746101127,0.0010276425012007008,0.26562136834607536,0.0034322145426112925,25,10,10
45,5952,0.7568725948785808,3.188656567551344e-06,0.2426741953913589,0.00045002107349133335,25,10,10
45,5953,0.7667690442255646,1.9296765367795826e-05,0.2331884065197991,2.3252489269262217e-05,25,10,10
45,5954,0.732099707078261,2.3898169081389235e-06,0.2678761612091818,2.174189565376468e-05,25,10,10
45,5955,0.8107915701117772,3.124470357771897e-05,0.18514505834329703,0.004032126841348013,25,10,10
45,5956,0.9001968024694454,0.00015952141156461743,0.09890815985983649,0.0007355162591536719,25,10,10
45,5957,0.7936482476785564,0.00016806690802918022,0.20524607550776294,0.0009376099056543355,25,10,10
45,5958,0.8072882181802341,0.00016175996254888498,0.19166940461161242,0.0008806172456063914,25,10,10
45,5959,0.8585852148321574,0.00016462213439166233,0.1403345250915333,0.0009156379419173793,25,10,10
45,5960,0.8260869362550806,8.526760580513282e-06,0.15847800483866342,0.015426532145674353,25,10,10
45,5961,0.7950415480925781,7.601937650152517e-05,0.189973955208935,0.01490847732198276,25,10,10
45,5962,0.7428191283276188,0.00010825841762283168,0.24976797189013442,0.007304641364624272,25,10,10
45,5963,0.8116237431633111,3.246763156190268e-05,0.18814477426701987,0.00019901493810384457,25,10,10
45,5964,0.7785902731004722,3.2298988772221274e-05,0.22103428867730002,0.0003431392334533367,25,10,10
45,5965,0.8533641064936535,1.136390123017152e-06,0.1461137231721362,0.0005210339440838272,25,10,10
45,5966,0.8903510402751884,8.213413303773786e-07,0.10941174579053596,0.00023639259294327573,25,10,10
45,5967,0.8818192389655993,1.4347611206798015e-05,0.11774276965755397,0.000423643765638098,25,10,10
45,5968,0.7913961130928194,2.7159389622810657e-05,0.20821516542958432,0.00036156208797355276,25,10,10
45,5969,0.8276705249397651,1.4347439648531402e-05,0.1719578244701684,0.0003573031504182261,25,10,10
45,5970,0.7933209126436626,2.8462188621898458e-05,0.20655800906067726,9.261610703734585e-05,25,10,10
45,5971,0.8027437373843452,7.434154320955049e-06,0.17174035496152837,0.0255084734998054,25,10,10
45,5972,0.7931944912566488,3.397241615888982e-06,0.1551187117024723,0.0516833997992598,25,10,10
45,5973,0.8270946217563592,1.034819365509349e-05,0.1292910233603303,0.04360400668965325,25,10,10
45,5974,0.7899533943933996,1.22232720815284e-05,0.17004981295440458,0.03998456938011382,25,10,10
45,5975,0.8078079263829204,1.9807455877895714e-05,0.1672275223508231,0.024944743810378204,25,10,10
45,5976,0.809069312393899,1.909204348396464e-05,0.10533509510241292,0.08557650046020275,25,10,10
45,5977,0.8418613348544133,7.1011272300276924e-06,0.11807006463792033,0.04006149938043598,25,10,10
45,5978,0.8412705681844882,0.00032362192856069574,0.11835576459801161,0.04005004528893849,25,10,10
45,5979,0.7969136874179994,0.00029175794569212055,0.16257535226762504,0.040219202368679534,25,10,10
45,5980,0.7689456769625891,3.094978891736138e-05,0.18957909635131504,0.04144427689718209,25,10,10
45,5981,0.7518106533200813,0.00023827537141885238,0.20220780029078378,0.04574327101771511,25,10,10
45,5982,0.7331527132581656,0.00023496106312311503,0.2266166495076274,0.03999567617108047,25,10,10
45,5983,0.8572753817094685,2.568265575311921e-05,0.10286830242576704,0.03983063320901149,25,10,10
45,5984,0.7210276793352612,2.2069821087043712e-05,0.23911349430244502,0.03983675654120851,25,10,10
45,5985,0.8791126796049121,1.4563148521699697e-05,0.11704461888605629,0.003828138360510184,25,10,10
45,5986,0.8373415598608154,1.4089780367608268e-05,0.14624972976241168,0.016394620596404848,25,10,10
45,5987,0.8564902527257803,1.902705094082799e-05,0.107162551274482,0.036328168948795814,25,10,10
45,5988,0.8382872297770682,7.386843836271769e-06,0.12166009652876845,0.040045286850326406,25,10,10
45,5989,0.8006918903373647,1.9002600264839121e-06,0.16031979088608803,0.038986418516519766,25,10,10
45,5990,0.7721905777559703,1.624675700513386e-06,0.17984291379481962,0.04796488377350935,25,10,10
45,5991,0.7911257783521641,2.2432199724232014e-06,0.1357715347955983,0.07310044363226337,25,10,10
45,5992,0.7369092072002923,1.0781078123173455e-05,0.17631632008592754,0.08676369163565856,25,10,10
45,5993,0.8278862675321916,1.1842853220752432e-05,0.09283213590360175,0.07926975371098476,25,10,10
45,5994,0.8638753443718729,1.2227146917519988e-05,0.05658740535443412,0.07952502312677505,25,10,10
45,5995,0.7645569238265669,1.2517403198661249e-05,0.1556758671811807,0.07975469158905246,25,10,10
45,5996,0.7788700377119068,2.5909573499916883e-05,0.13936816478352057,0.08173588793107084,25,10,10
45,5997,0.7178055321611434,0.01408153140739079,0.18625000974051764,0.08186292669094673,25,10,10
45,5998,0.7847952140403214,0.014093361502311406,0.11475359968714352,0.08635782477022208,25,10,10
45,5999,0.7646662765086245,0.014084248645635941,0.14478673015687663,0.07646274468886163,25,10,10
45,6000,0.755723752974251,0.014336224938105359,0.15077043385827926,0.0791695882293654,25,10,10
45,6001,0.7828728781688841,0.012571001593816338,0.12511657491621578,0.07943954532108281,25,10,10
45,6002,0.7797044484025002,0.012570771958462257,0.14984028231266674,0.05788449732637054,25,10,10
45,6003,0.7438603617435975,0.0008923488064866062,0.19858976604469955,0.05665752340521611,25,10,10
45,6004,0.7130256815468593,4.023428312392829e-05,0.1976107717014376,0.08932331246857803,25,10,10
45,6005,0.666115278695526,2.5864248520879354e-06,0.2332245939308186,0.10065754094880763,25,10,10
45,6006,0.7256257008969607,0.00010893786760962926,0.1745914812969165,0.09967387993851227,25,10,10
45,6007,0.7017513856059785,0.0007248985298489846,0.2046060658969362,0.09291764996723616,25,10,10
45,6008,0.7402528288792203,2.2849250279063695e-06,0.15276579504159718,0.10697909115415331,25,10,10
45,6009,0.7750177865112616,1.1436264781359112e-05,0.1208526311420972,0.10411814608185863,25,10,10
45,6010,0.7742281786465409,2.4703929092045576e-07,0.11257939098072234,0.11319218333344612,25,10,10
45,6011,0.7547721632576971,3.9272142538762564e-07,0.1641336160705916,0.0810938279502849,25,10,10
45,6012,0.7513058511718813,0.0003078232501316664,0.16112777527343122,0.08725855030455444,25,10,10
45,6013,0.7493814080398701,5.481938362936908e-06,0.14490037675916534,0.1057127332626011,25,10,10
45,6014,0.8350144177784681,1.1444432761746383e-05,0.05452424754150735,0.11044989024726243,25,10,10
45,6015,0.8274895555119616,9.244362252466078e-06,0.05582439017178979,0.1166768099539953,25,10,10
45,6016,0.7896634714125648,6.906051141396919e-07,0.09388814993253218,0.11644768804978863,25,10,10
45,6017,0.7669265780492394,4.488765561983566e-05,0.11680842016199543,0.11622011413314484,25,10,10
45,6018,0.8018282770868435,1.9387087041660103e-05,0.11849185907468726,0.07966047675142836,25,10,10
45,6019,0.7759758701844985,1.7558397402438482e-06,0.15130395763547264,0.07271841634028832,25,10,10
45,6020,0.7946024732574756,1.134671134049524e-05,0.1626613470992972,0.042724832931887426,25,10,10
45,6021,0.8146214046261675,0.0002965795932749923,0.14501162456387445,0.040070391216683224,25,10,10
45,6022,0.7250506314347124,0.00036934334931339137,0.2408195749294987,0.03376045028647732,25,10,10
45,6023,0.8589994460466731,1.857387682160952e-05,0.09356310795684143,0.047418872119662316,25,10,10
45,6024,0.850008717784646,1.5304386569340545e-05,0.10994613755243679,0.04002984027634565,25,10,10
45,6025,0.8135586489564689,2.2986684288797016e-05,0.14967287666351975,0.03674548769572236,25,10,10
45,6026,0.7680478470318874,0.00039345757042106216,0.21917170554540452,0.012386989852288541,25,10,10
45,6027,0.6455106892640294,0.000276613019544065,0.3372360570542415,0.016976640662186227,25,10,10
45,6028,0.7504681329008841,8.4506447054742e-05,0.23322941481153278,0.016217945840530483,25,10,10
45,6029,0.8054249245937298,2.4238625743813628e-05,0.15476628185134245,0.039784554929183404,25,10,10
45,6030,0.8294512916319425,2.530060201108671e-05,0.14084728345726838,0.029676124308777755,25,10,10
45,6031,0.8628239203173199,3.5597743936080404e-06,0.10751738466637235,0.029655135241912496,25,10,10
45,6032,0.8364295137209187,2.9783896067730063e-05,0.13399671368778787,0.029543988695223553,25,10,10
45,6033,0.857847172228512,3.819753135080793e-06,0.1414949660506432,0.0006540419677074618,25,10,10
45,6034,0.896036743216099,1.2478964806006722e-05,0.10379982710039845,0.00015095071869804474,25,10,10
45,6035,0.852419277199019,1.2231587480735504e-05,0.14344858478026987,0.004119906433231635,25,10,10
45,6036,0.849588052458869,0.0007501498554247045,0.14913459420869762,0.000527203477009318,25,10,10
45,6037,0.9224756439042612,0.0007390632057480888,0.07585051421805543,0.0009347786719346513,25,10,10
45,6038,0.909795896163132,1.2691724234616472e-06,0.08999779041281387,0.00020504425162872858,25,10,10
45,6039,0.7503706513792097,0.012235496637821081,0.2341791274548203,0.0032147245281501703,25,10,10
45,6040,0.8262207387575187,0.010056952033549067,0.16301519833904757,0.0007071108698848899,25,10,10
45,6041,0.7994056397398546,3.0046105490090096e-05,0.19659783423278118,0.003966479921874876,25,10,10
45,6042,0.8333435550143318,2.8352896390286287e-05,0.16592761621606072,0.0007004758732185552,25,10,10
45,6043,0.7596124227674718,2.8174212201403166e-05,0.2392918467406457,0.0010675562796786508,25,10,10
45,6044,0.807739273394002,2.716074321228973e-06,0.19177135831659567,0.00048665221507993603,25,10,10
45,6045,0.781588505442758,4.1481129926356964e-05,0.2100944116724677,0.008275601754848287,25,10,10
45,6046,0.8380334258738878,3.713809520983492e-05,0.15395698319066603,0.00797245284023526,25,10,10
45,6047,0.8944357957017632,1.7742498122725787e-05,0.1048412280023819,0.0007052337977304482,25,10,10
45,6048,0.9512563239174955,9.196220343630989e-07,0.04855277587239609,0.00018998058807439682,25,10,10
45,6049,0.9492008011813664,1.3199085069806634e-06,0.050776108879505386,2.1770030620703896e-05,25,10,10
45,6050,0.9262710190269346,9.343992843591085e-06,0.07138135211051339,0.0023382848697083877,25,10,10
45,6051,0.9572712329084855,8.30844535219438e-06,0.04049967796627588,0.002220780679886369,25,10,10
45,6052,0.9213741184038602,1.2165562379967296e-05,0.07852625107595045,8.746495781038527e-05,25,10,10
45,6053,0.8680543574099073,1.0886193299021324e-05,0.13183935440472344,9.540199206735198e-05,25,10,10
45,6054,0.8640761108180014,2.3964262552191445e-06,0.13549121369827966,0.0004302790574628648,25,10,10
45,6055,0.830927392341748,1.0540898155934878e-06,0.16873053154185225,0.0003410220265843655,25,10,10
45,6056,0.8305699014997815,2.516051430256474e-05,0.1692563191130069,0.0001486188729081717,25,10,10
45,6057,0.8611736880101136,1.3241516242327897e-05,0.13874913399877728,6.393647486552003e-05,25,10,10
45,6058,0.9074733519746785,7.501277527288125e-05,0.08845067988781675,0.00400095536223354,25,10,10
45,6059,0.861691832066128,1.2084769225797393e-05,0.13822417261563,7.1910549014199e-05,25,10,10
45,6060,0.8933393894310083,4.4880154618603717e-07,0.10195480158384149,0.004705360183604502,25,10,10
45,6061,0.8953283040239193,1.3969841391958703e-05,0.09998530058645894,0.004672425548228618,25,10,10
45,6062,0.8768101719925666,2.2152263677914312e-05,0.12278586095938125,0.0003818147843722669,25,10,10
45,6063,0.8410899908758283,4.7550005473528935e-05,0.1585731774068314,0.0002892817118638774,25,10,10
45,6064,0.8245051753567796,0.0020844969443547857,0.17313146363006138,0.0002788640688022275,25,10,10
45,6065,0.780298562007369,2.1272286390140016e-05,0.2194046207127992,0.00027554499344134965,25,10,10
45,6066,0.8318481524046064,2.491333460374506e-06,0.16802078958931307,0.00012856667261905525,25,10,10
45,6067,0.9086010263424033,2.30770880174389e-06,0.09123243612883503,0.0001642298199593163,25,10,10
45,6068,0.9225085672019501,5.68175339630437e-07,0.07748208708580959,8.77753690154509e-06,25,10,10
45,6069,0.8942559268774168,1.941917779588073e-06,0.105689465218117,5.266598668553085e-05,25,10,10
45,6070,0.9488358440451491,1.2683769548541814e-05,0.05113839615375419,1.3076031548540506e-05,25,10,10
45,6071,0.8520309579432208,2.2385165736254615e-05,0.1478368189164869,0.00010983797455367314,25,10,10
45,6072,0.872760281827393,1.5937563096799006e-07,0.09261935942200993,0.034620199374965244,25,10,10
45,6073,0.867755927683526,0.00010589625718590829,0.13167731344802125,0.0004608626112645548,25,10,10
45,6074,0.8920213179176772,9.001883147885352e-06,0.10795423230841605,1.5447890757717898e-05,25,10,10
45,6075,0.8744414367244718,7.01549948334009e-06,0.085964748563618,0.039586799212427796,25,10,10
45,6076,0.8258493409420633,1.669373835535739e-06,0.1351598144428666,0.03898917524123262,25,10,10
45,6077,0.7736529909816491,1.493741709275992e-06,0.18044596749467579,0.04589954778196405,25,10,10
45,6078,0.8285133114314155,1.363330987177799e-05,0.14208367102766306,0.029389384231049535,25,10,10
45,6079,0.7988125718154775,2.683280341004594e-05,0.1609186720111405,0.040241923369971275,25,10,10
45,6080,0.8480484693905019,1.4648251215722543e-05,0.08022378717996588,0.07171309517831469,25,10,10
45,6081,0.796055169002298,2.9573895417079585e-06,0.10648078434703097,0.09746108926113047,25,10,10
45,6082,0.8015359788474341,0.0005234132893588373,0.11873526454370566,0.07920534331950127,25,10,10
45,6083,0.8383024990881293,0.0005357244923776549,0.08164280894429395,0.07951896747519824,25,10,10
45,6084,0.8174752184396534,1.0940175176342208e-05,0.12034584760897489,0.06216799377619336,25,10,10
45,6085,0.8421608125735645,1.3488439543784313e-05,0.07191058281287077,0.08591511617402135,25,10,10
45,6086,0.7991651729415158,1.996034776309882e-05,0.10955704460961206,0.09125782210110746,25,10,10
45,6087,0.7917579247678984,4.6231863747589164e-05,0.12215384802440697,0.08604199534394769,25,10,10
45,6088,0.7473573439652952,3.5677977378191195e-05,0.18773754410876203,0.06486943394856387,25,10,10
45,6089,0.7391002522481451,2.395114829280646e-06,0.18912283653724982,0.07177451609977746,25,10,10
45,6090,0.7823052356201928,2.3746106965125946e-06,0.14435134231625854,0.07334104745285175,25,10,10
45,6091,0.81936316350814,0.0004933993843928639,0.10296258820826194,0.07718084889920514,25,10,10
45,6092,0.7809141767896075,1.826755778569674e-05,0.15013457773682848,0.06893297791577756,25,10,10
45,6093,0.6875215995329039,0.00011435588010768124,0.24650784681177526,0.06585619777521576,25,10,10
45,6094,0.609080607492525,0.00014342918159740106,0.31025031606480574,0.08052564726106982,25,10,10
45,6095,0.6677973340786852,0.00011993370421160937,0.283541261590086,0.048541470627017705,25,10,10
45,6096,0.7105039763302281,0.0001140753056703395,0.23739016845116875,0.051991779912934,25,10,10
45,6097,0.7435169176249858,0.00011554040119880235,0.19193114422834984,0.06443639774546531,25,10,10
45,6098,0.8346149434417492,1.4059470624547592e-05,0.08632733079497835,0.07904366629264768,25,10,10
45,6099,0.8244811881315516,6.679284455540577e-07,0.09355929883834545,0.08195884510165757,25,10,10
45,6100,0.8353067569825119,6.843622847998224e-07,0.12197649088399638,0.04271606777120768,25,10,10
45,6101,0.8532388784745041,2.40034672041447e-06,0.09828334629239542,0.048475374886378625,25,10,10
45,6102,0.8911626322496587,1.693186404097722e-06,0.06900848614994187,0.039827188413995,25,10,10
45,6103,0.8682762206268758,1.1171952063101659e-05,0.1252235916180109,0.006489015803051295,25,10,10
45,6104,0.8116220241569995,1.450466117009093e-05,0.1775930507360151,0.01077042044581391,25,10,10
45,6105,0.8324574188346111,3.659962193816478e-05,0.1310093311898984,0.03649665035355079,25,10,10
45,6106,0.801101255108468,2.171103561453743e-05,0.16650312429372818,0.03237390956218619,25,10,10
45,6107,0.8500996631553047,2.1863277591699424e-05,0.11022590697246586,0.03965256659463712,25,10,10
45,6108,0.7107986907816277,0.0003388633690987823,0.17472490886464523,0.11413753698462814,25,10,10
45,6109,0.7047268525242005,0.00034372503224548083,0.18665450590495586,0.10827491653859868,25,10,10
45,6110,0.6736012654320338,0.00041966366634565956,0.20324768119472908,0.12273138970689218,25,10,10
45,6111,0.6273654762644223,0.00035763354754581673,0.28990017248334676,0.0823767177046844,25,10,10
45,6112,0.7050445815715455,0.00024651165691055935,0.2149777997890966,0.07973110698244425,25,10,10
45,6113,0.7983762958826561,0.008328693206565917,0.11673089960670018,0.07656411130407904,25,10,10
45,6114,0.8023469949727853,0.02120111018784325,0.10353219616358626,0.07291969867578457,25,10,10
45,6115,0.8268655793240401,0.02120812086258298,0.08111443793530926,0.07081186187806665,25,10,10
45,6116,0.8139987579759276,0.021219758387495808,0.1251321964889324,0.03964928714764282,25,10,10
45,6117,0.8223450310504569,0.012768245920886177,0.1618444102445639,0.003042312784093324,25,10,10
45,6118,0.8396106709468723,0.012736292659228552,0.14761088225534952,4.215413854944379e-05,25,10,10
45,6119,0.8174646669388846,0.010293312457629043,0.17215999225522552,8.202834826021245e-05,25,10,10
45,6120,0.7361707664775223,0.03743735988175795,0.1927085797898075,0.03368329385091158,25,10,10
45,6121,0.7592116715487459,0.009415980510207124,0.19609463084678094,0.03527771709426413,25,10,10
45,6122,0.8079607397766495,0.0001388449072269811,0.16204164136105834,0.029858773955064734,25,10,10
45,6123,0.9065864323984829,3.377976206335247e-05,0.08548195239923137,0.007897835440223029,25,10,10
45,6124,0.8122721837127116,0.013923477636065225,0.16987176917611113,0.0039325694751111175,25,10,10
45,6125,0.7900145149923458,9.730715046141563e-05,0.20594660851238544,0.003941569344807372,25,10,10
45,6126,0.9262454666553439,4.315864998794607e-05,0.07212607575119459,0.0015852989434737954,25,10,10
45,6127,0.8938010427139504,4.317594168746576e-05,0.10586964766132693,0.0002861336830340388,25,10,10
45,6128,0.7836374778014822,2.175462618217843e-05,0.21624587919249397,9.488837984096293e-05,25,10,10
45,6129,0.843502764763402,1.5556821443205908e-05,0.15625313797297294,0.0002285404421810604,25,10,10
45,6130,0.8744354900587052,1.3323483611527275e-05,0.1254728094626069,7.837699507620871e-05,25,10,10
45,6131,0.8663757464394266,2.022401209710032e-05,0.1335017749162956,0.00010225463218102022,25,10,10
45,6132,0.8494005430784135,5.863189834831904e-06,0.11078097665264845,0.039812617079103156,25,10,10
45,6133,0.8860632743574438,1.6431831053612464e-06,0.07414492384816813,0.03979015861128284,25,10,10
45,6134,0.8792359183365163,1.3229829336442415e-06,0.08126773210808763,0.03949502657246147,25,10,10
45,6135,0.8774803828413372,4.6001243517065617e-07,0.08302064490088218,0.039498512245345556,25,10,10
45,6136,0.7723943323959714,1.2700526899288776e-05,0.16249577349706576,0.06509719358006336,25,10,10
45,6137,0.807739464696142,8.859671673029374e-07,0.10989805458634663,0.08236159475034403,25,10,10
45,6138,0.8166312079479606,1.2205619183214148e-06,0.12481276601941806,0.05855480547070046,25,10,10
45,6139,0.8017661243305599,1.2155402790512783e-06,0.13775249834857395,0.060480161780585365,25,10,10
45,6140,0.8104405975209328,9.448874231210151e-06,0.14771827044774685,0.04183168315708853,25,10,10
45,6141,0.8118126794013879,9.388777904204736e-06,0.14604138261003544,0.042136549210671136,25,10,10
45,6142,0.7799650674285289,1.7337376476099244e-05,0.1884977386258907,0.03151985656910574,25,10,10
45,6143,0.8077769121440113,3.6148681498211154e-07,0.15227449688403974,0.03994822948513289,25,10,10
45,6144,0.8041645320291848,1.4728772399925312e-06,0.15601422919736582,0.039819765896208864,25,10,10
45,6145,0.7323503827685868,2.1989544199050222e-05,0.21795605862040823,0.04967156906680346,25,10,10
45,6146,0.7242666656458466,1.433943477165459e-05,0.2233361482086624,0.05238284671071814,25,10,10
45,6147,0.7278404334795436,3.4703443462311377e-06,0.23634739702682403,0.03580869914928377,25,10,10
45,6148,0.8356210088070722,8.954199935857484e-07,0.13113910266607182,0.033238993106863506,25,10,10
45,6149,0.8140952623443346,0.0016392420315050407,0.14437410278435822,0.039891392839800345,25,10,10
45,6150,0.8221656116878472,0.0017280080580786498,0.14041466388174131,0.03569171637233334,25,10,10
45,6151,0.7677342632237562,0.0016405075662761252,0.20674671104384754,0.0238785181661202,25,10,10
45,6152,0.8442780043806357,0.001650408244773625,0.12576897075152124,0.028302616623068665,25,10,10
45,6153,0.8004035939938593,3.472985643762372e-06,0.1711765845806028,0.028416348439895014,25,10,10
45,6154,0.8266559521678066,1.9559460983330254e-05,0.14493941707345245,0.028385071297756893,25,10,10
45,6155,0.8270297744738966,1.7599294700821606e-05,0.14466913194251133,0.028283494288889956,25,10,10
45,6156,0.8358587206877517,1.8242970314198028e-05,0.13584824224168354,0.028274794100250404,25,10,10
45,6157,0.7924238487102161,1.6710172226075585e-05,0.17927646689665266,0.028282974220905546,25,10,10
45,6158,0.8072409604204032,0.00019662205715588853,0.1516099294684379,0.040952488053998905,25,10,10
45,6159,0.8460217706609052,0.0002013169398302336,0.11043446498049928,0.04334244741876492,25,10,10
45,6160,0.7677870343456611,3.2354194937231114e-05,0.19136055886604567,0.0408200525933539,25,10,10
45,6161,0.7627128701210261,4.039272863844659e-06,0.20329433624982488,0.033988754356285046,25,10,10
45,6162,0.8504876411709962,9.62293792869624e-06,0.08189532136168419,0.0676074145293907,25,10,10
45,6163,0.7871748870212582,9.374886412945859e-06,0.13270508852320917,0.08011064956911927,25,10,10
45,6164,0.7767413131879821,1.5056911797601538e-05,0.10972596448878288,0.11351766541143794,25,10,10
45,6165,0.6966938571855319,8.969595300758395e-06,0.19524072257070507,0.10805645064846298,25,10,10
45,6166,0.7619868214324805,5.3725908700814026e-06,0.12870974192696868,0.1092980640496802,25,10,10
45,6167,0.7737995379584155,2.093722187901729e-05,0.10511696540362825,0.12106255941607663,25,10,10
45,6168,0.7970296904219875,3.1831953592684695e-05,0.09774099747125342,0.10519748015316592,25,10,10
45,6169,0.6782546133092581,7.529708494455308e-05,0.2022472907489231,0.1194227988568731,25,10,10
45,6170,0.7391283398579686,8.81006750077756e-05,0.15606168614364216,0.10472187332338218,25,10,10
45,6171,0.7512607878065903,1.9655575983690346e-05,0.20821441679952243,0.040505139817903046,25,10,10
45,6172,0.8380650588437968,1.0101397643056798e-05,0.12655263883348553,0.03537220092507642,25,10,10
45,6173,0.6836944920640887,1.844552426819221e-05,0.28150055777140826,0.03478650464023449,25,10,10
45,6174,0.7938898215109235,0.00021523749545902321,0.1610493635682145,0.04484557742540308,25,10,10
45,6175,0.8109066336546017,6.63798806768499e-05,0.1488655155510577,0.040161470913662435,25,10,10
45,6176,0.8261948798926789,6.77041386518485e-05,0.1319216399657001,0.041815776002967056,25,10,10
45,6177,0.8319357648159205,1.4563333627737706e-06,0.1271760470919855,0.04088673175872866,25,10,10
45,6178,0.8747120482651028,1.510030712832163e-06,0.08207074082509841,0.043215700879083704,25,10,10
45,6179,0.8440977606946564,4.7261341470134334e-05,0.1158115418276699,0.04004343613620183,25,10,10
45,6180,0.829729151556185,4.6690088783526e-05,0.12778955066842734,0.04243460768660284,25,10,10
45,6181,0.908745724000886,5.6565865189807924e-05,0.09095040054278769,0.0002473095911349768,25,10,10
45,6182,0.8830925825663085,0.00034839174211881,0.11629005506836743,0.00026897062320510535,25,10,10
45,6183,0.8489320821282756,0.0005346291042978342,0.14981086065721214,0.0007224281102140026,25,10,10
45,6184,0.8203142057423737,0.0005373871721495363,0.17762681373693276,0.0015215933485453615,25,10,10
45,6185,0.8050787909934296,1.7004507380986972e-05,0.1943291383954763,0.0005750661037116097,25,10,10
45,6186,0.725716535136806,0.00022821269217871505,0.2722955571540121,0.0017596950170033915,25,10,10
45,6187,0.7275509838466965,1.9023732366397352e-05,0.23201528772935337,0.04041470469158202,25,10,10
45,6188,0.6534718173652801,1.69603179966502e-05,0.30682530691767496,0.039685915399048165,25,10,10
45,6189,0.7513463062180439,3.4783917090562323e-06,0.20897604189916094,0.03967417349108728,25,10,10
45,6190,0.7810834197482079,1.8180493550774467e-05,0.17843260007819256,0.040465799680047335,25,10,10
45,6191,0.8682518135442558,1.5259744527533833e-05,0.12983103133193208,0.0019018953792846003,25,10,10
45,6192,0.890018573417581,2.384283302082387e-05,0.10967124932411926,0.0002863344252797943,25,10,10
45,6193,0.8765519388108468,3.769913600655628e-05,0.12164492324383731,0.0017654388093090402,25,10,10
45,6194,0.8249330015700531,4.790049492094975e-06,0.17347346906014846,0.0015887393203040943,25,10,10
45,6195,0.8117867616825915,0.00022685463857316846,0.1845818701549754,0.0034045135238584523,25,10,10
45,6196,0.7739204267341928,2.2856829566692657e-06,0.22276894527488378,0.003308342307963079,25,10,10
45,6197,0.8136509949748216,0.00025726664856509657,0.18468248740605278,0.0014092509705598574,25,10,10
45,6198,0.8466695030209869,0.009111061234249764,0.14406242507480363,0.00015701066995774658,25,10,10
45,6199,0.8960924118218911,0.0004682388605766681,0.10029108309824536,0.003148266219283881,25,10,10
45,6200,0.8410291492382501,0.00020753221542679022,0.15867762374839944,8.569479792379011e-05,25,10,10
45,6201,0.8689414112146382,0.0001976458267299398,0.1307813300953219,7.961286330896851e-05,25,10,10
45,6202,0.8033011056090865,0.0008458828518194908,0.19443191450489064,0.001421097034203445,25,10,10
45,6203,0.8211776396159307,0.0004894063844499544,0.17828954915885792,4.340484075906363e-05,25,10,10
45,6204,0.899187712239176,0.0003965283701901833,0.0933371342498079,0.007078625140825776,25,10,10
45,6205,0.8173762470354613,0.0008682347762858446,0.1642551573864526,0.017500360801798565,25,10,10
45,6206,0.8008868080013946,0.00038024379169032766,0.1967161644136175,0.0020167837932960108,25,10,10
45,6207,0.8718707512315065,1.5080014959816598e-06,0.12811723169488412,1.0509072112862652e-05,25,10,10
45,6208,0.8437797886676691,2.1471790569110988e-05,0.11635754681811016,0.03984119272364964,25,10,10
45,6209,0.7836508877409192,3.090618417308167e-06,0.18269234548625765,0.03365367615440609,25,10,10
45,6210,0.8556605809109974,1.5695778451442327e-06,0.10768173179540236,0.036656117715754326,25,10,10
45,6211,0.880666794327243,9.915839768435636e-06,0.0887461153651403,0.030577174467848026,25,10,10
45,6212,0.8333183265225845,0.0010612052852113783,0.13485997878420172,0.030760489408002113,25,10,10
45,6213,0.846491164258171,0.0006680556044845609,0.11316409869028755,0.03967668144705634,25,10,10
45,6214,0.8193926492950486,0.0006597012423283486,0.1433192485324507,0.03662840093017029,25,10,10
45,6215,0.7623904705329787,3.207911321793336e-05,0.19488189155375943,0.0426955588000433,25,10,10
45,6216,0.8788200445341637,7.736377678429122e-07,0.05252073318813397,0.06865844863993421,25,10,10
45,6217,0.8511568653503266,1.2874093131858815e-05,0.07277803326341675,0.07605222729312461,25,10,10
45,6218,0.7445298478823823,1.4987144204705171e-05,0.18244714352493596,0.07300802144847561,25,10,10
45,6219,0.7477474722527236,1.539997522303432e-05,0.17516128273496887,0.0770758450370829,25,10,10
45,6220,0.7717551274476907,1.1570659762919027e-05,0.1512893023947344,0.07694399949780933,25,10,10
45,6221,0.7679058195356603,4.480500652849896e-06,0.1603947913962254,0.0716949085674587,25,10,10
45,6222,0.80893053560048,3.9737113210102386e-06,0.11764569874035734,0.07341979194784178,25,10,10
45,6223,0.75468852891843,5.957325880752059e-06,0.16703583594863372,0.07826967780705468,25,10,10
45,6224,0.6943031981936556,7.995442914434806e-06,0.22562713831356085,0.08006166804987025,25,10,10
45,6225,0.66263836018531,1.5426782714216413e-05,0.2914180721930547,0.0459281408389226,25,10,10
45,6226,0.7597141277088884,1.0112897166684108e-05,0.19473774059345178,0.04553801880049172,25,10,10
45,6227,0.8084131885501393,9.392149471648262e-06,0.1479111610181079,0.04366625828228053,25,10,10
45,6228,0.837875978644889,9.611423571886404e-06,0.12197773360116107,0.040136676330378214,25,10,10
45,6229,0.7968837086239627,8.20008343162142e-06,0.1627689301023657,0.04033916119024013,25,10,10
45,6230,0.8713252278904778,1.73706307799368e-06,0.08844516403675444,0.04022787100968994,25,10,10
45,6231,0.8405420478325581,2.4245307872596527e-06,0.11989904678971515,0.03955648084694095,25,10,10
45,6232,0.7935001229110038,2.6286336502617124e-05,0.16688419315386802,0.03958939759862484,25,10,10
45,6233,0.8096624323860611,2.3748489265672166e-05,0.150051910072294,0.04026190905237931,25,10,10
45,6234,0.76691586349885,1.1967698117041358e-05,0.18691247546754194,0.046159693335490554,25,10,10
45,6235,0.7979409489470491,4.3641023709150506e-07,0.12254456622834624,0.0795140484143678,25,10,10
45,6236,0.8065275188727569,1.8915353450998336e-05,0.15674597574795832,0.036707590025834645,25,10,10
45,6237,0.8399844057763195,1.740041118330127e-06,0.12339084456955365,0.03662300961300839,25,10,10
45,6238,0.794743352955459,1.3457783546013825e-06,0.1653111550298694,0.03994414623631818,25,10,10
45,6239,0.8128276667366628,2.950326958468383e-06,0.1870016441669446,0.00016773876943225485,25,10,10
45,6240,0.9050739306466002,1.573283828373211e-05,0.0948919920317014,1.834448341564461e-05,25,10,10
45,6241,0.8781076969474708,2.414439737510338e-05,0.11587571698269927,0.00599244167245502,25,10,10
45,6242,0.8481275069841513,3.661070757136812e-05,0.12075751697871553,0.03107836532955956,25,10,10
45,6243,0.7427590687979716,2.35352741186529e-05,0.22627876788525547,0.030938628042655604,25,10,10
45,6244,0.7634500087597543,3.0734874339163314e-05,0.18996141786535048,0.046557838500555046,25,10,10
45,6245,0.8426708599574799,2.619753168338269e-06,0.11730539527577419,0.04002112501357812,25,10,10
45,6246,0.8338541973746962,2.0492840021574035e-06,0.12583381366965724,0.04030993967164334,25,10,10
45,6247,0.8560427727679872,1.6973697709363153e-05,0.11625224299139023,0.027688010542913064,25,10,10
45,6248,0.8147493321192053,2.304540908449436e-06,0.15743792497741227,0.02781043836247109,25,10,10
45,6249,0.846721953800939,5.900486306621073e-05,0.11311242598407713,0.040106615351918035,25,10,10
45,6250,0.8766984306590376,8.706696680389591e-07,0.12029452817030223,0.0030061705009896945,25,10,10
45,6251,0.8067081195232976,3.8084127836347665e-05,0.19009830080536175,0.003155495543503151,25,10,10
45,6252,0.8476335189241645,5.025854185879571e-05,0.1404538455321099,0.01186237700186528,25,10,10
45,6253,0.8753816139535706,1.4176500120639529e-05,0.08460092708372606,0.04000328246258162,25,10,10
45,6254,0.9336190054514593,1.3753223134355347e-06,0.06622099597515992,0.0001586232510670383,25,10,10
45,6255,0.8810235772487668,2.4880054943366443e-06,0.11842536574904303,0.0005485689966939409,25,10,10
45,6256,0.896634466931502,2.029399518091881e-06,0.09956928650291051,0.003794217166068337,25,10,10
45,6257,0.8342910470695619,3.403703516933058e-05,0.1640708964554729,0.001604019439797715,25,10,10
45,6258,0.8153622809298595,1.4517572171916446e-05,0.18280365463839737,0.0018195468595711942,25,10,10
45,6259,0.8146685868793901,6.894508732961947e-05,0.1519443690455885,0.03331809898769008,25,10,10
45,6260,0.8886965243306213,2.828329126837684e-06,0.08158838175688198,0.029712265583369077,25,10,10
45,6261,0.8066112775226665,1.633114698850282e-05,0.15341132888266984,0.03996106244767353,25,10,10
45,6262,0.7934670903259718,1.8864387684943926e-05,0.17016180455664165,0.03635224072969471,25,10,10
45,6263,0.7766969751985762,9.833971845945554e-06,0.19051730800799632,0.03277588282157709,25,10,10
45,6264,0.6890229275558899,3.958449935475341e-06,0.2781067598918741,0.032866354102298614,25,10,10
45,6265,0.7078155058847254,2.5922139945427127e-06,0.23524182536521526,0.056940076536062686,25,10,10
45,6266,0.7731378962397099,2.820235750871225e-06,0.16697449090882532,0.05988479261571477,25,10,10
45,6267,0.8061163559430388,3.2669960508443158e-06,0.13405582900995333,0.05982454805095628,25,10,10
45,6268,0.813721322359273,2.314867701158073e-06,0.11724653551388034,0.06902982725914358,25,10,10
45,6269,0.7747649065962576,1.8188744477707346e-05,0.15292672978730593,0.07229017487195943,25,10,10
45,6270,0.7940587112984814,2.9541546476582458e-06,0.13529480497198296,0.07064352957488752,25,10,10
45,6271,0.7868713804570402,2.7984058830583893e-05,0.1365128023214791,0.07658783316264929,25,10,10
45,6272,0.771011964796965,1.863577209814231e-05,0.1646076331108113,0.06436176632012348,25,10,10
45,6273,0.8336182201442429,2.5193303726066046e-06,0.08667095235950498,0.07970830816587844,25,10,10
45,6274,0.7758702691744006,8.907227462837846e-06,0.14307378328367001,0.08104704031446784,25,10,10
45,6275,0.7857084651814145,7.010500656350093e-06,0.13755495525618996,0.07672956906173967,25,10,10
45,6276,0.7689197009630833,2.8433037908133555e-05,0.15261133239135094,0.0784405336076565,25,10,10
45,6277,0.6827603577278575,0.0002954280973298606,0.23695937244514248,0.07998484172966898,25,10,10
45,6278,0.7780330690912826,0.0002528523288422997,0.14150358411300745,0.08021049446686586,25,10,10
45,6279,0.7535166917589561,4.179919808584516e-05,0.15693521013393885,0.08950629890901904,25,10,10
45,6280,0.6968182721017483,1.443465296117171e-05,0.24040551986994327,0.06276177337534283,25,10,10
45,6281,0.6901732587171723,7.718330604232954e-05,0.24525451097983123,0.0644950469969517,25,10,10
45,6282,0.7266163057685108,6.131645392529912e-05,0.16871029777100272,0.10461208000656104,25,10,10
45,6283,0.7047903164112244,6.197267013411592e-05,0.2325008680449678,0.06264684287367263,25,10,10
45,6284,0.8029098893439459,1.4297595507830702e-06,0.11993435380711218,0.07715432708939046,25,10,10
45,6285,0.7300967999483581,9.493214976171261e-06,0.19622790606795362,0.07366580076871082,25,10,10
45,6286,0.7482971394328729,6.1917903745788265e-06,0.1728688660540847,0.07882780272266635,25,10,10
45,6287,0.8074348795138354,1.0806257176234657e-05,0.14672455540716695,0.04582975882182181,25,10,10
45,6288,0.7755872392176848,1.0440011393752043e-05,0.18142040405725438,0.04298191671366329,25,10,10
45,6289,0.674750327599828,2.1866087412823616e-05,0.27777881456319486,0.04744899174956445,25,10,10
45,6290,0.6888773724941085,2.9862819097411733e-05,0.267235880264086,0.04385688442270853,25,10,10
45,6291,0.614369207178234,1.7345971082378603e-05,0.3163120202699085,0.06930142658077325,25,10,10
45,6292,0.6712796690684913,9.293658093735352e-06,0.2680647212910491,0.060646315982364765,25,10,10
45,6293,0.711489268497719,2.7714982452391847e-06,0.2110903560973071,0.07741760390672887,25,10,10
45,6294,0.7419809328864865,9.996592013108336e-06,0.18881576873107186,0.06919330179042814,25,10,10
45,6295,0.8077847892841332,3.08754049640337e-05,0.11272724793818613,0.0794570873727162,25,10,10
45,6296,0.8054827040882208,3.777003750008236e-05,0.11422453771483441,0.08025498815944455,25,10,10
45,6297,0.8530142062747558,9.165762008700096e-06,0.09924001880964486,0.04773660915359186,25,10,10
45,6298,0.8231885573265169,3.0216834005849143e-05,0.12899168384128878,0.047789541998188634,25,10,10
45,6299,0.8435799414546414,2.284314537778185e-05,0.08486940916813653,0.07152780623184331,25,10,10
45,6300,0.802572432229371,2.102254555574742e-05,0.11561318791785392,0.08179335730721736,25,10,10
45,6301,0.6748941034119917,5.8245364225833876e-05,0.29028530847298556,0.034762342750800694,25,10,10
45,6302,0.6978006894586624,3.9672503908307546e-05,0.2691554239582935,0.033004214079137645,25,10,10
45,6303,0.7744720696062031,3.858703125875215e-05,0.1925427448077237,0.032946598554813786,25,10,10
45,6304,0.7729947956231383,4.747433635348559e-05,0.1618321025404554,0.06512562750005284,25,10,10
45,6305,0.8121357242255592,1.8163855418256274e-06,0.10601580637717978,0.08184665301171949,25,10,10
45,6306,0.7638384432158491,1.112854554943148e-05,0.15652216956482856,0.07962825867377159,25,10,10
45,6307,0.8338455331499152,5.277300327536922e-05,0.08662142627553332,0.07948026757127656,25,10,10
45,6308,0.8023841027157823,5.6095348168674905e-05,0.12865159163868362,0.06890821029736588,25,10,10
45,6309,0.7555814576294427,5.108934000289801e-05,0.1835197052109166,0.06084774781963798,25,10,10
45,6310,0.7458217797862784,4.47552603840281e-05,0.1767287421276672,0.07740472282567103,25,10,10
45,6311,0.7475089720932273,2.643689398636776e-06,0.1755583185547816,0.07693006566259245,25,10,10
45,6312,0.7160610189450296,3.798788056767901e-05,0.20713690559645825,0.07676408757794623,25,10,10
45,6313,0.7519085993286396,2.1831947568367777e-06,0.21988303212964624,0.02820618534695648,25,10,10
45,6314,0.7781150825670232,1.5858890308984008e-06,0.1753392295495744,0.04654410199437013,25,10,10
45,6315,0.8228965398079935,0.0002576156023449024,0.16899974457998543,0.007846100009674308,25,10,10
45,6316,0.8409270519647848,2.983424377631226e-06,0.15246873157303825,0.00660123303779894,25,10,10
45,6317,0.8813985018211083,1.2000802905788331e-06,0.1183957138494644,0.0002045842491385142,25,10,10
45,6318,0.9058592797827545,1.8472487737986319e-06,0.09405195754873738,8.691541973478555e-05,25,10,10
45,6319,0.8628949338124704,0.0002915338043840342,0.13518136672641146,0.0016321656567343406,25,10,10
45,6320,0.8821454483767209,0.000290942940995116,0.11331788549213061,0.0042457231901536574,25,10,10
45,6321,0.7938953581130554,5.079707556217836e-06,0.20535882209120437,0.000740740088185829,25,10,10
45,6322,0.8075253113824209,2.910825710787733e-06,0.15821207814144794,0.034259699650419445,25,10,10
45,6323,0.8155574238921572,2.4377384678926095e-06,0.14479702821587423,0.039643110153499965,25,10,10
45,6324,0.7932846732437977,1.1647043594610822e-05,0.16681534977577697,0.03988832993683033,25,10,10
45,6325,0.7849906133263537,3.428910863532274e-06,0.17510673936647514,0.03989921839630857,25,10,10
45,6326,0.8508575519955263,2.3895119391848995e-05,0.10935654231248348,0.03976201057259814,25,10,10
45,6327,0.8394757422147441,3.092821183581145e-05,0.12082208299769856,0.03967124657572048,25,10,10
45,6328,0.808928589740373,3.937741462086416e-05,0.163715462567812,0.027316570277193176,25,10,10
45,6329,0.7187700065806252,1.0876894366447152e-05,0.25385301565304486,0.02736610087196048,25,10,10
45,6330,0.7984549203231184,4.8845096603060496e-05,0.1739950093008531,0.0275012252794238,25,10,10
45,6331,0.8251377425005539,3.960581581244671e-05,0.14713798033173658,0.02768467135189531,25,10,10
45,6332,0.9019263880381031,8.255440497647624e-07,0.07053806215208681,0.027534724265761014,25,10,10
45,6333,0.8021194468510936,1.3895554124043556e-06,0.1416868311220515,0.05619233247144159,25,10,10
45,6334,0.744430850392628,0.03443447417429815,0.16012019400460076,0.06101448142847186,25,10,10
45,6335,0.6852954406797792,0.034451460486921555,0.2164441068810686,0.06380899195222986,25,10,10
45,6336,0.7911205874514005,0.03443802461852723,0.14297062960223297,0.031470758327837405,25,10,10
45,6337,0.7351675558588461,0.00031813514444085,0.23287310099724337,0.03164120799946537,25,10,10
45,6338,0.7627433952130199,0.00043337850079774734,0.19851132970833954,0.03831189657784494,25,10,10
45,6339,0.7282534798721346,0.0004291195806288644,0.21683884111980284,0.05447855942743227,25,10,10
45,6340,0.7181195444334527,0.00012758641306113828,0.23270558404129524,0.049047285112190434,25,10,10
45,6341,0.808487360318185,1.2390919280921435e-05,0.15186343787441725,0.03963681088811588,25,10,10
45,6342,0.7961936501038113,4.1381668106540695e-05,0.16914621516772985,0.034618753060352433,25,10,10
45,6343,0.8628857766785986,6.12264555272919e-05,0.1367360400723027,0.00031695679356868545,25,10,10
45,6344,0.8652692430775052,2.032250377910207e-05,0.13455335111964903,0.00015708329906554905,25,10,10
45,6345,0.864238387583659,4.245727323415335e-05,0.13556892123627512,0.00015023390683098278,25,10,10
45,6346,0.8877973625798465,1.5662446194335237e-05,0.11168378726880825,0.0005031877051512487,25,10,10
45,6347,0.8743826653513435,5.325345475902737e-07,0.12487676247606044,0.0007400396380479593,25,10,10
45,6348,0.7675417043208541,6.864674719038409e-05,0.22124422358620488,0.01114542534574829,25,10,10
45,6349,0.788067442325857,5.939925647360521e-07,0.14366815748740777,0.0682638061941707,25,10,10
45,6350,0.8065823562222696,0.002829967222590316,0.13438222791848886,0.05620544863665077,25,10,10
45,6351,0.8144672875519146,0.00285051828022647,0.11091931125693737,0.07176288291091963,25,10,10
45,6352,0.6966970706360316,7.39866565559647e-05,0.265540565340819,0.0376883773665962,25,10,10
45,6353,0.774411175077458,1.435868302126873e-05,0.18192540755311948,0.04364905868640255,25,10,10
45,6354,0.8065168507020729,2.7182467293321075e-05,0.18985009633145672,0.0036058704991782952,25,10,10
45,6355,0.7993255120009184,6.384358388020847e-05,0.2003670729117243,0.00024357150347989576,25,10,10
45,6356,0.7782764537377463,3.979115094648366e-06,0.2139858222855446,0.007733744861614553,25,10,10
45,6357,0.8261146408394674,1.7260401585059246e-06,0.17355025422849724,0.0003333788918774741,25,10,10
45,6358,0.8610611298056855,4.740497070092706e-06,0.13887436598054748,5.9763716695097316e-05,25,10,10
45,6359,0.8758588523038695,3.0799965258949815e-07,0.07826269058983357,0.045878149106643826,25,10,10
45,6360,0.8588035738858227,9.504224859171847e-07,0.09560419980166499,0.04559127589002618,25,10,10
45,6361,0.8284693600881171,2.830988229327199e-07,0.12565015981438854,0.04588019699866936,25,10,10
45,6362,0.8474468226543931,8.504903534210477e-06,0.11232310942420534,0.04022156301786553,25,10,10
45,6363,0.8531094302916413,2.2435273496686133e-06,0.14635494026293686,0.0005333859180692361,25,10,10
45,6364,0.7620600736685833,2.748859744188328e-06,0.2316370614933091,0.006300115978359465,25,10,10
45,6365,0.8105202993437267,3.6631162161984243e-06,0.18934500937496332,0.00013102816509462164,25,10,10
45,6366,0.8649399299194794,1.7864479095996667e-05,0.13414639526756567,0.0008958103338599798,25,10,10
45,6367,0.8670543786210929,1.4948879088316987e-05,0.1319938032329823,0.0009368692668366552,25,10,10
45,6368,0.8316927581042783,1.4936060215066787e-06,0.16824803609663824,5.7712193061808726e-05,25,10,10
45,6369,0.8255669225648797,1.3795108369711807e-05,0.1703414038550507,0.00407787847170051,25,10,10
45,6370,0.7715635982071939,0.00023116410904879092,0.22526845801539114,0.0029367796683647685,25,10,10
45,6371,0.8571448425757733,6.193697154097659e-05,0.13959739670787008,0.00319582374481472,25,10,10
45,6372,0.8801227345243403,2.9469788263187596e-06,0.1116142893173001,0.008260029179531742,25,10,10
45,6373,0.8779533365961903,1.8058597526211221e-06,0.1178471859201813,0.004197671623875913,25,10,10
45,6374,0.8515474405233866,3.344119901977248e-05,0.14764580083799062,0.000773317439603768,25,10,10
45,6375,0.8948254768032349,2.2977205728974062e-05,0.10483688227072525,0.0003146637203107302,25,10,10
45,6376,0.8905382428552009,7.02084989328176e-07,0.10652632610902928,0.002934728950781094,25,10,10
45,6377,0.9081302015467466,9.852516739442852e-06,0.08583073593254667,0.006029210003966989,25,10,10
45,6378,0.9543808886474614,2.6930336224356003e-06,0.045453156402091494,0.0001632619168244763,25,10,10
45,6379,0.9186886765207107,1.4122805130757372e-05,0.08072814296990564,0.0005690577042538319,25,10,10
45,6380,0.8590230996493724,7.542516330067874e-06,0.13329974675544884,0.007669611078847315,25,10,10
45,6381,0.7612239277409132,1.9532243585565552e-05,0.20786271275083318,0.03089382726466794,25,10,10
45,6382,0.8206769467451622,1.5094149744010915e-06,0.15324877462085812,0.026072769219002426,25,10,10
45,6383,0.8602005458182233,2.7222406103084357e-06,0.11124703123447018,0.02854970070669503,25,10,10
45,6384,0.8076201991541011,3.517709841080007e-05,0.16472645733344607,0.027618166414038855,25,10,10
45,6385,0.8401493696369934,1.2547626881588487e-07,0.13225897113597987,0.027591533750755542,25,10,10
45,6386,0.7716810486559499,9.70029253996654e-06,0.19129932281098497,0.03700992824052126,25,10,10
45,6387,0.7008616925923552,1.983089497758667e-06,0.25595288513457765,0.04318343918357183,25,10,10
45,6388,0.7420493625356834,5.604872052201823e-07,0.21661305900814765,0.04133701796896497,25,10,10
45,6389,0.7988965808259192,8.804006753230502e-05,0.15827973642187784,0.042735642684670644,25,10,10
45,6390,0.7810218615408,0.0006955696166443862,0.17968930156254448,0.038593267280010043,25,10,10
45,6391,0.8019177104642828,0.010041162986974623,0.1875785920695115,0.0004625344792302,25,10,10
45,6392,0.8121305665879913,0.00969423154968701,0.1780546621182019,0.00012053974411883692,25,10,10
45,6393,0.8103679885896555,0.0003480819067322813,0.18912865279720703,0.00015527670640514126,25,10,10
45,6394,0.8507819934972798,3.199609683897948e-05,0.1490433187341453,0.00014269167173549293,25,10,10
45,6395,0.7963219828848439,3.1696143973153857e-05,0.20322432980669955,0.0004219911644828235,25,10,10
45,6396,0.805113117156044,2.2644464172651815e-05,0.1947450958925422,0.00011914248724030579,25,10,10
45,6397,0.7871825040549026,2.099187434559035e-05,0.210278140611357,0.0025183634593931655,25,10,10
45,6398,0.8688040281013535,2.6964702005554488e-05,0.13056565792710287,0.0006033492695392108,25,10,10
45,6399,0.8584489201548544,1.1394987690705778e-05,0.1293822254896739,0.012157459367781044,25,10,10
45,6400,0.7433256211836065,8.707690963965233e-05,0.19002759986176368,0.06655970204499238,25,10,10
45,6401,0.7566731625526275,9.891717787502556e-05,0.17620999738760537,0.06701792288189368,25,10,10
45,6402,0.6986344583418328,0.00011008038053527052,0.23516108207151074,0.06609437920611906,25,10,10
45,6403,0.7591508672312638,2.5898602583333693e-06,0.18683669296795838,0.054009849940516705,25,10,10
45,6404,0.8065118665369628,2.8133493627403334e-06,0.1261116078414651,0.067373712272209,25,10,10
45,6405,0.7145369462323855,0.0006426636741024813,0.20856779765178843,0.07625259244172355,25,10,10
45,6406,0.7197696415685847,1.5125838605805736e-06,0.16816846555560575,0.11206038029194859,25,10,10
45,6407,0.7620358529339807,5.943885023663092e-07,0.11599833217636699,0.12196522050115027,25,10,10
45,6408,0.7467247931557459,1.1716939552500155e-06,0.13155029797319193,0.12172373717710752,25,10,10
45,6409,0.8408865638101253,1.3858487331140178e-06,0.08299363695530498,0.07611841338583716,25,10,10
45,6410,0.7619545438179033,7.928506657640005e-07,0.16184659939174562,0.07619806393968538,25,10,10
45,6411,0.7680653020008725,1.8245517970718487e-06,0.15174681974132406,0.08018605370600676,25,10,10
45,6412,0.8109114346483323,2.5503833048042423e-05,0.14484481029586024,0.04421825122275798,25,10,10
45,6413,0.7701798132870197,5.323083441040155e-06,0.19316821676815366,0.036646646861380305,25,10,10
45,6414,0.8053981562127533,1.5164476356308348e-05,0.15793797632909967,0.0366487029817874,25,10,10
45,6415,0.8442653195664319,7.702931189618548e-07,0.11925947711553542,0.03647443302491237,25,10,10
45,6416,0.8507253589705048,6.288879758783444e-07,0.10951966985151905,0.03975434229000004,25,10,10
45,6417,0.8429107397309664,7.510427930457563e-07,0.15371569925101491,0.003372809975223168,25,10,10
45,6418,0.8582428470166351,1.1256259764215941e-05,0.13928572777624457,0.0024601689473522067,25,10,10
45,6419,0.8613980766853715,1.3234188046769853e-07,0.1381391482411156,0.0004626427316289089,25,10,10
45,6420,0.8400260755887069,6.372857499647174e-06,0.15944139427986778,0.0005261572739252903,25,10,10
45,6421,0.8813629356193746,9.93158450023729e-06,0.11833310739392935,0.00029402540219577934,25,10,10
45,6422,0.9473872255655641,9.076483452457113e-06,0.05232741453059489,0.00027628342038798505,25,10,10
45,6423,0.9217969426264939,2.3918354852200423e-05,0.07796829695874587,0.00021084205990905253,25,10,10
45,6424,0.8943364133472241,2.6575856331006975e-06,0.1052386288830802,0.00042230018406146325,25,10,10
45,6425,0.8853626520507086,2.34107642276891e-06,0.11411394012941713,0.0005210667434513037,25,10,10
45,6426,0.8857435862472737,1.8140224159060527e-06,0.11417874831031088,7.585141999949722e-05,25,10,10
45,6427,0.8360809410787181,0.0016658430033332642,0.16222953238907134,2.3683528877037346e-05,25,10,10
45,6428,0.8805088388642637,0.0016663511472014034,0.11781210124671913,1.270874181444485e-05,25,10,10
45,6429,0.9135113191888332,8.532642555085305e-08,0.08637190160897253,0.0001166938757678069,25,10,10
45,6430,0.895432819081929,1.0768324653086377e-05,0.10434564343196001,0.00021076916145680967,25,10,10
45,6431,0.9081300503881935,1.109012150235776e-05,0.09167794780186701,0.00018091168843609932,25,10,10
45,6432,0.8816326540873096,9.348987616690686e-06,0.11801644407424615,0.0003415528508260615,25,10,10
45,6433,0.8541989815232768,2.5677614943237827e-06,0.14576929881660333,2.9151898624715458e-05,25,10,10
45,6434,0.9052445905378969,2.112769612736964e-06,0.09459574937180125,0.00015754732068809963,25,10,10
45,6435,0.8935864293369711,1.3852903557880899e-05,0.10623082555508329,0.0001688922043860154,25,10,10
45,6436,0.8051930619507679,1.3359695717741135e-05,0.1941323053133247,0.0006612730401898381,25,10,10
45,6437,0.8571934329624139,1.2945093128295562e-05,0.14175664703463367,0.0010369749098242747,25,10,10
45,6438,0.8240415493552671,1.208398680922664e-05,0.17530368905005442,0.0006426776078682367,25,10,10
45,6439,0.8053380328221331,0.00011773407587750006,0.19441840559769205,0.00012582750429683063,25,10,10
45,6440,0.8235952662578359,2.0825586503447796e-05,0.17618043862852717,0.00020346952713449625,25,10,10
45,6441,0.8440646854105907,2.8950735752569918e-05,0.155715560582766,0.00019080327088900494,25,10,10
45,6442,0.7300628676176308,0.00048304121977529917,0.2420709021499994,0.027383189012592905,25,10,10
45,6443,0.7656372050622661,0.00047696789044830885,0.20354101710565028,0.030344809941634056,25,10,10
45,6444,0.7631186384481106,5.28978113328508e-07,0.1967083427502903,0.04017248982348601,25,10,10
45,6445,0.8509548566501137,1.8830804497918188e-06,0.1090346289367195,0.04000863133271535,25,10,10
45,6446,0.8236191934316512,2.2100468738836503e-06,0.13605140018061646,0.04032719634085847,25,10,10
45,6447,0.8359906565852753,2.7695559260593922e-05,0.12390232457940854,0.04007932327605495,25,10,10
45,6448,0.7826651939353172,0.0002587632233950785,0.17538792373194553,0.041688119109343315,25,10,10
45,6449,0.8385491635578312,3.536878140351768e-05,0.15429936385571627,0.007116103805049116,25,10,10
45,6450,0.8128829377188311,1.947659289242848e-06,0.1554085001144046,0.031706614507475014,25,10,10
45,6451,0.7604630445128626,4.515837376395074e-05,0.2327244101669203,0.006767386946451169,25,10,10
45,6452,0.7943121538059327,0.0003134627825049858,0.20269014617486078,0.00268423723670012,25,10,10
45,6453,0.7962258746951769,5.2765040935528934e-05,0.20116568807457685,0.0025556721893119916,25,10,10
45,6454,0.814170008489723,4.366205338919203e-05,0.18018342096776582,0.005602908489122826,25,10,10
45,6455,0.8369597386243097,4.445126107650765e-05,0.15602355067854343,0.0069722594360706455,25,10,10
45,6456,0.7978484596666929,4.434503269321481e-05,0.19954941570559634,0.002557779595015815,25,10,10
45,6457,0.7870524362848964,4.366366803537771e-05,0.21042362256180225,0.002480277485264674,25,10,10
45,6458,0.8074017142996576,9.342373960827524e-06,0.19006532752446087,0.002523615801920609,25,10,10
45,6459,0.834179918879673,1.6286551942014065e-05,0.16058889543560884,0.005214899132775217,25,10,10
45,6460,0.843011760544522,1.6619601485020602e-05,0.15447649741377315,0.002495122440219739,25,10,10
45,6461,0.8175078719155425,0.0005789396875317378,0.17705871300990805,0.004854475387014696,25,10,10
45,6462,0.866099283683804,1.6071220897595655e-05,0.13380447624693148,8.016884836607952e-05,25,10,10
45,6463,0.9217889043783289,7.539843757568219e-05,0.07807209552107162,6.360166302328102e-05,25,10,10
45,6464,0.8620710596612349,0.00036538541685677265,0.13527666040288283,0.0022868945190258703,25,10,10
45,6465,0.8692679547702746,0.00036512134190484844,0.1264301034545665,0.003936820433252481,25,10,10
45,6466,0.7990837868824933,3.3684687070512054e-06,0.18179629744141576,0.01911654720738215,25,10,10
45,6467,0.8396676976256217,1.3735040599679766e-05,0.14305751745961276,0.017261049874162958,25,10,10
45,6468,0.905156569275489,2.5792742814768217e-06,0.07495625952179229,0.019884591928437497,25,10,10
45,6469,0.8143838693848291,0.00027894805491052085,0.14270672179054855,0.04263046076971153,25,10,10
45,6470,0.762861710108345,1.5483659447077437e-05,0.21922692173553146,0.017895884496676145,25,10,10
45,6471,0.7661872859538638,3.2599169996015665e-06,0.2212814483333267,0.01252800579581106,25,10,10
45,6472,0.7496994685848108,1.637607192857311e-06,0.2377308908822155,0.012568002925781772,25,10,10
45,6473,0.8090710739808888,3.4129047152707196e-06,0.17841331737226482,0.012512195742130843,25,10,10
45,6474,0.8519613602606764,4.068387895777682e-05,0.14753580127673924,0.0004621545836277809,25,10,10
45,6475,0.8466447825714145,4.182313989026752e-05,0.1530019637796583,0.000311430509036669,25,10,10
45,6476,0.8590187011951634,3.074453149665577e-05,0.140859139108204,9.141516513581413e-05,25,10,10
45,6477,0.8497434254792401,2.396104744579915e-06,0.14171395841490658,0.008540220001107485,25,10,10
45,6478,0.8335152572013187,4.000405286798452e-05,0.16619292122225038,0.00025181752356457173,25,10,10
45,6479,0.8537425307395827,5.125463959593719e-05,0.14111627687793474,0.005089937742886939,25,10,10
45,6480,0.9129622922591095,2.4128675911332413e-06,0.08440782910730574,0.0026274657659939803,25,10,10
45,6481,0.9149691817894683,1.0716017379401753e-06,0.08435227094879522,0.0006774756599963892,25,10,10
45,6482,0.8945576982265632,1.5423778265806667e-05,0.10498954762533706,0.000437330369832461,25,10,10
45,6483,0.8338237799102943,9.425844617065991e-06,0.16605242816166477,0.00011436608342491453,25,10,10
45,6484,0.8359914009275458,1.2630695177952446e-05,0.16052700578660964,0.0034689625906669723,25,10,10
45,6485,0.8307983309140756,1.2500433737929766e-06,0.16915224336731338,4.817567523740543e-05,25,10,10
45,6486,0.8049287081428241,2.36392720591351e-05,0.19499303494429815,5.461764082004219e-05,25,10,10
45,6487,0.8158527881009436,2.3694603830040087e-05,0.18367431194731001,0.00044920534791189503,25,10,10
45,6488,0.8910151779390952,1.6633813797964364e-06,0.1088327427774535,0.00015041590207155451,25,10,10
45,6489,0.8742436432227393,1.6093718131594433e-05,0.12536888460596338,0.0003713784531650772,25,10,10
45,6490,0.8791454428215304,1.4832937473695721e-05,0.12047522762113552,0.00036449661985974547,25,10,10
45,6491,0.8688913753538698,3.5914861277378385e-05,0.12913938912500883,0.0019333206598427738,25,10,10
45,6492,0.812046904460547,7.494652705809816e-05,0.18589047560738378,0.0019876734050095286,25,10,10
45,6493,0.8057762047974396,8.779872194527929e-05,0.1939895429444735,0.00014645353614075845,25,10,10
45,6494,0.7731809466926046,5.1568720268682654e-05,0.20801111136793235,0.018756373219194072,25,10,10
45,6495,0.892504075685804,2.514068503536396e-05,0.10642727104272773,0.0010435125864328824,25,10,10
45,6496,0.8610070526867153,2.3575287534404574e-05,0.1378849389109053,0.0010844331148425696,25,10,10
45,6497,0.8202271179385191,8.397311058019299e-06,0.178944124552261,0.0008203601981605118,25,10,10
45,6498,0.8058087697131694,0.000723763563065034,0.19288003444220805,0.0005874322815583592,25,10,10
45,6499,0.816674427707005,0.0008245832757371894,0.179773940268522,0.0027270487487343026,25,10,10
45,6500,0.793890985246523,0.0007361951396880968,0.20282683040393107,0.002545989209858445,25,10,10
45,6501,0.8545801348438472,1.0828958092841204e-05,0.1452176561543018,0.00019138004375800641,25,10,10
45,6502,0.8505582593055929,1.834951812945973e-05,0.14893896943660845,0.00048442173966914274,25,10,10
45,6503,0.7780891308361738,1.3172894246573231e-05,0.2211944511757821,0.000703245093796708,25,10,10
45,6504,0.789060727161337,8.079878335978666e-05,0.21072584141940573,0.00013263263589515913,25,10,10
45,6505,0.7893217205063552,0.00012000914456282877,0.20817173038483347,0.002386539964247946,25,10,10
45,6506,0.832366264282377,3.688932484977332e-06,0.16500971963658168,0.0026203271485556014,25,10,10
45,6507,0.8461758677270358,2.1434186152945738e-05,0.13849632671636106,0.015306371370449885,25,10,10
45,6508,0.7403817322911438,9.065478004269256e-05,0.2045052130110166,0.05502239991779847,25,10,10
45,6509,0.7940852060904132,0.00031679732737271564,0.15287596019742414,0.052722036384788416,25,10,10
45,6510,0.7908900861011019,0.00024254436413154493,0.1389253605937511,0.06994200894101443,25,10,10
45,6511,0.8313817448066788,0.0002166644199496581,0.12063929587528983,0.0477622948980789,25,10,10
45,6512,0.8626681827862209,4.5794678645670363e-07,0.08840461070983002,0.04892674855716324,25,10,10
45,6513,0.8386186339570594,2.2375150313482053e-06,0.11537229411418329,0.04600683441372636,25,10,10
45,6514,0.8667863101047718,2.5595301637189917e-06,0.10195265517828588,0.03125847518677847,25,10,10
45,6515,0.8531513604144887,8.50237111555397e-08,0.11599315735002794,0.03085539721176915,25,10,10
45,6516,0.8516915749877163,1.5575789712980846e-05,0.11757481180635888,0.0307180374162111,25,10,10
45,6517,0.7704782590165066,0.0008153317278612127,0.19794552264912751,0.030760886606501288,25,10,10
45,6518,0.8133955948888937,7.083658605575773e-05,0.152929084053425,0.033604484471624695,25,10,10
45,6519,0.813955772992088,0.0007399648098818819,0.149288897362868,0.036015364835158346,25,10,10
45,6520,0.8568574335069331,1.1170633019172378e-06,0.10655996746661478,0.03658148196314935,25,10,10
45,6521,0.8306292337517621,3.1568288946628756e-05,0.16519673536988969,0.0041424625893978426,25,10,10
45,6522,0.74371862712808,0.00034130238603769756,0.2535921816812752,0.0023478888046052165,25,10,10
45,6523,0.8012425962191904,9.297745640126911e-07,0.19630238811459413,0.002454085891650779,25,10,10
45,6524,0.8255092774139097,1.911249733975113e-06,0.17253867741191367,0.0019501339244417028,25,10,10
45,6525,0.7800396737117248,2.8679916715870013e-06,0.21993890198694335,1.8556309656664652e-05,25,10,10
45,6526,0.7366250826687163,1.718430759389663e-05,0.23441682365934696,0.028940909364340062,25,10,10
45,6527,0.8268695860312703,7.48720397678532e-07,0.120627772784339,0.05250189246398852,25,10,10
45,6528,0.7978997849781396,2.6268579248509384e-05,0.12293835334161246,0.07913559310099741,25,10,10
45,6529,0.7770212565561394,2.6639162724539782e-05,0.14321913390551433,0.0797329703756181,25,10,10
45,6530,0.8045607261386497,0.0013620818305387428,0.1140409957751265,0.08003619625568327,25,10,10
45,6531,0.8153980423575602,0.00134875814285936,0.10371842637775641,0.07953477312182193,25,10,10
45,6532,0.8199058882827489,0.000480410619838413,0.1004038508836274,0.07920985021378335,25,10,10
45,6533,0.7628009395991135,0.0004825094418390995,0.1572207964886014,0.07949575447044549,25,10,10
45,6534,0.8086035919080398,6.080570878888961e-07,0.12258443769346822,0.06881136234140339,25,10,10
45,6535,0.7385207979043328,1.9580547858919614e-06,0.1422725127962762,0.1192047312446046,25,10,10
45,6536,0.6778115128561893,0.0008699346557682604,0.23505558816402292,0.08626296432402152,25,10,10
45,6537,0.7661028445907376,0.0008672965511256318,0.16092270621080978,0.07210715264732569,25,10,10
45,6538,0.830346077844136,0.0008987043828161505,0.10338861628941907,0.06536660148362758,25,10,10
45,6539,0.8365705350375039,2.1414387455812368e-06,0.08403857219452164,0.07938875132922922,25,10,10
45,6540,0.7768107994600976,9.912629429929212e-07,0.1444837059107857,0.07870450336617128,25,10,10
45,6541,0.8640149915021494,2.1029967739389727e-05,0.09572065019133136,0.04024332833877787,25,10,10
45,6542,0.8693027557884576,9.176907144337368e-06,0.12406068428027422,0.006627383024122674,25,10,10
45,6543,0.8409830967733031,3.453005575685004e-05,0.15553618432334348,0.0034461888475943504,25,10,10
45,6544,0.8097009379433842,1.3672025751794818e-05,0.1844376777887409,0.005847712242124892,25,10,10
45,6545,0.7948422998760977,1.6150144098845627e-06,0.20471042727462738,0.0004456578348649295,25,10,10
45,6546,0.8631754735100955,2.1135591157905776e-05,0.1366530309000809,0.00015035999866614872,25,10,10
45,6547,0.8466500911722556,2.7424976079423893e-06,0.14090605274815252,0.012441113581982416,25,10,10
45,6548,0.8594258028215941,1.119226056862399e-05,0.10031937271812291,0.04024363219971292,25,10,10
45,6549,0.8670114152851872,3.72222675484945e-06,0.07225806110271384,0.060726801385343414,25,10,10
45,6550,0.8431112276976174,9.599053654158155e-07,0.08058996311070452,0.07629784928631096,25,10,10
45,6551,0.8072334992954331,1.1934744575620797e-06,0.10489944583110437,0.0878658613990048,25,10,10
45,6552,0.770372445061696,1.3348177686132518e-05,0.14142367725115232,0.08819052950946567,25,10,10
45,6553,0.7903530990881112,7.931037719410873e-06,0.08681025078036043,0.12282871909380938,25,10,10
45,6554,0.7765588493657717,9.13616758090063e-06,0.09017582812603209,0.13325618634061545,25,10,10
45,6555,0.7458784598644067,9.304458374282486e-06,0.08321663805561327,0.1708955976216053,25,10,10
45,6556,0.7139559289170363,1.4867178409816145e-05,0.14568944423464955,0.1403397596698994,25,10,10
45,6557,0.683236885332009,2.8701035253239925e-05,0.1982854581023551,0.11844895553038454,25,10,10
45,6558,0.7019112765403815,0.0026527074713288347,0.17309091238730892,0.12234510360097975,25,10,10
45,6559,0.7698480553849484,0.0026684399366817785,0.14491753761875115,0.08256596705961894,25,10,10
45,6560,0.8322690562287355,0.0026668225626853654,0.09161967262012485,0.07344444858845463,25,10,10
45,6561,0.7515558881387996,4.883060597244645e-06,0.17495527023422475,0.07348395856637961,25,10,10
45,6562,0.7888772907612552,5.804933865895629e-06,0.17341210772790672,0.037704796576975126,25,10,10
45,6563,0.7606377862182544,5.897021197615195e-05,0.16321404271526496,0.07608920085450327,25,10,10
45,6564,0.8381984686902813,2.9859584302082503e-06,0.09215623151496706,0.0696423138363215,25,10,10
45,6565,0.7282232157401474,2.019332743262521e-06,0.2024118282152062,0.06936293671190275,25,10,10
45,6566,0.7407649435617139,2.2568992330138486e-06,0.21394848489984417,0.04528431463920689,25,10,10
45,6567,0.7754946435615948,1.2905389378768182e-05,0.17667539745589722,0.047817053593128635,25,10,10
45,6568,0.8421104355564145,5.838336080406556e-05,0.11739422432429497,0.040436956758487845,25,10,10
45,6569,0.8728714918576208,4.7586042786019724e-05,0.0906808850293182,0.036400037070275844,25,10,10
45,6570,0.883016010645249,1.9272884706326473e-06,0.11050628998281661,0.006475772083463497,25,10,10
45,6571,0.887641615657011,2.4456481008081075e-06,0.10593084273351834,0.006425095961367911,25,10,10
45,6572,0.7753962646191123,8.229613201072094e-05,0.2244910656351593,3.0373613715786963e-05,25,10,10
45,6573,0.7957485736155638,1.0618146029984131e-05,0.20393528561336796,0.0003055226250378345,25,10,10
45,6574,0.8390540523874657,1.193507305762334e-05,0.16087652903729333,5.7483502183458214e-05,25,10,10
45,6575,0.8545565282016071,6.477528501874125e-07,0.14347580386462064,0.0019670201809223933,25,10,10
45,6576,0.9389976065101385,1.2480536558057118e-06,0.06099064844506891,1.0496991137758916e-05,25,10,10
45,6577,0.9352507894764653,1.2045539936908368e-05,0.06466162702984715,7.553795375116429e-05,25,10,10
45,6578,0.8970752417163542,3.7544529218835135e-05,0.09843058359167645,0.004456630162749762,25,10,10
45,6579,0.8866681458387246,1.6902223511593126e-05,0.1115237722812084,0.0017911796565556418,25,10,10
45,6580,0.8785134135665646,1.139880209129436e-06,0.12134973230172426,0.00013571425150235952,25,10,10
45,6581,0.804364291063166,1.1405334826814247e-05,0.19561127321351882,1.3030388488825974e-05,25,10,10
45,6582,0.8375670897717904,0.0003441474830282888,0.16060604879500992,0.0014827139501702074,25,10,10
45,6583,0.8575387568649526,0.0004722082008135315,0.14188887999267943,0.00010015494155368931,25,10,10
45,6584,0.7876174678114155,0.00046088773782822294,0.21176251483399422,0.00015912961675803357,25,10,10
45,6585,0.8167327747932608,4.259233547147954e-05,0.17578470795898515,0.00743992491227925,25,10,10
45,6586,0.8558651991070637,4.068850456494599e-05,0.1438917708764453,0.00020234151192599645,25,10,10
45,6587,0.8882232733105145,6.624442856670255e-06,0.11132549725709827,0.00044460498952960103,25,10,10
45,6588,0.8667505146080273,3.46790053233786e-05,0.06796634971102719,0.0652484566756224,25,10,10
45,6589,0.8775717980919981,1.5899567165376166e-06,0.08276527217501721,0.03966133977626873,25,10,10
45,6590,0.7929166481585034,0.002984009550581349,0.19653335603404623,0.007565986256866695,25,10,10
45,6591,0.8546420698483711,0.00032162931346468496,0.13713224436837457,0.007904056469788173,25,10,10
45,6592,0.8213782665785831,0.00032673164479082883,0.16854318429310802,0.009751817483515626,25,10,10
45,6593,0.9075619740384634,6.270172484590792e-07,0.0847050005180341,0.0077323984262538835,25,10,10
45,6594,0.8568643679360958,1.5039205555315998e-06,0.14260657121889658,0.0005275569244519193,25,10,10
45,6595,0.8238841392089572,2.449671406157242e-06,0.17095289815366552,0.0051605129659722795,25,10,10
45,6596,0.8099256380804003,1.0691089193987714e-05,0.18965448699301415,0.00040918383739200885,25,10,10
45,6597,0.7893234544188321,1.825223791683617e-05,0.20799710031541127,0.0026611930278412376,25,10,10
45,6598,0.7571200007819554,1.0918652897076844e-05,0.19855327208959345,0.044315808475554046,25,10,10
45,6599,0.8032217103802354,0.00010693780554737903,0.16263106682997314,0.03404028498424286,25,10,10
45,6600,0.8142623314567929,0.00010538102364305777,0.15672721634993217,0.02890507116963005,25,10,10
45,6601,0.8640738811858074,0.00013510044405296262,0.1141927761293776,0.021598242240761817,25,10,10
45,6602,0.8753221848585017,0.00013462244211829622,0.10292542767605317,0.021617765023325866,25,10,10
45,6603,0.8426276660692086,0.00013508168874892029,0.135537469459641,0.021699782782400413,25,10,10
45,6604,0.7877259400045901,9.65317724078488e-07,0.18832186244352717,0.023951232234157106,25,10,10
45,6605,0.8656206898805769,1.0736817312820047e-05,0.0942541025925595,0.040114470709551646,25,10,10
45,6606,0.811893093924146,7.920169957175042e-07,0.16373211489689543,0.024373999161962936,25,10,10
45,6607,0.7888682548713717,1.107558237142127e-06,0.17103388432181943,0.04009675324857275,25,10,10
45,6608,0.7400186857498184,9.352905490962289e-06,0.2521208512744126,0.007851110070276503,25,10,10
45,6609,0.8145535451762593,1.0968249570904362e-07,0.14574382243017955,0.039702522711064905,25,10,10
45,6610,0.7821208930871241,5.424099288552112e-05,0.1748694661821175,0.042955399737872726,25,10,10
45,6611,0.7123089852685786,5.57646472251621e-05,0.23596181224743937,0.05167343783675583,25,10,10
45,6612,0.718189688434023,0.0033236774452500336,0.2265281491036255,0.051958485017104566,25,10,10
45,6613,0.811132735237881,0.0033143359628149934,0.13386798662659932,0.05168494217270551,25,10,10
45,6614,0.8298037725486122,0.0032939451156682735,0.10360660701072531,0.06329567532499344,25,10,10
45,6615,0.7316674263409478,0.0033263226497777165,0.20310904445628736,0.061897206552986084,25,10,10
45,6616,0.6472089005601289,9.94422845811837e-05,0.2784577014117314,0.07423395574355755,25,10,10
45,6617,0.7582303406697135,9.853885497160077e-05,0.20930855628072578,0.032362564194589244,25,10,10
45,6618,0.769439152951017,1.9215684103477353e-06,0.17421000401188252,0.056348921468689694,25,10,10
45,6619,0.7262650570618703,3.200623802955221e-06,0.21733880818271076,0.0563929341316143,25,10,10
45,6620,0.7436702060277506,3.2424256488984457e-06,0.17147869655791947,0.08484785498868032,25,10,10
45,6621,0.7207281404911625,3.943282319209957e-06,0.1915207458879416,0.08774717033857735,25,10,10
45,6622,0.8721579960208024,3.6429481719192944e-06,0.06227489885622373,0.06556346217480163,25,10,10
45,6623,0.8377015768465467,1.748315417288349e-05,0.08822699419635459,0.07405394580292271,25,10,10
45,6624,0.7963884112019599,1.8197752914021462e-05,0.1599351819770792,0.04365820906804584,25,10,10
45,6625,0.8107963945261543,8.372623258543491e-07,0.14670609434282134,0.042496673868697224,25,10,10
45,6626,0.8048378763838818,3.8337194090896625e-06,0.1534330285549197,0.04172526134178756,25,10,10
45,6627,0.8574323936020474,3.3025321920747642e-06,0.10288880267123571,0.0396755011945231,25,10,10
45,6628,0.9006067005758588,8.652120625202777e-06,0.05783382984189101,0.04155081746162471,25,10,10
45,6629,0.8480297289128909,1.2828252144332897e-05,0.11177904667086822,0.04017839616409535,25,10,10
45,6630,0.8630913739514312,1.513727565971725e-06,0.10315274165427497,0.03375437066672829,25,10,10
45,6631,0.8551214872685676,9.413746204577786e-06,0.09900532726232555,0.04586377172290262,25,10,10
45,6632,0.8601425404827161,1.3898072235658735e-05,0.09470011923048474,0.045143442214562006,25,10,10
45,6633,0.8577713530759471,4.503660770648354e-07,0.11875257697699676,0.023475619580978876,25,10,10
45,6634,0.856246864398592,0.0013964840507113857,0.10229030179283502,0.04006634975786172,25,10,10
45,6635,0.7529258844333456,0.0015484278986953265,0.20738674924935746,0.038138938418601116,25,10,10
45,6636,0.7898764032913995,0.001397023509774761,0.14475009778938291,0.06397647540944167,25,10,10
45,6637,0.7837560844868993,1.0309238370777914e-05,0.1520732995786731,0.0641603066960565,25,10,10
45,6638,0.8069653618769946,1.2195906497806973e-05,0.13196812434484056,0.06105431787166786,25,10,10
45,6639,0.7375495435951648,5.2566712290482664e-05,0.19773959804179295,0.06465829165075114,25,10,10
45,6640,0.7514912950333964,2.5328081329493252e-05,0.18188551214192247,0.0665978647433509,25,10,10
45,6641,0.7845936420418461,7.193212841975989e-06,0.13219474559971997,0.08320441914559183,25,10,10
45,6642,0.82754352087517,1.5717566325447077e-05,0.14592278932180647,0.026517972236696486,25,10,10
45,6643,0.8308518835833694,1.96929675070691e-05,0.1145489080226095,0.0545795154265124,25,10,10
45,6644,0.7914550304336201,3.085540664143253e-05,0.13598646031292133,0.07252765384681764,25,10,10
45,6645,0.7172891571613443,1.636029399469629e-05,0.15239763310797072,0.13029684943668976,25,10,10
45,6646,0.694975151894241,0.0003592726894652788,0.17157064528427524,0.13309493013201698,25,10,10
45,6647,0.7421242528748035,2.48220233595516e-05,0.1627979642648341,0.09505296083700226,25,10,10
45,6648,0.7911702675302996,2.6876489866842357e-06,0.1258609637866109,0.08296608103410254,25,10,10
45,6649,0.835066552003387,1.7280003526941065e-06,0.12349049358862361,0.04144122640763228,25,10,10
45,6650,0.8023419684685491,1.434338122330175e-06,0.16210528024510024,0.03555131694822677,25,10,10
45,6651,0.8238940303650962,8.877224229795286e-06,0.14022343130986153,0.0358736611008115,25,10,10
45,6652,0.8081501006666049,1.2463012728983944e-05,0.158480661727116,0.03335677459354925,25,10,10
45,6653,0.7532225303295591,3.35391710384906e-05,0.20711209514355736,0.03963183535584461,25,10,10
45,6654,0.826649323991846,0.000478648095295576,0.1329737425308204,0.03989828538203673,25,10,10
45,6655,0.8570078450270086,8.708685800246268e-06,0.0979993123001596,0.044984133987030085,25,10,10
45,6656,0.7952892979530993,9.920447687710255e-07,0.13599953284894933,0.06871017715318241,25,10,10
45,6657,0.6900654126450101,4.284214386505306e-06,0.19812603723894665,0.1118042659016541,25,10,10
45,6658,0.773233274133031,0.0005268626329847938,0.10804734532882135,0.11819251790516079,25,10,10
45,6659,0.7410213557277414,0.0008195686606835541,0.1454338149753057,0.11272526063626766,25,10,10
45,6660,0.7480346187037559,1.087862961451841e-05,0.1535706041619961,0.09838389850463142,25,10,10
45,6661,0.7668025957492453,3.3073290818461597e-06,0.17183320798726254,0.06136088893440886,25,10,10
45,6662,0.7884713031570708,3.2215514617950427e-06,0.17597725505310138,0.035548220238366644,25,10,10
45,6663,0.8788179105387749,6.740183485749062e-07,0.08759106326506229,0.03359035217781376,25,10,10
45,6664,0.8945111485421269,1.2255462973382086e-05,0.06908534799583962,0.03639124799906026,25,10,10
45,6665,0.8760360447229003,0.00027244542576826874,0.12133917315398834,0.002352336697342548,25,10,10
45,6666,0.8614687313273428,2.8801976584124556e-06,0.13784775542236619,0.0006806330526302087,25,10,10
45,6667,0.876805738775366,3.74061946637108e-05,0.11936065623192431,0.0037961987980456645,25,10,10
45,6668,0.8309636189118421,1.1209292168772574e-06,0.13170231078751463,0.037332949371425464,25,10,10
45,6669,0.8803630395587777,3.1986449548105765e-07,0.09009461304736158,0.029542027529364426,25,10,10
45,6670,0.8471106327320973,3.303697622751873e-07,0.11266598446086627,0.04022305243727457,25,10,10
45,6671,0.8345836799889761,1.7074551778738253e-06,0.11315751340529703,0.052257099150549165,25,10,10
45,6672,0.788001666522884,0.0008849833366626695,0.15831555621753737,0.05279779392291537,25,10,10
45,6673,0.860478716119961,3.780410234465503e-06,0.11207766998414177,0.027439833485661633,25,10,10
45,6674,0.8820415175310413,9.260950821564345e-07,0.07574938152405238,0.042208174849823615,25,10,10
45,6675,0.8724179742354269,4.679978823036589e-07,0.12020224310170213,0.007379314664985695,25,10,10
45,6676,0.9201017002405105,5.363400804420037e-07,0.07749708632478743,0.0024006770946212188,25,10,10
45,6677,0.8111850773500504,1.7273046746634066e-05,0.18636897733560623,0.0024286722675992923,25,10,10
45,6678,0.8950183169651877,1.9408735546307376e-05,0.10482184673451994,0.00014042756474551458,25,10,10
45,6679,0.8086467177153399,0.00035578317726248565,0.16318938699343594,0.027808112113961485,25,10,10
45,6680,0.7496322189540001,0.0003400612739514612,0.1726867689126049,0.07734095085944313,25,10,10
45,6681,0.7550237450156261,4.5721388306191636e-05,0.16774040244293076,0.0771901311531368,25,10,10
45,6682,0.817937925993321,6.597073885985935e-06,0.13578718123770858,0.046268295695082465,25,10,10
45,6683,0.8312377313732269,7.290559964152345e-05,0.16445474503319876,0.004234617993931986,25,10,10
45,6684,0.8671506524575797,7.035284525469113e-06,0.12843584807644326,0.004406464181450465,25,10,10
45,6685,0.8452766483805538,1.775189701285087e-05,0.15432464378263966,0.00038095593979302746,25,10,10
45,6686,0.8785244207843975,1.4883124626835452e-05,0.12144203028440798,1.866580656695627e-05,25,10,10
45,6687,0.9324938170509475,3.5222901914921196e-06,0.06739993740992488,0.00010272324893677225,25,10,10
45,6688,0.9140938218768183,0.00037246549944536884,0.08530748605467756,0.00022622656905788702,25,10,10
45,6689,0.8845807070310653,1.582853542477114e-06,0.11517722548566574,0.00024048462972574067,25,10,10
45,6690,0.8772802155349081,9.426585157412179e-06,0.12245526137298775,0.0002550965069439713,25,10,10
45,6691,0.8958425654067161,1.964007843727835e-05,0.10399527223260895,0.00014252228223764364,25,10,10
45,6692,0.8803170840407644,0.00034119767165518953,0.11738205336567695,0.0019596649219017197,25,10,10
45,6693,0.7912118503763427,0.0003369412772649627,0.20631473100764006,0.002136477338753379,25,10,10
45,6694,0.8893520972618668,2.2533337047052104e-06,0.10995573238835743,0.0006899170160713502,25,10,10
45,6695,0.8761105475954645,1.0217971179940506e-05,0.12345515662172296,0.00042407781163118075,25,10,10
45,6696,0.8034676342323829,0.00012455381080965977,0.19442993996054383,0.0019778719962644103,25,10,10
45,6697,0.8235144451278366,0.001050696989899063,0.17505354806332807,0.00038130981893871754,25,10,10
45,6698,0.8296830364653665,0.0010237725557504112,0.16735725011375888,0.001935940865123946,25,10,10
45,6699,0.8186735836188109,7.423213047242913e-06,0.1782430697403319,0.003075923427812593,25,10,10
45,6700,0.8766049140527766,2.032439025818099e-05,0.1184732241156037,0.004901537441362604,25,10,10
45,6701,0.8654259129774166,1.0617236620108737e-05,0.1324699874507,0.0020934823352623784,25,10,10
45,6702,0.8970136792269799,1.9458409465583177e-05,0.10202898192841531,0.0009378804351376495,25,10,10
45,6703,0.8662914195287172,3.6302561757474784e-06,0.13354692893555026,0.0001580212795572583,25,10,10
45,6704,0.9539173069353675,4.833236875437249e-07,0.04607656149268,5.6482482653171025e-06,25,10,10
45,6705,0.9170251187773445,1.2027776984510952e-06,0.08290321246662526,7.046597833070314e-05,25,10,10
45,6706,0.889925669732617,1.4428621823480947e-05,0.10994674435374485,0.00011315729181319541,25,10,10
45,6707,0.817216275330281,9.395402438145489e-05,0.17251227967112792,0.010177490974209391,25,10,10
45,6708,0.7944560494982401,0.0007761702486222429,0.2038965864109538,0.0008711938421803761,25,10,10
45,6709,0.794994868883049,1.7432633159181235e-06,0.18072309422198715,0.024280293631645314,25,10,10
45,6710,0.787218523473171,2.3133026001182433e-06,0.185002396194198,0.027776767030030708,25,10,10
45,6711,0.8537675971713287,3.2981078648098586e-07,0.11881345290591126,0.02741862011197195,25,10,10
45,6712,0.8370698807562701,6.323138376432951e-07,0.09060683647036061,0.07232265045953093,25,10,10
45,6713,0.817721078382967,1.2159788436840626e-05,0.1021420998812356,0.08012466194735816,25,10,10
45,6714,0.7460403734900877,8.64196494253045e-05,0.19836275553903382,0.055510451321454254,25,10,10
45,6715,0.8435062578816347,6.35401185176999e-05,0.1563540223153937,7.61796844511966e-05,25,10,10
45,6716,0.7247317718940266,9.988003199970943e-05,0.2730664192828692,0.0021019287911072586,25,10,10
45,6717,0.7502946245509317,3.1503078919144724e-05,0.24597948198116537,0.00369439038898472,25,10,10
45,6718,0.8344838931715678,0.0004687560989055134,0.1632966839219608,0.0017506668075637601,25,10,10
45,6719,0.8551900018865248,0.00037899683460382603,0.14225971373801857,0.0021712875408518902,25,10,10
45,6720,0.837502830034933,6.566480317866708e-05,0.1592012820896134,0.0032302230722751147,25,10,10
45,6721,0.8529472651168652,1.8022934561287681e-06,0.14408711409734354,0.0029638184923318047,25,10,10
45,6722,0.8980193277902445,1.962647732817328e-06,0.0995130516467525,0.0024656579152699926,25,10,10
45,6723,0.8723171227367804,4.1871600488346225e-06,0.12170980864132347,0.005968881461845836,25,10,10
45,6724,0.8655582894375478,9.540798993399858e-07,0.13439603196508565,4.4724517466688274e-05,25,10,10
45,6725,0.9320877550853727,4.6137888812335765e-07,0.06763107295909355,0.0002807105766459253,25,10,10
45,6726,0.8718577042495407,0.000172494283022895,0.12457663775832803,0.003393163709105971,25,10,10
45,6727,0.7704511411358882,0.000494219168142923,0.2258892078755075,0.0031654318204619525,25,10,10
45,6728,0.7950421723215881,0.0004933192289477023,0.2044205628711496,4.39455783122008e-05,25,10,10
45,6729,0.8462234340071474,2.4845141867215824e-06,0.15370972759565502,6.435388300987958e-05,25,10,10
45,6730,0.8812638298804074,1.9744001886889376e-06,0.11854795868626247,0.0001862370331414625,25,10,10
45,6731,0.9111968804988133,8.389383362697573e-06,0.0887220047363857,7.272538143845782e-05,25,10,10
45,6732,0.809318175079395,3.191208590169068e-05,0.1854709078726748,0.005179004962026302,25,10,10
45,6733,0.8730071021403921,1.5996284224841614e-05,0.09630855003759577,0.030668351537785233,25,10,10
45,6734,0.7901021016910447,2.4445979510871624e-05,0.1774970518614176,0.0323764004680255,25,10,10
45,6735,0.8192107052849551,7.996808427015084e-06,0.1400354297126649,0.04074586819395491,25,10,10
45,6736,0.9263009664403037,4.944706706028615e-07,0.03363711585894009,0.04006142323008554,25,10,10
45,6737,0.9152688739532566,1.2292923389933841e-06,0.044653231492923794,0.04007666526148092,25,10,10
45,6738,0.9350054973823773,7.94599568807239e-06,0.06480196190013542,0.00018459472179913064,25,10,10
45,6739,0.8230065657245983,9.7506807875735e-06,0.17644308832173802,0.0005405952728751878,25,10,10
45,6740,0.8156940796155091,4.76824358211795e-05,0.18409685910213547,0.00016137884653349974,25,10,10
45,6741,0.8677237215087369,2.1440874517482465e-05,0.1289219812547016,0.0033328563620429893,25,10,10
45,6742,0.8723826983081466,2.013641352749769e-05,0.1275350864156325,6.207886269316914e-05,25,10,10
45,6743,0.7309648456476459,8.849212528579002e-05,0.2645811609092051,0.004365501317858621,25,10,10
45,6744,0.6574508159092596,0.008021315474446533,0.3067321557591788,0.02779571285711199,25,10,10
45,6745,0.8117726806215713,0.008000195258859652,0.12390946449115234,0.05631765962841508,25,10,10
45,6746,0.7616907082203426,3.807589512140324e-05,0.16762184615819653,0.07064936972633702,25,10,10
45,6747,0.8233006829672271,7.752600546566696e-06,0.10049249893009397,0.0761990655021303,25,10,10
45,6748,0.8144900162072386,2.1892452145276787e-06,0.10573052737596479,0.07977726717157996,25,10,10
45,6749,0.7534104042518353,0.00026179028822996114,0.16527243655397927,0.08105536890595699,25,10,10
45,6750,0.8124598904201781,2.504231160288269e-06,0.11006762416956109,0.07746998117910091,25,10,10
45,6751,0.7957562739847006,0.0016325943046906584,0.13345992561141717,0.06915120609919026,25,10,10
45,6752,0.8330535916729032,0.0004819628615141001,0.13385584990559757,0.03260859555998425,25,10,10
45,6753,0.8080455420841669,1.3844282817598386e-05,0.18948735584214974,0.002453257790864974,25,10,10
45,6754,0.8072908001887364,1.4073567970776438e-05,0.1893462719376685,0.0033488543056225174,25,10,10
45,6755,0.8326663275561751,3.1538830635827062e-06,0.1667923979286709,0.0005381206320895746,25,10,10
45,6756,0.7783814565279115,6.317141640022528e-05,0.2212054760686174,0.0003498959870727502,25,10,10
45,6757,0.809837367869567,1.0213466091110035e-06,0.19003765352591834,0.00012395725790685715,25,10,10
45,6758,0.8634289905909963,1.4872149264759117e-06,0.12452538514998122,0.012044137044094178,25,10,10
45,6759,0.8593447047504923,7.3783767213683425e-06,0.10052208200814083,0.04012583486464334,25,10,10
45,6760,0.80844534403317,6.961715081614254e-06,0.15151917580715465,0.04002851844459267,25,10,10
45,6761,0.8096335456363589,7.63463492396713e-07,0.1498800465948303,0.04048564430531914,25,10,10
45,6762,0.8070414539418613,1.040486243435322e-05,0.1514806592083895,0.0414674819873131,25,10,10
45,6763,0.782922823681179,1.6039074877942808e-06,0.17951305932411973,0.037562513087212895,25,10,10
45,6764,0.8169281255633847,9.355580472503546e-06,0.14549127138794085,0.03757124746820086,25,10,10
45,6765,0.7976586010637239,1.4221922925862219e-06,0.16452036459393224,0.0378196121500521,25,10,10
45,6766,0.8849445128119855,0.0003160770720652415,0.0745887348067709,0.0401506753091781,25,10,10
45,6767,0.9199538224415743,1.063627436268439e-06,0.039996700517263534,0.04004841341372631,25,10,10
45,6768,0.8448521006051594,0.0002970037411645024,0.1150704980816405,0.03978039757203372,25,10,10
45,6769,0.8331441886243077,3.824522309769249e-05,0.127246277511534,0.0395712886410584,25,10,10
45,6770,0.8401723647202943,0.002011301456993563,0.11778703389533236,0.04002929992737972,25,10,10
45,6771,0.7867296953877231,0.0016771613565131507,0.1712739722867315,0.040319170969032765,25,10,10
45,6772,0.8031160199193245,7.630983448743001e-07,0.11736145603565547,0.07952176094667149,25,10,10
45,6773,0.7820028068748638,4.320796548401535e-05,0.13377569703892175,0.08417828812073168,25,10,10
45,6774,0.7398730620983741,4.060163741947334e-05,0.21247620097231704,0.047610135291887866,25,10,10
45,6775,0.8749834985347669,1.7420276280555421e-06,0.11993719310857413,0.005077566329029864,25,10,10
45,6776,0.9048938688863415,1.3961416298962756e-06,0.09313343934084914,0.0019712956311804474,25,10,10
45,6777,0.8415772621715853,9.545777368839802e-07,0.15625360113685446,0.0021681821138232623,25,10,10
45,6778,0.839172121751624,1.9897614581025894e-06,0.16060000401769245,0.0002258844692246387,25,10,10
45,6779,0.8819817768669077,1.6925412166612027e-06,0.11589016156952738,0.0021263690223464636,25,10,10
45,6780,0.8940083208439795,8.973787546643934e-07,0.10200499929038762,0.0039857824868774535,25,10,10
45,6781,0.8877867650384716,1.4205819938445155e-07,0.07160815744886108,0.040604935454468694,25,10,10
45,6782,0.878182369802538,7.348862369849878e-06,0.11970403002713292,0.0021062513079578822,25,10,10
45,6783,0.8666007307312102,3.4337651234897037e-05,0.13086798162899008,0.002496949988563211,25,10,10
45,6784,0.862589174682645,4.390533759430027e-05,0.13107908732126852,0.00628783265849022,25,10,10
45,6785,0.9116418221145511,7.287633278392061e-06,0.08063067022629919,0.007720220025870788,25,10,10
45,6786,0.9240749597097125,7.1758716879431065e-06,0.07080170517300194,0.0051161592455957906,25,10,10
45,6787,0.7718797369148835,2.9624571476889343e-05,0.22282360570191162,0.0052670328117292485,25,10,10
45,6788,0.9006942692387905,1.9260619331641973e-05,0.09586305440611533,0.003423415735762973,25,10,10
45,6789,0.832010640441685,0.00043405577699970376,0.16750074299913206,5.456078218246981e-05,25,10,10
45,6790,0.7465846356432921,5.48036049437889e-06,0.25288637383351725,0.0005235101626965278,25,10,10
45,6791,0.7904525262508519,2.986000217831056e-06,0.20907439050747453,0.0004700972414541895,25,10,10
45,6792,0.8145565176779721,1.2631924318791643e-06,0.18494705756888383,0.0004951615607138991,25,10,10
45,6793,0.8511876614838987,3.4783181615809254e-05,0.14845940337644697,0.0003181519580375545,25,10,10
45,6794,0.7797220918156097,3.527764712018349e-05,0.2200912527513234,0.00015137778594729177,25,10,10
45,6795,0.7099247267047665,8.98467177846071e-06,0.23982238650859325,0.05024390211486283,25,10,10
45,6796,0.7892920861212755,7.29470959247932e-07,0.1705979136337029,0.04010927077406181,25,10,10
45,6797,0.7860554631118011,0.0003156391460023466,0.20703322976019373,0.006595667982002995,25,10,10
45,6798,0.8284268026591625,1.867364341199247e-06,0.16509761045365903,0.006473719522837429,25,10,10
45,6799,0.8640743259270296,2.6701669913166134e-06,0.12944454773612082,0.006478456169857737,25,10,10
45,6800,0.8368123857642574,2.186961415924481e-05,0.16307602420297446,8.972041860965485e-05,25,10,10
45,6801,0.8765928438960355,2.2391997538002457e-06,0.12151230189341597,0.0018926150107932815,25,10,10
45,6802,0.8459103010414579,1.6241875641953094e-05,0.14899014745452382,0.005083309628375418,25,10,10
45,6803,0.8218346037066345,1.699343175219282e-05,0.17299469158799988,0.0051537112736122995,25,10,10
45,6804,0.8569805311762814,0.00017586609521460614,0.1400207260372359,0.002822876691267854,25,10,10
45,6805,0.8348376135941458,0.0005720071020203464,0.16449999327276055,9.038603107180279e-05,25,10,10
45,6806,0.8803457849093782,1.8471440455753493e-06,0.119559118819036,9.32491275392146e-05,25,10,10
45,6807,0.8503587891177857,0.00027071461981623265,0.14792272930235387,0.0014477669600434936,25,10,10
45,6808,0.8534222765074257,0.00027118809217101605,0.14444183548920336,0.0018646999111981324,25,10,10
45,6809,0.8211770222514508,1.0320064221347132e-05,0.1780219204115949,0.0007907372727317273,25,10,10
45,6810,0.7806529043240722,1.9407289855191524e-05,0.2184730434900592,0.0008546448960100605,25,10,10
45,6811,0.8683285369861108,9.559053010225259e-07,0.13094981928356272,0.0007206878250256441,25,10,10
45,6812,0.7686445819589095,3.0727182684878783e-06,0.21996600037770545,0.011386344945117284,25,10,10
45,6813,0.9019163834548085,1.2553572584098545e-06,0.09414570444190877,0.003936656746024268,25,10,10
45,6814,0.823766488599505,2.6329988842072713e-06,0.10266414208341565,0.07356673631819527,25,10,10
45,6815,0.7676342428877383,1.4990717161915134e-06,0.1635347891992051,0.068829468841339,25,10,10
45,6816,0.8543109030272537,6.649472153746358e-07,0.07016232247883003,0.07552610954670108,25,10,10
45,6817,0.8432324641164347,2.3974881376066045e-05,0.11833640426468336,0.03840715673750328,25,10,10
45,6818,0.8782404021448602,9.975269576751406e-06,0.08129334072427055,0.04045628186129147,25,10,10
45,6819,0.9272042079256289,1.4009045385398565e-05,0.02871689987242086,0.04406488315656452,25,10,10
45,6820,0.8844696766012063,9.086273123770224e-06,0.07539861589729292,0.040122621228377495,25,10,10
45,6821,0.8823503046160047,1.4281054340037574e-06,0.08970224732572848,0.027946019952831636,25,10,10
45,6822,0.8797358246926053,4.220050157993472e-05,0.09549918938315068,0.02472278542266401,25,10,10
45,6823,0.8794150527985465,4.091105592395022e-05,0.08041976124803546,0.04012427489749328,25,10,10
45,6824,0.7788489437067279,0.00023064973409737803,0.1738482914228667,0.04707211513630779,25,10,10
45,6825,0.8221966932329083,3.883340489102039e-05,0.1346571322321918,0.04310734113000998,25,10,10
45,6826,0.7976274279775954,4.62766296347076e-05,0.18647931206412566,0.015846983328644232,25,10,10
45,6827,0.8745895464266309,3.2613414941726546e-07,0.08099388811534071,0.04441623932387882,25,10,10
45,6828,0.8847042025555371,1.242173943717396e-06,0.07880835999127318,0.03648619527924612,25,10,10
45,6829,0.8077061200537259,1.8935113244986794e-05,0.1611591062529174,0.03111583858010983,25,10,10
45,6830,0.9064458084778617,2.4452526871955395e-05,0.06588682665003592,0.027642912345230673,25,10,10
45,6831,0.9051500352903515,6.85987084662086e-06,0.05835621873641092,0.03648688610239037,25,10,10
45,6832,0.8855232632939799,6.853282069885532e-06,0.07804466757516364,0.03642521584878584,25,10,10
45,6833,0.8399985587903207,0.00642940171100712,0.11332655861575383,0.04024548088291967,25,10,10
45,6834,0.8661062683781807,0.006422673968070312,0.08725738930525324,0.04021366834849694,25,10,10
45,6835,0.8554159797265009,1.1475529581043341e-05,0.1406423312085726,0.0039302135353422515,25,10,10
45,6836,0.8347817861510705,8.25293711557766e-06,0.15936533548146645,0.005844625430346774,25,10,10
45,6837,0.894843030396081,8.162208820995859e-06,0.10307936138444053,0.002069446010657278,25,10,10
45,6838,0.8727288652415891,1.8057032829168142e-06,0.12709578173739902,0.0001735473177284204,25,10,10
45,6839,0.8592512606236231,1.2213146432243086e-06,0.14074320752244884,4.310539282571636e-06,25,10,10
45,6840,0.7820026537255116,1.6060316890510034e-05,0.20470736157833064,0.013273924379266049,25,10,10
45,6841,0.7864093161910466,3.069705518068157e-05,0.2133888680728719,0.0001711186809038849,25,10,10
45,6842,0.899761879551291,6.869136607410223e-06,0.10004596474916402,0.00018528656293666002,25,10,10
45,6843,0.9417052512311899,6.727008145700754e-06,0.05816003267856132,0.0001279890821032228,25,10,10
45,6844,0.8744939003459664,7.861637645045727e-06,0.12531936206948804,0.00017887594690002448,25,10,10
45,6845,0.8114877610646495,2.692473593085307e-05,0.18796570734374612,0.0005196068556730668,25,10,10
45,6846,0.8378346517626166,2.7663787777012307e-05,0.16199062405746686,0.00014706039213902182,25,10,10
45,6847,0.8892976281339955,1.0874009048946657e-06,0.11047952982550777,0.0002217546395927555,25,10,10
45,6848,0.8607365460881411,1.2121975155641297e-06,0.138612352936852,0.0006498887774910997,25,10,10
45,6849,0.8594422484114318,8.718988495946234e-07,0.1398555064145372,0.0007013732751816229,25,10,10
45,6850,0.7499790201113214,9.40713342183804e-06,0.24710072131757652,0.0029108514376794976,25,10,10
45,6851,0.8116213010551852,1.3683096124091515e-05,0.18818198550450504,0.0001830303441849511,25,10,10
45,6852,0.8718591245561916,8.582671565716626e-06,0.12577920679456883,0.002353085977674283,25,10,10
45,6853,0.7028704907590534,2.2162927897299804e-05,0.29290944492352866,0.0041979013895213045,25,10,10
45,6854,0.8140498769290496,1.387279726311669e-05,0.18572040578574558,0.00021584448794337795,25,10,10
45,6855,0.8062124358921919,8.312265134860767e-06,0.19354694279923534,0.00023230904343729487,25,10,10
45,6856,0.8327273410138535,5.25902973890443e-05,0.15830070582246625,0.008919362866289953,25,10,10
45,6857,0.8987292905551375,0.0007233902818384824,0.10033278351981992,0.00021453564320405002,25,10,10
45,6858,0.8251807874691525,0.00020671969910937706,0.1724952745680898,0.002117218263648557,25,10,10
45,6859,0.8032425316467839,0.00020156743390733591,0.194211601133696,0.0023442997856114186,25,10,10
45,6860,0.8915040888929019,1.1909973832305169e-06,0.10830730739009266,0.0001874127196232184,25,10,10
45,6861,0.8073375830055423,3.756450654957322e-05,0.19227471065563304,0.0003501418322751875,25,10,10
45,6862,0.7768560674775289,1.1050157054621957e-06,0.18439753176469292,0.03874529574207124,25,10,10
45,6863,0.7019508196263419,5.971533743133089e-07,0.2913697928405084,0.0066787903797778155,25,10,10
45,6864,0.7581307813973478,8.524156684780893e-07,0.23531308650783145,0.006555279679151592,25,10,10
45,6865,0.7751005375883733,2.64253401352317e-06,0.21842526534729292,0.006471554530317849,25,10,10
45,6866,0.7764316536863187,1.953156992700549e-05,0.22076491370411958,0.0027839010396346455,25,10,10
45,6867,0.8038646686700822,1.1143273509504046e-05,0.19017110745312898,0.005953080603278366,25,10,10
45,6868,0.8684661575925297,1.9437984633979467e-05,0.12810401237023505,0.003410392052599756,25,10,10
45,6869,0.9300656593041521,1.8893744476374486e-05,0.06975495438943131,0.00016049256194121064,25,10,10
45,6870,0.880902611540572,1.2411454325888413e-06,0.11876431309318715,0.000331834220806794,25,10,10
45,6871,0.8168520936424684,2.4344079181929394e-06,0.1806063515830597,0.0025391203665544996,25,10,10
45,6872,0.8264723931691388,2.6103407380732175e-06,0.17128127424354017,0.002243722246583448,25,10,10
45,6873,0.8448928178285894,4.377889270220601e-06,0.12667050412209652,0.028432300160043104,25,10,10
45,6874,0.7376413400817456,6.005911122591157e-05,0.1965441043747468,0.06575449643228438,25,10,10
45,6875,0.7075858569253191,8.164110813398264e-07,0.21223786653442228,0.0801754601291779,25,10,10
45,6876,0.752527262272842,1.549105402275099e-05,0.1683435981255438,0.07911364854759217,25,10,10
45,6877,0.7189629193414443,0.00013741775598668704,0.20490461551195224,0.0759950473906171,25,10,10
45,6878,0.7746766297375919,0.00012849803154055706,0.1743271036243448,0.05086776860652094,25,10,10
45,6879,0.7661348545968321,1.4461501191364802e-05,0.18031512439630698,0.05353555950566821,25,10,10
45,6880,0.7562181319780545,1.3613677890170006e-05,0.20415712054755986,0.03961113379649541,25,10,10
45,6881,0.8646953184100973,2.3849085124199045e-06,0.11030347561660336,0.024998821064787173,25,10,10
45,6882,0.8367262368605527,7.374228495126961e-08,0.13821565890108484,0.02505803049607688,25,10,10
45,6883,0.8457456805617496,3.1874557266891364e-05,0.13526902345899028,0.018953421421992057,25,10,10
45,6884,0.8535415079335799,1.629961240924292e-06,0.13591659791872204,0.010540264186456951,25,10,10
45,6885,0.8536221391487868,1.7611918717641106e-06,0.14605067484815196,0.0003254248111871386,25,10,10
45,6886,0.7980842650070117,2.0549288987997507e-06,0.20171932912641247,0.0001943509376755641,25,10,10
45,6887,0.8613617037971416,2.964835657971485e-06,0.138620298557858,1.5032809342873795e-05,25,10,10
45,6888,0.7903879865070833,2.053248099516421e-06,0.20921025034266968,0.0003997099021426474,25,10,10
45,6889,0.8977819958835955,3.1206002617042717e-06,0.10208292825557956,0.00013195526056281862,25,10,10
45,6890,0.8327457784808497,2.9808420736468667e-06,0.12519707641851105,0.04205416425856495,25,10,10
45,6891,0.8023035675120169,6.6234347823228e-05,0.16107671615124258,0.036553481988917884,25,10,10
45,6892,0.8046947206010212,0.00011020952426384978,0.15567082950058364,0.03952424037413148,25,10,10
45,6893,0.8816935327962727,3.2499430634427946e-05,0.11784207753290511,0.0004318902401856887,25,10,10
45,6894,0.7756295583242258,9.955548264948238e-06,0.22114389465353773,0.0032165914739715256,25,10,10
45,6895,0.7558353763029713,7.459756207772298e-05,0.22959155311455007,0.014498473020400448,25,10,10
45,6896,0.7852917925950771,6.261958799881482e-05,0.13510948395906916,0.0795361038578544,25,10,10
45,6897,0.7753318520649896,4.2401028046214815e-05,0.14493366674215818,0.079692080164806,25,10,10
45,6898,0.7769883050994275,4.3894378460454894e-05,0.14779505279869062,0.07517274772341813,25,10,10
45,6899,0.8705125036203794,1.7691125455046737e-06,0.08941735344733401,0.04006837381974004,25,10,10
45,6900,0.8937291416644415,2.490754766375665e-05,0.0664414969318233,0.03980445385607127,25,10,10
45,6901,0.8096182763789048,2.0024517837086223e-06,0.16128113840519803,0.029098582764113274,25,10,10
45,6902,0.8022522473708176,7.538678971055854e-05,0.14816590778005156,0.04950645805941834,25,10,10
45,6903,0.9148982421263839,5.966875155786034e-06,0.04533381903618184,0.0397619719622791,25,10,10
45,6904,0.8400327304758562,1.599105124209928e-05,0.111981471605494,0.047969806867405616,25,10,10
45,6905,0.8376601610375097,0.000606721115353522,0.12167113658248419,0.0400619812646519,25,10,10
45,6906,0.6610852127285589,0.0013694636487927051,0.2593126765257639,0.07823264709688559,25,10,10
45,6907,0.7174309237911484,3.9538175678249996e-05,0.23572023337768477,0.046809304655489894,25,10,10
45,6908,0.7538793972061706,9.711916180477364e-05,0.2195536921323894,0.026469791499635322,25,10,10
45,6909,0.7953827685999371,0.00012674421575946507,0.20374398509835664,0.000746502085946161,25,10,10
45,6910,0.7644070183381189,1.1808054921587238e-05,0.1956207747928275,0.03996039881413112,25,10,10
45,6911,0.7564641398097632,7.400616387037615e-05,0.1716387806658268,0.0718230733605369,25,10,10
45,6912,0.6649471333808258,0.00011471948473963734,0.25052812580154005,0.08441002133289423,25,10,10
45,6913,0.7630770184043248,4.705383036115951e-06,0.15739500064367629,0.0795232755689623,25,10,10
45,6914,0.7468383552559168,6.404407818971348e-05,0.1738306569086396,0.07926694375725407,25,10,10
45,6915,0.7557189712377739,9.307593978909478e-05,0.18118571051532206,0.06300224230711324,25,10,10
45,6916,0.7925395964521923,9.407270162861394e-05,0.12791118285227482,0.07945514799390302,25,10,10
45,6917,0.8510138447973554,9.515437358633952e-05,0.07223062637703821,0.07666037445202097,25,10,10
45,6918,0.7525616923877672,9.378305033761248e-05,0.16767698500358294,0.07966753955831102,25,10,10
45,6919,0.7352663722100456,0.0004766139312197152,0.2240580883221784,0.040198925536556136,25,10,10
45,6920,0.7145341620591127,0.0021453816013018946,0.23480709378556347,0.048513362554019626,25,10,10
45,6921,0.8379445457380654,3.9514653320102744e-05,0.12129835033060374,0.04071758927801162,25,10,10
45,6922,0.7486165636222217,7.418429304475184e-05,0.21172612356115977,0.03958312852357584,25,10,10
45,6923,0.782996146785962,8.372636380359545e-05,0.17704011203598902,0.03988001481424616,25,10,10
45,6924,0.7250638927209895,1.8063724703102836e-05,0.27013913070873236,0.004778912845576543,25,10,10
45,6925,0.8319671953177082,1.8871158861596484e-05,0.1677987053792162,0.00021522814421327162,25,10,10
45,6926,0.7964003673629928,7.887308506649493e-06,0.20334450414887553,0.0002472411796259746,25,10,10
45,6927,0.8979551022604569,6.719610376061063e-07,0.09700787481457272,0.005036350963932508,25,10,10
45,6928,0.8026285668942356,7.135104551462443e-07,0.19686496706271317,0.0005057525325929036,25,10,10
45,6929,0.8723298909946093,8.455229919861227e-08,0.12749932886858228,0.00017069558450859908,25,10,10
45,6930,0.8990560874881236,2.865616796686651e-07,0.10093037523454408,1.3250715649833224e-05,25,10,10
45,6931,0.834005903855552,9.798556946876998e-06,0.16063928630276453,0.005345011284736673,25,10,10
45,6932,0.7777185613236957,1.7978666536191853e-06,0.17647542978447522,0.045804211025175984,25,10,10
45,6933,0.7640365650583358,1.611848804017648e-05,0.18218489893584228,0.05376241751777866,25,10,10
45,6934,0.7894870686062937,4.688557106689288e-05,0.15627752326171515,0.05418852256092074,25,10,10
45,6935,0.7622847387681587,5.228995019784674e-05,0.18324900907939537,0.054413962202247076,25,10,10
45,6936,0.7751295332967528,0.0003995045558806465,0.17058896979609603,0.053881992351268754,25,10,10
45,6937,0.7436670052525414,1.6122864746984976e-05,0.21642856518680403,0.039888306695905554,25,10,10
45,6938,0.7591308771425278,3.6609158099525123e-06,0.20124185478059795,0.03962360716106441,25,10,10
45,6939,0.7992216425956774,6.0827955995754956e-05,0.16119244029656069,0.03952508915176548,25,10,10
45,6940,0.7402993563345377,0.037382339759860946,0.18247121854697393,0.03984708535862799,25,10,10
45,6941,0.7039993775532756,0.037408744587149434,0.21837768951714673,0.0402141883424282,25,10,10
45,6942,0.7444045698309221,0.03417288411234676,0.14563256285345003,0.07578998320328113,25,10,10
45,6943,0.7281717308704665,0.03440778334109143,0.17211622962479922,0.06530425616364095,25,10,10
45,6944,0.8219782578224106,1.6383454754367437e-06,0.11267807854791721,0.0653420252841973,25,10,10
45,6945,0.8543242798211483,6.839291958455138e-07,0.06573461391879755,0.07994042233085774,25,10,10
45,6946,0.7889583647068301,3.078282542023213e-06,0.14630487261885258,0.06473368439177186,25,10,10
45,6947,0.7914261341975428,1.9306521808932778e-05,0.14631984671773224,0.06223471256291467,25,10,10
45,6948,0.8075839569492165,2.7674965705322185e-07,0.12144213860077534,0.07097362770034958,25,10,10
45,6949,0.7583859998902954,1.1755489157966475e-05,0.1344985575915837,0.10710368702896149,25,10,10
45,6950,0.7357580527612231,4.031294595233656e-07,0.14004823823230814,0.12419330587700879,25,10,10
45,6951,0.7778339339902344,1.0479769615252476e-05,0.15405640450431354,0.06809918173583579,25,10,10
45,6952,0.7237756816348728,2.031406668566603e-05,0.18122796317757395,0.09497604112086754,25,10,10
45,6953,0.7775228008769378,4.031452612301996e-05,0.1478594787142656,0.0745774058826731,25,10,10
45,6954,0.7521527550432829,3.894006724265939e-05,0.16200405064534215,0.08580425424413247,25,10,10
45,6955,0.7105540524994836,3.614346417419144e-05,0.17923879841919402,0.11017100561714877,25,10,10
45,6956,0.6982832802535913,1.0835264332729403e-05,0.21659838840640513,0.08510749607567175,25,10,10
45,6957,0.7880478916262865,4.249783187411468e-06,0.1330604609193926,0.07888739767113342,25,10,10
45,6958,0.8340983480866704,2.258004925237372e-06,0.12335713604021463,0.04254225786819114,25,10,10
45,6959,0.8401441097542055,1.5444798730036396e-06,0.15658758989155053,0.003266755874371334,25,10,10
45,6960,0.9523404071368923,1.2949777909343436e-06,0.04730738443504694,0.0003509134502700681,25,10,10
45,6961,0.8698585036269768,1.2631703301612684e-05,0.12841107010247244,0.0017177945672481204,25,10,10
45,6962,0.8320984799882514,1.376484124359798e-06,0.13598982525528805,0.0319103182723368,25,10,10
45,6963,0.8200984270868319,2.1924321470004453e-06,0.1479299709309222,0.031969409550098846,25,10,10
45,6964,0.8388850826492442,1.636715439072723e-06,0.12179170150392023,0.0393215791313952,25,10,10
45,6965,0.7499208488994246,0.007366027249564232,0.2013810402173322,0.041332083633680315,25,10,10
45,6966,0.8184964373514874,0.0006698904075370832,0.14121940387168763,0.03961426836928622,25,10,10
45,6967,0.7375671754984657,5.543378750076682e-05,0.22272665047715934,0.039650740236874295,25,10,10
45,6968,0.6957788232120226,5.992999865769391e-05,0.23094586936308176,0.07321537742623682,25,10,10
45,6969,0.8498003260740242,6.56529285708759e-07,0.08595689579239689,0.0642421216042928,25,10,10
45,6970,0.7104582809661121,2.007395281685644e-06,0.210065837651033,0.07947387398757558,25,10,10
45,6971,0.805389628765438,7.432695875815277e-08,0.11495040280175868,0.07965989410584384,25,10,10
45,6972,0.7766465153550538,1.187255765144975e-06,0.1538552022248715,0.0694970951643099,25,10,10
45,6973,0.8263439182457222,2.87221340199186e-07,0.10425162766785524,0.06940416686508086,25,10,10
45,6974,0.7306348236233664,0.00010287770792582122,0.19206634943755646,0.07719594923114931,25,10,10
45,6975,0.7293739620264771,0.00026800781501174853,0.20728788013701752,0.06307015002149202,25,10,10
45,6976,0.7900808431627503,3.563779335796841e-07,0.13469415952379626,0.07522464093551968,25,10,10
45,6977,0.7651067438635851,9.49229571801744e-07,0.1658771937123239,0.06901511319451899,25,10,10
45,6978,0.6778769155601289,1.5089448935058679e-05,0.2494325952756583,0.07267539971527619,25,10,10
45,6979,0.7738210703909744,4.113009512401155e-06,0.18508348827813226,0.04109132832138208,25,10,10
45,6980,0.8649197037267364,4.477683926900277e-06,0.09816720181389263,0.036908616775443714,25,10,10
45,6981,0.8307687718583417,2.1710517957640564e-05,0.1295045547215311,0.03970496290216965,25,10,10
45,6982,0.8320015164057682,2.864953399417926e-05,0.16754536250921903,0.000424471551015671,25,10,10
45,6983,0.9335466840438376,9.300110676747466e-06,0.0663780576402913,6.595820519476764e-05,25,10,10
45,6984,0.9277694478939597,1.4064921010050241e-05,0.07214475404590985,7.173313912075092e-05,25,10,10
45,6985,0.8882117736742188,1.511169734999928e-05,0.10942503812714888,0.0023480765012811535,25,10,10
45,6986,0.9171990513149726,0.0005589570183950458,0.08194391304336682,0.00029807862326694675,25,10,10
45,6987,0.8661683821980753,1.957164041955483e-06,0.0937765507949942,0.04005310984288672,25,10,10
45,6988,0.9045704647985388,1.3627881657641646e-05,0.0551026961812336,0.04031321113857054,25,10,10
45,6989,0.8289194881248682,9.952609478689879e-06,0.13094428874341632,0.04012627052223587,25,10,10
45,6990,0.7912466138347044,7.6076283182875815e-06,0.15041467310818973,0.0583311054287869,25,10,10
45,6991,0.7831194544069905,2.380647551058911e-05,0.1766960718715925,0.0401606672459065,25,10,10
45,6992,0.89748371607933,1.1175326698121684e-05,0.06286593123360067,0.0396391773603715,25,10,10
45,6993,0.8293880156588103,0.000510056754341299,0.13025248043897544,0.039849447147871885,25,10,10
45,6994,0.816315292920274,2.341097278662841e-05,0.1438589276335446,0.03980236847339357,25,10,10
45,6995,0.8494788885201894,1.2792252187514819e-06,0.12390403677733457,0.02661579547725604,25,10,10
45,6996,0.8012954556116076,1.7425214356473784e-06,0.16635456310104021,0.032348238765917345,25,10,10
45,6997,0.8449045003582009,9.883804017113875e-07,0.14675058434737906,0.008343926914017362,25,10,10
45,6998,0.8704488814826193,8.541737426622028e-06,0.12508719253585895,0.004455384244093915,25,10,10
45,6999,0.8794459797916274,1.5488094571659638e-05,0.1115278691179599,0.00901066299584053,25,10,10
45,7000,0.8607002775714,2.107824521040585e-05,0.13007863761018038,0.009200006573207258,25,10,10
45,7001,0.8789962635959239,4.729523973334588e-06,0.12091539218031423,8.361469978880014e-05,25,10,10
45,7002,0.8532772236616062,2.691238645242936e-05,0.14648721025035386,0.0002086537015848807,25,10,10
45,7003,0.9076051307132209,7.78522056976202e-05,0.09210725323095029,0.00020976385012921417,25,10,10
45,7004,0.8457786822972149,0.00014941647996155805,0.1512936427881189,0.002778258434702044,25,10,10
45,7005,0.7885692010574484,1.602419393516301e-05,0.21088977007458096,0.0005250046740362857,25,10,10
45,7006,0.8642727145296902,1.9256640287864778e-05,0.1354341827871334,0.00027384604288667127,25,10,10
45,7007,0.8744114200534477,1.1957101703842328e-05,0.12531081406226557,0.0002658087825815731,25,10,10
45,7008,0.8597523595542015,0.00915986506112408,0.12568476676402926,0.005403008620644966,25,10,10
45,7009,0.8514654918195442,0.00938814502824919,0.13372759357203035,0.005418769580175604,25,10,10
45,7010,0.8154757619555895,0.009387189034754074,0.17477934654162117,0.0003577024680357598,25,10,10
45,7011,0.8175057514148927,0.00023053708945552088,0.18223888733300478,2.4824162644665414e-05,25,10,10
45,7012,0.7717850693521838,0.0002316685157962399,0.22794814517493933,3.5116957082826377e-05,25,10,10
45,7013,0.7721946724571315,0.0002304640593165676,0.22747251844383606,0.0001023450397160599,25,10,10
45,7014,0.8392589280431555,9.623101818431873e-07,0.16071795634478245,2.2153301879579727e-05,25,10,10
45,7015,0.9391700180106128,8.132710020098875e-07,0.060753802178815076,7.536653956912901e-05,25,10,10
45,7016,0.9333750560282255,1.0600819438997087e-06,0.06453447009581,0.002089413794021254,25,10,10
45,7017,0.8937261761009684,1.6631726325760415e-05,0.10404776621684488,0.002209425955860882,25,10,10
45,7018,0.8334336440815546,8.441211874441448e-06,0.1665295718180284,2.8342888538946427e-05,25,10,10
45,7019,0.8051812362632531,2.1632580974142762e-05,0.17188168718406518,0.022915443971706334,25,10,10
45,7020,0.8236899363628108,1.3266992544989704e-05,0.1534731053070571,0.022823691337588103,25,10,10
45,7021,0.8575001267379148,3.2883496523358036e-05,0.13486140469023153,0.007605585075330874,25,10,10
45,7022,0.7452021518511615,2.7270255288256227e-06,0.21845832031241186,0.036336800810896144,25,10,10
45,7023,0.8470676277388758,2.316811560926508e-05,0.14998718361031899,0.002922020535194237,25,10,10
45,7024,0.8721562177725884,1.194070568603343e-05,0.11978805393799614,0.008043787583729143,25,10,10
45,7025,0.9028420031124338,1.101272674228679e-05,0.05745168718742003,0.039695296973404244,25,10,10
45,7026,0.8312388329528667,0.0007043641064855505,0.12963015803626088,0.03842664490438543,25,10,10
45,7027,0.8771727432903715,0.00038517637835026874,0.09467227662775966,0.027769803703516994,25,10,10
45,7028,0.8567310079638757,0.000414339661436373,0.10621755010049382,0.036637102274193985,25,10,10
45,7029,0.8715353000793183,2.7127881841954266e-06,0.09631404281540978,0.03214794431708611,25,10,10
45,7030,0.8579911472859242,1.3540031395068945e-06,0.10723267985438173,0.034774818856553556,25,10,10
45,7031,0.8432085812314836,1.6106096345765771e-06,0.11554216848746718,0.041247639671413594,25,10,10
45,7032,0.829069549228863,3.0427732731256754e-06,0.10614885780764763,0.06477855019021594,25,10,10
45,7033,0.8170462265137884,3.166705764919468e-06,0.11961195007380136,0.0633386567066449,25,10,10
45,7034,0.8501585698419031,5.417003088801875e-07,0.07047805862445887,0.07936282983332867,25,10,10
45,7035,0.7841791251761839,9.536323100464887e-06,0.13450092133917269,0.0813104171615414,25,10,10
45,7036,0.7421713655908946,3.246364881866555e-05,0.2157350539796749,0.04206111678061134,25,10,10
45,7037,0.8449534135322736,1.0603111848208503e-06,0.11245576637053915,0.04258975978600159,25,10,10
45,7038,0.8245203339904037,2.02245546394386e-06,0.13318643896502155,0.04229120458911049,25,10,10
45,7039,0.880583581278462,1.05246420560327e-05,0.07721308830134238,0.04219280577813969,25,10,10
45,7040,0.9177178088650131,1.0813558724301422e-05,0.042586788380246515,0.03968458919601588,25,10,10
45,7041,0.8795489453204429,2.118480008468303e-05,0.08066004383389687,0.039769826045575274,25,10,10
45,7042,0.8672329034343724,2.32429672471301e-05,0.08992558566351525,0.04281826793486352,25,10,10
45,7043,0.8593298558053151,1.2333844444310257e-05,0.10087883065892558,0.03977897969131397,25,10,10
45,7044,0.7889714376401048,4.306134558964874e-06,0.17085641752910366,0.04016783869623294,25,10,10
45,7045,0.8471584729136308,3.894610165003609e-06,0.14973008395170218,0.0031075485245024657,25,10,10
45,7046,0.8353711582316606,2.716756829308774e-06,0.1639254919298546,0.0007006330816554914,25,10,10
45,7047,0.728857410719193,2.9755322070445537e-06,0.25161535895080045,0.0195242547978028,25,10,10
45,7048,0.8044395715729701,2.3598302226436447e-06,0.1950179921402774,0.0005400764565299652,25,10,10
45,7049,0.7745310579344756,3.90797406231716e-05,0.2099942481996634,0.01543561412523945,25,10,10
45,7050,0.7586382808865476,1.674397684898445e-05,0.2283227777956477,0.01302219734094986,25,10,10
45,7051,0.8579959705330755,2.316506144029213e-05,0.1289802239719075,0.013000640433576167,25,10,10
45,7052,0.8403454707647423,1.6144155213592216e-05,0.1466329091704691,0.013005475909573983,25,10,10
45,7053,0.842894253574807,0.0003504218205802455,0.15321041692271906,0.0035449076818918324,25,10,10
45,7054,0.9274104417704908,0.0003511981224796583,0.07198385845334364,0.0002545016536860468,25,10,10
45,7055,0.942697951185177,0.0003472341809563115,0.056871908085862406,8.29065480044728e-05,25,10,10
45,7056,0.8731193727872444,0.0002539701174826268,0.12661359449509094,1.306260018086968e-05,25,10,10
45,7057,0.7598321034374742,0.00027017654881122824,0.23267535202797163,0.00722236798574263,25,10,10
45,7058,0.7030956235765413,0.00026419909615284205,0.29503783487044005,0.0016023424568616757,25,10,10
45,7059,0.6340462621036308,7.201666829321641e-06,0.33856286486715204,0.027383671362385134,25,10,10
45,7060,0.7083419438130596,1.1011859495210525e-05,0.2866941268489241,0.004952917478520664,25,10,10
45,7061,0.7365511346805685,0.021365834623150223,0.24194779202248667,0.00013523867379221788,25,10,10
45,7062,0.8062120533932408,7.199757658433072e-06,0.1921598828771783,0.0016208639719192978,25,10,10
45,7063,0.8918065125705946,2.7143467950338493e-05,0.10643775724291717,0.0017285867185373909,25,10,10
45,7064,0.8988609581338473,2.961454067104647e-05,0.10095969324597463,0.0001497340795068745,25,10,10
45,7065,0.8694798561787994,4.2592081864681675e-05,0.12786628504148276,0.002611266697851504,25,10,10
45,7066,0.8752232201192505,4.0442509869200764e-05,0.11874149079813547,0.00599484657274519,25,10,10
45,7067,0.8349098897475242,1.417487046869987e-05,0.13280518284254764,0.032270752539457326,25,10,10
45,7068,0.8948726012528272,1.3023163269871154e-05,0.06506674692539653,0.04004762865850639,25,10,10
45,7069,0.8542394106992548,0.0005972926959568466,0.142986426287935,0.0021768703168528096,25,10,10
45,7070,0.8721912200602567,2.8471388791460986e-05,0.12775293396109622,2.7374589853989595e-05,25,10,10
45,7071,0.8527201765621342,2.604867115378408e-06,0.1467426941786144,0.000534524392134922,25,10,10
45,7072,0.8803773556065384,1.2781280519027415e-05,0.11941347289386807,0.00019639021907394256,25,10,10
45,7073,0.8868047611658875,1.2467919449274312e-05,0.11221983681183108,0.0009629341028320111,25,10,10
45,7074,0.8916894759112105,1.4400068886273944e-05,0.10529227217918967,0.0030038518407120725,25,10,10
45,7075,0.8655644806631101,1.2915820196523242e-05,0.06428645170175758,0.07013615181493557,25,10,10
45,7076,0.8182122160637368,2.6816778800502497e-06,0.11146400878841088,0.07032109346997208,25,10,10
45,7077,0.7621328490806372,3.9148946744071335e-05,0.18928122141718196,0.0485467805554341,25,10,10
45,7078,0.8253182639595207,1.1099043830337654e-06,0.12682771951659602,0.047852906619500236,25,10,10
45,7079,0.8278793427326896,2.1823771523291098e-06,0.12191167536099165,0.05020679952916776,25,10,10
45,7080,0.8508845038170334,1.0704287272044086e-06,0.10763483047860717,0.041479595275631144,25,10,10
45,7081,0.8550181307958594,1.1788574451861166e-06,0.10829238644860377,0.03668830389809151,25,10,10
45,7082,0.8533405942784229,3.135765132639423e-06,0.11900934232861876,0.027646927627823503,25,10,10
45,7083,0.8326794287531536,1.1522061731129868e-06,0.13966473730326748,0.027654681737404263,25,10,10
45,7084,0.8037070711475187,9.241390327673091e-07,0.1536497664400469,0.04264223827339994,25,10,10
45,7085,0.7045933626998016,0.0002188507867676483,0.22406991856803596,0.07111786794539528,25,10,10
45,7086,0.7197999563745142,1.6415920799161635e-05,0.16948510292629745,0.1106985247783887,25,10,10
45,7087,0.7090631097025151,2.232071505347938e-05,0.19478979843688726,0.09612477114554607,25,10,10
45,7088,0.6698065348969087,0.0020562949748166377,0.24037192157669307,0.08776524855158009,25,10,10
45,7089,0.8157721883821222,9.335741793323734e-05,0.10403816460616128,0.08009628959378064,25,10,10
45,7090,0.7959380833885399,6.420215998488644e-05,0.12443231171415134,0.0795654027373242,25,10,10
45,7091,0.7637296241247763,1.5638724337766289e-06,0.12113266494989514,0.11513614705289471,25,10,10
45,7092,0.7083315894562857,1.509349832982209e-06,0.1683014619796046,0.12336543921427806,25,10,10
45,7093,0.7236285629718852,2.290169743975732e-05,0.1891416727231413,0.08720686260753384,25,10,10
45,7094,0.7356179080892106,2.067155033716375e-05,0.11588596827706592,0.14847545208338514,25,10,10
45,7095,0.7179879180359667,2.0527884173166606e-05,0.15041326880421027,0.13157828527564822,25,10,10
45,7096,0.731758997541897,2.1925563827231137e-05,0.16108302765408797,0.10713604924018724,25,10,10
45,7097,0.7726973815291602,2.019565589326613e-05,0.1301110121971883,0.09717141061775704,25,10,10
45,7098,0.7776762838827118,5.590806656803741e-07,0.11814921128433775,0.10417394575228402,25,10,10
45,7099,0.8299306400412608,7.751517351932135e-06,0.11152566802103403,0.0585359404203524,25,10,10
45,7100,0.7987045677099117,7.428776786777345e-06,0.13319998398980828,0.06808801952349028,25,10,10
45,7101,0.8224388513676314,6.846137455419059e-06,0.10061676919682468,0.076937533298087,25,10,10
45,7102,0.8138837659019978,1.6664885451912243e-05,0.13191385645742812,0.05418571275512235,25,10,10
45,7103,0.7356113045934367,2.7320984681857048e-05,0.21366845267617024,0.05069292174571003,25,10,10
45,7104,0.8464411186384133,2.789362344975806e-05,0.1200907690926476,0.033440218645489524,25,10,10
45,7105,0.8078542751802565,2.8616786870981877e-05,0.16055226998095803,0.031564838051913735,25,10,10
45,7106,0.9021362657855023,1.7594355642275925e-05,0.06680946881635184,0.031036671042504235,25,10,10
45,7107,0.8583603102085259,6.191327926473037e-07,0.11063020530601339,0.031008865352665137,25,10,10
45,7108,0.8466102601491943,6.979915499971467e-07,0.11381510425049335,0.03957393760876089,25,10,10
45,7109,0.7963675246219282,1.5797940603174745e-06,0.13449802142753284,0.06913287415647845,25,10,10
45,7110,0.7527033363260075,4.1868853516734585e-06,0.17968618315383478,0.06760629363480417,25,10,10
45,7111,0.7327344777270218,1.8837032859352368e-06,0.18883967591590076,0.0784239626537895,25,10,10
45,7112,0.6976953388857342,1.0150829821759206e-05,0.2367255235511345,0.06556898673330944,25,10,10
45,7113,0.7551985947725374,8.63398715975788e-06,0.16287497962536907,0.0819177916149337,25,10,10
45,7114,0.8003949002118246,3.295300554757571e-06,0.12003107883539645,0.07957072565222387,25,10,10
45,7115,0.7322337081091174,0.0001683045985413827,0.19473108887225515,0.07286689842008542,25,10,10
45,7116,0.7143070677735927,7.802969919644728e-05,0.18708237310377698,0.09853252942343124,25,10,10
45,7117,0.6852833807418217,0.00012049135383782216,0.21227533065852464,0.1023207972458168,25,10,10
45,7118,0.7906249030445395,8.672521799890587e-05,0.12250319335071946,0.08678517838674209,25,10,10
45,7119,0.8634088503046234,1.106552306357618e-05,0.06959474086700608,0.0669853433053075,25,10,10
45,7120,0.7598449687243555,1.4849947721125843e-05,0.12073403810323842,0.11940614322468432,25,10,10
45,7121,0.7029681584345769,1.4390148958629083e-06,0.1570257740483182,0.14000462850220896,25,10,10
45,7122,0.7669187816478051,1.8250842210628248e-06,0.12061768970420025,0.11246170356377327,25,10,10
45,7123,0.6871478972662736,2.7114455517546794e-06,0.18817957177078362,0.12466981951739203,25,10,10
45,7124,0.8076879307113926,1.7935327453072002e-05,0.10598439164565819,0.08630974231549579,25,10,10
45,7125,0.8101073197732738,1.1096913649851812e-06,0.1106997529848069,0.07919181755055248,25,10,10
45,7126,0.7325264627134342,2.0890193671468577e-05,0.1872179051613237,0.08023474193156871,25,10,10
45,7127,0.7741587843843064,3.62759644888582e-05,0.14587471092153892,0.07993022872966411,25,10,10
45,7128,0.6966578397976063,0.00018696537231570733,0.22300642524697797,0.08014876958309858,25,10,10
45,7129,0.6826414268461469,0.000200894098062367,0.23641235781724446,0.08074532123854627,25,10,10
45,7130,0.7456770807673105,0.00015378672398011394,0.15085912194200968,0.10331001056669713,25,10,10
45,7131,0.8206353692863833,1.8888301574308501e-06,0.07487837168737044,0.10448437019608962,25,10,10
45,7132,0.7946240437268643,2.615656151631455e-06,0.10427363421287414,0.10109970640410898,25,10,10
45,7133,0.8047051722900737,2.3807678196140473e-05,0.09578776816164253,0.09948325187008678,25,10,10
45,7134,0.7818018357981897,3.810649632332852e-05,0.17842720036227594,0.03973285734321376,25,10,10
45,7135,0.7841275899742154,1.260467472710434e-06,0.15853333863634889,0.05733781092196254,25,10,10
45,7136,0.7726254874942046,0.0003918160433071851,0.1537556271712825,0.07322706929120426,25,10,10
45,7137,0.7715363377059442,3.2519301185955514e-05,0.21425576562856066,0.01417537736430928,25,10,10
45,7138,0.8120377403280318,3.295130800840912e-05,0.18767506863258732,0.00025423973137053224,25,10,10
45,7139,0.9149242711265068,2.0194723014388187e-05,0.084945023575595,0.00011051057488316977,25,10,10
45,7140,0.8486607628367792,3.4303361148607764e-05,0.1510670529026853,0.00023788089938483526,25,10,10
45,7141,0.8392567217341208,1.206076777963119e-05,0.12051682583400368,0.04021439166409601,25,10,10
45,7142,0.8163081957814555,2.172672164318975e-06,0.15521271030223838,0.028476921244140946,25,10,10
45,7143,0.7744711350454356,1.6132509457394224e-07,0.18183828589352172,0.043690417735947076,25,10,10
45,7144,0.7911980118703222,5.531109011573166e-07,0.19982683074695817,0.008974604271817337,25,10,10
45,7145,0.8487899002133836,1.1034630996806433e-06,0.14222736336690267,0.008981632956612345,25,10,10
45,7146,0.8714512000409219,0.00031386488268571344,0.12540334977621856,0.0028315853001710735,25,10,10
45,7147,0.913345452286537,1.4214310853449786e-06,0.08646921963250444,0.00018390664987262746,25,10,10
45,7148,0.8333409885871466,2.733276979993162e-06,0.1664147639630254,0.00024151417284839618,25,10,10
45,7149,0.7660736768637855,5.848086662777824e-05,0.23378095799937026,8.688427021882249e-05,25,10,10
45,7150,0.8282015779248924,1.3412497486328818e-05,0.16452854735798378,0.007256462219637367,25,10,10
45,7151,0.8054727124465951,8.987610777933856e-07,0.15489324538016608,0.039633143412160995,25,10,10
45,7152,0.8549064215235502,8.690261210984009e-07,0.10557405059999621,0.039518658850332275,25,10,10
45,7153,0.8725979014086649,1.24409574308494e-06,0.08753494081437703,0.039865913681215635,25,10,10
45,7154,0.7988680789407343,1.9788026932231972e-05,0.1588084397461802,0.04230369328615243,25,10,10
45,7155,0.8197732499828884,2.0778885873680984e-05,0.13812247801776759,0.04208349311347014,25,10,10
45,7156,0.8013915323015687,1.1094672913437946e-05,0.16009447066288515,0.0385029023626333,25,10,10
45,7157,0.8359830046184187,1.0410811087025673e-05,0.12441930123077367,0.03958728333971997,25,10,10
45,7158,0.7838758095985557,2.653239619289105e-05,0.18635411187820253,0.02974354612704739,25,10,10
45,7159,0.7106419061804212,3.360954937432524e-05,0.24755701333108757,0.04176747093911934,25,10,10
45,7160,0.8400924393902401,8.701378157788852e-07,0.08479242057351533,0.0751142698984286,25,10,10
45,7161,0.7693999068267235,1.4163523929153102e-06,0.16141406869098596,0.06918460812989757,25,10,10
45,7162,0.7184984907113797,1.3547448766373333e-06,0.22564017735340935,0.055859977190333615,25,10,10
45,7163,0.7261631396028311,1.1396616707591096e-06,0.26407117748905196,0.009764543246445182,25,10,10
45,7164,0.7628123449763687,1.1141087129657895e-05,0.23322349607185802,0.003953017864647722,25,10,10
45,7165,0.8624768215701327,1.532377178085486e-05,0.12823784666876273,0.009270007989321715,25,10,10
45,7166,0.89530347857607,0.0007390547320590869,0.09552827286661104,0.00842919382525819,25,10,10
45,7167,0.846751803851931,1.2170168641832096e-05,0.10587307950681918,0.047362946472608705,25,10,10
45,7168,0.8263446458641259,9.1219202777652e-06,0.12631573717227773,0.04733049504331733,25,10,10
45,7169,0.8293998949651978,2.2403792382393754e-06,0.13081058190902342,0.03978728274653884,25,10,10
45,7170,0.8140307852275397,0.0003263380188528185,0.18326655516716428,0.0023763215864457026,25,10,10
45,7171,0.7967904278040525,0.0003273464241469201,0.20033335941800015,0.002548866353800083,25,10,10
45,7172,0.8591902728063766,2.2678380475015093e-06,0.14028616309177697,0.0005212962637982983,25,10,10
45,7173,0.862258927933892,3.94298193235476e-06,0.13764432678039248,9.280230378179571e-05,25,10,10
45,7174,0.8197366864159661,2.761212042022952e-05,0.16413898600377852,0.016096715459834446,25,10,10
45,7175,0.8565769728746588,3.991029295743406e-05,0.10143618923142583,0.04194692760095767,25,10,10
45,7176,0.8540715597268962,3.498795810463522e-05,0.10625462971600523,0.03963882259899461,25,10,10
45,7177,0.893758262922353,3.2086401496896416e-05,0.06658754229303403,0.03962210838311689,25,10,10
45,7178,0.821802793368038,3.477881244729193e-05,0.17774221478554073,0.00042021303397392085,25,10,10
45,7179,0.8523833402523014,2.7242471226531636e-05,0.14754940715239123,4.001012408033187e-05,25,10,10
45,7180,0.8884749727674975,2.52567397689568e-05,0.1114231165102732,7.665398245975473e-05,25,10,10
45,7181,0.8883788275031204,2.6082469128413825e-05,0.11130683668362164,0.0002882533441282886,25,10,10
45,7182,0.8862761963074732,2.079493140521953e-05,0.11344383678249077,0.00025917197862921184,25,10,10
45,7183,0.7936502905199293,2.420686090020091e-06,0.2058787274910817,0.0004685613029005199,25,10,10
45,7184,0.8429853676870533,1.8775446074719582e-06,0.15681471898727753,0.0001980357810607356,25,10,10
45,7185,0.8837831255373203,2.5461167650388223e-06,0.11597147426346582,0.00024285408244834213,25,10,10
45,7186,0.8852613128200376,8.608217354480988e-06,0.11441150579297611,0.00031857316963091847,25,10,10
45,7187,0.8954300956003345,1.5351794278469076e-05,0.104259517480376,0.0002950351250113544,25,10,10
45,7188,0.8902579328431922,0.0004492641323402573,0.10928146472257745,1.1338301890836067e-05,25,10,10
45,7189,0.8269991337085986,1.0247728554631065e-05,0.13324629426787263,0.03974432429497239,25,10,10
45,7190,0.8054489530174223,8.898207578425904e-06,0.1529064796876919,0.04163566908730718,25,10,10
45,7191,0.8175701093810865,4.035385901228118e-05,0.14087896561122387,0.041510571148676616,25,10,10
45,7192,0.8234631822324989,2.6274806935331786e-05,0.13681856829187292,0.0396919746686919,25,10,10
45,7193,0.7974986292493774,1.006459983637388e-05,0.16275677399325264,0.03973453215753244,25,10,10
45,7194,0.677820930793505,2.639711730935239e-06,0.31522725184559236,0.006949177649173588,25,10,10
45,7195,0.7787985347703199,0.000257498291027681,0.22062990634784424,0.0003140605908100076,25,10,10
45,7196,0.8346875052251067,0.0006569860430281846,0.16416318348306372,0.0004923252488028649,25,10,10
45,7197,0.8698805462082594,0.0006554385519947564,0.1292304670044019,0.00023354823534381196,25,10,10
45,7198,0.8337125246566588,3.138662747729534e-06,0.1656713831108831,0.0006129535697094503,25,10,10
45,7199,0.8845918949803361,7.900676085141943e-07,0.11523025466381727,0.00017706028823819833,25,10,10
45,7200,0.8618079868731067,7.5685055877408e-05,0.1380935543745373,2.2773696478055954e-05,25,10,10
45,7201,0.8784771692557024,7.426827618814096e-05,0.1212923344491958,0.0001562280189134895,25,10,10
45,7202,0.8583491098831421,1.1349901394710247e-06,0.14153815006669318,0.00011160506002517962,25,10,10
45,7203,0.8961921793371178,1.2037638077618203e-05,0.10372144788357472,7.433514122932831e-05,25,10,10
45,7204,0.8745886246230745,8.850188891788312e-05,0.12513637787505355,0.00018649561295467612,25,10,10
45,7205,0.9129231520196748,2.977117340120487e-06,0.08699594593714155,7.792492584321395e-05,25,10,10
45,7206,0.8368240057594647,1.6028225642734637e-05,0.1627934584519003,0.00036650756299274473,25,10,10
45,7207,0.9021422994925209,2.3365760237051806e-05,0.09760096301395003,0.0002333717332902572,25,10,10
45,7208,0.8843296602317942,2.1229118972240093e-05,0.11383226225876929,0.001816848390463876,25,10,10
45,7209,0.884214646578585,2.1377715227823167e-05,0.11403639170785251,0.0017275839983354618,25,10,10
45,7210,0.8076510027653288,2.35949309885404e-05,0.18748081239213144,0.004844589911549282,25,10,10
45,7211,0.8008269174929089,0.00035958701441634195,0.18752950292922344,0.01128399256344915,25,10,10
45,7212,0.825373247969922,0.00034297883581349927,0.16933925449803233,0.004944518696233004,25,10,10
45,7213,0.8637904966032456,0.0017001261233194217,0.12735515210175552,0.007154225171679071,25,10,10
45,7214,0.8808025632316105,1.3238995571139889e-05,0.11916882728274489,1.5370490072469277e-05,25,10,10
45,7215,0.867825577409469,1.3195496143269668e-05,0.13206427841575522,9.694867863120284e-05,25,10,10
45,7216,0.9099795100475955,1.2509185260879718e-05,0.08999720726086383,1.0773506278653039e-05,25,10,10
45,7217,0.9111765998974047,1.1246441664388135e-07,0.08874121966866154,8.206796951571794e-05,25,10,10
45,7218,0.8802307188365321,7.0047115742413196e-06,0.11327646322295921,0.006485813228933351,25,10,10
45,7219,0.9163874700174341,6.239992943242283e-05,0.08064923021123567,0.0029008998418972986,25,10,10
45,7220,0.9184920126866375,6.242889468319958e-05,0.081400442657893,4.5115760785512575e-05,25,10,10
45,7221,0.8326248240310774,5.6816339578906924e-05,0.16731109136437808,7.2682649649737126e-06,25,10,10
45,7222,0.8527479260993083,5.654823327891769e-05,0.14699711400062118,0.00019841166678940625,25,10,10
45,7223,0.7934467706898434,1.6612365868497014e-05,0.20640554167620773,0.00013107526807835352,25,10,10
45,7224,0.7685769189587167,4.744622582310268e-06,0.23007119818596156,0.001347138232740945,25,10,10
45,7225,0.8220375862407175,5.782982892873145e-06,0.17623620666100365,0.001720424115385674,25,10,10
45,7226,0.8575175822555972,4.698082851960136e-05,0.14235386490032328,8.157201556051697e-05,25,10,10
45,7227,0.7657613746393424,0.00011774819425866438,0.23401646203531257,0.00010441513108407878,25,10,10
45,7228,0.7971168602220695,8.75507449555637e-05,0.19713790896523034,0.005657680067742338,25,10,10
45,7229,0.912375253102728,4.3979525854481555e-05,0.0875622078199247,1.855955149276856e-05,25,10,10
45,7230,0.9184750978863084,4.25116135949054e-05,0.07855726101148287,0.0029251294886145558,25,10,10
45,7231,0.8461694041380768,4.28069843160086e-07,0.15375643293830865,7.373485377030164e-05,25,10,10
45,7232,0.9287822246885059,9.157515760402143e-07,0.043658937613789896,0.027557921946127675,25,10,10
45,7233,0.8643335059583012,1.2437875565123878e-06,0.06692207364644076,0.06874317660770113,25,10,10
45,7234,0.8061179656361501,0.00014919474683742711,0.11361567398230965,0.08011716563470353,25,10,10
45,7235,0.7894320969116593,2.52494668186067e-05,0.1939277218843797,0.016614931737142683,25,10,10
45,7236,0.7915382256113671,1.4339417212157833e-06,0.1955848277625669,0.012875512684346948,25,10,10
45,7237,0.7483853906112253,1.0716323561694639e-06,0.22605410762720438,0.025559430129215945,25,10,10
45,7238,0.6736344221219815,4.73664245248187e-06,0.3257263851133313,0.0006344561222308548,25,10,10
45,7239,0.726753426118125,3.095106737703181e-06,0.2695892030538511,0.003654275721284517,25,10,10
45,7240,0.7766112310332853,2.196265906001858e-05,0.2162807100063871,0.007086096301267177,25,10,10
45,7241,0.822796218680538,7.568033077517424e-06,0.17354851203610994,0.00364770125027465,25,10,10
45,7242,0.8017446588056677,6.1150531458595765e-06,0.19815125657888802,9.796956230027145e-05,25,10,10
45,7243,0.8484197574350822,1.4183678039378102e-05,0.14935338621177774,0.002212672675100052,25,10,10
45,7244,0.7698935906981039,1.0060760634801913e-05,0.2272541016065803,0.002842246934679014,25,10,10
45,7245,0.8290630701911158,3.7195268247223133e-06,0.16878164952164268,0.0021515607604189724,25,10,10
45,7246,0.8586652108942466,2.9705190532030374e-06,0.13911261435884786,0.002219204227853243,25,10,10
45,7247,0.8604808905435051,2.7726729365476515e-06,0.1373672559323105,0.0021490808512479613,25,10,10
45,7248,0.9019007161889059,9.894643275208377e-06,0.09779980053759944,0.0002895886302198188,25,10,10
45,7249,0.8901507338522552,3.023533295557872e-06,0.1094459699172634,0.0004002726971869227,25,10,10
45,7250,0.8491709730049197,5.419928389334693e-07,0.08804974650986082,0.06277873849238079,25,10,10
45,7251,0.8736329339627191,1.2037872965817243e-06,0.08987000616408324,0.03649585608590091,25,10,10
45,7252,0.8446998767920364,1.3704099593186772e-05,0.11557559518963435,0.03971082391873625,25,10,10
45,7253,0.8020103994899651,0.0002876814049607656,0.17026149455014228,0.027440424554931137,25,10,10
45,7254,0.7498027934866497,4.98452075442962e-06,0.2104814180055903,0.03971080398700608,25,10,10
45,7255,0.7795758235758649,1.566992256426934e-05,0.1917194670693944,0.028689039432176613,25,10,10
45,7256,0.889456646291869,1.0996865815607084e-05,0.10402619170255806,0.0065061651397565375,25,10,10
45,7257,0.9071523799591783,9.268764317610953e-06,0.09283138571123464,6.9655652692313585e-06,25,10,10
45,7258,0.9138918432958287,1.10338906688049e-05,0.07986010123082626,0.006237021582676366,25,10,10
45,7259,0.8854826269113599,3.3685959635121937e-06,0.10499491286500902,0.009519091627668546,25,10,10
45,7260,0.8539299864219587,1.7528085582098702e-05,0.1441885834928851,0.0018639019995731732,25,10,10
45,7261,0.9230145741980745,1.6712604761146186e-06,0.07540530275696943,0.0015784517844796646,25,10,10
45,7262,0.8678107979846145,9.800120622060757e-06,0.1305590925221243,0.0016203093726392048,25,10,10
45,7263,0.8585413452170444,1.6333804391266782e-06,0.13974864325373854,0.001708378148778378,25,10,10
45,7264,0.8837197246530374,9.66170159747123e-07,0.1146355585858778,0.0016437505909248145,25,10,10
45,7265,0.7693500669557953,7.971939253259283e-05,0.23033565099734424,0.00023456265432852705,25,10,10
45,7266,0.7904004940154479,0.003626884380779246,0.2055933034121619,0.00037931819160837545,25,10,10
45,7267,0.84138930532961,7.11520269828461e-05,0.1577896547935924,0.0007498878498139311,25,10,10
45,7268,0.8245813765405241,0.0017466069581991497,0.17351381178756953,0.00015820471370690803,25,10,10
45,7269,0.8138151526759602,0.0002726641293231686,0.18577705030111658,0.00013513289359988546,25,10,10
45,7270,0.7129683050771277,0.0006042632094096661,0.2857150054987078,0.0007124262147572165,25,10,10
45,7271,0.7413843086059526,4.383121284113139e-05,0.25778135285796444,0.0007905073232398161,25,10,10
45,7272,0.8670282641926558,9.688515889183733e-07,0.13229509739083445,0.0006756695649200986,25,10,10
45,7273,0.8557299311223338,1.5491538107737115e-06,0.14347730315896795,0.0007912165648878032,25,10,10
45,7274,0.8020085487142781,8.624040374561485e-07,0.16839085599411052,0.029599732887573,25,10,10
45,7275,0.7909264172815189,1.0294301285296321e-05,0.16868632730906402,0.04037696110813117,25,10,10
45,7276,0.79621371052648,1.2978575167432252e-06,0.16425729605841227,0.03952769555758832,25,10,10
45,7277,0.7441792909677106,1.0367576242140238e-05,0.21596225893392923,0.03984808252211947,25,10,10
45,7278,0.8058694928224831,2.8373177661932167e-05,0.1540778817000768,0.04002425229977747,25,10,10
45,7279,0.8353374812159535,2.267923597810325e-05,0.12463929151072853,0.0400005480373387,25,10,10
45,7280,0.8626244220472116,3.7305637511181435e-05,0.09756055240176059,0.03977771991351635,25,10,10
45,7281,0.7678031175551376,3.9436152175636675e-05,0.19513849901290561,0.0370189472797791,25,10,10
45,7282,0.8478718111868976,3.687977704331489e-05,0.11190176065501589,0.04018954838104217,25,10,10
45,7283,0.7223278898544501,7.337352621617685e-05,0.23746923001506665,0.04012950660426513,25,10,10
45,7284,0.7539830843182436,9.320396608671691e-05,0.24119536767973046,0.004728344035938175,25,10,10
45,7285,0.937049118190796,2.718381325998819e-05,0.05949738010937801,0.003426317886565843,25,10,10
45,7286,0.8861382345108889,1.9763023088648513e-05,0.11382961589155284,1.238657447040922e-05,25,10,10
45,7287,0.9137041967544737,8.446863772795679e-06,0.04652757965710558,0.03975977672464794,25,10,10
45,7288,0.8484690133195185,2.314946155588088e-05,0.10892953375491828,0.04257830346400618,25,10,10
45,7289,0.8473634335426941,2.6490889824274355e-06,0.11310233541560516,0.03953158195271862,25,10,10
45,7290,0.9045473571055905,3.5318632779442846e-07,0.06914522263121682,0.026307067076864574,25,10,10
45,7291,0.89287673563989,4.8019330617903776e-06,0.0781894601853999,0.02892900224164841,25,10,10
45,7292,0.867931170107088,1.903191593534877e-05,0.10374662618619687,0.028303171790780207,25,10,10
45,7293,0.8739037622608334,6.611987740320737e-06,0.0859750361150388,0.040114589636387574,25,10,10
45,7294,0.8420620523623135,3.283612257072473e-05,0.10612292760345227,0.05178218391166173,25,10,10
45,7295,0.8389079797791755,1.2934463462359272e-06,0.11851073440898707,0.042579992365491835,25,10,10
45,7296,0.8696344612993114,1.516160935079158e-06,0.08751790498728376,0.042846117552469795,25,10,10
45,7297,0.8242077343665838,5.83907309381519e-07,0.13289104739553617,0.04290063433057027,25,10,10
45,7298,0.8228279327759636,9.024476671418552e-07,0.14041534540484044,0.036755819371528345,25,10,10
45,7299,0.7998464597401476,1.572239455685123e-06,0.15152019834702204,0.04863176967337469,25,10,10
45,7300,0.8293492688357392,2.445053191342452e-05,0.13398951740061066,0.036636763231737535,25,10,10
45,7301,0.8286603430571947,4.108471751607341e-05,0.1573630476497211,0.013935524575565017,25,10,10
45,7302,0.8068609705556345,1.8813762098781754e-05,0.18504661794162938,0.008073597740636545,25,10,10
45,7303,0.7748426813446355,1.7292462368234882e-05,0.21757703634613074,0.007562989846865509,25,10,10
45,7304,0.7266106837815393,0.011357312759062217,0.25435361098056025,0.007678392478839585,25,10,10
45,7305,0.8300499559594303,0.009476269428319455,0.15135816941724278,0.009115605195007394,25,10,10
45,7306,0.8756737726563985,0.001749405845008077,0.11912018028302514,0.0034566412155686743,25,10,10
45,7307,0.8698673278010932,0.00051389115008474,0.1269182042237214,0.002700576825098063,25,10,10
45,7308,0.8546228846777986,2.9540112376122142e-06,0.14236165001226841,0.0030125112986945624,25,10,10
45,7309,0.8204942760754586,0.00028352366693425754,0.17376386959956774,0.005458330658041487,25,10,10
45,7310,0.8153456926680264,1.410886444393697e-05,0.1815707591521949,0.0030694393153360296,25,10,10
45,7311,0.8007926754603036,2.7041205972784847e-06,0.1991508708121764,5.374960692358054e-05,25,10,10
45,7312,0.8206179836889277,0.00029362972275525647,0.1776670742004046,0.0014213123879119913,25,10,10
45,7313,0.8289105428127311,0.0003318924348259073,0.16760800294765613,0.0031495618047861296,25,10,10
45,7314,0.8046190208280259,0.0002952034389232599,0.18791455495939322,0.007171220773655403,25,10,10
45,7315,0.7770647645216028,0.00019282498231587737,0.22135493645057874,0.0013874740455013614,25,10,10
45,7316,0.8955016385719654,2.304102363411552e-05,0.10434492137336786,0.00013039903103168206,25,10,10
45,7317,0.8875990376599066,1.844844513134374e-05,0.1122289806749892,0.00015353321997248442,25,10,10
45,7318,0.8805520374868763,1.8508578377159567e-05,0.11864029083087611,0.0007891631038710875,25,10,10
45,7319,0.821738588570964,0.0002906964710092848,0.14406842636620498,0.033902288591822774,25,10,10
45,7320,0.8299927777093054,0.00048659347723784024,0.1275756286679461,0.04194500014551077,25,10,10
45,7321,0.8625109983728394,0.0002753675477449747,0.12310817515144654,0.014105458927968098,25,10,10
45,7322,0.747143128030449,8.876421469556135e-07,0.2107483955500871,0.042107588777317614,25,10,10
45,7323,0.7720136617353706,1.3866579286303346e-05,0.18763772541362364,0.04033474627171816,25,10,10
45,7324,0.8456925907310476,0.00010091265403233586,0.11058344586628735,0.043623050748631285,25,10,10
45,7325,0.782567048718573,0.00011006242137927905,0.1748099452908176,0.04251294356923009,25,10,10
45,7326,0.8114891501797367,1.5159466338711043e-05,0.14828403408991042,0.040211656264014434,25,10,10
45,7327,0.8283475590819931,1.7510797467013472e-05,0.1350417681782351,0.03659316194230456,25,10,10
45,7328,0.8809633866417212,0.0002297753543852668,0.079024791160791,0.03978204684310204,25,10,10
45,7329,0.8728307141782536,7.250262279993013e-07,0.0855637441633125,0.04160481663220476,25,10,10
45,7330,0.8763344344018879,7.299995749617814e-05,0.08384971151160896,0.03974285412900712,25,10,10
45,7331,0.8300781177717905,0.00029172550927986096,0.1297006324803812,0.03992952423854756,25,10,10
45,7332,0.8228403784167162,5.398700598600863e-05,0.1450972615120398,0.03200837306525593,25,10,10
45,7333,0.7652836314439051,3.7981194412535605e-05,0.20270042243655859,0.031977964925124364,25,10,10
45,7334,0.8348062347693244,2.0252761493076675e-06,0.13324333381685988,0.03194840613766629,25,10,10
45,7335,0.7991532777258228,6.267849537721195e-05,0.16341701308930986,0.03736703068948829,25,10,10
45,7336,0.785508273999035,7.208206405040791e-05,0.16284213779988627,0.05157750613702678,25,10,10
45,7337,0.7757645028645416,8.147660343805651e-06,0.18406009658893865,0.04016725288617529,25,10,10
45,7338,0.7750671019007299,1.1178000256259275e-05,0.18229991114727417,0.04262180895173803,25,10,10
45,7339,0.8328399242789835,1.0918434803156888e-05,0.12543973652788995,0.04170942075832263,25,10,10
45,7340,0.8471414607492084,1.2215570743081144e-05,0.11272371426111359,0.040122609418935064,25,10,10
45,7341,0.8194420465485819,1.3284305639359906e-05,0.14052100113656038,0.040023668009218465,25,10,10
45,7342,0.8528562170553056,1.0765432199192187e-05,0.10599392974559954,0.04113908776689461,25,10,10
45,7343,0.8414831228744543,4.854470872749154e-07,0.11056867862978466,0.047947713048672645,25,10,10
45,7344,0.8555487415777635,1.2160930166964635e-06,0.09695829908389747,0.0474917432453219,25,10,10
45,7345,0.8082183879082546,1.6794836086444278e-06,0.14191072542093944,0.049869207187196576,25,10,10
45,7346,0.8160529945054121,1.5618192577917671e-06,0.13817715513745235,0.045768288537877025,25,10,10
45,7347,0.8423396522456703,1.0585092221261803e-06,0.14767366719334954,0.009985622051757325,25,10,10
45,7348,0.8828122624907518,1.899461364826822e-06,0.07683346829692077,0.04035236975096236,25,10,10
45,7349,0.7654089938447035,4.897044254941358e-05,0.15048746035322932,0.08405457535951671,25,10,10
45,7350,0.7869984273402659,5.6889952034425236e-05,0.16860214201070328,0.0443425406969953,25,10,10
45,7351,0.7102834605326447,9.03908358839336e-06,0.24539807419159182,0.04430942619217831,25,10,10
45,7352,0.6980303295677078,1.6109847196921474e-05,0.2619561445876542,0.03999741599744177,25,10,10
45,7353,0.7478280569979318,2.083749195127623e-05,0.22477356966657908,0.027377535843536735,25,10,10
45,7354,0.775985900726474,2.495206007555033e-06,0.19672907407657608,0.027282529990943844,25,10,10
45,7355,0.7741199091763256,1.8760710394728482e-05,0.19826468615908455,0.027596643954192843,25,10,10
45,7356,0.688314493869719,3.901085885407042e-06,0.2803755781850865,0.03130602685931009,25,10,10
45,7357,0.8195443191231001,1.0709074136303794e-05,0.14069968019721307,0.03974529160555082,25,10,10
45,7358,0.8389993636327278,4.9858360794008984e-05,0.1367427875114064,0.024207990495071247,25,10,10
45,7359,0.7967600326606772,6.498422859213181e-05,0.15162729467097186,0.05154768843975676,25,10,10
45,7360,0.7870908186616355,0.0016677607195614292,0.16311729880286996,0.04812412181593482,25,10,10
45,7361,0.7312711673195642,0.0016783792221106266,0.2168012436261232,0.05024920983220109,25,10,10
45,7362,0.8357680441412466,3.797704151407651e-05,0.12151790824129517,0.04267607057594445,25,10,10
45,7363,0.8115345852100623,1.842176570643844e-06,0.14824170191418073,0.040221870699185744,25,10,10
45,7364,0.8872349918622122,1.0713891872419497e-06,0.0731674721810349,0.03959646456756619,25,10,10
45,7365,0.870451432254667,7.67664123773055e-06,0.08976099000276534,0.03977990110133046,25,10,10
45,7366,0.8591065557843791,3.352997172654034e-06,0.10114650369025104,0.03974358752819678,25,10,10
45,7367,0.8684510106553318,1.5034725597598323e-05,0.09179784431739535,0.03973611030167468,25,10,10
45,7368,0.8713964706519144,1.4718100477530025e-06,0.09568203343337038,0.032920024104665886,25,10,10
45,7369,0.8786240463674794,2.3685773551343678e-05,0.08127013472026384,0.04008213313870496,25,10,10
45,7370,0.8550262554279335,0.0013076662579675523,0.10318207482543246,0.04048400348866548,25,10,10
45,7371,0.8201808783434161,0.0013200762686619097,0.13758593095866603,0.04091311442925513,25,10,10
45,7372,0.7966821467983626,0.001332990908219255,0.1613445037060523,0.0406403585873632,25,10,10
45,7373,0.7886220708674939,0.0018442201212567249,0.18014349268389573,0.029390216327351205,25,10,10
45,7374,0.7986151717806149,0.0013595959902175786,0.17078393745289444,0.029241294776269994,25,10,10
45,7375,0.786264911022591,1.2367235035147363e-05,0.18455769166200875,0.02916503008036407,25,10,10
45,7376,0.7950156808558678,3.3531453846640736e-07,0.1608247193780658,0.04415926445152863,25,10,10
45,7377,0.8364332445193748,1.5413179145058637e-05,0.1233393462193581,0.04021199608212198,25,10,10
45,7378,0.7647268232698687,8.449270903853987e-07,0.19513648764244507,0.04013584416059639,25,10,10
45,7379,0.8647899938793809,2.3697761541977891e-07,0.09547081287380509,0.039738956269199696,25,10,10
45,7380,0.747618053818152,4.5190805823566545e-05,0.21256000649425574,0.039776748881769845,25,10,10
45,7381,0.7770639860281028,1.8313011465087146e-05,0.19519108949760713,0.027726611462826383,25,10,10
45,7382,0.7802473149013608,3.669586191638985e-05,0.1802969026230085,0.03941908661371435,25,10,10
45,7383,0.843481221490984,4.213723425113903e-06,0.1564594638008145,5.510098477556307e-05,25,10,10
45,7384,0.8486899883703716,1.2820498146942693e-05,0.1512761233898882,2.1067741592387197e-05,25,10,10
45,7385,0.7847409313137759,6.859337421013037e-05,0.21480391584788713,0.00038655946412677317,25,10,10
45,7386,0.7909431368251858,7.750350888963893e-05,0.20889982668381146,7.953298211353238e-05,25,10,10
45,7387,0.704333701692742,0.0003704307125001365,0.2942860189813419,0.0010098486134160355,25,10,10
45,7388,0.8127774040406045,0.000306585164531881,0.18679603493324978,0.00011997586161285482,25,10,10
45,7389,0.8588393135444528,5.107888192262872e-06,0.1409692025807816,0.00018637598657216393,25,10,10
45,7390,0.8463435915825862,1.8545787565342017e-06,0.1534619705378987,0.00019258330075913856,25,10,10
45,7391,0.8405156415506894,1.418382340395959e-06,0.15946064917471406,2.2290892257672144e-05,25,10,10
45,7392,0.8822041348010731,5.98499691504031e-05,0.11765312275862191,8.289247115442585e-05,25,10,10
45,7393,0.8806113875871533,7.163625080915548e-05,0.11918384767032786,0.00013312849170869217,25,10,10
45,7394,0.8593658855420081,0.0028926081459269056,0.13772436894587214,1.7137366193501356e-05,25,10,10
45,7395,0.9212274100359494,6.234812874370075e-07,0.07875750487948961,1.4461603272103389e-05,25,10,10
45,7396,0.922064515256061,1.8920190093760315e-06,0.07791845999716275,1.5132727766831818e-05,25,10,10
45,7397,0.9157685766295051,7.610160775527417e-07,0.07849401431762386,0.005736648036794399,25,10,10
45,7398,0.8258139110205758,1.6415999957132337e-05,0.17414500219115658,2.4670788312707266e-05,25,10,10
45,7399,0.7493948922988061,1.7080486568892005e-05,0.24929605666247942,0.0012919705521476901,25,10,10
45,7400,0.7850723832969758,8.018690015752517e-06,0.21162766540817352,0.0032919326048350193,25,10,10
45,7401,0.8218843993773439,1.207140030691178e-07,0.1775893474430481,0.0005261324656022906,25,10,10
45,7402,0.85165679764386,1.2523061951175089e-06,0.14819385721580786,0.00014809283413589014,25,10,10
45,7403,0.8651750384559921,3.461814911072369e-05,0.13471442438104794,7.591901384908468e-05,25,10,10
45,7404,0.8492229739767622,3.758498046211178e-05,0.15030835270322765,0.0004310883395506454,25,10,10
45,7405,0.8249244275967494,4.9924667594160154e-06,0.17452367999346122,0.0005468999430272514,25,10,10
45,7406,0.7697296344916148,7.215475136680989e-06,0.19190366839564071,0.03835948163760814,25,10,10
45,7407,0.8602493868731432,6.207126707471483e-06,0.10004942020191762,0.03969498579822941,25,10,10
45,7408,0.8808546930589657,2.5689502981211685e-05,0.07942349243366807,0.03969612500438543,25,10,10
45,7409,0.8211606322981201,5.310622944090392e-06,0.13604237778040132,0.04279167929853403,25,10,10
45,7410,0.6715604459443292,3.94565013190364e-06,0.282743817701334,0.04569179070420414,25,10,10
45,7411,0.7136687611163798,6.855219453937763e-05,0.24662212196724037,0.0396405647218383,25,10,10
45,7412,0.8036273948226714,6.924471289941695e-05,0.15665974374378852,0.03964361672063897,25,10,10
45,7413,0.7970042307845051,1.0607559599216306e-05,0.1630306942897552,0.03995446736613911,25,10,10
45,7414,0.7573290192409307,8.347839949250252e-05,0.2025424754636928,0.040045026895883726,25,10,10
45,7415,0.7867108234274961,1.7785199559312075e-05,0.17346763255297767,0.03980375881996415,25,10,10
45,7416,0.8123246936006858,1.1388442281124037e-05,0.14804690233208948,0.039617015624943144,25,10,10
45,7417,0.8250598666161264,3.995808545660291e-05,0.13491031171550205,0.03998986358291326,25,10,10
45,7418,0.8766208346534671,5.292335805161264e-07,0.0868540491062319,0.03652458700672103,25,10,10
45,7419,0.8874933532930888,1.3408503270842331e-05,0.07309566794559957,0.039397570258040214,25,10,10
45,7420,0.8235692630969953,2.0583789318497858e-06,0.10837745454916815,0.06805122397490375,25,10,10
45,7421,0.7836903700685288,3.433155749251285e-05,0.14014928529444567,0.07612601307953179,25,10,10
45,7422,0.8649965613368855,1.9375912170398768e-05,0.055287814024385644,0.07969624872655837,25,10,10
45,7423,0.8949060542829846,1.9483855309273554e-05,0.06540084224020566,0.03967361962150044,25,10,10
45,7424,0.8583265515756981,2.5329067984888116e-05,0.1400601040830988,0.0015880152732160088,25,10,10
45,7425,0.8252634811910672,2.923553721148508e-05,0.17455281803588185,0.0001544652358392002,25,10,10
45,7426,0.8265281317040916,8.519758767548643e-07,0.17296119268884813,0.0005098236311844917,25,10,10
45,7427,0.8237736346728177,0.00039286868023799407,0.1754104449628789,0.0004230516840631287,25,10,10
45,7428,0.7893473347773019,7.884062170090694e-05,0.20953178757873828,0.0010420370222611426,25,10,10
45,7429,0.8967754430052287,2.3018758276572922e-05,0.10300220433861972,0.00019933389787315267,25,10,10
45,7430,0.8797850182933378,6.130712193789656e-07,0.11973341736129932,0.0004809512741436652,25,10,10
45,7431,0.8086488681226497,0.0001657274437011139,0.19083077597087653,0.0003546284627700025,25,10,10
45,7432,0.838314720957129,0.00010641384165414265,0.16153382915527273,4.5036045941672945e-05,25,10,10
45,7433,0.8520322740956549,0.00011718437520045829,0.14733713918128363,0.0005134023478616293,25,10,10
45,7434,0.8767553193536408,0.00011194823620685806,0.12299568429451391,0.00013704811563750716,25,10,10
45,7435,0.9311936426964038,1.6750769747582459e-06,0.0686175961875647,0.00018708603905694807,25,10,10
45,7436,0.8680303617826419,1.6048719301762819e-06,0.13141873944377228,0.0005492939016530832,25,10,10
45,7437,0.8431871143369359,3.1009343276078706e-05,0.156237180711502,0.0005446956082871663,25,10,10
45,7438,0.8799463689607124,2.2451641873202436e-05,0.07984890568274147,0.04018227371467381,25,10,10
45,7439,0.8520007626726247,0.00017847040670241842,0.10776015750010774,0.04006060942056369,25,10,10
45,7440,0.7687480401501628,1.838305044976887e-05,0.1914674815774892,0.03976609522189618,25,10,10
45,7441,0.8055123621306529,1.938164938586453e-05,0.15249509982059808,0.04197315639936284,25,10,10
45,7442,0.7999159629876894,2.868358412530654e-05,0.12860967596111675,0.07144567746706769,25,10,10
45,7443,0.815022554489332,1.5134324040352691e-05,0.11740507389478065,0.06755723729184511,25,10,10
45,7444,0.8157710593606978,2.8507711728113837e-07,0.10677056686735495,0.0774580886948304,25,10,10
45,7445,0.7814236467747567,8.038056390085819e-07,0.13770629259502506,0.0808692568245805,25,10,10
45,7446,0.8251853516185957,8.894885461068738e-06,0.09138491189738668,0.08342084159855695,25,10,10
45,7447,0.7851740006843663,0.0006878498592302497,0.16357990927645677,0.050558240179947346,25,10,10
45,7448,0.790077454492957,0.0024835419585476446,0.16774903292173174,0.03968997062676504,25,10,10
45,7449,0.8005814496115837,0.0018645888770150677,0.1573387491873568,0.0402152123240442,25,10,10
45,7450,0.7642951930413541,1.510239020676356e-06,0.19581842905198432,0.03988486766764134,25,10,10
45,7451,0.7195966978001235,0.0005066671108675028,0.2399720755752269,0.03992455951377793,25,10,10
45,7452,0.7538690986905519,0.0004996222712543841,0.20854465930809635,0.03708661973009573,25,10,10
45,7453,0.831560827037178,9.964022295277155e-07,0.13393046816728274,0.03450770839330831,25,10,10
45,7454,0.8083443685129977,1.4541674711148302e-05,0.15167497844364905,0.03996611136863909,25,10,10
45,7455,0.8691316539743994,4.0208575675371425e-07,0.10137984988856602,0.029488094051277582,25,10,10
45,7456,0.8839976250163005,4.7692526106864356e-05,0.11112624277733824,0.004828439680252506,25,10,10
45,7457,0.8736144075937794,0.00034913245154209494,0.11572830544337971,0.010308154511298195,25,10,10
45,7458,0.8512130994961821,2.6111605172894986e-05,0.13996183530397768,0.00879895359466466,25,10,10
45,7459,0.89820987206732,0.00036859378075696837,0.1013757128282054,4.582132371522943e-05,25,10,10
45,7460,0.7921866809026529,1.0897772141481945e-05,0.20193966001027333,0.005862761314929794,25,10,10
45,7461,0.8306091941613378,1.3563023689145157e-05,0.16761426950889663,0.0017629733060758365,25,10,10
45,7462,0.8828428651755812,0.0004294245504381805,0.11650187937393848,0.0002258309000411266,25,10,10
45,7463,0.8943807730829474,1.5025450721549514e-06,0.10540468002808036,0.00021304434389973645,25,10,10
45,7464,0.8581456782195747,6.975399489128132e-06,0.14122380190950862,0.0006235444714256398,25,10,10
45,7465,0.8933746836307398,1.1770045538665177e-06,0.10647332884155693,0.00015081052314710853,25,10,10
45,7466,0.87730624690681,4.2424154171015155e-07,0.12262194946099042,7.137939065703626e-05,25,10,10
45,7467,0.8481483103649821,9.495312821906035e-06,0.11023007801017283,0.04161211631202178,25,10,10
45,7468,0.8431854793329598,0.0003284146860290297,0.11483068564036694,0.041655420340642346,25,10,10
45,7469,0.8468740729867505,0.00032820215998648395,0.11148723410588059,0.04131049074738214,25,10,10
45,7470,0.8572976127258752,0.0007565883114422613,0.10221930864058405,0.03972649032209777,25,10,10
45,7471,0.8380330018490344,0.0003278854831914185,0.12196042856285004,0.0396786841049226,25,10,10
45,7472,0.8236240673396541,0.00033744156947774074,0.12989133542402237,0.04614715566684493,25,10,10
45,7473,0.7894469058627656,1.193863102428612e-05,0.16773850220840703,0.042802653297802945,25,10,10
45,7474,0.8593064262138226,5.06736035578746e-05,0.10064967712276687,0.03999322305985156,25,10,10
45,7475,0.861164812458298,1.0722352529476807e-05,0.13659414082042004,0.002230324368749897,25,10,10
45,7476,0.7894159574910631,1.0920993568985318e-05,0.21018554900678157,0.00038757250858433365,25,10,10
45,7477,0.7451231399497806,1.130832069658075e-05,0.21465340661326515,0.04021214511625535,25,10,10
45,7478,0.7879701060633805,1.0108077603292126e-05,0.17175119990439247,0.0402685859546239,25,10,10
45,7479,0.783451991869644,5.977458101015234e-06,0.18972512572451222,0.026816904947746002,25,10,10
45,7480,0.7126627995126248,1.4977749840318338e-06,0.2113473026668378,0.07598840004555346,25,10,10
45,7481,0.7739151643596623,0.008557246065735274,0.1761026302917021,0.04142495928289934,25,10,10
45,7482,0.850683181361877,0.008565710663352459,0.1359715700740477,0.004779537900723201,25,10,10
45,7483,0.923576249534602,0.008554196926367906,0.06785075364973987,1.8799889290626314e-05,25,10,10
45,7484,0.8497203339586705,0.008829756160232499,0.14141975046540647,3.015941568937679e-05,25,10,10
45,7485,0.8772079359181171,4.282562025643975e-05,0.1225269663793123,0.0002222720823105355,25,10,10
45,7486,0.9009606443699191,7.182785807795397e-06,0.09902101797554531,1.1154868725247185e-05,25,10,10
45,7487,0.8877830634366463,2.7793224911461688e-05,0.11177321597559654,0.0004159273628426005,25,10,10
45,7488,0.8666697684520454,5.257579887424549e-05,0.13319340493504384,8.425081403623703e-05,25,10,10
45,7489,0.8831423132964464,6.363156287589605e-05,0.11641867499425845,0.0003753801464192431,25,10,10
45,7490,0.8367803360257376,7.796267216146655e-05,0.1628420454699779,0.00029965583212055526,25,10,10
45,7491,0.7936729752528136,3.4930194858681636e-06,0.20557135588402695,0.0007521758436733146,25,10,10
45,7492,0.8864993884775165,2.5104270110655218e-06,0.11342921005415964,6.889104131310439e-05,25,10,10
45,7493,0.7721438582725869,1.6535433311482178e-05,0.2277800126796026,5.959361449495811e-05,25,10,10
45,7494,0.8883960421637309,1.0552896331843932e-06,0.11149656294485022,0.00010633960178468221,25,10,10
45,7495,0.9564564437358827,1.1234371852155906e-06,0.043435126151700996,0.00010730667523150174,25,10,10
45,7496,0.9568079104444007,7.252288613380939e-06,0.043182824448884584,2.012818101456148e-06,25,10,10
45,7497,0.9159391616031719,1.1704231351866206e-05,0.08401416616534264,3.496800013327233e-05,25,10,10
45,7498,0.8643381411441088,6.345847899479446e-07,0.13536361965593094,0.00029760461517003983,25,10,10
45,7499,0.8644672365345287,5.80122548751936e-07,0.13539664143096775,0.00013554191195416592,25,10,10
45,7500,0.8376300766320334,7.303794265460973e-06,0.15222764431455071,0.010134975259149186,25,10,10
45,7501,0.8433656289598965,1.206259746136707e-05,0.15587005283762298,0.0007522556050158636,25,10,10
45,7502,0.8485045754372535,3.064088935638574e-05,0.143052975988705,0.008411807684685945,25,10,10
45,7503,0.8194343049714583,1.055894864630331e-06,0.18013721796776597,0.00042742116591025644,25,10,10
45,7504,0.8076016771257977,1.4471111486044618e-07,0.18072564164459476,0.011672536518492847,25,10,10
45,7505,0.8373437532352029,2.3714029559839318e-05,0.13564319066377045,0.02698934207146583,25,10,10
45,7506,0.8281144030686955,3.211902745360782e-05,0.1378608370948227,0.033992640809028446,25,10,10
45,7507,0.8085130101668498,3.261707889926939e-05,0.16219044251735895,0.029263930236892124,25,10,10
45,7508,0.8393029863057865,7.65193769567665e-06,0.13156400464164442,0.0291253571148726,25,10,10
45,7509,0.7432903552000699,2.0239224435781487e-05,0.1553602643361848,0.10132914123930867,25,10,10
45,7510,0.7713173996003292,6.977046851625669e-05,0.11452103485498563,0.11409179507616851,25,10,10
45,7511,0.692033261072837,1.5137881433714334e-06,0.19293670100177757,0.11502852413723985,25,10,10
45,7512,0.7678652883194808,1.653854708814089e-06,0.12759934163096795,0.10453371619484325,25,10,10
45,7513,0.7525729992335741,2.085574641327958e-06,0.1277231522315308,0.11970176296025378,25,10,10
45,7514,0.8079832571375417,1.39010855105428e-06,0.1515600217896746,0.04045533096423129,25,10,10
45,7515,0.7961586775198408,0.0007526386486153816,0.1432473431684372,0.05984134066310537,25,10,10
45,7516,0.8075511669165684,0.0004391824312015479,0.1358305477805049,0.05617910287172438,25,10,10
45,7517,0.8110752587146629,1.9417416054484956e-05,0.11241298106454199,0.07649234280473971,25,10,10
45,7518,0.8599895369155653,1.496374552133745e-06,0.06046033974131123,0.07954862696857133,25,10,10
45,7519,0.7609711913237569,0.0002594089468092314,0.1591889608521787,0.07958043887725505,25,10,10
45,7520,0.8418121441737522,1.094147575084519e-07,0.07849335099157269,0.07969439541991832,25,10,10
45,7521,0.8162540228354044,1.0021504740852947e-05,0.10402670281999486,0.07970925283985825,25,10,10
45,7522,0.7865543769694677,0.0003562531579251507,0.13639392522830257,0.0766954446443036,25,10,10
45,7523,0.7958071009453971,2.0669232655573434e-05,0.1598797164195757,0.04429251340236991,25,10,10
45,7524,0.8445452987949474,4.324788036565393e-05,0.11553846627536139,0.03987298704932408,25,10,10
45,7525,0.8393824729732633,2.5025632348387278e-05,0.12072872460697377,0.03986377678741504,25,10,10
45,7526,0.8626331847244159,1.7986523178804257e-06,0.09367776784312692,0.04368724878013975,25,10,10
45,7527,0.8333860093895555,1.6763397551598254e-06,0.1263389890010493,0.04027332526963989,25,10,10
45,7528,0.8600859164728212,3.430997677579943e-05,0.13202664377881684,0.007853129771586278,25,10,10
45,7529,0.8591062346596563,0.000475051774237637,0.1403487086728618,7.000489324465426e-05,25,10,10
45,7530,0.903963890605057,0.0004630574450459903,0.09555890492140738,1.4147028490134472e-05,25,10,10
45,7531,0.8875709920984434,9.490361920211065e-07,0.1115014863868711,0.0009265724784948384,25,10,10
45,7532,0.8603153619796644,3.3179095971099606e-06,0.13966239857743612,1.8921533301887288e-05,25,10,10
45,7533,0.8550010585393101,2.3987987580100472e-06,0.14469915290192115,0.00029738976000901325,25,10,10
45,7534,0.9144049776213566,8.317944193412117e-08,0.08113000192377028,0.004464937275430666,25,10,10
45,7535,0.8066773813487228,1.6324123324853618e-06,0.18849315482262324,0.004827831416320369,25,10,10
45,7536,0.8759148384567557,1.0813582239251876e-05,0.1240568680420528,1.7479918951254484e-05,25,10,10
45,7537,0.8506763574144053,3.845617214848419e-06,0.14931144380071798,8.35316766114537e-06,25,10,10
45,7538,0.8590348446077221,8.836565169710387e-05,0.136849296781263,0.004027492959317877,25,10,10
45,7539,0.8399087440003628,8.654143379295274e-05,0.1595911508252771,0.0004135637405664625,25,10,10
45,7540,0.876324583641158,1.251119898721151e-05,0.12365127751337575,1.1627646478271092e-05,25,10,10
45,7541,0.830364224386678,1.164350259965508e-05,0.140718964392498,0.028905167718223,25,10,10
45,7542,0.8473434170337503,1.3182016738606098e-06,0.11302234135896276,0.039632923405613044,25,10,10
45,7543,0.745465452735857,3.627189512304337e-05,0.21486455921606407,0.03963371615295545,25,10,10
45,7544,0.7660019910048463,0.0005650815447643586,0.193636568630533,0.03979635881985405,25,10,10
45,7545,0.845131062498639,0.0005242404977795135,0.11462015325080736,0.03972454375277461,25,10,10
45,7546,0.7578738132264081,0.009384411454159592,0.19230348220594554,0.040438293113487955,25,10,10
45,7547,0.7946119481939508,2.8974438751544486e-05,0.137785457053317,0.06757362031398026,25,10,10
45,7548,0.8039450907809639,1.7631818768547273e-05,0.12480554911207782,0.07123172828818986,25,10,10
45,7549,0.8013028609697967,7.272688648884879e-06,0.12783156958326958,0.07085829675828256,25,10,10
45,7550,0.7827163770123343,6.823171314554459e-05,0.1526863565672036,0.06452903470731515,25,10,10
45,7551,0.760962182850162,2.5921945615250916e-05,0.17401137540297829,0.06500051980124391,25,10,10
45,7552,0.7777573481283854,0.0012248579219498153,0.14607700995021478,0.07494078399944895,25,10,10
45,7553,0.7662452124740766,0.0012247710174016226,0.15278774470206216,0.07974227180645946,25,10,10
45,7554,0.8388148141602081,9.035036959743486e-06,0.08175718595524038,0.07941896484759252,25,10,10
45,7555,0.8638067586770681,7.416689889013452e-06,0.05655991989087727,0.07962590474216609,25,10,10
45,7556,0.830556679563323,9.197183763262074e-07,0.0913404107005761,0.0781019900177235,25,10,10
45,7557,0.8114918424069667,1.1363779121372287e-05,0.1193801898630943,0.06911660395081767,25,10,10
45,7558,0.7878383232881595,7.255637912665262e-06,0.13267086199423653,0.07948355907968857,25,10,10
45,7559,0.7856855851212089,8.458394053432435e-06,0.18534938468951453,0.028956571795221344,25,10,10
45,7560,0.8864510800188441,6.903788890733779e-07,0.07344752144764892,0.04010070815461728,25,10,10
45,7561,0.8087923894619331,1.1188539894706035e-05,0.14661678546928708,0.04457963652888444,25,10,10
45,7562,0.8562633386716544,1.9383499493200118e-05,0.10049424025640215,0.04322303757245066,25,10,10
45,7563,0.8742090820606581,1.5866289342430163e-05,0.08618173872584128,0.03959331292415883,25,10,10
45,7564,0.9108197018041164,1.4357939238987356e-05,0.049498472158198394,0.03966746809844602,25,10,10
45,7565,0.7896938272498467,0.0008462693733749832,0.16497553173713103,0.044484371639647316,25,10,10
45,7566,0.883882969011764,7.325913706844174e-07,0.07740420379050811,0.038712094606356856,25,10,10
45,7567,0.8579809700516084,6.455062316183013e-07,0.10192880205587329,0.040089582386285974,25,10,10
45,7568,0.7731561334626678,3.569876190009631e-07,0.18616327654246675,0.04068023300724926,25,10,10
45,7569,0.8469161280645332,2.3952040427340765e-06,0.1449283912232172,0.008153085508205322,25,10,10
45,7570,0.816805535991824,2.386797427588011e-06,0.14679876489215682,0.03639331231859007,25,10,10
45,7571,0.7444268036876801,3.372148748666412e-05,0.21584471430266805,0.039694760522164196,25,10,10
45,7572,0.8999093687252976,2.6523892370657623e-05,0.06032262868087538,0.03974147870145562,25,10,10
45,7573,0.817158417214213,3.590798957951461e-05,0.16724915708238386,0.015556517713821353,25,10,10
45,7574,0.85722952241837,2.7737157792073118e-05,0.14060429672670036,0.0021384436971363576,25,10,10
45,7575,0.8367636732109922,5.9213330297563054e-05,0.16306330222078957,0.00011381123791877962,25,10,10
45,7576,0.8585401703087067,0.00045879561649602406,0.14084415186607305,0.00015688220872366786,25,10,10
45,7577,0.7832746822923714,0.00048481788675618385,0.21206118008552063,0.004179319735352316,25,10,10
45,7578,0.8358120352056596,1.3040366335151356e-05,0.15186451808603435,0.012310406341971138,25,10,10
45,7579,0.8319168855101365,2.432444271898336e-05,0.15528476386186973,0.0127740261852734,25,10,10
45,7580,0.7750334817885403,3.07489276150262e-05,0.21238864156097848,0.012547127722865727,25,10,10
45,7581,0.8808898712848007,0.00010272552202610332,0.11868737875998905,0.0003200244331813768,25,10,10
45,7582,0.9236652396316201,1.408493350248314e-05,0.07567391099294159,0.0006467644419359255,25,10,10
45,7583,0.9073875660653602,1.412595841346203e-05,0.09215872862059939,0.00043957935562578923,25,10,10
45,7584,0.7853284895982355,0.00077818339390089,0.21151112161078134,0.0023822053970827374,25,10,10
45,7585,0.8627142768270872,2.375841309866167e-05,0.13454531729395158,0.002716647465860119,25,10,10
45,7586,0.838853134242982,9.093059119162649e-06,0.12142800090751965,0.03970977179037731,25,10,10
45,7587,0.7512697369323673,1.0203564655824875e-05,0.20686798235975765,0.041852077143214504,25,10,10
45,7588,0.6673460641082372,0.0005400315003183547,0.294523995238252,0.03758990915319177,25,10,10
45,7589,0.8276069266029105,0.0005267576776179405,0.134759371127048,0.03710694459242358,25,10,10
45,7590,0.7974722481472059,7.3345974670467e-07,0.16101498267986847,0.04151203571317962,25,10,10
45,7591,0.8450191083246581,1.48207336665478e-05,0.110816570937921,0.04414950000375434,25,10,10
45,7592,0.8217482106635992,4.158299036546716e-07,0.13456071846913883,0.04369065503735813,25,10,10
45,7593,0.7706208594650298,4.178117430914523e-05,0.18525454048471304,0.04408281887594952,25,10,10
45,7594,0.8326854209942404,9.667731136764064e-06,0.1308898986756252,0.03641501259899525,25,10,10
45,7595,0.8756857297111561,1.6586832224656887e-07,0.08787450484430918,0.036439599576211144,25,10,10
45,7596,0.8747374110380929,1.7630909823880923e-05,0.08542108926176123,0.03982386879032169,25,10,10
45,7597,0.8269184832847546,8.33424533901392e-06,0.13296564827766444,0.040107534192241466,25,10,10
45,7598,0.8372003311072733,1.0342429151607592e-05,0.1483185234734776,0.014470802990097835,25,10,10
45,7599,0.8734215064571991,1.1369488661424226e-05,0.1261704223280287,0.0003967017261115843,25,10,10
45,7600,0.8050219037957075,7.562984928686791e-05,0.194814590497669,8.787585733613795e-05,25,10,10
45,7601,0.7154614718204035,0.00018918836614550014,0.2814732080140245,0.002876131799425084,25,10,10
45,7602,0.7186245060055849,2.4092790854829144e-05,0.28052413813791655,0.0008272630656443698,25,10,10
45,7603,0.804521617836438,4.257404735076641e-06,0.1946670472665902,0.0008070774922383669,25,10,10
45,7604,0.9005194835361702,2.708179873645296e-06,0.09904533661326631,0.00043247167068913295,25,10,10
45,7605,0.8812246940866193,1.0299538239040154e-05,0.11786100747001776,0.000903998905119764,25,10,10
45,7606,0.8157557082092061,1.0052352262436783e-05,0.1837664230729796,0.00046781636555009195,25,10,10
45,7607,0.738175404680411,1.1493782905814083e-05,0.22134711230224277,0.04046598923444138,25,10,10
45,7608,0.7914343626769138,0.0003075754163081769,0.1680955550505165,0.04016250685626071,25,10,10
45,7609,0.7854935857565419,2.7581880020248952e-05,0.18613188442434558,0.02834694793909267,25,10,10
45,7610,0.8044108010139895,1.2794964270588961e-05,0.17618943054117686,0.019386973480563598,25,10,10
45,7611,0.8289889097002644,0.0005122813887033262,0.15104604268797575,0.01945276622305631,25,10,10
45,7612,0.803697227567758,0.00047626720220006924,0.15517289819470198,0.04065360703533835,25,10,10
45,7613,0.7514411138567658,4.1172631317224916e-05,0.2082081068810725,0.04030960663084558,25,10,10
45,7614,0.7206913129197463,0.00035024474719208575,0.23855529493370653,0.04040314739935424,25,10,10
45,7615,0.8620967000151881,3.6400968883909336e-07,0.11292314572483403,0.024979790250288212,25,10,10
45,7616,0.7861577260533898,0.007284163776456222,0.1663919937119421,0.040166116458212206,25,10,10
45,7617,0.7709175892624672,0.009537737564715843,0.17707889548190636,0.042465777690910984,25,10,10
45,7618,0.8016370873205046,1.5110311000729544e-05,0.15842426589625833,0.03992353647223504,25,10,10
45,7619,0.8465677901922587,1.8237453527491108e-06,0.11352147363842315,0.03990891242396563,25,10,10
45,7620,0.8191211194243864,3.0190235658580906e-06,0.1406381583539672,0.04023770319807941,25,10,10
45,7621,0.8418851165678412,2.075910249904133e-05,0.11454620665734115,0.04354791767231708,25,10,10
45,7622,0.7702637860486121,2.1732542879821905e-05,0.1878784467959818,0.04183603461252467,25,10,10
45,7623,0.757090515577707,0.0002121578456068035,0.20469292103909734,0.0380044055375892,25,10,10
45,7624,0.7431577999503312,0.00020897158277214173,0.21759183466456908,0.03904139380232614,25,10,10
45,7625,0.7747503049754288,1.9600181749933053e-06,0.18887461795837648,0.03637311704801858,25,10,10
45,7626,0.7019656675775764,6.556123105959038e-05,0.25417089581811986,0.04379787537324471,25,10,10
45,7627,0.8453440594080532,3.636177223941053e-07,0.11429112132559627,0.04036445564862833,25,10,10
45,7628,0.864804961864882,6.757789543720554e-05,0.09528288011085198,0.039844580128828244,25,10,10
45,7629,0.846413900475435,6.754952371538103e-05,0.11375813368275223,0.039760416318097375,25,10,10
45,7630,0.8336644688672646,3.3698965662518476e-06,0.12626821730631885,0.04006394392985043,25,10,10
45,7631,0.7934269678391404,2.5524190508765616e-06,0.17886897172963365,0.02770150801217325,25,10,10
45,7632,0.7763453074585874,9.340509743734346e-06,0.19374040756427505,0.0299049444673933,25,10,10
45,7633,0.8341437235299606,7.935559404316324e-06,0.12900777489126003,0.03684056601937387,25,10,10
45,7634,0.7590506669316746,9.538549263614852e-06,0.1907256703415245,0.050214124177535506,25,10,10
45,7635,0.7505666406017164,1.1239608563259436e-05,0.20777636157878118,0.04164575821094028,25,10,10
45,7636,0.7505311052705141,3.792198293140992e-05,0.20051242582306208,0.04891854692349356,25,10,10
45,7637,0.6735923979116266,4.9767042706222334e-05,0.27836304236718956,0.04799479267847897,25,10,10
45,7638,0.7753001272787395,0.00011981220043444332,0.17410198428369825,0.05047807623712705,25,10,10
45,7639,0.8567411375616417,3.411686669748288e-06,0.13361609279914335,0.009639357952544003,25,10,10
45,7640,0.8240031317533446,1.6841245296603163e-05,0.15425091623013393,0.021729110771223473,25,10,10
45,7641,0.8253691479937316,2.7951089631328124e-06,0.15294425149082952,0.021683805406476738,25,10,10
45,7642,0.7337272852668787,2.6695313189803425e-05,0.25083092443571886,0.015415094984210412,25,10,10
45,7643,0.7935377316536303,1.596109770048665e-05,0.19160518365353219,0.01484112359513409,25,10,10
45,7644,0.814634919891596,1.4634048478394732e-05,0.1427829568963715,0.04256748916355252,25,10,10
45,7645,0.7751695641772396,1.4898640380710997e-05,0.18208661951403154,0.042728917668347854,25,10,10
45,7646,0.8618673225559561,3.156810702009682e-05,0.09841800925535227,0.0396831000816709,25,10,10
45,7647,0.8745887074971793,9.228076452202318e-07,0.10032310238636244,0.02508726730881353,25,10,10
45,7648,0.8392256131992197,0.0044788615099714,0.11599825920600777,0.04029726608480114,25,10,10
45,7649,0.8478638928659613,1.929752563342093e-06,0.11013488193854211,0.04199929544293217,25,10,10
45,7650,0.8374739716084904,8.679882561029724e-06,0.13911015004350313,0.02340719846544438,25,10,10
45,7651,0.8751636396357942,6.286278142795623e-05,0.08509191049172996,0.039681587091045266,25,10,10
45,7652,0.7798895731958109,9.480696992580825e-05,0.16817441046197915,0.05184120937228558,25,10,10
45,7653,0.7447004912412778,3.13536111342275e-05,0.21365615878447128,0.04161199636311691,25,10,10
45,7654,0.7736081698885761,3.542104516066234e-05,0.18605616343225953,0.04030024563400052,25,10,10
45,7655,0.7889456204803923,5.027702406775218e-06,0.17112726108751886,0.03992209072968116,25,10,10
45,7656,0.8369631699736909,3.0183481863241143e-06,0.12298811962318189,0.04004569205494163,25,10,10
45,7657,0.7921292872852002,2.4042003869429862e-06,0.16763612018348759,0.04023218833092318,25,10,10
45,7658,0.8111337789493613,2.1072957087908476e-07,0.18052210688937034,0.00834390343169493,25,10,10
45,7659,0.8584460805737325,9.326450339745647e-07,0.13367258691875644,0.007880399862477329,25,10,10
45,7660,0.8544961174090113,1.1353584917516158e-06,0.13754198370086868,0.007960763531627084,25,10,10
45,7661,0.8468378807456335,7.357658937487504e-05,0.14530056510944783,0.0077879775555430904,25,10,10
45,7662,0.8473579921191795,2.5009470712417954e-05,0.11261932567850605,0.039997672731602145,25,10,10
45,7663,0.7690646211708961,1.1055138076362832e-05,0.19084904264103128,0.040075281049993736,25,10,10
45,7664,0.8852823538947995,1.7800388955202853e-05,0.11455915561743366,0.00014069009881248178,25,10,10
45,7665,0.8619097912613085,1.6361790728644334e-05,0.13597621725119105,0.0020976296967690276,25,10,10
45,7666,0.9038098945291899,1.9022507541813843e-06,0.09617318841847525,1.5014801578763115e-05,25,10,10
45,7667,0.8799380201657638,1.3110551331438546e-05,0.09523169034714471,0.024817178935758147,25,10,10
45,7668,0.9229532798103692,1.0107274666301274e-05,0.04984633435956269,0.02719027855540281,25,10,10
45,7669,0.9204879201998647,1.021165933189979e-05,0.04820580982599385,0.03129605831480984,25,10,10
45,7670,0.8617171009970517,0.0007079691694785287,0.13253390365653825,0.005041026176927789,25,10,10
45,7671,0.8734291663679862,9.532790967946826e-07,0.12391027933092306,0.0026596010219914114,25,10,10
45,7672,0.9242468615628132,1.0928054454553235e-06,0.07563047705516049,0.00012156857658028224,25,10,10
45,7673,0.9246946328059926,4.7678580189250105e-06,0.07518940368392765,0.00011119565205989121,25,10,10
45,7674,0.9741251049703008,1.6853254645056253e-06,0.025776731692795485,9.647801143859597e-05,25,10,10
45,7675,0.8714388517354748,7.243683687532111e-05,0.12825808478404385,0.0002306266436041031,25,10,10
45,7676,0.8615572771744732,9.866228232956031e-06,0.13829322762413038,0.000139628973163766,25,10,10
45,7677,0.8344216855804966,1.5620129812564433e-06,0.16546421912922302,0.00011253327730082574,25,10,10
45,7678,0.8671514650350932,9.556744883225406e-07,0.1327252645549422,0.00012231473547529904,25,10,10
45,7679,0.9136751274173833,1.256939231003073e-06,0.08137345075348099,0.004950164889904859,25,10,10
45,7680,0.7917285244956677,2.326587760911412e-05,0.20605042854847755,0.0021977810782479595,25,10,10
45,7681,0.7598187570608345,3.824427727573942e-05,0.23999424991573082,0.00014874874615591384,25,10,10
45,7682,0.8471183074576842,4.393256152958847e-05,0.15265322666234682,0.00018453331843851489,25,10,10
45,7683,0.8453138308240281,2.6268554622339317e-06,0.15459485643904305,8.868588146550966e-05,25,10,10
45,7684,0.8522063522521224,3.3513652585812693e-06,0.1200142559772005,0.027776040405417302,25,10,10
45,7685,0.8506744681225649,4.2206921948346836e-06,0.10949474066797364,0.0398265705172654,25,10,10
45,7686,0.8799359325117306,7.395892994372269e-07,0.07997020415007922,0.04009312374889075,25,10,10
45,7687,0.8740253332572538,1.507530921317053e-06,0.11443983493501685,0.011533324276806995,25,10,10
45,7688,0.7509817946509009,0.0003360442258872557,0.24707001061736952,0.0016121505058442303,25,10,10
45,7689,0.7026999448575154,0.0008228499071651322,0.29483391295243655,0.0016432922828805918,25,10,10
45,7690,0.8294720060532764,4.886774417236464e-05,0.17019095603887224,0.0002881701636774464,25,10,10
45,7691,0.8386241675996533,4.503793870946175e-05,0.1607278797447365,0.0006029147169007935,25,10,10
45,7692,0.8228989598308005,4.479989496999333e-05,0.1767662137217772,0.00029002655245230507,25,10,10
45,7693,0.8376398485332895,4.74896052594518e-05,0.159609754097551,0.002702907763898068,25,10,10
45,7694,0.9017362754393017,4.431755051753781e-05,0.0956006861122189,0.0026187208979618283,25,10,10
45,7695,0.8778122623124512,3.7319299357597914e-05,0.12200232318678796,0.00014809520140136374,25,10,10
45,7696,0.8552973919381003,0.0006957654786109847,0.14393383765235515,7.30049309301873e-05,25,10,10
45,7697,0.874431756705853,0.0006527212741645689,0.1248430888359038,7.243318407602835e-05,25,10,10
45,7698,0.8562251146159112,1.3758483641762275e-06,0.14343453027405462,0.0003389792616693515,25,10,10
45,7699,0.820034948072645,1.352730881055332e-05,0.17954295355489902,0.00040857106364216417,25,10,10
45,7700,0.8611118239591672,1.7903427557449522e-06,0.1387675950622056,0.00011879063587002392,25,10,10
45,7701,0.8192167578121289,6.560903834999082e-06,0.18035226584874195,0.0004244154352943401,25,10,10
45,7702,0.8636457662854411,1.6546632541288605e-06,0.13384366594633124,0.002508913104971186,25,10,10
45,7703,0.8945173767369476,1.7636905426041944e-05,0.10535465079590557,0.00011033556172092767,25,10,10
45,7704,0.9286005635547299,2.2282085478625993e-05,0.0713090181145188,6.813624527360084e-05,25,10,10
45,7705,0.8356327321768119,1.6733423229092676e-05,0.16410879783723054,0.00024173656272574544,25,10,10
45,7706,0.8437033901337734,1.452397646097565e-05,0.15602567471742348,0.00025641117233935677,25,10,10
45,7707,0.8266783892567328,8.596225215882876e-07,0.17055269744350945,0.0027680536772340257,25,10,10
45,7708,0.8169346429053033,2.2613374466362293e-06,0.1804729927690404,0.002590102988210552,25,10,10
45,7709,0.8480593307695615,7.29252561178307e-07,0.1518294020803393,0.00011053789753888654,25,10,10
45,7710,0.8935798170094162,2.1658432449785263e-05,0.10213828231803367,0.004260242240099743,25,10,10
45,7711,0.8599952430721491,7.42867347383051e-05,0.13977452318216513,0.0001559470109460876,25,10,10
45,7712,0.8766793793942592,9.77604257985368e-06,0.12311422549607993,0.00019661906708011214,25,10,10
45,7713,0.9225291558639959,9.36079880958217e-06,0.07740264132062881,5.884201656471926e-05,25,10,10
45,7714,0.8792967981992138,1.9385646949789552e-05,0.11534487759302178,0.005338938560813434,25,10,10
45,7715,0.8981258539513997,0.00028551211357466885,0.09692014533196205,0.004668488603063025,25,10,10
45,7716,0.7860093702532915,4.3187171243495565e-05,0.21362546479092986,0.0003219777845342263,25,10,10
45,7717,0.7319941373713519,1.079483843110799e-05,0.2648956409899499,0.003099426800266924,25,10,10
45,7718,0.7387411247288286,1.2049154064620664e-05,0.2550740360443296,0.006172790072777129,25,10,10
45,7719,0.8468267180834431,0.00024679360501032627,0.14871557971177915,0.004210908599766643,25,10,10
45,7720,0.9153596629371024,1.3703297554687007e-06,0.0843227206930052,0.0003162460401368452,25,10,10
45,7721,0.8384846484502857,0.011065930250832351,0.15003788975927998,0.00041153153960094826,25,10,10
45,7722,0.804159575359115,0.000241961607414728,0.19512948407426126,0.00046897895921115885,25,10,10
45,7723,0.778760214710493,0.0002432002577679711,0.1807805750474922,0.04021600998424742,25,10,10
45,7724,0.7510131920763731,0.002628600674174521,0.20636860649277636,0.03998960075667879,25,10,10
45,7725,0.7813609398337786,0.0029118650129792496,0.17476631110510327,0.040960884048136956,25,10,10
45,7726,0.843267156173077,1.938036305385368e-06,0.11698083445966478,0.039750071330952264,25,10,10
45,7727,0.8453927398770866,6.260523941447838e-05,0.15379876760739605,0.0007458872761007352,25,10,10
45,7728,0.8607724371832891,6.27606619385302e-05,0.13588063236814182,0.0032841697866286524,25,10,10
45,7729,0.9087229737935227,1.172712584022948e-05,0.08844435200388187,0.0028209470767535916,25,10,10
45,7730,0.8081863967095909,1.224685664424675e-05,0.18624443115667103,0.0055569252770922995,25,10,10
45,7731,0.7431984066051843,0.012438346688768897,0.2425077189501778,0.001855527755870439,25,10,10
45,7732,0.7007187915620797,0.012422338795472578,0.28626081563358835,0.0005980540088557678,25,10,10
45,7733,0.8076416762442471,0.007480964877116486,0.18479901927519712,7.833960343558919e-05,25,10,10
45,7734,0.7879405120977846,0.007500114499060026,0.16475423689108187,0.03980513651207141,25,10,10
45,7735,0.7432211237842692,3.916735476899854e-05,0.2168102859948869,0.0399294228660727,25,10,10
45,7736,0.8472922654419893,0.0009835711675639366,0.11128446355386462,0.04043969983658131,25,10,10
45,7737,0.8252683637500113,0.0010398311029554872,0.13336654220402389,0.04032526294300994,25,10,10
45,7738,0.7113784790768102,0.000981256669162647,0.24475044942705426,0.04288981482697354,25,10,10
45,7739,0.7829226070564644,0.0009765133966776172,0.17499698704985664,0.041103892497000985,25,10,10
45,7740,0.7249823180194568,0.0010250020998673547,0.23121829144139094,0.04277438843928368,25,10,10
45,7741,0.7445325755530504,0.0010305912546933805,0.18283557118265442,0.07160126200960139,25,10,10
45,7742,0.7292932968743151,0.0010068924743444124,0.2411916998624048,0.02850811078893347,25,10,10
45,7743,0.7861113924346818,0.0009927347182322591,0.20512794763886472,0.00776792520822254,25,10,10
45,7744,0.8856218313111104,6.35898933733311e-07,0.10665934418870783,0.007718188601248296,25,10,10
45,7745,0.8024066584142652,3.0559000074509033e-07,0.1646143000939,0.03297873590183421,25,10,10
45,7746,0.8353718921813682,1.0461750620064725e-05,0.1318078853522383,0.032809760715772206,25,10,10
45,7747,0.7900354491280044,1.6179247683437398e-05,0.1308998467474182,0.07904852487689319,25,10,10
45,7748,0.7850302310109636,2.520751181503994e-05,0.13529838982609677,0.0796461716511229,25,10,10
45,7749,0.7993869902952302,1.1096428140258775e-06,0.12126962403405432,0.07934227602790193,25,10,10
45,7750,0.7779695703476512,2.524623698927711e-06,0.1415892868652715,0.08043861816337719,25,10,10
45,7751,0.7812579887913151,8.407120851897387e-06,0.13913466766057828,0.07959893642725384,25,10,10
45,7752,0.8337234517127143,1.1602547508928897e-06,0.08715769775352727,0.07911769027900761,25,10,10
45,7753,0.861645085290697,9.379059472034429e-07,0.059243434397934086,0.07911054240542228,25,10,10
45,7754,0.7754158799554796,4.288256030353036e-05,0.14282713804487648,0.08171409943934065,25,10,10
45,7755,0.72302264189501,0.006833095384936299,0.18907361964171213,0.08107064307833971,25,10,10
45,7756,0.7341677903298975,0.0006767731645651006,0.19848232815975322,0.0666731083457825,25,10,10
45,7757,0.7940078466788107,1.4858752109548758e-05,0.16396414409477322,0.042013150474303755,25,10,10
45,7758,0.8746240553788485,1.5073134148081665e-05,0.1229356750426555,0.002425196444346481,25,10,10
45,7759,0.8822955254613843,1.0126851468992403e-05,0.11703395087970561,0.0006603968074412086,25,10,10
45,7760,0.855176946695616,1.3553285830802252e-06,0.14415462183341135,0.0006670761423877628,25,10,10
45,7761,0.895338072403743,1.074802089127317e-05,0.10443007869792362,0.00022110087744020283,25,10,10
45,7762,0.8535352917405629,7.806690187679808e-07,0.1457894983566927,0.0006744292337236471,25,10,10
45,7763,0.7735407968531145,1.4416726146122148e-05,0.21850421218336177,0.00794057423737651,25,10,10
45,7764,0.8778982623013414,1.3449849640618779e-05,0.12194006283791606,0.00014822501110063727,25,10,10
45,7765,0.8636877763304284,2.3047356768161205e-05,0.13605759519890037,0.00023158111390298155,25,10,10
45,7766,0.8415294376788609,1.3088580854297777e-05,0.15807086329167006,0.0003866104486134503,25,10,10
45,7767,0.8849434280104793,1.4613657143373614e-06,0.11172259638330584,0.0033325142405,25,10,10
45,7768,0.8329483262076477,0.0016693269350763259,0.1622714451455387,0.003110901711735854,25,10,10
45,7769,0.816309070742294,2.1412431948086498e-06,0.18356514588433048,0.00012364213017971876,25,10,10
45,7770,0.9225961071695699,6.306981020215163e-07,0.07732504543652834,7.821669579986458e-05,25,10,10
45,7771,0.860058061676677,8.904995197172411e-05,0.13970523102529409,0.00014765734605627824,25,10,10
45,7772,0.7993227995367126,0.00019595259279213948,0.1994167741750189,0.0010644736954766943,25,10,10
45,7773,0.8256681766878318,0.00020298201266805615,0.17320690246706438,0.0009219388324365988,25,10,10
45,7774,0.8568134507368512,0.0004700262882478385,0.14152949542767654,0.0011870275472255713,25,10,10
45,7775,0.8537976379193235,0.00022749120314538994,0.14484720383947106,0.0011276670380604226,25,10,10
45,7776,0.8840034852953988,2.7008276251540886e-06,0.11597633696667357,1.7476910303111105e-05,25,10,10
45,7777,0.7224866407758701,5.490624993735452e-05,0.27465631567252247,0.002802137301666817,25,10,10
45,7778,0.8194189187399376,1.1190982712752752e-05,0.17617524299630577,0.0043946472810436074,25,10,10
45,7779,0.7408934422017444,0.00027004138597312304,0.2527435321264029,0.006092984285879301,25,10,10
45,7780,0.7743768818664313,1.068585731253943e-05,0.2181555223867594,0.007456909889497043,25,10,10
45,7781,0.7206693539472688,5.815917192000322e-05,0.2714546757309422,0.007817811149869642,25,10,10
45,7782,0.7687875927950201,4.834282398073447e-06,0.22476116667701546,0.006446406245567121,25,10,10
45,7783,0.7840330826213584,3.0736415023666883e-06,0.17373484520923166,0.04222899852790753,25,10,10
45,7784,0.8647496405552125,9.824676589721458e-06,0.09854513300128,0.03669540176691777,25,10,10
45,7785,0.8614263974304923,1.7119390253294263e-05,0.1020382860892876,0.03651819708996625,25,10,10
45,7786,0.8949592300391707,1.0839883194693426e-06,0.06858477450903398,0.036454911463475674,25,10,10
45,7787,0.8624888906026866,3.0615774499590937e-07,0.09748393954835649,0.04002686369121104,25,10,10
45,7788,0.8084776124335573,1.392447145556414e-05,0.15482722129366244,0.0366812418013236,25,10,10
45,7789,0.848543982519633,0.0006247599228881043,0.10735419785753317,0.04347705969994434,25,10,10
45,7790,0.8528033827074702,3.5299602228967073e-07,0.09811428622045022,0.049081978076055854,25,10,10
45,7791,0.8917610354433431,1.0009540992503171e-07,0.06495351610708718,0.04328534835416007,25,10,10
45,7792,0.8493910054895423,7.79639977059368e-07,0.11024626531379957,0.04036194955667929,25,10,10
45,7793,0.7819382789614605,1.7800504314618243e-05,0.1772525867196583,0.040791333814565754,25,10,10
45,7794,0.8496032892529971,5.329044465537558e-05,0.11861904741206385,0.03172437289028437,25,10,10
45,7795,0.8620923426820865,8.677704648995418e-05,0.10602982469299388,0.03179105557842896,25,10,10
45,7796,0.8569898795006986,8.277654013554971e-06,0.1072258204748563,0.0357760223704304,25,10,10
45,7797,0.8487490086622651,3.153450086885257e-05,0.11168759779831826,0.039531859038546606,25,10,10
45,7798,0.8472276505734279,3.289958752273477e-05,0.1162691110700483,0.03647033876899741,25,10,10
45,7799,0.8155841004561512,4.351080967087566e-05,0.10467668837168503,0.07969570036249057,25,10,10
45,7800,0.7431898166393563,6.667038334537261e-05,0.1788714924385242,0.07787202053877439,25,10,10
45,7801,0.7092686029919666,4.354085081483146e-05,0.22564757759769175,0.06504027855952843,25,10,10
45,7802,0.6907598867822446,3.587985456580713e-05,0.22600634040846143,0.08319789295472826,25,10,10
45,7803,0.7253639068430676,2.0011959291232555e-05,0.2251181125501408,0.04949796864749881,25,10,10
45,7804,0.7860110332103349,1.8545424425766728e-05,0.17019822698848863,0.04377219437675055,25,10,10
45,7805,0.8103970269060673,5.267274102624196e-06,0.18585188405428174,0.0037458217655483815,25,10,10
45,7806,0.7972883320234405,4.5683699844644994e-05,0.1991634229629912,0.003502561313723352,25,10,10
45,7807,0.9160865853559461,5.901870862193956e-05,0.08183709244273343,0.0020173034926983194,25,10,10
45,7808,0.9080114312122828,7.071492466644491e-05,0.08813961221349635,0.00377824164955282,25,10,10
45,7809,0.8850369942890021,1.4538227308788566e-06,0.11139766568750548,0.0035638862007612844,25,10,10
45,7810,0.8789563829106958,1.1101683009073904e-06,0.10905692249165673,0.011985584429346354,25,10,10
45,7811,0.8024626673293404,8.039438881054094e-05,0.18533392927349143,0.012123009008355352,25,10,10
45,7812,0.8268890786074234,4.736695994119233e-05,0.1727498951977746,0.00031365923485949127,25,10,10
45,7813,0.8998506557198666,1.3233176788422953e-05,0.09986005921488386,0.0002760518884607493,25,10,10
45,7814,0.8416877886910932,1.1843627412577096e-05,0.1579471943182143,0.0003531733632772167,25,10,10
45,7815,0.8384380035833985,3.734270680817606e-06,0.16055376349033523,0.001004498655582596,25,10,10
45,7816,0.8499563076179695,1.2378321438903468e-05,0.14994947316982832,8.184089076116943e-05,25,10,10
45,7817,0.837478406358087,8.133295969212384e-05,0.15915761849216492,0.0032826421900560105,25,10,10
45,7818,0.8724563144064392,0.000217963256765759,0.12279713762763123,0.004528584709163199,25,10,10
45,7819,0.9083496757121288,2.280438467669283e-05,0.09130416086663246,0.0003233590365619841,25,10,10
45,7820,0.8331163708795466,1.501537079715577e-06,0.1661545763894689,0.0007275511939015156,25,10,10
45,7821,0.8705997555558597,9.783307423597627e-06,0.12862490525869727,0.0007655558780197744,25,10,10
45,7822,0.8486066381485425,3.312004336221529e-07,0.1476792599026297,0.0037137707483919126,25,10,10
45,7823,0.869462932129413,1.3633189241469188e-07,0.12984932413223516,0.0006876074064594977,25,10,10
45,7824,0.8726076916325924,1.760559443197853e-05,0.12716185056965273,0.00021285220332098115,25,10,10
45,7825,0.8499640085487624,1.2681391452117851e-06,0.10923350592644758,0.040801217385644864,25,10,10
45,7826,0.8775679191635262,1.2347335733551204e-06,0.08225187222950875,0.040178973873390464,25,10,10
45,7827,0.9134933158911187,7.136269570420431e-07,0.04642655706748002,0.04007941341444412,25,10,10
45,7828,0.8905756389322668,7.249774729889195e-07,0.06941471959203108,0.04000891649822882,25,10,10
45,7829,0.8114956182913963,4.823478743163151e-07,0.14849688886405746,0.04000701049667001,25,10,10
45,7830,0.8208534562419019,9.022401111170592e-06,0.17281089668239993,0.006326624674586059,25,10,10
45,7831,0.853219413988307,9.274862602543263e-06,0.14353166039484352,0.003239650754247746,25,10,10
45,7832,0.8777990683466165,3.2387349309074626e-05,0.12216068863231622,7.855671758582385e-06,25,10,10
45,7833,0.8061055685449616,3.751981889446831e-05,0.1936911573322412,0.0001657543039018247,25,10,10
45,7834,0.901188894929446,2.9223216883401942e-05,0.09825978870835629,0.0005220931453135135,25,10,10
45,7835,0.8375874044424049,2.929311182765968e-05,0.15885752765159103,0.003525774794174027,25,10,10
45,7836,0.8121826077585999,9.123926564859955e-05,0.18771285108273136,1.330189302100909e-05,25,10,10
45,7837,0.8230796189885075,1.3933827370872777e-06,0.17652601547200697,0.0003929721567488404,25,10,10
45,7838,0.8231197692409772,1.1111254335369218e-05,0.17422286923350572,0.002646250271182996,25,10,10
45,7839,0.8276428041400666,1.2091969716971759e-05,0.172172414294031,0.00017268959618533053,25,10,10
45,7840,0.8070290865249262,1.2337298031687124e-05,0.18130292859959035,0.011655647577450991,25,10,10
45,7841,0.8078296642992298,1.2436433304224021e-05,0.19170493802039207,0.0004529612470757112,25,10,10
45,7842,0.8945961534991078,2.1505555778288792e-06,0.10518230307227686,0.00021939287303849212,25,10,10
45,7843,0.862457100189806,1.3529928576239262e-05,0.13447857695449922,0.003050792927120337,25,10,10
45,7844,0.9258624309207103,1.25268885336843e-05,0.07406632123543248,5.872095532341687e-05,25,10,10
45,7845,0.8970049506047957,0.0004171162943960352,0.09977744827889275,0.0028004848219139746,25,10,10
45,7846,0.9107604245489631,8.876440322681497e-07,0.08641826313671412,0.002820424670289685,25,10,10
45,7847,0.8796171932641619,2.1045107560652153e-05,0.11402665032852884,0.006335111299748239,25,10,10
45,7848,0.8641452134015216,5.791733062756714e-06,0.13545603908936443,0.000392955776048327,25,10,10
45,7849,0.7765788784651229,1.5984776795863112e-05,0.22250877660006435,0.000896360158019578,25,10,10
45,7850,0.8130606360731762,5.4964949835937565e-06,0.18603119156441494,0.0009026758674257044,25,10,10
45,7851,0.8155272277790074,1.3184270090159274e-05,0.1837046671313405,0.0007549208195632589,25,10,10
45,7852,0.7648160698185821,2.1131728998929375e-06,0.2338872352075211,0.0012945818010004434,25,10,10
45,7853,0.7668944467086667,1.8505813321028098e-06,0.23285228154363405,0.00025142116636552416,25,10,10
45,7854,0.8528366959086948,7.477385985607189e-06,0.1466518383263116,0.0005039883790077842,25,10,10
45,7855,0.8649149495823157,1.2200819353081036e-05,0.13474179720911375,0.0003310523892159686,25,10,10
45,7856,0.8746478486707828,2.3049930558853592e-05,0.1217302673802589,0.0035988340183990535,25,10,10
45,7857,0.8769262996552988,1.8929382034132378e-06,0.12274637540654602,0.0003254319999515378,25,10,10
45,7858,0.9023625554389187,1.9189512124708324e-06,0.0975703649237198,6.516068614937926e-05,25,10,10
45,7859,0.9217567282348434,3.4566766732111816e-05,0.0781984950732114,1.0209925212906495e-05,25,10,10
45,7860,0.8618205497980637,6.7217777580478495e-06,0.13779176148454972,0.0003809669396291084,25,10,10
45,7861,0.7415526560096444,1.2421157010118975e-06,0.2160216584654462,0.04242444340920915,25,10,10
45,7862,0.8504652569937946,1.4459590539392996e-06,0.11108785594164342,0.03844544110550851,25,10,10
45,7863,0.8900137769675774,1.132514537097568e-06,0.06334547903589577,0.046639611481988315,25,10,10
45,7864,0.8456592336608932,6.495431798773776e-05,0.13973463855198542,0.014541173469132165,25,10,10
45,7865,0.8968014766164092,1.5260421034435953e-05,0.08908745157761443,0.014095811384940345,25,10,10
45,7866,0.9443409423704676,1.11259425698572e-05,0.055450506912315435,0.00019742477464709167,25,10,10
45,7867,0.8732174157679958,3.472088150251179e-05,0.1266031646696536,0.0001446986808468397,25,10,10
45,7868,0.841110527417204,4.523195337076158e-05,0.15860846576403248,0.0002357748653917725,25,10,10
45,7869,0.8643604160917988,2.5309182800668567e-06,0.13549122302687708,0.0001458299630426405,25,10,10
45,7870,0.8397103813994495,2.316103842973027e-06,0.15295284169429268,0.007334460802413181,25,10,10
45,7871,0.8686973767213512,2.8024756277987454e-06,0.12403022187253722,0.007269598930482735,25,10,10
45,7872,0.8998602498070929,1.2265381892564487e-07,0.10012155464787785,1.807289120916358e-05,25,10,10
45,7873,0.8949115373017981,1.3880583328386883e-06,0.10448643834969866,0.000600636290167598,25,10,10
45,7874,0.852141185119889,2.6585203819878967e-05,0.14476926690707534,0.0030629627692132073,25,10,10
45,7875,0.8890106653760675,2.2755548549387973e-06,0.10781862064617798,0.003168438422898717,25,10,10
45,7876,0.7450068772833041,0.0001259943169201293,0.22093949070908767,0.0339276376906874,25,10,10
45,7877,0.6916666414999852,0.0001324436515715203,0.25540390251947903,0.05279701232896286,25,10,10
45,7878,0.7160211753648333,0.00014195654519105758,0.2434117897001603,0.040425078389817085,25,10,10
45,7879,0.8374928640594248,7.400577933851191e-06,0.12219913361155918,0.04030060175108175,25,10,10
45,7880,0.79846760970522,2.13785952574721e-05,0.16113288411869456,0.040378127580826845,25,10,10
45,7881,0.7916651329427689,8.914134358673828e-07,0.1658188348613006,0.042515140782494416,25,10,10
45,7882,0.8119952529378921,6.294528500303335e-05,0.16258858033894744,0.025353221438155025,25,10,10
45,7883,0.7687612951661726,0.000375860355068708,0.20324371496797386,0.027619129510784598,25,10,10
45,7884,0.7264917979035015,7.425879800704161e-05,0.23826167744530263,0.035172265853188035,25,10,10
45,7885,0.7325669655122574,3.213087199043672e-05,0.20157956242801503,0.06582134118773637,25,10,10
45,7886,0.7490178548634161,0.0009297351913401029,0.18478734294826893,0.06526506699697561,25,10,10
45,7887,0.7524652085992478,0.000931298123055408,0.1846041255517325,0.06199936772596319,25,10,10
45,7888,0.756488120435496,0.0008962847700506628,0.17467174850808292,0.0679438462863714,25,10,10
45,7889,0.8208283981265195,1.6664930487334052e-06,0.11738538033365105,0.06178455504678197,25,10,10
45,7890,0.822466104973052,2.0014092149591714e-06,0.13463608082668466,0.04289581279104825,25,10,10
45,7891,0.7552265329308406,6.249925396326707e-05,0.2044134090255746,0.04029755878961997,25,10,10
45,7892,0.7292754086907937,1.3951140984866779e-05,0.230798333606871,0.03991230656135015,25,10,10
45,7893,0.7701518619528168,2.101111818249888e-05,0.22558360647654468,0.004243520452454601,25,10,10
45,7894,0.8399291939073756,2.8858230525263548e-05,0.12011097917382224,0.03993096868827772,25,10,10
45,7895,0.8426748755901025,2.578286616434137e-06,0.11884120558270911,0.038481340540571125,25,10,10
45,7896,0.9147926669900961,6.837294416873648e-05,0.04673949496016317,0.03839946510557176,25,10,10
45,7897,0.9086203704577795,1.0020493726217678e-05,0.0500610019219703,0.04130860712652391,25,10,10
45,7898,0.8392863868979746,2.1755265252411494e-05,0.10443677395014381,0.05625508388662674,25,10,10
45,7899,0.8377295674188463,9.845375094717026e-07,0.1464396259144894,0.015829822129150864,25,10,10
45,7900,0.779372349113266,8.405159213020144e-05,0.21049995569143923,0.010043643603164539,25,10,10
45,7901,0.8200107105256452,8.571647978362813e-06,0.1796312316605317,0.0003494861658431589,25,10,10
45,7902,0.7232431794866604,8.292004782252164e-06,0.27641016481712355,0.0003383636914351347,25,10,10
45,7903,0.8276668054976898,2.0735067304145318e-06,0.17177841584807715,0.0005527051475040395,25,10,10
45,7904,0.8017297015919952,4.2037981147855735e-05,0.19332279732942756,0.004905463097427657,25,10,10
45,7905,0.8033967932268234,1.9036582547112818e-06,0.1963140859916142,0.0002872171233046396,25,10,10
45,7906,0.8432526714530358,2.326918546560176e-06,0.15658935387049588,0.00015564775792056355,25,10,10
45,7907,0.868759788325697,2.5059724840858167e-06,0.13108905694804307,0.0001486487537741833,25,10,10
45,7908,0.8761650713225034,6.5928797370876405e-06,0.12375199417907044,7.634161868690369e-05,25,10,10
45,7909,0.8819140800440648,1.438421466520098e-06,0.1174678102135658,0.0006166713208995096,25,10,10
45,7910,0.8691155914122229,1.4738357855540367e-06,0.12840359649476002,0.0024793382572313306,25,10,10
45,7911,0.8555538264579349,5.735575653953402e-07,0.14116715792928067,0.003278442055218209,25,10,10
45,7912,0.8342226231992396,1.5903228026910833e-06,0.16405838868335834,0.0017173977945956743,25,10,10
45,7913,0.8877106337494085,1.9860792632873002e-06,0.1080989751872265,0.0041884049841006835,25,10,10
45,7914,0.909546756192957,1.6856685383748663e-05,0.08654002211148275,0.00389636501017737,25,10,10
45,7915,0.897022558209459,1.5915881602126387e-05,0.10233402639953085,0.0006274995094082401,25,10,10
45,7916,0.8983878044958609,8.322288721580751e-06,0.09927832194043683,0.0023255512749809594,25,10,10
45,7917,0.8941488530011589,8.051778886589579e-06,0.09760464385054426,0.00823845136941129,25,10,10
45,7918,0.8377404830671321,1.047347224011121e-05,0.14601146860109476,0.016237574859532283,25,10,10
45,7919,0.7716837032102869,1.1701537893705365e-05,0.22745015880354053,0.0008544364482777929,25,10,10
45,7920,0.8163139272778145,2.5817733728953067e-05,0.18300818669128593,0.0006520682971690206,25,10,10
45,7921,0.8106916701550173,1.8032810715936797e-06,0.1885757629821854,0.0007307635817249677,25,10,10
45,7922,0.8599807815877323,1.6566862891517094e-06,0.13937582347093488,0.0006417382550434214,25,10,10
45,7923,0.8297694239700784,3.875112520359872e-06,0.17001589988654348,0.00021080103085701824,25,10,10
45,7924,0.8588483967558322,1.2260354742447692e-06,0.14072367419620402,0.00042670301248749965,25,10,10
45,7925,0.8673228953532578,1.3719477940068528e-06,0.13240770607464106,0.0002680266243053318,25,10,10
45,7926,0.8305891512079477,3.312201511647034e-05,0.1687071535449177,0.000670573232016251,25,10,10
45,7927,0.7907669886775153,8.562500951398517e-06,0.20751617435633132,0.0017082744652015924,25,10,10
45,7928,0.7558578435976575,2.8655668191780453e-05,0.24207854456823072,0.0020349561659205005,25,10,10
45,7929,0.8427831347942198,3.002021102237462e-05,0.15495607132338513,0.0022307736713711927,25,10,10
45,7930,0.8385027640317015,4.28662755165159e-05,0.15603436668746112,0.005420003005318727,25,10,10
45,7931,0.8683138119169547,1.4496965383337425e-05,0.13142821970582153,0.0002434714118375298,25,10,10
45,7932,0.8403025567270309,1.7827389170979616e-05,0.1595156812991642,0.0001639345846315039,25,10,10
45,7933,0.8723540493744807,7.855172861026542e-05,0.12748082776530917,8.657113159839816e-05,25,10,10
45,7934,0.8762011939107378,1.8369059096403687e-05,0.12358846992674309,0.0001919671034215781,25,10,10
45,7935,0.8275209742459847,1.7512266599141452e-06,0.17187263080348272,0.0006046437238733294,25,10,10
45,7936,0.8174982635688238,1.6913372594701162e-06,0.1822697320769486,0.00023031301696785976,25,10,10
45,7937,0.8064973252310967,0.00012702822338389082,0.19336077124627607,1.4875299241615781e-05,25,10,10
45,7938,0.8902688936991199,2.2775407782052455e-06,0.10408517282529564,0.005643655934804211,25,10,10
45,7939,0.8635747655816755,1.582223060658602e-06,0.13070506114108554,0.005718591054177274,25,10,10
45,7940,0.8461572416636557,1.3524529446480972e-05,0.12714052261111322,0.02668871119578477,25,10,10
45,7941,0.7880925779867677,0.0001678313624967851,0.13465764341927314,0.07708194723146244,25,10,10
45,7942,0.8388167693213648,3.411616330443808e-05,0.09429319805610642,0.06685591645922394,25,10,10
45,7943,0.8100440800192018,1.0622250018877171e-05,0.12520033666222566,0.06474496106855392,25,10,10
45,7944,0.8199200199955257,1.1639263689950197e-06,0.1035590338867851,0.07651978219132094,25,10,10
45,7945,0.7741853052740321,1.8158157136989608e-06,0.15818868788351545,0.06762419102673674,25,10,10
45,7946,0.7685801732447919,1.4894216336697704e-06,0.19113592802808538,0.040282409305486155,25,10,10
45,7947,0.7913152350992536,9.05251802168409e-06,0.18505416174880276,0.023621550633920258,25,10,10
45,7948,0.8766776204945724,1.453107285233696e-05,0.12275988833017065,0.0005479601024039314,25,10,10
45,7949,0.8617230145487795,1.049619038221669e-05,0.13795615964077784,0.0003103296200608534,25,10,10
45,7950,0.9123170803450112,9.998004375125684e-06,0.08754930800094371,0.00012361364967114992,25,10,10
45,7951,0.8699643254849279,0.0003140446761446911,0.12954995602572095,0.00017167381320597796,25,10,10
45,7952,0.8768595891428962,1.0971728430242258e-05,0.1229487043768823,0.00018073475179145734,25,10,10
45,7953,0.8516609246035164,0.00031758586738287115,0.1479002535883712,0.00012123594072860983,25,10,10
45,7954,0.859739553118372,0.0003169137372498474,0.10029739615833559,0.039646136986042996,25,10,10
45,7955,0.792083712688665,0.0006831165221439105,0.16652762349415384,0.04070554729503632,25,10,10
45,7956,0.7705353198095957,2.157791119564327e-05,0.19114740405625397,0.03829569822295595,25,10,10
45,7957,0.7581674885184707,5.379843856168977e-06,0.19163600438838446,0.050191127249289834,25,10,10
45,7958,0.8942008328004479,1.0178392125371424e-05,0.06594723544387233,0.0398417533635546,25,10,10
45,7959,0.8594647728674052,2.3279788690326828e-05,0.1007053729791082,0.03980657436479778,25,10,10
45,7960,0.8155512881765838,2.3589817976004138e-05,0.14451004049976407,0.039915081505675486,25,10,10
45,7961,0.7590200497863946,5.8838440850054495e-05,0.22199199462382868,0.018929117148924396,25,10,10
45,7962,0.7948009877165447,7.289948775171659e-05,0.19751964478015707,0.0076064680155467366,25,10,10
45,7963,0.8257812138831835,3.538597303413608e-05,0.17080806895957681,0.003375331184204244,25,10,10
45,7964,0.8619700942283702,1.2262032025306248e-06,0.1379188483822866,0.00010983118614064668,25,10,10
45,7965,0.9016502866792492,1.2471205311402643e-06,0.09817202661562094,0.0001764395845995247,25,10,10
45,7966,0.8625798208898453,6.657477220637587e-07,0.13359052144365635,0.0038289919187744527,25,10,10
45,7967,0.9117711090719584,1.7471970708783231e-06,0.08799560905554675,0.00023153467542370618,25,10,10
45,7968,0.9118732248493764,1.2151449851612603e-05,0.08807478462225837,3.983907851312655e-05,25,10,10
45,7969,0.876587449290722,2.4709415763074247e-05,0.11599333445953575,0.007394506833979671,25,10,10
45,7970,0.912499188441828,8.662469690568926e-05,0.08731558869485033,9.859816641644906e-05,25,10,10
45,7971,0.8888295542158542,5.0822050788819645e-05,0.11092329036937632,0.00019633336398054824,25,10,10
45,7972,0.8969787432041845,2.6404478274427556e-05,0.10293953860436306,5.531371317845402e-05,25,10,10
45,7973,0.8383330902932998,1.6546918137881973e-05,0.16155051627895253,9.984650960768974e-05,25,10,10
45,7974,0.8356154965281886,1.1051761761147658e-05,0.16427978486669376,9.366684335378163e-05,25,10,10
45,7975,0.8368284290821151,1.3752333544505326e-05,0.15955715145457025,0.0036006671297683607,25,10,10
45,7976,0.7196199236394668,1.6449159883836292e-06,0.2469408150990386,0.033437616345503296,25,10,10
45,7977,0.6789740118558292,0.00040531491801301987,0.27718828145888075,0.043432391767272815,25,10,10
45,7978,0.7431011265523543,0.0028244590058889825,0.21054742905089377,0.04352698539086448,25,10,10
45,7979,0.7307215975037502,0.0026486035708423467,0.25877719180900427,0.007852607116403454,25,10,10
45,7980,0.8077096052549755,2.7471952423394714e-05,0.14012704656531258,0.05213587622728678,25,10,10
45,7981,0.7851681315450659,1.5456753376957497e-05,0.16263093074296509,0.05218548095859284,25,10,10
45,7982,0.7739828191904082,0.00041764694549622513,0.17346613071363115,0.05213340315046363,25,10,10
45,7983,0.8399672986083294,3.1503263595275005e-06,0.12294730935412676,0.0370822417111841,25,10,10
45,7984,0.9200590613702154,2.9739227149387595e-06,0.04356121869192218,0.03637674601514727,25,10,10
45,7985,0.8210500885007757,1.7128245039469445e-06,0.09951842368230715,0.079429774992411,25,10,10
45,7986,0.7262418337558028,5.407172064476011e-05,0.16804860405258712,0.1056554904709627,25,10,10
45,7987,0.7656001303251889,2.0881606118561245e-05,0.11815170869250187,0.11622727937619072,25,10,10
45,7988,0.7438683180853387,9.51783271117117e-07,0.13983126520164668,0.11629946492974277,25,10,10
45,7989,0.7865612341638318,1.7774951703308294e-06,0.17041544170008938,0.04302154664090623,25,10,10
45,7990,0.7619521034136393,7.197774542910746e-05,0.19823423342187835,0.03974168541905155,25,10,10
45,7991,0.7912278936607994,6.794146297493749e-06,0.16896837330640163,0.03979693888650157,25,10,10
45,7992,0.815079939268589,1.1467725028750533e-05,0.15212223946415468,0.03278635354222637,25,10,10
45,7993,0.7541970329025068,1.3140989621496983e-06,0.20561912915256253,0.04018252384596841,25,10,10
45,7994,0.7621038071685837,1.5738943772782642e-06,0.19697426759481218,0.04092035134222712,25,10,10
45,7995,0.6916610191662059,7.718284450765517e-05,0.2673844212906734,0.040877376698613944,25,10,10
45,7996,0.7885609589067784,3.0601789964999404e-06,0.17130272347397743,0.04013325744024376,25,10,10
45,7997,0.8533693445656528,8.480660578903914e-06,0.10664141041791622,0.03998076435585158,25,10,10
45,7998,0.8279132487493237,1.145708114910365e-05,0.1324065137451576,0.03966878042436748,25,10,10
45,7999,0.8354916029443996,4.258402238355361e-05,0.12481527992965741,0.03965053310355947,25,10,10
45,8000,0.8820619962832066,5.528305650082308e-06,0.0782717443525814,0.03966073105856203,25,10,10
45,8001,0.8126155811160438,2.657474211671472e-06,0.14541261625036137,0.04196914515938197,25,10,10
45,8002,0.8405729321241263,5.262913077016032e-06,0.11913317797698215,0.040288626985813786,25,10,10
45,8003,0.8055140687092468,2.0521318334343774e-05,0.18183478189309135,0.012630628079327163,25,10,10
45,8004,0.8174327515650313,4.0779459753049356e-05,0.16477101316332848,0.017755455811886957,25,10,10
45,8005,0.8693469741335962,2.847827229351713e-06,0.1286846681959633,0.001965509843211008,25,10,10
45,8006,0.8431867318790696,6.062339545558345e-07,0.15191249758695158,0.004900164300021051,25,10,10
45,8007,0.9497444579802219,2.2291816499117043e-06,0.05011682964671596,0.00013648319141268717,25,10,10
45,8008,0.9118634280001143,6.7569768431141595e-06,0.08804911104465915,8.070397838213e-05,25,10,10
45,8009,0.9242151494932495,2.9366636807101044e-07,0.07533390322686005,0.00045065361352274197,25,10,10
45,8010,0.883073383119308,3.510637416870337e-05,0.11663360693304792,0.00025790357347505366,25,10,10
45,8011,0.8330462180724766,7.716028514069102e-06,0.16673994953925075,0.0002061163597608709,25,10,10
45,8012,0.7203380421782487,2.9392671869278368e-05,0.2658999896318864,0.013732575517994677,25,10,10
45,8013,0.8019944006067438,0.00022418544300100026,0.19758721176190386,0.00019420218834968376,25,10,10
45,8014,0.8553814569792314,3.2079240870787335e-05,0.1404132970446206,0.004173166735275754,25,10,10
45,8015,0.8932604837415444,3.0878007677906886e-05,0.10662072685174906,8.791139902852942e-05,25,10,10
45,8016,0.8744866161889245,6.768038474238738e-05,0.12528326372659762,0.00016243969973438288,25,10,10
45,8017,0.8929349103454913,0.00026911046824440633,0.10372687270774066,0.00306910647852355,25,10,10
45,8018,0.9121052474907113,3.3889351113066334e-06,0.08782347804963032,6.788552454629701e-05,25,10,10
45,8019,0.9038355186789027,1.2381466947286907e-05,0.09560047981008489,0.0005516200440656251,25,10,10
45,8020,0.8941274478009882,1.665269747620506e-05,0.10357947736485972,0.002276422136673566,25,10,10
45,8021,0.8843977375364331,8.799812669147757e-06,0.11338454995125075,0.0022089126996449942,25,10,10
45,8022,0.7893602201548333,4.604346308974611e-05,0.20570252475065462,0.004891211631423325,25,10,10
45,8023,0.8062012512510289,4.632598205619866e-05,0.1893349056638784,0.004417517103038605,25,10,10
45,8024,0.9565142113528631,9.788997480119146e-07,0.04060991542391073,0.002874894323477882,25,10,10
45,8025,0.8758082525883973,2.0767522148421417e-05,0.12108556937041202,0.003085410519040236,25,10,10
45,8026,0.9199479161402353,1.5009920161643589e-06,0.07989726201008848,0.00015332085766069103,25,10,10
45,8027,0.8254633568915516,1.26906074911864e-05,0.1699434807128716,0.004580471788086865,25,10,10
45,8028,0.7905932025354105,6.8165760641759504e-06,0.2093362359989747,6.374488954980104e-05,25,10,10
45,8029,0.817194519613352,1.066666738249081e-05,0.18277840949670568,1.6404222557881904e-05,25,10,10
45,8030,0.7189571006066009,4.362644114157677e-06,0.2658423422774901,0.0151961944717935,25,10,10
45,8031,0.7184444680088571,5.1262372078874535e-06,0.26785458334736945,0.013695822406567604,25,10,10
45,8032,0.9025764997735459,1.066329537711815e-06,0.09735920912092948,6.322477598625521e-05,25,10,10
45,8033,0.866805131740133,3.487777699043534e-05,0.12831418678710949,0.004845803695765344,25,10,10
45,8034,0.8396906210119209,2.6735506612485426e-05,0.15597094526909738,0.00431169821237003,25,10,10
45,8035,0.8032856710105815,1.0156010728199288e-05,0.19237270095396844,0.004331472024722271,25,10,10
45,8036,0.8222566905270274,3.255505250458997e-05,0.14837319015347097,0.029337564266997993,25,10,10
45,8037,0.851357528803603,1.5677697983041474e-05,0.111019815703631,0.03760697779478313,25,10,10
45,8038,0.895673687249356,0.03684164603577402,0.02992306604485129,0.0375616006700184,25,10,10
45,8039,0.8834641083844914,0.01034603066420476,0.07851138041527404,0.02767848053602907,25,10,10
45,8040,0.8096550132875143,0.0016539517237835527,0.1608255142411737,0.02786552074752953,25,10,10
45,8041,0.8171075476570254,0.001665498163178152,0.14093327982260384,0.04029367435719286,25,10,10
45,8042,0.772912490687215,0.001656554919450751,0.18506029775839003,0.04037065663494541,25,10,10
45,8043,0.8459256196230416,4.452277308137443e-05,0.117004410875125,0.03702544672875169,25,10,10
45,8044,0.8716313334824526,0.0005669956785197231,0.09887694626595245,0.028924724573075333,25,10,10
45,8045,0.8684238043289322,2.5840540768752597e-06,0.10259396701384116,0.028979644603149664,25,10,10
45,8046,0.8573339389875484,2.0941558841331692e-05,0.10251712865682581,0.04012799079678344,25,10,10
45,8047,0.8774229856085866,2.6440022556303202e-06,0.12028525785359254,0.0022891125355651203,25,10,10
45,8048,0.8627072443064441,0.00018552440567431254,0.13476821539572942,0.002339015892151723,25,10,10
45,8049,0.8548267627496042,1.9494131017949247e-05,0.14326393288518335,0.0018898102341941714,25,10,10
45,8050,0.8499476696292586,4.195484839830281e-05,0.14807581833802178,0.0019345571843199854,25,10,10
45,8051,0.8239222139360158,6.425082653383568e-05,0.1740251133388164,0.0019884218986349345,25,10,10
45,8052,0.8489424316051084,3.00622886961626e-05,0.14900671415991515,0.0020207919462792863,25,10,10
45,8053,0.8011115829391393,0.0010963832822033946,0.1576833862727374,0.04010864750591764,25,10,10
45,8054,0.7941571592821951,0.010259511110905816,0.15528047213077792,0.04030285747612198,25,10,10
45,8055,0.8612587112039988,0.013321747739641999,0.08717484643355275,0.03824469462280626,25,10,10
45,8056,0.7798532024049112,3.892361460636649e-05,0.17798847989070155,0.04211939408978082,25,10,10
45,8057,0.7615022879209065,6.9088749806326e-05,0.1971695864383549,0.04125903689093271,25,10,10
45,8058,0.6842387862292029,4.9040346821061295e-05,0.2717746465878821,0.04393752683609303,25,10,10
45,8059,0.8076419250011265,0.0005311451407750324,0.18795796818269242,0.0038689616754055078,25,10,10
45,8060,0.8768468899134563,1.6825624018733785e-06,0.12314208344938533,9.344074755694498e-06,25,10,10
45,8061,0.9109677497659336,4.858516640912242e-07,0.08880580433193833,0.00022596005046421886,25,10,10
45,8062,0.8857999958418314,2.5831054426999058e-05,0.11056634519293579,0.0036078279108044484,25,10,10
45,8063,0.8267188031646701,2.7054929366664934e-05,0.1662228706410675,0.007031271264896201,25,10,10
45,8064,0.8689309009878751,0.00023014564726227767,0.12422632339240679,0.006612629972456481,25,10,10
45,8065,0.8798152087470109,3.5016550382814666e-05,0.11594598342266535,0.004203791279939785,25,10,10
45,8066,0.9152052579140357,1.161540028724427e-05,0.0813705097609148,0.003412616924762225,25,10,10
45,8067,0.875431793926705,2.9629487484260716e-05,0.12422509643670333,0.00031348014910847105,25,10,10
45,8068,0.8921207122163848,6.293883317718077e-05,0.10451801140359601,0.0032983375468430827,25,10,10
45,8069,0.833129726444033,3.9935075045390425e-06,0.139693154233226,0.027173125815234213,25,10,10
45,8070,0.856321377885169,6.6534169280213445e-06,0.11602152314944547,0.027650445548455492,25,10,10
45,8071,0.7945452676412781,0.0003507011519830383,0.15078329634890508,0.054320734857834195,25,10,10
45,8072,0.7535560511692552,0.00034991728271087624,0.20550519633723036,0.040588835210802365,25,10,10
45,8073,0.8082451328245555,0.0003764085892846329,0.15133489846856368,0.0400435601175953,25,10,10
45,8074,0.7856717530513277,1.8524910010854105e-06,0.18100546327533004,0.03332093118234223,25,10,10
45,8075,0.7971357026876915,1.7969856157158004e-05,0.1653084905779162,0.03753783687823661,25,10,10
45,8076,0.7930696027223533,7.636797976201548e-05,0.17565652425869088,0.03119750503919282,25,10,10
45,8077,0.776145378021299,1.7672984524484974e-05,0.1908669725838253,0.0329699764103513,25,10,10
45,8078,0.7586514263282597,1.916273268294752e-06,0.1990893134195601,0.04225734397891257,25,10,10
45,8079,0.8104015046238905,3.369330787229399e-05,0.14746864193632517,0.04209616013191091,25,10,10
45,8080,0.8002630281185454,4.341669504322134e-07,0.16005373952271873,0.03968279819178642,25,10,10
45,8081,0.8012184279907999,1.8058393965015366e-06,0.15419280162254345,0.04458696454726102,25,10,10
45,8082,0.8243697792428992,9.635643148967903e-07,0.13519316567789302,0.04043609151489341,25,10,10
45,8083,0.7417300095304974,1.913271573657549e-05,0.19087517082355154,0.06737568693021329,25,10,10
45,8084,0.7362244620016486,9.653764300983126e-06,0.22404967813536986,0.039716206098679804,25,10,10
45,8085,0.7999602634165242,8.860795522573905e-06,0.15690443054576128,0.04312644524219325,25,10,10
45,8086,0.848109768681542,4.788483760912367e-05,0.11201557942548117,0.039826767055369194,25,10,10
45,8087,0.8947154260545715,5.028431166198118e-05,0.06502370116417966,0.04021058846958708,25,10,10
45,8088,0.8072542250216594,5.07561800254911e-06,0.16798971265416454,0.024750986706171197,25,10,10
45,8089,0.8386706845680061,1.4608459784124618e-06,0.12129367177189604,0.040034182814118954,25,10,10
45,8090,0.847904466720656,1.3155819388360578e-06,0.15160129208011003,0.0004929256172929743,25,10,10
45,8091,0.8156967985928434,0.0006690096651914667,0.1759063925135283,0.007727799228436904,25,10,10
45,8092,0.8094940854778082,8.33058376349143e-07,0.18280653292824767,0.007698548535564734,25,10,10
45,8093,0.8726496189812927,2.099458150746363e-05,0.11922069722638984,0.008108689210809528,25,10,10
45,8094,0.8274272593755768,1.281792914016864e-05,0.1719453016716883,0.0006146210235934098,25,10,10
45,8095,0.778266226402187,1.188448539428329e-05,0.22159029497507263,0.00013159413734545035,25,10,10
45,8096,0.8344698611774326,4.1457135693524606e-05,0.16523776517880237,0.00025091650807171936,25,10,10
45,8097,0.8374508776634505,7.222139700011698e-05,0.1621291223844213,0.00034777855512657646,25,10,10
45,8098,0.7986335147989869,7.263034047173009e-05,0.1995613656974223,0.0017324891631178634,25,10,10
45,8099,0.8561337579950598,7.64891316792068e-07,0.14237858040702434,0.0014868967065995856,25,10,10
45,8100,0.9259904130949298,1.3958601114115782e-05,0.07398923777568431,6.39052827174494e-06,25,10,10
45,8101,0.8288976138738084,1.7188619599515814e-05,0.12936577881453915,0.041719418692052146,25,10,10
45,8102,0.8228198655497103,1.0260364591887817e-05,0.09785153683359994,0.0793183372520978,25,10,10
45,8103,0.7485092572393889,2.5779971226130615e-05,0.17027542801168738,0.08118953477769816,25,10,10
45,8104,0.7035630816947449,4.7383903018076464e-06,0.21744162101876036,0.07899055889619161,25,10,10
45,8105,0.7166919985269048,5.724356603722193e-06,0.18279340208433437,0.10050887503215511,25,10,10
45,8106,0.7885573653237432,6.078642200373671e-07,0.09564885349765026,0.115793173314387,25,10,10
45,8107,0.7397573021559382,2.340562755582085e-05,0.14433760844050714,0.11588168377599814,25,10,10
45,8108,0.7457195908002134,2.5564242698763674e-06,0.1386586228338696,0.1156192299416441,25,10,10
45,8109,0.7324971598386361,0.00025473415634502385,0.15402869250007548,0.1132194135049427,25,10,10
45,8110,0.6695511476872101,0.0002539536410642914,0.16611268757032785,0.16408221110139773,25,10,10
45,8111,0.7507520099276916,1.2304173094331716e-05,0.1235766588241945,0.1256590270750185,25,10,10
45,8112,0.7385705713217092,3.85105432120296e-06,0.136041324255608,0.1253842533683614,25,10,10
45,8113,0.6961332853614706,2.4763558608659685e-05,0.1386949587302051,0.16514699234971608,25,10,10
45,8114,0.6994687761404276,1.4383671822000542e-05,0.1574001644582393,0.14311667572951012,25,10,10
45,8115,0.5959493898912441,6.0298323759407144e-06,0.2797939290910075,0.12425065118537387,25,10,10
45,8116,0.7591494917975677,7.470076344884157e-06,0.09449559258425459,0.1463474455418338,25,10,10
45,8117,0.6712383512775605,7.504680106118874e-06,0.18238171817620252,0.14637242586612983,25,10,10
45,8118,0.6532953294466646,7.960835058363222e-06,0.17516540093543145,0.1715313087828445,25,10,10
45,8119,0.6438755316811837,3.205323093565474e-06,0.20143072099130926,0.15469054200441268,25,10,10
45,8120,0.6309696522764127,1.4248629554620716e-05,0.25728993721409954,0.11172616187993827,25,10,10
45,8121,0.6993107712933292,1.5652383287514583e-05,0.1715220863689559,0.12915148995442674,25,10,10
45,8122,0.6973181183978318,2.2793841291639275e-05,0.2194683253657954,0.08319076239508245,25,10,10
45,8123,0.8031987702171464,2.780509983047167e-05,0.15322228684330624,0.04355113783971782,25,10,10
45,8124,0.8453901623827291,9.478962889470897e-06,0.11500137619804943,0.039598982456334156,25,10,10
45,8125,0.8968372010046443,8.240428853248172e-06,0.08921498063773324,0.013939577928768938,25,10,10
45,8126,0.9289225358390395,1.9162981070713567e-05,0.07104302874075423,1.5272439136066312e-05,25,10,10
45,8127,0.7846761626495774,1.731945371965522e-05,0.21357608033650036,0.0017304375601992234,25,10,10
45,8128,0.7339900064030946,3.137773719276491e-05,0.26419353889394,0.0017850769657718668,25,10,10
45,8129,0.803075240472535,2.6154500936475895e-05,0.19612479717223127,0.0007738078542958649,25,10,10
45,8130,0.7176734296830162,1.9332828993517188e-05,0.2806693217325315,0.0016379157554591995,25,10,10
45,8131,0.7256006731826613,1.686787825211612e-05,0.274276958169871,0.00010550076921534252,25,10,10
45,8132,0.808921731337675,9.988021927248969e-06,0.19099215485958446,7.612578081223704e-05,25,10,10
45,8133,0.8922027248193669,2.0477296415521798e-05,0.10776175800042528,1.503988379285789e-05,25,10,10
45,8134,0.7806003647961484,1.6270879852267679e-06,0.2191359342431904,0.0002620738726762217,25,10,10
45,8135,0.777244503060146,2.969454710236887e-06,0.21943253409955218,0.003319993385592468,25,10,10
45,8136,0.7757897812257589,5.467991870575284e-05,0.2210979952241793,0.0030575436313551936,25,10,10
45,8137,0.842023052944473,0.00027334576088972843,0.15506315297540957,0.002640448319229176,25,10,10
45,8138,0.8452847146029739,0.0002854006282597465,0.1540117574004162,0.00041812736834952494,25,10,10
45,8139,0.8515622767984891,0.0003456274154149929,0.1435391007304566,0.004552995055638022,25,10,10
45,8140,0.8228751140345584,0.0003703569033009806,0.1719707555864636,0.004783773475678338,25,10,10
45,8141,0.801401033351098,0.0003344801931877944,0.19643332557235763,0.0018311608833581092,25,10,10
45,8142,0.8763504576845753,8.24007103477983e-06,0.12347898153856676,0.00016232070582299936,25,10,10
45,8143,0.7780195063093661,6.163963662524624e-05,0.22171645658910522,0.0002023974649037834,25,10,10
45,8144,0.9066677958051786,1.309518329047638e-06,0.08597085318739227,0.0073600414890998625,25,10,10
45,8145,0.9162742205789813,2.4864854809360964e-06,0.08365747120894516,6.582172659132756e-05,25,10,10
45,8146,0.8701384846481877,3.4808281656729365e-06,0.1298429116999832,1.5122823661856298e-05,25,10,10
45,8147,0.8642969277490278,1.4059549905794967e-06,0.13221253522110643,0.003489131074874278,25,10,10
45,8148,0.8373058730495684,1.9471415372511107e-06,0.1622790002175324,0.00041317959136287925,25,10,10
45,8149,0.8299634870635901,7.28884709145471e-06,0.15788555240380847,0.012143671685510046,25,10,10
45,8150,0.7983639421225647,2.389893158561205e-05,0.15022573547772755,0.05138642346811965,25,10,10
45,8151,0.7547946315856001,1.1152459775972551e-05,0.1653187376455739,0.07987547830904737,25,10,10
45,8152,0.868934613952955,7.33094430962831e-06,0.09094349408456984,0.04011456101816485,25,10,10
45,8153,0.8490736983531673,3.3894820850992003e-06,0.11049843430466467,0.04042447786008121,25,10,10
45,8154,0.7947002188473317,0.00030819832019915385,0.15953696862950825,0.0454546142029578,25,10,10
45,8155,0.7568541830927003,2.8871206094525714e-06,0.20227235979031677,0.04087056999637822,25,10,10
45,8156,0.8625634490020603,1.929751864927475e-06,0.12205331811747552,0.015381303128599396,25,10,10
45,8157,0.8291621295484626,1.8862030163519235e-06,0.16762107601796022,0.0032149082305616573,25,10,10
45,8158,0.8619206884804362,2.214983151401604e-06,0.13254099396560207,0.005536102570809178,25,10,10
45,8159,0.8448457636865625,0.00026551803945566965,0.15475662615182906,0.00013209212215132057,25,10,10
45,8160,0.8185797882393347,0.00030350925945149125,0.18099614311033885,0.00012055939087339058,25,10,10
45,8161,0.8718607503587067,2.6657223081572816e-05,0.12770509425754029,0.00040749816067020095,25,10,10
45,8162,0.7446924006564062,1.8423818400311634e-05,0.25485799030076217,0.00043118522443170873,25,10,10
45,8163,0.7580258505152615,6.947382552911014e-05,0.24086094125564336,0.0010437344035667314,25,10,10
45,8164,0.8060718852516172,1.872896457693079e-05,0.1791980205661102,0.014711365217695883,25,10,10
45,8165,0.8312864017784201,9.121679742238048e-06,0.156932703405358,0.011771773136477023,25,10,10
45,8166,0.8257718340024386,2.2944453069591134e-06,0.12901907080833744,0.045206800743915754,25,10,10
45,8167,0.8697797957605903,7.691545070622216e-06,0.08214885250522787,0.0480636601891098,25,10,10
45,8168,0.7714167165241528,7.261551406159983e-05,0.19394930321123394,0.034561364750553165,25,10,10
45,8169,0.8616734182902132,2.570921332942303e-05,0.1012421630434908,0.0370587094529652,25,10,10
45,8170,0.8368339742185769,0.00022717623197095877,0.12600817634815614,0.036930673201294326,25,10,10
45,8171,0.8978485481161529,0.00022494877883429747,0.07078430771862732,0.031142195386385834,25,10,10
45,8172,0.828065053569123,0.00022682383648122038,0.1469006468618549,0.024807475732541127,25,10,10
45,8173,0.8143164092817483,0.00029549726306109285,0.16039876918425347,0.024989324270935982,25,10,10
45,8174,0.8155678997991598,0.00023728910169947765,0.1350625526632,0.04913225843593952,25,10,10
45,8175,0.7804512897131692,4.555823466436288e-06,0.17919038442309543,0.04035377004026517,25,10,10
45,8176,0.6926712686407199,1.3460402760205495e-05,0.22823279189084425,0.07908247906567516,25,10,10
45,8177,0.7937024182652513,3.6881497073785326e-05,0.16926483320574234,0.03699586703192807,25,10,10
45,8178,0.8276549117658906,4.4163517505061255e-05,0.14641120687512343,0.025889717841478067,25,10,10
45,8179,0.7810311915785249,2.3219694673385267e-06,0.1862725792335387,0.03269390721846776,25,10,10
45,8180,0.7888094992320118,1.5138992408187078e-06,0.17116369123065017,0.04002529563809901,25,10,10
45,8181,0.7967718359837187,2.632835354580838e-06,0.16329364819581216,0.039931882985115484,25,10,10
45,8182,0.8564994156496063,1.644354381858695e-06,0.1038405192250279,0.03965842077098283,25,10,10
45,8183,0.8738623518256091,1.3036135531749274e-05,0.08646841762710816,0.039656194411750514,25,10,10
45,8184,0.782397092454018,3.3538049018511134e-06,0.17773091088722812,0.03986864285384967,25,10,10
45,8185,0.8318873239288109,2.492679532776668e-06,0.1283235673605702,0.03978661603108585,25,10,10
45,8186,0.8368639542882569,7.882770359076367e-06,0.12348436557963267,0.03964379736175162,25,10,10
45,8187,0.8228868054295685,2.6696303586009933e-07,0.13749530551623734,0.039617622091158745,25,10,10
45,8188,0.8029521592269524,7.490569129255572e-07,0.15743865823617642,0.03960843347995847,25,10,10
45,8189,0.8558624542126775,9.075687071732714e-07,0.10447407260005942,0.03966256561855648,25,10,10
45,8190,0.8834715508184076,6.297817910896561e-07,0.07684913781248191,0.03967868158731922,25,10,10
45,8191,0.8393460364146292,5.973122951152558e-07,0.12093734887031106,0.03971601740276459,25,10,10
45,8192,0.7792713932764357,1.8843092381817889e-06,0.18107650032679307,0.03965022208753097,25,10,10
45,8193,0.8357000490903878,1.7474149782852463e-06,0.13270196752970012,0.031596235964933606,25,10,10
45,8194,0.827420650486759,5.203045407681807e-06,0.13332172295701467,0.03925242351081749,25,10,10
45,8195,0.8489530106234655,2.405195583817095e-06,0.11404113709915369,0.037003447081796426,25,10,10
45,8196,0.7737563280067212,0.0004744707537188631,0.19171253449374176,0.03405666674581797,25,10,10
45,8197,0.8449975914107687,2.0725693798195716e-05,0.12088768335068108,0.034093999544751404,25,10,10
45,8198,0.804883965553879,2.670834529464516e-06,0.1491279123109188,0.04598545130067132,25,10,10
45,8199,0.7541567828579042,1.3093359252858405e-06,0.23764397909792614,0.00819792870824493,25,10,10
45,8200,0.8371198974959734,1.5206835527485948e-06,0.13509666278783627,0.027781919032634547,25,10,10
45,8201,0.7829615466201489,0.0003502947385164623,0.18940510132681318,0.027283057314522213,25,10,10
45,8202,0.7176635189851669,0.007505206249306575,0.2498549669946698,0.02497630777085794,25,10,10
45,8203,0.68136362064723,0.002340750522870001,0.2837932027888617,0.032502426041031034,25,10,10
45,8204,0.7882960384667317,0.0020509658526126798,0.1644807044038548,0.045172291276801904,25,10,10
45,8205,0.8486735446424589,0.002049465435947185,0.10400745716973565,0.045269532751857626,25,10,10
45,8206,0.7850279692672792,2.891240695268243e-05,0.1751537958004147,0.03978932252535356,25,10,10
45,8207,0.8404765563262546,1.3420922208833104e-05,0.11576287021306159,0.04374715253847465,25,10,10
45,8208,0.7132198847364389,0.00047609155778729215,0.2314141229992216,0.05488990070654995,25,10,10
45,8209,0.7513985504115246,1.1214653377091097e-05,0.17876392078706568,0.06982631414803214,25,10,10
45,8210,0.7305619240666288,0.0001537426720508344,0.18772616430837727,0.08155816895294236,25,10,10
45,8211,0.760561881643199,2.1788648029050153e-06,0.13208833021791855,0.10734760927407923,25,10,10
45,8212,0.8168439531928178,2.7944294952559667e-07,0.07459907497081203,0.10855669239342054,25,10,10
45,8213,0.778754971960336,1.0087404578808498e-06,0.10179572888901633,0.11944829041018994,25,10,10
45,8214,0.7763797408378469,1.3470287620943734e-05,0.1347089240786923,0.08889786479583955,25,10,10
45,8215,0.7913390724613477,1.224669980307591e-06,0.12166283707872219,0.0869968657899502,25,10,10
45,8216,0.7549223804040366,3.3347155854356673e-06,0.12578873454200917,0.11928555033836837,25,10,10
45,8217,0.7567008989269697,1.1925062079740816e-05,0.12163065503242755,0.12165652097852277,25,10,10
45,8218,0.8079537256774956,7.229537329869213e-07,0.07329278988583487,0.11875276148293627,25,10,10
45,8219,0.8064619411303003,2.572763267586537e-06,0.19001244260659408,0.0035230434998369505,25,10,10
45,8220,0.7341763047298241,2.965655907544279e-05,0.2621527715921853,0.003641267118916821,25,10,10
45,8221,0.8326964353591088,1.986157116641273e-05,0.16284914282103938,0.004434560248682221,25,10,10
45,8222,0.8375619413492916,2.4385854108191216e-06,0.1620746731382079,0.00036094692708978305,25,10,10
45,8223,0.8800045053078321,0.00029782945424578725,0.11346253064134838,0.006235134596572339,25,10,10
45,8224,0.8848955916856522,0.00030755736659619917,0.11309548549712269,0.0017013654506286499,25,10,10
45,8225,0.9073212057855105,1.1056283279114966e-06,0.09249418367945887,0.0001835049067009584,25,10,10
45,8226,0.8698950916773143,1.1702780834317308e-06,0.12984567977039707,0.00025805827420411734,25,10,10
45,8227,0.8784015842028581,2.0062842219444904e-06,0.12131040341914014,0.0002860060937785844,25,10,10
45,8228,0.8769711384477122,2.671880814421486e-06,0.12269785737284707,0.00032833229862721315,25,10,10
45,8229,0.9123714764987619,1.1276660009903348e-06,0.0867036235502262,0.0009237722850112323,25,10,10
45,8230,0.8854080058495174,0.000563541653403924,0.11395309845029335,7.535404678559627e-05,25,10,10
45,8231,0.8850458039281279,0.0005631794864899499,0.11425545506442523,0.000135561520955415,25,10,10
45,8232,0.9085190046590816,8.362688367926897e-07,0.09141945067408372,6.0708397995761e-05,25,10,10
45,8233,0.8382508647158573,1.3877029820054403e-05,0.12214577406975913,0.03958948418456318,25,10,10
45,8234,0.8051834250548547,4.16727384320856e-05,0.15482557453043325,0.039949327676278595,25,10,10
45,8235,0.6525421376179245,0.0003354849123685455,0.2654711833719751,0.08165119409773179,25,10,10
45,8236,0.7088618194214117,0.0010487497709409225,0.24560186034338222,0.04448757046426567,25,10,10
45,8237,0.786934658212767,0.001062421808307197,0.2031367190796649,0.008866200899259158,25,10,10
45,8238,0.8295512840344973,3.8665862107995963e-05,0.17031808561817058,9.196448522364333e-05,25,10,10
45,8239,0.8257248631263802,4.032775410763583e-05,0.17384951379191077,0.0003852953276011553,25,10,10
45,8240,0.7971264905353056,8.196696672291283e-06,0.18618427636102886,0.016681036406991413,25,10,10
45,8241,0.7444495218679527,0.012197184173415683,0.2144180003301863,0.028935293628447867,25,10,10
45,8242,0.6641471621255532,0.00025204851309417175,0.30725627676694506,0.028344512594405392,25,10,10
45,8243,0.7636281016767487,0.00023634591734200162,0.1959657052936742,0.040169847112233585,25,10,10
45,8244,0.6565694126697024,0.0017550761483074873,0.3015510565009458,0.04012445468104381,25,10,10
45,8245,0.7606681505455865,0.0017517868013092095,0.21397194686653312,0.02360811578657033,25,10,10
45,8246,0.8033054636712503,0.001742670765942363,0.16714324894952629,0.02780861661328024,25,10,10
45,8247,0.80021272763193,5.826371410196316e-06,0.19908516001761725,0.000696285979043524,25,10,10
45,8248,0.7207715238458147,3.3574532559458516e-06,0.24837983068350622,0.03084528801742408,25,10,10
45,8249,0.8007566203846105,9.725094566655134e-07,0.15150427964766977,0.04773812745826147,25,10,10
45,8250,0.8032424663634036,3.0413075199343035e-06,0.14354928193083846,0.053205210398238216,25,10,10
45,8251,0.8443187130157804,4.139513322064463e-06,0.11228370633476159,0.04339344113613482,25,10,10
45,8252,0.8026243041272609,8.405478872183191e-05,0.15778752787436284,0.0395041132096502,25,10,10
45,8253,0.7930369357272928,8.448794654320397e-05,0.16982363671492817,0.03705493961123629,25,10,10
45,8254,0.8101051185171309,2.216613644434733e-06,0.18901537543220176,0.000877289437023848,25,10,10
45,8255,0.8310105099267073,7.776710909755711e-07,0.16889230229853638,9.641010366329962e-05,25,10,10
45,8256,0.7319721061422457,4.126407720345606e-06,0.2678589809995076,0.000164786450525707,25,10,10
45,8257,0.806126345556358,4.053581879175134e-06,0.16071552790912524,0.033154072952636594,25,10,10
45,8258,0.7708742032811777,4.114411986131413e-06,0.21272171582197305,0.016399966484863894,25,10,10
45,8259,0.8130669856812177,1.3356426252539143e-06,0.14675360141034102,0.04017807726581614,25,10,10
45,8260,0.8510862164601848,9.441648489519703e-06,0.10853714278668077,0.04036719910464606,25,10,10
45,8261,0.7922867578965687,1.0163922040238017e-05,0.16463719873986077,0.04306587944152938,25,10,10
45,8262,0.7563844608978166,1.1232681257787266e-05,0.20060674627253827,0.042997560148386536,25,10,10
45,8263,0.7258993481728585,9.996104019445474e-06,0.23081365646684282,0.04327699925628001,25,10,10
45,8264,0.8298974813552514,3.045892801124904e-07,0.12930697281879142,0.04079524123667665,25,10,10
45,8265,0.873144998107175,5.099034858466503e-05,0.08655977930396645,0.0402442322402736,25,10,10
45,8266,0.8089248731870536,4.0126358102422574e-05,0.15085348800715764,0.04018151244768523,25,10,10
45,8267,0.7504576564130173,4.094626429376973e-06,0.2096298036766785,0.039908445283876624,25,10,10
45,8268,0.7612347362933031,0.00026131521741491493,0.19749312245941686,0.04101082602986462,25,10,10
45,8269,0.8037887098897953,2.1623749931841548e-06,0.14512796308228684,0.05108116465292496,25,10,10
45,8270,0.7859303698641132,1.1284586875490299e-05,0.17352930074693593,0.04052904480207273,25,10,10
45,8271,0.8526923670334662,1.0016963571584224e-05,0.10720479851410185,0.04009281748886018,25,10,10
45,8272,0.8453967333723075,1.0419217255353313e-05,0.11457468970451348,0.04001815770592436,25,10,10
45,8273,0.8342581884019112,3.884675711447333e-05,0.13687510568590838,0.028827859155064334,25,10,10
45,8274,0.8281405377917173,3.778438768000209e-05,0.13169399865813783,0.040127679162464513,25,10,10
45,8275,0.8247263612530545,3.281497290259196e-05,0.13531822069733127,0.039922603076711805,25,10,10
45,8276,0.8481430508880498,4.363403105364104e-05,0.11227885943158351,0.03953445564931362,25,10,10
45,8277,0.8112827282492296,1.1532959330601697e-05,0.14917536773661785,0.03953037105482174,25,10,10
45,8278,0.7676657443341426,2.883593547704412e-05,0.190468294772113,0.04183712495826443,25,10,10
45,8279,0.7958805820444103,1.863395672821359e-05,0.16432755323967727,0.039773230759183716,25,10,10
45,8280,0.6361515817864359,1.2233216052336403e-05,0.3235248227972282,0.04031136220028439,25,10,10
45,8281,0.806879811310827,2.2579241714848308e-06,0.13290278375211032,0.06021514701289133,25,10,10
45,8282,0.8161495553100745,3.0161333527470785e-06,0.10411653949429793,0.07973088906227421,25,10,10
45,8283,0.7390993147541853,2.849213505056217e-06,0.18113512906150053,0.07976270697080849,25,10,10
45,8284,0.7631435399311635,2.7671176627962098e-06,0.16781966824339725,0.0690340247077759,25,10,10
45,8285,0.7086465730410335,3.8933375672522904e-05,0.21557329804137704,0.07574119554191543,25,10,10
45,8286,0.709938366730606,0.00022505275458236607,0.22368131302159194,0.06615526749321943,25,10,10
45,8287,0.7984461382911684,2.7007486150479197e-06,0.12608603511494312,0.07546512584527142,25,10,10
45,8288,0.7630884911606511,3.02379421346391e-06,0.16096074241982058,0.07594774262531288,25,10,10
45,8289,0.735244168317565,1.8010328943222229e-06,0.1873457537853436,0.07740827686419478,25,10,10
45,8290,0.6703459558449524,0.0069544442852441405,0.2420721233348417,0.08062747653496352,25,10,10
45,8291,0.8216510289699976,0.006955111221981688,0.1053493613409115,0.0660444984671077,25,10,10
45,8292,0.7750135148076163,0.018682951888686926,0.13717259649291275,0.06913093681078034,25,10,10
45,8293,0.7305627637064072,0.010203817706911138,0.19162011482589705,0.06761330376078672,25,10,10
45,8294,0.689858482219599,0.010030088574376601,0.2624783423172156,0.03763308688880811,25,10,10
45,8295,0.7732038252574047,0.010333886273759812,0.18484981141561316,0.031612477053220026,25,10,10
45,8296,0.8053276967635574,0.010318966778250022,0.1445051315608062,0.03984820489738596,25,10,10
45,8297,0.7750169565787135,0.014079802483211647,0.17099504318730774,0.03990819775076457,25,10,10
45,8298,0.7596469817290312,0.014080769439550854,0.18667894928001208,0.039593299551405135,25,10,10
45,8299,0.6812388282459944,2.8796139954986236e-05,0.2789434935057593,0.03978888210829289,25,10,10
45,8300,0.7284271246494696,1.352580740855953e-05,0.252204668335321,0.019354681207801004,25,10,10
45,8301,0.7925531740370941,2.7823259598863453e-06,0.17833044135874615,0.02911360227819697,25,10,10
45,8302,0.7582153949411301,1.7704775069548227e-05,0.21657385035165327,0.025193049932146248,25,10,10
45,8303,0.8570756688649085,7.896096376200449e-06,0.12315829272577769,0.019758142312937904,25,10,10
45,8304,0.83603878017717,1.3266276501745246e-05,0.16070148888184785,0.0032464646644788115,25,10,10
45,8305,0.7730052549862689,1.327102728336259e-05,0.215641135723962,0.011340338262483748,25,10,10
45,8306,0.8104861496550506,9.98595452560275e-07,0.17906377369420312,0.010449078055293543,25,10,10
45,8307,0.8415414560488117,1.4605251463697358e-05,0.15068649911615167,0.007757439583572986,25,10,10
45,8308,0.8771722811415983,2.2896804074870618e-06,0.12250900395553536,0.0003164252224610121,25,10,10
45,8309,0.9317220567968733,2.036300007256053e-06,0.06795588498022549,0.0003200219228935311,25,10,10
45,8310,0.7923091684725803,6.520173584242264e-06,0.16694152505471954,0.04074278629911615,25,10,10
45,8311,0.8293323768694429,7.717571930057778e-07,0.1332077177530949,0.03745913362026757,25,10,10
45,8312,0.8053299309950236,7.129865161803233e-07,0.15713687251748712,0.03753248350097232,25,10,10
45,8313,0.770249119663082,0.00037272653503746993,0.19197737294097672,0.03740078086090341,25,10,10
45,8314,0.8945602763106244,7.746011860858975e-06,0.068422081651031,0.037009896026483975,25,10,10
45,8315,0.8681378915732679,0.00022955042533703707,0.09163511122078324,0.03999744678060965,25,10,10
45,8316,0.8438448279288789,0.0002334752724419893,0.11383094558006933,0.042090751218611236,25,10,10
45,8317,0.9093266105558588,1.1140653446140698e-06,0.047389751275535484,0.04328252410326093,25,10,10
45,8318,0.8481585704301735,1.1817551143953745e-05,0.10838706367611067,0.04344254834256871,25,10,10
45,8319,0.9264808578708476,1.2504228711286302e-05,0.03350357969219909,0.040003058208242015,25,10,10
45,8320,0.812275269965697,0.00010639001254612019,0.1358280312154724,0.0517903088062822,25,10,10
45,8321,0.8069962383500924,2.5917037220578364e-05,0.15329475780670584,0.039683086805977937,25,10,10
45,8322,0.8605849003444294,1.133952777618707e-05,0.09965979422475002,0.039743965903043736,25,10,10
45,8323,0.8898110636310703,2.493375150376403e-05,0.07036710606120355,0.03979689655622258,25,10,10
45,8324,0.7888310642310798,2.330992813894823e-05,0.17085167709413693,0.040293948746643965,25,10,10
45,8325,0.7888992291209179,2.825346613194357e-06,0.17124375468584727,0.03985419084662103,25,10,10
45,8326,0.841076676510555,1.0921792374825248e-05,0.1188454718568336,0.04006692984023386,25,10,10
45,8327,0.7850524470465856,1.2479350625063096e-05,0.17401213821688663,0.0409229353859071,25,10,10
45,8328,0.7906483293354851,1.0347790986850825e-05,0.16229831467405836,0.04704300819946934,25,10,10
45,8329,0.8059748102013896,5.72403674146056e-06,0.1539679310964633,0.040051534665405016,25,10,10
45,8330,0.7918683586249742,1.6770957528725228e-07,0.1683371316540229,0.03979434201142847,25,10,10
45,8331,0.7635916560572719,0.0021269611475105703,0.1941690552823115,0.04011232751290508,25,10,10
45,8332,0.7885042366519873,6.475606828845795e-05,0.16825336834645416,0.043177638933270826,25,10,10
45,8333,0.7893439375448689,3.113163638045099e-05,0.160710629384478,0.049914301434271786,25,10,10
45,8334,0.8608068186092207,2.3030738790998303e-05,0.09942873922681146,0.03974141142517666,25,10,10
45,8335,0.8692228244042702,9.689267827920557e-05,0.09082710912269114,0.03985317379475918,25,10,10
45,8336,0.8705169343181565,7.440742488619535e-05,0.08950623204254755,0.03990242621440928,25,10,10
45,8337,0.843754620508917,3.5303941029328894e-07,0.12065093919084281,0.03559408726082841,25,10,10
45,8338,0.8472057616210306,0.0002992698834478201,0.11667241590671303,0.03582255258880626,25,10,10
45,8339,0.7706057253075081,2.9744758482283286e-05,0.18940688817248588,0.039957641761523444,25,10,10
45,8340,0.8664515666736041,9.867208727187133e-06,0.08232538563120036,0.05121318048646829,25,10,10
45,8341,0.8933357794588521,1.3345042290051503e-05,0.06684610008750123,0.039804775411355166,25,10,10
45,8342,0.7903460980794421,2.228009534897715e-05,0.16954314084552627,0.040088480979681276,25,10,10
45,8343,0.7201865121075843,9.622847132998312e-06,0.23781075761296327,0.04199310743232125,25,10,10
45,8344,0.7696990431311409,1.3355891337182787e-06,0.19016158050342383,0.04013804077630021,25,10,10
45,8345,0.8401903328230224,1.7465672750611015e-06,0.153031636256416,0.006776284353287814,25,10,10
45,8346,0.8434841906554398,1.5148173660970433e-06,0.14508019568601208,0.011434098841182157,25,10,10
45,8347,0.8708659317464249,1.5082020472535444e-06,0.12056196481375127,0.008570595237776299,25,10,10
45,8348,0.8915590996939483,1.0804987031852498e-06,0.10129059409142577,0.007149225715922395,25,10,10
45,8349,0.9049743760446117,9.25489491769202e-06,0.08747172345723608,0.007544645603234773,25,10,10
45,8350,0.8725680668646457,9.939607676935436e-06,0.12003217778127054,0.0073898157464077656,25,10,10
45,8351,0.8949251085486043,8.23366519608128e-06,0.10493169602082145,0.00013496176537757673,25,10,10
45,8352,0.9066212820653173,0.0005036037605861047,0.09276862791082782,0.0001064862632672733,25,10,10
45,8353,0.8787489214650313,9.269216996797192e-05,0.12058458108831566,0.0005738052766827864,25,10,10
45,8354,0.7921582191551146,9.138665611375635e-05,0.20739872900057385,0.00035166518819565744,25,10,10
45,8355,0.7548757572766882,0.00026900375409848355,0.23641754374251445,0.008437695226700266,25,10,10
45,8356,0.8623261018691183,1.2260935018206966e-06,0.12998446820152984,0.0076882038358499945,25,10,10
45,8357,0.849295311135414,6.45211117933803e-06,0.1468199696879242,0.0038782670654810324,25,10,10
45,8358,0.8422504622808934,2.9685667020339944e-05,0.1195205211879915,0.03819933086409391,25,10,10
45,8359,0.8542534612532284,1.1741738158969499e-05,0.10586883896099306,0.0398659580476214,25,10,10
45,8360,0.8822231483292085,1.7776346783611877e-06,0.07722206288068216,0.04055301115543095,25,10,10
45,8361,0.874652534304925,1.2517751728304791e-06,0.08490377148231745,0.04044244243758365,25,10,10
45,8362,0.8066207858186009,0.009991270417796806,0.142531340284859,0.0408566034787406,25,10,10
45,8363,0.8599022062949697,0.00794706124436225,0.09139053802271127,0.04076019443795497,25,10,10
45,8364,0.8059469221774972,0.010702287209907325,0.14257666091654977,0.04077412969604402,25,10,10
45,8365,0.7579700332669255,0.010651504648527408,0.1943317694047232,0.0370466926798222,25,10,10
45,8366,0.7475273404616465,0.012589416314045558,0.23187564092745197,0.008007602296856748,25,10,10
45,8367,0.7943457492989633,0.013283217312365335,0.1920747209603691,0.00029631242829979474,25,10,10
45,8368,0.7863539818368008,0.01327880159471745,0.2001928644622227,0.0001743521062581693,25,10,10
45,8369,0.8468913133106316,0.012705933910656724,0.14019372681822445,0.00020902596048611843,25,10,10
45,8370,0.7634542838691342,0.003979582406737,0.20932519269890684,0.02324094102522167,25,10,10
45,8371,0.6675401583202281,0.0034960491245124873,0.2865333901126987,0.042430402442560855,25,10,10
45,8372,0.7270420320416393,5.4862565196039016e-05,0.20512567468794718,0.06777743070521654,25,10,10
45,8373,0.7882902682293041,8.044408779942275e-07,0.1552393550475038,0.05646957228231275,25,10,10
45,8374,0.7741779121361577,8.874361230334094e-06,0.13319227798671307,0.09262093551589887,25,10,10
45,8375,0.8246630977686596,2.2434102314465086e-05,0.06958688788351287,0.10572758024551235,25,10,10
45,8376,0.7201305143487466,8.545779933308518e-06,0.13154480785344413,0.1483161320178755,25,10,10
45,8377,0.753203576538516,1.7155918661322527e-05,0.14311755758592343,0.10366170995689827,25,10,10
45,8378,0.7039810748216739,1.0087692418813043e-05,0.24063748698852172,0.05537135049738521,25,10,10
45,8379,0.7867310609994556,3.466457200480866e-06,0.14137975687782803,0.07188571566551681,25,10,10
45,8380,0.7420252885021559,1.8342605065749476e-06,0.1997580311630193,0.058214846074316186,25,10,10
45,8381,0.6742669569687759,3.1182216384955554e-05,0.2568861663883028,0.06881569442653744,25,10,10
45,8382,0.7772204354181436,3.596526552471194e-05,0.15845339087452828,0.06429020844180389,25,10,10
45,8383,0.6881255803321811,0.0005368474104990371,0.24701206983688095,0.06432550242043886,25,10,10
45,8384,0.8387077984675306,8.409109169306046e-07,0.0944226187186946,0.0668687419028561,25,10,10
45,8385,0.8268053926624837,2.3245590500714596e-06,0.09689729481038045,0.07629498796808604,25,10,10
45,8386,0.856861973142768,1.2364275113800545e-05,0.11026277282664798,0.03286288975546911,25,10,10
45,8387,0.7509575365313725,6.536048258558704e-05,0.222978954035678,0.025998148950364265,25,10,10
45,8388,0.8509494487150491,8.31535018430963e-07,0.12392310287030286,0.02512661687963007,25,10,10
45,8389,0.8700522526325472,3.033194952736755e-05,0.09025591248918717,0.03966150292873825,25,10,10
45,8390,0.8745876536733891,3.179883332894145e-05,0.09626498064213723,0.02911556685114455,25,10,10
45,8391,0.8761032545954645,2.9260240335862144e-06,0.11262014180021641,0.01127367758028597,25,10,10
45,8392,0.8375904356165802,2.8394450265261637e-06,0.14160799780592254,0.020798727132470947,25,10,10
45,8393,0.8548915392340284,3.472908340511429e-06,0.12425639084472767,0.020848597012902495,25,10,10
45,8394,0.8340438058302664,2.7103738637467778e-06,0.14486782170130286,0.02108566209456637,25,10,10
45,8395,0.8127757831116357,7.418418553826128e-05,0.17481560263356002,0.012334430069264091,25,10,10
45,8396,0.8801609924885372,4.690798783988048e-05,0.10767505877818045,0.012117040745441964,25,10,10
45,8397,0.8592085998129061,1.513242832093257e-05,0.1262893960509091,0.014486871707862937,25,10,10
45,8398,0.880254692892861,1.4402209533383928e-05,0.11499502909431061,0.004735875803294773,25,10,10
45,8399,0.8184829540951454,2.35896524235911e-06,0.17009955208226402,0.011415134857345709,25,10,10
45,8400,0.828570341207892,2.085066590901877e-06,0.16390860721835598,0.0075189665071607225,25,10,10
45,8401,0.8467400268810491,1.5015828375056192e-05,0.14577239776358747,0.007472559526988055,25,10,10
45,8402,0.8821957965018321,6.79406317964688e-05,0.11735415996736645,0.00038210289900455005,25,10,10
45,8403,0.7794637025411835,1.6480875633268108e-05,0.21976422451353841,0.0007555920696459862,25,10,10
45,8404,0.8265897611672832,6.214444436771649e-05,0.17217898196093379,0.001169112427414871,25,10,10
45,8405,0.7645984143718839,6.270297300363067e-05,0.23408395281539487,0.0012549298397164215,25,10,10
45,8406,0.8014450718214168,6.194208585739035e-05,0.1579682213264096,0.04052476476631578,25,10,10
45,8407,0.8216353828893496,6.190133073021859e-05,0.13441283925048028,0.04388987652944011,25,10,10
45,8408,0.7705715192833975,1.0922640233621665e-05,0.21113157893328663,0.01828597914308121,25,10,10
45,8409,0.8279429605140486,3.470218631664215e-06,0.15945421844851115,0.012599350818808277,25,10,10
45,8410,0.826456276966941,2.8593268150853973e-06,0.13577095085221566,0.03776991285402914,25,10,10
45,8411,0.8609005936532015,1.177091528099368e-07,0.10276820709496652,0.03633108154267717,25,10,10
45,8412,0.848999661707117,1.138974716676742e-07,0.11457150160615447,0.03642872278925625,25,10,10
45,8413,0.8263892728885474,0.0001170003111704072,0.13372383039607183,0.039769896404210026,25,10,10
45,8414,0.8465309263119057,1.0250328463198984e-05,0.12841264996347157,0.025046173396159343,25,10,10
45,8415,0.7775481668292299,2.735827968958595e-05,0.1615568019126988,0.0608676729783797,25,10,10
45,8416,0.771672199295735,5.151062179721882e-05,0.16046332603249136,0.06781296404997499,25,10,10
45,8417,0.7975910896341932,5.158684921742284e-05,0.13077494651335392,0.07158237700323525,25,10,10
45,8418,0.7377823461553404,2.7770453352697796e-05,0.1772896866790516,0.08490019671225378,25,10,10
45,8419,0.6576238932301212,3.9062966812979426e-05,0.23034170460450235,0.11199533919856146,25,10,10
45,8420,0.7628010703201206,1.2016007677362516e-05,0.13287955560626286,0.1043073580659391,25,10,10
45,8421,0.8131259729021443,1.6775253049743805e-06,0.07034419188902158,0.11652815768352846,25,10,10
45,8422,0.843344001956619,2.5396832831104006e-06,0.08324220334660115,0.0734112550134963,25,10,10
45,8423,0.8205638393608947,2.382192526681006e-06,0.1061282784304441,0.07330550001613378,25,10,10
45,8424,0.7921889185059092,1.493726067886618e-06,0.13721061057060743,0.0705989771974154,25,10,10
45,8425,0.8663113428644675,7.66239361957177e-05,0.06333445636114646,0.07027757683818997,25,10,10
45,8426,0.8446204698261915,1.7218809932008953e-05,0.10140132087455646,0.053960990489320196,25,10,10
45,8427,0.7583004787730349,1.5242463693891627e-05,0.2000307277329383,0.041653551030330326,25,10,10
45,8428,0.7531719347019505,1.6416179059683378e-05,0.20205947436878685,0.04475217475020157,25,10,10
45,8429,0.8671234650822456,3.5763590159987898e-06,0.09309844451380143,0.03977451404493703,25,10,10
45,8430,0.8681685680551503,3.5972016741922866e-06,0.08263485162767424,0.049192983115500556,25,10,10
45,8431,0.823615587060281,0.0003511155729652812,0.13620776442553195,0.03982553294122113,25,10,10
45,8432,0.8483469399801556,1.752953549709655e-06,0.08084639129930006,0.0708049157669933,25,10,10
45,8433,0.7927143502579819,2.51344928747304e-06,0.12823772506134692,0.07904541123138462,25,10,10
45,8434,0.7991706920118037,9.46528611270117e-07,0.12423102293657454,0.07659733852301158,25,10,10
45,8435,0.7456286372195444,1.1262982107183047e-05,0.17817779492186947,0.0761823048764777,25,10,10
45,8436,0.7522693634573935,9.446325647493533e-06,0.17086399322732235,0.07685719698963406,25,10,10
45,8437,0.7051689088991353,1.9106446954325043e-06,0.21499774336167327,0.079831437094498,25,10,10
45,8438,0.7508463993178668,0.007363896912915015,0.1618420058990187,0.07994769787019954,25,10,10
45,8439,0.7267832631612343,0.008384600025977008,0.19942869066117253,0.06540344615161588,25,10,10
45,8440,0.7467682942174239,0.0010733975385987529,0.17568932616513386,0.07646898207884399,25,10,10
45,8441,0.7044032727897905,0.0015116018785914546,0.21476091195002145,0.07932421338159835,25,10,10
45,8442,0.7177811636137419,0.0004899598151608234,0.23883136681649794,0.042897509754604164,25,10,10
45,8443,0.720983040637151,0.00044823916555039036,0.2633292112143606,0.015239508982940122,25,10,10
45,8444,0.6799885221965754,1.4788552110408585e-06,0.2805329366120544,0.03947706233616029,25,10,10
45,8445,0.7637374624190962,3.1710545919798085e-06,0.1963926897876296,0.03986667673868158,25,10,10
45,8446,0.8413389833519415,1.6514944274574859e-06,0.11882504080423009,0.03983432434940091,25,10,10
45,8447,0.8836379965842649,1.771458634043939e-06,0.08824137489146804,0.028118857065632333,25,10,10
45,8448,0.8916046105078071,8.845329033824053e-06,0.0803201219503514,0.028066422212807994,25,10,10
45,8449,0.8054593097903842,0.0003341633957944366,0.16618870189596247,0.028017824917858408,25,10,10
45,8450,0.8074891075110966,2.2611635440861643e-05,0.13996240583609545,0.05252587501736416,25,10,10
45,8451,0.8131729782732796,2.2321369116123224e-05,0.11920688132761388,0.06759781902999035,25,10,10
45,8452,0.7766472076495845,2.4217659559101198e-05,0.15252255148999447,0.07080602320086145,25,10,10
45,8453,0.8103942707395233,1.1011383044977114e-05,0.1068645657305929,0.08273015214684008,25,10,10
45,8454,0.8452281360736752,9.441532417646998e-06,0.07234331332501631,0.08241910906889098,25,10,10
45,8455,0.8004952694172011,0.0003959345101922551,0.12015306086783344,0.07895573520477295,25,10,10
45,8456,0.7694180644225453,1.0063446007979062e-05,0.151394147284029,0.07917772484741736,25,10,10
45,8457,0.7819237742154108,1.1825635128303365e-05,0.17078116482643846,0.04728323532302055,25,10,10
45,8458,0.7751209306133426,4.015205334193189e-06,0.1833009007294068,0.04157415345191926,25,10,10
45,8459,0.7289420073406722,6.6943802173104625e-06,0.22977742669580006,0.04127387158331182,25,10,10
45,8460,0.8039791555513907,6.559975271841684e-06,0.15456788793485748,0.041446396538479105,25,10,10
45,8461,0.7596876111616889,8.577316425350662e-05,0.2364905101263646,0.003736105547691202,25,10,10
45,8462,0.7867103307481043,0.000307003910402914,0.20457594799785656,0.008406717343634513,25,10,10
45,8463,0.8075310667363853,7.917382739110959e-05,0.1844580518535992,0.00793170758262437,25,10,10
45,8464,0.9294082290413425,3.776819815853922e-06,0.07038405530152775,0.00020393883731391316,25,10,10
45,8465,0.882662228260857,1.3787558785473945e-06,0.11720836507724483,0.00012802790601825325,25,10,10
45,8466,0.8719098594684006,0.0004968697024437328,0.1258588269397679,0.0017344438893868296,25,10,10
45,8467,0.9092242675804916,3.360822241646963e-05,0.09051711489477272,0.00022500930231876128,25,10,10
45,8468,0.937573516140136,1.732320938915331e-07,0.06165981324478349,0.0007664973829880104,25,10,10
45,8469,0.9235495744448834,1.428178999514131e-05,0.07611033858526554,0.0003258051798562504,25,10,10
45,8470,0.8891243855156752,4.609776944161213e-07,0.11065010122655304,0.00022505228007642825,25,10,10
45,8471,0.8545885092720752,9.011065198439788e-07,0.14523088418007501,0.00017970544132766154,25,10,10
45,8472,0.8806192156709355,1.0536662496973607e-05,0.11922343367162826,0.0001468139949388925,25,10,10
45,8473,0.8302699499930121,1.4496997308457336e-05,0.16969672031369476,1.8832695983017605e-05,25,10,10
45,8474,0.868219225439251,1.1907855928413296e-05,0.1294386898683612,0.0023301768364598087,25,10,10
45,8475,0.8369253018750541,2.592427773879037e-05,0.12358564146969936,0.03946313237750798,25,10,10
45,8476,0.8330069382545855,3.668624370314258e-05,0.1298947540200862,0.03706162148162555,25,10,10
45,8477,0.8901900674021549,9.37262760406096e-06,0.07850197492395872,0.031298585046282426,25,10,10
45,8478,0.854111256884077,1.076369250369363e-05,0.11646801216420605,0.029409967259212962,25,10,10
45,8479,0.8640212364448594,2.2954734157032674e-06,0.13564885439112973,0.00032761369059275056,25,10,10
45,8480,0.9158026753611612,1.4689285673838482e-06,0.08403084697168302,0.00016500873858700516,25,10,10
45,8481,0.8978736921238712,5.911254227678708e-07,0.1018679833876552,0.00025773336304823086,25,10,10
45,8482,0.8978837566011576,1.1091564814081804e-06,0.10204060891615267,7.45253262060143e-05,25,10,10
45,8483,0.8541026010151462,1.8310961184968765e-05,0.145716017793355,0.0001630702303112946,25,10,10
45,8484,0.8965287458367633,2.1073157392992604e-05,0.10327250592310877,0.00017767508273397115,25,10,10
45,8485,0.9132190503900531,2.2681001691810858e-05,0.0865413187743553,0.00021694983389951444,25,10,10
45,8486,0.8011446129695449,1.2087242973866048e-06,0.16877928529407826,0.03007489301207863,25,10,10
45,8487,0.7558526755161675,9.498747683258279e-07,0.2045577502434033,0.03958862436565985,25,10,10
45,8488,0.8346244874594126,8.475464834041042e-07,0.1227294635643036,0.04264520142979837,25,10,10
45,8489,0.7794472348712901,1.797651835729863e-06,0.17003638799825016,0.05051457947862217,25,10,10
45,8490,0.7443343881023509,1.1922936333148698e-06,0.20768818640829775,0.04797623319571689,25,10,10
45,8491,0.7344636434415185,0.0008634340274015838,0.2243414380654056,0.0403314844656731,25,10,10
45,8492,0.8080458037403916,0.0008200205197537941,0.1206856610237311,0.07044851471612246,25,10,10
45,8493,0.7519104096168725,9.311533142189028e-05,0.21288364627388695,0.03511282877781361,25,10,10
45,8494,0.776783516486642,9.396056736443606e-05,0.18325458280324988,0.0398679401427423,25,10,10
45,8495,0.7493680736864952,1.326492250521376e-05,0.20246333859390078,0.048155322797098436,25,10,10
45,8496,0.7272825477609812,1.545523846835239e-06,0.22418844407491176,0.048527462640257646,25,10,10
45,8497,0.722826664928427,1.2810468502644804e-05,0.2350241297922681,0.0421363948108,25,10,10
45,8498,0.8346181253957519,1.0515968376783717e-05,0.12546776466181983,0.039903593974048954,25,10,10
45,8499,0.8010337100060846,1.1505552338689074e-05,0.15573760268406237,0.043217181757512296,25,10,10
45,8500,0.7689325510762314,1.312974576103604e-05,0.20668232851742027,0.02437199066058706,25,10,10
45,8501,0.8521455248968253,2.4401119487023082e-05,0.10537787605701311,0.04245219792667266,25,10,10
45,8502,0.82984668126875,2.0337002084807064e-07,0.13019663948279322,0.039956475878434476,25,10,10
45,8503,0.8224067602652216,1.0927218015369013e-05,0.14985025244818742,0.027732060068572494,25,10,10
45,8504,0.8424691344669548,6.564901165106231e-05,0.11777897981304344,0.03968623670834886,25,10,10
45,8505,0.8197684071374437,0.000592381523035358,0.1696664503095218,0.009972761029997463,25,10,10
45,8506,0.9478535658766819,1.4749705041385325e-06,0.051924209197598825,0.00022074995521536615,25,10,10
45,8507,0.8982081398596061,2.6138829248488574e-06,0.09916659755013336,0.0026226487073336834,25,10,10
45,8508,0.869398143089434,6.074551533739272e-07,0.12755858373940193,0.0030426657160080844,25,10,10
45,8509,0.8609548615238295,3.9415436222810886e-05,0.13856583910867332,0.00043988393127313593,25,10,10
45,8510,0.7823040217534217,2.132267507705047e-06,0.18887298273930087,0.028820863239770445,25,10,10
45,8511,0.7803133203787247,0.0007122170012267129,0.17539256683350146,0.043581895786545435,25,10,10
45,8512,0.8373783714187801,0.0007131705095614181,0.11812272805422137,0.04378573001743601,25,10,10
45,8513,0.7007167947967439,0.0007273312808836047,0.2486898265065329,0.04986604741584121,25,10,10
45,8514,0.7144290379405257,2.163765625527525e-05,0.24189355147671862,0.04365577292650159,25,10,10
45,8515,0.7393587541530772,2.4439095360490096e-06,0.2488063945614821,0.011832407375904897,25,10,10
45,8516,0.7708023796060425,6.7286765547916505e-06,0.15834131644661228,0.07084957527078958,25,10,10
45,8517,0.7842140638550862,9.579650662870689e-07,0.1361555365813082,0.07962944159853813,25,10,10
45,8518,0.684655394341001,8.3856203767532e-06,0.2089864132329533,0.10634980680566714,25,10,10
45,8519,0.832772717342214,1.6624450257068272e-05,0.06277290566077211,0.10443775254675688,25,10,10
45,8520,0.8142759467362589,2.162308163875601e-06,0.1392898976144365,0.04643199334113863,25,10,10
45,8521,0.8443327190245858,2.2485240696895997e-06,0.1471607430401529,0.008504289411191293,25,10,10
45,8522,0.742586174961835,4.242984804867573e-05,0.24590814554520862,0.011463249644908146,25,10,10
45,8523,0.8105091958117839,6.226145747670828e-05,0.18181238213231396,0.007616160598423257,25,10,10
45,8524,0.8193879402780456,2.345778540949024e-05,0.17260493509455202,0.007983666841990374,25,10,10
45,8525,0.879502490567686,2.6888038527315975e-05,0.11991415452218213,0.0005564668716016816,25,10,10
45,8526,0.8673856009568175,1.6556260659094097e-05,0.1299199311698777,0.002677911612644879,25,10,10
45,8527,0.8728890391120229,1.7295933332458121e-06,0.12425224449641042,0.002856986798231768,25,10,10
45,8528,0.8043736888380981,0.00042175975713255675,0.19244271656019873,0.0027618348445692404,25,10,10
45,8529,0.8469948469847399,1.4023387054091383e-06,0.15299166644058787,1.2084235966843563e-05,25,10,10
45,8530,0.8152131861284427,1.0780864128854633e-05,0.18464592291686738,0.0001301100905596608,25,10,10
45,8531,0.8382992006357683,2.339793235713274e-06,0.16162219608917108,7.626348182452067e-05,25,10,10
45,8532,0.8808183652636573,6.03612460705659e-05,0.1190375785634859,8.36949267859334e-05,25,10,10
45,8533,0.8356024991410655,6.158918109000921e-05,0.11088490546304978,0.05345100621479374,25,10,10
45,8534,0.7753983350306055,4.358516927475564e-05,0.14486697356131956,0.07969110623880178,25,10,10
45,8535,0.7603613210944848,3.8891897458863136e-05,0.20738268404756924,0.03221710296048615,25,10,10
45,8536,0.8648774033790351,4.287518543151787e-05,0.11157690456353,0.023502816872003132,25,10,10
45,8537,0.8108343693672658,7.224536517216267e-07,0.17609260538110896,0.01307230279797066,25,10,10
45,8538,0.7104843042792287,1.8269052827772878e-06,0.23695889610720172,0.052554972708288225,25,10,10
45,8539,0.7677417023721792,1.2714824593187917e-06,0.1791296431511301,0.05312738299423296,25,10,10
45,8540,0.8320937147687998,2.2020803428250394e-06,0.09100627108650501,0.07689781206435312,25,10,10
45,8541,0.824044984433445,1.506476549691747e-06,0.09752640485575922,0.0784271042342463,25,10,10
45,8542,0.770859215597151,6.61275659850448e-07,0.1505514453593444,0.07858867776784502,25,10,10
45,8543,0.8075541416984494,2.1486114641019325e-06,0.11257727510475599,0.07986643458533012,25,10,10
45,8544,0.7121571130185868,1.0450468600261164e-05,0.16577247054506294,0.12205996596774843,25,10,10
45,8545,0.8329764590637448,1.1121812835706428e-06,0.07592860200073524,0.09109382675423605,25,10,10
45,8546,0.7964945794838374,8.474502890318181e-06,0.10910485467144468,0.094392091341826,25,10,10
45,8547,0.7562481410638102,6.502765449864457e-07,0.12470732591470714,0.11904388274493766,25,10,10
45,8548,0.7749942502714698,1.0294545983315822e-06,0.1530850053750571,0.07191971489887317,25,10,10
45,8549,0.7082488511878452,0.0001305800701446529,0.2118799512115045,0.07974061753050399,25,10,10
45,8550,0.7984650596643443,1.3141463148293068e-05,0.13404487790647157,0.06747692096603476,25,10,10
45,8551,0.78601712551988,3.281138671398642e-05,0.1375382075428807,0.07641185555052392,25,10,10
45,8552,0.677527730079857,0.0002710343685352756,0.2502066685853825,0.07199456696622225,25,10,10
45,8553,0.764196435219933,1.5216654212771295e-05,0.15566836196145636,0.0801199861643979,25,10,10
45,8554,0.8118007422361313,1.756736883033882e-06,0.14766183010613865,0.040535670920845875,25,10,10
45,8555,0.8150146612077908,5.912464991919775e-07,0.13242502773515327,0.05255971981055686,25,10,10
45,8556,0.8080985333294758,2.86894719934509e-06,0.14380502506660275,0.04809357265672225,25,10,10
45,8557,0.9119527793168024,1.2263444029353672e-06,0.048300129355879774,0.039745864982915886,25,10,10
45,8558,0.780086039249103,0.00012388155005259858,0.1778053283280135,0.041984750872827686,25,10,10
45,8559,0.8219315647643353,1.0996756446988804e-05,0.17217135779515483,0.005886080684062616,25,10,10
45,8560,0.8636576583401088,0.0004462372862802863,0.13004412262624132,0.005851981747369812,25,10,10
45,8561,0.8741947410509527,0.00043724054706361683,0.121785363280765,0.003582655121218286,25,10,10
45,8562,0.8384796372960674,0.0005865709462915227,0.16048508702494022,0.0004487047326983465,25,10,10
45,8563,0.8686888981962244,0.0005605620919411039,0.13065700260811522,9.353710371771502e-05,25,10,10
45,8564,0.8971137856029785,0.00043329555185259107,0.10239641841548419,5.650042968458006e-05,25,10,10
45,8565,0.8902205086874466,0.00043261551090406484,0.10517571179915118,0.004171164002497935,25,10,10
45,8566,0.8499443586647838,0.00044768133457066974,0.13858930628087462,0.01101865371977127,25,10,10
45,8567,0.8690729252362017,0.000442761838866382,0.13036970738046366,0.00011460554446866772,25,10,10
45,8568,0.8444224201849796,0.00044086925310443876,0.15494336744589673,0.00019334311601988587,25,10,10
45,8569,0.7610993557094112,0.0004434470987111562,0.23566798730188268,0.0027892098899936647,25,10,10
45,8570,0.7828565661243992,0.00043536319954907407,0.17701520084316258,0.03969286983288805,25,10,10
45,8571,0.8283978214804241,0.000449157977215107,0.13408040330519996,0.03707261723716184,25,10,10
45,8572,0.8211812466232898,0.00029842556009529415,0.12537483136868965,0.053145496447927314,25,10,10
45,8573,0.8192192847943512,0.0005055271851946872,0.10300641081882025,0.07726877720163378,25,10,10
45,8574,0.7857153888620885,6.385664685302746e-06,0.1890720202942852,0.025206205178941704,25,10,10
45,8575,0.7562917098109813,1.5409777531518873e-05,0.21627897712674826,0.027413903284738618,25,10,10
45,8576,0.8140007761682565,1.5030988907381093e-05,0.1456725570693102,0.04031163577352591,25,10,10
45,8577,0.8292176075966795,5.808563848286045e-05,0.13046669198956812,0.04025761477526811,25,10,10
45,8578,0.8923205806117375,8.721418986198418e-06,0.06782542581918787,0.039845272150089046,25,10,10
45,8579,0.8731160070825408,8.3324721739364e-06,0.08925055013253087,0.037625110312754166,25,10,10
45,8580,0.8851406298861555,1.5290522256903672e-05,0.07773366168601935,0.03711041790556798,25,10,10
45,8581,0.8813793793257447,2.2070602803358604e-05,0.079124083714175,0.03947446635727647,25,10,10
45,8582,0.8647755291975134,1.5983577192707217e-05,0.09767672606106513,0.03753176116422912,25,10,10
45,8583,0.849848593081967,0.00032750467706173654,0.10798050024449464,0.041843401996479256,25,10,10
45,8584,0.8437234048351067,9.680138330032426e-07,0.11888110535407569,0.03739452179698248,25,10,10
45,8585,0.8565206576047042,1.4029948389694032e-06,0.10491764309542412,0.03856029630503226,25,10,10
45,8586,0.858255874301638,6.531018297078008e-05,0.10215762584490914,0.039521189670481814,25,10,10
45,8587,0.8478195658256849,8.052110333317471e-07,0.11265617159463077,0.03952345736865263,25,10,10
45,8588,0.8372602724171684,2.274802750792175e-06,0.15593021528934228,0.006807237490737834,25,10,10
45,8589,0.9386456574991038,2.2795304443659397e-06,0.06110282277838883,0.00024924019206326543,25,10,10
45,8590,0.906565121317742,3.010678474324676e-06,0.09325985869787073,0.00017200930591289092,25,10,10
45,8591,0.7990092090924013,0.00027156966405546,0.19342165557238736,0.007297565671152878,25,10,10
45,8592,0.7716368273639321,0.00025778734666630465,0.22305746750507638,0.005047917784325037,25,10,10
45,8593,0.8702446488760787,1.787150356938851e-05,0.1295928704733582,0.0001446091469938184,25,10,10
45,8594,0.8091337609190197,1.8663851508247348e-06,0.19080283033981987,6.154235600641245e-05,25,10,10
45,8595,0.9158535136131475,1.2545044503584892e-06,0.08401944165552998,0.00012579022687236475,25,10,10
45,8596,0.9082041840139295,3.932195857839456e-06,0.09172521893691049,6.666485330212144e-05,25,10,10
45,8597,0.8109836833581053,9.65211697222655e-05,0.18851521418626735,0.00040458128590420764,25,10,10
45,8598,0.7771181141344166,5.29651623348143e-05,0.19604952487152294,0.026779395831724534,25,10,10
45,8599,0.7611467476797569,4.389506506122046e-06,0.23204500297009767,0.00680385984363743,25,10,10
45,8600,0.7843669930721515,1.3883685606443648e-05,0.2156008628027038,1.826043953817456e-05,25,10,10
45,8601,0.839515329054419,0.0003025054254142383,0.1600104282235736,0.00017173729659300977,25,10,10
45,8602,0.8695128614261372,3.43650916625715e-06,0.1303604277865323,0.0001232742781620638,25,10,10
45,8603,0.8743520823896956,0.0012252999221290402,0.12437914822604666,4.3469462126806216e-05,25,10,10
45,8604,0.8582894180709648,0.0012248533049854687,0.1404523073835049,3.342124054390962e-05,25,10,10
45,8605,0.9063943341094048,7.139264047103491e-07,0.09321187881529826,0.00039307314889155725,25,10,10
45,8606,0.9202869285392918,1.9171574170691774e-07,0.07905273864461956,0.0006601411003466495,25,10,10
45,8607,0.866034671917663,7.199118253762059e-06,0.13321414059930703,0.0007439883647752714,25,10,10
45,8608,0.877136676639095,2.9670702039818797e-06,0.12284023250772773,2.012378297231724e-05,25,10,10
45,8609,0.8859849352826954,2.193471633383751e-06,0.11399146679943638,2.1404446234665186e-05,25,10,10
45,8610,0.9220347484160825,2.090565770623324e-06,0.07794853784757923,1.4623170567853465e-05,25,10,10
45,8611,0.929075910638154,9.478244516883225e-07,0.0709075553661409,1.5586171254067706e-05,25,10,10
45,8612,0.9152798872935806,9.257510937161193e-06,0.08275659230836338,0.001954262887119083,25,10,10
45,8613,0.8799797127371353,1.2873271749008863e-05,0.11988477226224332,0.00012264172887285947,25,10,10
45,8614,0.7924367615181599,3.8769131470938304e-05,0.20733726490286425,0.00018720444750300474,25,10,10
45,8615,0.8275377144381519,1.9657058887599175e-05,0.17242061775594703,2.2010747011204414e-05,25,10,10
45,8616,0.8033507284570571,1.831466667890081e-05,0.19655357894654518,7.737792971392644e-05,25,10,10
45,8617,0.8556936226891981,0.02135506712305162,0.12292897166037592,2.2338527373872625e-05,25,10,10
45,8618,0.8228563556294146,0.037078481322013274,0.13620058292815662,0.0038645801204125144,25,10,10
45,8619,0.8597829552709558,0.03684683524901534,0.1033301095864164,4.009989360963957e-05,25,10,10
45,8620,0.8456458893348685,2.1152252787176503e-05,0.1512901369880064,0.003042821424337299,25,10,10
45,8621,0.7698606308203737,2.7540214440670418e-05,0.22673742801703664,0.0033744009481474616,25,10,10
45,8622,0.7777212911730212,3.442188473716138e-05,0.21908053739717828,0.0031637495450614166,25,10,10
45,8623,0.7950482611158359,7.725001305389657e-05,0.2046765772279989,0.0001979116431106623,25,10,10
45,8624,0.7866275718318013,3.581023823202316e-05,0.212797817007427,0.0005388009225393785,25,10,10
45,8625,0.8300174197623792,3.936496046416315e-05,0.1679305564366532,0.0020126588405030084,25,10,10
45,8626,0.8654509003317736,1.2624945487253536e-05,0.11876452350900397,0.015771951213735112,25,10,10
45,8627,0.8445566944436862,1.357463911631089e-06,0.14600737355419713,0.009434574538203877,25,10,10
45,8628,0.7964431758749834,2.3642624903822317e-05,0.2014605584362463,0.0020726230638653627,25,10,10
45,8629,0.8349945176506388,2.1838616295223047e-06,0.1628691351494409,0.002134163338290255,25,10,10
45,8630,0.8411919923008639,2.2942018601755266e-05,0.15685356227482952,0.0019315034057035198,25,10,10
45,8631,0.7890600503495335,4.2102609578745694e-05,0.21073717181787646,0.00016067522301174881,25,10,10
45,8632,0.8378424154336349,2.19547794744624e-05,0.16178213498062066,0.00035349480627043517,25,10,10
45,8633,0.9302693477484039,1.2985446848175248e-05,0.06960310741858358,0.00011455938616461083,25,10,10
45,8634,0.8966497038018497,1.493471502427037e-05,0.10328117532656014,5.418615656642739e-05,25,10,10
45,8635,0.8802692944168834,9.435097110626827e-06,0.11964376277905427,7.750770695166072e-05,25,10,10
45,8636,0.8995358412394482,0.0002859831400562709,0.09870950995619067,0.0014686656643051925,25,10,10
45,8637,0.7983274011586238,1.72167780526709e-05,0.20153965331980042,0.0001157287435225505,25,10,10
45,8638,0.8773256568029276,6.2711312234409e-06,0.1200210653304883,0.00264700673536007,25,10,10
45,8639,0.8077760215651325,0.0012501225535037047,0.19089510480013158,7.875108123180461e-05,25,10,10
45,8640,0.8197366292382217,9.23080089052519e-06,0.17915742529825393,0.0010967146626323927,25,10,10
45,8641,0.8803494889850387,5.483581052308004e-06,0.11646654305866871,0.0031784843752397313,25,10,10
45,8642,0.839213619148349,3.707521067171065e-06,0.1607057386663895,7.693466419567047e-05,25,10,10
45,8643,0.9200413093638455,1.369002563375673e-06,0.07970392960255201,0.00025339203103901783,25,10,10
45,8644,0.8644527503275853,0.0007572127182931746,0.1344861234593516,0.00030391349476827805,25,10,10
45,8645,0.9079687238346951,0.0007574102163027377,0.09043633788837534,0.0008375280606250403,25,10,10
45,8646,0.9073982774823693,2.4442972635734737e-05,0.09247984192924268,9.743761575046221e-05,25,10,10
45,8647,0.9101824694488841,4.603264652487346e-05,0.08815695945750746,0.0016145384470828657,25,10,10
45,8648,0.8978643255444504,2.875412665801027e-07,0.10039268482834979,0.001742702085931353,25,10,10
45,8649,0.8986132629969364,9.226620684363838e-06,0.10132416054712849,5.33498352500394e-05,25,10,10
45,8650,0.8698147077881668,4.2884664946183935e-05,0.13006627558504402,7.613196184108713e-05,25,10,10
45,8651,0.8129231299889921,4.2207097213710685e-05,0.18698986955058383,4.479336321127374e-05,25,10,10
45,8652,0.8633006743027961,4.1826095915441526e-05,0.13623916682763612,0.0004183327736517823,25,10,10
45,8653,0.8071158346912344,4.2469083662610744e-05,0.1563999676157848,0.03644172860931782,25,10,10
45,8654,0.8360625270337134,3.498736726441958e-05,0.12714456967234164,0.03675791592667952,25,10,10
45,8655,0.7879663844046264,3.985527572750011e-06,0.16602785098986453,0.046001779077935116,25,10,10
45,8656,0.8083564033569551,1.21564171683599e-05,0.15206457562429598,0.03956686460158074,25,10,10
45,8657,0.8367335428223908,2.310423839209387e-05,0.1312379838650803,0.032005369074137674,25,10,10
45,8658,0.8530804163889749,0.0004036842850439136,0.11069799721151316,0.035817902114469294,25,10,10
45,8659,0.7377358495804622,2.1388918663610125e-05,0.21545626030338005,0.046786501197498505,25,10,10
45,8660,0.8764105680720178,1.9051041609354533e-06,0.08176092588685872,0.041826600936960875,25,10,10
45,8661,0.6975812198755935,8.205710354274722e-05,0.25552475158065435,0.046811971440209856,25,10,10
45,8662,0.7181473652873241,0.0001025982736884005,0.23053019580904252,0.05121984062994778,25,10,10
45,8663,0.7046644742215139,7.41842346285776e-05,0.26752090208735035,0.02774043945650624,25,10,10
45,8664,0.7145738668368922,5.959081781028943e-05,0.24571443814623917,0.039652104199057014,25,10,10
45,8665,0.7166246639233681,8.427064407750298e-06,0.24116992116735786,0.04219698784486705,25,10,10
45,8666,0.7897314337508483,0.0002905223491196569,0.16768069776542377,0.04229734613460785,25,10,10
45,8667,0.8565093986290075,2.1405807523322706e-06,0.10315117740691226,0.040337283383328364,25,10,10
45,8668,0.9079999277481744,2.8772233177334973e-07,0.05044600375755955,0.04155378077193474,25,10,10
45,8669,0.893402579751113,1.4495932667021384e-06,0.06652840407016783,0.04006756658545329,25,10,10
45,8670,0.8964799801844114,6.610759501938435e-07,0.09592202176496543,0.007597336974671449,25,10,10
45,8671,0.8718091483272501,1.6438343167270822e-05,0.11812456636290836,0.010049846966671237,25,10,10
45,8672,0.8347403348988347,1.8471865672207914e-06,0.16502391584291484,0.0002339020716820403,25,10,10
45,8673,0.7658411148027544,0.00011048668185272599,0.20331285796727855,0.030735540548113914,25,10,10
45,8674,0.8314715790267242,9.304871191746123e-06,0.13025639411899487,0.03826272198308713,25,10,10
45,8675,0.8043118870181969,6.590527799195658e-07,0.15191345359847783,0.04377400033054434,25,10,10
45,8676,0.7732851887502653,1.3067688801371326e-05,0.1816818919370665,0.04501985162386487,25,10,10
45,8677,0.7127246178029742,1.2080808586688028e-06,0.23731257060921196,0.049961603506955915,25,10,10
45,8678,0.6562623352110051,6.9664279354873736e-06,0.2651646032508921,0.07856609511016771,25,10,10
45,8679,0.6347156175246902,6.946753933696885e-05,0.285172191510297,0.08004272342567358,25,10,10
45,8680,0.7609265495676951,8.787645081066298e-06,0.15939782796279917,0.07966683482442513,25,10,10
45,8681,0.815465083444451,8.877885425956059e-07,0.10198776504885394,0.082546263718152,25,10,10
45,8682,0.8621784171116442,7.161224390202875e-07,0.06768563900166699,0.07013522776424906,25,10,10
45,8683,0.826442630125964,3.2623896936635176e-07,0.09278245354780312,0.08077459008726187,25,10,10
45,8684,0.7923256338829403,1.7560407111269664e-05,0.13295792067083106,0.07469888503911762,25,10,10
45,8685,0.7459569651534452,1.7220618773452569e-06,0.17446371659243398,0.07957759619224242,25,10,10
45,8686,0.7190079227826164,4.966090960401967e-07,0.19725583151756237,0.08373574909072523,25,10,10
45,8687,0.7792162951096648,2.147881454273769e-06,0.19193016751863148,0.0288513894902503,25,10,10
45,8688,0.7569070497608662,8.853859243083226e-06,0.20066041335152726,0.042423683028364315,25,10,10
45,8689,0.8149037108941326,3.620022744233771e-05,0.18429775374335683,0.0007623351350679641,25,10,10
45,8690,0.8374877796104373,3.4381593740911e-05,0.16220644583645372,0.00027139295936773154,25,10,10
45,8691,0.7669741236123582,0.002498742430638538,0.22509827558790754,0.005428858369095885,25,10,10
45,8692,0.8250777305175043,1.9677121458173755e-06,0.1660979788610713,0.008822322909279263,25,10,10
45,8693,0.8194791551375604,5.312556344943003e-07,0.17530931508816067,0.0052109985186428245,25,10,10
45,8694,0.8537471390141256,1.2170979472258376e-06,0.1037805675477767,0.042471076340148795,25,10,10
45,8695,0.8931325073367811,1.0529671839495828e-06,0.07046695208448778,0.036399487611546946,25,10,10
45,8696,0.920773607352312,1.0531371770456968e-06,0.04283750082616855,0.03638783868434252,25,10,10
45,8697,0.9053877559889634,6.938439185459149e-06,0.055033649316007696,0.03957165625584368,25,10,10
45,8698,0.8072584688894494,2.8220750739105487e-06,0.1397032265521026,0.0530354824833737,25,10,10
45,8699,0.8301182193571678,1.7411245225680145e-06,0.12799893621554753,0.04188110330276288,25,10,10
45,8700,0.8626701701227131,4.376761857620698e-06,0.10058044745007887,0.036745005665350244,25,10,10
45,8701,0.8815972513504273,9.456675707329918e-07,0.07805097795604993,0.040350825025950735,25,10,10
45,8702,0.860911824853507,2.81144380232149e-06,0.0989154320031616,0.04016993169952785,25,10,10
45,8703,0.8050778416011443,2.0560968880846266e-05,0.15412910598375604,0.04077249144621806,25,10,10
45,8704,0.8379916509896733,2.144986872823265e-06,0.12176307391488236,0.040243130108571175,25,10,10
45,8705,0.847450543286724,2.776393605747027e-06,0.11260702308974496,0.039939657229925915,25,10,10
45,8706,0.8131472726450935,0.00024362812460871044,0.1464829099478802,0.04012618928241615,25,10,10
45,8707,0.8449180505262358,9.705029953988712e-07,0.11537095069167275,0.039710028279094735,25,10,10
45,8708,0.8060538910280428,2.3586319332405055e-06,0.15370796887420612,0.0402357814658175,25,10,10
45,8709,0.7938175015168832,7.459876979164765e-07,0.16645478999333094,0.03972696250209005,25,10,10
45,8710,0.8083760215083271,4.5870910197063123e-07,0.15133292365091477,0.040290596131656045,25,10,10
45,8711,0.8445393620996313,2.20123643737338e-05,0.1151739760709281,0.04026464946506612,25,10,10
45,8712,0.8230096934620209,7.452496815731872e-06,0.13537787563263703,0.041604978408525096,25,10,10
45,8713,0.7930855412111478,0.0002668826915125053,0.12965142557447948,0.0769961505228598,25,10,10
45,8714,0.7979210361231008,0.0002737585826540624,0.12077564761344906,0.0810295576807957,25,10,10
45,8715,0.82239530626692,6.306748622394114e-05,0.09411812821921715,0.08342349802763817,25,10,10
45,8716,0.8325127996068534,4.5421736282275625e-07,0.08791711933109216,0.07956962684469163,25,10,10
45,8717,0.7179023695265243,5.653946057529752e-06,0.1930519296828591,0.08904004684455857,25,10,10
45,8718,0.7794263648130566,3.738350400463913e-07,0.13452116947893625,0.08605209187296609,25,10,10
45,8719,0.758508073179311,1.83472280304749e-05,0.13384009166811825,0.10763348792453611,25,10,10
45,8720,0.769500583762042,7.80067967560676e-06,0.12306967761181264,0.10742193794646965,25,10,10
45,8721,0.7844126202258973,6.093774836350566e-07,0.10903905039134075,0.10654772000527737,25,10,10
45,8722,0.6820667342963058,2.7144426892757942e-05,0.20938639952159666,0.10851972175520239,25,10,10
45,8723,0.7276913695920707,2.424232134824825e-06,0.19060492454497896,0.08170128163081439,25,10,10
45,8724,0.7410098367625558,5.846486385130724e-07,0.1701343089795488,0.08885526960925486,25,10,10
45,8725,0.7410489156849984,1.0660064047788753e-05,0.13065348019444842,0.12828694405650604,25,10,10
45,8726,0.6570788195753083,0.00031390866608241785,0.21375372388105693,0.12885354787755124,25,10,10
45,8727,0.6471902494509458,0.00033558443870369326,0.24182001704794723,0.11065414906240291,25,10,10
45,8728,0.7098022659108879,0.0003286874592769453,0.19993958170002635,0.08992946492980891,25,10,10
45,8729,0.7328215832334886,0.00031324596919056783,0.15822624736287577,0.10863892343444326,25,10,10
45,8730,0.7855614965315829,8.498319433453089e-07,0.1021756183242873,0.11226203531218745,25,10,10
45,8731,0.7567323648997925,3.768063645756177e-05,0.13999783220330145,0.1032321222604477,25,10,10
45,8732,0.7720754631106236,1.7843073097197347e-05,0.11158695652471827,0.11631973729156057,25,10,10
45,8733,0.7472290980489847,6.651852429082672e-07,0.136455316834376,0.11631491993139527,25,10,10
45,8734,0.7904558841842207,1.7187431054768848e-06,0.10140246127461916,0.10813993579805521,25,10,10
45,8735,0.8408312568626853,2.8495641033512e-06,0.055221345800859314,0.1039445477723518,25,10,10
45,8736,0.7330359348467881,8.052272743500985e-07,0.1626293262469525,0.10433393367898665,25,10,10
45,8737,0.7698959508440347,1.1203068104068238e-06,0.12596814645708235,0.10413478239207206,25,10,10
45,8738,0.7378912285349944,1.436139852796679e-06,0.1462860092930738,0.11582132603207693,25,10,10
45,8739,0.753274754883991,4.987278540663507e-05,0.20989026105783679,0.03678511127276646,25,10,10
45,8740,0.7541313554274098,8.95269872429126e-05,0.19969188405783672,0.0460872335275101,25,10,10
45,8741,0.8285052105705333,1.8885835886820718e-05,0.16488495444990559,0.00659094914367246,25,10,10
45,8742,0.8792910041758687,2.0028467742444713e-05,0.10942291260154619,0.01126605475484157,25,10,10
45,8743,0.8703017544780094,1.137591320294898e-06,0.1215889175789727,0.00810819035169646,25,10,10
45,8744,0.9048872193642264,1.0499578158666e-06,0.08639491002703452,0.008716820650923942,25,10,10
45,8745,0.813239188028658,1.0120848080757147e-05,0.18602088968566513,0.0007298014375961423,25,10,10
45,8746,0.8740248701018396,1.0534874974260837e-05,0.12522348939948277,0.0007411056237031989,25,10,10
45,8747,0.8774958056768489,1.251497117925177e-05,0.12236222372716116,0.00012945562481082198,25,10,10
45,8748,0.8151609677925289,7.619539889896919e-05,0.1846805304352534,8.230637331683083e-05,25,10,10
45,8749,0.9058066715192483,2.729596855581482e-06,0.08736996252363724,0.006820636360258181,25,10,10
45,8750,0.8774876961879278,2.424461933217857e-06,0.11329933553223397,0.009210543817905098,25,10,10
45,8751,0.9103264357013859,8.414141427951135e-06,0.08529891356062785,0.004366236596558385,25,10,10
45,8752,0.8911737518308243,1.363941630214451e-05,0.1067294737184365,0.002083135034435869,25,10,10
45,8753,0.8516260188591709,7.768031822524734e-06,0.14781086569703786,0.000555347411967656,25,10,10
45,8754,0.6994908616120067,9.073059693549035e-06,0.26899094812980384,0.03150911719849733,25,10,10
45,8755,0.712174538855888,2.7616208530887247e-06,0.256852620035403,0.030970079487854622,25,10,10
45,8756,0.8403014236272659,0.0030385014066545406,0.14553034517433383,0.011129729791743623,25,10,10
45,8757,0.8444720061067857,2.9215574950857055e-06,0.15506559829384484,0.0004594740418716938,25,10,10
45,8758,0.8132277893574532,3.300780205026183e-06,0.18358872076945823,0.0031801890928822457,25,10,10
45,8759,0.7944410214840143,1.3314785195660415e-05,0.20212502887634495,0.0034206348544449094,25,10,10
45,8760,0.8116038842720912,0.0003718610093805069,0.18618560284917432,0.0018386518693568603,25,10,10
45,8761,0.7908430113963325,6.648517696769875e-05,0.20849917440299653,0.0005913290237037607,25,10,10
45,8762,0.8764534001213365,4.3220448475353604e-06,0.08151947097724953,0.04202280685656468,25,10,10
45,8763,0.9331823403739399,3.931704179581579e-07,0.03352082665873307,0.03329643979690857,25,10,10
45,8764,0.8968784492925721,1.1415043695687029e-06,0.0696722555431069,0.03344815365995155,25,10,10
45,8765,0.8309045374102731,1.3109788223959203e-05,0.12195750532589146,0.04712484747561139,25,10,10
45,8766,0.6766353894901552,1.1858811354475949e-05,0.2908668843708481,0.03248586732764222,25,10,10
45,8767,0.7488805932937238,8.029873469606466e-06,0.21577004577212885,0.03534133106067939,25,10,10
45,8768,0.7256009499287831,1.5739796136294903e-05,0.22220047823813352,0.052182832036947596,25,10,10
45,8769,0.7277966009307453,1.9223066314832534e-05,0.23573343693657797,0.03645073906636107,25,10,10
45,8770,0.7862463570668642,0.003452923038020795,0.17969416235105873,0.030606557544055994,25,10,10
45,8771,0.8934475014694194,8.935073261432773e-06,0.07756505143549772,0.028978512021820908,25,10,10
45,8772,0.8588031433431437,5.070858092181401e-05,0.14112086552499123,2.5282550941641873e-05,25,10,10
45,8773,0.9183429434065864,8.999098115040425e-07,0.08156253831053555,9.361837306670929e-05,25,10,10
45,8774,0.8457196805263991,1.8443230563163567e-06,0.15083245213310897,0.0034460230174319395,25,10,10
45,8775,0.8204153092314839,9.257347348195799e-06,0.17937909862727872,0.00019633479389009694,25,10,10
45,8776,0.8481619927126813,0.00032417280778617856,0.15119950081015673,0.0003143336693719198,25,10,10
45,8777,0.8705007404590337,0.0003447735574344156,0.12884457163233493,0.0003099143511984226,25,10,10
45,8778,0.8306847497413294,2.3778005777411385e-05,0.16893435265428536,0.00035711959860733886,25,10,10
45,8779,0.821947467387173,2.233765573015075e-05,0.177953867076494,7.632788060060474e-05,25,10,10
45,8780,0.8240144314875433,4.531440795025057e-05,0.17321949717636048,0.0027207569281440906,25,10,10
45,8781,0.8228773706155742,1.8320235233187706e-05,0.17451828441205364,0.0025860247371389637,25,10,10
45,8782,0.8306910154842163,1.1314508737034408e-05,0.16608328948872267,0.003214380518324093,25,10,10
45,8783,0.8260868144396505,1.0836468639658077e-05,0.17076583450761448,0.0031365145840969266,25,10,10
45,8784,0.8428677378243834,2.5885023654938108e-06,0.15703873019042447,9.09434828277901e-05,25,10,10
45,8785,0.846736465956806,6.29836280509741e-07,0.15316233805361323,0.00010056615330085085,25,10,10
45,8786,0.7714951499393357,3.3883596794285516e-06,0.22839433940854822,0.00010712229243859238,25,10,10
45,8787,0.8160504965225769,6.206768076667903e-05,0.18210169695173384,0.0017857388449218302,25,10,10
45,8788,0.8411288591356674,3.240146876599552e-06,0.15703619276222594,0.0018317079552284045,25,10,10
45,8789,0.7830354342555641,8.732545800870998e-06,0.1831611774932686,0.03379465570536724,25,10,10
45,8790,0.8530163863742385,4.1092015214475846e-07,0.10827253061364138,0.03871067209196606,25,10,10
45,8791,0.8435523844928408,1.1931796343205621e-05,0.11543701479123693,0.040998668919578984,25,10,10
45,8792,0.868092020946396,1.1301346821827224e-05,0.1267249541064195,0.005171723600360791,25,10,10
45,8793,0.8789833729643347,2.8082633393139294e-06,0.11837185417035441,0.0026419646019712143,25,10,10
45,8794,0.7428150901590022,3.6411596686379833e-06,0.25709381152299415,8.745715833191328e-05,25,10,10
45,8795,0.7415104071385998,1.1094680396406042e-05,0.2565506051501588,0.0019278930308446415,25,10,10
45,8796,0.8258541969392621,9.18756067838379e-06,0.17185631846368668,0.0022802970363717647,25,10,10
45,8797,0.8339596245279874,1.3283558141664232e-06,0.16597058437522388,6.846274097367753e-05,25,10,10
45,8798,0.815763748000382,4.0887908311943975e-06,0.18377980968804117,0.0004523535207442244,25,10,10
45,8799,0.8362861275242947,1.1224657598125953e-05,0.15813468095251604,0.005567966865592055,25,10,10
45,8800,0.8687628944958286,1.2719351391612959e-05,0.12549354334358218,0.005730842809198159,25,10,10
45,8801,0.8159687612527594,0.00048275113161750093,0.1775528575970272,0.005995630018592846,25,10,10
45,8802,0.8189168628826462,1.2731900457857797e-05,0.18077885179025774,0.00029155342663790746,25,10,10
45,8803,0.8223943747207976,1.0139794704967373e-05,0.17746594120155268,0.00012954428294490215,25,10,10
45,8804,0.7941131820452726,1.4056672233323327e-05,0.20560244649108458,0.00027031479141003767,25,10,10
45,8805,0.8467794534674121,0.00017803082302420215,0.15261572297738696,0.0004267927321732047,25,10,10
45,8806,0.896807581710742,4.636012446829591e-05,0.10284124892272349,0.00030480924206359705,25,10,10
45,8807,0.8861527636645268,1.970486722260386e-05,0.11373796561112229,8.956585712673185e-05,25,10,10
45,8808,0.8718506674895677,2.745721377945206e-06,0.12009598960547978,0.008050597183572912,25,10,10
45,8809,0.9464009220863429,9.559336008688191e-08,0.05359373803868614,5.2442816113943745e-06,25,10,10
45,8810,0.9006837680870257,4.162878922716811e-05,0.09921611104383171,5.849207991553585e-05,25,10,10
45,8811,0.8889487173640557,7.784567143417125e-06,0.10756606638595421,0.003477431682845704,25,10,10
45,8812,0.9019611528516599,0.0005965445835002939,0.09383546820787883,0.00360683435696109,25,10,10
45,8813,0.9672232463437282,6.732720258846275e-07,0.03265471471829477,0.00012136566595101661,25,10,10
45,8814,0.8904346105015842,1.431555530852921e-05,0.10911247528952656,0.0004385986535782105,25,10,10
45,8815,0.8743832101273717,8.190720623632415e-07,0.12513142675367125,0.00048454404689410665,25,10,10
45,8816,0.9153907278412983,2.077197008745346e-05,0.08426240736496997,0.00032609282364428916,25,10,10
45,8817,0.897514876318796,7.481487429144133e-05,0.10212873853669543,0.0002815702702133786,25,10,10
45,8818,0.9101015381523524,1.941207130881495e-06,0.08511442970383838,0.004782090936676709,25,10,10
45,8819,0.806077349862186,3.4451364573938786e-05,0.1648202642336636,0.029067934539576328,25,10,10
45,8820,0.8587672783280954,1.791483977487702e-05,0.11712307290083344,0.024091733931296187,25,10,10
45,8821,0.768792256573075,8.451313328904762e-06,0.19875215995544246,0.03244713215815145,25,10,10
45,8822,0.7301356301381758,1.0821668022841291e-05,0.22374414374267776,0.04610940445112294,25,10,10
45,8823,0.7386918816676935,1.3030328777371043e-05,0.21534285619277826,0.04595223181074992,25,10,10
45,8824,0.8316942891539546,2.5941413033399953e-05,0.12794727412036405,0.04033249531264748,25,10,10
45,8825,0.8467058516827851,1.3932285903562375e-05,0.10577195144610314,0.04750826458520817,25,10,10
45,8826,0.829049322118963,1.211104413907524e-05,0.09625124679694079,0.07468732003995675,25,10,10
45,8827,0.7769249473506751,1.1614421263005173e-05,0.13286088169576582,0.0902025565322975,25,10,10
45,8828,0.8214770539921031,1.1884489418134584e-06,0.10089849922134059,0.07762325833761459,25,10,10
45,8829,0.780617658095362,3.0154295802188536e-05,0.15626532414306862,0.06308686346576704,25,10,10
45,8830,0.8261264610317395,3.118332278382129e-05,0.0981215854652013,0.07572077018027579,25,10,10
45,8831,0.8089155979457157,1.7206900546083306e-05,0.18234747667294646,0.00871971848079182,25,10,10
45,8832,0.7639218190508299,3.766553184336435e-06,0.21808892611402814,0.0179854882819576,25,10,10
45,8833,0.7981400434820577,4.710804730014563e-07,0.1564389286900374,0.04542055674743147,25,10,10
45,8834,0.7905359488333494,1.9761661112162667e-05,0.13008554798779362,0.07935874151774346,25,10,10
45,8835,0.7683487388151167,1.9702284988108923e-05,0.15802121167767566,0.07361034722221774,25,10,10
45,8836,0.8029827557765491,2.383109258738193e-05,0.12597284922867094,0.07102056390219189,25,10,10
45,8837,0.8193770246743084,0.0017544873094595158,0.10945097461461517,0.0694175134016169,25,10,10
45,8838,0.7814338412114595,1.1594036388160486e-06,0.1366651715566395,0.08189982782826177,25,10,10
45,8839,0.7354688859512487,6.36936317697655e-06,0.1840633701299771,0.08046137455559578,25,10,10
45,8840,0.8526675686641526,7.896205167106651e-07,0.06784502859526974,0.07948661312006014,25,10,10
45,8841,0.8541814685288176,1.0725627528727376e-05,0.06647510218375768,0.07933270365989586,25,10,10
45,8842,0.8028165203273067,3.2223256541029054e-05,0.11780583905485725,0.07934541736129297,25,10,10
45,8843,0.8455566836958843,1.1203722610473238e-05,0.07476130144170412,0.07967081113980092,25,10,10
45,8844,0.7627876820476872,1.1485535366004832e-05,0.14811037014978604,0.08909046226716087,25,10,10
45,8845,0.7709215142560282,1.3317285192000937e-05,0.17222362775950345,0.05684154069927577,25,10,10
45,8846,0.7018575104791528,3.354650486194522e-05,0.23031023349627325,0.06779870951971276,25,10,10
45,8847,0.7633986875455048,1.4858462411127705e-05,0.15665973585437598,0.07992671813770662,25,10,10
45,8848,0.727931453977321,0.03695857581413323,0.1536227240523197,0.08148724615622603,25,10,10
45,8849,0.7424876501534983,0.010345232813920701,0.1676864090325176,0.07948070800006153,25,10,10
45,8850,0.8453012351768239,8.027027119995514e-05,0.11424140298759519,0.04037709156438008,25,10,10
45,8851,0.7898320588996708,2.2830594115067926e-06,0.16703786206311608,0.043127795977801746,25,10,10
45,8852,0.764005181116801,8.53996428666902e-06,0.19349358318090304,0.042492695738008124,25,10,10
45,8853,0.8905925322193957,1.0181179107530851e-06,0.06904333586342391,0.04036311379927021,25,10,10
45,8854,0.8591747059933985,1.177356613865068e-05,0.10090207257569135,0.039911447864771056,25,10,10
45,8855,0.8711612526659969,1.240047193278259e-05,0.08918746345908636,0.039638883402984715,25,10,10
45,8856,0.8568939834421855,0.00919338655865497,0.09439405539833977,0.03951857460081716,25,10,10
45,8857,0.7623844747178616,5.2547253531836255e-05,0.19150817991013114,0.04605479811847605,25,10,10
45,8858,0.8204781753028882,1.4674120204271713e-05,0.13333299050138472,0.04617416007552136,25,10,10
45,8859,0.8484275219955638,3.129738004648516e-06,0.10556807280216979,0.046001275464260874,25,10,10
45,8860,0.8591149466114654,2.2337477361558382e-06,0.10131367620093211,0.0395691434398652,25,10,10
45,8861,0.9071077853546946,6.98496277322145e-07,0.0533328140885519,0.039558702060475785,25,10,10
45,8862,0.8963078405179548,1.8631062899873632e-07,0.07678953736895339,0.026902435802462835,25,10,10
45,8863,0.9229244389293426,1.127193820534178e-05,0.05207569484969295,0.024988594282759017,25,10,10
45,8864,0.8570559376775126,1.0393199991906233e-05,0.09998055589110877,0.042953113231383684,25,10,10
45,8865,0.7870375576074043,7.408722755085794e-05,0.1725328724318833,0.04035548273315873,25,10,10
45,8866,0.6904199185217433,2.6139590863969655e-05,0.2698613181970188,0.03969262369037181,25,10,10
45,8867,0.6449335150780726,0.0014472840895619766,0.3136306960423685,0.03998850478999595,25,10,10
45,8868,0.7140891211143345,3.9433513078063905e-06,0.24573227527867306,0.040174660255684704,25,10,10
45,8869,0.8024784358232114,1.7670062638447714e-05,0.19033888326990325,0.0071650108442475454,25,10,10
45,8870,0.8032984382227094,4.021592024785881e-05,0.1897372440449978,0.006924101812045075,25,10,10
45,8871,0.8683904708380297,3.9472175594293775e-05,0.12468710810579511,0.0068829488805814045,25,10,10
45,8872,0.906751546126838,8.778647983560021e-06,0.08405727363937318,0.009182401585804745,25,10,10
45,8873,0.9043276869335085,3.6245011771798145e-05,0.09278455338850385,0.0028515146662146094,25,10,10
45,8874,0.8753419889450582,1.2357133884554234e-05,0.12207453301767547,0.0025711209033798467,25,10,10
45,8875,0.9104499694994267,1.4173711081170191e-05,0.0870516279557875,0.0024842288337030265,25,10,10
45,8876,0.9060325517133072,1.5739077604873369e-06,0.08530630937152733,0.008659565007405083,25,10,10
45,8877,0.8796378331926716,9.312221431436397e-07,0.11800118284984619,0.002360052735337734,25,10,10
45,8878,0.8865079691061054,0.000490732857590661,0.0782878126971829,0.034713485339120075,25,10,10
45,8879,0.7898780273614991,3.780923132774004e-06,0.16780577635286334,0.04231241536250296,25,10,10
45,8880,0.8351820703648505,2.1013468931130485e-05,0.15835768979957301,0.006439226366645005,25,10,10
45,8881,0.8189787388448179,0.00033674611417480906,0.18009720577097568,0.0005873092700291828,25,10,10
45,8882,0.7895952201648078,0.0007271038449321175,0.20926655614240755,0.0004111198478537702,25,10,10
45,8883,0.7825781441611201,2.602145498581356e-06,0.21694540590835656,0.00047384778502612245,25,10,10
45,8884,0.7876727344737187,3.839926086039535e-05,0.2115670155528881,0.0007218507125333526,25,10,10
45,8885,0.7761074012788454,1.1089570858008847e-05,0.221082733886382,0.002798775263913878,25,10,10
45,8886,0.8124017644220348,0.0005796029444453524,0.18422549068272656,0.0027931419507941247,25,10,10
45,8887,0.7555442692945413,0.0005693198857093019,0.2402657212735887,0.003620689546161831,25,10,10
45,8888,0.8365145632916018,0.0005695556322499139,0.16019272489043326,0.0027231561857151785,25,10,10
45,8889,0.8692656331256857,1.0143395373226969e-05,0.1280556816654258,0.0026685418135146397,25,10,10
45,8890,0.8033226738691941,6.9731271083732415e-06,0.19657681526385912,9.353773984011141e-05,25,10,10
45,8891,0.8225602574513409,1.5926375140221357e-05,0.17734660805032784,7.720812319187293e-05,25,10,10
45,8892,0.7769420618426832,1.8364191890630988e-05,0.22273375478504676,0.0003058191803797255,25,10,10
45,8893,0.8662715685521956,0.0002462876978480634,0.13280452423593767,0.0006776195140193633,25,10,10
45,8894,0.8753149875746583,0.00028040598835975885,0.12082116422132615,0.003583442215656086,25,10,10
45,8895,0.8956450606903892,0.0005307111086626155,0.10363618610507515,0.00018804209587346116,25,10,10
45,8896,0.8189113988061024,7.81543095688012e-06,0.17845461037795934,0.002626175384978488,25,10,10
45,8897,0.7713588046664434,2.89826017424525e-05,0.18875083241232293,0.03986138031949064,25,10,10
45,8898,0.8298100397032693,0.00020211530908746428,0.13017560692335084,0.039812238064289775,25,10,10
45,8899,0.7443404788593024,8.34321693541914e-06,0.21250380449802875,0.04314737342573073,25,10,10
45,8900,0.8491764522953227,9.698453043341834e-06,0.1110403399834698,0.03977350926816369,25,10,10
45,8901,0.918595238239924,1.7935442766535418e-05,0.03847654713938609,0.04291027917792377,25,10,10
45,8902,0.8252400793431786,4.5502426624196784e-05,0.13458892757890598,0.04012549065128928,25,10,10
45,8903,0.8236046451188658,5.676148142753497e-05,0.13603128481150578,0.04030730858819973,25,10,10
45,8904,0.8408597875615049,6.365278643888753e-05,0.130015865201084,0.029060694450970946,25,10,10
45,8905,0.8325719696171378,2.030471003213568e-05,0.1365772817329143,0.030830443939914073,25,10,10
45,8906,0.8514590515600586,3.51349108583213e-05,0.10617964176869225,0.042326171760389164,25,10,10
45,8907,0.8510091731089967,3.345833511877319e-05,0.10894014503777003,0.040017223518111954,25,10,10
45,8908,0.8090022688063431,2.489312116858402e-05,0.15121029698911473,0.03976254108337236,25,10,10
45,8909,0.843996596156539,1.577767435807616e-05,0.1053789278755986,0.05060869829350322,25,10,10
45,8910,0.885289354300281,2.2804981112865013e-05,0.0864384761366828,0.028249364581923314,25,10,10
45,8911,0.9070347969254425,2.0878547932611605e-05,0.049954462144089405,0.042989862382535306,25,10,10
45,8912,0.8518654021363404,2.144796513417063e-05,0.10852664760550466,0.03958650229301932,25,10,10
45,8913,0.852804165261225,6.815417986947343e-05,0.10706803748636677,0.040059643072538745,25,10,10
45,8914,0.9083967305451004,2.0391633647473604e-05,0.052039667060778914,0.03954321076047332,25,10,10
45,8915,0.7880596799053577,2.3934089971047917e-05,0.19243077709652973,0.019485608908138365,25,10,10
45,8916,0.8498925268236008,0.0005657919388242382,0.14939176379337168,0.00014991744420280283,25,10,10
45,8917,0.8685031037555498,0.0005647254319743356,0.13076628915866637,0.00016588165380634358,25,10,10
45,8918,0.8837139600140113,9.476196304433099e-07,0.11606225057513216,0.00022284179122548375,25,10,10
45,8919,0.8726876190711159,2.5158802817632314e-05,0.12710921591935867,0.00017800620670753133,25,10,10
45,8920,0.8341855755338093,7.521027704660359e-07,0.16559231999554813,0.00022135236787031658,25,10,10
45,8921,0.8139885715336606,1.482138711342034e-06,0.18583486070970884,0.00017508561791876553,25,10,10
45,8922,0.8824065918789998,1.2196100399801476e-05,0.11736709635369041,0.0002141156669098429,25,10,10
45,8923,0.8950078225816569,3.107154858991507e-06,0.10497845842649137,1.0611836991932843e-05,25,10,10
45,8924,0.8533663222380992,0.0002640181568317012,0.14596717626389563,0.00040248334117243126,25,10,10
45,8925,0.823561268556981,9.887410495276368e-06,0.1603513443142406,0.01607749971828287,25,10,10
45,8926,0.8912766391414607,2.768178642191871e-06,0.10869880057248173,2.1792107416063024e-05,25,10,10
45,8927,0.9434143215166645,2.7603034153608664e-06,0.056446690895444664,0.00013622728447567579,25,10,10
45,8928,0.8136587914435967,1.3538340666890666e-05,0.18373811959871753,0.0025895506170176847,25,10,10
45,8929,0.7413442515687165,2.624921875085213e-05,0.25605448732302555,0.002575011889507793,25,10,10
45,8930,0.7502951341709649,2.5449091389618617e-05,0.24964831804789497,3.1098689746956924e-05,25,10,10
45,8931,0.8705147809194176,5.479949754671183e-05,0.12915148154785439,0.00027893803517928375,25,10,10
45,8932,0.8798349662682725,1.8283273709604527e-06,0.12014325389272956,1.9951511626826973e-05,25,10,10
45,8933,0.776838877182944,2.1604492165210755e-06,0.21367962315195516,0.00947933921588359,25,10,10
45,8934,0.7702004848383491,3.903626439785637e-05,0.22027970212832962,0.009480776768924191,25,10,10
45,8935,0.7750368212269482,2.7066478856870075e-05,0.19202924798753374,0.03290686430665988,25,10,10
45,8936,0.7692110793394379,6.529164889294999e-07,0.19061266321586373,0.040175604528209306,25,10,10
45,8937,0.842946010679949,2.408305809059054e-05,0.15691640472465013,0.0001135015373092856,25,10,10
45,8938,0.8406663664160259,2.651792174957934e-06,0.15383997592062199,0.005491005871177376,25,10,10
45,8939,0.9225922570932811,1.1059312371334214e-06,0.07716141060194415,0.00024522637353856767,25,10,10
45,8940,0.9296441044236261,1.916247984099569e-06,0.07018258702413666,0.00017139230425294332,25,10,10
45,8941,0.8868475137665213,7.249936472280683e-06,0.08078139096778361,0.03236384532922218,25,10,10
45,8942,0.8357882272255128,1.5236325551852303e-05,0.1278337499374813,0.03636278651145366,25,10,10
45,8943,0.7426698863501181,0.0028469626684525,0.21193871503183168,0.042544435949595026,25,10,10
45,8944,0.8398333257225048,2.5968676202196267e-05,0.1131374065238925,0.047003299077399925,25,10,10
45,8945,0.8637784211837652,7.466638440570966e-08,0.10535237024765828,0.030869133902192054,25,10,10
45,8946,0.8615412020942101,2.1052299790851774e-06,0.11033959925184615,0.02811709342396453,25,10,10
45,8947,0.7909671734922413,3.054336129197419e-05,0.17811115017022175,0.030891132976244472,25,10,10
45,8948,0.7553905506851926,1.4453445063737165e-06,0.20168324066820087,0.04292476330210051,25,10,10
45,8949,0.78243584221004,7.920502926523559e-07,0.179851271248494,0.03771209449117509,25,10,10
45,8950,0.7979043096042682,2.3991097233176613e-06,0.16931232805289662,0.032780963233110354,25,10,10
45,8951,0.830833219420175,9.518302930347263e-06,0.12894090919026321,0.040216353086632635,25,10,10
45,8952,0.7861536655479934,2.9933343252797872e-05,0.14419718074558643,0.06961922036316624,25,10,10
45,8953,0.8334841727306955,1.6943943862733573e-05,0.1330033892824594,0.03349549404298265,25,10,10
45,8954,0.779329337568005,5.260309688264026e-05,0.19147201298958283,0.029146046345525232,25,10,10
45,8955,0.7122606480590242,3.2251065477693376e-05,0.25858033051543616,0.02912677036006233,25,10,10
45,8956,0.713068869062506,2.1343729772278915e-05,0.2789474532552139,0.007962333952509303,25,10,10
45,8957,0.7370765584775886,2.1308397310408023e-05,0.2549897118556674,0.007912421269434483,25,10,10
45,8958,0.8090723938041623,0.00034307223361744867,0.18883400160453775,0.0017505323576815133,25,10,10
45,8959,0.7734763679477409,5.226655769310405e-05,0.2242780035112025,0.0021933619833610267,25,10,10
45,8960,0.883639903058585,0.0003585285825215247,0.11390349352808879,0.0020980748308037376,25,10,10
45,8961,0.8109316054358225,0.0003509101459103006,0.18583645876781296,0.0028810256504522504,25,10,10
45,8962,0.8528016610686003,9.737268889324906e-06,0.14089066673158526,0.0062979349309250894,25,10,10
45,8963,0.8665587350179635,1.105385859623875e-05,0.1271753505144714,0.0062548606089704,25,10,10
45,8964,0.8124104127994342,1.9532904197502786e-06,0.18205117842041296,0.005536455489731762,25,10,10
45,8965,0.8591997837402292,1.5482619765827687e-05,0.13674949175475298,0.004035241885252677,25,10,10
45,8966,0.9521660858870242,1.3124674518032694e-06,0.047694604926157756,0.0001379967193662247,25,10,10
45,8967,0.8683346923376069,1.4503296662304575e-05,0.13155375933872585,9.704502700349677e-05,25,10,10
45,8968,0.6329514905765514,0.00043206663131247137,0.3265420509480002,0.04007439184413722,25,10,10
45,8969,0.7135072352136039,3.071074803577107e-06,0.2748214418037709,0.011668251907817633,25,10,10
45,8970,0.7859122957929386,1.5189499121618078e-05,0.2024196489358283,0.011652865772112412,25,10,10
45,8971,0.7725351182319575,2.791492787038389e-06,0.2132910601981949,0.014171030077058729,25,10,10
45,8972,0.7898810712358013,1.534126580255716e-05,0.20382909335285831,0.006274494145539242,25,10,10
45,8973,0.8583450853123544,3.3103218560475056e-07,0.1013918345707631,0.04026274908469655,25,10,10
45,8974,0.8857711574023384,0.0003912680610146447,0.07740807386058701,0.0364295006760602,25,10,10
45,8975,0.8220322052174204,0.00039232486782952503,0.14851902602096406,0.029056443893785224,25,10,10
45,8976,0.8214317537457494,4.432649704760813e-07,0.11322535951848937,0.06534244347079016,25,10,10
45,8977,0.8103402383315363,7.447000576641299e-05,0.15314719183083675,0.03643809983185892,25,10,10
45,8978,0.8362547479502492,7.413301930523143e-05,0.13624756219552697,0.027423556834918525,25,10,10
45,8979,0.8236965893710082,0.0006296355418694306,0.1455416335519382,0.03013214153518229,25,10,10
45,8980,0.8036075804938256,2.6197845554460203e-06,0.16627281905492125,0.030116980666698365,25,10,10
45,8981,0.7425122059185909,1.0226498324115594e-05,0.22740981071251415,0.030067756870569378,25,10,10
45,8982,0.8191119340831426,1.5285346487160833e-07,0.10150095651923835,0.07938695654415456,25,10,10
45,8983,0.7590841710331236,2.1154295590927136e-05,0.16129897345506145,0.07959570121622388,25,10,10
45,8984,0.7702513670825407,1.4668101170017709e-05,0.1501302641961442,0.07960370062014517,25,10,10
45,8985,0.778253121823013,1.1314466533619717e-05,0.18474990950578973,0.0369856542046613,25,10,10
45,8986,0.8192977064200264,2.7568253310107283e-05,0.14843720672763738,0.032237518599026446,25,10,10
45,8987,0.8566851965187229,5.8391767965078e-05,0.10710761034698937,0.0361488013663227,25,10,10
45,8988,0.8186156802430172,3.896071916484905e-05,0.14436192872729214,0.03698343031052338,25,10,10
45,8989,0.8883795006177638,1.6382704239986163e-06,0.08691661054927682,0.024702250562535295,25,10,10
45,8990,0.8033797994180518,7.279783166405212e-05,0.16302113104245183,0.0335262717078319,25,10,10
45,8991,0.8404794069764749,1.455260754093537e-06,0.12606586133397774,0.03345327642879263,25,10,10
45,8992,0.8351180349623262,1.580608389703276e-05,0.09340910999723723,0.07145704895653987,25,10,10
45,8993,0.861848718726224,4.369557383555067e-06,0.10334412845640499,0.034802783259986335,25,10,10
45,8994,0.8846463834729407,8.183226894240619e-06,0.11448889669915215,0.00085653660101281,25,10,10
45,8995,0.7597014675459063,6.27587033191893e-05,0.20140765977018152,0.03882811398059703,25,10,10
45,8996,0.8318890897725771,2.729016679279272e-05,0.14182979747901242,0.02625382258161636,25,10,10
45,8997,0.7912138184405417,6.474849759336384e-05,0.20364095867532675,0.005080474386539261,25,10,10
45,8998,0.7791367774652409,2.507883838346573e-05,0.2200119710725718,0.0008261726238034735,25,10,10
45,8999,0.8104354270156702,1.2951956147731252e-05,0.1497293844924383,0.03982223653574238,25,10,10
45,9000,0.9118590234831991,3.025803503623967e-06,0.04767998903426223,0.040457961679034565,25,10,10
45,9001,0.8208226213701569,1.3116148388099693e-05,0.13425294316135167,0.04491131932010231,25,10,10
45,9002,0.7815077155569503,1.991120784228877e-05,0.17387222947057443,0.04460014376463313,25,10,10
45,9003,0.8427018689499218,2.1003560862671707e-06,0.09033259509378087,0.0669634356002096,25,10,10
45,9004,0.8320371013447331,5.5074126987956115e-05,0.09584384958627704,0.07206397494200094,25,10,10
45,9005,0.8077763112288412,0.00032002047970822336,0.14888860573999668,0.043015062551454174,25,10,10
45,9006,0.8172444803090987,1.5927681143306575e-05,0.14296933283852614,0.03977025917122826,25,10,10
45,9007,0.7556516926366836,1.4363116074260873e-05,0.23962690121317162,0.004707043034069722,25,10,10
45,9008,0.7510419526562653,0.008954328988328984,0.2351024964323468,0.004901221923057807,25,10,10
45,9009,0.7890332301573467,0.00893121913452648,0.19861535371683842,0.0034201969912894697,25,10,10
45,9010,0.808345437779233,0.008928960763386128,0.1426718116269154,0.040053789830465564,25,10,10
45,9011,0.7569809384600934,4.1971358731187444e-05,0.20589782015111308,0.03707927003006418,25,10,10
45,9012,0.7737204458385579,0.0005274362370907692,0.18556589869018833,0.040186219234163635,25,10,10
45,9013,0.6797553510806806,0.008736602127616382,0.28411577380179787,0.027392272989903873,25,10,10
45,9014,0.7708451618191399,0.01026117457181317,0.1916400107947352,0.027253652814310077,25,10,10
45,9015,0.7785651886167245,0.009429337467858085,0.1700657670799262,0.0419397068354879,25,10,10
45,9016,0.7701512633687154,0.009198628379430446,0.21818997118678504,0.0024601370650686335,25,10,10
45,9017,0.7501476364500348,0.017591082975067614,0.227583990086913,0.0046772904879837035,25,10,10
45,9018,0.7906579076692292,0.010939704696474109,0.1935466200255361,0.004855767608759978,25,10,10
45,9019,0.8193307573389532,2.6366838357132066e-05,0.18053295870946362,0.00010991711322559878,25,10,10
45,9020,0.8479276333582695,2.660066405158168e-05,0.1518749005906249,0.00017086538705363575,25,10,10
45,9021,0.8377322756186655,1.8427407591304707e-05,0.1620924010635315,0.00015689591021090415,25,10,10
45,9022,0.8355124423784378,5.380442227768452e-06,0.16433579789277877,0.00014637928655471727,25,10,10
45,9023,0.9186651312605951,1.0321561911129877e-06,0.08131691891523292,1.6917667980853428e-05,25,10,10
45,9024,0.9181551633517209,1.411178548760727e-06,0.08157220593758169,0.0002712195321496928,25,10,10
45,9025,0.8940041931577926,1.6704459643480793e-06,0.10591678539969519,7.735099654863274e-05,25,10,10
45,9026,0.8410794163708444,1.4409474614035422e-05,0.15873598091248511,0.00017019324205460535,25,10,10
45,9027,0.9217426648542557,3.692036458359067e-05,0.0781477482695503,7.26665116102062e-05,25,10,10
45,9028,0.8852450219534178,6.577972686953367e-06,0.1146508631133655,9.7536960529691e-05,25,10,10
45,9029,0.8713824598190214,7.324460797690964e-06,0.1285354934478752,7.472227230426123e-05,25,10,10
45,9030,0.8052248043145177,0.0010107911971885088,0.19342358037049653,0.00034082411779580625,25,10,10
45,9031,0.7297718744838615,0.0010069849690308586,0.26808633058108555,0.0011348099660245731,25,10,10
45,9032,0.8031412460307807,9.443903516031658e-07,0.19644331384756009,0.0004144957313092097,25,10,10
45,9033,0.8944093842658323,8.14629119359276e-07,0.10290979312611254,0.0026800079789355506,25,10,10
45,9034,0.8799770767642734,1.3774231532731897e-06,0.11726510229105169,0.00275644352152071,25,10,10
45,9035,0.8830272957392131,1.905074842883126e-06,0.11458924298740814,0.0023815561985348266,25,10,10
45,9036,0.8101229656313851,1.2363296556544822e-05,0.14922207227422257,0.04064259879783458,25,10,10
45,9037,0.8349510076776718,0.0004237774733837284,0.12486077594885088,0.03976443890009219,25,10,10
45,9038,0.8402985780749307,0.0005244359935483993,0.11946920600603145,0.039707779925487664,25,10,10
45,9039,0.8682777228566385,1.0868075162018824e-07,0.09165336999275527,0.0400687984698535,25,10,10
45,9040,0.9075282949871456,1.9975912717868913e-05,0.0919821894888316,0.00046953961130548615,25,10,10
45,9041,0.9124125471108914,2.175197886264707e-05,0.08437421354088494,0.003191487369361167,25,10,10
45,9042,0.8672813189362023,8.764156410223527e-07,0.12718414321374255,0.005533661434412284,25,10,10
45,9043,0.8092255091948347,2.649348407488791e-05,0.1721473530538311,0.01860064426725836,25,10,10
45,9044,0.7296827218659342,3.916886123846996e-05,0.25715950717624325,0.01311860209658417,25,10,10
45,9045,0.8839496960394925,1.858336641969461e-06,0.11303596662677567,0.0030124789970894365,25,10,10
45,9046,0.871364086107826,8.050285700184818e-07,0.12847636235816579,0.00015874650543921156,25,10,10
45,9047,0.8586940553294576,4.68115501415815e-05,0.1392772717533299,0.0019818613670688277,25,10,10
45,9048,0.9172487736522001,2.0212323762760374e-06,0.08100719965262526,0.001742005462798503,25,10,10
45,9049,0.8576093897295842,4.274128165623242e-05,0.14186368375386949,0.000484185234891407,25,10,10
45,9050,0.7979887172624097,3.871569882814286e-05,0.2013909470541079,0.0005816199846556933,25,10,10
45,9051,0.8137224207461762,6.127999586408937e-05,0.18569159224861942,0.0005247070093388601,25,10,10
45,9052,0.8688970297802564,4.677225586337862e-05,0.13087875292138507,0.000177445042492943,25,10,10
45,9053,0.8981196577493826,2.1735460196058552e-05,0.10151433623301999,0.00034427055739999485,25,10,10
45,9054,0.9361354972222077,2.066391084617631e-05,0.06377849991739824,6.533894954824784e-05,25,10,10
45,9055,0.8491527759750167,1.9612887908853993e-06,0.11886236162791115,0.031982901108279206,25,10,10
45,9056,0.8293569920004615,1.0721669506218639e-05,0.13635893542865096,0.034273350901379625,25,10,10
45,9057,0.7893399815053113,0.0003214650963569757,0.17701213033154406,0.03332642306678548,25,10,10
45,9058,0.8476887495759179,1.4663047310568371e-05,0.12023458046854586,0.03206200690822376,25,10,10
45,9059,0.8688336238054133,1.3117233030802178e-05,0.09926399844248193,0.03188926051907345,25,10,10
45,9060,0.9080163632210972,3.135224574494263e-06,0.05670375048510805,0.03527675106922002,25,10,10
45,9061,0.8775803962123176,1.4569132824760034e-06,0.11506420274170245,0.007353944132696814,25,10,10
45,9062,0.8110025688498834,5.20803885858363e-05,0.18680638895575372,0.00213896180577761,25,10,10
45,9063,0.8112090751269662,0.00013330746357527554,0.16496813041101283,0.023689486998446477,25,10,10
45,9064,0.8377419286665179,1.1925929491356953e-06,0.1339849446764103,0.028271934064120846,25,10,10
45,9065,0.7830590462763506,0.00048167269609090144,0.18777724572198054,0.02868203530557454,25,10,10
45,9066,0.8076105272564209,0.0012057448677449576,0.14773295526442276,0.04345077261140877,25,10,10
45,9067,0.8636187702963884,0.0007255949022461599,0.0923706948750213,0.043284939926341776,25,10,10
45,9068,0.8280201428624511,0.0007376030437538904,0.1309659781619213,0.040276275931871705,25,10,10
45,9069,0.8145243415183093,0.0007397837582715545,0.182033001398407,0.0027028733250110213,25,10,10
45,9070,0.7682532770082,0.006837428557268963,0.21980168769076475,0.005107606743767197,25,10,10
45,9071,0.7392298325612032,0.0004473379749426073,0.2551637848654142,0.005159044598439227,25,10,10
45,9072,0.7575253442733403,0.0005112420797750772,0.2412379126864834,0.0007255009604017587,25,10,10
45,9073,0.8158795834160635,7.258738136645059e-05,0.18337918665303513,0.0006686425495322487,25,10,10
45,9074,0.7962079052772989,6.351422110801528e-05,0.20250209119030008,0.0012264893112906886,25,10,10
45,9075,0.8050476282015753,1.0775085070434166e-05,0.19484348785718994,9.810885615924904e-05,25,10,10
45,9076,0.8488274905045715,2.678501193895648e-05,0.1489840573413816,0.002161667142108041,25,10,10
45,9077,0.8438171441860702,3.058269172521521e-05,0.12544165324159193,0.030710619880612536,25,10,10
45,9078,0.874380641473169,8.682419810935608e-07,0.09489332226822345,0.030725168016625254,25,10,10
45,9079,0.811258313650134,7.979127321338246e-05,0.188432210539582,0.00022968453707016793,25,10,10
45,9080,0.773000123031351,9.309359855686934e-06,0.2264261360902102,0.000564431518581239,25,10,10
45,9081,0.9008468995511316,9.243458218355679e-06,0.09909704427961519,4.681271103571551e-05,25,10,10
45,9082,0.8717816019374357,5.054676417296157e-07,0.12810632207350467,0.00011157052141791597,25,10,10
45,9083,0.914198317008712,1.0647278939779593e-06,0.08569520511626491,0.00010541314712882184,25,10,10
45,9084,0.8642373691035452,3.1989486191715986e-06,0.13564067605675892,0.00011875589107619576,25,10,10
45,9085,0.8629434330971348,2.249634919973891e-06,0.134436051149901,0.002618266118042891,25,10,10
45,9086,0.8439635328818775,1.459375769060064e-06,0.15367576040550646,0.0023592473368462792,25,10,10
45,9087,0.8741785248194315,2.621888775948811e-06,0.12236281643860694,0.003456036853185186,25,10,10
45,9088,0.8762404228597376,1.1093971140221112e-05,0.11546206467140475,0.008286418497716337,25,10,10
45,9089,0.8665962757939719,1.0790135186094695e-06,0.13187410411351022,0.0015285410789982574,25,10,10
45,9090,0.8905610787920254,1.195586633655875e-06,0.10563799125485467,0.0037997343664859444,25,10,10
45,9091,0.8383515054411826,4.6434472638629206e-05,0.1562164647619654,0.005385595324211776,25,10,10
45,9092,0.8756629461927298,4.016876491566361e-05,0.11916169928624547,0.005135185756108689,25,10,10
45,9093,0.8286503738590659,7.699850623690483e-06,0.16861664097090828,0.0027252853194047024,25,10,10
45,9094,0.7874614932159877,0.0003641603760771938,0.21044865066872695,0.0017256957392082978,25,10,10
45,9095,0.7657325434769792,2.4287359777228157e-05,0.23379545800737844,0.00044771115586535485,25,10,10
45,9096,0.8107757008242696,4.0565312639016294e-05,0.18909003321119747,9.370065189313802e-05,25,10,10
45,9097,0.8106887061864793,1.7211155996962162e-05,0.1497993057423259,0.039494776915197136,25,10,10
45,9098,0.8397851463946292,2.4262965643088936e-06,0.12053845124703468,0.03967397606177217,25,10,10
45,9099,0.7821181218554848,3.743698245468729e-05,0.18817491446828208,0.02966952669377657,25,10,10
45,9100,0.8167083726897433,9.116544729693526e-06,0.14105146379628378,0.04223104696924406,25,10,10
45,9101,0.8910670593293952,7.50661997701779e-06,0.06883881332168011,0.0400866207289478,25,10,10
45,9102,0.892514070672642,2.59779673542516e-06,0.10078303538041312,0.006700296150210314,25,10,10
45,9103,0.8333689766861374,3.2970564791191466e-06,0.16005884343913354,0.006568882818248989,25,10,10
45,9104,0.8153496131015312,1.3162601838007406e-05,0.1802097953981762,0.004427428898454833,25,10,10
45,9105,0.8280698429136344,7.800615172626549e-07,0.17189772193718456,3.165508766101512e-05,25,10,10
45,9106,0.8475579267998029,2.689584839449539e-05,0.15012818147774287,0.002286995874057672,25,10,10
45,9107,0.8757173541377533,3.6270439687268104e-05,0.12374212320824272,0.0005042522143145041,25,10,10
45,9108,0.8803272300347962,3.5889019297251996e-05,0.1183932358672458,0.0012436450786604356,25,10,10
45,9109,0.8523722289959124,3.7339244401353244e-05,0.13833453923796613,0.009255892521719537,25,10,10
45,9110,0.850532544204006,1.5348843981063252e-05,0.14116411585594263,0.008287991096068852,25,10,10
45,9111,0.8450240036120882,1.494489284211679e-05,0.15460158285142075,0.00035946864364932036,25,10,10
45,9112,0.845669198189683,1.657043945903163e-05,0.15355629720996472,0.0007579341608921138,25,10,10
45,9113,0.891666960851797,0.0003305439899677379,0.10782112837466273,0.000181366783570531,25,10,10
45,9114,0.8870284969755037,8.786341607595742e-06,0.0757741429278695,0.03718857375501913,25,10,10
45,9115,0.8547563113533123,1.708683713651635e-05,0.1081535896848502,0.037073012124701016,25,10,10
45,9116,0.9075785029133127,6.657345757256724e-07,0.05537336137590859,0.037047469976203715,25,10,10
45,9117,0.8926544753028769,7.124865009493832e-07,0.07019450988376316,0.03715030232685979,25,10,10
45,9118,0.8480556319423329,5.824999754900683e-07,0.11357048675718284,0.03837329880050751,25,10,10
45,9119,0.77739286368142,0.009083634690156314,0.18878197869428137,0.02474152293414072,25,10,10
45,9120,0.8506163500986869,0.01019553046814749,0.11438000540539318,0.024808114027771482,25,10,10
45,9121,0.7963089753437107,0.012195511409329002,0.16681345818608698,0.02468205506087351,25,10,10
45,9122,0.8321379132012082,0.03502689318301441,0.10819520885874345,0.024639984757033127,25,10,10
45,9123,0.8107115611312936,0.035032008499403015,0.08957631477084269,0.06468011559846111,25,10,10
45,9124,0.80315839034449,0.035032769606904976,0.08174927811296927,0.08005956193563536,25,10,10
45,9125,0.7903747091303228,0.03684135016181786,0.10746543608381938,0.06531850462404068,25,10,10
45,9126,0.7839040766275296,0.036844173244180704,0.11423665923424647,0.06501509089404255,25,10,10
45,9127,0.7442117100534666,0.036870948285492366,0.15409874932436143,0.06481859233667583,25,10,10
45,9128,0.7176558304814068,0.036854997908988836,0.1627337336667921,0.08275543794281172,25,10,10
45,9129,0.7243758817339176,0.03684207833842248,0.15810757734002434,0.08067446258763603,25,10,10
45,9130,0.7453386079610061,0.011180374933622061,0.1627465970430816,0.08073442006228934,25,10,10
45,9131,0.7280094941850259,0.0019327390043284809,0.1962808898890982,0.0737768769215488,25,10,10
45,9132,0.7170816778303262,0.0019515742830601584,0.2108177300491575,0.07014901783745481,25,10,10
45,9133,0.7591950868682408,8.106479201828801e-05,0.17150621423561965,0.06921763410412003,25,10,10
45,9134,0.667577857029602,8.139659201533109e-05,0.22052665731081794,0.1118140890675665,25,10,10
45,9135,0.7083437360921012,1.0905293341438132e-05,0.22898478613449,0.06266057248006843,25,10,10
45,9136,0.700926030050045,1.1533745835670657e-05,0.2198167562701294,0.07924567993398958,25,10,10
45,9137,0.7478791382500394,9.885103495057684e-06,0.18336647018027655,0.06874450646618764,25,10,10
45,9138,0.7139236129658855,4.272650268850707e-06,0.21155276950190036,0.07451934488194241,25,10,10
45,9139,0.7523840384348267,3.4021000341064207e-06,0.16011231542616788,0.08750024403897051,25,10,10
45,9140,0.7501699683795365,6.214771173763058e-05,0.16271158786938256,0.08705629603934417,25,10,10
45,9141,0.8095459652365247,6.094773381564329e-05,0.07126202806053575,0.11913105896912392,25,10,10
45,9142,0.7954879082287276,3.086024864503679e-06,0.0955013820133218,0.109007623733085,25,10,10
45,9143,0.7558213448953519,0.00889427644406714,0.1900385237018046,0.045245854958776,25,10,10
45,9144,0.7248255752665281,0.009071708177276608,0.22614016571454537,0.03996255084164978,25,10,10
45,9145,0.7539881969079143,0.008901972369284203,0.1973031171907995,0.03980671353200244,25,10,10
45,9146,0.7114152961971082,0.008914071469831876,0.23923603298411095,0.04043459934895131,25,10,10
45,9147,0.7696661220879182,0.00028407515934703693,0.19030427005536782,0.039745532697364895,25,10,10
45,9148,0.8395155682691873,0.0002818071871013485,0.12592963359298404,0.034272990950726896,25,10,10
45,9149,0.8400249801517888,0.0001477609161176805,0.121334327051066,0.0384929318810249,25,10,10
45,9150,0.8575990579569208,9.760303666318236e-07,0.1112219579088652,0.03117800810384651,25,10,10
45,9151,0.9213793800134547,1.8843988470049835e-07,0.064841610946679,0.013778820599981154,25,10,10
45,9152,0.8887928014630714,7.625672786540437e-05,0.11092903397960847,0.000201907829454438,25,10,10
45,9153,0.9155835430422189,7.365990786447271e-06,0.08437486703944506,3.4223927549911106e-05,25,10,10
45,9154,0.919588531446895,3.3350864591429094e-07,0.08040224678983204,8.888254626595357e-06,25,10,10
45,9155,0.9247465407439877,4.641859746081557e-07,0.07506523437097265,0.00018776069906528545,25,10,10
45,9156,0.9376311960400788,8.409962455315038e-07,0.06231446949598858,5.3493467687647694e-05,25,10,10
45,9157,0.8820535741931046,3.531527302816962e-05,0.1176655270263417,0.00024558350752379356,25,10,10
45,9158,0.8631738101019657,4.594561101972538e-05,0.13426373701668898,0.002516507270324761,25,10,10
45,9159,0.8960854869254362,9.266442759379337e-05,0.1037611421622961,6.070648467386244e-05,25,10,10
45,9160,0.8383885594642878,2.0690917262409376e-05,0.1613221932792458,0.0002685563392025746,25,10,10
45,9161,0.8378748355292858,1.1320537763415138e-05,0.16190403753331567,0.00020980639963525733,25,10,10
45,9162,0.8129599325668133,1.2904548361711227e-05,0.15357938185997788,0.0334477810248486,25,10,10
45,9163,0.8075525723482866,0.0005318371230845093,0.15853226266850384,0.03338332786012376,25,10,10
45,9164,0.8120489419865399,0.010540790740413314,0.15004152418417394,0.027368743088872736,25,10,10
45,9165,0.7762263745152073,0.0008094001860192178,0.22273127029108675,0.00023295500768641796,25,10,10
45,9166,0.8079530250597435,1.3317168643898379e-06,0.1918342218140336,0.00021142140935680775,25,10,10
45,9167,0.8011001316718385,6.725421850709801e-05,0.1969896468481793,0.0018429672614772277,25,10,10
45,9168,0.8375444019898043,1.1032992606357108e-05,0.16086684105497337,0.0015777239626165334,25,10,10
45,9169,0.8417061412456799,1.23386621047771e-05,0.15816134105712118,0.00012017903509331632,25,10,10
45,9170,0.8385707937106089,7.278210691175718e-07,0.16053689563248155,0.0008915828358399761,25,10,10
45,9171,0.9197424147344699,1.0073746729271172e-05,0.08009269052415754,0.00015482099464315745,25,10,10
45,9172,0.8468006961062617,2.117159749131357e-06,0.15157044936498174,0.001626737369006742,25,10,10
45,9173,0.8103548323327776,1.9847908976681497e-06,0.1881389876945126,0.0015041951818138839,25,10,10
45,9174,0.8116218244116886,1.2494830006752898e-06,0.18683544988354098,0.0015414762217692635,25,10,10
45,9175,0.8220588585601196,1.866217894612126e-06,0.17792354717912695,1.572804285662439e-05,25,10,10
45,9176,0.8813625099538612,1.3227471031492558e-06,0.08976851705138245,0.028867650247651477,25,10,10
45,9177,0.7609042417127627,0.0002517939987260497,0.20980355748107535,0.029040406807435092,25,10,10
45,9178,0.7992421912890662,0.0002649630672095215,0.1984595037813062,0.0020333418624204555,25,10,10
45,9179,0.8055012147966525,0.000271098102939526,0.15284306899145159,0.04138461810895589,25,10,10
45,9180,0.8123679014735532,3.7704630368478414e-05,0.18366398390818575,0.003930409987892688,25,10,10
45,9181,0.7988857644124213,9.901553278050218e-06,0.19929348238004096,0.0018108516542589095,25,10,10
45,9182,0.8577759701929331,8.09363472147318e-08,0.1404108526179788,0.001813096252741067,25,10,10
45,9183,0.9124242624769636,4.6244654920636384e-07,0.08734016662335302,0.00023510845313401727,25,10,10
45,9184,0.8187433774771518,5.61802371817536e-06,0.1771696565098102,0.004081347989318082,25,10,10
45,9185,0.8005049792547395,2.7953854735661446e-06,0.16941853860987352,0.030073686749914473,25,10,10
45,9186,0.8925102187830665,9.183231240630651e-06,0.06792568934060896,0.03955490864508369,25,10,10
45,9187,0.7597632811117795,7.648428696549056e-05,0.19195729409624984,0.04820294050500734,25,10,10
45,9188,0.7683348220911397,2.0606256305073454e-06,0.1838060610692061,0.0478570562140249,25,10,10
45,9189,0.7874788603668017,1.3389603605526569e-05,0.17223409788592645,0.040273652143665864,25,10,10
45,9190,0.620732951115846,0.00012531935404309143,0.3388331551587833,0.04030857437132637,25,10,10
45,9191,0.7725851530767172,5.922320529644022e-06,0.18734574373619892,0.04006318086655521,25,10,10
45,9192,0.7918020127841546,3.795835219483091e-06,0.16520260388507343,0.04299158749555141,25,10,10
45,9193,0.7813941001379822,4.066306421245211e-06,0.1732168921183943,0.04538494143720171,25,10,10
45,9194,0.7724732544997016,2.5387216083865556e-05,0.1823209210979577,0.045180437186257166,25,10,10
45,9195,0.7625588901424646,1.7038138273259818e-05,0.19193990854424126,0.04548416317501875,25,10,10
45,9196,0.7606252967811336,4.8519809215137695e-05,0.20245266058693467,0.036873522822715346,25,10,10
45,9197,0.8435739315252002,1.013351021684134e-06,0.10941201488304549,0.0470130402407326,25,10,10
45,9198,0.9127167061835502,2.2727691701481455e-06,0.04753177725408482,0.03974924379319493,25,10,10
45,9199,0.8816822172571633,1.4599064076531349e-06,0.0893232950570619,0.028993027779366954,25,10,10
45,9200,0.7744160282403268,0.00020899569850632793,0.18565649024531555,0.03971848581585029,25,10,10
45,9201,0.7822577712217068,8.102885650552342e-05,0.18401509071098257,0.03364610921080776,25,10,10
45,9202,0.7436785210036352,8.130284075869423e-05,0.2209651483290976,0.035275027826507745,25,10,10
45,9203,0.7572323879631689,1.3329997733195332e-05,0.20764547161581162,0.03510881042328522,25,10,10
45,9204,0.819857284253063,1.2672898503650334e-05,0.14495174190201376,0.03517830094641833,25,10,10
45,9205,0.8230339495451741,7.848943737108323e-07,0.13442943111200237,0.042535834448448384,25,10,10
45,9206,0.7756926697175115,1.4493307671170614e-06,0.1816966423011153,0.04260923865060594,25,10,10
45,9207,0.8384000911462834,1.552228120664624e-06,0.1142281382857526,0.04737021833984365,25,10,10
45,9208,0.8212392507691807,1.4416577197454116e-06,0.13521385165247266,0.0435454559206259,25,10,10
45,9209,0.8170214229754638,1.6716162661947918e-07,0.14328594833010846,0.039692461532798526,25,10,10
45,9210,0.7802588613313931,0.0016503681490620905,0.1765523336533477,0.041538436866196314,25,10,10
45,9211,0.8266732958006283,0.0016423362430649368,0.16177092179707075,0.009913446159235166,25,10,10
45,9212,0.8419245550462433,1.8427893014392534e-05,0.15631700502470788,0.0017400120360335232,25,10,10
45,9213,0.8337790666621434,1.8257535793753333e-05,0.16503273100826246,0.0011699447937996547,25,10,10
45,9214,0.8685182897491285,4.19342099051193e-05,0.1313724543440896,6.732169687484712e-05,25,10,10
45,9215,0.8799873512201647,1.419763385041679e-05,0.11627964328936398,0.0037188078566202936,25,10,10
45,9216,0.8499884814009484,6.425849804789462e-06,0.14991116497677648,9.392777246772115e-05,25,10,10
45,9217,0.8629080358249622,7.785148287995795e-07,0.1366480172198032,0.00044316844040459406,25,10,10
45,9218,0.6904656127811577,2.0524635997958696e-06,0.2387669545668847,0.07076538018835783,25,10,10
45,9219,0.7724923692768093,1.4141770709157288e-05,0.1481616243770679,0.07933186457541111,25,10,10
45,9220,0.8207755535130395,1.0749980967565521e-05,0.09846383102324982,0.08074986548274225,25,10,10
45,9221,0.6778091330827971,1.2359289460368192e-05,0.20573202312340794,0.11644648450433481,25,10,10
45,9222,0.6962982191498374,1.4979130797411942e-05,0.1990183469142441,0.10466845480512055,25,10,10
45,9223,0.6767944781739658,2.2985105296226932e-05,0.23986293786005117,0.08331959886068732,25,10,10
45,9224,0.7445362974023698,4.511842530802108e-07,0.14721023778264122,0.10825301363073343,25,10,10
45,9225,0.7177416553876642,3.23833276629714e-06,0.19419180890127793,0.08806329737829005,25,10,10
45,9226,0.7090348233981715,1.0775638157750152e-05,0.19781411285944953,0.09314028810421998,25,10,10
45,9227,0.745601898016661,1.277233050378567e-05,0.14644779910187325,0.10793753055096054,25,10,10
45,9228,0.7325966223871997,1.4043800292963219e-05,0.1651237691863646,0.10226556462614023,25,10,10
45,9229,0.8169296025345577,1.12290584770266e-06,0.07584099895756506,0.1072282756020293,25,10,10
45,9230,0.8034855113377561,1.4048112686810478e-06,0.09855173488246505,0.09796134896850876,25,10,10
45,9231,0.7663908669893031,1.924248529635417e-07,0.13625833172139015,0.09735060886445289,25,10,10
45,9232,0.8214040812548895,1.2220867100946342e-05,0.11294948664676209,0.06563421123124709,25,10,10
45,9233,0.8589019171648462,2.561053469931212e-07,0.07545287982971806,0.06564494690008879,25,10,10
45,9234,0.8026315416633326,0.0003739325329234412,0.1312704033235363,0.06572412248020838,25,10,10
45,9235,0.8209361491436326,1.7910576599972216e-05,0.0998562058809558,0.07918973439881218,25,10,10
45,9236,0.8309904940974873,1.5527985220091392e-06,0.09695007145025297,0.07205788165373685,25,10,10
45,9237,0.8308746584465366,2.0495196036401067e-05,0.10445984865817425,0.06464499769925211,25,10,10
45,9238,0.7257225164309281,2.0987861378753638e-05,0.16860359984784887,0.10565289585984253,25,10,10
45,9239,0.7935682336289596,3.3532434206484444e-05,0.10058367989201669,0.10581455404481811,25,10,10
45,9240,0.7773798215511101,4.109281765612295e-05,0.1027163665769329,0.11986271905430171,25,10,10
45,9241,0.7416376605230407,0.00047725464302234873,0.17772047634419194,0.08016460848974473,25,10,10
45,9242,0.8009025532363581,3.9481841380913614e-05,0.11863571288948252,0.08042225203277828,25,10,10
45,9243,0.7915813003089085,8.974240476571557e-06,0.12829992140981267,0.08010980404080295,25,10,10
45,9244,0.7119693594800448,0.0003296343769394454,0.22050063222883312,0.06720037391418013,25,10,10
45,9245,0.7650079298537114,2.2330265551846678e-05,0.1529725404432826,0.08199719943745279,25,10,10
45,9246,0.6453386986893277,7.468856776581734e-05,0.24107170027111896,0.113514912471787,25,10,10
45,9247,0.7616665303105177,4.0592433349520615e-06,0.16063330464579625,0.0776961058003529,25,10,10
45,9248,0.804523933420797,1.137235519333197e-05,0.15009444178105316,0.04537025244295679,25,10,10
45,9249,0.8036049716985602,4.3955609003906185e-05,0.18751231879579044,0.008838753896645821,25,10,10
45,9250,0.7805742707658083,9.587931281859605e-05,0.17917735397205262,0.040152495949319605,25,10,10
45,9251,0.8467826576270626,9.087600959578775e-05,0.11305331545415401,0.04007315090918739,25,10,10
45,9252,0.8663271918121448,0.0007845139878414495,0.09268031067743507,0.0402079835225779,25,10,10
45,9253,0.8676937069187602,1.879461316369145e-06,0.05274763021122185,0.07955678340870141,25,10,10
45,9254,0.7655572125671273,6.682646079105886e-05,0.15459500811267768,0.07978095285940451,25,10,10
45,9255,0.8445303072633084,2.2682808614376626e-06,0.08914326787053586,0.06632415658529436,25,10,10
45,9256,0.8551070180150071,4.875321940340768e-07,0.07517700776973739,0.06971548668306136,25,10,10
45,9257,0.8443317254499395,1.8156591249795925e-05,0.08657688234050305,0.06907323561830697,25,10,10
45,9258,0.8453060813878842,2.0426241366560257e-05,0.07530355600128634,0.07936993636946205,25,10,10
45,9259,0.8743425533900558,1.34532182948783e-05,0.08601321811593653,0.03963077527571218,25,10,10
45,9260,0.8609690249282207,0.0002448398911219711,0.09909122473697303,0.039694910443687156,25,10,10
45,9261,0.78510683985655,1.7715184596929396e-05,0.1751605207309403,0.03971492422791226,25,10,10
45,9262,0.7670058119258922,2.561150833143476e-05,0.16791352977673785,0.06505504678903659,25,10,10
45,9263,0.7970743619018755,1.7234294690384e-05,0.1316017694499237,0.07130663435350909,25,10,10
45,9264,0.789060329277095,3.732369622060673e-05,0.13665750518869835,0.07424484183798591,25,10,10
45,9265,0.8493466659215398,6.038937047320045e-05,0.09112607903493831,0.059466865673048375,25,10,10
45,9266,0.770944515544768,2.8665540822243415e-05,0.14609670102687208,0.0829301178875363,25,10,10
45,9267,0.7343648737236304,2.37068553727247e-06,0.1857279758478225,0.07990477974300768,25,10,10
45,9268,0.7523234111808256,1.3104624412005209e-06,0.18533816216473373,0.06233711619200184,25,10,10
45,9269,0.7569701642153889,2.583668918706017e-06,0.17823993321782322,0.06478731889786683,25,10,10
45,9270,0.7713308212474566,4.8008421872488087e-05,0.16459567682882753,0.06402549350184128,25,10,10
45,9271,0.7020933712613836,5.303998014708927e-05,0.21697233432417085,0.08088125443429937,25,10,10
45,9272,0.7285949847117097,4.0448676911101326e-05,0.19924036137100626,0.0721242052403685,25,10,10
45,9273,0.7914720425204103,3.033045313040816e-05,0.12708693675511623,0.08141069027134233,25,10,10
45,9274,0.7843222753400623,3.249378664077258e-05,0.1322735921036673,0.08337163876962674,25,10,10
45,9275,0.7727795136942788,3.376727340930741e-05,0.14353170932857207,0.08365500970374025,25,10,10
45,9276,0.7942234380155171,0.00019428415373901276,0.1393451429513867,0.06623713487935777,25,10,10
45,9277,0.7165210570895966,0.00018904206739713607,0.2036287125121622,0.07966118833084165,25,10,10
45,9278,0.739385775254556,0.00018064163589363264,0.18092043706833003,0.07951314604122058,25,10,10
45,9279,0.7420430039579162,2.5620665304274863e-05,0.17844996395551566,0.07948141142126278,25,10,10
45,9280,0.8210573404242814,1.0928355473344988e-05,0.14086073923073628,0.0380709919895089,25,10,10
45,9281,0.8782610199649618,4.657057729408681e-07,0.08191990697688897,0.039818607352374365,25,10,10
45,9282,0.8734455166593632,5.80784248650178e-07,0.08392380638738393,0.042630096169004136,25,10,10
45,9283,0.8659771600309246,2.074791158631238e-05,0.09428240384841295,0.03971968820907579,25,10,10
45,9284,0.8656041586967956,1.794663947324018e-06,0.08839697277307207,0.04599707386618545,25,10,10
45,9285,0.8585930767742337,8.450081474517773e-07,0.10125400937343632,0.0401520688441816,25,10,10
45,9286,0.8067308884220781,6.014043802256807e-07,0.15009946784890588,0.04316904232463619,25,10,10
45,9287,0.7908350872798476,4.980753524047546e-07,0.16539102303217693,0.04377339161262415,25,10,10
45,9288,0.797869400931311,1.8283280303453694e-05,0.16126491065674145,0.0408474051316453,25,10,10
45,9289,0.6967826260724899,0.011605674214688505,0.2828374931408079,0.008774206572010619,25,10,10
45,9290,0.7299356779437083,0.011607017051586723,0.24567846592260786,0.012778839082094824,25,10,10
45,9291,0.7564804686901176,0.001932814491153496,0.20200573147102813,0.0395809853477038,25,10,10
45,9292,0.6741598349089505,0.001873239820014929,0.28240810507720554,0.04155882019382782,25,10,10
45,9293,0.7680293977985757,0.0016535434469143176,0.18909349047081087,0.04122356828369868,25,10,10
45,9294,0.7620031677549318,2.2420430114321694e-05,0.22632039506120327,0.011654016753750086,25,10,10
45,9295,0.7954189286634936,1.7555472113659836e-05,0.16480994631769616,0.0397535695466961,25,10,10
45,9296,0.7690669001239685,4.9739233238196365e-06,0.22840846760868913,0.002519658344016788,25,10,10
45,9297,0.8180942462033218,9.72590462221407e-06,0.18188245998685543,1.3567905198543535e-05,25,10,10
45,9298,0.8777715875186898,2.030994527819628e-05,0.12215224816888538,5.5854367145340074e-05,25,10,10
45,9299,0.8992412542235477,1.7868681776947147e-06,0.10073276241119013,2.419649708297886e-05,25,10,10
45,9300,0.8558374097612444,3.482140499231279e-06,0.14352194681212832,0.0006371612861263421,25,10,10
45,9301,0.925995338646349,1.970038701069538e-06,0.07393625680537869,6.643450957111667e-05,25,10,10
45,9302,0.9542521174188977,1.2084050189564393e-06,0.04562919805702748,0.0001174761190553415,25,10,10
45,9303,0.9688830212271375,1.0909463834318263e-06,0.031106199759020247,9.688067458737065e-06,25,10,10
45,9304,0.9433708647107716,2.8095780388383105e-06,0.05653160913100066,9.471658018914237e-05,25,10,10
45,9305,0.8843639631301028,8.509890015528825e-06,0.1155010569115636,0.00012647006831790382,25,10,10
45,9306,0.8988798759073436,4.50081425168096e-06,0.10074642849890164,0.0003691947795026776,25,10,10
45,9307,0.8442420669373039,7.27722890050227e-05,0.1553151052737401,0.0003700554999463183,25,10,10
45,9308,0.8776592137232209,7.111834336603028e-05,0.11909529004452754,0.003174377888886271,25,10,10
45,9309,0.8766500071693966,7.826141612201856e-05,0.12278691378124947,0.00048481763323241845,25,10,10
45,9310,0.8788840237011568,1.5150257601876732e-06,0.1209198118995582,0.00019464937352184217,25,10,10
45,9311,0.8888514101317204,9.164278216155323e-07,0.11108113776346508,6.65356769924891e-05,25,10,10
45,9312,0.9213535263956192,2.250304451163783e-06,0.07863331365210252,1.0909647827146914e-05,25,10,10
45,9313,0.7881938342537212,1.5892282558086235e-05,0.21100311143689932,0.0007871620268214645,25,10,10
45,9314,0.8332789917053023,8.322873226846339e-07,0.15885586566922563,0.007864310338146942,25,10,10
45,9315,0.8053153621158694,2.700255302570617e-06,0.19417065979500492,0.0005112778338214555,25,10,10
45,9316,0.7709055973210759,5.603825741076422e-05,0.21423398284674583,0.014804381574769798,25,10,10
45,9317,0.8758006246794013,4.07194464646569e-06,0.12415865728668062,3.664608926939897e-05,25,10,10
45,9318,0.8549047377939302,1.469978726901738e-06,0.1450615388427586,3.225338458511951e-05,25,10,10
45,9319,0.8820043948571497,1.6027387635965285e-06,0.11796686732809829,2.7135075988949698e-05,25,10,10
45,9320,0.9032003059400698,1.2377260862260329e-06,0.09678444056297007,1.4015770873309842e-05,25,10,10
45,9321,0.9272405762619503,1.9792621561537805e-07,0.0727509227594342,8.303052399589013e-06,25,10,10
45,9322,0.8598520147220892,0.00011137589756932125,0.13993357173146007,0.00010303764888201562,25,10,10
45,9323,0.799681702747243,0.00012956900939426806,0.19724312436872013,0.0029456038746421853,25,10,10
45,9324,0.7856650775626837,0.00010337009975209628,0.210950504989836,0.0032810473477286758,25,10,10
45,9325,0.9174172626666472,4.149939332754302e-05,0.08253197023849011,9.26770153524107e-06,25,10,10
45,9326,0.8646509568242783,1.3143906481174782e-05,0.1274788226774511,0.007857076591787682,25,10,10
45,9327,0.8966414671451389,2.2670639967254347e-06,0.0964752634119846,0.006881002378878991,25,10,10
45,9328,0.8742162162600781,3.021668906024037e-06,0.11891716291146186,0.006863599159553947,25,10,10
45,9329,0.8407305498797879,1.2733817170712283e-06,0.1315288179463753,0.02773935879212007,25,10,10
45,9330,0.8335054572276381,1.4570282636560246e-06,0.1628898830318588,0.003603202712241785,25,10,10
45,9331,0.8233483422522403,8.102400645683728e-05,0.17248200966984864,0.004088624071457226,25,10,10
45,9332,0.8317638529055003,8.162101493495003e-05,0.16478794403516886,0.0033665820443957266,25,10,10
45,9333,0.8215744790580609,1.5746622521400512e-05,0.17839010338821812,1.967093119829213e-05,25,10,10
45,9334,0.8266284231285685,4.833981241981353e-06,0.1662225166966756,0.007144226193512328,25,10,10
45,9335,0.7820452135682302,0.00037729764732565154,0.20084317072486313,0.016734318059582542,25,10,10
45,9336,0.7980764858482781,0.0003432564800234727,0.18770842680414146,0.013871830867557208,25,10,10
45,9337,0.8218627626504442,4.1490553552196476e-05,0.1641309665711553,0.013964780224848466,25,10,10
45,9338,0.8359435421766891,0.00011563136493475631,0.16357850059566023,0.0003623258627161823,25,10,10
45,9339,0.8413710886952098,0.00012087335790196138,0.15677716261962135,0.001730875327267652,25,10,10
45,9340,0.8872272830356119,1.3805601160369284e-06,0.11270300290618403,6.833349808774847e-05,25,10,10
45,9341,0.7873915046441365,2.4116056723276688e-05,0.21243222922361266,0.00015215007552681027,25,10,10
45,9342,0.82955990224852,2.0882999198000633e-05,0.16802390260048447,0.0023953121517963634,25,10,10
45,9343,0.8455942207837466,5.404820435890929e-05,0.12324634400887162,0.03110538700302271,25,10,10
45,9344,0.7702178383283411,1.9701761941719424e-07,0.19784206079868522,0.03193990385535253,25,10,10
45,9345,0.829233356498891,1.5008668055552212e-05,0.1311390228700833,0.03961261196296958,25,10,10
45,9346,0.8387621234954342,1.0137973861514366e-05,0.12138300328186404,0.03984473524883892,25,10,10
45,9347,0.8814224125801303,1.0567832144019133e-05,0.11481323677870953,0.0037537828090157405,25,10,10
45,9348,0.9534969305441866,4.7202470571566873e-08,0.046494338742730894,8.683510611828167e-06,25,10,10
45,9349,0.8824338286758981,6.360948190950132e-06,0.1175341532696436,2.56571062670393e-05,25,10,10
45,9350,0.8922525644114886,6.317625622541728e-06,0.10764218753368729,9.893042920031936e-05,25,10,10
45,9351,0.8668975307948866,1.0415230021912822e-05,0.133026824290594,6.522968449831443e-05,25,10,10
45,9352,0.8975919638375583,0.00046857973587962763,0.10165660294980947,0.0002828534767517573,25,10,10
45,9353,0.9331672062723412,0.03411821713723902,0.032696631829364754,1.7944761054457203e-05,25,10,10
45,9354,0.8896677407560171,0.03412942689664609,0.07151712929771553,0.004685703049620439,25,10,10
45,9355,0.8901041340148355,0.03411878486224282,0.07108639457106354,0.004690686551857818,25,10,10
45,9356,0.8713707054363314,0.010349016333031964,0.11827639459087451,3.8836397613582315e-06,25,10,10
45,9357,0.8183523763308712,0.007581626816169932,0.1699657282691783,0.004100268583781052,25,10,10
45,9358,0.9119384914350317,0.00919296329648674,0.07846805391415373,0.00040049135432737007,25,10,10
45,9359,0.8506413874125605,0.012205219690988891,0.1370440272045546,0.0001093656918930983,25,10,10
45,9360,0.8789276320791081,0.01231449231447481,0.10827239253977852,0.0004854830666381557,25,10,10
45,9361,0.8247608600768415,0.0350769133824827,0.1336366684900171,0.006525558050657677,25,10,10
45,9362,0.7828434911447357,0.01225315797881268,0.20297054840850592,0.0019328024679464415,25,10,10
45,9363,0.8371065301598919,0.01273337708195552,0.15007395596906498,8.61367890863508e-05,25,10,10
45,9364,0.8781513728321674,1.4072580550323249e-05,0.12182881431748845,5.740269793141725e-06,25,10,10
45,9365,0.908342025649403,8.748545882527616e-06,0.09161046124875387,3.8764555961310636e-05,25,10,10
45,9366,0.7829157299101642,9.248579467574352e-05,0.19058283259457384,0.02640895170058312,25,10,10
45,9367,0.8263529737720384,9.357443806746384e-05,0.14751952367884855,0.026033928111045032,25,10,10
45,9368,0.7885398440367986,9.120984819654135e-05,0.18448019828974405,0.026888747825258318,25,10,10
45,9369,0.7906167294178995,1.9039384497711762e-06,0.14309217204102453,0.06628919460262378,25,10,10
45,9370,0.8034688954794472,2.082494013243101e-06,0.12814770310497178,0.06838131892156889,25,10,10
45,9371,0.8319197421989056,0.0004038292675914083,0.0992959958146367,0.06838043271886614,25,10,10
45,9372,0.7903670772400703,0.0003952880234974667,0.13249598431299042,0.07674165042344079,25,10,10
45,9373,0.7918006348244205,1.2831530848564706e-05,0.14017000262105922,0.06801653102367028,25,10,10
45,9374,0.8174965380625444,0.0001403628527291315,0.11625992758644449,0.06610317149827938,25,10,10
45,9375,0.7771301123628861,0.0001412058861669826,0.15672044959238135,0.06600823215856459,25,10,10
45,9376,0.7104168306748313,9.096880693993749e-05,0.2543321524716454,0.03516004804658543,25,10,10
45,9377,0.7243114508531444,9.76896806351721e-05,0.26224306320980934,0.013347796256412643,25,10,10
45,9378,0.7575903854737319,3.623655671244975e-05,0.24168275415053855,0.0006906238190212732,25,10,10
45,9379,0.810393873083143,1.064086625367147e-05,0.18819347334883774,0.001402012701763533,25,10,10
45,9380,0.8235673812576029,6.538405344186773e-06,0.1764119308507892,1.4149486262455036e-05,25,10,10
45,9381,0.79949919774325,4.6768184518421894e-05,0.18842887061474534,0.012025163457483773,25,10,10
45,9382,0.8534002080372168,8.943990071040786e-06,0.13464183001760402,0.011949017955108056,25,10,10
45,9383,0.8884574156326569,2.8461411175272413e-05,0.07020284535131141,0.0413112776048559,25,10,10
45,9384,0.8842363400503708,2.709424429240266e-06,0.08944954465901159,0.026311405866187524,25,10,10
45,9385,0.8238701757773994,0.0002452623058170553,0.13620608978843202,0.039678472128349095,25,10,10
45,9386,0.8573518908292327,8.392439696107061e-06,0.14096757716756525,0.0016721395635016312,25,10,10
45,9387,0.9001449246663057,3.7541538889476146e-05,0.09967228054458287,0.00014525325022053315,25,10,10
45,9388,0.8329857154156406,1.5201286229631499e-06,0.16412219113919366,0.0028905733165445198,25,10,10
45,9389,0.8505949440137752,4.807503052478709e-07,0.14635223597928784,0.00305233925663139,25,10,10
45,9390,0.7583744995353342,8.38597913569891e-06,0.24106705883136237,0.0005500556541658287,25,10,10
45,9391,0.7952977620285884,1.0709365307705217e-05,0.20383978452916865,0.000851744076933632,25,10,10
45,9392,0.7797082522688679,2.0931149547442308e-05,0.21868493480385426,0.0015858817777279664,25,10,10
45,9393,0.8027216787509177,8.302625896450369e-05,0.19575940043715298,0.0014358945529621366,25,10,10
45,9394,0.786057863429816,0.00011216477779342884,0.21275320706754847,0.0010767647248425478,25,10,10
45,9395,0.8582207989674702,6.97398255590427e-05,0.10950696575630676,0.03220249545066392,25,10,10
45,9396,0.8905351587878375,3.8813996007381066e-07,0.0772612324919943,0.03220322058020895,25,10,10
45,9397,0.9069734113802678,1.0242786243957783e-06,0.06860130822172887,0.024424256119379626,25,10,10
45,9398,0.8381712684006835,0.00020861049410072789,0.13819061214421402,0.023429508961001114,25,10,10
45,9399,0.7135868138459796,0.0002112036655482576,0.24232955273331402,0.04387242975515883,25,10,10
45,9400,0.7544017309970122,0.00017895819630723775,0.2015378162787341,0.04388149452794663,25,10,10
45,9401,0.6936294367805584,1.3250235272818855e-05,0.26415183329048747,0.042205479693682345,25,10,10
45,9402,0.6987485295552268,9.699175526901327e-05,0.2727516399017054,0.02840283878779866,25,10,10
45,9403,0.7733475130622506,8.79714989853145e-05,0.20191534777873593,0.024649167660027733,25,10,10
45,9404,0.7338810774314196,2.784444008875506e-05,0.25310084061355614,0.012990237514935133,25,10,10
45,9405,0.8619539015232697,1.0875781640583264e-05,0.09958299028475327,0.03845223241033556,25,10,10
45,9406,0.8259354694716879,1.4920398297613584e-05,0.1355666696442919,0.03848294048572183,25,10,10
45,9407,0.8489401071545554,3.3465336728615937e-06,0.11748237405149467,0.03357417226027726,25,10,10
45,9408,0.8710301734508914,1.014067439145545e-05,0.09422103555421708,0.0347386503204991,25,10,10
45,9409,0.7691623402119165,1.3742848488956036e-05,0.19032243914305075,0.04050147779654156,25,10,10
45,9410,0.76196027971648,1.101741073255232e-05,0.19955228901317024,0.03847641385961655,25,10,10
45,9411,0.6471546183500283,8.991035252582274e-05,0.3000494678485341,0.052706003448910056,25,10,10
45,9412,0.7917467706451212,1.5622596047854693e-05,0.20022628834738077,0.008011318411450159,25,10,10
45,9413,0.8479712953254207,3.0983244789069166e-06,0.14807245633209998,0.0039531500180008065,25,10,10
45,9414,0.8660110436615094,0.00018284610703989454,0.1319582444540549,0.001847865777393686,25,10,10
45,9415,0.8694115566368373,1.5882804317453214e-06,0.1303585352994092,0.00022831978332158248,25,10,10
45,9416,0.8284462331028192,1.8252161512307425e-05,0.1704043440179593,0.0011311707177066878,25,10,10
45,9417,0.8540119403822435,3.998395317584237e-06,0.14564824066798965,0.00033582055444757826,25,10,10
45,9418,0.8450134249952461,1.4421987436713751e-05,0.14929234708586078,0.005679805931456546,25,10,10
45,9419,0.8131002556352429,1.53271478540814e-05,0.17645590099763303,0.010428516219267894,25,10,10
45,9420,0.8657699627898827,6.665078478847572e-07,0.1317699410461082,0.002459429656161021,25,10,10
45,9421,0.9170699953865454,1.106913198203149e-07,0.08285582451474971,7.406940738519329e-05,25,10,10
45,9422,0.8547610446150842,1.019670614989186e-05,0.1451339704341615,9.478824460394542e-05,25,10,10
45,9423,0.8645003406166358,1.119276182044165e-05,0.12951733445085029,0.0059711321706917165,25,10,10
45,9424,0.8656766168786412,1.0341487896061666e-05,0.12849303473696505,0.005820006896497222,25,10,10
45,9425,0.8489825404473302,1.9068503679713535e-05,0.13875520710468897,0.012243183944301197,25,10,10
45,9426,0.8592973844034318,1.1320196677427244e-05,0.13625510763255594,0.004436187767335267,25,10,10
45,9427,0.89753560613051,8.966102746120307e-06,0.09982193685956156,0.0026334909071826784,25,10,10
45,9428,0.742029432882212,2.159616575422421e-05,0.2567697940269222,0.001179176925110467,25,10,10
45,9429,0.7069944690474165,7.362655795655349e-06,0.2874667904070189,0.005531377889764365,25,10,10
45,9430,0.8079463398885074,7.883630891138311e-06,0.16113766965222806,0.030908106828372525,25,10,10
45,9431,0.7827877610127157,1.152535220294743e-05,0.18325698317647646,0.033943730458605006,25,10,10
45,9432,0.8594917890690023,1.602529302366292e-05,0.1325608783120395,0.007931307325933551,25,10,10
45,9433,0.8042650309070087,8.59744615087198e-06,0.1892066652324136,0.006519706414426773,25,10,10
45,9434,0.8468883782975553,9.70406570423068e-07,0.10725013500098088,0.045860516294893273,25,10,10
45,9435,0.8415113771695557,4.6316270792111006e-05,0.11181696870798903,0.046625337851662396,25,10,10
45,9436,0.8932437076635276,0.00027105101806591185,0.06600635797054666,0.0404788833478605,25,10,10
45,9437,0.8564885342582227,0.00024751106388683274,0.11381526226500352,0.029448692412886786,25,10,10
45,9438,0.838128430776291,2.298491445690381e-06,0.13684654884263672,0.025022721889625753,25,10,10
45,9439,0.7988060001539082,8.37689293594929e-07,0.1731470020651895,0.028046160091608336,25,10,10
45,9440,0.8202167514976796,2.4596810631194758e-05,0.15193217022057595,0.027826481471112302,25,10,10
45,9441,0.7831731968414017,1.1437070400306332e-05,0.18775343733897626,0.02906192874922114,25,10,10
45,9442,0.7981114786159269,1.196398631176184e-05,0.15925775112857823,0.042618806269181124,25,10,10
45,9443,0.8305656329730067,1.4342729638791873e-05,0.12677476596976683,0.042645258327587136,25,10,10
45,9444,0.7887495134172511,4.795088297412382e-06,0.20786702655469305,0.0033786649397566774,25,10,10
45,9445,0.7733714305846868,6.97967245253617e-06,0.19883882580423706,0.027782763938623858,25,10,10
45,9446,0.8138983433365925,5.265032180902682e-06,0.1492302401922656,0.03686615143895906,25,10,10
45,9447,0.8203860234113566,1.4755235576036541e-05,0.1373631484420465,0.04223607291102107,25,10,10
45,9448,0.8473484556374555,1.2642808354083486e-05,0.12362041853654324,0.029018483017646014,25,10,10
45,9449,0.768800022063821,1.0929673159776486e-05,0.18945836199789703,0.041730686265122996,25,10,10
45,9450,0.8358285975192882,0.0018805173374913861,0.12056397628986146,0.04172690885335888,25,10,10
45,9451,0.8438900570950164,1.8492222477405098e-06,0.11422284130399829,0.041885252378737504,25,10,10
45,9452,0.8137942930927677,2.757569851036449e-05,0.14362487240590655,0.042553258802814374,25,10,10
45,9453,0.8221742798174094,0.00011417761581067412,0.13516596110717713,0.04254558145960231,25,10,10
45,9454,0.855928488671947,0.00011985807903601542,0.10297595046097496,0.04097570278804193,25,10,10
45,9455,0.8790776903323853,1.0126417094357675e-05,0.08004198715943377,0.0408701960910868,25,10,10
45,9456,0.8684309644367417,1.801013242376008e-05,0.09056688625907901,0.04098413917175459,25,10,10
45,9457,0.7674973158024652,5.322125128609281e-05,0.19152878119254269,0.04092068175370502,25,10,10
45,9458,0.8013477826767955,8.719044094797752e-06,0.15896762291054134,0.03967587536856567,25,10,10
45,9459,0.8219588875852772,9.708460172681482e-07,0.17732623058122887,0.0007139109874787575,25,10,10
45,9460,0.7683033989354798,0.008829137134942471,0.18246593444903644,0.0404015294805433,25,10,10
45,9461,0.8617243458027795,4.226777923681999e-05,0.1381708736318468,6.251278613528557e-05,25,10,10
45,9462,0.843156266733692,4.428892037934129e-05,0.15677676749612204,2.26768498061983e-05,25,10,10
45,9463,0.754678735037248,8.371522749388344e-05,0.2450288362750461,0.00020871346020967372,25,10,10
45,9464,0.813061117022358,4.175956471399169e-05,0.14396834756296922,0.042928775849958904,25,10,10
45,9465,0.7822981697370556,1.838349790853027e-05,0.2050461561704212,0.01263729059461227,25,10,10
45,9466,0.7790348704808626,8.777884768021943e-06,0.18037736023625794,0.04057899139810951,25,10,10
45,9467,0.9153302825042003,1.6164278039924906e-06,0.044918720800778696,0.039749380267216625,25,10,10
45,9468,0.8962291881961505,7.515711457084609e-07,0.06377488896562701,0.03999517126707592,25,10,10
45,9469,0.7784739184028391,0.00010195128379931929,0.1357180587398912,0.08570607157346789,25,10,10
45,9470,0.8214118040256693,9.936884614383188e-05,0.154775621747664,0.02371320538052429,25,10,10
45,9471,0.8391308823057645,9.729699056314866e-05,0.13706820531490646,0.023703615388765243,25,10,10
45,9472,0.8526264117178879,3.1619231987646813e-06,0.10778401127555036,0.03958641508336298,25,10,10
45,9473,0.8315989072049385,2.1238061643077164e-05,0.12837116416284616,0.04000869057057173,25,10,10
45,9474,0.872675134682747,2.1016052833917037e-05,0.08765719014233009,0.03964665912208791,25,10,10
45,9475,0.8550717500691046,3.4780033643793068e-06,0.10524132135010636,0.039683450577423236,25,10,10
45,9476,0.8175347571517874,6.109492089093724e-06,0.14273207181739933,0.03972706153872142,25,10,10
45,9477,0.7498713061264151,5.2626140730347384e-06,0.1783204169617633,0.07180301429774823,25,10,10
45,9478,0.8074801099241662,4.280897138415063e-06,0.11319352759891708,0.0793220815797779,25,10,10
45,9479,0.8049743514284152,1.3851748807071193e-05,0.07728538210722688,0.11772641471555075,25,10,10
45,9480,0.822001068366828,1.1521053829570162e-05,0.0586793373507097,0.11930807322863295,25,10,10
45,9481,0.7718494020401778,7.249157601674218e-07,0.10901458824811057,0.11913528479595006,25,10,10
45,9482,0.6721750584747029,3.3063677802879434e-05,0.2307066118477477,0.09708526599974794,25,10,10
45,9483,0.6772274349568757,1.296765824572089e-06,0.22571536202788034,0.09705590624942034,25,10,10
45,9484,0.7499000417258181,5.55877202759436e-07,0.1248090420181244,0.12529036037885327,25,10,10
45,9485,0.7397354503489675,1.2461864192889483e-06,0.19814091086993646,0.06212239259467668,25,10,10
45,9486,0.8380430141235578,2.018639191460888e-06,0.11387347076262619,0.04808149647462396,25,10,10
45,9487,0.89356616280714,7.742217702270134e-06,0.07123663332124554,0.03518946165391287,25,10,10
45,9488,0.774752169174577,0.00029888891717234136,0.18537007412718917,0.03957886778106439,25,10,10
45,9489,0.8752260029161989,4.091581222966502e-07,0.11272104043554294,0.012052547490136498,25,10,10
45,9490,0.8345587288347995,1.714818134696342e-05,0.153233332004259,0.012190790979593887,25,10,10
45,9491,0.8012938615605657,6.527506692405831e-06,0.16001331969335278,0.03868629123938928,25,10,10
45,9492,0.7931490385271007,5.679134782805569e-05,0.1575367096499343,0.0492574604751342,25,10,10
45,9493,0.7880752363633935,5.089069951002088e-05,0.13580292144186834,0.07607095149522762,25,10,10
45,9494,0.7796388802282408,6.9933090968846145e-06,0.18065590404609444,0.03969822241656984,25,10,10
45,9495,0.8658125666944636,4.705170444758471e-06,0.09435696455025494,0.03982576358483513,25,10,10
45,9496,0.7585529362686657,1.4420083204038874e-06,0.23464448854068545,0.006801133182332655,25,10,10
45,9497,0.7620179506069945,2.3319368277702186e-07,0.23767209656034577,0.00030971963898175186,25,10,10
45,9498,0.7234538814126522,2.9149041853656017e-05,0.2734467699408457,0.0030701996046484724,25,10,10
45,9499,0.7968237543402655,9.498450832158741e-06,0.20048756984394056,0.0026791773649627124,25,10,10
45,9500,0.8606717806655655,0.002660777574420842,0.13380484032374632,0.0028626014362678857,25,10,10
45,9501,0.8535713506465078,0.0026539307210280754,0.14336822684839987,0.00040649178406515827,25,10,10
45,9502,0.848652404793524,2.723275870501848e-06,0.15122917491366292,0.0001156970169426004,25,10,10
45,9503,0.8287616940611193,1.779348483553309e-07,0.15890431937589844,0.012333808628133996,25,10,10
45,9504,0.8364139631207905,5.7313788499475157e-05,0.1352007274071647,0.028327995683545503,25,10,10
45,9505,0.8480397546292571,1.1646479287421922e-05,0.10986947691966992,0.04207912197178434,25,10,10
45,9506,0.8386042759595049,1.2113991483462046e-05,0.1343990965559641,0.026984513493046373,25,10,10
45,9507,0.7434479492033128,0.0004482470103193647,0.18956435106644057,0.06653945271992506,25,10,10
45,9508,0.8247150881842424,2.8529170178877827e-07,0.10886038112885682,0.06642424539519838,25,10,10
45,9509,0.8337179799244413,7.359928220501639e-05,0.1020003058097549,0.06420811498359796,25,10,10
45,9510,0.8039520097891116,1.8677468519811114e-05,0.13178113755113346,0.0642481751912333,25,10,10
45,9511,0.8150536740706252,7.983127108803535e-07,0.08830504254110647,0.09664048507555657,25,10,10
45,9512,0.7245132475234145,1.995251985801159e-06,0.1769213219466835,0.09856343527791289,25,10,10
45,9513,0.6826543016473815,2.7597304479472624e-05,0.2540745852489875,0.06324351579914847,25,10,10
45,9514,0.711940709562327,3.4195382237287227e-06,0.248233192105385,0.03982267879406373,25,10,10
45,9515,0.7025452923053506,7.542926004979259e-06,0.2281553297014195,0.06929183506722601,25,10,10
45,9516,0.7970412346427392,6.204024041315479e-05,0.13082211275812644,0.07207461235872242,25,10,10
45,9517,0.8250916461137797,6.141804357832278e-05,0.09561497085210992,0.07923196499053226,25,10,10
45,9518,0.8833444818722285,8.84518143740954e-07,0.04009455167482327,0.0765600819348044,25,10,10
45,9519,0.8087568348728851,0.0003166708684528549,0.11419411642955225,0.07673237782910823,25,10,10
45,9520,0.7499591778892944,2.812280053120595e-05,0.2054523304184727,0.044560368891701625,25,10,10
45,9521,0.8348924388071245,2.9072509990251356e-06,0.09918755187771225,0.06591710206416355,25,10,10
45,9522,0.7827813164303085,1.0490555824737603e-05,0.14932168278792857,0.06788651022593899,25,10,10
45,9523,0.7728785538314956,1.465332943414629e-05,0.14955403906663775,0.07755275377243197,25,10,10
45,9524,0.8237918338378813,2.015505946906003e-06,0.13572783085242945,0.04047831980374126,25,10,10
45,9525,0.7878094654298142,8.142683947328395e-06,0.129970227411405,0.08221216447483388,25,10,10
45,9526,0.8183652676430039,1.889580877911039e-05,0.07319966863924154,0.1084161679089758,25,10,10
45,9527,0.7564956420929544,7.346619709920552e-06,0.12658555534013385,0.11691145594720087,25,10,10
45,9528,0.8587327841240484,1.5543392945762163e-06,0.07386480348841841,0.06740085804823737,25,10,10
45,9529,0.758176093511043,8.742854481811002e-06,0.16159593236521264,0.08021923126926112,25,10,10
45,9530,0.8005085392699945,9.003439227927251e-06,0.11261233453039125,0.08687012276038575,25,10,10
45,9531,0.7923028738793917,0.0005554941848284244,0.12107173369103535,0.08606989824474578,25,10,10
45,9532,0.8304929382806118,0.0005343084636074491,0.08802917308167275,0.08094358017410784,25,10,10
45,9533,0.7961157492742116,5.1201280063699114e-08,0.12472697752579714,0.07915722199871204,25,10,10
45,9534,0.8073723340710609,4.922808614978499e-07,0.13162126278775502,0.06100591086032289,25,10,10
45,9535,0.8202410066858077,9.290868080492064e-07,0.11798123235866415,0.06177683186871869,25,10,10
45,9536,0.8276449749030955,0.00040270921323399736,0.10104161220689795,0.0709107036767729,25,10,10
45,9537,0.833721092871652,2.218297335226894e-05,0.10263472987389582,0.0636219942810988,25,10,10
45,9538,0.7403354476029143,3.036556157677142e-06,0.19812843082680867,0.06153308501411918,25,10,10
45,9539,0.7978051186613762,4.201819161998225e-05,0.1115454585288788,0.09060740461812364,25,10,10
45,9540,0.7754724054911197,1.5801289096510247e-06,0.14136347412779393,0.08316254025217548,25,10,10
45,9541,0.6699740504378144,1.5399274332429188e-06,0.21834165812935424,0.11168275150539801,25,10,10
45,9542,0.7494996401020676,4.237340008039621e-06,0.1571805409831468,0.09331558157477485,25,10,10
45,9543,0.7482983217603595,0.0012900078210454843,0.16098308657826027,0.08942858384033218,25,10,10
45,9544,0.7689228536778583,2.6291141164512323e-05,0.13194332720421165,0.09910752797676432,25,10,10
45,9545,0.8186407838337151,1.462035440326803e-06,0.11663372663056137,0.06472402750028143,25,10,10
45,9546,0.7375447943012936,2.2869623207926733e-06,0.1921080576906713,0.07034486104571275,25,10,10
45,9547,0.7224622681044738,1.5578025828732008e-05,0.23573390922411996,0.04178824464557715,25,10,10
45,9548,0.7881464177375648,1.7973011847871018e-05,0.17695295274655082,0.0348826565040377,25,10,10
45,9549,0.8821428180568874,9.134512614541837e-07,0.0849150018541101,0.03294126663774029,25,10,10
45,9550,0.7691646517123988,8.25620274231817e-05,0.1966668656625977,0.0340859205975772,25,10,10
45,9551,0.8164195738390722,6.154009420330244e-05,0.14933416894260199,0.034184717124122195,25,10,10
45,9552,0.8648272226997951,7.745167310823661e-06,0.09566399349704308,0.03950103863585079,25,10,10
45,9553,0.8092898695888009,8.592166044324447e-06,0.1629801100038177,0.027721428241334885,25,10,10
45,9554,0.8434403596389732,9.890697239901184e-06,0.12876026910652874,0.027789480557256975,25,10,10
45,9555,0.8478858110663241,2.5543789572362755e-05,0.13807082772005771,0.01401781742404453,25,10,10
45,9556,0.8677844912389804,1.3252925774681697e-05,0.13158136712443158,0.0006208887108127424,25,10,10
45,9557,0.8509319471893935,1.6161485562653165e-05,0.14676118004781435,0.0022907112772272554,25,10,10
45,9558,0.8561074004255592,1.575225937993519e-05,0.11805578248895154,0.025821064826109952,25,10,10
45,9559,0.8480510830946603,1.881968433479488e-05,0.12637027312148633,0.02555982409951878,25,10,10
45,9560,0.8850092009537234,8.702175704080926e-06,0.08934419440428919,0.025637902466283866,25,10,10
45,9561,0.7757972386794045,4.0354913507881597e-05,0.19778112646329457,0.026381279943795116,25,10,10
45,9562,0.7574658150111265,3.154109647159794e-05,0.21368331966018597,0.02881932423221459,25,10,10
45,9563,0.7657043277865614,3.8795954255635065e-05,0.20858520834428862,0.025671667914894,25,10,10
45,9564,0.7933170571893775,1.025953503630757e-05,0.16546983089459513,0.04120285238099207,25,10,10
45,9565,0.8943532623579854,7.693088858822724e-06,0.05956135222854355,0.04607769232461183,25,10,10
45,9566,0.7771936683836647,9.975648369096319e-06,0.1695805713633166,0.053215784604649465,25,10,10
45,9567,0.7688790916996132,7.046160251247138e-05,0.18803435602929372,0.04301609066858137,25,10,10
45,9568,0.8517168174699351,2.955285082399749e-07,0.10821240235864465,0.04007048464291218,25,10,10
45,9569,0.7928787377441726,2.2659230724683627e-06,0.1629343068270069,0.04418468950574653,25,10,10
45,9570,0.8086551603263287,2.655034211480192e-05,0.1514963384405608,0.03982195089099352,25,10,10
45,9571,0.8446840216442155,1.3634914814037182e-06,0.11540093082836764,0.03991368403593214,25,10,10
45,9572,0.7129274082737121,1.4170335206278938e-05,0.24204428135112374,0.04501414003995814,25,10,10
45,9573,0.8449351308112902,0.0007301471506667364,0.11478176659260483,0.039552955445437236,25,10,10
45,9574,0.7522389648853668,6.204470639267778e-05,0.23552517057068686,0.012173819837552112,25,10,10
45,9575,0.7191901046158619,3.419767859368324e-05,0.23731755203424554,0.04345814567129404,25,10,10
45,9576,0.7131467681405806,3.2099054077442637e-05,0.2420444991293063,0.04477663367603297,25,10,10
45,9577,0.8086217942152455,1.281226566666803e-05,0.13391475403588932,0.05745063948319696,25,10,10
45,9578,0.8262669611707447,2.3638588296423752e-05,0.13200369364698178,0.04170570659397648,25,10,10
45,9579,0.8648320982031328,1.1543697257113307e-05,0.09766434395004735,0.037492014149561464,25,10,10
45,9580,0.8261717459158906,1.347099968421881e-05,0.13585841936254853,0.03795636372187644,25,10,10
45,9581,0.8833624999814578,1.4108051641204212e-06,0.11193772117596815,0.0046983680374107824,25,10,10
45,9582,0.8603936590099031,1.2389940408070253e-05,0.13551984416397836,0.004074106885709408,25,10,10
45,9583,0.8051292340928753,2.3780702900469326e-06,0.19039627231703446,0.004472115519799531,25,10,10
45,9584,0.8551213893909541,1.2283901811280903e-05,0.14097003432655492,0.003896292380678629,25,10,10
45,9585,0.8325234025616075,2.586172515421771e-06,0.16384122182510474,0.0036327894407712905,25,10,10
45,9586,0.8627897271582202,1.2489094115462784e-06,0.13709887364797255,0.00011015028439447513,25,10,10
45,9587,0.9540861801411943,9.355542377642231e-07,0.044471337625023366,0.0014415466795435787,25,10,10
45,9588,0.9379379389635326,1.13230772011666e-06,0.060511126810710546,0.0015498019180357613,25,10,10
45,9589,0.9330216767926345,3.996737109262336e-05,0.06693409603941633,4.259796854807738e-06,25,10,10
45,9590,0.877737688447049,4.1131329884806784e-05,0.12213232238477476,8.885783829230866e-05,25,10,10
45,9591,0.8976585041342434,1.534927413707255e-07,0.10232861356969541,1.2728803318048494e-05,25,10,10
45,9592,0.8758977036378199,8.249989384924457e-07,0.12408448462474297,1.6986738497427774e-05,25,10,10
45,9593,0.8514812061434859,0.00012137580161523956,0.14776112595899446,0.0006362920959052799,25,10,10
45,9594,0.8719205288205569,0.0003405707604417652,0.1257875301348908,0.0019513702841105762,25,10,10
45,9595,0.9084782197134477,1.6368789697893672e-05,0.09135837303920892,0.00014703845764514286,25,10,10
45,9596,0.8724156205509136,3.563562896439334e-05,0.12682520217040194,0.0007235416497197301,25,10,10
45,9597,0.8587037283323441,3.476266860966987e-05,0.13852838887252097,0.0027331201265253817,25,10,10
45,9598,0.8221912739233406,5.011379139969542e-06,0.17738234544213108,0.0004213692553878614,25,10,10
45,9599,0.8106703524166686,5.0439605214868194e-05,0.18921096577393495,6.824220418081587e-05,25,10,10
45,9600,0.8712302018677758,1.4346303594216344e-05,0.1284861156714165,0.0002693361572138837,25,10,10
45,9601,0.8917584240807678,1.4752027480700256e-06,0.1080449022539623,0.00019519846252105032,25,10,10
45,9602,0.8847054902169849,1.2670406696802257e-05,0.11497070758841103,0.00031113178790635515,25,10,10
45,9603,0.8459943305677201,2.5471746077315716e-06,0.15365290360132655,0.00035021865634626544,25,10,10
45,9604,0.8282194991878586,2.2744728764088288e-06,0.17129089941319361,0.00048732692606983144,25,10,10
45,9605,0.8065116762930867,4.357233128855392e-06,0.18424771988948013,0.0092362465843032,25,10,10
45,9606,0.8500778926639962,2.9637255299784817e-06,0.10694305795907638,0.04297608565139838,25,10,10
45,9607,0.8470868069591133,1.9168945382975806e-06,0.11878643775971906,0.03412483838662917,25,10,10
45,9608,0.7840820853857159,7.484945676411648e-05,0.18121465087276356,0.03462841428475659,25,10,10
45,9609,0.8310997715794596,8.265380268771771e-05,0.12632819331424008,0.042489381303611046,25,10,10
45,9610,0.7400105345643745,0.00011081809186044576,0.17760122999917535,0.08227741734458942,25,10,10
45,9611,0.7517880902033692,6.19902535805493e-06,0.19979497856183884,0.04841073220943366,25,10,10
45,9612,0.6744598961346074,3.0438955598419834e-05,0.2517904943284379,0.07371917058135281,25,10,10
45,9613,0.687662120249896,2.9481916827195534e-05,0.2324106558376555,0.07989774199562097,25,10,10
45,9614,0.726852749618232,2.096730999143651e-05,0.1932687842028301,0.07985749886894761,25,10,10
45,9615,0.7032700322641346,1.2906946488409286e-05,0.22437865098125567,0.07233840980812062,25,10,10
45,9616,0.7515169239446816,1.085004809316873e-05,0.1692658364725528,0.07920638953467217,25,10,10
45,9617,0.7825637416038043,1.0138112332721054e-06,0.1334233635212961,0.08401188106366637,25,10,10
45,9618,0.7587565166859173,1.9868608746577672e-05,0.16417570978058568,0.07704790492475076,25,10,10
45,9619,0.8192090754138139,1.1124188038558681e-05,0.10005924513995987,0.08072055525818789,25,10,10
45,9620,0.8569725880797793,7.55285065406868e-06,0.06260397600050262,0.08041588306906268,25,10,10
45,9621,0.8229093249768725,1.105223503084412e-06,0.09742166709001346,0.07966790270961016,25,10,10
45,9622,0.8329569837670863,1.789474883062781e-05,0.10215874650130032,0.06486637498278287,25,10,10
45,9623,0.7874057250828271,1.6930748919800455e-05,0.1628514246985639,0.04972591946968843,25,10,10
45,9624,0.7912493868506243,3.43718350839612e-05,0.15900253502479342,0.04971370628949662,25,10,10
45,9625,0.7782129303162462,1.8144814562324118e-05,0.13951960160223553,0.08224932326695489,25,10,10
45,9626,0.8558870715953606,3.0323811917084605e-06,0.06176396728943117,0.08234592873401594,25,10,10
45,9627,0.854437305813091,1.768685560171408e-06,0.06957463760506058,0.07598628789628833,25,10,10
45,9628,0.8396268683332686,0.00018462567685305874,0.08354688134301243,0.07664162464686429,25,10,10
45,9629,0.7938769336376847,1.7400343031457772e-06,0.12717726522919287,0.07894406109881716,25,10,10
45,9630,0.7844950285792471,1.2762915334560206e-06,0.13368906794290733,0.08181462718631209,25,10,10
45,9631,0.7955489079924811,2.64240505723065e-06,0.16458252925259342,0.03986592034986549,25,10,10
45,9632,0.8561777102259869,1.2907087347350946e-05,0.14020575269638585,0.003603629990279044,25,10,10
45,9633,0.85746234745259,3.973751641708066e-07,0.11931444587074327,0.02322280930150201,25,10,10
45,9634,0.7944080107677343,6.962782946302962e-05,0.16498594551474796,0.040536415888054206,25,10,10
45,9635,0.762516150554641,1.0320770500744007e-05,0.19708363049137553,0.0403898981834821,25,10,10
45,9636,0.7966717559814529,1.3887317374797522e-05,0.1688733478178034,0.034441008883370025,25,10,10
45,9637,0.7785588848817949,1.0938744758653787e-05,0.21894550144432126,0.00248467492912797,25,10,10
45,9638,0.8093785690063985,0.00011637997757112166,0.18990790400756036,0.0005971470084704378,25,10,10
45,9639,0.8752589973119558,3.658152392965816e-05,0.12417892277672381,0.0005254983873892523,25,10,10
45,9640,0.9142542656868115,1.6437489293788756e-05,0.08551354979699784,0.0002157470268966847,25,10,10
45,9641,0.9600488957910649,9.371224910235309e-07,0.039624667751812545,0.0003254993346320787,25,10,10
45,9642,0.8389248988630977,1.1135065846347114e-06,0.16089897777258422,0.00017500985773159116,25,10,10
45,9643,0.8866061120365077,7.919131130017731e-07,0.11321610230831791,0.000176993742061173,25,10,10
45,9644,0.8591177276901735,1.3880338599024054e-05,0.13419184475629192,0.006676547214935694,25,10,10
45,9645,0.8691581168546082,4.863363981152032e-05,0.13075555316823728,3.769633734362153e-05,25,10,10
45,9646,0.9117744528705571,2.8528127761062647e-06,0.08782528391204311,0.00039741040462259113,25,10,10
45,9647,0.8336581485309086,3.4097510056119854e-05,0.16007900410057263,0.006228749858462449,25,10,10
45,9648,0.8838198812752007,1.8029974893760005e-05,0.11591170671264757,0.00025038203725672364,25,10,10
45,9649,0.87049907944172,1.6316956112536184e-05,0.12933311055170896,0.00015149305045852193,25,10,10
45,9650,0.8274811565012878,5.748812400497321e-05,0.17220287580598484,0.0002584795687236596,25,10,10
45,9651,0.7993223406287381,8.518338654423037e-05,0.1999587543136251,0.0006337216710933096,25,10,10
45,9652,0.8958047168099063,1.0030064493089892e-05,0.1039256792614329,0.0002595738641686502,25,10,10
45,9653,0.9056705193983009,1.705769801939763e-05,0.08941565740909427,0.00489676549458381,25,10,10
45,9654,0.8725353313429416,1.6467023480617864e-05,0.12008411103633825,0.007364090597239907,25,10,10
45,9655,0.8367535897141797,2.7892616291622725e-05,0.15813767760211944,0.005080840067410294,25,10,10
45,9656,0.784163216605216,3.409432990774262e-05,0.2086235262550159,0.007179162809862047,25,10,10
45,9657,0.7839714374727652,2.5950276778655246e-05,0.21099181661130742,0.005010795639148729,25,10,10
45,9658,0.8598370534125185,9.198356394002244e-05,0.12823387102601103,0.01183709199753101,25,10,10
45,9659,0.8719435826444274,7.502824772045349e-06,0.11615620750643599,0.011892707024364083,25,10,10
45,9660,0.8257546360292704,1.2995015079925107e-05,0.16555078949601584,0.008681579459636208,25,10,10
45,9661,0.9241700811455431,2.256538090706937e-05,0.07568798983231567,0.00011936364123392169,25,10,10
45,9662,0.9030858420841714,9.623707061617527e-07,0.09671731152285025,0.00019588402227101843,25,10,10
45,9663,0.8909292495377106,2.0251431844940073e-05,0.10084133730149607,0.008209161728947655,25,10,10
45,9664,0.8363127219749373,2.329497463824043e-06,0.15338742474803613,0.010297523779562506,25,10,10
45,9665,0.8820870204263328,0.0005363090221267273,0.11706200258379174,0.00031466796774923126,25,10,10
45,9666,0.8177333318174645,8.267901003916004e-05,0.1819748684670215,0.000209120705475442,25,10,10
45,9667,0.7405486060076757,0.007728893179281199,0.24926237773674081,0.0024601230763026697,25,10,10
45,9668,0.8801606133912396,0.00737791431239898,0.11014608502289285,0.0023153872734681274,25,10,10
45,9669,0.8023902117054696,0.007336180839911096,0.1771211750135563,0.013152432441065199,25,10,10
45,9670,0.8216696693829334,0.01258565588551741,0.1655302448480448,0.00021442988350209674,25,10,10
45,9671,0.8503444679119717,1.4717246963216704e-05,0.14936013524435704,0.00028067959670646174,25,10,10
45,9672,0.8486498655809612,9.966190512786125e-06,0.15119648296373586,0.0001436852647897572,25,10,10
45,9673,0.8596185734416152,3.216729257785633e-06,0.14025423649455845,0.00012397333456719154,25,10,10
45,9674,0.7997696783005595,6.414478275648475e-07,0.17535892757678506,0.02487075267483046,25,10,10
45,9675,0.8131748734818981,1.3857594719205299e-05,0.14710255699273073,0.039708711930649974,25,10,10
45,9676,0.86496820203756,1.925658488704297e-06,0.09066097505619197,0.04436889724775821,25,10,10
45,9677,0.7958254048678322,1.18510096370078e-05,0.1597477566494841,0.044414987473044704,25,10,10
45,9678,0.8181553567530631,0.0002657372331509837,0.13454748185970572,0.0470314241540797,25,10,10
45,9679,0.8169898062267782,0.00027248822873907953,0.13375949432009507,0.04897821122438752,25,10,10
45,9680,0.7799492040850379,5.3104355234852535e-06,0.17526242139990736,0.04478306407953185,25,10,10
45,9681,0.8020678959891224,4.9503331156681053e-05,0.15832343424965184,0.03955916643006818,25,10,10
45,9682,0.8067611986239485,0.009373573477633138,0.18362978684992767,0.0002354410484902014,25,10,10
45,9683,0.8589671828919484,0.0004934549943334584,0.140386962173051,0.00015239994066676494,25,10,10
45,9684,0.8902395867617091,0.0004828327264105646,0.10314090293524794,0.006136677576633288,25,10,10
45,9685,0.7883012490137631,0.00048101297710048576,0.16347711903013235,0.04774061897900508,25,10,10
45,9686,0.8080898110795347,0.0004812086401007071,0.15635576438391413,0.03507321589644971,25,10,10
45,9687,0.8701914499992506,2.171207180550774e-06,0.11839517207308586,0.011411206720481676,25,10,10
45,9688,0.9186619058339615,2.2302898055157218e-06,0.07455064814563465,0.006785215730598163,25,10,10
45,9689,0.859141315288801,3.63161834512921e-06,0.13406761992361757,0.006787433169236351,25,10,10
45,9690,0.819152676460214,5.4707908456248985e-06,0.18082278506196647,1.9067686976206135e-05,25,10,10
45,9691,0.9082666866522744,2.327175192844794e-06,0.09130390785010252,0.00042707832243017865,25,10,10
45,9692,0.8806375759383218,7.43678394140486e-07,0.11889633884373421,0.0004653415395504767,25,10,10
45,9693,0.80369016589819,0.000632301444690942,0.19540490049635564,0.0002726321607614952,25,10,10
45,9694,0.7434283584157703,0.0008601746429921564,0.2555446840180195,0.00016678292321617203,25,10,10
45,9695,0.7073575191307608,0.0018508925203585067,0.28846938699650987,0.002322201352370765,25,10,10
45,9696,0.8115230591375965,0.0003811107986797305,0.1876751075271364,0.0004207225365889088,25,10,10
45,9697,0.8598335588293008,0.006795537241933498,0.13293363109888273,0.0004372728298818754,25,10,10
45,9698,0.9019502909728233,2.8517201543364715e-05,0.09801060406315652,1.058776247635802e-05,25,10,10
45,9699,0.9272503153214455,1.3618871245426423e-05,0.06541744565688676,0.00731862015042253,25,10,10
45,9700,0.8053760418928367,4.792722075709368e-06,0.18383834592145054,0.010780819463636316,25,10,10
45,9701,0.8335501776586898,8.92317906810079e-06,0.16349303759579578,0.0029478615664461348,25,10,10
45,9702,0.8712988759328527,8.65790071082192e-06,0.12842110302166085,0.0002713631447762246,25,10,10
45,9703,0.9028759238268625,1.6435429772219414e-06,0.09647521014782219,0.0006472224823370409,25,10,10
45,9704,0.8784440202605779,4.045466554598181e-06,0.12103912696160142,0.0005128073112652836,25,10,10
45,9705,0.8964752498039019,8.814703234235001e-07,0.10351062463351891,1.3244092255497223e-05,25,10,10
45,9706,0.9467648028130479,8.148080169297306e-06,0.050495797901839945,0.0027312512049419684,25,10,10
45,9707,0.869389510104384,1.463708313983935e-05,0.1279704740958876,0.0026253787165894295,25,10,10
45,9708,0.8504019442425182,8.747058633254328e-06,0.1460666621586299,0.003522646540218243,25,10,10
45,9709,0.7922618171312523,1.2461225803781938e-05,0.20770935162850218,1.6370014441292154e-05,25,10,10
45,9710,0.8228707744595423,1.1327054843159289e-05,0.14009792917118213,0.03701996931443144,25,10,10
45,9711,0.867366347383927,1.1977045311578051e-05,0.0910321805861218,0.04158949498463926,25,10,10
45,9712,0.8533471755851809,1.1742839502909411e-05,0.11170574006220728,0.03493534151310891,25,10,10
45,9713,0.83257595469814,1.0954023234737594e-05,0.1350349618191925,0.032378129459431915,25,10,10
45,9714,0.804244350534928,1.463445930502183e-05,0.16310347091121558,0.03263754409455176,25,10,10
45,9715,0.7450670428524387,1.203554265915082e-05,0.20143644215155337,0.053484479453351996,25,10,10
45,9716,0.8213820436971424,1.87790675938747e-06,0.13348045715938545,0.04513562123671335,25,10,10
45,9717,0.8622884287701355,3.2211474456029143e-06,0.08454443779782622,0.05316391228459255,25,10,10
45,9718,0.8540719765937465,1.7056819519029302e-05,0.09274928529595877,0.053161681290775004,25,10,10
45,9719,0.857425569248411,1.5918944629178433e-05,0.08940164656183631,0.0531568652451229,25,10,10
45,9720,0.8892201710687866,2.254257589204937e-05,0.0705998659362937,0.040157420419028055,25,10,10
45,9721,0.8395223367874678,0.006498611706845378,0.11801245000500037,0.03596660150068793,25,10,10
45,9722,0.8324906217131354,0.000583427194302068,0.09877862655942427,0.06814732453313872,25,10,10
45,9723,0.7701968543496934,0.0005866849181536091,0.1566837772804338,0.07253268345171858,25,10,10
45,9724,0.77437991915471,5.856591887273701e-05,0.18561840481367614,0.03994311011274084,25,10,10
45,9725,0.8160796757619565,3.7401513420674495e-05,0.1460922814929363,0.03779064123168516,25,10,10
45,9726,0.7800981849456866,2.5104942437736326e-05,0.1801767943427649,0.039699915769111624,25,10,10
45,9727,0.8644426128940422,8.33785878148947e-07,0.09576337225673981,0.03979318106333944,25,10,10
45,9728,0.8073509491191798,7.236488676674566e-05,0.18660244278816684,0.005974243205883328,25,10,10
45,9729,0.8505619203595391,7.069358793286507e-05,0.14915655393275765,0.00021083211976732262,25,10,10
45,9730,0.8031614376438163,0.0003761803450474881,0.19299443087106052,0.003467951140073739,25,10,10
45,9731,0.8811688753429245,1.1724985506211046e-05,0.1050030175980712,0.013816382073497694,25,10,10
45,9732,0.9069316869045863,1.1376920482813817e-05,0.05150106638635861,0.04155586978857245,25,10,10
45,9733,0.8476693299590423,1.4857807620275256e-07,0.08184641507591485,0.07048410638696652,25,10,10
45,9734,0.8208998702564216,7.326466350309861e-06,0.1038666120147714,0.07522619126245716,25,10,10
45,9735,0.7406619517692217,1.1907271494556006e-05,0.1398423084720122,0.11948383248727179,25,10,10
45,9736,0.7349527518992557,2.80189475252626e-06,0.1081199362480425,0.15692450995794968,25,10,10
45,9737,0.7069620629015787,9.633951738113396e-06,0.14307398222425335,0.14995432092242894,25,10,10
45,9738,0.8064428024440027,1.0676875549808364e-05,0.03470972996777042,0.15883679071267714,25,10,10
45,9739,0.7750413605455145,9.903463116070422e-06,0.06587795704825138,0.15907077894311847,25,10,10
45,9740,0.8048183271823788,4.4833985223496016e-07,0.11355272037917896,0.081628504098588,25,10,10
45,9741,0.7131456443368448,6.981219716747694e-05,0.20768760124052907,0.07909694222545614,25,10,10
45,9742,0.7069809483444708,2.5855002236859685e-06,0.2026788875897726,0.09033757856553157,25,10,10
45,9743,0.5389679176326496,3.997845369500567e-06,0.36866703771728426,0.09236104680470074,25,10,10
45,9744,0.5788338648140902,0.0007022614080174871,0.3176873216802037,0.1027765520976879,25,10,10
45,9745,0.659380528748858,0.0007056533380890026,0.19216899068203222,0.14774482723101948,25,10,10
45,9746,0.700995134579086,0.0006979278042176712,0.20452399634702026,0.0937829412696744,25,10,10
45,9747,0.6635357161120778,0.0006998666497861355,0.17663256893601312,0.15913184830212182,25,10,10
45,9748,0.6943461165238065,0.000707886438342122,0.10893741937703588,0.196008577660815,25,10,10
45,9749,0.6873171069506882,0.0007081766058343742,0.12748489529910711,0.18448982114437096,25,10,10
45,9750,0.7560906348260775,1.247204626137914e-05,0.04428786970556792,0.1996090234220937,25,10,10
45,9751,0.7143544982334717,4.780956684191646e-07,0.1040929456451403,0.18155207802572051,25,10,10
45,9752,0.7411560939484092,1.0209786602674405e-05,0.09948272209561221,0.15935097416937782,25,10,10
45,9753,0.6794779576737814,3.7016121228827446e-07,0.13791564612178678,0.18260602604322024,25,10,10
45,9754,0.6131453567849642,3.695652108428508e-05,0.22925536728769352,0.15756231940625462,25,10,10
45,9755,0.6353308488693967,3.750220617481303e-05,0.23568247178777696,0.12894917713664966,25,10,10
45,9756,0.6992417126657949,1.8010258869548165e-06,0.1569999742730607,0.1437565120352559,25,10,10
45,9757,0.7314977845229497,4.247887056435858e-07,0.12511549788983925,0.1433862927985041,25,10,10
45,9758,0.7170016314937204,1.0774332110300338e-05,0.1357147989435651,0.14727279523060247,25,10,10
45,9759,0.7514134979724411,9.575422777487161e-06,0.09105170819089108,0.1575252184138894,25,10,10
45,9760,0.7646236056734144,8.946726832385675e-06,0.07587611662753885,0.15949133097221405,25,10,10
45,9761,0.8201228547561351,8.954381021305533e-06,0.06348489432293633,0.11638329653990778,25,10,10
45,9762,0.8189655671253213,8.245595658500141e-06,0.10832730482014942,0.07269888245887063,25,10,10
45,9763,0.7959446468759563,1.3882704006478741e-05,0.12455825018447575,0.07948322023556059,25,10,10
45,9764,0.8287103640010046,1.5797426186291212e-05,0.1265021697697676,0.04477166880304129,25,10,10
45,9765,0.8273969441018345,7.3626100996015e-06,0.17168593693405743,0.0009097563540099132,25,10,10
45,9766,0.7458167555783111,7.743566853502062e-06,0.21668804442131637,0.03748745643351817,25,10,10
45,9767,0.7803785222631823,2.5571909752410917e-06,0.21854321142332567,0.0010757091225179847,25,10,10
45,9768,0.7755885019902715,2.4768712564005973e-06,0.22318965139253572,0.0012193697459344146,25,10,10
45,9769,0.7773703559499928,0.0004734976138966744,0.22148594650159908,0.0006701999345109258,25,10,10
45,9770,0.7987698606676393,0.00039791846649095663,0.16116356922242453,0.03966865164344307,25,10,10
45,9771,0.7752180419592315,0.001140371293052555,0.17817655495106227,0.045465031796652025,25,10,10
45,9772,0.8407557621277637,6.364351953281424e-05,0.11510859530463426,0.04407199904806998,25,10,10
45,9773,0.837780387126344,6.420941225291557e-05,0.12196274292087717,0.04019266054052555,25,10,10
45,9774,0.8063078727453054,0.000547827945012968,0.1505285581314417,0.042615741178239845,25,10,10
45,9775,0.7543268034203109,0.0005569151926005126,0.19987448163378033,0.045241799753309254,25,10,10
45,9776,0.7124217872985242,0.00015157226763828948,0.22117774565699824,0.06624889477683871,25,10,10
45,9777,0.7762839595740008,1.1389630600831156e-05,0.14421970930516692,0.07948494149023207,25,10,10
45,9778,0.8034205363256358,9.053806600522035e-07,0.11654024401996399,0.08003831427373882,25,10,10
45,9779,0.9125338574962373,1.097027534738011e-06,0.06278188423462733,0.02468316124159951,25,10,10
45,9780,0.855950083385936,1.6975005318337404e-06,0.1043190343272261,0.03972918478630579,25,10,10
45,9781,0.8330840265900862,2.243629119259449e-05,0.11933811670623187,0.0475554204124895,25,10,10
45,9782,0.7236375386838713,4.300050853438966e-05,0.23406312155148767,0.04225633925610741,25,10,10
45,9783,0.7581225606338053,1.2153998048484712e-05,0.19688180999126653,0.044983475376881674,25,10,10
45,9784,0.7553907731893567,0.00043145794922809977,0.23472581199173484,0.009451956869680863,25,10,10
45,9785,0.8161115627235437,0.0003722809332221913,0.15155901734462632,0.03195713899860955,25,10,10
45,9786,0.8408656224312395,7.177902930567988e-06,0.14549384625112244,0.01363335341470751,25,10,10
45,9787,0.8175912833463428,7.178322666727138e-06,0.17176957983910696,0.01063195849188431,25,10,10
45,9788,0.8349323042290974,3.83796986981965e-07,0.15665227225279596,0.008415039721117401,25,10,10
45,9789,0.8824866556417641,1.3479469687239606e-05,0.10965868909792316,0.007841175790625316,25,10,10
45,9790,0.8304357665503497,1.1844099537866016e-05,0.16168919106371868,0.007863198286394724,25,10,10
45,9791,0.767953131687261,0.00030918847494722565,0.19656520949253642,0.03517247034525447,25,10,10
45,9792,0.7893603062270182,5.197002563174076e-05,0.1308166461317134,0.07977107761563498,25,10,10
45,9793,0.7721318707545813,3.139289934046671e-05,0.13292654576283047,0.09491019058324839,25,10,10
45,9794,0.8256555370944053,1.5607493113781004e-05,0.09237023306289054,0.08195862234959084,25,10,10
45,9795,0.8793220319332313,6.895998972514308e-07,0.07559735664981955,0.04507992181705224,25,10,10
45,9796,0.8860278221531824,1.200408809125026e-06,0.06862676902377021,0.04534420841423747,25,10,10
45,9797,0.8941800727005984,8.990307395578076e-06,0.06612970505558463,0.03968123193642147,25,10,10
45,9798,0.8056185890552241,5.191539908149159e-05,0.16939463798934448,0.024934857556350085,25,10,10
45,9799,0.8409687358835022,9.417949704237125e-06,0.11786288510067643,0.04115896106611827,25,10,10
45,9800,0.8352307079559868,9.03345544247513e-06,0.12489263283414898,0.03986762575442034,25,10,10
45,9801,0.8410773762646333,1.3139958744721774e-05,0.12035853052005535,0.03855095325656491,25,10,10
45,9802,0.8024377314147347,6.092435129469351e-07,0.12219542766640076,0.075366231675351,25,10,10
45,9803,0.8533338344442137,6.127216066110656e-06,0.09803691871925878,0.04862311962045827,25,10,10
45,9804,0.7875897253197871,1.2424144165192566e-06,0.15215821858296374,0.060250813682828294,25,10,10
45,9805,0.8037254256036798,1.8228903482591545e-06,0.12743105748667524,0.06884169401929542,25,10,10
45,9806,0.6815571860354577,3.549484880111819e-05,0.22111739466384564,0.09728992445189427,25,10,10
45,9807,0.7441947379203114,1.736866789495172e-05,0.17308364717660155,0.08270424623519068,25,10,10
45,9808,0.7549302727278173,3.5789586412911325e-05,0.17462004998248545,0.07041388770328305,25,10,10
45,9809,0.8260515435577537,3.2686537599248204e-05,0.10771520089059267,0.0662005690140534,25,10,10
45,9810,0.7760754588587696,1.448749150571016e-05,0.14467001571059784,0.07924003793912718,25,10,10
45,9811,0.7356555391247713,0.0010153642877862175,0.2208217708393499,0.042507325748090005,25,10,10
45,9812,0.758718123883782,0.00035839911803417496,0.15876178008474723,0.0821616969134368,25,10,10
45,9813,0.8169988343964582,1.9982263390241363e-05,0.10356088249859101,0.07942030084156151,25,10,10
45,9814,0.8214423907831293,2.0231137940854716e-06,0.15150035918545401,0.02705522691761901,25,10,10
45,9815,0.873003596956719,1.9389388945764928e-06,0.10255949697449247,0.0244349671298937,25,10,10
45,9816,0.7370661429866783,0.00027600746893700754,0.26080063036590045,0.001857219178484954,25,10,10
45,9817,0.895068676151178,2.556701480252567e-05,0.10308326861853312,0.0018224882154860714,25,10,10
45,9818,0.9497192450415659,1.700496455854972e-05,0.0500859870014412,0.00017776299243516932,25,10,10
45,9819,0.9325165503798106,1.451982451790112e-05,0.06701732508100881,0.00045160471466291173,25,10,10
45,9820,0.9187533134660656,1.176333746491996e-05,0.08071296793694559,0.0005219552595239338,25,10,10
45,9821,0.9242904664246605,2.94930448255011e-07,0.07548143055309248,0.00022780809179847466,25,10,10
45,9822,0.7893124149222985,0.00011550068211444245,0.20836330781724655,0.0022087765783408864,25,10,10
45,9823,0.76980634181092,6.410769163496333e-05,0.22748202269964998,0.0026475277977911975,25,10,10
45,9824,0.7384099787224399,6.372126448470261e-05,0.22164691585795132,0.039879384155119754,25,10,10
45,9825,0.7263441793754167,6.31285811534804e-05,0.23398426197393396,0.03960843006949676,25,10,10
45,9826,0.7390805180138194,2.8630426488852833e-06,0.21621574374627134,0.044700875197259037,25,10,10
45,9827,0.7074936259009047,3.1702729046824234e-06,0.23742765327785656,0.05507555054833344,25,10,10
45,9828,0.7334060817272401,2.2289178816104708e-05,0.23681156141476972,0.029760067679176747,25,10,10
45,9829,0.7358717767360226,2.1367025915401678e-05,0.23431108938524844,0.029795766852815483,25,10,10
45,9830,0.7933749017763451,1.7579457908877237e-05,0.1687777731014489,0.037829745664293854,25,10,10
45,9831,0.7825640656136278,1.765902591269892e-05,0.17554006906731634,0.041878206293142275,25,10,10
45,9832,0.7726192398980034,2.489383922301185e-05,0.15854333854304864,0.06881252771972327,25,10,10
45,9833,0.8513205015218023,4.1776970198338375e-07,0.07969276045231284,0.06898632025618281,25,10,10
45,9834,0.8020889419784091,1.4582277936713253e-06,0.1453910038581099,0.052518595935687105,25,10,10
45,9835,0.780154521732868,1.4669370112294978e-05,0.15393808939907055,0.0658927194979495,25,10,10
45,9836,0.8240874778869943,1.7729654139951947e-06,0.11144811263772043,0.06446263650987312,25,10,10
45,9837,0.8002743874590331,3.291484340351327e-06,0.10736490353589755,0.0923574175207294,25,10,10
45,9838,0.7645817500069451,5.886728071539446e-06,0.14903517013405365,0.08637719313093076,25,10,10
45,9839,0.860462688202978,9.605508570689821e-08,0.06237381974434498,0.07716339599759109,25,10,10
45,9840,0.8263815120192994,7.768390327546119e-06,0.13381630311178241,0.039794416478590874,25,10,10
45,9841,0.7916434089684994,1.6549983589566418e-06,0.16838486018794774,0.03997007584519329,25,10,10
45,9842,0.8809083297074024,7.925279057698222e-07,0.07915784027161347,0.03993303749307799,25,10,10
45,9843,0.8196515960516997,1.6766830607718424e-05,0.14361317737512613,0.03671845974256479,25,10,10
45,9844,0.8353341056315806,8.20621862690469e-06,0.13842582955821897,0.026231858591572878,25,10,10
45,9845,0.8108427085969496,7.475750423779249e-05,0.14671082675906924,0.04237170713974302,25,10,10
45,9846,0.7700672919810269,2.944922942252945e-06,0.19376788414826587,0.03616187894776429,25,10,10
45,9847,0.6685161184164501,1.9301655255024536e-05,0.2957621600178535,0.03570241991044226,25,10,10
45,9848,0.7609740500797953,2.5264916318896798e-05,0.23895898307126082,4.1701932625286825e-05,25,10,10
45,9849,0.7917764739314948,1.7878436015770713e-05,0.20797186733463133,0.0002337802978584142,25,10,10
45,9850,0.9100933815708183,0.008209691522144184,0.08156723468401303,0.00012969222302466448,25,10,10
45,9851,0.9263182335331628,0.008185076430016014,0.06548527703195675,1.141300486514683e-05,25,10,10
45,9852,0.8924853583047822,0.010132878004628617,0.09724875513445415,0.0001330085561339912,25,10,10
45,9853,0.9234584314191059,8.685117066863094e-06,0.07637171768006044,0.0001611657837682132,25,10,10
45,9854,0.8718356214089503,1.3304354017261053e-05,0.127968857290278,0.00018221694675145638,25,10,10
45,9855,0.867267533022803,9.302803485453295e-06,0.13247986415000362,0.00024330002370494388,25,10,10
45,9856,0.8413897333163978,1.2752415690982459e-05,0.15847740503165075,0.00012010923625740914,25,10,10
45,9857,0.8609285610317586,3.7718193680099975e-06,0.1390630132754498,4.6538734221172945e-06,25,10,10
45,9858,0.8361940372931502,5.432147672064166e-06,0.16100699977313077,0.0027935307860486452,25,10,10
45,9859,0.8681818418972219,1.2670130492884646e-05,0.129344550152738,0.002460937819546711,25,10,10
45,9860,0.7694245319242942,1.0190418393223214e-05,0.23048021330956858,8.506434774504553e-05,25,10,10
45,9861,0.9302433184935797,3.208242155758427e-07,0.06964039477149891,0.00011596591070680567,25,10,10
45,9862,0.842404720145813,0.0003109696374739722,0.15540240643087383,0.0018819037858375375,25,10,10
45,9863,0.8684557038235764,0.000311489780819911,0.12935971327664683,0.0018730931189569415,25,10,10
45,9864,0.8382169667048683,0.0007444150188666866,0.16082868870869235,0.00020992956757113896,25,10,10
45,9865,0.826588501743223,3.461569065284371e-06,0.17323659857106424,0.00017143811664692603,25,10,10
45,9866,0.8106158006096078,2.0774126488777973e-05,0.14661928302479382,0.042744142239109814,25,10,10
45,9867,0.8093997986561738,1.3494701241564876e-05,0.1478698453353927,0.04271686130719255,25,10,10
45,9868,0.8701678864668161,1.780345382701703e-06,0.09206157174967965,0.03776876143812129,25,10,10
45,9869,0.8435021107825575,0.00010096658148307752,0.11739207020273276,0.03900485243322831,25,10,10
45,9870,0.8665951425240208,0.00012655195009874222,0.13052432614742757,0.0027539793784538474,25,10,10
45,9871,0.8166216452929053,0.00019716501942664854,0.18305151195037803,0.00012967773728816132,25,10,10
45,9872,0.8410803430658175,0.012031666935146798,0.14683943114795378,4.855885107944416e-05,25,10,10
45,9873,0.8144835295326196,0.010628614992659421,0.12708635790311373,0.04780149757160419,25,10,10
45,9874,0.8340706777855165,0.0002354908477272344,0.10233908744018363,0.06335474392657123,25,10,10
45,9875,0.7837124615533522,0.00024639687850941026,0.14610885001682528,0.06993229155131112,25,10,10
45,9876,0.7852412330874678,9.611060812801518e-07,0.13519814057631518,0.07955966523013352,25,10,10
45,9877,0.79022145190856,1.1172975151352945e-06,0.1338693211567601,0.07590810963716388,25,10,10
45,9878,0.7255189123334305,1.3602182641014415e-05,0.19847850192069527,0.07598898356323434,25,10,10
45,9879,0.7268964450977577,4.793843807685638e-05,0.19331171234176764,0.07974390412239515,25,10,10
45,9880,0.6943281707540635,2.2289320102980885e-05,0.22620970140097887,0.07943983852485628,25,10,10
45,9881,0.7174231279340074,2.0142891737153697e-05,0.20330755812057094,0.07924917105368394,25,10,10
45,9882,0.7689948109512525,2.0267556330402205e-05,0.14292672055344244,0.08805820093897282,25,10,10
45,9883,0.8262089377659723,9.531053104724818e-07,0.1211349038388857,0.052655205289830725,25,10,10
45,9884,0.8283419520141827,1.2634308481228665e-06,0.12131664549257395,0.05034013906239495,25,10,10
45,9885,0.8444470840696199,1.0220580144954797e-05,0.11297896168562702,0.04256373366460805,25,10,10
45,9886,0.8512760266031688,1.0119164872311934e-05,0.10889076848919546,0.03982308574276206,25,10,10
45,9887,0.882519106984783,7.434896519706185e-08,0.07741223586961021,0.04006858279664221,25,10,10
45,9888,0.7692413254471079,4.825656225692694e-07,0.16547965876188628,0.06527853322538443,25,10,10
45,9889,0.7181631143762488,1.9543664764388145e-06,0.21893974364578214,0.06289518761149353,25,10,10
45,9890,0.767600431085571,1.7477368680242727e-06,0.1700254278984886,0.06237239327907087,25,10,10
45,9891,0.6888063901005576,1.4761652225300074e-06,0.23162380995052329,0.07956832378369974,25,10,10
45,9892,0.7116579823014737,2.6999554847777523e-06,0.2465242035428931,0.04181511420014786,25,10,10
45,9893,0.7426529815109194,3.335896189777677e-06,0.22970119402822015,0.027642488564671927,25,10,10
45,9894,0.8252515773649555,0.036853678092440306,0.13414285608478305,0.0037518884578207003,25,10,10
45,9895,0.8600047993605763,0.009241809952623864,0.1275629626271788,0.0031904280596193628,25,10,10
45,9896,0.792342783657062,0.0010614639797629664,0.2063874262443967,0.0002083261187784708,25,10,10
45,9897,0.7586492141305409,3.200007988940816e-05,0.2410114952540543,0.00030729053551584705,25,10,10
45,9898,0.7158609056540596,6.720519364835675e-05,0.27649378238072353,0.007578106771568553,25,10,10
45,9899,0.7630911930419495,1.2704559201171107e-05,0.2292021429296089,0.007693959469237624,25,10,10
45,9900,0.8358571947302202,8.817863505862951e-05,0.16357128319073821,0.0004833434439823345,25,10,10
45,9901,0.8570758189352331,2.391735398054673e-06,0.14258407274109555,0.0003377165882725017,25,10,10
45,9902,0.9412808549094517,3.9256894817613507e-07,0.05859414052671339,0.0001246119948864784,25,10,10
45,9903,0.8866036380523248,3.486064230750331e-05,0.11318372220817259,0.00017777909719671488,25,10,10
45,9904,0.8629049126544294,3.2195663220806696e-05,0.1369403395655713,0.00012255211677608335,25,10,10
45,9905,0.9123109088521686,0.0007343609146614148,0.08668205678348981,0.0002726734496788212,25,10,10
45,9906,0.9116831337660969,1.877283094114459e-05,0.08798158668387314,0.0003165067190887498,25,10,10
45,9907,0.8778343887354444,1.8960433392524378e-05,0.12191530715737466,0.00023134367378828375,25,10,10
45,9908,0.8770411181707264,1.4039034666174719e-06,0.11604506487239105,0.006912413053413898,25,10,10
45,9909,0.8557888047454127,8.742660792825528e-06,0.13597208702718835,0.008230365566605459,25,10,10
45,9910,0.8128687193476352,9.714432061360085e-06,0.14237994102292778,0.044741625197375415,25,10,10
45,9911,0.7747405071597138,1.7160412297185794e-05,0.18961274569965922,0.03562958672833169,25,10,10
45,9912,0.6878109518219381,1.022365824706561e-05,0.2722836248293676,0.03989519969044472,25,10,10
45,9913,0.7482248888457097,7.302209700108769e-06,0.21476918506811893,0.03699862387647061,25,10,10
45,9914,0.6339431040039564,0.0008874303621635214,0.3408784210421814,0.024291044591701935,25,10,10
45,9915,0.767432568803312,0.000882979577426332,0.2015251287807676,0.030159322838493034,25,10,10
45,9916,0.7782068639400012,0.0008804670908970046,0.1421566570458548,0.07875601192324724,25,10,10
45,9917,0.8107803767157897,7.005292553136515e-06,0.07082386810086785,0.1183887498907886,25,10,10
45,9918,0.8168173552089333,2.1911860256354207e-06,0.08435261853129639,0.09882783507374397,25,10,10
45,9919,0.7238760567975617,3.428083573349539e-06,0.1670852054237225,0.10903530969514368,25,10,10
45,9920,0.6986809067402401,2.5217757158211737e-06,0.21726601114989813,0.08405056033414632,25,10,10
45,9921,0.7348494856591712,3.236134782099909e-05,0.18874494313663204,0.07637320985637494,25,10,10
45,9922,0.7090504861543401,0.0007741970988191655,0.21667082765785672,0.07350448908898242,25,10,10
45,9923,0.7491671459790169,8.053506353245453e-05,0.17128405225754617,0.07946826669990494,25,10,10
45,9924,0.7962589709934482,8.05708068981656e-05,0.12431201135806777,0.07934844684158558,25,10,10
45,9925,0.8443836653215624,8.067301546448575e-05,0.07638719647917547,0.0791484651837975,25,10,10
45,9926,0.847209463606348,1.2503611171570921e-05,0.07347421305318445,0.0793038197292964,25,10,10
45,9927,0.7768846065667633,9.593131545207143e-07,0.10364122640413377,0.1194732077159471,25,10,10
45,9928,0.7403197355315515,6.0321273003516434e-05,0.17972047693596857,0.07989946625947286,25,10,10
45,9929,0.7244681177860477,6.0494728650318285e-05,0.17113075317372115,0.1043406343115805,25,10,10
45,9930,0.7774236588551209,6.350633340972207e-05,0.14954324433085822,0.0729695904806109,25,10,10
45,9931,0.810368153964384,1.6216009880261992e-05,0.11004899198253393,0.07956663804320298,25,10,10
45,9932,0.8606968407154107,1.6563633645746926e-06,0.06334615466100106,0.07595534826022425,25,10,10
45,9933,0.8523527226956855,1.879448842026201e-06,0.11124661898529052,0.036398778870181225,25,10,10
45,9934,0.7961710722799851,2.7018188160806564e-05,0.16624868278094568,0.03755322675090888,25,10,10
45,9935,0.7519130573586068,1.0047026372882935e-05,0.19046119438896578,0.057615701226052425,25,10,10
45,9936,0.7147586749434568,1.2935802774990638e-05,0.2365600717908408,0.04866831746292829,25,10,10
45,9937,0.7956294214212045,9.56731259592013e-06,0.1309421928196777,0.07341881844652173,25,10,10
45,9938,0.7948833917136509,1.7650720861836552e-06,0.13157956175129054,0.07353528146297313,25,10,10
45,9939,0.7753909678151397,5.1770564886089655e-06,0.17996259500862455,0.04464126011974746,25,10,10
45,9940,0.6959885478594581,2.9174434964484263e-05,0.26643741490290046,0.03754486280268029,25,10,10
45,9941,0.831796052827094,2.330049475939892e-05,0.13170781383773866,0.03647283284040877,25,10,10
45,9942,0.7929877450755539,2.2302445691023517e-05,0.16447758932856943,0.04251236315018347,25,10,10
45,9943,0.860855449516151,2.3920031824052882e-05,0.09870626245332736,0.04041436799869714,25,10,10
45,9944,0.8139841420509676,1.5035364253530817e-05,0.14550685854184808,0.04049396404293032,25,10,10
45,9945,0.7599877435683916,9.9990494682965e-06,0.19976392148892252,0.04023833589321593,25,10,10
45,9946,0.7524244596420161,3.978228839826554e-06,0.20767805800871822,0.03989350412042626,25,10,10
45,9947,0.8207051726867598,7.857671466797587e-06,0.13895685849920372,0.040330111142570714,25,10,10
45,9948,0.8721675869545387,7.360005779229458e-06,0.08743649720023729,0.04038855583944422,25,10,10
45,9949,0.8634259773443604,6.0666506010120854e-05,0.13638896821165283,0.00012438793797740142,25,10,10
45,9950,0.8347319684887056,2.6707746555983615e-05,0.16522547385792832,1.5849906809551657e-05,25,10,10
45,9951,0.8594522438739165,1.582527361566813e-06,0.14032036978470874,0.0002258038140133369,25,10,10
45,9952,0.831521777062382,9.845632999800042e-06,0.16819353589861044,0.00027484140600791284,25,10,10
45,9953,0.8386038142638033,1.8364777906179931e-06,0.16115135773175915,0.00024299152664582313,25,10,10
45,9954,0.821361119921126,3.3862536162393694e-05,0.17827144224346086,0.000333575299249361,25,10,10
45,9955,0.849369223696162,6.905317274226437e-05,0.1504672717518952,9.445137919720861e-05,25,10,10
45,9956,0.8196484288911958,2.4572978152871822e-05,0.18003126871829175,0.0002957294123595947,25,10,10
45,9957,0.7318632846497445,7.365776305759058e-06,0.26774188617666356,0.00038746339728560334,25,10,10
45,9958,0.7037465369234593,1.5830465858065715e-05,0.2923685940969157,0.003869038513763669,25,10,10
45,9959,0.8481925663719672,0.0019090300454433174,0.14928497306749886,0.0006134305150911243,25,10,10
45,9960,0.8465573280396201,0.0008828428009946988,0.15029653719499236,0.0022632919643916353,25,10,10
45,9961,0.7701565218941583,0.0008925538392131681,0.22670187786807283,0.0022490463985590987,25,10,10
45,9962,0.7207439782679341,0.0011680949632119405,0.2745899419439543,0.003497984824897297,25,10,10
45,9963,0.8260907179849748,2.0164422136378962e-05,0.17380608103097725,8.303656191110204e-05,25,10,10
45,9964,0.8436740667211987,1.7443003618511837e-05,0.15614436887201022,0.00016412140317094502,25,10,10
45,9965,0.869205297773849,2.29547621107123e-06,0.10620110265783518,0.02459130409210437,25,10,10
45,9966,0.8422851285226024,1.232699504371334e-06,0.11814279765618906,0.03957084112170224,25,10,10
45,9967,0.8328759925854909,1.2340996568290779e-05,0.13298320229864088,0.03412846411930045,25,10,10
45,9968,0.843901750608,2.253302435447561e-06,0.12423450256326916,0.03186149352629446,25,10,10
45,9969,0.8341580528310741,2.127363712069622e-06,0.12617811961658504,0.03966170018862705,25,10,10
45,9970,0.937703329587502,3.171336954700476e-07,0.022607310349830892,0.039689042928971734,25,10,10
45,9971,0.8659163452329358,1.5271837965700762e-05,0.09122798069011688,0.04284040223898193,25,10,10
45,9972,0.8173111472294063,2.4106176672009074e-06,0.13749088815332328,0.04519555399960382,25,10,10
45,9973,0.7564720616618646,3.994782580521693e-05,0.203548579176009,0.03993941133632282,25,10,10
45,9974,0.7752735940872926,3.844367217197164e-06,0.18335325941260666,0.04136930213288432,25,10,10
45,9975,0.8289197910232029,0.0005717300800007269,0.12930639178135295,0.04120208711544427,25,10,10
45,9976,0.7568667431874949,0.000574887313980517,0.20533656256262595,0.037221806935895545,25,10,10
45,9977,0.8188940704609275,0.0005710351339149309,0.14184876543458147,0.03868612897057557,25,10,10
45,9978,0.8011540011626509,0.009815949306778829,0.1521050774880665,0.03692497204250474,25,10,10
45,9979,0.8012517319874811,0.010007264836160814,0.1882187453971385,0.0005222577792178052,25,10,10
45,9980,0.7697180583521391,0.000331784178662645,0.22877906704412607,0.0011710904250723851,25,10,10
45,9981,0.7805611656408864,9.637621266658049e-06,0.21826747362257387,0.0011617231152717309,25,10,10
45,9982,0.7504023839096767,2.4383476736393577e-05,0.24765776694023553,0.0019154656733507242,25,10,10
45,9983,0.8555475729121319,3.07945820749885e-05,0.1406409911185426,0.003780641387251347,25,10,10
45,9984,0.7538021801924097,6.127434285633723e-05,0.24563411531454127,0.0005024301501910159,25,10,10
45,9985,0.771896480996665,0.0006141252779397215,0.22383946913453598,0.003649924590857421,25,10,10
45,9986,0.8203651848995571,1.8868326185152415e-05,0.17904846402225785,0.0005674827519976573,25,10,10
45,9987,0.8308467839843074,1.1388590418887788e-05,0.16834119474122122,0.0008006326840536011,25,10,10
45,9988,0.8668351966752103,1.4476986089100779e-05,0.13291476331379992,0.00023556302489935574,25,10,10
45,9989,0.8327087958774027,1.4855623333341002e-05,0.16654671432328536,0.0007296341759780732,25,10,10
45,9990,0.8626701261287494,9.72332474442981e-07,0.1315172515528659,0.00581164998590975,25,10,10
45,9991,0.8592286495858186,6.381892393559826e-07,0.13553710149578718,0.0052336107291527404,25,10,10
45,9992,0.8679888662626165,7.562613327798011e-05,0.13185505573116524,8.045187293937548e-05,25,10,10
45,9993,0.9201238106213525,7.586922778106318e-05,0.07645232110152557,0.0033479990493410572,25,10,10
45,9994,0.8650548258374946,7.600479254446704e-05,0.1316298007898143,0.003239368580147506,25,10,10
45,9995,0.8418943243121848,0.008831217674401048,0.14594643580741032,0.003328022206004909,25,10,10
45,9996,0.744621640037055,0.0004774707059768241,0.25399593703086637,0.0009049522261030532,25,10,10
45,9997,0.7173897608566265,0.00039624142869963344,0.28205329719179206,0.00016070052288194182,25,10,10
45,9998,0.746379805419055,1.983986790484332e-05,0.2492589355885066,0.0043414191245339274,25,10,10
45,9999,0.7512425025794909,1.3042266590276589e-05,0.24473403253172032,0.00401042262219913,25,10,10
45,10000,0.7716237945383877,2.2897458439101393e-05,0.22821342043360218,0.00013988756957139135,25,10,10
