run,generation,degenerate,holistic,other,compositional,popsize,turnover_rounds,group_rounds
37,0,0.9987713554999793,1.4267839920713722e-08,0.0012266915175253483,1.938714656782331e-06,25,30,10
37,1,0.9527509022392668,1.3171225905035893e-06,0.0471278042001277,0.00011997643801327599,25,30,10
37,2,0.8308818977355211,0.0002844781903563632,0.16752911915209226,0.001304504922024436,25,30,10
37,3,0.7738014232901317,2.0989960159016776e-05,0.22577939999334762,0.00039818675635812134,25,30,10
37,4,0.6796188849982862,2.765110916032639e-05,0.3202226224704422,0.00013084142211534756,25,30,10
37,5,0.6329474066932617,2.741978066021623e-05,0.3669647899042042,6.0383621875304515e-05,25,30,10
37,6,0.6165947332202883,2.1021862264969194e-05,0.38316402664084587,0.00022021827660099493,25,30,10
37,7,0.624255573226658,2.0870872864753026e-05,0.3752073007686167,0.0005162551318609818,25,30,10
37,8,0.5762808788813274,2.188364121544211e-05,0.42012295987066695,0.0035742776067922612,25,30,10
37,9,0.5084015067199396,2.21205891643101e-05,0.48818740394071647,0.0033889687501787325,25,30,10
37,10,0.47691437945029563,0.00010071679176337374,0.5198080862798906,0.003176817478049338,25,30,10
37,11,0.4662328514692622,0.0001005809987400471,0.5330403537051072,0.0006262138268878703,25,30,10
37,12,0.42852311598996373,2.377267879763922e-05,0.5713321136593942,0.00012099767184125107,25,30,10
37,13,0.3660725001404146,3.157364413485412e-05,0.6337839693161454,0.00011195689930196047,25,30,10
37,14,0.4074928336298833,3.1567001144787415e-05,0.5923606106858805,0.00011498868308855732,25,30,10
37,15,0.3512466880745111,2.8567590644814534e-05,0.6486096732086741,0.00011507112616653505,25,30,10
37,16,0.40212249015193124,3.078101488251425e-05,0.5978300926206394,1.6636212547538937e-05,25,30,10
37,17,0.36216780008029636,4.021457568896609e-05,0.6376950715612828,9.691378273189465e-05,25,30,10
37,18,0.34843316832412113,3.9777618742502745e-05,0.6514302542642035,9.67997929332203e-05,25,30,10
37,19,0.35819200574882964,2.2947988903107567e-05,0.6415870497444307,0.00019799651783620022,25,30,10
37,20,0.31858202567700056,4.321316817809636e-05,0.6811767845770226,0.00019797657779629244,25,30,10
37,21,0.34462099408233554,0.0001675310645128031,0.6549540908028929,0.0002573840502568962,25,30,10
37,22,0.31044614554005373,0.0001675149491530008,0.6892979630995647,8.837641122791628e-05,25,30,10
37,23,0.31050148334934397,0.00016753602393355878,0.689249345914692,8.163471203002119e-05,25,30,10
37,24,0.3100455424591789,0.0011653059299492714,0.6887074191313965,8.173247947497402e-05,25,30,10
37,25,0.30993716341769256,0.0011653338227233287,0.6888734914906336,2.4011268949782415e-05,25,30,10
37,26,0.28892521224622425,0.024929566306904526,0.686121178253255,2.404319361351485e-05,25,30,10
37,27,0.2890335049461087,0.024926898000496727,0.6860285277368038,1.1069316589478202e-05,25,30,10
37,28,0.31034011171279374,0.024926894747323708,0.6247382932889736,0.03999470025090881,25,30,10
37,29,0.30477995754701714,0.049489177349747886,0.6057361648409,0.039994700262334495,25,30,10
37,30,0.29744271466991523,0.04948965248672043,0.6130089421742851,0.04005869066907852,25,30,10
37,31,0.297501977333736,0.04948968775570719,0.6129553693023042,0.04005296560825197,25,30,10
37,32,0.29153820889674503,0.04948968766383174,0.6189191378957485,0.040052965543673505,25,30,10
37,33,0.2919227433064861,0.04948970955441626,0.6185345806871672,0.04005296645192909,25,30,10
37,34,0.29241100240575135,0.049491361537471315,0.6180477959900784,0.04004984006669736,25,30,10
37,35,0.29798360855952827,0.06496108596852344,0.6107167255251158,0.0263385799468303,25,30,10
37,36,0.29791164788011826,0.06496104846308365,0.5978867776982257,0.039240525958570444,25,30,10
37,37,0.2635245709811833,0.06491967454091903,0.6521422403999345,0.019413514077961002,25,30,10
37,38,0.2582161759070617,0.06491942921708052,0.6730662519403863,0.0037981429354698466,25,30,10
37,39,0.25822510041504704,0.06491943007499133,0.6730573266395965,0.003798142870363391,25,30,10
37,40,0.2582937775162537,0.08002662011632312,0.6615999582440439,7.964412337664935e-05,25,30,10
37,41,0.2603479217905763,0.08002661966295666,0.6353662105023996,0.02425924804406502,25,30,10
37,42,0.2581694350425744,0.08000670996678876,0.637815793013928,0.024008061976706997,25,30,10
37,43,0.25816943466859754,0.08000670996663148,0.6378157933887996,0.024008061975969667,25,30,10
37,44,0.2581684590115168,0.0800054287539462,0.6378181574241688,0.02400795481036662,25,30,10
37,45,0.261275403465882,0.08001991768948277,0.6347606932798013,0.0239439855648317,25,30,10
37,46,0.261275403128439,0.0800255392013116,0.6570750579710872,0.0016239996991597105,25,30,10
37,47,0.2636041919919546,0.08002555829161687,0.6547463636825712,0.0016238860338544626,25,30,10
37,48,0.2636002576826532,0.08002555869409096,0.6547500810224439,0.0016241026008098258,25,30,10
37,49,0.2635829710460456,0.08002555868529086,0.6547673676685742,0.001624102600087136,25,30,10
37,50,0.2635831722114064,0.08001980175325915,0.6563966996489475,3.263863851393104e-07,25,30,10
37,51,0.30056747494971703,0.08001980174759453,0.6194123969428388,3.263598476461886e-07,25,30,10
37,52,0.3062245217845254,0.08001980134511583,0.6137555691311956,1.0773916093112054e-07,25,30,10
37,53,0.3424179262930061,0.08001975336274614,0.5775622146466916,1.0569755432499772e-07,25,30,10
37,54,0.3424179269354319,0.08002728950960045,0.5775546778574114,1.0569755432498847e-07,25,30,10
37,55,0.34241823407467625,0.08002729052526796,0.5775543697025122,1.0569754162077098e-07,25,30,10
37,56,0.34241823406959115,0.08002879927317891,0.5775528587456865,1.0791154122216135e-07,25,30,10
37,57,0.3207213458469822,0.0800288127883136,0.5992497343773061,1.0698739578135595e-07,25,30,10
37,58,0.3207213458469822,0.08003654829564893,0.5992419988699709,1.0698739575133595e-07,25,30,10
37,59,0.3006570359891143,0.08003654830763435,0.6193062465767283,1.691265210696226e-07,25,30,10
37,60,0.28436484266379275,0.08003719968048141,0.6355947355704165,3.222085307103482e-06,25,30,10
37,61,0.2843651199138591,0.0800356913909981,0.6355959687855011,3.2199096393720497e-06,25,30,10
37,62,0.28436481328466007,0.08003569038734903,0.6011220324613616,0.03447746386662697,25,30,10
37,63,0.28436133198973307,0.08003569038734953,0.601125513756157,0.03447746386675801,25,30,10
37,64,0.28436106838517644,0.08003569038737644,0.6011257773604278,0.03447746386701671,25,30,10
37,65,0.28436021507629244,0.08003569038737694,0.6011266306694445,0.03447746386688344,25,30,10
37,66,0.28436021507629244,0.08002502446631875,0.6011372965905027,0.03447746386688344,25,30,10
37,67,0.2843602145662178,0.08002502445429753,0.595611544559884,0.040003216419598114,25,30,10
37,68,0.30409304489546246,0.08002502443875421,0.5758788334549074,0.040003097210873,25,30,10
37,69,0.32062773081110807,0.08002437307055046,0.5593478514431716,0.04000004467516742,25,30,10
37,70,0.32048410122179666,0.0800243730705741,0.5594914806713529,0.040000045036273815,25,30,10
37,71,0.32048390003199373,0.08079800013720774,0.5587180551228417,0.04000004470795468,25,30,10
37,72,0.33725599485197366,0.08079800013741366,0.5419459586184089,0.04000004639220189,25,30,10
37,73,0.33727862390887525,0.08079800013708029,0.5419233312338496,0.04000004472019316,25,30,10
37,74,0.33727862384370544,0.08079797082048118,0.5419233619346161,0.04000004340119387,25,30,10
37,75,0.3372795834357523,0.0807979703620535,0.5419224028393416,0.040000043362849305,25,30,10
37,76,0.3372803179723434,0.10009577673257844,0.5226238532135656,0.04000005208151083,25,30,10
37,77,0.33748784538952364,0.10009577673395618,0.5224163257988844,0.040000052077634116,25,30,10
37,78,0.3374878450737503,0.10009577673395618,0.5224163240727714,0.04000005411952042,25,30,10
37,79,0.33748785040671364,0.10009577649219871,0.5224163201334667,0.04000005296761915,25,30,10
37,80,0.3374900584573781,0.10009577649219775,0.5224141120828013,0.0400000529676214,25,30,10
37,81,0.3374902077531031,0.10009577674786377,0.5224139625107627,0.04000005298826904,25,30,10
37,82,0.34183799382159946,0.10008081267520645,0.5180811620944302,0.0400000314087626,25,30,10
37,83,0.3418379983353331,0.10006090243672505,0.5181010678190215,0.04000003140891871,25,30,10
37,84,0.3418362542735411,0.10006090243672502,0.5181028118808163,0.040000031408916364,25,30,10
37,85,0.34183625459565,0.10006087790049964,0.5181028381472454,0.04000002935660319,25,30,10
37,86,0.34183514896465556,0.08116672903054187,0.5369981013668346,0.04000002063796618,25,30,10
37,87,0.3570300459717416,0.0811673051398418,0.5218026188642824,0.04000003002413269,25,30,10
37,88,0.3357335285715439,0.08116730513999683,0.5430990901387988,0.040000076149659176,25,30,10
37,89,0.33561724302018064,0.08116730428184621,0.5432153725142579,0.040000080183714176,25,30,10
37,90,0.33574554936427775,0.08116730427879286,0.543087066581408,0.040000079775519844,25,30,10
37,91,0.3357514814271759,0.08116730427717574,0.543081134534887,0.04000007976075977,25,30,10
37,92,0.3355660053051951,0.08116730428028789,0.5432666106536559,0.04000007976085977,25,30,10
37,93,0.30525002664145257,0.081167304280243,0.5735825874976155,0.04000008158068773,25,30,10
37,94,0.3052487898044232,0.08116730428025579,0.5735838243346325,0.04000008158068727,25,30,10
37,95,0.3410591282379782,0.08116730428025326,0.5377734880820053,0.040000079399762106,25,30,10
37,96,0.3410591523603847,0.0811694963618706,0.5377712686612423,0.04000008261650091,25,30,10
37,97,0.33555155947610016,0.08120284594606725,0.5432455152883116,0.0400000792895192,25,30,10
37,98,0.33555155954841775,0.08120316128552538,0.5432451734818968,0.04000010568415845,25,30,10
37,99,0.336428031723804,0.08120316544496113,0.5423675872565727,0.040001215574661055,25,30,10
37,100,0.37260686592737874,0.08120316552574051,0.5061887529654638,0.04000121558141581,25,30,10
37,101,0.3785974767789536,0.08120316552436774,0.5001981424770054,0.04000121521967137,25,30,10
37,102,0.33868094414204697,0.08120316480443528,0.5401146757913962,0.04000121526211928,25,30,10
37,103,0.33868196817355345,0.08120316553168055,0.5401136464485677,0.04000121984619643,25,30,10
37,104,0.33868196817355356,0.08120291760078857,0.5401138943794603,0.04000121984619643,25,30,10
37,105,0.3386736006689038,0.0812029177803494,0.5401222612655291,0.04000122028521659,25,30,10
37,106,0.33867155377049935,0.08120327248760771,0.5401239574918343,0.040001216250059014,25,30,10
37,107,0.35914260212627236,0.08120327248766984,0.5196529552908776,0.040001170095180345,25,30,10
37,108,0.35914260220995264,0.08120329405117678,0.5196529315003877,0.040001172238482596,25,30,10
37,109,0.35914260220995264,0.0812032973332557,0.5196529282183089,0.040001172238482596,25,30,10
37,110,0.35343009104343204,0.08120329733326492,0.5253654393128662,0.040001172310435616,25,30,10
37,111,0.35343009104340695,0.0812029426298436,0.5253657940164703,0.040001172310278124,25,30,10
37,112,0.32228777271571146,0.08120710514724618,0.5565039466712186,0.04000117546582283,25,30,10
37,113,0.3222877727157072,0.0804333847365628,0.5572776670819072,0.0400011754658228,25,30,10
37,114,0.35837792815811215,0.08043338473637153,0.5211875116396913,0.04000117546582455,25,30,10
37,115,0.35837792815811553,0.08044350035704437,0.5211765499055441,0.0400020215792958,25,30,10
37,116,0.392315516694671,0.08044344325395789,0.4872390208640389,0.040002019187332157,25,30,10
37,117,0.3922425845166186,0.08044344325395837,0.48731195304209085,0.0400020191873322,25,30,10
37,118,0.3922425845166186,0.08042047623938027,0.48733492005666895,0.0400020191873322,25,30,10
37,119,0.3618586747648809,0.08042047617154426,0.5177188277186445,0.04000202134493038,25,30,10
37,120,0.3348419244151728,0.08072336400834253,0.5444322456242684,0.04000246595221533,25,30,10
37,121,0.334841927284962,0.08031967090957731,0.5448359358532966,0.04000246595216269,25,30,10
37,122,0.3351128596015829,0.08031909479833903,0.5445656041718948,0.0400024414281817,25,30,10
37,123,0.29570730127704975,0.08031984884495906,0.5839704084110042,0.0400024414669858,25,30,10
37,124,0.3351983837499056,0.08031982311633559,0.5444793538100648,0.04000243932369278,25,30,10
37,125,0.3351983837499056,0.08033055366442701,0.5444686232619733,0.04000243932369278,25,30,10
37,126,0.3350560483117409,0.08033055366604175,0.5446109586986503,0.040002439323565904,25,30,10
37,127,0.33505605286378504,0.0803305921175089,0.5446092542785961,0.040004100740109294,25,30,10
37,128,0.33505605286378504,0.0803305921175089,0.5446092528306419,0.04000410218806362,25,30,10
37,129,0.33505604999399585,0.08033084542711406,0.5446090023908291,0.04000410218806014,25,30,10
37,130,0.3350763612675749,0.08033085049809281,0.5445886860462739,0.0400041021880579,25,30,10
37,131,0.29750689280557624,0.08340607503712989,0.5790784149150597,0.04000861724223398,25,30,10
37,132,0.2940151434278574,0.08340607503722378,0.5825701664503835,0.04000861508453449,25,30,10
37,133,0.2940151434278574,0.08340607503722378,0.5825748697506197,0.040003911784298296,25,30,10
37,134,0.2940151435162884,0.0834060750373811,0.5825747307226645,0.04000405072366679,25,30,10
37,135,0.29401514351730645,0.0834058261691142,0.5825749795899132,0.04000405072366679,25,30,10
37,136,0.2940151435162884,0.08340607495948779,0.5825747308005578,0.04000405072366679,25,30,10
37,137,0.2948181160108977,0.08340607496564502,0.5817717565989023,0.04000405242455595,25,30,10
37,138,0.29481724132224557,0.08340607399154874,0.581772636866363,0.04000404781984407,25,30,10
37,139,0.2948172413222679,0.08340607398211923,0.5817726368757703,0.04000404781984407,25,30,10
37,140,0.29494653262033826,0.08340606890952527,0.581643350650425,0.040004047819713444,25,30,10
37,141,0.30019083409638353,0.0834060696001562,0.5758097387024369,0.04059335760102423,25,30,10
37,142,0.3001225684211152,0.08351492589681125,0.5757598804815881,0.04060262520048601,25,30,10
37,143,0.3038274746412672,0.08351492590608461,0.5720549501125988,0.040602649340049694,25,30,10
37,144,0.2984620104997715,0.08351492174664896,0.577421528304033,0.04060153944954682,25,30,10
37,145,0.29342553052087733,0.08351075999453089,0.5824621731961017,0.04060153628848851,25,30,10
37,146,0.2934255304274084,0.08351075999437635,0.5824623122290936,0.04060139734912002,25,30,10
37,147,0.29336238755512617,0.0835107599864974,0.5825254526750752,0.04060139978329958,25,30,10
37,148,0.25708412495200555,0.08354974203508923,0.6187613592908169,0.040604773722087206,25,30,10
37,149,0.22099732545700668,0.0835497420320923,0.6548481565813558,0.04060477592954172,25,30,10
37,150,0.22099732545700668,0.0835412318687741,0.6548566667446738,0.04060477592954172,25,30,10
37,151,0.22099732083266993,0.08354087786078875,0.6547627035376549,0.04069909776888289,25,30,10
37,152,0.22099732083266993,0.08357234542301573,0.6547312359754279,0.04069909776888289,25,30,10
37,153,0.22098472909725386,0.10809682750386912,0.6302193456524905,0.04069909774638453,25,30,10
37,154,0.23387881855531276,0.10805784545532532,0.6173676121815401,0.040695723807819675,25,30,10
37,155,0.23387992802411767,0.10805771931465408,0.6173666288534063,0.04069572380781989,25,30,10
37,156,0.2276452296937483,0.10805796225056563,0.6235987688475427,0.04069803920814161,25,30,10
37,157,0.22764519443935882,0.108057961404511,0.6235988049492055,0.04069803920692304,25,30,10
37,158,0.2276452304247061,0.10805796140476734,0.6235987689636237,0.040698039206901224,25,30,10
37,159,0.2276452304247061,0.10805796140476734,0.6235940656883412,0.04070274248218339,25,30,10
37,160,0.22764523042468732,0.10805796753358018,0.6236900686972718,0.04060673334445886,25,30,10
37,161,0.2276627235183014,0.10805721348711747,0.6236733296889361,0.04060673330564577,25,30,10
37,162,0.2276627235183014,0.10805695579424325,0.6236735873818102,0.04060673330564577,25,30,10
37,163,0.2276627235183014,0.10805733942069237,0.6236732037553611,0.04060673330564577,25,30,10
37,164,0.22768349472504704,0.10805734827919675,0.6236500554421355,0.04060910155362068,25,30,10
37,165,0.22768350041743818,0.10805734828799705,0.6236500497408926,0.04060910155367232,25,30,10
37,166,0.22793024848643026,0.10805710550337094,0.6234058598568898,0.04060678615330928,25,30,10
37,167,0.22791261490599526,0.10805712916107561,0.623423357020867,0.04060689891206236,25,30,10
37,168,0.21081535298041026,0.1080571288084368,0.6405205649465807,0.0406069532645717,25,30,10
37,169,0.21082186861590643,0.10855607339709933,0.640015107939248,0.04060695004774645,25,30,10
37,170,0.21082186861590313,0.108546313373218,0.640025714076604,0.0406061039342752,25,30,10
37,171,0.21082186861590313,0.10854630879648701,0.6400257186533349,0.0406061039342752,25,30,10
37,172,0.2111278342003984,0.10854629993505772,0.6397195068332723,0.04060635903127222,25,30,10
37,173,0.2111278342003984,0.1085461092942788,0.6397196974740511,0.04060635903127222,25,30,10
37,174,0.21112783427142445,0.10856342475196935,0.6397023819453344,0.04060635903127227,25,30,10
37,175,0.21112129000119975,0.10806228818863124,0.6402100627789674,0.04060635903120265,25,30,10
37,176,0.21706780359817945,0.10806228818863124,0.6342635491819872,0.040606359031202695,25,30,10
37,177,0.18323931999443158,0.10806228803731928,0.6680920317199895,0.040606360248258984,25,30,10
37,178,0.1795877684085136,0.10806228804614876,0.6717435855113361,0.04060635803400094,25,30,10
37,179,0.17823157921796462,0.10498746042220138,0.6701359061369254,0.046645054222907455,25,30,10
37,180,0.1779045438691314,0.10498746042526061,0.6704655647857283,0.04664243091987848,25,30,10
37,181,0.17790454841857994,0.10500731804999719,0.6704457026025747,0.046642430928847366,25,30,10
37,182,0.17790454834756012,0.10500990488897054,0.6704431158344609,0.04664243092900784,25,30,10
37,183,0.19774551259241435,0.10473409443996251,0.6508783665566766,0.046642026410946585,25,30,10
37,184,0.19682681815459102,0.10473369734536991,0.6486850850184724,0.04975439948156663,25,30,10
37,185,0.19682469409420952,0.10462484104871198,0.6488053330176449,0.049745131839432515,25,30,10
37,186,0.19682469409407627,0.1200521762321669,0.633377997834286,0.04974513183947015,25,30,10
37,187,0.19682494575230153,0.12005217623216921,0.6333777461754694,0.04974513184005914,25,30,10
37,188,0.1969517009758876,0.12005217622438577,0.633251015091514,0.04974510770821068,25,30,10
37,189,0.1969517009758876,0.1200516355815548,0.6332515557343451,0.0497451077082107,25,30,10
37,190,0.1969266163069804,0.12005166015824,0.6420515029628082,0.040970220571969244,25,30,10
37,191,0.2039816068235095,0.12002458277200809,0.6350236299140434,0.04097018049043744,25,30,10
37,192,0.20398160227264928,0.12002463517171998,0.6350235820741607,0.040970180481468554,25,30,10
37,193,0.20398160227264928,0.12000473117080639,0.6350434860750743,0.040970180481468506,25,30,10
37,194,0.20485361723279547,0.12000473204509264,0.6341714681221033,0.040970182600006566,25,30,10
37,195,0.2048536172342189,0.11998447425724607,0.6341917259085262,0.040970182600006656,25,30,10
37,196,0.20568349120647425,0.1199844742649708,0.6333550314576284,0.04097700307092445,25,30,10
37,197,0.20568349120647425,0.11998501948750323,0.633354486235096,0.04097700307092442,25,30,10
37,198,0.2056834912131763,0.1445458818387671,0.6087936236826742,0.040977003265380556,25,30,10
37,199,0.20414299824682036,0.14456205134555516,0.6103165938386076,0.04097835656901509,25,30,10
37,200,0.22174012678590052,0.14456205134549252,0.5927195196520995,0.04097830221650587,25,30,10
37,201,0.22087505769976867,0.14456205133776645,0.5935914104341401,0.0409714805283229,25,30,10
37,202,0.2239998986676336,0.14456205134448027,0.5904665675307652,0.04097148245711808,25,30,10
37,203,0.21875561431571142,0.14456207365944063,0.596300139421018,0.040382172603827406,25,30,10
37,204,0.21563077333677444,0.14456207365246124,0.5994249823357081,0.04038217067505366,25,30,10
37,205,0.21563282384887228,0.14456207365246115,0.5994229318236325,0.04038217067503144,25,30,10
37,206,0.19901981015078773,0.1445620736526964,0.6160359455216947,0.040382170674818293,25,30,10
37,207,0.19901996313551315,0.14456207390993017,0.616035794713549,0.04038216824100466,25,30,10
37,208,0.19901996312738177,0.12002138685027817,0.6405764819759487,0.0403821680463879,25,30,10
37,209,0.1992115325154544,0.1200213868503141,0.64038491259527,0.040382168038958034,25,30,10
37,210,0.19921153250710852,0.12002138685027336,0.6403849125625699,0.040382168080045064,25,30,10
37,211,0.20077837211637423,0.12002143232361868,0.6388180274126529,0.04038216814735182,25,30,10
37,212,0.16628970096767365,0.12002143303495873,0.6733066978502396,0.040382168147125815,25,30,10
37,213,0.12729992166853982,0.12002143352663344,0.7122964783591017,0.04038216644572367,25,30,10
37,214,0.12729992166978926,0.12003883547602015,0.7122790764084607,0.040382166445728555,25,30,10
37,215,0.11599919982054113,0.12003905082343301,0.7235785909870341,0.0403831583689902,25,30,10
37,216,0.11599919981929167,0.12002199558565559,0.7235956462169795,0.04038315837807189,25,30,10
37,217,0.11599921995222631,0.12002197259545598,0.7235956489299324,0.040383158522384235,25,30,10
37,218,0.11518237465318958,0.1200219716778359,0.7244124972309883,0.04038315643798473,25,30,10
37,219,0.14530180158286804,0.12002197096632167,0.694293049396401,0.04038317805440884,25,30,10
37,220,0.14530042382923788,0.12002197113172527,0.6942944269843951,0.04038317805463995,25,30,10
37,221,0.14432178439645138,0.12002197063367898,0.6952730668724513,0.04038317809741716,25,30,10
37,222,0.14432178439644533,0.12004221750820611,0.6952528205105688,0.04038317758477834,25,30,10
37,223,0.14439645974574994,0.12004221750664228,0.6951781451705452,0.040383177577061016,25,30,10
37,224,0.14439645974574994,0.1200422271534048,0.6951781355237826,0.040383177577061016,25,30,10
37,225,0.14439645974574994,0.1200422271534048,0.6951781355594524,0.040383177541391306,25,30,10
37,226,0.14439649981950609,0.12004223100683171,0.6951780916266306,0.040383177547031114,25,30,10
37,227,0.14439649981950609,0.1200424211393832,0.6951779014940793,0.040383177547031114,25,30,10
37,228,0.1443965001597917,0.12004239656265954,0.6924216345589399,0.04313946871861046,25,30,10
37,229,0.1443965001597917,0.12004239694470833,0.692421634176891,0.04313946871861046,25,30,10
37,230,0.1443965001681383,0.12004239693578203,0.6924216342193071,0.043139468676773166,25,30,10
37,231,0.14439650016811625,0.12004214379023281,0.6924218873648759,0.04313946867677517,25,30,10
37,232,0.14581491865181348,0.12002597428344526,0.6910209916915998,0.04313811537314058,25,30,10
37,233,0.14581286743534025,0.12002597428344526,0.6910230388737528,0.04313811940746048,25,30,10
37,234,0.14581286743534025,0.12002597428344526,0.6910230388380763,0.04313811944313713,25,30,10
37,235,0.14581348425009355,0.12002597411775832,0.6910224221678669,0.04313811946428026,25,30,10
37,236,0.14580834242028926,0.12002597411775881,0.691027563571821,0.04313811989012994,25,30,10
37,237,0.14580892433777046,0.12002597411806297,0.691026981675421,0.04313811986874463,25,30,10
37,238,0.1457529494706393,0.12002597370263692,0.6910829569913663,0.04313811983535617,25,30,10
37,239,0.15705826035269818,0.12002575835528,0.6797788533796698,0.04313712791234964,25,30,10
37,240,0.1571271396421633,0.12002575835528266,0.6797098377418748,0.043137264260677294,25,30,10
37,241,0.15712729586809776,0.1200257580978917,0.6797096817309439,0.04313726430306471,25,30,10
37,242,0.1571272958680981,0.12002535669526194,0.6796154362370815,0.04323191119955602,25,30,10
37,243,0.15712729520674854,0.12002535669524284,0.6827524253150298,0.04009492278297781,25,30,10
37,244,0.15712725809411732,0.1200253566798723,0.6827509581749687,0.040096427051041265,25,30,10
37,245,0.16121993512752042,0.12002536182316394,0.6786568999542568,0.04009780309505862,25,30,10
37,246,0.16121995388665414,0.12002536183107208,0.6786568811872036,0.040097803095069995,25,30,10
37,247,0.16121995374202697,0.12002536183295723,0.6785619792491514,0.04019270517586427,25,30,10
37,248,0.16121991357300863,0.12002536242093374,0.678562018835845,0.040192705170213255,25,30,10
37,249,0.16121991357300858,0.12003953882548009,0.6785478219998526,0.04019272560165877,25,30,10
37,250,0.16121991357300858,0.12003953874756386,0.6785478220777718,0.040192725601656765,25,30,10
37,251,0.16133607784696063,0.12003953874756386,0.6784316578036861,0.04019272560179006,25,30,10
37,252,0.16104666096180634,0.12003981476747233,0.6787208088464609,0.04019271542426129,25,30,10
37,253,0.16104666096321008,0.12005971553567184,0.6787956499855874,0.04009797351553153,25,30,10
37,254,0.1610526693494717,0.12005971553567135,0.6787896415994595,0.040097973515398184,25,30,10
37,255,0.16105266934947143,0.12005971125015245,0.6787896458849808,0.040097973515396214,25,30,10
37,256,0.16105266934947757,0.12004020905433331,0.6789021291034173,0.040004992492772715,25,30,10
37,257,0.16105297270846347,0.12004020904538398,0.6789016870497144,0.04000513119643886,25,30,10
37,258,0.16105297270846347,0.12004020904538398,0.6789016870247748,0.04000513122137825,25,30,10
37,259,0.16105297270320007,0.12004018538776438,0.6392756219763585,0.07963121993267872,25,30,10
37,260,0.16105297270320013,0.12004019416709209,0.6392756132061175,0.07963121992359215,25,30,10
37,261,0.16105297270320282,0.1200260184366598,0.6053629321995411,0.11355807666059797,25,30,10
37,262,0.16105297270320282,0.12002601230759657,0.6053629383286042,0.11355807666059797,25,30,10
37,263,0.1610517776377848,0.12002601230729237,0.605364133393563,0.11355807666136095,25,30,10
37,264,0.12111371054550701,0.12002601231467903,0.6453021984567552,0.11355807868305909,25,30,10
37,265,0.1211223510524327,0.12002605520944279,0.6450719887924083,0.11377960494571841,25,30,10
37,266,0.11955525063041922,0.1200260097363609,0.6466391347554422,0.11377960487777823,25,30,10
37,267,0.11955525217702466,0.12001258504612254,0.646652557899073,0.1137796048777801,25,30,10
37,268,0.12262262843951464,0.12001258505239155,0.6435851836190217,0.11377960288907246,25,30,10
37,269,0.1226226284395085,0.12001223575507705,0.6435871982773804,0.11377793752803442,25,30,10
37,270,0.1230002674296108,0.12001195459051224,0.643211227511048,0.11377655046882891,25,30,10
37,271,0.12300026742820708,0.11999205392961651,0.6431363576935398,0.11387132094863561,25,30,10
37,272,0.12300026742820708,0.11999205397276634,0.6431363576503897,0.11387132094863561,25,30,10
37,273,0.12300026742820708,0.11999204440178973,0.6431363672213664,0.11387132094863561,25,30,10
37,274,0.12300026742820708,0.11996964011271953,0.6431587715104368,0.11387132094863561,25,30,10
37,275,0.1229323192467246,0.1199696401311034,0.643226851154724,0.11387118946744669,25,30,10
37,276,0.12293332570856069,0.1199696401386651,0.6432258487183705,0.11387118543440249,25,30,10
37,277,0.12293332416810795,0.1199628903698489,0.6432326000276412,0.1138711854344006,25,30,10
37,278,0.119808679194827,0.12084605947469497,0.64540020393511,0.11394505739536635,25,30,10
37,279,0.11981729825699389,0.12084601658081368,0.6456130177745368,0.11372366738765395,25,30,10
37,280,0.11981729825699389,0.12084601658081368,0.6456130189752709,0.11372366618691972,25,30,10
37,281,0.11981731426441426,0.12084601657201068,0.6456130029767059,0.11372366618686808,25,30,10
37,282,0.11980005684484996,0.12084601656321725,0.6456303965761065,0.11372353001582507,25,30,10
37,283,0.11980005684956187,0.1246533270326623,0.6418230861019498,0.11372353001582508,25,30,10
37,284,0.11980005684957282,0.12465332703239655,0.6418230861022054,0.11372353001582508,25,30,10
37,285,0.11979974817841339,0.12465332703255391,0.6418235335188168,0.11372339127021598,25,30,10
37,286,0.11979943934856728,0.12465332703255397,0.6418238423914272,0.11372339122745088,25,30,10
37,287,0.11979816613785291,0.12465332703255397,0.6418251156021416,0.11372339122745093,25,30,10
37,288,0.11979816613767247,0.12465332703231156,0.6414513170730752,0.11409718975694037,25,30,10
37,289,0.11979814443786094,0.12465332703231152,0.6414513387721362,0.11409718975769113,25,30,10
37,290,0.11979814443786094,0.12466801978497179,0.641436646019574,0.11409718975759361,25,30,10
37,291,0.11979814444975094,0.12534165978844147,0.6407630059988763,0.11409718976293144,25,30,10
37,292,0.11980540448267345,0.12534165978844103,0.6407557463918034,0.11409718933708181,25,30,10
37,293,0.11980439863412552,0.12534165982565443,0.6407567521324282,0.11409718940779198,25,30,10
37,294,0.12030061646716318,0.12534165982572948,0.6402605343828541,0.11409718932425356,25,30,10
37,295,0.12030061646716318,0.12534165982572948,0.6402605355835986,0.11409718812350902,25,30,10
37,296,0.12030061647313993,0.12534165984202533,0.6402605355652491,0.11409718811958518,25,30,10
37,297,0.12030061672309719,0.12466810127036704,0.640934093892288,0.11409718811424736,25,30,10
37,298,0.08099122158240085,0.12466810127474677,0.6802434882481115,0.11409718889474059,25,30,10
37,299,0.08099124327604314,0.12466810033274184,0.6802434674957243,0.11409718889549088,25,30,10
37,300,0.08099000790542388,0.12466810082576925,0.6802447072404548,0.11409718402835256,25,30,10
37,301,0.08099000790542388,0.12466810094386989,0.6802447071223543,0.11409718402835256,25,30,10
37,302,0.08099000790542388,0.12466848493884525,0.6802443231273788,0.11409718402835256,25,30,10
37,303,0.09332681590943753,0.1246684850509905,0.6679075144868132,0.11409718455275893,25,30,10
37,304,0.0933267979689231,0.12466848500635017,0.6679074155545233,0.11409730147020382,25,30,10
37,305,0.053329294393711944,0.12466848500666763,0.7079049191264687,0.11409730147315299,25,30,10
37,306,0.05332960359431481,0.12466848500651034,0.7079046099260097,0.11409730147316617,25,30,10
37,307,0.053329603346688,0.1254609214589748,0.7071121737148917,0.11409730147944598,25,30,10
37,308,0.05332960817984406,0.12165325585231854,0.7109198344877234,0.11409730148011427,25,30,10
37,309,0.053329405780251866,0.12077008674764196,0.6720566298342098,0.1538438776378961,25,30,10
37,310,0.053329405780251866,0.120792105153891,0.6720346114279611,0.1538438776378961,25,30,10
37,311,0.053329405780251866,0.120792105153891,0.6720362331286924,0.15384225593716447,25,30,10
37,312,0.053329405780251866,0.120792105153891,0.6720362319281383,0.15384225713771837,25,30,10
37,313,0.053328206660756286,0.12079210515357364,0.6720374310081353,0.15384225717753433,25,30,10
37,314,0.05332941555212505,0.12079210469018369,0.6720362225808247,0.1538422571768661,25,30,10
37,315,0.05332941555194371,0.1207921046763026,0.6718566707469088,0.15402180902484444,25,30,10
37,316,0.05344575842166138,0.12079215276146213,0.6717401675229502,0.15402192129392583,25,30,10
37,317,0.05344575842332959,0.12079215276146213,0.6717401675220322,0.15402192129317524,25,30,10
37,318,0.05344575842332959,0.12079215276146213,0.6717401675474133,0.15402192126779415,25,30,10
37,319,0.05344575842332915,0.12079215265389869,0.6717401681588099,0.15402192076396154,25,30,10
37,320,0.05294956052111039,0.12079215265621271,0.6688062519006235,0.1574520349220533,25,30,10
37,321,0.05294956052139768,0.11999963469535727,0.6695987698674709,0.1574520349157735,25,30,10
37,322,0.08540538965368868,0.11999963483785683,0.6405730153761051,0.15402196013234862,25,30,10
37,323,0.08540539003116208,0.11999963483785683,0.6405730149986317,0.15402196013234873,25,30,10
37,324,0.08540539545149901,0.11999963482171573,0.6405730071941858,0.15402196253259914,25,30,10
37,325,0.08540541686552883,0.11999963482171569,0.6405729857801424,0.15402196253261274,25,30,10
37,326,0.08540539507733749,0.11999963482171569,0.6405730075683473,0.15402196253259914,25,30,10
37,327,0.08540539507733749,0.11938955575742614,0.6411830866326368,0.15402196253259917,25,30,10
37,328,0.08540539507733726,0.11938956019164707,0.6411830821984164,0.15402196253259917,25,30,10
37,329,0.08540539508827162,0.11938956019164702,0.6411830821882459,0.15402196253183553,25,30,10
37,330,0.08540539508826905,0.11938956019164702,0.6411830821882483,0.15402196253183575,25,30,10
37,331,0.08557472087479975,0.11938956518777426,0.6410124165631482,0.1540232973742777,25,30,10
37,332,0.0855747204941031,0.11938956518777431,0.6410124169010524,0.15402329741707027,25,30,10
37,333,0.0855747204941031,0.11936754684134905,0.6410344352474776,0.15402329741707027,25,30,10
37,334,0.0855747204941031,0.1199698989997336,0.6404320830890932,0.15402329741707024,25,30,10
37,335,0.0850785545391092,0.11996989899529822,0.6409282502520086,0.15402329621358407,25,30,10
37,336,0.07892446863185315,0.11996989899529856,0.6470823361529439,0.1540232962199048,25,30,10
37,337,0.0789244713208035,0.1199698992576313,0.6470823320361216,0.15402329738544399,25,30,10
37,338,0.08122464715863169,0.11996989925912083,0.6447821562030036,0.15402329737924375,25,30,10
37,339,0.08122464677805236,0.11996989925912085,0.6447821541494057,0.15402329981342117,25,30,10
37,340,0.12090456023997338,0.11996989961350683,0.6051022403330987,0.1540232998134211,25,30,10
37,341,0.10858532255542608,0.11996989951047415,0.6174213375329,0.15402344040119956,25,30,10
37,342,0.10858532254091831,0.12076222048698851,0.6166290165708935,0.1540234404011995,25,30,10
37,343,0.10858532261254265,0.12076222047396348,0.6118842037450922,0.1587682531684011,25,30,10
37,344,0.10858532261253993,0.12076221979984898,0.6058133615534933,0.16483909603411728,25,30,10
37,345,0.10841599682601549,0.12076221491128508,0.6059840270801783,0.16483776118252053,25,30,10
37,346,0.10841599682601581,0.119983834890721,0.6067624071007419,0.16483776118252055,25,30,10
37,347,0.1084147831034603,0.1199838348996961,0.6067636208143227,0.1648377611825208,25,30,10
37,348,0.10843205036945512,0.11998383489969605,0.6067463535903567,0.16483776114049178,25,30,10
37,349,0.10843205933065608,0.11998383577500116,0.606746343752566,0.16483776114177548,25,30,10
37,350,0.10843205933065608,0.11998070600166046,0.6067494735259067,0.16483776114177548,25,30,10
37,351,0.10843205933065608,0.11998026041799395,0.6067499191095731,0.16483776114177548,25,30,10
37,352,0.10939409737441728,0.11998026042688757,0.6057878810569054,0.16483776114178852,25,30,10
37,353,0.10937650535682777,0.11998026041777232,0.6058056141530165,0.16483762007238226,25,30,10
37,354,0.1093765053566964,0.11998026042605497,0.6058056141877018,0.16483762002954577,25,30,10
37,355,0.10937650002546942,0.11998026042605497,0.6058056195196924,0.16483762002878183,25,30,10
37,356,0.10937649995385756,0.11998026343425043,0.6105987764047984,0.16004446020709207,25,30,10
37,357,0.10937649995385756,0.11998026343425043,0.6105987764055725,0.16004446020631782,25,30,10
37,358,0.10967915430334856,0.11998026307986442,0.6102961224104675,0.16004446020631768,25,30,10
37,359,0.10967915430334856,0.11998026307986442,0.6102961224457978,0.16004446017098725,25,30,10
37,360,0.10967914887858693,0.1199802630797069,0.6102961303098072,0.16004445773189618,25,30,10
37,361,0.11340779987194362,0.11998026307821658,0.6065674793180618,0.1600444577317757,25,30,10
37,362,0.11340779987193779,0.12000017243132033,0.6065475699649637,0.16004445773177564,25,30,10
37,363,0.11340779987193779,0.12000017243132033,0.6065475699747725,0.1600444577219667,25,30,10
37,364,0.08095200169171038,0.13795089343279168,0.6210526865285282,0.1600444183469673,25,30,10
37,365,0.08095200169171038,0.13795089343279168,0.6210510636773986,0.16004604119809684,25,30,10
37,366,0.045309447849896545,0.13795089387123688,0.6566936149910054,0.16004604328785924,25,30,10
37,367,0.04530937567754779,0.14488798025238706,0.6497566007822486,0.1600460432878147,25,30,10
37,368,0.04530937576391526,0.14486809720425722,0.6497763578072557,0.16004616922457007,25,30,10
37,369,0.04530937576391526,0.11610847440778034,0.678535980603705,0.16004616922459747,25,30,10
37,370,0.04530941018127322,0.11610847130339057,0.6778680142534125,0.16071410426192206,25,30,10
37,371,0.04530941018127322,0.10486855382298187,0.6891079317338464,0.16071410426189467,25,30,10
37,372,0.04530941018127322,0.10486855382298187,0.6891056521407094,0.16071638385503156,25,30,10
37,373,0.04530941018127322,0.10486855382298187,0.6891056526128888,0.16071638338285218,25,30,10
37,374,0.04530941018127322,0.10487883581005061,0.6890953706258184,0.16071638338285388,25,30,10
37,375,0.005818325739940042,0.10487883581451848,0.7285864538488669,0.1607163845966711,25,30,10
37,376,0.005818325739940042,0.10487883581451848,0.7287116767088814,0.16059116173665658,25,30,10
37,377,0.00878222875050216,0.1048787877361039,0.7257480510335144,0.16059093247987982,25,30,10
37,378,0.00884128085974247,0.10487878773624025,0.7256889947015833,0.16059093670243402,25,30,10
37,379,0.008841280859742166,0.10486485114239677,0.7257029312953126,0.1605909367025483,25,30,10
37,380,0.008841280859742166,0.10488671257989714,0.7256810698578124,0.1605909367025483,25,30,10
37,381,0.02994941870042656,0.104886718590153,0.7045229741779865,0.16064088853143324,25,30,10
37,382,0.029457940756912503,0.10488671858568793,0.7050144533397834,0.16064088731761605,25,30,10
37,383,0.0294579407569125,0.07999927289486364,0.7299018990306084,0.1606408873176161,25,30,10
37,384,0.0294579407569125,0.07999927289486364,0.7299018989806547,0.16064088736756968,25,30,10
37,385,0.029457935423796953,0.07999927289486097,0.7299019043137599,0.16064088736758264,25,30,10
37,386,0.029457935338900638,0.07999925170913706,0.7299020270292137,0.16064078592274947,25,30,10
37,387,0.029457935338900638,0.07999980436166837,0.7299014743766824,0.16064078592274947,25,30,10
37,388,0.026377707502820414,0.07999980435478868,0.732981702221377,0.16064078592101452,25,30,10
37,389,0.02637772697173536,0.07999983109581484,0.7329816538126158,0.1606407881198345,25,30,10
37,390,0.026377726883210807,0.0799998310958176,0.7329816539011249,0.16064078811984767,25,30,10
37,391,0.026377726888220487,0.07999983109581756,0.7329816538961278,0.1606407881198347,25,30,10
37,392,0.026377726888220487,0.07999983109581756,0.7329816538959788,0.1606407881199834,25,30,10
37,393,0.0263777177636449,0.07999983022051237,0.7329816638971429,0.16064078811869972,25,30,10
37,394,0.06004288654846242,0.07999980798813827,0.6993164983996294,0.1606408070637695,25,30,10
37,395,0.06004376763862417,0.08000108106495764,0.7000303654748836,0.1599247858215336,25,30,10
37,396,0.06004376763715295,0.08000107583622354,0.6953325988463284,0.16462255768029418,25,30,10
37,397,0.06004376763715295,0.08000107583622354,0.6953326008791381,0.16462255564748457,25,30,10
37,398,0.09383446145881122,0.08000107583624645,0.6615419070509391,0.16462255565400302,25,30,10
37,399,0.08742756330092702,0.08000106938765049,0.6679987647560297,0.16457260255539263,25,30,10
37,400,0.08742756330092702,0.08000106510212499,0.6679987690416692,0.16457260255527836,25,30,10
37,401,0.08735122222666025,0.08000106510200937,0.6680751143335992,0.16457259833773122,25,30,10
37,402,0.08735122222666025,0.08000096083414299,0.6680752186014657,0.16457259833773122,25,30,10
37,403,0.09081212150593437,0.08000096104467425,0.6644377393966121,0.16474917805277933,25,30,10
37,404,0.09081321372248373,0.08000096105273402,0.6644365269102179,0.16474929831456453,25,30,10
37,405,0.09081229886701109,0.07999968799128307,0.664438716632,0.16474929650970638,25,30,10
37,406,0.08631630837635865,0.07999968732632301,0.6689347289097278,0.1647492753875908,25,30,10
37,407,0.08631630837635906,0.08108554386683035,0.6678488723692202,0.16474927538759077,25,30,10
37,408,0.08631630837635906,0.08106381818702703,0.6678705980490253,0.16474927538758902,25,30,10
37,409,0.08631630837635906,0.08106381818702703,0.6678705980484034,0.16474927538821105,25,30,10
37,410,0.0853539822745171,0.08106381819585737,0.6688327879975232,0.1647494115321022,25,30,10
37,411,0.08535398235603148,0.07997759982058265,0.6699190062912836,0.1647494115321022,25,30,10
37,412,0.06762683932856577,0.07998144620296385,0.6876422917539188,0.16474942271455137,25,30,10
37,413,0.06762683932856577,0.07998144620296385,0.6876422897202755,0.16474942474819465,25,30,10
37,414,0.06763211375711983,0.08001396637815458,0.678769603463133,0.1735843164015926,25,30,10
37,415,0.06763211375711983,0.08001396637815458,0.6787696034885171,0.17358431637620853,25,30,10
37,416,0.07359643113900882,0.08001396637815722,0.672805286098312,0.17358431638452163,25,30,10
37,417,0.07359643114498725,0.08001396193676868,0.6728051661587813,0.17358444075946267,25,30,10
37,418,0.07359643114498725,0.08001396193676868,0.6728052491815187,0.17358435773672526,25,30,10
37,419,0.05549619794412201,0.0800142091396838,0.688958531836638,0.17553106107955507,25,30,10
37,420,0.055496197943925865,0.08001420955001205,0.6885954019827119,0.175894190523349,25,30,10
37,421,0.055491657252982246,0.07998168947362629,0.6948016969518833,0.16972495632150694,25,30,10
37,422,0.059085849080270245,0.07998168921157506,0.6912073801418002,0.1697250815663541,25,30,10
37,423,0.059150220016250615,0.07998168921977228,0.6911428822617327,0.16972520850224396,25,30,10
37,424,0.059150220016250615,0.07998168921977228,0.6910176588940549,0.1698504318699219,25,30,10
37,425,0.059150220016250615,0.08000409357523948,0.6909952545385876,0.1698504318699219,25,30,10
37,426,0.059150220016250615,0.08000409357523948,0.6909952545035462,0.16985043190496327,25,30,10
37,427,0.0591502200345241,0.09476960106532115,0.676229366863025,0.16985081203713018,25,30,10
37,428,0.0591502200345241,0.0947695914122635,0.6762293765160828,0.16985081203713018,25,30,10
37,429,0.05915054419315474,0.09476959140344787,0.6762289162550256,0.16985094814837207,25,30,10
37,430,0.037735652919399176,0.09476962007944684,0.6978203570140055,0.16967436998714847,25,30,10
37,431,0.03773565283789274,0.09477637751502796,0.6978135996599307,0.16967436998714847,25,30,10
37,432,0.04098683761982373,0.09477637751502777,0.6945625392183404,0.16967424564680667,25,30,10
37,433,0.04227312404968269,0.09477641484911035,0.6932763515108559,0.16967410959034981,25,30,10
37,434,0.03090342662277463,0.09477280390487516,0.7046496710862351,0.1696740983861145,25,30,10
37,435,0.030909243837248267,0.09477280356526911,0.7046438533932289,0.16967409920425275,25,30,10
37,436,0.030909243837248267,0.09474131952848108,0.704675337430017,0.16967409920425275,25,30,10
37,437,0.030909243837232876,0.09474131952846031,0.7011651525513127,0.17318428408299455,25,30,10
37,438,0.029622633244928954,0.09474128219448386,0.7024518005323784,0.1731842840282093,25,30,10
37,439,0.029622633244928954,0.09474128219448386,0.7024517575053588,0.17318432705522896,25,30,10
37,440,0.029550275836094625,0.09474104291401313,0.7025243541881458,0.1731843270617472,25,30,10
37,441,0.02955027581782113,0.1199466042022148,0.6773191730448272,0.1731839469351368,25,30,10
37,442,0.02962066928211238,0.11993984727536784,0.6772555365073828,0.1731839469351368,25,30,10
37,443,0.029620669282112346,0.11994697686973677,0.677247810192736,0.1731845436554152,25,30,10
37,444,0.029620648122130357,0.11994697685201286,0.6772479675143199,0.17318440751153738,25,30,10
37,445,0.029620648122130624,0.11994009604444607,0.6772554450420525,0.1731838107913714,25,30,10
37,446,0.029618822167943985,0.11994034915576499,0.6799215907596111,0.17051923791667986,25,30,10
37,447,0.029618831483034232,0.11994034915603079,0.6799215814442544,0.1705192379166799,25,30,10
37,448,0.02864079095669938,0.11994032026939823,0.680899653230334,0.17051923554356777,25,30,10
37,449,0.0286407816415597,0.1199403202691326,0.6808996625457392,0.17051923554356777,25,30,10
37,450,0.028577589944374003,0.1199403487840909,0.6809629526638434,0.1705191086076904,25,30,10
37,451,0.029523332429708816,0.11994034838237047,0.6803802069306414,0.17015611225727795,25,30,10
37,452,0.029523332429842574,0.11994034838118602,0.6509888597780775,0.19954745941089272,25,30,10
37,453,0.029523332429842574,0.11994034838118602,0.650988859777468,0.19954745941150207,25,30,10
37,454,0.02857759003680907,0.1199403483642982,0.6519347328858737,0.19954732871301772,25,30,10
37,455,0.028577590037062738,0.11994034836566131,0.6554449173983046,0.19603714419897003,25,30,10
37,456,0.028577590037413336,0.11994035448409238,0.6600479311564924,0.1914341243220009,25,30,10
37,457,0.028577590037413336,0.11994036697314049,0.6600479186674444,0.1914341243220009,25,30,10
37,458,0.025353184404849845,0.11994087190427301,0.6632718193904799,0.191434124300397,25,30,10
37,459,0.025353179080579977,0.11994087634428448,0.6632717991067397,0.19143414546839518,25,30,10
37,460,0.025353179080579977,0.11994087634428448,0.6632717996068745,0.1914341449682605,25,30,10
37,461,0.02535196321234788,0.11994084782113189,0.6632730439547426,0.19143414501177727,25,30,10
37,462,0.02535196321234788,0.11994084782113189,0.6632730039592093,0.19143418500731083,25,30,10
37,463,0.02535196321234788,0.1199720054188924,0.6632418463614489,0.19143418500731077,25,30,10
37,464,0.02535196321234788,0.1199720054188924,0.6632418463717384,0.1914341849970211,25,30,10
37,465,0.02535196321234788,0.11997232496039409,0.6632415268302367,0.1914341849970211,25,30,10
37,466,0.025351963212000016,0.11997231884197891,0.6607797556114186,0.1938959623346022,25,30,10
37,467,0.025352117935286456,0.11997231884654172,0.6607795337977131,0.19389602942045842,25,30,10
37,468,0.025352382965339308,0.1199723192773383,0.6607792683368627,0.1938960294204588,25,30,10
37,469,0.05140429844277305,0.11997231927705679,0.6347274793128858,0.19389590296728312,25,30,10
37,470,0.05133513987870425,0.11997231878462117,0.6347963610050524,0.1938961803316214,25,30,10
37,471,0.02969605887556997,0.11997207204514196,0.6583822683632832,0.19194960071600517,25,30,10
37,472,0.029701746364492524,0.11997156735366193,0.658377085578818,0.19194960070302794,25,30,10
37,473,0.029701746364492524,0.11997156735366193,0.658469381247598,0.19185730503424786,25,30,10
37,474,0.029701746365203004,0.1199715704662411,0.6609777168378054,0.18934896633075085,25,30,10
37,475,0.029701745713539028,0.11997157045087276,0.6609777175048377,0.18934896633075085,25,30,10
37,476,0.029701745713539056,0.12348473062557538,0.6574645573302476,0.18934896633063844,25,30,10
37,477,0.029701745807213076,0.11997131722983116,0.6609779705895398,0.18934896637341656,25,30,10
37,478,0.029701745807079245,0.11997131722964834,0.6503715617435065,0.1999553752197662,25,30,10
37,479,0.03093520746907009,0.1199713171504079,0.6491380993825708,0.19995537599795138,25,30,10
37,480,0.03093520746907009,0.11997131715040783,0.6491358554146082,0.19995761996591413,25,30,10
37,481,0.030935207468052558,0.11997131271039403,0.6491346736898973,0.1999588061316563,25,30,10
37,482,0.030935720372544266,0.11997131271014214,0.649134160785657,0.1999588061316563,25,30,10
37,483,0.03093601978477247,0.11997131320566602,0.6486966053671125,0.20039606164244803,25,30,10
37,484,0.031705759241581866,0.1199725879853999,0.6479258684937563,0.20039578427926127,25,30,10
37,485,0.03170575961570278,0.1199725879853999,0.6479258680768573,0.20039578432203922,25,30,10
37,486,0.03170575961570278,0.1199725879853999,0.6479258680994454,0.20039578429945107,25,30,10
37,487,0.03170579688691241,0.11997258798566586,0.6479258308279693,0.20039578429945185,25,30,10
37,488,0.03170579688665868,0.11997258798430317,0.6479258100246083,0.20039580510442978,25,30,10
37,489,0.03170579688665868,0.11997258798430317,0.6479258099893751,0.2003958051396627,25,30,10
37,490,0.03170580578564788,0.11997258798428936,0.6479258010903998,0.2003958051396627,25,30,10
37,491,0.03170580578564788,0.11997258798428936,0.6479258836133418,0.20039572261672073,25,30,10
37,492,0.03170580580112847,0.11997284046537211,0.6479256519216922,0.20039570181180696,25,30,10
37,493,0.03170580580112847,0.1199619812345102,0.647936511152554,0.20039570181180696,25,30,10
37,494,0.031196595098015766,0.1199607067030705,0.6484469963878667,0.2003957018110464,25,30,10
37,495,0.031196595097351353,0.11996070359050902,0.64840046959603,0.2004422317161083,25,30,10
37,496,0.031196595097351353,0.11996070359050902,0.648400471043804,0.20044223026833435,25,30,10
37,497,0.03275511116832767,0.11996070519151489,0.6468294474029297,0.20045473623722668,25,30,10
37,498,0.03251073582458739,0.11996226361909587,0.6470722620328894,0.2004547385234261,25,30,10
37,499,0.03251074115585809,0.11996226361909583,0.6470722567016434,0.20045473852339996,25,30,10
37,500,0.031695731705799354,0.11996226369628568,0.6478872657586068,0.20045473883930642,25,30,10
37,501,0.03168003970522739,0.11996379603770026,0.6479015469105438,0.2004546173465269,25,30,10
37,502,0.03168003970522739,0.11997030329815452,0.6478950396555487,0.20045461734106784,25,30,10
37,503,0.029469650110183147,0.11997030342065199,0.6501054121938149,0.20045463427534835,25,30,10
37,504,0.029469650110183147,0.11999272705217034,0.6500829885623941,0.20045463427525084,25,30,10
37,505,0.02946935344314749,0.11999272656088639,0.6505205412750291,0.20001737872093586,25,30,10
37,506,0.029469373940176,0.11999272754383221,0.6505202573165478,0.20001764119944254,25,30,10
37,507,0.03454030992892983,0.11999276423090408,0.6134949016167637,0.23197202422340166,25,30,10
37,508,0.034540309928952094,0.11999251109048202,0.6134277028493821,0.23203947613118317,25,30,10
37,509,0.029463556725732563,0.1199924742316022,0.616542834866395,0.23400113417626958,25,30,10
37,510,0.029463556725732563,0.11997186323123903,0.6165634458667583,0.23400113417626958,25,30,10
37,511,0.02946355672617841,0.11997186521558775,0.616600160303631,0.23396441775460233,25,30,10
37,512,0.02946366048712157,0.1199718729326133,0.6079975655931754,0.24256690098708922,25,30,10
37,513,0.0035731290535018405,0.11997442700350351,0.6338855560751679,0.2425668878678261,25,30,10
37,514,0.0020432913568405155,0.11997442540250222,0.6354279013404797,0.2425543819001772,25,30,10
37,515,0.0020432913568405155,0.11997442540175506,0.6354279013412268,0.2425543819001772,25,30,10
37,516,0.0020432913568405155,0.11997442540175506,0.6354278999019249,0.24255438333947932,25,30,10
37,517,0.0020432913568405155,0.11997442540175506,0.6354279008495449,0.2425543823918592,25,30,10
37,518,0.002043291356797605,0.11997442540364212,0.6355209500008094,0.2424613332387515,25,30,10
37,519,0.002043291356797605,0.11996356617142606,0.6355318092330254,0.2424613332387515,25,30,10
37,520,0.0020974821073575754,0.11996101197829354,0.6354801764906179,0.24246132942373133,25,30,10
37,521,0.0020974766809128023,0.11996101197829079,0.6354801819170658,0.24246132942373108,25,30,10
37,522,0.004960731373742956,0.11995952106692455,0.6322967706591034,0.24278297690022949,25,30,10
37,523,0.004912551352778271,0.11995952108076226,0.6323449506650519,0.2427829769014079,25,30,10
37,524,0.0020493130472530076,0.11995947919636597,0.63552987818729,0.2424613295690914,25,30,10
37,525,0.0020493130472530076,0.11995947919636597,0.6354375839660957,0.24255362379028536,25,30,10
37,526,0.0020493130472530076,0.11999094930654484,0.6354061138559168,0.24255362379028536,25,30,10
37,527,0.0020493130472530076,0.11999094930654484,0.6354061138723992,0.24255362377380296,25,30,10
37,528,0.0020493130472530076,0.11999094930791143,0.6354073000301067,0.24255243761472867,25,30,10
37,529,0.0020493130472530076,0.11999094930791143,0.6354072575016342,0.24255248014320127,25,30,10
37,530,0.0020493130472530076,0.11999094930791143,0.6354072574912099,0.24255248015362557,25,30,10
37,531,0.0020492925517010554,0.11999097742558724,0.6354075123476673,0.2425522176750442,25,30,10
37,532,0.002020092373905163,0.11999097742558268,0.635436708341202,0.24255222185930986,25,30,10
37,533,0.0035749103361394723,0.11999097758519804,0.633881890205653,0.24255222187300926,25,30,10
37,534,0.005194821578068717,0.1199909926323159,0.6317967420865126,0.2430174437031026,25,30,10
37,535,0.005194821578068997,0.11999099661202987,0.6282816698086026,0.2465325120012983,25,30,10
37,536,0.0031239972869486613,0.11999098133628,0.630817729861404,0.2460672915153671,25,30,10
37,537,0.003123996633578441,0.11999098133601391,0.630817730515041,0.24606729151536633,25,30,10
37,538,0.0031239966335794883,0.11999098133601391,0.6308177347005485,0.24606728732985764,25,30,10
37,539,0.0031239966335794883,0.11999098133601391,0.6308176947415582,0.24606732728884795,25,30,10
37,540,0.003157762273755962,0.13023167725702087,0.6205432283927734,0.24606733207644993,25,30,10
37,541,0.0031403739652389826,0.1302301185629259,0.6205621776819751,0.24606732978985954,25,30,10
37,542,0.0031403739652389826,0.13020771149247765,0.6205845847524233,0.24606732978985954,25,30,10
37,543,0.04285218045877223,0.13020771653897895,0.5808714025360621,0.24606870046618654,25,30,10
37,544,0.04285224196695135,0.130207717263856,0.5808601118444721,0.24607992892472033,25,30,10
37,545,0.04285224196695135,0.130207717263856,0.5808601118440451,0.2460799289251473,25,30,10
37,546,0.04285224187191812,0.13020768816322892,0.5808601410823955,0.2460799288824572,25,30,10
37,547,0.042852241871917406,0.13020768817234038,0.5808601410306058,0.24607992892513614,25,30,10
37,548,0.04133016220306696,0.13020768815850758,0.582382220714469,0.24607992892395708,25,30,10
37,549,0.041330163012336954,0.13020744010811502,0.5823824683195911,0.24607992855995736,25,30,10
37,550,0.06488031398338472,0.13020744010811505,0.5588323173910072,0.24607992851749308,25,30,10
37,551,0.06488031398338472,0.13020744010811505,0.5588370548189704,0.24607519108953,25,30,10
37,552,0.06488031398338472,0.13020744010811505,0.5588370533722676,0.2460751925362328,25,30,10
37,553,0.0648803082715792,0.1302074400991429,0.5588370615313173,0.24607519009796108,25,30,10
37,554,0.0648803082715792,0.1302074400991472,0.5588388065224463,0.24607344510682766,25,30,10
37,555,0.081329996403009,0.13020744009914714,0.5423891183913306,0.24607344510651366,25,30,10
37,556,0.0814002394155991,0.13020744009473875,0.5423189448645946,0.24607337562506792,25,30,10
37,557,0.0814002394155991,0.13020744009473448,0.5423172008181796,0.24607511967148732,25,30,10
37,558,0.0814002394155991,0.13020744009473448,0.5423172008286702,0.2460751196609963,25,30,10
37,559,0.0814002394155991,0.13020744009473448,0.5423124619535403,0.24607985853612618,25,30,10
37,560,0.08137111938977837,0.1302074400944745,0.5423415819796209,0.24607985853612618,25,30,10
37,561,0.08137111938977837,0.1302074400944745,0.5423416969156157,0.24607974360013146,25,30,10
37,562,0.06453094572350998,0.13020743565430387,0.5591831916924649,0.2460784269297217,25,30,10
37,563,0.06453094572350998,0.13020743565430387,0.5591831916920232,0.24607842693016324,25,30,10
37,564,0.06453094572350998,0.13020743565430387,0.5591830757860717,0.24607854283611474,25,30,10
37,565,0.06453297181074306,0.13020743492942682,0.5591922788809609,0.2460673143788695,25,30,10
37,566,0.06453297181074306,0.13020743492942682,0.5591923952662642,0.2460671979935662,25,30,10
37,567,0.06453297181074306,0.13020743492942682,0.5591923952546808,0.2460671980051496,25,30,10
37,568,0.06453297181074306,0.1301983718917855,0.5592014582923219,0.2460671980051496,25,30,10
37,569,0.06453297228646689,0.13019837189178837,0.5592014578150697,0.24606719800667654,25,30,10
37,570,0.06453297228646689,0.13019837189178837,0.5592014578402117,0.24606719798153442,25,30,10
37,571,0.06453297228643624,0.1301983718917912,0.5592014578394895,0.24606719798228446,25,30,10
37,572,0.06453297714194069,0.13019837189194308,0.5592014529853471,0.2460671979807705,25,30,10
37,573,0.06453297714194495,0.13019836791222913,0.5627165252633778,0.24255212968244946,25,30,10
37,574,0.06453297714194495,0.1302295186090269,0.56268537456658,0.24255212968244946,25,30,10
37,575,0.06453498734862134,0.1302295186092965,0.5626833643596336,0.24255212968244946,25,30,10
37,576,0.06492720704203939,0.13026648469256658,0.5622510865844029,0.24255522168099192,25,30,10
37,577,0.06493601516660381,0.13026648469249058,0.5622422784599272,0.24255522168097912,25,30,10
37,578,0.06493591384127209,0.13027705767978337,0.5708644624347184,0.23392256604422634,25,30,10
37,579,0.06493591384111765,0.1302770576797833,0.5647849473577566,0.24000208112134253,25,30,10
37,580,0.06493591384111765,0.1302770576797833,0.5647805043672492,0.24000652411184997,25,30,10
37,581,0.06493591384111765,0.1302770576797833,0.564780620259642,0.24000640821945712,25,30,10
37,582,0.06493386767007538,0.1302770576795138,0.5647826664309539,0.24000640821945712,25,30,10
37,583,0.06493387834182814,0.13027705767047973,0.5645606552501653,0.24022840873752765,25,30,10
37,584,0.06493387834182814,0.13027737440542775,0.5645603385152173,0.24022840873752765,25,30,10
37,585,0.06493387834207884,0.1302776300394982,0.5606019160253135,0.24418657559310947,25,30,10
37,586,0.06493387834207884,0.13027762992002936,0.5606019161447822,0.24418657559310947,25,30,10
37,587,0.10394460815124389,0.13027762992005984,0.5215910916304239,0.24418667029827312,25,30,10
37,588,0.10394460732649541,0.13027762548938057,0.5197369232416942,0.24604084394242975,25,30,10
37,589,0.10387477971992118,0.13027763892797325,0.5198067373899549,0.24604084396215037,25,30,10
37,590,0.10387477971992118,0.13027763892777197,0.5198067373901561,0.24604084396215037,25,30,10
37,591,0.10388008108684131,0.1302670605461873,0.5198137845768627,0.24603907379010825,25,30,10
37,592,0.10388008108684131,0.1302670605461873,0.5198136706922443,0.24603918767472666,25,30,10
37,593,0.10387799356085187,0.1302670606433421,0.5198142531634938,0.24604069263231212,25,30,10
37,594,0.10387799356085187,0.13026705095190994,0.519814262854926,0.24604069263231212,25,30,10
37,595,0.1038779935295062,0.13083054817777678,0.5192522703647697,0.24603918792794718,25,30,10
37,596,0.1038779935295062,0.13083054817777678,0.5192522683670858,0.24603918992563117,25,30,10
37,597,0.1038858599301406,0.13083053473910494,0.5192444142580307,0.24603919107272362,25,30,10
37,598,0.1038858599301406,0.13083053473910494,0.5192444167906375,0.24603918854011675,25,30,10
37,599,0.1038858599301406,0.13083054705598837,0.5192444044737541,0.24603918854011675,25,30,10
37,600,0.10388055612713648,0.13084472336982722,0.5192355317812283,0.2460391887218078,25,30,10
37,601,0.10388055644024369,0.13084449172275434,0.5228240297029089,0.24245092213409314,25,30,10
37,602,0.10389787449465063,0.13084446774280717,0.5231783317140244,0.24207932604851792,25,30,10
37,603,0.1038978738409793,0.13084446774280717,0.5231783323676956,0.24207932604851792,25,30,10
37,604,0.1038983956038788,0.13084446774280722,0.5231778106047957,0.24207932604851795,25,30,10
37,605,0.10401380391250985,0.13084718784154348,0.5230596821274006,0.24207932611854577,25,30,10
37,606,0.10246010262935919,0.13084718767768785,0.5246133835874334,0.2420793261055193,25,30,10
37,607,0.06463609801125561,0.13084720393950003,0.548565825193557,0.2559508728556867,25,30,10
37,608,0.06463609801125561,0.13085806655895132,0.5485549625741056,0.2559508728556867,25,30,10
37,609,0.06463609801125106,0.13085807099897212,0.5485549793092651,0.2559508516805109,25,30,10
37,610,0.065223880853446,0.13082110491600618,0.5480072545493148,0.25594775968123173,25,30,10
37,611,0.06424388354455106,0.13082110491569915,0.5489872518165771,0.25594775972317135,25,30,10
37,612,0.0642427691159713,0.1308211049156966,0.5489883662458387,0.2559477597224921,25,30,10
37,613,0.06420873846407779,0.13533344377619,0.5445100628227885,0.2559477549369407,25,30,10
37,614,0.06420873844574147,0.12138606558837839,0.5584574410307632,0.25594775493511385,25,30,10
37,615,0.06203290643965005,0.12138604932774846,0.5744453373625495,0.2421357068700491,25,30,10
37,616,0.06203290643965005,0.12138585241343147,0.5744455342768664,0.2421357068700491,25,30,10
37,617,0.1016424851201843,0.1213858524149835,0.5348359315677301,0.24213573089709953,25,30,10
37,618,0.11827302670521471,0.12138585179953677,0.5182054469674983,0.2421356745277489,25,30,10
37,619,0.11827302670521471,0.12138585196819619,0.5182054467988388,0.2421356745277489,25,30,10
37,620,0.11827302147852287,0.12138585196819618,0.5182054496291568,0.2421356769241227,25,30,10
37,621,0.11815764484512405,0.1213855567266929,0.5183211215729915,0.24213567685519036,25,30,10
37,622,0.11167970845841162,0.12138555672514087,0.5247990819759345,0.2421356528405114,25,30,10
37,623,0.11167970845841121,0.12058705296222728,0.5255975857358418,0.24213565284351826,25,30,10
37,624,0.11348976697845987,0.12058705389181372,0.5237874634782724,0.24213571565145325,25,30,10
37,625,0.11348976697845987,0.12058705389181372,0.5237873475568232,0.24213583157290247,25,30,10
37,626,0.11348976697845777,0.12058705389180238,0.5256415208357672,0.2402816582939715,25,30,10
37,627,0.11348976697845778,0.12058705389180238,0.5256402927513236,0.24028288637841524,25,30,10
37,628,0.11348976697845778,0.12058705389180238,0.5256403752738324,0.24028280385590667,25,30,10
37,629,0.1134897671390067,0.12058705389207258,0.525640375113013,0.24028280385590706,25,30,10
37,630,0.1134897671390067,0.120572877636144,0.5256545517340163,0.24028280349083256,25,30,10
37,631,0.1134897671390067,0.120572877636144,0.52565577981846,0.24028157540638884,25,30,10
37,632,0.1134897671390067,0.12057287116461733,0.5256557862899867,0.24028157540638884,25,30,10
37,633,0.1134897671390067,0.12057232508990032,0.5256563323647037,0.24028157540638884,25,30,10
37,634,0.1134897671390067,0.12057232508990032,0.5256563323410546,0.24028157543003792,25,30,10
37,635,0.11348976715351032,0.12056542497514487,0.5256632324445369,0.2402815754268071,25,30,10
37,636,0.1144699206300538,0.12056542497503572,0.5246831736732664,0.24028148072164332,25,30,10
37,637,0.11446992059030643,0.12000192765393491,0.5252466712886205,0.24028148046713707,25,30,10
37,638,0.07851106510796907,0.12000197927173213,0.561198280637649,0.24028867498264955,25,30,10
37,639,0.07853499864945129,0.12000197928406943,0.5611743470827926,0.24028867498368645,25,30,10
37,640,0.07853499864945129,0.12000197928406943,0.5611743470705527,0.2402886749959264,25,30,10
37,641,0.07853499863495213,0.12000173483724988,0.5611745911680189,0.24028867535977871,25,30,10
37,642,0.07853499863495213,0.11828346491320606,0.5628928610920626,0.24028867535977871,25,30,10
37,643,0.07853499863495213,0.11828346491320606,0.5628928610922922,0.24028867535954912,25,30,10
37,644,0.07853513881529778,0.11828346491320606,0.5628927209119466,0.24028867535954912,25,30,10
37,645,0.07853513881529778,0.11828346491320606,0.5630222443348901,0.2401591519366054,25,30,10
37,646,0.07853513881529778,0.11828346491320606,0.563022243896432,0.24015915237506355,25,30,10
37,647,0.038536327489837124,0.11828346491372807,0.603021055220082,0.24015915237635185,25,30,10
37,648,0.03853632748983716,0.11828346491372826,0.6029861061687688,0.24019410142766506,25,30,10
37,649,0.03853632463077207,0.11828346491256997,0.6030443829082811,0.24013582754837592,25,30,10
37,650,0.038553947783528046,0.11828346491256994,0.6030267621938519,0.24013582511004905,25,30,10
37,651,0.038536949191883316,0.11828346491226953,0.6030437607865047,0.24013582510934112,25,30,10
37,652,0.038536949191883316,0.1200019318611826,0.6013252938375915,0.24013582510934106,25,30,10
37,653,0.03853694922063696,0.1200090758790582,0.6013181396586121,0.240135835241691,25,30,10
37,654,0.038536949235090365,0.12002345076462172,0.6013037647585961,0.240135835241691,25,30,10
37,655,0.038536949235090365,0.1200232670306371,0.6013039484925807,0.240135835241691,25,30,10
37,656,0.038536949235641875,0.12002326706441543,0.6013090731680201,0.24013071053192178,25,30,10
37,657,0.038536949235641875,0.12002326706441974,0.6011843048841495,0.2402554788157877,25,30,10
37,658,0.038536949235641875,0.12002382271599009,0.601183749232579,0.2402554788157877,25,30,10
37,659,0.0349939342076874,0.12002377110717038,0.6047340103721155,0.24024828431302495,25,30,10
37,660,0.03499361480731952,0.12002377110731473,0.6047343274181266,0.24024828666723724,25,30,10
37,661,0.03499361480731952,0.12002377110731473,0.6047343274185536,0.24024828666681036,25,30,10
37,662,0.03499361480731952,0.12002376667986772,0.5647425406352183,0.28024007787759236,25,30,10
37,663,0.034993614792866425,0.1200376334997274,0.5647286738298118,0.28024007787759236,25,30,10
37,664,0.04185406892658852,0.12003763350132145,0.5578682192812717,0.28024007829081665,25,30,10
37,665,0.04185406892658852,0.12003762683791623,0.557868225944677,0.28024007829081665,25,30,10
37,666,0.04185374363165487,0.12003762682941341,0.5578685488105796,0.2802400807283506,25,30,10
37,667,0.04342814606942766,0.12003762844415157,0.5562941445537988,0.28024008093262065,25,30,10
37,668,0.04342814606942766,0.12003762844415157,0.5562941445187491,0.28024008096767017,25,30,10
37,669,0.043427633618212856,0.12003762844442167,0.5562946569684047,0.28024008096895886,25,30,10
37,670,0.04342763361856392,0.12005754346307076,0.5562747419404153,0.2802400809779481,25,30,10
37,671,0.04342763361856392,0.12005734078377749,0.5562749446197084,0.2802400809779481,25,30,10
37,672,0.04342763361856392,0.12005715688057451,0.5562751285229115,0.2802400809779481,25,30,10
37,673,0.04342763361856392,0.12005715688057451,0.5562751285466477,0.2802400809542117,25,30,10
37,674,0.04342763857101633,0.12005473203848689,0.5562775484373788,0.2802400809531166,25,30,10
37,675,0.04342763857101633,0.12005473203848259,0.5562727933103916,0.28024483608010803,25,30,10
37,676,0.04342763857101633,0.12005473202454185,0.5562645845963067,0.2802530448081338,25,30,10
37,677,0.04459423654361149,0.12005473199076333,0.5551184533954517,0.28023257807017177,25,30,10
37,678,0.04459423654361149,0.12005473199076333,0.5551250596122702,0.28022597185335324,25,30,10
37,679,0.04459423654361149,0.12005423438534212,0.5551255572176914,0.28022597185335324,25,30,10
37,680,0.04459423654361149,0.12005423438534212,0.5551255571927483,0.28022597187829645,25,30,10
37,681,0.04459423654361149,0.12005423438534212,0.55512555716879,0.28022597190225484,25,30,10
37,682,0.04460165326682852,0.12005423460426655,0.5551181402273051,0.2802259719015981,25,30,10
37,683,0.04460165326682821,0.12002598853539999,0.5551463862961716,0.2802259719015981,25,30,10
37,684,0.04343505529604094,0.12002598853562618,0.556322338798447,0.28021661736988407,25,30,10
37,685,0.04343505529604094,0.12002598853562618,0.5563223647382898,0.28021659143004113,25,30,10
37,686,0.043435055453723524,0.12002603674159762,0.556322315788541,0.2802165920161358,25,30,10
37,687,0.043435055453723524,0.11878730464484048,0.5575610478852981,0.2802165920161358,25,30,10
37,688,0.043435055453723524,0.11878730464484048,0.5575544421419912,0.2802231977594427,25,30,10
37,689,0.043435055454121047,0.11878730464485607,0.5543543507782211,0.2834232891228,25,30,10
37,690,0.043436080384714505,0.11878730506148943,0.5543533254297174,0.28342328912407677,25,30,10
37,691,0.0418674588172613,0.11878730343440917,0.5559219488295359,0.283423288918792,25,30,10
37,692,0.0418674588172613,0.11878769441980307,0.5559215578441421,0.283423288918792,25,30,10
37,693,0.0418674588172613,0.11878769441980307,0.5559215577970036,0.2834232889659305,25,30,10
37,694,0.04186745883278638,0.11878769878280472,0.555921553411958,0.28342328897244934,25,30,10
37,695,0.04186745883278638,0.1187876987828259,0.5924597641440075,0.24688507824037934,25,30,10
37,696,0.04004906195134362,0.1187881911156575,0.5942753809297883,0.24688736600321132,25,30,10
37,697,0.040166578281689215,0.1187881906841481,0.5941578650322289,0.2468873660019342,25,30,10
37,698,0.04016657828184331,0.11878819068433387,0.5637802265831604,0.2772650044506629,25,30,10
37,699,0.04024221314735825,0.1187877287277766,0.53606617236594,0.3049038857589252,25,30,10
37,700,0.0402422135281424,0.11878772872730452,0.5360661744659262,0.3049038832786274,25,30,10
37,701,0.0402422135281424,0.11878772872730452,0.5360661744658967,0.3049038832786571,25,30,10
37,702,0.04016648040043882,0.11878769742136579,0.523783212642164,0.317262609536032,25,30,10
37,703,0.040164518845884414,0.11878769742136125,0.5237851741967219,0.31726260953603286,25,30,10
37,704,0.04016451881737648,0.11878054906957003,0.5237923122570796,0.3172626198559743,25,30,10
37,705,0.04016451881737648,0.11878054906957003,0.5237922312066783,0.31726270090637554,25,30,10
37,706,0.04016451881737648,0.11878054906957003,0.5237922326661348,0.317262699446919,25,30,10
37,707,0.04016451881737648,0.11878054906957003,0.5237922326392204,0.3172626994738334,25,30,10
37,708,0.040164779633717236,0.11878050087107571,0.5237920219576175,0.31726269753759,25,30,10
37,709,0.040164779633366156,0.11876058596191036,0.5238119368761258,0.3172626975285979,25,30,10
37,710,0.040164779633366156,0.11876058596191036,0.5238119368767408,0.3172626975279831,25,30,10
37,711,0.04014715638543995,0.11876058596191312,0.5238295601246507,0.31726269752799624,25,30,10
37,712,0.003732831513102214,0.11876061236180185,0.560243856814352,0.31726269931074347,25,30,10
37,713,0.00373283149757721,0.11877502850296082,0.5602294406952373,0.3172626993042247,25,30,10
37,714,0.00373283149757721,0.11877502850296082,0.5602294427190646,0.31726269728039735,25,30,10
37,715,0.00373283149757721,0.12001374401387062,0.5589907272081549,0.3172626972803974,25,30,10
37,716,0.003732831497164044,0.12001374401384257,0.560322639310182,0.3159307851788114,25,30,10
37,717,0.04370101332040432,0.12001374379464799,0.520354457706236,0.3159307851787121,25,30,10
37,718,0.04370101341557473,0.12001374379480545,0.520354457610921,0.31593078517869916,25,30,10
37,719,0.043701016834710255,0.12068465380259794,0.5196825596566549,0.3159317697060375,25,30,10
37,720,0.04370101683455616,0.12068465380239099,0.5135221027923808,0.32209222657067244,25,30,10
37,721,0.04370101683455616,0.12068465380239099,0.5135221013553146,0.32209222800773857,25,30,10
37,722,0.043701016841071284,0.12068627478246612,0.5153898844355772,0.32022282394088575,25,30,10
37,723,0.043701016719219776,0.12001536474062117,0.5159934819590325,0.320290136581127,25,30,10
37,724,0.043701016719219776,0.11999295314625154,0.5160158935534022,0.32029013658112704,25,30,10
37,725,0.0437252468388585,0.11999295314625151,0.515991663434296,0.32029013658059424,25,30,10
37,726,0.0437252468388585,0.11999295314625151,0.5159916634222119,0.32029013659267846,25,30,10
37,727,0.043725246927181584,0.11999136121583294,0.5159932552642786,0.32029013659270705,25,30,10
37,728,0.04014870756526886,0.11999133481435294,0.5195698232360143,0.3202901343843641,25,30,10
37,729,0.08013932002279864,0.11999130576479486,0.479579239828279,0.32029013438412746,25,30,10
37,730,0.08013932002327151,0.11997700487849026,0.47959354071411064,0.32029013438412746,25,30,10
37,731,0.08013932002327151,0.1182592261611234,0.4813113194314776,0.32029013438412746,25,30,10
37,732,0.08013932002327151,0.1182592261611234,0.4813113229121604,0.32029013090344466,25,30,10
37,733,0.08140914235525606,0.11825922618405635,0.48004149740503854,0.3202901340556491,25,30,10
37,734,0.08140914235500592,0.11906471207173519,0.4792348503231178,0.32029129525014044,25,30,10
37,735,0.08140914235501015,0.11903858061765372,0.47926216378165454,0.3202901132456809,25,30,10
37,736,0.10352700199386673,0.11903923347508641,0.4573655972383802,0.3200681672926669,25,30,10
37,737,0.13757870152257687,0.11903923346627147,0.4233139001140361,0.320068164897116,25,30,10
37,738,0.13757870233634825,0.13058624842767205,0.41176688433886194,0.32006816489711787,25,30,10
37,739,0.13757870233634825,0.13230432211191318,0.4100488106546208,0.32006816489711787,25,30,10
37,740,0.09803792575316862,0.13230509105404203,0.44958881720471916,0.3200681659880702,25,30,10
37,741,0.10959274808649326,0.13230443819655588,0.4380347023303428,0.32006811138660807,25,30,10
37,742,0.10947613176350032,0.132304438196291,0.43815131865360135,0.32006811138660735,25,30,10
37,743,0.10947612683551475,0.1323044381885901,0.43814476954592085,0.32007466542997476,25,30,10
37,744,0.10905360955086495,0.1323036695661688,0.4385680127165859,0.32007470816638106,25,30,10
37,745,0.10905360955086495,0.13232607158282472,0.43854561069993003,0.32007470816638106,25,30,10
37,746,0.10905360955086495,0.13232607158282472,0.438545607243809,0.3200747116225021,25,30,10
37,747,0.07672456380680791,0.13232663407077513,0.4708713642260582,0.32007743789635934,25,30,10
37,748,0.07672456380680791,0.13232663407077513,0.47087133626127403,0.3200774658611434,25,30,10
37,749,0.07672456380680791,0.13232663407077513,0.47087133723644375,0.3200774648859735,25,30,10
37,750,0.07672456380680791,0.13232663407077513,0.47087122335186826,0.32007757877054926,25,30,10
37,751,0.07672456380680791,0.13232663407077513,0.4708712213189963,0.3200775808034211,25,30,10
37,752,0.07642781318831356,0.13232663407077513,0.4711679719374907,0.32007758080342086,25,30,10
37,753,0.07642781318831356,0.13232663407077513,0.4711679719373695,0.3200775808035422,25,30,10
37,754,0.07642781318831356,0.13232663407077513,0.47116797248832787,0.3200775802525837,25,30,10
37,755,0.07642781318100729,0.1323266340707724,0.47116783617201724,0.3200777165762033,25,30,10
37,756,0.07514287893103778,0.13232663405501016,0.4720786434407871,0.32045184357316514,25,30,10
37,757,0.07514287893103778,0.13232663405501016,0.47207864392959203,0.32045184308436025,25,30,10
37,758,0.07583016829767558,0.1323266540056517,0.4713978907486132,0.3204452869480599,25,30,10
37,759,0.07582914270677986,0.13232665400512977,0.4713989163413182,0.3204452869467724,25,30,10
37,760,0.07580183730851055,0.13232665393575566,0.47142626563683776,0.32044524311889633,25,30,10
37,761,0.07580183731306472,0.132440821514114,0.4713120980539251,0.3204452431188969,25,30,10
37,762,0.07580183731306472,0.13244121461161368,0.4713117049564255,0.3204452431188969,25,30,10
37,763,0.07580183731306472,0.13244121461161368,0.47131181555279267,0.3204451325225297,25,30,10
37,764,0.0640060448397445,0.13244121461169303,0.48310760802602665,0.32044513252253637,25,30,10
37,765,0.06400655755413596,0.1324412154743295,0.48310709444773264,0.3204451325238022,25,30,10
37,766,0.06400655755413596,0.13240973868867761,0.48313857123338466,0.3204451325238022,25,30,10
37,767,0.06400655755413596,0.13240975047721823,0.483138559444844,0.3204451325238022,25,30,10
37,768,0.06400655755413596,0.13240975047721823,0.4831385594969454,0.32044513247170076,25,30,10
37,769,0.06400655755413596,0.13240975047721823,0.4831385581653897,0.32044513380325645,25,30,10
37,770,0.06400657499493424,0.1324097504844362,0.4831321403839045,0.3204515341367252,25,30,10
37,771,0.06400657499493424,0.13240937374592124,0.4831325171224197,0.3204515341367253,25,30,10
37,772,0.06400656171044958,0.13240937349563803,0.48313253065719425,0.3204515341367187,25,30,10
37,773,0.06321497529777034,0.13240883800003878,0.4835021873101975,0.3208739993919936,25,30,10
37,774,0.06321497529777034,0.13240923116484454,0.4835017941453918,0.3208739993919936,25,30,10
37,775,0.06321497529777034,0.13240923116484454,0.4835017961537881,0.3208739973835971,25,30,10
37,776,0.06321497529776651,0.13163012557705167,0.4842809017477592,0.32087399737742167,25,30,10
37,777,0.07530728379825273,0.13163012557697232,0.4721885932473595,0.32087399737741523,25,30,10
37,778,0.07530728379825273,0.13163012557697232,0.47219021614412215,0.3208723744806526,25,30,10
37,779,0.07530732040085372,0.13151595799861399,0.47230434711987995,0.32087237448065203,25,30,10
37,780,0.07530732465666276,0.13151595851158307,0.4723107426830701,0.3208659741486838,25,30,10
37,781,0.07530732465666276,0.13151595851158307,0.4723107440146105,0.3208659728171434,25,30,10
37,782,0.07711207988534792,0.1315159715428711,0.4705059757561262,0.32086597281565454,25,30,10
37,783,0.07711156716541825,0.13151597068050008,0.4705064893396936,0.3208659728143879,25,30,10
37,784,0.07711156716541825,0.13151597068050008,0.4705064607426057,0.32086600141147575,25,30,10
37,785,0.11025346658265037,0.13151597068050008,0.4373645613253736,0.32086600141147575,25,30,10
37,786,0.1102534657684061,0.12077477814409715,0.4481057546760224,0.3208660014114738,25,30,10
37,787,0.11113930435438042,0.12077475819370397,0.4472199360409342,0.32086600141098065,25,30,10
37,788,0.11115331858821977,0.12077475818652783,0.4475800518245904,0.3204918714006624,25,30,10
37,789,0.15112898096094904,0.1207747581928988,0.4076043894156256,0.32049187143052693,25,30,10
37,790,0.15202826873912204,0.12077476252793906,0.4067050766405086,0.3204918920924306,25,30,10
37,791,0.1504548848184381,0.12077476252769304,0.4082784604892713,0.320491892164598,25,30,10
37,792,0.1504548848184381,0.12077476252769304,0.4082784604975783,0.32049189215629076,25,30,10
37,793,0.148002866312282,0.12077476252773382,0.41073047900404935,0.3204918921559352,25,30,10
37,794,0.14873227423013893,0.12077478451658324,0.41000104739694065,0.32049189385633675,25,30,10
37,795,0.14873227423013893,0.12077478451658324,0.41000104539941035,0.3204918958538671,25,30,10
37,796,0.14873227423013893,0.12077478451658324,0.4100010439870896,0.32049189726618776,25,30,10
37,797,0.18866986507579578,0.12077478451746043,0.3700634498126021,0.32049190059414173,25,30,10
37,798,0.18866986507579578,0.12077478451746043,0.37006345178518346,0.3204918986215604,25,30,10
37,799,0.18866986507579578,0.12077477516308872,0.37006346113955507,0.3204918986215604,25,30,10
37,800,0.22773651164821207,0.12077474817073762,0.33142203308862217,0.32006670709242824,25,30,10
37,801,0.22675678940453028,0.12077474852545167,0.3324017548901599,0.32006670717985825,25,30,10
37,802,0.22772742249060943,0.12077474817085161,0.3314311222162177,0.3200667071223214,25,30,10
37,803,0.22772742249060943,0.12077474817085161,0.3314311227157447,0.32006670662279435,25,30,10
37,804,0.22772742249060943,0.12077474817085161,0.3314311221297321,0.320066707208807,25,30,10
37,805,0.22772742249060943,0.12077474817085161,0.33143112210636394,0.3200667072321751,25,30,10
37,806,0.2277808385228602,0.1207747481699697,0.33137770947513706,0.3200667038320331,25,30,10
37,807,0.22778964520963174,0.1207747481699697,0.3313689027883655,0.3200667038320331,25,30,10
37,808,0.22778964520987682,0.12076109306290526,0.3313825578950739,0.32006670383214325,25,30,10
37,809,0.22778964520963169,0.11998347913373598,0.33216017182459845,0.3200667038320331,25,30,10
37,810,0.22706023910853698,0.11998345714488208,0.332889376076028,0.3200669276705521,25,30,10
37,811,0.22706023910853698,0.11998345714488208,0.33288937555313836,0.32006692819344174,25,30,10
37,812,0.22706023910953677,0.11998370146567178,0.3328891312313474,0.3200669281934437,25,30,10
37,813,0.22706023910979162,0.11996902853561876,0.3329038041611436,0.3200669281934456,25,30,10
37,814,0.22706023910979162,0.11996902853561876,0.3329021812210109,0.32006855113357857,25,30,10
37,815,0.22654935987045033,0.11996901498696073,0.333413073227576,0.3200685519150138,25,30,10
37,816,0.23250227410805546,0.11996901065205888,0.32746018355342515,0.32006853168646104,25,30,10
37,817,0.24128152345090695,0.11996901065199417,0.31868093421656934,0.32006853168052984,25,30,10
37,818,0.2736703695063485,0.11996901072553694,0.2862920888685907,0.3200685308995241,25,30,10
37,819,0.2736703695063485,0.12000048762342168,0.28626061197070607,0.3200685308995241,25,30,10
37,820,0.2736703695063485,0.1200004875031448,0.2862606120909831,0.3200685308995241,25,30,10
37,821,0.27367036997957345,0.12000048802230602,0.28626061109783474,0.32006853090028614,25,30,10
37,822,0.2670381709079889,0.12000049234348989,0.29289165211872137,0.3200696846298001,25,30,10
37,823,0.2670381709079889,0.12000049234348989,0.29289165215333884,0.32006968459518265,25,30,10
37,824,0.2670100649841987,0.12000049234349984,0.2929199837524206,0.32006945891988,25,30,10
37,825,0.2670100649841987,0.12000048567770101,0.2929199904182195,0.32006945891988,25,30,10
37,826,0.2670100649841987,0.12000048567770101,0.2929199904415876,0.3200694588965118,25,30,10
37,827,0.26701818063957816,0.12000075303270727,0.2929116074305071,0.3200694588972068,25,30,10
37,828,0.26701818063957816,0.12000075303270727,0.29291168991840916,0.3200693764093047,25,30,10
37,829,0.2731281406495403,0.12000075802057132,0.2868017240739446,0.3200693772559434,25,30,10
37,830,0.2731281406495403,0.12000075802057132,0.28680172408706467,0.3200693772428233,25,30,10
37,831,0.2731281406495403,0.12000075802057132,0.286801724561635,0.32006937676825303,25,30,10
37,832,0.2731281406495403,0.12000075484599275,0.28680172773621343,0.32006937676825303,25,30,10
37,833,0.2731281406495403,0.12000075484599275,0.28680168707511705,0.3200694174293496,25,30,10
37,834,0.23323747618977805,0.12000075484855309,0.3266923515607023,0.32006941740096695,25,30,10
37,835,0.22728264936553114,0.12000075933311274,0.332647153237476,0.3200694380638804,25,30,10
37,836,0.22728264606824714,0.12000075925596765,0.2988770040992168,0.35383959057656866,25,30,10
37,837,0.22728264606824714,0.12000075925596765,0.2988770056322686,0.35383958904351687,25,30,10
37,838,0.22728264606824714,0.12000075925596765,0.29887700420987584,0.3538395904659097,25,30,10
37,839,0.22728315015903253,0.12000075925570666,0.2988764999799168,0.35383959060534387,25,30,10
37,840,0.2272854726011085,0.1200007592555688,0.29887417796385934,0.3538395901794626,25,30,10
37,841,0.22690293918171797,0.12000075952704613,0.29925668624083696,0.3538396150503982,25,30,10
37,842,0.22690293918171797,0.12000075952704621,0.29925888337339235,0.35383741791784273,25,30,10
37,843,0.22732207642122262,0.12000075952678411,0.2988397461187753,0.35383741793321805,25,30,10
37,844,0.22732207642122262,0.12000020795181385,0.29884029769374554,0.35383741793321805,25,30,10
37,845,0.22732207642096774,0.12000045666668747,0.2988400489727234,0.35383741793962115,25,30,10
37,846,0.22732207642096774,0.12000045666648046,0.2926807782472315,0.35999668866532014,25,30,10
37,847,0.22732207642096774,0.12000045666648046,0.2926806962231726,0.3599967706893792,25,30,10
37,848,0.22732207642096774,0.12000021223850692,0.29268091947562663,0.3599967918648987,25,30,10
37,849,0.22732207642096774,0.12000021223850692,0.292683198570305,0.3599945127702203,25,30,10
37,850,0.22732207642096774,0.11994630882308906,0.2927371019857232,0.3599945127702203,25,30,10
37,851,0.22732209229109362,0.11994630885325082,0.2927370861516956,0.35999451270396016,25,30,10
37,852,0.22732211361675983,0.11994630885325358,0.2927372011489078,0.35999437638107784,25,30,10
37,853,0.22732159381635583,0.11994630882309198,0.29273772105262474,0.35999437630792647,25,30,10
37,854,0.22732159381635583,0.11994630882309198,0.29273772151668,0.3599943758438713,25,30,10
37,855,0.22732159381661035,0.11994630438031399,0.2927377259592214,0.35999437584385335,25,30,10
37,856,0.22146762926937327,0.11994629931863494,0.2985916964151003,0.35999437499689035,25,30,10
37,857,0.22138139509239543,0.1199465827326763,0.29860067151337,0.3600713506615571,25,30,10
37,858,0.22138139509239543,0.12000030527517579,0.2985469489708705,0.3600713506615571,25,30,10
37,859,0.22137330112001108,0.11999954040558093,0.2985558078135331,0.3600713506608735,25,30,10
37,860,0.22137430789943133,0.1200009172196469,0.29855330908448113,0.36007146579643906,25,30,10
37,861,0.20914449827321813,0.12000091737018295,0.3107831178466662,0.36007146650993116,25,30,10
37,862,0.20914352701659422,0.11999954003680034,0.3107855815730005,0.3600713513736034,25,30,10
37,863,0.20914352701659422,0.11999954003680034,0.31078558157362646,0.3600713513729775,25,30,10
37,864,0.20914352609158374,0.11999926285054772,0.3108628056160862,0.35999440544178113,25,30,10
37,865,0.20914352609158374,0.11999926285054772,0.31086280562512636,0.3599944054327409,25,30,10
37,866,0.20872388063282923,0.1199992628506812,0.311275676173924,0.3600011803425649,25,30,10
37,867,0.20872388063282923,0.11999926482082804,0.31127567420377705,0.3600011803425649,25,30,10
37,868,0.2087385011969516,0.1199992648212195,0.3112610535677341,0.36000118041409357,25,30,10
37,869,0.20873848530477243,0.1199992648212195,0.31126106941787424,0.3600011804561326,25,30,10
37,870,0.20873848530477243,0.11999945295861794,0.3112608812804758,0.3600011804561326,25,30,10
37,871,0.20873848530477243,0.11999945295861794,0.3112608806946203,0.36000118104198814,25,30,10
37,872,0.20873848531903832,0.12001388129283576,0.3112464523487754,0.36000118103934897,25,30,10
37,873,0.20873848531903832,0.12001442663631448,0.3112459070052967,0.36000118103934886,25,30,10
37,874,0.2087372519451966,0.12001442215311212,0.3112471448756914,0.360001181025999,25,30,10
37,875,0.1796868512938303,0.12001441784004585,0.34029858205446073,0.36000014881166026,25,30,10
37,876,0.1796868512938303,0.10125890800861677,0.3590540917175515,0.3600001489799985,25,30,10
37,877,0.1796868512938303,0.10125890800861677,0.3590540951633922,0.36000014553415766,25,30,10
37,878,0.1796868512938303,0.10125890800861677,0.3590540951631762,0.3600001455343735,25,30,10
37,879,0.17310875357011712,0.10125890781287568,0.3656316366417455,0.36000070197525824,25,30,10
37,880,0.1845541800228382,0.10125890767484239,0.3541862077018801,0.36000070460043604,25,30,10
37,881,0.18455418002313562,0.10125890767483779,0.3541862077015869,0.36000070460043604,25,30,10
37,882,0.18694501573374514,0.10125892183834007,0.33971376522378677,0.3720822972041241,25,30,10
37,883,0.18262799575513736,0.10125892185681284,0.3440309042623565,0.37208217812568956,25,30,10
37,884,0.18262800061197187,0.10125895091881641,0.3440308703045072,0.37208217816470074,25,30,10
37,885,0.18262800061197187,0.10125895091881641,0.34403086888255674,0.3720821795866513,25,30,10
37,886,0.18262769197742043,0.10125894795199417,0.3440311829590212,0.37208217711156044,25,30,10
37,887,0.16528574585980535,0.10125894794303791,0.36137308026549136,0.3720822259316619,25,30,10
37,888,0.16535611394959482,0.10125894795199158,0.36130271220953813,0.3720822258888724,25,30,10
37,889,0.16535627970810043,0.10125895235046682,0.3613025420459764,0.37208222589545364,25,30,10
37,890,0.16535627970810043,0.10125895235046682,0.36130254404438716,0.37208222389704276,25,30,10
37,891,0.1710674636797356,0.10125895235222443,0.3555913807204205,0.3720822032476163,25,30,10
37,892,0.1710674636797356,0.1012585614543873,0.35559177161825767,0.3720822032476163,25,30,10
37,893,0.1709971114581155,0.10125856145454794,0.35566212379698603,0.37208220329034736,25,30,10
37,894,0.1709971114581155,0.10125856145454794,0.35565984565136405,0.37208448143596956,25,30,10
37,895,0.17098249089396536,0.10125856231679936,0.3556744654235037,0.3720844813657282,25,30,10
37,896,0.17098249089396536,0.10125856231679936,0.3556744648376373,0.3720844819515943,25,30,10
37,897,0.17098308789020616,0.10125856230768232,0.35567386787184874,0.37208448193025945,25,30,10
37,898,0.17098308789020616,0.1012361577872355,0.35569627239229523,0.37208448193025945,25,30,10
37,899,0.17098308789020616,0.1012361577872355,0.35569627035883217,0.37208448396372257,25,30,10
37,900,0.17146844961353036,0.10123615803897162,0.35521090720533016,0.3720844851421646,25,30,10
37,901,0.17146844961353036,0.10123615803897155,0.3552086560594021,0.37208673628809275,25,30,10
37,902,0.17146844961353036,0.10123615803897155,0.3552063764782734,0.3720890158692211,25,30,10
37,903,0.17146844961353036,0.11955542526367555,0.33688710942190747,0.37208901570088293,25,30,10
37,904,0.17146844961353036,0.11955542526367555,0.33688710892241125,0.3720890162003792,25,30,10
37,905,0.1890920688910901,0.11955542561907291,0.31926354144817337,0.3720889640416625,25,30,10
37,906,0.1890920688910901,0.11955542561907291,0.31926357797406546,0.37208892751577033,25,30,10
37,907,0.1890920688910901,0.11955542561907291,0.3192635494886302,0.3720889560012056,25,30,10
37,908,0.1890920688910901,0.11955542562296471,0.3192635786976993,0.3720889267882448,25,30,10
37,909,0.18670119718237596,0.11955541145946241,0.29386566596074337,0.39987772539741706,25,30,10
37,910,0.18670119718237596,0.11955525224996681,0.29386582517023907,0.39987772539741706,25,30,10
37,911,0.19251535619587914,0.11955525224726316,0.2880516661520044,0.39987772540485234,25,30,10
37,912,0.19268754346800893,0.11955525233794213,0.2878794787818395,0.39987772541220834,25,30,10
37,913,0.19268735602550838,0.11955524799934705,0.28787967056953057,0.3998777254056137,25,30,10
37,914,0.1931762525113224,0.11955524764040325,0.2873907744421817,0.3998777254060925,25,30,10
37,915,0.18147758597514138,0.11955524764028923,0.2990894410083702,0.39987772537619937,25,30,10
37,916,0.18147758597514138,0.11955524764028923,0.29908943900073653,0.39987772738383315,25,30,10
37,917,0.18147758597514183,0.11955524150915842,0.2990894451318702,0.3998777273838299,25,30,10
37,918,0.18147758597514102,0.11955524150915835,0.2989598368444245,0.4000073356712763,25,30,10
37,919,0.15415423769118475,0.11955524143364953,0.32628376652316055,0.40000675435200583,25,30,10
37,920,0.15415423769118475,0.11955524143364953,0.3262837667505369,0.4000067541246296,25,30,10
37,921,0.15415423769118475,0.11955524143364953,0.32628379475053587,0.4000067261246304,25,30,10
37,922,0.1541542376912094,0.11957549354932158,0.32626354315682704,0.40000672560264255,25,30,10
37,923,0.1541542376912094,0.11959789790901254,0.32624113879713623,0.40000672560264255,25,30,10
37,924,0.19366818013505407,0.11959789765727645,0.2867271978048656,0.4000067244028045,25,30,10
37,925,0.19366818013505407,0.11959789765727645,0.28672723635156094,0.4000066858561089,25,30,10
37,926,0.187957786210171,0.11959789765705327,0.2924376302766865,0.40000668585608956,25,30,10
37,927,0.1612467024346256,0.11959789765706196,0.31914871405222345,0.40000668585608956,25,30,10
37,928,0.1612467024346256,0.11959844340829155,0.31914816830099385,0.40000668585608956,25,30,10
37,929,0.15089285790867493,0.11959844338593281,0.3295020128584934,0.4000066858468995,25,30,10
37,930,0.143186645835783,0.11959867765421306,0.3372079903193299,0.40000668619067475,25,30,10
37,931,0.143186645835783,0.11959867765421313,0.3372145965452431,0.4000000799647615,25,30,10
37,932,0.143186645835783,0.11959867765616732,0.33721459654328895,0.4000000799647615,25,30,10
37,933,0.143186645835783,0.11959867765616732,0.33721458505698865,0.4000000914510617,25,30,10
37,934,0.15088305745416103,0.11959844338788755,0.329518408043197,0.400000091114755,25,30,10
37,935,0.15088305745416103,0.11959844338788755,0.329518381568058,0.40000011758989407,25,30,10
37,936,0.15088305745416103,0.11959844338788748,0.3295117773591719,0.40000672179878033,25,30,10
37,937,0.15088305745413608,0.1195781911627604,0.32483392288429047,0.40470482849881373,25,30,10
37,938,0.1524755986671783,0.11957819030061195,0.3232413823991029,0.4047048286331077,25,30,10
37,939,0.11431336089518798,0.11957820350280784,0.3614036069569795,0.4047048286450248,25,30,10
37,940,0.11431336545965308,0.11957820436280059,0.36141037235933005,0.4046980578182162,25,30,10
37,941,0.11430992510417877,0.11957820436280063,0.3614138127153374,0.4046980578176833,25,30,10
37,942,0.1143099251041848,0.11959810385898101,0.36609035544129703,0.4000016155955376,25,30,10
37,943,0.1143099251041848,0.11959810385898101,0.36609035343657986,0.40000161760025477,25,30,10
37,944,0.15401300199561802,0.11959810299885129,0.326387281506155,0.4000016134993756,25,30,10
37,945,0.15401300199561802,0.11959810299885129,0.32638724151104875,0.40000165349448197,25,30,10
37,946,0.15401300198834447,0.11958367470356485,0.32636731678640146,0.40003600652168986,25,30,10
37,947,0.15401300198834447,0.11958367470356485,0.3263673167843774,0.4000360065237139,25,30,10
37,948,0.153744133592122,0.1197073568105488,0.32651232163309724,0.40003618796423285,25,30,10
37,949,0.153744133592122,0.11970722456092217,0.3265124538827239,0.40003618796423285,25,30,10
37,950,0.152152113832574,0.11970722456042768,0.32810447377832574,0.4000361878286735,25,30,10
37,951,0.15084026512184548,0.11958354686682275,0.3295401816167041,0.40003600639462905,25,30,10
37,952,0.14687996313888022,0.11958354703199527,0.3335004397080178,0.4000360501211081,25,30,10
37,953,0.14687996313888022,0.12001868925145386,0.3330652974885592,0.4000360501211081,25,30,10
37,954,0.14687996313888022,0.12001868925145386,0.3330652974885697,0.40003605012109744,25,30,10
37,955,0.14687996313888022,0.12001868925145386,0.33306529748502345,0.40003605012464377,25,30,10
37,956,0.14687996313888022,0.12001882824186218,0.3330651584946151,0.4000360501246436,25,30,10
37,957,0.14511508683909388,0.12001884188157341,0.3348300211360096,0.4000360501433238,25,30,10
37,958,0.14511508683909388,0.12001884188157341,0.33483010365896737,0.4000359676203659,25,30,10
37,959,0.14511508683909388,0.12001884188157341,0.3348301022468675,0.40003596903246574,25,30,10
37,960,0.14511508683908828,0.12001837356763818,0.33483060973255846,0.40003592986071623,25,30,10
37,961,0.1454746928252831,0.12001837340390516,0.3343998962280467,0.4001070375427656,25,30,10
37,962,0.1454746928252831,0.12001837340390516,0.3343998962282472,0.4001070375425651,25,30,10
37,963,0.14547358093265714,0.12001837381410976,0.33440100771066844,0.4001070375425654,25,30,10
37,964,0.14547358093265714,0.12001837381410976,0.3344010063551179,0.40010703889811594,25,30,10
37,965,0.14547358093265714,0.12001837381410976,0.3344010068194167,0.40010703843381706,25,30,10
37,966,0.1064713572330225,0.1200183738142713,0.3734032305181449,0.4001070384345617,25,30,10
37,967,0.1064713572330225,0.1200183738142713,0.37340323100759976,0.40010703794510677,25,30,10
37,968,0.10647135722679345,0.12001837385325657,0.37343639822716995,0.4000738706927801,25,30,10
37,969,0.10647135722679345,0.12001837385325657,0.37343639921064997,0.40007386970930015,25,30,10
37,970,0.10647135722578009,0.12001862685624459,0.37343735279144236,0.400072663126533,25,30,10
37,971,0.10647135722578009,0.12001862685624459,0.3734373534670938,0.40007266245088163,25,30,10
37,972,0.1064713484107157,0.12001862685624012,0.3734373622100409,0.4000726625230033,25,30,10
37,973,0.10647134841071124,0.12001837378440923,0.3474077696865968,0.4261025081182828,25,30,10
37,974,0.10659185596403754,0.12001837378132225,0.3472872621364943,0.42610250811814554,25,30,10
37,975,0.10659185596403754,0.12001837378132225,0.34728726143483607,0.42610250881980377,25,30,10
37,976,0.07708957229579377,0.12001837471309802,0.37678940824231333,0.426102644748794,25,30,10
37,977,0.07708957229579377,0.12001837471309802,0.37678946276586456,0.42610259022524277,25,30,10
37,978,0.04718286501983624,0.1200185575887787,0.40676713856971775,0.42603143882166733,25,30,10
37,979,0.04718286501983624,0.1200185575887787,0.4067671399256783,0.4260314374657068,25,30,10
37,980,0.04718286501983624,0.1200185575887787,0.40676713941286324,0.42603143797852183,25,30,10
37,981,0.04718286501983624,0.1200185575887787,0.4067671387116505,0.4260314386797346,25,30,10
37,982,0.04718286501983624,0.1200185575887787,0.4067671387351537,0.4260314386562314,25,30,10
37,983,0.047182865019835936,0.12001856203153624,0.40676713429239647,0.4260314386562314,25,30,10
37,984,0.047182865019835936,0.12001856203153624,0.40676713432763156,0.42603143862099635,25,30,10
37,985,0.047116524710100006,0.12001880738385891,0.4068321700873958,0.426032497818645,25,30,10
37,986,0.047116524710100006,0.12001880738385891,0.40683208760010836,0.4260325803059326,25,30,10
37,987,0.047116524710100006,0.12001880738385891,0.40683869383301646,0.42602597407302467,25,30,10
37,988,0.047116524710100006,0.12001880738385891,0.4068386938211443,0.42602597408489673,25,30,10
37,989,0.047116524710100006,0.12001880738385891,0.4068388077172775,0.42602586018876354,25,30,10
37,990,0.047116524710100006,0.12001880737478521,0.39313498812456904,0.4397296797905458,25,30,10
37,991,0.04711390762907982,0.12001856110028461,0.3931390466059293,0.4397284846647062,25,30,10
37,992,0.04613357163219736,0.12094403471949378,0.39319390814834904,0.4397284854999596,25,30,10
37,993,0.04613359239477405,0.12094400860626782,0.39276382444461944,0.44015857455433877,25,30,10
37,994,0.046201886020353945,0.12094400859833206,0.3931256198812663,0.439728485500048,25,30,10
37,995,0.046201886020353945,0.1209440087193931,0.3931256197602051,0.439728485500048,25,30,10
37,996,0.046201886020353945,0.1209440087193931,0.3931322259415757,0.4397218793186773,25,30,10
37,997,0.046201886020353945,0.1209440087193931,0.3931322259289751,0.43972187933127777,25,30,10
37,998,0.046201886020353945,0.1209440087193931,0.3931323418104703,0.43972176344978264,25,30,10
37,999,0.04613888806162656,0.12094398187751955,0.3930039040464333,0.43991322601442057,25,30,10
37,1000,0.04613884127760105,0.12094397972426549,0.39300395299012797,0.4399132260080044,25,30,10
37,1001,0.04613884127760105,0.12094397972426549,0.39299734677330017,0.4399198322248323,25,30,10
37,1002,0.04613884127760105,0.12094397972426549,0.3929973467984593,0.439919832199673,25,30,10
37,1003,0.04613884127760105,0.12094397972426549,0.3929973468089596,0.43991983218917285,25,30,10
37,1004,0.04613884184228341,0.12001850696579734,0.3939228197667342,0.4399198314251839,25,30,10
37,1005,0.04768878436156888,0.12001855195591475,0.3923728248055071,0.43991983887700864,25,30,10
37,1006,0.04768878436156888,0.12001855195591475,0.3923728248057989,0.4399198388767169,25,30,10
37,1007,0.04768877400803805,0.12001855195588072,0.3924681053403264,0.4398245686957539,25,30,10
37,1008,0.04768877400803805,0.12001855195588501,0.3924728109505889,0.4398198630854872,25,30,10
37,1009,0.04768877400803805,0.12001855195588501,0.3924728115007756,0.43981986253530025,25,30,10
37,1010,0.04768877400803805,0.12001855195588501,0.3924728115007789,0.43981986253529715,25,30,10
37,1011,0.04768877400803805,0.12001855195588501,0.3924726960831338,0.43981997795294203,25,30,10
37,1012,0.04768877400803805,0.12001867295287717,0.3924725750829108,0.43981997795617345,25,30,10
37,1013,0.047688774008037525,0.11999924177060327,0.3924004568645331,0.4399115273568268,25,30,10
37,1014,0.04768877400803753,0.11999259768848221,0.3924071009466525,0.43991152735682854,25,30,10
37,1015,0.047688774008012996,0.11999259768848221,0.39250156827024524,0.4398170600332606,25,30,10
37,1016,0.047688774008017375,0.11999296829983105,0.3925011976621234,0.4398170600300292,25,30,10
37,1017,0.047688773389527254,0.11999296743892841,0.39250119921352516,0.4398170599580197,25,30,10
37,1018,0.0476887745508862,0.11999296743892841,0.3925029231411837,0.43981533486900226,25,30,10
37,1019,0.0476887745508862,0.11999296759959664,0.3925029229805155,0.43981533486900226,25,30,10
37,1020,0.0476887745508862,0.11999296759959664,0.39250292295512346,0.4398153348943941,25,30,10
37,1021,0.0476887745508862,0.11999297095234424,0.39250291960227995,0.43981533489448993,25,30,10
37,1022,0.046163176824927536,0.1199929663553418,0.3940283334896073,0.43981552333012375,25,30,10
37,1023,0.04692847898106769,0.12104007567736583,0.392215921081732,0.4398155242598356,25,30,10
37,1024,0.04692847898106769,0.12104007567736583,0.392215921082159,0.43981552425940856,25,30,10
37,1025,0.04692847898106349,0.12141512634308416,0.39184087041639243,0.43981552425946085,25,30,10
37,1026,0.04692847898106349,0.12141512634308416,0.39184079070850475,0.4398156039673485,25,30,10
37,1027,0.04692847962329036,0.12141512634309348,0.3918407900662452,0.4398156039673718,25,30,10
37,1028,0.04692847962329036,0.12141512634309348,0.39184079010129724,0.4398156039323198,25,30,10
37,1029,0.04692847962329036,0.12141200625945953,0.39184391018502873,0.43981560393222224,25,30,10
37,1030,0.046162202218228865,0.12038515555131203,0.39363703922794707,0.43981560300251316,25,30,10
37,1031,0.04613734462589564,0.12038511515820159,0.39366213317301474,0.43981540704288896,25,30,10
37,1032,0.04613734462589564,0.12038511515820159,0.3936644099513837,0.43981313026452,25,30,10
37,1033,0.04613734462589564,0.12038511515820159,0.3936644113741788,0.4398131288417248,25,30,10
37,1034,0.04613734462589564,0.1203849789785095,0.3936645475538692,0.4398131288417265,25,30,10
37,1035,0.04613734462589564,0.1203848527947438,0.39366467373763475,0.4398131288417265,25,30,10
37,1036,0.04613734462589564,0.1203848527947438,0.3936646737495069,0.4398131288298544,25,30,10
37,1037,0.04613734459688323,0.12038497719093912,0.39366454938238116,0.43981312882979723,25,30,10
37,1038,0.04613734459688323,0.12038497719093912,0.3936622702884712,0.43981540792370716,25,30,10
37,1039,0.04613734459688323,0.12038497719093905,0.3933959358692329,0.4400817423429455,25,30,10
37,1040,0.035817468296478874,0.12038498095101843,0.403714786259134,0.4400827644933695,25,30,10
37,1041,0.03581746829648749,0.1204130964324534,0.4036866603856168,0.4400827748854433,25,30,10
37,1042,0.029707376597529613,0.12042112189585773,0.40978871478853124,0.44008278671808226,25,30,10
37,1043,0.029707376597529613,0.12042111499470419,0.40978872168968467,0.44008278671808226,25,30,10
37,1044,0.03540715208343152,0.12042111499469886,0.40408894268570633,0.44008279023616376,25,30,10
37,1045,0.03540715208343152,0.12042111499469886,0.40408894267339657,0.4400827902484735,25,30,10
37,1046,0.03540715208343152,0.12042111499469886,0.4040889433833943,0.4400827895384758,25,30,10
37,1047,0.045729314035411764,0.12042111123459161,0.39376780734194305,0.44008176738805393,25,30,10
37,1048,0.04566161817441016,0.12042111123398297,0.39383550320429594,0.4400817673873111,25,30,10
37,1049,0.0076831431932130965,0.1204211114828103,0.43181391258713736,0.44008183273683943,25,30,10
37,1050,0.0076831431932130965,0.120421111482806,0.43181148653415996,0.44008425878982116,25,30,10
37,1051,0.0076831431932130965,0.120421111482806,0.4318114858497417,0.44008425947423935,25,30,10
37,1052,0.0076831431932130965,0.120421111482806,0.4318114860162158,0.4400842593077654,25,30,10
37,1053,0.007683143193213535,0.120421111482806,0.43180825486223506,0.4400874904617458,25,30,10
37,1054,0.007683143193213535,0.120421111482806,0.43180829340953364,0.44008745191444715,25,30,10
37,1055,0.007683143193213535,0.120421111482806,0.43180825347490215,0.4400874918490787,25,30,10
37,1056,0.007683143193213535,0.120421111482806,0.4318059739425738,0.4400897713814069,25,30,10
37,1057,0.02831917540610991,0.1204211116672195,0.4111670374425166,0.4400926754841546,25,30,10
37,1058,0.028319175407263635,0.1204008527345643,0.4111872959456217,0.44009267591255125,25,30,10
37,1059,0.028319175407263635,0.1204008527345643,0.4111872959456321,0.4400926759125408,25,30,10
37,1060,0.028319175407263635,0.1204008527345643,0.4111874098385347,0.4400925620196383,25,30,10
37,1061,0.02831917540608475,0.12042111075307012,0.41116715224960715,0.4400925615912387,25,30,10
37,1062,0.02831917540608431,0.12042111075402129,0.41121570117757317,0.4400440126623223,25,30,10
37,1063,0.02831917540608431,0.12042111075402129,0.4112155852960695,0.44004412854382574,25,30,10
37,1064,0.02831917540608431,0.12042111075402129,0.4112154700718002,0.44004424376809503,25,30,10
37,1065,0.0283191754062974,0.12042098785978807,0.41121559296582144,0.44004424376809403,25,30,10
37,1066,0.0283191754062974,0.1204211234403145,0.41121545738529497,0.44004424376809403,25,30,10
37,1067,0.0283191754062974,0.12043173230429728,0.411204848521314,0.4400442437680923,25,30,10
37,1068,0.0283191754062974,0.12043173230429728,0.41120484895977527,0.44004424332963105,25,30,10
37,1069,0.0283191754062974,0.12043173230429728,0.41119827119103697,0.4400508210983693,25,30,10
37,1070,0.0283191754062974,0.12043173230429728,0.4111982706915523,0.44005082159785425,25,30,10
37,1071,0.028319175406297404,0.12043173230337978,0.41124612710233366,0.4400029651879901,25,30,10
37,1072,0.028319175406297404,0.12043173230337978,0.411246127137354,0.4400029651529699,25,30,10
37,1073,0.028319175406297404,0.12043173230337978,0.41125270490609217,0.4399963873842315,25,30,10
37,1074,0.028319175406297404,0.12043173230337978,0.41125270489440785,0.43999638739591584,25,30,10
37,1075,0.028319175406297404,0.12043173230337978,0.4112527324186269,0.4399963598716968,25,30,10
37,1076,0.028319175406297404,0.12043173230337978,0.4112527069280513,0.4399963853622723,25,30,10
37,1077,0.028319175406297404,0.12043173230337978,0.41125270648959,0.4399963858007336,25,30,10
37,1078,0.026422116212645515,0.12043174119710026,0.4131473375863606,0.4399988050038937,25,30,10
37,1079,0.026422116212645515,0.12043174119710026,0.4131473395843279,0.4399988030059264,25,30,10
37,1080,0.026422116212645515,0.12043174119710026,0.4132365664388919,0.43990957615136217,25,30,10
37,1081,0.026422116212645515,0.12043174119710026,0.4132365942099075,0.43990954838034646,25,30,10
37,1082,0.026422116212645515,0.12043174119712345,0.4132365942098823,0.4399095483803485,25,30,10
37,1083,0.026421801060169746,0.12043174169873777,0.4132369064691867,0.43990955077190574,25,30,10
37,1084,0.026421801060169746,0.12043174169873777,0.4132369064341345,0.4399095508069578,25,30,10
37,1085,0.026421801111202858,0.12044443458632495,0.4097747721784977,0.44335899212397395,25,30,10
37,1086,0.026421801111202858,0.12044443458632495,0.4097747741762882,0.4433589901261834,25,30,10
37,1087,0.026421801111202858,0.12044443747085047,0.40722785457484223,0.44590590684310416,25,30,10
37,1088,0.026421801060169746,0.12043174450532082,0.40882056910337305,0.44432588533113615,25,30,10
37,1089,0.026421801060169746,0.12043173514739536,0.40882057846129854,0.44432588533113615,25,30,10
37,1090,0.026421801060161246,0.12004191379555822,0.40914442054364364,0.4443918646006364,25,30,10
37,1091,0.026421801060161246,0.12004191379555822,0.4091443920957365,0.44439189304854354,25,30,10
37,1092,0.026421801060161246,0.12004191379555822,0.40914439207096515,0.4443918930733147,25,30,10
37,1093,0.026421801060161246,0.12004191379555822,0.409144392045563,0.44439189309871696,25,30,10
37,1094,0.053668806398099865,0.12004191806346977,0.38189736597240226,0.4443919095660274,25,30,10
37,1095,0.053668806398099865,0.12004191806346977,0.38189736741993585,0.44439190811849394,25,30,10
37,1096,0.053668806398099865,0.12004191806346977,0.38189736878760044,0.4443919067508293,25,30,10
37,1097,0.053668806398099865,0.1200102601815134,0.38192902666955514,0.44439190675083096,25,30,10
37,1098,0.053668806398099865,0.1200102601815134,0.38192902522239597,0.44439190819799007,25,30,10
37,1099,0.05366873060811976,0.12001025103896562,0.3819315947076014,0.4443894236453124,25,30,10
37,1100,0.05366873060811976,0.12001025103896562,0.38193159474330396,0.4443894236096099,25,30,10
37,1101,0.05366873060811976,0.12001025103896562,0.3819316347115079,0.44438938364140607,25,30,10
37,1102,0.05366873060812007,0.12001025103896543,0.3837998684118308,0.442521149941083,25,30,10
37,1103,0.05373795253449878,0.12001025104777797,0.3837306464766268,0.4425211499410956,25,30,10
37,1104,0.05375032544236484,0.11999028464741138,0.38373823996162215,0.44252114994860103,25,30,10
37,1105,0.05375032544236484,0.11999028464741138,0.38373819995776204,0.44252118995246115,25,30,10
37,1106,0.05375032544236484,0.11999028464741138,0.38373828179200536,0.4425211081182179,25,30,10
37,1107,0.05375032544236484,0.11999028464741138,0.3837382817924786,0.4425211081177446,25,30,10
37,1108,0.053750325442389855,0.11999028176285273,0.3861887743629416,0.44007061843181505,25,30,10
37,1109,0.060803445506317305,0.11999027749493718,0.3791356785523453,0.4400705984463997,25,30,10
37,1110,0.06080344550629228,0.11999062704737844,0.3792317273148694,0.43997420013145944,25,30,10
37,1111,0.060803445506643176,0.1200101767145714,0.3792105424306139,0.439975835348171,25,30,10
37,1112,0.06071785446062861,0.1205667134212314,0.3787395940684227,0.43997583804971746,25,30,10
37,1113,0.06071785446062861,0.12056671998522733,0.3787395875044268,0.43997583804971746,25,30,10
37,1114,0.06071785329927023,0.12056671998522793,0.37864321195978745,0.4400722147557149,25,30,10
37,1115,0.06071785329927023,0.12056671998522793,0.37864321274123186,0.4400722139742706,25,30,10
37,1116,0.04008233402105785,0.12056671980080978,0.39928163630660995,0.44006930987152254,25,30,10
37,1117,0.04170775872472804,0.12056671980081432,0.3976562116029345,0.4400693098715233,25,30,10
37,1118,0.04170745534857803,0.12056671929919861,0.3976565178722637,0.44006930747995965,25,30,10
37,1119,0.04170745534857803,0.12056671929919861,0.3976499136634715,0.4400759116887516,25,30,10
37,1120,0.04170745534822713,0.12054682008148458,0.39767147732713304,0.44007424724315547,25,30,10
37,1121,0.041707455348052855,0.11998208138233452,0.398236230565596,0.4400742327040171,25,30,10
37,1122,0.041707455348052855,0.11995911458597636,0.39825919736195425,0.4400742327040171,25,30,10
37,1123,0.041707455348052855,0.11995911458597636,0.4045087799332632,0.43382465013270755,25,30,10
37,1124,0.041707455348052855,0.11995911458597636,0.39825920017635674,0.4400742298896146,25,30,10
37,1125,0.041707455348052855,0.11995911458597636,0.3982592001767967,0.4400742298891745,25,30,10
37,1126,0.041707455348052855,0.11995911458597636,0.39825919880948585,0.4400742312564853,25,30,10
37,1127,0.04170745534805296,0.1199591145840556,0.3982575034639889,0.4400759266039029,25,30,10
37,1128,0.04170745534805296,0.1199591145840556,0.3982575034646038,0.44007592660328804,25,30,10
37,1129,0.04170745534805296,0.11995911458405567,0.3982575581830109,0.4400758718848809,25,30,10
37,1130,0.04170745534805296,0.11995911458405559,0.39825750065016563,0.4400759294177262,25,30,10
37,1131,0.04170745534805296,0.11995930503297496,0.39825731020124794,0.4400759294177245,25,30,10
37,1132,0.04170745534805296,0.11995930503297496,0.3982573927243841,0.4400758468945883,25,30,10
37,1133,0.04170745534805296,0.11995930503297496,0.3981681643711944,0.44016507524777815,25,30,10
37,1134,0.04170745534805296,0.11995930503297496,0.3981681658931964,0.44016507372577623,25,30,10
37,1135,0.04170745534805274,0.11995930503297536,0.3981681510960699,0.4401650885229017,25,30,10
37,1136,0.04170745534805274,0.11995930503297536,0.3981681524628721,0.44016508715609953,25,30,10
37,1137,0.04170867416775481,0.11996585080272591,0.3981603878704613,0.44016508715905767,25,30,10
37,1138,0.04170867416775481,0.11996585080272591,0.39816038585743824,0.4401650891720807,25,30,10
37,1139,0.04170867416775481,0.11996585080272591,0.39816038440984153,0.4401650906196775,25,30,10
37,1140,0.04170867416775481,0.11996585080272591,0.3981603844350361,0.4401650905944829,25,30,10
37,1141,0.04170867416775481,0.11996585080272591,0.39816038447009205,0.4401650905594268,25,30,10
37,1142,0.04170867416775481,0.11996585080272591,0.3981603845147464,0.4401650905147725,25,30,10
37,1143,0.04170867416775471,0.11996585080272652,0.3981603841259657,0.44016509090355266,25,30,10
37,1144,0.04170867416775471,0.11998881765018626,0.39813741727850593,0.44016509090355266,25,30,10
37,1145,0.04163073475664854,0.11998881765018626,0.39821535668960967,0.440165090903555,25,30,10
37,1146,0.04163073475664854,0.11998881765018626,0.3982154711594078,0.44016497643375685,25,30,10
37,1147,0.04163073475664824,0.11997497672580466,0.3964258811745493,0.44196840734299786,25,30,10
37,1148,0.04163073475664824,0.11997497672580466,0.39642588115393207,0.4419684073636151,25,30,10
37,1149,0.041618361848782606,0.11999529189802047,0.3964179388970873,0.44196840735610976,25,30,10
37,1150,0.041618361848782606,0.1199952918980207,0.39828733828613344,0.44009900796706325,25,30,10
37,1151,0.041618361848782606,0.1199952918980207,0.3982873383216306,0.44009900793156603,25,30,10
37,1152,0.041618361848782606,0.1199952918980207,0.39828722310612663,0.4400991231470701,25,30,10
37,1153,0.041618361848782384,0.11999528867124518,0.398287226332902,0.4400991231470701,25,30,10
37,1154,0.04154911858875265,0.1199952886624326,0.39835646960176985,0.4400991231470445,25,30,10
37,1155,0.04154911858875265,0.11999529310520905,0.39835648633429455,0.44009910197174335,25,30,10
37,1156,0.04154911858875265,0.11999458123319336,0.39835719820631027,0.44009910197174335,25,30,10
37,1157,0.04154911858875221,0.11997432984646478,0.39837744959303917,0.44009910197174335,25,30,10
37,1158,0.041549118588752314,0.1199743298464642,0.3983774202636856,0.44009913130109746,25,30,10
37,1159,0.04154911858875177,0.11997432984646358,0.39847210058788207,0.4400044509769019,25,30,10
37,1160,0.04154911858875177,0.11997432984646358,0.3984720567360436,0.44000449482874054,25,30,10
37,1161,0.04154911858875177,0.11995302090327094,0.3984933656792343,0.44000449482874227,25,30,10
37,1162,0.041549123234498796,0.11995302725228217,0.39849335468447067,0.44000449482874765,25,30,10
37,1163,0.0415491232344988,0.11995302280950533,0.39842584193407454,0.44007201202192064,25,30,10
37,1164,0.030746824056045487,0.11996521774916866,0.40921494280838105,0.4400730153864043,25,30,10
37,1165,0.030746824056045487,0.11996521774916866,0.40921498077859264,0.44007297741619267,25,30,10
37,1166,0.030746824056045487,0.11996521774916866,0.4092150953390767,0.4400728628557086,25,30,10
37,1167,0.030746824056045487,0.1199874865245679,0.4091928265636791,0.4400728628557069,25,30,10
37,1168,0.030746824056045487,0.1199874865245679,0.4091928258974832,0.44007286352190284,25,30,10
37,1169,0.030746824056045487,0.11998707931420803,0.40919323310784306,0.4400728635219027,25,30,10
37,1170,0.030746824056045487,0.11998707931420803,0.40919323310804445,0.4400728635217015,25,30,10
37,1171,0.02912088641773901,0.11998707931420823,0.41081917074635166,0.4400728635217008,25,30,10
37,1172,0.02912088641773947,0.11998708368037724,0.4108866627633125,0.44000536713857025,25,30,10
37,1173,0.029120886417739255,0.1199872583885253,0.41088648805516464,0.44000536713857025,25,30,10
37,1174,0.0019149311604320033,0.11997506344893955,0.43810564043497185,0.44000436495565615,25,30,10
37,1175,0.0019149311604320033,0.11997506344893955,0.43810560187888986,0.44000440351173814,25,30,10
37,1176,0.0019149311604320033,0.11997506344893955,0.4381056032656043,0.4400044021250238,25,30,10
37,1177,0.0019149311604320033,0.11997506344893955,0.4381056039416065,0.44000440144902137,25,30,10
37,1178,0.0019149311604320033,0.11997506344893955,0.4381056019283946,0.4400044034622334,25,30,10
37,1179,0.0019149311604320033,0.11997506344893955,0.43810560337552695,0.44000440201510105,25,30,10
37,1180,0.0019149311604320033,0.11997506344893955,0.43810560478701616,0.4400044006036118,25,30,10
37,1181,0.0019228736718270654,0.11996851404997042,0.43810421136069017,0.44000440091751175,25,30,10
37,1182,0.0019228736718275355,0.11996833716390391,0.43810438824675624,0.44000440091751175,25,30,10
37,1183,0.0019228736718275355,0.11996833716390391,0.4381043555203636,0.4400044336439044,25,30,10
37,1184,0.0019228736718275355,0.11999942084937917,0.4380732718348886,0.4400044336439044,25,30,10
37,1185,0.0019228736718275355,0.11999942084937917,0.43807327041271044,0.44000443506608256,25,30,10
37,1186,9.166070788927807e-06,0.11999942084930701,0.4399869791946429,0.44000443388526106,25,30,10
37,1187,9.166070788927807e-06,0.11999942084930709,0.4399870955507819,0.440004317529122,25,30,10
37,1188,9.166453272593206e-06,0.11999942084931263,0.4399870950827338,0.44000431761468095,25,30,10
37,1189,9.166453276596772e-06,0.11999941648314401,0.43998712025894093,0.44000429680463815,25,30,10
37,1190,9.166491863375023e-06,0.12000849287834453,0.4399780438250788,0.4400042968047129,25,30,10
37,1191,9.166492220800746e-06,0.1200084928783445,0.4399797386240865,0.4400026020053475,25,30,10
37,1192,9.166520979939163e-06,0.12000849291698641,0.4399791401650149,0.4400032003970181,25,30,10
37,1193,9.166520979939163e-06,0.12000865216503172,0.4399789809169697,0.4400032003970181,25,30,10
37,1194,5.18966733213893e-09,0.12000865218530757,0.439988142179769,0.4400032004452554,25,30,10
37,1195,5.189667332139005e-09,0.12000865218530757,0.4399881422004215,0.440003200424603,25,30,10
37,1196,5.189667332139005e-09,0.12000865218530757,0.4399881442342777,0.44000319839074675,25,30,10
37,1197,5.189667332139005e-09,0.12000865218530757,0.439988143568133,0.44000319905689145,25,30,10
37,1198,5.1914542936294636e-09,0.12000865124196729,0.43998814450968604,0.44000319905689145,25,30,10
37,1199,5.1914542936294636e-09,0.1200086349346723,0.4399881608169807,0.44000319905689156,25,30,10
37,1200,5.1914542936294636e-09,0.1200086349346723,0.4399881067547696,0.4400032531191027,25,30,10
37,1201,2.680361888483916e-08,0.12000863493482433,0.4399880851432036,0.4400032531183522,25,30,10
37,1202,2.680361888482191e-08,0.12000863493482433,0.43998804647086126,0.4400032917906947,25,30,10
37,1203,2.6884503256313757e-08,0.12000863493482435,0.43998804713383644,0.4400032910468353,25,30,10
37,1204,2.6803261765548413e-08,0.1200086350403511,0.43989490194165554,0.4400964362147308,25,30,10
37,1205,2.6803261765548416e-08,0.1200086350403511,0.4398949026083014,0.44009643554808503,25,30,10
37,1206,2.6803261765548416e-08,0.1200086350403511,0.4398949141297029,0.44009642402668353,25,30,10
37,1207,2.6803261765548416e-08,0.1200086350403511,0.4398949136560201,0.4400964245003663,25,30,10
37,1208,2.6803261765548714e-08,0.12000863504035539,0.4398971109979336,0.44009422715844854,25,30,10
37,1209,2.6803261765548714e-08,0.12000863504035539,0.4398971509931674,0.44009418716321475,25,30,10
37,1210,2.680326606192258e-08,0.12000863504035537,0.43983085483624734,0.4401604833201306,25,30,10
37,1211,2.676472946088402e-08,0.1199992093901918,0.4398402805250224,0.4401604833200558,25,30,10
37,1212,2.6764729460901273e-08,0.11999920939019174,0.43984178810700214,0.440158975738076,25,30,10
37,1213,2.676472945281137e-08,0.1199994623959742,0.43984153546631516,0.44015897537298054,25,30,10
37,1214,2.6764729452794116e-08,0.1199994623959742,0.4398399139835169,0.4401605968557788,25,30,10
37,1215,4.817698200268327e-08,0.11999946239596873,0.43983989261405015,0.4401605968129988,25,30,10
37,1216,4.817698200268327e-08,0.11999946239596873,0.4398399196395682,0.44016056978748075,25,30,10
37,1217,4.817698200268327e-08,0.11999946239596873,0.4398399196046696,0.4401605698223793,25,30,10
37,1218,4.817698200268327e-08,0.11999946239596873,0.43984652382348216,0.4401539656035666,25,30,10
37,1219,4.817698200268327e-08,0.11999946239596873,0.43985096619395136,0.4401495232330976,25,30,10
37,1220,2.6802499716056115e-08,0.11999948814119817,0.4398509618275526,0.44014952322874895,25,30,10
37,1221,2.6802499751531747e-08,0.14124270010706086,0.4186077496933598,0.4401495233970792,25,30,10
37,1222,7.4033107266788495e-09,0.1412829585175893,0.4183755698242181,0.4403414642548813,25,30,10
37,1223,5.477472247715777e-09,0.14124270010690346,0.4186077710177943,0.4401495233978294,25,30,10
37,1224,5.477472230261499e-09,0.13078441665139187,0.429066054641636,0.4401495232294993,25,30,10
37,1225,5.477472230261498e-09,0.13078441665139187,0.4290660536930872,0.44014952417804815,25,30,10
37,1226,5.477472230261498e-09,0.13078441665139187,0.42906605225408057,0.4401495256170547,25,30,10
37,1227,5.479822633135494e-09,0.1307867630613505,0.4290637058417531,0.4401495256170736,25,30,10
37,1228,5.47981825339203e-09,0.1307867630613501,0.429063663132931,0.4401495683259003,25,30,10
37,1229,5.47981825339203e-09,0.1307867630613501,0.4290637017869641,0.4401495296718672,25,30,10
37,1230,0.0007196632683472543,0.13085460903363985,0.4282705248781975,0.4401552028198152,25,30,10
37,1231,0.0007196632683719207,0.1308546151686537,0.4283636934425391,0.44006202812043504,25,30,10
37,1232,0.0007196632683719207,0.13085500170733802,0.4283633069038546,0.44006202812043504,25,30,10
37,1233,0.0007196632683719207,0.13085500170733802,0.42836339434878695,0.4400619406755025,25,30,10
37,1234,0.0007196632683719207,0.13085500170733375,0.42836111522794446,0.4400642197963495,25,30,10
37,1235,0.0007196632683719207,0.11541715918594875,0.4437989577493295,0.4400642197963495,25,30,10
37,1236,0.00071966326834683,0.11541715305489189,0.4437989633584236,0.44006422031833736,25,30,10
37,1237,0.00071966326834683,0.11541715305489189,0.4437923591746287,0.4400708245021321,25,30,10
37,1238,0.00071966326834683,0.11541715983849864,0.443792352391022,0.4400708245021321,25,30,10
37,1239,0.00071966326834683,0.11541715983849864,0.4437923498998226,0.4400708269933316,25,30,10
37,1240,0.0007196632683619838,0.14377588266975289,0.4154336270685514,0.44007082699333333,25,30,10
37,1241,0.0007196632683619838,0.14377588266975289,0.4154336255110595,0.44007082855082524,25,30,10
37,1242,0.0007196632683619838,0.14377588266975289,0.4154312609200035,0.44007319314188126,25,30,10
37,1243,0.0007196632683619838,0.14377588266975289,0.4154312209253534,0.4400732331365314,25,30,10
37,1244,0.0007196632683619838,0.14377588266975289,0.415431222902264,0.4400732311596208,25,30,10
37,1245,0.0007196632683619838,0.14377588266975289,0.41543118950760033,0.4400732645542845,25,30,10
37,1246,0.0007196632683619838,0.14377588266975289,0.41543114954817556,0.4400733045137094,25,30,10
37,1247,0.0007196632683619838,0.14377588266975289,0.415435770325995,0.4400686837358899,25,30,10
37,1248,0.0007196632683468119,0.14463197816401355,0.41457967483175123,0.44006868373588826,25,30,10
37,1249,0.0007196633483796069,0.14463232749750277,0.41457932541822834,0.4400686837358883,25,30,10
37,1250,0.0007196632686539073,0.14463232736925138,0.4145793256168942,0.44006868374519953,25,30,10
37,1251,0.0007196632682970748,0.14463197192587424,0.41457968106993953,0.44006868373588826,25,30,10
37,1252,0.0007196632682970748,0.14463197192587424,0.41457976357673126,0.4400686012290967,25,30,10
37,1253,0.0007196632682970748,0.14463197192587424,0.41457976309051586,0.4400686017153121,25,30,10
37,1254,0.0007196632682970748,0.14463197192587424,0.41457976164292226,0.4400686031629057,25,30,10
37,1255,0.0007196632395611551,0.1446319718951533,0.4145802373580092,0.44006812750727503,25,30,10
37,1256,0.0007196632395611551,0.1446319718951533,0.41458023735778576,0.4400681275074985,25,30,10
37,1257,0.0007196641934005376,0.14463197189518098,0.414580540248919,0.4400678236624985,25,30,10
37,1258,0.0007196641934005376,0.14463157510757302,0.414580937036527,0.4400678236624985,25,30,10
37,1259,0.0007196641934002075,0.1446315752151022,0.41458093692883774,0.4400678236626592,25,30,10
37,1260,0.0007196641934002075,0.1446315752151022,0.41458093694789044,0.44006782364360647,25,30,10
37,1261,0.0007196641934002075,0.1446315752151022,0.4145810194468448,0.4400677411446521,25,30,10
37,1262,0.0007548943454056107,0.14463157521510492,0.41454578927384156,0.44006774116564734,25,30,10
37,1263,0.0007548943454056107,0.14463157521510492,0.41454578927409585,0.440067741165393,25,30,10
37,1264,0.0007548943454056107,0.14463157521510492,0.4145457892828562,0.4400677411566326,25,30,10
37,1265,0.002353322330046646,0.14462922963313055,0.4129497068789946,0.4400677411578283,25,30,10
37,1266,0.002353322331064711,0.14462922963313096,0.41301959006319855,0.43999785797260565,25,30,10
37,1267,0.002353322331064711,0.14462922963313096,0.41301514752575563,0.4400023005100486,25,30,10
37,1268,0.002353322331064711,0.14462962295833667,0.4130147542005498,0.4400023005100486,25,30,10
37,1269,0.002353322331064711,0.14462962295833667,0.41301467171249173,0.44000238299810657,25,30,10
37,1270,0.0023533176852009122,0.1446299723165214,0.41301432700017626,0.44000238299810085,25,30,10
37,1271,0.0023533176856558712,0.14462997239301598,0.4129479714711962,0.44006873845013145,25,30,10
37,1272,0.00235331768565813,0.1695078925547169,0.38807005130965316,0.44006873844997185,25,30,10
37,1273,0.00235331768565813,0.1695078925547169,0.3880700507920073,0.4400687389676177,25,30,10
37,1274,0.0007551223314269826,0.1695791265362228,0.38959701216538223,0.4400687389669679,25,30,10
37,1275,0.0007551223314269826,0.1695791265362228,0.3895970121332583,0.4400687389990919,25,30,10
37,1276,0.0007840937722991459,0.16950789258875001,0.3896392746391583,0.4400687389997924,25,30,10
37,1277,0.0007840937722967769,0.18460840447193244,0.37453876275042175,0.44006873900534893,25,30,10
37,1278,0.000754893938444244,0.1846084036099145,0.3745678566930698,0.44006884575857136,25,30,10
37,1279,0.000754893938444244,0.1846084036099145,0.3745678566492822,0.44006884580235905,25,30,10
37,1280,0.0007555148538013247,0.18460837786468504,0.37456726151720315,0.44006884576431027,25,30,10
37,1281,0.0007555148523283792,0.1846083778661275,0.37463243124395235,0.44000367603759183,25,30,10
37,1282,0.0007555148523283792,0.1846083778661275,0.37463243126890655,0.44000367601263773,25,30,10
37,1283,0.0007555148523283792,0.18460837786612758,0.37472464529523036,0.4399114619863138,25,30,10
37,1284,0.0038825085014826525,0.18468419316249451,0.3715156041290193,0.43991769420700366,25,30,10
37,1285,0.003882507547646106,0.18468419316246684,0.336039656687102,0.4753936426027856,25,30,10
37,1286,0.003882507547646106,0.18468419316246684,0.33603498189450187,0.47539831739538585,25,30,10
37,1287,0.003882507547646106,0.18468419316246684,0.3360349533863446,0.47539834590354313,25,30,10
37,1288,0.003882507629155233,0.18468383745530517,0.33603530901199713,0.47539834590354313,25,30,10
37,1289,0.003882507629155233,0.18467391846791797,0.33604522800494174,0.47539834589798546,25,30,10
37,1290,0.003882507629155233,0.18467391846791797,0.3360468508938707,0.4753967230090565,25,30,10
37,1291,0.003882507629155233,0.18467391846791797,0.33604685089434283,0.47539672300858427,25,30,10
37,1292,0.003882507629155233,0.18467391846791797,0.33604685089415864,0.4753967230087685,25,30,10
37,1293,0.043283865162847907,0.18467391847408934,0.2966455045058065,0.4753967118572554,25,30,10
37,1294,0.043283865162847907,0.1846743149266881,0.2966451080532078,0.4753967118572554,25,30,10
37,1295,0.043283865162845075,0.1846743149266881,0.29212244903064183,0.47991937087982434,25,30,10
37,1296,0.043283865162845075,0.18467431482199484,0.2921224491353351,0.47991937087982434,25,30,10
37,1297,0.0432838650827117,0.18467465721355128,0.29212210682391193,0.47991937087982434,25,30,10
37,1298,0.0432838650827117,0.18467465721355128,0.29212214678334175,0.4799193309203945,25,30,10
37,1299,0.0432838650827117,0.18470574725267003,0.2920910567442231,0.4799193309203945,25,30,10
37,1300,0.04328386508271171,0.20013573824853512,0.2766610657483579,0.4799193309203945,25,30,10
37,1301,0.04328386508271171,0.20013573824853506,0.27656877122369905,0.4800116254450535,25,30,10
37,1302,0.04328386508271171,0.20013573824853506,0.2765687312296599,0.4800116654390926,25,30,10
37,1303,0.04328386508271171,0.20013573824853506,0.27656872103933516,0.4800116756294173,25,30,10
37,1304,0.04328386508271171,0.20012487233626367,0.2765795869516049,0.48001167562941904,25,30,10
37,1305,0.04328386508271171,0.2001243106250708,0.27658014866279607,0.4800116756294207,25,30,10
37,1306,0.04328386508271171,0.2001243106250708,0.2765801466297676,0.4800116776624492,25,30,10
37,1307,0.04328386508271171,0.2001243106250708,0.2765801466218766,0.48001167767034025,25,30,10
37,1308,0.04012164128164205,0.2000484953378306,0.2798244179526216,0.48000544542790485,25,30,10
37,1309,0.0017008709217387174,0.2000484953316658,0.31824528392091955,0.4800053498256749,25,30,10
37,1310,0.0017008709217387174,0.2000484953316658,0.3182453123931151,0.4800053213534794,25,30,10
37,1311,0.0017008709217387174,0.2000484953316659,0.3186167945639088,0.47963383918268554,25,30,10
37,1312,0.0017008709217387174,0.2000484953316658,0.3182436909519526,0.4800069427946419,25,30,10
37,1313,0.0017008709217387174,0.2000484953316658,0.3182436894924951,0.48000694425409945,25,30,10
37,1314,0.0017024685057540157,0.2000485026603659,0.3182420496391573,0.4800069791947222,25,30,10
37,1315,0.0017024685057540157,0.2000485026603659,0.3182420476412601,0.4800069811926193,25,30,10
37,1316,0.0017024685057540157,0.2000485026603659,0.31824204763160746,0.48000698120227187,25,30,10
37,1317,0.0017024685057540157,0.2000485026603659,0.3182420191839314,0.48000700964994797,25,30,10
37,1318,0.0017024685057540157,0.2000485026603659,0.3182420191833098,0.4800070096505696,25,30,10
37,1319,0.0017024685057540157,0.20004867098599757,0.3182418508576798,0.48000700965056786,25,30,10
37,1320,0.0017024685057540157,0.20004867098599757,0.3182418508576797,0.48000700965056786,25,30,10
37,1321,0.0017024685057540157,0.20004867098599757,0.318241850840564,0.4800070096676836,25,30,10
37,1322,0.0017024685057540157,0.20004867098599757,0.318241850848882,0.4800070096593656,25,30,10
37,1323,0.0017024685057540157,0.2000484780407692,0.3182420437941104,0.4800070096593656,25,30,10
37,1324,0.0017024685057540157,0.2000484780407692,0.3182420153216387,0.4800070381318373,25,30,10
37,1325,0.0017024685057540157,0.2000484780407692,0.3182420978452126,0.4800069556082633,25,30,10
37,1326,0.0017024685057540157,0.2000484780407692,0.3182420998869658,0.48000695356651013,25,30,10
37,1327,0.0017024685057540157,0.2000484780407692,0.3183343955584126,0.4799146578950634,25,30,10
37,1328,0.0017024685057540157,0.2000484780407692,0.31833439555045495,0.47991465790302096,25,30,10
37,1329,0.0017024685057540157,0.20004887465479154,0.31833399893643266,0.47991465790302096,25,30,10
37,1330,0.0017024685057540157,0.20004887465479154,0.3183340814687618,0.4799145753706918,25,30,10
37,1331,0.0017024685057540157,0.20004887136815616,0.3183340847553972,0.4799145753706918,25,30,10
37,1332,0.0017024685057540165,0.20004887136815616,0.31833724793065193,0.4799114121954371,25,30,10
37,1333,0.0017024685057540165,0.20004887136815616,0.31833719389542375,0.4799114662306653,25,30,10
37,1334,0.0017024685057539395,0.2000488712902191,0.3183383796967057,0.47991028050732026,25,30,10
37,1335,0.0017024685057539395,0.2000488712484885,0.31833837973843626,0.47991028050732026,25,30,10
37,1336,0.0007218771070494825,0.20006273618077333,0.3193050858596119,0.47991030085256464,25,30,10
37,1337,2.2245235956531473e-06,0.19999640620334308,0.32009673934382127,0.47990462992924,25,30,10
37,1338,2.2245235956531473e-06,0.19999640620334308,0.3200967413765504,0.4799046278965109,25,30,10
37,1339,2.2245235956531473e-06,0.19999640620334308,0.3200967393429146,0.47990462993014676,25,30,10
37,1340,2.2245235956531473e-06,0.19999658957600494,0.32009655597025277,0.47990462993014676,25,30,10
37,1341,2.2245235956531473e-06,0.19999658957600494,0.32009655741788373,0.4799046284825157,25,30,10
37,1342,2.2245235956531473e-06,0.19999658957600494,0.320096557417078,0.47990462848332144,25,30,10
37,1343,2.2245235956531473e-06,0.19999658618151087,0.320096560811572,0.47990462848332144,25,30,10
37,1344,2.2245235956531473e-06,0.19999658618151087,0.3201888279838353,0.47981236131105814,25,30,10
37,1345,2.2245235956531473e-06,0.20000745234445622,0.3201779618208917,0.4798123613110565,25,30,10
37,1346,2.2245222199032703e-06,0.20000710995478627,0.3201783042119365,0.4798123613110565,25,30,10
37,1347,2.2245222199032703e-06,0.20000710995478627,0.32008600999035314,0.4799046555326401,25,30,10
37,1348,2.2245222199032703e-06,0.20000750338935153,0.32008561655578804,0.4799046555326401,25,30,10
37,1349,2.2245222199032703e-06,0.20000750338935153,0.32008561655622253,0.4799046555322057,25,30,10
37,1350,5.619335066201483e-09,0.2000075011823665,0.32008784819570385,0.47990464500259444,25,30,10
37,1351,5.619335066201483e-09,0.20000711743269267,0.3200882319453779,0.47990464500259444,25,30,10
37,1352,1.2420902556587232e-06,0.20000711742357144,0.32008699544006314,0.47990464504610975,25,30,10
37,1353,1.2420902556587232e-06,0.20000711742357144,0.3200885642945488,0.4799030761916241,25,30,10
37,1354,1.2420902556587232e-06,0.20000711742357144,0.32009015872492297,0.4799014817612497,25,30,10
37,1355,1.2420902556587232e-06,0.19828865719227853,0.32180861895621427,0.4799014817612513,25,30,10
37,1356,1.2420902556587232e-06,0.19828865719227853,0.3217163252316216,0.4799937754858441,25,30,10
37,1357,1.2420902556587232e-06,0.19828865719227853,0.3217147563771981,0.4799953443402676,25,30,10
37,1358,1.2420902556587232e-06,0.19828826048988593,0.32171515307959064,0.47999534434026764,25,30,10
37,1359,0.0007138047263440924,0.19835545935444215,0.3026846786519954,0.49824605726721816,25,30,10
37,1360,0.0007138047263440924,0.19835545935444215,0.3026846767059326,0.49824605921328086,25,30,10
37,1361,0.0007138047263440914,0.19835545935444215,0.3026815135300546,0.498249222389159,25,30,10
37,1362,0.0007138047263440914,0.20005150904370034,0.3009854638407981,0.4982492223891573,25,30,10
37,1363,1.2420902740341742e-06,0.22142847195775034,0.2985403295972224,0.4800299563547531,25,30,10
37,1364,1.2420902740341742e-06,0.22142847195775034,0.29854032962244653,0.48002995632952883,25,30,10
37,1365,1.2420902556562691e-06,0.23937422170718,0.28062604794749485,0.4799984882550693,25,30,10
37,1366,1.2420902556562691e-06,0.23937422170718,0.28063265274216165,0.4799918834604025,25,30,10
37,1367,1.2420902556562691e-06,0.23937422170718,0.2806310590128668,0.47999347718969737,25,30,10
37,1368,1.2420902556562691e-06,0.23937422170718,0.2806310590382344,0.4799934771643298,25,30,10
37,1369,1.2420902556562691e-06,0.2393742217071801,0.28063326271653943,0.47999127348602466,25,30,10
37,1370,1.2420902556562697e-06,0.23998391639260802,0.2800235680311115,0.47999127348602466,25,30,10
37,1371,1.2421902017269024e-06,0.23998391639395447,0.2800236882377003,0.4799911531781429,25,30,10
37,1372,1.2421902017269024e-06,0.23998391639395447,0.2800236882276021,0.479991153188241,25,30,10
37,1373,1.2421902017269028e-06,0.23998391639395447,0.28002368892927243,0.47999115248657065,25,30,10
37,1374,1.2421902017269024e-06,0.23828786670470392,0.28171973861852134,0.4799911524865723,25,30,10
37,1375,1.2421902017269024e-06,0.23828825997120126,0.281719345352024,0.4799911524865723,25,30,10
37,1376,1.2421902017269024e-06,0.23828825997120126,0.28171934535164983,0.4799911524869465,25,30,10
37,1377,1.2421902263773384e-06,0.23828861568035076,0.28171898964247605,0.47999115248694657,25,30,10
37,1378,1.2421902263773384e-06,0.23828861568035076,0.2817189903190108,0.47999115181041185,25,30,10
37,1379,1.24219022637265e-06,0.23829647690066708,0.2817111290986947,0.47999115181041185,25,30,10
37,1380,1.24219022637265e-06,0.23829592430177193,0.28171168169758987,0.47999115181041185,25,30,10
37,1381,1.24219022637265e-06,0.23829592430177193,0.2817116815822074,0.47999115192579433,25,30,10
37,1382,1.2421902263726497e-06,0.2382963155825957,0.2817112903013836,0.4799911519257942,25,30,10
37,1383,3.0320713664425883e-07,0.23829631607510712,0.28171222883475466,0.4799911518830017,25,30,10
37,1384,3.502387918434981e-06,0.25227718371006297,0.2677281579283608,0.479991155973658,25,30,10
37,1385,3.502387918435508e-06,0.2319727233476145,0.28803261829076693,0.47999115597370023,25,30,10
37,1386,3.502387918435508e-06,0.23197272334761443,0.2880304166200917,0.47999335764437545,25,30,10
37,1387,3.502387918435508e-06,0.23197273007910155,0.2880304098886047,0.47999335764437545,25,30,10
37,1388,3.5023879184355076e-06,0.23197273007910155,0.2880304923882489,0.4799932751447312,25,30,10
37,1389,4.89215125595922e-06,0.23197285594193218,0.28799340499847825,0.48002884690833353,25,30,10
37,1390,4.89215125595922e-06,0.23197285594193218,0.2879935215919969,0.48002873031481486,25,30,10
37,1391,4.892151230876317e-06,0.2319725002328164,0.2879938773011376,0.48002873031481486,25,30,10
37,1392,4.892151230876317e-06,0.23197248614000926,0.28799389139394477,0.48002873031481486,25,30,10
37,1393,3.5023711519471685e-06,0.23197235515546352,0.28803097857307647,0.47999316390030805,25,30,10
37,1394,3.5023711519471685e-06,0.23197235515546352,0.288030863987181,0.4799932784862035,25,30,10
37,1395,0.03939876460683977,0.23197235514630407,0.2486356025178372,0.47999327772901884,25,30,10
37,1396,0.03939876460683966,0.23197235514630407,0.2167642086268101,0.5118646716200463,25,30,10
37,1397,0.03939876460683966,0.23197235514630407,0.21676429114982873,0.5118645890970277,25,30,10
37,1398,0.03939876460683966,0.23197235514630407,0.21676428915140683,0.5118645910954496,25,30,10
37,1399,0.03939876460683966,0.23197235514630407,0.21676429048383455,0.5118645897630218,25,30,10
37,1400,0.03939876460683966,0.23197235514630407,0.2167642924920938,0.5118645877547625,25,30,10
37,1401,0.03939876460683966,0.23197234561970448,0.2167643020186934,0.5118645877547625,25,30,10
37,1402,0.03939876460683966,0.23197234561970448,0.21676430405220615,0.5118645857212497,25,30,10
37,1403,0.03939876460683966,0.23197234561970448,0.2167576978439136,0.5118711919295422,25,30,10
37,1404,0.03939876459217138,0.2319587254007816,0.21677133842338311,0.5118711715836637,25,30,10
37,1405,0.03939876459217138,0.2319587254007816,0.21677133708068003,0.5118711729263667,25,30,10
37,1406,0.03939876459217138,0.23195872529321868,0.21677133771007034,0.5118711724045395,25,30,10
37,1407,0.03939876459217137,0.23195872529321868,0.2086427613995123,0.5199997487150976,25,30,10
37,1408,0.03939876459217137,0.23195872529321868,0.20864275937861643,0.5199997507359935,25,30,10
37,1409,0.03939876459217137,0.23195872529321868,0.20864267688018395,0.519999833234426,25,30,10
37,1410,0.03939876459217137,0.23195872529321868,0.2086426769033439,0.519999833211266,25,30,10
37,1411,0.03939876459217137,0.23195872529321876,0.20864279224044519,0.5199997178741647,25,30,10
37,1412,0.03939876497296586,0.23195859725876333,0.20864236360172775,0.5200002741665432,25,30,10
37,1413,0.03939876497296586,0.23195859725876325,0.20864228625994044,0.5200003515083305,25,30,10
37,1414,0.03939876497296586,0.23078640431942507,0.20981447919927868,0.5200003515083305,25,30,10
37,1415,0.03939876497296586,0.23078640431942507,0.20981447917413998,0.5200003515334691,25,30,10
37,1416,0.03939876497296586,0.23195858363540578,0.20864229985815919,0.5200003515334691,25,30,10
37,1417,0.06294587523816425,0.2319585835670544,0.18509518966202382,0.5200003515327575,25,30,10
37,1418,0.06294587523816425,0.2319585835670544,0.1850953035461673,0.520000237648614,25,30,10
37,1419,0.06294587523816425,0.2319585835670544,0.18509530354616366,0.5200002376486176,25,30,10
37,1420,0.06294587523816425,0.2319585835670544,0.1850953070268185,0.5200002341679629,25,30,10
37,1421,0.06294587523816425,0.2319585835670544,0.18509530549292477,0.5200002357018566,25,30,10
37,1422,0.06294587485712388,0.23195846688950109,0.18509477473654667,0.5200008835168282,25,30,10
37,1423,0.06294587485852884,0.23195846699512546,0.1850931087287336,0.5200025494176123,25,30,10
37,1424,0.06294587485852884,0.23194761740142458,0.18510395832243468,0.5200025494176123,25,30,10
37,1425,0.06294587485852884,0.23194761740142458,0.18510399976659941,0.5200025079734475,25,30,10
37,1426,0.06294587485853274,0.23194762138221667,0.18158916072459846,0.5235173430346524,25,30,10
37,1427,0.06294587485853274,0.23194762138221667,0.18158916024237892,0.5235173435168718,25,30,10
37,1428,0.06162903800133504,0.23194762138817918,0.18290599874169908,0.5235173418687871,25,30,10
37,1429,0.06162903800133504,0.23022916395316995,0.1846244561767084,0.5235173418687871,25,30,10
37,1430,0.06230590517497537,0.23022916394710852,0.18394758735933484,0.5235173435185817,25,30,10
37,1431,0.06230590517497537,0.23022144122512,0.18395531008132326,0.5235173435185817,25,30,10
37,1432,0.06230590517497537,0.23022144122512,0.18395530660104537,0.5235173469988595,25,30,10
37,1433,0.06230590517497537,0.23022128523726032,0.18395546258890502,0.5235173469988595,25,30,10
37,1434,0.06230590517497537,0.23022128523726032,0.18395554508707476,0.5235172645006898,25,30,10
37,1435,0.06230590517497537,0.23022128523726032,0.18395558306407964,0.523517226523685,25,30,10
37,1436,0.06354152917463964,0.2302212852373608,0.18271996074349903,0.5235172248445008,25,30,10
37,1437,0.06354152917463964,0.2302212852373608,0.1827199207396447,0.5235172648483551,25,30,10
37,1438,0.06354152917463964,0.2302212852373608,0.18271984022468654,0.5235173453633131,25,30,10
37,1439,0.06354152917463964,0.2302212852373608,0.18271983954774199,0.5235173460402576,25,30,10
37,1440,0.06354152917463964,0.23023215107968817,0.18270897370541467,0.5235173460402576,25,30,10
37,1441,0.06354152917463964,0.23131837232775085,0.18162275245735182,0.5235173460402575,25,30,10
37,1442,0.06354152917463964,0.23131837232775085,0.1816227524450451,0.5235173460525644,25,30,10
37,1443,0.06354152917463964,0.23131837232775085,0.18162275243218495,0.5235173460654245,25,30,10
37,1444,0.06354152917463964,0.23131837232775085,0.18162275243189302,0.5235173460657164,25,30,10
37,1445,0.06352455812372144,0.23131837232775268,0.18163972348282775,0.5235173460656981,25,30,10
37,1446,0.06352455812372144,0.23131837232775276,0.1816463303990826,0.5235107391494431,25,30,10
37,1447,0.06352455812372144,0.23131837232775276,0.18165103166596114,0.5235060378825646,25,30,10
37,1448,0.06352455812372144,0.23131837232775276,0.18165103311249944,0.5235060364360262,25,30,10
37,1449,0.06352455812372144,0.23131837232775276,0.18165095108908066,0.5235061184594451,25,30,10
37,1450,0.06352455812372144,0.23129651101334225,0.1816728124034912,0.5235061184594451,25,30,10
37,1451,0.06352455812372144,0.23129651101334225,0.1816727724203831,0.5235061584425531,25,30,10
37,1452,0.06352455812372144,0.23129651101334225,0.18180229586633193,0.5233766349966043,25,30,10
37,1453,0.058802352363438344,0.23129651058923195,0.18652450203593318,0.5233766350113964,25,30,10
37,1454,0.058802352363438344,0.23129651058923195,0.1865199146534157,0.5233812223939139,25,30,10
37,1455,0.05882315147940976,0.2312965105891201,0.1864991155375468,0.5233812223939233,25,30,10
37,1456,0.05882315147940976,0.2312965105891201,0.18649911707119032,0.5233812208602798,25,30,10
37,1457,0.05882315147940976,0.2312965105891201,0.18649911703634633,0.5233812208951237,25,30,10
37,1458,0.05882315147940976,0.2312965105891201,0.18649919954764493,0.5233811383838252,25,30,10
37,1459,0.05882315147940976,0.23129666991560313,0.18649904022116195,0.5233811383838252,25,30,10
37,1460,0.05882315147940976,0.23129706302765057,0.18649864710911448,0.5233811383838252,25,30,10
37,1461,0.058819947091769006,0.25559566439409837,0.1622032564402657,0.523381132073867,25,30,10
37,1462,0.058819947091769006,0.25559566439409837,0.1622032564154919,0.5233811320986408,25,30,10
37,1463,0.058819947091769006,0.25559566439409837,0.16220317324940975,0.5233812152647228,25,30,10
37,1464,0.058819947091769006,0.2555809866569561,0.162217850986552,0.5233812152647228,25,30,10
37,1465,0.058819947091769006,0.2555809866569561,0.16221781098954668,0.5233812552617281,25,30,10
37,1466,0.058819947091769006,0.2544947654107805,0.16330403223572212,0.5233812552617281,25,30,10
37,1467,0.058819947091769006,0.2544947654107805,0.1633040308490038,0.5233812566484464,25,30,10
37,1468,0.058819947091769006,0.2544947654107805,0.16330619452511416,0.5233790929723361,25,30,10
37,1469,0.058819947091769006,0.2544947654107805,0.16330619447679973,0.5233790930206506,25,30,10
37,1470,0.058819947091769006,0.2544944942438526,0.16330646564372756,0.5233790930206506,25,30,10
37,1471,0.058819947091769006,0.2562124087178702,0.16158855116971002,0.5233790930206506,25,30,10
37,1472,0.058819947091769006,0.2562124087178702,0.16158843528766748,0.5233792089026931,25,30,10
37,1473,0.058819947091769006,0.2562124087178702,0.1615884338409489,0.5233792103494115,25,30,10
37,1474,0.058819947091769006,0.2562124087178702,0.1615884332549355,0.5233792109354249,25,30,10
37,1475,0.058819947091769006,0.2562124087178702,0.1615885143307304,0.5233791298596301,25,30,10
37,1476,0.05881994709177528,0.23823569192204452,0.17956523112659403,0.5233791298595863,25,30,10
37,1477,0.05881994709177528,0.23823569192204452,0.17956525959926012,0.5233791013869202,25,30,10
37,1478,0.058819947091771636,0.23995469996440394,0.17784625156222603,0.5233791013815986,25,30,10
37,1479,0.058819947091771636,0.23995457802026096,0.17784637350636906,0.5233791013815986,25,30,10
37,1480,0.058819947091771636,0.23997685312599618,0.17782409840063387,0.5233791013815986,25,30,10
37,1481,0.058819947091771636,0.23997685312599618,0.17782401586611576,0.5233791839161167,25,30,10
37,1482,0.058819947091771636,0.23996950330969852,0.17783136568241345,0.5233791839161167,25,30,10
37,1483,0.0588199470917677,0.23996949932890735,0.18127870920709327,0.5199318443722318,25,30,10
37,1484,0.0588199470917677,0.23996949932890735,0.1812786807476895,0.5199318728316357,25,30,10
37,1485,0.0588199470917677,0.2399694993289073,0.18127210227079593,0.5199384513085292,25,30,10
37,1486,0.0588199470917677,0.2399694993289073,0.18127210229478166,0.5199384512845435,25,30,10
37,1487,0.07917491243562802,0.23996949932895867,0.16091713696515952,0.5199384512702537,25,30,10
37,1488,0.07917491243562802,0.23996949932895867,0.1607876149542404,0.5200679732811729,25,30,10
37,1489,0.07917491243562802,0.23997004508313263,0.16078706920006647,0.5200679732811729,25,30,10
37,1490,0.07917491243562802,0.23997004508313263,0.16078707065751346,0.520067971823726,25,30,10
37,1491,0.07917491243562802,0.23997004508313263,0.16078706921079047,0.520067973270449,25,30,10
37,1492,0.07917491243562802,0.23997004508313263,0.16078706918701235,0.520067973294227,25,30,10
37,1493,0.07917491243562802,0.23997004508313263,0.1607869866888364,0.520068055792403,25,30,10
37,1494,0.07917491243562802,0.23997004508313263,0.16078698667638114,0.5200680558048583,25,30,10
37,1495,0.07997228160633817,0.23997004508302694,0.15998961750628055,0.5200680558043542,25,30,10
37,1496,0.04001778947436056,0.23997006383934777,0.19993916642132872,0.520072980264963,25,30,10
37,1497,0.039994744914845705,0.23997004509228834,0.19996715414583136,0.5200680558470345,25,30,10
37,1498,0.0399947449148457,0.23997004519793128,0.19996715404018836,0.5200680558470346,25,30,10
37,1499,0.0399947449148457,0.23996910598214008,0.19996809325588202,0.5200680558471321,25,30,10
37,1500,0.0399947449148457,0.23996910598214008,0.19996809528889656,0.5200680538141176,25,30,10
37,1501,0.0399947449148457,0.23996924467939784,0.1999679565916387,0.5200680538141176,25,30,10
37,1502,0.03999474491483987,0.23996889518321943,0.1999683060878202,0.5200680538141205,25,30,10
37,1503,0.03999474491483987,0.23996907141993656,0.1999681298511031,0.5200680538141202,25,30,10
37,1504,0.03999474491483987,0.23996907141993656,0.19996812985128792,0.5200680538139355,25,30,10
37,1505,0.039994744914889774,0.23996889518645506,0.19996830608471952,0.5200680538139355,25,30,10
37,1506,0.039994744914889774,0.23996889518645506,0.19996841997766418,0.5200679399209909,25,30,10
37,1507,0.039994744914889774,0.23996889518645506,0.19996830407648644,0.5200680558221685,25,30,10
37,1508,0.039994744914889774,0.23996889518645506,0.19996835880861505,0.52006800109004,25,30,10
37,1509,0.039994744914889774,0.23996889518645506,0.19996827763660946,0.5200680822620456,25,30,10
37,1510,0.039994744914889774,0.23996889518645506,0.19996827761243574,0.5200680822862193,25,30,10
37,1511,0.039994744914889774,0.23996889518645506,0.19996605352984773,0.5200703063688072,25,30,10
37,1512,0.039994744914889774,0.23996889518645506,0.1999660521203979,0.520070307778257,25,30,10
37,1513,0.0399947449148897,0.23996889526303122,0.2000335443344538,0.5200028154876254,25,30,10
37,1514,0.0399947449148897,0.23996794944340633,0.20003449015407873,0.5200028154876254,25,30,10
37,1515,0.0399947449148897,0.23996794944340633,0.20003443612622207,0.5200028695154821,25,30,10
37,1516,0.03999474491485222,0.23997799924350346,0.2000243863261609,0.5200028695154836,25,30,10
37,1517,0.03999474491485222,0.23997799924350346,0.20002438634890687,0.5200028694927376,25,30,10
37,1518,0.03999474491485222,0.23997799924350346,0.20002438636196096,0.5200028694796834,25,30,10
37,1519,0.03999474491485222,0.23997799924350346,0.20002438638673795,0.5200028694549066,25,30,10
37,1520,0.03999474491485222,0.23997799924350346,0.20002438639924505,0.5200028694423995,25,30,10
37,1521,0.03999474491483989,0.2399682987583438,0.2000340863716508,0.5200028699551658,25,30,10
37,1522,0.03999474491483989,0.23996923518311564,0.20003314994697646,0.5200028699550683,25,30,10
37,1523,0.03999474491483989,0.23996923518311564,0.2000331499119283,0.5200028699901164,25,30,10
37,1524,0.03999474491483989,0.23996923518311564,0.2000331504211122,0.5200028694809324,25,30,10
37,1525,0.03999474491483989,0.23996923518311564,0.20003315039677305,0.5200028695052716,25,30,10
37,1526,0.03999474491483989,0.23999145875849348,0.200010926821395,0.5200028695052716,25,30,10
37,1527,0.03999474491483989,0.23995998197405463,0.20004240360583395,0.5200028695052716,25,30,10
37,1528,0.03999474491483989,0.23995998197405463,0.20004240361708361,0.520002869494022,25,30,10
37,1529,0.03999474491483989,0.23995998197405463,0.2000424036170837,0.520002869494022,25,30,10
37,1530,0.03999474491483989,0.23995998197405463,0.20004240502890447,0.5200028680822012,25,30,10
37,1531,0.03999474491483989,0.23995998197405463,0.20004240303137302,0.5200028700797326,25,30,10
37,1532,0.03999474491483989,0.2399595982243808,0.20004278678104684,0.5200028700797326,25,30,10
37,1533,0.03999474491483989,0.239959643463801,0.20004274154162657,0.5200028700797326,25,30,10
37,1534,0.03999474491483989,0.239959643463801,0.2000427415043376,0.5200028701170217,25,30,10
37,1535,0.03999474491483989,0.239959643463801,0.200042742169894,0.5200028694514652,25,30,10
37,1536,0.03999474491483989,0.239959643463801,0.2000427422051264,0.5200028694162327,25,30,10
37,1537,0.03999474491483989,0.2399911136338238,0.20001127203510363,0.5200028694162327,25,30,10
37,1538,0.03999474491483946,0.23999110742422164,0.200011278235551,0.5200028694253876,25,30,10
37,1539,0.03999474491483946,0.23999110742422164,0.2000113941767851,0.5200027534841537,25,30,10
37,1540,0.03999474491483946,0.2399987051870307,0.20000379641397592,0.5200027534841537,25,30,10
37,1541,0.0008135958284982682,0.24007152997362002,0.2391120119727146,0.5200028622251667,25,30,10
37,1542,0.0008135958284982682,0.2400713707586239,0.23911217118771078,0.5200028622251667,25,30,10
37,1543,0.0008135958284982682,0.2400713707586239,0.23911217320763875,0.5200028602052387,25,30,10
37,1544,0.0008135958284982682,0.24007150651015924,0.23911203745610338,0.5200028602052387,25,30,10
37,1545,0.0008135958284982682,0.24007150651015924,0.23911203544597398,0.5200028622153681,25,30,10
37,1546,0.0008135958930560982,0.2400715114522528,0.23911232405004296,0.5200025686046481,25,30,10
37,1547,0.0008135958930560982,0.24007206394049996,0.23911177156179572,0.5200025686046481,25,30,10
37,1548,0.0008135958930560982,0.24007206394049996,0.2391118114958242,0.5200025286706196,25,30,10
37,1549,2.6275227769545116e-10,0.24000924594177564,0.2399883338657953,0.5200024199296766,25,30,10
37,1550,2.6275227769545116e-10,0.24000924594177564,0.23998833389100416,0.5200024199044678,25,30,10
37,1551,2.627522776954575e-10,0.24000906423270238,0.2399885156000774,0.5200024199044678,25,30,10
37,1552,2.627522776954575e-10,0.24000906423270238,0.23998855426275828,0.5200023812417869,25,30,10
37,1553,2.627522776953818e-10,0.24000906423270238,0.2399884403428548,0.5200024951616904,25,30,10
37,1554,2.627522776953818e-10,0.24000906423270238,0.23998844033257644,0.5200024951719687,25,30,10
37,1555,2.627522776953818e-10,0.24000906423270238,0.23998852282032743,0.5200024126842178,25,30,10
37,1556,6.609433496016018e-08,0.24000906550272255,0.23998982799983262,0.5200010404031097,25,30,10
37,1557,6.609433496016018e-08,0.24000906550272255,0.23998982797535842,0.5200010404275839,25,30,10
37,1558,6.609433496016018e-08,0.24000906550272255,0.23998974545223223,0.5200011229507101,25,30,10
37,1559,6.609433496016017e-08,0.24000924721180866,0.23998956374314612,0.5200011229507101,25,30,10
37,1560,6.609433496016018e-08,0.24000924721180872,0.24011904851379884,0.5198716381800574,25,30,10
37,1561,6.609433496016017e-08,0.24000924721180872,0.2399961313279447,0.5199945553659115,25,30,10
37,1562,6.609433496016017e-08,0.24000924721180872,0.23999612931985742,0.5199945573739988,25,30,10
37,1563,6.609433496016017e-08,0.24000924721180872,0.2399961278368462,0.51999455885701,25,30,10
37,1564,1.9678949038539824e-10,0.24000924713273022,0.23999619382258675,0.5199945588478934,25,30,10
37,1565,1.9678949038539824e-10,0.24000924713273022,0.24000276006993207,0.5199879926005481,25,30,10
37,1566,6.19931464903598e-05,0.2400092470550682,0.239935010435432,0.5199937493630092,25,30,10
37,1567,6.19931464903598e-05,0.2400092470550682,0.2399350104691496,0.5199937493292918,25,30,10
37,1568,6.199826445255473e-05,0.24000924704595988,0.23993500301489426,0.5199937516746932,25,30,10
37,1569,6.199826445255473e-05,0.24000924704595988,0.239935003050085,0.5199937516395025,25,30,10
37,1570,6.199826445255473e-05,0.24000924704595988,0.23993070516093948,0.519998049528648,25,30,10
37,1571,6.199826445255488e-05,0.24000924709128058,0.23993070562838642,0.5199980490158803,25,30,10
37,1572,6.199826445255488e-05,0.24000924709128058,0.2399307056368816,0.5199980490073852,25,30,10
37,1573,6.199826445255488e-05,0.2400092375256764,0.23993071520248577,0.5199980490073852,25,30,10
37,1574,6.199826445255488e-05,0.2399777700897172,0.23996218263844507,0.5199980490073852,25,30,10
37,1575,6.199826445255488e-05,0.23997738360759566,0.23996256912056657,0.5199980490073852,25,30,10
37,1576,6.199833447397121e-05,0.23997703958900465,0.23996291306913375,0.5199980490073876,25,30,10
37,1577,6.199833447397121e-05,0.23997703958900465,0.23996291449090404,0.5199980475856173,25,30,10
37,1578,6.199833447397121e-05,0.23997703958900465,0.23996291446593915,0.5199980476105821,25,30,10
37,1579,6.199833447397121e-05,0.23997699428491906,0.23996295977002474,0.5199980476105821,25,30,10
37,1580,6.90175495602494e-05,0.23997699433390238,0.23739404964902644,0.5225599384675106,25,30,10
37,1581,6.90175495602494e-05,0.23997699433390238,0.2373940774449048,0.5225599106716323,25,30,10
37,1582,6.90175495602494e-05,0.23997699433390238,0.2373874739377753,0.5225665141787618,25,30,10
37,1583,6.90175495602494e-05,0.23997699433390238,0.23738751390686347,0.5225664742096736,25,30,10
37,1584,6.90175495602494e-05,0.23997699433390238,0.2373874759456146,0.5225665121709224,25,30,10
37,1585,6.90175495602494e-05,0.23997699433390232,0.23738525008546596,0.5225687380310712,25,30,10
37,1586,0.0029949867817298127,0.23997699509417178,0.2344661408465284,0.5225618772775694,25,30,10
37,1587,0.0029949867817298127,0.23997793150487096,0.2344652044358292,0.5225618772775694,25,30,10
37,1588,0.0029949867817298127,0.23997793150487096,0.23446520240274396,0.5225618793106548,25,30,10
37,1589,0.0029949867817298127,0.23997793150487096,0.2344651739314269,0.5225619077819718,25,30,10
37,1590,0.0029949867817298127,0.23997793150487096,0.23446517534309247,0.5225619063703062,25,30,10
37,1591,0.0029949867817298127,0.23997794108375944,0.23446516576420395,0.5225619063703062,25,30,10
37,1592,0.0029949867817298127,0.23954151663046455,0.23490159021199897,0.5225619063758061,25,30,10
37,1593,0.0029949867817298127,0.23954151663046455,0.23490158635496147,0.5225619102328435,25,30,10
37,1594,0.0029949867817298127,0.23954151663046455,0.23490158635435165,0.5225619102334534,25,30,10
37,1595,0.0029949867817298127,0.2395418979993398,0.2349012049854764,0.5225619102334534,25,30,10
37,1596,0.0029949867817298127,0.2395418979993398,0.23490120557162883,0.522561909647301,25,30,10
37,1597,0.0029949867817298127,0.23954189799745404,0.23490120557351443,0.522561909647301,25,30,10
37,1598,0.0029949867817298127,0.23954189799745404,0.23490112691927695,0.5225619883015385,25,30,10
37,1599,0.0029949867817298127,0.23954189799745404,0.2349011289524748,0.5225619862683407,25,30,10
37,1600,0.002994986781730067,0.23764242549390185,0.23680058424755238,0.522562003476815,25,30,10
37,1601,0.0035387265644978446,0.23764242473335812,0.23625682641930357,0.5225620222828399,25,30,10
37,1602,0.0035387265644978446,0.23764242473335812,0.23625682640251408,0.5225620222996294,25,30,10
37,1603,0.0035387265644978446,0.2376423009383993,0.2362569501974729,0.5225620222996294,25,30,10
37,1604,0.0035387265644978446,0.2376423009383993,0.2362570312730412,0.5225619412240611,25,30,10
37,1605,0.0035387265644978446,0.2376423009383993,0.23625703127455297,0.5225619412225494,25,30,10
37,1606,0.0035387265644978446,0.2376423009384036,0.23626147313107712,0.5225574993660209,25,30,10
37,1607,0.0035387265644978446,0.2376423009384037,0.23626309606764587,0.5225558764294521,25,30,10
37,1608,0.0035387265644978446,0.2376423009384037,0.23626309605889,0.522555876438208,25,30,10
37,1609,0.0035387265644978446,0.2376423009384037,0.2362631225106681,0.5225558499864299,25,30,10
37,1610,0.0035387265644978446,0.2376423009384037,0.23626309402481213,0.5225558784722859,25,30,10
37,1611,0.0035387265644978446,0.23767322524465972,0.236232169718556,0.5225558784722859,25,30,10
37,1612,0.0035387265644978446,0.23767322524465972,0.23623216973129263,0.5225558784595493,25,30,10
37,1613,0.0035387265643216067,0.23768347757702363,0.23622191739918194,0.5225558784594727,25,30,10
37,1614,0.0035387265643211686,0.2376826411903284,0.2362227537858804,0.5225558784594699,25,30,10
37,1615,0.0035387265643211686,0.2376826506368256,0.23622274433938314,0.5225558784594699,25,30,10
37,1616,0.0035387265643211686,0.2376826506368256,0.23622274233175744,0.5225558804670957,25,30,10
37,1617,0.0035387265643211686,0.2376826506368256,0.23622274234408425,0.5225558804547689,25,30,10
37,1618,0.0035387265643211686,0.23768282840443278,0.23622256457647708,0.5225558804547689,25,30,10
37,1619,0.0035387265643211686,0.237682964064971,0.23622242891593884,0.5225558804547689,25,30,10
37,1620,7.62104496739313e-05,0.23768296406496614,0.23968506717898777,0.522555758306372,25,30,10
37,1621,7.62104496739313e-05,0.23768296406496606,0.23968344830934363,0.5225573771760164,25,30,10
37,1622,7.623463560064498e-05,0.23768295861058195,0.2114158072110111,0.5508249995428064,25,30,10
37,1623,7.623463560064498e-05,0.2376824060020144,0.21141635981957865,0.5508249995428064,25,30,10
37,1624,7.623463560064498e-05,0.2376824060020144,0.21141627732156285,0.5508250820408221,25,30,10
37,1625,7.623463560064498e-05,0.2376824060020144,0.21141627587440362,0.5508250834879813,25,30,10
37,1626,0.02776930088042609,0.23768240600644203,0.18372314108248433,0.5508251520306474,25,30,10
37,1627,0.02776930088042609,0.23768240600839585,0.18372314108053056,0.5508251520306474,25,30,10
37,1628,0.02776930088042609,0.23768240600839158,0.1837186965497623,0.55082959656142,25,30,10
37,1629,0.02776930088042609,0.23768240600839158,0.18371869653297274,0.5508295965782096,25,30,10
37,1630,0.02776930088042609,0.23768240600839158,0.18371870000573026,0.5508295931054521,25,30,10
37,1631,0.02776930088042609,0.23768240600839158,0.18371870000573007,0.5508295931054522,25,30,10
37,1632,0.02776930088042609,0.23768240600839158,0.18371869702373755,0.5508295960874448,25,30,10
37,1633,0.02776228166534023,0.2376824059593431,0.1862859687626544,0.5482693436126622,25,30,10
37,1634,0.02776228166534023,0.2376824059593431,0.1862859687505079,0.5482693436248087,25,30,10
37,1635,0.039977223366414794,0.23768240595502937,0.17407109556623748,0.5482692751123183,25,30,10
37,1636,0.039977218153517916,0.23768240646575298,0.17407110265575246,0.5482692727249762,25,30,10
37,1637,0.03997724511068263,0.237682405955192,0.17407107616722228,0.5482692727669026,25,30,10
37,1638,0.03997724511068263,0.237682405955192,0.1741633718239202,0.5481769771102045,25,30,10
37,1639,0.03997724511068263,0.237682405955192,0.1741633718679333,0.5481769770661916,25,30,10
37,1640,0.03986942721513188,0.23768240604566088,0.1742711892719282,0.5481769774672786,25,30,10
37,1641,0.03986942721513188,0.23811828468152205,0.17383531064156707,0.5481769774617785,25,30,10
37,1642,0.03986940295918364,0.23811828468151888,0.1621030731821181,0.5599092391771789,25,30,10
37,1643,0.03986940295918364,0.23811828468151888,0.16210307571596874,0.5599092366433284,25,30,10
37,1644,0.03986940295918364,0.23811828468151888,0.16210315821624452,0.5599091541430528,25,30,10
37,1645,0.03986940295918364,0.23811828468151888,0.16210315821602872,0.5599091541432685,25,30,10
37,1646,0.03986940295918364,0.23811828468151888,0.16210315821627244,0.5599091541430247,25,30,10
37,1647,0.03986940295918364,0.2380868203391476,0.16213462255864206,0.5599091541430264,25,30,10
37,1648,0.03986940295918364,0.2380868203391476,0.16213453514960158,0.5599092415520669,25,30,10
37,1649,0.03986940295918364,0.2380868203391476,0.1621345346506992,0.5599092420509691,25,30,10
37,1650,0.03986940295918364,0.2380868203391476,0.1621345360724586,0.5599092406292097,25,30,10
37,1651,0.03986940295918364,0.2380868203391476,0.16213453814115897,0.5599092385605092,25,30,10
37,1652,0.03986940295918364,0.2380868203391476,0.16204224254306923,0.5600015341585991,25,30,10
37,1653,0.03986940295918407,0.23808682022968927,0.1620422426525273,0.5600015341585991,25,30,10
37,1654,0.03986940295918407,0.23805534338709908,0.1620737194951175,0.5600015341585991,25,30,10
37,1655,0.03986940295918407,0.23805534338709908,0.16207371898614958,0.560001534667567,25,30,10
37,1656,0.03986940295918376,0.23805534949487303,0.1620753512695218,0.5599998962764206,25,30,10
37,1657,0.03986940295918376,0.23805534949487303,0.1620754671865414,0.559999780359401,25,30,10
37,1658,0.03986940295918376,0.23805534949487303,0.1620754672099204,0.559999780336022,25,30,10
37,1659,0.0399920843110128,0.23805534949358514,0.1619527862837766,0.5599997799116252,25,30,10
37,1660,0.0399920843110128,0.23805570924563374,0.161952426531728,0.5599997799116252,25,30,10
37,1661,0.0399920843110128,0.23805570924563374,0.16195231206170632,0.559999894381647,25,30,10
37,1662,0.0399920843110128,0.21603333475983885,0.18397468654750135,0.559999894381647,25,30,10
37,1663,0.0399920843110128,0.2160335209216849,0.18397450038565533,0.5599998943816469,25,30,10
37,1664,0.0399920843110128,0.2160335209216849,0.1839745544362431,0.5599998403310591,25,30,10
37,1665,0.03999208431101281,0.19805645447533307,0.2019516208825949,0.5599998403310591,25,30,10
37,1666,0.03999208431101281,0.19805645447533307,0.20195162230497996,0.5599998389086739,25,30,10
37,1667,0.039999926887346195,0.19805645438603833,0.20194377982554135,0.559999838901074,25,30,10
37,1668,0.03999992688735203,0.19805645449342296,0.20194374997436848,0.5599998686448564,25,30,10
37,1669,0.03999989983510335,0.19805645450192094,0.2019437746645807,0.559999870998395,25,30,10
37,1670,0.029576433884834843,0.1980564545702971,0.21236724022048376,0.5599998713243842,25,30,10
37,1671,0.029576433884834843,0.1980564545702971,0.21236724064865908,0.559999870896209,25,30,10
37,1672,0.029576433884835284,0.19803703205572978,0.21238666316322555,0.5599998708962091,25,30,10
37,1673,0.029576433884835284,0.19803703205572978,0.21238658062793647,0.5599999534314981,25,30,10
37,1674,0.029576433884835284,0.19803758224104334,0.21238603044262302,0.5599999534314981,25,30,10
37,1675,0.029576433884835284,0.19803758224104334,0.2123860304073858,0.5599999534667354,25,30,10
37,1676,0.02957643388600823,0.19803758112709718,0.2123860608354256,0.5599999241514689,25,30,10
37,1677,0.001144080902737441,0.19803795952238396,0.24071515500962168,0.560102804565257,25,30,10
37,1678,0.001144080902737441,0.19803795952238396,0.2407151549918816,0.560102804582997,25,30,10
37,1679,0.001144080902737441,0.19803795952238396,0.24071675040796503,0.5601012091669135,25,30,10
37,1680,0.001144080902737441,0.19803795952238396,0.2407168288641779,0.5601011307107006,25,30,10
37,1681,0.001144080902737441,0.19803795952238396,0.24071682886414236,0.5601011307107361,25,30,10
37,1682,0.001144080902737441,0.19803795952238396,0.24071685736445,0.5601011022104284,25,30,10
37,1683,0.001144080902737441,0.19803795952238396,0.24071685735434112,0.5601011022205373,25,30,10
37,1684,0.0011440809027370006,0.19803795941293578,0.2407168574637898,0.5601011022205372,25,30,10
37,1685,0.0011440809015577853,0.1980379542902279,0.2407168630070383,0.5601011018011761,25,30,10
37,1686,0.0011440809015577853,0.1980379542902279,0.240716862984296,0.5601011018239185,25,30,10
37,1687,0.0011440809015577853,0.1980379542902279,0.24071686298449002,0.5601011018237244,25,30,10
37,1688,0.0011440809015577853,0.19806887634390827,0.24068594093080978,0.5601011018237244,25,30,10
37,1689,0.0011440809015575305,0.19996795551922453,0.23878687896396827,0.56010108461525,25,30,10
37,1690,0.0011440809015575305,0.19996795551922453,0.23878687751682764,0.5601010860623906,25,30,10
37,1691,0.001144080902959113,0.19996829803820973,0.23869179165663165,0.5601958294021998,25,30,10
37,1692,0.001144080902959113,0.19996884977177515,0.2386912399230663,0.5601958294021998,25,30,10
37,1693,0.0011440809029591176,0.23873011458588475,0.19992997510895674,0.5601958294021998,25,30,10
37,1694,0.0011440809015574199,0.2387297660667544,0.20002503721596512,0.5601011158157234,25,30,10
37,1695,0.0011440809015574199,0.23869867999756633,0.20005612328515318,0.5601011158157234,25,30,10
37,1696,0.0011440809015574199,0.23869868322100693,0.2000561200617125,0.5601011158157234,25,30,10
37,1697,0.0011440809015574199,0.23869868322100693,0.20005612146484011,0.5601011144125959,25,30,10
37,1698,0.0011440809015574199,0.23869868322100693,0.20005611893160746,0.5601011169458286,25,30,10
37,1699,0.0011440809015574199,0.23869854467819898,0.2000562574744154,0.5601011169458286,25,30,10
37,1700,0.0011440809015574199,0.23869854467819898,0.2000562574987515,0.5601011169214926,25,30,10
37,1701,0.0011440809015574199,0.23869854467819898,0.2000561784566929,0.5601011959635511,25,30,10
37,1702,0.0011440809015574199,0.23869854467819898,0.20005617642357515,0.5601011979966689,25,30,10
37,1703,0.0011440809015574199,0.2380651133616316,0.20068960774014247,0.5601011979966689,25,30,10
37,1704,0.0011440809015574199,0.2380651133616316,0.20068957924073072,0.5601012264960807,25,30,10
37,1705,0.0011440809015574199,0.2380651133616316,0.20068966031674207,0.5601011454200693,25,30,10
37,1706,0.0011440809015574199,0.2380651133616316,0.20069193846173114,0.5600988672750803,25,30,10
37,1707,0.0011440809015606155,0.2380651133616317,0.20069202352554963,0.5600987822112584,25,30,10
37,1708,0.0011440809015606155,0.23867613305623006,0.20008100383095123,0.5600987822112584,25,30,10
37,1709,0.0011440809015606155,0.2387074196339688,0.20004971725321405,0.5600987822112568,25,30,10
37,1710,0.0011440809015606155,0.2387074196339688,0.2000481213386628,0.560100378125808,25,30,10
37,1711,0.0011440809015606155,0.23868514127804893,0.20007039969448515,0.5601003781259056,25,30,10
37,1712,0.0011440809015611298,0.23978158908677202,0.19897395187707342,0.5601003781345938,25,30,10
37,1713,0.0011440809015611298,0.23978158230529856,0.19897395865854692,0.5601003781345938,25,30,10
37,1714,0.0011440809015611298,0.23978158230529856,0.1989739572470658,0.5601003795460748,25,30,10
37,1715,0.0011440809015611298,0.23978158219581477,0.19897229124986032,0.5601020456527642,25,30,10
37,1716,0.0011440812749057903,0.23978158220490567,0.19897229083100115,0.5601020456891876,25,30,10
37,1717,0.0011440812749057903,0.23978158220490567,0.1989724053008326,0.560101931219356,25,30,10
37,1718,1.2164161437850816e-07,0.23978120374458925,0.19079054858439615,0.5694281260294003,25,30,10
37,1719,1.2164161437850816e-07,0.23978120374458925,0.19116365362718496,0.5690550209866115,25,30,10
37,1720,1.2164161437858802e-07,0.239781203742885,0.1557538519262853,0.6044648226892155,25,30,10
37,1721,1.2167813781340418e-07,0.23978136311332715,0.15575537504908232,0.6044631401594528,25,30,10
37,1722,1.2167813781340418e-07,0.23980378662573856,0.15573295153676842,0.6044631401593553,25,30,10
37,1723,1.2167813780886017e-07,0.24104252145986066,0.15449421670264626,0.6044631401593553,25,30,10
37,1724,1.2167813780886017e-07,0.24104252145986066,0.15449421720170212,0.6044631396602995,25,30,10
37,1725,1.2167813780886017e-07,0.24104252145986066,0.1544943326198192,0.6044630242421823,25,30,10
37,1726,1.2167813780886017e-07,0.24104251133594343,0.15449434274373647,0.6044630242421823,25,30,10
37,1727,1.2167813780886017e-07,0.24104251133594343,0.15449438272591207,0.6044629842600067,25,30,10
37,1728,1.2167813780886017e-07,0.24104251133594343,0.15449442272082006,0.6044629442650986,25,30,10
37,1729,1.492321240233615e-06,0.24104251135414792,0.1324876007709284,0.6264683955536835,25,30,10
37,1730,1.6381774077517857e-06,0.24155166691268692,0.13197831245256464,0.6264683824573407,25,30,10
37,1731,1.6381774077517902e-06,0.24155166691268692,0.13161181362761512,0.6268348812822903,25,30,10
37,1732,1.6381774077517902e-06,0.24155131183939743,0.13161216870090467,0.6268348812822903,25,30,10
37,1733,1.6381774077517902e-06,0.24155131183939743,0.13161208129142474,0.6268349686917702,25,30,10
37,1734,1.6381774077517902e-06,0.24155131183939743,0.1316120792582261,0.6268349707249687,25,30,10
37,1735,1.6381774077517902e-06,0.24155131183939743,0.13160979966528277,0.6268372503179122,25,30,10
37,1736,1.6381774077517902e-06,0.24155131183939743,0.13160974561458627,0.6268373043686085,25,30,10
37,1737,1.6381774077517902e-06,0.2415823979116321,0.13157865954235165,0.6268373043686085,25,30,10
37,1738,1.6381774077517902e-06,0.2415823979116321,0.13158336284214237,0.6268326010688179,25,30,10
37,1739,1.638177407231833e-06,0.24048630581321653,0.13267945494924663,0.6268326010601296,25,30,10
37,1740,1.638177407231833e-06,0.24050870622042736,0.13265705454203588,0.6268326010601296,25,30,10
37,1741,1.638177407231833e-06,0.24050870639884078,0.13265705436362246,0.6268326010601296,25,30,10
37,1742,1.4922847162789793e-06,0.23999939771044,0.13316650916963035,0.6268326008352133,25,30,10
37,1743,3.7994190217444785e-10,0.23999939768888892,0.12460253083001023,0.635398071101159,25,30,10
37,1744,3.799419021701348e-10,0.23999939768888892,0.12459592462245173,0.6354046773087175,25,30,10
37,1745,3.799419021701601e-10,0.23999899763164323,0.12459632467969742,0.6354046773087175,25,30,10
37,1746,3.799419021701601e-10,0.23999899763164323,0.12459632467944105,0.6354046773089739,25,30,10
37,1747,3.799419021701601e-10,0.23999899763164323,0.12459640720257723,0.6354045947858377,25,30,10
37,1748,3.799419021701601e-10,0.23999899763164323,0.12459640719251533,0.6354045947958997,25,30,10
37,1749,3.7994190218725545e-10,0.23999899764545676,0.12496955862280151,0.6350314433517998,25,30,10
37,1750,5.424540697154439e-09,0.23999899763667487,0.12496955601962229,0.6350314409191623,25,30,10
37,1751,5.424540696936767e-09,0.23999899763645832,0.12037935773223747,0.6396216392067636,25,30,10
37,1752,5.424540696936767e-09,0.23999899763645832,0.12037935770731885,0.6396216392316821,25,30,10
37,1753,5.424540696937128e-09,0.23999845493565075,0.12037990040812646,0.6396216392316821,25,30,10
37,1754,5.424540696937103e-09,0.23999846166818523,0.12037989367559193,0.6396216392316821,25,30,10
37,1755,5.424540696937101e-09,0.23999846166818523,0.12037985439242808,0.6396216785148459,25,30,10
37,1756,5.424540696937101e-09,0.23999846166818523,0.12037985441240229,0.6396216784948716,25,30,10
37,1757,5.424540696937101e-09,0.23999846166818523,0.12037985570915188,0.639621677198122,25,30,10
37,1758,5.424540696937101e-09,0.23827999460037552,0.12209832277696156,0.639621677198122,25,30,10
37,1759,5.424540696937101e-09,0.23827999460037552,0.12209832275695943,0.6396216772181242,25,30,10
37,1760,5.424540696937101e-09,0.23827999460037552,0.1220983227567873,0.6396216772182963,25,30,10
37,1761,5.424540696937101e-09,0.23827999460037552,0.12209832275695996,0.6396216772181237,25,30,10
37,1762,5.424537501444485e-09,0.23827999460037547,0.12209823819219733,0.6396217617828897,25,30,10
37,1763,5.424537501444485e-09,0.23828037834874874,0.12209785444382405,0.6396217617828897,25,30,10
37,1764,5.424537501464054e-09,0.23704219883066346,0.1233360339618148,0.6396217617829841,25,30,10
37,1765,5.424537501464054e-09,0.23704219883066346,0.12333591949200598,0.6396218762527931,25,30,10
37,1766,5.424537501464054e-09,0.23704219883066346,0.12333591948323487,0.6396218762615641,25,30,10
37,1767,5.4245375014640555e-09,0.23704219883066346,0.12333591948391205,0.639621876260887,25,30,10
37,1768,5.4245375014640555e-09,0.23704219883066346,0.12333595947855076,0.6396218362662482,25,30,10
37,1769,5.424537501444126e-09,0.23704219901661663,0.12333595929269216,0.6396218362661537,25,30,10
37,1770,5.424537501444165e-09,0.1993671525844768,0.1610110057162247,0.6396218362747608,25,30,10
37,1771,5.424537501444165e-09,0.1993671525844768,0.16101097724330032,0.6396218647476852,25,30,10
37,1772,5.424537501444165e-09,0.1993671525844768,0.16138408231087634,0.6392487596801092,25,30,10
37,1773,5.424537501444165e-09,0.19936769595792256,0.1613835389374306,0.6392487596801092,25,30,10
37,1774,5.424537501444165e-09,0.20064991550511593,0.16010131939023722,0.6392487596801092,25,30,10
37,1775,5.424537501444165e-09,0.20064991550511593,0.1601013179682617,0.6392487611020846,25,30,10
37,1776,5.4979787709162764e-09,0.19956369974348312,0.16118603213493657,0.6392502626236013,25,30,10
37,1777,5.4979787709162764e-09,0.19956369974348312,0.1611859516096793,0.6392503431488585,25,30,10
37,1778,5.4979787709162764e-09,0.19956370890556424,0.16118594244759823,0.6392503431488585,25,30,10
37,1779,4.519431219234082e-10,0.19956373788966808,0.16118578036294565,0.6392504812954433,25,30,10
37,1780,4.519431219234082e-10,0.19956373788966808,0.16119238657005033,0.6392438750883387,25,30,10
37,1781,4.519431219234082e-10,0.19956373788885945,0.16119238657085905,0.6392438750883387,25,30,10
37,1782,4.519431219234082e-10,0.19956373788885945,0.16119238857925342,0.6392438730799443,25,30,10
37,1783,4.519431219234082e-10,0.19956373788885945,0.16119236007071883,0.6392439015884789,25,30,10
37,1784,4.519431219234082e-10,0.19956373788885945,0.16118575382835762,0.6392505078308401,25,30,10
37,1785,4.519492669320482e-10,0.19956372420652996,0.16118576750156052,0.6392505078399606,25,30,10
37,1786,4.5194355235394467e-10,0.19956373153965068,0.161185760177566,0.6392505078308401,25,30,10
37,1787,4.519435523539447e-10,0.19956373153965068,0.16118105891068604,0.6392552090977202,25,30,10
37,1788,4.519435523539447e-10,0.19956373165670702,0.16118105879362968,0.6392552090977202,25,30,10
37,1789,4.519435523539447e-10,0.19956373165670702,0.16118105589877163,0.6392552119925781,25,30,10
37,1790,4.5194355235394337e-10,0.19956373165670702,0.16118105544284322,0.6392552124485064,25,30,10
37,1791,4.519435523539435e-10,0.19956373165670702,0.16118105689035464,0.6392552110009951,25,30,10
37,1792,4.519435523539435e-10,0.19956373165670702,0.16118105488228346,0.6392552130090662,25,30,10
37,1793,4.5194355235394875e-10,0.19956373165670702,0.1611810974195594,0.6392551704717903,25,30,10
37,1794,4.519435523539298e-10,0.19956412498616946,0.16118070409009708,0.6392551704717903,25,30,10
37,1795,4.519435523539298e-10,0.19956412498616946,0.16081230232258753,0.6396235722392998,25,30,10
37,1796,3.7995348244743993e-10,0.19956411957011308,0.16071741086896502,0.6397184691809685,25,30,10
37,1797,3.7995348244743993e-10,0.19956411957011308,0.1607174094210949,0.6397184706288386,25,30,10
37,1798,3.7995348244743993e-10,0.1995641192848802,0.16071740970632778,0.6397184706288386,25,30,10
37,1799,3.7995348244743993e-10,0.1995641192848802,0.16071732862991883,0.6397185517052477,25,30,10
37,1800,3.7995348244743357e-10,0.19956412613539815,0.16071732177940085,0.6397185517052477,25,30,10
37,1801,3.7995348244743357e-10,0.19956412613539815,0.16071732177816792,0.6397185517064805,25,30,10
37,1802,3.7995348244743357e-10,0.19956412613539815,0.1607173197441012,0.6397185537405472,25,30,10
37,1803,3.7995348244743357e-10,0.19956412613539815,0.16080961541330419,0.6396262580713442,25,30,10
37,1804,3.799534824474334e-10,0.19956412334513554,0.16080961820356673,0.6396262580713442,25,30,10
37,1805,3.799534824474334e-10,0.19956412334513554,0.16081124107879233,0.6396246351961187,25,30,10
37,1806,3.799534824474334e-10,0.19956412334513554,0.1608112431116525,0.6396246331632585,25,30,10
37,1807,3.799534824474334e-10,0.19956412334513554,0.1608112431200745,0.6396246331548364,25,30,10
37,1808,3.7995348244773606e-10,0.19956412335907625,0.16081948845303734,0.6396163878079331,25,30,10
37,1809,3.7995348244773606e-10,0.19956412335907625,0.16081952844791952,0.6396163478130509,25,30,10
37,1810,3.799534964607696e-10,0.19956412335907633,0.16082609474018653,0.6396097815207836,25,30,10
37,1811,3.799534964607696e-10,0.19956411645942534,0.16082610163983752,0.6396097815207836,25,30,10
37,1812,3.799534964607696e-10,0.199532655925308,0.160857562173955,0.6396097815207836,25,30,10
37,1813,4.360158795448702e-10,0.1995462442772961,0.16084280743477866,0.6396109478519093,25,30,10
37,1814,3.813768930941028e-10,0.1995323003241837,0.16085791777365568,0.6396097815207836,25,30,10
37,1815,3.813768930941028e-10,0.19956364170242022,0.16082657639541914,0.6396097815207836,25,30,10
37,1816,3.8137689309410287e-10,0.19956364170242022,0.16082657986774218,0.6396097780484606,25,30,10
37,1817,3.8137689309410287e-10,0.19956364170242022,0.16082653990875195,0.6396098180074508,25,30,10
37,1818,3.8137689309410287e-10,0.19956364170242022,0.16082654131210636,0.6396098166040965,25,30,10
37,1819,3.81376893094103e-10,0.19956364170242022,0.1608250023865206,0.6396113555296822,25,30,10
37,1820,3.81376893094103e-10,0.19956364170242022,0.16073270674316759,0.6397036511730352,25,30,10
37,1821,3.81376893094103e-10,0.19956345118468266,0.16073289726090517,0.6397036511730352,25,30,10
37,1822,3.81376893094103e-10,0.19956345118468266,0.16073289725019227,0.6397036511837482,25,30,10
37,1823,3.8137689309410287e-10,0.19956345118468266,0.16073289580232278,0.6397036526316178,25,30,10
37,1824,3.8137689309410287e-10,0.19956345118468266,0.16073289380479516,0.6397036546291454,25,30,10
37,1825,3.813768930938759e-10,0.19956345117074195,0.1607246864692874,0.6397118619785938,25,30,10
37,1826,3.813768930938759e-10,0.19956345117074195,0.16084990983479358,0.6395866386130874,25,30,10
37,1827,3.81376893093876e-10,0.1995636319906019,0.16084972901493363,0.6395866386130874,25,30,10
37,1828,3.81376893093876e-10,0.1995636319906019,0.16084973043793382,0.6395866371900872,25,30,10
37,1829,3.81376893093876e-10,0.1995636319906019,0.16084973047358958,0.6395866371544315,25,30,10
37,1830,3.813768790808425e-10,0.19956363199060181,0.1608432401041962,0.6395931275238252,25,30,10
37,1831,3.813768790808426e-10,0.19956363199060181,0.16084332263752477,0.6395930449904966,25,30,10
37,1832,3.813768790808426e-10,0.19956362525806637,0.16084332937006024,0.6395930449904966,25,30,10
37,1833,3.813768790807669e-10,0.19956362525806637,0.16084328933925973,0.6395930850212971,25,30,10
37,1834,3.813768790807669e-10,0.19956362525806637,0.16084328934891992,0.6395930850116368,25,30,10
37,1835,3.813768790807669e-10,0.19956362525806637,0.16084317343051263,0.6395932009300441,25,30,10
37,1836,3.813768790807669e-10,0.19956362525806637,0.16084317343051624,0.6395932009300406,25,30,10
37,1837,3.8137687908076674e-10,0.19956324167981246,0.16084355700877015,0.6395932009300406,25,30,10
37,1838,3.8137687908076674e-10,0.19956324167981246,0.16084355842086942,0.6395931995179414,25,30,10
37,1839,3.8137687908076674e-10,0.19956324167981246,0.16084355641260653,0.6395932015262041,25,30,10
37,1840,3.8137687908076674e-10,0.19956324167981246,0.16084358837185517,0.6395931695669556,25,30,10
37,1841,3.8137687908076674e-10,0.19956324167981246,0.1608482902247504,0.6395884677140602,25,30,10
37,1842,3.8137687908076674e-10,0.19956324167981246,0.16084829018865626,0.6395884677501544,25,30,10
37,1843,3.8137687908076674e-10,0.19956324167981246,0.16084361536167655,0.6395931425771342,25,30,10
37,1844,3.813768790807681e-10,0.19956324167981246,0.16084361736070982,0.6395931405781008,25,30,10
37,1845,3.813768790807681e-10,0.19956268931330695,0.16084416972721535,0.6395931405781008,25,30,10
37,1846,3.813768790807681e-10,0.19956268931330695,0.1608441682794382,0.6395931420258781,25,30,10
37,1847,3.813768790807681e-10,0.19956268931330695,0.16084416685725525,0.639593143448061,25,30,10
37,1848,3.8137687908076803e-10,0.19956268931330695,0.1608440843233087,0.6395932259820075,25,30,10
37,1849,3.8137687908076803e-10,0.19956268931330695,0.1608440843589649,0.6395932259463512,25,30,10
37,1850,3.813768790807743e-10,0.19954066860390515,0.1608661050683666,0.6395932259463514,25,30,10
37,1851,3.8137687908077423e-10,0.19954066860390515,0.16086598913452765,0.6395933418801902,25,30,10
37,1852,3.8137688666753445e-10,0.19954066236524498,0.16086429951352957,0.6395950377398484,25,30,10
37,1853,3.8137688665043916e-10,0.19954066235143145,0.16049114810819737,0.6399681891589942,25,30,10
37,1854,3.813768866504453e-10,0.1999454327621185,0.1600863776975102,0.6399681891589942,25,30,10
37,1855,3.813768866504454e-10,0.1999454327621185,0.16008637970570733,0.6399681871507971,25,30,10
37,1856,3.813768799623844e-10,0.19994543276115817,0.16008806069469206,0.6399665061627726,25,30,10
37,1857,3.813768799623857e-10,0.19994543276115817,0.16021758431274222,0.6398369825447225,25,30,10
37,1858,3.813768799623857e-10,0.19994543276115817,0.16021758433240982,0.6398369825250549,25,30,10
37,1859,3.813771470458129e-10,0.19991580978531978,0.16024720730824793,0.6398369825250549,25,30,10
37,1860,9.55178222965827e-12,0.19991578079209227,0.160247374777122,0.6398368444212342,25,30,10
37,1861,9.551782229656944e-12,0.19991578079209227,0.16024737419018448,0.6398368450081717,25,30,10
37,1862,0.022313247770981082,0.19991578079558459,0.13793412645135766,0.6398368449820765,25,30,10
37,1863,0.022313247770981082,0.19991578079558459,0.1379341264509549,0.6398368449824793,25,30,10
37,1864,0.022313247770981082,0.19993818793133236,0.13791171931520718,0.6398368449824793,25,30,10
37,1865,0.022313247770981082,0.19993818793133236,0.13804124134124765,0.6397073229564387,25,30,10
37,1866,0.02231324777098082,0.19994555529833913,0.13803387397424116,0.6397073229564387,25,30,10
37,1867,0.02231324777098082,0.19994555529833913,0.1379086506097952,0.6398325463208847,25,30,10
37,1868,0.02231324777098082,0.19996929276004535,0.13788491314808904,0.6398325463208847,25,30,10
37,1869,0.02231324777098082,0.19996929276004535,0.13788491318438192,0.6398325462845917,25,30,10
37,1870,0.02231324777098082,0.19993795138113848,0.13791625456328874,0.639832546284592,25,30,10
37,1871,0.02231324777098082,0.19996074995176044,0.1378934559926668,0.639832546284592,25,30,10
37,1872,0.02231324777098082,0.19996074995176044,0.13789345395948024,0.6398325483177785,25,30,10
37,1873,0.02231324777098082,0.19995303002197043,0.13790117388926856,0.6398325483177801,25,30,10
37,1874,0.02231324777098082,0.19995303002197043,0.13790117391399606,0.6398325482930527,25,30,10
37,1875,0.02231324777098082,0.19995303002197043,0.1379011739142534,0.6398325482927953,25,30,10
37,1876,0.02231330357086323,0.19997011690870584,0.13333686633670233,0.6443797131837286,25,30,10
37,1877,0.02231330357086323,0.19997011690870584,0.13329964310650858,0.6444169364139224,25,30,10
37,1878,0.02231330357086323,0.19997011690870584,0.13329964427140292,0.644416935249028,25,30,10
37,1879,0.02231330357086323,0.19997011690870584,0.1332996158230898,0.6444169636973411,25,30,10
37,1880,0.02231330357086323,0.19997785645053534,0.13329187628126027,0.6444169636973411,25,30,10
37,1881,0.02231330357086323,0.19997785645053534,0.13329187831472336,0.644416961663878,25,30,10
37,1882,0.022313303570906103,0.19997785654186778,0.13329185381256894,0.6444169860746571,25,30,10
37,1883,0.022313303570906103,0.19997785654186778,0.13328715051267606,0.6444216893745501,25,30,10
37,1884,0.015327473409465395,0.19997785681222854,0.1400313298831116,0.6446633398951949,25,30,10
37,1885,0.015327473409465395,0.19997785681222854,0.14003132990789285,0.6446633398704136,25,30,10
37,1886,0.015327473409465395,0.19997785681222854,0.14003132790991912,0.6446633418683874,25,30,10
37,1887,0.015327473409465395,0.19997785681222854,0.14003132649843766,0.6446633432798687,25,30,10
37,1888,0.015327473409465395,0.19997785681222854,0.1400314104856282,0.6446632592926782,25,30,10
37,1889,0.015327417608131786,0.19996076981631525,0.14469208689443522,0.6400197256811179,25,30,10
37,1890,0.015327417608132226,0.19996076981631583,0.144692116636442,0.6400196959391101,25,30,10
37,1891,0.015327417608132226,0.19996076981631583,0.14469211662025133,0.6400196959553007,25,30,10
37,1892,0.015327417608132343,0.1999607698153886,0.14469210225247137,0.6400197103240078,25,30,10
37,1893,0.01532741760813234,0.1999607698153886,0.1446920182768145,0.6400197942996647,25,30,10
37,1894,0.015327417606665646,0.19996076983345787,0.1446920134344955,0.6400197991253812,25,30,10
37,1895,0.015327417606665646,0.19996076983345787,0.14469201340987548,0.6400197991500012,25,30,10
37,1896,0.015327417606665646,0.19996076983345787,0.14456249123958856,0.640149321320288,25,30,10
37,1897,0.015327417606665646,0.19996077245874397,0.14456248861430254,0.640149321320288,25,30,10
37,1898,0.015327417606665646,0.19996077245874397,0.1445624871920632,0.6401493227425274,25,30,10
37,1899,0.015327417606665646,0.1999681052925655,0.14455515435824337,0.6401493227425257,25,30,10
37,1900,0.015327417606665646,0.19996755629681964,0.14455570335398923,0.6401493227425257,25,30,10
37,1901,0.015327417606665646,0.19996755629681964,0.14455570478946403,0.6401493213070509,25,30,10
37,1902,0.015327417606665646,0.19996755629681964,0.14455570678655394,0.6401493193099611,25,30,10
37,1903,0.015327417606665646,0.19996755629681964,0.14455570678593602,0.6401493193105791,25,30,10
37,1904,0.015327417606665646,0.19996755629681964,0.14455570535108372,0.6401493207454313,25,30,10
37,1905,0.015327417606665646,0.19996755629681964,0.14455570534020137,0.6401493207563136,25,30,10
37,1906,0.015327417606665646,0.19996755629681964,0.1445579849607421,0.6401470411357729,25,30,10
37,1907,0.015327417606665646,0.19996755629681964,0.14455809358444852,0.6401469325120666,25,30,10
37,1908,0.015327417606665646,0.19996755629681964,0.14456029889236077,0.6401447272041542,25,30,10
37,1909,0.015327417606665646,0.19996756314382214,0.14456029204535828,0.6401447272041542,25,30,10
37,1910,0.015327417606665646,0.19996756314382214,0.1445602908614297,0.6401447283880828,25,30,10
37,1911,0.015327417606665646,0.19996756314382214,0.1445602935957094,0.640144725653803,25,30,10
37,1912,0.015327417606665646,0.19996756314382214,0.14456029501869888,0.6401447242308136,25,30,10
37,1913,0.015327417606665646,0.19996756314382214,0.14456037751702566,0.6401446417324866,25,30,10
37,1914,0.015327417606665646,0.19996716017157945,0.14456078048926674,0.6401446417324884,25,30,10
37,1915,0.015327417606665646,0.1999675630227978,0.14456037763805005,0.6401446417324866,25,30,10
37,1916,0.015327417606665646,0.1999675630227978,0.14456037811248115,0.6401446412580556,25,30,10
37,1917,0.015327417606665646,0.1999675630227979,0.14456502119446513,0.6401399981760716,25,30,10
37,1918,0.015327417606665646,0.1999675630227979,0.1445628158969879,0.6401422034735488,25,30,10
37,1919,0.015327417606665646,0.19996795006007662,0.14456242885970913,0.6401422034735488,25,30,10
37,1920,0.015327417606665646,0.19996795006007662,0.14456242428544638,0.6401422080478116,25,30,10
37,1921,0.015327417606665646,0.1999679502280544,0.1445624241174686,0.6401422080478116,25,30,10
37,1922,0.03849733844409918,0.1999679506477714,0.121634153367864,0.6399005575402658,25,30,10
37,1923,0.03849733844409918,0.1999679506477714,0.1216341543058508,0.639900556602279,25,30,10
37,1924,0.03849733844409918,0.1999679506477714,0.12163407178319158,0.6399006391249381,25,30,10
37,1925,0.03849733844409875,0.19996795064780393,0.12163404255181762,0.6399006683562797,25,30,10
37,1926,0.03849733844409875,0.19996795064780393,0.12163404398710476,0.6399006669209926,25,30,10
37,1927,0.03849733844409875,0.19996795064780393,0.12163404400371629,0.639900666904381,25,30,10
37,1928,0.03849733844409875,0.19999942748986882,0.12160256716165138,0.639900666904381,25,30,10
37,1929,0.03849733844409875,0.19999942748986882,0.12160256572282108,0.6399006683432112,25,30,10
37,1930,0.03849733844409875,0.19997661951244383,0.12162537370024605,0.6399006683432112,25,30,10
37,1931,0.03849733844409875,0.19997661951244383,0.12162537428549415,0.6399006677579632,25,30,10
37,1932,0.038497338444098785,0.1824947020059749,0.13910728162145175,0.6399006779284746,25,30,10
37,1933,0.038497338444098785,0.1824947020059749,0.1391095607241521,0.6398983988257742,25,30,10
37,1934,0.038497338444098785,0.1824947020059749,0.13910956075997738,0.6398983987899488,25,30,10
37,1935,0.038497338444098785,0.1824947020059749,0.13910956279320918,0.639898396756717,25,30,10
37,1936,0.038497338444098785,0.1824947020059749,0.1390173496474202,0.639990609902506,25,30,10
37,1937,0.038497338444098785,0.1824947020059749,0.13901734961222081,0.6399906099377054,25,30,10
37,1938,0.038497338444098785,0.1824947020059749,0.1390150700176868,0.6399928895322394,25,30,10
37,1939,0.038497338444098785,0.1824947020059749,0.1390150691367117,0.6399928904132145,25,30,10
37,1940,0.038497338444098785,0.1824947020059749,0.139281400829212,0.6397265587207143,25,30,10
37,1941,0.038497338444098785,0.1824947020059749,0.13928140085353682,0.6397265586963896,25,30,10
37,1942,0.038497338444099055,0.18247609921440586,0.13930000364510392,0.6397265586963913,25,30,10
37,1943,0.03849733844535536,0.18247609921606048,0.13445978080726603,0.6445667815313181,25,30,10
37,1944,0.03849733844535536,0.18247610617519983,0.13445977384812677,0.6445667815313181,25,30,10
37,1945,0.03849733844535536,0.18247555845906469,0.1344603215642619,0.6445667815313181,25,30,10
37,1946,0.03849733844535536,0.18247555845906469,0.13446348468865824,0.6445636184069218,25,30,10
37,1947,0.03849733844535536,0.18247555845906477,0.13472506538317539,0.6443020377124046,25,30,10
37,1948,0.03849733844535536,0.18247555845906477,0.13472506694271316,0.6443020361528667,25,30,10
37,1949,0.038497338445355245,0.18247555846094776,0.1346286611166639,0.6443984419770331,25,30,10
37,1950,0.03849733844409894,0.18247555845929303,0.13937573859391272,0.6396513645026956,25,30,10
37,1951,0.03849733844409894,0.18247555845929303,0.13937573860420124,0.639651364492407,25,30,10
37,1952,0.03849733844409894,0.18247555845929303,0.1393757365957238,0.6396513665008844,25,30,10
37,1953,0.03849733844409894,0.18247555845929303,0.1393757365701233,0.6396513665264849,25,30,10
37,1954,0.03849733844409894,0.18247555845929303,0.13937569403286576,0.6396514090637425,25,30,10
37,1955,0.03849733844409894,0.18247555845929303,0.13937257086789853,0.6396545322287097,25,30,10
37,1956,0.03849733844409894,0.18247555845929303,0.13937257084271473,0.6396545322538936,25,30,10
37,1957,0.0009638472645700462,0.18247555776572016,0.17690606274557136,0.6396545322241386,25,30,10
37,1958,0.0009638472645763243,0.1824755640020794,0.17700249157371634,0.6395580971596281,25,30,10
37,1959,0.0009638473437824729,0.18247555818946523,0.1770023816741588,0.6395582127925937,25,30,10
37,1960,0.024343648192396882,0.18247555776380403,0.15362269689332536,0.6395580971504738,25,30,10
37,1961,0.026617277909423177,0.18247631497677028,0.13982125120177125,0.6510851559120354,25,30,10
37,1962,0.026617277909423177,0.18247631497677028,0.13982125121148598,0.6510851559023207,25,30,10
37,1963,0.026617277909423177,0.18247631497677028,0.13982125262342843,0.6510851544903783,25,30,10
37,1964,0.026617277909423177,0.18247631497677028,0.1398212526236442,0.6510851544901626,25,30,10
37,1965,0.026617277909423177,0.18247631497677028,0.13955491964378572,0.6513514874700208,25,30,10
37,1966,0.026617277909423177,0.18247631497677028,0.13955495962843076,0.6513514474853757,25,30,10
37,1967,0.026617277909423177,0.18247631497677028,0.13955496369495926,0.6513514434188472,25,30,10
37,1968,0.026617277909423177,0.18247631497677028,0.13955496370726142,0.651351443406545,25,30,10
37,1969,0.026617277909423177,0.18247631497677028,0.139554962284668,0.6513514448291384,25,30,10
37,1970,0.026617277909423177,0.18247631497677028,0.13955492373752626,0.6513514833762802,25,30,10
37,1971,0.0019153017953990503,0.1824755582483162,0.17577721466795843,0.6398319252883262,25,30,10
37,1972,0.0019153017953990503,0.1824755582483162,0.17577721416902276,0.6398319257872619,25,30,10
37,1973,0.0019153017953990503,0.1824755582483162,0.17577717423560177,0.6398319657206829,25,30,10
37,1974,0.0019153017953990503,0.1824755582483162,0.17577717424588768,0.639831965710397,25,30,10
37,1975,0.0019153017953990503,0.1824755582483162,0.17577717419853398,0.6398319657577507,25,30,10
37,1976,0.0019153017953990503,0.1824755582483162,0.17577489462125656,0.6398342453350282,25,30,10
37,1977,0.0019153017953990503,0.1824755582483162,0.17577481213336227,0.6398343278229224,25,30,10
37,1978,0.0019153017953990503,0.1824755582483162,0.1757748121084223,0.6398343278478624,25,30,10
37,1979,0.0019153017953990503,0.1824755582483162,0.17577481214453786,0.6398343278117469,25,30,10
37,1980,0.0019153017953990503,0.1824755582483162,0.1757748121797621,0.6398343277765227,25,30,10
37,1981,0.0019153017953990503,0.1824755582483162,0.17577480861253802,0.6398343313437467,25,30,10
37,1982,0.0019153017953990503,0.1824755582483162,0.17577481065448664,0.6398343293017981,25,30,10
37,1983,0.0019153017953990503,0.1824755582483162,0.17577480861245898,0.6398343313438257,25,30,10
37,1984,0.001915301795398783,0.18249416103904068,0.1757562058217366,0.6398343313438241,25,30,10
37,1985,0.0019153017953987452,0.1999760761170193,0.15827430091426925,0.6398343211733127,25,30,10
37,1986,0.001915301795398753,0.1999760760094957,0.15827433025828852,0.639834291936817,25,30,10
37,1987,0.001915301795398753,0.1999760760094957,0.15827433095978552,0.6398342912353201,25,30,10
37,1988,0.001915301795398753,0.1999760760094957,0.15827432978234485,0.6398342924127608,25,30,10
37,1989,0.001915301795398753,0.19996740023690573,0.15828300555493482,0.6398342924127608,25,30,10
37,1990,0.001915301795398753,0.19996740023690573,0.15828300355634342,0.6398342944113522,25,30,10
37,1991,0.0009638544477746231,0.19996740939892824,0.15924194240139697,0.6398267937519003,25,30,10
37,1992,0.0009638544477746231,0.19996740487795722,0.15924194692236804,0.6398267937519003,25,30,10
37,1993,0.0009638544477746231,0.19996740487795722,0.1592485531396388,0.6398201875346294,25,30,10
37,1994,0.0009638545598821719,0.19996740548018369,0.12903133462020297,0.6700374053397313,25,30,10
37,1995,0.0009638582295097152,0.19996739583813522,0.12903134060640434,0.6700374053259508,25,30,10
37,1996,0.0009638582295097152,0.19996739583813522,0.1290313815658787,0.6700373643664763,25,30,10
37,1997,0.0009638582295097152,0.19996794343530866,0.12903083396870532,0.6700373643664763,25,30,10
37,1998,0.0009638582295097152,0.19996794343530866,0.12903083331126164,0.6700373650239199,25,30,10
37,1999,0.0009792137742355373,0.19996794343864274,0.12862190108697547,0.6704309417001463,25,30,10
37,2000,0.0009792137742355373,0.19996794343864274,0.1286152948807547,0.670437547906367,25,30,10
37,2001,0.0009792137742355373,0.19996794343864274,0.12861541079854394,0.6704374319885776,25,30,10
37,2002,0.0009792137742355373,0.19996794343864274,0.12861537081413937,0.6704374719729823,25,30,10
37,2003,0.0009792137742355373,0.19996795307375925,0.12861536117902278,0.6704374719729823,25,30,10
37,2004,0.03953070160516485,0.19996795307376306,0.09006387334810233,0.6704374719729697,25,30,10
37,2005,0.03953070160516485,0.19996794958180406,0.0900638768400614,0.6704374719729697,25,30,10
37,2006,0.03953070160516485,0.19999942392501657,0.09003240249684884,0.6704374719729697,25,30,10
37,2007,0.03953070160516485,0.19999942392501657,0.09003240248611429,0.6704374719837043,25,30,10
37,2008,0.03953070160516485,0.19999997658200566,0.09003184982912521,0.6704374719837043,25,30,10
37,2009,0.0395307014930573,0.19999997597974953,0.08846345593413416,0.6720058665930589,25,30,10
37,2010,0.0395307014930573,0.19999997597974953,0.08846345543464192,0.6720058670925512,25,30,10
37,2011,0.0395307014930573,0.18487787922311824,0.10358554095492593,0.6720058783288985,25,30,10
37,2012,0.039530701493057284,0.18487788556924176,0.10358553460880246,0.6720058783288985,25,30,10
37,2013,0.039530701493057284,0.18487788556924176,0.10358553458222207,0.672005878355479,25,30,10
37,2014,0.039530701493057284,0.18487789212282063,0.10358552802864321,0.672005878355479,25,30,10
37,2015,0.039530701493057284,0.1848778827746715,0.10358553737679234,0.672005878355479,25,30,10
37,2016,0.03951533509725054,0.18487788278459008,0.10399447804915303,0.6716123040690065,25,30,10
37,2017,0.03951533509725054,0.18487788278459008,0.10399610094146353,0.6716106811766962,25,30,10
37,2018,0.03951533509725054,0.18487788278459008,0.10399610088039948,0.6716106812377602,25,30,10
37,2019,0.03951533509725054,0.18487788278459008,0.10399610083459429,0.6716106812835655,25,30,10
37,2020,0.03951533509725054,0.18487788278459008,0.1042608123645682,0.6713459697535916,25,30,10
37,2021,0.0392103901773275,0.18487788279083772,0.1045657556091278,0.6713459714227075,25,30,10
37,2022,0.0392103901773275,0.18487788279083772,0.10429942262614864,0.6716123044056865,25,30,10
37,2023,0.0392103901773275,0.18487788279083772,0.10429942258277844,0.6716123044490568,25,30,10
37,2024,0.03921039017733131,0.19998907780511502,0.08918823880484457,0.6716122932127095,25,30,10
37,2025,0.03921039017733131,0.19998907780511502,0.08918823872451202,0.6716122932930421,25,30,10
37,2026,0.03921039017558031,0.1999891051570832,0.08918821376441173,0.6716122909029251,25,30,10
37,2027,0.0400399713276938,0.19999047351105823,0.08835714949163148,0.6716124056696168,25,30,10
37,2028,0.0400399713276938,0.19999047351105823,0.08835714948134546,0.6716124056799028,25,30,10
37,2029,0.0400399713276938,0.19999047351105478,0.08023753238737412,0.6797320227738772,25,30,10
37,2030,0.0400399713276938,0.19999047351105478,0.08023756082539092,0.6797319943358605,25,30,10
37,2031,0.040039971327689994,0.20000137530911602,0.08022665902733354,0.6797319943358605,25,30,10
37,2032,0.040039971327689994,0.20000137530911608,0.08022670046990166,0.6797319528932922,25,30,10
37,2033,0.03921069937277042,0.19999997958559418,0.08105748291504705,0.6797318381265886,25,30,10
37,2034,0.03921069977264358,0.19999997958543683,0.08105748247181531,0.6797318381701045,25,30,10
37,2035,0.03921069977264358,0.1999994619708264,0.08105800008642572,0.6797318381701045,25,30,10
37,2036,0.03921069977264358,0.1999994619708264,0.08105805554832006,0.6797317827082102,25,30,10
37,2037,0.03921069977264358,0.1999994619708265,0.08106014331758503,0.6797296949389451,25,30,10
37,2038,0.03921069977264358,0.1999994619708265,0.08106014535017855,0.6797296929063517,25,30,10
37,2039,0.03921069977264358,0.1999994619708265,0.08105854948555473,0.6797312887709753,25,30,10
37,2040,0.03921069977264358,0.19996799453697853,0.08109001691940271,0.6797312887709753,25,30,10
37,2041,0.03999132062357283,0.19996799453072708,0.08030939774384085,0.6797312871018596,25,30,10
37,2042,0.03999132062357283,0.19996799453072708,0.08030939845362331,0.679731286392077,25,30,10
37,2043,0.03999132062357283,0.19996799453072708,0.08030948095181119,0.6797312038938891,25,30,10
37,2044,0.03999132062357283,0.19996799453072708,0.08030948037378684,0.6797312044719134,25,30,10
37,2045,0.03999132062357283,0.19996799453072708,0.0803095081488931,0.6797311766968072,25,30,10
37,2046,0.03999132062357283,0.19995712835457322,0.08032037432504692,0.6797311766968072,25,30,10
37,2047,0.03999132062357283,0.19995712835457322,0.08032037287815308,0.679731178143701,25,30,10
37,2048,0.03999132062357283,0.19995713792640732,0.08032036330631896,0.679731178143701,25,30,10
37,2049,0.03999132062357327,0.19995713168782306,0.08032036954490274,0.679731178143701,25,30,10
37,2050,0.03999132062357327,0.19995713168782306,0.08032036954490274,0.679731178143701,25,30,10
37,2051,0.03999132062357327,0.19995713168782306,0.08032032910291748,0.6797312185856863,25,30,10
37,2052,0.039991016359533525,0.19995713168782028,0.08032063340900163,0.6797312185436454,25,30,10
37,2053,0.039991016359533525,0.19995713168782028,0.0803205779366751,0.6797312740159718,25,30,10
37,2054,0.039991016359533525,0.19995713168782028,0.0803204954135407,0.6797313565391062,25,30,10
37,2055,0.039991016359533525,0.1999568672015549,0.08032075989980612,0.6797313565391062,25,30,10
37,2056,0.039991016359533525,0.1999568672015549,0.08032075895115005,0.6797313574877621,25,30,10
37,2057,0.039991016359533525,0.19995686720155484,0.08031855730587434,0.6797335591330379,25,30,10
37,2058,0.03999101635953313,0.1999636262799126,0.08031179822751598,0.6797335591330389,25,30,10
37,2059,0.03999101635953313,0.19996362627991254,0.08031175823271909,0.6797335991278358,25,30,10
37,2060,0.03999101635953313,0.19996362627991254,0.08031175820778338,0.6797335991527714,25,30,10
37,2061,0.03999101635953313,0.19996362627991254,0.08031175768215337,0.6797335996784014,25,30,10
37,2062,0.03999101635953313,0.19996362627991254,0.08031175772749174,0.6797335996330631,25,30,10
37,2063,0.03999101635953313,0.19996362627991254,0.0803117591043447,0.6797335982562102,25,30,10
37,2064,0.03999101635953313,0.1999636262799126,0.08031338204089959,0.6797319753196551,25,30,10
37,2065,0.03999101635953925,0.19995721664615596,0.08031979116170046,0.6797319758326047,25,30,10
37,2066,0.03999101635953925,0.1999572166461558,0.08005345876149557,0.6799983082328097,25,30,10
37,2067,0.03999101635953925,0.19998868805098277,0.08002198735666859,0.6799983082328097,25,30,10
37,2068,0.03999101635953925,0.19998868805098277,0.08002361023280465,0.6799966853566736,25,30,10
37,2069,0.03999101635953925,0.19998868805098277,0.08002358244892357,0.6799967131405544,25,30,10
37,2070,0.03999101635953925,0.19998868805098277,0.08002358319566495,0.6799967123938131,25,30,10
37,2071,0.03999101635953925,0.19998868805098277,0.08002200028908919,0.6799982953003889,25,30,10
37,2072,0.03999101635953925,0.19998868805098277,0.08002208137306034,0.6799982142164178,25,30,10
37,2073,0.03999101635953936,0.19998833849885103,0.08002243143814244,0.6799982137034672,25,30,10
37,2074,0.03999101635953936,0.19998833849885533,0.08002405637801041,0.6799965887635949,25,30,10
37,2075,0.03999101635953936,0.19998778466535938,0.08002461021150463,0.6799965887635966,25,30,10
37,2076,0.03999101635953936,0.19998778466535938,0.08002461022177214,0.6799965887533291,25,30,10
37,2077,0.03999101635953936,0.19826987703095475,0.08174251785617852,0.6799965887533275,25,30,10
37,2078,0.03999101635953936,0.19826987703095475,0.08174251650083879,0.6799965901086671,25,30,10
37,2079,0.03999101635953936,0.19826987703095475,0.08174251652463753,0.6799965900848683,25,30,10
37,2080,0.03999101635953936,0.1970311448753324,0.0829812486802599,0.6799965900848683,25,30,10
37,2081,0.03999101635953936,0.19703114487532808,0.08297962374098018,0.6799982150241523,25,30,10
37,2082,0.03999101635953936,0.19703114487532808,0.0829796237427784,0.679998215022354,25,30,10
37,2083,0.03999101635953936,0.19703114487532808,0.08297973916098711,0.6799980996041454,25,30,10
37,2084,0.03999103272568917,0.19703114487532816,0.08297972279629949,0.6799980996026835,25,30,10
37,2085,0.03999103768215034,0.19703114488414566,0.08297971778899418,0.6799980996447101,25,30,10
37,2086,0.03999103768215034,0.19703114488414566,0.08297971780186802,0.6799980996318362,25,30,10
37,2087,0.03999103768215034,0.19703114488414566,0.08297968936383272,0.6799981280698715,25,30,10
37,2088,0.03999103768215034,0.19703114488414566,0.08297968936325216,0.679998128070452,25,30,10
37,2089,0.03999103768215034,0.19703114488414566,0.08297968937181684,0.6799981280618873,25,30,10
37,2090,0.03999103235748716,0.19703114487532805,0.08297969474659984,0.6799981280205851,25,30,10
37,2091,0.03999103235748716,0.19703114487532805,0.08297969822767876,0.6799981245395061,25,30,10
37,2092,0.03999103235748716,0.19703114487532805,0.08297969889367,0.679998123873515,25,30,10
37,2093,0.03999103235748716,0.19703114487532805,0.08297966095760877,0.6799981618095761,25,30,10
37,2094,0.03999103235748716,0.19703114487532805,0.08297974206896211,0.679998080698223,25,30,10
37,2095,0.03999103235748716,0.19703114487532805,0.08297965956199446,0.6799981632051905,25,30,10
37,2096,0.03999103235748716,0.19703114487532805,0.08297965815039136,0.6799981646167936,25,30,10
37,2097,0.03999103235748716,0.19703114487532805,0.08297965609179596,0.6799981666753889,25,30,10
37,2098,0.03999103235748716,0.19703114487532805,0.08297969608579617,0.6799981266813887,25,30,10
37,2099,0.03999103235748716,0.1970314070326883,0.08297943392843597,0.6799981266813887,25,30,10
37,2100,0.03999977833095507,0.1970314070326883,0.08297068795496813,0.6799981266813886,25,30,10
37,2101,0.03999977833095507,0.1970314070326883,0.08297080242480348,0.6799980122115531,25,30,10
37,2102,3.4894683261923026e-08,0.19703140704165925,0.12297054461174912,0.6799980134519084,25,30,10
37,2103,3.4894683261923026e-08,0.1970422539501347,0.1229596977032737,0.6799980134519084,25,30,10
37,2104,3.4894683261923026e-08,0.1970422539501347,0.12295969771962867,0.6799980134355533,25,30,10
37,2105,3.489468326192295e-08,0.1970422539501347,0.1229596171073732,0.6799980940478088,25,30,10
37,2106,3.4894683261922947e-08,0.19876016848233394,0.12124170257517396,0.6799980940478088,25,30,10
37,2107,3.4894683261922947e-08,0.19876016848233394,0.12124173101214782,0.679998065610835,25,30,10
37,2108,1.2585564874978431e-06,0.19876016847336303,0.12124050859965652,0.6799980643704928,25,30,10
37,2109,1.2585564874978433e-06,0.1999979546357909,0.12000272243713103,0.6799980643705905,25,30,10
37,2110,1.2585564874978433e-06,0.19999847931504558,0.12000219775787638,0.6799980643705905,25,30,10
37,2111,1.2585564874978433e-06,0.19999847931504558,0.12000219779356253,0.6799980643349044,25,30,10
37,2112,1.2585564874978433e-06,0.19999847931504558,0.12000216936535217,0.6799980927631146,25,30,10
37,2113,1.2585564877649173e-06,0.1999668655388355,0.12003378314146453,0.6799980927632121,25,30,10
37,2114,1.2585564877649173e-06,0.1999668655388355,0.12003606277227034,0.6799958131324064,25,30,10
37,2115,1.2585564877649173e-06,0.1999668655388355,0.12004076602830553,0.6799911098763712,25,30,10
37,2116,1.2585564877649173e-06,0.1999668778025155,0.1200407537646255,0.6799911098763712,25,30,10
37,2117,1.2585564877649173e-06,0.1999668778025155,0.12003847616723747,0.6799933874737591,25,30,10
37,2118,1.2585564877649173e-06,0.1999668778025155,0.12013077183535716,0.6799010918056395,25,30,10
37,2119,1.2585564877649173e-06,0.1999668778025155,0.12013077133597645,0.6799010923050202,25,30,10
37,2120,1.2585564877649173e-06,0.1999668778025155,0.12013076855656658,0.6799010950844301,25,30,10
37,2121,1.2585564877649173e-06,0.1999668778025155,0.12013076652376294,0.6799010971172338,25,30,10
37,2122,1.2585564877649173e-06,0.1999668778025155,0.12013076594666156,0.6799010976943352,25,30,10
37,2123,1.2585564877649173e-06,0.1999668778025155,0.12013076597099008,0.6799010976700067,25,30,10
37,2124,1.2585564877649173e-06,0.1999668778025155,0.12013076452368995,0.6799010991173069,25,30,10
37,2125,1.2585564877649173e-06,0.1999668778025155,0.12013076447335483,0.679901099167642,25,30,10
37,2126,2.13309842417239e-08,0.19996687780267575,0.12013200165593416,0.6799010992104059,25,30,10
37,2127,2.13309842417239e-08,0.19996687780267575,0.12013196170526978,0.6799011391610702,25,30,10
37,2128,2.1330984241723893e-08,0.19996687780267575,0.12003969450934687,0.6799934063569931,25,30,10
37,2129,2.1330984241723893e-08,0.19996687780267566,0.12003810004604071,0.6799950008202994,25,30,10
37,2130,2.1330984241723893e-08,0.19996687780267566,0.12003809934452842,0.6799950015218117,25,30,10
37,2131,2.1330984241723893e-08,0.19996687780267566,0.1200380659498731,0.6799950349164671,25,30,10
37,2132,2.1330984241723893e-08,0.19996687780267566,0.12003795006607647,0.6799951508002637,25,30,10
37,2133,2.1330984241723893e-08,0.19996687780267566,0.12003799001692184,0.6799951108494183,25,30,10
37,2134,2.1330984241723893e-08,0.19996687780267566,0.1200379899983519,0.6799951108679881,25,30,10
37,2135,2.1330984241723893e-08,0.19996687780267566,0.12003328669767813,0.6799998141686621,25,30,10
37,2136,2.1330984241723893e-08,0.19996687780267566,0.12003331517030831,0.6799997856960318,25,30,10
37,2137,2.1330984241723532e-08,0.19996782045349173,0.12003237251958974,0.6799997856959342,25,30,10
37,2138,2.1330984241723532e-08,0.19996782045349173,0.12003237455264185,0.6799997836628822,25,30,10
37,2139,0.003048029397692692,0.19996908079657985,0.11698310433556218,0.6799997854701653,25,30,10
37,2140,0.003048029397692692,0.19996908079657985,0.11698310431416163,0.6799997854915658,25,30,10
37,2141,0.003048029397692692,0.19996908079657985,0.11698310433079462,0.6799997854749329,25,30,10
37,2142,0.003048029397692692,0.19996908079657985,0.1169830783903245,0.679999811415403,25,30,10
37,2143,0.003048029397692692,0.19996908079657985,0.11698303985114115,0.6799998499545863,25,30,10
37,2144,0.003048029397692692,0.19996908079657985,0.1169830404282543,0.6799998493774733,25,30,10
37,2145,0.003048029397692692,0.19996908079657985,0.11724934638276557,0.6797335434229619,25,30,10
37,2146,0.003048029397692692,0.19996908079657985,0.11724934435035506,0.6797335454553725,25,30,10
37,2147,0.003048029397692692,0.19996908079657985,0.11724934232902086,0.6797335474767067,25,30,10
37,2148,0.003048029397692692,0.19996908079657985,0.11724934232945294,0.6797335474762746,25,30,10
37,2149,0.003048029397692692,0.19996908079657985,0.11724942483935111,0.6797334649663767,25,30,10
37,2150,0.003048029397692692,0.19996908079657985,0.11724945257552837,0.6797334372301992,25,30,10
37,2151,0.003048029397692425,0.20000029778626968,0.11721823558593454,0.6797334372301035,25,30,10
37,2152,0.003048029397692425,0.20000029778626968,0.11721820763929061,0.6797334651767474,25,30,10
37,2153,0.003048029397692425,0.20000029778626968,0.1172182908669452,0.6797333819490929,25,30,10
37,2154,0.003048029397692425,0.20000029778626968,0.1172182928882783,0.6797333799277596,25,30,10
37,2155,0.003048029397686211,0.20000047561447548,0.1172181150599982,0.6797333799278401,25,30,10
37,2156,0.003048029397686211,0.20000047561447548,0.11721811508399976,0.6797333799038385,25,30,10
37,2157,0.003048029397686211,0.20000047561447548,0.11695178065746546,0.6799997143303729,25,30,10
37,2158,0.003048029397686211,0.20000047561447548,0.11695189657555828,0.6799995984122801,25,30,10
37,2159,0.003048029397686211,0.20000047561447548,0.11695181409640887,0.6799996808914294,25,30,10
37,2160,0.003048029397686211,0.20000047561447548,0.11695173156112211,0.6799997634267162,25,30,10
37,2161,0.003048029397686211,0.19999992545949358,0.116952281716104,0.6799997634267162,25,30,10
37,2162,0.003048029397686211,0.19999992545949358,0.11695231440562387,0.6799997307371964,25,30,10
37,2163,0.003048029397686211,0.19999992545949358,0.11695243027899227,0.679999614863828,25,30,10
37,2164,0.003048029397686211,0.19999992545949358,0.11695243028332154,0.6799996148594987,25,30,10
37,2165,0.003048029397686211,0.19999992545949358,0.11695243229156645,0.6799996128512538,25,30,10
37,2166,0.003048029397686211,0.19999992545949358,0.1169525482174938,0.6799994969253266,25,30,10
37,2167,0.003048029397686211,0.19999992545949358,0.11695263023966004,0.6799994149031602,25,30,10
37,2168,0.003048029397686152,0.19999974774073842,0.11695280795849552,0.6799994149030799,25,30,10
37,2169,0.003048029397686152,0.19999974774073842,0.11695280596051952,0.6799994169010559,25,30,10
37,2170,0.003048029397686152,0.19999974774073842,0.11695269006780773,0.6799995327937677,25,30,10
37,2171,0.003048029397686152,0.19999974774073842,0.1169526880704494,0.6799995347911261,25,30,10
37,2172,0.003048029397686152,0.19999974774073842,0.11695268662310515,0.6799995362384702,25,30,10
37,2173,0.003048029397686152,0.19999974774073842,0.11695268659855743,0.679999536263018,25,30,10
37,2174,0.003048029397686152,0.19999974774073842,0.1169527911028364,0.679999431758739,25,30,10
37,2175,0.003048029399115157,0.20002000670313472,0.11693253213900827,0.6799994317587418,25,30,10
37,2176,0.003048029399115157,0.20002000670313472,0.11693245029206789,0.6799995136056822,25,30,10
37,2177,0.003048029399115157,0.20002000670313472,0.11693245029207561,0.6799995136056745,25,30,10
37,2178,0.003048029399115157,0.20002000670313472,0.11693253282601919,0.679999431071731,25,30,10
37,2179,0.003048029399115157,0.20002000670313472,0.11693261332475294,0.6799993505729972,25,30,10
37,2180,0.003048029399115157,0.20002000670313472,0.11702490896053679,0.6799070549372134,25,30,10
37,2181,0.003048029399115157,0.20002000670313472,0.11693261473642526,0.6799993491613249,25,30,10
37,2182,0.003048029399115157,0.20002000670313472,0.11693258629884486,0.6799993775989053,25,30,10
37,2183,0.003048029399115157,0.20002000670313472,0.11693247108253357,0.6799994928152165,25,30,10
37,2184,0.003048029399115157,0.19999814526374637,0.11695433252192185,0.6799994928152167,25,30,10
37,2185,0.003048029397686152,0.19997788629942945,0.11697459148767057,0.6799994928152138,25,30,10
37,2186,0.003048029397686152,0.19997788629942945,0.11697459145199457,0.6799994928508899,25,30,10
37,2187,0.003048029397686152,0.19997788629942945,0.11697465763929844,0.6799994266635859,25,30,10
37,2188,0.003048029397686152,0.19997788629942945,0.11697457711401665,0.6799995071888678,25,30,10
37,2189,0.003048029397686152,0.19997788629942945,0.11697449111926453,0.6799995931836199,25,30,10
37,2190,0.003048029397686152,0.1999784195703947,0.11697395784829928,0.6799995931836199,25,30,10
37,2191,0.0030482930444720013,0.19997842567301496,0.11697368809889308,0.6799995931836199,25,30,10
37,2192,0.0030482930444720013,0.19997842567301496,0.11697371495735866,0.6799995663251543,25,30,10
37,2193,0.0030482930444720013,0.20000083947682148,0.11695130115355212,0.6799995663251543,25,30,10
37,2194,0.0030482930444720013,0.20000083947682148,0.11704359682186066,0.6799072706568459,25,30,10
37,2195,0.0030482930444720013,0.20000083947682148,0.1170435947878073,0.6799072726908991,25,30,10
37,2196,0.0030482930444720013,0.20000083947682148,0.11704359479792123,0.6799072726807849,25,30,10
37,2197,0.0030482930444720013,0.20000083947682148,0.11704821556693033,0.6799026519117757,25,30,10
37,2198,0.0030482930444720013,0.2000008486184977,0.11704820642525413,0.6799026519117757,25,30,10
37,2199,0.0030482930444720013,0.20000084856191883,0.11704820648183302,0.6799026519117757,25,30,10
37,2200,0.0030482930444720013,0.20000084856191883,0.11704823491924433,0.6799026234743646,25,30,10
37,2201,0.0030482930444720013,0.20000084856191883,0.11704826472752547,0.6799025936660834,25,30,10
37,2202,0.0030482930444720013,0.20000085174010238,0.1170482615493437,0.6799025936660817,25,30,10
37,2203,0.0030482930444720013,0.19999282337687865,0.11705628991256739,0.6799025936660817,25,30,10
37,2204,2.896062838721515e-07,0.1999915630355693,0.12010387358915367,0.6799042737689934,25,30,10
37,2205,2.8960628387213427e-07,0.1999915630355693,0.12010376908443682,0.6799043782737101,25,30,10
37,2206,2.8960628387213427e-07,0.1999915630355693,0.12010376767233769,0.6799043796858093,25,30,10
37,2207,2.8960628387213427e-07,0.1999915630355693,0.1200130949042084,0.6799950524539387,25,30,10
37,2208,2.8960628387213427e-07,0.1999915630355693,0.12001306442950199,0.6799950829286451,25,30,10
37,2209,2.8960628387213427e-07,0.1999915630355693,0.12000839979185286,0.6799997475662942,25,30,10
37,2210,2.8960628387213427e-07,0.1999915630355693,0.12000840182486538,0.6799997455332817,25,30,10
37,2211,2.849777614858005e-07,0.19999156303555116,0.12001008788438668,0.6799980641023009,25,30,10
37,2212,2.849777614858005e-07,0.19999156303555116,0.12000997195827899,0.6799981800284085,25,30,10
37,2213,2.849777614858005e-07,0.19999156303555116,0.12000998203077383,0.6799981699559138,25,30,10
37,2214,2.8497776148580053e-07,0.19999156303555116,0.12013950345604726,0.6798686485306402,25,30,10
37,2215,2.8497776148580053e-07,0.19999156303555116,0.12013947589653845,0.6798686760901489,25,30,10
37,2216,2.8497776148580053e-07,0.19999156303555116,0.1201394758828152,0.679868676103872,25,30,10
37,2217,2.8497776148580053e-07,0.1999915630942022,0.12013947582416414,0.679868676103872,25,30,10
37,2218,2.8497776148580053e-07,0.1999915630942022,0.12013950176401497,0.6798686501640213,25,30,10
37,2219,2.8497776148580053e-07,0.1999915630942022,0.1201394732917003,0.679868678636336,25,30,10
37,2220,2.8497776148580053e-07,0.1999915630942022,0.12013947326522366,0.6798686786628125,25,30,10
37,2221,2.8497776148580053e-07,0.1999915630942022,0.12013947674629943,0.679868675181737,25,30,10
37,2222,2.8497776148580053e-07,0.1999915633195975,0.12013947652090408,0.679868675181737,25,30,10
37,2223,2.849777614858178e-07,0.1999915633195975,0.12013952040683393,0.6798686312958071,25,30,10
37,2224,2.849777614858178e-07,0.1999915633195975,0.12013945627773062,0.6798686954249104,25,30,10
37,2225,2.849777614858177e-07,0.1999915633195975,0.12001004873660474,0.6799981029660362,25,30,10
37,2226,2.849777614858177e-07,0.1999915633195975,0.12001008873129479,0.6799980629713462,25,30,10
37,2227,2.849777614858177e-07,0.1999915633195975,0.1200145317662857,0.6799936199363553,25,30,10
37,2228,2.849777614858005e-07,0.1999915633195975,0.12001453174018578,0.6799936199624552,25,30,10
37,2229,2.849777614858005e-07,0.1999915633195975,0.12001450332818181,0.6799936483744592,25,30,10
37,2230,2.8497776148571784e-07,0.19999920158398193,0.12000686506379743,0.6799936483744592,25,30,10
37,2231,2.8497776148571784e-07,0.19999921166097917,0.12000685498680025,0.6799936483744592,25,30,10
37,2232,2.8497776148571927e-07,0.19996734760094362,0.12003871904683577,0.6799936483744592,25,30,10
37,2233,2.8497776148571927e-07,0.19996734760094362,0.12003863654927863,0.6799937308720163,25,30,10
37,2234,2.8497776148571927e-07,0.19996773146067898,0.12003825268954327,0.6799937308720163,25,30,10
37,2235,2.8497776148571927e-07,0.19996773146067898,0.12003824114224457,0.6799937424193151,25,30,10
37,2236,2.849777614867028e-07,0.19996773146068325,0.12003837470164569,0.6799936088599097,25,30,10
37,2237,2.849777614867028e-07,0.19996773146068325,0.1200430759686767,0.6799889075928788,25,30,10
37,2238,2.849777614867028e-07,0.19996773146068325,0.12004315849181538,0.67998882506974,25,30,10
37,2239,2.849777614867028e-07,0.19996773146068325,0.12004304464333938,0.6799889389182161,25,30,10
37,2240,2.8497776148571927e-07,0.19996773146067898,0.12004291255634449,0.6799890710052152,25,30,10
37,2241,2.8497776148571927e-07,0.19996773146067898,0.12004291457476604,0.6799890689867936,25,30,10
37,2242,2.1331326907654757e-08,0.199968074721107,0.12004283495177547,0.6799890689957906,25,30,10
37,2243,2.1331326907654757e-08,0.199968074721107,0.12004283350461485,0.6799890704429512,25,30,10
37,2244,2.1331326907654757e-08,0.199968074721107,0.12004280706565172,0.6799890968819143,25,30,10
37,2245,2.1331326907654757e-08,0.19996752223355563,0.12004335955320311,0.6799890968819143,25,30,10
37,2246,2.1331326907654757e-08,0.19996752223355563,0.12004335955258824,0.6799890968825292,25,30,10
37,2247,2.1331326907654757e-08,0.19996752223355563,0.12004335607138522,0.6799891003637323,25,30,10
37,2248,2.1331326907654757e-08,0.19996752223355563,0.12003865480498266,0.6799938016301348,25,30,10
37,2249,2.1331326907654767e-08,0.19996752223355563,0.12003865423186084,0.6799938022032567,25,30,10
37,2250,2.1331326907654767e-08,0.19996752223355563,0.12003861629536072,0.6799938401397567,25,30,10
37,2251,2.1330976077163027e-08,0.19996717297908856,0.12003896503933756,0.6799938406505978,25,30,10
37,2252,2.1330976077163027e-08,0.19996717297908856,0.12003896350521334,0.679993842184722,25,30,10
37,2253,2.133097607716302e-08,0.19996717297908856,0.12003896145066349,0.6799938442392718,25,30,10
37,2254,2.133097607716302e-08,0.19996717297908856,0.12012681408459563,0.6799059916053397,25,30,10
37,2255,2.133097607716303e-08,0.19996717297908856,0.12013342031822237,0.679899385371713,25,30,10
37,2256,2.1330976077163027e-08,0.19996717297908856,0.12013342029326043,0.6798993853966749,25,30,10
37,2257,2.1330976077163027e-08,0.19996717297908856,0.1201334183200559,0.6798993873698795,25,30,10
37,2258,2.133097607716302e-08,0.19996717297908856,0.12012689460141665,0.6799059110885187,25,30,10
37,2259,2.133097607716302e-08,0.19996717297908856,0.1201290916794364,0.679903714010499,25,30,10
37,2260,2.133097607716302e-08,0.19996717297908856,0.12012909171493899,0.6799037139749963,25,30,10
37,2261,2.133097607716302e-08,0.19996717297908856,0.12013071461638707,0.6799020910735482,25,30,10
37,2262,2.1330976077163027e-08,0.19996717297908856,0.12013071607616159,0.6799020896137737,25,30,10
37,2263,2.133097607716305e-08,0.19995998916126095,0.12013789989398922,0.6799020896137737,25,30,10
37,2264,2.133097607716305e-08,0.19995998916126095,0.12013627700550178,0.6799037125022612,25,30,10
37,2265,2.133097607716305e-08,0.19995998916126095,0.12013627697992955,0.6799037125278334,25,30,10
37,2266,2.133097607716305e-08,0.19995998916126095,0.12013465552669317,0.6799053339810698,25,30,10
37,2267,2.133097607716305e-08,0.19995998916126095,0.12004236333884588,0.6799976261689171,25,30,10
37,2268,2.133097607716306e-08,0.19995998916126095,0.12004393013680324,0.6799960593709597,25,30,10
37,2269,2.133097608007944e-08,0.1848738943528839,0.1351300249451803,0.6799960593709597,25,30,10
37,2270,2.133097608007944e-08,0.18487389720392364,0.13513002209414054,0.6799960593709597,25,30,10
37,2271,2.133097608007944e-08,0.18487389720392364,0.1351300220339647,0.6799960594311356,25,30,10
37,2272,2.133097608007944e-08,0.18487389720392364,0.135130024031949,0.6799960574331514,25,30,10
37,2273,2.133097608007944e-08,0.18487389720392364,0.13513002403256333,0.6799960574325371,25,30,10
37,2274,2.1330982798152094e-08,0.1848738973114483,0.13512832911088787,0.679997752246681,25,30,10
37,2275,2.1330982798152094e-08,0.18487370685916038,0.1351285195631759,0.679997752246681,25,30,10
37,2276,2.1330982798152094e-08,0.18487370685916038,0.13512851755463243,0.6799977542552245,25,30,10
37,2277,2.1330982798152094e-08,0.18487370685916038,0.13512843503088143,0.6799978367789754,25,30,10
37,2278,2.1331466398959245e-08,0.18226706006748805,0.13773508164246664,0.679997836958579,25,30,10
37,2279,2.133146639895924e-08,0.18226706006748805,0.1377350822243412,0.6799978363767043,25,30,10
37,2280,2.1330986545911474e-08,0.19938114146990124,0.1206210010020114,0.6799978361971009,25,30,10
37,2281,2.1330986545911467e-08,0.19938114146990124,0.12061954805253006,0.6799992891465821,25,30,10
37,2282,2.1330986545911467e-08,0.19938114146990124,0.1206195480976913,0.6799992891014209,25,30,10
37,2283,2.1330986545911467e-08,0.19938114146990124,0.12061954603909886,0.6799992911600135,25,30,10
37,2284,2.1330986545911464e-08,0.19938114146990124,0.12061954457965679,0.6799992926194556,25,30,10
37,2285,2.1330986545911437e-08,0.19938887104359496,0.12061181500596313,0.6799992926194556,25,30,10
37,2286,2.1330986545911437e-08,0.19938887104359496,0.12061184343299729,0.6799992641924214,25,30,10
37,2287,2.1330986545911437e-08,0.19938887104359496,0.12061195882649503,0.6799991487989234,25,30,10
37,2288,2.1330986545911437e-08,0.19938887104359496,0.12061195886374425,0.6799991487616742,25,30,10
37,2289,2.1330986545911437e-08,0.19938887104359496,0.12061184299673687,0.6799992646286817,25,30,10
37,2290,2.1330986545911437e-08,0.19938886808326642,0.1206118459570654,0.6799992646286817,25,30,10
37,2291,2.1330986545911437e-08,0.19938886808326642,0.12074136937824725,0.6798697412074998,25,30,10
37,2292,2.1330986545911437e-08,0.19938887556150106,0.12074136190001263,0.6798697412074998,25,30,10
37,2293,2.1330986545911437e-08,0.19938887556150106,0.1207413618995671,0.6798697412079453,25,30,10
37,2294,2.1330982795234224e-08,0.16079173687311574,0.1593385005879561,0.6798697412079453,25,30,10
37,2295,2.1330982795234234e-08,0.1607912392022645,0.1593389982588056,0.679869741207947,25,30,10
37,2296,2.1330982795234234e-08,0.1607912392022645,0.15934560101974604,0.6798631384470066,25,30,10
37,2297,2.1330982795234234e-08,0.1607912392022645,0.15921607808438767,0.6799926613823649,25,30,10
37,2298,2.1330982795234234e-08,0.1607912392022645,0.15921607804993457,0.6799926614168181,25,30,10
37,2299,2.1330982795234234e-08,0.1607912392022645,0.15921615915120452,0.6799925803155482,25,30,10
37,2300,2.1330982795234234e-08,0.16079084813869918,0.15921655021476983,0.6799925803155482,25,30,10
37,2301,2.1330982795234234e-08,0.16079084813869918,0.1592165501797285,0.6799925803505896,25,30,10
37,2302,2.1330982795316476e-08,0.16077995507549933,0.1592274432429283,0.6799925803505896,25,30,10
37,2303,2.133098279531648e-08,0.16077995507549933,0.1592274442511932,0.6799925793423247,25,30,10
37,2304,2.133098279531648e-08,0.16077995507549933,0.15922732833278289,0.679992695260735,25,30,10
37,2305,2.1339794846133016e-08,0.1607799555438904,0.15922732837541775,0.6799926947408969,25,30,10
37,2306,2.1339794846133026e-08,0.1603441014189145,0.15966318250029718,0.6799926947409933,25,30,10
37,2307,4.848336470302901e-10,0.1603441014189145,0.1596632033552191,0.6799926947410329,25,30,10
37,2308,4.848336470302901e-10,0.1603441014189145,0.159660925226175,0.6799949728700772,25,30,10
37,2309,4.848484630007132e-10,0.15955178504334006,0.16045324160172836,0.6799949728700834,25,30,10
37,2310,4.848484630007132e-10,0.15955178504334006,0.1604532429941532,0.6799949714776585,25,30,10
37,2311,4.847038836690202e-10,0.1595517850434975,0.16045324295212482,0.679994971519674,25,30,10
37,2312,4.847038836690202e-10,0.1595517850434975,0.1604532424292668,0.679994972042532,25,30,10
37,2313,4.847038836690149e-10,0.1595517850434975,0.16045324141979272,0.6799949730520061,25,30,10
37,2314,4.847038836690149e-10,0.1595517850434975,0.16045323994724053,0.6799949745245583,25,30,10
37,2315,4.847038836690149e-10,0.1595517850434975,0.1604532399349447,0.6799949745368541,25,30,10
37,2316,4.847038836690149e-10,0.1595517850434975,0.1604532413323761,0.6799949731394228,25,30,10
37,2317,4.847038836690149e-10,0.1595517850434975,0.1604531974468934,0.6799950170249055,25,30,10
37,2318,4.847038835867705e-10,0.15956231333725915,0.1604426691531318,0.6799950170249055,25,30,10
37,2319,4.847038835868449e-10,0.15956231333725915,0.1604360636567704,0.6800016225212668,25,30,10
37,2320,1.0893197078160185e-10,0.1595623133371044,0.16043606407475225,0.6800016224792116,25,30,10
37,2321,1.089319707815956e-10,0.1599985607390426,0.15999981667291055,0.680001622479115,25,30,10
37,2322,1.1058739193456736e-10,0.15999854696548485,0.15999983044481936,0.6800016224791088,25,30,10
37,2323,1.1058739193456736e-10,0.15999854696548485,0.15999983047021105,0.680001622453717,25,30,10
37,2324,1.1058739193456736e-10,0.15999854696548485,0.15999985690089355,0.6800015960230344,25,30,10
37,2325,1.1058739193456736e-10,0.15999854696548485,0.1599998554537452,0.6800015974701829,25,30,10
37,2326,1.1058739310685256e-10,0.15999884710402731,0.15999955531520446,0.6800015974701812,25,30,10
37,2327,1.1058739310685256e-10,0.15999884710402731,0.1599995553241514,0.6800015974612341,25,30,10
37,2328,1.5191247272940137e-08,0.1637497130858646,0.1562448654174591,0.6800054063054293,25,30,10
37,2329,1.5191247271788414e-08,0.1637497198725194,0.15624485863080437,0.6800054063054293,25,30,10
37,2330,1.5191247271788414e-08,0.1637497198725194,0.1562448306583065,0.6800054342779273,25,30,10
37,2331,1.5191247271788414e-08,0.1637497198725194,0.15624483065768346,0.6800054342785502,25,30,10
37,2332,1.5191247271788414e-08,0.1637497198725194,0.15624953395834779,0.6800007309778857,25,30,10
37,2333,1.5191247271788414e-08,0.1637497198725194,0.19155141930747369,0.6446988456287595,25,30,10
37,2334,1.5191247271788414e-08,0.1637497198725194,0.19155139086070122,0.6446988740755318,25,30,10
37,2335,1.5191247271788414e-08,0.1637497198725194,0.19155139153679038,0.644698873399443,25,30,10
37,2336,1.5191247271788414e-08,0.13845171240615847,0.21684939900315117,0.644698873399443,25,30,10
37,2337,1.5191247271788414e-08,0.13845171240615847,0.21684939850300505,0.644698873899589,25,30,10
37,2338,1.5191247271788414e-08,0.13845171240615847,0.21684939782629795,0.6446988745762962,25,30,10
37,2339,1.5191247271788414e-08,0.13845171240615847,0.21684944168673856,0.6446988307158555,25,30,10
37,2340,1.528313834516658e-08,0.13845171240616116,0.21684944159484476,0.6446988307158555,25,30,10
37,2341,3.688926306559371e-08,0.13845171240615844,0.2168494199887226,0.6446988307158559,25,30,10
37,2342,3.688926306559371e-08,0.13845171240615844,0.21684942143587388,0.6446988292687044,25,30,10
37,2343,1.1470449276175463e-06,0.13470087282776777,0.2206046550375648,0.6446933250897396,25,30,10
37,2344,1.1470449276175256e-06,0.1347012477494512,0.22060428011588148,0.6446933250897396,25,30,10
37,2345,1.1470449276175256e-06,0.1347012477494512,0.22060427941442756,0.6446933257911935,25,30,10
37,2346,1.1470449276175256e-06,0.1347012477494512,0.2206042814226824,0.6446933237829388,25,30,10
37,2347,1.1469449468817647e-06,0.13470124774944847,0.22060428152340297,0.6446933237822016,25,30,10
37,2348,1.1469449468817647e-06,0.13470124774944847,0.22060428151508485,0.6446933237905196,25,30,10
37,2349,2.3620342580864354e-06,0.13470124774944847,0.22060306638149743,0.6446933238347959,25,30,10
37,2350,2.3620342580864354e-06,0.1347008544753527,0.2206034596555931,0.6446933238347959,25,30,10
37,2351,2.3620342580864354e-06,0.1347008544753527,0.22060345966586642,0.6446933238245228,25,30,10
37,2352,2.3620342580864354e-06,0.1347008544753527,0.2206034581321779,0.6446933253582113,25,30,10
37,2353,2.3620342580864354e-06,0.1347008544753527,0.22060354069106838,0.6446932427993207,25,30,10
37,2354,2.3620342580864354e-06,0.1347008544753527,0.22060362318895077,0.6446931603014383,25,30,10
37,2355,2.3620342580864354e-06,0.1347008544753527,0.2206036231889508,0.6446931603014383,25,30,10
37,2356,2.3620342580864354e-06,0.1347008544753527,0.22060354069015398,0.6446932428002351,25,30,10
37,2357,2.3620342580864354e-06,0.1347008544753527,0.2206034581320479,0.6446933253583412,25,30,10
37,2358,2.36203425808654e-06,0.1599706092299947,0.19533370337740621,0.6446933253583412,25,30,10
37,2359,2.3620342580864354e-06,0.15996777837724627,0.19533653423015465,0.6446933253583412,25,30,10
37,2360,2.362035928248012e-06,0.1599677783862214,0.19533653421875896,0.6446933253590914,25,30,10
37,2361,2.362035928248012e-06,0.1599677783862214,0.19533653421875896,0.6446933253590914,25,30,10
37,2362,2.362035928248012e-06,0.1599677783862214,0.1953365341939584,0.6446933253838921,25,30,10
37,2363,2.362035928248012e-06,0.1599677783862214,0.1953365728672362,0.6446932867106143,25,30,10
37,2364,2.362035928248012e-06,0.15996759740274052,0.19533675385071714,0.6446932867106143,25,30,10
37,2365,2.362035928248012e-06,0.15996759740274052,0.195332050576098,0.6446979899852334,25,30,10
37,2366,2.362035928248012e-06,0.15996759740274052,0.19533205057607006,0.6446979899852614,25,30,10
37,2367,2.3620359282480162e-06,0.15996759740274052,0.19533205193345168,0.6446979886278796,25,30,10
37,2368,2.362036242320884e-06,0.15996759740276867,0.20002877409708206,0.6400012664639071,25,30,10
37,2369,2.362036242320884e-06,0.15996759740276867,0.20002877410543568,0.6400012664555534,25,30,10
37,2370,2.362036242320884e-06,0.15996759740277297,0.20002897285785737,0.6400010677031274,25,30,10
37,2371,2.362036242320884e-06,0.15996759740277297,0.2000290548820938,0.640000985678891,25,30,10
37,2372,2.3973192538545175e-06,0.1599675967454932,0.20002902025634023,0.6400009856789127,25,30,10
37,2373,2.3973192538545175e-06,0.1599675967454932,0.2000290487038149,0.640000957231438,25,30,10
37,2374,2.3973192538545175e-06,0.1599675967454932,0.20002904876364083,0.640000957171612,25,30,10
37,2375,2.3973192538545133e-06,0.1599675967454932,0.20002900873282076,0.6400009972024321,25,30,10
37,2376,2.3973192538545133e-06,0.1599675967454932,0.20002900923189273,0.6400009967033601,25,30,10
37,2377,2.3973192538545133e-06,0.15999852121964106,0.19999808475774483,0.6400009967033601,25,30,10
37,2378,4.630844277521616e-05,0.15999852119056218,0.19995417366332396,0.6400009967033385,25,30,10
37,2379,4.5380862863647845e-05,0.15999852119056213,0.19995510128749902,0.6400009966590752,25,30,10
37,2380,4.5380862863647845e-05,0.15999852119055782,0.19995490456780782,0.6400011933787705,25,30,10
37,2381,0.00011454329719988633,0.15999852118173977,0.19988573970973764,0.6400011958113226,25,30,10
37,2382,0.00011454329719988633,0.15999852118173977,0.199885739701645,0.6400011958194153,25,30,10
37,2383,0.00011454337581564318,0.1599985272240388,0.19988545520454687,0.6400014741955986,25,30,10
37,2384,0.00011454337581564318,0.1599985272240388,0.1998854837129164,0.6400014456872292,25,30,10
37,2385,0.00011454337581564318,0.1599985272240388,0.1998855121511019,0.6400014172490436,25,30,10
37,2386,0.00011454337581564318,0.1599985272240388,0.19988551357369913,0.6400014158264462,25,30,10
37,2387,0.00011454337581564318,0.1599985272240388,0.1998855128279497,0.6400014165721956,25,30,10
37,2388,0.00011454337581564318,0.1599985272240388,0.199887763947495,0.6399991654526503,25,30,10
37,2389,0.00011454337581564318,0.1599985272240388,0.19988784642642032,0.6399990829737251,25,30,10
37,2390,0.00011454337581564318,0.15999852704431758,0.1998878466061416,0.6399990829737251,25,30,10
37,2391,0.00011454337581564318,0.15999852704431758,0.19988784663153716,0.6399990829483296,25,30,10
37,2392,0.00011454337581564318,0.15999852704431758,0.1998879284530195,0.6399990011268473,25,30,10
37,2393,0.0006104011922127065,0.15999852704431897,0.19939207063660824,0.63999900112686,25,30,10
37,2394,0.0006104011922127065,0.15999852704431897,0.19939198812515357,0.6399990836383147,25,30,10
37,2395,0.0006104011922127065,0.15999852704431897,0.19939198721258256,0.6399990845508858,25,30,10
37,2396,0.0006104011922127065,0.15999852704431897,0.19939206973531803,0.6399990020281503,25,30,10
37,2397,0.0006104011922127065,0.15999852704431897,0.19939206967487974,0.6399990020885885,25,30,10
37,2398,0.0006104011922127065,0.15999852704431897,0.19939210966969056,0.6399989620937777,25,30,10
37,2399,0.0006104011922127065,0.15999852704431897,0.19939208260927527,0.6399989891541931,25,30,10
37,2400,0.0006104011922127065,0.15999868643246212,0.19939192322113214,0.6399989891541928,25,30,10
37,2401,0.0006104011922127065,0.15999868643246212,0.1993965446222032,0.639994367753122,25,30,10
37,2402,0.0006104011922127065,0.15999868643246212,0.1993965426142356,0.6399943697610895,25,30,10
37,2403,0.0006104011922127065,0.15999868643246212,0.19939654190317263,0.6399943704721525,25,30,10
37,2404,0.0006104011922127065,0.15999868643246212,0.1993964603532727,0.6399944520220525,25,30,10
37,2405,0.0006104011922127065,0.15999868643246212,0.19939644883131613,0.639994463544009,25,30,10
37,2406,0.0006104011922127065,0.1599992389660708,0.19939589629770754,0.639994463544009,25,30,10
37,2407,0.0006104011922127065,0.1599992389660708,0.19939597287055782,0.6399943869711586,25,30,10
37,2408,0.0006104011922127065,0.1599992389660708,0.19939605227966326,0.6399943075620531,25,30,10
37,2409,0.0006104011922127065,0.1599992389660708,0.19939605299116203,0.6399943068505545,25,30,10
37,2410,0.0006104011922127065,0.1599992389660708,0.19939605299119761,0.6399943068505186,25,30,10
37,2411,0.0006104011922127065,0.1599992389660708,0.19939605246874692,0.6399943073729694,25,30,10
37,2412,0.0006104011922127065,0.1599992389660708,0.19939610651901624,0.6399942533227001,25,30,10
37,2413,0.0006104011922127065,0.1599992389660708,0.1993960278113861,0.6399943320303302,25,30,10
37,2414,0.0006104011922127065,0.1599992389660708,0.19939132388786848,0.6399990359538478,25,30,10
37,2415,0.0006104011922127065,0.1599992389660708,0.19939129541540412,0.6399990644263123,25,30,10
37,2416,0.0006104011922127065,0.1599992389660708,0.19939137791314984,0.6399989819285665,25,30,10
37,2417,0.0006104011922127065,0.1599992389660708,0.19939149383005417,0.6399988660116622,25,30,10
37,2418,0.0006104011922127065,0.1599992389660708,0.19939141133249705,0.6399989485092192,25,30,10
37,2419,0.0006104011922127065,0.15999961855141653,0.19939103174715134,0.6399989485092192,25,30,10
37,2420,0.0006104011922127065,0.1599996089745637,0.19939104132400418,0.6399989485092192,25,30,10
37,2421,0.0006104011922127065,0.1599996089745637,0.1993910405994119,0.6399989492338115,25,30,10
37,2422,0.0005412604137216399,0.15999960897440665,0.19946018376866928,0.6399989468432022,25,30,10
37,2423,0.000550228267195905,0.15999961269154567,0.19939365057760536,0.6400565084636527,25,30,10
37,2424,0.000550228267195905,0.15999961269154567,0.19939365104080775,0.6400565080004503,25,30,10
37,2425,0.000550228267195905,0.15999961269154567,0.19939365054179792,0.64005650849946,25,30,10
37,2426,0.000550228267195905,0.15999999643986473,0.19939326679347885,0.64005650849946,25,30,10
37,2427,0.000550228267195905,0.15999999643986473,0.1993932667934655,0.6400565084994735,25,30,10
37,2428,0.0005496140167243742,0.15999996992697268,0.19939390741685276,0.6400565086394505,25,30,10
37,2429,0.0005496140167243742,0.15999996992697268,0.1993939081629669,0.6400565078933362,25,30,10
37,2430,0.0005496140167243742,0.15999996992697268,0.1993938541007165,0.6400565619555867,25,30,10
37,2431,0.0005496140167243742,0.15999996992697268,0.1993938825612717,0.6400565334950314,25,30,10
37,2432,0.0005496140167243742,0.15999942371568962,0.19939442877255462,0.6400565334950317,25,30,10
37,2433,0.0005496140167243742,0.15999942371568962,0.1993944282990516,0.6400565339685346,25,30,10
37,2434,0.0005496139378167608,0.15999941767336245,0.19939607847584884,0.6400548899129724,25,30,10
37,2435,0.0005496139378167608,0.15999941767336245,0.19939607851130378,0.6400548898775175,25,30,10
37,2436,0.0005496139378167608,0.15999941767336245,0.19939607757490813,0.640054890813913,25,30,10
37,2437,0.0005496139378167608,0.15999941767336245,0.19939607754951638,0.6400548908393049,25,30,10
37,2438,0.0005496139378167608,0.15999941767336245,0.1993960775495271,0.640054890839294,25,30,10
37,2439,5.37508945589523e-05,0.15999941767336107,0.19989194059281218,0.6400548908392681,25,30,10
37,2440,5.37508945589523e-05,0.15999941767336107,0.19989186407513795,0.6400549673569426,25,30,10
37,2441,5.37508945589523e-05,0.15999941767336107,0.1998895844823524,0.640057246949728,25,30,10
37,2442,5.344700750625204e-05,0.15999941767336107,0.19988988836940458,0.6400572469497284,25,30,10
37,2443,6.888045099686539e-05,0.1599994176734002,0.1998744548892122,0.6400572469863907,25,30,10
37,2444,6.888045097464903e-05,0.1599994177825537,0.19977810465891296,0.6401535971075589,25,30,10
37,2445,6.888045097464903e-05,0.1599994177825537,0.19977810419311,0.6401535975733619,25,30,10
37,2446,6.888045097475898e-05,0.16001967677260484,0.19985422160951138,0.6400572211669092,25,30,10
37,2447,6.888045097475898e-05,0.16001967677260484,0.19985419317189732,0.6400572496045233,25,30,10
37,2448,6.888045097475898e-05,0.16001967677260484,0.19985419319497674,0.6400572495814438,25,30,10
37,2449,6.888045097475898e-05,0.16001967677260484,0.1998541922131756,0.6400572505632449,25,30,10
37,2450,6.888045097475898e-05,0.16001967677260484,0.1998540763310655,0.640057366445355,25,30,10
37,2451,6.888045097475898e-05,0.16001967677260484,0.1998539938081192,0.6400574489683016,25,30,10
37,2452,6.888045097475898e-05,0.16001967677260484,0.19985399380859087,0.64005744896783,25,30,10
37,2453,6.888045097475898e-05,0.16001967677260484,0.19985399378229513,0.6400574489941256,25,30,10
37,2454,6.888045097475898e-05,0.16001967677260484,0.1998539943324897,0.6400574484439311,25,30,10
37,2455,6.888045097475898e-05,0.16001967677260484,0.19985399485816097,0.6400574479182598,25,30,10
37,2456,6.888045097475898e-05,0.16001967677260484,0.199853994822494,0.6400574479539267,25,30,10
37,2457,6.888045097475898e-05,0.16001967677260484,0.19985561773562158,0.6400558250407993,25,30,10
37,2458,6.888045097475898e-05,0.16001967677260484,0.19985399484696095,0.6400574479294597,25,30,10
37,2459,6.888045097475898e-05,0.16001967677260914,0.19985623793248755,0.6400552048439289,25,30,10
37,2460,6.888045097475898e-05,0.16001967677260914,0.19985623789764037,0.640055204878776,25,30,10
37,2461,6.888045097475898e-05,0.16001967677260914,0.19985623789764037,0.640055204878776,25,30,10
37,2462,6.888045097475898e-05,0.16001967677260914,0.19985623789765863,0.6400552048787577,25,30,10
37,2463,6.888045097475898e-05,0.16001967677260914,0.19985851751947006,0.6400529252569462,25,30,10
37,2464,6.888045097475898e-05,0.16001967677260914,0.1998585575145765,0.6400528852618398,25,30,10
37,2465,6.888073661413596e-05,0.16001967677260914,0.19985855722892432,0.6400528852618526,25,30,10
37,2466,6.888073661413596e-05,0.16001967677260914,0.2002316602635278,0.639679782227249,25,30,10
37,2467,6.888073661413596e-05,0.16001967677260914,0.20023166227270006,0.6396797802180767,25,30,10
37,2468,6.888073661413596e-05,0.16001967677260914,0.20023166157103117,0.6396797809197458,25,30,10
37,2469,6.888073661413596e-05,0.16001967677260914,0.20023169955750134,0.6396797429332756,25,30,10
37,2470,9.606491872931766e-06,0.16001981861637757,0.20029015572666528,0.6396804191650848,25,30,10
37,2471,6.169807661240598e-07,0.16001981489924272,0.1606083980685606,0.6793711700514311,25,30,10
37,2472,6.169807661240598e-07,0.16001981489924272,0.16060839803130747,0.6793711700886841,25,30,10
37,2473,6.169807661240598e-07,0.16001981489924272,0.1606083980661438,0.6793711700538477,25,30,10
37,2474,6.169807661235713e-07,0.16001981489923847,0.16035671111561547,0.6796228570043804,25,30,10
37,2475,6.16980766123567e-07,0.16001981489923417,0.1603544685646619,0.6796250995553382,25,30,10
37,2476,6.16980766123567e-07,0.16001981489923417,0.16035446976542217,0.679625098354578,25,30,10
37,2477,6.16980766123567e-07,0.16001981489923417,0.1603521901937655,0.6796273779262344,25,30,10
37,2478,6.16980766123567e-07,0.16001981489923417,0.16035681098180865,0.6796227571381914,25,30,10
37,2479,6.16980766123567e-07,0.16001981489923417,0.16035681047201256,0.6796227576479876,25,30,10
37,2480,6.166016242913724e-07,0.16001981489923428,0.16035681085116735,0.6796227576479744,25,30,10
37,2481,6.166016242913728e-07,0.1600192650359708,0.16035736071443074,0.6796227576479744,25,30,10
37,2482,6.166016242913728e-07,0.12003953192910817,0.2003370938212932,0.6796227576479744,25,30,10
37,2483,6.166016242913728e-07,0.12003954144732276,0.20033708430307853,0.6796227576479744,25,30,10
37,2484,6.166016242913728e-07,0.12003940570859757,0.20033722004180374,0.6796227576479744,25,30,10
37,2485,6.166016242913728e-07,0.12003940570859757,0.20033949961030234,0.6796204780794759,25,30,10
37,2486,6.166016242913724e-07,0.12003995557601983,0.20033894974288008,0.6796204780794759,25,30,10
37,2487,6.166016242913724e-07,0.12003995557601983,0.2003389492336874,0.6796204785886686,25,30,10
37,2488,6.166016242913724e-07,0.12003995557601983,0.20033894993472032,0.6796204778876356,25,30,10
37,2489,6.166016242913724e-07,0.12003995557601983,0.200338949900106,0.6796204779222498,25,30,10
37,2490,6.166016242990893e-07,0.12004031054280306,0.20033859493332276,0.6796204779222498,25,30,10
37,2491,5.109875295112531e-07,0.12004017493755882,0.20033951241197873,0.679619801662933,25,30,10
37,2492,5.110146976179005e-07,0.12002667312205205,0.20035300480595442,0.6796198110572957,25,30,10
37,2493,5.110146976179005e-07,0.12002667312205212,0.200482488269392,0.6794903275938579,25,30,10
37,2494,5.110146976179005e-07,0.12002667312205212,0.20048244878402843,0.6794903670792215,25,30,10
37,2495,5.110146976179006e-07,0.12002667312205212,0.20048253131888782,0.679490284544362,25,30,10
37,2496,5.110146976118484e-07,0.12002667228307647,0.1957148877561332,0.6842579289460926,25,30,10
37,2497,5.12800604809642e-07,0.12002667228333752,0.1957148861100625,0.6842579288059948,25,30,10
37,2498,5.12800604809642e-07,0.12002667228333752,0.19571488811831425,0.6842579267977429,25,30,10
37,2499,5.12800604809642e-07,0.12002667228333752,0.19571488814287594,0.6842579267731813,25,30,10
37,2500,5.12800604809642e-07,0.12002667228333752,0.1957148881319362,0.6842579267841211,25,30,10
37,2501,5.12800604809642e-07,0.12002667228333752,0.19571959138182135,0.6842532235342361,25,30,10
37,2502,5.12800604809642e-07,0.12002667228333752,0.19571956361041173,0.6842532513056454,25,30,10
37,2503,5.12800604809642e-07,0.12002667228333752,0.19571956290856554,0.6842532520074918,25,30,10
37,2504,5.12800604809642e-07,0.12002667228333752,0.19571956222948675,0.6842532526865704,25,30,10
37,2505,5.12800604809642e-07,0.12002667228333752,0.19571956270379168,0.6842532522122656,25,30,10
37,2506,5.12800604809642e-07,0.12002667228333752,0.19571956410421973,0.6842532508118375,25,30,10
37,2507,5.12800604809642e-07,0.12002667228333752,0.19571486286257822,0.6842579520534793,25,30,10
37,2508,5.128006048019252e-07,0.12000641376076195,0.1957351213851538,0.6842579520534793,25,30,10
37,2509,5.128006048019254e-07,0.12000641376076195,0.19573674431081525,0.6842563291278176,25,30,10
37,2510,5.128006048019254e-07,0.12000641376076185,0.19560733678178446,0.6843857366568485,25,30,10
37,2511,5.128006048019461e-07,0.11998413229034494,0.19562961825219977,0.6843857366568503,25,30,10
37,2512,5.128006048019461e-07,0.11998413229034494,0.19562961774346474,0.6843857371655853,25,30,10
37,2513,5.128006048019461e-07,0.11998413229034494,0.1956296157102436,0.6843857391988064,25,30,10
37,2514,5.12800604801946e-07,0.11998413229034494,0.19562953320999846,0.6843858216990515,25,30,10
37,2515,5.12800604801946e-07,0.11998413232999144,0.19562953317035198,0.6843858216990515,25,30,10
37,2516,5.12800604801946e-07,0.11998413232999144,0.19562725357688865,0.6843881012925149,25,30,10
37,2517,5.12800604801946e-07,0.11998413232999144,0.19562725362583322,0.6843881012435705,25,30,10
37,2518,5.12800604801946e-07,0.11998413232999144,0.19562729312097216,0.6843880617484314,25,30,10
37,2519,5.12800604801946e-07,0.11998413232999144,0.1956272936325073,0.6843880612368963,25,30,10
37,2520,1.7266078938957344e-06,0.119984132338794,0.19561817119592387,0.6843959698573883,25,30,10
37,2521,1.7266078938957344e-06,0.11998468490567764,0.1956176186290403,0.6843959698573883,25,30,10
37,2522,1.7265807256887799e-06,0.11997792773145627,0.1956243857371983,0.6843959599506201,25,30,10
37,2523,1.726580750744279e-06,0.11997793385615495,0.19562268542168135,0.6843976541414131,25,30,10
37,2524,1.726580750744279e-06,0.11997793385615495,0.19562268540463212,0.6843976541584624,25,30,10
37,2525,1.7265807257855769e-06,0.11997827127599309,0.195624042184614,0.6843959599586674,25,30,10
37,2526,1.7265807257855769e-06,0.11997827127599309,0.19562628178334454,0.6843937203599367,25,30,10
37,2527,1.7265807257855769e-06,0.11997827127599309,0.19562639766546863,0.6843936044778127,25,30,10
37,2528,1.7265807257855769e-06,0.11997827127599309,0.19525329260996155,0.6847667095333196,25,30,10
37,2529,1.7265807257855769e-06,0.11997827127599309,0.19525491546180238,0.6847650866814788,25,30,10
37,2530,1.7265807499075967e-06,0.11999751247677194,0.19523567425231142,0.6847650866901666,25,30,10
37,2531,1.7265807499075967e-06,0.11999751247677194,0.19523567305217682,0.6847650878903013,25,30,10
37,2532,1.7265807499075967e-06,0.11999738632085283,0.195235799208096,0.6847650878903013,25,30,10
37,2533,1.7265807499075967e-06,0.11999738632085283,0.19523579717384826,0.6847650899245491,25,30,10
37,2534,1.7265807499075967e-06,0.11999738632085283,0.1953614159098399,0.6846394711885577,25,30,10
37,2535,1.7265807499075967e-06,0.11999738632085283,0.19535979446514337,0.6846410926332545,25,30,10
37,2536,1.7265807499075967e-06,0.11999738632085283,0.19523405985001968,0.6847668272483776,25,30,10
37,2537,1.7265807499075967e-06,0.11999738632085283,0.19522935655917395,0.6847715305392233,25,30,10
37,2538,1.7265807499059264e-06,0.11999738092116723,0.16811821922604323,0.7118826732720399,25,30,10
37,2539,1.7265807499059264e-06,0.11999751676701352,0.16811808338019696,0.7118826732720399,25,30,10
37,2540,1.7265807499059264e-06,0.11999751676701352,0.1681197067826302,0.7118810498696067,25,30,10
37,2541,1.7265807499059264e-06,0.11999751676701352,0.16811970683387187,0.7118810498183649,25,30,10
37,2542,1.7265807499059264e-06,0.11999751676701352,0.16811970830661183,0.7118810483456249,25,30,10
37,2543,1.7265807499059264e-06,0.11999751676701359,0.1681197928565635,0.7118809637956732,25,30,10
37,2544,1.7265807499059264e-06,0.11999751676701359,0.16811979439007949,0.7118809622621572,25,30,10
37,2545,1.7265807499059264e-06,0.11999751659011304,0.16811979456698004,0.7118809622621572,25,30,10
37,2546,1.7265807499059264e-06,0.11999751659011304,0.1681197951276691,0.7118809617014682,25,30,10
37,2547,1.7265807499059264e-06,0.11999751659011304,0.1681197951180056,0.7118809617111317,25,30,10
37,2548,1.7265807499059264e-06,0.11999751659011292,0.16000078594110614,0.7199999708880311,25,30,10
37,2549,1.7265807499059264e-06,0.11999751659011292,0.16000078660709835,0.719999970222039,25,30,10
37,2550,1.7265807499059264e-06,0.11999751659011292,0.1600007885897453,0.7199999682393919,25,30,10
37,2551,1.7265807499059264e-06,0.11999751659011292,0.16000090247388202,0.7199998543552553,25,30,10
37,2552,1.7265807499059264e-06,0.11999751659011292,0.16000090044017956,0.7199998563889578,25,30,10
37,2553,1.7265807499059264e-06,0.11999751659011292,0.16000090047613053,0.7199998563530069,25,30,10
37,2554,1.726580749905906e-06,0.09125985577841675,0.18873856128626593,0.7199998563545676,25,30,10
37,2555,1.7266622144779854e-06,0.09124027727126567,0.1887581397206349,0.7199998563458853,25,30,10
37,2556,1.7266622144779854e-06,0.09124027727126567,0.1887581389946447,0.7199998570718755,25,30,10
37,2557,1.7266622144779854e-06,0.09124027727126567,0.1887581394931014,0.7199998565734187,25,30,10
37,2558,1.7266622144779854e-06,0.09124027727126567,0.1887565161156501,0.72000147995087,25,30,10
37,2559,1.7266622144779854e-06,0.09124027727126567,0.1887565146678651,0.7200014813986548,25,30,10
37,2560,1.7266622144779854e-06,0.09124027727126567,0.1887563987759004,0.7200015972906195,25,30,10
37,2561,1.7266622144779854e-06,0.09124027727126567,0.18875639880148654,0.7200015972650334,25,30,10
37,2562,1.7266622144779854e-06,0.09124027727126567,0.1887563973449631,0.7200015987215569,25,30,10
37,2563,1.7266622144779854e-06,0.09124027727126995,0.18884562610350294,0.7199123699630127,25,30,10
37,2564,1.7266622144779854e-06,0.09124027727126995,0.1888456281111288,0.7199123679553868,25,30,10
37,2565,1.7266622144779858e-06,0.09000153759403046,0.19008436778836826,0.7199123679553868,25,30,10
37,2566,5.44488503640498e-07,0.09000153761161127,0.1525794812667983,0.7574184366330867,25,30,10
37,2567,5.444885036462928e-07,0.11776195872359516,0.12481906015095527,0.757418436636946,25,30,10
37,2568,5.444885036462928e-07,0.11776195872359516,0.12481680906593712,0.757420687721964,25,30,10
37,2569,5.444885036462928e-07,0.11776195872359516,0.12481680957468423,0.757420687213217,25,30,10
37,2570,5.444885036462928e-07,0.11776195872359517,0.12481680957468426,0.757420687213217,25,30,10
37,2571,5.128532556233386e-07,0.11776195869721169,0.12233081856007207,0.7599067098894606,25,30,10
37,2572,5.128532556233386e-07,0.11776195869721162,0.12233073399782139,0.7599067944517113,25,30,10
37,2573,5.128532556233389e-07,0.11776195869721162,0.12233085040827774,0.7599066780412549,25,30,10
37,2574,5.128532556233389e-07,0.11776195869721162,0.12233085241652943,0.7599066760330033,25,30,10
37,2575,5.128532556233389e-07,0.11776195869721162,0.12233085291520218,0.7599066755343306,25,30,10
37,2576,5.128532556233389e-07,0.11776195869721162,0.12233085436236134,0.7599066740871714,25,30,10
37,2577,5.128532556233389e-07,0.11776195869721162,0.12233085581033258,0.7599066726392002,25,30,10
37,2578,5.128532556233389e-07,0.11776195869721162,0.12233085733199238,0.7599066711175405,25,30,10
37,2579,5.128532556233389e-07,0.11776195869721162,0.12233085588527466,0.7599066725642583,25,30,10
37,2580,5.128532556233389e-07,0.11776195869721162,0.12233085588527484,0.759906672564258,25,30,10
37,2581,5.128532556233389e-07,0.11776195869721162,0.12233074000517768,0.7599067884443552,25,30,10
37,2582,5.128532556233389e-07,0.11776195869721162,0.12233073799755965,0.7599067904519733,25,30,10
37,2583,5.128532556233389e-07,0.11776195869721162,0.12233073656232206,0.7599067918872109,25,30,10
37,2584,5.128532556233389e-07,0.11776195869721162,0.12233073602791919,0.7599067924216136,25,30,10
37,2585,5.128532556233389e-07,0.11776195869721162,0.12233073605286966,0.7599067923966633,25,30,10
37,2586,5.128532556233389e-07,0.11900069838302438,0.12109199636705688,0.7599067923966633,25,30,10
37,2587,5.128532556233389e-07,0.11896922138084942,0.12112347336923185,0.7599067923966633,25,30,10
37,2588,5.128532556233389e-07,0.11896921459173797,0.12112348015834329,0.7599067923966633,25,30,10
37,2589,5.128532556233389e-07,0.11896921459173797,0.12112347965968132,0.759906792895325,25,30,10
37,2590,5.128532556233389e-07,0.11896921459173797,0.12112345115146274,0.7599068214035437,25,30,10
37,2591,5.128532556233389e-07,0.11896921459173797,0.12112345113860268,0.7599068214164039,25,30,10
37,2592,5.128532556233389e-07,0.11896921459173797,0.12112345112692627,0.7599068214280803,25,30,10
37,2593,5.127717668229279e-07,0.1189692144846736,0.12112345131563985,0.7599068214279197,25,30,10
37,2594,5.127717668229279e-07,0.11896921448467365,0.13509331788326956,0.7459369548602899,25,30,10
37,2595,5.127717668229279e-07,0.11896866878621887,0.13509386358172437,0.7459369548602899,25,30,10
37,2596,5.127717668229279e-07,0.11900014567150975,0.1350623866964335,0.7459369548602899,25,30,10
37,2597,5.127717668229279e-07,0.11900014567150975,0.13506238738485635,0.7459369541718671,25,30,10
37,2598,5.127717668229279e-07,0.11900014567150975,0.13506238738456466,0.7459369541721587,25,30,10
37,2599,5.127717668229282e-07,0.11900014567150975,0.1350624173065512,0.7459369242501722,25,30,10
37,2600,5.127717668229282e-07,0.11900014567150975,0.1350624173162038,0.7459369242405196,25,30,10
37,2601,5.127717668229282e-07,0.11900014567150975,0.13506253325888828,0.745936808297835,25,30,10
37,2602,5.127911687100049e-07,0.11900014078249471,0.1350625376315651,0.7459368087947721,25,30,10
37,2603,5.127911687100044e-07,0.11900014078249471,0.1350624212127798,0.7459369252135573,25,30,10
37,2604,5.127911687100049e-07,0.11900014078249471,0.13506404461503158,0.7459353018113053,25,30,10
37,2605,5.127911687100049e-07,0.11900014078249471,0.1350640846096919,0.745935261816645,25,30,10
37,2606,5.127911687100049e-07,0.11900014078249471,0.13506412460416498,0.745935221822172,25,30,10
37,2607,5.127911687100049e-07,0.11900014078249466,0.12109425600310779,0.7599050904232292,25,30,10
37,2608,5.127911687100049e-07,0.11900014078249466,0.1210942559861831,0.7599050904401539,25,30,10
37,2609,5.127911687100049e-07,0.11900014078249466,0.12109425598821444,0.7599050904381225,25,30,10
37,2610,5.127911687100049e-07,0.11900014078249466,0.121094255964422,0.7599050904619149,25,30,10
37,2611,5.128532063963027e-07,0.11899980243255799,0.1210945942277837,0.7599050904864523,25,30,10
37,2612,5.128532063963027e-07,0.11899980243255799,0.12109467015003808,0.7599050145641978,25,30,10
37,2613,5.128532063963023e-07,0.11899980243255806,0.1210931317860122,0.7599065529282235,25,30,10
37,2614,5.128532063963023e-07,0.11899980243255806,0.12109313178600639,0.7599065529282294,25,30,10
37,2615,5.128532063963023e-07,0.11899980243255806,0.12109324770860606,0.7599064370056297,25,30,10
37,2616,5.128532063963023e-07,0.11899980243255806,0.1210931332385952,0.7599065514756406,25,30,10
37,2617,5.128532063963023e-07,0.11899980243255799,0.12109304873696565,0.75990663597727,25,30,10
37,2618,5.128532063963023e-07,0.11899980243255799,0.12109304673928405,0.7599066379749517,25,30,10
37,2619,5.128532063963023e-07,0.11899980243255799,0.12109304814998537,0.7599066365642504,25,30,10
37,2620,5.128532063963023e-07,0.11899980243255799,0.1210930481415136,0.7599066365727222,25,30,10
37,2621,5.128532063963023e-07,0.11899980243255799,0.12109304817656737,0.7599066365376684,25,30,10
37,2622,5.128532063963023e-07,0.1189994092734759,0.12109344133564948,0.7599066365376684,25,30,10
37,2623,5.127717918399279e-07,0.11901961907311008,0.12097684773489727,0.760003020420201,25,30,10
37,2624,5.127717918399279e-07,0.11901961907311008,0.12110625525023667,0.7598736129048617,25,30,10
37,2625,5.127717918399279e-07,0.11902017172858846,0.12110570259475831,0.7598736129048617,25,30,10
37,2626,5.127717918341326e-07,0.11999741472308635,0.12012845960568207,0.7598736128994399,25,30,10
37,2627,0.017367320605376376,0.11999742387395174,0.10276164186977174,0.7598736136509002,25,30,10
37,2628,0.017367320605376376,0.11999742387395174,0.10276164183471975,0.7598736136859523,25,30,10
37,2629,0.017367320605376376,0.11999742387395174,0.10276229802505553,0.7598729574956166,25,30,10
37,2630,0.017367320605376376,0.11999742387395174,0.10276013434076722,0.7598751211799047,25,30,10
37,2631,0.017367320605376376,0.11999742387395174,0.1027601627968273,0.7598750927238447,25,30,10
37,2632,0.017367320605376376,0.11999742387395174,0.10276012330186442,0.7598751322188074,25,30,10
37,2633,0.017367320605376376,0.11999742387395174,0.10276012473688635,0.7598751307837857,25,30,10
37,2634,0.017367320605376376,0.11999742387395174,0.10276673026535964,0.7598685252553123,25,30,10
37,2635,0.017367320605376376,0.11999742387395174,0.1027667303024361,0.7598685252182359,25,30,10
37,2636,0.017367320606781447,0.11997720784180695,0.10288333073718231,0.7597721408142292,25,30,10
37,2637,0.017367320606781447,0.11997720784180695,0.10275380731422917,0.7599016642371823,25,30,10
37,2638,0.017367320606781447,0.11997720784180695,0.1027472295453016,0.7599082420061098,25,30,10
37,2639,0.017367320606781447,0.11997707209176336,0.10274736529534519,0.7599082420061098,25,30,10
37,2640,0.017367320606781447,0.11997745567607922,0.10274698171102938,0.7599082420061098,25,30,10
37,2641,0.017367320606781447,0.11997745567607922,0.10274698374468166,0.7599082399724576,25,30,10
37,2642,0.017367320606781447,0.11997745567607922,0.10274698171126481,0.7599082420058746,25,30,10
37,2643,0.017367320605352267,0.11997745585464972,0.09366321015916364,0.7689920133808344,25,30,10
37,2644,0.017367320605352267,0.11997745585464972,0.09366320871201222,0.7689920148279858,25,30,10
37,2645,0.017367320605352267,0.11997744961791454,0.09366321494874733,0.7689920148279858,25,30,10
37,2646,0.017367320605352267,0.11997744961791454,0.09366321631677212,0.768992013459961,25,30,10
37,2647,0.017367320605352267,0.11997744961791454,0.09366321582999619,0.768992013946737,25,30,10
37,2648,0.017367326029625547,0.11997744994864971,0.10274684251903649,0.7599083815026885,25,30,10
37,2649,0.017367326029625547,0.11997745005429267,0.1027468424133936,0.7599083815026885,25,30,10
37,2650,0.01736732602962555,0.11997745618492354,0.10274683628276275,0.7599083815026885,25,30,10
37,2651,0.01736732602962555,0.11997745618492354,0.10274683773053976,0.7599083800549112,25,30,10
37,2652,0.01736732602962555,0.11997745618492354,0.10274680780793827,0.7599084099775127,25,30,10
37,2653,6.941346749517187e-05,0.11998976525207723,0.11837315796586485,0.7615676633145629,25,30,10
37,2654,6.941346749517187e-05,0.11998976525207723,0.11837315796541867,0.7615676633150091,25,30,10
37,2655,6.941346749517187e-05,0.1200116266885311,0.11835129652896487,0.7615676633150091,25,30,10
37,2656,6.941346749517187e-05,0.1200116266885311,0.11835125723597742,0.7615677026079966,25,30,10
37,2657,6.941346749517187e-05,0.1200116266885311,0.11834897910266927,0.7615699807413047,25,30,10
37,2658,6.94134674951737e-05,0.12057635614432576,0.11778424964687322,0.7615699807413061,25,30,10
37,2659,6.941346749517469e-05,0.12057635614432576,0.11778425065627462,0.7615699797319047,25,30,10
37,2660,5.425691086472757e-09,0.12056405013211188,0.11943150290533272,0.7600044415368646,25,30,10
37,2661,5.425691086472757e-09,0.12056405013211188,0.1194315020204111,0.7600044424217862,25,30,10
37,2662,5.704924685921883e-09,0.1205640496210429,0.11943164114114399,0.7600043035328887,25,30,10
37,2663,5.704924685921881e-09,0.1205640496210429,0.11943152594356672,0.760004418730466,25,30,10
37,2664,5.704924685921881e-09,0.1205640496210429,0.11943152596665137,0.7600044187073813,25,30,10
37,2665,5.70350790074215e-09,0.12056404364041183,0.11942881383203596,0.7600071368240445,25,30,10
37,2666,9.4089271158215e-09,0.12056403741650838,0.1195252503618936,0.7599107028126713,25,30,10
37,2667,9.4089271158215e-09,0.12056403741650838,0.11952525036084095,0.7599107028137239,25,30,10
37,2668,9.408927112730004e-09,0.1203808660669875,0.11970842171036225,0.7599107028137234,25,30,10
37,2669,9.408927112730004e-09,0.1203808660669875,0.11970844944610118,0.7599106750779845,25,30,10
37,2670,9.408927112730004e-09,0.1203808660669875,0.11970844948177134,0.7599106750423142,25,30,10
37,2671,9.408927112730004e-09,0.1203808660669875,0.11970856536186471,0.7599105591622208,25,30,10
37,2672,9.408927112730004e-09,0.1203808660669875,0.1197085653870972,0.7599105591369884,25,30,10
37,2673,9.408927112730004e-09,0.1203808660669875,0.11970856393888565,0.7599105605851997,25,30,10
37,2674,9.408927112730004e-09,0.1203808660669875,0.11970856250463592,0.7599105620194496,25,30,10
37,2675,9.408927112730004e-09,0.1203808660669875,0.1197085610222427,0.7599105635018429,25,30,10
37,2676,9.408927112730004e-09,0.1203808660669875,0.1197085609865697,0.7599105635375158,25,30,10
37,2677,3.800623296628286e-09,0.1203808660668302,0.11970856663704467,0.759910563495502,25,30,10
37,2678,3.800623296628292e-09,0.1203808660668302,0.11970856730348195,0.7599105628290649,25,30,10
37,2679,3.800623296628292e-09,0.1203808660668302,0.11970845139864665,0.7599106787339001,25,30,10
37,2680,3.800623296628286e-09,0.1203808660668302,0.11970842293826311,0.7599107071942837,25,30,10
37,2681,3.800623296628286e-09,0.1203808660668302,0.11970842297286996,0.7599107071596768,25,30,10
37,2682,3.800623296628286e-09,0.12038141860423052,0.11970787043546963,0.7599107071596768,25,30,10
37,2683,3.800623296628286e-09,0.12038141873253559,0.11970787030716458,0.7599107071596768,25,30,10
37,2684,3.800623296628286e-09,0.12035914039271836,0.11973014864698184,0.7599107071596768,25,30,10
37,2685,3.800623296628286e-09,0.12035914039271836,0.11973014868263815,0.7599107071240205,25,30,10
37,2686,3.800623296628286e-09,0.12035914039271836,0.11973022661390809,0.7599106291927505,25,30,10
37,2687,3.800623295644753e-09,0.12035914039271836,0.11973022415733708,0.7599106316493216,25,30,10
37,2688,3.800623295644753e-09,0.12035914039271836,0.11973034003945787,0.7599105157672007,25,30,10
37,2689,3.8020533801481835e-09,0.11997757615583994,0.1201119042749074,0.7599105157671998,25,30,10
37,2690,3.8020533801481835e-09,0.11997757615583994,0.12011190570973969,0.7599105143323674,25,30,10
37,2691,3.8020533801481835e-09,0.11997757615583994,0.12011190426253558,0.7599105157795717,25,30,10
37,2692,3.7078526496686006e-09,0.11997757644307405,0.10566485745162858,0.7743575623974449,25,30,10
37,2693,3.7078526496686006e-09,0.11997757644307405,0.10566485745205562,0.7743575623970179,25,30,10
37,2694,3.707852649685856e-09,0.11997757644307405,0.10566485865349608,0.7743575611955774,25,30,10
37,2695,3.707852649685856e-09,0.1199775667483422,0.10566486834822791,0.7743575611955774,25,30,10
37,2696,3.707852649685856e-09,0.1199775667483422,0.10566487038170955,0.7743575591620957,25,30,10
37,2697,3.7064225645026422e-09,0.11997757287944548,0.10566486425203633,0.7743575591620957,25,30,10
37,2698,3.7064225645026422e-09,0.11997757287944548,0.1056648637525546,0.7743575596615776,25,30,10
37,2699,3.7632985935725035e-09,0.11997757266993908,0.1201107064950506,0.7599117170717122,25,30,10
37,2700,3.7632985935725035e-09,0.11997757266993908,0.12011070649523077,0.759911717071532,25,30,10
37,2701,3.7632985935725035e-09,0.11997757266993908,0.1201107065395184,0.7599117170272442,25,30,10
37,2702,3.7632985935725035e-09,0.11997757266993908,0.12011070649526809,0.7599117170714947,25,30,10
37,2703,3.7632985935725035e-09,0.11997757266993908,0.12011070649591081,0.759911717070852,25,30,10
37,2704,3.763298593572503e-09,0.11997757266993908,0.12011070447073513,0.7599117190960277,25,30,10
37,2705,3.763298593572863e-09,0.11996984271903961,0.12011843442163472,0.7599117190960277,25,30,10
37,2706,3.763298593572863e-09,0.11996984271903961,0.12011831852968466,0.7599118349879777,25,30,10
37,2707,3.763298593572863e-09,0.11996984271903961,0.12011831652098755,0.7599118369966747,25,30,10
37,2708,3.763298593572863e-09,0.11996984271903961,0.12011831785252726,0.7599118356651351,25,30,10
37,2709,3.763298593572863e-09,0.11996984271903961,0.12011831984987746,0.7599118336677848,25,30,10
37,2710,3.763298593572863e-09,0.11996984271903961,0.12011829140219435,0.7599118621154679,25,30,10
37,2711,3.763298593572858e-09,0.11996984271903961,0.1201182907108029,0.7599118628068594,25,30,10
37,2712,3.763298593572857e-09,0.11996984271927995,0.12003136904214098,0.759998784475281,25,30,10
37,2713,3.763298593572857e-09,0.11996984271927995,0.12003137105038517,0.7599987824670369,25,30,10
37,2714,3.763298593572857e-09,0.11996984271927995,0.12003129312895912,0.7599988603884626,25,30,10
37,2715,3.763298593572857e-09,0.11996984271929795,0.12003129312894113,0.7599988603884626,25,30,10
37,2716,3.763298593572857e-09,0.11996984271929795,0.12003129312046557,0.7599988603969383,25,30,10
37,2717,3.763298593573159e-09,0.11996984271929795,0.120120521835614,0.7599096316817898,25,30,10
37,2718,3.763298593573159e-09,0.11996984271929795,0.12012051986302948,0.7599096336543744,25,30,10
37,2719,3.763298593573159e-09,0.11996945901060135,0.1201209035717261,0.7599096336543744,25,30,10
37,2720,3.763298593573159e-09,0.11996945901060135,0.12012090360717727,0.7599096336189233,25,30,10
37,2721,7.273613734189817e-11,0.1199694590887845,0.11610901329849245,0.7639215275399871,25,30,10
37,2722,7.273693612014702e-11,0.11996945908902917,0.11611384983308883,0.7639166910051451,25,30,10
37,2723,7.273693612014693e-11,0.11996945908878458,0.11611154271804111,0.7639189981204375,25,30,10
37,2724,7.273693610296762e-11,0.11996945908878465,0.11611814778969518,0.7639123930487834,25,30,10
37,2725,7.273693612022066e-11,0.11996945908902924,0.11612261632198426,0.7639079245162498,25,30,10
37,2726,7.273693612022075e-11,0.11996945908902924,0.11612261774595939,0.7639079230922746,25,30,10
37,2727,7.273693611985956e-11,0.11997719873381593,0.11611487810117278,0.7639079230922746,25,30,10
37,2728,5.7880067487464855e-11,0.11997719865410106,0.12012677209849748,0.7598960291895217,25,30,10
37,2729,5.788006748746498e-11,0.11997719865410106,0.12012685006345437,0.7598959512245647,25,30,10
37,2730,5.78800674874663e-11,0.11997719865410106,0.12013345629073094,0.7598893449972881,25,30,10
37,2731,5.78800674874663e-11,0.11997719865410106,0.12013345628048806,0.759889345007531,25,30,10
37,2732,5.790497188771088e-11,0.11997719865410165,0.12013177308450596,0.7598910282034876,25,30,10
37,2733,5.790497188771619e-11,0.11997719865410165,0.12013177355929196,0.7598910277287014,25,30,10
37,2734,5.790417310946735e-11,0.11997719865385699,0.12021923221074894,0.75980356907749,25,30,10
37,2735,5.7904173109472546e-11,0.11997719865385699,0.12021915628726182,0.7598036450009772,25,30,10
37,2736,5.7904173109472546e-11,0.11997719865385699,0.1202191562880675,0.7598036450001715,25,30,10
37,2737,5.790417310947786e-11,0.11997719865386128,0.12022576428907678,0.7597970369991578,25,30,10
37,2738,5.792144927325276e-11,0.1199771986659373,0.08560453160876422,0.794418269667377,25,30,10
37,2739,5.792144927325285e-11,0.1199771986659373,0.08560453294364136,0.7944182683325,25,30,10
37,2740,5.792144927324756e-11,0.1199771986659373,0.0856045329353849,0.7944182683407565,25,30,10
37,2741,5.792144927324766e-11,0.1199771986659373,0.08560453295050613,0.7944182683256352,25,30,10
37,2742,5.7921449273246334e-11,0.1199771986659373,0.08559792669845195,0.7944248745776893,25,30,10
37,2743,5.7921449273246334e-11,0.1199771986659373,0.08559792667326831,0.7944248746028729,25,30,10
37,2744,4.218203055692717e-14,0.11997720295423718,0.08559793995895572,0.794424857086765,25,30,10
37,2745,4.2182030556936295e-14,0.07997745615957122,0.12559768675362173,0.794424857086765,25,30,10
37,2746,4.2182013303895664e-14,0.07997745615932664,0.12559321618831792,0.7944293276523134,25,30,10
37,2747,4.2182013303895664e-14,0.07997745615932664,0.12559321622370376,0.7944293276169276,25,30,10
37,2748,4.2182013303895525e-14,0.07999987024748015,0.12557080213555025,0.7944293276169276,25,30,10
37,2749,4.2182013305106773e-14,0.07999987024748015,0.12557080222698333,0.7944293275254946,25,30,10
37,2750,4.2182013305105164e-14,0.07999987024748015,0.12557080222633543,0.7944293275261424,25,30,10
37,2751,4.2182013303777865e-14,0.07999987024748015,0.12557080083799518,0.7944293289144827,25,30,10
37,2752,4.218201322811064e-14,0.07999987024748008,0.12556419659832493,0.7944359331541528,25,30,10
37,2753,4.218201322279979e-14,0.07999987024748008,0.12556419609877212,0.7944359336537058,25,30,10
37,2754,4.2182013217582984e-14,0.07999987024747579,0.1255575906130869,0.7944425391393952,25,30,10
37,2755,4.2182013217582877e-14,0.08000025399498645,0.12555720686557634,0.7944425391393952,25,30,10
37,2756,4.218201321758332e-14,0.08000025399498645,0.12555726092838118,0.7944424850765902,25,30,10
37,2757,4.218201321758495e-14,0.08000025399498645,0.12555726440927664,0.7944424815956949,25,30,10
37,2758,4.218201321758495e-14,0.08000025399498645,0.12555726382341517,0.7944424821815562,25,30,10
37,2759,4.218201291563466e-14,0.08000025399498645,0.12546806354630496,0.7945316824586665,25,30,10
37,2760,4.218201291554149e-14,0.08000025399498645,0.12546803507321855,0.7945317109317529,25,30,10
37,2761,1.4486046435505902e-18,0.08000025398290982,0.12009103349994037,0.7999087125171499,25,30,10
37,2762,1.4486046423185936e-18,0.08000025398290982,0.12009103004318174,0.7999087159739087,25,30,10
37,2763,1.4486046652020188e-18,0.08000025398290982,0.12009107001397158,0.7999086760031188,25,30,10
37,2764,1.448604665201893e-18,0.08000025398290982,0.12009106997859316,0.7999086760384972,25,30,10
37,2765,1.4486046651732333e-18,0.08000025398290982,0.12009106996195472,0.7999086760551357,25,30,10
37,2766,1.4486046652014075e-18,0.08000025398290982,0.12009106794105891,0.7999086780760314,25,30,10
37,2767,1.4029442181571471e-18,0.080000254059637,0.12009223319441775,0.7999075127459453,25,30,10
37,2768,1.402944300449491e-18,0.080000254059637,0.1247510962913236,0.7952486496490394,25,30,10
37,2769,1.4029443004781618e-18,0.080000254059637,0.12475109625627794,0.795248649684085,25,30,10
37,2770,1.4029442089398752e-18,0.080000254059637,0.12475109621866869,0.7952486497216944,25,30,10
37,2771,1.4029442089401244e-18,0.080000254059637,0.12475109625372402,0.7952486496866391,25,30,10
37,2772,1.4029505391071959e-18,0.08000025385077242,0.12475109646258865,0.7952486496866391,25,30,10
37,2773,7.833187076524641e-10,0.08077930936755426,0.12397204016248622,0.795248649686641,25,30,10
37,2774,7.833187076524641e-10,0.08077930936755426,0.12397204018805824,0.7952486496610689,25,30,10
37,2775,7.833187076524641e-10,0.08077930936755426,0.12397203815540835,0.7952486516937188,25,30,10
37,2776,7.833187076524641e-10,0.08077930936755426,0.12397203956750452,0.7952486502816227,25,30,10
37,2777,7.833187076524641e-10,0.08077930936755426,0.12397208026324252,0.7952486095858847,25,30,10
37,2778,7.833187076524641e-10,0.08077930936755426,0.12397208074627741,0.7952486091028497,25,30,10
37,2779,7.833187076524641e-10,0.08077930936755426,0.12397208078336104,0.7952486090657662,25,30,10
37,2780,7.833187076524641e-10,0.08077930936755426,0.12397216328136242,0.7952485265677648,25,30,10
37,2781,7.833187076524641e-10,0.08077930936755426,0.12397216279814785,0.7952485270509793,25,30,10
37,2782,7.833187076567774e-10,0.08077930936755433,0.11931558036251101,0.7999051094866161,25,30,10
37,2783,7.833187076567774e-10,0.08077930936755433,0.11931557891536532,0.7999051109337617,25,30,10
37,2784,7.833187062806234e-10,0.08079371973035147,0.11929998401917574,0.7999062954671541,25,30,10
37,2785,7.833187062803206e-10,0.08079371973035147,0.11930001740486329,0.7999062620814665,25,30,10
37,2786,7.83318706305254e-10,0.08077955372041788,0.1193153891298908,0.7999050563663727,25,30,10
37,2787,7.83318706305254e-10,0.08077955372041788,0.11931538770751965,0.7999050577887438,25,30,10
37,2788,7.83318706305254e-10,0.08077955372041788,0.11931530570842139,0.7999051397878421,25,30,10
37,2789,7.83318706305254e-10,0.08077955372041788,0.11931530568408984,0.7999051398121737,25,30,10
37,2790,7.83318706305254e-10,0.08077955372041788,0.1193153056847118,0.7999051398115518,25,30,10
37,2791,7.833187063052481e-10,0.0807480863749661,0.11934677303016192,0.7999051398115534,25,30,10
37,2792,7.83318706305248e-10,0.0807480863749661,0.1193467719619997,0.7999051408797158,25,30,10
37,2793,7.83318706305248e-10,0.08074794372687817,0.1193469146100876,0.7999051408797158,25,30,10
37,2794,7.833187063052532e-10,0.08074794372687817,0.11943921020815518,0.7998128452816481,25,30,10
37,2795,7.833187072887251e-10,0.08074794372687817,0.11934919416809488,0.7999028613217084,25,30,10
37,2796,7.911507662168387e-18,0.07996864401439761,0.12012849466389618,0.7999028613217065,25,30,10
37,2797,7.911507638875164e-18,0.07996864401439761,0.12012849462663225,0.7999028613589704,25,30,10
37,2798,1.0392124150626912e-18,0.07996863520682715,0.12012850343420269,0.7999028613589704,25,30,10
37,2799,5.603797136224665e-20,0.07996863520682722,0.12012625336377188,0.7999051114294012,25,30,10
37,2800,5.603806290002906e-20,0.07996863520682722,0.12012625428725679,0.7999051105059164,25,30,10
37,2801,5.603806127258414e-20,0.07996863520682722,0.120126252874967,0.7999051119182061,25,30,10
37,2802,5.1800244716390083e-20,0.07996863520682715,0.12012397435066903,0.7999073904425041,25,30,10
37,2803,5.172458832604504e-20,0.07996863520682715,0.12012397364934943,0.7999073911438238,25,30,10
37,2804,7.848542726352233e-17,0.07996863957127258,0.12012396928490386,0.7999073911438239,25,30,10
37,2805,7.848542726472727e-17,0.07996863957127258,0.12012396927259865,0.7999073911561291,25,30,10
37,2806,7.84854272647342e-17,0.07996863957127258,0.12012396927441436,0.7999073911543132,25,30,10
37,2807,7.84854272647342e-17,0.07996863957127258,0.1201239692744112,0.7999073911543164,25,30,10
37,2808,7.608787065996935e-19,0.0799701246322846,0.1201224842133992,0.7999073911543164,25,30,10
37,2809,7.608786833141418e-19,0.0799701246322846,0.12012410566623827,0.7999057697014774,25,30,10
37,2810,7.608786849774224e-19,0.0799701246322846,0.12012410708862062,0.7999057682790951,25,30,10
37,2811,7.608786849702465e-19,0.0799701246322846,0.12012410705136749,0.7999057683163483,25,30,10
37,2812,7.605759664531767e-19,0.07997012463228452,0.1201306837348861,0.7998991916328296,25,30,10
37,2813,7.605759664531833e-19,0.07997012463228452,0.12013068377036999,0.7998991915973457,25,30,10
37,2814,7.605759606086735e-19,0.0799697145076334,0.12013109389502111,0.7998991915973457,25,30,10
37,2815,7.605759606091568e-19,0.0799697145076334,0.12013109391165695,0.7998991915807098,25,30,10
37,2816,7.605759606092824e-19,0.0799697145076334,0.12013109394732396,0.7998991915450427,25,30,10
37,2817,4.3291355111176104e-10,0.07996825152500478,0.1201325564192275,0.7998991916228542,25,30,10
37,2818,4.3291355111176104e-10,0.07996825152500478,0.12004026278349851,0.7999914852585833,25,30,10
37,2819,4.3291355111176233e-10,0.07996825152500478,0.12004026352083469,0.7999914845212471,25,30,10
37,2820,4.329135511117625e-10,0.07996825152500478,0.12004026422294153,0.7999914838191402,25,30,10
37,2821,4.329135511117625e-10,0.07996825152500478,0.12004026555510422,0.7999914824869775,25,30,10
37,2822,4.3291355111176244e-10,0.07996825152500478,0.12004034661873933,0.7999914014233422,25,30,10
37,2823,4.3291355111176197e-10,0.07999971573485704,0.12000888240888882,0.7999914014233406,25,30,10
37,2824,4.3291355111176197e-10,0.07999971573485704,0.12000888310948665,0.7999914007227428,25,30,10
37,2825,4.3291355111176197e-10,0.07999971573485704,0.12000953980163294,0.7999907440305966,25,30,10
37,2826,4.3291355111176197e-10,0.07999971573485704,0.12000953835428564,0.7999907454779439,25,30,10
37,2827,4.3291355111176197e-10,0.07999971573485704,0.12000945727834456,0.7999908265538851,25,30,10
37,2828,5.147917076348004e-09,0.07999968921408734,0.12000947916119765,0.799990826476798,25,30,10
37,2829,5.147917076348004e-09,0.07999968921409162,0.12001264309590556,0.7999876625420858,25,30,10
37,2830,5.147917076348004e-09,0.07999968921409162,0.12001264239431735,0.799987663243674,25,30,10
37,2831,5.147917076348004e-09,0.07999968921409162,0.12001260239878611,0.7999877032392054,25,30,10
37,2832,5.147917076348004e-09,0.07999968921409162,0.12001262883821054,0.7999876767997809,25,30,10
37,2833,5.147917076348004e-09,0.07999968921409162,0.12001251295609247,0.799987792681899,25,30,10
37,2834,5.147917076348005e-09,0.0799996892140917,0.12038558955698461,0.7996147160810068,25,30,10
37,2835,5.147917076348005e-09,0.07999968921408741,0.12038242570199911,0.7996178799359965,25,30,10
37,2836,5.147917076348005e-09,0.0799996892140917,0.12038404926883878,0.7996162563691526,25,30,10
37,2837,5.147917076348308e-09,0.0799996892140917,0.12038405125062218,0.7996162543873693,25,30,10
37,2838,5.147917076348308e-09,0.0799996892140917,0.12038405128671341,0.799616254351278,25,30,10
37,2839,5.147917081796681e-09,0.0799994404198411,0.12038309281100222,0.7996174616212401,25,30,10
37,2840,5.147917081796681e-09,0.0799994404198411,0.12038309334575184,0.7996174610864906,25,30,10
37,2841,5.14791708179668e-09,0.0799994404198411,0.12038309309086999,0.7996174613413725,25,30,10
37,2842,5.147917081796679e-09,0.07999944041984103,0.12000998802965439,0.7999905664025881,25,30,10
37,2843,5.147917081796679e-09,0.07999944041984103,0.12000338251427195,0.7999971719179705,25,30,10
37,2844,3.2414506147541215e-07,0.07999944143904945,0.11999530225822903,0.8000049321576601,25,30,10
37,2845,3.2414506147541215e-07,0.07999944143904945,0.11999532928415363,0.8000049051317355,25,30,10
37,2846,3.2414506147541215e-07,0.07999944143904945,0.11999530227053182,0.8000049321453573,25,30,10
37,2847,3.2414506147541215e-07,0.07999944143904945,0.119995302258667,0.800004932157222,25,30,10
37,2848,3.2414506147541215e-07,0.07999944143904945,0.11999530225851344,0.8000049321573757,25,30,10
37,2849,3.2414506147541675e-07,0.07999944143904945,0.11999842552073195,0.8000018088951572,25,30,10
37,2850,3.2414506147541675e-07,0.07999944143904945,0.11999842411694671,0.8000018102989425,25,30,10
37,2851,3.2414506147541675e-07,0.07999944143904945,0.12037152870219682,0.7996287057136928,25,30,10
37,2852,3.241450614754168e-07,0.0787612618668141,0.12160970827443057,0.7996287057136944,25,30,10
37,2853,3.241450614754168e-07,0.0787612618668141,0.121609708995147,0.7996287049929781,25,30,10
37,2854,3.241450614754168e-07,0.0787612618668141,0.12160970898300993,0.7996287050051152,25,30,10
37,2855,3.241450614754168e-07,0.07876126186680982,0.12160808539280207,0.7996303285953271,25,30,10
37,2856,3.241450614754168e-07,0.07876126186680982,0.12160808541617384,0.7996303285719555,25,30,10
37,2857,3.241450614754172e-07,0.07876126186681409,0.12173753960417115,0.7995008743839539,25,30,10
37,2858,3.241450614754172e-07,0.07876126186681409,0.12173754166215238,0.7995008723259724,25,30,10
37,2859,1.6380042076061906e-07,0.07876126098361402,0.12174546312466945,0.7994931120912961,25,30,10
37,2860,1.6380042076061906e-07,0.07876126098361402,0.1217455031188112,0.7994930720971545,25,30,10
37,2861,1.6380042076061906e-07,0.07876126098361402,0.1217455031062547,0.7994930721097109,25,30,10
37,2862,1.6380042113791792e-07,0.07956528334659164,0.12094268801323964,0.7994918648397481,25,30,10
37,2863,1.6380042113791792e-07,0.07956528334659164,0.12094268807325669,0.799491864779731,25,30,10
37,2864,1.6380042113791792e-07,0.07956528334659164,0.12094268803758597,0.7994918648154017,25,30,10
37,2865,1.6380042113791792e-07,0.07956528334659164,0.12094268863598413,0.7994918642170035,25,30,10
37,2866,1.638004211379133e-07,0.07956528334659164,0.12093952671104675,0.7994950261419408,25,30,10
37,2867,1.6380045293153036e-07,0.07956528334651003,0.12093952671109352,0.7994950261419436,25,30,10
37,2868,1.6380045293153036e-07,0.07956528334651003,0.1209395252643906,0.7994950275886465,25,30,10
37,2869,1.6380045293153036e-07,0.07956528334651003,0.1209395267467729,0.7994950261062641,25,30,10
37,2870,1.6380045293153046e-07,0.07956528334651003,0.12093956395187763,0.7994949889011594,25,30,10
37,2871,1.6380045293153046e-07,0.07956528334651003,0.12093956398693727,0.7994949888660997,25,30,10
37,2872,1.6380045293153046e-07,0.07956528334651003,0.12093956395127012,0.7994949889017668,25,30,10
37,2873,1.6380045293153044e-07,0.08080400599719724,0.11970084130058456,0.7994949889017653,25,30,10
37,2874,1.6380045293153044e-07,0.08080400599719724,0.11970087176478846,0.7994949584375614,25,30,10
37,2875,1.6380045293153044e-07,0.08080400599719724,0.11970087174001298,0.7994949584623368,25,30,10
37,2876,1.6380045293153044e-07,0.08080400599719724,0.1197008717400157,0.7994949584623341,25,30,10
37,2877,1.6380045293153044e-07,0.08080400599719724,0.11970095426252439,0.7994948759398253,25,30,10
37,2878,1.6380045293153044e-07,0.08080400599719724,0.11970095372795507,0.7994948764743945,25,30,10
37,2879,1.6380045293153044e-07,0.08080400599719731,0.11933255200162732,0.7998632782007222,25,30,10
37,2880,1.6380045293153044e-07,0.08080400599719731,0.11933255057862441,0.7998632796237249,25,30,10
37,2881,1.6380045293153044e-07,0.08080400599719731,0.1193325200710575,0.799863310131292,25,30,10
37,2882,1.6380045293153044e-07,0.08080400599719731,0.11933024192544282,0.7998655882769067,25,30,10
37,2883,1.6380045293153044e-07,0.08080400934252113,0.11933023858011899,0.7998655882769067,25,30,10
37,2884,1.6380045254873414e-07,0.07999998697954319,0.12013423976127813,0.799865609458726,25,30,10
37,2885,1.638004525491491e-07,0.07999998697817583,0.08638384611775805,0.8336160031036134,25,30,10
37,2886,1.638004525491491e-07,0.07999998697817583,0.08638395998915017,0.8336158892322214,25,30,10
37,2887,1.638004525491491e-07,0.07997757566666375,0.08640637130066228,0.8336158892322214,25,30,10
37,2888,1.638004525491491e-07,0.07997757566666375,0.08640637273555635,0.8336158877973274,25,30,10
37,2889,1.638004525491491e-07,0.07997757566666375,0.0864063727795415,0.8336158877533423,25,30,10
37,2890,1.638004525501261e-07,0.07997757566666794,0.08666800420897515,0.8333542563239044,25,30,10
37,2891,5.806452065492585e-11,0.07997757560862073,0.08666816801514822,0.8333542563181666,25,30,10
37,2892,5.8032727035487014e-11,0.07997756958705722,0.0866681740367468,0.8333542563181637,25,30,10
37,2893,5.803272703548699e-11,0.07997756958705722,0.08666817402798324,0.8333542563269273,25,30,10
37,2894,5.8032727035789704e-11,0.07997756958705723,0.08666817747339714,0.8333542528815134,25,30,10
37,2895,5.803272662085737e-11,0.07997756958705717,0.08041859235342136,0.8396038380014893,25,30,10
37,2896,5.803272662055466e-11,0.07997756958705717,0.08041859037163805,0.8396038399832726,25,30,10
37,2897,5.803272662055466e-11,0.07997756958705717,0.08041859178436296,0.8396038385705475,25,30,10
37,2898,5.805781750614836e-11,0.0799775695870555,0.08041859178433666,0.8396038385705503,25,30,10
37,2899,5.805781750614836e-11,0.0799775695870555,0.08041850928678203,0.839603921068105,25,30,10
37,2900,5.805781750614836e-11,0.0799775695870555,0.08041851131998774,0.8396039190348994,25,30,10
37,2901,5.805781750614836e-11,0.0799775695870555,0.08041851190586463,0.8396039184490224,25,30,10
37,2902,5.8057817506144376e-11,0.0799775695870555,0.0804185138957001,0.8396039164591869,25,30,10
37,2903,5.8057817506144473e-11,0.0799775695870555,0.08041859638327666,0.8396038339716102,25,30,10
37,2904,5.805781750614449e-11,0.0799775695870555,0.08041859497161524,0.8396038353832718,25,30,10
37,2905,5.80578175061444e-11,0.0799775695870555,0.08041851248342362,0.8396039178714634,25,30,10
37,2906,5.80578175061444e-11,0.0799775695870555,0.08041862836554181,0.8396038019893451,25,30,10
37,2907,5.80578175061444e-11,0.0799775695870555,0.08041862777968314,0.8396038025752038,25,30,10
37,2908,5.80578175061444e-11,0.0799775695870555,0.0804186257718771,0.8396038045830099,25,30,10
37,2909,5.80578175061444e-11,0.0799775695870555,0.08041862374717729,0.8396038066077096,25,30,10
37,2910,5.80578175061444e-11,0.0799775695870555,0.08041850783880332,0.8396039225160837,25,30,10
37,2911,5.8057817505767234e-11,0.07997756958705121,0.08028901112233898,0.8397334192325522,25,30,10
37,2912,5.8057817505767234e-11,0.07997756958705121,0.08028897112812729,0.839733459226764,25,30,10
37,2913,5.8057817505767234e-11,0.07997757893748884,0.08028896177768968,0.839733459226764,25,30,10
37,2914,5.8057817505691566e-11,0.07997757893748884,0.08028892512293309,0.8397334958815205,25,30,10
37,2915,5.8057817505691566e-11,0.07997757893748884,0.08028892514769925,0.8397334958567544,25,30,10
37,2916,5.805781750569155e-11,0.07997757893748884,0.08028892372545288,0.8397334972790007,25,30,10
37,2917,5.805781750569154e-11,0.07997757893748884,0.08028892370102138,0.8397334973034323,25,30,10
37,2918,5.8057817505691514e-11,0.07997757893748884,0.08028892166720379,0.83973349933725,25,30,10
37,2919,5.8057817505691534e-11,0.07997757893748884,0.08029120123585684,0.8397312197685969,25,30,10
37,2920,5.8057817505691534e-11,0.07997757893748884,0.080291201247713,0.8397312197567406,25,30,10
37,2921,5.805781750569155e-11,0.07997757893748884,0.08029116328702442,0.8397312577174293,25,30,10
37,2922,5.805781750569289e-11,0.07997757893748884,0.08029116401542062,0.8397312569890331,25,30,10
37,2923,5.8057817509977906e-11,0.07997757893748891,0.08055749843965275,0.8394649225648009,25,30,10
37,2924,5.80578175099779e-11,0.07997757911511563,0.08055749826202603,0.8394649225648009,25,30,10
37,2925,5.80578175099779e-11,0.07997757911511563,0.08055749756119102,0.8394649232656358,25,30,10
37,2926,4.295360841968889e-14,0.07997757903715266,0.08055749769716877,0.8394649232656358,25,30,10
37,2927,4.295360841968931e-14,0.07997757903715266,0.08055749773260311,0.8394649232302016,25,30,10
37,2928,4.29536084196877e-14,0.07997757903715266,0.08055749640047503,0.8394649245623298,25,30,10
37,2929,4.29536084196877e-14,0.07997757920218432,0.08055749623544341,0.8394649245623298,25,30,10
37,2930,4.2953608424998544e-14,0.07997757920218432,0.08055757876877218,0.839464842029001,25,30,10
37,2931,4.2953608425091725e-14,0.07997757920218432,0.08055757993428178,0.8394648408634915,25,30,10
37,2932,4.2953608430402563e-14,0.07997757920218433,0.08055758207098714,0.839464838726786,25,30,10
37,2933,4.2953608430402626e-14,0.07997757920218433,0.08055761054388234,0.8394648102538907,25,30,10
37,2934,4.2953608430402626e-14,0.07997757920218433,0.08055761251676323,0.8394648082810098,25,30,10
37,2935,4.2953608430379365e-14,0.07997757920218433,0.08055533293162784,0.8394670878661452,25,30,10
37,2936,4.29536098584374e-14,0.07955569719320299,0.08097721494060917,0.8394670878661452,25,30,10
37,2937,4.29536098584374e-14,0.07955569719320299,0.08097721496579269,0.8394670878409616,25,30,10
37,2938,4.295360985312656e-14,0.07955569719320299,0.08097713243184917,0.8394671703749051,25,30,10
37,2939,4.2958298928288035e-14,0.07957716971031568,0.08095565991473641,0.8394671703749051,25,30,10
37,2940,4.29582989283113e-14,0.07957716971031568,0.08095793949922704,0.8394648907904145,25,30,10
37,2941,4.295829892300085e-14,0.07957716971031568,0.08095793735146067,0.8394648929381809,25,30,10
37,2942,4.295829892309402e-14,0.07957716971031568,0.08095782291712628,0.8394650073725154,25,30,10
37,2943,2.5096569648824114e-14,0.07958432297178737,0.08095066965561569,0.8394650073725721,25,30,10
37,2944,2.5096569648730946e-14,0.07958432297178737,0.08095067048851404,0.8394650065396738,25,30,10
37,2945,2.509657395251756e-14,0.07958432297178746,0.0810429648417297,0.8393727121864579,25,30,10
37,2946,2.5096573952515928e-14,0.07958432297178746,0.08104296481676837,0.8393727122114193,25,30,10
37,2947,2.5096569667496622e-14,0.07958432297178737,0.08077663175122794,0.8396390452769598,25,30,10
37,2948,2.509656966740345e-14,0.07958432297178737,0.08077663230204032,0.8396390447261473,25,30,10
37,2949,2.5096569666099028e-14,0.07958432297178737,0.08077674749439406,0.8396389295337936,25,30,10
37,2950,2.5096569667519906e-14,0.07958432297178737,0.08077686188128244,0.8396388151469053,25,30,10
37,2951,2.5096569667519906e-14,0.07958432297178737,0.0807768618777393,0.8396388151504484,25,30,10
37,2952,2.5096569668847587e-14,0.07958432297178737,0.08077686191388564,0.8396388151143018,25,30,10
37,2953,7.970264003607493e-11,0.07960415098018,0.08075703382581566,0.8396388151143018,25,30,10
37,2954,7.970264003607493e-11,0.07960415098018,0.08075703382458255,0.839638815115535,25,30,10
37,2955,7.970263905909043e-11,0.07960415098017574,0.08049069908901034,0.8399051498511113,25,30,10
37,2956,7.970263905909434e-11,0.07960415098017574,0.08057981141657314,0.8398160375235486,25,30,10
37,2957,7.970263905909434e-11,0.07960415098017574,0.08057981074091408,0.8398160381992077,25,30,10
37,2958,7.970263436999387e-11,0.07960509256487433,0.08057886915621557,0.8398160381992077,25,30,10
37,2959,7.970263436999387e-11,0.07960508287409754,0.08057887884699232,0.8398160381992078,25,30,10
37,2960,7.970263436999387e-11,0.07960508287409754,0.08057887885769448,0.8398160381885056,25,30,10
37,2961,7.970263436999387e-11,0.07960508287409754,0.08057888086609456,0.8398160361801055,25,30,10
37,2962,7.970263436569009e-11,0.07960508287409747,0.08048658505258999,0.8399083319936103,25,30,10
37,2963,7.970263436569009e-11,0.07960508287409747,0.08048658646487734,0.839908330581323,25,30,10
37,2964,7.970263436569009e-11,0.07960508287409747,0.08048658511827965,0.8399083319279206,25,30,10
37,2965,7.970263436569019e-11,0.07960508287409747,0.08048655669555785,0.8399083603506425,25,30,10
37,2966,7.970263436569019e-11,0.07960508287409747,0.08048655666030065,0.8399083603858997,25,30,10
37,2967,7.970263436569019e-11,0.07960508287409747,0.08048655466215081,0.8399083623840495,25,30,10
37,2968,7.970263436569019e-11,0.07960508287409747,0.08048883424847945,0.8399060827977209,25,30,10
37,2969,4.591009288633312e-10,0.07997538555179867,0.08011853119143642,0.8399060827976642,25,30,10
37,2970,7.995717412634888e-11,0.07959793405537424,0.0804959830668905,0.8399060827977785,25,30,10
37,2971,7.99571741263488e-11,0.07959793405537424,0.08049602301163179,0.8399060428530372,25,30,10
37,2972,7.995717412634877e-11,0.07959793405537424,0.08049374345390227,0.8399083224107667,25,30,10
37,2973,7.995717412634876e-11,0.07959793405537424,0.08049362899694099,0.8399084368677279,25,30,10
37,2974,7.995717412635009e-11,0.07959793405537424,0.08049363100602427,0.8399084348586446,25,30,10
37,2975,7.995717412635009e-11,0.07959793405537424,0.08049363100601724,0.8399084348586517,25,30,10
37,2976,7.995717412635017e-11,0.07959793405537424,0.0804983342851876,0.8399037315794813,25,30,10
37,2977,7.995717412635415e-11,0.07959793405537424,0.08049833428659328,0.8399037315780756,25,30,10
37,2978,7.995717412635415e-11,0.07959793405537424,0.08049833283943561,0.8399037330252334,25,30,10
37,2979,7.995717412635418e-11,0.07959793405537424,0.08049833283943558,0.8399037330252334,25,30,10
37,2980,7.995717412635415e-11,0.07959793405537424,0.08041072699258153,0.8399913388720874,25,30,10
37,2981,7.995717412635946e-11,0.07959793405537424,0.08041072842709657,0.8399913374375723,25,30,10
37,2982,7.995717412635949e-11,0.07959793405537424,0.08041301003260753,0.8399890558320613,25,30,10
37,2983,7.995717412635418e-11,0.07959793405537424,0.08041301000533771,0.8399890558593311,25,30,10
37,2984,7.995717412635418e-11,0.07959793405537424,0.08041301006577789,0.8399890557988909,25,30,10
37,2985,7.995717412635418e-11,0.07959793405537424,0.08041301147849919,0.8399890543861696,25,30,10
37,2986,7.995717412635418e-11,0.07959793405537424,0.08041301147849078,0.8399890543861781,25,30,10
37,2987,7.995717412634886e-11,0.07959793405537424,0.08041301206391215,0.8399890538007567,25,30,10
37,2988,7.995717412634886e-11,0.07959793405537424,0.08041301005613781,0.839989055808531,25,30,10
37,2989,7.995717412634355e-11,0.07959793405537424,0.08041138717985452,0.8399906786848144,25,30,10
37,2990,7.995717412634355e-11,0.07959793405537424,0.08041146765810021,0.8399905982065685,25,30,10
37,2991,7.995717412634355e-11,0.07959793405537424,0.08041146766819825,0.8399905981964706,25,30,10
37,2992,7.995717412634354e-11,0.07959793405537424,0.08041146564609594,0.8399906002185727,25,30,10
37,2993,7.995717412634354e-11,0.07959793405537424,0.08041146558566287,0.839990600279006,25,30,10
37,2994,7.995717412634231e-11,0.07959793405537424,0.08041146357919114,0.8399906022854775,25,30,10
37,2995,7.995717412634231e-11,0.07959793405537424,0.08041146357919832,0.8399906022854704,25,30,10
37,2996,7.995717412491425e-11,0.0800198062535813,0.07998959138099115,0.8399906022854704,25,30,10
37,2997,7.995717414547536e-11,0.08000894298192884,0.08000045465254628,0.8399906022855679,25,30,10
37,2998,7.995717414547536e-11,0.08000894298192884,0.08000045466220641,0.8399906022759077,25,30,10
37,2999,7.995717414554973e-11,0.08000894298192884,0.07999817508992832,0.8399928818481857,25,30,10
37,3000,7.995717414554973e-11,0.08000894298192884,0.07999817510322306,0.8399928818348908,25,30,10
37,3001,7.995717414554973e-11,0.08000894298192884,0.07999817509509283,0.839992881843021,25,30,10
37,3002,2.5453982745066493e-13,0.07998912099511665,0.08001799716161077,0.8399928818430183,25,30,10
37,3003,2.5453982745066655e-13,0.07998912099511665,0.08001811307895329,0.8399927659256757,25,30,10
37,3004,2.54539827450667e-13,0.07998912099511665,0.08001811308771999,0.8399927659169089,25,30,10
37,3005,2.5453982745069023e-13,0.07998912099511667,0.08001814157311146,0.8399927374315176,25,30,10
37,3006,2.5453982780600454e-13,0.07937903969970612,0.08062822286852199,0.8399927374315176,25,30,10
37,3007,2.545398278060046e-13,0.07937903969970612,0.08062822146455277,0.8399927388354869,25,30,10
37,3008,2.545398278113152e-13,0.07937903969970612,0.08062979029255732,0.8399911700074822,25,30,10
37,3009,2.545398278113152e-13,0.07937903969970612,0.08062979031793831,0.8399911699821012,25,30,10
37,3010,2.5453982745599915e-13,0.0799887441462457,0.08002008587139875,0.8399911699821012,25,30,10
37,3011,4.307266503702871e-13,0.08055823861941144,0.07945059139805503,0.8399911699821027,25,30,10
37,3012,4.3072665037028667e-13,0.08055823861941144,0.07945059135467654,0.8399911700254812,25,30,10
37,3013,4.307266503702863e-13,0.08055823861941144,0.07945059040580156,0.8399911709743563,25,30,10
37,3014,4.3072665037028617e-13,0.08055823862044019,0.07945059040477283,0.8399911709743563,25,30,10
37,3015,4.3072665037690104e-13,0.08055823862044019,0.0794483773483111,0.8399933840308179,25,30,10
37,3016,2.5508780108794094e-13,0.0799887441239774,0.080017871844951,0.8399933840308167,25,30,10
37,3017,2.5508780108793973e-13,0.0799887441239774,0.08002003552054768,0.8399912203552199,25,30,10
37,3018,2.5508780108793973e-13,0.0799887441239774,0.08002003751880507,0.8399912183569626,25,30,10
37,3019,4.3601526553348637e-13,0.07998874412422038,0.08028237691665213,0.8397288789586916,25,30,10
37,3020,4.3601624906465866e-13,0.07998874412422038,0.0802824599282647,0.839728795947079,25,30,10
37,3021,4.3601624906465866e-13,0.07998874412422038,0.08028245990349092,0.8397287959718528,25,30,10
37,3022,4.3601624906465866e-13,0.07998874412422038,0.08028245992826472,0.839728795947079,25,30,10
37,3023,4.360162285036503e-13,0.07999188068544029,0.08027932336714233,0.8397287959469816,25,30,10
37,3024,4.360162285089611e-13,0.07999188068544029,0.0802793248149209,0.839728794499203,25,30,10
37,3025,4.3601622850365206e-13,0.07999188068544029,0.08027775715242898,0.8397303621616949,25,30,10
37,3026,4.360162285035589e-13,0.07999188068544029,0.08027775858904575,0.8397303607250781,25,30,10
37,3027,4.3601622850353725e-13,0.07999188068544029,0.08027773213773791,0.839730387176386,25,30,10
37,3028,4.3601622820081853e-13,0.07999188068544029,0.08027772868160526,0.8397303906325186,25,30,10
37,3029,4.36016228276322e-13,0.07999188068544029,0.08036994182692603,0.8396381774871977,25,30,10
37,3030,4.3601622826968334e-13,0.07999188068544029,0.08036987325269053,0.8396382460614333,25,30,10
37,3031,4.3601622826968334e-13,0.07999188068544029,0.08036983330794564,0.8396382860061782,25,30,10
37,3032,2.550887638240437e-13,0.07999188068519729,0.08010287313299695,0.8399052461815508,25,30,10
37,3033,2.550887638240421e-13,0.07999188068519729,0.08010287310803928,0.8399052462065084,25,30,10
37,3034,2.5508876384936253e-13,0.0799918805611493,0.08010287323208731,0.8399052462065084,25,30,10
37,3035,2.550887638493625e-13,0.0799918805611493,0.08010279070895882,0.839905328729637,25,30,10
37,3036,2.550887637736832e-13,0.0799918805611493,0.08010279009749705,0.8399053293410986,25,30,10
37,3037,2.550887637736832e-13,0.0799918805611493,0.08010051054055117,0.8399076088980446,25,30,10
37,3038,2.5508877840891513e-13,0.07999188056135678,0.08617355976359584,0.8338345596747925,25,30,10
37,3039,2.5508877840891513e-13,0.07999188056135678,0.08617355973903412,0.8338345596993542,25,30,10
37,3040,2.5508877840891513e-13,0.07999188056135678,0.0861735617726761,0.8338345576657121,25,30,10
37,3041,2.5508877840891387e-13,0.07999188056135678,0.08617364226231207,0.8338344771760761,25,30,10
37,3042,2.550887784092256e-13,0.0787608848102488,0.08740463801342005,0.8338344771760761,25,30,10
37,3043,2.55088778409226e-13,0.0787608848102488,0.08740463755159741,0.8338344776378989,25,30,10
37,3044,2.550887784145368e-13,0.0787608848102488,0.08740475346948463,0.8338343617200116,25,30,10
37,3045,2.5508877841453677e-13,0.0787608848102488,0.08740475143583464,0.8338343637536616,25,30,10
37,3046,2.550887784145367e-13,0.0787608848102488,0.08740475147062163,0.8338343637188745,25,30,10
37,3047,2.5508877841453677e-13,0.0787608848102488,0.0874048673630257,0.8338342478264705,25,30,10
37,3048,2.550887784158641e-13,0.0787608848102488,0.08740498528264036,0.8338341299068557,25,30,10
37,3049,2.5508877841586367e-13,0.0787608848102488,0.08740490275967185,0.8338342124298244,25,30,10
37,3050,3.2660244586351915e-08,0.07876088038100028,0.04867543144320334,0.8725636555155519,25,30,10
37,3051,3.2660244586351915e-08,0.07876088038100028,0.04868203565156993,0.8725570513071852,25,30,10
37,3052,3.2660244586381045e-08,0.05293759996487607,0.0745053160676939,0.8725570513071852,25,30,10
37,3053,3.266024404043971e-08,0.05293760622884915,0.07450530980372144,0.8725570513071854,25,30,10
37,3054,3.0936014124090954e-18,0.05293760621534838,0.0732348140610471,0.8738275797236045,25,30,10
37,3055,3.093525907344764e-18,0.05293760621534838,0.0731425184272047,0.8739198753574469,25,30,10
37,3056,4.073940372403746e-18,0.05293760700761333,0.07326935621964506,0.8737930367727417,25,30,10
37,3057,4.073940386125121e-18,0.05417633895417768,0.07203062427308071,0.8737930367727417,25,30,10
37,3058,4.073940386125624e-18,0.05417633895417768,0.0720306242501473,0.8737930367956751,25,30,10
37,3059,4.0739403873515855e-18,0.05417633895417768,0.07203062425813911,0.8737930367876833,25,30,10
37,3060,4.0739350765252195e-18,0.05417633895417768,0.07203062279351952,0.8737930382523028,25,30,10
37,3061,4.073935076116686e-18,0.05417633895417768,0.07203073726351894,0.8737929237823034,25,30,10
37,3062,4.073933748375765e-18,0.05417633895417768,0.07203070880161205,0.8737929522442103,25,30,10
37,3063,3.093519283324455e-18,0.05417633816191273,0.07190387150869944,0.8739197903293879,25,30,10
37,3064,3.0935192833248303e-18,0.05417633816191273,0.07190375559154179,0.8739199062465456,25,30,10
37,3065,3.093513972485615e-18,0.05417633816191273,0.07190363968393294,0.8739200221541544,25,30,10
37,3066,3.0935126447758465e-18,0.05417633816191273,0.07190352176448764,0.8739201400735997,25,30,10
37,3067,3.0935126447681763e-18,0.05417633816191273,0.07190352130001193,0.8739201405380754,25,30,10
37,3068,3.0935126447967282e-18,0.05417633816191273,0.0719035217642998,0.8739201400737876,25,30,10
37,3069,3.0935126444449174e-18,0.05417633816191273,0.07190360425893144,0.873920057579156,25,30,10
37,3070,3.093512644853443e-18,0.05417633816191273,0.07190360425893927,0.8739200575791481,25,30,10
37,3071,4.821494609200501e-11,0.07896211515421832,0.04711782721832365,0.8739200575792432,25,30,10
37,3072,4.821494609200501e-11,0.07896211515421832,0.04711782720803761,0.8739200575895292,25,30,10
37,3073,3.0643567058965852e-18,0.0799998181162116,0.04608012429435433,0.8739200575894341,25,30,10
37,3074,2.080825627138535e-18,0.0799998181162116,0.0460800697655452,0.8739201121182434,25,30,10
37,3075,2.0808256275538545e-18,0.0799998181162116,0.04608007129938181,0.8739201105844068,25,30,10
37,3076,2.0808256275753625e-18,0.0799998181162116,0.046080071299173665,0.8739201105846149,25,30,10
37,3077,2.0808256276037858e-18,0.0799998181162116,0.046080072000397224,0.8739201098833912,25,30,10
37,3078,2.0808256275756117e-18,0.0799998181162116,0.04608007200038954,0.8739201098833989,25,30,10
37,3079,2.0808256275761144e-18,0.0799998181162116,0.04608018788251028,0.8739199940012783,25,30,10
37,3080,2.0808256275474485e-18,0.0799998181162116,0.04608018785671627,0.8739199940270723,25,30,10
37,3081,2.0808256279565695e-18,0.0799998181162116,0.046083351008217165,0.8739168308755714,25,30,10
37,3082,2.080825627956444e-18,0.0799998181162116,0.04608335100802919,0.8739168308757594,25,30,10
37,3083,2.0808256263505092e-18,0.0799998181162116,0.046083348986687964,0.8739168328971005,25,30,10
37,3084,2.0808256247375394e-18,0.0799998181162116,0.046083347798247895,0.8739168340855406,25,30,10
37,3085,2.0808256018854924e-18,0.0799998181162116,0.04607674361483713,0.8739234382689512,25,30,10
37,3086,2.081128319705388e-18,0.07999981811621168,0.04607686634152151,0.8739233155422669,25,30,10
37,3087,2.0808256950869963e-18,0.0799998181162116,0.04607677353743839,0.8739234083463501,25,30,10
37,3088,2.0808256950864956e-18,0.0799998181162116,0.04607677409834932,0.8739234077854392,25,30,10
37,3089,2.0808256247982343e-18,0.0799998181162116,0.04607674632686838,0.8739234355569201,25,30,10
37,3090,2.0808257179423243e-18,0.0799998181162116,0.04607674776252872,0.8739234341212597,25,30,10
37,3091,2.0808257195765595e-18,0.0799998181162116,0.04607674826161899,0.8739234336221695,25,30,10
37,3092,2.0808310287966748e-18,0.0799998181162116,0.04607675065710277,0.8739234312266858,25,30,10
37,3093,2.080831029240546e-18,0.0799998181162116,0.04607675132316642,0.8739234305606222,25,30,10
37,3094,2.0808310288032176e-18,0.0799998181162116,0.04607675063420678,0.8739234312495817,25,30,10
37,3095,2.080830584718188e-18,0.0799998150995837,0.046076753650834676,0.8739234312495817,25,30,10
37,3096,2.080830584689502e-18,0.0799998150995837,0.0460767536737623,0.8739234312266543,25,30,10
37,3097,2.0808305842521738e-18,0.0799998150995837,0.04607675161473927,0.8739234332856772,25,30,10
37,3098,2.0808306075448724e-18,0.0799998150995837,0.04607679160966033,0.8739233932907561,25,30,10
37,3099,2.0808306075166984e-18,0.0799998150995837,0.04607679162090423,0.8739233932795122,25,30,10
37,3100,2.080830607488021e-18,0.0799998150995837,0.046076675703554136,0.8739235091968623,25,30,10
37,3101,2.080830607466513e-18,0.0799998150995837,0.04607667368239317,0.8739235112180234,25,30,10
37,3102,2.098091526007089e-18,0.0799998150995837,0.046078269586726686,0.8739219153136898,25,30,10
37,3103,2.0980915260357686e-18,0.0799998150995837,0.04608297287447526,0.8739172120259413,25,30,10
37,3104,2.09809152603514e-18,0.0799998150995837,0.0460829728617386,0.8739172120386778,25,30,10
37,3105,2.0980915260708606e-18,0.0799998150995837,0.04608297486846812,0.8739172100319483,25,30,10
37,3106,2.0980915493067297e-18,0.0799998150995837,0.046082893784544963,0.8739172911158716,25,30,10
37,3107,3.487369734739902e-20,0.07999980896839103,0.04608289991573735,0.8739172911158716,25,30,10
37,3108,3.487369895370783e-20,0.07999980896839103,0.04608298173763743,0.8739172092939714,25,30,10
37,3109,3.487360575270655e-20,0.07999980896839103,0.04608295184060509,0.8739172391910037,25,30,10
37,3110,3.487360561602204e-20,0.07999980262203339,0.046082958186962716,0.8739172391910037,25,30,10
37,3111,3.4874932891965044e-20,0.07999980262203339,0.046079797061402354,0.873920400316564,25,30,10
37,3112,3.4876260604457833e-20,0.07999980262203339,0.04607983705665455,0.8739203603213119,25,30,10
37,3113,3.4876270346077884e-20,0.07999962151206903,0.046080018166618934,0.8739203603213119,25,30,10
37,3114,3.4876270747561736e-20,0.07999962151206903,0.046080017584299,0.8739203609036318,25,30,10
37,3115,3.487624908897241e-20,0.07999962151206903,0.04607997760149979,0.873920400886431,25,30,10
37,3116,3.487624746203257e-20,0.07999962151206903,0.04607997829085141,0.8739204001970794,25,30,10
37,3117,3.487623799321234e-20,0.07999980981524069,0.04607978998767972,0.8739204001970794,25,30,10
37,3118,3.4876331165726914e-20,0.07999980981524069,0.04607979203441711,0.873920398150342,25,30,10
37,3119,4.564034690797319e-09,0.08000015285509537,0.04607944443052763,0.873920398150342,25,30,10
37,3120,4.564034690797319e-09,0.08000015285509537,0.04607944501620587,0.8739203975646639,25,30,10
37,3121,4.5640346907973144e-09,0.08000015285509537,0.04607944356835621,0.8739203990125135,25,30,10
37,3122,4.5640346907973144e-09,0.08000015285509537,0.0460793610454147,0.873920481535455,25,30,10
37,3123,4.5640346907973144e-09,0.08000015285509537,0.04607944151056694,0.8739204010703028,25,30,10
37,3124,4.5640346907973144e-09,0.07999995343993997,0.046079640925722434,0.8739204010703028,25,30,10
37,3125,4.5640346907973144e-09,0.07999995343993997,0.0460796409517211,0.8739204010443042,25,30,10
37,3126,4.5640346907973144e-09,0.07999995343993997,0.04607955842859589,0.8739204835674295,25,30,10
37,3127,4.564034690797313e-09,0.07999995343993997,0.04607955842753528,0.8739204835684901,25,30,10
37,3128,4.564034690797313e-09,0.07999995343993997,0.04607955639479643,0.873920485601229,25,30,10
37,3129,2.0061199961499987e-19,0.07999960405008728,0.046078244212210795,0.8739221517377018,25,30,10
37,3130,2.0061199964355137e-19,0.07999960405008728,0.04607824565893523,0.8739221502909774,25,30,10
37,3131,3.498546632587641e-13,0.07999961015643416,0.0460798765752,0.8739205132680159,25,30,10
37,3132,3.498546632588589e-13,0.07999961015643416,0.046079762130586996,0.873920627712629,25,30,10
37,3133,3.4985466325885934e-13,0.07999961015643416,0.04607976015800257,0.8739206296852134,25,30,10
37,3134,3.4985466325885974e-13,0.07999961015643416,0.04607975941209956,0.8739206304311165,25,30,10
37,3135,3.4985466325892966e-13,0.07999961015643416,0.0460797586958329,0.873920631147383,25,30,10
37,3136,3.4985466325892966e-13,0.07999961015643416,0.046079758660604216,0.8739206311826119,25,30,10
37,3137,3.4985466325883485e-13,0.07999961015643416,0.04607975721326346,0.8739206326299527,25,30,10
37,3138,3.4985466326414574e-13,0.07999961015643416,0.04607513643632439,0.8739252534068916,25,30,10
37,3139,3.498546632640526e-13,0.07999961015643416,0.046075138448902125,0.8739252513943139,25,30,10
37,3140,3.498546632641558e-13,0.0799922672406384,0.046082481364697815,0.8739252513943139,25,30,10
37,3141,3.4985464600333043e-13,0.0799922672406384,0.04608088692023542,0.8739268458387763,25,30,10
37,3142,3.4985464600333043e-13,0.0799922672406384,0.046080886894409125,0.8739268458646027,25,30,10
37,3143,3.4985464600333043e-13,0.0799922672406384,0.046080888341560454,0.8739268444174513,25,30,10
37,3144,3.4985464599801955e-13,0.0799922672406384,0.04608080726560776,0.873926925493404,25,30,10
37,3145,3.4985464599802e-13,0.0799922672406384,0.04608080941463875,0.8739269233443729,25,30,10
37,3146,3.498546459981131e-13,0.0799922672406384,0.0460808080028282,0.8739269247561836,25,30,10
37,3147,3.498546459981132e-13,0.0799922672406384,0.04608092321852004,0.8739268095404918,25,30,10
37,3148,3.4985464599802e-13,0.0799922672406384,0.046080924630765116,0.8739268081282467,25,30,10
37,3149,3.4985464599802086e-13,0.0799922672406384,0.046080962591789426,0.8739267701672224,25,30,10
37,3150,3.4985464599792766e-13,0.0799922672406384,0.04608096113232361,0.8739267716266883,25,30,10
37,3151,3.4985464599792766e-13,0.0799922672406384,0.04608096116692221,0.8739267715920894,25,30,10
37,3152,3.498546459979277e-13,0.0799922672406384,0.046080959159108544,0.8739267735999031,25,30,10
37,3153,3.498546459979289e-13,0.0799922672406384,0.046080958401127955,0.8739267743578839,25,30,10
37,3154,3.498546459979273e-13,0.0799922672406384,0.04608095836915323,0.8739267743898587,25,30,10
37,3155,3.498546463006461e-13,0.0799922672406384,0.04608095842637398,0.8739267743326379,25,30,10
37,3156,3.498546463006456e-13,0.0799922672406384,0.04608095631459612,0.8739267764444157,25,30,10
37,3157,3.498546463006456e-13,0.0799922672406384,0.04608095632487436,0.8739267764341375,25,30,10
37,3158,2.602558116113234e-19,0.07999226113450249,0.0061740774601024605,0.9138336614053951,25,30,10
37,3159,2.602558112026705e-19,0.07999226113450249,0.006174077424432278,0.9138336614410654,25,30,10
37,3160,2.602611220138317e-19,0.07999226113450249,0.0061741918944557715,0.9138335469710419,25,30,10
37,3161,2.602610987277773e-19,0.07999226113450249,0.006174306363833146,0.9138334325016646,25,30,10
37,3162,2.6026110035672086e-19,0.07999226113450249,0.006303829797059454,0.9137039090684382,25,30,10
37,3163,1.4946025605266744e-20,0.0799922611481088,0.006478194835796245,0.9135295440160952,25,30,10
37,3164,1.464330685710061e-20,0.0799922611481088,0.0064781947667376895,0.9135295440851537,25,30,10
37,3165,1.4643305243998754e-20,0.0799922611481088,0.006478194564161911,0.9135295442877296,25,30,10
37,3166,1.4643328558733717e-20,0.0799922611481088,0.006478194564169251,0.9135295442877223,25,30,10
37,3167,1.464332858752591e-20,0.0799922611481088,0.0064781945764703286,0.9135295442754212,25,30,10
37,3168,1.4643328594693204e-20,0.0799922611481088,0.006478223024157206,0.9135295158277341,25,30,10
37,3169,1.4643328566525413e-20,0.0799922611481088,0.006478222550025715,0.9135295163018656,25,30,10
37,3170,1.464332858765614e-20,0.0799922611481088,0.006478195524724215,0.9135295433271673,25,30,10
37,3171,1.464465629044642e-20,0.0799922611481088,0.006478311430222288,0.9135294274216692,25,30,10
37,3172,1.4644656319132482e-20,0.0799922611481088,0.0064781960125772945,0.913529542839314,25,30,10
37,3173,1.4644656297633257e-20,0.0799922611481088,0.006478194600470502,0.9135295442514207,25,30,10
37,3174,1.4644656297633293e-20,0.0799922611481088,0.006478193153569116,0.9135295456983222,25,30,10
37,3175,1.3998063481472207e-17,0.07999226114810888,0.006569334946084503,0.913438403905807,25,30,10
37,3176,1.3998063575053698e-17,0.07999226114810888,0.006569363442529982,0.9134383754093612,25,30,10
37,3177,1.3998063597508127e-17,0.07999226114810888,0.0065693234954046454,0.9134384153564865,25,30,10
37,3178,1.399806369065265e-17,0.07999226114810888,0.006569351967900897,0.9134383868839905,25,30,10
37,3179,1.3998063691061293e-17,0.07999226114810888,0.006569353966497252,0.9134383848853941,25,30,10
37,3180,1.515758094163728e-17,0.0795560056158916,0.007005609498618045,0.9134383848854907,25,30,10
37,3181,1.5157580832549058e-17,0.07956318931840095,0.006998425796108727,0.9134383848854907,25,30,10
37,3182,1.5157580925711426e-17,0.07956318931840095,0.007002868129695044,0.9134339425519044,25,30,10
37,3183,1.5157580925682627e-17,0.07956318931840095,0.007002868085283061,0.9134339425963163,25,30,10
37,3184,1.5157579598378788e-17,0.07956318931840095,0.00700282815108982,0.9134339825305094,25,30,10
37,3185,1.515757959839992e-17,0.07956318931840095,0.0070028281409955165,0.9134339825406037,25,30,10
37,3186,1.5157579505237426e-17,0.07956318931840095,0.006998386553930983,0.9134384241276685,25,30,10
37,3187,1.5157579528551958e-17,0.07956318931840095,0.006998502460921563,0.9134383082206777,25,30,10
37,3188,1.515757955143256e-17,0.07956318931840095,0.007005106669796558,0.9134317040118027,25,30,10
37,3189,1.5157578230973165e-17,0.07956318930455059,0.006737655717152034,0.9136991549782978,25,30,10
37,3190,1.5157578233016555e-17,0.07956318930455059,0.006737656418956823,0.9136991542764927,25,30,10
37,3191,1.5157578327823243e-17,0.07956318930455059,0.006737623025180728,0.9136991876702687,25,30,10
37,3192,1.5157578328260198e-17,0.07956318930455059,0.006737623726328316,0.9136991869691211,25,30,10
37,3193,1.5142943096347775e-17,0.0795631893043431,0.0006645745152080981,0.9197722361804489,25,30,10
37,3194,1.5142943096347775e-17,0.0795631893043431,0.0006645745146008283,0.9197722361810563,25,30,10
37,3195,1.5142948407009035e-17,0.0795631893043431,0.0006661974129520119,0.919770613282705,25,30,10
37,3196,1.514294840698741e-17,0.0795631893043431,0.0006661974129484056,0.9197706132827088,25,30,10
37,3197,1.514294840698727e-17,0.0795631893043431,0.0006661974127607541,0.9197706132828963,25,30,10
37,3198,1.514294707968597e-17,0.0795631893043431,0.0006660815387685843,0.9197707291568884,25,30,10
37,3199,1.514295239053535e-17,0.0795631893043431,0.0005366411054292453,0.9199001695902277,25,30,10
37,3200,1.5142952483708247e-17,0.0795631893043431,0.000536641131881397,0.9199001695637753,25,30,10
37,3201,1.5142952483306763e-17,0.0795631893043431,0.0005366411134652999,0.9199001695821915,25,30,10
37,3202,1.3983435234576568e-17,0.07999925664942543,0.00010057376847945847,0.9199001695820951,25,30,10
37,3203,1.3983435234713288e-17,0.07999925661060776,0.0001005738072971214,0.9199001695820951,25,30,10
37,3204,1.398343523471995e-17,0.07999925661060776,0.0001006882773036179,0.9199000551120888,25,30,10
37,3205,1.3983435259640707e-17,0.07999925661060776,0.00010072824716401437,0.9199000151422284,25,30,10
37,3206,1.5155403505710027e-17,0.07998839018476046,0.00011159467301134356,0.9199000151422284,25,30,10
37,3207,1.515540350366714e-17,0.07998839018476046,0.00011159400686282392,0.9199000158083767,25,30,10
37,3208,1.515540359683286e-17,0.07998839018476046,0.00011159400730824029,0.9199000158079313,25,30,10
37,3209,1.5155403596832993e-17,0.07998839018476046,0.00011159401959659165,0.919900015795643,25,30,10
37,3210,1.5155429020014096e-17,0.07996616345260855,0.00013382075174849114,0.919900015795643,25,30,10
37,3211,1.515540359471675e-17,0.0799885805834547,0.00011140362090234605,0.919900015795643,25,30,10
37,3212,1.5155403596664494e-17,0.07998857740521255,0.00011140679914450091,0.919900015795643,25,30,10
37,3213,1.515540352637635e-17,0.07998857740521255,0.00011138035970820923,0.9199000422350794,25,30,10
37,3214,1.5155403526376716e-17,0.07998857740521255,0.00011138034785448375,0.9199000422469329,25,30,10
37,3215,1.515540343320401e-17,0.07998857740521255,0.00011138034803144045,0.9199000422467561,25,30,10
37,3216,1.398343519284361e-17,0.07999997993203518,9.99778212087625e-05,0.9199000422467561,25,30,10
37,3217,1.3983435191209002e-17,0.07999997993203518,9.989529763807717e-05,0.9199001247703269,25,30,10
37,3218,1.3983435307655385e-17,0.07999997993203527,0.00010650214764343021,0.9198935179203214,25,30,10
37,3219,1.3983435400835953e-17,0.07999997993203527,0.0001065026471962132,0.9198935174207686,25,30,10
37,3220,1.3983435377951585e-17,0.07999997993203527,0.00010638675667220664,0.9198936333112927,25,30,10
37,3221,1.3983435377922773e-17,0.07999997993203527,0.00010638609094498633,0.9198936339770198,25,30,10
37,3222,1.400068964607113e-17,0.07999997993203527,0.0001080089519659701,0.9198920111159988,25,30,10
37,3223,1.400068964606397e-17,0.07999997993203527,0.00010789303523815693,0.9198921270327266,25,30,10
37,3224,1.4000684337030155e-17,0.07999997993203527,0.00010627017492368479,0.9198937498930413,25,30,10
37,3225,1.4000684335424336e-17,0.07999997993203527,0.00010627160758521936,0.9198937484603796,25,30,10
37,3226,1.400068433624163e-17,0.07999997993203527,0.00010638756006621808,0.9198936325078985,25,30,10
37,3227,1.3983430091357636e-17,0.07999997993203527,0.00010484463880456374,0.9198951754291603,25,30,10
37,3228,1.1266555867720702e-23,0.07999997993203518,1.3702384060501724e-05,0.9199863176839044,25,30,10
37,3229,5.955744699930758e-24,0.07999997993203518,1.3587914217335763e-05,0.9199864321537475,25,30,10
37,3230,5.956124567487895e-24,0.07999997993203518,1.3587890448557346e-05,0.9199864321775163,25,30,10
37,3231,5.948467964150688e-24,0.0799999963486394,1.3571473844383477e-05,0.9199864321775163,25,30,10
37,3232,5.948439163325977e-24,0.0799999963486394,1.3571461865906854e-05,0.9199864321894947,25,30,10
37,3233,5.855696428862301e-24,0.0799999963486394,1.3571461836673953e-05,0.9199864321895239,25,30,10
37,3234,5.855212408715165e-24,0.0799999963486394,0.00014301492795290154,0.9198569887234078,25,30,10
37,3235,5.854810916190094e-24,0.0799999963486394,0.000143013480620632,0.9198569901707401,25,30,10
37,3236,5.8531762107005844e-24,0.0799999963486394,0.00014297554379097136,0.9198570281075698,25,30,10
37,3237,7.157597239101953e-24,0.0799999963486394,0.00014297696659084554,0.9198570266847699,25,30,10
37,3238,8.484869366203203e-24,0.0799999963486394,0.00014309241998549621,0.9198569112313751,25,30,10
37,3239,8.461568965724601e-24,0.0799999963486394,0.00014309237222128455,0.9198569112791395,25,30,10
37,3240,3.1116306513598716e-22,0.0799999963486394,0.00014537196582123854,0.9198546316855394,25,30,10
37,3241,3.111642918321737e-22,0.0799999963486394,0.00014537054021288096,0.9198546331111479,25,30,10
37,3242,3.1114100257834463e-22,0.0799999963486394,0.00013876574484583413,0.9198612379065151,25,30,10
37,3243,8.439541751726013e-24,0.0799999963486394,0.0001364866859883439,0.9198635169653727,25,30,10
37,3244,8.43954175153251e-24,0.0799999963486394,0.0001364866862798811,0.9198635169650811,25,30,10
37,3245,7.205008705389698e-24,0.0799999963486394,0.0001379395878536281,0.9198620640635073,25,30,10
37,3246,1.2399416995777379e-23,0.07999999634863933,0.0001313332621007854,0.9198686703892602,25,30,10
37,3247,1.2377833797788772e-23,0.07999999634863933,1.8098294878856726e-06,0.919998193821873,25,30,10
37,3248,1.2284657150252524e-23,0.07999999634863933,2.4098729763808234e-07,0.9199997626640632,25,30,10
37,3249,1.2284248755208763e-23,0.07999999634863933,2.4095004720039853e-07,0.9199997627013139,25,30,10
37,3250,1.2285065934588737e-23,0.07999999634863933,2.7953308420306125e-07,0.9199997241182768,25,30,10
37,3251,6.972622958025675e-24,0.07999999634863933,1.9720990456965615e-07,0.9199998064414564,25,30,10
37,3252,6.972622583016168e-24,0.07999999634863933,1.9717486329623466e-07,0.9199998064764975,25,30,10
37,3253,6.972679668621677e-24,0.07999999634863933,1.9863073741421923e-07,0.9199998050206236,25,30,10
37,3254,6.972278193889077e-24,0.07999999634863933,2.0004242676805691e-07,0.9199998036089341,25,30,10
37,3255,7.414300930382321e-24,0.07997758572176067,2.261066930541113e-05,0.9199998036089341,25,30,10
37,3256,7.414265712514564e-24,0.07997758572176067,2.2692657689668167e-05,0.91999972162055,25,30,10
37,3257,7.509066048570922e-24,0.07997758572176067,2.2748155113563347e-05,0.9199996661231259,25,30,10
37,3258,7.578945717888102e-24,0.07997758572176067,2.2746806935471763e-05,0.919999667471304,25,30,10
37,3259,7.580579701176033e-24,0.07997758572176067,2.2666317011365993e-05,0.9199997479612282,25,30,10
37,3260,1.2891843497724895e-23,0.07997758572176067,2.2665579888803904e-05,0.9199997486983506,25,30,10
37,3261,1.2984607650333958e-23,0.07997758572176067,2.2705513932409684e-05,0.9199997087643073,25,30,10
37,3262,1.29845503067459e-23,0.07997758572176067,2.2704057842519672e-05,0.9199997102203972,25,30,10
37,3263,1.2889743313313089e-23,0.07997758572176067,2.2648568545560204e-05,0.9199997657096941,25,30,10
37,3264,1.377771565195207e-23,0.07996250242313006,3.7731867176177425e-05,0.9199997657096941,25,30,10
37,3265,1.3684542854991352e-23,0.07996250242313006,3.769187251124587e-05,0.9199998057043589,25,30,10
37,3266,1.3242597645652762e-23,0.07997702860386677,2.316569177454269e-05,0.9199998057043589,25,30,10
37,3267,1.3265073564227303e-23,0.07997702860386677,2.3127109374097504e-05,0.9199998442867596,25,30,10
37,3268,1.282865083516205e-23,0.07997757382544927,2.258188779158707e-05,0.9199998442867596,25,30,10
37,3269,1.282085804326189e-23,0.07997739504876039,2.2760664480464767e-05,0.9199998442867596,25,30,10
37,3270,1.2727685210773118e-23,0.07997739504876039,2.2732191366636e-05,0.9199998727598734,25,30,10
37,3271,1.2727684707625379e-23,0.07997739504876039,2.273218218379811e-05,0.9199998727690561,25,30,10
37,3272,1.2634548155823698e-23,0.07997739504876039,2.2732919105150053e-05,0.9199998720321346,25,30,10
37,3273,1.2541375265840473e-23,0.07997739504876039,2.27328930906009e-05,0.9199998720581494,25,30,10
37,3274,1.2518082044046263e-23,0.07997739504876039,2.2731445305668523e-05,0.9199998735059342,25,30,10
37,3275,1.2494817372026657e-23,0.07997739504876039,2.273142131877163e-05,0.919999873529921,25,30,10
37,3276,1.2494825042397569e-23,0.07997739504876039,2.2732868682938277e-05,0.9199998720825567,25,30,10
37,3277,1.4557618172474719e-21,0.07997731783799189,2.281007945143586e-05,0.9199998720825567,25,30,10
37,3278,1.455761845421613e-21,0.07997731783799189,2.28086925280848e-05,0.9199998734694802,25,30,10
37,3279,1.4504509903724263e-21,0.07997731783799189,2.2808203688193464e-05,0.9199998739583202,25,30,10
37,3280,1.450357817976691e-21,0.07997731783799189,2.280817768132155e-05,0.9199998739843269,25,30,10
37,3281,1.4499216402707977e-21,0.079999731689134,3.943265391964765e-07,0.9199998739843269,25,30,10
37,3282,1.4499220494242945e-21,0.079999731689134,4.2185114974402635e-07,0.9199998464597167,25,30,10
37,3283,1.449922013703277e-21,0.079999731689134,4.211744455719171e-07,0.9199998471364208,25,30,10
37,3284,1.4499220138202286e-21,0.079999731689134,4.212096780554305e-07,0.9199998471011881,25,30,10
37,3285,3.1968847856376467e-23,0.07999225649719992,7.896401612145704e-06,0.9199998471011881,25,30,10
37,3286,3.7279661436497746e-23,0.07999225649719992,7.934949518777045e-06,0.9199998085532815,25,30,10
37,3287,3.72808868861819e-23,0.07999225649719992,7.908908141262714e-06,0.9199998345946591,25,30,10
37,3288,3.728007008572625e-23,0.07999225649719992,7.794402374088955e-06,0.9199999491004263,25,30,10
37,3289,3.728169926333306e-23,0.07999225649719992,0.00013731784806939143,0.9198704256547308,25,30,10
37,3290,3.728006995112165e-23,0.07999225649719992,7.79441546101043e-06,0.9199999490873393,25,30,10
37,3291,1.129456235718207e-22,0.07999225649719992,1.440067185446818e-05,0.9199933428309458,25,30,10
37,3292,1.1294562357848028e-22,0.07999225649719992,1.4399248997145853e-05,0.9199933442538031,25,30,10
37,3293,1.1161788114229193e-22,0.07999225649719992,1.4397800798148234e-05,0.9199933457020021,25,30,10
37,3294,1.1161624578419367e-22,0.07999225649719992,1.4397766737080637e-05,0.9199933457360632,25,30,10
37,3295,1.0639814821021162e-22,0.07999225649719992,1.4397555843230968e-05,0.9199933459469571,25,30,10
37,3296,1.0639858504637985e-22,0.07999225649719992,1.43990154744895e-05,0.9199933444873258,25,30,10
37,3297,4.4201318510262435e-21,0.07999225649719992,1.4481515310632635e-05,0.9199932619874898,25,30,10
37,3298,4.420131850781266e-21,0.07999225649719992,1.4483536654917075e-05,0.9199932599661454,25,30,10
37,3299,4.420130216795904e-21,0.07999225649719992,1.4482079215830501e-05,0.9199932614235845,25,30,10
37,3300,4.420132259798844e-21,0.07999225649719992,1.4520049455955307e-05,0.9199932234533443,25,30,10
37,3301,9.879134245225273e-19,0.07999225649719992,1.6143633014749316e-05,0.9199915998697855,25,30,10
37,3302,9.879134229165925e-19,0.07999225649719992,1.61416247662633e-05,0.919991601878034,25,30,10
37,3303,9.879134229241393e-19,0.07999225649719992,1.6141619825212298e-05,0.9199916018829751,25,30,10
37,3304,9.879134229241481e-19,0.07999225649719992,1.614162025221699e-05,0.9199916018825479,25,30,10
37,3305,9.83599689715395e-19,0.07999225649719992,1.6087557644914674e-05,0.9199916559451552,25,30,10
37,3306,9.835996901813938e-19,0.07999225649719992,1.6116030722348977e-05,0.9199916274720781,25,30,10
37,3307,9.835996901241758e-19,0.07999225649719992,1.6087592878739528e-05,0.9199916559099216,25,30,10
37,3308,9.835996901240587e-19,0.07999225649719992,1.6087627919881523e-05,0.9199916558748805,25,30,10
37,3309,9.835943796832873e-19,0.07999225649719992,1.6048334516356238e-05,0.919991695168284,25,30,10
37,3310,9.83594381346567e-19,0.07999225649719992,1.6076771928644188e-05,0.9199916667308716,25,30,10
37,3311,9.835943813752375e-19,0.07999225649719992,1.607678423532679e-05,0.919991666718565,25,30,10
37,3312,9.835943813752375e-19,0.07999225649719992,1.6076808574505565e-05,0.9199916666942258,25,30,10
37,3313,9.838970060295321e-19,0.0799922564972,1.619893617225088e-05,0.9199915445666281,25,30,10
37,3314,9.838974502479412e-19,0.07999211860928129,1.6336824090941965e-05,0.9199915445666281,25,30,10
37,3315,9.838974518819356e-19,0.07999211860928129,1.633729825496172e-05,0.9199915440924639,25,30,10
37,3316,9.83897450684643e-19,0.07999211860928129,1.633733327158222e-05,0.9199915440574474,25,30,10
37,3317,9.838974523192527e-19,0.07999211860928129,1.633878936101269e-05,0.9199915426013578,25,30,10
37,3318,9.838974522905686e-19,0.07999211860928129,1.6338764441273965e-05,0.9199915426262777,25,30,10
37,3319,9.83897452319244e-19,0.07999211860928129,1.633874645996891e-05,0.919991542644259,25,30,10
37,3320,9.838974523193632e-19,0.07999211860928129,1.633878232754939e-05,0.9199915426083913,25,30,10
37,3321,9.838974506852454e-19,0.07999211860928129,1.633732624304669e-05,0.9199915440644759,25,30,10
37,3322,9.838974507140463e-19,0.07999211860928129,1.633935941439469e-05,0.9199915420313044,25,30,10
37,3323,9.839731301800399e-19,0.07999211860928129,1.6455955657432692e-05,0.9199914254350614,25,30,10
37,3324,4.79861210419123e-22,0.07999211860928129,1.4832359659289518e-05,0.9199930490310595,25,30,10
37,3325,4.7986121758850995e-22,0.07999211860928129,1.4834393000219379e-05,0.9199930469977187,25,30,10
37,3326,1.771450246334374e-22,0.07999211860928122,1.4711801257414983e-05,0.9199931695894614,25,30,10
37,3327,1.0146555926860633e-22,0.07999211860928122,1.4595205021761988e-05,0.9199932861856971,25,30,10
37,3328,1.0146389660680785e-22,0.07999211860928122,1.4566757949275453e-05,0.9199933146327698,25,30,10
37,3329,1.0146426991641417e-22,0.07999211860928122,1.4567180389787002e-05,0.919993314210329,25,30,10
37,3330,1.0146589698189223e-22,0.07999211860928122,1.456860751898253e-05,0.9199933127832,25,30,10
37,3331,1.0146755988756795e-22,0.07999211860928122,1.4568591800622926e-05,0.9199933127989182,25,30,10
37,3332,4.415206215085464e-21,0.07999211860928122,1.4596566050161305e-05,0.9199932848246688,25,30,10
37,3333,4.415227874065022e-21,0.07999211860928122,1.4597651080095742e-05,0.9199932837396387,25,30,10
37,3334,4.415227873813427e-21,0.07999211860928122,1.4598236957142421e-05,0.9199932831537619,25,30,10
37,3335,2.5029827121785793e-19,0.07999211860928122,1.4640283613769765e-05,0.9199932411071053,25,30,10
37,3336,2.502982724222969e-19,0.07999211860928122,1.4721359472367522e-05,0.9199931600312466,25,30,10
37,3337,2.5029959967057783e-19,0.07999211860928122,1.4693613441644027e-05,0.9199931877772773,25,30,10
37,3338,2.5027472828425465e-19,0.0799994683758068,7.343846916054112e-06,0.9199931877772773,25,30,10
37,3339,2.502747286994483e-19,0.0799994683758068,7.344558241014627e-06,0.9199931870659525,25,30,10
37,3340,2.502747058435452e-19,0.0799994683758068,7.346604322329584e-06,0.919993185019871,25,30,10
37,3341,2.5027470584416303e-19,0.0799994683758068,7.346604937325269e-06,0.919993185019256,25,30,10
37,3342,2.502747046115432e-19,0.0799994683758068,7.264105114154235e-06,0.9199932675190793,25,30,10
37,3343,2.502800154705435e-19,0.0799994683758068,7.292554772331884e-06,0.9199932390694211,25,30,10
37,3344,2.5028001544200067e-19,0.0799994683758068,7.2905334417773e-06,0.9199932410907513,25,30,10
37,3345,2.502043498885024e-19,0.0799994683758068,7.667752225690102e-07,0.9199997648489707,25,30,10
37,3346,4.321304881543511e-21,0.0799994683758068,7.247196639868414e-07,0.9199998069045293,25,30,10
37,3347,4.321304494524167e-21,0.0799994683758068,7.260161184565281e-07,0.919999805608075,25,30,10
37,3348,4.32130452270059e-21,0.0799994683758068,7.274631271175818e-07,0.9199998041610664,25,30,10
37,3349,4.3213049311019884e-21,0.0799994683758068,7.254657765451181e-07,0.9199998061584168,25,30,10
37,3350,5.748398319631638e-21,0.07956361428840492,0.0004365795530819578,0.9199998061585134,25,30,10
37,3351,5.743087468184544e-21,0.07956361428840492,0.00043655106860864305,0.9199998346429868,25,30,10
37,3352,5.743089073995788e-21,0.07956361428840492,0.00043654907924538786,0.9199998366323499,25,30,10
37,3353,5.7430658089556566e-21,0.07956361428840492,0.0004365479942323128,0.9199998377173632,25,30,10
37,3354,5.743063766321228e-21,0.07956361428840492,0.0004365079914015143,0.9199998777201938,25,30,10
37,3355,5.743087030866173e-21,0.07956361428840492,0.00043650658035499065,0.9199998791312402,25,30,10
37,3356,5.7430853961404846e-21,0.07956361428840492,0.0004364240566008762,0.9199999616549942,25,30,10
37,3357,5.7430870302449324e-21,0.07956361428840492,0.00043653997333614573,0.9199998457382591,25,30,10
37,3358,5.741759316084585e-21,0.07956361428840492,0.00043653925858405716,0.9199998464530111,25,30,10
37,3359,5.741759287901464e-21,0.07956361428840492,0.0004365392332029237,0.9199998464783923,25,30,10
37,3360,5.741759688882322e-21,0.07956361428840492,0.0004365386474095744,0.9199998470641856,25,30,10
37,3361,5.747070120009251e-21,0.07956361428840499,0.00043665457045760365,0.9199997311411374,25,30,10
37,3362,5.748397425628872e-21,0.07956361428840499,0.00043665573600144933,0.9199997299755939,25,30,10
37,3363,5.748397425511957e-21,0.07956361428840499,0.00043665572385294724,0.9199997299877422,25,30,10
37,3364,5.748399059623311e-21,0.07956361428840499,0.0004366557610984207,0.9199997299504968,25,30,10
37,3365,5.74839943997623e-21,0.07956361428840499,0.0004366572088256263,0.9199997285027695,25,30,10
37,3366,5.743088600198304e-21,0.07956361428840492,0.00043653983822239395,0.9199998458733728,25,30,10
37,3367,1.0056830473538508e-20,0.07956361428840492,0.0004365418597480975,0.9199998438518472,25,30,10
37,3368,1.005683006451679e-20,0.07956361428840492,0.00043654137687449595,0.9199998443347206,25,30,10
37,3369,1.0056385844281621e-20,0.07956356161559462,0.0004365940496847992,0.9199998443347206,25,30,10
37,3370,1.0056477382563533e-20,0.07956356161559462,0.00043659604794735456,0.9199998423364582,25,30,10
37,3371,1.0057792711336287e-20,0.07956356161559462,0.0008097010902243632,0.9196267372941813,25,30,10
37,3372,1.005779390911989e-20,0.07956356161559462,0.0008097275047043562,0.919626710879701,25,30,10
37,3373,1.0057795543740418e-20,0.07956356161559462,0.0008097284539334323,0.919626709930472,25,30,10
37,3374,1.0056467836637238e-20,0.07956356161559462,0.0008097272528684045,0.9196267111315373,25,30,10
37,3375,5.74803958889527e-21,0.07956356161559462,0.0008097812671580368,0.9196266571172476,25,30,10
37,3376,1.4343206001034499e-21,0.07956356161559462,0.0008098185386006624,0.9196266198458047,25,30,10
37,3377,1.4347570246367072e-21,0.07956334927918352,0.0008100308750117642,0.9196266198458047,25,30,10
37,3378,1.4346638587840962e-21,0.07956334927918352,0.0008100288532382681,0.9196266218675785,25,30,10
37,3379,1.4346638659687367e-21,0.07956334927918352,0.0008100303005776996,0.9196266204202391,25,30,10
37,3380,1.4347570385584712e-21,0.07956334927918352,0.0008101127884874551,0.9196265379323293,25,30,10
37,3381,1.4347574472101378e-21,0.07956334927918352,0.0008102287178441521,0.9196264220029724,25,30,10
37,3382,1.4347574542536522e-21,0.07956334927918352,0.0008102287433319742,0.9196264219774847,25,30,10
37,3383,1.434757834723584e-21,0.07956334927918352,0.000810228755196916,0.9196264219656197,25,30,10
37,3384,1.4347594909716301e-21,0.07956334927918352,0.0008102301908180301,0.9196264205299985,25,30,10
37,3385,1.434759927169609e-21,0.07956334927918358,0.0008102716083913312,0.9196263791124253,25,30,10
37,3386,1.4334445982754867e-21,0.07956334927918358,0.00043716724176577425,0.9199994834790508,25,30,10
37,3387,1.4334674823528112e-21,0.07956334927918358,0.00043716424376231,0.9199994864770542,25,30,10
37,3388,1.4333747187936233e-21,0.07956334927918358,0.0004370822320017262,0.9199995684888148,25,30,10
37,3389,1.4333751202620246e-21,0.07956334927918358,0.00043708281807300977,0.9199995679027435,25,30,10
37,3390,1.433351856209079e-21,0.07956334927918358,0.00043708236038951824,0.9199995683604268,25,30,10
37,3391,1.4333302042791776e-21,0.07956334927918358,0.0004371583084130594,0.9199994924124033,25,30,10
37,3392,1.4333302037843334e-21,0.07956334927918358,0.0004371977916886819,0.9199994529291277,25,30,10
37,3393,1.4333530883624464e-21,0.07956334927918358,0.00043719581890283446,0.9199994549019135,25,30,10
37,3394,1.4333543138164171e-21,0.07956334927918358,0.000437197231002608,0.9199994534898138,25,30,10
37,3395,4.5533268752176053e-14,0.07956334927918367,0.00043947909114663153,0.9199971716296244,25,30,10
37,3396,4.553326875217443e-14,0.07956334927918367,0.0004394511171531209,0.9199971996036177,25,30,10
37,3397,4.5533268752173983e-14,0.07956334927918358,0.00043940967419198347,0.919997241046579,25,30,10
37,3398,4.553326875217562e-14,0.07956334927918358,0.00043929517913174045,0.9199973555416395,25,30,10
37,3399,4.553326875217601e-14,0.07956334927918358,0.00043929517975747727,0.9199973555410136,25,30,10
37,3400,1.4333526718009806e-21,0.07956334927918352,0.00043701237153685924,0.91999963834928,25,30,10
37,3401,1.4333526511645068e-21,0.07956334927918352,0.00043701237944749553,0.9199996383413693,25,30,10
37,3402,1.4333526510322608e-21,0.07956334927918352,0.00043701241448114626,0.9199996383063356,25,30,10
37,3403,1.4333510237129263e-21,0.07956334927918352,0.0004370144160006501,0.9199996363048161,25,30,10
37,3404,1.4333510020814507e-21,0.07956334927918352,0.00043701594950888413,0.9199996347713079,25,30,10
37,3405,1.4386612326886083e-21,0.07956334927918352,0.0004386373911151307,0.9199980133297015,25,30,10
37,3406,1.4386599995760063e-21,0.07956334927918352,0.00043852145722090744,0.9199981292635957,25,30,10
37,3407,1.4386595909206567e-21,0.07956334927918352,0.0004385214834986685,0.919998129237318,25,30,10
37,3408,1.4386829186758615e-21,0.07956334927918352,0.0004407630840281262,0.9199958876367884,25,30,10
37,3409,1.4386829259687464e-21,0.07956334927918352,0.0004407631203044935,0.9199958876005121,25,30,10
37,3410,1.4386612673475375e-21,0.07956334927918352,0.0004407637613454836,0.9199958869594712,25,30,10
37,3411,1.4386616759916233e-21,0.07956334927918352,0.0004407637869285122,0.9199958869338883,25,30,10
37,3412,1.4386866038273068e-21,0.07956334927918352,0.00044076578535346995,0.9199958849354632,25,30,10
37,3413,1.4386865972845229e-21,0.07956334927918352,0.0004407637873770809,0.9199958869334395,25,30,10
37,3414,1.4386861887657577e-21,0.07956334927918352,0.0004407633233356929,0.9199958873974811,25,30,10
37,3415,1.4386845254763057e-21,0.07956334927918352,0.0004407618762355073,0.9199958888445812,25,30,10
37,3416,1.4386845173119548e-21,0.07956334927918352,0.0004407618508487067,0.9199958888699681,25,30,10
37,3417,1.4333736730307552e-21,0.07956334927918352,0.00044079524490232564,0.9199958554759143,25,30,10
37,3418,1.4333732653839506e-21,0.07956334927918352,0.0004407952442734892,0.9199958554765434,25,30,10
37,3419,1.4333732652670378e-21,0.07956334927918352,0.0004407966559349653,0.9199958540648816,25,30,10
37,3420,1.736068061350697e-21,0.07956334927918352,0.0004386375687934493,0.9199980131520232,25,30,10
37,3421,1.736064792000824e-21,0.07956334927918352,0.00043863612100498815,0.9199980145998117,25,30,10
37,3422,1.7361330370590635e-21,0.07956334927918352,0.0004386361459571102,0.9199980145748597,25,30,10
37,3423,1.7361330656105393e-21,0.07956334927918352,0.0004386361461867537,0.91999801457463,25,30,10
37,3424,1.7361318396514806e-21,0.07956334927918352,0.00043863614575212516,0.9199980145750647,25,30,10
37,3425,1.7361334732620462e-21,0.07956334927918352,0.00043863614186355883,0.9199980145789532,25,30,10
37,3426,1.7361334804315156e-21,0.07956334927918352,0.0004385202500928602,0.919998130470724,25,30,10
37,3427,1.7361567731006673e-21,0.07956334927918352,0.0004386020720178265,0.9199980486487991,25,30,10
37,3428,2.038817042476977e-21,0.07956334927918358,0.00044322287501354036,0.9199934278458031,25,30,10
37,3429,1.736133479935026e-21,0.07956334927918352,0.00043851957382641207,0.9199981311469904,25,30,10
37,3430,1.736133480049962e-21,0.07956334927918352,0.00043852158206740343,0.9199981291387493,25,30,10
37,3431,1.7361334805440953e-21,0.07956334927918352,0.00043852158253130275,0.9199981291382855,25,30,10
37,3432,1.736110187319923e-21,0.07956334927918352,0.00043852109653737525,0.9199981296242791,25,30,10
37,3433,1.7360170149267137e-21,0.07956334927918352,0.000438519038123434,0.9199981316826933,25,30,10
37,3434,1.7361103513690196e-21,0.07956334927918352,0.0005308146841852502,0.9199058360366315,25,30,10
37,3435,1.7361099355566355e-21,0.07956334927918352,0.00053069875406451,0.9199059519667523,25,30,10
37,3436,1.736111971526796e-21,0.07956334927918352,0.0005306974351733828,0.9199059532856433,25,30,10
37,3437,3.0868516529580968e-22,0.07996811972477239,0.00012592698968100092,0.9199059532855469,25,30,10
37,3438,3.08683531184492e-22,0.07996811972477239,0.0001259269876571703,0.9199059532875705,25,30,10
37,3439,3.086847571342207e-22,0.07996811972477239,0.0001259695161369884,0.9199059107590909,25,30,10
37,3440,5.9670419483471715e-24,0.07996811972477239,0.00012588700478060068,0.9199059932704472,25,30,10
37,3441,7.294727070208401e-24,0.07996811972477239,0.00012588750448131985,0.9199059927707467,25,30,10
37,3442,7.294727561179348e-24,0.07996811972477239,0.00012596952823126588,0.9199059107469967,25,30,10
37,3443,7.294707057138474e-24,0.07996811972477239,0.00012597097515315315,0.9199059093000748,25,30,10
37,3444,7.294706933414921e-24,0.07996811972477239,0.0001259689421384886,0.9199059113330894,25,30,10
37,3445,7.295115586420712e-24,0.07996811972477239,0.00012597098746297113,0.919905909287765,25,30,10
37,3446,7.293108168081093e-24,0.07996811972477239,0.0001259702781006555,0.9199059099971272,25,30,10
37,3447,7.293481108786202e-24,0.07996811972477239,0.00012597162867909338,0.9199059086465488,25,30,10
37,3448,7.293502607977355e-24,0.07996811972477239,0.00012597212757384243,0.9199059081476539,25,30,10
37,3449,1.2603733585630837e-23,0.07996811972477239,0.00012759366118983014,0.919904286614038,25,30,10
37,3450,1.2603762260790506e-23,0.07996811972477239,0.00012759510878387003,0.919904285166444,25,30,10
37,3451,1.2603353601258434e-23,0.07996811972477239,0.00012759507170788636,0.91990428520352,25,30,10
37,3452,1.6586523519619205e-23,0.07996811972477239,0.0001275960324336466,0.9199042842427942,25,30,10
37,3453,1.6609845906922997e-23,0.07996811972477239,0.0001275950852235379,0.9199042851900044,25,30,10
37,3454,1.1299615306333864e-23,0.07996811972477239,0.0001259997438305254,0.9199058805313974,25,30,10
37,3455,1.0855433416754412e-23,0.07996851316806,0.00012560630054293204,0.9199058805313974,25,30,10
37,3456,1.0855433542493127e-23,0.07996851316806,0.00012560632593474526,0.9199058805060056,25,30,10
37,3457,1.0855462217619155e-23,0.07996851316806,0.0001256063263801608,0.9199058805055601,25,30,10
37,3458,1.0857096829897261e-23,0.07996851316806,0.00012560778229110127,0.9199058790496492,25,30,10
37,3459,1.0950277397591773e-23,0.07996851316806,0.0001256092297948827,0.9199058776021454,25,30,10
37,3460,1.0950277889671012e-23,0.07996851316806,0.00012561067734846167,0.9199058761545917,25,30,10
37,3461,1.0973599139586281e-23,0.07996851316806,0.00012565063684427246,0.9199058361950959,25,30,10
37,3462,1.0880241189239951e-23,0.07996851316806,3.34708827438567e-05,0.9199980159491965,25,30,10
37,3463,1.0903913038826445e-23,0.07996851316806,3.574904026357699e-05,0.9199957377916768,25,30,10
37,3464,1.0997128943893139e-23,0.07996851316806,3.574952412471001e-05,0.9199957373078156,25,30,10
37,3465,1.0997128817959835e-23,0.07996851316806,3.575152191496656e-05,0.9199957353100252,25,30,10
37,3466,1.2324813926000035e-23,0.07996851316806,3.575224791613004e-05,0.9199957345840241,25,30,10
37,3467,1.0998734754855713e-23,0.07996851316806,3.5753579888420046e-05,0.9199957332520518,25,30,10
37,3468,1.0998727093424061e-23,0.07996851316806,3.5752157291030135e-05,0.9199957346746492,25,30,10
37,3469,1.100033238316232e-23,0.07996851316806,4.235789976869559e-05,0.9199891289321716,25,30,10
37,3470,1.0977040140707648e-23,0.07996851316806,4.008032768848488e-05,0.9199914065042519,25,30,10
37,3471,1.0953746421985415e-23,0.07996851316806,4.0079852962545064e-05,0.9199914069789779,25,30,10
37,3472,1.0952111314514167e-23,0.07996851316806,3.999936287939683e-05,0.9199914874690609,25,30,10
37,3473,1.7265903300361418e-20,0.07996851316806,4.003783221739661e-05,0.9199914489997227,25,30,10
37,3474,1.7265902074397697e-20,0.07996851316806,4.003782364188355e-05,0.9199914490082984,25,30,10
37,3475,1.726579113738781e-20,0.07999999017389778,8.560817804077681e-06,0.9199914490082984,25,30,10
37,3476,1.7265791538869154e-20,0.07999999017389778,8.561326983016835e-06,0.9199914484991196,25,30,10
37,3477,1.7265791947027488e-20,0.07999999017389778,8.601287028981159e-06,0.9199914085390737,25,30,10
37,3478,1.7265791538365773e-20,0.07999999017389778,8.599278769705069e-06,0.9199914105473329,25,30,10
37,3479,1.7265791158255958e-20,0.07999999017389778,8.560730833783895e-06,0.9199914490952688,25,30,10
37,3480,1.726579238421501e-20,0.07999999017389778,8.56004190918314e-06,0.9199914497841933,25,30,10
37,3481,1.726579235244148e-20,0.07999999012869925,8.56008710770992e-06,0.9199914497841933,25,30,10
37,3482,1.7265791943914306e-20,0.07999999012869925,8.560099574886437e-06,0.9199914497717262,25,30,10
37,3483,1.726579030957017e-20,0.07999999012869925,1.9538573583094492e-06,0.9199980560139429,25,30,10
37,3484,1.7265883057920704e-20,0.07999999012869925,8.532539313408825e-06,0.9199914773319877,25,30,10
37,3485,1.7265789877866808e-20,0.07999999012869925,8.531116774418914e-06,0.9199914787545268,25,30,10
37,3486,1.726581357923862e-20,0.07999999012869925,8.53247135324795e-06,0.919991477399948,25,30,10
37,3487,1.7265814804696896e-20,0.07999999012869925,8.532436300101354e-06,0.919991477435001,25,30,10
37,3488,1.7265813198760116e-20,0.07999999012869925,8.530378472577352e-06,0.9199914794928286,25,30,10
37,3489,1.726052560826498e-20,0.07999999012869925,8.528953716377618e-06,0.9199914809175845,25,30,10
37,3490,1.7260434085866143e-20,0.07999999012869925,1.951184357305949e-06,0.9199980586869436,25,30,10
37,3491,1.7260457379067546e-20,0.07999999012869925,1.9897404741266626e-06,0.9199980201308269,25,30,10
37,3492,1.7563176126982758e-20,0.07999999012869925,1.9898100807647997e-06,0.9199980200612202,25,30,10
37,3493,1.756315280510627e-20,0.07999999012869925,1.949806801727589e-06,0.9199980600644992,25,30,10
37,3494,1.7563152805097562e-20,0.07999999012869925,1.951228745642966e-06,0.9199980586425553,25,30,10
37,3495,1.7563174463204845e-20,0.07999999012869925,1.924789953236002e-06,0.9199980850813477,25,30,10
37,3496,1.756315119865967e-20,0.07999999012869925,2.040659326421396e-06,0.9199979692119746,25,30,10
37,3497,1.756312788395022e-20,0.07999999012869925,2.0006641744471657e-06,0.9199980092071266,25,30,10
37,3498,1.7563127883941507e-20,0.07999999012869925,2.0006529173930084e-06,0.9199980092183836,25,30,10
37,3499,1.75631278917361e-20,0.07999999012869925,8.606894734764728e-06,0.9199914029765662,25,30,10
37,3500,1.7563127927068718e-20,0.07999999012869925,8.608903427937828e-06,0.919991400967873,25,30,10
37,3501,1.7563104633853885e-20,0.07999999012869925,8.606869571677917e-06,0.9199914030017294,25,30,10
37,3502,1.756310463384263e-20,0.07999999001075428,8.606987516647624e-06,0.9199914030017294,25,30,10
37,3503,1.7563104605167282e-20,0.07999999001075428,8.605539753377623e-06,0.9199914044494926,25,30,10
37,3504,3.081534090679829e-22,0.07999999001075428,8.565036785920428e-06,0.9199914449524601,25,30,10
37,3505,3.082450631691747e-22,0.07999999001075436,0.00013370587890178294,0.9198663041103441,25,30,10
37,3506,3.0822138996298666e-22,0.07999999001075436,0.00013370499845901415,0.9198663049907868,25,30,10
37,3507,3.082230167782929e-22,0.07999999001075436,0.00012709879213922213,0.9198729111971068,25,30,10
37,3508,3.1352161817120675e-22,0.07999999001075436,0.00021939446109720345,0.9197806155281488,25,30,10
37,3509,3.892013000111458e-22,0.07999999001075436,0.0002193971957931126,0.9197806127934528,25,30,10
37,3510,3.8389066025665324e-22,0.07999999001075436,0.0002177742941178664,0.919782235695128,25,30,10
37,3511,3.8389066026747184e-22,0.07999999001075436,0.00021780276597949626,0.9197822072232662,25,30,10
37,3512,3.839155804343145e-22,0.07999999001075436,0.00021768689262080808,0.919782323096625,25,30,10
37,3513,3.8524329417812658e-22,0.07999999001075436,0.0002176889381540742,0.9197823210510917,25,30,10
37,3514,3.8533643134794894e-22,0.07999999001075436,0.00021769038558958924,0.9197823196036563,25,30,10
37,3515,3.853364314737005e-22,0.07999999001075436,0.00021780627859417225,0.9197822037106517,25,30,10
37,3516,3.8542796976024923e-22,0.07999999001075436,0.00021780630369426128,0.9197822036855515,25,30,10
37,3517,3.854279410808105e-22,0.07999999001075436,0.00021777783106096527,0.9197822321581849,25,30,10
37,3518,3.894111886535947e-22,0.07999999001075443,0.00022005540440428174,0.9197799545848416,25,30,10
37,3519,3.894111890396374e-22,0.07999999001075443,0.0002200553794507781,0.919779954609795,25,30,10
37,3520,3.893179803040734e-22,0.07999999001075443,0.00022005634356422486,0.9197799536456815,25,30,10
37,3521,3.8931795162694124e-22,0.07999999001075443,0.00021994046143577456,0.91978006952781,25,30,10
37,3522,3.893645389558549e-22,0.07999999001075443,0.00021994115030422233,0.9197800688389415,25,30,10
37,3523,3.1368485700322537e-22,0.07999999001075443,0.00021993841517321876,0.9197800715740725,25,30,10
37,3524,3.136885519978367e-22,0.07828153269302537,0.001938395732902272,0.9197800715740725,25,30,10
37,3525,4.6894862712465045e-18,0.07828119952729297,0.0019387288986346526,0.9197800715740725,25,30,10
37,3526,4.689486294131058e-18,0.07828119952729297,0.0019387553257817047,0.9197800451469255,25,30,10
37,3527,4.689486295765666e-18,0.07828119952729297,0.001938754739933962,0.9197800457327733,25,30,10
37,3528,4.689486295801505e-18,0.07828119952729297,0.001938754800555209,0.9197800456721521,25,30,10
37,3529,4.689486294174068e-18,0.07828119952729297,0.0019387547999403054,0.9197800456727669,25,30,10
37,3530,3.137192716175942e-22,0.07828098020477847,0.0019389741224548347,0.9197800456727669,25,30,10
37,3531,3.0851384299656083e-22,0.07828098020477847,0.0018466799364942415,0.9198723398587275,25,30,10
37,3532,4.608403819552581e-21,0.07828098020477847,0.0019762034815243917,0.9197428163136975,25,30,10
37,3533,4.608403819559152e-21,0.07828098020477847,0.0019762007270620646,0.9197428190681599,25,30,10
37,3534,4.608404256377681e-21,0.07828098020477847,0.001976201428723292,0.9197428183664984,25,30,10
37,3535,4.6084026217678395e-21,0.07828098020477847,0.001976199981376236,0.9197428198138455,25,30,10
37,3536,4.6084026210747176e-21,0.07828098020477847,0.001980901825516647,0.9197381179697053,25,30,10
37,3537,4.608471269456515e-21,0.07828098020477847,0.001983181383267051,0.9197358384119547,25,30,10
37,3538,4.608472868725979e-21,0.07828098020477847,0.001983209795429615,0.9197358099997922,25,30,10
37,3539,4.6084728768991925e-21,0.07828098020477847,0.0019832098203910716,0.9197358099748308,25,30,10
37,3540,4.608472876892572e-21,0.07828098020477847,0.0019832084086940376,0.9197358113865277,25,30,10
37,3541,4.608380112657822e-21,0.07828098020477847,0.001983322843032045,0.9197356969521897,25,30,10
37,3542,4.608380105614096e-21,0.07828098020477847,0.00198332484039025,0.9197356949548317,25,30,10
37,3543,4.608380133788353e-21,0.07828098020477847,0.001983323418450419,0.9197356963767714,25,30,10
37,3544,4.614706799039912e-21,0.07998858103782092,0.0002757225854079675,0.9197356963767714,25,30,10
37,3545,4.614707996632556e-21,0.07998858103782092,0.00028042518397878945,0.9197309937782007,25,30,10
37,3546,4.614709602573855e-21,0.07998858103782092,0.0002804261326662695,0.919730992829513,25,30,10
37,3547,4.61461631437339e-21,0.07998858103782085,0.000155202775728435,0.919856216186451,25,30,10
37,3548,4.614618350510469e-21,0.07998858103782085,0.00028472622966844703,0.9197266927325108,25,30,10
37,3549,4.6146167445668484e-21,0.07998858103782085,0.00028472481755782686,0.9197266941446213,25,30,10
37,3550,4.614617970527266e-21,0.07998858103782085,0.00028460893750022756,0.919726810024679,25,30,10
37,3551,4.917335062758602e-21,0.07998858103782085,0.0002799085324638231,0.9197315104297155,25,30,10
37,3552,4.91732730251652e-21,0.07998912679266329,0.00027936277762138483,0.9197315104297155,25,30,10
37,3553,4.9173272739736036e-21,0.07998912679266329,0.00027936278746199786,0.9197315104198748,25,30,10
37,3554,4.917882081299522e-21,0.07995765417966771,0.00031083540045758623,0.9197315104198748,25,30,10
37,3555,4.917880475556891e-21,0.07995765417966771,0.00030613212561367054,0.9197362136947186,25,30,10
37,3556,4.9178805043510595e-21,0.07995765417966771,0.0003061716211883753,0.919736174199144,25,30,10
37,3557,4.9368705329122556e-21,0.07996812697419474,0.0002956988266613602,0.919736174199144,25,30,10
37,3558,4.9368705109012416e-21,0.07996812697419474,0.0002956988268416812,0.9197361741989636,25,30,10
37,3559,4.936868891130754e-21,0.07996812697419474,0.0002957008479458151,0.9197361721778594,25,30,10
37,3560,4.9368455979312785e-21,0.07996812697419474,0.0002956723752908507,0.9197362006505145,25,30,10
37,3561,4.942156449390968e-21,0.07996812697419474,0.0002957008131208435,0.9197361722126846,25,30,10
37,3562,4.942156478059589e-21,0.07996812697419474,0.00029570081377440396,0.9197361722120309,25,30,10
37,3563,4.639437766493893e-21,0.07996812697419474,0.00029570075684599796,0.9197361722689592,25,30,10
37,3564,4.640767134581286e-21,0.07996812697419474,0.00029575623001484744,0.9197361167957903,25,30,10
37,3565,4.640673962320192e-21,0.07996812697419474,0.00029583869236359667,0.9197360343334415,25,30,10
37,3566,4.6353630826864e-21,0.07996812697419474,0.0002958102188742353,0.9197360628069311,25,30,10
37,3567,4.6354562555786886e-21,0.07996812697419474,0.00029581023657384935,0.9197360627892315,25,30,10
37,3568,4.635456248795557e-21,0.07996812697419474,0.00029569432693002043,0.9197361786988754,25,30,10
37,3569,4.635456248678604e-21,0.07996812697419474,0.00029569229433919615,0.9197361807314661,25,30,10
37,3570,4.635456249188182e-21,0.07996812697419474,0.0002956922674432224,0.9197361807583622,25,30,10
37,3571,4.6354578478279835e-21,0.07996812697419474,0.00029565229850857575,0.9197362207272968,25,30,10
37,3572,4.630146886513592e-21,0.07996812697419467,0.0002933727050160986,0.9197385003207893,25,30,10
37,3573,4.630147323340754e-21,0.07996812697419467,0.00029337343162121624,0.9197384995941843,25,30,10
37,3574,4.63014732296338e-21,0.07996812697419467,0.0002933734488644354,0.9197384995769411,25,30,10
37,3575,4.630193908406279e-21,0.07996812697419467,0.0002933741830038962,0.9197384988428016,25,30,10
37,3576,4.630288259945073e-21,0.07996812697419467,0.00047287866618892025,0.9195589943596164,25,30,10
37,3577,4.6302882664943475e-21,0.07996812697419467,0.000472878666192659,0.9195589943596127,25,30,10
37,3578,4.630193477633877e-21,0.07996812697419467,0.00029337345596466244,0.9197384995698408,25,30,10
37,3579,4.630193485295307e-21,0.07996812697419467,0.0002933734666777121,0.9197384995591278,25,30,10
37,3580,4.630193521016224e-21,0.07996812697419467,0.00029340099150074135,0.9197384720343047,25,30,10
37,3581,4.630100785458149e-21,0.07996812697419467,0.0002934002736929762,0.9197384727521125,25,30,10
37,3582,4.630007641236532e-21,0.07996812697419467,0.00029340029137172425,0.9197384727344337,25,30,10
37,3583,4.630007641236573e-21,0.07996812697419467,0.0002934002776748382,0.9197384727481307,25,30,10
37,3584,4.630007641234522e-21,0.07996812697419467,0.0002934002512402546,0.9197384727745651,25,30,10
37,3585,4.6300076483951976e-21,0.07996812697419467,0.00029340028733753346,0.9197384727384679,25,30,10
37,3586,4.630007648395076e-21,0.07996812697419467,0.00029340229482513816,0.9197384707309803,25,30,10
37,3587,4.630008845544381e-21,0.07996812697419467,0.0002934043446154987,0.9197384686811898,25,30,10
37,3588,4.629455954746618e-21,0.07999959679382583,0.0002619345249843138,0.9197384686811898,25,30,10
37,3589,4.629362782360808e-21,0.07999959679382583,0.0002619331024108445,0.9197384701037634,25,30,10
37,3590,4.6293631838445084e-21,0.07999959679382583,0.00026193454975189626,0.9197384686564223,25,30,10
37,3591,4.6293631771606325e-21,0.07999959679382583,0.0002618520268093624,0.919738551179365,25,30,10
37,3592,4.6293631771607875e-21,0.07999959679382583,0.00026185199135802124,0.9197385512148162,25,30,10
37,3593,4.6293635853007324e-21,0.07999959679382583,0.00026196790038573775,0.9197384353057885,25,30,10
37,3594,2.1844518250833174e-20,0.07999959679382583,0.0003542635734483712,0.9196461396327257,25,30,10
37,3595,2.1843188882747832e-20,0.07999959679382583,0.0003542101085310028,0.9196461930976432,25,30,10
37,3596,2.1843189255545493e-20,0.07999959679382583,0.00035418258574252624,0.9196462206204317,25,30,10
37,3597,2.1545781373175432e-20,0.07999959679382583,0.00035426221430158813,0.9196461409918726,25,30,10
37,3598,2.1545781365125984e-20,0.07999959679382583,0.0003542621890591942,0.9196461410171151,25,30,10
37,3599,1.7245891389070867e-20,0.07999959679382583,0.00022473866880021984,0.9197756645373741,25,30,10
37,3600,1.724589016361506e-20,0.07999959679382583,0.0002247366445267067,0.9197756665616478,25,30,10
37,3601,1.724589016324009e-20,0.07999959679382583,0.00022473667977934028,0.9197756665263952,25,30,10
37,3602,1.7245888215486208e-20,0.07999959679485456,0.00022473667875059909,0.9197756665263952,25,30,10
37,3603,1.7245796682656345e-20,0.07999959679485456,0.00022245712100018637,0.9197779460841454,25,30,10
37,3604,1.7245819573842998e-20,0.07999959679485456,9.29357173411974e-05,0.9199074674878045,25,30,10
37,3605,1.7245819566673838e-20,0.07999959679485456,9.293371874228176e-05,0.9199074694864035,25,30,10
37,3606,1.7245819158523936e-20,0.07999959679485456,9.293368307038462e-05,0.9199074695220752,25,30,10
37,3607,1.7247146465674167e-20,0.07999959679485456,9.308956274356586e-05,0.9199073136424022,25,30,10
37,3608,1.7247146465680634e-20,0.07999959679485456,9.308952752186858e-05,0.9199073136776238,25,30,10
37,3609,1.7247146494351537e-20,0.07999959679485456,9.30895276648259e-05,0.9199073136774808,25,30,10
37,3610,3.199180065562629e-23,0.07999959679485456,7.938789028239025e-07,0.9199996093262428,25,30,10
37,3611,3.199182920508632e-23,0.07999959679485456,7.938522288666064e-07,0.9199996093529168,25,30,10
37,3612,3.347094764051625e-22,0.07999959679485463,9.384509559419508e-07,0.9199994647541897,25,30,10
37,3613,3.3468454908143343e-22,0.07999959679485463,9.36392502806773e-07,0.9199994668126428,25,30,10
37,3614,3.3999540486627876e-22,0.07999959679485463,9.369267913264193e-07,0.9199994662783544,25,30,10
37,3615,4.908627034020295e-22,0.07999959679485463,0.00013097839662324195,0.9198694248085224,25,30,10
37,3616,4.90861096963059e-22,0.07999959679485463,0.00013094995950654282,0.919869453245639,25,30,10
37,3617,3.399937984273081e-22,0.07999959679485463,9.084896746272892e-07,0.9199994947154709,25,30,10
37,3618,3.3999382659060938e-22,0.07999959679485463,9.084902926196346e-07,0.9199994947148531,25,30,10
37,3619,3.3999379828817754e-22,0.07999959679485463,9.084782852830002e-07,0.9199994947268604,25,30,10
37,3620,3.727777853946859e-23,0.07999959679485456,7.653271165170695e-07,0.9199996378780293,25,30,10
37,3621,3.7279859568862277e-23,0.07996812935889624,3.223276307486943e-05,0.9199996378780293,25,30,10
37,3622,3.7278225082439954e-23,0.07996812935889624,3.223276264002927e-05,0.9199996378784638,25,30,10
37,3623,5.606135037283023e-17,0.07996812935889624,3.2133055915659187e-05,0.9199997375851882,25,30,10
37,3624,3.5975444788420036e-23,0.07996812935889624,3.2076878227627946e-05,0.9199997937628762,25,30,10
37,3625,3.599870201730433e-23,0.07996812935889624,3.211688588457393e-05,0.9199997537552196,25,30,10
37,3626,3.5998687301270117e-23,0.07996812935889624,3.2114852661756466e-05,0.9199997557884424,25,30,10
37,3627,3.597540076829927e-23,0.07996812935889624,3.2074845027735155e-05,0.9199997957960764,25,30,10
37,3628,3.727817902006545e-23,0.07996812935889624,3.207627215284659e-05,0.9199997943689513,25,30,10
37,3629,3.595046588779485e-23,0.07996812935889624,3.2074848170005473e-05,0.9199997957929341,25,30,10
37,3630,3.5952099620145496e-23,0.07996812935889624,3.2113404246869264e-05,0.9199997572368571,25,30,10
37,3631,3.5952127920257956e-23,0.07996812935889624,3.211340381768741e-05,0.9199997572372866,25,30,10
37,3632,3.5950501104111574e-23,0.07996812935889624,3.215000851729138e-05,0.9199997206325867,25,30,10
37,3633,1.1162999745795108e-22,0.07996812935889624,3.226448773910204e-05,0.9199996061533651,25,30,10
37,3634,1.1162837040102855e-22,0.07996812935889624,3.2266477719389206e-05,0.9199996041633847,25,30,10
37,3635,1.1304969390268172e-22,0.07996812935889624,3.2267188068726196e-05,0.9199996034530352,25,30,10
37,3636,1.130730156783264e-22,0.07996812935889624,3.2268670892608446e-05,0.9199996019702112,25,30,10
37,3637,3.741684102441542e-23,0.07996812935889624,3.226868716961022e-05,0.9199996019539344,25,30,10
37,3638,3.8742854126463325e-23,0.07996812935889624,3.443237457001942e-05,0.919997438266534,25,30,10
37,3639,3.874244560252553e-23,0.07996812935889624,3.431649306387876e-05,0.9199975541480402,25,30,10
37,3640,3.8742037075044764e-23,0.07996812935889624,3.431654474823285e-05,0.9199975540963559,25,30,10
37,3641,3.874203707721002e-23,0.07996812935889624,3.431654536304836e-05,0.9199975540957408,25,30,10
37,3642,3.876697258442374e-23,0.07996812935889624,3.431658993616795e-05,0.9199975540511676,25,30,10
37,3643,3.874365118831658e-23,0.07996812935889624,3.4315142591263896e-05,0.9199975554985125,25,30,10
37,3644,3.8743651563676494e-23,0.07996812935889624,3.4315106928866646e-05,0.9199975555341748,25,30,10
37,3645,3.7417667012701684e-23,0.07996812935889624,3.2111940586804506e-05,0.919999758700517,25,30,10
37,3646,3.7417638461190515e-23,0.07996812935889624,3.211193997190926e-05,0.9199997587011319,25,30,10
37,3647,3.7510811363254765e-23,0.07996812935889624,3.2112428783401316e-05,0.9199997582123204,25,30,10
37,3648,3.219995607269598e-23,0.07996812935889624,3.211392708254262e-05,0.9199997567140212,25,30,10
37,3649,3.087180508029995e-23,0.07996812935889624,3.2114699598333466e-05,0.9199997559415055,25,30,10
37,3650,3.088693441229597e-23,0.07996812935889624,0.014001983273180574,0.9060298873679232,25,30,10
37,3651,3.0886934286525403e-23,0.07996812935889624,0.014001944635453893,0.90602992600565,25,30,10
37,3652,3.091022316994798e-23,0.07996812935889624,0.014008548844261419,0.9060233217968425,25,30,10
37,3653,3.0910223295568523e-23,0.07996812935889624,0.014008548890206722,0.9060233217508973,25,30,10
37,3654,3.091144874291427e-23,0.07996812935889624,0.01400854900523421,0.9060233216358697,25,30,10
37,3655,2.5600604470409665e-23,0.07996812935889624,0.014008466482090174,0.9060234041590138,25,30,10
37,3656,1.7280545307285083e-20,0.07996812935889624,0.014008352031024492,0.9060235186100793,25,30,10
37,3657,1.7280544074155786e-20,0.07996812935889624,0.014008432405159789,0.9060234382359441,25,30,10
37,3658,1.728054410220442e-20,0.07996812935889624,0.014008433816829084,0.9060234368242749,25,30,10
37,3659,1.728056576081483e-20,0.07996812935889624,0.014008433792055281,0.9060234368490486,25,30,10
37,3660,1.7280540825307765e-20,0.07996812935889624,0.014008433748086324,0.9060234368930176,25,30,10
37,3661,1.7285859810424196e-20,0.07996812935889624,3.860516959824539e-05,0.9199932654715057,25,30,10
37,3662,1.728576701800084e-20,0.07996812935889624,3.860668707873038e-05,0.9199932639540251,25,30,10
37,3663,1.7291077876031287e-20,0.07996812935889624,3.86358632146167e-05,0.9199932347778893,25,30,10
37,3664,1.729107786835902e-20,0.07996812935889624,3.8635837208006086e-05,0.9199932348038959,25,30,10
37,3665,1.7291077839690286e-20,0.07996812935889624,3.86358286216526e-05,0.9199932348124824,25,30,10
37,3666,1.729107784006772e-20,0.07996812935889624,3.863580171713077e-05,0.919993234839387,25,30,10
37,3667,1.729107947417664e-20,0.07996812935889624,3.863582693182697e-05,0.9199932348141722,25,30,10
37,3668,1.7291079474176525e-20,0.07996812935889624,3.8635826934935016e-05,0.9199932348141691,25,30,10
37,3669,1.729107947455572e-20,0.07996812935889624,3.863585278476004e-05,0.9199932347883193,25,30,10
37,3670,3.454401899127309e-20,0.07996812935889624,4.33397062463297e-05,0.9199885309348577,25,30,10
37,3671,3.45440189912797e-20,0.07996812935889624,4.334172740730138e-05,0.9199885289136966,25,30,10
37,3672,3.454401704402887e-20,0.07999921304644847,1.2258039855051033e-05,0.9199885289136966,25,30,10
37,3673,3.4544017480854e-20,0.07999921304644847,1.2260062784154438e-05,0.9199885268907676,25,30,10
37,3674,3.454399421680303e-20,0.07999921304644847,1.2260050426719022e-05,0.919988526903125,25,30,10
37,3675,3.4543994216805245e-20,0.07999921304644847,1.2260049994919525e-05,0.9199885269035569,25,30,10
37,3676,3.4544087361146436e-20,0.07999921304644847,1.2262573810625817e-05,0.9199885243797412,25,30,10
37,3677,1.7291148253459058e-20,0.07999921304644847,7.598644110005936e-06,0.9199931883094418,25,30,10
37,3678,1.7291149887442804e-20,0.07999921304644847,7.5593760624329115e-06,0.9199932275774895,25,30,10
37,3679,1.7291149887074295e-20,0.07999921304644847,7.560051706442277e-06,0.9199932269018454,25,30,10
37,3680,1.7296461179314278e-20,0.07999921304644847,7.5608104321334105e-06,0.9199932261431196,25,30,10
37,3681,1.7296461179309902e-20,0.07999921304644847,7.560810426275906e-06,0.9199932261431256,25,30,10
37,3682,1.7296554330192608e-20,0.07999921304644847,7.562011011400497e-06,0.9199932249425404,25,30,10
37,3683,1.729122018743749e-20,0.07999921304644847,7.522002826708465e-06,0.9199932649507251,25,30,10
37,3684,4.6380436728859955e-18,0.07873626019714322,0.0012704748521319565,0.9199932649507251,25,30,10
37,3685,4.6380436728579586e-18,0.07873626019714322,0.0012704734047274163,0.9199932663981296,25,30,10
37,3686,1.729122057113947e-20,0.07999959263391908,7.140967951545301e-06,0.9199932663981296,25,30,10
37,3687,1.72911274268003e-20,0.07999959263391908,7.1384724482999305e-06,0.9199932688936329,25,30,10
37,3688,1.7265822204716287e-20,0.07998452998078305,2.2201125584329363e-05,0.9199932688936329,25,30,10
37,3689,1.7265821831919493e-20,0.07998452998078305,2.2120050404123788e-05,0.919993349968813,25,30,10
37,3690,1.7265821860091542e-20,0.07998452998078305,2.2120039157857212e-05,0.9199933499800593,25,30,10
37,3691,1.7265821859597258e-20,0.07998452998078305,2.2121425876019804e-05,0.9199933485933411,25,30,10
37,3692,1.726593835388215e-20,0.07998452998078305,2.212284883175389e-05,0.9199933471703854,25,30,10
37,3693,1.7271235291615787e-20,0.07998452998078305,0.00011441799380751312,0.9199010520254096,25,30,10
37,3694,1.7265938325204728e-20,0.07998452998078305,2.2122349759942816e-05,0.9199933476694572,25,30,10
37,3695,1.7265936690601332e-20,0.07998452998078305,2.2122324360344447e-05,0.9199933476948569,25,30,10
37,3696,1.72659366982727e-20,0.07998452998078305,2.6825625034131892e-05,0.9199886443941828,25,30,10
37,3697,2.1579674332586336e-20,0.07998452998078305,2.686765552812498e-05,0.9199886023636888,25,30,10
37,3698,2.158489200775073e-20,0.07998452998078305,2.686651585234724e-05,0.9199886035033648,25,30,10
37,3699,1.7271154373935747e-20,0.07998452998078305,2.6824520590237655e-05,0.9199886454986269,25,30,10
37,3700,1.7271177657253063e-20,0.07998452998078313,2.682456173031138e-05,0.9199886454574867,25,30,10
37,3701,1.7271177656756574e-20,0.07998452998078313,2.6824561727616437e-05,0.9199886454574893,25,30,10
37,3702,1.7271177248105734e-20,0.07998452998078313,2.68225554355047e-05,0.9199886474637815,25,30,10
37,3703,5.607862416563236e-17,0.07998452998078313,2.685126535605282e-05,0.9199886187538608,25,30,10
37,3704,5.60786294768663e-17,0.07998452998078742,2.7020756497391113e-05,0.9199884492627153,25,30,10
37,3705,5.607862947723911e-17,0.07998452998078742,2.7135226332601807e-05,0.9199883347928802,25,30,10
37,3706,5.607862947723575e-17,0.07998452998078742,2.710655033205428e-05,0.9199883634688807,25,30,10
37,3707,5.60786294768272e-17,0.07998452998078742,2.6992665737443737e-05,0.9199884773534752,25,30,10
37,3708,5.607862947723549e-17,0.07998452998078742,2.699333191159347e-05,0.9199884766873011,25,30,10
37,3709,5.607862954711901e-17,0.07998452998078742,2.0387125868245446e-05,0.9199950828933445,25,30,10
37,3710,5.607862954711889e-17,0.07998452998078742,2.0385092850472843e-05,0.9199950849263623,25,30,10
37,3711,5.60786295459006e-17,0.07998452998078742,2.0500985012517464e-05,0.9199949690342002,25,30,10
37,3712,5.607862954546328e-17,0.07998452998078742,2.0498926599452602e-05,0.9199949710926133,25,30,10
37,3713,5.607863476457185e-17,0.07998452998078742,2.2121808552340445e-05,0.9199933482106606,25,30,10
37,3714,5.607863476457939e-17,0.07998452998078742,2.2202884964048716e-05,0.9199932671342488,25,30,10
37,3715,5.607893744773353e-17,0.07998452998078742,2.6906185538257504e-05,0.9199885638336746,25,30,10
37,3716,5.607893744776767e-17,0.07998491372912989,2.6522437195799638e-05,0.9199885638336746,25,30,10
37,3717,5.6078937447359e-17,0.07998491372912989,2.652173554267171e-05,0.9199885645353275,25,30,10
37,3718,5.607894283850173e-17,0.07998491372912989,0.00011870149795312604,0.919896384772917,25,30,10
37,3719,5.607894283836508e-17,0.07998492324442522,0.00011869198265777447,0.919896384772917,25,30,10
37,3720,5.607894298007695e-17,0.07998492324442515,0.004772851750509684,0.9152422250050652,25,30,10
37,3721,5.607894298007646e-17,0.07998492324442515,0.004772771259964453,0.9152423054956107,25,30,10
37,3722,5.607893766780215e-17,0.07998492324442515,0.0047711483772850775,0.9152439283782898,25,30,10
37,3723,5.60789323565098e-17,0.07998492324442515,0.004771146952575623,0.9152439298029994,25,30,10
37,3724,5.607893235651696e-17,0.07998492324442515,0.00477114695275864,0.9152439298028163,25,30,10
37,3725,5.607893234285263e-17,0.07999944703847021,0.004756623158713538,0.9152439298028163,25,30,10
37,3726,5.607893234285982e-17,0.07999944703847021,0.00475662413130211,0.9152439288302276,25,30,10
37,3727,5.607892703201182e-17,0.07999944703847021,0.0047566236668262615,0.9152439292947036,25,30,10
37,3728,5.607892703361057e-17,0.07999944703847021,0.004756662688272294,0.9152438902732577,25,30,10
37,3729,5.607892703524517e-17,0.07999944703847021,0.004756778605445365,0.9152437743560846,25,30,10
37,3730,5.607895235066956e-17,0.07999171049598452,0.00476451514783353,0.9152437743561821,25,30,10
37,3731,5.607894698240373e-17,0.07999171049598452,0.004672221513366884,0.9153360679906486,25,30,10
37,3732,5.607894698245404e-17,0.07999171049598452,0.004672247952804652,0.915336041551211,25,30,10
37,3733,1.7599304505135318e-20,0.07999171049598452,0.004675382403181457,0.9153329071008343,25,30,10
37,3734,1.759921296647488e-20,0.07999171049598452,0.004675380984333553,0.9153329085196821,25,30,10
37,3735,1.7593901725864502e-20,0.07999171049598024,0.0046752109068912105,0.9153330785971288,25,30,10
37,3736,1.7593785231568613e-20,0.07999171049598024,0.004675209459599341,0.9153330800444205,25,30,10
37,3737,3.4014492072889114e-22,0.07999171049598024,0.004675208039026078,0.9153330814649937,25,30,10
37,3738,3.401469633528076e-22,0.07999171049598025,0.0046752372134296165,0.9153330522905904,25,30,10
37,3739,3.746383790120816e-23,0.07999171049598025,0.004670535945877564,0.9153377535581424,25,30,10
37,3740,3.7463787592195356e-23,0.07999171049598025,0.004670623390587326,0.9153376661134325,25,30,10
37,3741,4.351205894404154e-21,0.07999171049598025,0.004670622497041847,0.9153376670069782,25,30,10
37,3742,4.3512058658592956e-21,0.07999171049598025,0.0046707049829123005,0.9153375845211076,25,30,10
37,3743,4.351204259798475e-21,0.07999171049598025,0.004670704946102055,0.915337584557918,25,30,10
37,3744,4.35129743939271e-21,0.07999171049598454,0.004670903663920301,0.9153373858400954,25,30,10
37,3745,4.351204259913225e-21,0.07999171049598025,0.004670704910883707,0.9153375845931362,25,30,10
37,3746,4.3512957981967344e-21,0.07999171049598025,0.004670666949869468,0.9153376225541504,25,30,10
37,3747,4.351295798194561e-21,0.07999171049598025,0.00467066698491907,0.9153376225191008,25,30,10
37,3748,4.351295798318402e-21,0.07999171049598025,0.004670668432067447,0.9153376210719526,25,30,10
37,3749,4.325980373942438e-21,0.07999944703846856,0.004662931889676674,0.9153376210718548,25,30,10
37,3750,4.3259803739402354e-21,0.07999944703846856,0.004662931854017376,0.9153376211075142,25,30,10
37,3751,4.326071919899137e-21,0.07999944703846856,0.004662903406448199,0.9153376495550833,25,30,10
37,3752,4.3207618936599236e-21,0.07999944703846856,0.004659741705612576,0.9153408112559192,25,30,10
37,3753,3.1503689191581006e-22,0.07999944703846856,0.004661365089721341,0.9153391878718102,25,30,10
37,3754,3.1503648338841425e-22,0.07999944703846856,0.004661367844184247,0.9153391851173472,25,30,10
37,3755,3.150131901672363e-22,0.07999944703846856,0.004661367831873649,0.9153391851296582,25,30,10
37,3756,3.110300492368739e-22,0.07999944703846856,0.004661368498046186,0.9153391844634854,25,30,10
37,3757,6.137487901065012e-22,0.07999944703846856,0.004661368531763826,0.9153391844297676,25,30,10
37,3758,3.1103004257934534e-22,0.07999944703846856,0.00466136846252203,0.9153391844990094,25,30,10
37,3759,3.1103004258817255e-22,0.07999944703846856,0.00466136846190776,0.9153391844996236,25,30,10
37,3760,3.1086709015156683e-22,0.07999944703846856,2.621270035070372e-06,0.9199979316914962,25,30,10
37,3761,3.108674991731788e-22,0.07999944703846856,2.5387675287341206e-06,0.9199980141940025,25,30,10
37,3762,3.0953979217779156e-22,0.07999944703846856,2.5380878235050704e-06,0.919998014873708,25,30,10
37,3763,3.094486697140411e-22,0.07999944703846856,2.5760488461658303e-06,0.9199979769126853,25,30,10
37,3764,3.0944869838928267e-22,0.07999944703846856,2.5740493479136646e-06,0.9199979789121835,25,30,10
37,3765,1.7563716729847623e-20,0.07999944703846865,4.199192295225996e-06,0.919996353769236,25,30,10
37,3766,1.756371670217644e-20,0.07999944703846865,4.199192284503863e-06,0.9199963537692468,25,30,10
37,3767,1.7563716702679552e-20,0.07999944703846865,4.1991921080227735e-06,0.9199963537694233,25,30,10
37,3768,1.7563717520363157e-20,0.07999944703846865,4.195740190989948e-06,0.9199963572213404,25,30,10
37,3769,1.7563715469934616e-20,0.07999944703846865,4.079822397898299e-06,0.9199964731391336,25,30,10
37,3770,1.756371351927272e-20,0.07999999981202725,3.5270488392776613e-06,0.9199964731391336,25,30,10
37,3771,1.7562387440075485e-20,0.07999999981202725,3.5270133149061098e-06,0.9199964731746578,25,30,10
37,3772,3.4817342187889267e-20,0.07999999981202725,3.5554592696515014e-06,0.9199964447287031,25,30,10
37,3773,3.4509327132750695e-20,0.07999999981202725,1.9335547230089313e-06,0.9199980666332499,25,30,10
37,3774,3.450932675227406e-20,0.07999999981202725,2.0480124342680805e-06,0.9199979521755385,25,30,10
37,3775,3.4509326745104716e-20,0.07999999981202725,2.0479771941577398e-06,0.9199979522107787,25,30,10
37,3776,3.450932510333399e-20,0.07999999981202725,2.010015877121191e-06,0.9199979901720958,25,30,10
37,3777,3.450932510332951e-20,0.07999999981202725,2.0079822477735128e-06,0.9199979922057251,25,30,10
37,3778,3.451587005933051e-20,0.07999999981202725,2.1508030432200693e-06,0.9199978493849297,25,30,10
37,3779,1.726160205603768e-20,0.07999999981202718,5.256722595783693e-07,0.9199994745157133,25,30,10
37,3780,1.7254963539493474e-20,0.07999999981202718,4.980420481380671e-07,0.9199995021459247,25,30,10
37,3781,1.725496350763706e-20,0.07999999029884614,5.07555229195021e-07,0.9199995021459247,25,30,10
37,3782,1.725496391628909e-20,0.07999999029884614,6.234725717043764e-07,0.9199993862285822,25,30,10
37,3783,1.725497174379002e-20,0.07999998048705194,6.332843658910383e-07,0.9199993862285822,25,30,10
37,3784,1.7255064910019336e-20,0.07999998048705194,5.188151206180251e-07,0.9199995006978275,25,30,10
37,3785,1.7255518870145594e-20,0.07999985436980273,6.449323698235041e-07,0.9199995006978275,25,30,10
37,3786,1.7255518812918843e-20,0.07999985436980273,6.449105274150241e-07,0.9199995007196701,25,30,10
37,3787,1.725551922056584e-20,0.07999985436980273,6.449459756079438e-07,0.919999500684222,25,30,10
37,3788,5.64472873112091e-25,0.07999985436980273,7.32382135710278e-07,0.9199994132480619,25,30,10
37,3789,3.811877794421381e-21,0.0799998543698028,0.0046596002593174675,0.9153405453708799,25,30,10
37,3790,3.8123141890515615e-21,0.07999984758823972,0.004659607040880534,0.9153405453708799,25,30,10
37,3791,3.812314189556725e-21,0.07999984758823972,0.004659607040668406,0.9153405453710921,25,30,10
37,3792,3.8123141613913376e-21,0.07999984758823972,0.004659491148272451,0.9153406612634879,25,30,10
37,3793,3.812314570044461e-21,0.07999984758823972,0.004659492596661411,0.9153406598150989,25,30,10
37,3794,3.8123141615280666e-21,0.07999984758823972,0.004659493181904495,0.9153406592298559,25,30,10
37,3795,3.812314154987605e-21,0.07999984758823972,0.0046594931814323715,0.915340659230328,25,30,10
37,3796,1.0024748435751099e-24,0.07999984758823965,6.253050258753059e-07,0.9199995271067345,25,30,10
37,3797,1.0016576598505802e-24,0.07999984758823965,7.077989934973781e-07,0.919999444612767,25,30,10
37,3798,1.0016366548651193e-24,0.07999984758823965,7.098200354220353e-07,0.9199994425917253,25,30,10
37,3799,1.0012346660031209e-24,0.07999984758823965,8.257017072395069e-07,0.9199993267100534,25,30,10
37,3800,1.001234288457025e-24,0.07999984758823965,8.27749964114634e-07,0.9199993246617965,25,30,10
37,3801,1.0008331831084425e-24,0.07999984758823965,7.118932319641326e-07,0.9199994405185283,25,30,10
37,3802,1.001241719203679e-24,0.07999984758823965,7.133760520605507e-07,0.9199994390357084,25,30,10
37,3803,1.0012422245186534e-24,0.07999984758823965,7.148238144117475e-07,0.919999437587946,25,30,10
37,3804,3.037077150968232e-22,0.07999984758823965,2.3363148577650965e-06,0.9199978160969026,25,30,10
37,3805,3.0370731423315846e-22,0.07999984758823965,2.3349833477491332e-06,0.9199978174284127,25,30,10
37,3806,3.037073142396602e-22,0.07999984758823965,2.3349835248531287e-06,0.9199978174282356,25,30,10
37,3807,3.037073710804068e-22,0.07999984758823965,2.335957170318802e-06,0.9199978164545901,25,30,10
37,3808,3.037077730672299e-22,0.07999984758823965,2.335267823980406e-06,0.9199978171439364,25,30,10
37,3809,6.064244556141272e-22,0.07999984758823965,2.3352935097624973e-06,0.9199978171182505,25,30,10
37,3810,9.091431701634129e-22,0.07999984758823966,2.338713967027202e-06,0.9199978136977933,25,30,10
37,3811,9.091432055004018e-22,0.07999984758823966,2.3407471691086872e-06,0.9199978116645913,25,30,10
37,3812,9.848223550812141e-22,0.07999984758823966,2.4219067557128728e-06,0.9199977305050048,25,30,10
37,3813,9.848223550790435e-22,0.07999984758823966,2.423928086187746e-06,0.9199977284836742,25,30,10
37,3814,9.847291816980464e-22,0.07999984758823966,2.4224799809053943e-06,0.9199977299317795,25,30,10
37,3815,9.847279483696109e-22,0.07999984758823966,9.028721211682283e-06,0.9199911236905487,25,30,10
37,3816,9.847279473633682e-22,0.07999984758823966,9.030754224737474e-06,0.9199911216575357,25,30,10
37,3817,9.900379182040443e-22,0.07999984758824395,1.5522838686526184e-05,0.9199846295730696,25,30,10
37,3818,6.873314458238202e-22,0.07999984758824395,1.3899925699619767e-05,0.9199862524860566,25,30,10
37,3819,3.8461275240525467e-22,0.07999984758824395,1.3897927629247809e-05,0.9199862544841269,25,30,10
37,3820,3.8470431867407515e-22,0.07999984758824395,1.384532710420609e-05,0.9199863070846519,25,30,10
37,3821,3.847039388153251e-22,0.07999984758824395,1.3926367847114443e-05,0.919986226043909,25,30,10
37,3822,3.8479706576753744e-22,0.07999984758824395,1.8367369134478317e-05,0.9199817850426217,25,30,10
37,3823,3.8489018181133645e-22,0.07999984758824395,1.8367818316149243e-05,0.91998178459344,25,30,10
37,3824,3.844362216651449e-22,0.07999998339421431,1.8232012345798867e-05,0.91998178459344,25,30,10
37,3825,3.8434302028432945e-22,0.07999998339421431,1.8202089755325466e-05,0.9199818145160304,25,30,10
37,3826,3.8434342126504627e-22,0.07999998339421431,1.8200117028044135e-05,0.9199818164887579,25,30,10
37,3827,7.5139004564270295e-22,0.07998874520612961,2.9438305112739427e-05,0.9199818164887579,25,30,10
37,3828,6.7580366031312755e-22,0.07998874520612961,2.9356559662802564e-05,0.9199818982342077,25,30,10
37,3829,6.757105160972023e-22,0.07998874520612961,2.9355128952433037e-05,0.9199818996649181,25,30,10
37,3830,6.757105159912791e-22,0.07998874520612961,2.935512894434174e-05,0.9199818996649262,25,30,10
37,3831,6.759191850486467e-22,0.07998874520612961,0.00020886032174662555,0.919802394472124,25,30,10
37,3832,6.7591921360232855e-22,0.07998874520612961,0.0002088588995770424,0.9198023958942935,25,30,10
37,3833,3.732004812497439e-22,0.07998874520612961,0.00020885887417561823,0.9198023959196948,25,30,10
37,3834,3.7320048742168425e-22,0.07998874520612961,0.00020894137192133263,0.9198023134219491,25,30,10
37,3835,3.732021285733942e-22,0.07998874520612961,0.00020896781153748083,0.919802286982333,25,30,10
37,3836,3.7322702722255136e-22,0.07998874520612961,0.00021047480731858063,0.9198007799865519,25,30,10
37,3837,3.7322541405350885e-22,0.07998874520612961,0.0004767807611296977,0.9195344740327408,25,30,10
37,3838,3.732270773331676e-22,0.07998874520612961,0.00047680720932592974,0.9195344475845444,25,30,10
37,3839,3.981031796815367e-22,0.07998820902380198,0.000477343391653566,0.9195344475845446,25,30,10
37,3840,3.981015234366308e-22,0.07998820902380198,0.0004773149227467904,0.9195344760534512,25,30,10
37,3841,3.9800839649103775e-22,0.07998820902380198,0.00047287239963825835,0.9195389185765599,25,30,10
37,3842,3.980312817002412e-22,0.07998820902380198,0.00047287237669087787,0.9195389185995073,25,30,10
37,3843,3.980312750339962e-22,0.07998820902380198,0.0004728723998708507,0.9195389185763274,25,30,10
37,3844,3.980312827084481e-22,0.07998820902380198,0.0004729883176586027,0.9195388026585397,25,30,10
37,3845,3.980312615865926e-22,0.07998820902380198,0.0004729873337368709,0.9195388036424612,25,30,10
37,3846,3.980316635734261e-22,0.07998820902380198,0.00047290530990087143,0.9195388856662973,25,30,10
37,3847,3.9796181242221497e-22,0.07998820902380198,0.00047294383033535584,0.9195388471458628,25,30,10
37,3848,3.979614319456359e-22,0.07998820902380198,0.0004729718036748198,0.9195388191725234,25,30,10
37,3849,3.9928911714231825e-22,0.07998820902380198,0.00020663741448619544,0.919805153561712,25,30,10
37,3850,3.739687950091226e-22,0.07998876179745107,0.0002060846408371381,0.919805153561712,25,30,10
37,3851,3.7399245711546974e-22,0.07998876179745107,0.00021269265006102663,0.9197985455524881,25,30,10
37,3852,3.7396916325324365e-22,0.07998876179745107,0.00021269261194947902,0.9197985455905996,25,30,10
37,3853,3.7396916323346614e-22,0.07998876179745107,0.00021269261151223514,0.9197985455910367,25,30,10
37,3854,3.7396916311651456e-22,0.07998876179745107,0.00021269060326059,0.9197985475992886,25,30,10
37,3855,3.739687546634919e-22,0.07998876179745107,0.0002060843695721023,0.919805153832977,25,30,10
37,3856,3.7396711993917094e-22,0.07998876179745107,0.00020596847672580228,0.9198052697258231,25,30,10
37,3857,3.7396714799001125e-22,0.07998876179745107,0.0002059684669195713,0.9198052697356295,25,30,10
37,3858,3.7396712647098346e-22,0.07998876179745107,0.0002059420274874803,0.9198052961750617,25,30,10
37,3859,3.752948325818631e-22,0.07998876179745107,0.00020582683676112295,0.9198054113657881,25,30,10
37,3860,3.806518606340501e-22,0.07998876179745107,0.0002058648068069162,0.9198053733957423,25,30,10
37,3861,3.8062895508954818e-22,0.07998876179745107,0.00020582551355375177,0.9198054126889954,25,30,10
37,3862,3.8062894818053758e-22,0.07998876179745107,0.00020586347499756627,0.9198053747275517,25,30,10
37,3863,3.8063673916459582e-22,0.07998875473191101,0.00020587054053761728,0.9198053747275517,25,30,10
37,3864,1.7635529849343985e-20,0.0799887547319111,0.00020436499801745713,0.9198068802700717,25,30,10
37,3865,1.7634203777317427e-20,0.0799887547319111,0.00020436710913781383,0.9198068781589512,25,30,10
37,3866,1.7632876064160942e-20,0.0799887547319111,0.0002043664074682139,0.919806878860621,25,30,10
37,3867,1.7632852781997735e-20,0.0799887547319111,0.0002000374804699728,0.9198112077876192,25,30,10
37,3868,1.7632852365683245e-20,0.0799887547319111,0.0002000367785960951,0.919811208489493,25,30,10
37,3869,1.7632854025000333e-20,0.0799887547319111,0.0002923324392459077,0.9197189128288431,25,30,10
37,3870,1.7632852412399212e-20,0.0799887547319111,0.00029233173772869227,0.9197189135303606,25,30,10
37,3871,1.763285241944274e-20,0.0799887547319111,0.00029236515681579304,0.9197188801112733,25,30,10
37,3872,1.7632852419184604e-20,0.0799887547319111,0.00029232516234652513,0.9197189201057426,25,30,10
37,3873,1.7632852418560283e-20,0.0799887547319111,0.000292325137575349,0.9197189201305139,25,30,10
37,3874,1.763285279137483e-20,0.0799887547319111,0.0002922917178718353,0.9197189535502173,25,30,10
37,3875,1.763264450178995e-20,0.0799887547319111,0.00011278857687266915,0.9198984566912165,25,30,10
37,3876,1.76326445012935e-20,0.0799887547319111,0.00011278854120569168,0.9198984567268834,25,30,10
37,3877,1.763273764551258e-20,0.0799887547319111,0.00011278854165116328,0.9198984567264381,25,30,10
37,3878,1.763273764614128e-20,0.0799887547319111,0.00011278855102175938,0.9198984567170675,25,30,10
37,3879,1.763273724465829e-20,0.0799887547319111,0.0001127060631201423,0.919898539204969,25,30,10
37,3880,1.763273725897725e-20,0.0799887547319111,0.00011282197277146352,0.9198984232953177,25,30,10
37,3881,1.763273725230435e-20,0.0799887547319111,0.00011282197320546698,0.9198984232948837,25,30,10
37,3882,1.7627427275426194e-20,0.07998875473190681,0.00010621397993505385,0.9199050312881585,25,30,10
37,3883,3.7250923793576015e-22,0.07998875473190672,0.00010609663427479831,0.9199051486338186,25,30,10
37,3884,3.7250920976146514e-22,0.07998875473190672,0.000106096609118435,0.919905148658975,25,30,10
37,3885,3.738369174078192e-22,0.07998875473190672,0.00010381772947971172,0.9199074275386139,25,30,10
37,3886,3.725087939737765e-22,0.07998875473190672,0.00010381705074038539,0.9199074282173529,25,30,10
37,3887,3.725104285771665e-22,0.07998875473190672,0.00010381904915162882,0.9199074262189418,25,30,10
37,3888,3.725108372214226e-22,0.07998875473190672,0.00010382105754941362,0.919907424210544,25,30,10
37,3889,3.7251083772438087e-22,0.07998875473190672,0.00010382104092119747,0.9199074242271723,25,30,10
37,3890,3.7260358657551984e-22,0.07998875473190672,0.00011042525010864354,0.9199008200179847,25,30,10
37,3891,3.7260195210452713e-22,0.07998875473190672,0.00011042324141533748,0.9199008220266782,25,30,10
37,3892,3.7392951015770383e-22,0.07998875473190674,0.00011512651741393016,0.9198961187506797,25,30,10
37,3893,3.685720733379183e-22,0.07998875473190674,0.00011508650218609802,0.9198961587659074,25,30,10
37,3894,3.6857208049856168e-22,0.07998875473190674,0.00011508794934842461,0.9198961573187451,25,30,10
37,3895,3.6857372240417285e-22,0.07998875473190674,0.00011512658709621367,0.9198961186809973,25,30,10
37,3896,3.6866688999254395e-22,0.07998875473190674,0.00011740476175614497,0.9198938405063373,25,30,10
37,3897,3.6866691867656885e-22,0.07998875473190674,0.00011740526066607606,0.9198938400074275,25,30,10
37,3898,3.6999460728442813e-22,0.07998875473190674,0.00011902817560645002,0.9198922170924871,25,30,10
37,3899,3.699946359463876e-22,0.07998875473190674,0.00011903020880631292,0.919892215059287,25,30,10
37,3900,3.6999298368375186e-22,0.07998875473190674,2.6734576692278457e-05,0.9199845106914012,25,30,10
37,3901,3.6999297639086707e-22,0.07998875473190674,2.6734529162012245e-05,0.9199845107389315,25,30,10
37,3902,3.6999338453214055e-22,0.07998875473190674,2.673522269312214e-05,0.9199845100454003,25,30,10
37,3903,3.7001626910043397e-22,0.07998875473190674,2.673518764747323e-05,0.919984510080446,25,30,10
37,3904,3.7001625526488455e-22,0.07998875473190674,2.6619294628937415e-05,0.9199846259734646,25,30,10
37,3905,3.7001667097033933e-22,0.07998875473190674,2.6620022589293133e-05,0.9199846252455042,25,30,10
37,3906,3.7001669402754084e-22,0.07998875473190674,2.0014279991264554e-05,0.9199912309881022,25,30,10
37,3907,3.6992392978192787e-22,0.07998875473190674,2.0016287190171102e-05,0.919991228980903,25,30,10
37,3908,3.6859640026272883e-22,0.07998875473190672,1.531298686707994e-05,0.9199959322812263,25,30,10
37,3909,4.442438955039752e-22,0.07998875473190681,2.001429441513198e-05,0.9199912309736782,25,30,10
37,3910,4.442443328297612e-22,0.07998875473190681,2.0014828986042408e-05,0.9199912304391072,25,30,10
37,3911,4.442443324592023e-22,0.07998875473190681,2.001479393411463e-05,0.9199912304741592,25,30,10
37,3912,4.44244332589594e-22,0.07998875473190681,1.9900935179913834e-05,0.9199913443329132,25,30,10
37,3913,4.442443325918006e-22,0.07998875473190681,1.990091084390952e-05,0.9199913443572493,25,30,10
37,3914,4.442459671939192e-22,0.07998875473190681,1.9929383485908825e-05,0.9199913158846073,25,30,10
37,3915,4.443391389606488e-22,0.07998875473190681,1.9929435580855332e-05,0.9199913158325126,25,30,10
37,3916,4.444318955220336e-22,0.07998875473190681,1.9930146239619146e-05,0.9199913151218538,25,30,10
37,3917,4.444241069357511e-22,0.07998875489992098,1.9929978225445825e-05,0.9199913151218538,25,30,10
37,3918,4.444257129963602e-22,0.07998875489992098,1.9930512353630704e-05,0.9199913145877255,25,30,10
37,3919,4.4442573448463675e-22,0.07998875489992098,1.993048780630258e-05,0.9199913146122728,25,30,10
37,3920,4.430984545386664e-22,0.07998875489992098,1.8307594108768376e-05,0.9199929375059704,25,30,10
37,3921,4.4309845404441865e-22,0.07998875489992098,1.83075942859269e-05,0.9199929375057934,25,30,10
37,3922,4.432096439327159e-22,0.0799887515566179,1.831093758898912e-05,0.9199929375057934,25,30,10
37,3923,7.616496793937004e-23,0.07999998267914721,7.07981505965324e-06,0.9199929375057934,25,30,10
37,3924,7.61649459303705e-23,0.07999998267914721,7.078438477062742e-06,0.919992938882376,25,30,10
37,3925,1.733108339307546e-20,0.07999998267914721,7.194859129705158e-06,0.9199928224617234,25,30,10
37,3926,1.733108298453269e-20,0.07999998267914721,7.194873734164811e-06,0.9199928224471189,25,30,10
37,3927,1.733108298467602e-20,0.07999998267914721,1.1898174392185558e-05,0.919988119146461,25,30,10
37,3928,1.7331084590600845e-20,0.07999998267914721,1.19801990529398e-05,0.9199880371217999,25,30,10
37,3929,1.7331085788319407e-20,0.07999998267914721,1.3602565093547012e-05,0.9199864147557595,25,30,10
37,3930,1.7331086196846692e-20,0.07999998267914721,1.3603231092492764e-05,0.9199864140897605,25,30,10
37,3931,1.733099506721312e-20,0.07999998267914721,1.3605703250563783e-05,0.9199864116176023,25,30,10
37,3932,1.7330995066707844e-20,0.07999998267914721,1.3605702197947959e-05,0.919986411618655,25,30,10
37,3933,1.733099465855573e-20,0.07999998267914721,1.3605000966649728e-05,0.9199864123198863,25,30,10
37,3934,1.7330994665839787e-20,0.07999998267914721,1.360703478352213e-05,0.9199864102860694,25,30,10
37,3935,1.7330994257815375e-20,0.07999998267914721,2.021124356464636e-05,0.9199798060772882,25,30,10
37,3936,7.607581066141466e-23,0.07999998267914721,2.0094822765938622e-05,0.9199799224980869,25,30,10
37,3937,7.607747324269003e-23,0.07999998267914721,2.479762390654741e-05,0.9199752196969463,25,30,10
37,3938,7.60779104470722e-23,0.07999998267914721,2.47976234371053e-05,0.9199752196974157,25,30,10
37,3939,8.138876188945574e-23,0.07999998267914721,2.0121848222186983e-05,0.9199798954726306,25,30,10
37,3940,8.271606319909232e-23,0.07999998267914721,2.023709947190471e-05,0.9199797802213809,25,30,10
37,3941,3.854346283540477e-22,0.07999998267914721,2.0265123245850544e-05,0.9199797521976071,25,30,10
37,3942,3.8543459968109375e-22,0.07999998267914721,2.026309022039673e-05,0.9199797542306325,25,30,10
37,3943,3.854346282325681e-22,0.07999998267914721,2.0263090040037223e-05,0.9199797542308129,25,30,10
37,3944,3.8532346777097083e-22,0.07999998602154001,2.025974764723049e-05,0.9199797542308129,25,30,10
37,3945,3.8001265203414246e-22,0.07999998602154001,2.0232258016626136e-05,0.9199797817204436,25,30,10
37,3946,3.8001268072018014e-22,0.07999998602154001,2.023230879700092e-05,0.9199797816696631,25,30,10
37,3947,3.8532189616264555e-22,0.07999998602154001,2.0189780295208017e-05,0.9199798241981649,25,30,10
37,3948,3.85228751953148e-22,0.07999998602154001,2.0188333181374767e-05,0.9199798256452787,25,30,10
37,3949,3.852287514590829e-22,0.07999998602154001,1.3582116345961851e-05,0.9199864318621142,25,30,10
37,3950,3.852291248920486e-22,0.07999998602154001,1.358411481703688e-05,0.919986429863643,25,30,10
37,3951,3.799182749642688e-22,0.07999998602154001,1.354411975582263e-05,0.9199864698587044,25,30,10
37,3952,3.7859097365330294e-22,0.07999998602154001,1.354408401331084e-05,0.9199864698944468,25,30,10
37,3953,3.029202210315585e-22,0.07999998602153995,1.5446984634532445e-05,0.9199845669938257,25,30,10
37,3954,3.029198133858607e-22,0.07999998602153995,1.5332515055035766e-05,0.9199846814634053,25,30,10
37,3955,3.028266333275495e-22,0.07999998602153995,1.533204050562228e-05,0.9199846819379548,25,30,10
37,3956,3.0282665484663867e-22,0.07999998602153995,1.5331994772991424e-05,0.9199846819836872,25,30,10
37,3957,3.0282662628413313e-22,0.07999998602153995,1.5332004841181372e-05,0.9199846819736192,25,30,10
37,3958,3.0282662677621236e-22,0.07999998602153995,1.533345198991388e-05,0.9199846805264701,25,30,10
37,3959,1.0806213087311412e-25,0.07999998602153995,1.530543636447857e-05,0.9199847085420956,25,30,10
37,3960,1.080625104520502e-25,0.07999998602153995,1.5305471405865688e-05,0.9199847085070542,25,30,10
37,3961,1.488776155368965e-26,0.07999998602153995,1.3025849403341293e-05,0.9199869881290568,25,30,10
37,3962,1.448577475140332e-26,0.07999998602153995,1.3023886453794496e-05,0.9199869900920064,25,30,10
37,3963,1.325969001927787e-26,0.07999998602153995,1.3021840782508919e-05,0.9199869921376777,25,30,10
37,3964,7.56927905574934e-23,0.07999998602153995,1.310435110124243e-05,0.9199869096273587,25,30,10
37,3965,7.569276188016276e-23,0.07999998602153995,1.3104335980112845e-05,0.91998690964248,25,30,10
37,3966,1.725399786997261e-20,0.07999998602154003,1.5302950265957553e-05,0.9199847110281942,25,30,10
37,3967,1.725399746144753e-20,0.07999998602154003,1.530294982048731e-05,0.9199847110286395,25,30,10
37,3968,1.725399582684427e-20,0.07999998602154003,1.5384938193258678e-05,0.9199846290402669,25,30,10
37,3969,1.725399585502058e-20,0.07999998602154003,1.5385524504915394e-05,0.9199846284539552,25,30,10
37,3970,1.7253995852633462e-20,0.07999999275199848,1.5378794046450785e-05,0.9199846284539552,25,30,10
37,3971,1.7253994043959336e-20,0.07999959964693931,1.5771899105640676e-05,0.9199846284539552,25,30,10
37,3972,1.725399402295219e-20,0.07999959964693931,1.5769926086480784e-05,0.9199846304269744,25,30,10
37,3973,1.7556710726329954e-20,0.07999959964693931,1.5768594518654042e-05,0.919984631758542,25,30,10
37,3974,1.75567340158245e-20,0.07999959964693931,2.2374841267059446e-05,0.9199780255117938,25,30,10
37,3975,1.7556734015698606e-20,0.07999959964693931,2.2292318320634276e-05,0.9199781080347401,25,30,10
37,3976,1.7556734008531466e-20,0.07999959964693931,2.229029698701852e-05,0.9199781100560736,25,30,10
37,3977,1.755673397999528e-20,0.07999959964693931,2.2291732012630453e-05,0.9199781086210481,25,30,10
37,3978,1.7556732352115565e-20,0.07999959964693931,2.066883184388776e-05,0.9199797315212169,25,30,10
37,3979,3.0274771315771285e-22,0.07999959964693923,1.8389715278726724e-05,0.9199820106377823,25,30,10
37,3980,3.02747712160356e-22,0.07999959964693923,1.8388267504783326e-05,0.919982012085556,25,30,10
37,3981,3.0274771278038395e-22,0.07999959964693923,1.8388276260618417e-05,0.9199820120768004,25,30,10
37,3982,3.027493187151591e-22,0.07999959964693923,1.8388289353534345e-05,0.9199820120637073,25,30,10
37,3983,3.027472544552278e-22,0.07999959964693923,1.835981719432594e-05,0.9199820405358666,25,30,10
37,3984,3.02748881386078e-22,0.07999959964693923,1.8361849776219683e-05,0.9199820385032847,25,30,10
37,3985,3.7818351097915087e-22,0.07999959964694352,0.00014788532656547935,0.9198525150264913,25,30,10
37,3986,3.7818347565025035e-22,0.07999959964694352,0.00014128053189648392,0.9198591198211603,25,30,10
37,3987,3.7820679743486297e-22,0.07999959964694352,0.00014128120726407495,0.9198591191457927,25,30,10
37,3988,3.7820512781218167e-22,0.07999959964694352,0.00013657791905522754,0.9198638224340014,25,30,10
37,3989,3.7822842058607317e-22,0.07999959964694352,0.00013820082032376494,0.919862199532733,25,30,10
37,3990,3.7822842763847353e-22,0.07999959964694352,0.00013820078486439748,0.9198621995681923,25,30,10
37,3991,1.763313817081485e-20,0.07999959964694352,0.00013828260979570063,0.919862117743261,25,30,10
37,3992,1.7633139805544045e-20,0.07999959964694352,0.00013828406943727501,0.9198621162836195,25,30,10
37,3993,1.7633139805040932e-20,0.07999959964694352,0.00013828403438820972,0.9198621163186685,25,30,10
37,3994,1.763313980503432e-20,0.07999959964694352,0.00013828402624239413,0.9198621163268141,25,30,10
37,3995,1.7633147564687265e-20,0.07999905389210107,0.00013882978108483053,0.9198621163268141,25,30,10
37,3996,1.7633145930712806e-20,0.07999905389210107,0.00013882919520677846,0.9198621169126924,25,30,10
37,3997,1.7633146338862762e-20,0.07999905389210107,0.00013882920707135467,0.9198621169008276,25,30,10
37,3998,1.7638457006606674e-20,0.07999905389210107,0.000140452600749027,0.91986049350715,25,30,10
37,3999,1.7638457006470096e-20,0.07999905389210107,0.00014045056772011004,0.919860495540179,25,30,10
37,4000,1.76384553645732e-20,0.07999905389210107,0.00014041190460265486,0.9198605342032965,25,30,10
37,4001,1.7638455364204812e-20,0.07999905389210107,0.0001404119123059403,0.9198605341955932,25,30,10
37,4002,1.7638455364187162e-20,0.07999905389210107,0.00014041046516164506,0.9198605356427373,25,30,10
37,4003,1.76384321072511e-20,0.07999905389210107,0.00013890348121258717,0.9198620426266862,25,30,10
37,4004,1.7638432107756264e-20,0.07999905389210107,0.00013890347323098202,0.9198620426346679,25,30,10
37,4005,1.763843203643809e-20,0.07999925648461222,0.00013870088071983095,0.9198620426346679,25,30,10
37,4006,1.7638433670410426e-20,0.07999925648461222,0.00013870091605799653,0.9198620425993298,25,30,10
37,4007,3.8350060559048956e-22,0.07999925648461222,0.00013861838086068345,0.919862125134527,25,30,10
37,4008,3.0808926909396173e-22,0.07999925648460794,9.094962499399456e-06,0.9199916485528928,25,30,10
37,4009,3.0808927688337636e-22,0.07999925648460794,9.094986234876275e-06,0.9199916485291569,25,30,10
37,4010,3.0277863718802013e-22,0.07999925648460794,7.4730309636399e-06,0.9199932704844284,25,30,10
37,4011,3.02770877502802e-22,0.0799998088048771,6.920710694482049e-06,0.9199932704844284,25,30,10
37,4012,3.0277251211738213e-22,0.0799998088048771,6.920747774974075e-06,0.919993270447348,25,30,10
37,4013,3.0275085363294235e-22,0.0799998088048771,6.920712688396611e-06,0.9199932704824346,25,30,10
37,4014,3.0275085400814585e-22,0.0799998088048771,6.920685836170734e-06,0.9199932705092868,25,30,10
37,4015,3.027492198966367e-22,0.0799998088048771,6.920684242335102e-06,0.9199932705108804,25,30,10
37,4016,3.08060074302586e-22,0.0799998088048771,6.922120214140897e-06,0.9199932690749089,25,30,10
37,4017,3.080600741770014e-22,0.0799998088048771,6.922119588539146e-06,0.9199932690755344,25,30,10
37,4018,3.080600808498643e-22,0.0799998088048771,6.9220845401626545e-06,0.9199932691105827,25,30,10
37,4019,3.0806010951848453e-22,0.0799998088048771,6.9221199230937874e-06,0.9199932690751998,25,30,10
37,4020,3.081532537351717e-22,0.0799998088048771,6.9241181882756845e-06,0.9199932670769345,25,30,10
37,4021,3.0815529699290923e-22,0.0799998088048771,7.006616543411114e-06,0.9199931845785795,25,30,10
37,4022,3.081553106925094e-22,0.0799998088048771,0.0003801116841509749,0.919620079510972,25,30,10
37,4023,3.08155244697766e-22,0.079999999535635,0.00037992095339309034,0.919620079510972,25,30,10
37,4024,3.0284441832929547e-22,0.079999999535635,0.000380035422745736,0.9196199650416194,25,30,10
37,4025,3.02844439837543e-22,0.079999999535635,0.0003800354225654152,0.9196199650417995,25,30,10
37,4026,3.028448556681743e-22,0.079999999535635,0.00038007541786872054,0.9196199250464963,25,30,10
37,4027,3.0284484800674034e-22,0.079999999535635,0.0003800753578623989,0.9196199251065026,25,30,10
37,4028,3.0293842992095715e-22,0.079999999535635,0.0003801308551563704,0.9196198696092087,25,30,10
37,4029,3.0293679531739087e-22,0.079999999535635,0.0003801308428572,0.9196198696215079,25,30,10
37,4030,3.0284321340538333e-22,0.079999999535635,0.00038007535680981564,0.9196199251075554,25,30,10
37,4031,3.0815406899651584e-22,0.079999999535635,0.000380075405855878,0.9196199250585092,25,30,10
37,4032,3.0815406182069605e-22,0.079999999535635,0.00038007540541449,0.9196199250589505,25,30,10
37,4033,3.08156007769759e-22,0.0799994469999242,0.0003806279411252951,0.9196199250589505,25,30,10
37,4034,3.081559795976668e-22,0.0799994469999242,0.0003807424111283037,0.9196198105889475,25,30,10
37,4035,3.081560010972886e-22,0.0799994469999242,0.0003807045652936433,0.9196198484347822,25,30,10
37,4036,3.0815477463724366e-22,0.0799994469999242,0.00038070659014845265,0.9196198464099274,25,30,10
37,4037,3.081547469661048e-22,0.0799994469999242,0.00038059117188534624,0.9196199618281905,25,30,10
37,4038,3.0815477564549055e-22,0.0799994469999242,0.0003805911972873156,0.9196199618027886,25,30,10
37,4039,3.1348989485001813e-22,0.0799994469999242,0.00038529447362112214,0.9196152585264548,25,30,10
37,4040,3.1348992264694146e-22,0.0799994469999242,0.0003852940102087687,0.9196152589898671,25,30,10
37,4041,3.081547669669956e-22,0.0799994469999242,0.0003805907098708725,0.919619962290205,25,30,10
37,4042,3.147933246679147e-22,0.0799994469999242,0.0003806568853459992,0.9196198961147298,25,30,10
37,4043,3.1479332404344023e-22,0.0799994469999242,0.00038065543819677523,0.919619897561879,25,30,10
37,4044,3.1479333837346986e-22,0.0799994469999242,0.0003806554281454205,0.9196198975719304,25,30,10
37,4045,3.14793316865479e-22,0.0799994469999242,0.0003805395815482706,0.9196200134185275,25,30,10
37,4046,3.2010414296590456e-22,0.0799994469999242,0.0003805430372353646,0.9196200099628404,25,30,10
37,4047,3.264322742304579e-22,0.07999943730609127,0.00038055273106828846,0.9196200099628404,25,30,10
37,4048,3.264567633153943e-22,0.07999943730609135,0.00038283173164721534,0.9196177309622615,25,30,10
37,4049,3.264563833419402e-22,0.07999943730609135,0.00038283314172625905,0.9196177295521827,25,30,10
37,4050,3.1984111873363005e-22,0.07999943730609135,0.00038276556688880985,0.91961779712702,25,30,10
37,4051,3.1981782551082967e-22,0.07999943730609135,0.00038276555414418765,0.9196177971397645,25,30,10
37,4052,3.1981785417944996e-22,0.07999943730609135,0.0003827641322079533,0.9196177985617007,25,30,10
37,4053,3.1981949607972134e-22,0.07999943730609135,0.0003828800493809816,0.9196176826445276,25,30,10
37,4054,3.2515363686992064e-22,0.07999943730609144,0.00038293758239928415,0.9196176251115094,25,30,10
37,4055,3.251532353840214e-22,0.07999943730609144,0.0003829355842431438,0.9196176271096655,25,30,10
37,4056,3.2515159411043324e-22,0.07999943730609144,0.00038282016597547747,0.9196177425279334,25,30,10
37,4057,3.2515159410841745e-22,0.07999943730609144,0.00038282016596482367,0.9196177425279438,25,30,10
37,4058,3.2515198124197853e-22,0.07999943730609144,0.00038285874899827884,0.9196177039449105,25,30,10
37,4059,3.2515037530732e-22,0.07999943730609144,0.00038285872164920976,0.9196177039722595,25,30,10
37,4060,3.251503471396803e-22,0.07999943730609144,0.00038285869622058495,0.919617703997688,25,30,10
37,4061,3.2517363986979256e-22,0.07999943730609144,0.0003828591957859598,0.9196177034981229,25,30,10
37,4062,3.251740268891665e-22,0.07999943730609144,0.0003828605279485217,0.9196177021659604,25,30,10
37,4063,3.2517401986238773e-22,0.07999943730609144,9.755497414235126e-06,0.9199908071964945,25,30,10
37,4064,3.2517401320485924e-22,0.07999943730609144,9.755462181814241e-06,0.919990807231727,25,30,10
37,4065,3.2515072046592036e-22,0.07999943730609144,9.754997702747589e-06,0.9199908076962059,25,30,10
37,4066,3.2515072095579165e-22,0.07999943730609144,9.754986026180618e-06,0.9199908077078824,25,30,10
37,4067,3.251507215824729e-22,0.07999943730609144,9.754986238844598e-06,0.9199908077076695,25,30,10
37,4068,3.198398659825138e-22,0.07999943730609144,9.756970061842248e-06,0.9199908057238467,25,30,10
37,4069,3.1983983679994493e-22,0.07999943730609144,9.756944231767356e-06,0.9199908057496766,25,30,10
37,4070,3.1983982309895782e-22,0.07999943730609144,9.75832066098647e-06,0.9199908043732473,25,30,10
37,4071,3.198398303763571e-22,0.07999943730609144,9.76038996138746e-06,0.9199908023039471,25,30,10
37,4072,3.198398302417939e-22,0.07999943730609144,9.758391988183795e-06,0.9199908043019203,25,30,10
37,4073,3.198398302417939e-22,0.07999943730609144,9.757918064721353e-06,0.9199908047758437,25,30,10
37,4074,3.198398230746452e-22,0.07999943730609144,9.757881426349946e-06,0.9199908048124822,25,30,10
37,4075,3.1983777982573115e-22,0.07999943730609144,9.675408014577773e-06,0.919990887285894,25,30,10
37,4076,3.1452695372735636e-22,0.07999943730609144,9.673374892948111e-06,0.9199908893190156,25,30,10
37,4077,3.146457673629736e-22,0.07999904085469103,1.0069826293355603e-05,0.9199908893190156,25,30,10
37,4078,3.146232956689121e-22,0.07999904085469103,3.4642578817597454e-06,0.9199974948874271,25,30,10
37,4079,3.1462328887910145e-22,0.07999904085469103,3.4622246746619495e-06,0.9199974969206342,25,30,10
37,4080,3.0928915538373387e-22,0.07999904085469095,3.5206085611485504e-06,0.9199974385367479,25,30,10
37,4081,3.1061853243341497e-22,0.07999904085469095,3.522056358572711e-06,0.9199974370889505,25,30,10
37,4082,3.1061893939428137e-22,0.07999904085469095,0.00013304551435065867,0.9198679136309587,25,30,10
37,4083,3.1061893939660415e-22,0.07999904085469095,0.00013304547991600669,0.9198679136653932,25,30,10
37,4084,3.106418129539602e-22,0.07999904085469095,0.00013965035478207433,0.9198613087905271,25,30,10
37,4085,3.106422216071747e-22,0.07999904085469095,0.00013965081926113122,0.919861308326048,25,30,10
37,4086,3.1064218577817186e-22,0.07999904085469095,0.00013953540099350125,0.9198614237443156,25,30,10
37,4087,3.106421872750271e-22,0.07999905037847141,0.00013952587721304392,0.9198614237443156,25,30,10
37,4088,3.1064218727498985e-22,0.07999905037847141,0.00013940998543954762,0.9198615396360892,25,30,10
37,4089,3.1064218728381635e-22,0.07999905037847141,0.00013941045894258128,0.9198615391625862,25,30,10
37,4090,3.093128174099169e-22,0.07999905037847141,0.00013940898485650802,0.9198615406366721,25,30,10
37,4091,3.1462367224967533e-22,0.07999905037847141,0.0001394110181446103,0.919861538603384,25,30,10
37,4092,3.1453049936672665e-22,0.07999905037847141,0.00013940898467640526,0.9198615406368522,25,30,10
37,4093,3.1464644231877e-22,0.07999905037847568,0.00031891393783785397,0.9196820356836866,25,30,10
37,4094,3.1997987932170655e-22,0.07999905037847568,0.0001916700999139849,0.9198092795216104,25,30,10
37,4095,3.199806961245839e-22,0.07999905037847568,0.00019166942203032537,0.9198092801994939,25,30,10
37,4096,3.1464685179447846e-22,0.07999905037847568,0.00018938983701231917,0.919811559784512,25,30,10
37,4097,3.146468809639664e-22,0.07999905037847568,0.00018938988674033916,0.9198115597347839,25,30,10
37,4098,3.1464686662068863e-22,0.07999905037847568,0.00019599468148180502,0.9198049549400426,25,30,10
37,4099,3.1452819025348193e-22,0.07998858103859446,0.00020646402136301315,0.9198049549400426,25,30,10
37,4100,3.1450494389850367e-22,0.07998858103859446,0.00019985781434225566,0.9198115611470634,25,30,10
37,4101,3.145049437640925e-22,0.07998858103859446,0.00019985781432890689,0.9198115611470767,25,30,10
37,4102,3.1450497181481674e-22,0.07998858103859446,0.000199857814741431,0.9198115611466642,25,30,10
37,4103,3.1450701557206685e-22,0.07998858103859446,0.00019985784013950872,0.9198115611212662,25,30,10
37,4104,3.1450745226355664e-22,0.07998858103859446,0.000199972310600398,0.9198114466508052,25,30,10
37,4105,3.1450745943286904e-22,0.07998858103859446,0.00019997375837748553,0.919811445203028,25,30,10
37,4106,3.1453078114320466e-22,0.07998858103859453,0.00020005648418803854,0.9198113624772175,25,30,10
37,4107,3.1453078064891883e-22,0.07998858103859453,0.0002000564491358765,0.9198113625122697,25,30,10
37,4108,3.092199264358416e-22,0.07998858103859453,0.00020005442753196403,0.9198113645338737,25,30,10
37,4109,3.092428105067123e-22,0.07998858103859453,0.00020005394045652513,0.9198113650209492,25,30,10
37,4110,6.524071033074622e-24,0.07998858103859453,0.000200052739863121,0.9198113662215426,25,30,10
37,4111,6.5489660728703056e-24,0.0799885810385946,0.00020665966426057958,0.919804759297145,25,30,10
37,4112,6.5489947589113186e-24,0.0799885810385946,0.0002066596890455295,0.9198047592723602,25,30,10
37,4113,8.222887097039982e-23,0.0799885810385946,0.00020677560651798097,0.9198046433548877,25,30,10
37,4114,8.222887109617791e-23,0.0799885810385946,0.00020677763909819836,0.9198046413223075,25,30,10
37,4115,8.222886393553454e-23,0.0799885810385946,0.00020677619193587186,0.9198046427694697,25,30,10
37,4116,8.222682067241817e-23,0.0799885810385946,0.00020677616653779418,0.9198046427948678,25,30,10
37,4117,8.224969807528709e-23,0.0799885810385946,0.0002067361623669701,0.9198046827990386,25,30,10
37,4118,5.587994375097366e-17,0.07998858103859888,0.00033625966531064343,0.9196751592960907,25,30,10
37,4119,5.587994375097366e-17,0.07998858103859888,0.0003362596732016206,0.9196751592881997,25,30,10
37,4120,5.587994375094448e-17,0.07998858103859888,0.00033625964780212547,0.9196751593135991,25,30,10
37,4121,5.587994375297953e-17,0.07998858103859888,0.0004254883600727651,0.9195859306013285,25,30,10
37,4122,5.58799437529657e-17,0.07998858103859888,0.0004188821178117054,0.9195925368435895,25,30,10
37,4123,5.587994375297325e-17,0.07998858103859888,0.0004188801202839324,0.9195925388411174,25,30,10
37,4124,5.587994375253591e-17,0.07998858103859888,0.00041876420205673383,0.9195926547593445,25,30,10
37,4125,5.587994375253591e-17,0.07998858103859888,0.00041876420223700044,0.9195926547591641,25,30,10
37,4126,5.58802503998228e-17,0.07998858103859888,0.0005982695525309626,0.9194131494088702,25,30,10
37,4127,5.588025039982217e-17,0.07998858103859888,0.0005982695527500981,0.9194131494086509,25,30,10
37,4128,5.588025039818767e-17,0.07998858103859888,0.0005982695025901523,0.9194131494588109,25,30,10
37,4129,5.58802503998219e-17,0.07998858103859888,0.0005982695382572849,0.9194131494231437,25,30,10
37,4130,5.588025037650056e-17,0.07998858103859881,0.0005981863389330446,0.9194132326224681,25,30,10
37,4131,5.588025037823063e-17,0.07998858103859881,0.006847768911286036,0.913163650050115,25,30,10
37,4132,5.588025040195933e-17,0.07998858103859881,0.006850048478895694,0.9131613704825053,25,30,10
37,4133,5.588025040277664e-17,0.07998858103859881,0.006850126426620653,0.9131612925347805,25,30,10
37,4134,5.58802504027443e-17,0.07999905372167605,0.0068396537435434215,0.9131612925347805,25,30,10
37,4135,5.588024451688784e-17,0.07999959726432945,0.006839110200890005,0.9131612925347805,25,30,10
37,4136,5.58802445152536e-17,0.07999959726432945,0.00683911015708205,0.9131612925785885,25,30,10
37,4137,5.588024451526027e-17,0.07999959726432945,0.006839110217088239,0.9131612925185822,25,30,10
37,4138,5.588024451353095e-17,0.07999959726432945,0.0005895276687259941,0.9194108750669444,25,30,10
37,4139,5.596161287066281e-17,0.079562941066875,0.0010261838661804535,0.9194108750669444,25,30,10
37,4140,5.596161287061991e-17,0.079562941066875,0.0010262663536290515,0.919410792579496,25,30,10
37,4141,5.596153719278623e-17,0.079562941066875,0.001026150923383047,0.9194109080097421,25,30,10
37,4142,5.596153716789898e-17,0.07956294106687493,0.001019544008804268,0.919417514924321,25,30,10
37,4143,5.596161284454476e-17,0.07956294106687493,0.0010211668885231541,0.9194158920446022,25,30,10
37,4144,5.596161284454413e-17,0.07956294106687493,0.0010211668899241973,0.9194158920432011,25,30,10
37,4145,5.596130619769458e-17,0.07956294106687493,0.0008416616000779985,0.9195953973330472,25,30,10
37,4146,5.59613061976942e-17,0.07956294106687493,0.0008416616248472776,0.919595397308278,25,30,10
37,4147,5.596130619929233e-17,0.07956294106687493,0.0008417775072465566,0.9195952814258788,25,30,10
37,4148,8.144469844738317e-20,0.07956294106687065,0.0007138769050908655,0.9197231820280387,25,30,10
37,4149,8.174741698687035e-20,0.07956294106687065,0.0007139044650035986,0.9197231544681259,25,30,10
37,4150,8.174741654954881e-20,0.07956294106687065,0.0007139044043755677,0.919723154528754,25,30,10
37,4151,8.174739491974159e-20,0.07956294106687065,0.0007139043992432803,0.9197231545338864,25,30,10
37,4152,9.116138044380868e-19,0.07956294106687072,0.0069634870976659205,0.9134735718354636,25,30,10
37,4153,9.116136884951238e-19,0.07956294106686644,0.006783981645440176,0.9136530772876938,25,30,10
37,4154,9.116136884736069e-19,0.07956294106686644,0.0067839816460546895,0.913653077287079,25,30,10
37,4155,9.116136868395004e-19,0.07956294106686644,0.0067838657288800406,0.9136531932042539,25,30,10
37,4156,9.116136872404861e-19,0.07956294106686644,0.006783981610709049,0.9136530773224247,25,30,10
37,4157,9.116136643845894e-19,0.07956294106686644,0.006783983081084205,0.9136530758520495,25,30,10
37,4158,9.116136643775458e-19,0.07956294106686644,0.006783983029396114,0.9136530759037376,25,30,10
37,4159,9.116136623344063e-19,0.07956294106686644,0.006783982564917068,0.9136530763682167,25,30,10
37,4160,9.116136623342807e-19,0.07956294106686644,0.006783982540132552,0.9136530763930013,25,30,10
37,4161,9.116149900736286e-19,0.07956294106686652,0.00678406194524932,0.9136529969878844,25,30,10
37,4162,8.174858055602924e-20,0.07956294106686645,0.0005367588148264551,0.9199003001183073,25,30,10
37,4163,8.174867372830467e-20,0.07956294106686645,0.000534480705040077,0.9199025782280937,25,30,10
37,4164,8.14472814980176e-20,0.07956294106686645,0.000626748814121241,0.9198103101190125,25,30,10
37,4165,8.14472814980176e-20,0.07956294106686645,0.0006266662910014428,0.9198103926421323,25,30,10
37,4166,8.144727782848775e-20,0.07956294106686645,0.00053743756801024,0.9198996213651235,25,30,10
37,4167,8.144725409953649e-20,0.07956294106686645,0.0005352738921849412,0.9199017850409487,25,30,10
37,4168,8.144725410004158e-20,0.07956294106686645,0.0005352759252177505,0.919901783007916,25,30,10
37,4169,7.846053800791322e-23,0.07999905389103924,9.916310104495682e-05,0.919901783007916,25,30,10
37,4170,7.84605385111785e-23,0.07999905389103924,9.90471840282815e-05,0.9199018989249328,25,30,10
37,4171,7.84605664337665e-23,0.07999905389103924,9.904720865346056e-05,0.9199018989003074,25,30,10
37,4172,7.846056643581764e-23,0.07999905389103924,9.904723495545886e-05,0.9199018988740053,25,30,10
37,4173,7.839068713322919e-23,0.07999905389103924,9.904645346781323e-05,0.9199018996554932,25,30,10
37,4174,7.839837556296848e-23,0.07999943074096788,9.866960353913623e-05,0.9199018996554932,25,30,10
37,4175,7.839840410577189e-23,0.07999943074096788,9.866962892768008e-05,0.9199018996301046,25,30,10
37,4176,7.972611775448903e-23,0.07999943074096788,9.86703203164261e-05,0.9199018989387159,25,30,10
37,4177,7.97256809295063e-23,0.07999943074096788,9.866883792584085e-05,0.9199019004211064,25,30,10
37,4178,7.83979412042979e-23,0.0799994307409678,9.858946742350257e-05,0.9199019797916088,25,30,10
37,4179,7.707163150125997e-23,0.0799994307409678,6.293833471394538e-06,0.9199942754255608,25,30,10
37,4180,7.704833969828797e-23,0.07999943074096773,4.012734204386879e-06,0.919996556524828,25,30,10
37,4181,7.70483750421258e-23,0.07999943074096773,4.012769866448475e-06,0.9199965564891659,25,30,10
37,4182,7.57206899361556e-23,0.07999943074096773,4.094566377056703e-06,0.9199964746926554,25,30,10
37,4183,7.574398316888938e-23,0.07999943074096773,4.095960480108463e-06,0.9199964732985522,25,30,10
37,4184,7.573619111194124e-23,0.07999998322921463,3.54347223319933e-06,0.9199964732985522,25,30,10
37,4185,7.573621966120977e-23,0.07999998322921463,3.5434724956522284e-06,0.9199964732982899,25,30,10
37,4186,7.573622003854342e-23,0.07999998322921463,3.543437700957137e-06,0.9199964733330845,25,30,10
37,4187,5.95814380121118e-26,0.07999998322921463,6.623822984118319e-06,0.9199933929478012,25,30,10
37,4188,3.628833942944533e-26,0.07999998322921463,6.6251549553270215e-06,0.9199933916158299,25,30,10
37,4189,3.629512921877266e-26,0.07999998322921463,6.739039722403198e-06,0.919993277731063,25,30,10
37,4190,3.6316640150254185e-26,0.07999998322921463,2.0642121288465455e-06,0.9199979525586567,25,30,10
37,4191,3.630934744141574e-26,0.07999998322921463,1.9483293809911597e-06,0.9199980684414045,25,30,10
37,4192,6.682511080283203e-18,0.07999998322921463,0.035233811685966177,0.884766205084819,25,30,10
37,4193,6.682511080720395e-18,0.07999998322921463,0.03523392757690688,0.8847660891938783,25,30,10
37,4194,6.682511080741903e-18,0.07999998322921463,0.035233928998674086,0.8847660877721111,25,30,10
37,4195,6.682511081151051e-18,0.07999998322921463,0.0352339290193051,0.8847660877514801,25,30,10
37,4196,6.682511081122384e-18,0.07999998322921463,0.03523381312880573,0.8847662036419794,25,30,10
37,4197,6.682511517552259e-18,0.07999986390553517,0.03523393245248524,0.8847662036419794,25,30,10
37,4198,6.682511517552252e-18,0.07999986390553517,0.03523404833417048,0.8847660877602942,25,30,10
37,4199,6.6825115175240784e-18,0.07999986390553517,0.03523404828426247,0.8847660878102022,25,30,10
37,4200,6.682511610696974e-18,0.07999986390553517,0.035234048284861506,0.8847660878096033,25,30,10
37,4201,6.68251161267709e-18,0.07999985103651966,0.03523406115387701,0.8847660878096033,25,30,10
37,4202,6.682511614339926e-18,0.07999985103651966,0.03523568405422872,0.8847644649092515,25,30,10
37,4203,6.682511614748568e-18,0.07999985103651966,0.03523568608743467,0.8847644628760455,25,30,10
37,4204,6.682511614719892e-18,0.07999985103651966,0.035235603563873334,0.8847645453996068,25,30,10
37,4205,6.682511616318656e-18,0.07999985103651966,0.035235603588824875,0.8847645453746554,25,30,10
37,4206,6.6825116396118406e-18,0.07999985103651966,0.03523568614814938,0.884764462815331,25,30,10
37,4207,6.682511639619135e-18,0.07999985103651966,0.03523568818092102,0.8847644607825592,25,30,10
37,4208,6.682511639619184e-18,0.07999985103651966,0.035235605666634424,0.8847645432968457,25,30,10
37,4209,6.682511637962936e-18,0.07999985103651966,0.03523560565744391,0.8847645433060363,25,30,10
37,4210,6.682511639188392e-18,0.07999985103651966,0.0352356056624206,0.8847645433010597,25,30,10
37,4211,6.682814357921364e-18,0.07999985103651966,0.03523560770482137,0.884764541258659,25,30,10
37,4212,6.68281445108659e-18,0.07999985103651966,0.03523560571560279,0.8847645432478776,25,30,10
37,4213,6.682814451057911e-18,0.07999985103651966,0.03523557724314977,0.8847645717203306,25,30,10
37,4214,6.682814449402236e-18,0.07999985103651966,0.03523395504402142,0.8847661939194589,25,30,10
37,4215,6.6828144726883e-18,0.07999985103651966,0.03523395508844438,0.8847661938750359,25,30,10
37,4216,6.682819760250242e-18,0.07999985103651966,0.03523395558061529,0.884766193382865,25,30,10
37,4217,6.6828197602569255e-18,0.07999985103651966,0.035233955588531804,0.8847661933749486,25,30,10
37,4218,6.682819783550168e-18,0.07999985103651966,0.03523233274300577,0.8847678162204745,25,30,10
37,4219,6.682819783550168e-18,0.07999985103651966,0.03523233270796441,0.8847678162555159,25,30,10
37,4220,6.682819690384943e-18,0.07999985103651966,0.03523237266680097,0.8847677762966794,25,30,10
37,4221,6.68251697165234e-18,0.07999985103651966,0.03523237066006341,0.8847677783034169,25,30,10
37,4222,6.68251697165234e-18,0.07999985103651966,0.035232332699046486,0.8847678162644338,25,30,10
37,4223,7.853239012242656e-18,0.07994592306335166,0.0352862603556877,0.8847678165809606,25,30,10
37,4224,7.853239033825855e-18,0.07994592306335166,0.03541578375325609,0.8846382931833923,25,30,10
37,4225,7.853233722977974e-18,0.07994592306335166,0.03541578325232166,0.8846382936843266,25,30,10
37,4226,7.853233699760183e-18,0.07994592306335166,0.035286259794566496,0.8847678171420817,25,30,10
37,4227,7.853233792527825e-18,0.07994592306335166,0.035287880661780784,0.8847661962748675,25,30,10
37,4228,7.853233792520782e-18,0.07994592306335166,0.035287878672125454,0.8847661982645227,25,30,10
37,4229,7.85323379252078e-18,0.07994592306335166,0.035287762790624566,0.8847663141460238,25,30,10
37,4230,7.853233792513736e-18,0.07994592306335166,0.035287762124341766,0.8847663148123065,25,30,10
37,4231,7.853233792514225e-18,0.07994592306335166,0.035287762159139154,0.8847663147775091,25,30,10
37,4232,7.85323388567613e-18,0.07994592306335166,0.03529246542352028,0.884761611513128,25,30,10
37,4233,7.853233909026032e-18,0.07994592306335166,0.035292547911495366,0.8847615290251529,25,30,10
37,4234,7.853233908180175e-18,0.07994592306335166,0.03529246999067717,0.8847616069459713,25,30,10
37,4235,9.52636914331649e-18,0.07994592306335167,0.03529106401175055,0.8847630129248978,25,30,10
37,4236,9.526369143315986e-18,0.07994592306335167,0.03529106397564597,0.8847630129610023,25,30,10
37,4237,9.526369143724146e-18,0.07994592306335167,0.03529106396619899,0.8847630129704492,25,30,10
37,4238,9.5263692373019e-18,0.07994592306335167,0.03529268688160761,0.8847613900550406,25,30,10
37,4239,9.526369237294727e-18,0.07994592306335167,0.03529268690829802,0.8847613900283503,25,30,10
37,4240,9.526369236890372e-18,0.07994592306335167,0.03529106451780201,0.8847630124188463,25,30,10
37,4241,9.526374454171273e-18,0.07994592306335167,0.03528638969065289,0.8847676872459954,25,30,10
37,4242,9.52637443084942e-18,0.07994592306335167,0.035286307868960747,0.8847677690676875,25,30,10
37,4243,9.526374430849299e-18,0.07994592306335167,0.035286307844183795,0.8847677690924642,25,30,10
37,4244,9.526374432892558e-18,0.07994592306335167,0.03528634928834821,0.8847677276482999,25,30,10
37,4245,8.355652390456448e-18,0.07999986395159342,0.035232408716633225,0.8847677273317731,25,30,10
37,4246,8.355652392098103e-18,0.07999986395159342,0.0352324486764968,0.8847676873719095,25,30,10
37,4247,8.355648409178434e-18,0.07999986395159342,0.035239026445661674,0.8847611096027447,25,30,10
37,4248,8.355648316005157e-18,0.07999986395159342,0.035239025956416044,0.8847611100919903,25,30,10
37,4249,8.355646991342719e-18,0.07999986395159342,0.035232448187243394,0.884767687861163,25,30,10
37,4250,8.355646969685951e-18,0.07999986395159342,0.03536197158916555,0.8846381644592409,25,30,10
37,4251,8.355646969685948e-18,0.07999986395159342,0.03536197088812995,0.8846381651602766,25,30,10
37,4252,8.355646969685822e-18,0.07999986395159342,0.03536196885510461,0.8846381671933018,25,30,10
37,4253,8.355646969685195e-18,0.07999986395159342,0.03536196881111965,0.8846381672372868,25,30,10
37,4254,8.355646876540858e-18,0.07999986395159342,0.03536197021490588,0.8846381658335005,25,30,10
37,4255,8.355646874497603e-18,0.07999986395159342,0.035361928805782795,0.8846382072426238,25,30,10
37,4256,8.35564687450478e-18,0.07999986395159342,0.03536192883074062,0.884638207217666,25,30,10
37,4257,8.355646872863629e-18,0.07999986395159342,0.035361888871311614,0.8846382471770948,25,30,10
37,4258,8.355646539599602e-18,0.07997758577661,0.03538416704629503,0.8846382471770948,25,30,10
37,4259,8.355646540854227e-18,0.07997758577661,0.035384168019110616,0.8846382462042793,25,30,10
37,4260,8.355646429863876e-18,0.07999999986496621,0.035361753930754414,0.8846382462042793,25,30,10
37,4261,8.355646407000794e-18,0.07999999986496621,0.03536186847055642,0.8846381316644774,25,30,10
37,4262,8.355646407402285e-18,0.07999999986496621,0.035361869136583055,0.8846381309984507,25,30,10
37,4263,8.355646407430966e-18,0.07999999986496621,0.03536186961114212,0.8846381305238915,25,30,10
37,4264,2.0892538892563593e-21,0.0799999998649662,0.03528834118436406,0.8847116589506695,25,30,10
37,4265,2.0891607134652946e-21,0.0799999998649662,0.03528671828354169,0.8847132818514919,25,30,10
37,4266,2.0954988984832487e-21,0.07998913373846771,0.03529758441004016,0.8847132818514919,25,30,10
37,4267,2.095500532594575e-21,0.07998913373846771,0.03529758511163934,0.8847132811498927,25,30,10
37,4268,2.095523854448537e-21,0.07998913373846771,0.03529766763436049,0.8847131986271717,25,30,10
37,4269,5.785045588531343e-10,0.0799891337384719,0.001038006186500895,0.9189728594965225,25,30,10
37,4270,5.785045588531344e-10,0.0799891337384719,0.0010380461810094719,0.918972819502014,25,30,10
37,4271,6.489824172027184e-24,0.07998913373846771,0.00014066276048888544,0.9198702035010433,25,30,10
37,4272,7.794187393396432e-24,0.07998913373846771,0.0001405822793205194,0.9198702839822118,25,30,10
37,4273,3.105126936440754e-22,0.07998913373846771,0.00014061000831216158,0.9198702562532202,25,30,10
37,4274,3.105131088464043e-22,0.07998913373846771,0.00014061200585350014,0.9198702542556788,25,30,10
37,4275,3.1051267151956006e-22,0.07998913373846771,0.00014049606319260717,0.9198703701983396,25,30,10
37,4276,7.794574427105249e-24,0.07998913373846771,0.00014046741329650032,0.9198703988482358,25,30,10
37,4277,7.770843496966855e-24,0.07998913373846771,0.00014046739284622305,0.9198703988686858,25,30,10
37,4278,7.770843371230178e-24,0.07998913373846771,0.0001404673571792451,0.9198703989043528,25,30,10
37,4279,3.308648432267036e-23,0.07998139733513975,0.0001482037605071995,0.9198703989043528,25,30,10
37,4280,3.30861043382054e-23,0.07998139733513975,0.00014820426002338412,0.9198703984048368,25,30,10
37,4281,3.3087738559509313e-23,0.07998139733513975,0.00014832015179585485,0.9198702825130641,25,30,10
37,4282,3.3089373663847104e-23,0.07998139733513975,0.0001483201419674682,0.9198702825228926,25,30,10
37,4283,3.308814585162518e-23,0.07998139733513975,1.879871739078751e-05,0.9199998039474696,25,30,10
37,4284,3.299457206571814e-23,0.07998139733513975,1.8874615067221648e-05,0.9199997280497931,25,30,10
37,4285,3.308608884262507e-23,0.07998139733513975,1.8874343082237163e-05,0.919999728321778,25,30,10
37,4286,3.3086088833800304e-23,0.07998139733513975,1.8872895930917947e-05,0.9199997297689293,25,30,10
37,4287,3.308610317895552e-23,0.07998139733513975,1.8911558619289625e-05,0.9199996911062408,25,30,10
37,4288,3.308570169511083e-23,0.07998139733513975,1.8909525604593152e-05,0.9199996931392556,25,30,10
37,4289,3.3084060547300715e-23,0.07998139733513975,1.8793620562137668e-05,0.919999809044298,25,30,10
37,4290,3.4408504984253884e-23,0.07998139733513975,1.876615698730876e-05,0.919999836507873,25,30,10
37,4291,3.440809632255996e-23,0.07998139733513975,1.8767488308229564e-05,0.9199998351765521,25,30,10
37,4292,3.971894072469204e-23,0.07998139733513975,1.8850047211598716e-05,0.9199997526176489,25,30,10
37,4293,3.4431234943373314e-23,0.07998139733513981,0.00028510192140620064,0.9197335007434541,25,30,10
37,4294,3.310352837101148e-23,0.07998139733513981,0.0002851398738803793,0.91973346279098,25,30,10
37,4295,3.3103471517255983e-23,0.07998139733513981,0.0002851393747941933,0.919733463290066,25,30,10
37,4296,3.3126764622356794e-23,0.07998139733513981,0.00028513987411784284,0.9197334627907423,25,30,10
37,4297,1.0830254144673928e-22,0.07998139733513981,0.0005513583835365913,0.9194672442813236,25,30,10
37,4298,1.0830254157236586e-22,0.07998139733513981,0.0005513583954009708,0.9194672442694594,25,30,10
37,4299,1.083041833603312e-22,0.07998139733513981,0.0005514138937446049,0.9194671887711156,25,30,10
37,4300,1.0830415469414906e-22,0.07998139733513981,0.0005514138926956517,0.9194671887721646,25,30,10
37,4301,1.0197379482246606e-22,0.07999225996221934,0.0005405512656161454,0.9194671887721646,25,30,10
37,4302,1.0197376627981538e-22,0.07999225996221934,0.0005405512741037244,0.9194671887636772,25,30,10
37,4303,1.0064768710705523e-22,0.07999225996221934,0.00054055171194632,0.9194671883258344,25,30,10
37,4304,1.0064768636988547e-22,0.07999225996221934,0.0005405517245943611,0.9194671883131865,25,30,10
37,4305,1.0064768625494703e-22,0.07999225996221934,0.0005405496920141909,0.9194671903457667,25,30,10
37,4306,1.0064768674931102e-22,0.07999225996221934,0.000540549681743566,0.9194671903560372,25,30,10
37,4307,1.0108410458408194e-22,0.07999131735968824,0.0005414922842746841,0.9194671903560372,25,30,10
37,4308,1.063943353471015e-22,0.07999131735968824,0.0005461955856466664,0.9194624870546652,25,30,10
37,4309,1.0639433535592463e-22,0.07999131735968824,0.0005461970206798465,0.9194624856196321,25,30,10
37,4310,1.0639436415887176e-22,0.07999131735968824,0.0005463129378476448,0.9194623697024643,25,30,10
37,4311,1.063943922008077e-22,0.07999131735968824,0.0005463121917435245,0.9194623704485683,25,30,10
37,4312,1.064160508102042e-22,0.07999131735968824,0.000546313649355804,0.9194623689909561,25,30,10
37,4313,1.0632287125556865e-22,0.07999131735968824,0.0005463129481289168,0.9194623696921831,25,30,10
37,4314,1.0632123059944804e-22,0.07999131735968824,0.0005462574586947289,0.9194624251816169,25,30,10
37,4315,1.11632078601661e-22,0.07999131735968824,0.0005462579582119539,0.9194624246820997,25,30,10
37,4316,3.647958726442354e-23,0.07999131735968824,0.00028003944835963115,0.9197286431919521,25,30,10
37,4317,3.64812218764852e-23,0.07999131735968824,0.0002800414813875897,0.9197286411589242,25,30,10
37,4318,3.648121482204082e-23,0.07999131735968824,0.00028000152196737594,0.9197286811183445,25,30,10
37,4319,3.1171994271559854e-23,0.07999131735968824,0.00028000107216732153,0.9197286815681445,25,30,10
37,4320,3.119485016347114e-23,0.07999131735968824,0.0002800010571176669,0.919728681583194,25,30,10
37,4321,3.119485014818161e-23,0.07999131735968824,0.0002800010321668897,0.9197286816081448,25,30,10
37,4322,3.648240120718255e-23,0.07999131735968824,0.0002800830208995748,0.9197285996194121,25,30,10
37,4323,3.6480802443737575e-23,0.07999131735968824,0.00028008301454543244,0.9197285996257663,25,30,10
37,4324,1.1597378356424341e-23,0.07876032154620857,0.0015110788280251126,0.9197285996257663,25,30,10
37,4325,1.1597787512037457e-23,0.07876032154620857,0.0015111187874530616,0.9197285596663383,25,30,10
37,4326,1.1596561550837146e-23,0.07876032154620857,0.0015111167631917247,0.9197285616905998,25,30,10
37,4327,3.717817709989284e-22,0.07997663973526441,0.00029479857413587863,0.9197285616905998,25,30,10
37,4328,3.7178176999282036e-22,0.07997663973526441,0.00029479860089341064,0.9197285616638422,25,30,10
37,4329,3.664709258263579e-22,0.07997663973526441,0.00029471607758760603,0.9197286441871481,25,30,10
37,4330,3.6603057886253797e-22,0.07997739510249818,0.00029396071035381436,0.9197286441871481,25,30,10
37,4331,3.708047883687282e-22,0.07997739510249818,0.0049527838268256415,0.9150698210706761,25,30,10
37,4332,3.7134102820321367e-22,0.07997739510249818,0.000293949224071316,0.9197286556734303,25,30,10
37,4333,3.7133939359120475e-22,0.07997739510249818,0.000293947776286603,0.9197286571212152,25,30,10
37,4334,3.71316663614629e-22,0.07997739510249811,2.761340381306565e-05,0.9199949914936889,25,30,10
37,4335,4.469687441813551e-22,0.07997739510249811,2.9891514415281414e-05,0.9199927133830866,25,30,10
37,4336,4.469687153872338e-22,0.07997739510249811,2.9777044398779066e-05,0.9199928278531033,25,30,10
37,4337,4.469454216684037e-22,0.07997739510249811,2.977653301657689e-05,0.9199928283644855,25,30,10
37,4338,4.469450131519953e-22,0.07997739510249811,2.9776507627781926e-05,0.9199928283898743,25,30,10
37,4339,4.469450201933626e-22,0.07997739510249811,2.9776533016387616e-05,0.9199928283644857,25,30,10
37,4340,4.469450206876491e-22,0.07997739510249811,2.977508630289191e-05,0.919992829811199,25,30,10
37,4341,4.469449854697768e-22,0.07997739510249811,2.9777075509069385e-05,0.9199928278219929,25,30,10
37,4342,4.469449855847152e-22,0.07997739510249811,2.9779108089239498e-05,0.9199928257894127,25,30,10
37,4343,4.469433801441867e-22,0.07997739510249811,2.978050552022572e-05,0.9199928243919817,25,30,10
37,4344,1.769906195827062e-20,0.07997739510249818,3.638600807925091e-05,0.9199862188894227,25,30,10
37,4345,1.769375172800835e-20,0.07997739510249818,3.1682707287205325e-05,0.9199909221902146,25,30,10
37,4346,1.769375336978761e-20,0.07997739510249818,3.1683408947955416e-05,0.919990921488554,25,30,10
37,4347,1.7693753369789667e-20,0.07997739510249818,3.1684109553384455e-05,0.9199909207879483,25,30,10
37,4348,1.7693753369915562e-20,0.07997739510249818,3.168411770511207e-05,0.9199909207797968,25,30,10
37,4349,1.7618077995630728e-20,0.07997739510249818,2.9404524271769835e-05,0.9199932003732301,25,30,10
37,4350,1.7618074101959785e-20,0.07997757894228752,2.9220684482431704e-05,0.9199932003732301,25,30,10
37,4351,1.7618074101977283e-20,0.07997757894228752,2.92211483356855e-05,0.9199931999093768,25,30,10
37,4352,1.7618074133202464e-20,0.07997758555477331,2.9214535849905526e-05,0.9199931999093768,25,30,10
37,4353,1.76180741617585e-20,0.07997758555477331,2.921656885940009e-05,0.9199931978763674,25,30,10
37,4354,1.761807415509447e-20,0.07997758555477331,2.92165331928808e-05,0.9199931979120339,25,30,10
37,4355,1.7618167320547395e-20,0.07997758555477331,2.9293787857220692e-05,0.9199931206573696,25,30,10
37,4356,1.9061431324209806e-20,0.07997718667269353,2.9692669937003394e-05,0.9199931206573696,25,30,10
37,4357,1.906143135251209e-20,0.07997718667269353,2.9692668976726573e-05,0.9199931206583298,25,30,10
37,4358,1.9061431323715565e-20,0.07997718667269353,2.9692669929326145e-05,0.9199931206573773,25,30,10
37,4359,1.9061431761038942e-20,0.07997718667269353,2.9732665024849218e-05,0.9199930806622817,25,30,10
37,4360,1.9061524934239853e-20,0.07997718667269353,2.9815196773281522e-05,0.9199929981305333,25,30,10
37,4361,1.9061618106436786e-20,0.07997718667269353,2.989770681993546e-05,0.9199929156204866,25,30,10
37,4362,1.9061619740667247e-20,0.07997718667269353,2.989845355390194e-05,0.9199929148737526,25,30,10
37,4363,1.9061528202192133e-20,0.07997718667269353,2.9898445379362457e-05,0.9199929148819271,25,30,10
37,4364,1.9061528230359777e-20,0.07997718667269353,2.9898482478882764e-05,0.9199929148448277,25,30,10
37,4365,1.8700912616296915e-20,0.07999941013676798,7.675018404437781e-06,0.9199929148448277,25,30,10
37,4366,1.8700912616162356e-20,0.07999941013676798,7.675009637949171e-06,0.919992914853594,25,30,10
37,4367,1.8700912644562155e-20,0.07999941013676798,0.00038078006840917096,0.9196198097948229,25,30,10
37,4368,1.8700912214902532e-20,0.07999941013676798,0.0003807415206530093,0.9196198483425791,25,30,10
37,4369,1.8700912594873915e-20,0.07999941013676798,0.0003807409354099798,0.9196198489278222,25,30,10
37,4370,1.870091265234316e-20,0.07999941013676798,0.0003823638112566205,0.9196182260519756,25,30,10
37,4371,1.8700911018364077e-20,0.07999941013676798,0.00038236455678412125,0.9196182253064481,25,30,10
37,4372,1.8700909391307422e-20,0.07999941013676798,0.000382363608128114,0.9196182262551039,25,30,10
37,4373,1.8700886126834108e-20,0.07999941013676798,0.0003822491382543466,0.9196183407249778,25,30,10
37,4374,1.8700886119664915e-20,0.07999941013676798,0.0003822466309185894,0.9196183432323136,25,30,10
37,4375,1.8700886119669137e-20,0.07999941013676798,0.00038224666658854303,0.9196183431966436,25,30,10
37,4376,3.5949202322461326e-20,0.07999941013676798,0.0003853822280294124,0.9196152076352027,25,30,10
37,4377,3.5949201943114414e-20,0.07999941013676798,0.0003853827183733259,0.9196152071448589,25,30,10
37,4378,4.956784162515935e-17,0.07999941013676799,0.005044252088231901,0.9149563377750002,25,30,10
37,4379,4.956784153200847e-17,0.07999941013676799,0.0050441362064079995,0.9149564536568241,25,30,10
37,4380,4.9567841531986975e-17,0.07999941013676799,0.005044136229776005,0.9149564536334561,25,30,10
37,4381,4.9550590829665405e-17,0.0799994101367722,0.005167053449599181,0.9148335364136286,25,30,10
37,4382,4.9550590852951075e-17,0.0799994101367722,0.005167054995808793,0.914833534867419,25,30,10
37,4383,4.955059085254255e-17,0.0799994101367722,0.005167053583521306,0.9148335362797064,25,30,10
37,4384,4.955066653214758e-17,0.0799994101367722,0.005167082066689956,0.9148335077965379,25,30,10
37,4385,4.9550666533760684e-17,0.0799994101367722,0.00516708276826939,0.9148335070949584,25,30,10
37,4386,4.9550666533760185e-17,0.0799994101367722,0.00516708218241369,0.9148335076808142,25,30,10
37,4387,4.9550666534161167e-17,0.0799994101367722,0.005167080744633115,0.9148335091185946,25,30,10
37,4388,1.8774135877994507e-20,0.0799994101367722,0.0005104909427740869,0.9194900989204536,25,30,10
37,4389,1.8779446758250846e-20,0.0799994101367722,0.0005105193803960186,0.9194900704828318,25,30,10
37,4390,1.8779470079950824e-20,0.0799994101367722,0.0005106338591645932,0.9194899560040632,25,30,10
37,4391,1.8779470079807595e-20,0.0799994101367722,0.0005106333596443615,0.9194899565035836,25,30,10
37,4392,1.877947008056222e-20,0.0799994101367722,0.0005106333602752208,0.9194899565029526,25,30,10
37,4393,1.8779912353857402e-20,0.07999959108687003,0.0005104524101773783,0.9194899565029526,25,30,10
37,4394,1.8779912325054367e-20,0.07999959108687003,0.0005104523752635151,0.9194899565378664,25,30,10
37,4395,1.5262852636443359e-21,0.07999959108687003,0.0005072883062429557,0.9194931206068871,25,30,10
37,4396,1.5262852637809503e-21,0.07999959108687003,0.0005072883419156044,0.9194931205712145,25,30,10
37,4397,1.5262852924561515e-21,0.07999959108687003,0.0005072884017416034,0.9194931205113884,25,30,10
37,4398,1.5262852924648645e-21,0.07999959108687003,0.0005072884363560236,0.919493120476774,25,30,10
37,4399,1.524869415388807e-21,0.07999959108686575,0.00037776633507394957,0.9196226425780603,25,30,10
37,4400,1.5248706414737948e-21,0.07999959108686575,0.000377766860267442,0.9196226420528668,25,30,10
37,4401,1.530179851159756e-21,0.07999959108686575,0.00037779319261097043,0.9196226157205233,25,30,10
37,4402,1.5302497022295383e-21,0.07999959108686575,0.0003776787142808325,0.9196227301988534,25,30,10
37,4403,1.5315790571236079e-21,0.07999959108686575,0.00037767931743499107,0.9196227295956991,25,30,10
37,4404,1.526268212825628e-21,0.07999959108686575,0.00037765087169694406,0.9196227580414371,25,30,10
37,4405,1.450612204248391e-21,0.07999959108686575,0.0005071459807626761,0.9194932629323715,25,30,10
37,4406,1.450612183386297e-21,0.07999959108686575,0.00013404094872544883,0.9198663679644086,25,30,10
37,4407,1.4506121827574452e-21,0.07999959108686575,0.0001340429817271777,0.9198663659314069,25,30,10
37,4408,1.4505190101833359e-21,0.07999959108686575,0.00013396045522495108,0.9198664484579091,25,30,10
37,4409,1.4505206232853549e-21,0.07999959108686575,0.00013396091272621308,0.919866448000408,25,30,10
37,4410,1.4504956898348142e-21,0.07999959108686575,0.0001317638428956347,0.9198686450702386,25,30,10
37,4411,1.526175810265929e-21,0.07999959108686575,0.0001317638787259798,0.9198686450344081,25,30,10
37,4412,1.5248468633893934e-21,0.07999959108686575,0.00013176389710655575,0.9198686450160275,25,30,10
37,4413,1.827565589917067e-21,0.07999959108686575,0.0001317667566393604,0.9198686421564948,25,30,10
37,4414,1.8275419657943236e-21,0.07999959108686575,2.243147768894435e-06,0.9199981657653653,25,30,10
37,4415,1.8288696794210877e-21,0.07999959108686575,2.2445611197044703e-06,0.9199981643520144,25,30,10
37,4416,1.9045492831525667e-21,0.07999959108686575,2.2845558261840105e-06,0.9199981243573079,25,30,10
37,4417,1.9058769920427672e-21,0.07999959108686575,2.402502366081971e-06,0.919998006410768,25,30,10
37,4418,1.9059002269648403e-21,0.07999959108686575,3.0591949981924177e-06,0.9199973497181361,25,30,10
37,4419,1.9054560082922902e-21,0.07999959747907613,3.0528027877971764e-06,0.9199973497181361,25,30,10
37,4420,1.9067590989033108e-21,0.07999959747907613,9.000219860783693e-05,0.9199104003223161,25,30,10
37,4421,1.9054313923202345e-21,0.07999959747907613,9.000077519755774e-05,0.9199104017457264,25,30,10
37,4422,4.622784106458128e-22,0.07999998957668945,8.960867758424697e-05,0.9199104017457264,25,30,10
37,4423,4.6097399447684505e-22,0.07999998957668945,8.949144890766472e-05,0.9199105189744029,25,30,10
37,4424,4.609744029951527e-22,0.07999998957668945,8.94914655545375e-05,0.9199105189577561,25,30,10
37,4425,4.610663317618568e-22,0.07999998957668952,9.419410526999224e-05,0.9199058163180406,25,30,10
37,4426,4.610430380432641e-22,0.07999998957668952,9.41933788311082e-05,0.9199058170444795,25,30,10
37,4427,4.610430094917534e-22,0.07999998957668952,9.419267778600445e-05,0.9199058177455244,25,30,10
37,4428,4.61042601341863e-22,0.07999998957668952,9.41906441438103e-05,0.9199058197791666,25,30,10
37,4429,4.610642598373872e-22,0.07999998957668952,9.419013063438314e-05,0.9199058202926761,25,30,10
37,4430,4.6870447112765676e-18,0.07997757539783595,0.00011660430948796683,0.9199058202926761,25,30,10
37,4431,4.68704471089659e-18,0.07997757539783595,0.0001166022655756954,0.9199058223365885,25,30,10
37,4432,4.6870459450398355e-18,0.07997757539783587,0.00011189965082322816,0.9199105249513408,25,30,10
37,4433,4.687045946667774e-18,0.07997757539783587,0.00011189965081306482,0.9199105249513511,25,30,10
37,4434,4.687051256898542e-18,0.07997757539783595,0.00011660295652215672,0.9199058216456418,25,30,10
37,4435,4.68705125728557e-18,0.07997757539783595,0.0001166024698700415,0.919905822132294,25,30,10
37,4436,4.687045947076312e-18,0.07997757539783587,0.00011189962758403424,0.91991052497458,25,30,10
37,4437,4.6870459454346565e-18,0.07997757539783587,0.00011189910964963608,0.9199105254925145,25,30,10
37,4438,4.68704592217011e-18,0.07997757539783587,0.0001118971247628043,0.9199105274774013,25,30,10
37,4439,4.687045923500887e-18,0.07997757539783587,2.2668849051303142e-05,0.9199997557531128,25,30,10
37,4440,4.687045923500886e-18,0.07997757539783587,2.2668849051303152e-05,0.9199997557531128,25,30,10
37,4441,4.687045923536607e-18,0.07997757539783587,2.2666859841558393e-05,0.9199997577423226,25,30,10
37,4442,4.687046016709366e-18,0.07997757539783587,2.2586370366087724e-05,0.9199998382317982,25,30,10
37,4443,4.6870407062377706e-18,0.07997757539783587,2.2558599385864028e-05,0.9199998660027784,25,30,10
37,4444,4.6870407062095934e-18,0.07997757539783587,2.2558100910558657e-05,0.9199998665012536,25,30,10
37,4445,4.687040799353813e-18,0.07997757539783587,2.255953558831227e-05,0.9199998650665759,25,30,10
37,4446,4.687040777695192e-18,0.07997757539783587,2.2560961692573053e-05,0.9199998636404716,25,30,10
37,4447,4.687041097234616e-18,0.07873885006109753,0.001261286298430928,0.9199998636404716,25,30,10
37,4448,4.687041097234995e-18,0.07873885006109753,0.0012612863339099064,0.9199998636049926,25,30,10
37,4449,4.687041097234492e-18,0.07873885006109753,0.0012612863328604657,0.9199998636060421,25,30,10
37,4450,4.687041005703367e-18,0.07873885006109753,0.001261324905133539,0.9199998250337691,25,30,10
37,4451,4.6870410056966926e-18,0.07873885006109753,0.001261324879741723,0.9199998250591607,25,30,10
37,4452,4.6870396779829066e-18,0.07873885006109753,0.0012613241883395734,0.9199998257505629,25,30,10
37,4453,4.6870396779829135e-18,0.07873885006109753,0.001261322163778065,0.9199998277751245,25,30,10
37,4454,4.687039677982912e-18,0.07873885006109753,0.0012613221642100508,0.9199998277746926,25,30,10
37,4455,4.6869639978623584e-18,0.07873885006109753,0.001261320130406417,0.919999829808496,25,30,10
37,4456,5.6703815075619244e-18,0.07873885006110182,0.001266025750765202,0.9199951241881331,25,30,10
37,4457,5.6718243501575694e-18,0.07997743698445971,2.743882740731933e-05,0.9199951241881331,25,30,10
37,4458,5.671824280277892e-18,0.07997743698445971,2.7438827879499587e-05,0.9199951241876608,25,30,10
37,4459,5.671822954199471e-18,0.07997743698445971,2.7438123095537646e-05,0.9199951248924448,25,30,10
37,4460,5.671747274588202e-18,0.07997743698445971,2.7398118290956885e-05,0.9199951648972494,25,30,10
37,4461,5.6717472745887074e-18,0.07997743698445971,2.7400150873448458e-05,0.9199951628646669,25,30,10
37,4462,5.671747274553489e-18,0.07997743698445971,2.740014226351615e-05,0.9199951628732768,25,30,10
37,4463,5.671747274553872e-18,0.07997743698445971,2.731811760278357e-05,0.9199952448979377,25,30,10
37,4464,5.671747274553378e-18,0.07997743698445971,2.731762704336125e-05,0.9199952453884971,25,30,10
37,4465,5.6717472745814236e-18,0.07997743698445971,2.731561941494367e-05,0.9199952473961255,25,30,10
37,4466,5.67174727458142e-18,0.07997743698445971,2.73156196232244e-05,0.9199952473959172,25,30,10
37,4467,5.671747274581795e-18,0.07997743698445971,2.7315584531190143e-05,0.9199952474310092,25,30,10
37,4468,5.6717472745604124e-18,0.07997743698445971,2.7316260800545985e-05,0.9199952467547399,25,30,10
37,4469,5.671747274560543e-18,0.07997743698445971,2.731829361758416e-05,0.919995244721923,25,30,10
37,4470,5.671747272925941e-18,0.07997743698445971,2.731829359898272e-05,0.9199952447219415,25,30,10
37,4471,5.6717472729331164e-18,0.07997743698445971,2.73182673103336e-05,0.9199952447482302,25,30,10
37,4472,4.688335073056173e-18,0.07997743698445542,2.7315932544709458e-05,0.9199952470830002,25,30,10
37,4473,4.688329786125267e-18,0.07997743698445542,2.2654649751071344e-05,0.9199999083657937,25,30,10
37,4474,4.6880270673986225e-18,0.07997743698445542,2.2653201879742725e-05,0.919999909813665,25,30,10
37,4475,4.688102747012107e-18,0.07997743698445542,2.26918303902434e-05,0.9199998711851545,25,30,10
37,4476,4.6881027470191415e-18,0.07997743698445542,2.2691829786270467e-05,0.9199998711857584,25,30,10
37,4477,4.688108057465621e-18,0.07997743698445542,2.2691863288695494e-05,0.9199998711522561,25,30,10
37,4478,4.68810805786748e-18,0.07997743698445542,2.280707880047517e-05,0.9199997559367443,25,30,10
37,4479,4.688108057867968e-18,0.07997743698445542,2.280563208953109e-05,0.9199997573834553,25,30,10
37,4480,4.6881133687073066e-18,0.07997743698445542,2.292153926079612e-05,0.9199996414762839,25,30,10
37,4481,4.688118677303592e-18,0.07997743698445542,2.7624814346331672e-05,0.9199949382011984,25,30,10
37,4482,4.692432419235014e-18,0.07997743698445542,2.7626963866181015e-05,0.9199949360516786,25,30,10
37,4483,4.692428529279108e-18,0.07997743698445542,2.7589002555665267e-05,0.9199949740129891,25,30,10
37,4484,4.6924285293006164e-18,0.07997743698445542,2.7671500714413315e-05,0.9199948915148304,25,30,10
37,4485,4.690985258055334e-18,0.07997757271687458,2.7535768295249316e-05,0.9199948915148304,25,30,10
37,4486,4.6909852813490495e-18,0.07997757271687458,2.75364699977859e-05,0.9199948908131279,25,30,10
37,4487,4.690979970501202e-18,0.07997757271687458,2.7535805520789597e-05,0.9199948914776048,25,30,10
37,4488,4.690979947207991e-18,0.07997757271687458,2.753579614191262e-05,0.9199948914869835,25,30,10
37,4489,4.690979947179322e-18,0.07997757271687458,2.745327258808362e-05,0.9199949740105374,25,30,10
37,4490,4.690979923914272e-18,0.07997757271687458,2.745115922415015e-05,0.9199949761239012,25,30,10
37,4491,4.690979922272996e-18,0.07997757271687458,2.741317236827443e-05,0.9199950141107572,25,30,10
37,4492,4.6909799222726164e-18,0.07997757271687458,2.7413172143749047e-05,0.9199950141109818,25,30,10
37,4493,4.69097992227274e-18,0.07997757271687458,2.7415205162425278e-05,0.9199950120779633,25,30,10
37,4494,4.690979945537286e-18,0.07997757271687458,2.7417213415367357e-05,0.9199950100697103,25,30,10
37,4495,4.690979945120952e-18,0.07997757271687458,2.741720076913546e-05,0.9199950100823564,25,30,10
37,4496,4.690979944726136e-18,0.07997757271687458,2.7417236514737715e-05,0.919995010046611,25,30,10
37,4497,4.690979968017795e-18,0.07997757271687458,2.9040102553329967e-05,0.9199933871805723,25,30,10
37,4498,4.690979966209123e-18,0.07997744671918708,2.916610024082843e-05,0.9199933871805723,25,30,10
37,4499,4.690979989502232e-18,0.07997744671918708,2.916613573078409e-05,0.9199933871450824,25,30,10
37,4500,4.690979989530908e-18,0.07997744671918708,2.9164103153495806e-05,0.9199933891776597,25,30,10
37,4501,4.686666247635953e-18,0.07997744671918708,2.9161918986559584e-05,0.9199933913618266,25,30,10
37,4502,4.6866727922515246e-18,0.07997744671918715,3.386380072326238e-05,0.9199886894800897,25,30,10
37,4503,4.6866727930687845e-18,0.07997744671918715,3.614339476065687e-05,0.9199864098860524,25,30,10
37,4504,4.686672791463342e-18,0.07997744671918715,3.614391070097948e-05,0.919986409370112,25,30,10
37,4505,4.686672883818968e-18,0.07997744671918715,3.3866375689913014e-05,0.9199886869051231,25,30,10
37,4506,4.686672883796957e-18,0.07997744671918715,3.38658767878259e-05,0.9199886874040252,25,30,10
37,4507,4.686672860913824e-18,0.07997744671918715,3.232549850838967e-05,0.9199902277823047,25,30,10
37,4508,4.6867485375299606e-18,0.07997744671918715,3.39483653522308e-05,0.9199886049154606,25,30,10
37,4509,4.704005938871667e-18,0.07997744671918715,4.061639954267523e-05,0.9199819368812703,25,30,10
37,4510,4.704004541281078e-18,0.07997744671918715,4.053982090517955e-05,0.9199820134599078,25,30,10
37,4511,4.703999231056844e-18,0.07997744671918715,3.583855386562838e-05,0.9199867147269474,25,30,10
37,4512,4.703999231465496e-18,0.07997744671918715,3.595447595247623e-05,0.9199865988048606,25,30,10
37,4513,4.703999231429523e-18,0.07997744671918715,3.595451060724036e-05,0.9199865987702057,25,30,10
37,4514,4.7039992310142055e-18,0.07997744671918715,3.583800264325839e-05,0.9199867152781697,25,30,10
37,4515,4.704074904780733e-18,0.07997744671918722,3.811809018020861e-05,0.9199844351906328,25,30,10
37,4516,4.70399932418635e-18,0.07997744671918715,3.583899249714886e-05,0.9199867142883158,25,30,10
37,4517,5.6843477724857375e-18,0.07997744671918715,0.0001653624498983231,0.9198571908309147,25,30,10
37,4518,5.68434774921418e-18,0.07997744671918715,0.00016532042214017543,0.9198572328586729,25,30,10
37,4519,9.97764213385048e-19,0.07999946110329485,0.0001433060380324702,0.9198572328586729,25,30,10
37,4520,9.977641900922018e-19,0.07999946110329485,0.0001433039691660249,0.9198572349275393,25,30,10
37,4521,9.977655178058832e-19,0.07999946110329485,0.00014330200889467934,0.9198572368878107,25,30,10
37,4522,9.977655177916704e-19,0.07999946110329485,0.0001431875031275611,0.9198573513935777,25,30,10
37,4523,9.977655178198333e-19,0.07999946110329485,0.000149793744979132,0.9198507451517262,25,30,10
37,4524,9.976898398691343e-19,0.07999946110329485,0.00014978355431243003,0.9198507553423929,25,30,10
37,4525,9.976898398689998e-19,0.07999946110329485,0.00014978358935824633,0.9198507553073471,25,30,10
37,4526,9.976898165757729e-19,0.07999946110329485,0.00014978355347219753,0.9198507553432331,25,30,10
37,4527,9.976898165762783e-19,0.07999946110329485,0.00014978357947563372,0.9198507553172297,25,30,10
37,4528,9.976898165767838e-19,0.07999946110329485,0.00014320581011892765,0.9198573330865863,25,30,10
37,4529,9.976897932834342e-19,0.07999946110329485,0.00014320440679420216,0.9198573344899111,25,30,10
37,4530,9.976897933122284e-19,0.07999946110329485,0.00014320646539338992,0.919857332431312,25,30,10
37,4531,9.97689682258261e-19,0.07996838711374289,0.00017428045494534552,0.919857332431312,25,30,10
37,4532,9.976909151919115e-19,0.07996838711374289,0.00017431945144763428,0.9198572934348096,25,30,10
37,4533,9.976962243728988e-19,0.07996838711374289,0.00017437352697071882,0.9198572393592864,25,30,10
37,4534,9.980570463685893e-19,0.07996793873818032,0.00017482190243572697,0.9198572393593841,25,30,10
37,4535,9.97981370160604e-19,0.07996793873818032,0.00017320103378101645,0.9198588602280386,25,30,10
37,4536,9.979813701607297e-19,0.07996793873818032,0.00017319961202138406,0.9198588616497984,25,30,10
37,4537,9.979812773971172e-19,0.07996793873818032,0.00017323754808560153,0.9198588237137341,25,30,10
37,4538,1.763282909067924e-20,0.07996793873818032,4.371409423070505e-05,0.9199883471675889,25,30,10
37,4539,1.7632829090687757e-20,0.07996793873818032,4.371268256898748e-05,0.9199883485792507,25,30,10
37,4540,1.7632829069062907e-20,0.07996793873818032,4.371064914286134e-05,0.9199883506126768,25,30,10
37,4541,1.763285401726962e-20,0.07996793873818032,4.533347965719175e-05,0.9199867277821625,25,30,10
37,4542,1.7632854045946762e-20,0.07996793873818032,4.5333479998560736e-05,0.9199867277818211,25,30,10
37,4543,1.763285406757374e-20,0.07996793873818032,4.544937217109368e-05,0.9199866118896486,25,30,10
37,4544,1.7993474150640934e-20,0.07997644824318087,3.693986161313985e-05,0.919986611895206,25,30,10
37,4545,1.7993475757078892e-20,0.07997644824318087,3.6939894989300823e-05,0.9199866118618298,25,30,10
37,4546,1.798693114150466e-20,0.0799764482431808,3.223802634260361e-05,0.9199913137304766,25,30,10
37,4547,1.7986931141515764e-20,0.0799764482431808,3.2239474105607076e-05,0.9199913122827137,25,30,10
37,4548,2.227062311423105e-20,0.07997644824318506,0.0002985339241368746,0.9197250178326781,25,30,10
37,4549,5.315939835671582e-21,0.07997644824318513,0.00029200835613303556,0.9197315434006818,25,30,10
37,4550,5.315941441474096e-21,0.07997644824318513,0.00029200980306384337,0.9197315419537511,25,30,10
37,4551,4.9553212554024734e-21,0.07999941557880477,0.0002690424730016001,0.9197315419481936,25,30,10
37,4552,4.9553212620665115e-21,0.07999941557880477,0.00026904247239762817,0.9197315419487977,25,30,10
37,4553,6.756123998940366e-22,0.07999941557880051,2.7355878251174266e-06,0.9199978488333742,25,30,10
37,4554,3.1479819457877956e-22,0.07999999042449689,2.160742226299966e-06,0.9199978488332767,25,30,10
37,4555,3.147736482353042e-22,0.07999999042449689,5.392084618776827e-07,0.9199994703670413,25,30,10
37,4556,1.2148757796023978e-23,0.07999999042449682,4.772576789190197e-07,0.9199995323178243,25,30,10
37,4557,1.2148349769508373e-23,0.07999999042449682,4.772579007634323e-07,0.9199995323176023,25,30,10
37,4558,1.2149955832308164e-23,0.07999999042449682,4.772828574828712e-07,0.9199995322926456,25,30,10
37,4559,1.2586248013455317e-23,0.07999999263388402,4.750734702833335e-07,0.9199995322926456,25,30,10
37,4560,1.2586247519055995e-23,0.07999999263388402,4.7504808932174394e-07,0.9199995323180267,25,30,10
37,4561,1.2586247516019223e-23,0.07999999263388402,5.562041909963357e-07,0.9199994511619249,25,30,10
37,4562,1.2586380548215226e-23,0.07999960616194846,9.426761265538204e-07,0.9199994511619249,25,30,10
37,4563,1.2585971772143062e-23,0.07999960616194846,9.026816712921665e-07,0.9199994911563801,25,30,10
37,4564,1.2585971895597765e-23,0.07999960616194846,9.027171331451911e-07,0.9199994911209184,25,30,10
37,4565,1.2585964852023861e-23,0.07999960616194846,9.026921790161828e-07,0.9199994911458725,25,30,10
37,4566,1.2149403529737624e-23,0.07999986378724593,6.450668815085604e-07,0.9199994911458725,25,30,10
37,4567,1.2149410582122248e-23,0.07999986378724593,7.255563648629851e-07,0.9199994106563892,25,30,10
37,4568,1.0916504276110849e-23,0.07999986378724593,7.269561668949763e-07,0.9199994092565871,25,30,10
37,4569,1.0915277813884286e-23,0.07999986378724593,7.269353847608762e-07,0.9199994092773693,25,30,10
37,4570,1.091528448893271e-23,0.07999986378724593,6.98961837202968e-07,0.9199994372509169,25,30,10
37,4571,5.6048774901061784e-24,0.07999986378724593,5.3197141839339965e-06,0.9199948164985702,25,30,10
37,4572,5.629396675309355e-24,0.07999986378724593,5.3211844760031255e-06,0.9199948150282781,25,30,10
37,4573,5.6310316624227315e-24,0.07999986378724593,5.324067185477724e-06,0.9199948121455686,25,30,10
37,4574,5.631032280125222e-24,0.07999986378724593,5.324653497263565e-06,0.9199948115592568,25,30,10
37,4575,5.632666391417032e-24,0.07999986378724593,5.32613649768106e-06,0.9199948100762563,25,30,10
37,4576,5.633067488967219e-24,0.07999986378724593,5.245658879483807e-06,0.9199948905538746,25,30,10
37,4577,5.6314472220926264e-24,0.07999986378724593,5.2448777125162835e-06,0.9199948913350414,25,30,10
37,4578,1.0942286690558331e-23,0.07999986378724593,5.278280717650513e-06,0.9199948579320363,25,30,10
37,4579,1.0942286187603476e-23,0.07999986378724593,5.278245050728064e-06,0.9199948579677034,25,30,10
37,4580,1.0917394195935755e-23,0.07999986378724593,5.2788037932990465e-06,0.9199948574089608,25,30,10
37,4581,1.0822593855670123e-23,0.07999986378724593,5.277331275961709e-06,0.9199948588814781,25,30,10
37,4582,1.0729421149044457e-23,0.07999986378724593,5.194782685061914e-06,0.919994941430069,25,30,10
37,4583,1.7054574196330464e-23,0.07996838694155121,3.6671628379795546e-05,0.919994941430069,25,30,10
37,4584,1.7054580736794268e-23,0.07996838694155121,3.667362591854443e-05,0.9199949394325303,25,30,10
37,4585,1.7054609405371653e-23,0.07996838694155121,3.667565937084005e-05,0.9199949373990779,25,30,10
37,4586,1.7052974799885233e-23,0.07996838694155121,3.66756237012369e-05,0.9199949374347476,25,30,10
37,4587,1.838028004928819e-23,0.07996838694155121,3.19748555465472e-05,0.9199996382029022,25,30,10
37,4588,1.8378645443744345e-23,0.07996838694155121,3.197343293778392e-05,0.9199996396255109,25,30,10
37,4589,1.8378667077223386e-23,0.07996838694155121,3.208935007210617e-05,0.9199995237083766,25,30,10
37,4590,1.8378666962651484e-23,0.07996838694155121,3.208730510570449e-05,0.9199995257533429,25,30,10
37,4591,2.236178152783457e-23,0.07996838694155121,3.21247924052259e-05,0.9199994882660434,25,30,10
37,4592,2.27978603358267e-23,0.07993704572905021,6.346600490625844e-05,0.9199994882660434,25,30,10
37,4593,2.2796225355331188e-23,0.07993704572905021,6.346311865050537e-05,0.9199994911522993,25,30,10
37,4594,1.7485392553930648e-23,0.07993704572905021,6.334923801627117e-05,0.9199996050329335,25,30,10
37,4595,1.748580157534774e-23,0.07993704572905021,6.334928970454913e-05,0.9199996049812452,25,30,10
37,4596,1.1279461223387164e-23,0.07996783445160668,3.256056714636363e-05,0.9199996049812469,25,30,10
37,4597,1.1279461843296353e-23,0.07996783445160668,3.256057757833177e-05,0.9199996049708149,25,30,10
37,4598,1.1279425987906427e-23,0.07996783445160668,3.256007805041058e-05,0.9199996054703429,25,30,10
37,4599,1.1279046012073856e-23,0.07996783445160668,3.258855015233377e-05,0.9199995769982411,25,30,10
37,4600,1.1372598706583468e-23,0.07996783445160668,3.266647096702011e-05,0.9199994990774263,25,30,10
37,4601,1.0930674253023065e-23,0.07999931129142096,1.1896311527180247e-06,0.9199994990774263,25,30,10
37,4602,5.620259887515093e-24,0.07999931129142096,1.190543448482153e-06,0.9199994981651307,25,30,10
37,4603,5.6202532234824876e-24,0.07999931129142096,1.188522111601558e-06,0.9199995001864675,25,30,10
37,4604,5.713425996526939e-24,0.07999931129142096,1.188559799365064e-06,0.9199995001487798,25,30,10
37,4605,5.713418827214765e-24,0.07999931129142096,1.1865535070405926e-06,0.919999502155072,25,30,10
37,4606,5.7134188185457856e-24,0.07999931129142096,1.1865427942433521e-06,0.9199995021657847,25,30,10
37,4607,5.7134188185457856e-24,0.07999931129142096,1.1865427942433526e-06,0.9199995021657847,25,30,10
37,4608,5.7134188293820516e-24,0.07999931129142096,1.1865438466613388e-06,0.9199995021647325,25,30,10
37,4609,5.7134121718141015e-24,0.07999931129142096,1.186543666149945e-06,0.9199995021649129,25,30,10
37,4610,5.713414579833921e-24,0.07999930188461832,1.1959504688109266e-06,0.9199995021649129,25,30,10
37,4611,5.715048691187539e-24,0.07999930188461832,1.1959877219554158e-06,0.9199995021276599,25,30,10
37,4612,5.715027055268958e-24,0.07999930188461832,1.0801062269030455e-06,0.9199996180091548,25,30,10
37,4613,5.713250208531357e-24,0.07999930819628515,1.0737945600750382e-06,0.9199996180091548,25,30,10
37,4614,5.711615719878823e-24,0.07999930819628515,1.073758094522309e-06,0.9199996180456204,25,30,10
37,4615,5.711228579145e-24,0.07999930819628515,1.0737457866515194e-06,0.9199996180579281,25,30,10
37,4616,5.711235737660073e-24,0.07999930819628515,1.0737804120008645e-06,0.9199996180233028,25,30,10
37,4617,5.712870215161541e-24,0.07999930819628515,1.0737565181915807e-06,0.9199996180471967,25,30,10
37,4618,5.712489746098125e-24,0.07999930819628515,9.91732284376613e-07,0.9199997000714305,25,30,10
37,4619,6.137453680930097e-24,0.07828084445388171,0.0017194554746877806,0.9199997000714305,25,30,10
37,4620,6.137425127269422e-24,0.07828084445388171,0.0017194270103756929,0.9199997285357426,25,30,10
37,4621,6.137425010357261e-24,0.07828084445388171,0.0017194249771736781,0.9199997305689446,25,30,10
37,4622,6.137425001414005e-24,0.07828084445388171,0.001719424969640061,0.9199997305764781,25,30,10
37,4623,6.160707220765518e-24,0.07828084445388171,0.0017260311757910784,0.9199931243703271,25,30,10
37,4624,6.183999942513383e-24,0.07828084445388171,0.0017260312128217579,0.9199931243332965,25,30,10
37,4625,6.1839998277323536e-24,0.07828084445388171,0.0017260312369804824,0.9199931243091377,25,30,10
37,4626,6.091264190341616e-24,0.0782808444538818,0.0017326360371191913,0.9199865195089987,25,30,10
37,4627,6.112922802828426e-24,0.0782808444538818,0.0017326360720598174,0.9199865194740582,25,30,10
37,4628,6.1129223086593076e-24,0.0782808444538818,0.0017326360450027412,0.9199865195011153,25,30,10
37,4629,6.090037745666755e-24,0.0782808444538818,0.0017326644816427442,0.9199864910644752,25,30,10
37,4630,6.089636756376027e-24,0.0782808444538818,0.0017326360446688642,0.919986519501449,25,30,10
37,4631,3.134066698136117e-22,0.0782808444538818,0.0018250491471365387,0.9198941063989815,25,30,10
37,4632,3.134258852498482e-22,0.07999878691141671,0.00010710668960166465,0.9198941063989815,25,30,10
37,4633,3.134258642470502e-22,0.07999878691141671,0.00010722257127957333,0.9198939905173037,25,30,10
37,4634,3.134181094448175e-22,0.0799994559333146,0.00010655354938337986,0.919893990517302,25,30,10
37,4635,3.1930392795126517e-22,0.07999997035652019,0.00010603912617778845,0.919893990517302,25,30,10
37,4636,3.206316091099279e-22,0.07999997035652019,0.0001061530105148462,0.919893876632965,25,30,10
37,4637,3.2063323604769587e-22,0.07999997035652019,0.00010603711877440715,0.9198939925247055,25,30,10
37,4638,3.2063201008834697e-22,0.07999997035652019,0.0001060371187497459,0.9198939925247299,25,30,10
37,4639,3.206316015097198e-22,0.07999997035652012,9.94308548144653e-05,0.9199005987886654,25,30,10
37,4640,3.2053802064091453e-22,0.07999997035652012,9.93528989476137e-05,0.9199006767445322,25,30,10
37,4641,3.205380206496025e-22,0.07999997035652012,9.938134662370221e-05,0.9199006482968562,25,30,10
37,4642,3.2053804882178455e-22,0.07999997035652012,9.946385787852605e-05,0.9199005657856014,25,30,10
37,4643,3.2053802026794794e-22,0.07999997035652012,9.946384913353187e-05,0.9199005657943465,25,30,10
37,4644,3.205380494394864e-22,0.07999997035652012,9.946481402649825e-05,0.9199005648294536,25,30,10
37,4645,3.1522760816809043e-22,0.07999997035652012,9.942686281024637e-05,0.9199006027806698,25,30,10
37,4646,3.1532075219477236e-22,0.07999997035652012,0.00010258799008710612,0.9198974416533929,25,30,10
37,4647,3.1532075218610177e-22,0.07999997035652012,0.00010258749072346172,0.9198974421527566,25,30,10
37,4648,3.1565391652736076e-22,0.0799999776297399,0.00010258021750367739,0.9198974421527566,25,30,10
37,4649,6.183726386232967e-22,0.0799999776297399,0.00010258369778687277,0.9198974386724734,25,30,10
37,4650,6.183730401158219e-22,0.0799999776297399,0.000102585109462833,0.9198974372607975,25,30,10
37,4651,9.203932983085507e-22,0.07999997762973997,0.0001948807801808435,0.9198051415900792,25,30,10
37,4652,9.203937069592705e-22,0.07999997762973997,0.0001949092278678978,0.9198051131423923,25,30,10
37,4653,9.20393270249211e-22,0.07999997762973997,0.00019488145623097186,0.9198051409140294,25,30,10
37,4654,9.960724724969783e-22,0.07999997762973997,0.00019492142598316953,0.919805100944277,25,30,10
37,4655,9.961656411060533e-22,0.07999997762973997,0.0001965443013923069,0.9198034780688679,25,30,10
37,4656,6.934702120945655e-22,0.07999997762973997,0.0001965808154094896,0.9198034415548508,25,30,10
37,4657,6.93470614089731e-22,0.07999997762973997,0.00019660925342533466,0.919803413116835,25,30,10
37,4658,6.934738833140945e-22,0.07999997762973997,0.0001966097279958055,0.9198034126422644,25,30,10
37,4659,6.993802826376482e-22,0.07938990122215776,0.0008066861355780255,0.9198034126422644,25,30,10
37,4660,3.9736003149085096e-22,0.07938990122215768,0.0007143911659032978,0.9198957076119393,25,30,10
37,4661,3.961254943614326e-22,0.07938990122215768,0.0007143577716769497,0.9198957410061658,25,30,10
37,4662,3.9603233240996713e-22,0.07938990122215768,0.0007127348717099662,0.9198973639061327,25,30,10
37,4663,3.960090391786051e-22,0.07938990122215768,0.0007127348342410617,0.9198973639436017,25,30,10
37,4664,3.960323382534287e-22,0.07938990122215768,0.0007150144278572273,0.9198950843499855,25,30,10
37,4665,3.9603231674739047e-22,0.07938990122215768,0.0007150144752351055,0.9198950843026072,25,30,10
37,4666,3.9603275054579842e-22,0.07938990122215768,0.0009813482011861473,0.9196287505766564,25,30,10
37,4667,5.585745927047712e-17,0.07938990122215776,0.0011271378601948939,0.9194829609176474,25,30,10
37,4668,5.585745927046995e-17,0.07938990122215776,0.0011271371839070058,0.9194829615939354,25,30,10
37,4669,5.585745927210406e-17,0.07938990122215776,0.00112713722054521,0.9194829615572973,25,30,10
37,4670,5.585745927207478e-17,0.07938990122215776,0.0011271362556522439,0.9194829625221901,25,30,10
37,4671,5.585745924877621e-17,0.07938990122215776,0.0011248566626166925,0.9194852421152256,25,30,10
37,4672,5.585715193177182e-17,0.07938990122215776,0.0010323561154328427,0.9195777426624094,25,30,10
37,4673,5.58571572426269e-17,0.07938990122215776,0.0010323297911839441,0.9195777689866582,25,30,10
37,4674,5.585715193299722e-17,0.07938990122215776,0.0010339505429632244,0.919576148234879,25,30,10
37,4675,8.869200143522247e-23,0.07938990122215768,0.0008881603846107697,0.9197219383932317,25,30,10
37,4676,8.869159994269931e-23,0.07938990122215768,0.000888159436965051,0.9197219393408774,25,30,10
37,4677,8.869197611524153e-23,0.07938990122215768,0.0012611819815456274,0.9193489167962968,25,30,10
37,4678,3.9140887443915854e-22,0.07938990122215768,0.0012612104528183666,0.919348888325024,25,30,10
37,4679,3.914088743069127e-22,0.07938990122215768,0.0012612104878591197,0.9193488882899833,25,30,10
37,4680,3.9145502629126605e-22,0.07938990122215768,0.000994916067666553,0.919615182710176,25,30,10
37,4681,3.914550262827156e-22,0.07938990122215768,0.000994889042979969,0.9196152097348625,25,30,10
37,4682,3.9145542726565467e-22,0.07938990122215768,0.0009948905767010094,0.9196152082011415,25,30,10
37,4683,3.1577582303342347e-22,0.07938990122215768,0.0009948525795358213,0.9196152461983067,25,30,10
37,4684,3.15752534147795e-22,0.07938990122215768,0.0009882463377222054,0.9196218524401203,25,30,10
37,4685,3.1584570686083156e-22,0.07938990122215768,0.00098832883635293,0.9196217699414896,25,30,10
37,4686,3.158457073441224e-22,0.07938990122215768,0.0009883288286496447,0.9196217699491929,25,30,10
37,4687,3.2115492756513694e-22,0.07938990122215768,0.0009867094089391572,0.9196233893689033,25,30,10
37,4688,3.210617834189027e-22,0.07938990122215768,0.0009866283329620523,0.9196234704448805,25,30,10
37,4689,1.9671153568183724e-23,0.07938990122215768,0.0009932068926335707,0.9196168918852089,25,30,10
37,4690,1.967114690855861e-23,0.07938990122215768,0.0009932068704907025,0.9196168919073517,25,30,10
37,4691,1.9763902934292956e-23,0.07938990122215776,0.0009998116954045122,0.9196102870824379,25,30,10
37,4692,1.9717317025870378e-23,0.07938990122215776,0.000999771713376615,0.9196103270644659,25,30,10
37,4693,1.9717345701782645e-23,0.07938990122215776,0.0010013946139595384,0.9196087041638829,25,30,10
37,4694,1.9740646087149605e-23,0.07938990122215776,0.0010013946594782666,0.9196087041183642,25,30,10
37,4695,1.96474740076931e-23,0.07938990122215776,0.0009982329463432563,0.9196118658314992,25,30,10
37,4696,1.96486999667545e-23,0.07938990122215776,0.0009982309485944783,0.919611867829248,25,30,10
37,4697,1.9648671290801113e-23,0.07938990122215776,0.000996610080383447,0.9196134886974591,25,30,10
37,4698,1.9648671246588987e-23,0.07938990122215776,0.000996686003081182,0.9196134127747613,25,30,10
37,4699,1.329801610707186e-23,0.07999998957673421,0.00038659764850471333,0.9196134127747613,25,30,10
37,4700,1.3321308828820408e-23,0.07999998957673421,0.0003865976846127845,0.9196134127386532,25,30,10
37,4701,1.3322942940020948e-23,0.07999998957673421,0.0003865977202855973,0.9196134127029804,25,30,10
37,4702,1.861048194937945e-23,0.07999998957673421,0.0003867140681601857,0.9196132963551058,25,30,10
37,4703,1.329962729717255e-23,0.07999998957673421,0.00038671058727228117,0.9196132998359937,25,30,10
37,4704,1.3299655972374693e-23,0.07999998957673421,0.00038671055281914204,0.9196132998704466,25,30,10
37,4705,1.3299655469112874e-23,0.07999998957673421,0.0003867091054906397,0.9196133013177752,25,30,10
37,4706,1.3300875013647115e-23,0.07999998957673421,0.0003867070374757867,0.9196133033857902,25,30,10
37,4707,1.3370754684326847e-23,0.07999998957673421,0.00038670844896780487,0.9196133019742981,25,30,10
37,4708,1.3372389296553373e-23,0.07999998957673421,0.00038670917557031474,0.9196133012476957,25,30,10
37,4709,1.3373232505890795e-23,0.07999998957673428,0.0005119325405961004,0.91948807788267,25,30,10
37,4710,1.3371633614639697e-23,0.07999998957673428,0.0005119338476230481,0.9194880765756429,25,30,10
37,4711,1.951332131728647e-23,0.07876125740598262,0.0017506660183746958,0.9194880765756429,25,30,10
37,4712,1.9536607369460784e-23,0.07876125740598262,0.0017506654331316145,0.919488077160886,25,30,10
37,4713,1.9536579188587665e-23,0.07876125740598262,0.0017506639855375758,0.9194880786084799,25,30,10
37,4714,1.9559029078338955e-23,0.07876125740598255,0.0016254406465186619,0.9196133019474989,25,30,10
37,4715,1.9557394967023257e-23,0.07876125740598255,0.0016254406460783097,0.9196133019479393,25,30,10
37,4716,1.3235016558093984e-23,0.07876126074922507,0.0016254373028357914,0.9196133019479393,25,30,10
37,4717,1.3258310271513085e-23,0.07876126074922507,0.001625465752762304,0.9196132734980128,25,30,10
37,4718,1.3258310269420553e-23,0.07876126074922507,0.0016254657775334135,0.9196132734732417,25,30,10
37,4719,1.3235426200692512e-23,0.07876126074922507,0.0016254692324143092,0.9196132700183607,25,30,10
37,4720,1.3233826680715969e-23,0.07876126074922507,0.0016254692555383347,0.9196132699952367,25,30,10
37,4721,1.3233826808661317e-23,0.07876126074922507,0.001625469255327104,0.9196132699954479,25,30,10
37,4722,1.4631339295595828e-23,0.07876126074922507,0.001627748006703677,0.9196109912440713,25,30,10
37,4723,1.9849021813456923e-23,0.07876126074922507,0.001627665517462161,0.9196110737333129,25,30,10
37,4724,1.975592768486685e-23,0.07876126074922507,0.0016254678418751375,0.9196132714088999,25,30,10
37,4725,1.9755942014782291e-23,0.07876126074922507,0.0016254685873734395,0.9196132706634019,25,30,10
37,4726,1.9755913346237764e-23,0.07876126074922507,0.0016254671752556529,0.9196132720755196,25,30,10
37,4727,1.9755912979875248e-23,0.07876126074922507,0.0016320734166351248,0.91960666583414,25,30,10
37,4728,1.984908560645158e-23,0.07876126074922507,0.0016321893344248008,0.9196065499163502,25,30,10
37,4729,1.9825798559387857e-23,0.07876126074922507,0.001632162882471635,0.9196065763683033,25,30,10
37,4730,8.102580071026268e-20,0.07938990228479545,0.0010035213468995983,0.919606576368305,25,30,10
37,4731,8.102589390086725e-20,0.07938990228479545,0.0010082263047604962,0.9196018714104441,25,30,10
37,4732,8.102591882165924e-20,0.07938990228479545,0.0010082263055322446,0.9196018714096723,25,30,10
37,4733,8.10258272913248e-20,0.07938990228479538,0.0010082262746678903,0.919601871440537,25,30,10
37,4734,1.371096472898816e-23,0.0799999838080118,0.0003981447514531798,0.9196018714405352,25,30,10
37,4735,1.3686445431738543e-23,0.0799999838080118,0.0003981427414726684,0.9196018734505157,25,30,10
37,4736,1.3686445566342858e-23,0.0799999838080118,0.0003981407441175281,0.9196018754478709,25,30,10
37,4737,1.89968868287428e-23,0.0799999838080118,0.0003981807402139543,0.9196018354517744,25,30,10
37,4738,1.3686032235252468e-23,0.0799999838080118,0.00039818071795852525,0.91960183547403,25,30,10
37,4739,1.367824014448043e-23,0.07999999048688604,0.00039817403908426854,0.91960183547403,25,30,10
37,4740,2.4425980132299855e-19,0.07999999048688611,0.000664508525390456,0.9193355009877238,25,30,10
37,4741,2.4425980131619973e-19,0.07999999048688611,0.0006646244068853677,0.9193353851062287,25,30,10
37,4742,2.445611821142989e-19,0.07999999048688611,0.0006661647843075964,0.9193338447288064,25,30,10
37,4743,2.4456118211365727e-19,0.07999999054347368,0.0006661647277200253,0.9193338447288064,25,30,10
37,4744,2.4456118211327993e-19,0.07999999054347368,0.0006661667359639934,0.9193338427205626,25,30,10
37,4745,2.4456127528604213e-19,0.07999999054347368,0.0006595605445283074,0.9193404489119982,25,30,10
37,4746,2.445559644362416e-19,0.07999999054347368,0.0006595205248309628,0.9193404889316956,25,30,10
37,4747,2.445559648447097e-19,0.07999999054347368,0.0006642238258446787,0.9193357856306819,25,30,10
37,4748,2.4455065400492882e-19,0.07999999054347368,0.0006641074072507408,0.9193359020492757,25,30,10
37,4749,2.445506556109915e-19,0.07999999054347368,0.0006641074506209686,0.9193359020059054,25,30,10
37,4750,2.4455065555414e-19,0.07999999054347368,0.0006640804253263563,0.9193359290312,25,30,10
37,4751,2.4455056240993075e-19,0.07999999054347368,0.000664079477058687,0.9193359299794678,25,30,10
37,4752,2.4455056281801316e-19,0.07999999054347368,0.0006705698017229689,0.9193294396548035,25,30,10
37,4753,2.445505395248517e-19,0.07999999054347368,0.0006704559171244399,0.9193295535394022,25,30,10
37,4754,2.445506322885764e-19,0.07999999054347368,0.0006657810894425893,0.919334228367084,25,30,10
37,4755,2.445505390979741e-19,0.07999999054347368,0.0006610760963627979,0.9193389333601637,25,30,10
37,4756,2.4455053906941363e-19,0.07999999054347368,0.0006610755970335416,0.9193389338594931,25,30,10
37,4757,2.4455053893568586e-19,0.07999999292136734,0.0006610732191398739,0.9193389338594931,25,30,10
37,4758,2.445505385271587e-19,0.07999999292136734,0.0006610447714528074,0.9193389623071802,25,30,10
37,4759,3.04413810319224e-22,0.07999999292136727,0.0003947102496819022,0.919605296828951,25,30,10
37,4760,3.0308754197180374e-22,0.07999999292136727,0.00038810322546972546,0.9196119038531633,25,30,10
37,4761,3.8069558018314694e-25,0.07999999292136727,0.000386480349685166,0.9196135267289479,25,30,10
37,4762,3.806955886943712e-25,0.07999999292136727,0.00038653439955862854,0.9196134726790745,25,30,10
37,4763,2.8752319534095556e-25,0.07999999292136727,0.00038653438681671365,0.9196134726918163,25,30,10
37,4764,2.858888598586009e-25,0.07999999292136727,0.00037992816975613555,0.9196200789088769,25,30,10
37,4765,2.8429046948257553e-25,0.07999999292136727,0.0003799295733178906,0.9196200775053152,25,30,10
37,4766,2.8429058639611422e-25,0.07999999292136727,0.00037992958360392564,0.9196200774950292,25,30,10
37,4767,2.8429121739585902e-25,0.07999999292136727,0.0003799295586499035,0.9196200775199833,25,30,10
37,4768,2.842553729990902e-25,0.07999999292136727,0.00037992752518681825,0.9196200795534462,25,30,10
37,4769,2.941282078723653e-24,0.07999999292136727,0.0003799302362596778,0.9196200768423733,25,30,10
37,4770,2.8481386303025502e-24,0.07999999292136727,0.0003798157911993202,0.9196201912874337,25,30,10
37,4771,2.8481390164993504e-24,0.07999999292136727,0.00037981579976404756,0.9196201912788691,25,30,10
37,4772,2.7553754567529864e-24,0.07999999292136727,0.0003797732714409485,0.919620233807192,25,30,10
37,4773,2.75540400811468e-24,0.07999999292136727,0.0003797733064308946,0.919620233772202,25,30,10
37,4774,2.7631966438973745e-24,0.07999944043383093,0.00038032579396723076,0.919620233772202,25,30,10
37,4775,2.763094099013445e-24,0.0799988946817417,0.0003808715460564576,0.919620233772202,25,30,10
37,4776,2.7863866972047986e-24,0.0799988946817417,0.0003808715338221424,0.9196202337844365,25,30,10
37,4777,2.7864149907741142e-24,0.0799988946817417,0.00038087156045241356,0.9196202337578062,25,30,10
37,4778,2.7864146223061114e-24,0.0799988946817417,0.000380870096663778,0.9196202352215949,25,30,10
37,4779,2.7864217874003997e-24,0.0799988946817417,0.00038086806368475135,0.9196202372545738,25,30,10
37,4780,2.788049356352518e-24,0.0799988946817417,0.00038090805856651937,0.919620197259692,25,30,10
37,4781,2.786415246783377e-24,0.0799988946817417,0.0003808685625514998,0.9196202367557069,25,30,10
37,4782,2.7864147526731604e-24,0.0799988946817417,0.00038086652882600734,0.9196202387894324,25,30,10
37,4783,2.7631215277986267e-24,0.0799988946817417,0.00038086651607842294,0.9196202388021801,25,30,10
37,4784,2.763157248559943e-24,0.0799988946817417,0.00038098239863864117,0.9196201229196198,25,30,10
37,4785,2.786048935352279e-24,0.0799988946817417,0.000381058907947562,0.9196200464103108,25,30,10
37,4786,2.7863193997076987e-24,0.07999944269289935,0.00038051089678990365,0.9196200464103108,25,30,10
37,4787,2.7879540205825407e-24,0.07999944269289935,0.00038050936330012204,0.9196200479438008,25,30,10
37,4788,2.880722079278415e-24,0.07999944269289935,7.404795738839081e-06,0.919993152511362,25,30,10
37,4789,2.881102055013485e-24,0.07999944269289935,7.404796033864247e-06,0.919993152511067,25,30,10
37,4790,2.8806939704204467e-24,0.07999944269289935,8.005872220744814e-07,0.919999756719879,25,30,10
37,4791,2.8806587636491878e-24,0.07999944269289935,6.846779043242167e-07,0.9199998726291966,25,30,10
37,4792,2.8794326852939698e-24,0.07999944269289935,6.846943904602134e-07,0.9199998726127104,25,30,10
37,4793,2.8793963443266883e-24,0.07999944269289935,6.832820651164274e-07,0.9199998740250358,25,30,10
37,4794,2.8777622351176774e-24,0.07999944269289935,7.657798039385579e-07,0.9199997915272969,25,30,10
37,4795,2.7846246776365882e-24,0.07999944269289935,8.437102390635816e-07,0.9199997135968618,25,30,10
37,4796,2.776833809316683e-24,0.0799999951804505,2.912226879091606e-07,0.9199997135968618,25,30,10
37,4797,2.7865731388865802e-24,0.0799998639492579,4.224538805087922e-07,0.9199997135968618,25,30,10
37,4798,2.788186245319865e-24,0.0799998639492579,3.3993983960440217e-07,0.9199997961109028,25,30,10
37,4799,2.788186360026771e-24,0.0799998639492579,3.399750662304139e-07,0.9199997960756761,25,30,10
37,4800,2.881387735379024e-24,0.0799998639492579,3.6844756530534643e-07,0.919999767603177,25,30,10
37,4801,2.8809791992685303e-24,0.0799998639492579,3.6838712838266957e-07,0.919999767663614,25,30,10
37,4802,2.8809785834656784e-24,0.0799998639492579,3.6693997203743217e-07,0.9199997691107703,25,30,10
37,4803,2.880978592139351e-24,0.0799998639492579,3.6696474881867753e-07,0.9199997690859935,25,30,10
37,4804,9.205892295909041e-24,0.07996839129447192,3.183961953480603e-05,0.9199997690859935,25,30,10
37,4805,9.112690794818072e-24,0.07996839129447192,3.18111216439469e-05,0.9199997975838844,25,30,10
37,4806,9.11268350200337e-24,0.07996839129447192,3.1733200841111844e-05,0.9199998755046872,25,30,10
37,4807,9.112690174710732e-24,0.07996839129447192,3.1733211555186525e-05,0.9199998754939732,25,30,10
37,4808,9.112661378029041e-24,0.07996839129447192,3.173317634934716e-05,0.9199998755291792,25,30,10
37,4809,9.112661755211236e-24,0.07996839129447192,3.173314112764892e-05,0.9199998755644009,25,30,10
37,4810,2.78757774453843e-24,0.0799998651300418,2.5930555776257337e-07,0.9199998755644009,25,30,10
37,4811,2.694433638884668e-24,0.0799998651300418,3.4132916575252375e-07,0.9199997935407929,25,30,10
37,4812,2.7859733672737565e-24,0.0799998651300418,2.5829562615005945e-06,0.919997551913697,25,30,10
37,4813,2.7859800336087455e-24,0.0799998651300418,2.6968404091990973e-06,0.9199974380295494,25,30,10
37,4814,2.7872346722012665e-24,0.0799998651300418,2.698260823948677e-06,0.9199974366091347,25,30,10
37,4815,2.787234804596562e-24,0.0799998651300418,2.6996832022489265e-06,0.9199974351867563,25,30,10
37,4816,2.788840615936226e-24,0.0799998651300418,2.617220072515151e-06,0.919997517649886,25,30,10
37,4817,2.7872060103357072e-24,0.0799998651300418,2.6171596284033954e-06,0.9199975177103302,25,30,10
37,4818,2.8803794023109225e-24,0.0799998651300418,2.6176328681401945e-06,0.9199975172370904,25,30,10
37,4819,2.8803787800403192e-24,0.0799998651300418,2.617621225459867e-06,0.919997517248733,25,30,10
37,4820,2.249795180544829e-25,0.0799998651300418,2.643358818017233e-06,0.9199974915111403,25,30,10
37,4821,2.249801402850412e-25,0.0799998651300418,2.6833532979393954e-06,0.9199974515166603,25,30,10
37,4822,2.2498051099945813e-25,0.0799998651300418,2.6833446988238166e-06,0.9199974515252595,25,30,10
37,4823,4.3137921239198796e-21,0.07999986513004181,4.306284817506632e-06,0.9199958285851407,25,30,10
37,4824,2.2501586347051596e-25,0.0799998651300418,2.6838439863952524e-06,0.9199974510259719,25,30,10
37,4825,3.264990846816038e-25,0.07999944387143136,3.1051025968426168e-06,0.9199974510259719,25,30,10
37,4826,3.26506137078603e-25,0.07999944387143136,3.1051630299798163e-06,0.9199974509655388,25,30,10
37,4827,3.49797112743855e-25,0.07999944387143136,7.80846379252715e-06,0.9199927476647762,25,30,10
37,4828,3.264968898911826e-25,0.07999944387143136,7.732540328317821e-06,0.9199928235882403,25,30,10
37,4829,3.497904929675506e-25,0.07999944387143136,7.73458209994621e-06,0.9199928215464688,25,30,10
37,4830,3.4815625148153055e-25,0.07999944387143136,7.734083009755502e-06,0.919992822045559,25,30,10
37,4831,3.493817167420555e-25,0.07999944387143136,7.695547834212644e-06,0.9199928605807345,25,30,10
37,4832,3.4938171670067345e-25,0.07999944387143136,7.695572788141028e-06,0.9199928605557806,25,30,10
37,4833,3.510234772763014e-25,0.07999944387143136,7.778107851180124e-06,0.9199927780207174,25,30,10
37,4834,3.5102347743115927e-25,0.07999944387143136,7.77607443436403e-06,0.9199927800541343,25,30,10
37,4835,3.510233645444e-25,0.07999944387143136,7.891991998500641e-06,0.9199926641365702,25,30,10
37,4836,3.509946784265929e-25,0.07999944387143136,7.892018287138846e-06,0.9199926641102815,25,30,10
37,4837,3.509946697515645e-25,0.07999944387143136,7.89200818550686e-06,0.9199926641203833,25,30,10
37,4838,3.50997057183199e-25,0.07999944043417795,7.895445438909961e-06,0.9199926641203833,25,30,10
37,4839,3.5082825962502816e-25,0.0799999832281392,7.3526514776538484e-06,0.9199926641203833,25,30,10
37,4840,3.275632083694527e-25,0.0799999832281392,7.350609671637314e-06,0.9199926661621892,25,30,10
37,4841,3.275848422423484e-25,0.0799999832281392,7.350558137105589e-06,0.9199926662137237,25,30,10
37,4842,3.2758583743334754e-25,0.0799999832281392,7.263113432478737e-06,0.9199927536584285,25,30,10
37,4843,3.2758595438691007e-25,0.0799999832281392,7.26314848780373e-06,0.9199927536233732,25,30,10
37,4844,3.2758644878888985e-25,0.0799999832281392,7.263173261662886e-06,0.9199927535985993,25,30,10
37,4845,3.2758644658628233e-25,0.0799999832281392,7.223187537575837e-06,0.9199927935843235,25,30,10
37,4846,3.2922759577009964e-25,0.0799999832281392,7.3052122060072036e-06,0.919992711559655,25,30,10
37,4847,3.292563988010867e-25,0.0799999832281392,7.305686345308261e-06,0.9199927110855157,25,30,10
37,4848,3.2759324286886167e-25,0.0799999832281392,7.2772220255275365e-06,0.9199927395498355,25,30,10
37,4849,3.2595863430206257e-25,0.0799999832281392,7.19472344447433e-06,0.9199928220484166,25,30,10
37,4850,9.835333839695826e-19,0.0799999832281392,7.1967731415660486e-06,0.9199928199987195,25,30,10
37,4851,9.835333856256352e-19,0.0799999832281392,8.819648842438277e-06,0.9199911971230186,25,30,10
37,4852,9.835332924794667e-19,0.0799999832281392,6.5787392691131325e-06,0.9199934380325919,25,30,10
37,4853,9.83608971947119e-19,0.0799999832281392,6.694647093831765e-06,0.9199933221247673,25,30,10
37,4854,9.836089723547636e-19,0.0799999832281392,6.666210134108755e-06,0.9199933505617269,25,30,10
37,4855,9.83634181623113e-19,0.07999944031536615,7.20912290714979e-06,0.9199933505617269,25,30,10
37,4856,9.835585021555868e-19,0.07999944031536615,7.09321508558648e-06,0.9199934664695486,25,30,10
37,4857,9.8353329483348e-19,0.07999943709330111,7.096437150630692e-06,0.9199934664695486,25,30,10
37,4858,9.835332948409009e-19,0.07999943709330111,7.097103576405933e-06,0.9199934658031228,25,30,10
37,4859,9.835332948407863e-19,0.07999943709330111,7.097103573110981e-06,0.919993465803126,25,30,10
37,4860,9.835332931775644e-19,0.07999943709330111,5.474202292507487e-06,0.9199950887044066,25,30,10
37,4861,9.835332915428263e-19,0.07999943709330111,5.472742831199688e-06,0.9199950901638679,25,30,10
37,4862,9.835332915643342e-19,0.07999943709330111,5.472753044177586e-06,0.919995090153655,25,30,10
37,4863,9.835332915638377e-19,0.07999943709330111,5.47272704512466e-06,0.9199950901796541,25,30,10
37,4864,9.835332915637075e-19,0.07999943709330111,5.472753948589646e-06,0.9199950901527505,25,30,10
37,4865,9.835332915913873e-19,0.07999943709330111,5.472754007642491e-06,0.9199950901526914,25,30,10
37,4866,2.335871172381468e-25,0.07999943709330111,5.470239988023446e-06,0.919995092666711,25,30,10
37,4867,2.3358648834162516e-25,0.07999943709330111,5.585658240277998e-06,0.9199949772484588,25,30,10
37,4868,2.335578219750905e-25,0.07999943709330111,5.4697658516990085e-06,0.9199950931408474,25,30,10
37,4869,1.4078641353807618e-25,0.07999943709330111,5.469730246851282e-06,0.9199950931764522,25,30,10
37,4870,1.4668583120155977e-24,0.07999943709330111,5.39126167091812e-06,0.9199951716450281,25,30,10
37,4871,1.4668583118220928e-24,0.07999943709330111,5.391262139934428e-06,0.9199951716445591,25,30,10
37,4872,7.712325059305386e-23,0.07999943709330111,6.900071453251442e-07,0.9199998728995538,25,30,10
37,4873,7.714650795475148e-23,0.07999943709330111,7.177531843684705e-07,0.9199998451535147,25,30,10
37,4874,7.71465366233297e-23,0.07999943709330111,7.177542371070985e-07,0.919999845152462,25,30,10
37,4875,7.714653662332985e-23,0.07999943709330111,7.170882458449643e-07,0.9199998458184533,25,30,10
37,4876,7.584211344130092e-23,0.07999943709330111,5.416322269744879e-06,0.9199951465844294,25,30,10
37,4877,1.624589743574964e-25,0.07999943709330111,5.454271413690267e-06,0.9199951086352854,25,30,10
37,4878,1.6246614365798883e-25,0.07999943709330111,5.536794370933047e-06,0.9199950261123281,25,30,10
37,4879,1.6247330863509419e-25,0.07999943709330111,5.538792344356525e-06,0.9199950241143547,25,30,10
37,4880,3.0288283815150215e-22,0.07999943709330111,5.541188454473773e-06,0.9199950217182447,25,30,10
37,4881,3.028844440974258e-22,0.07999943709330111,5.54121314457027e-06,0.9199950216935545,25,30,10
37,4882,3.0288280948528137e-22,0.07999943709330111,5.542635160355387e-06,0.9199950202715388,25,30,10
37,4883,3.0288280960904564e-22,0.07999943709330111,5.542635171188904e-06,0.919995020271528,25,30,10
37,4884,3.0288444422119073e-22,0.07999943709330111,5.541196783416948e-06,0.9199950217099158,25,30,10
37,4885,3.0288444421253124e-22,0.07999943709330111,5.458699218147579e-06,0.919995104207481,25,30,10
37,4886,6.055813219868148e-22,0.07999943709330111,5.459212146356591e-06,0.9199951036945528,25,30,10
37,4887,6.055813224899275e-22,0.07999943709330111,5.45917729922203e-06,0.9199951037294,25,30,10
37,4888,1.7859849875965205e-20,0.07999943709330119,7.042118934685884e-06,0.9199935207877644,25,30,10
37,4889,1.785984987684751e-20,0.07999943709330119,7.043566077843519e-06,0.9199935193406213,25,30,10
37,4890,1.822066917175867e-20,0.07999942448419375,7.05617518529043e-06,0.9199935193406213,25,30,10
37,4891,1.966382040513116e-20,0.07999958674960896,6.893909770090611e-06,0.9199935193406213,25,30,10
37,4892,1.9663820433819234e-20,0.07999958674960896,6.922382410877913e-06,0.9199934908679804,25,30,10
37,4893,1.9663820412425947e-20,0.07999958674960896,6.895955285358855e-06,0.9199935172951059,25,30,10
37,4894,1.96638903023734e-20,0.07999958674960896,2.248152869627331e-06,0.9199981650975217,25,30,10
37,4895,1.9663913187406946e-20,0.07999958674960903,2.2886385141615996e-06,0.9199981246118771,25,30,10
37,4896,1.966391317407447e-20,0.07999958674960903,2.2886506114841813e-06,0.9199981245997799,25,30,10
37,4897,1.9664006318295805e-20,0.07999958674960903,2.2886513411380445e-06,0.9199981245990502,25,30,10
37,4898,2.4097377360175634e-21,0.07999958674960896,6.657147804419291e-07,0.9199997475356109,25,30,10
37,4899,2.409737736520634e-21,0.07999958674960896,6.657401707470647e-07,0.9199997475102206,25,30,10
37,4900,2.409737772223961e-21,0.07999958674960896,6.668255630196228e-07,0.9199997464248283,25,30,10
37,4901,2.4097381737076597e-21,0.07999958674960896,5.509094611322287e-07,0.9199998623409303,25,30,10
37,4902,2.409738581740676e-21,0.07999958674960896,5.529337415942981e-07,0.9199998603166496,25,30,10
37,4903,2.712456237017201e-21,0.07999958674961326,6.972941172672831e-07,0.9199997159562697,25,30,10
37,4904,2.4150469106260336e-21,0.07999958674961326,7.522837461739664e-07,0.9199996609666408,25,30,10
37,4905,2.415047283440798e-21,0.07999958674961324,7.897456788844305e-07,0.9199996235047081,25,30,10
37,4906,2.4151388293247023e-21,0.07999958674961324,8.172865232455984e-07,0.9199995959638637,25,30,10
37,4907,2.4150456775599812e-21,0.07999958674961324,7.618232304773469e-07,0.9199996514271566,25,30,10
37,4908,2.415045705858005e-21,0.07999958674961324,3.0393575802131316e-06,0.9199973738928068,25,30,10
37,4909,2.415047333177258e-21,0.07999958674961324,3.0393540340199214e-06,0.9199973738963528,25,30,10
37,4910,2.4150469532016216e-21,0.07999958674961324,3.037345775181432e-06,0.9199973759046118,25,30,10
37,4911,2.415025294244168e-21,0.07999958674961316,2.997350681967149e-06,0.9199974158997051,25,30,10
37,4912,2.4163525955527896e-21,0.07999958674961316,3.11326741862576e-06,0.9199972999829685,25,30,10
37,4913,2.4164441337396585e-21,0.07999958674961316,3.1527717552119097e-06,0.919997260478632,25,30,10
37,4914,2.113725404003338e-21,0.07999958674961316,3.150384398031005e-06,0.9199972628659892,25,30,10
37,4915,2.1137257773061243e-21,0.07999958674961316,3.1512527521782402e-06,0.919997261997635,25,30,10
37,4916,2.113820556137324e-21,0.07999958674961316,8.736068766186818e-07,0.9199995396435106,25,30,10
37,4917,2.1137273903818256e-21,0.07999958674961316,8.356366609709745e-07,0.9199995776137261,25,30,10
37,4918,2.11363585253207e-21,0.07999958674961316,2.4585013429196582e-06,0.9199979547490442,25,30,10
37,4919,2.1136362540178142e-21,0.07999958674961316,2.460544647865374e-06,0.9199979527057394,25,30,10
37,4920,2.1136378886277937e-21,0.07999958674961316,2.4604495472681656e-06,0.91999795280084,25,30,10
37,4921,1.7528184882159693e-21,0.07999960597121925,2.4412279411909717e-06,0.91999795280084,25,30,10
37,4922,1.7514912155847524e-21,0.07999960597121925,2.325358901064302e-06,0.9199980686698801,25,30,10
37,4923,1.75281559469438e-21,0.07999960597121925,4.527126198265886e-06,0.919995866902583,25,30,10
37,4924,1.7528152148360444e-21,0.07999960597121925,4.487833199107443e-06,0.919995906195582,25,30,10
37,4925,1.8284947968163546e-21,0.07999960597121931,4.528292767066187e-06,0.9199958657360139,25,30,10
37,4926,1.90417440721107e-21,0.07999960597121931,4.56687621133212e-06,0.9199958271525694,25,30,10
37,4927,1.904174400536198e-21,0.07999960597121931,4.564842721077874e-06,0.9199958291860598,25,30,10
37,4928,1.8284947898872683e-21,0.07999960597121925,4.524383145306031e-06,0.9199958696456356,25,30,10
37,4929,1.828493155341541e-21,0.07999960597121925,2.9014825043834926e-06,0.9199974925462766,25,30,10
37,4930,1.8272819736799467e-21,0.07999960597121925,7.252890241723776e-07,0.9199996687397568,25,30,10
37,4931,1.827165535936513e-21,0.07999960597121925,6.99801549546726e-07,0.9199996942272314,25,30,10
37,4932,1.827165945094661e-21,0.07999960597121925,7.005030417747586e-07,0.9199996935257392,25,30,10
37,4933,1.827165944589287e-21,0.07999960597121925,7.019166819546242e-07,0.9199996921120989,25,30,10
37,4934,1.827167578700391e-21,0.07999960597121925,7.024512780601762e-07,0.9199996915775028,25,30,10
37,4935,1.8271675925359834e-21,0.07999960597121925,7.02463946797099e-07,0.9199996915648341,25,30,10
37,4936,1.8272591098107867e-21,0.07999960597121925,7.030665988002137e-07,0.919999690962182,25,30,10
37,4937,1.827259080882132e-21,0.07999960597121925,7.010329578463923e-07,0.9199996929958231,25,30,10
37,4938,1.8273522197870624e-21,0.07999960597121925,2.9806169764216293e-06,0.9199974134118045,25,30,10
37,4939,1.8220413752153496e-21,0.07999960597121925,2.896641771234991e-06,0.9199974973870099,25,30,10
37,4940,1.8220429812758766e-21,0.07999960597121925,2.898634798657203e-06,0.9199974953939823,25,30,10
37,4941,1.822042986457789e-21,0.07999960597121925,6.190510719397917e-07,0.9199997749777091,25,30,10
37,4942,1.8220413805229932e-21,0.07999960597121925,6.18551989336445e-07,0.9199997754767917,25,30,10
37,4943,1.822134524739739e-21,0.07999960597121925,6.20575348552797e-07,0.9199997734534325,25,30,10
37,4944,1.8474549157807704e-21,0.07999921264392125,1.0139026465488227e-06,0.9199997734534325,25,30,10
37,4945,1.8474548871055686e-21,0.07999921264392125,1.0132368357291251e-06,0.9199997741192434,25,30,10
37,4946,1.8474548584237867e-21,0.07999921264392125,1.0132370811069513e-06,0.919999774118998,25,30,10
37,4947,4.0464255152788387e-22,0.07999186764329753,8.35823770482743e-06,0.919999774118998,25,30,10
37,4948,4.0464255869503195e-22,0.07999186764329753,8.358228048367046e-06,0.9199997741286545,25,30,10
37,4949,4.0464255870169014e-22,0.07999186764329753,8.47410954350666e-06,0.9199996582471592,25,30,10
37,4950,4.0596760958975323e-22,0.07999186764329753,0.0001378816523983733,0.9198702507043045,25,30,10
37,4951,4.059675815325253e-22,0.07999186764329753,0.0001378816523979846,0.919870250704305,25,30,10
37,4952,4.072008891471238e-22,0.07999186764329753,0.00013788110823161534,0.9198702512484713,25,30,10
37,4953,4.058760284141802e-22,0.07999186764329753,0.0002301753744436276,0.9197779569822593,25,30,10
37,4954,4.0587561988469642e-22,0.07999186764329753,0.00023028992414437705,0.9197778424325586,25,30,10
37,4955,4.111881059412076e-22,0.07999186764329753,0.00023031838698693018,0.9197778139697158,25,30,10
37,4956,4.111881059412076e-22,0.07999186764329753,0.00023031886111527682,0.9197778134955874,25,30,10
37,4957,4.125158191634414e-22,0.07999186764329753,0.000230321394134817,0.919777810962568,25,30,10
37,4958,4.125154388171128e-22,0.07999186764329753,0.00023032070140970067,0.9197778116552933,25,30,10
37,4959,3.8763926809639585e-22,0.07999207680634353,0.00023011153836370203,0.9197778116552933,25,30,10
37,4960,3.8719990409409704e-22,0.06455463387057683,0.015667554474130527,0.9197778116552933,25,30,10
37,4961,3.8587526890261375e-22,0.06455463387057683,0.015538033059438579,0.9199073330699851,25,30,10
37,4962,3.985383352615138e-22,0.07999170525657955,0.00010096167343574296,0.9199073330699851,25,30,10
37,4963,4.037560138178431e-22,0.07999170525657955,0.00010099017252071917,0.9199073045709001,25,30,10
37,4964,4.037544078832396e-22,0.07999170525657955,0.00010098873349933223,0.9199073060099217,25,30,10
37,4965,4.79340906824679e-22,0.07999170525657955,0.00010096525063839518,0.9199073294927824,25,30,10
37,4966,4.794340824835004e-22,0.07999170525657955,0.00010258765303210178,0.9199057070903887,25,30,10
37,4967,4.0375440305255426e-22,0.07999170525657955,0.00010258358625095237,0.9199057111571698,25,30,10
37,4968,7.064711030392715e-22,0.07999170525657955,0.00010258223134048445,0.9199057125120802,25,30,10
37,4969,7.117819429258435e-22,0.07999170525657955,0.00010269865186546217,0.9199055960915552,25,30,10
37,4970,7.117815630761403e-22,0.07999170525657955,0.0001026965950063984,0.9199055981484142,25,30,10
37,4971,7.117827821071007e-22,0.07999170525657955,0.0001027345441608099,0.9199055601992597,25,30,10
37,4972,7.104550683817192e-22,0.07999170525657955,0.0001027320109876586,0.919905562732433,25,30,10
37,4973,7.1045183537578495e-22,0.07999170525657955,1.0436342494386792e-05,0.9199978584009262,25,30,10
37,4974,7.104522511981551e-22,0.07999170525657955,1.0437047289134492e-05,0.9199978576961314,25,30,10
37,4975,7.104522583753334e-22,0.07999170525657955,1.5140347953589589e-05,0.9199931543954672,25,30,10
37,4976,7.104522583753334e-22,0.07999170525657955,1.514035627176686e-05,0.9199931543871489,25,30,10
37,4977,7.104522513238158e-22,0.07999170525657955,1.0439089243007923e-05,0.9199978556541777,25,30,10
37,4978,7.104755439184727e-22,0.07999170525657955,1.0325205544139065e-05,0.9199979695378766,25,30,10
37,4979,7.051647042637514e-22,0.07999170525657955,1.0208820247906678e-05,0.9199980859231728,25,30,10
37,4980,7.0516430277998365e-22,0.07999170525657955,1.029134275647107e-05,0.9199980034006643,25,30,10
37,4981,7.04714322226065e-22,0.07999889133405712,3.105265278900669e-06,0.9199980034006643,25,30,10
37,4982,1.7798734911899557e-20,0.07999889133406136,0.0003762106310050675,0.9196248980349339,25,30,10
37,4983,1.7786178147881406e-20,0.07999943526080915,0.0003756667042572863,0.9196248980349339,25,30,10
37,4984,1.77861781197049e-20,0.07999943526080915,0.0003756667174013852,0.9196248980217896,25,30,10
37,4985,1.7786084947322723e-20,0.07999943526080915,0.00037566466713089214,0.9196249000720603,25,30,10
37,4986,1.7786084939652487e-20,0.07999943526080915,0.0003755821437915606,0.9196249825953997,25,30,10
37,4987,2.209981415735065e-20,0.07999943526080915,0.00037569738421419895,0.9196248673549767,25,30,10
37,4988,2.2101048694828074e-20,0.07999943526080915,0.00037407588562814864,0.919626488853563,25,30,10
37,4989,2.2101050336356374e-20,0.07999943526080915,0.00037411584549121025,0.9196264488936999,25,30,10
37,4990,2.210104869458523e-20,0.07999943526080915,0.0003740758503956178,0.9196264888887954,25,30,10
37,4991,1.7787319441542582e-20,0.07999943526080915,0.00037404242060357903,0.9196265223185874,25,30,10
37,4992,1.778731944141677e-20,0.07999943526080915,0.00037404242043031236,0.9196265223187607,25,30,10
37,4993,1.778731944154251e-20,0.07999943526080915,0.0003740424204410139,0.91962652231875,25,30,10
37,4994,6.932988226973534e-22,0.0799994352608049,9.370210079816765e-07,0.9199996277181874,25,30,10
37,4995,6.932988513681035e-22,0.0799994352608049,9.370216306102886e-07,0.9199996277175647,25,30,10
37,4996,6.932972165169922e-22,0.0799994352608049,8.990601656328803e-07,0.9199996656790297,25,30,10
37,4997,6.932971888479769e-22,0.0799994352608049,8.99024371247393e-07,0.9199996657148242,25,30,10
37,4998,6.932972247033671e-22,0.0799994352608049,8.990499788507083e-07,0.9199996656892165,25,30,10
37,4999,6.932972252041541e-22,0.0799994352608049,8.990505937431295e-07,0.9199996656886015,25,30,10
37,5000,6.933671048783969e-22,0.0799994352608049,8.975166476793603e-07,0.9199996672225476,25,30,10
37,5001,3.906494419296035e-22,0.07999943526080061,7.531201673600087e-07,0.9199998116190322,25,30,10
37,5002,3.149698376980205e-22,0.07999943526080061,7.131252393248352e-07,0.9199998516139604,25,30,10
37,5003,3.1496986650120393e-22,0.07999943526080061,7.131504011870932e-07,0.9199998515887984,25,30,10
37,5004,1.7561967539107188e-23,0.07999943526080061,7.949871338324596e-07,0.9199997697520658,25,30,10
37,5005,1.756199621647282e-23,0.07999943526080061,7.964349077563168e-07,0.9199997683042918,25,30,10
37,5006,1.7450976638486522e-23,0.07999905389000266,1.1778057057371002e-06,0.9199997683042918,25,30,10
37,5007,1.756012045389036e-23,0.07999959679397145,6.349017369375303e-07,0.9199997683042918,25,30,10
37,5008,1.756052936056599e-23,0.07999959679397145,6.329125165276018e-07,0.9199997702935121,25,30,10
37,5009,1.756052836096376e-23,0.07999959679397145,6.329375977940422e-07,0.9199997702684308,25,30,10
37,5010,1.7560528352256094e-23,0.07999959679397145,6.309044030498364e-07,0.9199997723016256,25,30,10
37,5011,1.7272491899999012e-20,0.07999959679397145,3.794938368751277e-06,0.9199966082676599,25,30,10
37,5012,1.7272492315803847e-20,0.07999959679397145,3.7956400643514045e-06,0.9199966075659646,25,30,10
37,5013,1.7272585488082542e-20,0.07999959679397145,3.795648622892717e-06,0.919996607557406,25,30,10
37,5014,1.7272585523434975e-20,0.07999959679397145,3.7957086291926667e-06,0.9199966074973998,25,30,10
37,5015,1.7272585143082676e-20,0.07999959679397145,3.7132288631554586e-06,0.9199966899771655,25,30,10
37,5016,1.727258510722949e-20,0.07999959679397145,3.713238914851875e-06,0.9199966899671139,25,30,10
37,5017,1.727258510734642e-20,0.07999959679397145,3.829131311676356e-06,0.9199965740747171,25,30,10
37,5018,1.7267367435832335e-20,0.07999959679397145,3.747309336646504e-06,0.9199966558966921,25,30,10
37,5019,1.7267460579960602e-20,0.07999959679397145,3.7858566652566657e-06,0.9199966173493636,25,30,10
37,5020,1.7267367428071433e-20,0.07999959679397145,3.7852452599772174e-06,0.9199966179607688,25,30,10
37,5021,1.7267274283976746e-20,0.07999959679397145,3.900663344357365e-06,0.9199965025426843,25,30,10
37,5022,1.7267390750099682e-20,0.07999959679397145,3.900201669316849e-06,0.9199965030043594,25,30,10
37,5023,1.726739072154805e-20,0.07999959679397145,4.016075037585717e-06,0.9199963871309911,25,30,10
37,5024,1.7267390721424635e-20,0.07999959679397145,3.900192916814017e-06,0.9199965030131119,25,30,10
37,5025,4.9100465417395174e-20,0.04108575921063589,0.03891773776764567,0.9199965030217183,25,30,10
37,5026,4.910046582599078e-20,0.04108575921063589,0.03892218077697325,0.9199920600123909,25,30,10
37,5027,4.910046582599098e-20,0.04108575921063589,0.038922180801312434,0.9199920599880517,25,30,10
37,5028,4.910046582699926e-20,0.04108575921063589,0.03892218080132746,0.9199920599880366,25,30,10
37,5029,4.910037306275945e-20,0.04108575921063589,0.03892218158252372,0.9199920592068404,25,30,10
37,5030,4.910037306275286e-20,0.04108575921063589,0.03892218227541845,0.9199920585139458,25,30,10
37,5031,4.9100374874414276e-20,0.04108614914235322,0.038921792343701085,0.9199920585139458,25,30,10
37,5032,4.9105685331546975e-20,0.04108614914235322,0.038921874190461184,0.9199919766671857,25,30,10
37,5033,4.910435762495124e-20,0.04108614914235322,0.03892187279944301,0.9199919780582039,25,30,10
37,5034,4.9099047182159983e-20,0.04108614914235322,0.038921845761013964,0.9199920050966327,25,30,10
37,5035,4.909904675192404e-20,0.04108614914235322,0.038917403427748146,0.9199964474298986,25,30,10
37,5036,4.909904673041392e-20,0.04108614914235322,0.0389174027264829,0.9199964481311639,25,30,10
37,5037,4.9100374440953306e-20,0.04108614914235322,0.03891748595491775,0.9199963649027291,25,30,10
37,5038,4.910037403230266e-20,0.04108614914235322,0.03891748447223293,0.9199963663854137,25,30,10
37,5039,4.910037403947e-20,0.04108614914235322,0.0389174844839131,0.9199963663737336,25,30,10
37,5040,4.910037403909278e-20,0.04108614914235322,0.03891748450074656,0.9199963663569002,25,30,10
37,5041,4.910037607569169e-20,0.04108614914235322,0.03891748498811447,0.9199963658695322,25,30,10
37,5042,4.910037648433268e-20,0.04108614914235322,0.03891760088051083,0.9199962499771359,25,30,10
37,5043,4.910037648433931e-20,0.04108614914235322,0.03891760087023253,0.9199962499874141,25,30,10
37,5044,1.8573382145480255e-11,0.016095151556204893,0.06388657359488244,0.920018274830339,25,30,10
37,5045,1.857338214548026e-11,0.016095151556204893,0.06388645915026149,0.92001838927496,25,30,10
37,5046,1.857338214548026e-11,0.016095151556204893,0.06388645961473739,0.9200183888104843,25,30,10
37,5047,1.8573382145479024e-11,0.016095151556204893,0.06388649230378428,0.9200183561214373,25,30,10
37,5048,1.8573382145479024e-11,0.016095151556204893,0.06388637642104725,0.9200184720041744,25,30,10
37,5049,1.8573382145478908e-11,0.016095151556204893,0.06388641543025093,0.920018432994971,25,30,10
37,5050,1.8573920442997677e-11,0.01502884180835367,0.06495272518670793,0.9200184329863643,25,30,10
37,5051,1.8573920442997677e-11,0.01502884180835367,0.06495272515165947,0.9200184330214128,25,30,10
37,5052,1.8573920442997674e-11,0.01502884180835367,0.06495272468764884,0.9200184334854237,25,30,10
37,5053,1.8573920442997674e-11,0.01502884180835367,0.06495280717555071,0.9200183509975216,25,30,10
37,5054,1.8573920442997674e-11,0.01502884180835367,0.06495280720011956,0.9200183509729527,25,30,10
37,5055,1.8573920442997674e-11,0.01502884180835367,0.06961167028437346,0.9153594878886989,25,30,10
37,5056,1.8573920442997674e-11,0.01502884180835367,0.06961167087023559,0.9153594873028368,25,30,10
37,5057,1.8573920442997674e-11,0.01502884180835367,0.06961167090572562,0.9153594872673468,25,30,10
37,5058,1.8573920442997674e-11,0.01502884180835367,0.06961167040603079,0.9153594877670418,25,30,10
37,5059,1.857392044299758e-11,0.01502884180835367,0.06961167039726726,0.9153594877758053,25,30,10
37,5060,1.857392044299758e-11,0.01502884180835367,0.06961167241815928,0.9153594857549133,25,30,10
37,5061,1.8573920442997486e-11,0.01502884180835367,0.06961163245872942,0.9153595257143432,25,30,10
37,5062,1.8573920443002798e-11,0.01502884180835367,0.0696116879820599,0.9153594701910127,25,30,10
37,5063,1.8573920425747866e-11,0.015028841808353668,0.06960852536833893,0.9153626328047336,25,30,10
37,5064,1.857392042574787e-11,0.015028841808353668,0.06960860585827916,0.9153625523147935,25,30,10
37,5065,1.8573920425747866e-11,0.015028841808353668,0.06960852333533213,0.9153626348377404,25,30,10
37,5066,1.857392042574787e-11,0.015028841808353668,0.06960860581448548,0.915362552358587,25,30,10
37,5067,1.857392042582355e-11,0.01502884180835367,0.06960864628378659,0.9153625118892859,25,30,10
37,5068,1.8573920425899227e-11,0.01502884180835367,0.06494978391190777,0.9200213742611648,25,30,10
37,5069,1.857392042589925e-11,0.01502884180835367,0.06494978293909179,0.9200213752339808,25,30,10
37,5070,1.8573920425969605e-11,0.01502884180835796,0.06495630839229753,0.9200148497807709,25,30,10
37,5071,1.8573920425974917e-11,0.01502884180835796,0.06495633683056583,0.9200148213425023,25,30,10
37,5072,1.8573920425974917e-11,0.01502884180835796,0.064956254806514,0.9200149033665542,25,30,10
37,5073,1.857392042597501e-11,0.01502884180835796,0.06495930204854865,0.9200118561245193,25,30,10
37,5074,1.859804236604658e-11,0.015009005027401039,0.06497913831664623,0.9200118566373544,25,30,10
37,5075,1.8598042365970914e-11,0.015009005027396747,0.06497264623281138,0.9200183487211936,25,30,10
37,5076,1.8598042365970914e-11,0.015009005027396747,0.0649726448021152,0.9200183501518899,25,30,10
37,5077,1.859804236597224e-11,0.015009005027396747,0.06497264551429228,0.920018349439713,25,30,10
37,5078,1.859804236597755e-11,0.015009005027396747,0.06497264553968984,0.9200183494143153,25,30,10
37,5079,1.8598042365977528e-11,0.015009005027396747,0.06497264503995681,0.9200183499140482,25,30,10
37,5080,1.8598042365977528e-11,0.015009005027396747,0.06497264501544817,0.9200183499385568,25,30,10
37,5081,1.8598042365977435e-11,0.015009005027396747,0.06497415199874955,0.9200168429552555,25,30,10
37,5082,1.8598042365977435e-11,0.015009005027396747,0.06497415342113107,0.920016841532874,25,30,10
37,5083,1.8598042365901757e-11,0.015009005027396745,0.06497411437420969,0.9200168805797955,25,30,10
37,5084,1.8598042365901848e-11,0.015009005027396745,0.06497419029669962,0.9200168046573056,25,30,10
37,5085,1.859804236590187e-11,0.015009005027396747,0.0649742728554092,0.9200167220985961,25,30,10
37,5086,1.859804236590187e-11,0.015009005027396747,0.06497427285540348,0.9200167220986017,25,30,10
37,5087,1.8598042365901964e-11,0.015009005027396747,0.06497427083562136,0.9200167241183839,25,30,10
37,5088,1.8598042365972332e-11,0.015009005027396745,0.06497424381079199,0.9200167511432131,25,30,10
37,5089,1.8598042365972332e-11,0.015009005027396745,0.06497424585228967,0.9200167491017156,25,30,10
37,5090,1.8706632362771903e-11,0.015008999361399749,0.0649742519921059,0.9200167486277876,25,30,10
37,5091,1.870663236277193e-11,0.015008999361399749,0.06497425201743813,0.9200167486024553,25,30,10
37,5092,1.870663236277193e-11,0.015008999361399749,0.06497425057054967,0.9200167500493437,25,30,10
37,5093,1.870663236277193e-11,0.015008999361399749,0.06497425074933041,0.920016749870563,25,30,10
37,5094,1.870663236269625e-11,0.015008999361399749,0.06497425004767149,0.920016750572222,25,30,10
37,5095,1.870663236269094e-11,0.015008999361399749,0.0649741945499074,0.920016806069986,25,30,10
37,5096,1.870663236269217e-11,0.015008999361399749,0.06497114731640749,0.920019853303486,25,30,10
37,5097,1.8706632362690843e-11,0.015008999361399749,0.06497114861226622,0.9200198520076275,25,30,10
37,5098,1.8706632362690843e-11,0.015008999361399749,0.0649711486116429,0.9200198520082508,25,30,10
37,5099,1.870663236269075e-11,0.015008999361399749,0.06497114861086631,0.9200198520090274,25,30,10
37,5100,1.870663236269075e-11,0.015008999361399749,0.06497115060883558,0.9200198500110581,25,30,10
37,5101,1.8706632362690772e-11,0.015008999361399749,0.06497123309690869,0.9200197675229849,25,30,10
37,5102,1.87066323626921e-11,0.015008999361399749,0.06497123113664484,0.9200197694832488,25,30,10
37,5103,1.87066323626921e-11,0.015008999361399749,0.06497111523160846,0.9200198853882852,25,30,10
37,5104,1.87066323626921e-11,0.015008999361399749,0.06497111519632673,0.9200198854235668,25,30,10
37,5105,1.8706632362690772e-11,0.015008999361399749,0.06497099927077098,0.9200200013491227,25,30,10
37,5106,1.8706632362690772e-11,0.015008999361399749,0.0649710270655487,0.920019973554345,25,30,10
37,5107,1.8706632362690772e-11,0.015008999361399749,0.06497097301566603,0.9200200276042275,25,30,10
37,5108,1.8706632362690865e-11,0.015008999361399749,0.06497097516428,0.9200200254556136,25,30,10
37,5109,1.3325217749325558e-13,0.01616103781092026,0.06384095427696777,0.9199980079119786,25,30,10
37,5110,1.3325217749325556e-13,0.01616103781092026,0.06384095477561577,0.9199980074133306,25,30,10
37,5111,1.3325217749327845e-13,0.01616103781092026,0.06383936034807475,0.9199996018408717,25,30,10
37,5112,1.3325217749328007e-13,0.01616103781092026,0.06383933190083331,0.919999630288113,25,30,10
37,5113,1.3325217749330175e-13,0.01616103781092026,0.0638393319010497,0.9199996302878968,25,30,10
37,5114,1.332521774933949e-13,0.01616103781092026,0.06383933192051855,0.9199996302684279,25,30,10
37,5115,1.332521774933965e-13,0.01616103781092026,0.06383933195557238,0.919999630233374,25,30,10
37,5116,1.332521774933965e-13,0.01616103781092026,0.06383933339059106,0.9199996287983554,25,30,10
37,5117,1.332521774933949e-13,0.01616103781092026,0.06383933341749473,0.9199996287714517,25,30,10
37,5118,1.3325217749462944e-13,0.01616103781092026,0.06383921868425348,0.919999743504693,25,30,10
37,5119,1.3325217749460614e-13,0.01616103781092026,0.06383930118159943,0.9199996610073471,25,30,10
37,5120,1.3325217749469888e-13,0.01616103781092026,0.06383929964006448,0.9199996625488821,25,30,10
37,5121,1.3325217748941132e-13,0.01616103781092026,0.06383941483079726,0.9199995473581493,25,30,10
37,5122,1.332521774880836e-13,0.01616103781092026,0.06383941364639653,0.91999954854255,25,30,10
37,5123,1.332521774880836e-13,0.01616103781092026,0.06383941364654741,0.9199995485423992,25,30,10
37,5124,1.3325217748817678e-13,0.01616103781092026,0.06383941414697442,0.9199995480419721,25,30,10
37,5125,1.332521774868491e-13,0.01616103781092026,0.06383941407425595,0.9199995481146906,25,30,10
37,5126,5.431474164181924e-09,0.016161037354898888,0.0638394091378431,0.9199995480757839,25,30,10
37,5127,5.431474164181924e-09,0.016161037354898888,0.06383932868359367,0.9199996285300334,25,30,10
37,5128,5.431474164181918e-09,0.016161037354898888,0.06383930023519299,0.9199996569784341,25,30,10
37,5129,5.431474164181918e-09,0.016161037354898888,0.06383930070870712,0.9199996565049199,25,30,10
37,5130,5.431474164181918e-09,0.016161037354898888,0.06383927224500882,0.9199996849686183,25,30,10
37,5131,5.431474164181918e-09,0.016161037354898888,0.06383915636288734,0.9199998008507396,25,30,10
37,5132,5.431474164181918e-09,0.016161037354898888,0.06383915632721171,0.9199998008864152,25,30,10
37,5133,5.431474164181918e-09,0.016161037354898884,0.06383915470128942,0.9199998025123377,25,30,10
37,5134,5.43147416418192e-09,0.016161037354898884,0.06383915524802576,0.9199998019656013,25,30,10
37,5135,5.43147416418192e-09,0.01616103735489888,0.06383907474772432,0.9199998824659028,25,30,10
37,5136,5.431474164181921e-09,0.01616103735489888,0.06383907623017981,0.9199998809834473,25,30,10
37,5137,5.431474164427777e-09,0.016161037354903172,0.06384352092156086,0.919995436292062,25,30,10
37,5138,5.431474164427777e-09,0.016161037354903172,0.06384351950946485,0.9199954377041579,25,30,10
37,5139,5.431474164427777e-09,0.016161037354903172,0.06384363492771762,0.9199953222859051,25,30,10
37,5140,5.431474164427777e-09,0.016161037354903172,0.06384363445314369,0.9199953227604791,25,30,10
37,5141,5.431474164427777e-09,0.016161037354903172,0.06384363465572951,0.9199953225578933,25,30,10
37,5142,5.431474162551856e-09,0.0011229222332935307,0.07888175707662899,0.9199953152586033,25,30,10
37,5143,5.431480880542525e-09,3.5558770262993533e-07,0.08000432371305907,0.9199953152677576,25,30,10
37,5144,5.431480880542525e-09,3.5558770262993533e-07,0.08000440623608858,0.9199952327447279,25,30,10
37,5145,5.431480880542525e-09,3.5558770262993533e-07,0.08000432572069839,0.9199953132601182,25,30,10
37,5146,5.431480880542451e-09,3.555877026299117e-07,0.08000432426223111,0.9199953147185853,25,30,10
37,5147,0.03330302513691434,3.5565293098531004e-07,0.0467012842839499,0.9199953349262047,25,30,10
37,5148,0.03330302513691434,3.5565292669412763e-07,0.04669683959298204,0.9199997796171769,25,30,10
37,5149,0.03330302513691434,3.556529266941272e-07,0.04669683954024867,0.9199997796699102,25,30,10
37,5150,0.03330302513691434,3.556529266941272e-07,0.04669695342438283,0.9199996657857761,25,30,10
37,5151,0.03330302513691434,3.556529266941268e-07,0.04669695290086812,0.9199996663092908,25,30,10
37,5152,0.03330302513691434,3.5565292669542025e-07,0.04682647487622584,0.9198701443339331,25,30,10
37,5153,0.03330302513691434,3.5565292669542025e-07,0.046826474866657905,0.919870144343501,25,30,10
37,5154,0.03330302513691434,3.5565292669542025e-07,0.046826358949472756,0.9198702602606862,25,30,10
37,5155,0.03330302513691434,3.556529266953967e-07,0.046826360435918514,0.9198702587742404,25,30,10
37,5156,0.03330302513691434,3.556529266953967e-07,0.04682636040068604,0.919870258809473,25,30,10
37,5157,0.03330302513691434,3.5565292669539627e-07,0.046826360391630704,0.9198702588185284,25,30,10
37,5158,0.03330302513691434,3.55652926696717e-07,0.04683106365720089,0.9198655555529581,25,30,10
37,5159,0.03992388126424904,3.5558016066310494e-07,0.04021022780240128,0.9198655353531892,25,30,10
37,5160,0.03992388126424904,3.5558016066310494e-07,0.040210256250150934,0.9198655069054396,25,30,10
37,5161,0.03992388126424904,3.5558016066310494e-07,0.04021025625892654,0.9198655068966639,25,30,10
37,5162,0.03992388126424904,3.555801606631285e-07,0.04021025625952166,0.9198655068960687,25,30,10
37,5163,0.03992388126424904,3.555801606644494e-07,0.04021029424638485,0.9198654689092055,25,30,10
37,5164,0.0013266371842741587,3.7124297447871996e-07,0.07880744798828675,0.9198655435844646,25,30,10
37,5165,0.0013266371842741587,3.7124297447874315e-07,0.0788075304873179,0.9198654610854333,25,30,10
37,5166,0.029396952778361244,3.556442258376617e-07,0.0507373048566608,0.9198653867207522,25,30,10
37,5167,0.029396952778361244,3.556442258389824e-07,0.050743911063964385,0.9198587805134486,25,30,10
37,5168,0.029396952778361244,3.556442258376657e-07,0.050614387617900325,0.9199883039595127,25,30,10
37,5169,0.029396952778361244,3.5564422583766577e-07,0.05061438764306865,0.9199883039343443,25,30,10
37,5170,0.029396952778361244,3.5564422591163694e-07,0.050609845133607355,0.9199928464438056,25,30,10
37,5171,0.029396952778361244,3.5564422591295784e-07,0.05060984814092238,0.9199928434364906,25,30,10
37,5172,0.029396952778361244,3.556442259129347e-07,0.050609928614251704,0.9199927629631612,25,30,10
37,5173,0.029396952778361244,3.556442259129351e-07,0.050616534855624805,0.9199861567217882,25,30,10
37,5174,0.02939695281663153,5.926084471589627e-09,0.05061688429955317,0.9199861569577307,25,30,10
37,5175,0.02939695281663153,5.926084396297676e-09,0.05061834640886733,0.9199846948484166,25,30,10
37,5176,0.02939695281663153,5.926084394976759e-09,0.05061834342737124,0.9199846978299128,25,30,10
37,5177,0.02939695281663153,5.926084394953185e-09,0.050618341969322404,0.9199846992879616,25,30,10
37,5178,0.02939695281663153,5.926084394953193e-09,0.05061834339156476,0.9199846978657191,25,30,10
37,5179,0.02939695281663153,5.926084394953199e-09,0.0506183447780368,0.9199846964792471,25,30,10
37,5180,0.02939695277975536,1.9865950009553155e-05,0.05059848452479986,0.9199846967454351,25,30,10
37,5181,0.02939695277975536,1.9865950009553155e-05,0.05059689009664238,0.9199862911735925,25,30,10
37,5182,0.02939695277975536,1.9865950013844797e-05,0.0505970507760293,0.9199861304942014,25,30,10
37,5183,0.02939695277975536,1.9865950013844797e-05,0.050596968269672866,0.9199862130005578,25,30,10
37,5184,0.02939695277975536,1.9865950013844797e-05,0.050596968257559126,0.9199862130126717,25,30,10
37,5185,0.0293969527783608,6.758240850196121e-11,0.050616834652669744,0.919986212501387,25,30,10
37,5186,0.0293969527783608,6.758240850196146e-11,0.050616834673732264,0.9199862124803245,25,30,10
37,5187,0.0293969527783608,6.758240850154796e-11,0.0506102284323482,0.9199928187217086,25,30,10
37,5188,0.0293969527783608,6.758240852464689e-11,0.050739750443188326,0.9198632967108683,25,30,10
37,5189,0.0293969527783608,6.758240852424733e-11,0.05073974996835804,0.9198632971856986,25,30,10
37,5190,0.0293969527783608,6.758240852384077e-11,0.050739749266262006,0.9198632978877945,25,30,10
37,5191,0.0293969527783608,6.758240852384089e-11,0.05073974927809215,0.9198632978759647,25,30,10
37,5192,0.0293969527783608,6.758240850073497e-11,0.050610336940748034,0.9199927102133088,25,30,10
37,5193,0.0293969527783608,6.758240850154809e-11,0.05061033894914607,0.9199927082049105,25,30,10
37,5194,0.0293969527783608,6.758240847797487e-11,0.05061022306749761,0.9199928240865587,25,30,10
37,5195,0.0293969527783608,6.75824084783743e-11,0.050610263727571665,0.9199927834264848,25,30,10
37,5196,0.0293969527783608,6.75824084783743e-11,0.050610263715758726,0.9199927834382977,25,30,10
37,5197,0.0293969527783608,6.758240847837418e-11,0.050610236690662384,0.9199928104633942,25,30,10
37,5198,0.0293969527783608,6.758240847756106e-11,0.05061023465686839,0.919992812497188,25,30,10
37,5199,0.0293969527783608,6.758240847796062e-11,0.05061023516605742,0.9199928119879992,25,30,10
37,5200,0.029396952778354524,3.496465641331962e-07,0.050609885587081814,0.9199928119879992,25,30,10
37,5201,0.029396952778354524,3.496465641318755e-07,0.05060327937993185,0.9199994181951492,25,30,10
37,5202,0.029396952778354524,3.496465641318755e-07,0.050603277976602856,0.9199994195984782,25,30,10
37,5203,0.029396952778354524,3.4964656413187513e-07,0.050603237315465226,0.9199994602596159,25,30,10
37,5204,0.029396952778354524,3.4964655984023347e-07,0.05060307869602209,0.9199996188790633,25,30,10
37,5205,0.029396952778354524,3.4964655984023347e-07,0.050603076663154285,0.9199996209119311,25,30,10
37,5206,0.029396952778354524,3.4964655984023347e-07,0.05060307868803099,0.9199996188870543,25,30,10
37,5207,0.029396952778354527,6.3062059070983e-09,0.05060342202838489,0.9199996188870546,25,30,10
37,5208,0.029396952778354527,6.306205907121474e-09,0.05060342406591843,0.9199996168495207,25,30,10
37,5209,0.029396952778354527,6.306205907121474e-09,0.05060342410053305,0.9199996168149062,25,30,10
37,5210,0.029396952778354527,6.3062059071214665e-09,0.05060339566291084,0.9199996452525286,25,30,10
37,5211,0.029396952778354527,6.306210184878534e-09,0.05073288306315035,0.9198701578522847,25,30,10
37,5212,0.029396952778354527,6.306214476289759e-09,0.050735189309489594,0.9198678516059414,25,30,10
37,5213,0.029396952778354527,6.306214476289766e-09,0.05073518872363397,0.9198678521917969,25,30,10
37,5214,0.028532887554927586,6.307363212183607e-09,0.05159923672442547,0.9198678694132835,25,30,10
37,5215,0.028532887554927586,6.30736321220678e-09,0.05159927671940854,0.9198678294183006,25,30,10
37,5216,0.028532887554927586,6.307363212206788e-09,0.05159927813136553,0.9198678280063436,25,30,10
37,5217,0.028532887554927586,6.307358934426553e-09,0.051469708244181206,0.9199973978935322,25,30,10
37,5218,0.028532887554927586,6.307358934426959e-09,0.051469708279413544,0.9199973978582997,25,30,10
37,5219,0.028532887554927586,6.307363216181824e-09,0.05156201777733403,0.9199050883603752,25,30,10
37,5220,0.028532887554927586,6.307363216182231e-09,0.051562017813088064,0.9199050883246209,25,30,10
37,5221,0.028532887554927586,6.3073589344273655e-09,0.051469708304101774,0.9199973978336115,25,30,10
37,5222,0.028532887554927586,6.307358934427358e-09,0.05146970685613035,0.9199973992815828,25,30,10
37,5223,0.028532887554927586,6.3073589344273655e-09,0.05146970686489099,0.9199973992728223,25,30,10
37,5224,0.028532887554940132,1.7792304025868318e-07,0.05146953524911677,0.9199973992729025,25,30,10
37,5225,0.028532887554940132,1.7792304025868318e-07,0.051469533827342845,0.9199974006946766,25,30,10
37,5226,0.028532887554940132,1.7792304025868318e-07,0.05146953380317934,0.9199974007188402,25,30,10
37,5227,0.028532887554940132,1.779230402586828e-07,0.051469533754432965,0.9199974007675865,25,30,10
37,5228,0.028532887554940132,1.779230402586828e-07,0.05146957322308978,0.9199973612989294,25,30,10
37,5229,0.028532887554940132,1.779230402586828e-07,0.0514696891152729,0.9199972454067463,25,30,10
37,5230,0.028532887554940132,1.7792303596727157e-07,0.051467380872681476,0.919999553649342,25,30,10
37,5231,0.039874343131964404,1.778562297947757e-07,0.04012594290224799,0.9199995361095578,25,30,10
37,5232,0.039874343131964404,1.7785622979477613e-07,0.04012598289778193,0.9199994961140238,25,30,10
37,5233,0.039874343131964404,1.7785622987005952e-07,0.04013068616695193,0.9199947928448537,25,30,10
37,5234,0.039874343131964404,1.7785622987008268e-07,0.04013068867413917,0.9199947903376665,25,30,10
37,5235,0.039874343131964404,1.7785622979479927e-07,0.04012610129067477,0.919999377721131,25,30,10
37,5236,0.039874343131964404,1.7785622979482243e-07,0.040127613071285026,0.9199978659405207,25,30,10
37,5237,0.039874343131964404,1.7785622979484562e-07,0.040127653091193205,0.9199978259206125,25,30,10
37,5238,0.039874343131964404,1.7785622979484562e-07,0.04012765312704833,0.9199978258847574,25,30,10
37,5239,0.039874343131964404,1.7785622979484564e-07,0.04012765315105651,0.9199978258607493,25,30,10
37,5240,0.039874343131964404,1.7785622979482248e-07,0.040126030258546753,0.9199994487532589,25,30,10
37,5241,0.039874343131964404,1.7785622979482243e-07,0.040126030257294644,0.9199994487545112,25,30,10
37,5242,0.039874343131964404,1.7785622979482285e-07,0.040126112744428,0.9199993662673777,25,30,10
37,5243,0.039874343131964404,1.7785622979479967e-07,0.040126110236629396,0.9199993687751763,25,30,10
37,5244,0.039874343131964404,1.7785622979477653e-07,0.040126072275289956,0.9199994067365159,25,30,10
37,5245,0.039874343131964404,1.7785622979477653e-07,0.04012607227615161,0.9199994067356542,25,30,10
37,5246,0.039874343131964404,1.7785622979477653e-07,0.040125956347075976,0.9199995226647301,25,30,10
37,5247,0.039874343131964404,1.7785622979475295e-07,0.040125927909270685,0.9199995511025351,25,30,10
37,5248,0.039874343131964404,1.7785622979475295e-07,0.04012592787377435,0.9199995511380316,25,30,10
37,5249,0.039874343131964404,1.7785622979475295e-07,0.040125927898024424,0.9199995511137815,25,30,10
37,5250,0.039874343131964404,1.7785622979343203e-07,0.040125887913400146,0.9199995910984059,25,30,10
37,5251,0.039874343131964404,1.7785622986872087e-07,0.040127445934966574,0.9199980330768394,25,30,10
37,5252,0.039874343131964404,1.7785622986872047e-07,0.04012736411305537,0.9199981148987506,25,30,10
37,5253,0.039874343131964404,1.7785622986872087e-07,0.04012747796152876,0.9199980010502772,25,30,10
37,5254,0.039874343131964404,1.7785622986872087e-07,0.0401274779498447,0.9199980010619613,25,30,10
37,5255,0.039874343131964404,1.7785622986872087e-07,0.04012747794980905,0.9199980010619968,25,30,10
37,5256,0.039874343131964404,1.778562297934316e-07,0.04012596245625928,0.9199995165555468,25,30,10
37,5257,0.039874343131964404,1.7785622979343123e-07,0.040125990868272454,0.9199994881435335,25,30,10
37,5258,0.039874343131964404,1.7785622979345442e-07,0.04013259711583542,0.9199928818959706,25,30,10
37,5259,0.039874343131964404,1.7785622979477531e-07,0.040132713058673476,0.9199927659531322,25,30,10
37,5260,0.039874343131964404,1.7785622979475213e-07,0.0401326730860993,0.9199928059257065,25,30,10
37,5261,0.039874343131964404,1.7785622979475213e-07,0.04013267309784587,0.9199928059139597,25,30,10
37,5262,0.003547193973292865,1.7831373047826277e-07,0.0764598217602323,0.919992805952744,25,30,10
37,5263,0.003547193973292865,1.7831373047826277e-07,0.07645982033829263,0.9199928073746836,25,30,10
37,5264,0.003547193973292865,1.7831373047824e-07,0.0764532155297482,0.9199994121832282,25,30,10
37,5265,0.003547193973292865,1.783137304782632e-07,0.07645321696521729,0.919999410747759,25,30,10
37,5266,0.003547193973292865,1.7831373047824e-07,0.07645321692990707,0.9199994107830693,25,30,10
37,5267,0.003547193973292865,1.7831373047824e-07,0.07645318849205963,0.9199994392209166,25,30,10
37,5268,0.003547193973280436,4.5944788388173834e-10,0.07645336634643504,0.9199994392208365,25,30,10
37,5269,0.003547193973280436,4.594478838821448e-10,0.07645336437370774,0.9199994411935637,25,30,10
37,5270,0.003547193973280436,4.594478839053189e-10,0.07645339284664261,0.919999412720629,25,30,10
37,5271,0.003547193973280436,4.594478839053189e-10,0.0764533943189373,0.9199994112483342,25,30,10
37,5272,0.003547193973280436,4.59447883905326e-10,0.07645347539411762,0.9199993301731538,25,30,10
37,5273,0.003547193973280436,4.594478839053189e-10,0.07645347539473306,0.9199993301725382,25,30,10
37,5274,0.003547193973280436,4.594478838821451e-10,0.07645347333737787,0.9199993322298937,25,30,10
37,5275,0.003547193973280436,4.59447883905319e-10,0.07645352951519796,0.9199992760520734,25,30,10
37,5276,6.662021792220527e-16,2.1042243689763114e-12,0.08000058531779128,0.9199994146801038,25,30,10
37,5277,6.662021739124339e-16,2.1042243689762335e-12,0.08000050426530175,0.9199994957325935,25,30,10
37,5278,6.662021752650767e-16,2.104224346615531e-12,0.08000045011302172,0.9199995498848736,25,30,10
37,5279,6.662021752646968e-16,2.10422434620184e-12,0.08000036761484174,0.9199996323830536,25,30,10
37,5280,6.66202175357848e-16,2.1042243693686422e-12,0.08000045012477022,0.9199995498731249,25,30,10
37,5281,6.662018712865378e-16,2.1042243685626504e-12,0.08000044809920821,0.919999551898687,25,30,10
37,5282,6.662018712865372e-16,2.1042243685625252e-12,0.08000044806353807,0.9199995519343571,25,30,10
37,5283,6.662018712865378e-16,2.104224368569658e-12,0.08000044947564491,0.9199995505222504,25,30,10
37,5284,6.662018712865367e-16,2.1042243685624004e-12,0.08000036695270157,0.9199996330451935,25,30,10
37,5285,6.662018699588239e-16,2.104224345388314e-12,0.08000033847956174,0.9199996615183335,25,30,10
37,5286,6.662018699588244e-16,2.1042243453884412e-12,0.08000033844419134,0.919999661553704,25,30,10
37,5287,6.662018699588245e-16,2.104224345388316e-12,0.080000222562082,0.9199997774358135,25,30,10
37,5288,6.662018699355313e-16,2.1042243453811856e-12,0.08000022398480164,0.9199997760130938,25,30,10
37,5289,6.662018699355313e-16,2.104224345381061e-12,0.08000022399640193,0.9199997760014935,25,30,10
37,5290,6.6620186993555935e-16,2.1042243453739284e-12,0.08000022540850887,0.9199997745893864,25,30,10
37,5291,6.662019456149958e-16,2.1042996370076818e-12,0.0800002268617621,0.9199997731361332,25,30,10
37,5292,6.66201945521823e-16,2.1042996366012465e-12,0.08000018830568681,0.9199998116922083,25,30,10
37,5293,6.662020212015086e-16,2.104299637014815e-12,0.08000018903231051,0.9199998109655846,25,30,10
37,5294,6.662020265123352e-16,2.1042996374285063e-12,0.08000018906010459,0.9199998109377907,25,30,10
37,5295,7.222632558733648e-16,2.104374952636359e-12,0.08000030451447569,0.9199996954834194,25,30,10
37,5296,7.222632558733433e-16,2.1043749530429203e-12,0.08000030310395494,0.9199996968939402,25,30,10
37,5297,7.22263255873752e-16,2.1043749530429203e-12,0.08000034165148867,0.9199996583464065,25,30,10
37,5298,7.222631802872391e-16,2.104376273545978e-12,0.08000034440532568,0.9199996555925694,25,30,10
37,5299,7.222631802888737e-16,2.1043762739525367e-12,0.08000034582973262,0.9199996541681625,25,30,10
37,5300,7.225090633333298e-16,2.104451589315537e-12,0.08000038796196429,0.9199996120359307,25,30,10
37,5301,6.203574267951317e-16,3.4965437092404294e-07,0.08000003830953989,0.9199996120360885,25,30,10
37,5302,6.203574268167903e-16,3.4965437092401975e-07,0.08000003885995026,0.9199996114856782,25,30,10
37,5303,6.203574268167902e-16,3.4965437092401975e-07,0.08000003883531576,0.9199996115103127,25,30,10
37,5304,6.2035742683837985e-16,3.496543709240198e-07,0.0801295608460503,0.9198700894995784,25,30,10
37,5305,5.642961974789778e-16,3.496543708487046e-07,0.08012944540043188,0.919870204945197,25,30,10
37,5306,5.642961974785684e-16,3.496543708487046e-07,0.08012940540533699,0.9198702449402919,25,30,10
37,5307,5.642961974553721e-16,3.4965437084870455e-07,0.07999988197229672,0.9199997683733317,25,30,10
37,5308,5.642961217775489e-16,3.4965437077341253e-07,0.07999976531167015,0.9199998850339582,25,30,10
37,5309,5.642961270881886e-16,3.496543707734357e-07,0.08000138821279272,0.919998262132836,25,30,10
37,5310,5.642961270914004e-16,3.4965437077343577e-07,0.08000141666020304,0.9199982336854257,25,30,10
37,5311,6.8029310720950356e-15,1.092108232907443e-10,0.08000176620535462,0.9199982336854277,25,30,10
37,5312,6.8029310668074745e-15,1.0921082329033085e-10,0.08000176616216471,0.9199982337286176,25,30,10
37,5313,6.8029310668074745e-15,1.0921082329033085e-10,0.08000176619720606,0.9199982336935765,25,30,10
37,5314,6.802931066804205e-15,1.0921082329032373e-10,0.08000173772504394,0.9199982621657383,25,30,10
37,5315,6.802931066897378e-15,1.0921082329073029e-10,0.0800017661985305,0.919998233692252,25,30,10
37,5316,6.591585245408695e-16,1.9141484646157045e-13,0.080001766307716,0.919998233692092,25,30,10
37,5317,6.5915852454209525e-16,1.9141484646857794e-13,0.08000176563145413,0.9199982343683538,25,30,10
37,5318,6.591585245652373e-16,1.9141484606214125e-13,0.08000621076307653,0.9199937892367314,25,30,10
37,5319,6.591585245652373e-16,1.9141484646845422e-13,0.080006212787169,0.9199937872126389,25,30,10
37,5320,6.591585272206529e-16,1.9141484606927606e-13,0.08000629280298482,0.919993707196823,25,30,10
37,5321,0.0019122787681917774,1.4111364333578576e-08,0.07809407131239976,0.9199936358080438,25,30,10
37,5322,0.0019122787681917774,1.4111364333578576e-08,0.07809411197353726,0.9199935951469064,25,30,10
37,5323,0.0019122787681917774,1.4111364333578576e-08,0.07809411127245333,0.9199935958479903,25,30,10
37,5324,0.0019122787681917774,1.411136433487632e-08,0.07809249185208347,0.9199952152683601,25,30,10
37,5325,0.0019122787681917774,1.4111364334876329e-08,0.0780924924348239,0.9199952146856196,25,30,10
37,5326,0.0019122787681917774,1.4111364337500566e-08,0.07835874680893194,0.9197289603115117,25,30,10
37,5327,0.0019122787681917774,1.4111364336179651e-08,0.0783587433284737,0.9197289637919701,25,30,10
37,5328,0.0019122787681917774,1.4111364336179651e-08,0.07835874332862368,0.91972896379182,25,30,10
37,5329,0.0019122787681917774,1.4111364336179651e-08,0.07835874335295188,0.9197289637674919,25,30,10
37,5330,0.0019122787681917774,1.4111364336179644e-08,0.07835874135476593,0.9197289657656776,25,30,10
37,5331,1.4253201225842693e-07,1.0817632129354418e-13,0.08027095898036206,0.9197288984875178,25,30,10
37,5332,1.4253201225842693e-07,1.0817632129367148e-13,0.08027095753279453,0.9197288999350854,25,30,10
37,5333,1.4253201225941047e-07,1.0825029237689258e-13,0.08027098608934066,0.9197288713785392,25,30,10
37,5334,1.4253201225941047e-07,1.0825029277631885e-13,0.0802709868273182,0.9197288706405615,25,30,10
37,5335,1.4253201225941047e-07,1.0825029277619808e-13,0.08027098682686917,0.9197288706410106,25,30,10
37,5336,1.4253201225842693e-07,1.0817500079398708e-13,0.08053717675455209,0.9194626807133278,25,30,10
37,5337,1.4253201225842693e-07,1.08175001200423e-13,0.08053717681455572,0.9194626806533241,25,30,10
37,5338,1.42532012258427e-07,1.0825029324252921e-13,0.08053729178420714,0.9194625656836726,25,30,10
37,5339,1.42532012258427e-07,1.0825029364909027e-13,0.0805372908628709,0.9194625666050089,25,30,10
37,5340,1.42532012258427e-07,1.0825029446196204e-13,0.08053729230939018,0.9194625651584897,25,30,10
37,5341,1.42532012258427e-07,1.0825031722936e-13,0.08053733085654166,0.9194625266113383,25,30,10
37,5342,1.4253201225842704e-07,1.0824899631986883e-13,0.08053744399666309,0.9194624134712166,25,30,10
37,5343,1.4253201225842704e-07,1.0825030803502857e-13,0.08080377639018474,0.919196081077695,25,30,10
37,5344,1.4253201225842704e-07,1.0825162883338911e-13,0.0805406051640832,0.9194592523037965,25,30,10
37,5345,1.4253201225842704e-07,1.0825162883314108e-13,0.08054060512888124,0.9194592523389986,25,30,10
37,5346,1.4253201225842704e-07,1.0825162923256948e-13,0.08054060655085149,0.9194592509170283,25,30,10
37,5347,1.4253201225842704e-07,1.0825162923256951e-13,0.08054060657668075,0.919459250891199,25,30,10
37,5348,1.4253201225842704e-07,1.0825031711097388e-13,0.08027427217445492,0.9197255852934247,25,30,10
37,5349,1.4253201225842704e-07,1.0825031711109904e-13,0.0802742726987497,0.9197255847691301,25,30,10
37,5350,1.4253201225842704e-07,1.0825031751778216e-13,0.08027431522660165,0.919725542241278,25,30,10
37,5351,1.4253201225842704e-07,1.0825031752491262e-13,0.08027431522682456,0.9197255422410552,25,30,10
37,5352,1.4253201225844427e-07,1.0825034110532491e-13,0.08027431773486471,0.919725539733015,25,30,10
37,5353,1.425320122584443e-07,1.0825036427917944e-13,0.08027431843675259,0.919725539031127,25,30,10
37,5354,1.425320122584443e-07,1.082503642791816e-13,0.08027431844718469,0.9197255390206951,25,30,10
37,5355,1.4253201225844858e-07,1.0825041022045543e-13,0.08027423868436118,0.9197256187835186,25,30,10
37,5356,1.425320122584489e-07,1.0825173154003247e-13,0.08027435506966517,0.9197255023982146,25,30,10
37,5357,1.425320122584489e-07,1.0825173154716076e-13,0.0802744375678455,0.9197254199000341,25,30,10
37,5358,1.425320122584489e-07,1.0825175390799776e-13,0.08027447611518022,0.9197253813526995,25,30,10
37,5359,1.4253201225843164e-07,1.082517303277084e-13,0.08027447358274674,0.919725383885133,25,30,10
37,5360,1.4253201225843164e-07,1.0825173072713685e-13,0.08027435899581584,0.9197254984720638,25,30,10
37,5361,1.4253201225843164e-07,1.082517303134475e-13,0.08027435698865762,0.9197255004792223,25,30,10
37,5362,1.4253201225843164e-07,1.0825175348728596e-13,0.08027438546114872,0.9197254720067312,25,30,10
37,5363,1.4253201225843164e-07,1.0825173072702056e-13,0.08027434552730081,0.9197255119405789,25,30,10
37,5364,1.4253201225843164e-07,1.0825170755293406e-13,0.08027431705421838,0.9197255404136615,25,30,10
37,5365,1.4253201225818577e-07,1.0817641536396932e-13,0.08027439082769908,0.919725466640181,25,30,10
37,5366,1.4253201225818145e-07,1.081763690160124e-13,0.08027438809233875,0.9197254693755411,25,30,10
37,5367,1.4253201225818145e-07,1.0817636860932621e-13,0.08027438755714522,0.9197254699107347,25,30,10
37,5368,1.4253201225818145e-07,1.0817636820977485e-13,0.08027438553141296,0.919725471936467,25,30,10
37,5369,1.4253201225818145e-07,1.0817636780333707e-13,0.08027435709359335,0.9197255003742865,25,30,10
37,5370,1.4253201225818145e-07,1.0817636780333707e-13,0.080274357069043,0.9197255003988368,25,30,10
37,5371,1.4253201225818145e-07,1.0817634463653531e-13,0.08027427456921238,0.9197255828986676,25,30,10
37,5372,1.4253201225818145e-07,1.0817634462965073e-13,0.08027427458564335,0.9197255828822367,25,30,10
37,5373,1.4253201225818145e-07,1.0817634463678554e-13,0.08027427505995213,0.9197255824079278,25,30,10
37,5374,1.4253201225818145e-07,1.0817634462990097e-13,0.08027427459548661,0.9197255828723934,25,30,10
37,5375,1.4253201225818145e-07,1.0817634462990311e-13,0.08027427459589656,0.9197255828719836,25,30,10
37,5376,1.4253201225818145e-07,1.0817634462990531e-13,0.08027427464606232,0.9197255828218178,25,30,10
37,5377,1.4253201225818145e-07,1.0817634463003043e-13,0.08027419262263619,0.9197256648452438,25,30,10
37,5378,1.4253201225818145e-07,1.0817636781112224e-13,0.08027422113017853,0.9197256363377013,25,30,10
37,5379,1.4253201225818145e-07,1.0817636781099705e-13,0.0802742206058908,0.9197256368619893,25,30,10
37,5380,1.4253201225818116e-07,1.0817504649166809e-13,0.08027410421907198,0.9197257532488081,25,30,10
37,5381,1.4253201225818116e-07,1.0817506966564727e-13,0.08027410570189207,0.9197257517659878,25,30,10
37,5382,1.4253201225818116e-07,1.0817506965839168e-13,0.08027410520237169,0.9197257522655081,25,30,10
37,5383,1.4253201225818116e-07,1.0817506965126122e-13,0.08027410517838543,0.9197257522894947,25,30,10
37,5384,1.4253201225818116e-07,1.0817244540794045e-13,0.08000777077636759,0.9199920866915124,25,30,10
37,5385,1.4253201225818116e-07,1.0817244540806554e-13,0.08000785327433971,0.9199920041935402,25,30,10
37,5386,1.4253201225818116e-07,1.081724454080699e-13,0.08000785327495724,0.9199920041929226,25,30,10
37,5387,1.4253201225818116e-07,1.0817244541495231e-13,0.08000777278517461,0.9199920846827052,25,30,10
37,5388,1.4253201225818116e-07,1.0817242224099543e-13,0.08000773279024592,0.9199921246776341,25,30,10
37,5389,1.4253201225818116e-07,1.0817242224112052e-13,0.08000773078247363,0.9199921266854065,25,30,10
37,5390,1.4253201225818116e-07,1.081724218348097e-13,0.08000773073477731,0.9199921267331027,25,30,10
37,5391,1.4253201225818116e-07,1.0817242183470394e-13,0.08000769735248525,0.9199921601153949,25,30,10
37,5392,1.4253201225818116e-07,1.0817242184183225e-13,0.08000769732771128,0.9199921601401687,25,30,10
37,5393,1.4253201225818145e-07,1.081737427578116e-13,0.08000772783572689,0.9199921296321532,25,30,10
37,5394,1.4253201225818145e-07,1.0817374316435615e-13,0.08000935073696272,0.9199905067309172,25,30,10
37,5395,1.4253201225818145e-07,1.0817371998325999e-13,0.08000944018391007,0.9199904172839698,25,30,10
37,5396,1.4253201225818145e-07,1.0817371957671547e-13,0.08000781728268169,0.9199920401851981,25,30,10
37,5397,1.4253203713543903e-07,1.0914025951639314e-10,0.08000781665378937,0.9199920407050334,25,30,10
37,5398,1.4253203713543903e-07,1.0914025951640026e-10,0.08000781868681482,0.9199920386720081,25,30,10
37,5399,1.4253203713544334e-07,1.0914033480520307e-10,0.08000944379249011,0.9199904135663326,25,30,10
37,5400,1.4253203713544334e-07,1.0914033480560974e-10,0.08000944380621654,0.9199904135526062,25,30,10
37,5401,1.4253203713543903e-07,1.0914025951640752e-10,0.08000793458062289,0.9199919227781999,25,30,10
37,5402,1.4253203713543903e-07,1.0914025953958131e-10,0.08000805046296736,0.9199918068958556,25,30,10
37,5403,1.4253203713543903e-07,1.0914025951640733e-10,0.08000805176911195,0.9199918055897107,25,30,10
37,5404,1.4253203713543903e-07,1.0914025949323355e-10,0.08000793729865086,0.9199919200601719,25,30,10
37,5405,1.4253203713543903e-07,1.0914025949322655e-10,0.0800079372636065,0.9199919200952162,25,30,10
37,5406,1.4253203713543903e-07,1.0914025947046626e-10,0.08000801830372578,0.9199918390550973,25,30,10
37,5407,1.4253203713543903e-07,1.0914025949323368e-10,0.08000801891477492,0.9199918384440481,25,30,10
37,5408,1.4253203713543903e-07,1.091402607909231e-10,0.08000963976931852,0.9199902175895044,25,30,10
37,5409,1.4253203713543903e-07,1.0914026079092297e-10,0.08000964119169347,0.9199902161671294,25,30,10
37,5410,1.4253203713543903e-07,1.0914026081409662e-10,0.08000972370210807,0.919990133656715,25,30,10
37,5411,1.42532012148141e-07,3.5549321345525567e-07,0.08000936883789493,0.9199901331368797,25,30,10
37,5412,1.42532012148141e-07,3.5549321345525567e-07,0.08000939728495615,0.9199901046898183,25,30,10
37,5413,1.42532012148141e-07,3.5549321345525567e-07,0.08000939727326112,0.9199901047015133,25,30,10
37,5414,1.4253201214814102e-07,3.5549321345525567e-07,0.08000945277583989,0.9199900491989347,25,30,10
37,5415,1.4253201214814102e-07,3.5549321345525567e-07,0.08000945135390021,0.9199900506208742,25,30,10
37,5416,1.4253201214814102e-07,3.5549321345527886e-07,0.08000512207882032,0.9199943798959541,25,30,10
37,5417,1.4253201214814102e-07,3.55493213453958e-07,0.0800019589034346,0.9199975430713399,25,30,10
37,5418,1.4253201214815825e-07,3.5549321345527854e-07,0.08000190688850775,0.9199975950862667,25,30,10
37,5419,1.4253201214815825e-07,3.5549321345395764e-07,0.08000031294756661,0.9199991890272078,25,30,10
37,5420,1.4253201214815825e-07,3.5549321345395764e-07,0.08000031291279554,0.9199991890619791,25,30,10
37,5421,1.4253201214814102e-07,3.5549321345263675e-07,0.08000028241352798,0.9199992195612465,25,30,10
37,5422,1.425320121481413e-07,3.554932177442807e-07,0.08000030790065021,0.9199991940741201,25,30,10
37,5423,1.425320121481413e-07,3.554932177442815e-07,0.08000258748467974,0.9199969144900905,25,30,10
37,5424,1.4253201214814102e-07,3.554932177429606e-07,0.08000255697605997,0.9199969449987104,25,30,10
37,5425,1.4253201214814102e-07,3.554932177429606e-07,0.08000255698604647,0.9199969449887239,25,30,10
37,5426,1.42532012148141e-07,3.554932177429606e-07,0.08000252801446289,0.9199969739603074,25,30,10
37,5427,1.42532012148141e-07,3.554932177429606e-07,0.08000252804906197,0.9199969739257083,25,30,10
37,5428,1.42532012148141e-07,3.554932177429606e-07,0.08000252949703335,0.9199969724777369,25,30,10
37,5429,1.42532012148141e-07,3.554932177429838e-07,0.08000253094480957,0.9199969710299608,25,30,10
37,5430,1.42532012148141e-07,3.5549321774298293e-07,0.08000025135203187,0.9199992506227385,25,30,10
37,5431,1.42532012148141e-07,3.5549321774298293e-07,0.08000025137680548,0.9199992505979648,25,30,10
37,5432,1.4253201214814094e-07,3.5549321766769096e-07,0.08000013495982246,0.9199993670149479,25,30,10
37,5433,1.4253201214814094e-07,3.5549321766769096e-07,0.0800001363362314,0.9199993656385389,25,30,10
37,5434,1.4253201214814094e-07,3.5549321766769096e-07,0.0800001359334638,0.9199993660413065,25,30,10
37,5435,1.4253201214814094e-07,3.5549321766769096e-07,0.08000013498534955,0.9199993669894208,25,30,10
37,5436,1.4253201214814523e-07,3.5549321766901186e-07,0.08000009245644799,0.9199994095183223,25,30,10
37,5437,1.4253201214814494e-07,3.5549321337736797e-07,0.0799999510478539,0.9199995509269208,25,30,10
37,5438,1.4253201214814494e-07,3.5549321337736787e-07,0.07999995102228483,0.9199995509524898,25,30,10
37,5439,1.4253201214814494e-07,3.5549321337736787e-07,0.07999994903600326,0.9199995529387713,25,30,10
37,5440,1.4253201214814494e-07,3.5549321337736787e-07,0.07999994701466201,0.9199995549601128,25,30,10
37,5441,1.4253201214814494e-07,3.5549321337736787e-07,0.07999994904786012,0.9199995529269147,25,30,10
37,5442,2.3345787679722656e-05,3.554931916790888e-07,0.07997674498502103,0.9199995537341077,25,30,10
37,5443,2.3345787679722656e-05,3.554931916790884e-07,0.07997674498329689,0.9199995537358318,25,30,10
37,5444,2.3345787679722656e-05,3.554931916790652e-07,0.0799766624603505,0.9199996362587781,25,30,10
37,5445,2.3345787679722656e-05,3.554931916790652e-07,0.07997666104867758,0.919999637670451,25,30,10
37,5446,2.3345787679722656e-05,3.554931916790652e-07,0.0799766610836599,0.9199996376354688,25,30,10
37,5447,2.3345787679722656e-05,3.5549319175435356e-07,0.0799789406667362,0.9199973580523922,25,30,10
37,5448,2.3345787679722656e-05,3.5549319175437675e-07,0.07997894249809462,0.9199973562210338,25,30,10
37,5449,2.3345787679722656e-05,3.5549319604586145e-07,0.07998056606507259,0.9199957326540517,25,30,10
37,5450,2.3345787679722656e-05,3.554932003367882e-07,0.07998717258386892,0.919989126135251,25,30,10
37,5451,2.3345787679722656e-05,3.5549319604583826e-07,0.07998068049940694,0.9199956182197172,25,30,10
37,5452,2.3345787679722656e-05,3.5549319604583837e-07,0.07998068249739554,0.9199956162217288,25,30,10
37,5453,2.3345787679722656e-05,3.554931960458615e-07,0.07998068099894268,0.9199956177201816,25,30,10
37,5454,2.3345787679722656e-05,3.554931960458615e-07,0.0799806809741765,0.9199956177449478,25,30,10
37,5455,2.3345787679722656e-05,3.554931960471824e-07,0.07998068442986385,0.9199956142892605,25,30,10
37,5456,2.3345787679722656e-05,3.554931960471824e-07,0.07998068510550804,0.9199956136136163,25,30,10
37,5457,2.3345787679722656e-05,3.5549319604715926e-07,0.07998060257080578,0.9199956961483186,25,30,10
37,5458,2.3345787679722656e-05,3.554931959718709e-07,0.07997832301500696,0.9199979757041175,25,30,10
37,5459,2.3345787679722656e-05,3.5549319597187127e-07,0.07997832369408141,0.9199979750250429,25,30,10
37,5460,2.334578767972265e-05,3.554931959705503e-07,0.07997828227272814,0.9199980164463963,25,30,10
37,5461,2.334578767972265e-05,3.5549319597055074e-07,0.07997828429450976,0.9199980144246147,25,30,10
37,5462,2.334578767972265e-05,3.554931959705735e-07,0.07997990516166395,0.9199963935574605,25,30,10
37,5463,2.334578767972265e-05,3.554931959705735e-07,0.07997990515289738,0.9199963935662271,25,30,10
37,5464,2.334578767972265e-05,3.554931959705503e-07,0.07997990515245024,0.9199963935666742,25,30,10
37,5465,2.334578767972265e-05,3.554931959705503e-07,0.07997990515204796,0.9199963935670763,25,30,10
37,5466,2.334578767972265e-05,3.554931959705503e-07,0.07997990515171409,0.9199963935674103,25,30,10
37,5467,2.334578767972265e-05,3.5549319597052724e-07,0.07997990665016712,0.9199963920689572,25,30,10
37,5468,2.334578767972265e-05,3.5549319597052724e-07,0.07997990597019472,0.9199963927489295,25,30,10
37,5469,2.334578767972265e-05,3.5549319597052724e-07,0.07997990800339165,0.9199963907157326,25,30,10
37,5470,2.334578767972265e-05,3.5549319167904254e-07,0.07997828440149975,0.9199980143176287,25,30,10
37,5471,2.334578767972265e-05,3.5549319167904254e-07,0.07997828443363195,0.9199980142854964,25,30,10
37,5472,2.3345787679722656e-05,3.554931954867821e-07,0.08449952827753078,0.9154767704415938,25,30,10
37,5473,0.03974252291741617,3.6063982127079857e-07,0.04478034638542568,0.9154767700573367,25,30,10
37,5474,0.0397425229188454,3.6685750580053454e-07,0.04478034016615107,0.9154767700574973,25,30,10
37,5475,0.0397425229188454,3.6685750580053533e-07,0.04515344320064653,0.9151036670230019,25,30,10
37,5476,0.0397425229188454,3.6685750587581554e-07,0.045160049419194735,0.9150970608044537,25,30,10
37,5477,0.0397425229188454,3.6685750587579236e-07,0.045158428551592474,0.915098681672056,25,30,10
37,5478,0.0397425229188454,3.6685775044588157e-07,0.045167334808428834,0.915089775414975,25,30,10
37,5479,0.0397425229188454,3.668577504458824e-07,0.04516733480859141,0.9150897754148126,25,30,10
37,5480,0.03999372109784826,3.61711157406338e-07,0.04491614219125917,0.915089774999735,25,30,10
37,5481,0.03999372109784826,3.617111574063372e-07,0.04454303714850212,0.9154628800424921,25,30,10
37,5482,0.03999372109784826,3.617111616966568e-07,0.04454320529176894,0.9154627118992209,25,30,10
37,5483,0.03999372109784826,3.61711161696656e-07,0.04454308939984024,0.9154628277911496,25,30,10
37,5484,0.03999372109784826,3.6171116162137575e-07,0.04453648518280064,0.9154694320081893,25,30,10
37,5485,0.03999372109784826,3.6171116162137575e-07,0.04453648721600779,0.9154694299749822,25,30,10
37,5486,0.03999372109784826,3.617111573297353e-07,0.044536317039004486,0.9154696001519897,25,30,10
37,5487,0.03999372109784826,3.6171091275964615e-07,0.04452741075475036,0.9154785064364884,25,30,10
37,5488,0.039993721097849065,3.617109127609901e-07,0.04452961600289591,0.9154763011883422,25,30,10
37,5489,0.039993721097849065,3.617109127609901e-07,0.044529615967848865,0.9154763012233893,25,30,10
37,5490,0.039993721097849065,3.6171091276098975e-07,0.04452965523588483,0.9154762619553535,25,30,10
37,5491,0.039993721097849065,3.617109127609901e-07,0.04452968122659371,0.9154762359646444,25,30,10
37,5492,0.039993721097849065,3.617109127609901e-07,0.044529565342957926,0.9154763518482802,25,30,10
37,5493,0.039993721097849065,3.617109127609901e-07,0.04452968125968529,0.9154762359315528,25,30,10
37,5494,0.039993721097849065,3.617109127609901e-07,0.044529679227105365,0.9154762379641328,25,30,10
37,5495,0.039993721097849065,3.617109127609901e-07,0.044529677264817734,0.9154762399264205,25,30,10
37,5496,0.039993721097849065,3.617109127609901e-07,0.04452967719347283,0.9154762399977655,25,30,10
37,5497,0.039993721097849065,3.617109127609901e-07,0.04452967719499865,0.9154762399962395,25,30,10
37,5498,0.039993721097849065,3.617109127609901e-07,0.04452956131303914,0.915476355878199,25,30,10
37,5499,0.039993721097849065,3.617109127609901e-07,0.04452956201468975,0.9154763551765486,25,30,10
37,5500,0.039993721097849065,3.617109127609901e-07,0.044529560579649324,0.9154763566115891,25,30,10
37,5501,0.039993721097849065,3.617109127609901e-07,0.04452956062497518,0.915476356566263,25,30,10
37,5502,0.039993721097849065,3.617109127609901e-07,0.04452956262293587,0.9154763545683023,25,30,10
37,5503,0.039993721097849065,3.61710912762311e-07,0.04452960124010329,0.9154763159511349,25,30,10
37,5504,0.039993721097849065,3.61710912762311e-07,0.04452960126505749,0.9154763159261806,25,30,10
37,5505,0.039993721097849065,3.61710912762311e-07,0.04452960172953339,0.9154763154617048,25,30,10
37,5506,0.039993721097849065,3.61710912762311e-07,0.04452960372547768,0.9154763134657604,25,30,10
37,5507,0.039993721097849065,3.61710912762311e-07,0.04452960170121592,0.9154763154900222,25,30,10
37,5508,0.039993721097849065,3.61710912762311e-07,0.044529601700785716,0.9154763154904525,25,30,10
37,5509,0.039993721097849065,3.61710912762311e-07,0.04452968419895532,0.9154762329922829,25,30,10
37,5510,0.039993721097849065,3.617109127623342e-07,0.044529645663947896,0.9154762715272904,25,30,10
37,5511,0.039993721097849065,3.617109127623342e-07,0.0445296436661233,0.9154762735251148,25,30,10
37,5512,0.039993721097849065,3.617109170427697e-07,0.04462190068823897,0.9153840165029951,25,30,10
37,5513,0.039993721097849065,3.617109127610133e-07,0.044529604977619215,0.9154763122136191,25,30,10
37,5514,0.039993721097849065,3.617109127609901e-07,0.0445296035179771,0.9154763136732612,25,30,10
37,5515,0.039993721097849065,3.617109127609901e-07,0.044529521696514196,0.9154763954947243,25,30,10
37,5516,0.039993721097849065,3.617109127609901e-07,0.044529521721107634,0.9154763954701306,25,30,10
37,5517,0.039993721097849065,3.617109127610133e-07,0.0445296376387124,0.9154762795525261,25,30,10
37,5518,0.039993721097849065,3.617109127610133e-07,0.04452963767452998,0.9154762795167083,25,30,10
37,5519,0.039993721097849065,3.617109127609901e-07,0.04452963580903699,0.9154762813822015,25,30,10
37,5520,0.039993721097849065,3.617109128355801e-07,0.04490273943501489,0.9151031777562235,25,30,10
37,5521,0.039993721097849065,3.617109128355801e-07,0.04490273736616695,0.9151031798250713,25,30,10
37,5522,0.039993721097849065,3.617109128355801e-07,0.04490273666494315,0.9151031805262951,25,30,10
37,5523,0.039993721097849065,3.617109128355801e-07,0.04490273668139988,0.9151031805098384,25,30,10
37,5524,0.039993721097849065,3.6171091283690085e-07,0.04490922700659375,0.9150966901846445,25,30,10
37,5525,0.039993721097849065,3.6171091283690085e-07,0.04490922703198597,0.9150966901592522,25,30,10
37,5526,0.039993721097849065,3.6171091283690085e-07,0.04490922705693676,0.9150966901343014,25,30,10
37,5527,0.039993721097849065,3.617109128382213e-07,0.04490928225926461,0.9150966349319737,25,30,10
37,5528,0.039993721097849065,3.617109128369004e-07,0.0449091990327438,0.9150967181584946,25,30,10
37,5529,0.039993721097849065,3.617109128369004e-07,0.044909199057956296,0.915096718133282,25,30,10
37,5530,0.039993721097849065,3.617109128369004e-07,0.04490919904194911,0.9150967181492892,25,30,10
37,5531,0.039993721097849065,3.617109128369004e-07,0.04490920045391054,0.9150967167373278,25,30,10
37,5532,0.039993721097849065,3.617109128382213e-07,0.04490931638780496,0.9150966008034334,25,30,10
37,5533,0.039993721097849065,3.617109128382213e-07,0.04490931839561524,0.9150965987956231,25,30,10
37,5534,0.039993721097818395,1.2205348201255999e-08,0.044909667901371,0.9150965987954625,25,30,10
37,5535,0.039993721097818395,1.2205348201256005e-08,0.04490966792439338,0.9150965987724402,25,30,10
37,5536,0.039993721097818395,1.2205348201255999e-08,0.04490966787765715,0.9150965988191764,25,30,10
37,5537,0.039993721097818395,1.2205348201255992e-08,0.0449096664303254,0.9150966002665081,25,30,10
37,5538,0.03392543843797484,1.2207944091478042e-08,0.05097794908276951,0.9150966002713116,25,30,10
37,5539,0.03392543843797484,1.2207944091478042e-08,0.050977949107108886,0.9150966002469721,25,30,10
37,5540,0.03392543843797484,1.2207944091501217e-08,0.05097795116446422,0.9150965981896168,25,30,10
37,5541,0.03392543843797484,1.2207944091501225e-08,0.050977949166795405,0.9150966001872857,25,30,10
37,5542,0.03392543843797484,1.220794409150123e-08,0.05097795117520399,0.9150965981788771,25,30,10
37,5543,0.03392543843797484,1.2207944091501639e-08,0.050977950589966514,0.9150965987641144,25,30,10
37,5544,0.03392543843797484,1.2207944091501639e-08,0.05097794859227409,0.915096600761807,25,30,10
37,5545,0.03392543843797484,1.2207944091502054e-08,0.05097798725561005,0.9150965620984709,25,30,10
37,5546,0.03392543843797484,1.2207944016912091e-08,0.05060488218209541,0.9154696671719857,25,30,10
37,5547,0.03392543843797484,1.2207944016912091e-08,0.05060488219085602,0.9154696671632252,25,30,10
37,5548,0.03392543843797484,1.2207944092191916e-08,0.050611488441704905,0.9154630609123763,25,30,10
37,5549,0.03392543843797484,1.2207944092191908e-08,0.05073667312275255,0.9153378762313286,25,30,10
37,5550,0.03392543843657628,2.2158356732056363e-10,0.05073668511051152,0.9153378762313286,25,30,10
37,5551,0.03392543843657628,2.215835673205706e-10,0.050736801002899796,0.9153377603389403,25,30,10
37,5552,0.03392543843657628,2.2158356732097717e-10,0.05073682944183409,0.915337731900006,25,30,10
37,5553,0.03392543843657628,2.2158356732097717e-10,0.050736829416164524,0.9153377319256755,25,30,10
37,5554,0.03392543843657628,2.2158356729780316e-10,0.05073682738295707,0.9153377339588831,25,30,10
37,5555,0.03392543843657628,2.215835672978033e-10,0.05073682735818596,0.9153377339836541,25,30,10
37,5556,0.03392543843657628,2.2158356729780316e-10,0.05073682876985046,0.9153377325719896,25,30,10
37,5557,0.03999782712701373,2.1890283060308204e-10,0.044664440094759346,0.9153377325593242,25,30,10
37,5558,0.03999782712701373,2.1890283060348857e-10,0.04466444212883415,0.9153377305252494,25,30,10
37,5559,0.03999782712701373,2.1890283060307485e-10,0.044664440689187145,0.9153377319648963,25,30,10
37,5560,0.03999782712701373,2.1890283060307485e-10,0.044664440697497705,0.9153377319565859,25,30,10
37,5561,0.03999782712701373,2.1890283060347428e-10,0.04466444129211786,0.9153377313619656,25,30,10
37,5562,0.03999782712701373,2.1890283060307485e-10,0.0446644953426083,0.9153376773114752,25,30,10
37,5563,0.03999782712701373,2.1890283057990092e-10,0.04466437943733414,0.9153377932167492,25,30,10
37,5564,0.03999782712701373,2.1890283057990082e-10,0.04466437946210525,0.9153377931919782,25,30,10
37,5565,0.03999782712701373,2.1890283057950263e-10,0.0445391561174992,0.9154630165365844,25,30,10
37,5566,0.039997827127012935,2.1890282923548587e-10,0.0445370667654589,0.9154651058886253,25,30,10
37,5567,0.039997827127012935,2.189028292354786e-10,0.044537066290701546,0.9154651063633827,25,30,10
37,5568,0.039997827127012935,2.189028292354786e-10,0.04453706626488281,0.9154651063892015,25,30,10
37,5569,0.039997827127012935,2.1890282923547871e-10,0.044537065589236556,0.9154651070648478,25,30,10
37,5570,0.03999214778374946,2.1890380187303525e-10,0.04454274492503246,0.9154651070723143,25,30,10
37,5571,0.03999214778374946,2.1890380187303525e-10,0.044542744351031185,0.9154651076463156,25,30,10
37,5572,0.03999214778374946,2.1890380187303496e-10,0.04454274438502294,0.9154651076123238,25,30,10
37,5573,0.03999214778374946,2.1890380187344142e-10,0.044542745082494666,0.9154651069148523,25,30,10
37,5574,0.03999214778374946,2.189075936750499e-10,0.04920161747969441,0.9108062345176486,25,30,10
37,5575,0.03999214778374946,2.1890759367504263e-10,0.04920161748890151,0.9108062345084416,25,30,10
37,5576,0.03999214778374946,2.1890759367504263e-10,0.04920161893666775,0.9108062330606752,25,30,10
37,5577,0.03999214778374946,2.1890759367504263e-10,0.04920173281205846,0.9108061191852844,25,30,10
37,5578,0.03999214778374946,2.1890759367504976e-10,0.049201732847725464,0.9108061191496175,25,30,10
37,5579,0.03999214778374946,2.1890759235413673e-10,0.049201618938707795,0.9108062330586351,25,30,10
37,5580,0.03999214778374946,2.1890759235413686e-10,0.04920161752696275,0.9108062344703801,25,30,10
37,5581,0.03999214778374946,2.1890759235412985e-10,0.04920161749194627,0.9108062345053967,25,30,10
37,5582,0.03999214778374946,2.1890759235412996e-10,0.049201619525598754,0.9108062324717442,25,30,10
37,5583,0.03999214778374946,2.1890759235412996e-10,0.04920161950187657,0.9108062324954663,25,30,10
37,5584,0.03999214778374946,2.1890759235413008e-10,0.04920161951215474,0.9108062324851882,25,30,10
37,5585,0.03999214778374946,2.189075923773001e-10,0.049208225742289766,0.9107996262550532,25,30,10
37,5586,0.03999214778374947,6.2406226462900155e-09,0.04920821972057456,0.9107996262550532,25,30,10
37,5587,0.03999214778374947,6.240622646290422e-09,0.04920984262136405,0.9107980033542638,25,30,10
37,5588,0.03999214778374947,6.240622646290415e-09,0.04920972672897573,0.9107981192466521,25,30,10
37,5589,0.03395429260703776,6.31643577064592e-09,0.055247561234544745,0.9107981398419818,25,30,10
37,5590,0.03395429260703776,6.316435770645928e-09,0.055247559191393326,0.9107981418851331,25,30,10
37,5591,0.03395429260703776,6.316435770646334e-09,0.0552476751092645,0.910798025967262,25,30,10
37,5592,0.03395429260703776,6.316435770646326e-09,0.055247675090233504,0.910798025986293,25,30,10
37,5593,0.03395429260703776,6.316435845929735e-09,0.05525226251425644,0.91079343856227,25,30,10
37,5594,0.03395429260703776,6.316435845929735e-09,0.05525234503761411,0.9107933560389122,25,30,10
37,5595,0.03395429260703776,6.316435845952916e-09,0.05525245888667934,0.9107932421898471,25,30,10
37,5596,0.03395429260703776,6.3164358459533225e-09,0.05525246092122648,0.9107932401552999,25,30,10
37,5597,0.03395429260703776,6.316435845976504e-09,0.05525248938122035,0.910793211695306,25,30,10
37,5598,0.03395429260703776,6.316435847320188e-09,0.05525086997382043,0.9107948311027059,25,30,10
37,5599,0.0339469230679523,1.0561016924212278e-08,0.05525825586467024,0.9107948105063606,25,30,10
37,5600,0.0339469230679523,1.0561016924212271e-08,0.05525825587494859,0.9107948104960822,25,30,10
37,5601,0.0339469230679523,1.0561016922891567e-08,0.05525164963258211,0.9108014167384486,25,30,10
37,5602,0.0339469230679523,1.056101692289116e-08,0.055251533750469095,0.9108015326205617,25,30,10
37,5603,0.0339469230679523,1.056101692289116e-08,0.05525157374479275,0.9108014926262381,25,30,10
37,5604,0.0339469230679523,1.0561016922914335e-08,0.05525157580321916,0.9108014905678117,25,30,10
37,5605,0.0339469230679523,1.0561016998206434e-08,0.055251620370809586,0.9108014460002211,25,30,10
37,5606,0.0339469230679523,1.0561016998206444e-08,0.05525162034452115,0.9108014460265096,25,30,10
37,5607,0.0339469230679523,1.0561016922926617e-08,0.055245130011634176,0.9108079363593966,25,30,10
37,5608,0.0339469230679523,1.0561016921582525e-08,0.05524512654320819,0.9108079398278225,25,30,10
37,5609,0.0339469230679523,1.0561016921605708e-08,0.05524504018512106,0.9108080261859098,25,30,10
37,5610,0.03394692306795328,2.026321925495575e-05,0.055224787526879045,0.9108080261859126,25,30,10
37,5611,0.03394692306795328,2.026321925116397e-05,0.05093902017221514,0.9150937935405804,25,30,10
37,5612,0.03394692306795328,2.026321925108868e-05,0.050938935670585696,0.9150938780422099,25,30,10
37,5613,0.03394692306795328,2.02632192510134e-05,0.05093431485234042,0.9150984988604552,25,30,10
37,5614,0.03394692306795328,2.02632192510134e-05,0.05093431774750468,0.915098495965291,25,30,10
37,5615,0.03394692306795328,2.0263219251088712e-05,0.050934359154852824,0.9150984545579428,25,30,10
37,5616,0.03394692306795328,2.0263219251088712e-05,0.05093435918282751,0.9150984545299682,25,30,10
37,5617,7.022531306394289e-05,2.0259926503544418e-05,0.08481106019355933,0.9150984545668738,25,30,10
37,5618,7.022531306394289e-05,2.0259926503544394e-05,0.08480445395209445,0.9151050608083386,25,30,10
37,5619,7.344313682330282e-07,2.025890311813657e-05,0.08487394590052168,0.9151050607649925,25,30,10
37,5620,7.344313798834471e-07,1.761138006622722e-07,0.08489402868975078,0.9151050607650691,25,30,10
37,5621,7.344313798834644e-07,1.761138006636163e-07,0.08489398809392305,0.915105101360897,25,30,10
37,5622,5.931453352641344e-07,1.7610953975856618e-07,0.08489412938424111,0.9151051013608844,25,30,10
37,5623,5.931453352641306e-07,1.7610953595082658e-07,0.0803729130899425,0.9196263176551868,25,30,10
37,5624,5.931453352641306e-07,1.7610953595082658e-07,0.08037291508790784,0.9196263156572215,25,30,10
37,5625,5.931453352641306e-07,1.7610953595212434e-07,0.08037295304936252,0.9196262776957667,25,30,10
37,5626,5.931453352641306e-07,1.7610953595214792e-07,0.08037289970238563,0.9196263310427435,25,30,10
37,5627,5.931453352641305e-07,1.7610953595214792e-07,0.08046507941820571,0.9195341513269235,25,30,10
37,5628,5.931453352641305e-07,1.7610953595344283e-07,0.08018427001943468,0.9198149607256946,25,30,10
37,5629,5.42656971382178e-09,1.7610969209176056e-07,0.08018485773804407,0.9198149607256946,25,30,10
37,5630,5.42656971382178e-09,1.761096920917606e-07,0.08018485847602216,0.9198149599877165,25,30,10
37,5631,5.42656971382178e-09,1.761096920917606e-07,0.08018485917686088,0.9198149592868776,25,30,10
37,5632,5.42656971382178e-09,1.7610969209043967e-07,0.08018481915761307,0.9198149993061254,25,30,10
37,5633,5.42656971382178e-09,1.761096920904165e-07,0.0801847032398864,0.9198151152238522,25,30,10
37,5634,5.42656971382178e-09,1.7610969209041608e-07,0.08018470178086995,0.9198151166828684,25,30,10
37,5635,5.42656971382178e-09,1.761096920904161e-07,0.08018470319191635,0.919815115271822,25,30,10
37,5636,5.426569713804525e-09,1.7610969209039295e-07,0.0801847021046748,0.9198151163590635,25,30,10
37,5637,5.426569713804525e-09,1.7610969209039295e-07,0.08018470355244371,0.9198151149112946,25,30,10
37,5638,5.426569713804525e-09,1.7610969209039295e-07,0.08018470155490824,0.9198151169088302,25,30,10
37,5639,5.426582149312583e-09,6.347795477373382e-09,0.08018487131671138,0.9198151169089112,25,30,10
37,5640,5.426582149312588e-09,6.3477954773737814e-09,0.08018489975474698,0.9198150884708756,25,30,10
37,5641,5.42658214931289e-09,6.347795477374196e-09,0.08018487293202081,0.9198151152936017,25,30,10
37,5642,5.4265821493128854e-09,6.347795477373789e-09,0.08018484445893956,0.919815143766683,25,30,10
37,5643,5.4265821493128854e-09,6.347795477373789e-09,0.08018484303716923,0.9198151451884533,25,30,10
37,5644,5.4265821493128854e-09,6.347795477373789e-09,0.080184843037173,0.9198151451884496,25,30,10
37,5645,5.426582149312885e-09,6.347795477373382e-09,0.08018484102829555,0.919815147197327,25,30,10
37,5646,5.426582149295629e-09,6.347795477372576e-09,0.08018483816815544,0.9198151500574671,25,30,10
37,5647,5.426582149295629e-09,6.347795477372583e-09,0.08018483815847054,0.9198151500671519,25,30,10
37,5648,5.426582149295629e-09,6.347795477372583e-09,0.08018475565921732,0.9198152325664053,25,30,10
37,5649,5.426582149295629e-09,6.347795477373396e-09,0.08018945892344438,0.9198105293021783,25,30,10
37,5650,5.426582149295629e-09,6.347795477373803e-09,0.08018945962448132,0.9198105286011413,25,30,10
37,5651,5.426582149295629e-09,6.347795477373789e-09,0.08018945959850228,0.9198105286271203,25,30,10
37,5652,5.426582149295629e-09,6.347795477373788e-09,0.08018943182708192,0.9198105563985408,25,30,10
37,5653,5.426582149295629e-09,6.347795477373374e-09,0.0801894303797315,0.9198105578458912,25,30,10
37,5654,5.426582149312883e-09,6.347795477396955e-09,0.0801895133798083,0.9198104748458146,25,30,10
37,5655,5.426582149312883e-09,6.347795477396955e-09,0.08018951194230826,0.9198104762833144,25,30,10
37,5656,5.42658214931258e-09,6.347795477396555e-09,0.08018959373837305,0.9198103944872495,25,30,10
37,5657,5.426582149312586e-09,6.347795477396957e-09,0.08036363249878586,0.9196363557268369,25,30,10
37,5658,5.42658214931258e-09,6.347795477396564e-09,0.08009729879627883,0.9199026894293438,25,30,10
37,5659,5.426582149312889e-09,6.347795477396571e-09,0.0801895945794227,0.9198103936462,25,30,10
37,5660,5.426582149312889e-09,6.347795477396577e-09,0.08018959462340725,0.9198103936022154,25,30,10
37,5661,5.426582149312889e-09,6.3477954773965694e-09,0.08018967644515307,0.9198103117804696,25,30,10
37,5662,5.426582149312889e-09,6.3477954773965694e-09,0.08018967642037604,0.9198103118052469,25,30,10
37,5663,5.426582149312889e-09,6.347795477396564e-09,0.08018967574411223,0.9198103124815105,25,30,10
37,5664,5.426582149317202e-09,6.347795477397369e-09,0.08018967630560135,0.9198103119200215,25,30,10
37,5665,5.426582149317202e-09,6.347795477396564e-09,0.08018497303094232,0.9198150151946802,25,30,10
37,5666,5.426582149312889e-09,6.3477954773957505e-09,0.08018497450601786,0.919815013719605,25,30,10
37,5667,5.426582149312889e-09,6.347795477372569e-09,0.08018494602106978,0.9198150422045529,25,30,10
37,5668,5.426582149312889e-09,6.347795477395743e-09,0.0801849454468905,0.9198150427787319,25,30,10
37,5669,5.426582149312889e-09,6.347795477395743e-09,0.08018494547122967,0.9198150427543927,25,30,10
37,5670,5.4265821493131915e-09,6.347795477396156e-09,0.08018494463027796,0.9198150435953445,25,30,10
37,5671,5.4265821493131915e-09,6.347795477396549e-09,0.0801848621511457,0.9198151260744768,25,30,10
37,5672,8.363795135886933e-12,6.3477979544574945e-09,0.08018486509185668,0.9198151285519819,25,30,10
37,5673,8.363795135886933e-12,6.3477979544806745e-09,0.0801849475912908,0.9198150460525477,25,30,10
37,5674,8.363795135886933e-12,6.3477979544806745e-09,0.08018494901410805,0.9198150446297305,25,30,10
37,5675,8.363795118632092e-12,6.3477979544575e-09,0.080184894461899,0.9198150991819395,25,30,10
37,5676,8.363795118329469e-12,6.347797954457493e-09,0.08018489531099479,0.9198150983328438,25,30,10
37,5677,8.363795118329467e-12,6.34779795448066e-09,0.08018717485996127,0.9198128187838773,25,30,10
37,5678,8.36379511832949e-12,6.34779795448066e-09,0.08018717488236918,0.9198128187614694,25,30,10
37,5679,8.363795118329514e-12,6.347797954503833e-09,0.0801871756081894,0.9198128180356491,25,30,10
37,5680,8.36379511832949e-12,6.347797954504233e-09,0.0801918781815839,0.9198081154622545,25,30,10
37,5681,8.363795101074539e-12,6.347797953160136e-09,0.08019183675379774,0.9198081568900407,25,30,10
37,5682,8.363795101074445e-12,6.347797953137369e-09,0.08019183673042583,0.9198081569134124,25,30,10
37,5683,8.363795101074445e-12,6.347797953137369e-09,0.08019183533299479,0.9198081583108437,25,30,10
37,5684,8.363795101074445e-12,6.347797953137361e-09,0.08019187528029383,0.9198081183635448,25,30,10
37,5685,8.363795101074444e-12,6.347797953136955e-09,0.08019187523648327,0.9198081184073551,25,30,10
37,5686,8.338721502360708e-12,3.5560263936370846e-07,0.08019152598182475,0.9198081184071973,25,30,10
37,5687,8.338720518828513e-12,3.5560263928839304e-07,0.08019148596118403,0.9198081584278381,25,30,10
37,5688,8.338720518828511e-12,3.556026392870752e-07,0.08009919032747863,0.9199004540615436,25,30,10
37,5689,8.338720518828418e-12,3.556026392870748e-07,0.0800991618791763,0.9199004825098459,25,30,10
37,5690,8.33872051882842e-12,3.55602639287098e-07,0.08009919036259447,0.9199004540264277,25,30,10
37,5691,8.338720536083363e-12,3.5560263928712154e-07,0.08009915290052051,0.9199004914885017,25,30,10
37,5692,8.338720536083365e-12,3.5560263928712196e-07,0.08009915360218954,0.9199004907868326,25,30,10
37,5693,1.1929888480460922e-06,3.5610427696910275e-07,0.08009796259610022,0.919900488310775,25,30,10
37,5694,1.1929888480460922e-06,3.561042769690796e-07,0.080095683003113,0.9199027679037621,25,30,10
37,5695,1.1929888480460922e-06,3.5610427696910275e-07,0.08009568446055214,0.9199027664463233,25,30,10
37,5696,1.1929888480460966e-06,3.5610427697042364e-07,0.08009796408079843,0.919900486826077,25,30,10
37,5697,1.1929888480460966e-06,3.5610427697044683e-07,0.08010266738085735,0.919895783526018,25,30,10
37,5698,1.1929888480460966e-06,3.5610427697047e-07,0.08010266836478248,0.9198957825420928,25,30,10
37,5699,1.1929888480460966e-06,3.561042769704477e-07,0.08010266901457214,0.9198957818923031,25,30,10
37,5700,1.1929888480460966e-06,3.561042769704477e-07,0.08010266837382385,0.9198957825330516,25,30,10
37,5701,1.1929888480460966e-06,3.5610427697044805e-07,0.08010494651984099,0.9198935043870344,25,30,10
37,5702,1.1929888480460795e-06,3.561042769704245e-07,0.08010494603214376,0.9198935048747316,25,30,10
37,5703,1.1929888480460795e-06,3.561042769704245e-07,0.0801050030410302,0.9198934478658449,25,30,10
37,5704,1.1929888480460795e-06,3.561042769704013e-07,0.0801003002398766,0.9198981506669986,25,30,10
37,5705,1.1929888480460795e-06,3.561042769703781e-07,0.0801002992311772,0.9198981516756981,25,30,10
37,5706,1.1929888480460795e-06,3.5610427697037854e-07,0.08047340426365036,0.9195250466432248,25,30,10
37,5707,1.1929888480460795e-06,3.5610427697037854e-07,0.08047340426409626,0.9195250466427791,25,30,10
37,5708,1.1929888480460795e-06,3.5610427697035493e-07,0.08047337578916493,0.9195250751177103,25,30,10
37,5709,1.1929888480460795e-06,3.561042769703773e-07,0.080473375884075,0.9195250750228002,25,30,10
37,5710,1.1929888480460795e-06,3.561042769703773e-07,0.08047337585930109,0.9195250750475741,25,30,10
37,5711,1.1929888480460795e-06,3.561042770456462e-07,0.08047343124363023,0.9195250196632451,25,30,10
37,5712,1.1929888480442878e-06,6.851793926422722e-09,0.08047378049611616,0.9195250196632422,25,30,10
37,5713,1.1929888480442878e-06,6.851793926422322e-09,0.08047377981962787,0.9195250203397305,25,30,10
37,5714,1.1929888480442878e-06,6.851793926422729e-09,0.08047150167445231,0.9195272984849061,25,30,10
37,5715,1.1929888480442834e-06,6.851793925101887e-09,0.08046922210172931,0.919529578057629,25,30,10
37,5716,1.1929888480442834e-06,6.851793925101887e-09,0.0804693031769094,0.9195294969824488,25,30,10
37,5717,1.1929888480442834e-06,6.851793925101887e-09,0.0804693031852306,0.9195294969741273,25,30,10
37,5718,1.1929888480442834e-06,6.85179392510188e-09,0.08046930316005005,0.9195294969993081,25,30,10
37,5719,1.1929888480442834e-06,6.85179392510188e-09,0.08046930161778273,0.9195294985415753,25,30,10
37,5720,1.192988848051863e-06,6.7404933335068685e-09,0.08046930172908047,0.9195294985415781,25,30,10
37,5721,1.192988848051863e-06,6.740493333506876e-09,0.08046934172416914,0.9195294585464895,25,30,10
37,5722,1.192988848051863e-06,6.740493334804611e-09,0.08046926268149368,0.9195295375891648,25,30,10
37,5723,1.192988848051863e-06,6.740493334804603e-09,0.08046918019437106,0.9195296200762875,25,30,10
37,5724,1.1929888480518626e-06,6.740493334804596e-09,0.08037688440094864,0.9196219158697098,25,30,10
37,5725,3.094949388886449e-06,1.1445885673199573e-08,0.08037495333807491,0.9196219402666503,25,30,10
37,5726,3.0949493888864494e-06,1.1445885673222748e-08,0.0803748978121693,0.919621995792556,25,30,10
37,5727,3.0949493888864494e-06,1.1445885673222748e-08,0.08037489781154626,0.9196219957931792,25,30,10
37,5728,3.0949493888864494e-06,1.144588567324592e-08,0.08037709488154876,0.9196197987231766,25,30,10
37,5729,3.0949493888864494e-06,1.1445885597954222e-08,0.0803770124368096,0.9196198811679157,25,30,10
37,5730,3.0949493888864494e-06,1.1445885599251815e-08,0.08038171425457227,0.9196151793501535,25,30,10
37,5731,3.0949493889965015e-06,1.1449716397376212e-08,0.0803817142507443,0.9196151793501507,25,30,10
37,5732,3.0949493889965015e-06,1.1449716397376212e-08,0.08038171426102911,0.919615179339866,25,30,10
37,5733,3.0949493889965015e-06,1.1449716397376612e-08,0.08038171580390543,0.9196151777969895,25,30,10
37,5734,3.0949493889965015e-06,1.1449716396055697e-08,0.08038171436833495,0.91961517923256,25,30,10
37,5735,3.0949493889965015e-06,1.1449716396055706e-08,0.08038171305314262,0.9196151805477523,25,30,10
37,5736,3.094949388996502e-06,1.1449716396055717e-08,0.08038171309757013,0.9196151805033249,25,30,10
37,5737,3.094949388996502e-06,1.1449716396055717e-08,0.08038171306178174,0.9196151805391133,25,30,10
37,5738,3.094949388996502e-06,1.1449716396055312e-08,0.08038171164904137,0.9196151819518537,25,30,10
37,5739,3.094949388996502e-06,1.1449716396078481e-08,0.08038831739178251,0.9196085762091125,25,30,10
37,5740,3.094949388996502e-06,1.1449716396054903e-08,0.08038603779820802,0.919610855802687,25,30,10
37,5741,3.094949388996502e-06,1.14497163960545e-08,0.08001293273072131,0.9199839608701739,25,30,10
37,5742,3.094949388996502e-06,1.14497163960545e-08,0.08001293276595092,0.9199839608349443,25,30,10
37,5743,3.094949388996502e-06,1.14497163960545e-08,0.08001293275719004,0.9199839608437053,25,30,10
37,5744,3.094949388996502e-06,1.14497163960545e-08,0.08001293325609993,0.9199839603447952,25,30,10
37,5745,3.094949388996502e-06,1.14497163960545e-08,0.08001293279223909,0.9199839608086561,25,30,10
37,5746,3.0949493889965015e-06,1.1449716396054485e-08,0.08001293271275622,0.919983960888139,25,30,10
37,5747,3.0949493889965015e-06,1.1449716396054495e-08,0.08001293070291786,0.9199839628979771,25,30,10
37,5748,3.0949493889965015e-06,1.1449716396054495e-08,0.08001293068909425,0.9199839629118008,25,30,10
37,5749,3.0949493889965015e-06,1.1449716396054495e-08,0.08001293070420759,0.9199839628966874,25,30,10
37,5750,3.0949493889965015e-06,1.1449716396054495e-08,0.08001293071235346,0.9199839628885417,25,30,10
37,5751,1.4298414794629043e-12,6.353896021548399e-09,0.08001605515452055,0.9199839384901537,25,30,10
37,5752,1.4298414794628827e-12,6.353896021547586e-09,0.08001605515412448,0.9199839384905498,25,30,10
37,5753,1.4298414797654147e-12,6.35389609551892e-09,0.08001143574779929,0.9199885578968748,25,30,10
37,5754,1.4298414797654151e-12,6.3538960955193266e-09,0.08001143577318827,0.9199885578714858,25,30,10
37,5755,1.4298414797654137e-12,6.3538960955193266e-09,0.08001143510734034,0.9199885585373336,25,30,10
37,5756,1.4298414797654133e-12,6.353896095519328e-09,0.08001143511902549,0.9199885585256484,25,30,10
37,5757,1.4298414797654133e-12,6.353896095519328e-09,0.08001143510919244,0.9199885585354814,25,30,10
37,5758,1.4298414797708433e-12,6.353896095498226e-09,0.11643442361333291,0.883565570031341,25,30,10
37,5759,1.4298414797708433e-12,6.3538960954982335e-09,0.116434425646323,0.8835655679983511,25,30,10
37,5760,1.4298414797707502e-12,6.35389609549782e-09,0.11643442559433517,0.8835655680503387,25,30,10
37,5761,1.4298414797707488e-12,6.35389609549782e-09,0.11643442414700653,0.8835655694976674,25,30,10
37,5762,1.4298414794680312e-12,6.353896020206123e-09,0.11643436872581808,0.8835656249188558,25,30,10
37,5763,1.430156128371739e-12,1.991634472882316e-05,0.11641445873498504,0.8835656249188559,25,30,10
37,5764,1.439084060572676e-12,2.0169488213497654e-05,0.119984589670644,0.8799952408397033,25,30,10
37,5765,1.4390840605673653e-12,2.0169488213497654e-05,0.11998458894405464,0.8799952415662928,25,30,10
37,5766,1.4390840605673885e-12,2.0169488213497654e-05,0.11999119518588432,0.879988635324463,25,30,10
37,5767,1.793330202903322e-08,2.1542214053873223e-05,0.11998980452817032,0.8799886353244739,25,30,10
37,5768,1.7933302029033225e-08,2.1542214053873244e-05,0.11998980731787012,0.8799886325347741,25,30,10
37,5769,1.7933302029033225e-08,2.1542214053873244e-05,0.11998980935085685,0.8799886305017874,25,30,10
37,5770,1.7933302029033225e-08,2.1542214053873244e-05,0.11998983779854491,0.8799886020540992,25,30,10
37,5771,1.7933302029033225e-08,2.1542214053873244e-05,0.11998992031274641,0.8799885195398978,25,30,10
37,5772,1.7933302029033225e-08,2.1542214053873223e-05,0.11998992086293338,0.8799885189897109,25,30,10
37,5773,1.7933302029033225e-08,2.1542214053873223e-05,0.11998989238966566,0.8799885474629786,25,30,10
37,5774,1.7933302029033225e-08,2.1542214053873247e-05,0.11998992082747106,0.8799885190251732,25,30,10
37,5775,1.7933302029033225e-08,2.1542214053873244e-05,0.11998983830389891,0.8799886015487454,25,30,10
37,5776,1.7933302029033225e-08,2.1542214053873244e-05,0.11999145915966412,0.87998698069298,25,30,10
37,5777,1.7933302030016736e-08,2.15422142984741e-05,0.11999530678707866,0.8799831330653208,25,30,10
37,5778,1.7933302030016736e-08,2.1542214298475417e-05,0.11999530690288317,0.8799831329495162,25,30,10
37,5779,1.7933302030016736e-08,2.1542214298475444e-05,0.11999530829549769,0.879983131556902,25,30,10
37,5780,1.7933302030016736e-08,2.1542214298475444e-05,0.11999530783147462,0.879983132020925,25,30,10
37,5781,1.7933302030016736e-08,2.1542214298475444e-05,0.11999530986511489,0.8799831299872847,25,30,10
37,5782,1.7933302030016736e-08,2.1542214298475444e-05,0.1199953098652578,0.8799831299871417,25,30,10
37,5783,1.7933302030016736e-08,2.1542214298475444e-05,0.11999526987017972,0.8799831699822198,25,30,10
37,5784,1.7933302030016736e-08,2.1542214298475444e-05,0.119995269882374,0.8799831699700255,25,30,10
37,5785,1.7933302030016736e-08,2.1542214298475444e-05,0.11999372950423538,0.8799847103481642,25,30,10
37,5786,1.793330203001674e-08,2.1542214298475444e-05,0.12000033371328173,0.8799781061391179,25,30,10
37,5787,1.793330203001674e-08,2.1542214298475444e-05,0.12000041622807643,0.8799780236243231,25,30,10
37,5788,1.793330203001674e-08,2.154221429847412e-05,0.12000041407926496,0.8799780257731346,25,30,10
37,5789,1.7934006172291523e-08,0.0005711584406874107,0.11945079785217044,0.8799780257731359,25,30,10
37,5790,1.7934006172291523e-08,0.0005711584406874107,0.11945079787711378,0.8799780257481925,25,30,10
37,5791,1.7934006172291523e-08,0.0005711584406874107,0.11944419164741678,0.8799846319778893,25,30,10
37,5792,1.7934706639312705e-08,1.632219448518933e-06,0.12001371786795653,0.8799846319778879,25,30,10
37,5793,1.7934706639312705e-08,1.6322194485189102e-06,0.12001371850870887,0.8799846313371359,25,30,10
37,5794,1.7934706639316716e-08,1.6322196930985766e-06,0.12002105359033884,0.8799772962552612,25,30,10
37,5795,1.7934706639316716e-08,1.6322196930985766e-06,0.12002105362538028,0.8799772962202198,25,30,10
37,5796,1.7934706639316716e-08,1.632219693098576e-06,0.12002105160035356,0.8799772982452467,25,30,10
37,5797,1.7934706639312404e-08,1.632219448518887e-06,0.1200137150712288,0.879984634774616,25,30,10
37,5798,1.7934706639312404e-08,1.632219448518887e-06,0.12001371508982883,0.879984634756016,25,30,10
37,5799,1.2033263153701424e-06,7.747152834613218e-06,0.11827584686108712,0.8817152026597629,25,30,10
37,5800,1.2033263153701424e-06,7.747152834613218e-06,0.11828055012608168,0.8817104993947683,25,30,10
37,5801,1.2033263153701424e-06,7.74715283461322e-06,0.11828054879400134,0.8817105007268486,25,30,10
37,5802,1.2033263153701424e-06,7.74715283461322e-06,0.11828054678575631,0.8817105027350937,25,30,10
37,5803,1.2033263153701424e-06,7.74715283461322e-06,0.11828054878568615,0.881710500735164,25,30,10
37,5804,1.2033263153701424e-06,7.747152834613221e-06,0.11828063622978201,0.881710413291068,25,30,10
37,5805,1.2033263153701424e-06,7.747152834613221e-06,0.11828066465843845,0.8817103848624115,25,30,10
37,5806,0.00011968917429187244,6.374316423071623e-06,0.11816355164562302,0.881710384863662,25,30,10
37,5807,0.00011968917429187244,6.374316423071622e-06,0.1181635501110653,0.8817103863982197,25,30,10
37,5808,0.00011968917429187244,6.374316423071622e-06,0.11816355010686287,0.8817103864024222,25,30,10
37,5809,0.00011968917429187244,6.374316423071622e-06,0.11816355007120333,0.8817103864380818,25,30,10
37,5810,0.00011968917429187244,6.374316423071622e-06,0.11816355006956979,0.8817103864397154,25,30,10
37,5811,0.00011968917429187244,6.374316423071623e-06,0.11816825334483577,0.8817056831644495,25,30,10
37,5812,0.00011968917429187245,6.374316423072943e-06,0.11817141648941569,0.8817025200198697,25,30,10
37,5813,0.00011968917429187245,6.374316423072943e-06,0.11817144495435711,0.881702491554928,25,30,10
37,5814,0.00011968917429187245,6.374316423072943e-06,0.118164838724623,0.8817090977846621,25,30,10
37,5815,0.00011968917429187245,6.3743164230742645e-06,0.11816486719961306,0.8817090693096722,25,30,10
37,5816,0.00011968917429187245,6.3743164230742645e-06,0.1181648671868731,0.8817090693224122,25,30,10
37,5817,0.00011968917429187245,6.3743164230742645e-06,0.11816486722267852,0.8817090692866065,25,30,10
37,5818,0.00011968917429187245,6.3743164230742645e-06,0.11816478472493569,0.8817091517843494,25,30,10
37,5819,0.00011850378267421496,0.03939992134361113,0.08050301216710254,0.8799785627066123,25,30,10
37,5820,0.00011850378267421496,0.03939992134361113,0.08050301213206115,0.8799785627416534,25,30,10
37,5821,0.00011850378267421496,0.03939992134361113,0.08050302161914365,0.879978553254571,25,30,10
37,5822,0.00011850378267421495,0.03939992134361113,0.08049994049924214,0.8799816343744726,25,30,10
37,5823,0.00011850378267421495,0.03939992134361113,0.0804999405095205,0.8799816343641942,25,30,10
37,5824,0.00011850378267421396,0.039399921343366534,0.0804961803259869,0.8799853945479722,25,30,10
37,5825,0.00011850378267421396,0.039399921343366534,0.08049614693239562,0.8799854279415635,25,30,10
37,5826,0.00011850378267421396,0.039399921343366534,0.0804961489423877,0.8799854259315714,25,30,10
37,5827,0.00011850378267421396,0.039399921343366534,0.08049615165436079,0.8799854232195983,25,30,10
37,5828,0.00011850378267421396,0.039399921343366534,0.08049615167959959,0.8799854231943596,25,30,10
37,5829,0.00011850378267421396,0.039399921343366534,0.08049612524015687,0.8799854496338022,25,30,10
37,5830,0.00011850378267421396,0.039399921343366534,0.08049624112408563,0.8799853337498738,25,30,10
37,5831,0.00011850378267421396,0.039399921343366534,0.08049628365193776,0.8799852912220214,25,30,10
37,5832,0.00011850378267421396,0.039399921343366534,0.08049620165286397,0.8799853732210954,25,30,10
37,5833,0.00011850378267421396,0.039399921343366534,0.08049608576047433,0.8799854891134851,25,30,10
37,5834,0.00011850378267421396,0.039399921343366534,0.08049596985543134,0.8799856050185281,25,30,10
37,5835,0.00011850378267421396,0.039399921343366534,0.08049600324965545,0.8799855716243039,25,30,10
37,5836,0.00011850378267421396,0.039399921343366534,0.08049600372317618,0.8799855711507831,25,30,10
37,5837,0.00011850378267421396,0.039399921343366534,0.08049597178103751,0.8799856030929217,25,30,10
37,5838,0.00011850378267421396,0.039399921343366534,0.0804959697708159,0.8799856051031435,25,30,10
37,5839,0.00011850378267421396,0.039399921343366534,0.08049588724294615,0.879985687631013,25,30,10
37,5840,0.00011850378267421396,0.039399921343366534,0.08049751014435984,0.8799840647295994,25,30,10
37,5841,0.00011850378267421396,0.039399921343366534,0.08049742766876396,0.8799841472051955,25,30,10
37,5842,0.00011850378267421396,0.039399921343366534,0.08049742770044695,0.8799841471735124,25,30,10
37,5843,0.00011850378267421396,0.039399921343366534,0.08049734523730626,0.8799842296366532,25,30,10
37,5844,0.00011850378126917239,0.03939991521437528,0.08049735136770264,0.8799842296366532,25,30,10
37,5845,0.005712716199405618,0.039399915213576865,0.07490313895162581,0.8799842296353916,25,30,10
37,5846,0.005712716199405618,0.039399915213576865,0.0751694733433163,0.8797178952437011,25,30,10
37,5847,0.005712716199405618,0.039399915213576865,0.0751694733682704,0.8797178952187469,25,30,10
37,5848,0.005712716199405618,0.039399915213576865,0.07490784224142838,0.8799795263455888,25,30,10
37,5849,0.005712716199405618,0.039399915213576865,0.074907843800931,0.8799795247860862,25,30,10
37,5850,0.005712716199405618,0.039399915213576865,0.0749078153635219,0.8799795532234955,25,30,10
37,5851,4.675766356396862e-07,0.039435708159097096,0.08058427104062246,0.8799795532236451,25,30,10
37,5852,4.675766356396862e-07,0.039435708159097096,0.08058426959390898,0.8799795546703584,25,30,10
37,5853,4.675766356396862e-07,0.039435708159097096,0.08057956629386825,0.8799842579703991,25,30,10
37,5854,4.675766356396862e-07,0.039435708159097096,0.0805748644409732,0.8799889598232941,25,30,10
37,5855,4.675766356396862e-07,0.039435708159097096,0.08057494696409845,0.879988877300169,25,30,10
37,5856,4.675766356396862e-07,0.039435708159097096,0.08057494742775133,0.8799888768365158,25,30,10
37,5857,4.675766356396862e-07,0.039435708159097096,0.08057494612116106,0.8799888781431062,25,30,10
37,5858,4.675766356396862e-07,0.039435708159097096,0.08057024282133021,0.8799935814429373,25,30,10
37,5859,4.675766356396862e-07,0.039435708159097096,0.080570244810543,0.8799935794537245,25,30,10
37,5860,4.675766356396862e-07,0.039435708159097096,0.08056862190870506,0.8799952023555622,25,30,10
37,5861,4.675766356396862e-07,0.039435708159097096,0.08056391911199025,0.8799999051522772,25,30,10
37,5862,4.675766356396862e-07,0.039435708159097096,0.08056391908446106,0.8799999051798065,25,30,10
37,5863,4.675766356396862e-07,0.039435708159097096,0.08057052533931364,0.8799932989249537,25,30,10
37,5864,4.675766356396862e-07,0.039435708159097096,0.08057052536823724,0.8799932988960301,25,30,10
37,5865,4.675766356396862e-07,0.039435708159097096,0.08057052330963804,0.8799933009546292,25,30,10
37,5866,4.6757663563969054e-07,0.039435708159097096,0.08057052471437037,0.879993299549897,25,30,10
37,5867,4.6757663563969054e-07,0.039435708159097096,0.08057052526455731,0.87999329899971,25,30,10
37,5868,4.6757663563969054e-07,0.039435708159097096,0.08057052526577939,0.8799932989984879,25,30,10
37,5869,4.6757663563969054e-07,0.039435708159097096,0.080570523889358,0.8799933003749093,25,30,10
37,5870,4.6757663563969054e-07,0.039435708159097096,0.08057052336500158,0.8799933008992658,25,30,10
37,5871,4.6757663563969054e-07,0.039435708159097096,0.08057052332933147,0.879993300934936,25,30,10
37,5872,2.3692381052197713e-14,0.04048605320525214,0.07952064585993751,0.8799933009347867,25,30,10
37,5873,2.3692381052197063e-14,0.04048605320525214,0.07952075904973756,0.8799931877449865,25,30,10
37,5874,2.3692381053431605e-14,0.04048605320525214,0.07952067798584192,0.8799932688088821,25,30,10
37,5875,2.369238105340831e-14,0.04048605320525214,0.0795206779739419,0.8799932688207821,25,30,10
37,5876,2.3692381048097447e-14,0.04048605320525214,0.07978701189749847,0.8797269348972254,25,30,10
37,5877,2.3692381049425135e-14,0.04048605320525214,0.0797870133432644,0.8797269334514596,25,30,10
37,5878,2.3692381049425154e-14,0.04048605320525214,0.0797870133678554,0.8797269334268685,25,30,10
37,5879,2.3692381049401867e-14,0.04048605320525214,0.07978040713900938,0.8797335396557147,25,30,10
37,5880,2.3692381049495038e-14,0.04048605320525214,0.07978040762623637,0.8797335391684875,25,30,10
37,5881,2.3692381049494627e-14,0.04048605320525214,0.07978040762561064,0.8797335391691135,25,30,10
37,5882,2.369112504231474e-14,0.0410861215026742,0.07918033932819023,0.8797335391691118,25,30,10
37,5883,2.3691125042316374e-14,0.0410861215026742,0.07918033874233518,0.8797335397549668,25,30,10
37,5884,2.3691125042316345e-14,0.0410861215026742,0.07918034027644742,0.8797335382208548,25,30,10
37,5885,2.3691125042316345e-14,0.0410861215026742,0.07918034027605449,0.8797335382212474,25,30,10
37,5886,2.369112504231632e-14,0.0410861215026742,0.07918034025044386,0.8797335382468582,25,30,10
37,5887,2.3691125040988604e-14,0.0410861215026742,0.07918033879058535,0.8797335397067166,25,30,10
37,5888,2.369112503966092e-14,0.0410861215026742,0.07918033875489748,0.8797335397424045,25,30,10
37,5889,2.3691125039661298e-14,0.0410861215026742,0.0789140050647231,0.879999873432579,25,30,10
37,5890,5.5139491887149666e-17,0.04001011625564671,0.07999001030719763,0.8799998734371554,25,30,10
37,5891,5.5139491881443175e-17,0.04001013046585349,0.07998999609699087,0.8799998734371554,25,30,10
37,5892,5.5221742819480563e-17,0.04000238679371722,0.07999773976912714,0.8799998734371554,25,30,10
37,5893,5.52174290774717e-17,0.04000238679371722,0.07999774039803242,0.8799998728082501,25,30,10
37,5894,7.150124693648263e-13,0.0399924318733609,0.08000769506130476,0.879999873064619,25,30,10
37,5895,7.150124693648263e-13,0.0399924318733609,0.08000769509654487,0.879999873029379,25,30,10
37,5896,7.150124693648498e-13,0.0399924318733609,0.08000769454635114,0.8799998735795727,25,30,10
37,5897,7.150124693648502e-13,0.0399924318733609,0.08000780905211576,0.8799997590738081,25,30,10
37,5898,7.150124693648751e-13,0.03999243187336519,0.08000943262905373,0.8799981354968659,25,30,10
37,5899,7.150124693701854e-13,0.03999243187336519,0.08000951586737137,0.8799980522585481,25,30,10
37,5900,7.150124693754964e-13,0.03999243187336519,0.08000963178538553,0.879997936340534,25,30,10
37,5901,7.150124693754964e-13,0.03999243187336519,0.08000963178600363,0.879997936339916,25,30,10
37,5902,7.150124693754037e-13,0.03999243187336519,0.08000963473232091,0.8799979333935987,25,30,10
37,5903,7.15012469380807e-13,0.03999243187336519,0.08001433802700678,0.8799932300989128,25,30,10
37,5904,7.150124693809933e-13,0.03999243187336519,0.08001433915728683,0.8799932289686327,25,30,10
37,5905,7.150124693755901e-13,0.03999243187336519,0.08000963586260096,0.8799979322633186,25,30,10
37,5906,7.150124693756848e-13,0.03999243187336519,0.08000963482738827,0.8799979332985314,25,30,10
37,5907,7.150124693756865e-13,0.03999243187336519,0.08000971732600443,0.8799978507999154,25,30,10
37,5908,7.150124693756865e-13,0.03999243187336519,0.0800097173529079,0.879997850773012,25,30,10
37,5909,7.150124693756865e-13,0.03999243187336519,0.08000966330259353,0.8799979048233263,25,30,10
37,5910,7.150124693770134e-13,0.03999243187336519,0.08001626606421355,0.8799913020617063,25,30,10
37,5911,7.150124693769906e-13,0.03999243187336519,0.08001630457629787,0.8799912635496221,25,30,10
37,5912,7.150124693769906e-13,0.03999243187336519,0.08001630460064084,0.8799912635252789,25,30,10
37,5913,2.508224708486246e-14,0.03999260350880354,0.0800161332268377,0.8799912632643335,25,30,10
37,5914,2.5082247084862464e-14,0.03999260350880354,0.080016133262081,0.8799912632290904,25,30,10
37,5915,2.5082247084862464e-14,0.03999260350880354,0.08001613267559986,0.8799912638155715,25,30,10
37,5916,2.5082247084862057e-14,0.03999260350880354,0.08001613261559345,0.8799912638755778,25,30,10
37,5917,2.5082247084863692e-14,0.03999260350880354,0.0800161326679043,0.8799912638232668,25,30,10
37,5918,2.508224708488535e-14,0.03999260350880354,0.08001613124634932,0.8799912652448221,25,30,10
37,5919,2.508224708488538e-14,0.03999260350880354,0.08001613327921607,0.8799912632119553,25,30,10
37,5920,2.508224708621312e-14,0.03999260350880354,0.08001613398088527,0.879991262510286,25,30,10
37,5921,2.5082164835272998e-14,0.040000349396986185,0.08000838809270261,0.879991262510286,25,30,10
37,5922,2.5082164835273436e-14,0.040000349396986185,0.08000839015068376,0.8799912604523048,25,30,10
37,5923,2.508216483394594e-14,0.040000349396986185,0.08000178390776615,0.8799978666952225,25,30,10
37,5924,2.5082164834039087e-14,0.040000349396986185,0.08000178334729821,0.8799978672556904,25,30,10
37,5925,2.5082165136757795e-14,0.040000349396986185,0.08000178476990083,0.8799978658330879,25,30,10
37,5926,2.508216513808507e-14,0.040000349396986185,0.08000178277255182,0.8799978678304369,25,30,10
37,5927,2.508216513808507e-14,0.040000349396986185,0.08000178208138471,0.879997868521604,25,30,10
37,5928,2.508216544059267e-14,0.04000034939699048,0.08000197963324478,0.8799976709697397,25,30,10
37,5929,2.5082165440569378e-14,0.04000034939699048,0.08000197964312684,0.8799976709598576,25,30,10
37,5930,2.5082165440569003e-14,0.04000034939699048,0.0800018637254224,0.879997786877562,25,30,10
37,5931,2.5082165137851796e-14,0.040000349396986185,0.08000166642818116,0.8799979841748076,25,30,10
37,5932,2.508216521353142e-14,0.040000349396986185,0.08000169556887976,0.879997955034109,25,30,10
37,5933,2.5082165213436605e-14,0.040000349396986185,0.08000169457088668,0.8799979560321022,25,30,10
37,5934,2.508216521874746e-14,0.040000349396986185,0.0800016980167409,0.879997952586248,25,30,10
37,5935,2.5082165217419747e-14,0.040000349396986185,0.08000169998869947,0.8799979506142894,25,30,10
37,5936,2.508218247233778e-14,0.04000034939698626,0.08000181732406522,0.8799978332789236,25,30,10
37,5937,3.6790142471671355e-13,0.040019766054492444,0.07998240066621341,0.8799978332789263,25,30,10
37,5938,3.6790142471671396e-13,0.040019766054492444,0.07998240212426373,0.8799978318208759,25,30,10
37,5939,3.6790140746179595e-13,0.040019766054492374,0.07998228678685805,0.8799979471582817,25,30,10
37,5940,3.6790140745648516e-13,0.040019766054492374,0.07998220283721812,0.8799980311079216,25,30,10
37,5941,3.679014074564836e-13,0.040019766054488086,0.07998058071771952,0.8799996532274246,25,30,10
37,5942,3.6790140745646194e-13,0.040019766054488086,0.07998058068248537,0.8799996532626586,25,30,10
37,5943,3.6790140745115115e-13,0.040019766054488086,0.07998046546591356,0.8799997684792306,25,30,10
37,5944,3.6790140745115115e-13,0.040019766054488086,0.07998046546589821,0.8799997684792459,25,30,10
37,5945,3.6790140745115105e-13,0.040019766054488086,0.07998046544086818,0.8799997685042759,25,30,10
37,5946,3.6790140745115115e-13,0.040019766054488086,0.07998046546625864,0.8799997684788855,25,30,10
37,5947,9.571181368561155e-10,0.0400194167751063,0.07998081378889005,0.8799997684788855,25,30,10
37,5948,9.571181368561155e-10,0.0400194167751063,0.07998092971445869,0.8799996525533169,25,30,10
37,5949,9.571181368561155e-10,0.0400194167751063,0.0799809282687036,0.879999653999072,25,30,10
37,5950,2.3544406720468308e-07,0.04000000000814228,0.08000011054871875,0.8799996539990717,25,30,10
37,5951,9.567820218064539e-10,0.04004048718563267,0.07995985785835281,0.8799996539992324,25,30,10
37,5952,9.567820218064539e-10,0.04004048718563267,0.07995985715728972,0.8799996547002956,25,30,10
37,5953,9.567820218064539e-10,0.04004048718563267,0.07995985916199637,0.879999652695589,25,30,10
37,5954,9.567820218064539e-10,0.04004048718563267,0.07995985710384576,0.8799996547537395,25,30,10
37,5955,9.567820218063782e-10,0.04004048718563267,0.07995974118544241,0.8799997706721429,25,30,10
37,5956,9.567820218063782e-10,0.040040487185632745,0.07995985756718971,0.8799996542903955,25,30,10
37,5957,9.567820218063782e-10,0.040040487185632745,0.07995985759151823,0.879999654266067,25,30,10
37,5958,9.567820218063782e-10,0.040040487185632745,0.07995985699751289,0.8799996548600723,25,30,10
37,5959,9.567820218063782e-10,0.040040487185632745,0.07995985699750703,0.8799996548600781,25,30,10
37,5960,9.567820218063782e-10,0.040040487185632745,0.07995985901473855,0.8799996528428465,25,30,10
37,5961,9.567820218063782e-10,0.040040487185632745,0.0799598575675763,0.8799996542900089,25,30,10
37,5962,9.567820218063728e-10,0.040040487185632745,0.0799598541217361,0.8799996577358492,25,30,10
37,5963,9.567820218063728e-10,0.040040487185632745,0.08008934910667992,0.8798701627509057,25,30,10
37,5964,9.567820218063728e-10,0.040040487185632745,0.08008934756380347,0.8798701642937822,25,30,10
37,5965,9.567820218063728e-10,0.040040487185632745,0.08008930756918416,0.8798702042884013,25,30,10
37,5966,9.567820218063743e-10,0.040040487185632745,0.08008942349517727,0.8798700883624082,25,30,10
37,5967,9.567820218063743e-10,0.040040487185632745,0.08008942349677081,0.8798700883608148,25,30,10
37,5968,9.567820218063743e-10,0.040040487185632745,0.08008942303284773,0.8798700888247378,25,30,10
37,5969,9.567820218064487e-10,0.04004048718563282,0.08008942447728085,0.8798700873803048,25,30,10
37,5970,9.567820218064487e-10,0.04004048718563282,0.0800894249520277,0.879870086905558,25,30,10
37,5971,9.567820218064485e-10,0.04004048718563282,0.08008942347962889,0.8798700883779567,25,30,10
37,5972,9.567820218064487e-10,0.04004048718563282,0.0800894249628589,0.8798700868947265,25,30,10
37,5973,9.56782021806146e-10,0.04004048718563282,0.080089423489479,0.8798700883681063,25,30,10
37,5974,9.56782021806146e-10,0.04004048718563282,0.0799599830561174,0.8799995288014678,25,30,10
37,5975,9.567820218060703e-10,0.04004048718563282,0.0799600364031049,0.8799994754544804,25,30,10
37,5976,9.567820218060742e-10,0.04004048718563282,0.08005233134546556,0.8799071805121198,25,30,10
37,5977,9.56782021806377e-10,0.040040487185632745,0.08005537808898014,0.8799041337686053,25,30,10
37,5978,9.56782021806377e-10,0.04004047749191483,0.08005538778269809,0.8799041337686053,25,30,10
37,5979,9.56782021806377e-10,0.04004047749191483,0.08005538781775204,0.8799041337335514,25,30,10
37,5980,9.56782021806377e-10,0.04004047749191483,0.08005538985139218,0.8799041316999113,25,30,10
37,5981,9.567820218060742e-10,0.04004047749191483,0.08005226718515195,0.8799072543661515,25,30,10
37,5982,9.56782021806377e-10,0.04004047749191483,0.08005238312766189,0.8799071384236414,25,30,10
37,5983,9.56782021823632e-10,0.04004047749191483,0.08005230313773268,0.8799072184135707,25,30,10
37,5984,9.56782021823632e-10,0.04004047749191483,0.08005230110577313,0.8799072204455304,25,30,10
37,5985,9.56782021823632e-10,0.04004047749191483,0.08005230113089662,0.8799072204204069,25,30,10
37,5986,9.56782021823632e-10,0.04004047749191491,0.08005241850025908,0.8799071030510442,25,30,10
37,5987,9.56782021823632e-10,0.04004047749191491,0.08005236396036851,0.8799071575909349,25,30,10
37,5988,9.567820218239345e-10,0.04004047749191491,0.08005236400851112,0.8799071575427923,25,30,10
37,5989,9.567820218239345e-10,0.04004047749191491,0.08005224808196272,0.8799072734693406,25,30,10
37,5990,9.567820218239293e-10,0.04004047749191491,0.07995995386075588,0.8799995676905474,25,30,10
37,5991,5.391511395593465e-09,0.04110300462205437,0.07889742229589407,0.8799995676905402,25,30,10
37,5992,5.391511395593465e-09,0.04110300462205437,0.0788974228460884,0.879999567140346,25,30,10
37,5993,5.391511395593465e-09,0.04110300462205437,0.07889742425805239,0.8799995657283819,25,30,10
37,5994,5.391511395593465e-09,0.04110300462205437,0.0788973964743363,0.879999593512098,25,30,10
37,5995,5.391511395593465e-09,0.04110300462205437,0.07889739648664178,0.8799995934997925,25,30,10
37,5996,5.391511395593465e-09,0.04110300462205437,0.07889743578050594,0.8799995542059282,25,30,10
37,5997,5.391511395593162e-09,0.04110300462205437,0.0788973198728946,0.8799996701135397,25,30,10
37,5998,5.391511395593165e-09,0.04110300462205437,0.07889731787199755,0.8799996721144367,25,30,10
37,5999,5.391511395575908e-09,0.04110300462205437,0.07889743125614078,0.8799995587302935,25,30,10
37,6000,5.391511395575908e-09,0.04110300462205437,0.07889751233171811,0.8799994776547162,25,30,10
37,6001,5.391511395575908e-09,0.04110300462205437,0.07889753935702412,0.8799994506294102,25,30,10
37,6002,5.391511395575908e-09,0.04110300462205437,0.07889753877991132,0.879999451206523,25,30,10
37,6003,4.434736510696195e-09,0.041103354018880045,0.07889719033986049,0.879999451206523,25,30,10
37,6004,4.434736510696195e-09,0.041103354018880045,0.07889719178765751,0.8799994497587259,25,30,10
37,6005,4.4347365106961195e-09,0.041103354018879976,0.07889707441723127,0.8799995671291522,25,30,10
37,6006,1.232912223512761e-06,0.04000199555211716,0.07999720440591529,0.8799995671297441,25,30,10
37,6007,1.232912223512761e-06,0.04000199555211716,0.07999717593345397,0.8799995956022053,25,30,10
37,6008,1.232912223512761e-06,0.04000199555211716,0.07999717592560991,0.8799995956100493,25,30,10
37,6009,1.232912223512761e-06,0.04000199555211716,0.07999717451490732,0.8799995970207519,25,30,10
37,6010,1.232912223512761e-06,0.04000199555211716,0.07999717654792872,0.8799995949877305,25,30,10
37,6011,1.232912223512761e-06,0.04000199555211716,0.07999713725467188,0.8799996342809874,25,30,10
37,6012,1.2329122235137446e-06,0.04000199555211717,0.07999716687736663,0.8799996046582927,25,30,10
37,6013,1.2329122235137446e-06,0.04000199555211717,0.07999720027136528,0.8799995712642942,25,30,10
37,6014,1.2329122235137446e-06,0.04000199555211717,0.079997200235974,0.8799995712996853,25,30,10
37,6015,1.2329122235137446e-06,0.04000199555211717,0.07999724164305942,0.8799995298926,25,30,10
37,6016,1.2329122235137444e-06,0.04000199555211717,0.0799972411181413,0.8799995304175182,25,30,10
37,6017,3.800487902243432e-10,0.040000339711189936,0.08000012944854866,0.8799995304602128,25,30,10
37,6018,3.800487902243432e-10,0.040000339711189936,0.08000013145618544,0.8799995284525758,25,30,10
37,6019,3.800487902243432e-10,0.040000339711189936,0.08000012942316002,0.8799995304856013,25,30,10
37,6020,3.800487902243432e-10,0.039977935482977164,0.08002253365137303,0.8799995304856013,25,30,10
37,6021,3.800487902243432e-10,0.039977935482977164,0.08002253220465234,0.8799995319323218,25,30,10
37,6022,3.800487902257861e-10,0.039989478676136184,0.0800109890114933,0.879999531932322,25,30,10
37,6023,3.800487902257861e-10,0.039989478676136184,0.08001094855450322,0.8799995723893119,25,30,10
37,6024,3.800487902257861e-10,0.039989478676136184,0.08001083266272215,0.8799996882810929,25,30,10
37,6025,3.800487902257861e-10,0.039989478676136184,0.08001083324840819,0.8799996876954068,25,30,10
37,6026,3.800487902257861e-10,0.039989478676136184,0.08001083394945915,0.8799996869943558,25,30,10
37,6027,3.800487902257861e-10,0.039989478676136184,0.08001083595973457,0.8799996849840807,25,30,10
37,6028,3.800487902257104e-10,0.039989478676136184,0.08001079455105677,0.8799997263927584,25,30,10
37,6029,3.800487902257104e-10,0.039989478676136184,0.08001091046778319,0.879999610476032,25,30,10
37,6030,3.800487892421779e-10,0.039989478676136184,0.08001088081772859,0.8799996401260866,25,30,10
37,6031,3.8004878924073503e-10,0.03999979691653364,0.08000056257733115,0.8799996401260864,25,30,10
37,6032,3.8004878924073503e-10,0.03999979691653364,0.08000056256407197,0.8799996401393457,25,30,10
37,6033,3.8004878924073503e-10,0.03999979691653364,0.08000060255812144,0.8799996001452962,25,30,10
37,6034,3.8004878924217826e-10,0.04000033931948941,0.08000006015516543,0.8799996001452962,25,30,10
37,6035,3.800483643689996e-10,0.03999998985180019,0.08000040961369774,0.879999600154454,25,30,10
37,6036,3.800483643689996e-10,0.03999998985180019,0.08000040961367919,0.8799996001544724,25,30,10
37,6037,3.800483643689996e-10,0.03999998985180019,0.08000040961429411,0.8799996001538575,25,30,10
37,6038,3.800483643689996e-10,0.03999998985180019,0.08000040815838158,0.8799996016097701,25,30,10
37,6039,3.800483643689996e-10,0.03999998985180027,0.0800005245751702,0.8799994851929814,25,30,10
37,6040,3.8004836436900497e-10,0.03999998985180027,0.08000268825957482,0.8799973215085767,25,30,10
37,6041,3.8004836436900497e-10,0.03999998985180027,0.08000268891073954,0.879997320857412,25,30,10
37,6042,3.80048364369005e-10,0.03999998985180027,0.08000268891180308,0.8799973208563486,25,30,10
37,6043,3.80048364369005e-10,0.03999998985180027,0.08000268892392487,0.8799973208442268,25,30,10
37,6044,3.80048364369005e-10,0.03999998985180027,0.08000268888930799,0.8799973208788435,25,30,10
37,6045,3.8004836436908076e-10,0.03999998985180027,0.08000268890701775,0.8799973208611338,25,30,10
37,6046,3.8004836436908076e-10,0.03999998985180027,0.08000268893038266,0.8799973208377689,25,30,10
37,6047,3.8004836436908076e-10,0.03999998985180019,0.08000257256375669,0.8799974372043949,25,30,10
37,6048,3.8004836436908076e-10,0.03999998985180019,0.08000257255145213,0.8799974372166995,25,30,10
37,6049,3.8004836436908076e-10,0.03999998985180019,0.08000245665967592,0.8799975531084757,25,30,10
37,6050,3.8004836436908076e-10,0.03999998985180019,0.08000245665982947,0.8799975531083222,25,30,10
37,6051,3.8004836436908076e-10,0.03999998985180019,0.08000245462725503,0.8799975551408966,25,30,10
37,6052,3.8004836436908076e-10,0.03999998985180019,0.08000245462662928,0.8799975551415222,25,30,10
37,6053,3.8004836436907947e-10,0.03999998985180019,0.08000245605474786,0.8799975537134037,25,30,10
37,6054,8.206747700045356e-12,0.03999999035455701,0.08000245596724925,0.8799975536699871,25,30,10
37,6055,8.206747700045357e-12,0.03999999035455701,0.08000245600389506,0.8799975536333413,25,30,10
37,6056,8.206747700045357e-12,0.03999999035455701,0.08000245599174959,0.8799975536454867,25,30,10
37,6057,8.206747700045357e-12,0.03999999035455701,0.08000245801724716,0.879997551619989,25,30,10
37,6058,8.206747700045357e-12,0.03999999035455701,0.0800024580524796,0.8799975515847567,25,30,10
37,6059,8.206747700045357e-12,0.03999999035455701,0.08000245805248264,0.8799975515847536,25,30,10
37,6060,8.206747700040047e-12,0.03999999035455701,0.08000017845135052,0.8799998311858858,25,30,10
37,6061,8.206747700040047e-12,0.03999999035455701,0.08000018046774089,0.8799998291694954,25,30,10
37,6062,8.206846359926681e-12,0.04001956658939781,0.0799806037380723,0.8799998296643229,25,30,10
37,6063,8.206846359926659e-12,0.04001956658939774,0.07998048639263898,0.8799999470097564,25,30,10
37,6064,8.206846359926655e-12,0.04001956658939774,0.07998051283163625,0.8799999205707592,25,30,10
37,6065,8.206846359926655e-12,0.04001956658939774,0.07998051416299257,0.8799999192394029,25,30,10
37,6066,8.206846359926678e-12,0.04001956658939774,0.0799805162208203,0.8799999171815752,25,30,10
37,6067,8.206846359931992e-12,0.04001956658939774,0.0799805967109686,0.8799998366914268,25,30,10
37,6068,8.20684635993332e-12,0.04001956658939774,0.07998059675383998,0.8799998366485555,25,30,10
37,6069,8.206846359933224e-12,0.04001956658939774,0.07998059528067283,0.8799998381217226,25,30,10
37,6070,8.206846359933224e-12,0.04001956658939774,0.0799805957674591,0.8799998376349363,25,30,10
37,6071,8.206846359933202e-12,0.04001956658939774,0.07998059373381682,0.8799998396685786,25,30,10
37,6072,8.206846359931874e-12,0.04001956658939774,0.07998059569965833,0.8799998377027372,25,30,10
37,6073,8.206846359931874e-12,0.04001956658939774,0.0799805956652288,0.8799998377371666,25,30,10
37,6074,8.206846359931874e-12,0.04001956658939774,0.07998067768926688,0.8799997557131287,25,30,10
37,6075,8.206846359931872e-12,0.04001956658939774,0.07998067568133756,0.8799997577210579,25,30,10
37,6076,8.206846359937089e-12,0.04001956658939774,0.07998071662372848,0.8799997167786671,25,30,10
37,6077,8.206846358493812e-12,0.03998809971225891,0.0800121835008674,0.8799997167786671,25,30,10
37,6078,1.7273682417450397e-05,0.039988099218592935,0.07999490793354354,0.8799997191654461,25,30,10
37,6079,1.7273682417450397e-05,0.039988099218592935,0.07999482543515446,0.8799998016638351,25,30,10
37,6080,1.7273682417450397e-05,0.039988099218592935,0.07999482540915542,0.8799998016898342,25,30,10
37,6081,2.8764361088715095e-14,0.03998809920981,0.08001210148711932,0.8799997993030422,25,30,10
37,6082,2.8764361094771394e-14,0.03830110903836181,0.08169909165856748,0.8799997993030422,25,30,10
37,6083,2.876436110008222e-14,0.03830110903836188,0.08169909369231218,0.8799997972692973,25,30,10
37,6084,2.8764361402800746e-14,0.03830110903836188,0.08169912015221518,0.8799997708093944,25,30,10
37,6085,2.8764361402799136e-14,0.03830110903836188,0.08169912014012114,0.8799997708214883,25,30,10
37,6086,2.8764361402915604e-14,0.03830110903836188,0.08169912200608685,0.8799997689555227,25,30,10
37,6087,2.876436139760476e-14,0.03830110903836181,0.08169909152487442,0.8799997994367352,25,30,10
37,6088,2.876436139760517e-14,0.03830110903836181,0.08169909156824215,0.8799997993933674,25,30,10
37,6089,2.8764361397605156e-14,0.03830110903836181,0.08169909090071753,0.8799998000608918,25,30,10
37,6090,2.876436139760513e-14,0.03830110903836181,0.08169909087554014,0.8799998000860694,25,30,10
37,6091,5.431072297915409e-09,0.03830110903837137,0.08169908544374936,0.8799998000868069,25,30,10
37,6092,5.431072297915409e-09,0.03830110903837137,0.08170070831958423,0.8799981772109722,25,30,10
37,6093,5.431072297915409e-09,0.03830110903837137,0.08170070974195895,0.8799981757885975,25,30,10
37,6094,5.431072297915106e-09,0.03830110903837137,0.081700681292666,0.8799982042378903,25,30,10
37,6095,5.431072297915106e-09,0.03830110903837137,0.08170067987058037,0.879998205659976,25,30,10
37,6096,2.377200455625302e-10,0.038301109038132546,0.08170068384681181,0.8799982068773357,25,30,10
37,6097,2.377200455625302e-10,0.038301109038132546,0.08170068385912421,0.8799982068650233,25,30,10
37,6098,2.377200455625302e-10,0.038301109038132546,0.0817006838693372,0.8799982068548102,25,30,10
37,6099,8.189962406839925e-12,0.03830110903820828,0.0817006852749485,0.8799982056786533,25,30,10
37,6100,8.189962406839928e-12,0.03830110903820828,0.0817008011570631,0.8799980897965386,25,30,10
37,6101,8.189962406839928e-12,0.03830110903820828,0.08170080187102328,0.8799980890825785,25,30,10
37,6102,8.189962406839904e-12,0.03830110903820828,0.08170080050439765,0.8799980904492041,25,30,10
37,6103,8.189962406859171e-12,0.04001183760630725,0.07999007193629866,0.8799980904492041,25,30,10
37,6104,9.620034227383286e-12,0.03999226750446022,0.08000964254069849,0.8799980899452217,25,30,10
37,6105,9.620034227383286e-12,0.03999226750446022,0.08000964252801059,0.8799980899579094,25,30,10
37,6106,9.620034227383286e-12,0.03999226750446022,0.08000964321737478,0.8799980892685453,25,30,10
37,6107,9.62003422735796e-12,0.04000000606933795,0.080001904652497,0.8799980892685453,25,30,10
37,6108,9.620034227282281e-12,0.04000000606933795,0.08000186464075246,0.8799981292802898,25,30,10
37,6109,9.620034227282283e-12,0.04000000606933795,0.08000186466676247,0.8799981292542798,25,30,10
37,6110,9.620034227282283e-12,0.04000000606933795,0.08000186407213172,0.8799981298489105,25,30,10
37,6111,9.620034227282187e-12,0.04000000606933795,0.08000186357217176,0.8799981303488704,25,30,10
37,6112,9.62003422728219e-12,0.04000000606933795,0.0800018643059912,0.879998129615051,25,30,10
37,6113,8.095960154038487e-12,0.04000000607844939,0.08000172567530994,0.8799982682381449,25,30,10
37,6114,8.095960154038487e-12,0.04000000607844939,0.08000164518538133,0.8799983487280736,25,30,10
37,6115,8.095960154038487e-12,0.04000000607844939,0.08000164318678735,0.8799983507266675,25,30,10
37,6116,8.095960154038487e-12,0.04000000607844939,0.08000164316204346,0.8799983507514115,25,30,10
37,6117,8.095960154038487e-12,0.04000000607844939,0.08000164364208485,0.8799983502713701,25,30,10
37,6118,8.095960154038489e-12,0.04000000607844939,0.08000164368545533,0.8799983502279997,25,30,10
37,6119,8.095960154043799e-12,0.04000000607844939,0.08000164467221073,0.8799983492412443,25,30,10
37,6120,8.09596015404389e-12,0.04000000607844939,0.08000175914222181,0.8799982347712334,25,30,10
37,6121,8.09596015404389e-12,0.04000000607844939,0.08000175910913758,0.8799982348043176,25,30,10
37,6122,8.095960154069209e-12,0.039999994053155394,0.08000177113443152,0.8799982348043177,25,30,10
37,6123,8.095960154069117e-12,0.039999994053155394,0.08000177064519245,0.8799982352935568,25,30,10
37,6124,8.095960154069114e-12,0.039999994053155394,0.08000177061845071,0.8799982353202985,25,30,10
37,6125,8.095960154069114e-12,0.039999994053155394,0.0800017705744623,0.8799982353642869,25,30,10
37,6126,8.095960154069114e-12,0.039999994053155394,0.08000176924310592,0.8799982366956434,25,30,10
37,6127,8.095960154069117e-12,0.039999994053155394,0.08000180853607063,0.8799981974026787,25,30,10
37,6128,8.095960154063807e-12,0.039999994053155394,0.08000176756766891,0.8799982383710802,25,30,10
37,6129,8.095960154038494e-12,0.03999987484915022,0.08000188677167407,0.8799982383710802,25,30,10
37,6130,5.420230973001762e-09,0.0399998748400416,0.08000202003369443,0.8799980997060334,25,30,10
37,6131,5.420230973001762e-09,0.0399998748400416,0.08000210110949718,0.8799980186302306,25,30,10
37,6132,5.420230973001762e-09,0.0399998748400416,0.08000360809317925,0.8799965116465487,25,30,10
37,6133,5.420230973001762e-09,0.0399998748400416,0.08000361010157643,0.8799965096381512,25,30,10
37,6134,5.420230973001762e-09,0.0399998748400416,0.08000372600999354,0.879996393729734,25,30,10
37,6135,5.420230973001762e-09,0.0399998748400416,0.08000367195950309,0.8799964477802246,25,30,10
37,6136,5.420230973001762e-09,0.0399998748400416,0.08000367194970007,0.8799964477900275,25,30,10
37,6137,5.420230973001762e-09,0.0399998748400416,0.0800035560929712,0.8799965636467565,25,30,10
37,6138,5.420230973001767e-09,0.0399998748400416,0.0801830613028483,0.8798170584368793,25,30,10
37,6139,5.420230973001767e-09,0.039999874840041603,0.08018317721045345,0.8798169425292744,25,30,10
37,6140,5.420230973001767e-09,0.039999874840041603,0.08018474604767002,0.8798153736920576,25,30,10
37,6141,5.420230973001838e-09,0.039999874840041603,0.08000524338282437,0.8799948763569034,25,30,10
37,6142,5.4185977638701715e-09,0.03999987483988441,0.08000524338458836,0.8799948763569296,25,30,10
37,6143,5.4185977638701715e-09,0.03999987483988441,0.08000524334078342,0.8799948764007346,25,30,10
37,6144,5.4185977638701715e-09,0.03999987483988441,0.0800052426628922,0.8799948770786257,25,30,10
37,6145,5.4185977638701715e-09,0.03999987483988441,0.08000524120546391,0.8799948785360542,25,30,10
37,6146,5.4185977638701715e-09,0.039999993199112634,0.08000512284623572,0.8799948785360542,25,30,10
37,6147,5.4185977638701715e-09,0.039999993199112634,0.08000366990955006,0.8799963314727398,25,30,10
37,6148,5.418597763870096e-09,0.039999993199112634,0.0800036673811619,0.879996334001128,25,30,10
37,6149,5.418597763870096e-09,0.039999993199112634,0.0800036653833689,0.8799963359989209,25,30,10
37,6150,5.418597763870096e-09,0.039999993199112634,0.08000366535842582,0.879996336023864,25,30,10
37,6151,5.4185977638700905e-09,0.039999993199112634,0.08000378027713814,0.8799962211051517,25,30,10
37,6152,4.674820905552405e-10,0.039999993700004975,0.08000378233927298,0.8799962234932401,25,30,10
37,6153,1.2158311988562194e-06,0.039999993199427444,0.0800025674673261,0.8799962235020479,25,30,10
37,6154,1.2158311988562194e-06,0.039999993199427444,0.08000256745837485,0.8799962235109992,25,30,10
37,6155,1.2158311988562194e-06,0.039999993199427444,0.08000260745304574,0.879996183516328,25,30,10
37,6156,1.2158311988562194e-06,0.039999993199427444,0.08000260742764301,0.8799961835417308,25,30,10
37,6157,1.2158311988562194e-06,0.039999993199427444,0.08000098656049442,0.8799978044088792,25,30,10
37,6158,1.2158311988562194e-06,0.039999993199427444,0.08000101402426624,0.8799977769451074,25,30,10
37,6159,1.2158311988562194e-06,0.039999993199427444,0.08000089808160846,0.8799978928877654,25,30,10
37,6160,1.2158311988562194e-06,0.039999993199427514,0.08000317747429925,0.8799956134950746,25,30,10
37,6161,1.2158311988562194e-06,0.039999993199427514,0.08000317749536488,0.879995613474009,25,30,10
37,6162,1.2158311988562194e-06,0.039999993199427514,0.08000314902293659,0.8799956419464374,25,30,10
37,6163,1.2158311988562194e-06,0.039999993199427514,0.08000314904833587,0.8799956419210381,25,30,10
37,6164,1.2158311988562194e-06,0.039999993199427514,0.08000314902250646,0.8799956419468674,25,30,10
37,6165,1.2158311988562194e-06,0.039999993199427514,0.08009544469212061,0.8799033462772533,25,30,10
37,6166,1.2158311988562194e-06,0.039999993199427514,0.08009544472140105,0.8799033462479728,25,30,10
37,6167,1.2158311988562194e-06,0.039999993199427444,0.08009328054436017,0.8799055104250137,25,30,10
37,6168,1.2158312020515428e-06,0.039999993199427444,0.08009548399860739,0.8799033069707635,25,30,10
37,6169,1.2158312020515428e-06,0.039999993199427444,0.08009544603744471,0.8799033449319259,25,30,10
37,6170,1.2158312020515428e-06,0.039999993199427444,0.08009544598727142,0.8799033449820992,25,30,10
37,6171,2.0811077396461998e-08,0.039999993225067636,0.0800889155781805,0.8799110703856744,25,30,10
37,6172,2.0811077396461998e-08,0.039999993225067636,0.08009053847857751,0.8799094474852773,25,30,10
37,6173,2.0811077396461998e-08,0.039999993225067636,0.08009053851210725,0.8799094474517476,25,30,10
37,6174,2.0811077396461998e-08,0.039999993225067636,0.08009054256238166,0.8799094434014733,25,30,10
37,6175,2.0811077396461998e-08,0.039999993225067636,0.08009054255424386,0.879909443409611,25,30,10
37,6176,2.0811077396461998e-08,0.039999993225067636,0.08009062102275755,0.8799093649410973,25,30,10
37,6177,2.0811077396461998e-08,0.03998950191739642,0.08010111233042883,0.8799093649410973,25,30,10
37,6178,2.0811077396461998e-08,0.03998950191739642,0.08010099644830998,0.8799094808232161,25,30,10
37,6179,2.0811077396461998e-08,0.03998950191739642,0.0801010364428012,0.8799094408287249,25,30,10
37,6180,2.0811077396461998e-08,0.03998950191739642,0.08010103511039207,0.8799094421611342,25,30,10
37,6181,2.0811077396462302e-08,0.03998950191739642,0.08010106308583534,0.8799094141856909,25,30,10
37,6182,2.0811077396462302e-08,0.03998950191739642,0.08010094720416287,0.879909530067363,25,30,10
37,6183,2.0811077396462302e-08,0.03998950191739642,0.08001525777699615,0.8799952194945299,25,30,10
37,6184,0.000980246693668783,0.0399895023903084,0.07904275922125803,0.8799874916947645,25,30,10
37,6185,5.4328366119097115e-09,0.039989501900411055,0.08002300092995515,0.8799874917367968,25,30,10
37,6186,5.4328366119097115e-09,0.039989501900411055,0.08002291839484328,0.8799875742719088,25,30,10
37,6187,5.432837410652558e-09,0.03998950190041535,0.08002950047379846,0.8799809921929486,25,30,10
37,6188,5.432837410652558e-09,0.03999999934510019,0.08001900302911365,0.8799809921929486,25,30,10
37,6189,5.432834215329174e-09,0.03999999934510019,0.08001679960022651,0.8799831956218389,25,30,10
37,6190,5.432834215329174e-09,0.03999999934510019,0.08001679963589861,0.8799831955861669,25,30,10
37,6191,5.432834215328871e-09,0.03999999934510019,0.08001677164955906,0.8799832235725065,25,30,10
37,6192,5.432834215328871e-09,0.03999999934510019,0.08001526466611564,0.8799847305559498,25,30,10
37,6193,5.432834215328871e-09,0.04000000591846744,0.08001525809274838,0.8799847305559498,25,30,10
37,6194,5.432834215328871e-09,0.04000000591846744,0.08001996139304107,0.8799800272556573,25,30,10
37,6195,5.432834215328903e-09,0.039999686162990516,0.080020281148518,0.8799800272556573,25,30,10
37,6196,5.432834215328903e-09,0.039999686162990516,0.080020281148518,0.8799800272556572,25,30,10
37,6197,5.432834215328903e-09,0.039999686162990516,0.08002026962670587,0.8799800387774692,25,30,10
37,6198,5.432834215328903e-09,0.039999686162990516,0.08002027110953386,0.8799800372946414,25,30,10
37,6199,5.432834215328903e-09,0.039999686162990516,0.08002038700354651,0.8799799214006288,25,30,10
37,6200,5.432834215328903e-09,0.039999686162990516,0.08002038697812022,0.879979921426055,25,30,10
37,6201,5.432834215328903e-09,0.039999686162990516,0.08001876814400666,0.8799815402601685,25,30,10
37,6202,5.432834215328903e-09,0.039999686162990516,0.08002537435229437,0.8799749340518808,25,30,10
37,6203,5.432834215328903e-09,0.039999686162990516,0.08002699655184928,0.8799733118523259,25,30,10
37,6204,5.432834215328979e-09,0.039999686162990516,0.08002927210693825,0.879971036297237,25,30,10
37,6205,5.432834215328979e-09,0.039999686162990516,0.08002460880112564,0.8799756996030496,25,30,10
37,6206,5.432834215328979e-09,0.039999686162990516,0.0800244928714319,0.8799758155327433,25,30,10
37,6207,5.432834215328979e-09,0.039999686162990516,0.0800179151020675,0.8799823933021077,25,30,10
37,6208,5.432834215328979e-09,0.039999686162990516,0.08001788669005845,0.8799824217141168,25,30,10
37,6209,5.43283421532898e-09,0.039999686162990516,0.08001796917817144,0.8799823392260038,25,30,10
37,6210,5.43283421532898e-09,0.039999686162990516,0.08001796917823635,0.8799823392259389,25,30,10
37,6211,5.43283421532898e-09,0.039999686162990516,0.08001797117620589,0.8799823372279696,25,30,10
37,6212,5.432834215329056e-09,0.039999686162990516,0.08001799941440721,0.879982308989768,25,30,10
37,6213,5.432834215329056e-09,0.039999686162990516,0.08001811533157108,0.8799821930726043,25,30,10
37,6214,5.43283421532898e-09,0.039999686162990516,0.0800180891268025,0.8799822192773727,25,30,10
37,6215,5.432834215328986e-09,0.039999686162990516,0.08001797370915587,0.8799823346950194,25,30,10
37,6216,5.432834215328986e-09,0.039999686162990516,0.0800180496319917,0.8799822587721836,25,30,10
37,6217,5.432834215328986e-09,0.039999686162990516,0.08001804960704159,0.8799822587971338,25,30,10
37,6218,5.432834215328986e-09,0.039999686162990516,0.08001804757339802,0.8799822608307772,25,30,10
37,6219,5.432834215328986e-09,0.039999686162990516,0.08001144134369033,0.879988867060485,25,30,10
37,6220,5.43283421532906e-09,0.039999686162990516,0.08001371890322596,0.8799865895009493,25,30,10
37,6221,5.43283421532906e-09,0.039999686162990516,0.08001371890246509,0.8799865895017104,25,30,10
37,6222,5.43283421532906e-09,0.039999686162990516,0.08001371689421348,0.879986591509962,25,30,10
37,6223,5.43283421532906e-09,0.039999686162990516,0.08001383281262076,0.8799864755915546,25,30,10
37,6224,5.432834215329058e-09,0.039999686162990516,0.08001383434645212,0.8799864740577231,25,30,10
37,6225,5.432834215329058e-09,0.039999686162990516,0.08001383638009553,0.8799864720240798,25,30,10
37,6226,5.432834215329058e-09,0.039999686162990516,0.08001383835268065,0.8799864700514947,25,30,10
37,6227,5.432834215329058e-09,0.039999686162990516,0.08001383978771796,0.8799864686164572,25,30,10
37,6228,5.432834215329058e-09,0.039999686162990516,0.08001854105430159,0.8799817673498737,25,30,10
37,6229,5.432834215329056e-09,0.039999686162990516,0.08001845924075525,0.8799818491634201,25,30,10
37,6230,5.432834215329056e-09,0.039999686162990516,0.08001841977056691,0.8799818886336084,25,30,10
37,6231,5.432834215329056e-09,0.039999686162990516,0.08001850176922926,0.8799818066349461,25,30,10
37,6232,1.0890108923132865e-07,0.039999834964218446,0.08001824953867981,0.8799818065960123,25,30,10
37,6233,1.0890108923132865e-07,0.039999834964218446,0.08001825024020309,0.879981805894489,25,30,10
37,6234,1.0890108923132865e-07,0.039999834964218446,0.08001813434735683,0.8799819217873354,25,30,10
37,6235,1.0890108923132865e-07,0.039999834964218446,0.08001813579406285,0.8799819203406294,25,30,10
37,6236,1.0890108923132865e-07,0.039999834964218446,0.08001802059025069,0.8799820355444417,25,30,10
37,6237,1.0890108923132865e-07,0.039999834964218446,0.08001639818916573,0.8799836579455266,25,30,10
37,6238,1.0890108923132865e-07,0.039999834964218446,0.08001632227862959,0.8799837338560628,25,30,10
37,6239,1.0890108923132865e-07,0.039999834964218446,0.08001623976779428,0.879983816366898,25,30,10
37,6240,1.0890108923132872e-07,0.039999834964218446,0.08002284598524614,0.8799772101494461,25,30,10
37,6241,1.0890108843258587e-07,0.03999983496421416,0.0800162363818979,0.8799838197527996,25,30,10
37,6242,1.0890108843258587e-07,0.03999983496421416,0.08001623638127935,0.8799838197534181,25,30,10
37,6243,1.0890108843258579e-07,0.03999983496421416,0.08001395827110434,0.879986097863593,25,30,10
37,6244,1.0890108843258579e-07,0.03999983496421416,0.0800139582715384,0.8799860978631591,25,30,10
37,6245,1.0890108843258579e-07,0.03999983496421416,0.08001391925885287,0.8799861368758447,25,30,10
37,6246,1.0890108843258579e-07,0.03999983496421416,0.08002052401783556,0.879979532116862,25,30,10
37,6247,1.0890108843258579e-07,0.03999983496421416,0.08002052258280103,0.8799795335518965,25,30,10
37,6248,1.0890108843258578e-07,0.04000014480365016,0.08002021274336502,0.8799795335518965,25,30,10
37,6249,2.832573005292836e-12,0.040000002114702476,0.08002046433439677,0.8799795335480682,25,30,10
37,6250,2.8325730052927406e-12,0.040000002114702476,0.0800204633757893,0.8799795345066757,25,30,10
37,6251,2.8325730053684204e-12,0.040000002114702476,0.08002046482375239,0.8799795330587125,25,30,10
37,6252,2.8325730053684204e-12,0.040000002114702476,0.08002046423806637,0.8799795336443985,25,30,10
37,6253,1.4301785081296244e-12,0.04000035794001203,0.08002010841416198,0.8799795336443959,25,30,10
37,6254,1.4301785081296262e-12,0.04000035794001203,0.0800201098492049,0.8799795322093529,25,30,10
37,6255,2.8296099003740157e-12,0.04000069207366267,0.08001977571415202,0.8799795322093558,25,30,10
37,6256,1.4301859218246562e-12,0.040000002339636465,0.08002046544958046,0.8799795322093529,25,30,10
37,6257,1.4301859218233286e-12,0.040000002339636465,0.08002046341623187,0.8799795342427015,25,30,10
37,6258,1.4301859217476535e-12,0.040000002339636465,0.08001821226706746,0.8799817853918658,25,30,10
37,6259,1.4301859217476515e-12,0.040000012405887755,0.08001820220081615,0.8799817853918658,25,30,10
37,6260,4.479095316377237e-16,0.040000006163443194,0.08001820844469412,0.879981785391863,25,30,10
37,6261,4.479095316377598e-16,0.040000006163443194,0.08001820985636715,0.8799817839801901,25,30,10
37,6262,4.47909556958179e-16,0.039999603202316596,0.08001861281749204,0.8799817839801918,25,30,10
37,6263,8.785643354109753e-16,0.039999597074130214,0.08001861894567798,0.8799817839801918,25,30,10
37,6264,8.785643354109761e-16,0.039999597074130214,0.08001861844703008,0.8799817844788396,25,30,10
37,6265,8.78564340721849e-16,0.039999597074130214,0.08001869952235746,0.8799817034035122,25,30,10
37,6266,8.785657591209361e-16,0.0399998596542771,0.0800184369422123,0.8799817034035106,25,30,10
37,6267,8.634359257873226e-16,0.04001943859583437,0.07999885800065423,0.8799817034035106,25,30,10
37,6268,8.634359310965428e-16,0.04001943859583437,0.07999885859527897,0.8799817028088858,25,30,10
37,6269,8.634359310965291e-16,0.04001943859583437,0.07999888636639174,0.8799816750377729,25,30,10
37,6270,8.634359310969368e-16,0.04001943859583437,0.07999888778835333,0.8799816736158114,25,30,10
37,6271,8.634359310965567e-16,0.04001943859583437,0.07999888837420566,0.8799816730299591,25,30,10
37,6272,8.634359310037994e-16,0.04001943859583437,0.0799989276941496,0.8799816337100149,25,30,10
37,6273,8.634359310037988e-16,0.04001943859583437,0.07999890068094322,0.8799816607232215,25,30,10
37,6274,8.634359256929192e-16,0.04001943859583437,0.07999881818260866,0.8799817432215561,25,30,10
37,6275,8.634359257860916e-16,0.04001943859583437,0.07999881677254086,0.8799817446316238,25,30,10
37,6276,1.4305619128238442e-12,0.0399998596561978,0.08001839571074826,0.8799817446316238,25,30,10
37,6277,1.4305619131255828e-12,0.03999985965619788,0.08014791914456751,0.8798522211978045,25,30,10
37,6278,1.4305619131254913e-12,0.03999985965619788,0.08014792058003607,0.8798522197623359,25,30,10
37,6279,1.4305619128290697e-12,0.03999985965619788,0.08014792070281665,0.8798522196395554,25,30,10
37,6280,1.430561912829069e-12,0.03999985965619788,0.08014788067245475,0.8798522596699172,25,30,10
37,6281,1.4305619128304203e-12,0.03999985965619788,0.08014799860279631,0.8798521417395755,25,30,10
37,6282,1.430561912829069e-12,0.03999985965619788,0.08014788067245453,0.8798522596699172,25,30,10
37,6283,1.430561912829069e-12,0.03999985965619788,0.08014787865132911,0.8798522616910427,25,30,10
37,6284,1.43056191283438e-12,0.03999985965619788,0.08014796117476443,0.8798521791676075,25,30,10
37,6285,1.4305619128343926e-12,0.03999985965619788,0.08014147154328807,0.8798586687990837,25,30,10
37,6286,1.430561912834391e-12,0.03999985965619788,0.08013676826802082,0.879863372074351,25,30,10
37,6287,1.430561912834391e-12,0.03999985965619788,0.08013676824368496,0.8798633720986869,25,30,10
37,6288,2.5961282574498276e-14,0.039999859875046236,0.08013676802624108,0.8798633720986869,25,30,10
37,6289,2.5961282574498276e-14,0.039999859875046236,0.08013676806085533,0.8798633720640727,25,30,10
37,6290,2.596128257450032e-14,0.039999859875046236,0.08014337430303321,0.8798567658218946,25,30,10
37,6291,2.5961282574501923e-14,0.039999859875046236,0.0801433472779473,0.8798567928469807,25,30,10
37,6292,2.596152844402739e-14,0.039999859875046236,0.08014558891628436,0.8798545512086438,25,30,10
37,6293,2.5961528444029047e-14,0.039999859875046236,0.08014558892497804,0.8798545511999499,25,30,10
37,6294,2.59615287466978e-14,0.039999859875046236,0.08015219517721237,0.8798479449477157,25,30,10
37,6295,2.596152874669783e-14,0.039999859875046236,0.08015219564150045,0.8798479444834275,25,30,10
37,6296,2.5961528822375875e-14,0.039999859875046236,0.08015208178322618,0.8798480583417018,25,30,10
37,6297,2.596152882235262e-14,0.039999859875046236,0.08015196656663365,0.8798481735582943,25,30,10
37,6298,1.2676764793003472e-14,0.04056356672034555,0.07958825972134735,0.8798481735582943,25,30,10
37,6299,1.9481954701131076e-13,0.040563566720345626,0.07958840851480628,0.8798480247646531,25,30,10
37,6300,1.9481954701130912e-13,0.040563566720345626,0.0795884075669567,0.8798480257125029,25,30,10
37,6301,1.9481954693562946e-13,0.040563566720345626,0.0795884075540282,0.8798480257254311,25,30,10
37,6302,1.948195468613709e-13,0.040563566720345626,0.07958840685882794,0.8798480264206314,25,30,10
37,6303,1.948195468560604e-13,0.040563566720345626,0.07958832636860094,0.8798481069108586,25,30,10
37,6304,1.9481954685606038e-13,0.040563566720345626,0.07958832495649347,0.8798481083229661,25,30,10
37,6305,6.469330815474988e-12,0.04091940760453419,0.07923248390526169,0.8798481084837347,25,30,10
37,6306,6.469330814031269e-12,0.04091899551053059,0.07923289599926532,0.8798481084837347,25,30,10
37,6307,6.46933081403127e-12,0.04091899551053059,0.07922629120522517,0.8798547132777748,25,30,10
37,6308,1.9482100235121595e-13,0.04058341353311187,0.0795618733496869,0.8798547131170062,25,30,10
37,6309,1.948210023512176e-13,0.04058341353311187,0.07956187382424748,0.8798547126424455,25,30,10
37,6310,1.94823272569875e-13,0.040563154410265215,0.07958043707976509,0.8798564085097746,25,30,10
37,6311,1.948232724942885e-13,0.040563154410265215,0.07958043552027616,0.8798564100692636,25,30,10
37,6312,1.9482327680802582e-13,0.040563154410265215,0.0795804475422984,0.8798563980472413,25,30,10
37,6313,1.9482327680802582e-13,0.040563154410265215,0.07958044754228762,0.8798563980472521,25,30,10
37,6314,1.948232768080254e-13,0.040563154410265215,0.07958044682937594,0.8798563987601637,25,30,10
37,6315,3.1191224547850913e-10,0.05767716425570488,0.0624664366697614,0.8798563987626212,25,30,10
37,6316,3.1191224547419543e-10,0.05767716425570486,0.062466396183823464,0.8798564392485592,25,30,10
37,6317,3.1191224547419543e-10,0.05767716425570486,0.06246639568387172,0.879856439748511,25,30,10
37,6318,3.1191224547419543e-10,0.05767716425570486,0.06246639425575331,0.8798564411766294,25,30,10
37,6319,3.1191224547419543e-10,0.05767716425570486,0.06246650967357834,0.8798563257588043,25,30,10
37,6320,3.1191224547419543e-10,0.05767716425570486,0.062466510428293764,0.879856325004089,25,30,10
37,6321,3.1191224547419543e-10,0.05767716425570486,0.06246651040967275,0.87985632502271,25,30,10
37,6322,3.1191224547419543e-10,0.05767716425570486,0.06246651041011492,0.879856325022268,25,30,10
37,6323,3.1207335826120123e-10,0.057677164958730855,0.02698960395905491,0.9153332307701406,25,30,10
37,6324,3.1207335826120123e-10,0.057677164958730855,0.026989602502521564,0.915333232226674,25,30,10
37,6325,3.1207335826119983e-10,0.057677164958730855,0.026989486576962443,0.9153333481522331,25,30,10
37,6326,3.1207335826119983e-10,0.057677164958730855,0.026991109477303484,0.915331725251892,25,30,10
37,6327,3.1207335826119983e-10,0.057677164958730855,0.026991107469667847,0.9153317272595277,25,30,10
37,6328,3.5892072143896647e-13,0.07996650805094012,0.004701764691533159,0.9153317272571678,25,30,10
37,6329,3.4369791589780077e-13,0.07999930539201133,0.004668967350574646,0.9153317272570703,25,30,10
37,6330,3.4369767003358555e-13,0.07999930539201133,0.004671429001734124,0.9153292656059109,25,30,10
37,6331,3.436976700335872e-13,0.07999930539201133,0.004671429501243714,0.9153292651064013,25,30,10
37,6332,3.4369767003358555e-13,0.07999930539201133,0.004671430449500393,0.9153292641581448,25,30,10
37,6333,3.4369767003358555e-13,0.07999930539201133,0.004671512937391495,0.9153291816702536,25,30,10
37,6334,3.4369767003358555e-13,0.07999930539201133,0.004671512947047955,0.9153291816605971,25,30,10
37,6335,3.436976700335856e-13,0.07999930539201133,0.004671512447796016,0.915329182159849,25,30,10
37,6336,3.436976700335857e-13,0.07999930539201133,0.004671511025776204,0.9153291835818688,25,30,10
37,6337,3.4369767003360893e-13,0.07999930539201133,0.004671511054722138,0.9153291835529229,25,30,10
37,6338,3.4369767003491336e-13,0.07999930539201133,0.004671588973333303,0.9153291056343117,25,30,10
37,6339,3.4369767003491336e-13,0.07999930539201133,0.004671590421318501,0.9153291041863265,25,30,10
37,6340,3.4369767003491336e-13,0.07999930539201133,0.004671672944443351,0.9153290216632017,25,30,10
37,6341,3.436976700309302e-13,0.07999930539201135,0.004671674383556191,0.9153290202240889,25,30,10
37,6342,3.4369767003092857e-13,0.07999930539201135,0.004671672970831103,0.915329021636814,25,30,10
37,6343,3.4369767003092846e-13,0.07999930539201135,0.004671788862867899,0.9153289057447772,25,30,10
37,6344,3.4369767003092846e-13,0.07999930539201135,0.0046717063642436685,0.9153289882434015,25,30,10
37,6345,3.4369767002960075e-13,0.07999930539201133,0.004671702883164113,0.9153289917244811,25,30,10
37,6346,3.43697670029624e-13,0.07999930539201133,0.004671756934141756,0.9153289376735034,25,30,10
37,6347,3.4369767002962363e-13,0.07999930539201133,0.004671756933248775,0.9153289376743963,25,30,10
37,6348,3.4369767002964695e-13,0.07999930539201133,0.004671812396141334,0.9153288822115038,25,30,10
37,6349,3.4369767002964655e-13,0.07999930539201133,0.004671810936067224,0.9153288836715779,25,30,10
37,6350,3.4369767002964453e-13,0.07999930539201133,0.0046652047291185095,0.9153354898785266,25,30,10
37,6351,3.436976700296212e-13,0.07999930539201133,0.004665149231176538,0.9153355453764687,25,30,10
37,6352,3.4369767003490846e-13,0.07999930539201142,0.004667373351097761,0.9153333212565474,25,30,10
37,6353,3.4369767003490846e-13,0.07999930539201142,0.004667374025841065,0.915333320581804,25,30,10
37,6354,3.4369767003490897e-13,0.07999930539201142,0.004667374500196082,0.9153333201074489,25,30,10
37,6355,3.4369767002959874e-13,0.07999930539201142,0.004662671211321379,0.9153380233963238,25,30,10
37,6356,3.4369767002959874e-13,0.07999930539201142,0.004662671211756126,0.915338023395889,25,30,10
37,6357,3.4369767002960065e-13,0.07998899191531096,0.0046729846884565815,0.915338023395889,25,30,10
37,6358,3.4369767000383583e-13,0.07998913456222576,0.004672842041541795,0.915338023395889,25,30,10
37,6359,3.4369767000383583e-13,0.07998913456222576,0.004672842006500606,0.9153380234309302,25,30,10
37,6360,3.4369767000516343e-13,0.07998913456222576,0.004675005690921006,0.9153358597465098,25,30,10
37,6361,3.4369766999985295e-13,0.07998913456222569,0.004672726072665651,0.9153381393647652,25,30,10
37,6362,3.436976699985253e-13,0.07998913456222569,0.00467044648296912,0.9153404189544618,25,30,10
37,6363,3.4369766999852726e-13,0.07998913456222569,0.004670474966244345,0.9153403904711865,25,30,10
37,6364,3.4369766999864616e-13,0.07998912249000928,0.004670487038460746,0.9153403904711865,25,30,10
37,6365,3.4369766999988067e-13,0.07998912249000928,0.004670487547617733,0.9153403899620294,25,30,10
37,6366,3.4369766999988067e-13,0.07998912249000928,0.004670568622967506,0.9153403088866796,25,30,10
37,6367,3.436976700003307e-13,0.07999958827528578,0.004660102837691001,0.9153403088866796,25,30,10
37,6368,3.4369766999987865e-13,0.07999998861637365,0.0046597024966031015,0.9153403088866796,25,30,10
37,6369,3.436976700012064e-13,0.07999998861637365,0.004659701866289972,0.9153403095169927,25,30,10
37,6370,3.436976700012064e-13,0.07999998861637365,0.004659730338315942,0.915340281044967,25,30,10
37,6371,3.436976700012065e-13,0.07999998171963867,0.004659737235050942,0.915340281044967,25,30,10
37,6372,3.436976700012065e-13,0.07999998171963867,0.004659737259386522,0.9153402810206315,25,30,10
37,6373,3.436976700012065e-13,0.07999998171963867,0.004659739280504146,0.9153402789995139,25,30,10
37,6374,3.4369766969853777e-13,0.07999998171963867,0.00465313306305678,0.9153468852169611,25,30,10
37,6375,3.4369766969842675e-13,0.07999960018368961,0.004653514599005834,0.9153468852169611,25,30,10
37,6376,3.4369766969845e-13,0.07999960018368961,0.004653514611761111,0.9153468852042059,25,30,10
37,6377,1.8214278222766643e-13,0.07999959947874294,0.00013211896573051771,0.9198682815553445,25,30,10
37,6378,1.8214278222766837e-13,0.07999979550766914,0.00013192293680430324,0.9198682815553445,25,30,10
37,6379,1.821427822276684e-13,0.07999979550766914,0.0001319223515637804,0.919868282140585,25,30,10
37,6380,1.8214278222766837e-13,0.07999979550766914,0.0001318938907975583,0.9198683106013513,25,30,10
37,6381,1.8214278222767044e-13,0.07999979550766914,0.0001320098081063875,0.9198681946840425,25,30,10
37,6382,1.8214278222769415e-13,0.07999979550766914,0.0001320098081252779,0.9198681946840236,25,30,10
37,6383,1.821427822276945e-13,0.07999979550766914,0.00013201039399174966,0.9198681940981571,25,30,10
37,6384,1.821427822276945e-13,0.07999979550766914,0.00013192787105286645,0.919868276621096,25,30,10
37,6385,1.8214278222781095e-13,0.07999979550766914,0.00013198540788784147,0.919868219084261,25,30,10
37,6386,1.8214278222792697e-13,0.07999979550791374,0.0001370690580188122,0.9198631354338854,25,30,10
37,6387,1.8214278253062219e-13,0.07999979550791374,0.00014023019344719888,0.9198599742984571,25,30,10
37,6388,1.821427825292945e-13,0.07999979550791374,0.00014023214698652748,0.9198599723449178,25,30,10
37,6389,1.8214278252929248e-13,0.07999979550791374,0.00014020363817985674,0.9198600008537245,25,30,10
37,6390,1.8214278252929248e-13,0.07999979550791374,0.00014020367298211043,0.9198600008189222,25,30,10
37,6391,3.1096364880016027e-22,0.07999979550791365,0.0001400548442890368,0.9198601496477973,25,30,10
37,6392,3.108471834729389e-22,0.07999979550791365,0.00013999736789035923,0.9198602071241959,25,30,10
37,6393,3.1073115321080593e-22,0.07999979550766907,0.00013329082969282678,0.919866913662638,25,30,10
37,6394,3.1073115334548335e-22,0.07999979550766907,0.0001332908550815497,0.9198669136372495,25,30,10
37,6395,3.1075400873325808e-22,0.07999979550766907,0.0001332924246546554,0.9198669120676763,25,30,10
37,6396,3.1075400923520554e-22,0.07999979550766907,0.00013340630818411967,0.9198667981841468,25,30,10
37,6397,3.1075400960359926e-22,0.07999979550766907,0.0001334063081840169,0.919866798184147,25,30,10
37,6398,3.1075400280701346e-22,0.07999979550766907,0.0001334063315336576,0.9198667981607973,25,30,10
37,6399,3.107772942034721e-22,0.07999979550766907,0.00013568589953429923,0.9198645185927967,25,30,10
37,6400,3.1075400997632675e-22,0.07999979550766907,0.000133406343832738,0.9198667981484983,25,30,10
37,6401,3.1075401652576966e-22,0.07999979550766907,0.00013340630837077195,0.9198667981839602,25,30,10
37,6402,3.107539878682206e-22,0.07999979550766907,0.00013340627313755693,0.9198667982191935,25,30,10
37,6403,3.1077561817726455e-22,0.07999979550766907,0.00013340828601079256,0.9198667962063203,25,30,10
37,6404,6.106686805923318e-22,0.07999979550767333,0.0005063977679463831,0.9194938067243804,25,30,10
37,6405,6.09340938132417e-22,0.07999979550767333,0.0005063967592335033,0.9194938077330934,25,30,10
37,6406,3.1195654620189714e-22,0.07999979550767333,0.0005032341156998076,0.919496970376627,25,30,10
37,6407,3.119469753439246e-22,0.07997757899804568,0.0005254506253274576,0.919496970376627,25,30,10
37,6408,3.1194697484762555e-22,0.07997757899804568,0.0005254505898221822,0.9194969704121323,25,30,10
37,6409,3.119474116728939e-22,0.07997757899804568,0.0005254506152150133,0.9194969703867395,25,30,10
37,6410,3.1194580574018956e-22,0.07997757899804568,0.0005254498686689972,0.9194969711332855,25,30,10
37,6411,3.1194580562327597e-22,0.07997757899804568,0.0005254498684809979,0.9194969711334734,25,30,10
37,6412,3.1194621389561787e-22,0.07997757899804568,0.0005255637532480765,0.9194968572487064,25,30,10
37,6413,3.119462145266736e-22,0.07997757899804568,0.0005255637886260799,0.9194968572133284,25,30,10
37,6414,3.1194621440960588e-22,0.07997757899804568,0.0005255637636718987,0.9194968572382826,25,30,10
37,6415,3.120160940872525e-22,0.07997757899804568,0.0005255617392283146,0.9194968592627261,25,30,10
37,6416,3.119928013679856e-22,0.07997757899804568,0.0005255616914565142,0.9194968593104978,25,30,10
37,6417,3.120160945803208e-22,0.07997757899804568,0.0005255637606116099,0.9194968572413429,25,30,10
37,6418,3.120177291814901e-22,0.07997757899804568,0.0005255652083819605,0.9194968557935725,25,30,10
37,6419,3.1199446463531274e-22,0.07997757899804568,0.0005255646225118859,0.9194968563794426,25,30,10
37,6420,3.1199446426463973e-22,0.07997757899804568,0.0005255646088043467,0.91949685639315,25,30,10
37,6421,3.119711711670114e-22,0.07997757899804568,0.0005255625751595098,0.9194968584267948,25,30,10
37,6422,3.119711710346135e-22,0.07997757899804568,0.0005255625634784281,0.9194968584384761,25,30,10
37,6423,3.1197119217419774e-22,0.07997757899804568,0.0005255625634784199,0.9194968584384761,25,30,10
37,6424,3.1197241057779837e-22,0.07997757899804568,0.0005255645927180412,0.9194968564092365,25,30,10
37,6425,3.1199573247671093e-22,0.07997757899804568,0.0005255660755489877,0.9194968549264055,25,30,10
37,6426,3.1199573247876207e-22,0.07997757899804568,0.0005255660761669116,0.9194968549257875,25,30,10
37,6427,3.119957318500651e-22,0.07997757899804568,0.0005255660407916578,0.9194968549611627,25,30,10
37,6428,3.1199754104226895e-22,0.07997703307511375,0.0005261119637235933,0.9194968549611627,25,30,10
37,6429,3.1832585186370773e-22,0.07998857133976146,0.0005145736990758772,0.9194968549611627,25,30,10
37,6430,3.1832585914761376e-22,0.07998857133976146,0.0005145744009116925,0.919496854259327,25,30,10
37,6431,3.1832583084754066e-22,0.07998857133976146,0.0005145743886095787,0.9194968542716291,25,30,10
37,6432,3.183270566821895e-22,0.07998857133976146,0.0005144591718681439,0.9194969694883706,25,30,10
37,6433,3.1832704939828347e-22,0.07998857133976146,0.0005144584702094872,0.9194969701900293,25,30,10
37,6434,3.1832664791441624e-22,0.07998857133976146,0.0005144599276448417,0.919496968732594,25,30,10
37,6435,6.210447686501734e-22,0.07998857133976146,0.0005145429523026971,0.919496885707936,25,30,10
37,6436,6.157511863634576e-22,0.0799885713397614,0.000385019431596586,0.9196264092286421,25,30,10
37,6437,6.157511576884096e-22,0.0799885713397614,0.0003850186498197759,0.919626410010419,25,30,10
37,6438,6.2106198328371e-22,0.07998857133976141,0.0003850206831216698,0.9196264079771171,25,30,10
37,6439,6.149556892224248e-22,0.07998858098128694,0.000385011041596102,0.9196264079771171,25,30,10
37,6440,6.150255399544684e-22,0.07998858098128694,0.0003851254760918662,0.9196262935426214,25,30,10
37,6441,6.097163197997358e-22,0.07998858098128694,0.0003851220204083684,0.9196262969983049,25,30,10
37,6442,6.097179544097079e-22,0.07998858098128694,0.0003851240265206404,0.9196262949921925,25,30,10
37,6443,6.097175739409131e-22,0.07998858098128694,0.0003850081345592396,0.919626410884154,25,30,10
37,6444,6.097175596087925e-22,0.07998858098128694,0.0003850094667419365,0.9196264095519713,25,30,10
37,6445,6.097159536652097e-22,0.07998858098128694,0.00038500805463491275,0.9196264109640783,25,30,10
37,6446,6.097143194305588e-22,0.07998858098128694,0.0003850074600039819,0.9196264115587092,25,30,10
37,6447,6.097143189274844e-22,0.07998858098128694,0.00038500747027454054,0.9196264115484386,25,30,10
37,6448,6.097127133722934e-22,0.07998858098128694,0.00038500543707148155,0.9196264135816417,25,30,10
37,6449,6.096894484499947e-22,0.07998858098128694,0.00038500538517012654,0.9196264136335429,25,30,10
37,6450,6.09689857096109e-22,0.07998858098128694,0.00038504534460887083,0.9196263736741043,25,30,10
37,6451,3.097951600713521e-22,0.07998858098128268,1.2055862529890605e-05,0.9199993631561874,25,30,10
37,6452,3.1112265521841802e-22,0.07998858098128268,1.8662104890503694e-05,0.9199927569138268,25,30,10
37,6453,3.111230638803672e-22,0.07998858098128268,1.8663552869476414e-05,0.9199927554658477,25,30,10
37,6454,3.0581385049382196e-22,0.07998858098128268,1.8664487413891484e-05,0.9199927545313034,25,30,10
37,6455,3.1111446137282792e-22,0.0799885809812827,0.00011096013138417179,0.919900458887333,25,30,10
37,6456,3.11112833921247e-22,0.0799885809812827,0.00011096014165893345,0.9199004588770582,25,30,10
37,6457,3.1111283391907837e-22,0.0799885809812827,0.00011096158878240128,0.9199004574299348,25,30,10
37,6458,3.111111994347528e-22,0.0799885809812827,0.00011096092340158044,0.9199004580953155,25,30,10
37,6459,3.1111117064023893e-22,0.0799885809812827,0.00011096094969502613,0.9199004580690222,25,30,10
37,6460,3.111344573319857e-22,0.0799885809812827,0.00011096295983221432,0.9199004560588849,25,30,10
37,6461,3.111344580757753e-22,0.0799885809812827,0.00011096295983973074,0.9199004560588775,25,30,10
37,6462,3.1113445759232966e-22,0.0799885809812827,0.0001109615374582162,0.9199004574812589,25,30,10
37,6463,3.1104131364524723e-22,0.0799885809812827,0.00011084565366114523,0.919900573365056,25,30,10
37,6464,3.1104132079474225e-22,0.0799885809812827,0.00011084566395418335,0.919900573354763,25,30,10
37,6465,3.1106458535059685e-22,0.0799885809812827,0.00011084613016070955,0.9199005728885565,25,30,10
37,6466,3.1106457868450874e-22,0.0799885809812827,0.00011084609535522591,0.919900572923362,25,30,10
37,6467,3.110649591632344e-22,0.0799885809812827,0.00011084659443844397,0.9199005724242788,25,30,10
37,6468,3.1106455051150875e-22,0.0799885809812827,0.00011073067664740146,0.9199006883420698,25,30,10
37,6469,3.110629445764557e-22,0.0799885809812827,0.00011084515984392389,0.9199005738588732,25,30,10
37,6470,3.110412860745311e-22,0.0799885809812827,0.00011084669328165034,0.9199005723254355,25,30,10
37,6471,3.1104088470777676e-22,0.0799885809812827,0.00011088524039755891,0.9199005337783197,25,30,10
37,6472,3.11133649081472e-22,0.0799885809812827,0.00011088476627624488,0.919900534252441,25,30,10
37,6473,3.1724154263760476e-22,0.07999889439049626,0.00010057135706267223,0.919900534252441,25,30,10
37,6474,3.1724153547049806e-22,0.07999889439049626,0.00010057133168167465,0.9199005342778221,25,30,10
37,6475,3.172415350931251e-22,0.07999889439049626,0.0001005698849680366,0.9199005357245358,25,30,10
37,6476,3.172415064356806e-22,0.07999889439049626,0.00010045395420710651,0.9199006516552967,25,30,10
37,6477,3.1724150631005804e-22,0.07999889439049626,0.00010045391853702012,0.9199006516909668,25,30,10
37,6478,3.159144203081362e-22,0.07999889439049626,9.384771998177639e-05,0.9199072578895222,25,30,10
37,6479,3.145883221833835e-22,0.07999889439049626,9.388570632978994e-05,0.9199072199031743,25,30,10
37,6480,3.1460998066808133e-22,0.07999889439049626,9.388371024266971e-05,0.9199072218992613,25,30,10
37,6481,3.146099734987373e-22,0.07999889439049626,9.384375081165829e-05,0.9199072618586923,25,30,10
37,6482,3.145168007321749e-22,0.07999889439049626,9.384374175633851e-05,0.9199072618677476,25,30,10
37,6483,3.1460997688528263e-22,0.07999889439049626,9.538412007830512e-05,0.919905721489426,25,30,10
37,6484,3.146099768919026e-22,0.07999889439049626,9.538344381199236e-05,0.9199057221656921,25,30,10
37,6485,3.146116112546401e-22,0.07999889439049626,9.538390780087991e-05,0.9199057217017033,25,30,10
37,6486,3.1461161113973964e-22,0.07999889439049626,9.538387318631997e-05,0.9199057217363178,25,30,10
37,6487,3.1461161114845067e-22,0.07999889439049626,9.538388106676384e-05,0.9199057217284373,25,30,10
37,6488,3.1461201967805806e-22,0.07999889439049626,9.538384623050583e-05,0.9199057217632735,25,30,10
37,6489,3.0931138729103337e-22,0.07999889439049626,3.088878102697695e-06,0.9199980167314012,25,30,10
37,6490,3.1063909380459365e-22,0.07999889439049626,3.092347101482205e-06,0.9199980132624025,25,30,10
37,6491,3.1063906513376734e-22,0.07999889439049626,3.0937856811019857e-06,0.9199980118238229,25,30,10
37,6492,3.106623583564672e-22,0.07999889439049626,3.0938108511914303e-06,0.9199980117986528,25,30,10
37,6493,3.1057081668090246e-22,0.07999889439049626,1.4709466664530934e-06,0.9199996346628374,25,30,10
37,6494,7.854359360530298e-24,0.07999889439049626,1.3884215613709338e-06,0.9199997171879426,25,30,10
37,6495,7.85435973786458e-24,0.07999889439049626,1.3884213810488817e-06,0.9199997171881228,25,30,10
37,6496,7.852703615515525e-24,0.07999889439049626,1.3899548537299955e-06,0.9199997156546502,25,30,10
37,6497,7.852696942658818e-24,0.07999889439049626,1.3892659214516934e-06,0.9199997163435825,25,30,10
37,6498,1.9619814249403004e-24,0.07938935857626127,0.000610925080154789,0.9199997163435841,25,30,10
37,6499,1.93871687744188e-24,0.07938935857626127,0.0006109251047126563,0.9199997163190264,25,30,10
37,6500,1.938724040112372e-24,0.07938935857626127,0.000611041013742731,0.9199996004099961,25,30,10
37,6501,1.940351474082641e-24,0.07938935857626127,0.0006110409895463186,0.9199996004341926,25,30,10
37,6502,3.046418476344189e-22,0.07938935857626127,0.0006133191356718582,0.919997322288067,25,30,10
37,6503,3.0464062117889e-22,0.07938935857626127,0.0006133200837893473,0.9199973213399494,25,30,10
37,6504,3.0992818236022323e-22,0.07938935857626127,0.0006133195107253461,0.9199973219130135,25,30,10
37,6505,3.09929816968957e-22,0.07938935857626127,0.0006134020342974842,0.9199972393894413,25,30,10
37,6506,3.1002301854074314e-22,0.07938935857626127,0.0006134020682131099,0.9199972393555257,25,30,10
37,6507,3.0471216351588673e-22,0.07938935857626127,0.0006134005956157672,0.9199972408281231,25,30,10
37,6508,3.04712192687327e-22,0.07938935857626127,0.0006134831189688924,0.91999715830477,25,30,10
37,6509,3.0471222199126407e-22,0.07938935857626127,0.0006134831441044032,0.9199971582796346,25,30,10
37,6510,3.047118133363286e-22,0.07938935857626127,0.0006134431490095218,0.9199971982747293,25,30,10
37,6511,7.421433057160421e-17,0.04077884004300861,0.03922396168226353,0.9199971982747276,25,30,10
37,6512,7.421433113261772e-17,0.04077165645409468,0.03923114527117746,0.9199971982747276,25,30,10
37,6513,7.421433113263873e-17,0.04077165645409468,0.03923102938906928,0.9199973141568358,25,30,10
37,6514,7.421433113267454e-17,0.04077165645409468,0.03923102939787016,0.9199973141480349,25,30,10
37,6515,7.42143311330544e-17,0.04077165645409468,0.03923102939772745,0.9199973141481776,25,30,10
37,6516,7.421433113305488e-17,0.04077165645409468,0.03923105782002238,0.9199972857258828,25,30,10
37,6517,7.421433110933157e-17,0.04077165645409468,0.03923094393586387,0.9199973996100413,25,30,10
37,6518,7.421433110892242e-17,0.04077165645409468,0.03923102643381726,0.9199973171120881,25,30,10
37,6519,7.421433110851389e-17,0.04077165645409468,0.03923102502170357,0.9199973185242019,25,30,10
37,6520,7.421433055334548e-17,0.04077938596302638,0.039223295512771865,0.9199973185242019,25,30,10
37,6521,7.421433055331016e-17,0.04077938596302638,0.03922337802695151,0.9199972360100221,25,30,10
37,6522,7.834250703894546e-17,0.0399999931701978,0.04000156349309722,0.919998443336705,25,30,10
37,6523,7.834250703733952e-17,0.0399999931701978,0.04000156352799578,0.9199984433018064,25,30,10
37,6524,7.834250703569788e-17,0.0399999931701978,0.040001447620390665,0.9199985592094114,25,30,10
37,6525,7.834250703569839e-17,0.0399999931701978,0.04000144961835884,0.9199985572114433,25,30,10
37,6526,7.83425070356697e-17,0.0399999931701978,0.04000142114572883,0.9199985856840732,25,30,10
37,6527,7.834250703565536e-17,0.0399999931701978,0.04000141911249834,0.9199985877173036,25,30,10
37,6528,7.83425070356619e-17,0.0399999931701978,0.04000141911250346,0.9199985877172985,25,30,10
37,6529,7.834286784730253e-17,0.03999998056508018,0.04000143171762107,0.9199985877172985,25,30,10
37,6530,7.834286784729523e-17,0.03999998056508018,0.04000142968419348,0.919998589750726,25,30,10
37,6531,7.834286775412285e-17,0.03999998056508018,0.04000151214668813,0.9199985072882315,25,30,10
37,6532,7.834286775409467e-17,0.03999998056508018,0.040001594634574644,0.919998424800345,25,30,10
37,6533,7.83428664263816e-17,0.03999998056508018,0.04000159115397562,0.9199984282809441,25,30,10
37,6534,7.834286642679025e-17,0.03999998056508018,0.040001593222669364,0.9199984262122503,25,30,10
37,6535,7.834286642839619e-17,0.03999998056508018,0.04000159524559834,0.9199984241893213,25,30,10
37,6536,7.834286775614632e-17,0.03999998056508018,0.040001595999793055,0.9199984234351267,25,30,10
37,6537,2.0812986589290968e-19,0.03999998048734589,0.006252676746588601,0.9537473427660657,25,30,10
37,6538,2.077690561998985e-19,0.039999606383777454,0.006253050850157047,0.9537473427660657,25,30,10
37,6539,2.0776914850383993e-19,0.03999960638377753,0.0066261559241138435,0.9533742376921088,25,30,10
37,6540,2.0776917016245023e-19,0.03999960638377753,0.006626153926149876,0.9533742396900727,25,30,10
37,6541,2.0776917019100185e-19,0.03999960638377753,0.006626154390007152,0.9533742392262156,25,30,10
37,6542,2.0777049755361418e-19,0.03999960638377753,0.00662615300005427,0.9533742406161685,25,30,10
37,6543,2.07770497582285e-19,0.03999960638377753,0.006626070477553628,0.9533743231386691,25,30,10
37,6544,2.077704976105851e-19,0.03999960638377753,0.006626072510894372,0.9533743211053283,25,30,10
37,6545,2.0777049638513115e-19,0.03999960638377753,0.006626074506843421,0.9533743191093794,25,30,10
37,6546,2.0777049638462808e-19,0.03999960638377753,0.006625991983897052,0.9533744016323259,25,30,10
37,6547,2.0777049638413393e-19,0.03999960638377753,0.006625991971173791,0.9533744016450489,25,30,10
37,6548,2.0746779488747283e-19,0.03999960638377753,0.006623713825040633,0.9533766797911821,25,30,10
37,6549,2.0746786476695468e-19,0.03999960638377753,0.006623796310918885,0.9533765973053038,25,30,10
37,6550,2.0746786476595943e-19,0.03999960638377753,0.006630320029789653,0.953370073586433,25,30,10
37,6551,2.0746786476595931e-19,0.03999960638377753,0.0066303200645842905,0.9533700735516382,25,30,10
37,6552,2.0746786477299057e-19,0.03999960638377753,0.006636926306111316,0.9533634673101113,25,30,10
37,6553,2.0746919499650158e-19,0.039999606383777454,0.006263850406964031,0.9537365432092586,25,30,10
37,6554,2.0746919500378336e-19,0.039999606383777454,0.006263966323837401,0.9537364272923853,25,30,10
37,6555,2.0746919459612538e-19,0.039999606383777454,0.006263966348249435,0.9537364272679731,25,30,10
37,6556,2.0747042913785566e-19,0.039999606383777454,0.00626388387293824,0.9537365097432844,25,30,10
37,6557,2.247247794540183e-19,0.039999606383777454,0.0062654801909448575,0.9537349134252777,25,30,10
37,6558,2.2472477945402486e-19,0.039999606383777454,0.006265478743190023,0.9537349148730325,25,30,10
37,6559,2.2472345168275767e-19,0.039999606383777454,0.006265478064258228,0.9537349155519643,25,30,10
37,6560,2.2472335848180586e-19,0.039999606383777454,0.006265480063982896,0.9537349135522397,25,30,10
37,6561,2.247234516543855e-19,0.039999606383777454,0.006265561055472463,0.9537348325607502,25,30,10
37,6562,2.247234516545114e-19,0.039999606383777454,0.006265561064228351,0.9537348325519943,25,30,10
37,6563,2.247220291557452e-19,0.039999606383777454,0.006265531914815143,0.9537348617014075,25,30,10
37,6564,2.2472202916278664e-19,0.039999606383777454,0.006258927706023391,0.9537414659101993,25,30,10
37,6565,2.2472724722152133e-19,0.039999606383777454,0.006258873166160844,0.9537415204500617,25,30,10
37,6566,2.247272472144865e-19,0.039999606383777454,0.006258871133281455,0.9537415224829414,25,30,10
37,6567,2.247259195288616e-19,0.039999606383777454,0.0062588710973504255,0.9537415225188723,25,30,10
37,6568,2.247259195218095e-19,0.039999606383777454,0.006258869063866876,0.9537415245523558,25,30,10
37,6569,2.2472591791600586e-19,0.039999606383777454,0.006258902458077492,0.9537414911581453,25,30,10
37,6570,2.2472591791537733e-19,0.039999606383777454,0.006258900424426598,0.9537414931917962,25,30,10
37,6571,2.2472601108840165e-19,0.039999606383777454,0.0062589004602579225,0.9537414931559648,25,30,10
37,6572,2.2472601105972644e-19,0.039999606383777454,0.006258901994362469,0.9537414916218603,25,30,10
37,6573,2.247260114683684e-19,0.039999606383777454,0.006258899997022785,0.9537414936191999,25,30,10
37,6574,2.247260110607216e-19,0.039999606383777454,0.006258899961602417,0.9537414936546205,25,30,10
37,6575,2.2472610462680537e-19,0.03999960638377753,0.006265506812466704,0.9537348868037561,25,30,10
37,6576,2.2472610626140884e-19,0.03999960638377753,0.006265506855836867,0.9537348867603858,25,30,10
37,6577,2.2472610664175516e-19,0.03999960638377753,0.006265506887630357,0.9537348867285924,25,30,10
37,6578,2.247261070217221e-19,0.03999960638377753,0.00626550686390929,0.9537348867523134,25,30,10
37,6579,2.24726107423197e-19,0.03999960638377753,0.006265504866561737,0.953734888749661,25,30,10
37,6580,2.2472610578858486e-19,0.03999960638377753,0.006265504813977643,0.9537348888022451,25,30,10
37,6581,2.2903984757787975e-19,0.03999960638377753,0.006265508306929353,0.9537348853092934,25,30,10
37,6582,2.291154340872043e-19,0.03999960638377753,0.006265510803906629,0.9537348828123161,25,30,10
37,6583,2.291154340943649e-19,0.03999960638377753,0.006265550798243737,0.953734842817979,25,30,10
37,6584,2.2480169231173624e-19,0.03999960638377753,0.0062655473304264134,0.9537348462857964,25,30,10
37,6585,2.248003645616041e-19,0.03999960638377753,0.0062655465760265835,0.9537348470401962,25,30,10
37,6586,2.248003874461634e-19,0.03999960638377753,0.00626558657820976,0.9537348070380129,25,30,10
37,6587,2.2479507618705203e-19,0.03999960638377753,0.00626564061636555,0.9537347529998571,25,30,10
37,6588,2.2479507581424573e-19,0.03999960638377753,0.006265642614150733,0.9537347510020718,25,30,10
37,6589,2.2479516895117215e-19,0.03999960638377753,0.00626552673276719,0.9537348668834555,25,30,10
37,6590,2.2479526215224967e-19,0.03999960638377753,0.006265526726918441,0.9537348668893041,25,30,10
37,6591,2.247952621454597e-19,0.03999960638377753,0.0062654867679250315,0.9537349068482974,25,30,10
37,6592,2.2479526174348154e-19,0.03999960638377753,0.006265486784560887,0.9537349068316618,25,30,10
37,6593,2.4204946654461773e-19,0.03999960638402215,0.006267095595440215,0.9537332980205377,25,30,10
37,6594,2.420494665517782e-19,0.03999960638402215,0.00626709563124185,0.9537332979847364,25,30,10
37,6595,2.4204953643149947e-19,0.03999960638402214,0.006267095622628777,0.9537332979933493,25,30,10
37,6596,2.420495380589337e-19,0.03999960638402214,0.006267095612350602,0.9537332980036274,25,30,10
37,6597,2.4204953805805347e-19,0.03999960638402214,0.006267015122414359,0.9537333784935638,25,30,10
37,6598,2.4204953846632915e-19,0.03999960638402214,0.006267017130866989,0.9537333764851111,25,30,10
37,6599,2.4204944530888723e-19,0.03999960638402207,0.006260412314247703,0.9537399813017305,25,30,10
37,6600,2.4204937542916076e-19,0.03999960638402207,0.006260494808618266,0.9537398988073599,25,30,10
37,6601,2.2480031267473803e-19,0.03999960638402207,0.006258900488729383,0.9537414931272488,25,30,10
37,6602,2.2479500344362676e-19,0.03999960638402207,0.006525232857151017,0.9534751607588272,25,30,10
37,6603,2.247950034144464e-19,0.03999960638402207,0.006525150334019778,0.9534752432819583,25,30,10
37,6604,2.247950050413877e-19,0.03999960638402207,0.006518544125733505,0.9534818494902447,25,30,10
37,6605,2.247950066765009e-19,0.03999960638402207,0.006518544159878095,0.9534818494561,25,30,10
37,6606,2.24795007106159e-19,0.03999960638402207,0.006518544645690627,0.9534818489702875,25,30,10
37,6607,2.247950075143068e-19,0.03999960638402207,0.006518544645701606,0.9534818489702767,25,30,10
37,6608,1.4237783056981852e-17,0.03999960638402207,0.006525280724428215,0.9534751128915501,25,30,10
37,6609,1.423778305657321e-17,0.03999960638402207,0.006529981991441879,0.9534704116245365,25,30,10
37,6610,1.4237783057799226e-17,0.03999960638402207,0.006531602859034832,0.9534687907569435,25,30,10
37,6611,1.423778305782828e-17,0.03999960638402207,0.006531604307089724,0.9534687893088885,25,30,10
37,6612,1.422052875986192e-17,0.03999960638377746,0.0065299954956191866,0.9534703981206037,25,30,10
37,6613,1.4220528759481322e-17,0.03999960638377746,0.006529993487607878,0.9534704001286152,25,30,10
37,6614,1.4220528757847163e-17,0.039999606383777454,0.00652837203353031,0.9534720215826927,25,30,10
37,6615,1.4220534068680675e-17,0.039999606383777454,0.006528256826606935,0.953472136789616,25,30,10
37,6616,1.4220539400049447e-17,0.03999960638402203,0.006536839777025476,0.9534635538389529,25,30,10
37,6617,1.4220539400056618e-17,0.03999960638402203,0.0065368412243755605,0.9534635523916027,25,30,10
37,6618,1.422053940008517e-17,0.03999960638402203,0.00653684123695545,0.9534635523790229,25,30,10
37,6619,1.4220539400120506e-17,0.03999960638402203,0.006536868262876232,0.9534635253531022,25,30,10
37,6620,1.4220539400141516e-17,0.03999960638402203,0.006536868726434324,0.9534635248895441,25,30,10
37,6621,1.422053940016981e-17,0.03999960638402203,0.006536786247295831,0.9534636073686825,25,30,10
37,6622,1.4220539423462996e-17,0.03999960638402203,0.006536748119250433,0.953463645496728,25,30,10
37,6623,1.422053942506892e-17,0.03999960638402203,0.006536748144200989,0.9534636454717774,25,30,10
37,6624,1.4220539425040234e-17,0.03999960638402203,0.006536747645291188,0.953463645970687,25,30,10
37,6625,1.422198155968235e-17,0.039968515949206765,0.006567838080008971,0.9534636459707845,25,30,10
37,6626,1.4221981559273707e-17,0.039968515949206765,0.006567838044508173,0.9534636460062855,25,30,10
37,6627,1.422198158419336e-17,0.039968515949206834,0.006569460203436333,0.9534620238473572,25,30,10
37,6628,1.422198158417198e-17,0.039968515949206834,0.006569500185797581,0.9534619838649958,25,30,10
37,6629,1.4221981560878802e-17,0.039968515949206834,0.006569417687008254,0.9534620663637852,25,30,10
37,6630,1.4014516689633667e-17,0.03996851594900044,0.00031954440613027985,0.9597119396448696,25,30,10
37,6631,1.4014516689598322e-17,0.03996851594900044,0.0003195159331966439,0.9597119681178031,25,30,10
37,6632,1.4014516689971632e-17,0.03996851594900044,0.00031951538256444126,0.9597119686684352,25,30,10
37,6633,1.4014516573512685e-17,0.03996851594900044,0.00031951354136812595,0.9597119705096318,25,30,10
37,6634,1.4014516548614537e-17,0.03996851594900036,0.00031788993543125114,0.9597135941155686,25,30,10
37,6635,1.4014516548621708e-17,0.03996851594900036,0.0003178899958752291,0.9597135940551247,25,30,10
37,6636,1.401451654903037e-17,0.03996851594900036,0.00031792666102817323,0.9597135573899717,25,30,10
37,6637,1.4014516641794482e-17,0.03996851594900036,0.0003178908578690477,0.959713593193131,25,30,10
37,6638,1.401451664179436e-17,0.03996851594900036,0.0003178928475243113,0.9597135912034758,25,30,10
37,6639,1.4014516643428965e-17,0.03996851594900036,0.0003178948285785563,0.9597135892224214,25,30,10
37,6640,1.401451664178718e-17,0.03996851594900036,0.0003178927868925755,0.9597135912641075,25,30,10
37,6641,1.4014521951002494e-17,0.03996851594900036,0.00031793275666290653,0.9597135512943369,25,30,10
37,6642,1.4014521974289002e-17,0.03996851594900044,0.0003180172933444575,0.9597134667576553,25,30,10
37,6643,1.4014521974310514e-17,0.03996851594900044,0.00031801728336155484,0.9597134667676382,25,30,10
37,6644,1.40145166650952e-17,0.03996851594900044,0.0003179772886478606,0.959713506762352,25,30,10
37,6645,1.4014516665066646e-17,0.03996851594900044,0.00031797525478573295,0.9597135087962141,25,30,10
37,6646,1.401444098539197e-17,0.03996851594900044,0.0003202523149385512,0.9597112317360613,25,30,10
37,6647,1.4014435674529653e-17,0.03996851594900044,0.0003202516045061738,0.9597112324464938,25,30,10
37,6648,1.4476246894277587e-21,0.03996851594900044,0.0003135169413183172,0.9597179671096816,25,30,10
37,6649,1.4476246966055924e-21,0.03996851594900044,0.000313516976996085,0.9597179670740039,25,30,10
37,6650,1.4422933273280167e-21,0.03996851594875586,0.00030493405348117145,0.9597265499977632,25,30,10
37,6651,1.4422933274622756e-21,0.03996851594875586,0.0003049355008310666,0.9597265485504134,25,30,10
37,6652,1.4422933277224255e-21,0.03996851594875586,0.0003050514180039401,0.9597264326332403,25,30,10
37,6653,1.4436210413378061e-21,0.03996851594875586,0.00030505202926451306,0.9597264320219798,25,30,10
37,6654,1.4436459314042868e-21,0.03996851594875586,0.00030733016298639665,0.9597241538882579,25,30,10
37,6655,1.443669007342841e-21,0.03996851594875594,0.0006757319362851698,0.9593557521149592,25,30,10
37,6656,1.4436906767310128e-21,0.03996851594875594,0.00040939895666895515,0.9596220850945753,25,30,10
37,6657,1.443690676226887e-21,0.03996851594875594,0.00040951339101119767,0.959621970660233,25,30,10
37,6658,1.4436902747530675e-21,0.03996851594875594,0.0004093975089010243,0.9596220865423432,25,30,10
37,6659,1.4436886762484927e-21,0.03996851594875594,0.0006757319105678094,0.9593557521406763,25,30,10
37,6660,1.448999502603287e-21,0.03996851594875594,0.0006757333681913136,0.9593557506830528,25,30,10
37,6661,1.4489995312783689e-21,0.03996851594875594,0.0006757354013938701,0.9593557486498503,25,30,10
37,6662,1.7517182609438823e-21,0.03996851594875594,0.0006734572916049044,0.9593580267596393,25,30,10
37,6663,1.751625088043085e-21,0.03996851594875594,0.0006734543959784982,0.9593580296552656,25,30,10
37,6664,1.7517182609366428e-21,0.03996851594875594,0.0006734565452315081,0.9593580275060127,25,30,10
37,6665,1.757029098050666e-21,0.03996851594875594,0.0006735390333506554,0.9593579450178936,25,30,10
37,6666,1.9005322520207363e-20,0.039968515948756014,0.0006766203769989492,0.9593548636742452,25,30,10
37,6667,1.9005297651145823e-20,0.039968515948756014,0.0006743422313868641,0.9593571418198573,25,30,10
37,6668,1.0024228646590088e-18,0.039968515948756014,0.0006790441142576335,0.9593524399369865,25,30,10
37,6669,1.0024228646375183e-18,0.039968515948756014,0.0006790455366389086,0.9593524385146052,25,30,10
37,6670,1.9005297600477258e-20,0.039968515948756014,0.0006743422412158268,0.9593571418100282,25,30,10
37,6671,1.9005295995045516e-20,0.039968515948756014,0.0006743436280766339,0.9593571404231673,25,30,10
37,6672,1.9010606832148537e-20,0.039968515948756014,0.0006744247043148832,0.9593570593469292,25,30,10
37,6673,1.9011932907498007e-20,0.039968515948756014,0.0006745405720952525,0.9593569434791489,25,30,10
37,6674,1.756978856034914e-20,0.03999999665242343,0.0006430598685253075,0.9593569434790514,25,30,10
37,6675,1.756976690173623e-20,0.03999999665242343,0.0006431757250333525,0.9593568276225432,25,30,10
37,6676,1.7569860045954324e-20,0.03999999665242343,0.0006431757419621478,0.9593568276056144,25,30,10
37,6677,1.7569860017281248e-20,0.03999999665242343,0.0006431757768637292,0.9593568275707129,25,30,10
37,6678,1.7570304203061045e-20,0.039999997327187384,0.0006431751020997705,0.9593568275707129,25,30,10
37,6679,1.757160889787464e-20,0.03999999732718731,0.00027007074708831896,0.9597299319257243,25,30,10
37,6680,1.757160886919956e-20,0.03999999732718731,0.00027006871388576234,0.959729933958927,25,30,10
37,6681,1.757682655114892e-20,0.03999999732718731,0.00027006860725856065,0.9597299340655542,25,30,10
37,6682,1.757684941288424e-20,0.03999999732718731,0.0002723483904990419,0.9597276542823135,25,30,10
37,6683,1.757684941338952e-20,0.03999999732718731,0.00027234839155165764,0.9597276542812608,25,30,10
37,6684,1.7582160261353995e-20,0.03999999732718731,0.00027234909168796805,0.9597276535811247,25,30,10
37,6685,1.7581718260770843e-20,0.039999864186964794,0.00027248223191047406,0.9597276535811247,25,30,10
37,6686,1.7580392185418008e-20,0.039999864186964794,0.0002724488369185641,0.9597276869761165,25,30,10
37,6687,1.7277696741304003e-20,0.039999864186964794,0.0002724494226309239,0.9597276863904043,25,30,10
37,6688,1.7277780499250613e-20,0.039999864186964794,0.004931272539099348,0.9550688632739357,25,30,10
37,6689,1.7272469651277274e-20,0.039999864186964794,0.004931271838963039,0.9550688639740721,25,30,10
37,6690,1.727239977827228e-20,0.039999864186964794,0.004931271111443469,0.9550688647015917,25,30,10
37,6691,1.727256323194426e-20,0.039999864186964794,0.004931352897987047,0.9550687829150482,25,30,10
37,6692,1.727253993877114e-20,0.03999986418696472,0.004931268336351378,0.9550688674766838,25,30,10
37,6693,1.7267229095110003e-20,0.03999986418696472,0.004931187260724318,0.955068948552311,25,30,10
37,6694,1.7267042750200734e-20,0.03999986418696472,0.004931105220351085,0.9550690305926842,25,30,10
37,6695,1.7267019451271583e-20,0.03999986418696472,0.004935431167723359,0.955064704645312,25,30,10
37,6696,1.7267021086005623e-20,0.03999986418696472,0.004935471187774066,0.9550646646252612,25,30,10
37,6697,1.7267044379234338e-20,0.03999986418696472,0.00493547187915472,0.9550646639338807,25,30,10
37,6698,1.7267021086999027e-20,0.03999986418696472,0.00493547046530612,0.9550646653477292,25,30,10
37,6699,1.7267020706645846e-20,0.03999986418696472,0.004935472040840551,0.9550646637721947,25,30,10
37,6700,1.726702234112348e-20,0.03999986418696472,0.004928867832202374,0.9550712679808329,25,30,10
37,6701,1.7267022341125002e-20,0.03999986418696472,0.0049287803881131855,0.955071355424922,25,30,10
37,6702,1.7267027913214172e-20,0.03999944733948727,0.004929197235590641,0.955071355424922,25,30,10
37,6703,1.7267029554486925e-20,0.03999944733948727,0.004929279793873181,0.9550712728666396,25,30,10
37,6704,1.726702952450538e-20,0.03999944733948727,0.004929319082769024,0.9550712335777436,25,30,10
37,6705,1.7265726630341388e-20,0.03999944733948727,0.005058802533579514,0.9549417501269332,25,30,10
37,6706,1.7265726630720925e-20,0.03999944733948727,0.005058686624566481,0.9549418660359461,25,30,10
37,6707,1.726041577630875e-20,0.03999944733948727,0.005058687175190865,0.9549418654853217,25,30,10
37,6708,6.811947189380693e-24,0.03999944733948727,0.005055607870006942,0.9549449447905056,25,30,10
37,6709,6.811940652245907e-24,0.03999944733948727,0.005055526758656385,0.9549450259018561,25,30,10
37,6710,6.728175412717994e-24,0.03999944733948727,0.00039666364770490225,0.9596038890128077,25,30,10
37,6711,8.108009486511071e-23,0.03999944733948727,0.0003966900980412318,0.9596038625624713,25,30,10
37,6712,8.107846026394141e-23,0.03999944733948727,0.00039668865071275735,0.9596038640097998,25,30,10
37,6713,7.576924688362071e-23,0.03999944733948727,0.0004013899085449654,0.9595991627519677,25,30,10
37,6714,7.586242694252104e-23,0.03999944733948728,0.0004013929152833839,0.9595991597452292,25,30,10
37,6715,7.576928273022793e-23,0.03999944733948727,0.00040138994388912657,0.9595991627166235,25,30,10
37,6716,7.576766981906686e-23,0.03999944733948727,0.00039668809098926215,0.9596038645695234,25,30,10
37,6717,7.576767636850971e-23,0.03999944733948727,0.0003966866679927702,0.9596038659925199,25,30,10
37,6718,7.576766969549805e-23,0.03999944733948727,0.0003966880903742852,0.9596038645701384,25,30,10
37,6719,1.4190176800710866e-24,0.03999944733948727,0.0003967150923018635,0.9596038375682108,25,30,10
37,6720,1.4173832012576312e-24,0.03999944733948727,0.0003966866313449697,0.9596038660291677,25,30,10
37,6721,1.418580794821732e-24,0.039999447339487196,0.0004013053698388454,0.9595992472906739,25,30,10
37,6722,1.4186160038656869e-24,0.039999447339487196,0.0004013074029725295,0.9595992452575401,25,30,10
37,6723,1.418622175972901e-24,0.039999447339487196,0.00040130739483499537,0.9595992452656777,25,30,10
37,6724,1.4190374930519234e-24,0.039999447339487196,0.00040130945140949017,0.9595992432091032,25,30,10
37,6725,8.808498350700593e-26,0.039999447339487196,0.0004012539411683414,0.9595992987193444,25,30,10
37,6726,5.398929130057566e-24,0.039999447339487196,0.0004013364567442576,0.9595992162037684,25,30,10
37,6727,6.726366181350034e-24,0.039999447339487196,0.0004079412514127411,0.9595926114090999,25,30,10
37,6728,6.701519080512701e-24,0.039999447339487196,0.0002784177931993513,0.9597221348673134,25,30,10
37,6729,6.70110376993744e-24,0.039999447339487196,0.0002784157443355668,0.9597221369161771,25,30,10
37,6730,5.396902462765514e-24,0.039999447339487196,0.0002718095285198982,0.9597287431319929,25,30,10
37,6731,5.396901964029683e-24,0.039999447339487196,0.0002718095203751186,0.9597287431401376,25,30,10
37,6732,5.488468614910997e-24,0.039999447339487196,0.00026710721824970253,0.9597334454422629,25,30,10
37,6733,5.4651830564284375e-24,0.039999447339487196,0.00026722240898684874,0.9597333302515259,25,30,10
37,6734,5.4652117446761296e-24,0.039999447339487196,0.00026722238578016536,0.9597333302747324,25,30,10
37,6735,5.5567500659945956e-24,0.039999447339487196,0.00026726234716524907,0.9597332903133478,25,30,10
37,6736,5.556778372724282e-24,0.039999447339487196,0.0002672609117259708,0.9597332917487869,25,30,10
37,6737,8.122396322162777e-23,0.039999447339491484,0.00027386891334944797,0.9597266837471591,25,30,10
37,6738,8.122437286048926e-23,0.039999447339491484,0.0002739244112625255,0.9597266282492459,25,30,10
37,6739,8.122434406617052e-23,0.039999447339491484,0.00027392235284360433,0.9597266303076651,25,30,10
37,6740,8.655846407019547e-23,0.039999447339491484,0.00027392450125984064,0.9597266281592488,25,30,10
37,6741,3.8396636021162374e-22,0.039999447339491484,0.0002738429866797056,0.959726709673829,25,30,10
37,6742,3.8405953241753098e-22,0.039999447339491484,0.00027386942629592227,0.9597266832342127,25,30,10
37,6743,3.0839234756645695e-22,0.039999447339487196,0.0002672634576862999,0.9597332892028265,25,30,10
37,6744,3.084156049503941e-22,0.039999447339487196,0.00026726287229934847,0.9597332897882136,25,30,10
37,6745,3.0841397071930837e-22,0.039999447339487196,0.0002672228879155651,0.9597333297725974,25,30,10
37,6746,3.084139707194625e-22,0.039999447339487196,0.000267222912681747,0.9597333297478312,25,30,10
37,6747,3.0832076916532856e-22,0.039999447339487196,0.00026722192237772866,0.9597333307381352,25,30,10
37,6748,3.0832036001192586e-22,0.039999447339487196,0.00026716645002980725,0.9597333862104831,25,30,10
37,6749,3.0832035284481916e-22,0.039999447339487196,0.0002671664242357361,0.9597333862362772,25,30,10
37,6750,3.1464263859116467e-22,0.039999437646334936,0.00026717611738798957,0.9597333862362772,25,30,10
37,6751,3.1464426553093966e-22,0.039999437646334936,0.0002670622333940822,0.9597335001202711,25,30,10
37,6752,3.0931011686054173e-22,0.039999437646334936,0.0002670601093092128,0.959733502244356,25,30,10
37,6753,3.0931052562860224e-22,0.039999437646334936,0.0002670601099377227,0.9597335022437276,25,30,10
37,6754,3.093088915174457e-22,0.039999437646334936,0.000267058077016161,0.9597335042766492,25,30,10
37,6755,3.849886101224979e-22,0.039999437646334936,0.00026706010551123626,0.9597335022481539,25,30,10
37,6756,3.850584897966402e-22,0.039999437646334936,0.0002670601053309141,0.9597335022483342,25,30,10
37,6757,3.0937879936367983e-22,0.039999437646334936,0.00026705805171236603,0.9597335043019528,25,30,10
37,6758,1.7449457577116853e-20,0.039999437646334936,0.0005333926101734232,0.9594671697434918,25,30,10
37,6759,1.7449481305814295e-20,0.039999437646334936,0.0005356722030213226,0.9594648901506438,25,30,10
37,6760,1.7449480897664095e-20,0.039999437646334936,0.0005356702045732681,0.959464892149092,25,30,10
37,6761,1.7449574070810488e-20,0.039999437646334936,0.0005356709235380266,0.9594648914301273,25,30,10
37,6762,1.7449574478967064e-20,0.039999437646334936,0.0005356709251242457,0.9594648914285411,25,30,10
37,6763,1.7449481714732462e-20,0.039999437646334936,0.0005356709466488671,0.9594648914070164,25,30,10
37,6764,1.744948171536135e-20,0.039999437646334936,0.0005356709468467954,0.9594648914068185,25,30,10
37,6765,1.7803769061121686e-20,0.03997758573445267,0.0005575228587273616,0.9594648914068202,25,30,10
37,6766,1.780907991633309e-20,0.03997758573445267,0.0005575219909258601,0.9594648922746218,25,30,10
37,6767,1.7808986772076764e-20,0.03997758573445267,0.0005574819964457627,0.9594649322691019,25,30,10
37,6768,1.7814297626679028e-20,0.03997758573445267,0.0005574820138191952,0.9594649322517284,25,30,10
37,6769,1.781429599206697e-20,0.03997758573445267,0.0005574799804630078,0.9594649342850845,25,30,10
37,6770,1.7814272262989952e-20,0.03997758573445267,0.0005552003874798293,0.9594672138780677,25,30,10
37,6771,1.7814272255200685e-20,0.03997758573445267,0.0005552003520386289,0.9594672139135089,25,30,10
37,6772,1.7814272234204456e-20,0.03997758573445267,0.000555199403787632,0.9594672148617599,25,30,10
37,6773,1.7814248948141064e-20,0.03997758573445267,0.0005551994031618629,0.9594672148623856,25,30,10
37,6774,1.781425058275318e-20,0.03997758573445267,0.0005551986574831824,0.9594672156080642,25,30,10
37,6775,1.7814250582519123e-20,0.03997758573445267,0.0005551986573851291,0.9594672156081624,25,30,10
37,6776,1.7814250546679135e-20,0.03997758573445267,0.0005551986218606467,0.9594672156436869,25,30,10
37,6777,1.7453642862915437e-20,0.03999959685767791,0.0005331874986371069,0.9594672156436852,25,30,10
37,6778,1.7453549691086905e-20,0.03999959685767791,0.0005331595244600621,0.9594672436178621,25,30,10
37,6779,1.7448238836361183e-20,0.03999959685767791,0.000533159471719119,0.9594672436706031,25,30,10
37,6780,1.7448237202506962e-20,0.03999959685767791,0.0005330769839657012,0.9594673261583566,25,30,10
37,6781,1.7599594776978833e-20,0.03999959685767791,0.0005331183106947478,0.9594672848316276,25,30,10
37,6782,1.7902296272431033e-20,0.03999959685767791,0.0005353974336148542,0.9594650057087074,25,30,10
37,6783,1.7902296272927372e-20,0.03999959685767791,0.000535398880957257,0.959465004261365,25,30,10
37,6784,1.790760549187835e-20,0.03999959687161722,0.0005477218810676229,0.9594526812473151,25,30,10
37,6785,1.7907698664757267e-20,0.03999959687161722,0.0005477219333814494,0.9594526811950013,25,30,10
37,6786,1.7907698664744104e-20,0.03999959687161722,0.0005477219221349937,0.9594526812062477,25,30,10
37,6787,1.7907698665739293e-20,0.03999959687161722,0.0005478044203122277,0.9594525987080706,25,30,10
37,6788,1.7912473277424973e-20,0.03999959687161722,0.005206667591843164,0.9547937355365397,25,30,10
37,6789,1.7912474883225187e-20,0.03999959687161722,0.0052066676053427454,0.9547937355230401,25,30,10
37,6790,1.7912474475066636e-20,0.03999959687161722,0.005206667568420318,0.9547937355599625,25,30,10
37,6791,1.7912497768014385e-20,0.03999959687161722,0.005206696076393564,0.9547937070519892,25,30,10
37,6792,1.7907816335374317e-20,0.03999959687161722,0.0005479487871284216,0.9594524543412543,25,30,10
37,6793,1.7907816363550627e-20,0.03999959687161722,0.0005479508201461939,0.9594524523082366,25,30,10
37,6794,1.79091440771657e-20,0.03999959687161722,0.0005479528889860188,0.9594524502393967,25,30,10
37,6795,1.790913628397338e-20,0.03999999745924108,0.0005475523013621547,0.9594524502393967,25,30,10
37,6796,1.7909136290646393e-20,0.03999999745924108,0.0005475513531162757,0.9594524511876428,25,30,10
37,6797,1.790916118879472e-20,0.03999999745924108,0.0005491742926156531,0.9594508282481432,25,30,10
37,6798,1.7909068009005465e-20,0.03999999745924108,0.0005490598223003629,0.9594509427184587,25,30,10
37,6799,1.7914378525473027e-20,0.03999999745924108,0.0002850049886868682,0.959714997552072,25,30,10
37,6800,1.7913050812237536e-20,0.03999999745924108,0.000285002919838952,0.9597149996209201,25,30,10
37,6801,1.7907716663926333e-20,0.03999999745924108,0.00028500171938124354,0.9597150008213778,25,30,10
37,6802,3.515737368317005e-20,0.03999999745924108,0.0002827246674495235,0.9597172778733095,25,30,10
37,6803,3.5157375338900744e-20,0.03999999745924108,0.00028280669149159904,0.9597171958492676,25,30,10
37,6804,1.8017296561149693e-20,0.03999999745924108,1.6588049935220002e-05,0.959983414490824,25,30,10
37,6805,1.7865937345527293e-20,0.03999999745924108,1.6548054747893496e-05,0.9599834544860112,25,30,10
37,6806,3.5120870198783606e-20,0.03999999745924108,1.6631078981885377e-05,0.9599833714617771,25,30,10
37,6807,3.5120963743368536e-20,0.03999999745924108,2.3235287634931952e-05,0.9599767672531242,25,30,10
37,6808,3.512096415249928e-20,0.03999999745924108,2.485818905174141e-05,0.9599751443517074,25,30,10
37,6809,3.4818263064694096e-20,0.03999999745924108,2.2578602438263185e-05,0.9599774239383209,25,30,10
37,6810,3.4818286304539686e-20,0.03999999745924108,0.00011487425910583268,0.9598851282816533,25,30,10
37,6811,3.4818286706025584e-20,0.03999999745924108,0.00011487579343085692,0.9598851267473283,25,30,10
37,6812,3.512091187304217e-20,0.03999999745924108,0.00010827159354192501,0.9598917309472174,25,30,10
37,6813,3.512100507474183e-20,0.03999999745924108,0.00010827163955853994,0.9598917309012006,25,30,10
37,6814,3.4818286742968935e-20,0.03999999745924108,0.00010838657307135464,0.9598916159676877,25,30,10
37,6815,3.4818286742342256e-20,0.03999999745924108,0.00010838457510118107,0.9598916179656578,25,30,10
37,6816,1.7563320805135497e-20,0.03999999745924108,0.00010838208392297746,0.959891620456836,25,30,10
37,6817,1.756331889089e-20,0.03999999983872727,0.00010837970443678626,0.959891620456836,25,30,10
37,6818,1.7260600150743615e-20,0.03999999983872727,0.0001083776625293025,0.9598916224987435,25,30,10
37,6819,1.7260600566059472e-20,0.03999999983872727,0.00010849359204002136,0.9598915065692328,25,30,10
37,6820,1.726066881213543e-20,0.03999999983872727,0.00010687135372988826,0.959893128807543,25,30,10
37,6821,1.7260575610936747e-20,0.03999999983872727,0.00010687130748828032,0.9598931288537845,25,30,10
37,6822,1.7260573976461293e-20,0.03999999983872727,0.00010687131732372806,0.9598931288439491,25,30,10
37,6823,5.641531732102822e-24,0.03999999983872727,0.00010678832832984852,0.959893211832943,25,30,10
37,6824,5.641560409396116e-24,0.03999999983872727,0.00010678831169735068,0.9598932118495754,25,30,10
37,6825,5.827884696636733e-24,0.03999999983872727,0.00010678930973870632,0.9598932108515342,25,30,10
37,6826,5.7351491342279784e-24,0.03999999983872727,0.00010679005527715442,0.9598932101059958,25,30,10
37,6827,5.736783609678296e-24,0.03999999983872727,0.00010679002110252755,0.9598932101401704,25,30,10
37,6828,7.063992085331086e-24,0.03999999983872727,0.0001090681790086094,0.9598909319822643,25,30,10
37,6829,1.7543649732495727e-24,0.03999999982478797,9.674516658839298e-05,0.9599032550086238,25,30,10
37,6830,1.75395683432941e-24,0.03999999982478797,9.674515568747043e-05,0.9599032550195247,25,30,10
37,6831,1.7772782058529842e-24,0.03999999982478797,9.677363907855259e-05,0.9599032265361336,25,30,10
37,6832,4.434340798356967e-24,0.03999999982478797,9.677567287673302e-05,0.9599032245023355,25,30,10
37,6833,4.43474894842871e-24,0.03999999982478797,9.677564659124742e-05,0.959903224528621,25,30,10
37,6834,4.411835724636321e-24,0.03999999982478797,9.674862125406882e-05,0.9599032515539581,25,30,10
37,6835,4.419597838629623e-24,0.03999960654996007,9.714189608196127e-05,0.9599032515539581,25,30,10
37,6836,4.3264253209330175e-24,0.03999960654996007,9.714118936026321e-05,0.9599032522606799,25,30,10
37,6837,3.0004141182018645e-24,0.03999960654996007,9.486303145097196e-05,0.9599055304185892,25,30,10
37,6838,2.9772029411853105e-24,0.03999960654996007,2.5693961246408264e-06,0.9599978240539155,25,30,10
37,6839,2.953938410462999e-24,0.03999960654996007,2.5423355887169208e-06,0.9599978511144514,25,30,10
37,6840,2.9461763067848704e-24,0.039999990301098486,2.1585844503076924e-06,0.9599978511144514,25,30,10
37,6841,2.9457677773123943e-24,0.039999990301098486,2.1565593607538943e-06,0.9599978531395411,25,30,10
37,6842,4.296142945828353e-24,0.039999990301098486,8.763596958138294e-06,0.9599912461019435,25,30,10
37,6843,9.606796549600146e-24,0.039999990301098486,1.0249937060643303e-05,0.9599897597618411,25,30,10
37,6844,9.606395065729387e-24,0.039999990301098486,1.0249928919758425e-05,0.9599897597699819,25,30,10
37,6845,9.7175526392553e-24,0.03999980241234877,1.0437817669476071e-05,0.9599897597699819,25,30,10
37,6846,9.717933001021952e-24,0.03999980241234877,1.0437243671294936e-05,0.9599897603439801,25,30,10
37,6847,9.717553152329384e-24,0.03999980241234877,1.0321325795125824e-05,0.9599898762618564,25,30,10
37,6848,9.71755315252489e-24,0.03999980241234877,1.0321325795126652e-05,0.9599898762618564,25,30,10
37,6849,9.71714449084075e-24,0.03999980241234877,1.0321313481649906e-05,0.9599898762741698,25,30,10
37,6850,9.606157855469388e-24,0.03999999664935863,1.0127076471794117e-05,0.9599898762741698,25,30,10
37,6851,9.606136844061707e-24,0.03999999664935863,1.0125664083989566e-05,0.9599898776865575,25,30,10
37,6852,9.604473557979287e-24,0.03999999664935863,1.004317618596498e-05,0.9599899601744555,25,30,10
37,6853,9.604882202042574e-24,0.03999999664935863,1.0045185063372222e-05,0.9599899581655781,25,30,10
37,6854,9.604853648443913e-24,0.03999999664935863,9.929302942600067e-06,0.959990074047699,25,30,10
37,6855,9.604881948283937e-24,0.03999999664935863,9.931361763618286e-06,0.959990071988878,25,30,10
37,6856,9.604502098152113e-24,0.03999999664935863,1.0013850128527347e-05,0.9599899895005131,25,30,10
37,6857,4.387048808058673e-24,0.03999999664935863,8.555035108151214e-06,0.9599914483155334,25,30,10
37,6858,4.387042141626198e-24,0.03999999664935863,8.555034312878109e-06,0.9599914483163287,25,30,10
37,6859,4.387070807885021e-24,0.03999999664935863,8.55361255344548e-06,0.9599914497380879,25,30,10
37,6860,5.7147806348549485e-24,0.03999999664935863,8.669538466954684e-06,0.9599913338121745,25,30,10
37,6861,5.737665661550671e-24,0.03999999664935863,8.750040113100073e-06,0.9599912533105284,25,30,10
37,6862,5.667785545536916e-24,0.03999999664935863,1.0372880960297074e-05,0.9599896304696811,25,30,10
37,6863,5.6678135940534484e-24,0.03999999664935863,1.0374316284165151e-05,0.9599896290343573,25,30,10
37,6864,5.667806428106088e-24,0.03999999664935863,1.0259088439783525e-05,0.9599897442622016,25,30,10
37,6865,5.668186403723314e-24,0.03999999664935863,1.026109676516703e-05,0.9599897422538762,25,30,10
37,6866,5.668158363992219e-24,0.03999999664935863,1.0343594319739756e-05,0.9599896597563216,25,30,10
37,6867,4.340885867332589e-24,0.03999999664935863,1.0228369724340015e-05,0.9599897749809171,25,30,10
37,6868,4.340477108391023e-24,0.03999999664935863,1.0224302803554211e-05,0.9599897790478379,25,30,10
37,6869,4.340083294896902e-24,0.03999999664935863,1.0339518302545572e-05,0.959989663832339,25,30,10
37,6870,4.340084285674634e-24,0.03999999664935863,1.0339518601599133e-05,0.9599896638320398,25,30,10
37,6871,1.683022191905858e-24,0.03999999664935863,1.0337450186014538e-05,0.9599896659004554,25,30,10
37,6872,1.7079503883300907e-24,0.03999999664935863,1.0365888213817984e-05,0.9599896374624276,25,30,10
37,6873,1.5216332702581544e-24,0.03999999664935863,1.048080719349832e-05,0.959989522543448,25,30,10
37,6874,1.5291726993236443e-24,0.039563752590654054,0.000446724865898066,0.959989522543448,25,30,10
37,6875,1.5275380961378832e-24,0.039563752590654054,0.0004467234434942962,0.9599895239658518,25,30,10
37,6876,1.527953415399249e-24,0.039563752590654054,0.0004467227330569587,0.9599895246762891,25,30,10
37,6877,6.838516058917684e-24,0.039563752590654054,0.00044892640370077023,0.9599873210056452,25,30,10
37,6878,6.838515679369449e-24,0.039563752590654054,0.0004489663629750151,0.959987281046371,25,30,10
37,6879,6.838923955406702e-24,0.039563752590654054,0.00044896637545438993,0.9599872810338916,25,30,10
37,6880,6.83934645262193e-24,0.039563752590654054,0.00044887893095568114,0.9599873684783904,25,30,10
37,6881,6.838937941783686e-24,0.039563752590654054,0.0004472560735270035,0.9599889913358192,25,30,10
37,6882,6.815651883536811e-24,0.039563752590654054,0.0007135079651276754,0.9597227394442186,25,30,10
37,6883,6.817315094375971e-24,0.039563752590654054,0.0007182112404114471,0.9597180361689347,25,30,10
37,6884,1.5999252116394751e-24,0.039563752590654054,0.0007160090092236744,0.9597202384001225,25,30,10
37,6885,1.599946393234071e-24,0.039563752590654054,0.0004497571059071135,0.9599864903034391,25,30,10
37,6886,1.599945907619864e-24,0.039563752590654054,0.0004497571308464959,0.9599864902784997,25,30,10
37,6887,1.5995734769136469e-24,0.039563752590654054,0.0004513259728259784,0.9599849214365201,25,30,10
37,6888,1.5064007074980597e-24,0.039563752590654054,0.00045132452476017007,0.959984922884586,25,30,10
37,6889,1.506372647951756e-24,0.039563752590654054,0.00045132308635117393,0.9599849243229951,25,30,10
37,6890,1.5995454198997061e-24,0.039563752590654054,0.0004513236018938336,0.9599849238074524,25,30,10
37,6891,1.692718821659425e-24,0.039563752590654054,0.00045132291395480196,0.9599849244953914,25,30,10
37,6892,1.693126589846753e-24,0.039563752590654054,0.0004513249474757291,0.9599849224618704,25,30,10
37,6893,1.6931260911115427e-24,0.039563752590654054,0.0004513249820931333,0.9599849224272529,25,30,10
37,6894,1.6931259786326135e-24,0.039563752590654054,0.00045124245821485704,0.9599850049511314,25,30,10
37,6895,1.6935345079122082e-24,0.039563752590654054,0.00045124449170919604,0.9599850029176369,25,30,10
37,6896,1.6702489034881837e-24,0.039563752590654054,0.00044962161580577647,0.9599866257935403,25,30,10
37,6897,1.6718471717879454e-24,0.039563752590654054,0.0004480547948413956,0.9599881926145047,25,30,10
37,6898,1.6718537125409578e-24,0.039563752590654054,0.00044813727398014514,0.959988110135366,25,30,10
37,6899,3.0438985848077205e-22,0.039563752590654054,0.0004481492953847133,0.9599880981139615,25,30,10
37,6900,3.043882243671772e-22,0.039563752590654054,0.00044814729711187983,0.9599881001122345,25,30,10
37,6901,3.0438819568983395e-22,0.039563752590654054,0.00044806477337171657,0.9599881826359743,25,30,10
37,6902,3.043886043967492e-22,0.039563752590654054,0.0004546709808351054,0.9599815764285111,25,30,10
37,6903,3.0438820286359653e-22,0.039563752590654054,0.00044806479876050194,0.9599881826105855,25,30,10
37,6904,3.0438059507177324e-22,0.03999999309518931,1.1824294225250555e-05,0.9599881826105855,25,30,10
37,6905,8.131649971684435e-20,0.03938991140195237,0.0006219059874621612,0.9599881826105857,25,30,10
37,6906,8.131649971683556e-20,0.03938991140195237,0.0006218234995679348,0.9599882650984799,25,30,10
37,6907,8.131649968878264e-20,0.03938991140195237,0.0006218249470345503,0.9599882636510132,25,30,10
37,6908,8.563022927177294e-20,0.03938991140195237,0.000621941343022872,0.959988147255025,25,30,10
37,6909,8.563023090686728e-20,0.03938991140195237,0.0006219697911518864,0.9599881188068958,25,30,10
37,6910,8.563023087826425e-20,0.03938991140195237,0.0006172665033773914,0.9599928220946703,25,30,10
37,6911,8.563023088531651e-20,0.03938991140195237,0.0006172265441621996,0.9599928620538856,25,30,10
37,6912,8.563025417790602e-20,0.03938991140195237,0.0006172251209939243,0.9599928634770538,25,30,10
37,6913,8.56302541852054e-20,0.03938991140195237,0.000617225810207349,0.9599928627878405,25,30,10
37,6914,8.563556460291752e-20,0.03938991140195237,0.0006172256331669129,0.959992862964881,25,30,10
37,6915,8.533284616811443e-20,0.03938991140195237,0.0006171851630793339,0.9599929034349683,25,30,10
37,6916,8.532753531306301e-20,0.03938991140195237,0.0006171846386073287,0.9599929039594405,25,30,10
37,6917,8.532618534704198e-20,0.03938991140195237,0.0006105781518227334,0.9599995104462252,25,30,10
37,6918,8.532618533282037e-20,0.03938991140195237,0.0006105781169925408,0.9599995104810555,25,30,10
37,6919,8.53261849245447e-20,0.03938991140195237,0.000610576118401203,0.9599995124796465,25,30,10
37,6920,8.532618498089089e-20,0.03938991140195237,0.0008769105102415469,0.9597331780878062,25,30,10
37,6921,8.532618498089295e-20,0.03938991140195237,0.000876828688956327,0.9597332599090916,25,30,10
37,6922,8.532618498126132e-20,0.03938991140195237,0.0008768287020460168,0.9597332598960019,25,30,10
37,6923,8.532618500326573e-20,0.03938991140195237,0.0008768301239556072,0.9597332584740924,25,30,10
37,6924,8.532609141416733e-20,0.03938991140195237,0.0008768301102327111,0.9597332584878151,25,30,10
37,6925,8.532608977942065e-20,0.03938991140195237,0.0008768314417693361,0.9597332571562786,25,30,10
37,6926,8.532608977188284e-20,0.03938991140195237,0.0008768314168151899,0.9597332571812326,25,30,10
37,6927,8.532608977892656e-20,0.03938991140195237,0.0008768313818016409,0.9597332572162461,25,30,10
37,6928,8.540176760939226e-20,0.03938991140195244,0.0008769202793289332,0.9597331683187188,25,30,10
37,6929,8.540176682038609e-20,0.03938991140195244,0.000876918289493082,0.9597331703085547,25,30,10
37,6930,4.389758564238808e-21,0.03996852286516464,0.00029830682628091703,0.9597331703085547,25,30,10
37,6931,4.389736906129101e-21,0.03996852286516464,0.0002983082498875828,0.959733168884948,25,30,10
37,6932,4.389737307614272e-21,0.03996852286516464,0.00029827028813783537,0.9597332068466978,25,30,10
37,6933,4.389737300570698e-21,0.03996852286516464,0.0002982722607191763,0.9597332048741164,25,30,10
37,6934,4.389830494978337e-21,0.03996852286516464,0.0002982737332430999,0.9597332034015925,25,30,10
37,6935,4.389830516612171e-21,0.03996852286516464,0.00029827303173910174,0.9597332041030966,25,30,10
37,6936,4.391158251921455e-21,0.03996852286516464,0.00029827150992236835,0.9597332056249133,25,30,10
37,6937,4.396469106653708e-21,0.03996852286516464,0.000298271495755576,0.95973320563908,25,30,10
37,6938,4.3911586887484655e-21,0.03996852286516464,0.00029829998303453677,0.9597331771518011,25,30,10
37,6939,4.391158659951786e-21,0.03996852286516464,0.0002982999826999816,0.9597331771521357,25,30,10
37,6940,4.3910654586364516e-21,0.03996852286516464,0.0002981919676814778,0.9597332851671542,25,30,10
37,6941,4.391067036282401e-21,0.03996852286516464,3.185804012898063e-05,0.9599996190947065,25,30,10
37,6942,7.733745266322999e-23,0.03996852286516464,3.174164414052938e-05,0.959999735490695,25,30,10
37,6943,8.267129662892729e-23,0.03996852286516464,3.402123091068433e-05,0.9599974559039248,25,30,10
37,6944,8.798215153671526e-23,0.03996852286516464,3.402269135197912e-05,0.9599974544434835,25,30,10
37,6945,8.798054522237856e-23,0.03996852286516464,3.4023285532586645e-05,0.9599974538493029,25,30,10
37,6946,8.798054509679196e-23,0.03996852286516464,3.402328508414342e-05,0.9599974538497513,25,30,10
37,6947,3.9069841272425747e-22,0.03996852286516464,3.4139703868795334e-05,0.9599973374309667,25,30,10
37,6948,3.853645682576211e-22,0.03996852286516464,3.186008144237178e-05,0.9599996170533932,25,30,10
37,6949,3.8527136669797326e-22,0.03996852286516464,3.1858633653453376e-05,0.959999618501182,25,30,10
37,6950,4.609385260763179e-22,0.03996852286516464,3.84628344003549e-05,0.9599930143004352,25,30,10
37,6951,1.5822106709309345e-22,0.03996852286516464,3.834646315487264e-05,0.9599931306716806,25,30,10
37,6952,1.5831461984143602e-22,0.03996852286516464,3.834761991438156e-05,0.9599931295149211,25,30,10
37,6953,1.5300541701608106e-22,0.03996852286516464,0.00030468057432199284,0.9597267965605135,25,30,10
37,6954,1.530070515621667e-22,0.03996852286516464,0.0003063034751094363,0.9597251736597261,25,30,10
37,6955,1.5300541745321104e-22,0.03996852286516464,0.0003063049213776576,0.9597251722134579,25,30,10
37,6956,1.5302871067820778e-22,0.03996852286516464,0.0003063049814656348,0.9597251721533699,25,30,10
37,6957,1.5833935005887463e-22,0.03996852286516464,0.0003079264725124413,0.9597235506623231,25,30,10
37,6958,1.5833774406662364e-22,0.03996852286516464,0.00030630358065482805,0.9597251735541806,25,30,10
37,6959,1.5833774456954249e-22,0.03996852286516464,0.00030630358110010777,0.9597251735537352,25,30,10
37,6960,1.5833815334711493e-22,0.03996852286516464,0.0003064194734885612,0.9597250576613469,25,30,10
37,6961,1.543514072348315e-22,0.03996852286516464,0.00043217010070676905,0.9595993070341287,25,30,10
37,6962,1.5966204250339749e-22,0.03996852286516464,0.00043379404941807726,0.9595976830854174,25,30,10
37,6963,1.1477968836527835e-18,0.03915838877218684,0.0012439281369522744,0.959597683090861,25,30,10
37,6964,1.1477982113660878e-18,0.03915838877218684,0.0012439281981916626,0.9595976830296216,25,30,10
37,6965,1.1477225674999344e-18,0.03915838877218684,0.0012373219912235663,0.9596042892365897,25,30,10
37,6966,5.087582362424695e-17,0.03915838877218684,0.0057561480743949945,0.9550854631534184,25,30,10
37,6967,4.9728186291634886e-17,0.03999999982687467,0.004914537025150744,0.9550854631479747,25,30,10
37,6968,4.972819262781214e-17,0.039988740116203896,0.004925796735724017,0.9550854631480722,25,30,10
37,6969,4.97281926045188e-17,0.039988740116203896,0.004925796720611602,0.9550854631631845,25,30,10
37,6970,4.972811692505323e-17,0.03998874011620382,0.004925679350008169,0.9550855805337882,25,30,10
37,6971,4.97281168547649e-17,0.03998874011620382,0.004925679597228881,0.9550855802865675,25,30,10
37,6972,4.972811552751711e-17,0.03998874011620382,0.004925680035282923,0.9550855798485134,25,30,10
37,6973,4.9728115525882496e-17,0.03998874011620382,0.004925679535942813,0.9550855803478535,25,30,10
37,6974,4.9728115525878644e-17,0.03998874011620382,0.004932284329984444,0.9550789755538118,25,30,10
37,6975,4.972811552425511e-17,0.03998874011620382,0.0046659499279442145,0.9553453099558521,25,30,10
37,6976,4.997395821851769e-17,0.039988740116203896,0.004672556193295478,0.9553387036905008,25,30,10
37,6977,4.9973958218546353e-17,0.039988740116203896,0.004672556193306454,0.9553387036904898,25,30,10
37,6978,4.972811552434124e-17,0.03998874011620382,0.004665951375295173,0.9553453085085012,25,30,10
37,6979,4.97281154994416e-17,0.03998874011620382,0.004665922937420925,0.9553453369463755,25,30,10
37,6980,4.972811549944159e-17,0.03998874011620382,0.004665922942185008,0.9553453369416114,25,30,10
37,6981,4.972811417333385e-17,0.03998874011620382,0.004665922466177079,0.9553453374176192,25,30,10
37,6982,4.972811417496847e-17,0.03998874011620382,0.0046659509137072855,0.9553453089700891,25,30,10
37,6983,1.3118221951842716e-23,0.03998874011620382,0.0001471248652961763,0.9598641350185002,25,30,10
37,6984,1.3118193285619256e-23,0.03998874011620382,0.00014712628766287914,0.9598641335961337,25,30,10
37,6985,1.3118135807275133e-23,0.03998874011620382,0.00014712484050321596,0.9598641350432932,25,30,10
37,6986,1.321130858896252e-23,0.03998874011620382,0.0001471248556203983,0.959864135028176,25,30,10
37,6987,1.1889049431657251e-23,0.03998874011620382,1.975334862282354e-05,0.9599915065351736,25,30,10
37,6988,1.1888640656288053e-23,0.03998874011620382,1.9637491893699453e-05,0.9599916223919027,25,30,10
37,6989,1.1888647949211543e-23,0.03998874011620382,1.9636080207778055e-05,0.9599916238035887,25,30,10
37,6990,1.1887422005584347e-23,0.03998874011620382,1.9634046986635156e-05,0.9599916258368097,25,30,10
37,6991,5.55319253786667e-24,0.03999999965010734,8.374513180617416e-06,0.959991625836712,25,30,10
37,6992,5.554827140251445e-24,0.03999999965010734,8.457036342979159e-06,0.9599915433135497,25,30,10
37,6993,5.5544256476764734e-24,0.03999999965010734,8.457023267099866e-06,0.9599915433266257,25,30,10
37,6994,5.554411306764377e-24,0.03999999965010734,8.459083200505126e-06,0.9599915412666923,25,30,10
37,6995,5.554411423715192e-24,0.03999999965010734,8.45977274000988e-06,0.9599915405771527,25,30,10
37,6996,5.461647177850065e-24,0.03999999965010734,8.48819503450052e-06,0.9599915121548582,25,30,10
37,6997,5.570755215568368e-24,0.03999944043944044,9.047405699706655e-06,0.9599915121548599,25,30,10
37,6998,5.572383211515627e-24,0.03999944043944472,0.00013857084742826216,0.9598619887131271,25,30,10
37,6999,5.572354154683832e-24,0.03999944043944472,0.00013856940056094613,0.9598619901599945,25,30,10
37,7000,8.630771420296516e-23,0.03999944043944472,0.0002637927349216392,0.9597367668256338,25,30,10
37,7001,8.63073056743242e-23,0.03999944043944472,0.0002637148395029295,0.9597368447210524,25,30,10
37,7002,8.630727699707095e-23,0.03999944043944472,0.00026371481411116825,0.9597368447464442,25,30,10
37,7003,8.640045643361161e-23,0.03999944043944472,0.0002637159795088933,0.9597368435810464,25,30,10
37,7004,8.640044964163065e-23,0.03999944043944472,0.00026371531289964866,0.9597368442476555,25,30,10
37,7005,8.629134159233898e-23,0.039999992927214865,0.000263162825131198,0.9597368442476538,25,30,10
37,7006,5.5547554680632056e-24,0.039999992927214865,0.00013793948000135326,0.9598620675927837,25,30,10
37,7007,5.5551354416720344e-24,0.039999992927214865,0.0001379394323050143,0.9598620676404801,25,30,10
37,7008,5.553472279949123e-24,0.039999992927214865,0.00013793943444185002,0.9598620676383431,25,30,10
37,7009,2.4588883505342976e-19,0.039999992927214865,0.00013794242852775704,0.9598620646442574,25,30,10
37,7010,2.458888350324249e-19,0.039999992927214865,0.00013794241978601007,0.9598620646529991,25,30,10
37,7011,5.552985278316365e-24,0.039999992927214865,0.0001379403737275054,0.9598620666990576,25,30,10
37,7012,5.552992315275136e-24,0.039999992927214865,0.00013793838805651706,0.9598620686847287,25,30,10
37,7013,5.5525841656344636e-24,0.039999992927214865,0.0001379099134218928,0.9598620971593632,25,30,10
37,7014,8.123225972933248e-23,0.039999992927214865,0.00013791195599686384,0.9598620951167883,25,30,10
37,7015,8.123100509174961e-23,0.039999992927214865,0.00013788348430780078,0.9598621235884773,25,30,10
37,7016,8.120774489666418e-23,0.039999992927214865,0.00013135976542720645,0.959868647307358,25,30,10
37,7017,8.130050895016673e-23,0.039999992927214865,0.00013144227625355148,0.9598685647965317,25,30,10
37,7018,8.271967905973969e-23,0.039999992927459475,0.00013366782188374804,0.9598663392506568,25,30,10
37,7019,7.864358618983472e-23,0.039999992927459475,0.00013219938571905275,0.9598678076868216,25,30,10
37,7020,7.864355702040754e-23,0.039999992927459475,0.00013223277993506944,0.9598677742926056,25,30,10
37,7021,7.864352784008332e-23,0.039999992927459475,0.00013223274579060275,0.9598677743267501,25,30,10
37,7022,7.864314848212942e-23,0.039999992927459475,0.00013223274614368682,0.959867774326397,25,30,10
37,7023,7.864318420314945e-23,0.039999992927459475,0.00013223272322420495,0.9598677743493164,25,30,10
37,7024,1.5432284479285424e-22,0.039999992927459475,0.00013214599433660106,0.9598678610782039,25,30,10
37,7025,1.5432244344385584e-22,0.039999992927459475,0.0001321480267985263,0.959867859045742,25,30,10
37,7026,1.543224511161677e-22,0.039999992927459475,0.0001321500593837673,0.9598678570131568,25,30,10
37,7027,7.864279114226854e-23,0.039999992927459475,0.0001321213706264558,0.9598678857019141,25,30,10
37,7028,7.864279063915616e-23,0.039999992927459475,0.0001321213813316334,0.9598678856912088,25,30,10
37,7029,8.395364549270168e-23,0.039999992927459475,0.00013212282852928834,0.9598678842440113,25,30,10
37,7030,3.8534445467501144e-22,0.039999992927459475,0.00013199635138175136,0.9598680107211588,25,30,10
37,7031,3.853444261321306e-22,0.039999992927459475,0.00013199776333811604,0.9598680093092026,25,30,10
37,7032,3.8534442612334273e-22,0.039999992927459475,0.00013199635123130424,0.9598680107213093,25,30,10
37,7033,3.8534279812753827e-22,0.039999992927455194,2.4735638098129918e-06,0.9599975335087352,25,30,10
37,7034,3.8534280529468367e-22,0.039999992927455194,2.4715664649540946e-06,0.95999753550608,25,30,10
37,7035,3.86670511799596e-22,0.039999992927455194,2.4715554312239386e-06,0.9599975355171138,25,30,10
37,7036,3.8666856641327986e-22,0.039999993094625014,2.4713882614286845e-06,0.9599975355171138,25,30,10
37,7037,3.8666855912039127e-22,0.039999993094625014,2.585272403623298e-06,0.9599974216329715,25,30,10
37,7038,3.866685662985692e-22,0.039999993094625014,2.585274427537521e-06,0.9599974216309475,25,30,10
37,7039,3.8657538624413313e-22,0.039999993094625014,2.5841088836924356e-06,0.9599974227964914,25,30,10
37,7040,3.865754083787185e-22,0.039999993094625014,2.5845723289371752e-06,0.9599974223330463,25,30,10
37,7041,3.8648387078736443e-22,0.039999993094625014,2.502098920631076e-06,0.9599975048064544,25,30,10
37,7042,3.865075588283409e-22,0.039999993094625014,2.502098920813901e-06,0.9599975048064542,25,30,10
37,7043,3.865071496060387e-22,0.039999993094625014,2.61594783634082e-06,0.9599973909575387,25,30,10
37,7044,3.8650717866072085e-22,0.039999993094625014,2.6984351127603833e-06,0.9599973084702623,25,30,10
37,7045,3.865071786609891e-22,0.039999993094625014,2.6984598758342486e-06,0.9599973084454991,25,30,10
37,7046,3.8650717865452406e-22,0.039999993094625014,2.6970477715845035e-06,0.9599973098576033,25,30,10
37,7047,3.918180050796687e-22,0.039999993094625014,2.69708644130216e-06,0.9599973098189339,25,30,10
37,7048,3.878348636204304e-22,0.039999993094625014,2.6984951235452667e-06,0.9599973084102517,25,30,10
37,7049,3.878426569177155e-22,0.03999960655174481,3.085038003742342e-06,0.9599973084102517,25,30,10
37,7050,3.8784224876778393e-22,0.03999960655174481,3.083004793036111e-06,0.9599973104434624,25,30,10
37,7051,3.8784267841707223e-22,0.03999960655174481,3.0839764185673417e-06,0.9599973094718369,25,30,10
37,7052,3.8784390437828983e-22,0.03999960655174481,3.0833118254838534e-06,0.9599973101364297,25,30,10
37,7053,3.878435033913598e-22,0.03999960655174481,3.0548647572108533e-06,0.9599973385834982,25,30,10
37,7054,3.8253267658853845e-22,0.03999960655174481,3.0529434338017975e-06,0.9599973405048214,25,30,10
37,7055,3.825326764716229e-22,0.03999960655174481,3.052907973817247e-06,0.9599973405402815,25,30,10
37,7056,3.812049699577316e-22,0.03999960655174481,3.0549171855734885e-06,0.9599973385310698,25,30,10
37,7057,3.8120656871970864e-22,0.03999960655174481,3.137428010215379e-06,0.9599972560202451,25,30,10
37,7058,3.811989433289826e-22,0.03999960638381411,3.1375959408575526e-06,0.9599972560202451,25,30,10
37,7059,3.81642991010832e-22,0.03999960638308378,3.137596671237912e-06,0.9599972560202451,25,30,10
37,7060,3.8164459644254923e-22,0.03999960638308378,3.0571321436010094e-06,0.9599973364847727,25,30,10
37,7061,3.8164626690141166e-22,0.03999960638308378,3.0571583015237158e-06,0.9599973364586148,25,30,10
37,7062,3.8164664624818045e-22,0.03999960638308378,3.0566946842408984e-06,0.959997336922232,25,30,10
37,7063,3.8164667492312984e-22,0.03999960638308378,3.139218040410796e-06,0.9599972543988758,25,30,10
37,7064,3.8166989986464633e-22,0.03999960638308378,0.00013254675889718483,0.9598678468580192,25,30,10
37,7065,3.816682657622406e-22,0.03999960638308378,0.0001325447252557199,0.9598678488916605,25,30,10
37,7066,3.81667885788644e-22,0.03999960638308378,0.00013254516400515182,0.9598678484529113,25,30,10
37,7067,3.81666279352925e-22,0.03999960638308378,0.00013254581488275912,0.9598678478020335,25,30,10
37,7068,3.816646453673495e-22,0.03999960638308378,0.00013254577824462188,0.9598678478386717,25,30,10
37,7069,3.816646169327296e-22,0.03999960638308378,0.00013246528893400106,0.9598679283279824,25,30,10
37,7070,3.0598493382451335e-22,0.03999960638308378,0.0001324632649449402,0.9598679303519715,25,30,10
37,7071,3.059832998444766e-22,0.03999960638308378,0.00013238077747744866,0.9598680128394389,25,30,10
37,7072,3.0598330751420082e-22,0.03999960638308378,0.00013238142751183463,0.9598680121894048,25,30,10
37,7073,3.0598331470101234e-22,0.03999960638308378,0.00013238139282918776,0.9598680122240872,25,30,10
37,7074,3.1129415130801585e-22,0.03999960638308378,0.00013246390273114297,0.9598679297141853,25,30,10
37,7075,3.112945026128866e-22,0.03999960638308378,0.00013246249909895473,0.9598679311178175,25,30,10
37,7076,3.1129491103208737e-22,0.03999960638308378,0.00013246048590623565,0.9598679331310103,25,30,10
37,7077,3.112949038737658e-22,0.03999960638308378,0.00013246043855569059,0.9598679331783608,25,30,10
37,7078,3.1129528398127386e-22,0.03999960638308378,0.0001324990756649345,0.9598678945412515,25,30,10
37,7079,3.1131856990135738e-22,0.03999960638308378,0.0001324984898093965,0.9598678951271071,25,30,10
37,7080,3.1131856929232383e-22,0.03999960638308378,0.0001324984541461381,0.9598678951627704,25,30,10
37,7081,3.1131859734308337e-22,0.03999960638308378,0.0001324984889140562,0.9598678951280024,25,30,10
37,7082,3.1131859696575104e-22,0.03999960638308378,0.0001324984897091383,0.9598678951272074,25,30,10
37,7083,3.1129531091972285e-22,0.03999960638308378,0.00013257956528827224,0.9598678140516284,25,30,10
37,7084,3.870593448126057e-22,0.03999960638308807,0.00013698443857438532,0.9598634091783379,25,30,10
37,7085,3.866152635928908e-22,0.03999999761352842,0.00013659320813403592,0.9598634091783379,25,30,10
37,7086,6.893329786831581e-22,0.03999999761352842,0.00013667574641153732,0.9598633266400605,25,30,10
37,7087,6.880052654173327e-22,0.03999999761352842,0.0001366742883434809,0.9598633280981284,25,30,10
37,7088,6.880056740724446e-22,0.03999999761352842,0.00013667499000850577,0.9598633273964634,25,30,10
37,7089,6.880988461915559e-22,0.03999999761352842,0.00013679089116170367,0.9598632114953102,25,30,10
37,7090,6.880984447080365e-22,0.03999999761352842,0.00013679086797075188,0.9598632115185012,25,30,10
37,7091,5.001832818678855e-21,0.03999999761352842,0.00013687472044699722,0.9598631276660251,25,30,10
37,7092,5.0017396747251754e-21,0.03999999761352842,0.00013675879478465102,0.9598632435916872,25,30,10
37,7093,6.8800530792368785e-22,0.03999999761352842,0.00013667696718907955,0.9598633254192828,25,30,10
37,7094,6.88005308424593e-22,0.03999999761352842,0.00013667695734851152,0.9598633254291233,25,30,10
37,7095,6.826961272368982e-22,0.03999999761352842,0.00014129772261834073,0.9598587046638535,25,30,10
37,7096,6.826979406119135e-22,0.03999999018321742,0.00014130515292933523,0.9598587046638535,25,30,10
37,7097,6.827911812853777e-22,0.03999999018321742,1.1782895472710299e-05,0.9599882269213101,25,30,10
37,7098,6.827928158854397e-22,0.03999999018321742,1.186541860395201e-05,0.959988144398179,25,30,10
37,7099,9.855129759952112e-22,0.03999999018321742,1.1865419253431614e-05,0.9599881443975297,25,30,10
37,7100,9.855129759930047e-22,0.03999999018321742,1.1865419537612325e-05,0.9599881443972454,25,30,10
37,7101,9.097485333327047e-22,0.03999999018321313,7.421908516708598e-06,0.9599925879082706,25,30,10
37,7102,9.083277357902142e-22,0.03999999018296852,5.113864504771588e-06,0.9599948959525273,25,30,10
37,7103,9.08326101181325e-22,0.03999999018296852,5.031341984559918e-06,0.9599949784750472,25,30,10
37,7104,9.08326481156926e-22,0.03999999018296852,5.0333395309034155e-06,0.9599949764775011,25,30,10
37,7105,9.08303188502814e-22,0.03999999018296852,4.9174466921352315e-06,0.9599950923703399,25,30,10
37,7106,6.055854733948558e-22,0.03999999018296852,4.83492364185703e-06,0.95999517489339,25,30,10
37,7107,6.055855015690364e-22,0.03999999018296852,4.8363460302689025e-06,0.9599951734710017,25,30,10
37,7108,3.028669772183208e-22,0.03999999018296852,4.808819350572798e-06,0.9599952009976813,25,30,10
37,7109,3.028670060189934e-22,0.03999999018296852,4.808819976255437e-06,0.9599952009970556,25,30,10
37,7110,3.0806077068179834e-22,0.03999999018296852,9.510919649506036e-06,0.9599904988973822,25,30,10
37,7111,3.0813064268040417e-22,0.03999999018296852,9.511657916181373e-06,0.9599904981591155,25,30,10
37,7112,3.0813026270695216e-22,0.03999999018296852,9.513070015340775e-06,0.9599904967470164,25,30,10
37,7113,3.0813026269816703e-22,0.03999999018296852,9.513069580846347e-06,0.959990496747451,25,30,10
37,7114,3.134408216025982e-22,0.0399999901829686,1.1792185995785095e-05,0.9599882176310359,25,30,10
37,7115,3.1334968330382087e-22,0.0399999901829686,0.00019129594780954213,0.9598087138692222,25,30,10
37,7116,3.1334966191930076e-22,0.0399999901829686,0.00019129529412046753,0.9598087145229113,25,30,10
37,7117,3.1344280787626642e-22,0.0399999901829686,0.0001935748615054702,0.9598064349555261,25,30,10
37,7118,3.13443216017533e-22,0.0399999901829686,0.00019357628407131404,0.9598064335329605,25,30,10
37,7119,3.1344325172741056e-22,0.0399999901829686,0.00019365877258934488,0.9598063510444425,25,30,10
37,7120,3.134412244341886e-22,0.0399999901829686,1.6433155756806256e-05,0.959983576661275,25,30,10
37,7121,3.1344119575693707e-22,0.0399999901829686,1.6431707979774245e-05,0.9599835781090519,25,30,10
37,7122,3.387599155943638e-22,0.039999992885480014,1.6429005468355594e-05,0.9599835781090519,25,30,10
37,7123,3.3875990930986935e-22,0.039999992885480014,1.6426971579522535e-05,0.9599835801429407,25,30,10
37,7124,3.3875993798716065e-22,0.039999992885480014,1.642697278568309e-05,0.9599835801417345,25,30,10
37,7125,3.387595290979902e-22,0.039999992885480014,1.642624616047407e-05,0.9599835808683597,25,30,10
37,7126,3.3885267332187017e-22,0.039999992885480014,1.6426254801609846e-05,0.9599835808597189,25,30,10
37,7127,3.388526738118949e-22,0.039999992885480014,1.6426255055346226e-05,0.9599835808594651,25,30,10
37,7128,3.3354407764105563e-22,0.039999992885480014,1.1722980216265033e-05,0.959988284134304,25,30,10
37,7129,3.3354407824879844e-22,0.039999992885480014,1.8329221671847463e-05,0.9599816778928485,25,30,10
37,7130,3.33542444139647e-22,0.039999992885480014,1.8329196710037402e-05,0.9599816779178104,25,30,10
37,7131,3.3885270356671097e-22,0.039999992885480014,2.3032482937029243e-05,0.9599769746315832,25,30,10
37,7132,3.401804101291985e-22,0.039999992885480014,2.3034526861142953e-05,0.9599769725876592,25,30,10
37,7133,3.401803819527005e-22,0.039999992885480014,2.303307891454609e-05,0.9599769740356058,25,30,10
37,7134,4.6486117679289254e-21,0.03999999288547994,2.0753983574677694e-05,0.9599792531309456,25,30,10
37,7135,4.648704947727118e-21,0.03999999288547994,2.086990089112999e-05,0.9599791372136292,25,30,10
37,7136,4.64870456787946e-21,0.03999999288547994,2.086847355390331e-05,0.9599791386409663,25,30,10
37,7137,4.653921626255458e-21,0.03999999288547994,2.5571765212079397e-05,0.9599744353493083,25,30,10
37,7138,4.653920371814547e-21,0.03999999288547994,2.0868465708260832e-05,0.9599791386488121,25,30,10
37,7139,4.648610112378656e-21,0.03999999288547994,1.6165155149994633e-05,0.9599838419593704,25,30,10
37,7140,4.648610140930166e-21,0.03999999288547994,1.6167187557334504e-05,0.9599838399269629,25,30,10
37,7141,4.6486105777576636e-21,0.03999999288547994,1.6168670557754592e-05,0.9599838384439627,25,30,10
37,7142,4.724377029087734e-21,0.039999992885480014,1.933046894676964e-05,0.9599806766455734,25,30,10
37,7143,4.7242838544643905e-21,0.039999992885480014,1.705091122522017e-05,0.9599829562032949,25,30,10
37,7144,4.7242838540870565e-21,0.039999992885480014,1.705091140554222e-05,0.9599829562031147,25,30,10
37,7145,4.7242842340691736e-21,0.039999992885480014,1.705159245738097e-05,0.9599829555220629,25,30,10
37,7146,4.422891779264213e-21,0.039999992885480014,1.700909904701373e-05,0.9599829980154732,25,30,10
37,7147,4.422892187411955e-21,0.039999992885480014,1.700980077357692e-05,0.9599829973137466,25,30,10
37,7148,4.422892194078162e-21,0.039999992885480014,1.7009825123599745e-05,0.9599829972893965,25,30,10
37,7149,4.422891785551047e-21,0.039999992885480014,1.700782713951954e-05,0.9599829992873807,25,30,10
37,7150,4.422915071479801e-21,0.039999992885480014,1.7009227573404893e-05,0.9599829978869469,25,30,10
37,7151,4.422914691378371e-21,0.039999992885480014,1.7008551296734484e-05,0.9599829985632234,25,30,10
37,7152,4.421588613633374e-21,0.039999992885480014,1.697000393136046e-05,0.959983037110589,25,30,10
37,7153,4.4216817579122435e-21,0.039999992885480014,1.6996443982701808e-05,0.9599830106705375,25,30,10
37,7154,4.421681815269261e-21,0.039999992885480014,1.6996918722639405e-05,0.9599830101957977,25,30,10
37,7155,4.4216817865832564e-21,0.039999992885480014,1.699689349990063e-05,0.9599830102210203,25,30,10
37,7156,4.421588621299561e-21,0.039999992885480014,1.6968432730439637e-05,0.9599830386817899,25,30,10
37,7157,4.421589008987495e-21,0.039999992885480014,0.00028330283407792585,0.9597167042804422,25,30,10
37,7158,4.396270423476482e-21,0.0399999901829686,0.0002833055365893445,0.9597167042804422,25,30,10
37,7159,4.396248764992815e-21,0.0399999901829686,0.0002833047902849053,0.9597167050267467,25,30,10
37,7160,4.3962467140261864e-21,0.0399999901829686,1.7086280562287733e-05,0.9599829235364693,25,30,10
37,7161,4.3962466854746316e-21,0.0399999901829686,1.7086315023105118e-05,0.9599829235020084,25,30,10
37,7162,4.396244671111348e-21,0.03996852286713397,4.855363085774555e-05,0.9599829235020084,25,30,10
37,7163,4.396244671093702e-21,0.03996852286713397,4.855363166222832e-05,0.9599829235012038,25,30,10
37,7164,4.3909344403305596e-21,0.03996852286713397,4.385035587413686e-05,0.9599876267769919,25,30,10
37,7165,4.3909344046162366e-21,0.03996852286713397,4.384988148195325e-05,0.9599876272513841,25,30,10
37,7166,4.39094212792541e-21,0.039999993093648094,1.2379654967823005e-05,0.9599876272513841,25,30,10
37,7167,4.3963465533632075e-21,0.039999993093648094,1.2462628109444341e-05,0.9599875442782425,25,30,10
37,7168,4.396346574871261e-21,0.039999993093648094,1.2462616272892257e-05,0.959987544290079,25,30,10
37,7169,4.396346166224859e-21,0.039999993093648094,1.2461915049295164e-05,0.9599875449913027,25,30,10
37,7170,4.396346166853556e-21,0.039999993093648094,1.2461939360778547e-05,0.9599875449669912,25,30,10
37,7171,4.396347837185535e-21,0.039999993093648094,1.2489463144729946e-05,0.9599875174432071,25,30,10
37,7172,4.396346611098382e-21,0.039999993093648094,1.2488797161871996e-05,0.95998751810919,25,30,10
37,7173,4.396461138031288e-21,0.039999993093648094,0.00010475694421354574,0.9598952499621383,25,30,10
37,7174,8.281239421825772e-23,0.039999993093648094,0.00010475635457009755,0.9598952505517819,25,30,10
37,7175,8.812325702228915e-23,0.039999993093648094,0.00010464115567360754,0.9598953657506784,25,30,10
37,7176,8.812324922974789e-23,0.039999993093648094,9.803491447411133e-05,0.9599019719918779,25,30,10
37,7177,9.343531568434894e-23,0.039999993093648094,9.814591392422326e-05,0.9599018609924276,25,30,10
37,7178,1.7691748858416674e-23,0.03999999309364802,9.509799975438694e-05,0.9599049089065975,25,30,10
37,7179,1.769337616717948e-23,0.03999999309364802,9.281841911776148e-05,0.9599071884872343,25,30,10
37,7180,1.2384147964531842e-23,0.03999999309364802,9.281821205121963e-05,0.9599071886943008,25,30,10
37,7181,1.2382513477916555e-23,0.03999999309364802,9.281773651640926e-05,0.9599071891698356,25,30,10
37,7182,1.240580676069004e-23,0.03999999309364802,9.293365431634239e-05,0.9599070732520356,25,30,10
37,7183,1.240539811865612e-23,0.03999999309364802,9.293365386757464e-05,0.9599070732524845,25,30,10
37,7184,1.2405426791691247e-23,0.03999999309364802,9.293510041186759e-05,0.9599070718059401,25,30,10
37,7185,7.116245034101033e-24,0.03999999309364802,9.28248366200853e-05,0.9599071820697318,25,30,10
37,7186,7.116237361639317e-24,0.03999999309364802,9.282482413308813e-05,0.9599071820822188,25,30,10
37,7187,4.638076918945398e-18,0.03956374883333816,0.0005290690844429454,0.9599071820822188,25,30,10
37,7188,4.638076802748007e-18,0.03956374883333816,0.00043677341255471505,0.959999477754107,25,30,10
37,7189,4.638076826068837e-18,0.03956374883333816,0.00043839631570078753,0.959997854850961,25,30,10
37,7190,4.6380768493620594e-18,0.03956374883333816,0.00043839678038496815,0.9599978543862768,25,30,10
37,7191,7.157846276925132e-24,0.039999992868547274,2.1527451758466728e-06,0.9599978543862768,25,30,10
37,7192,8.485559505806563e-24,0.039999992868547274,2.1547890959303734e-06,0.9599978523423567,25,30,10
37,7193,7.251018663756748e-24,0.039999992868547274,2.1527808429878925e-06,0.9599978543506097,25,30,10
37,7194,7.250983446113255e-24,0.039999992868547274,2.0702820462114696e-06,0.9599979368494066,25,30,10
37,7195,4.320280706165066e-21,0.039999992868547274,8.676564641133594e-06,0.9599913305668116,25,30,10
37,7196,4.320280706542546e-21,0.039999992868547274,8.705001434825571e-06,0.9599913021300179,25,30,10
37,7197,4.320281115195415e-21,0.039999992868547274,8.709033126913335e-06,0.9599912980983258,25,30,10
37,7198,4.320281107533835e-21,0.039999992868547274,8.680561100690174e-06,0.959991326570352,25,30,10
37,7199,4.320257835884745e-21,0.039999992868547274,8.564633397234474e-06,0.9599914424980556,25,30,10
37,7200,4.318930150821413e-21,0.039999992868547274,8.562576822023445e-06,0.9599914445546307,25,30,10
37,7201,4.318928544886556e-21,0.039999992868547274,8.564597717951842e-06,0.9599914425337349,25,30,10
37,7202,4.394417778227043e-21,0.039999992868547274,9.767742966206871e-05,0.9599023297017908,25,30,10
37,7203,4.394417778981706e-21,0.039999992868547274,9.767887664069592e-05,0.9599023282548121,25,30,10
37,7204,4.470094469192572e-21,0.039999992868547274,9.924771949100283e-05,0.9599007594119618,25,30,10
37,7205,4.470094469190521e-21,0.039999992868547274,9.924771887307933e-05,0.9599007594125797,25,30,10
37,7206,4.470094440378703e-21,0.039999992868547274,9.924769373002282e-05,0.9599007594377228,25,30,10
37,7207,4.470094440376536e-21,0.039999992868547274,9.924769329236584e-05,0.9599007594381603,25,30,10
37,7208,4.470096074476915e-21,0.039999992868547274,9.924914063175502e-05,0.959900757990821,25,30,10
37,7209,4.470189218545262e-21,0.039999992868547274,9.93650580775012e-05,0.9599006420733751,25,30,10
37,7210,4.470188810017837e-21,0.039999992868547274,9.936503470773435e-05,0.959900642096745,25,30,10
37,7211,4.470167151785145e-21,0.039999992868547274,9.936527146515383e-05,0.9599006418599875,25,30,10
37,7212,4.772885656008194e-21,0.039999992868547274,9.939173634148537e-05,0.9599006153951112,25,30,10
37,7213,4.772862335054557e-21,0.039999992868547274,9.776879814635871e-05,0.9599022383333063,25,30,10
37,7214,4.7728623350544416e-21,0.039999992868547274,9.776879814946677e-05,0.9599022383333032,25,30,10
37,7215,4.772886036899651e-21,0.039999992868547274,9.78088285151654e-05,0.9599021983029375,25,30,10
37,7216,4.7728860727355716e-21,0.039999992868547274,9.780884020709896e-05,0.9599021982912456,25,30,10
37,7217,2.2027760728217688e-20,0.039999992868547274,9.769484447979422e-05,0.9599023122869729,25,30,10
37,7218,2.2027760699037204e-20,0.039999992868547274,9.769482031312745e-05,0.9599023123111395,25,30,10
37,7219,2.2027760670359797e-20,0.039999992868547274,9.769336086279627e-05,0.9599023137705899,25,30,10
37,7220,2.2027760670362156e-20,0.039999992868547274,9.769336086284354e-05,0.9599023137705899,25,30,10
37,7221,2.2027759042413974e-20,0.039999992868547274,9.769242244651727e-05,0.9599023147090061,25,30,10
37,7222,2.202766584072423e-20,0.039999992868547274,9.769095781675415e-05,0.9599023161736359,25,30,10
37,7223,2.202766584022995e-20,0.039999992868547274,9.769095737894292e-05,0.9599023161740738,25,30,10
37,7224,2.1952246486636572e-20,0.039999992868547274,8.463667107345595e-06,0.9599915434643456,25,30,10
37,7225,2.1952222791952043e-20,0.039999992868547274,8.42367212774161e-06,0.9599915834593251,25,30,10
37,7226,1.7639194703970932e-20,0.039999992868547274,1.8174505916922152e-06,0.9599981896808611,25,30,10
37,7227,1.7639193069367554e-20,0.039999992868547274,1.8159931524952682e-06,0.9599981911383004,25,30,10
37,7228,1.7639193077408528e-20,0.039999992868547274,1.8159925486145776e-06,0.9599981911389044,25,30,10
37,7229,3.8422524929993157e-22,0.039999992868547274,1.8140456207831722e-06,0.9599981930858322,25,30,10
37,7230,3.8422524929110577e-22,0.039999992868547274,1.8125984694867617e-06,0.9599981945329834,25,30,10
37,7231,3.8422524112439417e-22,0.039999992868547274,1.8125736815832745e-06,0.9599981945577715,25,30,10
37,7232,3.842252415015709e-22,0.039999992868547274,1.8126091655447365e-06,0.9599981945222875,25,30,10
37,7233,3.8014852966812576e-22,0.039999992868547274,1.7316593984539622e-06,0.9599982754720545,25,30,10
37,7234,3.80171414125062e-22,0.039999992868547274,1.727636473010097e-06,0.9599982794949798,25,30,10
37,7235,3.8113047058779894e-22,0.039999992868550376,0.011059644416542037,0.9489403627149079,25,30,10
37,7236,3.8644135456041788e-22,0.039999992868550376,0.01105964489747045,0.9489403622339794,25,30,10
37,7237,3.865347487941013e-22,0.03999999286855045,0.011151940566678769,0.948848066564771,25,30,10
37,7238,3.8653471295833565e-22,0.03999999286855045,0.011151942001700523,0.9488480651297493,25,30,10
37,7239,3.8644316778122787e-22,0.03999999286855045,0.011151826104828476,0.948848181026621,25,30,10
37,7240,3.922374985837139e-22,0.03999999286854735,9.398723762298507e-05,0.9599060198938298,25,30,10
37,7241,3.935649924842081e-22,0.03999999286854735,0.00010059345536466328,0.9598994136760882,25,30,10
37,7242,4.7019959951705266e-21,0.03999999286854735,0.0001005954726090756,0.9598994116588437,25,30,10
37,7243,4.7019947768824916e-21,0.03999999286854735,0.0001007099421801954,0.9598992971892727,25,30,10
37,7244,4.39927787859441e-21,0.03999999286854735,0.00010068149444421434,0.9598993256370087,25,30,10
37,7245,4.397950391234263e-21,0.03999999286854735,9.407728495408229e-05,0.9599059298464988,25,30,10
37,7246,4.39785740566187e-21,0.039999992868547274,1.8216106711809533e-06,0.9599981855207819,25,30,10
37,7247,4.397857406156155e-21,0.039999992868547274,1.8216111089693772e-06,0.9599981855203439,25,30,10
37,7248,8.411717177971093e-23,0.039999992868547274,9.411474666402172e-05,0.9599058923847889,25,30,10
37,7249,8.421036618982888e-23,0.039999992868547274,9.411323794109503e-05,0.9599058938935119,25,30,10
37,7250,3.1125151860012294e-22,0.039999992868547274,9.26603010209934e-05,0.9599073468304319,25,30,10
37,7251,3.1125151861100124e-22,0.039999992868547274,9.266032553739714e-05,0.9599073468059156,25,30,10
37,7252,3.112515474120348e-22,0.039999992868547274,9.274284869646127e-05,0.9599072642827566,25,30,10
37,7253,3.1127320602444525e-22,0.039999992868547274,9.274286366281316e-05,0.95990726426779,25,30,10
37,7254,3.112736151696214e-22,0.039999992868547274,9.274211820838216e-05,0.9599072650132446,25,30,10
37,7255,3.1127402381929286e-22,0.039999992868547274,9.285803557940858e-05,0.9599071490958737,25,30,10
37,7256,3.1127238945843466e-22,0.039999992868547274,9.286001905705758e-05,0.9599071471123959,25,30,10
37,7257,3.112727979858233e-22,0.039999992868547274,9.286146621625301e-05,0.9599071456652364,25,30,10
37,7258,3.1127320677345253e-22,0.039999992868547274,9.286005614089121e-05,0.9599071470753118,25,30,10
37,7259,3.112732068991939e-22,0.039999992868547274,9.286150330302854e-05,0.9599071456281497,25,30,10
37,7260,8.257720636357031e-20,0.03999960174118128,9.325263066902141e-05,0.9599071456281497,25,30,10
37,7261,1.4096275392100952e-17,0.039999601741185574,9.795623395780308e-05,0.9599024420248568,25,30,10
37,7262,1.40962753688369e-17,0.039999601741185574,9.795620660573962e-05,0.9599024420522089,25,30,10
37,7263,1.409627536717796e-17,0.039999601741185574,5.660538072440938e-06,0.9599947377207421,25,30,10
37,7264,8.257585536861314e-20,0.03999960174118128,1.070819014703585e-06,0.9599993274398044,25,30,10
37,7265,8.257576216753896e-20,0.03999960174118128,1.0703201007974104e-06,0.9599993279387182,25,30,10
37,7266,8.257566899450908e-20,0.03999960174118128,1.0688606283443686e-06,0.9599993293981909,25,30,10
37,7267,8.257566896571906e-20,0.03999960174118128,9.863725133513975e-07,0.9599994118863059,25,30,10
37,7268,8.25756689943986e-20,0.03999960174118128,9.863979153208378e-07,0.9599994118609037,25,30,10
37,7269,8.257566899402123e-20,0.03999960174118128,9.864331475524906e-07,0.9599994118256716,25,30,10
37,7270,8.257566899439209e-20,0.03999960174118128,9.84994741249966e-07,0.9599994132640778,25,30,10
37,7271,8.257566857807662e-20,0.03999960174118128,8.690769658830226e-07,0.9599995291818532,25,30,10
37,7272,3.0962630985774624e-22,0.03998492342429952,1.5547393847661707e-05,0.9599995291818532,25,30,10
37,7273,3.096263383885189e-22,0.039984923424299594,1.7635180157876037e-05,0.959997441395543,25,30,10
37,7274,3.0962597276025207e-22,0.039984923424299594,1.763375652053916e-05,0.9599974428191801,25,30,10
37,7275,6.908101472636693e-24,0.039984923424299594,1.751783889846702e-05,0.9599975587368023,25,30,10
37,7276,6.906460324752615e-24,0.039984923424299594,2.210519628410226e-05,0.9599929713794166,25,30,10
37,7277,8.234173930968816e-24,0.039984923424299594,2.2107229499017294e-05,0.9599929693462017,25,30,10
37,7278,8.210880821159362e-24,0.039984923424299594,2.2107229137311793e-05,0.9599929693465635,25,30,10
37,7279,8.304053337733215e-24,0.039984923424299594,2.2108420953421815e-05,0.9599929681547472,25,30,10
37,7280,8.397218874910984e-24,0.039984923424299594,2.2190909318468748e-05,0.9599928856663822,25,30,10
37,7281,8.396781568688807e-24,0.03998492342429952,1.9987205449235986e-05,0.9599950893702514,25,30,10
37,7282,8.396809996785551e-24,0.03998492342429952,1.998587328685674e-05,0.9599950907024138,25,30,10
37,7283,8.396809493673177e-24,0.03998492342429952,1.998584895058818e-05,0.9599950907267503,25,30,10
37,7284,8.396809491622026e-24,0.03998492342429952,1.998584833266461e-05,0.9599950907273681,25,30,10
37,7285,8.396817161918494e-24,0.03998492342429952,1.9985848346247586e-05,0.9599950907273544,25,30,10
37,7286,8.396824331228416e-24,0.03998492342429952,1.9985884451017723e-05,0.9599950906912497,25,30,10
37,7287,8.490029292822563e-24,0.03998492342429952,2.1608785456835207e-05,0.959993467790244,25,30,10
37,7288,8.583205567202073e-24,0.03998492342429952,2.3231690354448942e-05,0.9599918448853463,25,30,10
37,7289,1.3893436329417285e-23,0.039984923424299594,2.793503216082142e-05,0.9599871415435398,25,30,10
37,7290,1.3893436142166536e-23,0.039984923424299594,2.7962304668229702e-05,0.9599871142710324,25,30,10
37,7291,1.389507087141724e-23,0.039984923424299594,2.7962316973092746e-05,0.9599871142587275,25,30,10
37,7292,1.3919991466350047e-23,0.03998492342429967,2.807869827484917e-05,0.9599869978774257,25,30,10
37,7293,1.3896698235257342e-23,0.03998492342429967,2.8078198361534404e-05,0.9599869983773391,25,30,10
37,7294,8.957638097512067e-23,0.03998492342429967,2.8080221916591842e-05,0.959986996353784,25,30,10
37,7295,8.948317614576699e-23,0.03998492342429967,2.6457346479662548e-05,0.9599886192292211,25,30,10
37,7296,1.7183410762746287e-20,0.03998492342429974,0.0003994798962864285,0.959615596679414,25,30,10
37,7297,1.718343221106491e-20,0.03998492342429974,0.0007725849540480388,0.9592424916216524,25,30,10
37,7298,1.718343016379065e-20,0.039999440439441564,0.0007580679389044964,0.9592424916216541,25,30,10
37,7299,1.7183338625568157e-20,0.039999440439441564,0.0007580394745886557,0.95924252008597,25,30,10
37,7300,1.7183330935447012e-20,0.03999999292726254,0.0007574869867693803,0.9592425200859682,25,30,10
37,7301,1.7183330942236782e-20,0.03999999292726254,0.0007574890033256678,0.959242518069412,25,30,10
37,7302,1.7183330533089402e-20,0.03999999292726254,0.0007574883014484817,0.9592425187712894,25,30,10
37,7303,1.7183330561892473e-20,0.03999999292726254,0.0007574883187028154,0.959242518754035,25,30,10
37,7304,1.718333058288754e-20,0.03999999292726254,0.0007621916182981605,0.9592378154544398,25,30,10
37,7305,1.7486047418759145e-20,0.03999999292726683,0.0007623503762505524,0.9592376566964829,25,30,10
37,7306,1.7486047446933487e-20,0.03999999292726683,0.0007623518234051459,0.9592376552493285,25,30,10
37,7307,1.7485954679299083e-20,0.03999999292726683,0.0007607289191660797,0.9592392781535675,25,30,10
37,7308,1.7486047852058653e-20,0.03999999292726683,0.0007607309272452504,0.9592392761454882,25,30,10
37,7309,1.7183330636216174e-20,0.03999999292726254,0.0007605321744974992,0.9592394748982404,25,30,10
37,7310,8.930987753782108e-23,0.039999992927262466,0.0003874271132386486,0.9596125799594992,25,30,10
37,7311,8.93090226654962e-23,0.039999992927262466,0.000760530147396267,0.9592394769253416,25,30,10
37,7312,1.6365261867831903e-22,0.03999999292726247,0.0007649711134790418,0.9592350359592587,25,30,10
37,7313,1.6365262572177847e-22,0.03999999292726247,0.0007649731114554406,0.9592350339612824,25,30,10
37,7314,1.6365263276753334e-22,0.03999999292726247,0.0007650890164988853,0.959234918056239,25,30,10
37,7315,1.7362725143595885e-20,0.03999999292726675,0.0005215074237382232,0.9594784996489955,25,30,10
37,7316,1.7287138633249483e-20,0.03999999292726675,0.0005215054251451395,0.9594785016475886,25,30,10
37,7317,1.7287138605081653e-20,0.03999999292726675,0.0005215054249621232,0.9594785016477715,25,30,10
37,7318,1.7287138605075033e-20,0.03999999292726675,0.0005215054251424445,0.9594785016475912,25,30,10
37,7319,1.7287231748969706e-20,0.03999999292726675,0.0005215879316423604,0.9594784191410913,25,30,10
37,7320,1.728723131163056e-20,0.03999999292726675,0.0005215878949932951,0.9594784191777402,25,30,10
37,7321,1.728723130395626e-20,0.03999999292726675,0.000521471977640191,0.9594785350950934,25,30,10
37,7322,1.7288558996199402e-20,0.03999999292726675,0.0005167707346136376,0.9594832363381199,25,30,10
37,7323,1.7288560602125557e-20,0.03999999292726675,0.0005167714118167037,0.9594832356609169,25,30,10
37,7324,1.728180564464867e-20,0.03999999292726675,0.0005166934508494416,0.9594833136218842,25,30,10
37,7325,1.728047795253223e-20,0.03999999292726675,0.0005168073114418445,0.9594831997612918,25,30,10
37,7326,1.7280476346597373e-20,0.03999999292726675,0.000516809335703785,0.95948319773703,25,30,10
37,7327,1.0007044432729479e-18,0.03999999292726675,0.0005212524014186421,0.9594787546713148,25,30,10
37,7328,1.0007800297832729e-18,0.03999999292726675,0.0005212544101145265,0.9594787526626188,25,30,10
37,7329,1.0007799366393028e-18,0.03999999292726675,0.0005212557167047959,0.9594787513560287,25,30,10
37,7330,1.0007800301563307e-18,0.03999999292726675,0.0005212557483261211,0.9594787513244074,25,30,10
37,7331,1.0007800301276422e-18,0.03999999292726675,0.0005212557482067114,0.9594787513245268,25,30,10
37,7332,1.000780030128154e-18,0.03999999292726675,0.0005213382713408389,0.9594786688013925,25,30,10
37,7333,1.0007800305008457e-18,0.03999999292726675,0.0005213362593834349,0.9594786708133499,25,30,10
37,7334,1.0007800305295218e-18,0.03999999292726675,0.0005229591346083783,0.959477047938125,25,30,10
37,7335,1.000780030149535e-18,0.03999999292726675,0.000523075030708112,0.9594769320420252,25,30,10
37,7336,1.0007043504669402e-18,0.03999999292726675,0.0005230749945859456,0.9594769320781475,25,30,10
37,7337,1.0007043509036474e-18,0.03999999292726675,0.0005231554847283877,0.959476851588005,25,30,10
37,7338,1.000780120786336e-18,0.03999999292726675,0.0005247213971018526,0.9594752856756316,25,30,10
37,7339,1.0007044494767082e-18,0.03999999292726675,0.0005202783623251834,0.9594797287104082,25,30,10
37,7340,1.0007043571663588e-18,0.03999999292726675,0.00014728921230904553,0.9598527178604244,25,30,10
37,7341,1.0007043571376823e-18,0.03999999292726675,0.00014720872261313872,0.9598527983501203,25,30,10
37,7342,1.0007043587436172e-18,0.03999999292726675,0.00014709284094535817,0.959852914231788,25,30,10
37,7343,1.000704360385004e-18,0.03999999292726675,0.0001536990829072946,0.9598463079898261,25,30,10
37,7344,1.000704359984017e-18,0.03999999292726675,0.00015369705853013663,0.9598463100142033,25,30,10
37,7345,1.0007043599842686e-18,0.03999999292726675,0.0001536957416537519,0.9598463113310796,25,30,10
37,7346,1.0007043820332808e-18,0.03999999292726675,0.00016030128282930035,0.959839705789904,25,30,10
37,7347,1.0007042888603799e-18,0.03999999292726675,0.00016030123993118943,0.9598397058328021,25,30,10
37,7348,1.0007042904949923e-18,0.03999999292726675,0.00016030124825192987,0.9598397058244814,25,30,10
37,7349,9.835051949011096e-19,0.03999999292726247,3.077777094928256e-05,0.9599692293017884,25,30,10
37,7350,9.834998846709673e-19,0.0399999929272624,2.6075130793518513e-05,0.9599739319419441,25,30,10
37,7351,9.834998846710931e-19,0.0399999929272624,2.6078576194492408e-05,0.9599739284965432,25,30,10
37,7352,9.834998830364893e-19,0.0399999929272624,2.608060046122693e-05,0.9599739264722764,25,30,10
37,7353,9.834998813952373e-19,0.0399999929272624,1.9476391506324052e-05,0.9599805306812315,25,30,10
37,7354,9.83499788251207e-19,0.0399999929272624,2.4097167978926033e-05,0.9599759099047589,25,30,10
37,7355,9.834997882509575e-19,0.0399999929272624,2.4095135398708618e-05,0.9599759119373391,25,30,10
37,7356,9.834997898563892e-19,0.0399999929272624,2.4095110632630134e-05,0.9599759119621051,25,30,10
37,7357,9.838024834564007e-19,0.03999999292726232,2.400786800685107e-05,0.959975999204731,25,30,10
37,7358,9.838024830521638e-19,0.03999999292726232,1.7404158039465075e-05,0.9599826029146983,25,30,10
37,7359,9.838024832658954e-19,0.03999999292726232,1.7375982922625584e-05,0.9599826310898152,25,30,10
37,7360,9.838077940923919e-19,0.03999999292726232,1.7374433226944346e-05,0.9599826326395108,25,30,10
37,7361,9.83807887264509e-19,0.03999999292726232,1.7407827607340062e-05,0.9599825992451304,25,30,10
37,7362,9.838079804158954e-19,0.03999999292726232,1.5786374306636966e-05,0.9599842206984311,25,30,10
37,7363,9.838080735887833e-19,0.03999999292726232,1.578641095265261e-05,0.959984220661785,25,30,10
37,7364,9.838132912676087e-19,0.03999999292726232,1.569899149070186e-05,0.9599843080812471,25,30,10
37,7365,9.835105958193277e-19,0.03999999292726232,1.5698729163467163e-05,0.9599843083435742,25,30,10
37,7366,9.83505284964156e-19,0.03999999292726232,1.5698245656591753e-05,0.9599843088270811,25,30,10
37,7367,9.835052866269425e-19,0.03999999292726232,1.558282730836398e-05,0.9599844242454293,25,30,10
37,7368,9.835052882328885e-19,0.03999999292726232,1.5581388732513043e-05,0.9599844256840052,25,30,10
37,7369,9.83505288232765e-19,0.03999999292726232,1.5579356144851126e-05,0.9599844277165929,25,30,10
37,7370,9.835052882040974e-19,0.03999999292726232,1.0876055921107606e-05,0.9599891310168167,25,30,10
37,7371,9.835052882327748e-19,0.03999999292726232,1.0876056538563533e-05,0.9599891310161991,25,30,10
37,7372,9.835052882322693e-19,0.03999999292726232,1.0876082511801886e-05,0.9599891309902259,25,30,10
37,7373,9.834999773879864e-19,0.03999999292726232,1.0847620317263784e-05,0.9599891594524205,25,30,10
37,7374,9.83499976979338e-19,0.03999999292726232,1.084761885469206e-05,0.9599891594538831,25,30,10
37,7375,9.835013745138024e-19,0.03999999292726661,1.2506660916085408e-05,0.9599875004118174,25,30,10
37,7376,9.835013961724028e-19,0.03999999292726661,1.2508710748779141e-05,0.9599874983619847,25,30,10
37,7377,9.83501374514543e-19,0.03999999292726661,1.2508473582802627e-05,0.9599874985991508,25,30,10
37,7378,9.834999536868554e-19,0.03999999292726232,1.0848346121693735e-05,0.9599891587266162,25,30,10
37,7379,9.834999536933961e-19,0.03999999292726232,6.145081343100403e-06,0.9599938619913947,25,30,10
37,7380,9.834999536657228e-19,0.03999999292726232,6.145089478316862e-06,0.9599938619832595,25,30,10
37,7381,9.87737921575809e-19,0.03999999292726232,4.6176387383058816e-06,0.9599953894339995,25,30,10
37,7382,9.877378516889012e-19,0.03999999292726232,4.732117384801556e-06,0.9599952749553531,25,30,10
37,7383,9.877378516954526e-19,0.03999999292726232,4.847333509493211e-06,0.9599951597392282,25,30,10
37,7384,9.877378516882835e-19,0.03999999292726232,4.731415737978591e-06,0.9599952756569998,25,30,10
37,7385,9.877378283951265e-19,0.03999999292726232,4.615489314309541e-06,0.9599953915834234,25,30,10
37,7386,9.877378283945376e-19,0.0399999903019582,4.618114618419085e-06,0.9599953915834234,25,30,10
37,7387,9.877378283729042e-19,0.0399999903019582,4.502197777706377e-06,0.9599955075002642,25,30,10
37,7388,9.877378533002642e-19,0.0399999903019582,6.0710522808394e-06,0.9599939386457611,25,30,10
37,7389,9.877378533289416e-19,0.0399999903019582,6.0710604110130425e-06,0.9599939386376307,25,30,10
37,7390,9.877378516942036e-19,0.0399999903019582,6.072594026329112e-06,0.9599939371040155,25,30,10
37,7391,9.880405691602303e-19,0.0399999903019582,6.188976925461895e-06,0.9599938207211164,25,30,10
37,7392,9.88040569166905e-19,0.0399999903019582,6.191010849751405e-06,0.9599938186871921,25,30,10
37,7393,9.880405446487077e-19,0.0399999903019582,4.6231293881504645e-06,0.9599953865686537,25,30,10
37,7394,9.877391544850972e-19,0.0399999903019582,4.589269503823107e-06,0.959995420428538,25,30,10
37,7395,9.87739156119695e-19,0.0399999903019582,4.6717930615700075e-06,0.9599953379049804,25,30,10
37,7396,9.877391561200746e-19,0.0399999903019582,4.669759478857016e-06,0.959995339938563,25,30,10
37,7397,9.877391328268511e-19,0.0399999903019582,4.667700441874162e-06,0.9599953419976001,25,30,10
37,7398,9.87739132855508e-19,0.0399999903019582,0.00037777276814436074,0.9596222369298973,25,30,10
37,7399,9.877390396831122e-19,0.0399999903019582,0.00037777276611284944,0.9596222369319289,25,30,10
37,7400,9.877377119725483e-19,0.0399999903019582,0.0003776902428820822,0.9596223194551596,25,30,10
37,7401,9.87737711965882e-19,0.0399999903019582,0.0003776882175569083,0.9596223214804849,25,30,10
37,7402,9.877377123673769e-19,0.0399999903019582,0.0003776888837530136,0.9596223208142888,25,30,10
37,7403,9.87737712360459e-19,0.0399999903019582,0.00037768891920735085,0.9596223207788346,25,30,10
37,7404,9.877377107545276e-19,0.0399999903019582,0.0003776063966985583,0.9596224033013432,25,30,10
37,7405,9.877377107546509e-19,0.0399999903019582,0.00037760639771822034,0.9596224033003236,25,30,10
37,7406,9.877377107904978e-19,0.0399999903019582,0.0003776078100334354,0.9596224018880083,25,30,10
37,7407,9.877378039592476e-19,0.0399999903019582,0.0003792292635051138,0.9596207804345367,25,30,10
37,7408,9.877378039520805e-19,0.0399999903019582,0.00037923021986470835,0.959620779478177,25,30,10
37,7409,9.877378039239244e-19,0.0399999903019582,6.125177116292154e-06,0.9599938845209255,25,30,10
37,7410,9.877378039527276e-19,0.0399999903019582,6.12518605702909e-06,0.9599938845119848,25,30,10
37,7411,9.877378039239267e-19,0.0399999903019582,6.1272103110908885e-06,0.9599938824877308,25,30,10
37,7412,9.877378272167066e-19,0.0399999903019582,6.243138452826866e-06,0.959993766559589,25,30,10
37,7413,9.87737828850692e-19,0.0399999903019582,6.243138744848458e-06,0.9599937665592969,25,30,10
37,7414,9.8773783048481e-19,0.0399999903019582,6.243136795513536e-06,0.9599937665612462,25,30,10
37,7415,9.877378288498181e-19,0.0399999903019582,6.241689490459176e-06,0.9599937680085513,25,30,10
37,7416,9.87737828715491e-19,0.03999999982773408,6.232163714609493e-06,0.9599937680085513,25,30,10
37,7417,9.877378271100484e-19,0.03999999982773408,6.260602634843568e-06,0.9599937395696311,25,30,10
37,7418,9.877431379721082e-19,0.03999999982773408,6.2611022297606386e-06,0.9599937390700362,25,30,10
37,7419,9.877431379660688e-19,0.03999999982773408,6.2610748541691115e-06,0.9599937390974119,25,30,10
37,7420,9.877432311102967e-19,0.03999999982773408,6.261346852428269e-06,0.9599937388254137,25,30,10
37,7421,9.877432310816302e-19,0.03999999982773408,6.2613468446151795e-06,0.9599937388254216,25,30,10
37,7422,9.877432294471438e-19,0.03999999982773408,6.259349051482622e-06,0.9599937408232146,25,30,10
37,7423,9.8774322778398e-19,0.03999999982773408,6.259350573927457e-06,0.9599937408216921,25,30,10
37,7424,9.877432281925073e-19,0.03999999982773408,6.261384206675845e-06,0.9599937387880594,25,30,10
37,7425,9.877432281639536e-19,0.03999999982773408,6.260638382013752e-06,0.959993739533884,25,30,10
37,7426,9.877432282203023e-19,0.03999999982773408,6.262077253262879e-06,0.9599937380950128,25,30,10
37,7427,9.877432286290784e-19,0.03999999982773408,6.302071298881707e-06,0.9599936981009671,25,30,10
37,7428,9.87743228628955e-19,0.03999999982773408,6.304033605036957e-06,0.9599936961386609,25,30,10
37,7429,9.880459469576273e-19,0.03999999982773408,6.30348482368973e-06,0.9599936966874424,25,30,10
37,7430,9.880459469504688e-19,0.03999999982773408,6.303519103998155e-06,0.9599936966531619,25,30,10
37,7431,9.880459469503345e-19,0.03999999982773408,6.265557657019479e-06,0.9599937346146089,25,30,10
37,7432,9.880459465488511e-19,0.03999999982773408,6.263559683728671e-06,0.9599937366125824,25,30,10
37,7433,9.837322091575624e-19,0.03999999982773408,6.225098057955871e-06,0.959993775074208,25,30,10
37,7434,9.837322169485791e-19,0.0399999930365511,6.231889240909186e-06,0.959993775074208,25,30,10
37,7435,9.834348090664856e-19,0.0399999930365511,6.2304502181851906e-06,0.9599937765132307,25,30,10
37,7436,9.834348086579496e-19,0.0399999930365511,6.230924950603812e-06,0.9599937760384983,25,30,10
37,7437,9.834348070305064e-19,0.0399999930365511,6.23026250580691e-06,0.9599937767009432,25,30,10
37,7438,9.83434807382182e-19,0.0399999930365511,6.2293499133929385e-06,0.9599937776135355,25,30,10
37,7439,9.834348069736547e-19,0.0399999930365511,6.343234042430709e-06,0.9599936637294065,25,30,10
37,7440,9.834401178179447e-19,0.0399999930365511,6.425722307416241e-06,0.9599935812411415,25,30,10
37,7441,9.834401178250057e-19,0.0399999930365511,6.309805767964531e-06,0.959993697157681,25,30,10
37,7442,9.834401174163527e-19,0.0399999930365511,6.310551660204258e-06,0.9599936964117889,25,30,10
37,7443,9.834400242542775e-19,0.0399999930365511,4.687676429018251e-06,0.9599953192870201,25,30,10
37,7444,9.834400242473773e-19,0.0399999930365511,4.687641061581237e-06,0.9599953193223876,25,30,10
37,7445,9.834400185390024e-19,0.039999447221225795,5.233456386912121e-06,0.9599953193223876,25,30,10
37,7446,9.834347076842735e-19,0.039999447221225795,5.233445599555656e-06,0.9599953193331748,25,30,10
37,7447,9.834347093117186e-19,0.039999447221225795,5.233445430023529e-06,0.9599953193333444,25,30,10
37,7448,9.834347097203617e-19,0.039999447221225795,5.349354465111222e-06,0.9599952034243092,25,30,10
37,7449,9.834347329849082e-19,0.039999447221225795,5.3223648353933796e-06,0.959995230413939,25,30,10
37,7450,9.834349180899504e-19,0.039999447221225795,0.000271656794652973,0.9597288959841215,25,30,10
37,7451,9.834349180969916e-19,0.039999447221225795,0.0002716568188201112,0.9597288959599544,25,30,10
37,7452,9.834349181041586e-19,0.039999447221225795,0.00027165881679346975,0.9597288939619811,25,30,10
37,7453,9.834349181260462e-19,0.039999447221225795,0.000271657266041932,0.9597288955127327,25,30,10
37,7454,9.834349181322182e-19,0.039999447221225795,0.0002716572926645138,0.9597288954861101,25,30,10
37,7455,9.834350113046217e-19,0.039999447221225795,0.00027165777494167156,0.9597288950038328,25,30,10
37,7456,9.834350113617094e-19,0.039999447221225795,0.00027165780046141614,0.959728894978313,25,30,10
37,7457,9.834349194300028e-19,0.039999447221225795,5.351852489742444e-06,0.9599952009262848,25,30,10
37,7458,9.834349193942818e-19,0.039999447221225795,5.350405560220782e-06,0.9599952023732145,25,30,10
37,7459,9.834349198023059e-19,0.039999447221225795,5.350440623163706e-06,0.9599952023381515,25,30,10
37,7460,9.834350129680355e-19,0.039999447221225795,5.350441672743075e-06,0.959995202337102,25,30,10
37,7461,9.83440230646896e-19,0.039999447221225795,5.37939061775935e-06,0.9599951733881568,25,30,10
37,7462,5.620644104303068e-18,0.039556148644049854,0.0004486779677936721,0.9599951733881568,25,30,10
37,7463,5.620644104303183e-18,0.039556148644049854,0.0004486780024113401,0.9599951733535391,25,30,10
37,7464,5.620644103894031e-18,0.039556148644049854,0.00044867950085551484,0.9599951718550949,25,30,10
37,7465,5.620644197026804e-18,0.039556148644049854,0.0004533823180135056,0.9599904690379369,25,30,10
37,7466,5.620644197055399e-18,0.039556148644049854,0.00045330685913152336,0.959990544496819,25,30,10
37,7467,5.6206441970620664e-18,0.039556148644049854,0.0004533068363892078,0.9599905445195611,25,30,10
37,7468,5.620644290227794e-18,0.039556148644049854,0.00045330827186429315,0.959990543084086,25,30,10
37,7469,5.62064429025645e-18,0.039556148644049854,0.00045558786401316394,0.9599882634919372,25,30,10
37,7470,5.620644360107411e-18,0.039556148644049854,0.0004556298935529865,0.9599882214623975,25,30,10
37,7471,5.620644360100737e-18,0.039556148644049854,0.0004556298583625136,0.9599882214975879,25,30,10
37,7472,5.620644359699253e-18,0.039556148644049854,0.00045562984764952727,0.9599882215083008,25,30,10
37,7473,5.620644336405546e-18,0.039556148644049854,0.00045562836464515394,0.9599882229913053,25,30,10
37,7474,5.620644243239951e-18,0.039556148644049854,0.00046223315867774097,0.9599816181972727,25,30,10
37,7475,5.620644150073794e-18,0.039556148644049854,0.0004622046778983374,0.9599816466780521,25,30,10
37,7476,5.620644150080469e-18,0.039556148644049854,0.00046220323033974587,0.9599816481256106,25,30,10
37,7477,5.62064415048182e-18,0.039556148644049854,0.00045559843569534323,0.959988252920255,25,30,10
37,7478,5.620638840046043e-18,0.039556148644049854,0.00045779550514430035,0.959986055850806,25,30,10
37,7479,5.620638840074344e-18,0.039556148644049854,0.0004578780280938661,0.9599859733278565,25,30,10
37,7480,5.62063884008152e-18,0.039556148644049854,0.0004579591038927268,0.9599858922520577,25,30,10
37,7481,5.6206387469093654e-18,0.039556148644049854,0.00045807451338913225,0.9599857768425614,25,30,10
37,7482,5.620638747346692e-18,0.039556148644049854,0.00045807452215696447,0.9599857768337934,25,30,10
37,7483,4.637214873600402e-18,0.039556148644049854,0.00045363349008495905,0.9599902178658652,25,30,10
37,7484,4.63721496636466e-18,0.039556148644049854,0.0004513539474953912,0.959992497408455,25,30,10
37,7485,4.637216293669748e-18,0.039556148644049854,0.0004513545690270105,0.9599924967869233,25,30,10
37,7486,4.63721629369842e-18,0.039556148644049854,0.00045605783402150464,0.9599877935219286,25,30,10
37,7487,4.6372162936913844e-18,0.039556148644049854,0.00045617370383609616,0.9599876776521142,25,30,10
37,7488,4.6372162005299445e-18,0.039556148644049854,0.00045147090268845197,0.9599923804532616,25,30,10
37,7489,4.637221511784092e-18,0.039556148644049854,0.00045154886748976835,0.9599923024884603,25,30,10
37,7490,4.637221418639996e-18,0.039556148644049854,0.0004515488528030438,0.9599923025031473,25,30,10
37,7491,4.6372200909267585e-18,0.039556148644049854,0.0004515468191504703,0.9599923045367998,25,30,10
37,7492,4.637220090920095e-18,0.039556148644049854,0.00045154684348136775,0.9599923045124689,25,30,10
37,7493,4.637220090926512e-18,0.039556148644049854,0.00045143295995947593,0.9599924183959908,25,30,10
37,7494,4.63722018409224e-18,0.039556148644049854,0.0004514343946412094,0.959992416961309,25,30,10
37,7495,4.637220184064191e-18,0.039556148644049854,0.0004513518950630541,0.9599924994608873,25,30,10
37,7496,4.637220184064066e-18,0.039556148644049854,0.00045123597833201184,0.9599926153776182,25,30,10
37,7497,4.63722018573401e-18,0.039556148644049854,0.00045123692680229055,0.9599926144291479,25,30,10
37,7498,4.6372201857272095e-18,0.039556148644049854,0.0004512389596015407,0.9599926123963485,25,30,10
37,7499,4.6372201861062395e-18,0.039556148644049854,0.000580762382111299,0.9598630889738388,25,30,10
37,7500,4.637225496932525e-18,0.039556148644049854,0.0005760611156816696,0.9598677902402685,25,30,10
37,7501,4.637225590069699e-18,0.039556148644049854,0.0005737840555169124,0.9598700673004333,25,30,10
37,7502,4.637225590068947e-18,0.039556148644049854,0.0005737840319607207,0.9598700673239895,25,30,10
37,7503,4.637220372429894e-18,0.039556148644049854,0.0005737820226025821,0.9598700693333475,25,30,10
37,7504,4.637220280898583e-18,0.039556148644049924,0.0005784853092220277,0.9598653660467283,25,30,10
37,7505,4.6372201877256885e-18,0.039556148644049924,0.0005784838847970219,0.9598653674711531,25,30,10
37,7506,4.637214876892294e-18,0.039556148644049924,0.0005784813775763824,0.9598653699783738,25,30,10
37,7507,4.637214875257675e-18,0.039556148644049924,0.0005784813519549516,0.9598653700039954,25,30,10
37,7508,4.637214875665823e-18,0.039556148644049924,0.0005784827745535392,0.9598653685813967,25,30,10
37,7509,4.637214877300422e-18,0.039556148644049924,0.0005785987167765944,0.9598652526391735,25,30,10
37,7510,1.1003507527056228e-23,0.03999944733932332,0.00013530002150322242,0.9598652526391735,25,30,10
37,7511,1.6314118610259077e-23,0.039999447339323396,0.000136922932496864,0.9598636297281798,25,30,10
37,7512,1.6314527262101147e-23,0.039999447339323396,0.00013703881523398042,0.9598635138454428,25,30,10
37,7513,1.1004091316452915e-23,0.039999447339323396,0.00013700959447871962,0.9598635430661981,25,30,10
37,7514,1.1003682181282467e-23,0.039999447339323396,0.00013689367713229313,0.9598636589835443,25,30,10
37,7515,1.100327403133379e-23,0.039999447339323396,0.00013689442283053483,0.9598636582378463,25,30,10
37,7516,1.62209563128962e-23,0.039999447339323396,0.0001368929243839146,0.9598636597362927,25,30,10
37,7517,1.090970265062411e-23,0.039999447339323396,0.00013681499481069627,0.959863737665866,25,30,10
37,7518,1.0934221755693235e-23,0.039999447339323396,0.00013692948174368318,0.9598636231789329,25,30,10
37,7519,1.0934286279703861e-23,0.039999447339323396,0.0001369294908340189,0.9598636231698425,25,30,10
37,7520,1.0934292945902025e-23,0.039999447339323396,0.00013692952650162237,0.9598636231341751,25,30,10
37,7521,3.1953696454142787e-15,0.039999447339323396,0.00013855403727588744,0.9598619986233975,25,30,10
37,7522,3.1953696455090217e-15,0.039999447339323396,0.00013855597508041678,0.9598619966855931,25,30,10
37,7523,3.1953696454142216e-15,0.039999447339323396,0.00013866994553051804,0.9598618827151428,25,30,10
37,7524,1.0934236579637399e-23,0.039999447339323396,0.00013704688209176236,0.9598635057785849,25,30,10
37,7525,1.0932289535135216e-23,0.039999999991174026,0.00013649423024110935,0.9598635057785849,25,30,10
37,7526,1.0932289541910037e-23,0.039999999991174026,0.00013649364375998237,0.959863506365066,25,30,10
37,7527,1.0932640837989955e-23,0.039999999991174026,0.0001364936892671317,0.9598635063195589,25,30,10
37,7528,1.083942505766908e-23,0.039999999991174026,0.00013649366501926327,0.9598635063438067,25,30,10
37,7529,1.083946077222685e-23,0.039999999991174026,0.00014119493275911978,0.9598588050760669,25,30,10
37,7530,6.856312297357802e-24,0.039999999991174026,0.00014122288251485035,0.9598587771263112,25,30,10
37,7531,6.856305824101265e-24,0.03999999999117396,0.00013652104261029506,0.9598634789662158,25,30,10
37,7532,6.76476741760894e-24,0.03999999999117396,0.00013651857044440989,0.9598634814383817,25,30,10
37,7533,6.76516888387052e-24,0.03999999999117396,0.00013643674898611578,0.95986356325984,25,30,10
37,7534,6.763534152933424e-24,0.03999999999117396,0.00013632080614806543,0.9598636792026782,25,30,10
37,7535,6.763526498144964e-24,0.03999999999117396,0.00013620488880683007,0.9598637951200195,25,30,10
37,7536,1.5460596363630092e-24,0.03999999999117388,0.00013458198806483556,0.9598654180207614,25,30,10
37,7537,1.4528873665406517e-24,0.03999999999117388,0.00013458245194150284,0.9598654175568849,25,30,10
37,7538,1.45326784543106e-24,0.03999999999117388,0.00013458114687216687,0.9598654188619542,25,30,10
37,7539,1.453267723911404e-24,0.03999999999117388,0.00013458134839521848,0.9598654186604311,25,30,10
37,7540,1.4536691988300927e-24,0.03999999999117388,0.00013458060228701613,0.9598654194065392,25,30,10
37,7541,1.4536620405139625e-24,0.03999999999117388,0.0001345805432489319,0.9598654194655772,25,30,10
37,7542,1.4532535221707397e-24,0.03999999999117388,0.0001345804725544829,0.9598654195362717,25,30,10
37,7543,2.7809937596969167e-24,0.03999999999117388,0.00013466298403686644,0.9598653370247894,25,30,10
37,7544,2.7806137838565434e-24,0.03999999999117388,0.00013466230776738912,0.9598653377010588,25,30,10
37,7545,2.7809865943768226e-24,0.03999999999117388,0.00012995900806263394,0.9598700410007637,25,30,10
37,7546,2.7797606373298764e-24,0.03999999999117388,0.00012996101631544135,0.9598700389925108,25,30,10
37,7547,2.7789428301949738e-24,0.03999999999117388,0.0001299602796024129,0.9598700397292238,25,30,10
37,7548,8.079527828028707e-24,0.03999999999117396,0.0003816477263478616,0.9596183522824782,25,30,10
37,7549,8.079126722986123e-24,0.03999999999117396,0.00038153325571774763,0.9596184667531084,25,30,10
37,7550,8.079119176302775e-24,0.03999999999117396,0.0003815318331274412,0.9596184681756987,25,30,10
37,7551,1.3389973718817346e-23,0.03999999999117396,0.0003815332462980256,0.9596184667625282,25,30,10
37,7552,1.3389974345278505e-23,0.03999999999117396,0.00038813948829255094,0.9596118605205335,25,30,10
37,7553,1.3390003022569774e-23,0.03999999999117396,0.00038813950533860393,0.9596118605034876,25,30,10
37,7554,1.3413296247276747e-23,0.03999999999117396,0.0003881395163803505,0.9596118604924457,25,30,10
37,7555,1.4739263307261172e-23,0.03999999999117396,0.0003925810786113359,0.9596074189302147,25,30,10
37,7556,1.4832435636853655e-23,0.03999999999117396,0.00039260751850289476,0.9596073924903231,25,30,10
37,7557,1.4832027929447223e-23,0.03999999999117396,0.0002630855076548072,0.9597369145011713,25,30,10
37,7558,1.492479198307385e-23,0.03999999999117396,0.0002631680295563048,0.9597368319792697,25,30,10
37,7559,1.4924791991590646e-23,0.03999999999117396,0.0002632839471204415,0.9597367160617057,25,30,10
37,7560,1.4924791987218768e-23,0.03999999999117396,0.00026328327085412483,0.9597367167379719,25,30,10
37,7561,1.4924383963012305e-23,0.03999999999117396,0.00026328306888243996,0.9597367169399437,25,30,10
37,7562,1.494726733078584e-23,0.03999999999117396,0.00026556059361573596,0.9597344394152103,25,30,10
37,7563,1.4947266712967187e-23,0.03999999999117396,0.0002655600936934067,0.9597344399151327,25,30,10
37,7564,1.49239818681211e-23,0.03999999999117396,0.0002632819480403083,0.9597367180607859,25,30,10
37,7565,9.625031347944643e-24,0.03999999999117388,1.1594510485274548e-05,0.9599884054983405,25,30,10
37,7566,9.627074611028794e-24,0.03999999999117388,1.1479303127000014e-05,0.9599885207056988,25,30,10
37,7567,9.650339661473488e-24,0.03999999999117388,1.1479322154022329e-05,0.959988520686672,25,30,10
37,7568,9.771134058413217e-24,0.03999944713115087,1.203218217705431e-05,0.959988520686672,25,30,10
37,7569,9.769492408038174e-24,0.03999944713115087,1.6734034851097386e-05,0.9599838188339979,25,30,10
37,7570,9.676319571469466e-24,0.03999944713115087,1.6651510875565142e-05,0.9599839013579735,25,30,10
37,7571,9.677954190097226e-24,0.03999944713115087,1.6652948383243996e-05,0.9599838999204658,25,30,10
37,7572,9.677925883406276e-24,0.03999944713115087,1.6652931455296637e-05,0.9599838999373937,25,30,10
37,7573,9.677918833370236e-24,0.03999944713115087,1.6651518733552356e-05,0.9599839013501156,25,30,10
37,7574,4.32332670837794e-21,0.03999944713115087,1.662494809063712e-05,0.9599839279207586,25,30,10
37,7575,4.3233034155326164e-21,0.03999944713115087,1.662494776168696e-05,0.9599839279210874,25,30,10
37,7576,4.323278487776548e-21,0.03999944713115087,1.650904850261182e-05,0.9599840438203465,25,30,10
37,7577,4.323278515950956e-21,0.03999944713115087,1.6510495723746492e-05,0.9599840423731253,25,30,10
37,7578,4.323303443759797e-21,0.03999944713115087,1.6538020724177074e-05,0.9599840148481249,25,30,10
37,7579,4.3232119343393436e-21,0.03999944713115087,1.6538046180511946e-05,0.9599840148226687,25,30,10
37,7580,4.323211912700226e-21,0.03999944713115087,1.1834771525855372e-05,0.9599887180973233,25,30,10
37,7581,4.3232119131945474e-21,0.03999944713115087,1.1950653639104897e-05,0.9599886022152101,25,30,10
37,7582,4.32321232233881e-21,0.03999944713115087,1.2033176998634484e-05,0.9599885196918505,25,30,10
37,7583,4.323187395015469e-21,0.03999944713115087,1.2005652317696803e-05,0.9599885472165315,25,30,10
37,7584,4.3231857322345915e-21,0.03999944713115087,1.1923103899031064e-05,0.9599886297649501,25,30,10
37,7585,4.321858130573438e-21,0.03999944713115087,7.480568018073162e-06,0.9599930723008311,25,30,10
37,7586,4.3218573132561774e-21,0.03999944713115087,7.5950483845570185e-06,0.9599929578204646,25,30,10
37,7587,4.3217462591989855e-21,0.03999960638356842,7.435795966983794e-06,0.9599929578204646,25,30,10
37,7588,4.397425871861103e-21,0.03999960638356842,7.475135828732947e-06,0.9599929184806029,25,30,10
37,7589,4.321746660817144e-21,0.03999960638356842,7.436471629182678e-06,0.9599929571448024,25,30,10
37,7590,4.321839833718271e-21,0.03999960638356842,8.302540631991452e-07,0.9599995633623685,25,30,10
37,7591,8.190829264463026e-24,0.03999960638356842,9.312402055217374e-05,0.9599072695958795,25,30,10
37,7592,8.099505962006825e-24,0.03999960638356842,8.283853372781015e-07,0.9599995652310944,25,30,10
37,7593,8.122798665103121e-24,0.03999960638356842,8.568584241779122e-07,0.9599995367580075,25,30,10
37,7594,8.120755397647185e-24,0.03999960638356842,8.561484401462862e-07,0.9599995374679915,25,30,10
37,7595,8.380043923534184e-23,0.03999960638356842,8.561847349052497e-07,0.9599995374316969,25,30,10
37,7596,8.379069825457782e-23,0.03999999987586385,4.626924394775719e-07,0.9599995374316969,25,30,10
37,7597,8.388385265995641e-23,0.03999999987586385,5.164545336337952e-06,0.9599948355787998,25,30,10
37,7598,8.264931168870553e-23,0.03999999987586385,5.136085988903891e-06,0.9599948640381473,25,30,10
37,7599,8.255613866202148e-23,0.03999999987586385,5.136086511325189e-06,0.9599948640376249,25,30,10
37,7600,8.253284595687065e-23,0.03999999987586385,5.1090605731578894e-06,0.9599948910635631,25,30,10
37,7601,8.386055540565995e-23,0.039999999875863924,5.225441875296352e-06,0.9599947746822609,25,30,10
37,7602,8.386096406971631e-23,0.039999999875863924,5.225441648348742e-06,0.9599947746824878,25,30,10
37,7603,8.386137259685205e-23,0.039999999875863924,5.224003878437212e-06,0.9599947761202575,25,30,10
37,7604,7.855056056019341e-23,0.039999999875863924,1.1828797475754657e-05,0.9599881713266604,25,30,10
37,7605,8.386141522402019e-23,0.039999999875863924,1.1830255683481366e-05,0.9599881698684524,25,30,10
37,7606,8.386059855797019e-23,0.039999999875863924,1.171574992696448e-05,0.959988284374209,25,30,10
37,7607,8.917145322498907e-23,0.039999999875863924,1.1600344411617153e-05,0.9599883997797244,25,30,10
37,7608,8.917104406969747e-23,0.039999999875863924,1.1517820839423605e-05,0.9599884823032967,25,30,10
37,7609,8.919433729524663e-23,0.039999999875863924,1.1519866790159206e-05,0.9599884802573458,25,30,10
37,7610,8.919597856883418e-23,0.039999999875863924,1.1635784677246437e-05,0.9599883643394588,25,30,10
37,7611,8.921924311379212e-23,0.039999999875863924,1.1634350057629955e-05,0.9599883657740784,25,30,10
37,7612,8.919597869359369e-23,0.039999999875863924,1.163231684625148e-05,0.9599883678072899,25,30,10
37,7613,8.919761996824566e-23,0.03999999987586393,1.1672336573735184e-05,0.9599883277875624,25,30,10
37,7614,8.919557670292182e-23,0.03999999987586393,1.1672352376214536e-05,0.9599883277717599,25,30,10
37,7615,8.919557658364747e-23,0.03999999987586393,1.1672317143683734e-05,0.9599883278069926,25,30,10
37,7616,8.919397065039399e-23,0.039999999875863924,1.1634339052358301e-05,0.9599883657850838,25,30,10
37,7617,8.919397065803836e-23,0.039999999875863924,1.1636359778838191e-05,0.9599883637643575,25,30,10
37,7618,1.351429448963767e-23,0.039999999875863924,1.633817636861134e-05,0.9599836619477676,25,30,10
37,7619,1.3620578876847565e-23,0.03828153286529083,0.001734805186941706,0.9599836619477676,25,30,10
37,7620,8.311766975067972e-24,0.03828153286529083,0.0017348062365044254,0.9599836608982047,25,30,10
37,7621,8.335024353166892e-24,0.03828153286529083,0.0017348042385410072,0.9599836628961682,25,30,10
37,7622,1.364587580838326e-23,0.03828153286529083,0.001734832699027189,0.9599836344356821,25,30,10
37,7623,1.3717390094616622e-23,0.03828153286529083,0.0017348336369957678,0.9599836334977135,25,30,10
37,7624,1.371698130935123e-23,0.03828153286529083,0.0017348329709861343,0.9599836341637231,25,30,10
37,7625,1.3624227892875643e-23,0.03828153286529083,0.0017301696658448776,0.9599882974688644,25,30,10
37,7626,1.3602597456835626e-23,0.03828153286529083,0.001730171069633783,0.9599882960650755,25,30,10
37,7627,1.3504142392025004e-23,0.03999999744750075,1.1706487423866798e-05,0.9599882960650755,25,30,10
37,7628,8.286459926375879e-24,0.03999999744750075,1.1788499347917627e-05,0.9599882140531514,25,30,10
37,7629,8.28645991785633e-24,0.03999999744750075,1.17884993373183e-05,0.959988214053162,25,30,10
37,7630,8.286869069291065e-24,0.03999999744750075,1.1790533199636213e-05,0.9599882120192997,25,30,10
37,7631,3.0691617040666943e-24,0.03999999744750075,1.1763508373789777e-05,0.9599882390441256,25,30,10
37,7632,2.9768061211155627e-24,0.03999999744750075,1.1877990102329932e-05,0.959988124562397,25,30,10
37,7633,2.976806112292424e-24,0.03999999744750075,1.1877964721387028e-05,0.9599881245877779,25,30,10
37,7634,3.0699784937829572e-24,0.03999999744750075,1.1878938371485738e-05,0.9599881236141279,25,30,10
37,7635,2.9755796359503555e-24,0.03999999744750075,1.1877991852035908e-05,0.9599881245606473,25,30,10
37,7636,1.1716487017830037e-18,0.03997757614523655,3.4299294116208694e-05,0.9599881245606473,25,30,10
37,7637,1.1716487017826281e-18,0.03997757614523655,3.4297847173007446e-05,0.9599881260075905,25,30,10
37,7638,1.1716487017469142e-18,0.03997757614523655,2.7693638996443477e-05,0.9599947302157671,25,30,10
37,7639,1.1716487250328448e-18,0.03997757614523655,2.769367405255836e-05,0.9599947301807109,25,30,10
37,7640,1.1716487246248138e-18,0.03997757614523655,2.7617739022800553e-05,0.9599948061157407,25,30,10
37,7641,1.1716487242166723e-18,0.03997757614523655,2.7617754852636622e-05,0.959994806099911,25,30,10
37,7642,1.1716540350558818e-18,0.03997757614523655,2.7732225456664912e-05,0.959994691629307,25,30,10
37,7643,1.1717294765938594e-18,0.03997757614523655,0.00015295571418062306,0.9598694681405828,25,30,10
37,7644,1.1717294782285887e-18,0.03997757614523655,0.0001529557748044547,0.9598694680799591,25,30,10
37,7645,1.1717294765724664e-18,0.03997757614523655,0.00015295436226688523,0.9598694694924965,25,30,10
37,7646,1.1717294749306983e-18,0.03997757614523655,0.00015283841942878037,0.9598695854353346,25,30,10
37,7647,1.171729568110266e-18,0.03997757614523655,0.0001528384114449973,0.9598695854433185,25,30,10
37,7648,1.1717294753464573e-18,0.03997757614523655,0.00015944462783507325,0.9598629792269284,25,30,10
37,7649,1.1717294753751413e-18,0.03997757614523655,0.0001594460756019395,0.9598629777791615,25,30,10
37,7650,1.1717294750023437e-18,0.03997757614523655,0.00015944655153844647,0.9598629773032249,25,30,10
37,7651,1.1717294749664883e-18,0.03997757614523655,0.0001594460397191893,0.9598629778150441,25,30,10
37,7652,1.1717281705497578e-18,0.039977576145236476,0.0001593316561094788,0.959863092198654,25,30,10
37,7653,1.1716527274130149e-18,0.039977576145236476,3.4108170923572624e-05,0.9599883156838399,25,30,10
37,7654,1.1716514229946645e-18,0.039977576145236476,3.4028180366871144e-05,0.9599883956743966,25,30,10
37,7655,1.1716515157582842e-18,0.039977576145236476,3.398824633494983e-05,0.9599884356084286,25,30,10
37,7656,1.1716515157582861e-18,0.039977576145236476,3.3988246949765345e-05,0.9599884356078137,25,30,10
37,7657,1.1716514940996768e-18,0.039977576145236476,3.398824680065212e-05,0.9599884356079629,25,30,10
37,7658,1.1716514941203143e-18,0.039977576145236476,2.9284955517562432e-05,0.959993138899246,25,30,10
37,7659,1.1716515872935236e-18,0.039977576145236476,2.9367487453752576e-05,0.9599930563673097,25,30,10
37,7660,1.1716515872863565e-18,0.039977576145236476,2.9367452213643063e-05,0.9599930564025497,25,30,10
37,7661,1.1716516105800606e-18,0.039977576145236476,2.940741186501711e-05,0.9599930164428985,25,30,10
37,7662,1.1716462997407209e-18,0.039977576145236476,2.929152914603792e-05,0.9599931323256174,25,30,10
37,7663,1.1716462997340481e-18,0.039977576145236476,2.929149224911703e-05,0.9599931323625144,25,30,10
37,7664,1.1716463009596907e-18,0.039977576145236476,2.2801193092563834e-05,0.959999622661671,25,30,10
37,7665,1.1716463009306338e-18,0.039977576145236476,2.2801193348782423e-05,0.9599996226614148,25,30,10
37,7666,1.1716463242310379e-18,0.039977576145236476,2.2800422296120258e-05,0.9599996234324675,25,30,10
37,7667,1.188901234001614e-18,0.039977576145236476,2.2842963367515795e-05,0.9599995808913961,25,30,10
37,7668,1.1889065432226177e-18,0.039977576145236476,2.2842928758247937e-05,0.9599995809260052,25,30,10
37,7669,1.188906543222624e-18,0.039977576145236476,2.2842928328082225e-05,0.9599995809264353,25,30,10
37,7670,1.1932201297261413e-18,0.039977576145236476,2.5150260088641096e-05,0.9599972735946749,25,30,10
37,7671,1.1932201080675278e-18,0.039977576145236476,2.514963916627719e-05,0.9599972742155972,25,30,10
37,7672,1.1932201080675345e-18,0.039977576145236476,2.514963916311461e-05,0.9599972742156004,25,30,10
37,7673,1.1932200847743132e-18,0.039977576145236476,2.5147630465832452e-05,0.9599972762242978,25,30,10
37,7674,1.1932199916304096e-18,0.039977576145236476,2.5065597827989405e-05,0.9599973582569357,25,30,10
37,7675,1.1932198984574998e-18,0.039977576145236476,2.5065581253926428e-05,0.9599973582735096,25,30,10
37,7676,1.1932198964500812e-18,0.039977576145236476,2.506509048879186e-05,0.9599973587642748,25,30,10
37,7677,1.1932252072899242e-18,0.039977576145236476,2.518100825610036e-05,0.9599972428465073,25,30,10
37,7678,1.193225207261121e-18,0.039977576145236476,2.518099931536309e-05,0.9599972428554482,25,30,10
37,7679,1.1932252072330725e-18,0.039977576145236476,2.518032457076328e-05,0.9599972435301929,25,30,10
37,7680,1.1932252088385129e-18,0.039977576145236476,2.5180360035292527e-05,0.9599972434947283,25,30,10
37,7681,2.1605236700837375e-20,0.039992263463804315,1.0493041467442238e-05,0.9599972434947283,25,30,10
37,7682,4.350303636563384e-21,0.039992263463804315,1.0410505700133882e-05,0.9599973260304957,25,30,10
37,7683,4.350210464485549e-21,0.039992263463804315,1.0329429903264096e-05,0.9599974071062926,25,30,10
37,7684,4.3502088585573606e-21,0.039992263463804315,1.0327447035744163e-05,0.95999740908916,25,30,10
37,7685,4.3502088877316235e-21,0.039992263463804315,1.0288161919691717e-05,0.959997448374276,25,30,10
37,7686,4.35153481081326e-21,0.039992263463804315,1.4990014419195268e-05,0.9599927465217764,25,30,10
37,7687,4.356845665772293e-21,0.039992263463804315,1.4992048505129085e-05,0.9599927444876905,25,30,10
37,7688,4.356845665401579e-21,0.039992263463804315,1.4994046479321091e-05,0.9599927424897163,25,30,10
37,7689,4.356845263917902e-21,0.039992263463804315,1.5107930189045362e-05,0.9599926286060068,25,30,10
37,7690,4.3568452639353575e-21,0.039992263463804315,1.5107931061142251e-05,0.9599926286051347,25,30,10
37,7691,4.356844826110799e-21,0.039992263463804315,1.5107220798113492e-05,0.9599926293153977,25,30,10
37,7692,4.356937998680831e-21,0.039992263463804315,1.5187711170042639e-05,0.9599925488250258,25,30,10
37,7693,4.356936363942968e-21,0.039992263463804315,1.5187176414657556e-05,0.9599925493597813,25,30,10
37,7694,4.356936356782465e-21,0.039992263463804315,1.5071259499192608e-05,0.9599926652766968,25,30,10
37,7695,4.356936335267795e-21,0.039992263463804315,1.5071209954251828e-05,0.9599926653262416,25,30,10
37,7696,4.356916691365396e-21,0.039992263463804315,1.5124175431985587e-05,0.9599926123607639,25,30,10
37,7697,9.878834380116272e-19,0.03999226346380432,1.5180351274614743e-05,0.9599925561849214,25,30,10
37,7698,9.878834384202693e-19,0.03999226346380432,1.5180412179931832e-05,0.959992556124016,25,30,10
37,7699,9.878834617412161e-19,0.03999226346380861,1.6804014509615857e-05,0.9599909325216821,25,30,10
37,7700,9.87883554906942e-19,0.03999226346380861,1.680546146376646e-05,0.9599909310747279,25,30,10
37,7701,9.87878244074765e-19,0.03999226346380861,1.668954414059538e-05,0.9599910469920511,25,30,10
37,7702,9.878782440747473e-19,0.03999226346380861,1.6689543271606533e-05,0.95999104699292,25,30,10
37,7703,9.878782207705684e-19,0.03999226346380861,1.8311742392461204e-05,0.9599894247937992,25,30,10
37,7704,9.878777653608103e-19,0.03997758578448539,3.298942171572575e-05,0.9599894247937992,25,30,10
37,7705,9.878777653608103e-19,0.03997758578448539,3.298942067665653e-05,0.9599894247948383,25,30,10
37,7706,9.878777653894965e-19,0.03997758578448539,3.2989471453923276e-05,0.9599894247440609,25,30,10
37,7707,9.921915036409021e-19,0.03997758578448539,3.302950210331061e-05,0.9599893847134117,25,30,10
37,7708,9.921915036410302e-19,0.03997758578448539,3.303020375391872e-05,0.9599893840117609,25,30,10
37,7709,9.921914108805623e-19,0.03997758578448539,3.140800462523638e-05,0.9599910062108896,25,30,10
37,7710,9.921661043947496e-19,0.039999999995650494,8.993793460129525e-06,0.9599910062108896,25,30,10
37,7711,9.921661276879653e-19,0.039999999995650494,8.993831342183049e-06,0.9599910061730076,25,30,10
37,7712,9.878523894305202e-19,0.039999999995650494,8.954298981324386e-06,0.9599910457053684,25,30,10
37,7713,9.878523898385444e-19,0.039999999995650494,8.955858491110325e-06,0.9599910441458586,25,30,10
37,7714,9.878522966657746e-19,0.039999999995650494,8.954411321187701e-06,0.9599910455930286,25,30,10
37,7715,9.881549920947693e-19,0.039999999995650494,8.957854525827454e-06,0.959991042149824,25,30,10
37,7716,9.881549920876e-19,0.039999999995650494,8.957878861220752e-06,0.9599910421254886,25,30,10
37,7717,9.881497061892722e-19,0.039999999995650494,8.955870972855588e-06,0.959991044133377,25,30,10
37,7718,9.881497064968303e-19,0.03999986424487453,9.09162174880329e-06,0.959991044133377,25,30,10
37,7719,9.881497064973336e-19,0.03999986424487453,9.093068473162125e-06,0.9599910426866526,25,30,10
37,7720,4.617874321332655e-21,0.03999986424487453,9.036866616023742e-06,0.9599910988885099,25,30,10
37,7721,4.617873912311103e-21,0.03999986424487453,9.03684122235502e-06,0.9599910989139034,25,30,10
37,7722,4.617870234438773e-21,0.03999986424487453,8.981378186911941e-06,0.959991154376939,25,30,10
37,7723,4.617777068901438e-21,0.03999986424487453,8.900887819065259e-06,0.9599912348673069,25,30,10
37,7724,4.617777040340947e-21,0.03999986424487453,8.899440667146894e-06,0.9599912363144587,25,30,10
37,7725,4.617685906492637e-21,0.03999986424487461,0.00010119504968416327,0.9598989407054416,25,30,10
37,7726,4.6177075654857006e-21,0.03999986424487461,0.00010108163960262553,0.959899054115523,25,30,10
37,7727,4.619035060012855e-21,0.03999986424487461,0.00010768788223941352,0.9598924478728861,25,30,10
37,7728,4.619035088564327e-21,0.03999986424487461,0.00010768794247510982,0.9598924478126505,25,30,10
37,7729,4.6190346799199436e-21,0.03999986424487461,0.00010768724080603424,0.9598924485143197,25,30,10
37,7730,4.619036315024222e-21,0.03999986424487461,0.00010768868858147918,0.9598924470665441,25,30,10
37,7731,4.619036286338184e-21,0.03999986424487461,0.00010768863780110441,0.9598924471173246,25,30,10
37,7732,4.6191294308683696e-21,0.03999986424487461,0.00010777110075048228,0.9598923646543751,25,30,10
37,7733,4.316503888623942e-21,0.03999986424487461,0.00010780763978009977,0.9598923281153455,25,30,10
37,7734,4.316527181713379e-21,0.03999986424487461,0.00010780705454287578,0.9598923287005827,25,30,10
37,7735,4.316528816323232e-21,0.03999986424487461,0.00010780908818325323,0.9598923266669422,25,30,10
37,7736,4.39218518379055e-21,0.03999986424487461,0.00010781160705271849,0.9598923241480728,25,30,10
37,7737,4.3908576897575296e-21,0.03999986424487461,0.00010120536517095384,0.9598989303899544,25,30,10
37,7738,4.390950855555215e-21,0.03999986424487461,0.00010123180526030757,0.9598989039498652,25,30,10
37,7739,4.390949220962858e-21,0.03999986424487461,0.00010122977993810789,0.9598989059751873,25,30,10
37,7740,4.390949220468573e-21,0.03999986424487461,0.00010123036518631355,0.9598989053899394,25,30,10
37,7741,4.389621662783598e-21,0.03999986424487461,9.652709995404394e-05,0.9599036086551714,25,30,10
37,7742,4.389621662297985e-21,0.03999986424487461,9.652707499803218e-05,0.9599036086801275,25,30,10
37,7743,4.389621654502104e-21,0.03999986424487461,9.652570778324993e-05,0.9599036100473423,25,30,10
37,7744,4.3140335037302044e-21,0.03999986424487461,9.660568600503525e-05,0.9599035300691204,25,30,10
37,7745,4.31403350435023e-21,0.03999986424487461,9.66056861587011e-05,0.9599035300689668,25,30,10
37,7746,4.314033511391636e-21,0.03999986424487461,9.660502017117825e-05,0.9599035307349543,25,30,10
37,7747,4.313940338058423e-21,0.03999986424487461,9.65224968824136e-05,0.9599036132582431,25,30,10
37,7748,4.31394033101481e-21,0.03999986424487461,9.652249731641801e-05,0.9599036132578092,25,30,10
37,7749,2.1529091129952675e-20,0.03999986424487461,0.00018878666483625422,0.9598113490902892,25,30,10
37,7750,2.152908990399239e-20,0.03999986424487461,0.00018890110989641125,0.9598112346452291,25,30,10
37,7751,2.1529068653531225e-20,0.03999986424487461,0.0001889011098644154,0.9598112346452611,25,30,10
37,7752,2.1530394324574625e-20,0.03999986424487453,9.672136991178208e-05,0.9599034143852139,25,30,10
37,7753,2.1534376845257748e-20,0.03999986424487453,0.00010130877014125242,0.9598988269849843,25,30,10
37,7754,2.1534376845134176e-20,0.03999986424487453,0.00010130873508908998,0.9598988270200366,25,30,10
37,7755,2.153440013451835e-20,0.03999986424487454,0.00010791497762509898,0.9598922207775005,25,30,10
37,7756,2.1534398119939423e-20,0.03999986424487453,0.00010791246985514498,0.9598922232852707,25,30,10
37,7757,2.1534398520236812e-20,0.03999986424487453,0.00011449023856362893,0.959885645516562,25,30,10
37,7758,2.1534398520236812e-20,0.03999986424487453,0.00011449023856362893,0.959885645516562,25,30,10
37,7759,2.1534398548788444e-20,0.03999986424487453,0.00011449020333493036,0.9598856455517907,25,30,10
37,7760,2.1837117081708298e-20,0.03999986424487453,0.00011451870336601272,0.9598856170517596,25,30,10
37,7761,2.1534491721669792e-20,0.03999986424487453,0.00011449023900954482,0.959885645516116,25,30,10
37,7762,2.1534491320194793e-20,0.03999986424487453,0.00011449087961950257,0.9598856448755062,25,30,10
37,7763,1.7226215671725715e-20,0.03999986424487453,0.00011218404709509038,0.9598879517080305,25,30,10
37,7764,1.7231526518100776e-20,0.03999986424487461,0.0001123009413199135,0.9598878348138057,25,30,10
37,7765,1.723152651861256e-20,0.03999986424487461,0.00011230095008323954,0.9598878348050424,25,30,10
37,7766,1.7231433345722574e-20,0.03999986424487461,0.00011230090629556551,0.95988783484883,25,30,10
37,7767,1.723152651811569e-20,0.03999986424487461,0.00011230149230731953,0.9598878342628181,25,30,10
37,7768,1.7231526926767724e-20,0.03999986424487461,0.00011241740967825798,0.9598877183454474,25,30,10
37,7769,1.7231433754374608e-20,0.03999986424487461,0.00011241587540977214,0.9598877198797158,25,30,10
37,7770,1.7231433762601822e-20,0.03999986424487453,0.00011229997936148383,0.9598878357757641,25,30,10
37,7771,1.723136348252289e-20,0.03999986424487453,0.00010577626070111238,0.9598943594944245,25,30,10
37,7772,1.7231363102424635e-20,0.03999986424487453,0.00010574286627657496,0.9598943928888491,25,30,10
37,7773,1.723136310957633e-20,0.03999986424487453,0.00010574490009651045,0.959894390855029,25,30,10
37,7774,1.7231363109708885e-20,0.03999986424487453,0.00010574356750219763,0.9598943921876235,25,30,10
37,7775,1.7226077806775102e-20,0.03999986424487453,0.00010104096419248843,0.9598990947909332,25,30,10
37,7776,1.722607777809123e-20,0.03999986424487453,0.0001010409744595685,0.959899094780666,25,30,10
37,7777,1.7226054488715727e-20,0.03999986424487453,9.44347325383205e-05,0.9599057010225874,25,30,10
37,7778,1.7231365343673713e-20,0.03999986424487453,9.443679114221846e-05,0.9599056989639837,25,30,10
37,7779,1.7231365371724284e-20,0.03999986424487453,9.443632772670236e-05,0.9599056994273991,25,30,10
37,7780,1.723136537184805e-20,0.03999986424487453,9.44363279146944e-05,0.9599056994272109,25,30,10
37,7781,1.723136537900858e-20,0.03999986424487453,9.443633978688355e-05,0.9599056994153389,25,30,10
37,7782,1.612142877311814e-23,0.03999986424487453,2.1321875367757176e-06,0.959998003567589,25,30,10
37,7783,1.6098114989178275e-23,0.039999864244870245,5.086202649792411e-07,0.9599996271348651,25,30,10
37,7784,1.6098086812925965e-23,0.039999864244870245,4.275444592194082e-07,0.9599997082106709,25,30,10
37,7785,1.6098086309816954e-23,0.039999864244870245,4.2609669297644974e-07,0.9599997096584371,25,30,10
37,7786,1.6074793258770872e-23,0.039999864244870245,3.4502069213931963e-07,0.9599997907344379,25,30,10
37,7787,1.6074793247776468e-23,0.039999864244870245,3.450206566338649e-07,0.9599997907344734,25,30,10
37,7788,1.6049865530359285e-23,0.039999864244870245,3.443298908377691e-07,0.9599997914252392,25,30,10
37,7789,1.60498725717293e-23,0.039999864244870245,3.4429466932933426e-07,0.9599997914604608,25,30,10
37,7790,1.6050281235785394e-23,0.039999864244870245,3.4433078488970107e-07,0.9599997914243452,25,30,10
37,7791,1.6050718565126907e-23,0.039999864244870245,4.268661127592743e-07,0.9599997088890173,25,30,10
37,7792,1.6050747174322717e-23,0.039999864244870245,0.0002667612930031086,0.9597333744621268,25,30,10
37,7793,1.6050740141779236e-23,0.039999864244870245,0.0002667613276102917,0.9597333744275197,25,30,10
37,7794,1.6050711473387864e-23,0.039999864244870245,0.0002667612915189246,0.959733374463611,25,30,10
37,7795,1.605071149084805e-23,0.039999864244870245,0.0002667612562999767,0.95973337449883,25,30,10
37,7796,1.6050711086876946e-23,0.039999864244870245,0.00026671872739439487,0.9597334170277356,25,30,10
37,7797,1.6051119111170856e-23,0.039999864244870245,0.0002667187360150856,0.959733417019115,25,30,10
37,7798,1.6027854562045367e-23,0.039999864244870245,0.0002733235300444149,0.9597268122250856,25,30,10
37,7799,1.6027854564295804e-23,0.039999864244870245,0.0002733235134072317,0.9597268122417227,25,30,10
37,7800,1.0716999516302151e-23,0.039999864244870245,0.00027332504675106823,0.9597268107083791,25,30,10
37,7801,1.0717400999977172e-23,0.039999864244870245,0.00027332438950501486,0.9597268113656251,25,30,10
37,7802,1.0717429800801878e-23,0.039999864244870245,0.0002733244065732244,0.9597268113485569,25,30,10
37,7803,1.0810165228114947e-23,0.039999864244870245,0.00027335778858070714,0.9597267779665494,25,30,10
37,7804,1.0810158184535645e-23,0.039999864244870245,0.00027335781194100196,0.9597267779431892,25,30,10
37,7805,3.135282811830088e-22,0.039999864244870245,0.00027327143738897807,0.9597268643177411,25,30,10
37,7806,3.135282526972703e-22,0.039999864244870245,6.937045553898876e-06,0.9599931987095761,25,30,10
37,7807,3.1357486765174406e-22,0.039999864244870245,6.975593295995544e-06,0.959993160161834,25,30,10
37,7808,3.0826442133568966e-22,0.039999864244870245,6.975584542736397e-06,0.9599931601705873,25,30,10
37,7809,3.082876857483336e-22,0.039999864244870245,6.975628530894904e-06,0.9599931601265992,25,30,10
37,7810,3.081945134478246e-22,0.039999864244870245,6.93766706843983e-06,0.9599931980880616,25,30,10
37,7811,3.0828768665749563e-22,0.039999864244870245,6.964131941597936e-06,0.9599931716231884,25,30,10
37,7812,3.0828765849672435e-22,0.039999864244870245,3.579148980993447e-07,0.959999777840232,25,30,10
37,7813,3.082643939516437e-22,0.039999864244870245,3.5791488712048107e-07,0.9599997778402429,25,30,10
37,7814,3.0826442262688383e-22,0.039999864244870245,3.578800129302785e-07,0.9599997778751171,25,30,10
37,7815,3.0826442929327733e-22,0.039999864244870245,3.578800187886363e-07,0.9599997778751113,25,30,10
37,7816,3.0826443595065183e-22,0.039999864244870245,3.578724960145735e-07,0.9599997778826341,25,30,10
37,7817,3.0826442878335456e-22,0.039999864244870245,3.558745200308673e-07,0.95999977988061,25,30,10
37,7818,3.0826445746080074e-22,0.039999864244870245,3.538619422823886e-07,0.9599997818931877,25,30,10
37,7819,8.122701631301606e-23,0.03999986424487032,4.462762769616271e-07,0.959999689478853,25,30,10
37,7820,8.12266082776569e-23,0.03999986424487032,4.46249531997345e-07,0.9599996895055979,25,30,10
37,7821,8.122698812751533e-23,0.03999986424487032,4.4826212072407805e-07,0.9599996874930092,25,30,10
37,7822,8.132016089725165e-23,0.03999986424487032,4.4968592012783286e-07,0.9599996860692097,25,30,10
37,7823,8.132018918644605e-23,0.03999986424487032,4.511085134665687e-07,0.9599996846466164,25,30,10
37,7824,8.132059110554198e-23,0.03999986424487032,7.057315273216157e-06,0.9599930784398567,25,30,10
37,7825,4.394555504253274e-21,0.0399998642448704,1.1760656570800577e-05,0.9599883750985592,25,30,10
37,7826,4.3945559414578485e-21,0.0399998642448704,1.1759708529897915e-05,0.9599883760465999,25,30,10
37,7827,2.1649490018761418e-20,0.0399998642448704,1.1843683910852426e-05,0.959988292071219,25,30,10
37,7828,2.164948964564314e-20,0.0399998642448704,5.239475118815694e-06,0.959994896280011,25,30,10
37,7829,2.164948923723279e-20,0.0399998642448704,5.237512804844648e-06,0.9599948982423251,25,30,10
37,7830,2.1649490406336878e-20,0.0399998642448704,5.319561899898186e-06,0.95999481619323,25,30,10
37,7831,2.1649490378171365e-20,0.0399998642448704,5.319534832091302e-06,0.9599948162202979,25,30,10
37,7832,2.1649397205464614e-20,0.0399998642448704,5.293070404242449e-06,0.9599948426847256,25,30,10
37,7833,2.1649398811392852e-20,0.0399998642448704,5.293095542719561e-06,0.9599948426595871,25,30,10
37,7834,4.394465170923204e-21,0.0399998642448704,5.210567580478701e-06,0.9599949251875494,25,30,10
37,7835,4.3943719987974145e-21,0.0399998642448704,5.0966832704558235e-06,0.9599950390718597,25,30,10
37,7836,4.399682445813508e-21,0.0399998642448704,5.097147746616349e-06,0.9599950386073833,25,30,10
37,7837,4.399682446815356e-21,0.0399998642448704,5.097137465349301e-06,0.9599950386176646,25,30,10
37,7838,4.3943716198169886e-21,0.0399998642448704,5.0966413106414155e-06,0.9599950391138192,25,30,10
37,7839,4.3944647858573764e-21,0.0399998642448704,5.179189106332026e-06,0.9599949565660235,25,30,10
37,7840,4.394464348520608e-21,0.0399998642448704,5.177766300243664e-06,0.9599949579888296,25,30,10
37,7841,4.3943711756273026e-21,0.0399998642448704,5.176341885891614e-06,0.9599949594132441,25,30,10
37,7842,4.394371176013155e-21,0.0399998642448704,5.17634169852248e-06,0.9599949594134313,25,30,10
37,7843,4.3943711760176066e-21,0.0399998642448704,5.176306466171349e-06,0.9599949594486636,25,30,10
37,7844,4.3943715631599935e-21,0.0399998642448704,5.2162762107336485e-06,0.959994919478919,25,30,10
37,7845,8.113825593661413e-23,0.03999986424487032,5.529296499566569e-07,0.9599995828254799,25,30,10
37,7846,1.5659559770504086e-22,0.03999986424487032,0.00013008383502106176,0.9598700519201089,25,30,10
37,7847,1.5659559770058626e-22,0.03999986424487032,0.00013008383581619836,0.9598700519193136,25,30,10
37,7848,1.5668877039624079e-22,0.03999986424487032,0.0001301663593839623,0.9598699693957458,25,30,10
37,7849,1.5668877028149587e-22,0.03999986424487032,0.00013016482481564278,0.959869970930314,25,30,10
37,7850,1.566189189720163e-22,0.03999986424487032,0.00013008575729643235,0.9598700499978334,25,30,10
37,7851,1.5661864552204643e-22,0.03999999030109856,0.00012995970106819104,0.9598700499978334,25,30,10
37,7852,1.566186744510111e-22,0.03999999030109856,0.00012996012968578737,0.9598700495692158,25,30,10
37,7853,1.5661864578904603e-22,0.03999999030109856,0.00012996011781359922,0.9598700495810878,25,30,10
37,7854,1.5661861661077334e-22,0.03999999030109856,0.00012995961847683937,0.9598700500804249,25,30,10
37,7855,1.5662025787702366e-22,0.03999999030109856,0.00013004215394305405,0.9598699675449585,25,30,10
37,7856,1.5794756346828811e-22,0.03999999030109856,0.0001300421793366597,0.9598699675195651,25,30,10
37,7857,1.5785439077042624e-22,0.03999999030109856,0.00012995965620064078,0.959870050042701,25,30,10
37,7858,1.5785603203846137e-22,0.03999999030109856,0.00012999964298110892,0.9598700100559207,25,30,10
37,7859,8.239827457385287e-23,0.03999999030109856,4.28742476789371e-07,0.959999580956425,25,30,10
37,7860,8.2396639959694e-23,0.03999999030109856,4.287164593218473e-07,0.9599995809824425,25,30,10
37,7861,8.23950049738209e-23,0.03999999030109856,3.4616787163619145e-07,0.9599996635310301,25,30,10
37,7862,3.544767812731214e-22,0.03999999030109856,0.004668393344447828,0.9553316163544538,25,30,10
37,7863,3.54476817116334e-22,0.03999999030109856,0.004670016245065657,0.955329993453836,25,30,10
37,7864,3.5447678843039657e-22,0.03999999030109856,0.0046700162803500565,0.9553299934185516,25,30,10
37,7865,3.544751538199243e-22,0.03999999030109856,0.004669976320483842,0.9553300333784178,25,30,10
37,7866,3.5447514664159455e-22,0.03999999030109856,0.0046699756194455416,0.9553300340794562,25,30,10
37,7867,3.5447556297563953e-22,0.03999999030109856,0.004669975655336658,0.9553300340435649,25,30,10
37,7868,3.5447719658382654e-22,0.03999999030109856,0.004669976130083105,0.9553300335688186,25,30,10
37,7869,3.5452316271178794e-22,0.03999999030109856,0.004936270526789992,0.9550637391721116,25,30,10
37,7870,3.54523535517689e-22,0.03999999030109856,0.004936308488863097,0.9550637012100387,25,30,10
37,7871,3.5452353601859244e-22,0.03999999030109856,0.0049363889787917515,0.9550636207201098,25,30,10
37,7872,3.545235430709774e-22,0.03999999030109856,0.004936471501738153,0.9550635381971634,25,30,10
37,7873,3.5452190846241097e-22,0.03999999030109856,0.004936388974600149,0.9550636207243014,25,30,10
37,7874,3.5450022117460394e-22,0.03999999030109856,0.004936385519097476,0.955063624179804,25,30,10
37,7875,3.4928253896158003e-22,0.03999999030109856,0.004936384558184809,0.9550636251407166,25,30,10
37,7876,3.492845820987397e-22,0.03999999030109856,0.004936424578287143,0.9550635851206144,25,30,10
37,7877,3.492845821010625e-22,0.03999999030109856,0.004936424543849977,0.9550635851550515,25,30,10
37,7878,3.4928294749985443e-22,0.03999999030109856,0.00493642404433339,0.9550635856545682,25,30,10
37,7879,3.4937733861255443e-22,0.03999999030109856,0.004936452007831724,0.9550635576910699,25,30,10
37,7880,3.493773391112902e-22,0.03999999030109856,0.004936452007793792,0.955063557691108,25,30,10
37,7881,3.4946887925897013e-22,0.03999999030109857,0.004938731583990682,0.9550612781149109,25,30,10
37,7882,3.4946887915072826e-22,0.03999999030109857,0.004938732996089761,0.9550612767028119,25,30,10
37,7883,3.494921723566371e-22,0.03999999030109857,0.004938735064529479,0.9550612746343723,25,30,10
37,7884,3.481644867897714e-22,0.03999999030109857,0.004938733041589529,0.9550612766573121,25,30,10
37,7885,3.481877788934932e-22,0.03999999030109857,0.004938650589519114,0.9550613591093824,25,30,10
37,7886,3.481877788846687e-22,0.03999999030109857,0.0049386506143302275,0.9550613590845713,25,30,10
37,7887,3.4809460648659573e-22,0.03999999030109857,0.0049386505772465615,0.9550613591216549,25,30,10
37,7888,3.481178982580373e-22,0.03999999030109857,0.004940930161735659,0.9550590795371658,25,30,10
37,7889,3.481162566126698e-22,0.03999999030109857,0.004940890166974,0.9550591195319277,25,30,10
37,7890,3.4811789122241684e-22,0.03999999030109857,0.004940890167430203,0.9550591195314712,25,30,10
37,7891,3.481178983983815e-22,0.03999999030109857,0.004940930161284658,0.9550590795376169,25,30,10
37,7892,7.60590066313354e-23,0.03999999030109857,0.00027296549961000843,0.9597270441992916,25,30,10
37,7893,7.603571395779649e-23,0.03999999030109857,0.0002728829661010736,0.9597271267328006,25,30,10
37,7894,7.594253982655299e-23,0.03999999030109856,0.0002706048122816976,0.9597294048866201,25,30,10
37,7895,3.786610655334647e-22,0.03999999030109856,0.00027059331629013836,0.9597294163826114,25,30,10
37,7896,3.029799745302618e-22,0.039999990301098486,0.000270471383661282,0.9597295383152405,25,30,10
37,7897,3.0298038305088305e-22,0.039999990301098486,0.0002704721202180916,0.9597295375786836,25,30,10
37,7898,2.6185783605730014e-25,0.039999990301098486,0.00027044568015614133,0.9597295640187457,25,30,10
37,7899,2.847422899761698e-25,0.039999990301098486,0.0002704077434765504,0.959729601955425,25,30,10
37,7900,5.59559221657054e-24,0.039999990301098486,0.0002704477121349759,0.9597295619867667,25,30,10
37,7901,5.573940772921317e-24,0.03999999030109856,0.00027048708579557515,0.959729522613106,25,30,10
37,7902,5.575546715437807e-24,0.03999999030109856,0.00027051552320414405,0.9597294941756975,25,30,10
37,7903,5.575540048929254e-24,0.03999999030109856,0.0002705155398293836,0.959729494159072,25,30,10
37,7904,5.6687409320186965e-24,0.03999999030109856,0.00027059803844570825,0.9597294116604559,25,30,10
37,7905,5.669177642412229e-24,0.03999999030109856,0.0002705980501303722,0.9597294116487712,25,30,10
37,7906,5.669550450321672e-24,0.03999999030109856,0.0002689756484256394,0.9597310340504761,25,30,10
37,7907,6.997044851718958e-24,0.03999999030109856,0.0002755818903262298,0.9597244278085755,25,30,10
37,7908,6.997080695927582e-24,0.03999999030109856,0.00027562186047882994,0.9597243878384227,25,30,10
37,7909,8.323152703406769e-24,0.039999990301098486,0.0002755811549890202,0.9597244285439127,25,30,10
37,7910,8.321926744965524e-24,0.039999990301098486,0.00027559267658141493,0.9597244170223204,25,30,10
37,7911,6.995847578603348e-24,0.039999990301098486,0.00027559338731054895,0.9597244163115911,25,30,10
37,7912,6.995847574154086e-24,0.039999990301098486,0.00027559194016303846,0.9597244177587386,25,30,10
37,7913,6.995841027084752e-24,0.039999990301098486,0.00027551145023118,0.9597244982486705,25,30,10
37,7914,6.901062390872586e-24,0.039999990301098486,0.0002771063520686887,0.9597229033468327,25,30,10
37,7915,6.901470657758699e-24,0.039999990301098486,0.0002771083955541908,0.9597229013033474,25,30,10
37,7916,3.0962021466869623e-22,0.039999990301098486,0.0002771089301350032,0.9597229007687663,25,30,10
37,7917,3.0430936475969666e-22,0.039999990301098486,0.0002817722264676205,0.9597182374724338,25,30,10
37,7918,3.0431096365095445e-22,0.039999990301098486,0.0002817336910106476,0.9597182760078908,25,30,10
37,7919,3.0431259813615616e-22,0.039999990301098486,0.0002817601070780874,0.9597182495918234,25,30,10
37,7920,3.043109922033056e-22,0.03999999030109849,0.0002817235680406335,0.9597182861308607,25,30,10
37,7921,3.0962181408107624e-22,0.039999990301098486,0.0002817600903868965,0.9597182496085145,25,30,10
37,7922,3.096214126087659e-22,0.039999990301098486,0.0002817201083517582,0.9597182895905496,25,30,10
37,7923,3.0962304672003595e-22,0.039999990301098486,0.0002817221167538745,0.9597182875821474,25,30,10
37,7924,3.096214407852409e-22,0.039999990301098486,0.0002817207193225109,0.9597182889795788,25,30,10
37,7925,3.0961980618186273e-22,0.039999990301098486,0.0002817192953504671,0.9597182904035509,25,30,10
37,7926,3.096198067931036e-22,0.039999990301098486,0.0002817193038490207,0.9597182903950524,25,30,10
37,7927,3.096197786101363e-22,0.039999990301098486,0.0002817192539409287,0.9597182904449605,25,30,10
37,7928,3.096202159426613e-22,0.039999990301098486,0.000281719277502847,0.9597182904213986,25,30,10
37,7929,3.0962023694984925e-22,0.039999990301098486,0.00028171925211193874,0.9597182904467896,25,30,10
37,7930,3.0952972767818856e-22,0.039999990301098486,1.55007428289217e-05,0.9599845089560725,25,30,10
37,7931,3.095297563467099e-22,0.039999990301098486,1.5582766888241025e-05,0.959984426932013,25,30,10
37,7932,3.0950646445184745e-22,0.039999990301098486,1.33856965897322e-05,0.9599866240023117,25,30,10
37,7933,3.0817897005911916e-22,0.039999990301098486,6.779489123248221e-06,0.959993230209778,25,30,10
37,7934,3.081789699400004e-22,0.039999990301098486,6.777464235829575e-06,0.9599932322346655,25,30,10
37,7935,3.081785612951198e-22,0.039999990301098486,6.6629939906017195e-06,0.9599933467049107,25,30,10
37,7936,3.0817853211280133e-22,0.039999990301098486,6.580470848707664e-06,0.9599934292280525,25,30,10
37,7937,3.0820223449144163e-22,0.039999990301098486,6.578473880087841e-06,0.9599934312250212,25,30,10
37,7938,6.109070663701702e-22,0.039999990301098486,8.199928258788158e-06,0.9599918097706426,25,30,10
37,7939,6.10907066229156e-22,0.039999990301098486,3.496663256959096e-06,0.9599965130356444,25,30,10
37,7940,6.109982245379329e-22,0.039999990301098486,3.523684974822224e-06,0.9599964860139265,25,30,10
37,7941,6.11021510584464e-22,0.039999990301098486,3.5237084298083543e-06,0.9599964859904715,25,30,10
37,7942,6.109516024084854e-22,0.039999990301098486,3.481179955004977e-06,0.9599965285189466,25,30,10
37,7943,6.1097489563295995e-22,0.039999990301098486,3.4798732230940515e-06,0.9599965298256784,25,30,10
37,7944,3.082684363112258e-22,0.039999990301098486,1.8590051205743966e-06,0.959998150693781,25,30,10
37,7945,3.1357929140958824e-22,0.039999990301098486,1.8590071522195927e-06,0.9599981506917493,25,30,10
37,7946,3.135571949636919e-22,0.039999990301098486,1.8604182627785181e-06,0.9599981492806389,25,30,10
37,7947,6.162759389251118e-22,0.039999990301098486,1.8609344275372627e-06,0.9599981487644739,25,30,10
37,7948,4.929988852280927e-21,0.039999990301098486,1.9003201167259563e-06,0.9599981093787848,25,30,10
37,7949,4.9299884436212005e-21,0.039999990301098486,1.9813836121905147e-06,0.9599980283152894,25,30,10
37,7950,4.9246775885228406e-21,0.039999990301098486,1.982793252862682e-06,0.9599980269056486,25,30,10
37,7951,4.924654295314938e-21,0.039999990301098486,1.9427983344287803e-06,0.9599980669005671,25,30,10
37,7952,4.924653886670707e-21,0.039999990301098486,1.9420863976812424e-06,0.959998067612504,25,30,10
37,7953,6.109160456019271e-22,0.039999990301098486,1.9019746991638509e-06,0.9599981077242025,25,30,10
37,7954,6.109164542525928e-22,0.039999990301098486,1.9019753325812785e-06,0.9599981077235691,25,30,10
37,7955,6.108931610379668e-22,0.039999990301098486,1.899916452317604e-06,0.9599981097824493,25,30,10
37,7956,6.108935410202804e-22,0.039999990301098486,1.8194269620009407e-06,0.9599981902719396,25,30,10
37,7957,6.108935415102277e-22,0.039999990301098486,1.8214599759871127e-06,0.9599981882389256,25,30,10
37,7958,1.8168520290809472e-20,0.039999990301098486,3.36705474045479e-07,0.9599996729934276,25,30,10
37,7959,1.8168521925419384e-20,0.039999990301098486,3.381527291999868e-07,0.9599996715461724,25,30,10
37,7960,1.8168520319488944e-20,0.039999990301098486,3.401605322139647e-07,0.9599996695383695,25,30,10
37,7961,1.8168543637541183e-20,0.039999990301098486,6.9464025505420395e-06,0.959993063296351,25,30,10
37,7962,1.816854322939346e-20,0.039999990301098486,6.944393853584285e-06,0.9599930653050479,25,30,10
37,7963,1.7865824893542287e-20,0.039999990301098486,7.059776011770835e-06,0.9599929499228899,25,30,10
37,7964,1.7865824922707327e-20,0.039999990301098486,7.059801403565638e-06,0.959992949897498,25,30,10
37,7965,1.786582492937136e-20,0.039999990301098486,6.977313947150586e-06,0.9599930323849545,25,30,10
37,7966,1.7865824895821144e-20,0.03999999987586386,6.967739181784987e-06,0.9599930323849545,25,30,10
37,7967,1.7865832859382532e-20,0.03999960651182512,7.361103220534837e-06,0.9599930323849545,25,30,10
37,7968,1.786580956615782e-20,0.03999960651182512,7.361067747426792e-06,0.9599930324204276,25,30,10
37,7969,1.786583285926502e-20,0.03999960651182512,7.361793756753867e-06,0.9599930316944182,25,30,10
37,7970,1.7865832837887312e-20,0.03999960651182512,7.359796404183168e-06,0.9599930336917708,25,30,10
37,7971,1.786573963631687e-20,0.03999960651182512,7.304289921970785e-06,0.959993089198253,25,30,10
37,7972,3.081128582089831e-22,0.03999960651182512,7.166143210715376e-06,0.9599932273449642,25,30,10
37,7973,3.0809119958768446e-22,0.03999960651182512,7.168105362653917e-06,0.9599932253828123,25,30,10
37,7974,3.080907909523492e-22,0.03999960651182512,7.1680695082166515e-06,0.9599932254186667,25,30,10
37,7975,3.0818396384981293e-22,0.03999960651182512,7.168772038879185e-06,0.9599932247161361,25,30,10
37,7976,3.0818559795001453e-22,0.03999960651182512,7.1707969340471765e-06,0.9599932226912409,25,30,10
37,7977,3.0818682390812817e-22,0.03999960651182512,7.05635230947743e-06,0.9599933371358653,25,30,10
37,7978,3.081868235285899e-22,0.03999960651182512,7.057774701647326e-06,0.9599933357134733,25,30,10
37,7979,3.0816350548486686e-22,0.03999960651182512,4.5153287107708773e-07,0.9599999419553039,25,30,10
37,7980,1.7563131932009388e-20,0.03999960651182512,4.5209284444259426e-07,0.9599999413953306,25,30,10
37,7981,3.081639146386751e-22,0.03999960651182512,4.522593066780882e-07,0.9599999412288683,25,30,10
37,7982,3.0949162787630616e-22,0.03999960651182512,4.5229499364139864e-07,0.9599999411931813,25,30,10
37,7983,3.094932912829066e-22,0.03999960651182512,4.527934764632299e-07,0.9599999406946985,25,30,10
37,7984,3.095848293795388e-22,0.03999960651182512,5.33319163725366e-07,0.9599998601690112,25,30,10
37,7985,3.095844207438219e-22,0.03999960651182512,5.328205048036074e-07,0.9599998606676701,25,30,10
37,7986,3.094916564579885e-22,0.03999960651182512,5.235418637278354e-06,0.9599951580695376,25,30,10
37,7987,3.09491656457991e-22,0.03999960651182512,5.236830309595728e-06,0.9599951566578655,25,30,10
37,7988,3.094912524190962e-22,0.03999960651182512,5.197361790898917e-06,0.9599951961263841,25,30,10
37,7989,3.0418244051381226e-22,0.03999960651182512,5.2253001446150944e-06,0.9599951681880304,25,30,10
37,7990,3.0418083470460264e-22,0.03999960651182512,5.2245794097606e-06,0.9599951689087654,25,30,10
37,7991,3.041808064068909e-22,0.03999960651182512,5.223853412517935e-06,0.9599951696347625,25,30,10
37,7992,3.041808059036644e-22,0.03999960651182512,5.223852977825669e-06,0.9599951696351973,25,30,10
37,7993,3.041807772262176e-22,0.03999960651182512,5.223853438963937e-06,0.9599951696347361,25,30,10
37,7994,3.041803470652512e-22,0.03999960651182512,5.223841744120071e-06,0.959995169646431,25,30,10
37,7995,1.4616096466509205e-24,0.03999960651182512,5.223352496307709e-06,0.9599951701356788,25,30,10
37,7996,1.4616024883683188e-24,0.03999960651182512,5.22190533673064e-06,0.9599951715828383,25,30,10
37,7997,1.4616100350361012e-24,0.03999960651182512,5.3029811210841454e-06,0.959995090507054,25,30,10
37,7998,1.4616100415398613e-24,0.03999960651182512,5.302989436566983e-06,0.9599950904987385,25,30,10
37,7999,1.462019305744543e-24,0.03999960651182512,5.305022642199954e-06,0.9599950884655328,25,30,10
37,8000,1.4391347345074349e-24,0.03999960651182512,5.304333271067144e-06,0.959995089154904,25,30,10
37,8001,1.4407695389947179e-24,0.03999960651182512,5.221824723733269e-06,0.9599951716634513,25,30,10
37,8002,1.1305642710313318e-25,0.03999960651182512,5.219791071226189e-06,0.9599951736971037,25,30,10
37,8003,1.1182329869812922e-25,0.03999960651182512,5.216345850573458e-06,0.9599951771423244,25,30,10
37,8004,5.606129718411313e-17,0.03999960651182519,5.284935165062639e-06,0.9599951085530097,25,30,10
37,8005,5.606129718410545e-17,0.03999960651182519,5.2849497801761e-06,0.9599951085383946,25,30,10
37,8006,5.606129718369678e-17,0.03999960651182519,5.257923870236434e-06,0.9599951355643046,25,30,10
37,8007,5.606129718369666e-17,0.03999960651182519,5.285897848805724e-06,0.959995107590326,25,30,10
37,8008,5.606129718331668e-17,0.03999960651182519,5.285895832609515e-06,0.9599951075923421,25,30,10
37,8009,5.606129718331669e-17,0.03999960651182519,5.285860170147204e-06,0.9599951076280047,25,30,10
37,8010,5.606129718330963e-17,0.03999960651182519,5.20337271352361e-06,0.9599951901154611,25,30,10
37,8011,5.606129718331025e-17,0.03999960651182519,5.20383656184742e-06,0.9599951896516129,25,30,10
37,8012,5.606129718331793e-17,0.03999960651182519,5.204538042744063e-06,0.9599951889501319,25,30,10
37,8013,5.606129718372707e-17,0.03999960651182519,5.28709650580165e-06,0.959995106391669,25,30,10
37,8014,5.60612971833471e-17,0.03999960651182519,5.2870607345390906e-06,0.9599951064274402,25,30,10
37,8015,5.60612971837561e-17,0.03999960651182519,6.909926303266657e-06,0.9599934835618714,25,30,10
37,8016,5.606129718215067e-17,0.03999960651182519,6.907901854607458e-06,0.95999348558632,25,30,10
37,8017,5.606129718215043e-17,0.03999960651182519,6.907876824716115e-06,0.9599934856113502,25,30,10
37,8018,5.606129718212842e-17,0.03999960651182519,1.351361974610886e-05,0.9599868798684288,25,30,10
37,8019,1.114808020588357e-25,0.03999960651182512,1.506793125448187e-05,0.9599853255569205,25,30,10
37,8020,1.1310823939009166e-25,0.03999960651182512,1.5150418535908702e-05,0.9599852430696392,25,30,10
37,8021,1.1311539786109003e-25,0.03999960651182512,1.5150429249082085e-05,0.9599852430589259,25,30,10
37,8022,1.1148127998698272e-25,0.03999960651182512,1.5148981473831676e-05,0.9599852445067013,25,30,10
37,8023,1.3436585094040495e-25,0.03999960651182512,1.5150428627001965e-05,0.959985243059548,25,30,10
37,8024,1.3436634754901836e-25,0.03999960651182512,1.5150428655016136e-05,0.95998524305952,25,30,10
37,8025,1.1110180113215628e-25,0.03999960651182512,1.5148970813520856e-05,0.9599852445173614,25,30,10
37,8026,1.1072120543058743e-25,0.03999960651182512,1.5148385381157116e-05,0.9599852451027937,25,30,10
37,8027,1.5942369733574066e-26,0.03999960651182512,1.5148335681389035e-05,0.9599852451524934,25,30,10
37,8028,3.88274817036355e-26,0.03999960651182512,1.0448516520970342e-05,0.959989944971654,25,30,10
37,8029,4.0433418525157106e-26,0.03999960651182512,1.0450549219069554e-05,0.9599899429389558,25,30,10
37,8030,7.571595780854989e-23,0.039999606511825124,1.2654265749260962e-05,0.9599877392224255,25,30,10
37,8031,7.571592863701075e-23,0.039999606511825124,1.2654257316026948e-05,0.9599877392308588,25,30,10
37,8032,7.571755607085617e-23,0.039999606511825124,1.2656263424884342e-05,0.95998773722475,25,30,10
37,8033,7.571632999479154e-23,0.039999606511825124,1.2654257143941605e-05,0.959987739231031,25,30,10
37,8034,7.573962308487951e-23,0.039999606511825124,1.2652870436760176e-05,0.9599877406177383,25,30,10
37,8035,7.57396231997793e-23,0.039999606511825124,1.265287044741403e-05,0.9599877406177275,25,30,10
37,8036,7.573964470989054e-23,0.039999606511825124,1.2652835397756808e-05,0.9599877406527771,25,30,10
37,8037,7.573923569053141e-23,0.039999606511825124,1.265280999789387e-05,0.9599877406781772,25,30,10
37,8038,7.573927153728815e-23,0.039999606511825124,1.265280995493928e-05,0.9599877406782201,25,30,10
37,8039,7.573886291170157e-23,0.039999606511825124,1.1029934107873046e-05,0.9599893635540669,25,30,10
37,8040,7.57388694543663e-23,0.039999606511825124,1.1029969340334285e-05,0.9599893635188346,25,30,10
37,8041,7.573886944569528e-23,0.039999606511825124,1.1029944601914178e-05,0.9599893635435731,25,30,10
37,8042,7.573884076844374e-23,0.039999606511825124,1.1028496824859473e-05,0.95998936499135,25,30,10
37,8043,1.716975787588721e-20,0.03999960651182519,0.00038413233068883756,0.959616261157486,25,30,10
37,8044,1.717608008082192e-20,0.03999998786381715,0.0003837509786968645,0.959616261157486,25,30,10
37,8045,1.7176173662685812e-20,0.03999998786381715,0.00037717321009893956,0.9596228389260841,25,30,10
37,8046,1.7176150369474362e-20,0.03999998786381715,0.0003771731496498414,0.9596228389865331,25,30,10
37,8047,8.215299297874029e-23,0.039999987863817074,4.068570722789567e-06,0.9599959435654603,25,30,10
37,8048,8.746384456881735e-23,0.039999987863817074,4.09609537400883e-06,0.9599959160408091,25,30,10
37,8049,9.835050970480524e-19,0.039999987863817074,3.515317498054236e-06,0.9599964968186849,25,30,10
37,8050,9.835050970765887e-19,0.039999987863817074,3.515329411620353e-06,0.9599964968067713,25,30,10
37,8051,9.835050971057582e-19,0.039999987863817074,3.515337992182935e-06,0.9599964967981909,25,30,10
37,8052,9.835051902716166e-19,0.039999987863817074,3.516715049666375e-06,0.9599964954211334,25,30,10
37,8053,9.83505097091615e-19,0.03999998786381708,3.4917227166411965e-06,0.9599965204134664,25,30,10
37,8054,9.835050970911142e-19,0.03999998786381708,3.4917329842127456e-06,0.9599965204031987,25,30,10
37,8055,9.835050954851804e-19,0.03999998786381708,3.4661550968069244e-06,0.9599965459810863,25,30,10
37,8056,9.835050971197925e-19,0.03999998786381708,3.4681535155416387e-06,0.9599965439826675,25,30,10
37,8057,9.835050971204124e-19,0.03999998786381708,3.4701875859477223e-06,0.9599965419485972,25,30,10
37,8058,9.835051204136116e-19,0.03999998786381708,3.5102074866315458e-06,0.9599965019286966,25,30,10
37,8059,9.835050272405926e-19,0.03999998786381708,3.5087597095691198e-06,0.9599965033764736,25,30,10
37,8060,9.83505027247753e-19,0.03999998786381708,3.510793350274058e-06,0.9599965013428329,25,30,10
37,8061,9.835050272547942e-19,0.03999998786381708,3.5108064704329963e-06,0.9599965013297127,25,30,10
37,8062,9.835050489134145e-19,0.03999998786381708,3.5108063353371366e-06,0.9599965013298478,25,30,10
37,8063,9.835050256202005e-19,0.03999998786381708,3.5073252673108074e-06,0.9599965048109158,25,30,10
37,8064,9.835050240142713e-19,0.03999998786381708,3.425301226141934e-06,0.9599965868349569,25,30,10
37,8065,9.835050223796592e-19,0.03999998786381708,3.4232680548033674e-06,0.9599965888681282,25,30,10
37,8066,9.835063500934574e-19,0.03999998786381708,3.427334799100844e-06,0.959996584801384,25,30,10
37,8067,9.835063733860533e-19,0.03999998786381708,3.4273253546185823e-06,0.9599965848108285,25,30,10
37,8068,9.835063717443383e-19,0.03999998786381708,1.804459581168406e-06,0.9599982076766019,25,30,10
37,8069,9.835063717089946e-19,0.03999998786381708,1.8044679751114814e-06,0.9599982076682081,25,30,10
37,8070,9.835064644732315e-19,0.03999998786381708,1.8044695579863451e-06,0.9599982076666252,25,30,10
37,8071,9.835821441276292e-19,0.03999998786381708,1.806593433220884e-06,0.95999820554275,25,30,10
37,8072,9.838861665405689e-19,0.03999998786382137,4.887935708627594e-06,0.9599951242004701,25,30,10
37,8073,9.838861681459987e-19,0.03999998786382137,4.889374514264599e-06,0.9599951227616645,25,30,10
37,8074,9.838860749731108e-19,0.03999998786382137,4.891370448232169e-06,0.9599951207657306,25,30,10
37,8075,9.835820529401432e-19,0.03999998786381708,1.8434223968742893e-06,0.9599981687137863,25,30,10
37,8076,9.835116841121584e-19,0.03999998786381708,1.8433319536272732e-06,0.9599981688042294,25,30,10
37,8077,9.835076834099827e-19,0.01470159906973461,0.025300232126035826,0.9599981688042294,25,30,10
37,8078,9.83507706710217e-19,0.01470159906973461,0.0253002714200988,0.9599981295101664,25,30,10
37,8079,9.835076834246539e-19,0.01470159906973461,0.025300353241565775,0.9599980476886995,25,30,10
37,8080,9.835023742043003e-19,0.01470159906973461,0.025300379656223383,0.959998021274042,25,30,10
37,8081,9.835024440910375e-19,0.014701599069734611,0.025300419068809483,0.9599979818614558,25,30,10
37,8082,9.835024440623577e-19,0.014701599069734611,0.02530041906066087,0.9599979818696045,25,30,10
37,8083,9.835024673909249e-19,0.014701599069734611,0.02530042109381531,0.95999797983645,25,30,10
37,8084,9.835024674200987e-19,0.014701599069734611,0.025300421102290277,0.9599979798279751,25,30,10
37,8085,9.158698898275488e-24,0.01470159906973461,0.025298880686565276,0.9599995202437,25,30,10
37,8086,9.06552609591792e-24,0.014701599069734608,0.025298839265438827,0.9599995616648265,25,30,10
37,8087,1.0393232230912228e-23,0.014701599069734608,0.025298838625027794,0.9599995623052375,25,30,10
37,8088,5.0827893006190485e-24,0.014701599069734608,0.025298812547539348,0.959999588382726,25,30,10
37,8089,3.755075500573718e-24,0.014701599069734608,0.025298808480787506,0.9599995924494779,25,30,10
37,8090,3.7550678369930264e-24,0.014701599069734608,0.0252987259570365,0.9599996749732288,25,30,10
37,8091,3.755060690768723e-24,0.014701599069734608,0.0252986859980535,0.9599997149322119,25,30,10
37,8092,3.755024844012018e-24,0.014701599069734608,0.02529868597204314,0.9599997149582223,25,30,10
37,8093,3.731695899640409e-24,0.014701599069734608,0.025298683938888754,0.9599997169913769,25,30,10
37,8094,3.733331266353959e-24,0.014701599069734608,0.025298684421996488,0.9599997165082691,25,30,10
37,8095,3.710038043845671e-24,0.014701599069734608,0.02529868439638881,0.959999716533877,25,30,10
37,8096,3.803210966509377e-24,0.014701599069734608,0.025298722358005444,0.9599996785722601,25,30,10
37,8097,2.475934489557294e-24,0.014701599069734608,0.025298722998420287,0.9599996779318454,25,30,10
37,8098,2.475927589409119e-24,0.014701599069734608,0.025298722985532488,0.9599996779447331,25,30,10
37,8099,2.475935135940155e-24,0.014701599069734608,0.025298725043513562,0.959999675886752,25,30,10
37,8100,2.4759351382612043e-24,0.014701599069734608,0.025298807531407827,0.9599995933988578,25,30,10
37,8101,2.4759352728075376e-24,0.014701599069734608,0.025303510831631352,0.9599948900986341,25,30,10
37,8102,2.475935149388313e-24,0.014701599069734608,0.02530351083101596,0.9599948900992495,25,30,10
37,8103,2.477971236629759e-24,0.014701599069734608,0.025303429755836028,0.9599949711744294,25,30,10
37,8104,2.4546776667408984e-24,0.014701599069734608,0.025303389770952117,0.9599950111593134,25,30,10
37,8105,2.4563117711330225e-24,0.014701599069734608,0.02530350363852617,0.9599948972917395,25,30,10
37,8106,2.4559097878157425e-24,0.014701599069734608,0.025303387757023277,0.9599950131732423,25,30,10
37,8107,2.4792012451743638e-24,0.014701599069734683,0.025305012317735156,0.9599933886125304,25,30,10
37,8108,2.479208413285725e-24,0.014701599069734683,0.025304985895371116,0.9599934150348944,25,30,10
37,8109,2.056265304743004e-20,0.039978634587488154,2.7950377617752045e-05,0.9599934150348944,25,30,10
37,8110,2.0562653018876052e-20,0.039978634587488154,2.7949878715499018e-05,0.9599934155337965,25,30,10
37,8111,2.0562677939451346e-20,0.03997863458749244,2.8094238908064812e-05,0.9599932711735997,25,30,10
37,8112,2.0562678347601257e-20,0.03997863458749244,2.809627218923314e-05,0.9599932691403186,25,30,10
37,8113,2.4881017597254113e-20,0.03997863458749674,3.469894076714952e-05,0.9599866664717364,25,30,10
37,8114,8.972451626137113e-19,0.03997863458749674,0.004556103118999029,0.9554652622935045,25,30,10
37,8115,8.972451622051839e-19,0.03997863458749674,0.0045561038200438485,0.9554652615924597,25,30,10
37,8116,8.9724518716056e-19,0.03997863458749674,0.004557726732618719,0.9554636386798847,25,30,10
37,8117,8.972451855331172e-19,0.03997863458749674,0.004557725285178515,0.955463640127325,25,30,10
37,8118,8.972452071845782e-19,0.03997863458749674,0.004557723272165556,0.9554636421403379,25,30,10
37,8119,8.972452321127575e-19,0.03997863458749674,0.0045577787703538035,0.9554635866421498,25,30,10
37,8120,8.972452071573837e-19,0.03997863458749674,0.004556155893438235,0.9554652095190653,25,30,10
37,8121,8.972452770371648e-19,0.03997863458749674,0.004556156390926526,0.9554652090215769,25,30,10
37,8122,8.972452766292577e-19,0.03997863458749674,0.004556270860925985,0.9554650945515774,25,30,10
37,8123,8.972452766291342e-19,0.03997863458749674,0.004556270825412574,0.9554650945870908,25,30,10
37,8124,8.972452782345638e-19,0.03997863458749674,0.004556270818001148,0.9554650945945022,25,30,10
37,8125,8.972452782349257e-19,0.03997863458749674,0.0045515675534446,0.9554697978590587,25,30,10
37,8126,8.972451854706473e-19,0.03997863458749674,0.004551528295523923,0.9554698371169795,25,30,10
37,8127,8.97245183864735e-19,0.03997863458749244,0.004551499817273583,0.9554698655952341,25,30,10
37,8128,8.972451838575676e-19,0.03997863458749244,0.004551499817116863,0.9554698655953908,25,30,10
37,8129,8.766831247739298e-19,0.03999999744616576,0.004530136958443517,0.9554698655953908,25,30,10
37,8130,4.32429064080821e-21,0.03999999744616576,8.733304679607018e-06,0.9599912692491546,25,30,10
37,8131,4.324293500876511e-21,0.03999999744616576,8.73082220479568e-06,0.9599912717316293,25,30,10
37,8132,4.626312046852893e-21,0.03999999744616576,9.790421206759134e-05,0.9599020983417667,25,30,10
37,8133,4.6263104126182864e-21,0.03999999744616576,9.790206328096357e-05,0.9599021004905534,25,30,10
37,8134,4.6263104409161556e-21,0.03999999744616576,9.790205318306369e-05,0.9599021005006513,25,30,10
37,8135,4.626310469591163e-21,0.03999999744616576,9.790350124100167e-05,0.9599020990525934,25,30,10
37,8136,3.080644003838711e-22,0.03999999744616147,9.129679849199369e-05,0.9599087057553466,25,30,10
37,8137,3.080644003904913e-22,0.03999999744616147,9.12948252925173e-05,0.959908707728546,25,30,10
37,8138,3.0806480854021236e-22,0.03999999744616147,9.129486093496802e-05,0.9599087076929034,25,30,10
37,8139,3.02755559304487e-22,0.03999999744616147,9.129436203600516e-05,0.9599087081918024,25,30,10
37,8140,3.040816384337658e-22,0.03999999744616147,9.129640355987947e-05,0.9599087061502787,25,30,10
37,8141,3.040832730436094e-22,0.03999999744616147,9.129785072977697e-05,0.9599087047031086,25,30,10
37,8142,3.0405834672245615e-22,0.039999997446161395,8.96728073554448e-05,0.9599103297464832,25,30,10
37,8143,3.040551348529068e-22,0.039999997446161395,8.967185077940003e-05,0.959910330703059,25,30,10
37,8144,3.0405473337798634e-22,0.039999997446161395,8.967164820281998e-05,0.9599103309056357,25,30,10
37,8145,3.040547332434232e-22,0.039999997446161395,8.967163631369184e-05,0.9599103309175248,25,30,10
37,8146,3.0405514177045666e-22,0.039999997446161395,8.971159513446037e-05,0.9599102909587041,25,30,10
37,8147,3.0396155255731843e-22,0.039999997446161395,8.971156256399677e-05,0.9599102909912745,25,30,10
37,8148,3.0393823085733394e-22,0.039999997446161395,8.95956703432792e-05,0.9599104068834952,25,30,10
37,8149,3.0526594447342627e-22,0.039999997446161395,8.948179497115578e-05,0.9599105207588673,25,30,10
37,8150,3.0494056996896147e-22,0.03999960638351676,8.987285761579032e-05,0.9599105207588673,25,30,10
37,8151,3.049405126187909e-22,0.03999960638351676,8.987281516662606e-05,0.9599105208013163,25,30,10
37,8152,3.049404839435894e-22,0.03999960638351676,8.987482280318836e-05,0.9599105187936801,25,30,10
37,8153,3.049417099005854e-22,0.03999960638351676,8.987411131204492e-05,0.9599105195051711,25,30,10
37,8154,3.0626942351345956e-22,0.03999960638351676,8.987414698829851e-05,0.959910519469495,25,30,10
37,8155,3.303834592824304e-22,0.03828152517587683,0.001807955349306549,0.9599105194748166,25,30,10
37,8156,2.834002084949922e-23,0.03828152517587683,0.0017187284941278835,0.9599997463299953,25,30,10
37,8157,2.833840775229651e-23,0.03828152517587683,0.0017186126031896358,0.9599998622209336,25,30,10
37,8158,2.8431171995554657e-23,0.03828152517587683,0.0017186146259332985,0.95999986019819,25,30,10
37,8159,2.843117953814919e-23,0.03828152517587683,0.001721777760182966,0.9599966970639403,25,30,10
37,8160,2.9851983539541277e-23,0.03828152517587691,0.0017240919178237116,0.9599943829062996,25,30,10
37,8161,2.985198403793213e-23,0.03828152517587691,0.0017240919184328008,0.9599943829056905,25,30,10
37,8162,2.8525912077786706e-23,0.03828152517587691,0.0017240924085731213,0.9599943824155501,25,30,10
37,8163,2.843273969343941e-23,0.03828152517587691,0.001724172873097872,0.9599943019510253,25,30,10
37,8164,2.843271151268039e-23,0.03828152517587691,0.001724171425326675,0.9599943033987965,25,30,10
37,8165,2.843428889607295e-23,0.03828152517587691,0.0017241692317986872,0.9599943055923243,25,30,10
37,8166,2.976362978635809e-23,0.03828152517587698,0.0017241987249114001,0.9599942760992114,25,30,10
37,8167,3.3112391704090803e-22,0.03828152517587698,0.0019037039392107253,0.9598147708849121,25,30,10
37,8168,3.311239174191209e-22,0.03828152517587698,0.00190373171040356,0.9598147431137193,25,30,10
37,8169,3.2979460519962485e-22,0.03828152517587691,0.0019037041903101019,0.9598147706338128,25,30,10
37,8170,3.298194971357829e-22,0.038281525175876914,0.001903785383806815,0.9598146894403162,25,30,10
37,8171,3.2981946128042844e-22,0.038281525175876914,0.0019037848848911577,0.9598146899392319,25,30,10
37,8172,3.297961681816512e-22,0.038281525175876914,0.0019037848735524317,0.9598146899505707,25,30,10
37,8173,3.2988934057396484e-22,0.038281525175876914,0.0019037853736926962,0.9598146894504305,25,30,10
37,8174,3.298893120290715e-22,0.038281525175876914,0.001903785346779045,0.9598146894773439,25,30,10
37,8175,3.2988770571584295e-22,0.038281525175876914,0.0019037569345465766,0.9598147178895765,25,30,10
37,8176,2.8527475807048856e-23,0.038281525175876914,0.0017242801928511542,0.959994194631272,25,30,10
37,8177,2.852747531059609e-23,0.038281525175876914,0.0017241976946709117,0.9599942771294522,25,30,10
37,8178,2.852584075034062e-23,0.03828152517587691,0.0017241144941627599,0.9599943603299604,25,30,10
37,8179,2.852423494126204e-23,0.03828152517587691,0.0017241165273592421,0.9599943582967638,25,30,10
37,8180,2.8522600337886796e-23,0.03828152517587691,0.0017241150795820205,0.9599943597445412,25,30,10
37,8181,1.041933130859232e-22,0.0382815251761215,0.001728858701231791,0.9599896161226468,25,30,10
37,8182,1.0428689406809289e-22,0.0382815251761215,0.0017288872093884444,0.95998958761449,25,30,10
37,8183,1.0419536282604421e-22,0.03828152517612151,0.0017288892073607824,0.9599895856165177,25,30,10
37,8184,1.0419536295395421e-22,0.03828152517612151,0.0017288892075840994,0.9599895856162945,25,30,10
37,8185,1.0410178147970658e-22,0.03828152517612151,0.0017288607241966044,0.959989614099682,25,30,10
37,8186,1.0941262537001808e-22,0.03828152517612151,0.001728860759970676,0.959989614063908,25,30,10
37,8187,1.0808532029118845e-22,0.03828152517612151,0.0017288601390432466,0.9599896146848355,25,30,10
37,8188,1.0808529162037923e-22,0.03828152517612151,0.0017289740227530049,0.9599895008011257,25,30,10
37,8189,1.080869260978363e-22,0.03828152517612151,0.0017289760480752045,0.9599894987758034,25,30,10
37,8190,1.080873352036971e-22,0.03828152517612151,0.0017336793481341798,0.9599847954757444,25,30,10
37,8191,1.0808693339958543e-22,0.03828152517612151,0.0017289767491242914,0.9599894980747544,25,30,10
37,8192,1.0941464719821416e-22,0.03828152517612151,0.001728976810801468,0.9599894980130772,25,30,10
37,8193,1.041046174555508e-22,0.03828152517612151,0.0018584177502137585,0.9598600570736648,25,30,10
37,8194,1.02776903773873e-22,0.03828152517612151,0.001858417689154692,0.959860057134724,25,30,10
37,8195,1.0277690376539484e-22,0.03828152517612151,0.0018584176639787344,0.9598600571598999,25,30,10
37,8196,1.0277687508802543e-22,0.03828152517612151,0.0018583912248352206,0.9598600835990435,25,30,10
37,8197,1.0277688224855363e-22,0.03828152517612151,0.0018583912123788845,0.9598600836114999,25,30,10
37,8198,1.028017812810177e-22,0.03828152517612151,0.001858393300819583,0.9598600815230591,25,30,10
37,8199,2.7131069038223635e-23,0.038281525175876914,0.0018536496796151584,0.9598648251445081,25,30,10
37,8200,2.715436213819501e-23,0.038281525175876914,0.0018536517132504674,0.9598648231108728,25,30,10
37,8201,2.715599724260853e-23,0.038281525175876914,0.001853651738639437,0.9598648230854839,25,30,10
37,8202,2.7157639334576436e-23,0.038281525175876914,0.00185527463903291,0.9598632001850903,25,30,10
37,8203,3.3021951496236596e-22,0.03828152517588119,0.0019848057116369448,0.9597336691124819,25,30,10
37,8204,3.301263425679225e-22,0.03828152517588119,0.0019848052118247007,0.959733669612294,25,30,10
37,8205,3.3012470086180466e-22,0.03828152517588119,0.0019832648341617707,0.9597352099899571,25,30,10
37,8206,2.7064459713792933e-23,0.038281525175876914,0.0018537357945799806,0.9598647390295432,25,30,10
37,8207,2.83905316754214e-23,0.03828152517587691,0.0018537353308831904,0.9598647394932399,25,30,10
37,8208,4.0678832206217932e-22,0.03828152517587691,0.0018536869369908948,0.9598647878871323,25,30,10
37,8209,4.0678870216171213e-22,0.03828152517587691,0.0018536856051892094,0.9598647892189339,25,30,10
37,8210,4.0536789778298577e-22,0.03828152517587683,0.001851371447728786,0.9598671033763944,25,30,10
37,8211,4.040401842913644e-22,0.03828152517587683,0.0018514852960542642,0.9598669895280689,25,30,10
37,8212,4.0404018467516172e-22,0.03828152517587683,0.0018514867429974113,0.9598669880811258,25,30,10
37,8213,4.0404018467299957e-22,0.03828152517587683,0.0018514847108475382,0.9598669901132756,25,30,10
37,8214,4.040401773800762e-22,0.03828152517587683,0.001851485456949747,0.9598669893671736,25,30,10
37,8215,4.040418186563697e-22,0.03828152517587683,0.001851485481911555,0.9598669893422117,25,30,10
37,8216,4.0404182570009644e-22,0.03828152517587683,0.0018514854571732007,0.95986698936695,25,30,10
37,8217,4.0401733570023027e-22,0.03828152517587683,0.0018514838345431784,0.95986699098958,25,30,10
37,8218,4.039940432291438e-22,0.03828152517587683,0.001851597718062411,0.9598668771060608,25,30,10
37,8219,4.0930488257331855e-22,0.03828152517587683,0.0018517136352361233,0.9598667611888871,25,30,10
37,8220,4.093040684168076e-22,0.03828152517587683,0.001722190137111069,0.9599962846870121,25,30,10
37,8221,4.0930368843939164e-22,0.03828152517587683,0.0017221501425966118,0.9599963246815267,25,30,10
37,8222,4.0930371045024937e-22,0.03828152517587683,0.001722151590154733,0.9599963232339687,25,30,10
37,8223,4.093037098235704e-22,0.03828152517587683,0.001722037706017832,0.9599964371181055,25,30,10
37,8224,4.0930368103803943e-22,0.03828152517587683,0.001722035672372584,0.9599964391517507,25,30,10
37,8225,4.0930368103141886e-22,0.03828152517587683,0.0017220356480365678,0.9599964391760868,25,30,10
37,8226,4.0930408944973604e-22,0.03828152517587683,0.0017220022538106446,0.9599964725703127,25,30,10
37,8227,4.0932574152802237e-22,0.03828152517587683,0.0017188391235451151,0.9599996357005783,25,30,10
37,8228,4.0932574818574515e-22,0.03828152517587683,0.0017188376764248096,0.9599996371476984,25,30,10
37,8229,3.8520392146708973e-22,0.03999960320831795,7.596493036822681e-07,0.9599996371423785,25,30,10
37,8230,3.852039573137423e-22,0.03999960320831795,8.755664583860345e-07,0.9599995212252237,25,30,10
37,8231,3.85203957430811e-22,0.03999960320831795,7.930684940252628e-07,0.9599996037231883,25,30,10
37,8232,3.852023443268623e-22,0.03999960320831795,7.905359230220145e-07,0.9599996062557592,25,30,10
37,8233,3.8520233778620787e-22,0.03999960320831795,7.905240510308828e-07,0.9599996062676311,25,30,10
37,8234,3.852023382871144e-22,0.03999960320831795,7.88526512434887e-07,0.9599996082651697,25,30,10
37,8235,6.8045479003764e-24,0.03999960320831795,7.210636757184489e-07,0.9599996757280064,25,30,10
37,8236,6.804117739415534e-24,0.03999960320831795,7.20557871753252e-07,0.9599996762338104,25,30,10
37,8237,6.804117370909056e-24,0.03999960320831795,7.220050262133012e-07,0.9599996747866559,25,30,10
37,8238,6.80411724733759e-24,0.03999960320831795,7.205826409117875e-07,0.9599996762090413,25,30,10
37,8239,6.802482761246882e-24,0.03999960320831795,7.185493934648952e-07,0.9599996782422887,25,30,10
37,8240,6.802081277431841e-24,0.03999960320831795,7.191346416680265e-07,0.9599996776570405,25,30,10
37,8241,6.803679917295657e-24,0.03999960320831795,6.032779202352317e-07,0.959999793513762,25,30,10
37,8242,6.80365840904873e-24,0.03999960320831795,6.033130067881296e-07,0.9599997934786754,25,30,10
37,8243,6.803664949545585e-24,0.03999960320831795,6.033131871783617e-07,0.9599997934784951,25,30,10
37,8244,1.4928332776034774e-24,0.03999960320831795,4.888430222738237e-07,0.9599999079486601,25,30,10
37,8245,1.4944607117438324e-24,0.03999960320831795,4.882575937422639e-07,0.9599999085340886,25,30,10
37,8246,1.4928260995240168e-24,0.03999960320831795,4.882672570858786e-07,0.9599999085244252,25,30,10
37,8247,1.49241745498329e-24,0.03999960320831795,4.895986209513774e-07,0.9599999071930614,25,30,10
37,8248,1.493227553971201e-24,0.03999960320831795,2.769156380800583e-06,0.9599976276353016,25,30,10
37,8249,1.4936361980576167e-24,0.03999960320831795,2.767744902285886e-06,0.95999762904678,25,30,10
37,8250,1.4703491344223373e-24,0.03999960320831795,2.767740910522553e-06,0.9599976290507719,25,30,10
37,8251,3.0418879481383135e-22,0.03999960320831795,2.8077364534846238e-06,0.9599975890552288,25,30,10
37,8252,1.4707577852808565e-24,0.03999960320831795,2.767741529256435e-06,0.9599976290501532,25,30,10
37,8253,1.4707291100427286e-24,0.03999960320831795,2.7677413756998225e-06,0.9599976290503066,25,30,10
37,8254,1.4707507352041935e-24,0.03999960320831795,2.769128093906428e-06,0.9599976276635884,25,30,10
37,8255,1.4940369149572077e-24,0.03999960320831795,2.7711617279539637e-06,0.9599976256299543,25,30,10
37,8256,1.5872384932281529e-24,0.03999960320831795,2.771203763661721e-06,0.9599976255879186,25,30,10
37,8257,1.5888448053392396e-24,0.03999960320831795,2.7697651808310215e-06,0.9599976270265015,25,30,10
37,8258,1.5888448073674547e-24,0.03999960320831795,2.770359365170786e-06,0.959997626432317,25,30,10
37,8259,1.4956432290965094e-24,0.03999960320831795,2.770317329463029e-06,0.9599976264743527,25,30,10
37,8260,1.517301850532365e-24,0.03999960320831795,2.7702813170446673e-06,0.9599976265103652,25,30,10
37,8261,1.515667242607002e-24,0.03999960320831795,2.7703077899186747e-06,0.9599976264838923,25,30,10
37,8262,1.5156887505109213e-24,0.03999960320831795,2.7702826662556654e-06,0.959997626509016,25,30,10
37,8263,1.515710260463204e-24,0.03999960320831795,2.770343071564625e-06,0.9599976264486108,25,30,10
37,8264,1.5161187962164347e-24,0.03999960320831795,2.771802317100214e-06,0.9599976249893651,25,30,10
37,8265,1.5161475893205707e-24,0.03999960320831795,2.886260023835151e-06,0.9599975105316585,25,30,10
37,8266,1.516147589356573e-24,0.03999960320831795,2.88628514744266e-06,0.9599975105065348,25,30,10
37,8267,1.516118409033377e-24,0.03999960320831795,2.8848369358923684e-06,0.9599975119547463,25,30,10
37,8268,3.0425733122968797e-22,0.03999960320831795,2.8578474853479727e-06,0.9599975389441968,25,30,10
37,8269,3.030248330219e-22,0.03999960320831795,2.8572651654815445e-06,0.9599975395265166,25,30,10
37,8270,3.0311800541301014e-22,0.03999960320831795,2.8591617174372583e-06,0.9599975376299645,25,30,10
37,8271,3.0311759675347997e-22,0.03999960320831795,2.8591361447636084e-06,0.9599975376555372,25,30,10
37,8272,3.0302278987581433e-22,0.03999960320831795,2.857198182837643e-06,0.9599975395934992,25,30,10
37,8273,3.030227897522395e-22,0.03999960320831795,2.8572249168215103e-06,0.9599975395667651,25,30,10
37,8274,3.0302319827087242e-22,0.03999960320831795,2.857225132783188e-06,0.9599975395665493,25,30,10
37,8275,3.0302483238551666e-22,0.03999960320831795,2.8856621144714053e-06,0.9599975111295675,25,30,10
37,8276,3.0302483226310876e-22,0.03999960320831795,2.8836641424409147e-06,0.9599975131275396,25,30,10
37,8277,3.030248604462663e-22,0.03999960320831795,2.8836718569366063e-06,0.9599975131198252,25,30,10
37,8278,3.0302483164528675e-22,0.03999960320831795,2.8856967222262877e-06,0.9599975110949599,25,30,10
37,8279,3.0311636986546566e-22,0.03999960320831795,2.968231159342925e-06,0.9599974285605228,25,30,10
37,8280,3.0302483164523103e-22,0.03999960320831795,2.8871430089175904e-06,0.9599975096486731,25,30,10
37,8281,3.0304812424091213e-22,0.03999960320831795,2.887130774546835e-06,0.9599975096609076,25,30,10
37,8282,6.038438126727887e-22,0.03999960320831795,0.000269219791914702,0.9597311769997674,25,30,10
37,8283,6.038209242289307e-22,0.03999960320831795,0.00026916630896154216,0.9597312304827206,25,30,10
37,8284,6.038213257102627e-22,0.03999960320831795,0.00026916832197401204,0.9597312284697082,25,30,10
37,8285,6.039128639916097e-22,0.03999960320831795,0.00026916772797762616,0.9597312290637044,25,30,10
37,8286,6.039124266624073e-22,0.03999960320831795,0.00026905181082036974,0.9597313449808618,25,30,10
37,8287,6.039349026182234e-22,0.03999960320831795,0.0002667736647683539,0.9597336231269139,25,30,10
37,8288,6.092473886855719e-22,0.03999960320831795,0.0002668021632741026,0.959733594628408,25,30,10
37,8289,3.065286556478824e-22,0.03999960320831795,0.0002668001125473193,0.9597335966791348,25,30,10
37,8290,3.064354828780835e-22,0.03999960320831795,0.000266798699814605,0.9597335980918676,25,30,10
37,8291,5.663087661187425e-24,0.03999960320831795,4.660511380663922e-07,0.9599999307405441,25,30,10
37,8292,5.6634963227293224e-24,0.03999960320831795,4.944984155172941e-07,0.9599999022932666,25,30,10
37,8293,5.663496320602873e-24,0.03999960320831795,4.944384170103944e-07,0.9599999023532653,25,30,10
37,8294,5.663496455030099e-24,0.03999960320831795,4.931185211939532e-07,0.959999903673161,25,30,10
37,8295,5.6630948455431816e-24,0.03999960320831795,4.924656197077656e-07,0.9599999043260624,25,30,10
37,8296,5.6631030100874985e-24,0.03999960320831795,4.924899653669512e-07,0.9599999043017167,25,30,10
37,8297,5.663110314098383e-24,0.03999960320831795,4.910798777368809e-07,0.9599999057118044,25,30,10
37,8298,6.990824072158405e-24,0.03999960320831795,4.925628967564585e-07,0.9599999042287855,25,30,10
37,8299,1.7260619476928863e-20,0.03999960320831795,5.1959698354648e-07,0.9599998771946986,25,30,10
37,8300,1.7260596184209458e-20,0.03999960320831795,5.196197257273964e-07,0.9599998771719562,25,30,10
37,8301,1.7260595782723845e-20,0.03999960320831795,5.195840915595827e-07,0.9599998772075905,25,30,10
37,8302,1.726059700868521e-20,0.03999960320831795,5.189979442405303e-07,0.959999877793738,25,30,10
37,8303,1.726059741733593e-20,0.03999960320831795,5.21031764933678e-07,0.9599998757599171,25,30,10
37,8304,1.726059578321908e-20,0.03999960320831795,4.925593011037308e-07,0.9599999042323809,25,30,10
37,8305,1.7260619073098326e-20,0.03999960320831795,7.098801092062247e-06,0.95999329799059,25,30,10
37,8306,1.726061907309395e-20,0.03999960320831795,7.098766477622796e-06,0.9599932980252045,25,30,10
37,8307,1.7260595787046116e-20,0.03999960320831795,7.096756059372202e-06,0.9599933000356228,25,30,10
37,8308,1.7336243278420734e-20,0.039999603208322236,1.1800954433755344e-05,0.9599885958372439,25,30,10
37,8309,1.733622039435204e-20,0.039999603208322236,1.1800988860083646e-05,0.9599885958028176,25,30,10
37,8310,1.733622038630461e-20,0.039999603208322236,1.1800964694925218e-05,0.9599885958269827,25,30,10
37,8311,1.7336197093097576e-20,0.039999603208322236,1.1800918739869209e-05,0.9599885958729379,25,30,10
37,8312,1.733619709359171e-20,0.039999603208322236,1.1800918750654488e-05,0.9599885958729272,25,30,10
37,8313,1.7336197501741852e-20,0.039999603208322236,1.180095418812495e-05,0.9599885958374896,25,30,10
37,8314,1.7336197508408095e-20,0.039999603208322236,1.1800989243453228e-05,0.9599885958024342,25,30,10
37,8315,1.733619750135806e-20,0.039999603208322236,1.1800928805332766e-05,0.9599885958628724,25,30,10
37,8316,1.7336197472681983e-20,0.039999603208322236,1.1888373305041734e-05,0.9599885084183727,25,30,10
37,8317,1.733619746551275e-20,0.039999603208322236,1.1888338061768822e-05,0.9599885084536158,25,30,10
37,8318,8.124110607394426e-23,0.039999603208322236,1.1860320653482382e-05,0.9599885364710243,25,30,10
37,8319,8.256720440809473e-23,0.03999960320832224,1.1942818832938874e-05,0.9599884539728448,25,30,10
37,8320,8.263708025697571e-23,0.03999960320832224,5.33707653136646e-06,0.9599950597151463,25,30,10
37,8321,8.273024598639147e-23,0.03999960320832224,5.337101920153254e-06,0.9599950596897575,25,30,10
37,8322,8.27302535330751e-23,0.03999960320832224,5.337102073764395e-06,0.959995059689604,25,30,10
37,8323,8.27286471017889e-23,0.03999960320832224,5.33566334423433e-06,0.9599950611283334,25,30,10
37,8324,8.272861892087203e-23,0.03999960320832224,5.3356801496638785e-06,0.959995061111528,25,30,10
37,8325,8.272861759658086e-23,0.03999999018004111,4.948708432487988e-06,0.9599950611115262,25,30,10
37,8326,8.272862376853689e-23,0.03999999018004111,4.9472965381056775e-06,0.9599950625234207,25,30,10
37,8327,8.282179664658023e-23,0.03999999018004111,4.947771119035402e-06,0.9599950620488397,25,30,10
37,8328,8.282181097664926e-23,0.03999999018004111,4.947760781577288e-06,0.9599950620591771,25,30,10
37,8329,8.28217828025057e-23,0.03999999018004111,4.947760166692326e-06,0.959995062059792,25,30,10
37,8330,8.273024451684318e-23,0.03999999018004111,4.948708593045551e-06,0.9599950611113657,25,30,10
37,8331,1.5840103337907285e-22,0.03999999018004119,9.652034537249937e-06,0.9599903577854214,25,30,10
37,8332,1.5840105501279095e-22,0.03999999018004119,9.651543775414995e-06,0.9599903582761833,25,30,10
37,8333,8.27302709172869e-23,0.0399999901800369,4.947345174404997e-06,0.9599950624747885,25,30,10
37,8334,8.273029997411912e-23,0.0399999901800369,4.947318416873153e-06,0.9599950625015461,25,30,10
37,8335,8.273029946868629e-23,0.0399999901800369,4.949351286020595e-06,0.9599950604686769,25,30,10
37,8336,8.273067946184114e-23,0.0399999901800369,4.949326599228455e-06,0.9599950604933638,25,30,10
37,8337,8.275561441410927e-23,0.03999999018003698,5.032502463788747e-06,0.9599949773174992,25,30,10
37,8338,8.275561441410927e-23,0.03999999018003698,5.032502463788747e-06,0.9599949773174992,25,30,10
37,8339,8.27552064007743e-23,0.03999999018003698,5.032467237162528e-06,0.9599949773527257,25,30,10
37,8340,8.27302710691207e-23,0.0399999901800369,4.9493010330359625e-06,0.9599950605189299,25,30,10
37,8341,7.061116702137364e-24,0.039999990180036825,2.474476302084294e-07,0.9599997623723329,25,30,10
37,8342,6.950061202184082e-24,0.039999999829769886,2.3779789714968832e-07,0.9599997623723329,25,30,10
37,8343,6.856917107497624e-24,0.039999999829769886,3.532159815298369e-07,0.9599996469542486,25,30,10
37,8344,6.858558884484168e-24,0.039999999829769886,4.690980968547868e-07,0.9599995310721332,25,30,10
37,8345,6.83526615606957e-24,0.039999999829769886,4.6909905694463465e-07,0.9599995310711732,25,30,10
37,8346,6.740050999324947e-24,0.039999999829769886,4.676731130604838e-07,0.9599995324971171,25,30,10
37,8347,6.740022322155839e-24,0.039999999829769886,3.517905528431121e-07,0.9599996483796772,25,30,10
37,8348,6.740022910029733e-24,0.039999999829769886,2.6313830865145066e-06,0.9599973687871436,25,30,10
37,8349,6.740051587437782e-24,0.039999999829769886,2.631498265122731e-06,0.9599973686719651,25,30,10
37,8350,6.739614508504547e-24,0.039999999829769886,2.7452666190693266e-06,0.9599972549036111,25,30,10
37,8351,6.739205252273673e-24,0.039999999829769886,4.657088861504767e-07,0.959999534461344,25,30,10
37,8352,6.737993636093573e-24,0.039999999829769886,3.7829990279052135e-07,0.9599996218703274,25,30,10
37,8353,6.736394987567922e-24,0.039999999829769886,4.1682226836229655e-07,0.9599995833479619,25,30,10
37,8354,6.736395618509541e-24,0.039999999829769886,4.1683092358033474e-07,0.9599995833393067,25,30,10
37,8355,8.232288079661532e-23,0.03999999982976989,4.4729038799856995e-07,0.9599995528798424,25,30,10
37,8356,8.232288746498416e-23,0.03999999982976989,4.4732623024928365e-07,0.9599995528440001,25,30,10
37,8357,8.232493739229667e-23,0.03999999982976989,4.872852268394047e-07,0.9599995128850034,25,30,10
37,8358,8.232494443586791e-23,0.03999999982976989,4.873196665691979e-07,0.9599995128505637,25,30,10
37,8359,8.241811709207633e-23,0.03999999982976989,3.714233757847941e-07,0.9599996287468545,25,30,10
37,8360,8.241975119788949e-23,0.03999999982976989,4.539129469296782e-07,0.9599995462572832,25,30,10
37,8361,8.374746436542514e-23,0.03999999982976989,4.5397397547374256e-07,0.9599995461962547,25,30,10
37,8362,8.365429862922259e-23,0.03999999982976989,4.5396539996033914e-07,0.9599995462048304,25,30,10
37,8363,8.365388947525806e-23,0.03999999982976989,4.539043518121111e-07,0.9599995462658785,25,30,10
37,8364,8.365388230605818e-23,0.03999999982976989,4.538918648619525e-07,0.9599995462783653,25,30,10
37,8365,8.365225487203418e-23,0.03999999982976989,4.5314556873992957e-07,0.9599995470246615,25,30,10
37,8366,8.367391294549587e-23,0.03999999982976989,4.531460457215687e-07,0.9599995470241847,25,30,10
37,8367,8.234658147393057e-23,0.03999999982976989,3.7467752824787567e-07,0.9599996254927021,25,30,10
37,8368,8.243971839716176e-23,0.03999999982976989,3.361299854131258e-07,0.959999664040245,25,30,10
37,8369,8.243971122781053e-23,0.03999999982976989,3.354285042848152e-07,0.9599996647417259,25,30,10
37,8370,8.24397112278099e-23,0.03999999982976989,3.353938899117759e-07,0.9599996647763405,25,30,10
37,8371,8.246299727998386e-23,0.03999999982976989,3.368066201191763e-07,0.9599996633636101,25,30,10
37,8372,8.246337712982471e-23,0.03999999982976989,3.3683335514035423e-07,0.9599996633368751,25,30,10
37,8373,8.246339863552263e-23,0.03999999982976989,3.3682246695221863e-07,0.9599996633477632,25,30,10
37,8374,8.246343435628458e-23,0.03999999982976989,4.5273920209922576e-07,0.959999547431028,25,30,10
37,8375,8.246346265415404e-23,0.03999999982976989,4.532133305580451e-07,0.9599995469568996,25,30,10
37,8376,8.246141223255567e-23,0.03999999982976989,4.132192818059581e-07,0.9599995869509483,25,30,10
37,8377,8.24381190581265e-23,0.03999999982976989,3.3272872181127747e-07,0.9599996674415084,25,30,10
37,8378,8.243811955138462e-23,0.03999999982976989,2.1734612590517884e-07,0.9599997828241041,25,30,10
37,8379,8.243812622641205e-23,0.03999999982976989,2.159243699928646e-07,0.9599997842458601,25,30,10
37,8380,3.851558358900999e-22,0.03999999982976989,2.986180695161421e-07,0.9599997015521605,25,30,10
37,8381,3.0947781318015223e-22,0.039999999829769886,2.681235808584255e-07,0.9599997320466491,25,30,10
37,8382,3.0947784789816305e-22,0.039999990134016145,2.7781933460040237e-07,0.9599997320466491,25,30,10
37,8383,3.1478869595418635e-22,0.039999990134016145,2.778379006486961e-07,0.9599997320280831,25,30,10
37,8384,3.147887031237286e-22,0.039999990134016145,2.778735600893675e-07,0.9599997319924237,25,30,10
37,8385,3.147887030156837e-22,0.039999990134016145,2.738157874464799e-07,0.9599997360501963,25,30,10
37,8386,3.1476541029494803e-22,0.039999990134016145,2.7240305151299813e-07,0.9599997374629322,25,30,10
37,8387,3.1476541029274417e-22,0.039999990134016145,2.70369856714265e-07,0.959999739496127,25,30,10
37,8388,6.174841396781033e-22,0.039999990134016145,2.729020060915876e-07,0.9599997369639778,25,30,10
37,8389,6.173909674114152e-22,0.039999990134016145,2.714800229684144e-07,0.9599997383859608,25,30,10
37,8390,6.173909746976802e-22,0.039999990134016145,2.7155092245621187e-07,0.9599997383150614,25,30,10
37,8391,3.1467285638329386e-22,0.039999990134016145,1.8834742679485683e-07,0.959999821518557,25,30,10
37,8392,3.146728850605457e-22,0.039999990134016145,1.903541557603968e-07,0.959999819511828,25,30,10
37,8393,3.1467285022423023e-22,0.039999990134016145,1.902937509629502e-07,0.9599998195722328,25,30,10
37,8394,3.1476601583346394e-22,0.039999990134016145,1.9167062920763602e-07,0.9599998181953546,25,30,10
37,8395,1.2047287076995803e-23,0.039999990134016145,1.8913826069479402e-07,0.9599998207277232,25,30,10
37,8396,1.2048519918908499e-23,0.039999990134016145,6.7953711158391315e-06,0.959993214494868,25,30,10
37,8397,1.204892793219031e-23,0.039999990134016145,6.796810418193497e-06,0.9599932130555656,25,30,10
37,8398,1.2052168357856606e-23,0.039999990134016145,6.797309321395997e-06,0.9599932125566624,25,30,10
37,8399,1.205216772695301e-23,0.039999990134016145,6.797333869056429e-06,0.9599932125321148,25,30,10
37,8400,1.2051795037563017e-23,0.039999990134016145,6.8372928555713065e-06,0.9599931725731282,25,30,10
37,8401,1.2048532978215069e-23,0.039999990134016145,6.836319824100179e-06,0.9599931735461597,25,30,10
37,8402,1.2071821859315209e-23,0.039999990134016145,1.3442536874039514e-05,0.9599865673291099,25,30,10
37,8403,1.20701869977465e-23,0.039999990134016145,1.3442523568333371e-05,0.9599865673424155,25,30,10
37,8404,1.7381031397637742e-23,0.039999990134016145,1.3525047244325646e-05,0.9599864848187394,25,30,10
37,8405,1.7381031404293626e-23,0.039999990134016145,1.352507218761155e-05,0.9599864847937962,25,30,10
37,8406,1.2070194173566274e-23,0.039999990134016145,1.3442525769248496e-05,0.9599865673402144,25,30,10
37,8407,1.2093895524095423e-23,0.039999990134016145,1.3483187969170991e-05,0.9599865266780145,25,30,10
37,8408,1.2093959039831359e-23,0.039999990134016145,1.3483687194080685e-05,0.9599865261787898,25,30,10
37,8409,1.2093987833995982e-23,0.039999990134016145,1.3485720846819981e-05,0.9599865241451369,25,30,10
37,8410,1.2093923810889232e-23,0.039999990134016145,1.3485221840141218e-05,0.9599865246441436,25,30,10
37,8411,1.2093895647627467e-23,0.039999990134016145,1.3483179813580905e-05,0.9599865266861701,25,30,10
37,8412,1.2093895270254431e-23,0.039999990134016145,1.3485200720215599e-05,0.9599865246652635,25,30,10
37,8413,1.2116779841068108e-23,0.039999990134016145,1.3485235774036227e-05,0.9599865246302096,25,30,10
37,8414,1.742742727402861e-23,0.039999990134016145,1.505406639535992e-05,0.9599849557995884,25,30,10
37,8415,1.7450691798019165e-23,0.039999990134016145,1.5094052591594843e-05,0.9599849158133922,25,30,10
37,8416,1.7450720601352646e-23,0.039999990134016145,1.5096086369648784e-05,0.959984913779614,25,30,10
37,8417,1.7427434198707745e-23,0.039999990134016145,1.5056104188622005e-05,0.9599849537617949,25,30,10
37,8418,1.7404169780235743e-23,0.039999990134016145,1.505532240456523e-05,0.9599849545435791,25,30,10
37,8419,1.727237230169752e-20,0.039999990134016145,1.5056536091967221e-05,0.9599849533298916,25,30,10
37,8420,1.7267061475140572e-20,0.039999990134016145,1.5056492575818195e-05,0.9599849533734078,25,30,10
37,8421,1.7267061454135628e-20,0.039999990134016145,1.5058550549270493e-05,0.9599849513154344,25,30,10
37,8422,2.1580707959167468e-20,0.03999999013402044,1.6807194878306106e-05,0.959983202671101,25,30,10
37,8423,2.1580707937657058e-20,0.03999999013402044,1.6805197374547478e-05,0.9599832046686048,25,30,10
37,8424,2.158070796583124e-20,0.03999999013402044,1.6805232606979277e-05,0.9599832046333724,25,30,10
37,8425,2.1580708374484288e-20,0.03999999013402044,1.6807252542563556e-05,0.9599832026134366,25,30,10
37,8426,1.7267061840669115e-20,0.039999990134016145,1.5056557932572455e-05,0.959984953308051,25,30,10
37,8427,1.7267062248695345e-20,0.039999990134016145,1.5056568218697185e-05,0.9599849532977649,25,30,10
37,8428,1.726706268651128e-20,0.039999990134016145,1.5056585281207071e-05,0.9599849532807023,25,30,10
37,8429,1.7267155421700245e-20,0.039999990134016145,1.5056597159287105e-05,0.9599849532688244,25,30,10
37,8430,1.7267155393023148e-20,0.039999990134016145,1.5028124642272773e-05,0.9599849817413414,25,30,10
37,8431,1.7267153780198896e-20,0.039999990134016145,8.450355279281706e-06,0.9599915595107045,25,30,10
37,8432,1.7267154217526922e-20,0.039999990134016145,8.56623677774476e-06,0.9599914436292061,25,30,10
37,8433,1.2186078307888841e-23,0.039999990134016145,8.565010780504046e-06,0.9599914448552032,25,30,10
37,8434,1.2186487455180484e-23,0.039999990134016145,8.56705256278313e-06,0.959991442813421,25,30,10
37,8435,1.2186895989085079e-23,0.039999990134016145,8.5650799820652e-06,0.9599914447860017,25,30,10
37,8436,1.2093765977987151e-23,0.039999990134016145,1.0844635669674699e-05,0.9599891652303141,25,30,10
37,8437,1.209416746190527e-23,0.039999990134016145,1.0730177958046754e-05,0.9599892796880259,25,30,10
37,8438,1.2117453525205761e-23,0.039999990134016145,1.072962776415367e-05,0.9599892802382199,25,30,10
37,8439,1.211707354954943e-23,0.039999990134016145,1.0729629162170408e-05,0.9599892802368218,25,30,10
37,8440,1.2140331304065285e-23,0.039999990134016145,1.0691117516772807e-05,0.9599893187484674,25,30,10
37,8441,6.829684365429377e-24,0.039999990134016145,9.122261668117363e-06,0.959990887604316,25,30,10
37,8442,6.82971254181048e-24,0.039999990134016145,9.238178403318057e-06,0.9599907716875805,25,30,10
37,8443,1.21638167954063e-23,0.039999990134016145,9.326109625701588e-06,0.9599906837563581,25,30,10
37,8444,1.2164627309656902e-23,0.039999990134016145,9.32678730903239e-06,0.9599906830786749,25,30,10
37,8445,1.2140954133578261e-23,0.039999990134016145,9.28611498752677e-06,0.9599907237509965,25,30,10
37,8446,1.2140136326442881e-23,0.039999990134016145,9.28540163717035e-06,0.9599907244643469,25,30,10
37,8447,4.325076685531624e-21,0.039999990134016145,1.5890235838988467e-05,0.9599841196301448,25,30,10
37,8448,4.6858341799961416e-21,0.03999225393869503,2.3626431160063094e-05,0.9599841196301448,25,30,10
37,8449,4.680500462885348e-21,0.03999225393869503,2.3512096173388925e-05,0.9599842339651317,25,30,10
37,8450,4.680523713096435e-21,0.03999225393869503,2.123253923111086e-05,0.9599865135220739,25,30,10
37,8451,2.1929228660349598e-20,0.039992253938699325,2.3409168243192858e-05,0.9599843368930575,25,30,10
37,8452,2.192922781512333e-20,0.039992253938699325,2.3293929179929486e-05,0.9599844521321208,25,30,10
37,8453,2.1929229456150213e-20,0.039992253938699325,2.329472221309987e-05,0.9599844513390876,25,30,10
37,8454,2.192922945601345e-20,0.039992253938699325,2.3294747235444894e-05,0.9599844513140653,25,30,10
37,8455,2.1929231090121543e-20,0.039992253938699325,2.337724541585467e-05,0.9599843688158849,25,30,10
37,8456,2.1929207825074296e-20,0.039992253938699325,2.337578756308627e-05,0.9599843702737377,25,30,10
37,8457,2.1929207825577294e-20,0.039992253938699325,2.337578800088658e-05,0.9599843702732997,25,30,10
37,8458,2.192920782607839e-20,0.039992253938699325,2.3375787536574154e-05,0.9599843702737642,25,30,10
37,8459,2.1929206184799833e-20,0.039992253938699325,2.3374316828036347e-05,0.9599843717444726,25,30,10
37,8460,2.192920618480212e-20,0.039992253938699325,2.326043268050106e-05,0.95998448562862,25,30,10
37,8461,1.7626844751763343e-20,0.039992253938699325,1.668360102289093e-05,0.9599910624602778,25,30,10
37,8462,1.76269146316212e-20,0.039992253938699325,1.1700260495041109e-05,0.9599960458008056,25,30,10
37,8463,1.762824193630969e-20,0.039992253938699325,1.1700953440514743e-05,0.9599960451078602,25,30,10
37,8464,1.7629568012768735e-20,0.039992253938699325,1.1700954067994089e-05,0.9599960451072326,25,30,10
37,8465,1.762956841425176e-20,0.039992253938699325,1.1781418811857539e-05,0.9599959646424887,25,30,10
37,8466,1.7629568392741515e-20,0.039992253938699325,1.1897310995373413e-05,0.9599958487503052,25,30,10
37,8467,1.7630896032112292e-20,0.039992253938699325,1.4099544273275305e-05,0.9599936465170273,25,30,10
37,8468,1.7632223738713177e-20,0.039992253938699325,1.3985075100893341e-05,0.9599937609861996,25,30,10
37,8469,1.7632318506394754e-20,0.039992253938699325,1.8686371821081896e-05,0.9599890596894796,25,30,10
37,8470,1.7632226971771398e-20,0.039992253938699325,1.7064917827063657e-05,0.9599906811434735,25,30,10
37,8471,1.7632133838697704e-20,0.039992253938699325,1.2361638247164652e-05,0.9599953844230535,25,30,10
37,8472,1.727137839516282e-20,0.039999990181017825,4.62539592871075e-06,0.9599953844230535,25,30,10
37,8473,1.7270073984463053e-20,0.039999990181017825,4.583568525840321e-06,0.9599954262504562,25,30,10
37,8474,1.7270167128680993e-20,0.039999990181017825,4.584991380193271e-06,0.959995424827602,25,30,10
37,8475,1.7270166692105205e-20,0.039999990181017825,4.583544043426445e-06,0.9599954262749388,25,30,10
37,8476,1.7572884534788956e-20,0.039999990181017825,4.699433407718246e-06,0.9599953103855746,25,30,10
37,8477,1.7572884562837454e-20,0.039999990181017825,4.727893746815351e-06,0.9599952819252355,25,30,10
37,8478,1.7562216273779926e-20,0.039999990181017825,4.698443605818857e-06,0.9599953113753766,25,30,10
37,8479,1.7563545539587973e-20,0.039999990181017825,6.321346314344258e-06,0.9599936884726681,25,30,10
37,8480,3.0952810652764303e-22,0.03999999018101354,4.156213883705125e-06,0.959995853605103,25,30,10
37,8481,3.0819881921169897e-22,0.03999999018101354,2.5332878179135057e-06,0.9599974765311688,25,30,10
37,8482,3.081988258866874e-22,0.03999999018101354,2.534735441390712e-06,0.9599974750835452,25,30,10
37,8483,3.0952487255901875e-22,0.03999999018101354,2.6506030758887145e-06,0.9599973592159107,25,30,10
37,8484,3.081971658840351e-22,0.03999999018101354,2.647893340930716e-06,0.9599973619256456,25,30,10
37,8485,3.081971665106937e-22,0.03999999018101354,2.7637982103917296e-06,0.9599972460207761,25,30,10
37,8486,3.0819675749201643e-22,0.03999999018101354,2.6813100998712826e-06,0.9599973285088866,25,30,10
37,8487,3.082196419962152e-22,0.03999999018101354,2.797166982588337e-06,0.9599972126520039,25,30,10
37,8488,3.0689192824354027e-22,0.03999999018101354,2.795718386015926e-06,0.9599972141006005,25,30,10
37,8489,3.068918995748044e-22,0.03999999018101354,2.7950523872159327e-06,0.9599972147665993,25,30,10
37,8490,3.0698465690124157e-22,0.03999999018101354,2.79368532247119e-06,0.9599972161336638,25,30,10
37,8491,3.0689312578255807e-22,0.03999999018101354,2.908163499866138e-06,0.9599971016554867,25,30,10
37,8492,3.0819732044422905e-22,0.03999999018101354,9.473719809835398e-06,0.9599905360991766,25,30,10
37,8493,3.0819732081053355e-22,0.03999999018101354,9.473684592084412e-06,0.9599905361343944,25,30,10
37,8494,3.081973489871863e-22,0.03999999018101354,9.475131923837888e-06,0.9599905346870626,25,30,10
37,8495,3.0686963569170523e-22,0.03999999018101354,9.475070819784158e-06,0.9599905347481668,25,30,10
37,8496,3.073118236955118e-22,0.03999226126203389,1.7203989799424634e-05,0.9599905347481668,25,30,10
37,8497,3.073134583098824e-22,0.03999226126203389,1.720544527665878e-05,0.9599905332926896,25,30,10
37,8498,4.62089823600169e-21,0.03999226126203818,1.939770313170418e-05,0.9599883410348303,25,30,10
37,8499,4.620898652285765e-21,0.03999226126203818,2.1677296505266936e-05,0.9599860614414568,25,30,10
37,8500,4.619548157012749e-21,0.03999226126203818,1.9475063223579234e-05,0.9599882636747384,25,30,10
37,8501,4.61952489252407e-21,0.03999226126203818,1.9359170677746444e-05,0.9599883795672842,25,30,10
37,8502,4.624835718862282e-21,0.03999226126203818,1.9331424658060976e-05,0.959988407313304,25,30,10
37,8503,4.623508632483458e-21,0.03999226126203818,1.2725197158900711e-05,0.9599950135408032,25,30,10
37,8504,4.623508625314129e-21,0.03999226126203818,1.260929210917328e-05,0.9599951294458529,25,30,10
37,8505,4.320883926972904e-21,0.03999226126203818,1.2495407158906742e-05,0.9599952433308032,25,30,10
37,8506,4.320860634377085e-21,0.03999226126203818,1.2495406387247523e-05,0.9599952433315748,25,30,10
37,8507,4.320860254526933e-21,0.03999226126203818,1.2497414419818834e-05,0.9599952413235422,25,30,10
37,8508,9.849288117696748e-19,0.039992261275940306,0.00013146550119546145,0.9598762732228644,25,30,10
37,8509,9.849283675302365e-19,0.039999999782987426,0.0001237269941483293,0.9598762732228644,25,30,10
37,8510,9.849336767523035e-19,0.039999999782987426,0.00012376489217907517,0.9598762353248337,25,30,10
37,8511,9.849400070578582e-19,0.03999998685156597,0.00012377782360053715,0.9598762353248337,25,30,10
37,8512,9.849400070578493e-19,0.03999998685156597,0.0001237778240724723,0.9598762353243617,25,30,10
37,8513,9.849400985961277e-19,0.03999998685156597,0.00012377710321083725,0.9598762360452234,25,30,10
37,8514,4.332147489630065e-21,0.03999998683766384,4.847589178275362e-06,0.9599951655731581,25,30,10
37,8515,4.3374583365066616e-21,0.03999998683766384,4.963496787004975e-06,0.9599950496655494,25,30,10
37,8516,4.332170775091497e-21,0.03999998683766384,4.965302922405743e-06,0.9599950478594139,25,30,10
37,8517,4.332147890076462e-21,0.03999998683766384,1.156901286157866e-05,0.9599884441494747,25,30,10
37,8518,1.8654643503338646e-23,0.039999986837659554,9.262276651973586e-06,0.9599907508856886,25,30,10
37,8519,1.8561470347891662e-23,0.039999986837659554,9.261574413086757e-06,0.9599907515879277,25,30,10
37,8520,1.723376038821754e-23,0.039999986837659554,9.14565643574139e-06,0.9599908675059049,25,30,10
37,8521,3.1995331219073877e-22,0.039999986837659554,9.147490335011535e-06,0.9599908656720056,25,30,10
37,8522,3.1995287488014183e-22,0.039999986837659554,9.146032274041722e-06,0.9599908671300666,25,30,10
37,8523,3.2004563888426655e-22,0.039999986837659554,2.622338176878745e-06,0.9599973908241638,25,30,10
37,8524,3.1995247366970384e-22,0.039999986837659554,4.243791178389352e-06,0.9599957693711623,25,30,10
37,8525,3.1995248046168236e-22,0.039999986837659554,4.245859437517688e-06,0.9599957673029031,25,30,10
37,8526,3.252627392796774e-22,0.039999986837659554,8.94913538121296e-06,0.9599910640269596,25,30,10
37,8527,3.252643668415103e-22,0.039999986837659554,8.949721392832586e-06,0.9599910634409479,25,30,10
37,8528,3.2517119444535235e-22,0.039999986837659554,8.949019723221903e-06,0.9599910641426175,25,30,10
37,8529,3.2517286439905097e-22,0.039999986837659554,8.94905282245777e-06,0.9599910641095183,25,30,10
37,8530,3.2519615057898185e-22,0.039999986837659554,8.951074338480226e-06,0.9599910620880023,25,30,10
37,8531,3.251944806231127e-22,0.039999986837659554,8.953073819161167e-06,0.9599910600885216,25,30,10
37,8532,3.3048204437089484e-22,0.039999986837659554,8.991051733807907e-06,0.959991022110607,25,30,10
37,8533,1.0344214980021974e-22,0.039999986837659554,8.989915159764582e-06,0.959991023247181,25,30,10
37,8534,1.0334897678032701e-22,0.039999986837659554,8.987873672928969e-06,0.9599910252886679,25,30,10
37,8535,9.835588041277055e-19,0.039999986837659623,9.07171379101034e-06,0.9599909414485497,25,30,10
37,8536,9.83558827420845e-19,0.039999986837659623,9.187618497688109e-06,0.959990825543843,25,30,10
37,8537,9.835588270121925e-19,0.039999986837659623,9.149045751498073e-06,0.9599908641165892,25,30,10
37,8538,9.83553518387358e-19,0.039999986837659623,4.445747322890712e-06,0.9599955674150178,25,30,10
37,8539,9.835535187959978e-19,0.039999986837659623,4.445818041568431e-06,0.959995567344299,25,30,10
37,8540,9.83547188627072e-19,0.03999944722124392,4.9854344573027055e-06,0.959995567344299,25,30,10
37,8541,9.835471886270894e-19,0.03999944722124392,4.985434887000773e-06,0.9599955673438693,25,30,10
37,8542,9.835471882185621e-19,0.03999944722124392,4.985364782648055e-06,0.9599955674139735,25,30,10
37,8543,9.835471869926031e-19,0.03999944722124392,4.9853960341730645e-06,0.9599955673827221,25,30,10
37,8544,9.835471869849223e-19,0.03999944722124392,3.362495417404636e-06,0.9599971902833389,25,30,10
37,8545,9.835471869844299e-19,0.03999944722124392,3.362505695575523e-06,0.9599971902730607,25,30,10
37,8546,9.835471636984421e-19,0.03999944722124392,3.2466469412588125e-06,0.959997306131815,25,30,10
37,8547,9.835471636980649e-19,0.03999944722124392,3.244638700509849e-06,0.9599973081400557,25,30,10
37,8548,9.835471636979522e-19,0.03999944722124392,3.244613926236626e-06,0.9599973081648301,25,30,10
37,8549,1.6028861126890135e-23,0.03999944722124384,3.160086742764951e-06,0.9599973926920136,25,30,10
37,8550,1.6028889927907715e-23,0.03999944722124384,3.1600873291827145e-06,0.959997392691427,25,30,10
37,8551,1.5411785024369122e-23,0.03999944722124384,0.004661907253769342,0.955338645524987,25,30,10
37,8552,1.54130040894948e-23,0.03999944722124384,0.004659627686138617,0.9553409250926177,25,30,10
37,8553,1.541260260577848e-23,0.03999944722124384,0.004659627677809785,0.9553409251009465,25,30,10
37,8554,9.109004809508799e-23,0.03999944722124384,0.004661907271588182,0.955338645507168,25,30,10
37,8555,9.118362962678845e-23,0.03999944722124384,0.00466191027835558,0.9553386425004007,25,30,10
37,8556,9.11840101053833e-23,0.03999944722124384,0.004661910889615342,0.955338641889141,25,30,10
37,8557,8.58731816855679e-23,0.03999944722124384,0.004661872911077441,0.9553386798676787,25,30,10
37,8558,8.589646773979299e-23,0.03999944722124384,0.004661874333872741,0.9553386784448835,25,30,10
37,8559,8.589824526271391e-23,0.03999999744530178,0.004661324109814782,0.9553386784448835,25,30,10
37,8560,8.589823797200014e-23,0.03999999744530178,0.004661322076173057,0.9553386804785253,25,30,10
37,8561,8.592153073487678e-23,0.039999997445301846,0.00466294501273288,0.9553370575419653,25,30,10
37,8562,3.833171411154142e-22,0.039999997445301846,0.004664529366192834,0.9553354731885055,25,30,10
37,8563,3.833171696693669e-22,0.039999997445301846,0.004664529390556679,0.9553354731641416,25,30,10
37,8564,3.8331714149507214e-22,0.039999997445301846,0.004664527357969015,0.9553354751967292,25,30,10
37,8565,3.8331676152148603e-22,0.039999997445301846,0.004664527345958843,0.9553354752087395,25,30,10
37,8566,3.0763931604297756e-22,0.039999997445301846,0.004662248251543904,0.9553377543031545,25,30,10
37,8567,3.0763934459125647e-22,0.039999997445301846,0.004662328741474397,0.9553376738132239,25,30,10
37,8568,3.0764097919461587e-22,0.039999997445301846,0.0046623287316523545,0.9553376738230459,25,30,10
37,8569,3.128586620268696e-22,0.039999997445301846,0.004662247639772375,0.9553377549149258,25,30,10
37,8570,3.1285685033551144e-22,0.03999999030195828,0.004662254783115947,0.9553377549149258,25,30,10
37,8571,3.1816810759109815e-22,0.03999999030195828,0.004662255410954944,0.9553377542870868,25,30,10
37,8572,3.1816645914445496e-22,0.03999999030195828,0.0046622128823266724,0.9553377968157152,25,30,10
37,8573,3.1816646680805418e-22,0.03999999030195828,0.004662212890358165,0.9553377968076837,25,30,10
37,8574,3.1816646643733975e-22,0.03999999030195828,0.004662212416225824,0.955337797281816,25,30,10
37,8575,3.1814320234525067e-22,0.0399999903019582,0.00466058948863175,0.9553394202094101,25,30,10
37,8576,3.2345381356326814e-22,0.0399999903019582,0.004662212364278737,0.9553377973337632,25,30,10
37,8577,3.2345381357007886e-22,0.0399999903019582,0.004662212329369664,0.9553377973686723,25,30,10
37,8578,3.2345382036206054e-22,0.0399999903019582,0.004662212376286085,0.9553377973217558,25,30,10
37,8579,3.8709563583002623e-22,0.039999990313723074,0.00625345423261364,0.9537465554536635,25,30,10
37,8580,6.898143267398615e-22,0.039999990313723074,0.0062534570038589735,0.9537465526824183,25,30,10
37,8581,6.898143272537749e-22,0.039999990313723074,0.006253458451020509,0.9537465512352568,25,30,10
37,8582,6.898147287373714e-22,0.039999990313723074,0.0062534584862529614,0.9537465512000242,25,30,10
37,8583,6.897211477065742e-22,0.039999990313723074,0.006253455504260274,0.9537465541820168,25,30,10
37,8584,6.897211195190773e-22,0.039999990313723074,0.00625345549590672,0.9537465541903704,25,30,10
37,8585,6.897211475786041e-22,0.039999990313723074,0.006253483956237846,0.9537465257300393,25,30,10
37,8586,6.897211475786041e-22,0.039999990313723074,0.006253483956237846,0.9537465257300393,25,30,10
37,8587,6.897231908311462e-22,0.03999999031372308,0.006253514464107268,0.9537464952221698,25,30,10
37,8588,6.897232190054831e-22,0.03999999031372308,0.006253514475361216,0.953746495210916,25,30,10
37,8589,6.897231974973496e-22,0.03999999031372308,0.006253514464118113,0.953746495222159,25,30,10
37,8590,6.213880485837655e-22,0.0399999903019582,3.4095197550768177e-06,0.9599966001782869,25,30,10
37,8591,6.161705814406394e-22,0.0399999903019582,1.9025451192432455e-06,0.9599981071529227,25,30,10
37,8592,3.1345226321131897e-22,0.0399999903019582,1.9011779812752588e-06,0.9599981085200607,25,30,10
37,8593,3.1345226269748444e-22,0.0399999903019582,1.8997302093607496e-06,0.9599981099678326,25,30,10
37,8594,3.0814263287926977e-22,0.0399999903019582,1.9815546054153343e-06,0.9599980281434365,25,30,10
37,8595,3.0814099877015765e-22,0.0399999903019582,1.9815298207639193e-06,0.9599980281682212,25,30,10
37,8596,3.081414074230444e-22,0.0399999903019582,1.98359869478704e-06,0.959998026099347,25,30,10
37,8597,3.081430416435686e-22,0.0399999903019582,2.0660974912211877e-06,0.9599979436005506,25,30,10
37,8598,3.0814301297278287e-22,0.0399999903019582,2.064072929729281e-06,0.9599979456251121,25,30,10
37,8599,3.0814303497515913e-22,0.0399999903019582,2.065511770690949e-06,0.9599979441862712,25,30,10
37,8600,3.0814300592936107e-22,0.0399999903019582,2.0640891558481222e-06,0.9599979456088861,25,30,10
37,8601,3.0814137119910466e-22,0.0399999903019582,1.9815661999333893e-06,0.9599980281318419,25,30,10
37,8602,3.080482061169394e-22,0.0399999903019582,1.9056346867578138e-06,0.959998104063355,25,30,10
37,8603,3.133590581562445e-22,0.0399999903019582,1.98356593360333e-06,0.9599980261321083,25,30,10
37,8604,3.08048213268638e-22,0.0399999903019582,1.9076786137071893e-06,0.9599981020194283,25,30,10
37,8605,3.080481846000606e-22,0.0399999903019582,1.9056457451147046e-06,0.9599981040522967,25,30,10
37,8606,3.0804820610830815e-22,0.0399999903019582,1.9056452729348526e-06,0.9599981040527689,25,30,10
37,8607,3.080710906767947e-22,0.0399999903019582,1.905609758262695e-06,0.9599981040882837,25,30,10
37,8608,3.080715280037472e-22,0.03999999030195828,2.0220265468645473e-06,0.959997987671495,25,30,10
37,8609,3.0807030179184886e-22,0.03999999030195828,2.137918580693562e-06,0.9599978717794612,25,30,10
37,8610,3.0806907583495486e-22,0.03999999030195828,2.1713127964963686e-06,0.9599978383852453,25,30,10
37,8611,3.080690758308899e-22,0.03999999030195828,2.1713119907604276e-06,0.9599978383860511,25,30,10
37,8612,3.08069104007297e-22,0.03999999030195828,2.2538345102138063e-06,0.9599977558635315,25,30,10
37,8613,3.0804745307032117e-22,0.03999999030195828,2.252898080162444e-06,0.9599977567999616,25,30,10
37,8614,3.080470444205326e-22,0.03999999030195828,2.1369809101452577e-06,0.9599978727171318,25,30,10
37,8615,3.080470439175443e-22,0.03999999030195828,2.099019455721479e-06,0.9599979106785861,25,30,10
37,8616,3.08048678395333e-22,0.03999999030195828,2.0995188269921507e-06,0.9599979101792148,25,30,10
37,8617,3.080470439176584e-22,0.03999999030195828,2.0990191255747203e-06,0.9599979106789163,25,30,10
37,8618,3.080482698790425e-22,0.03999999030195828,2.0979341859819683e-06,0.9599979117638558,25,30,10
37,8619,3.0804662809547554e-22,0.03999999030195828,2.0974228634438394e-06,0.9599979122751785,25,30,10
37,8620,3.080470581308e-22,0.03999999030195828,2.0988583401692554e-06,0.9599979108397017,25,30,10
37,8621,3.0806992169814994e-22,0.0399999903019582,1.9838087987588724e-06,0.9599980258892431,25,30,10
37,8622,3.081630892527153e-22,0.0399999903019582,4.26338097814493e-06,0.9599957463170636,25,30,10
37,8623,3.0816431656197104e-22,0.03999999030195828,0.00013378539174519749,0.9598662243062965,25,30,10
37,8624,3.838392886732886e-22,0.03999999030195828,0.0001359491052013452,0.9598640605928404,25,30,10
37,8625,3.8383969015730486e-22,0.03999999030195828,0.00013594773817351592,0.9598640619598682,25,30,10
37,8626,3.838376470281792e-22,0.03999999030195828,0.00013603314732325259,0.9598639765507185,25,30,10
37,8627,3.839312283052149e-22,0.03999999030195835,0.00013615051793709155,0.9598638591801048,25,30,10
37,8628,3.839308268216184e-22,0.03999999030195835,0.0001361504726066018,0.9598638592254352,25,30,10
37,8629,3.8393069248488096e-22,0.03999999999276589,0.0001361407817990892,0.9598638592254352,25,30,10
37,8630,3.838371167735881e-22,0.03999999999276589,0.000133861889597306,0.959866138117637,25,30,10
37,8631,4.0915753777578786e-22,0.03999959964978971,0.00013426223257347533,0.959866138117637,25,30,10
37,8632,2.4625184701460153e-19,0.03999959964978971,0.00014086724209687532,0.9598595331081136,25,30,10
37,8633,2.4625317469987263e-19,0.03999959964978971,0.00014078478694155822,0.9598596155632688,25,30,10
37,8634,4.1050850525514176e-22,0.03999959964978971,0.00014078398622237523,0.959859616363988,25,30,10
37,8635,4.105085052549879e-22,0.03999959964978971,0.00014078543340819363,0.9598596149168022,25,30,10
37,8636,4.1050850500583215e-22,0.03999959964978971,0.00014074543853677418,0.9598596549116735,25,30,10
37,8637,4.104852405852816e-22,0.03999959964978971,0.00014074346579850535,0.9598596568844117,25,30,10
37,8638,4.1048526740838503e-22,0.039999599649789636,1.1248488471208623e-05,0.959989151861739,25,30,10
37,8639,1.0777879984563727e-22,0.039999599649789636,9.624780888384088e-06,0.9599907755693221,25,30,10
37,8640,1.0787194398968431e-22,0.039999599649789636,9.67883200933769e-06,0.959990721518201,25,30,10
37,8641,3.228973574549547e-23,0.039999599649789636,7.401234850965771e-06,0.9599929991153594,25,30,10
37,8642,3.2266453545921653e-23,0.039999599649789636,7.950534652185847e-07,0.9599996052967451,25,30,10
37,8643,1.72332174041899e-20,0.039999599649789636,0.00012601842057804205,0.9598743819296324,25,30,10
37,8644,1.723324069791506e-20,0.039999599649789636,0.0001260194292872752,0.959874380920923,25,30,10
37,8645,1.7233333870808195e-20,0.039999599649789636,0.00012602091229545014,0.9598743794379149,25,30,10
37,8646,1.7234661553855793e-20,0.039999599649789636,0.00012609742144611112,0.9598743029287643,25,30,10
37,8647,1.722944387133024e-20,0.039999599649789636,0.00012609799837050753,0.9598743023518398,25,30,10
37,8648,1.7229443878364948e-20,0.039999599649789636,0.00012598208183101802,0.9598744182683793,25,30,10
37,8649,1.7229443885534087e-20,0.039999599649789636,0.0001260979993990734,0.9598743023508112,25,30,10
37,8650,1.7229420620493123e-20,0.039999599649789636,0.00012609665713445917,0.9598743036930759,25,30,10
37,8651,1.7229513792887684e-20,0.039999599649789636,0.00012609715644985083,0.9598743031937603,25,30,10
37,8652,1.7229513843075354e-20,0.039999599649789636,0.00012609718061237023,0.9598743031695979,25,30,10
37,8653,1.7229515441957666e-20,0.039999599649789636,0.00012610063652523858,0.959874299713685,25,30,10
37,8654,1.722942188935769e-20,0.03999959964978956,0.00012598326654462646,0.9598744170836656,25,30,10
37,8655,1.7229421480713152e-20,0.03999959964978956,0.00012598459790085794,0.9598744157523095,25,30,10
37,8656,1.72294447737642e-20,0.03999959964978956,0.00012606508784378923,0.9598743352623664,25,30,10
37,8657,1.7228118696786e-20,0.03999959964978956,0.00012598763105890276,0.9598744127191513,25,30,10
37,8658,1.7228211869358122e-20,0.03999959964978956,0.0001260701291879062,0.9598743302210225,25,30,10
37,8659,1.7228305035073338e-20,0.03999959964978956,0.0001259556599497017,0.9598744446902607,25,30,10
37,8660,1.7228305034938794e-20,0.03999959964978956,0.0001259551691851683,0.9598744451810254,25,30,10
37,8661,1.7228305042103735e-20,0.03999959964978956,0.00012595591591900185,0.9598744444342914,25,30,10
37,8662,1.722830666970798e-20,0.03999959964978956,0.00012815956881371426,0.9598722407813968,25,30,10
37,8663,1.722830661952252e-20,0.03999959964978956,0.00012815959137973447,0.9598722407588308,25,30,10
37,8664,1.722821347580666e-20,0.03999959964978956,0.00012815805682206546,0.9598722422933885,25,30,10
37,8665,1.7228120331777188e-20,0.03999959964978956,0.00012807556877089554,0.9598723247814397,25,30,10
37,8666,1.722812030298724e-20,0.03999959964978956,0.00012807550833277492,0.959872324841878,25,30,10
37,8667,1.7228118639698915e-20,0.03999959964978956,0.00012804702650095207,0.9598723533237097,25,30,10
37,8668,1.722944627331639e-20,0.03999959964978956,0.0001302506580965677,0.9598701496921141,25,30,10
37,8669,1.7229353108099466e-20,0.03999959964978956,0.00013187305935494773,0.9598685272908557,25,30,10
37,8670,1.7229351473496172e-20,0.03999959964978956,0.00013186960384812377,0.9598685307463626,25,30,10
37,8671,1.7229351043343893e-20,0.03999959964978956,0.0001318695687943053,0.9598685307814165,25,30,10
37,8672,1.722928116349841e-20,0.03999959964978956,0.0001319500582915999,0.9598684502919191,25,30,10
37,8673,1.7230607241206757e-20,0.03999959964978956,0.00012978637493420278,0.9598706139752765,25,30,10
37,8674,1.7230607234163225e-20,0.03999959964978956,0.00012978631493166729,0.9598706140352791,25,30,10
37,8675,1.7230607205613802e-20,0.03999959964978956,0.00012978635015633926,0.9598706140000545,25,30,10
37,8676,1.723051403290715e-20,0.03999959964978956,0.00012970382720046674,0.9598706965230102,25,30,10
37,8677,1.7229186392244083e-20,0.03999959964978956,0.00012750218126834762,0.9598728981689423,25,30,10
37,8678,1.722918642103404e-20,0.03999959964978956,0.0001275421757424315,0.9598728581744682,25,30,10
37,8679,1.722916312848629e-20,0.03999959964978956,0.00012745968826406666,0.9598729406619465,25,30,10
37,8680,1.7229163128495075e-20,0.03999959964978956,0.00012745971303026018,0.9598729406371802,25,30,10
37,8681,1.722916312849523e-20,0.03999959964978956,0.00012746174542997685,0.9598729386047805,25,30,10
37,8682,1.722906995622854e-20,0.03999959964978956,0.00012746030625495006,0.9598729400439555,25,30,10
37,8683,1.1346415389984714e-19,0.03999959972755143,0.040058800427139836,0.9199415998453085,25,30,10
37,8684,1.1346415387821553e-19,0.03999959972755143,0.04005876043328056,0.9199416398391678,25,30,10
37,8685,1.1346548158433046e-19,0.03999959972755143,0.040058759722225376,0.919941640550223,25,30,10
37,8686,1.134653884119403e-19,0.03999959972755143,0.04005875823983466,0.9199416420326136,25,30,10
37,8687,1.1346541170516412e-19,0.03999959972755143,0.04005875972328056,0.9199416405491678,25,30,10
37,8688,1.1346541170504057e-19,0.03999959972755143,0.04005875973991652,0.9199416405325319,25,30,10
37,8689,1.1346541173360103e-19,0.03999959972755143,0.04005876115140866,0.9199416391210398,25,30,10
37,8690,1.134400913473787e-19,0.03999980939080814,0.04005855148815192,0.9199416391210398,25,30,10
37,8691,1.1344011460807683e-19,0.03999980939080814,0.040065156282816615,0.9199350343263749,25,30,10
37,8692,1.1344011298013745e-19,0.03999980939080814,0.04006515675711438,0.9199350338520772,25,30,10
37,8693,1.134401129664277e-19,0.03999980939080814,0.04006511820979606,0.9199350723993956,25,30,10
37,8694,7.838541492614814e-17,0.03999981375579909,0.04013377320611158,0.9198664130380889,25,30,10
37,8695,7.838541492778226e-17,0.03999981375579909,0.04013377318951115,0.9198664130546894,25,30,10
37,8696,7.836821397686018e-17,0.03999981375579909,0.04000854983115807,0.9199916364130425,25,30,10
37,8697,7.836821397724052e-17,0.03999981375579909,0.04000855077961729,0.9199916354645835,25,30,10
37,8698,7.836821528166155e-17,0.03999981375579909,0.04000855133857224,0.9199916349056285,25,30,10
37,8699,7.836821395394921e-17,0.03999981375579909,0.04000851137913276,0.9199916748650679,25,30,10
37,8700,7.836821395394266e-17,0.03999981375579909,0.04000851140349411,0.9199916748407065,25,30,10
37,8701,7.836821395394279e-17,0.03999981375579909,0.040008627312226694,0.9199915589319739,25,30,10
37,8702,7.971632176153862e-17,0.03999980939098546,0.04000863204853454,0.9199915585604798,25,30,10
37,8703,7.971632176153448e-17,0.03999980939098546,0.040008745936232826,0.9199914446727816,25,30,10
37,8704,7.971632173824845e-17,0.03999980939098546,0.04000866341371321,0.9199915271953012,25,30,10
37,8705,7.971632173825499e-17,0.03999980939098546,0.040008665411254495,0.91999152519776,25,30,10
37,8706,7.971632173825498e-17,0.03999980939098546,0.040008665414800776,0.9199915251942137,25,30,10
37,8707,7.971632180813848e-17,0.03999980939098546,0.04000205989941015,0.9199981307096045,25,30,10
37,8708,7.971662452537572e-17,0.03999980939098975,0.04000225661924925,0.9199979339897609,25,30,10
37,8709,7.971662452540425e-17,0.03999980939098975,0.04000225659412579,0.9199979340148843,25,30,10
37,8710,7.971662443264e-17,0.03999980939098975,0.040002257926108384,0.9199979326829016,25,30,10
37,8711,7.971662974308625e-17,0.03999980939098975,0.040002258400390636,0.9199979322086195,25,30,10
37,8712,7.971662976637985e-17,0.03999980939098975,0.04000225839647438,0.9199979322125357,25,30,10
37,8713,7.971662976637318e-17,0.03999980939098975,0.0400022569485278,0.9199979336604822,25,30,10
37,8714,7.971662978965932e-17,0.03999980939098975,0.04000233345723209,0.9199978571517781,25,30,10
37,8715,7.971662981295251e-17,0.03999980939098975,0.04000237145440295,0.9199978191546072,25,30,10
37,8716,7.971662981254299e-17,0.03999980939098975,0.040002370007046435,0.9199978206019637,25,30,10
37,8717,7.971662981251483e-17,0.03999980939098975,0.040007073306824494,0.9199931173021857,25,30,10
37,8718,7.971662981254351e-17,0.03999980939098975,0.040007072756637625,0.9199931178523726,25,30,10
37,8719,7.971662450171729e-17,0.03999980939098975,0.04000715274689051,0.9199930378621197,25,30,10
37,8720,7.971662983630278e-17,0.03999980939098975,0.04000715391232789,0.9199930366966824,25,30,10
37,8721,7.971662981300947e-17,0.03999980939098975,0.04000707798886414,0.9199931126201462,25,30,10
37,8722,7.971662990659094e-17,0.03999980939098975,0.04000710646560878,0.9199930841434015,25,30,10
37,8723,7.971632718937534e-17,0.039999809390985464,0.04000690772981257,0.9199932828792019,25,30,10
37,8724,7.971632721263988e-17,0.039999809390985464,0.04000690775520771,0.9199932828538069,25,30,10
37,8725,7.971632721266805e-17,0.039999809390985464,0.04000690779025731,0.9199932828187571,25,30,10
37,8726,7.971632721307672e-17,0.039999809390985464,0.040006908526522826,0.9199932820824916,25,30,10
37,8727,7.971632721307559e-17,0.039999809390985464,0.04000690707890698,0.9199932835301076,25,30,10
37,8728,7.97163272114416e-17,0.039999809390985464,0.04000690707732085,0.9199932835316936,25,30,10
37,8729,7.971632588700075e-17,0.039999809390985464,0.040006791639484625,0.9199933989695299,25,30,10
37,8730,7.971632586370664e-17,0.039999809390985464,0.040006793651447374,0.919993396957567,25,30,10
37,8731,7.971632453602152e-17,0.039999809390985464,0.04000679293951011,0.9199933976695043,25,30,10
37,8732,7.971632453602155e-17,0.039999809390985464,0.04000679438666141,0.919993396222353,25,30,10
37,8733,7.971632453643007e-17,0.039999809390985464,0.040006795087711905,0.9199933955213025,25,30,10
37,8734,7.971632453645106e-17,0.039999809390985464,0.040005172212494576,0.91999501839652,25,30,10
37,8735,7.971632454615799e-17,0.03999999316920126,0.04000498843427876,0.91999501839652,25,30,10
37,8736,7.97163245486104e-17,0.03999999316920126,0.04000498915992007,0.9199950176708787,25,30,10
37,8737,7.971634985953439e-17,0.039999986271638074,0.040004996057483255,0.9199950176708787,25,30,10
37,8738,7.971634976596008e-17,0.039999986271638074,0.040004965556487644,0.9199950481718743,25,30,10
37,8739,7.971634976269197e-17,0.039999986271638074,0.0400049650731342,0.9199950486552276,25,30,10
37,8740,7.971634976269916e-17,0.039999986271638074,0.04000496508251878,0.9199950486458431,25,30,10
37,8741,7.971634985587166e-17,0.039999986271638074,0.0400002638159408,0.9199997499124212,25,30,10
37,8742,1.374033055886327e-18,0.039999990634978506,0.03999905249021002,0.9200009568748113,25,30,10
37,8743,1.3740330558648123e-18,0.039999990634978506,0.03999897000231384,0.9200010393627075,25,30,10
37,8744,1.374007846251303e-18,0.0399996109332832,0.03999934970400911,0.9200010393627075,25,30,10
37,8745,1.3783215747890866e-18,0.03999961093328749,0.039999471491293515,0.9200009175754188,25,30,10
37,8746,1.3783215764166552e-18,0.03999961093328749,0.03999947218401051,0.9200009168827019,25,30,10
37,8747,1.3783215531307256e-18,0.03999961093328749,0.0399994718767793,0.9200009171899329,25,30,10
37,8748,1.3783214599588354e-18,0.03999961093328749,0.04000109274392009,0.9199992963227924,25,30,10
37,8749,1.3783214599803457e-18,0.03999961093328749,0.0400010941823085,0.919999294884404,25,30,10
37,8750,1.378321460002357e-18,0.03999961093328749,0.04000109415616006,0.9199992949105525,25,30,10
37,8751,1.3783214600299024e-18,0.03999961093328749,0.03999947126431441,0.9200009178023979,25,30,10
37,8752,1.3783214371454568e-18,0.03999961093328749,0.03999947127458192,0.9200009177921303,25,30,10
37,8753,1.3783161041944414e-18,0.03999961093328749,0.0399995525970479,0.9200008364696644,25,30,10
37,8754,1.378316105828427e-18,0.03999961093328749,0.0399995539287458,0.9200008351379664,25,30,10
37,8755,1.378316107462718e-18,0.03999961093328749,0.04000425574615342,0.9199961333205589,25,30,10
37,8756,1.3783161078713658e-18,0.03999961093328749,0.040004173757333304,0.919996215309379,25,30,10
37,8757,1.3783161311354066e-18,0.03999961093328749,0.04000417578207513,0.9199962132846372,25,30,10
37,8758,1.4189428431792236e-11,0.039999854231218324,0.03993783452046437,0.9200623112341276,25,30,10
37,8759,1.4189428431792236e-11,0.039999854231218324,0.03993783248682114,0.9200623132677709,25,30,10
37,8760,1.4189428431792255e-11,0.03999985423121833,0.039937915013610055,0.920062230740982,25,30,10
37,8761,1.4189428431792281e-11,0.03999985423121833,0.03993799746606192,0.9200621482885302,25,30,10
37,8762,1.4189428431792255e-11,0.03999985423121833,0.03993791494228618,0.9200622308123059,25,30,10
37,8763,1.4189428431792144e-11,0.04000023787323092,0.039937531300273624,0.9200622308123059,25,30,10
37,8764,1.143895447135853e-11,0.03999999013402077,0.03691234684917275,0.9230876630053673,25,30,10
37,8765,1.1438954471358621e-11,0.03999999013402077,0.03690926790180872,0.9230907419527314,25,30,10
37,8766,1.1438954471358668e-11,0.03999999013402077,0.03690938380252726,0.9230906260520129,25,30,10
37,8767,1.1438955454835828e-11,0.03999999013402085,0.036911661992557986,0.9230883478619822,25,30,10
37,8768,1.1438955454835828e-11,0.03999999013402085,0.03691166201884172,0.9230883478356985,25,30,10
37,8769,1.1438955454835828e-11,0.03999999013402085,0.03691166201927951,0.9230883478352606,25,30,10
37,8770,1.143895545483592e-11,0.03999999013402085,0.03691170067358057,0.9230883091809597,25,30,10
37,8771,1.1438955454835917e-11,0.03999999013402085,0.036911700138830425,0.92308830971571,25,30,10
37,8772,1.1438955454835894e-11,0.03999999013402085,0.036911698105002694,0.9230883117495375,25,30,10
37,8773,1.1438955450522259e-11,0.03999999013401656,0.036911658104578124,0.9230883517499664,25,30,10
37,8774,1.143895545052224e-11,0.03999999013401656,0.03691157632409007,0.9230884335304546,25,30,10
37,8775,1.143895545052224e-11,0.03999999013401656,0.0369115763588663,0.9230884334956783,25,30,10
37,8776,1.1438955450522146e-11,0.03999999013401657,0.03700378950404993,0.9229962203504947,25,30,10
37,8777,1.1438954467045008e-11,0.039999990134016485,0.037006213167152906,0.9229937966873918,25,30,10
37,8778,1.1438954467045008e-11,0.039999990134016485,0.03700621313192851,0.9229937967226163,25,30,10
37,8779,1.1438954467347726e-11,0.039999990134016485,0.03700629613180489,0.9229937137227399,25,30,10
37,8780,1.1438954467347702e-11,0.039999990134016485,0.03700625610144682,0.9229937537530978,25,30,10
37,8781,1.1438954467347795e-11,0.039999990134016485,0.0370062560918297,0.922993753762715,25,30,10
37,8782,1.4686272697965756e-18,0.03999999013401657,0.04003029455611496,0.9199697153098686,25,30,10
37,8783,1.4686272232103779e-18,0.03999999013401657,0.040030178638333226,0.9199698312276503,25,30,10
37,8784,1.4686272231820804e-18,0.03999999013401657,0.0400300627464061,0.9199699471195776,25,30,10
37,8785,1.4686272252238762e-18,0.03999999013402086,0.04003666946305435,0.9199633404029248,25,30,10
37,8786,1.4686272019047095e-18,0.03999999013402086,0.040031966197803054,0.9199680436681761,25,30,10
37,8787,4.462027004041063e-15,0.04000024277872294,0.040031753460942655,0.91996800376033,25,30,10
37,8788,4.4620270040410924e-15,0.04000024277872294,0.04003175350492778,0.919968003716345,25,30,10
37,8789,4.462027009351947e-15,0.04000024277872294,0.04003175352378949,0.9199680036974833,25,30,10
37,8790,4.462027009351919e-15,0.04000024277872294,0.040031753498217325,0.9199680037230554,25,30,10
37,8791,4.462027009351926e-15,0.04000024277872294,0.040031753498662795,0.9199680037226099,25,30,10
37,8792,4.462027009351518e-15,0.04000024277872294,0.0400317528088551,0.9199680044124176,25,30,10
37,8793,4.462027004042706e-15,0.04000024277872294,0.04003175349103698,0.9199680037302358,25,30,10
37,8794,4.462027004042706e-15,0.04000024277872294,0.040031753491220415,0.9199680037300524,25,30,10
37,8795,4.462027004042706e-15,0.04000024277872294,0.04003175349166213,0.9199680037296106,25,30,10
37,8796,4.462027003949125e-15,0.04000024277872294,0.04003171482853559,0.9199680423927371,25,30,10
37,8797,4.462027003949125e-15,0.04000024277872294,0.040031713880278916,0.9199680433409939,25,30,10
37,8798,4.462027003947089e-15,0.04000024277872294,0.04003171460100588,0.9199680426202669,25,30,10
37,8799,3.8160446432318885e-15,0.03999999393052792,0.0400418130605404,0.9199581930089279,25,30,10
37,8800,3.8206826682074594e-15,0.03956337019598295,0.0404784367950837,0.9199581930089296,25,30,10
37,8801,3.820682673518314e-15,0.03956337019598295,0.04047843824390788,0.9199581915601054,25,30,10
37,8802,3.820682673517081e-15,0.03956337019598295,0.04047847620582765,0.9199581535981857,25,30,10
37,8803,3.820731201973687e-15,0.03997732474547045,0.0400645216563401,0.9199581535981857,25,30,10
37,8804,8.037352218453505e-17,0.03997732102426217,0.04012216810144898,0.9199005108742888,25,30,10
37,8805,8.037352218453505e-17,0.03997732102426217,0.04012216875912193,0.9199005102166159,25,30,10
37,8806,8.037352227930599e-17,0.03997732102426217,0.040125331419903584,0.919897347555834,25,30,10
37,8807,7.568732946443066e-17,0.03997757627843933,0.04012507616572816,0.9198973475558323,25,30,10
37,8808,1.0002350980251568e-12,0.03997757620314014,0.04012505653722501,0.9198973672586347,25,30,10
37,8809,1.0002350980251564e-12,0.03997757620314014,0.04012501654215419,0.9198974072537054,25,30,10
37,8810,3.1329726140587476e-16,0.039977576203140554,0.04012499568765286,0.9198974281092062,25,30,10
37,8811,3.1329726131268425e-16,0.039977576203140554,0.04012337134723421,0.9198990524496249,25,30,10
37,8812,3.1329726121829275e-16,0.039977576203140554,0.04012021022075605,0.9199022135761031,25,30,10
37,8813,3.1329725590744557e-16,0.039977576203140554,0.040120208808025914,0.9199022149888332,25,30,10
37,8814,1.8241809740427398e-17,0.03997757620314023,0.014091453550191164,0.9459309702466687,25,30,10
37,8815,1.8241809742061502e-17,0.03997757620314023,0.014091453562354831,0.9459309702345051,25,30,10
37,8816,1.8241809742054452e-17,0.03997757620314023,0.014091453562344043,0.9459309702345159,25,30,10
37,8817,1.8241809740420348e-17,0.03997757620314023,0.014091453550045036,0.9459309702468152,25,30,10
37,8818,1.8241809740419846e-17,0.03997757620314023,0.01409145357340527,0.9459309702234547,25,30,10
37,8819,1.824180974082799e-17,0.03997757620314023,0.01409145359897744,0.9459309701978826,25,30,10
37,8820,1.8241809740820313e-17,0.03997757620314023,0.014091453564105499,0.9459309702327543,25,30,10
37,8821,1.8241809740813644e-17,0.03997757620314023,0.014091454975777627,0.9459309688210822,25,30,10
37,8822,1.8241809740820818e-17,0.03997757620314023,0.014096158240346698,0.9459262655565133,25,30,10
37,8823,1.82418097383684e-17,0.03997757620314023,0.014096157514983151,0.945926266281877,25,30,10
37,8824,1.8241809740002874e-17,0.03997757620314023,0.01409618502735119,0.9459262387695088,25,30,10
37,8825,1.824180974003105e-17,0.03997757620314023,0.014096185028939856,0.9459262387679204,25,30,10
37,8826,1.824144912286495e-17,0.039999864245606975,0.014073896986473124,0.9459262387679204,25,30,10
37,8827,1.8241449122865075e-17,0.039999864245606975,0.014073896998775292,0.945926238755618,25,30,10
37,8828,1.8241449122865192e-17,0.039999864245606975,0.014073896964348917,0.9459262387900443,25,30,10
37,8829,1.8241449122463708e-17,0.039999864245606975,0.014073898971971664,0.9459262367824217,25,30,10
37,8830,1.824144912532376e-17,0.039999864245606975,0.014073980072608586,0.9459261556817847,25,30,10
37,8831,1.8241449125324392e-17,0.039999864245606975,0.014073982106243672,0.9459261536481496,25,30,10
37,8832,1.8241449148617612e-17,0.039999864245606975,0.01407398260577173,0.9459261531486214,25,30,10
37,8833,1.824145047791198e-17,0.03999986424560705,0.014075605541542831,0.9459245302128503,25,30,10
37,8834,1.8241450479546467e-17,0.03999986424560705,0.014075607023753094,0.9459245287306399,25,30,10
37,8835,1.8241450479919268e-17,0.03999986424560705,0.0140709862466515,0.9459291495077415,25,30,10
37,8836,2.461603862883864e-19,0.039999864245606954,0.00010535571004862047,0.9598947800443446,25,30,10
37,8837,2.4585766820391556e-19,0.039999864245606954,0.00019756835413327185,0.9598025674002598,25,30,10
37,8838,2.4585757666575457e-19,0.039999864245606954,0.00019756886327882976,0.9598025668911143,25,30,10
37,8839,1.3648056238822443e-24,0.039999864245606954,0.00019316165139207032,0.959806974103001,25,30,10
37,8840,1.3652142669368514e-24,0.039999864245606954,0.00019327756874551043,0.9598068581856475,25,30,10
37,8841,1.365242944340439e-24,0.039999864245606954,0.00019327905156560352,0.9598068567028275,25,30,10
37,8842,1.365221308145576e-24,0.039999864245606954,0.0001932790151128581,0.9598068567392802,25,30,10
37,8843,1.388514029756266e-24,0.039999864245606954,0.00019327902802997746,0.9598068567263631,25,30,10
37,8844,1.4115299014067789e-24,0.039999864245606954,0.00047408842709076727,0.9595260473273024,25,30,10
37,8845,1.4114941289014337e-24,0.039999864245606954,0.0003817927581573401,0.9596183429962357,25,30,10
37,8846,1.411085728232657e-24,0.039999864245606954,0.0003817102704602187,0.959618425483933,25,30,10
37,8847,1.4110858452997e-24,0.039999864245606954,0.00038171029541377,0.9596184254589795,25,30,10
37,8848,1.4110928801605504e-24,0.039999864245606954,0.00038171030868384227,0.9596184254457094,25,30,10
37,8849,1.4115010280584316e-24,0.039999864245606954,0.0003817089219658733,0.9596184268324274,25,30,10
37,8850,1.3880202239860087e-24,0.039999864245606954,8.603853532713963e-06,0.9599915319008606,25,30,10
37,8851,1.3647269994564479e-24,0.039999864245606954,8.603840170314926e-06,0.9599915319142229,25,30,10
37,8852,1.3647058687354747e-24,0.039999864245606954,8.603840170314944e-06,0.9599915319142229,25,30,10
37,8853,1.3659318245606458e-24,0.039999864245606954,8.686302680410378e-06,0.9599914494517128,25,30,10
37,8854,3.0408405515818416e-22,0.039999864245606954,8.768851084822151e-06,0.9599913669033086,25,30,10
37,8855,3.0408404811445857e-22,0.039999864245606954,8.766818070154763e-06,0.9599913689363233,25,30,10
37,8856,3.093949029038151e-22,0.039999864245606954,8.768265648595718e-06,0.9599913674887448,25,30,10
37,8857,3.093949315813033e-22,0.039999864245606954,8.850787980048338e-06,0.9599912849664133,25,30,10
37,8858,6.677216529870797e-24,0.039999864245606954,8.768940596764138e-06,0.9599913668137967,25,30,10
37,8859,6.677209000837814e-24,0.039999864245606954,8.768904917415011e-06,0.9599913668494761,25,30,10
37,8860,6.677208875099878e-24,0.039999864245606954,8.769650598725435e-06,0.9599913661037947,25,30,10
37,8861,6.678986870602368e-24,0.03999999013328814,8.643762917524887e-06,0.9599913661037947,25,30,10
37,8862,6.678578722838086e-24,0.03999999013328814,8.641754665718957e-06,0.9599913681120466,25,30,10
37,8863,6.676943995856049e-24,0.03999999013328814,8.641244869573229e-06,0.9599913686218428,25,30,10
37,8864,6.675310010493799e-24,0.03999999013328814,8.63978743046848e-06,0.9599913700792817,25,30,10
37,8865,6.76848289499761e-24,0.03999999013328814,8.641210438563999e-06,0.9599913686562737,25,30,10
37,8866,6.768483018607794e-24,0.03999999013328814,8.641220536647979e-06,0.9599913686461755,25,30,10
37,8867,6.768103046298498e-24,0.03999999013328814,8.527336823505109e-06,0.9599914825298886,25,30,10
37,8868,6.769336509958774e-24,0.03999999013328385,1.949084348688716e-06,0.9599980607823678,25,30,10
37,8869,6.769336509958774e-24,0.03999999013328385,1.949084348688716e-06,0.9599980607823677,25,30,10
37,8870,6.769337012875641e-24,0.03999999013328385,1.9490849711269384e-06,0.9599980607817453,25,30,10
37,8871,1.4584820999502739e-24,0.03999999013328385,1.947602340655752e-06,0.9599980622643759,25,30,10
37,8872,3.041762731949654e-22,0.039999990133283925,1.987805890687239e-06,0.9599980220608257,25,30,10
37,8873,3.0284698649883383e-22,0.03999999013328385,3.655709862036762e-07,0.9599996442957303,25,30,10
37,8874,3.028469936683406e-22,0.03999999013328385,3.655695881395167e-07,0.9599996442971284,25,30,10
37,8875,3.028469936771638e-22,0.03999999013328385,3.6559496908241213e-07,0.9599996442717473,25,30,10
37,8876,3.028470293804906e-22,0.03999999013328385,3.666803649062549e-07,0.9599996431863516,25,30,10
37,8877,3.028470580555372e-22,0.03999999013328385,3.667055485445885e-07,0.9599996431611679,25,30,10
37,8878,3.028437898439842e-22,0.03999999013328385,3.666800811990073e-07,0.9599996431866351,25,30,10
37,8879,2.1913592428714757e-25,0.03999999013328377,2.4598719082825033e-07,0.9599997638795256,25,30,10
37,8880,2.1914310227205204e-25,0.03999999013328377,2.464862840571854e-07,0.9599997633804322,25,30,10
37,8881,2.179171451498276e-25,0.03999999013328377,2.798805060760729e-07,0.9599997299862102,25,30,10
37,8882,2.178813094257619e-25,0.03999999013328377,2.773830106975315e-07,0.9599997324837056,25,30,10
37,8883,3.106454206078543e-25,0.03999999013328377,2.7672621504450523e-07,0.9599997331405012,25,30,10
37,8884,4.197526124585665e-25,0.03999998060820119,2.8625129762928413e-07,0.9599997331405012,25,30,10
37,8885,4.20154590267452e-25,0.03999998060820119,2.892332907663322e-07,0.9599997301585081,25,30,10
37,8886,1.817719101367903e-24,0.039999980608201195,1.911635449972426e-06,0.9599981077563489,25,30,10
37,8887,1.817746772707398e-24,0.039999980608201195,1.8291377075540412e-06,0.9599981902540913,25,30,10
37,8888,1.8193807615326878e-24,0.039999980608201195,1.909627636349494e-06,0.9599981097641624,25,30,10
37,8889,1.819359255683295e-24,0.039999980608201195,1.9096374877046074e-06,0.959998109754311,25,30,10
37,8890,1.8193664263072773e-24,0.039999980608201195,1.7964549995646853e-06,0.9599982229367993,25,30,10
37,8891,1.8195026418030443e-24,0.03999999410292115,1.7829602796074742e-06,0.9599982229367993,25,30,10
37,8892,1.9126822010916792e-24,0.03999999410292115,1.7854928511496975e-06,0.9599982204042277,25,30,10
37,8893,1.932699538410706e-24,0.03999999410292115,1.7590538499638964e-06,0.9599982468432289,25,30,10
37,8894,2.458743813329489e-19,0.039999994102925436,3.508308813198526e-06,0.9599964975882612,25,30,10
37,8895,2.4587438092379277e-19,0.039999994102925436,3.50898424864506e-06,0.959996496912826,25,30,10
37,8896,2.458743809454242e-19,0.039999994102925436,3.51039696275546e-06,0.9599964955001119,25,30,10
37,8897,2.45874380944921e-19,0.039999994102925436,3.5104066262489934e-06,0.9599964954904485,25,30,10
37,8898,2.458730546759384e-19,0.039999994102925436,9.418318473011639e-05,0.9599058227123446,25,30,10
37,8899,2.4587836551682923e-19,0.039999994102925436,9.418322162579212e-05,0.9599058226754488,25,30,10
37,8900,2.458783658968028e-19,0.039999994102925436,9.418455404583688e-05,0.9599058213430287,25,30,10
37,8901,2.458783891617262e-19,0.039999994102925436,9.418667750780501e-05,0.9599058192195669,25,30,10
37,8902,2.6312804238674533e-19,0.039999994116864744,0.00010650968949031566,0.9598934961936451,25,30,10
37,8903,2.6312804238661976e-19,0.039999994116864744,0.00010650968886471393,0.9598934961942706,25,30,10
37,8904,2.631279725078307e-19,0.039999994116864744,0.00010650767631354807,0.9598934982068218,25,30,10
37,8905,2.631279741425686e-19,0.039999994116864744,0.0001065076607379116,0.9598934982223974,25,30,10
37,8906,2.6312795084897015e-19,0.039999994116864744,0.00010650551209985102,0.9598935003710355,25,30,10
37,8907,2.6343066958207077e-19,0.039999994116864744,0.00010650754619822973,0.959893498336937,25,30,10
37,8908,1.7860845899524542e-20,0.03999999411686045,0.00010483940380391732,0.9598951664793357,25,30,10
37,8909,1.7860846308186422e-20,0.03999999411686045,0.00010483843906490146,0.9598951674440748,25,30,10
37,8910,1.7860754770025807e-20,0.03999999411686045,0.00010483839539788459,0.9598951674877418,25,30,10
37,8911,1.7860778063185117e-20,0.03999999411686045,0.0001049528655556963,0.959895053017584,25,30,10
37,8912,1.7860756375965188e-20,0.03999999411686045,0.0001048369605110714,0.9598951689226287,25,30,10
37,8913,1.7866065584879435e-20,0.03999999411686045,0.00010491947489132437,0.9598950864082484,25,30,10
37,8914,1.786604392639056e-20,0.03999999411686045,0.00010494591388122293,0.9598950599692586,25,30,10
37,8915,1.7866136661821184e-20,0.03999999411686045,0.0001049468784508886,0.9598950590046889,25,30,10
37,8916,1.7866219014271367e-20,0.03999999411686045,0.0047638099524197446,0.95523619593072,25,30,10
37,8917,1.78662206560528e-20,0.03999999411686045,0.004763810470971575,0.955236195412168,25,30,10
37,8918,1.7866220627375553e-20,0.03999999411686045,0.004763808437331332,0.9552361974458085,25,30,10
37,8919,1.7866221036412417e-20,0.03999999411686045,0.004763808462313289,0.9552361974208265,25,30,10
37,8920,1.7866220627256626e-20,0.03999999411686045,0.004763804981226923,0.955236200901913,25,30,10
37,8921,1.786621899981798e-20,0.03999999411686045,0.00476380497771814,0.9552362009054218,25,30,10
37,8922,1.7866220627254204e-20,0.03999999411686045,0.0047638064517824,0.9552361994313575,25,30,10
37,8923,1.7866222261866098e-20,0.03999999411686045,0.004763807899747409,0.9552361979833925,25,30,10
37,8924,1.7866222670508132e-20,0.03999999411686045,0.004763807890098143,0.9552361979930417,25,30,10
37,8925,1.786619937691491e-20,0.03999999411686045,0.00476380790429334,0.9552361979788465,25,30,10
37,8926,1.7860888532885443e-20,0.03999999411686045,0.0047637260817581005,0.9552362798013817,25,30,10
37,8927,1.7860889146400246e-20,0.03999999411686045,0.004763645012999508,0.9552363608701404,25,30,10
37,8928,1.7860910730086614e-20,0.03999999411686045,0.004893166988208591,0.9551068388949312,25,30,10
37,8929,1.7860817550527365e-20,0.03999999411686045,0.004893164490681534,0.9551068413924584,25,30,10
37,8930,1.0013923439156519e-18,0.039999994116860456,0.004893150540434735,0.9551068553427049,25,30,10
37,8931,1.0013923422892162e-18,0.039999994116860456,0.004893123028153712,0.9551068828549861,25,30,10
37,8932,1.0013923427264225e-18,0.039999994116860456,0.004893161575628729,0.9551068443075111,25,30,10
37,8933,1.001392342762269e-18,0.039999994116860456,0.004893201570431894,0.955106804312708,25,30,10
37,8934,1.0013936705040906e-18,0.039999994116860456,0.004893174298545682,0.955106831584594,25,30,10
37,8935,1.0010910449397743e-18,0.039999994116860456,0.00489320131514553,0.9551068045679942,25,30,10
37,8936,1.0010910461657335e-18,0.039999994116860456,0.004893199290883503,0.9551068065922563,25,30,10
37,8937,1.0010910461580635e-18,0.039999994116860456,0.004893198590016934,0.9551068072931228,25,30,10
37,8938,1.0010910698241003e-18,0.039999994116860456,0.004893159974728228,0.9551068459084116,25,30,10
37,8939,1.0010897404470412e-18,0.039999994116860456,0.004893158774157669,0.9551068471089822,25,30,10
37,8940,1.0010897404470435e-18,0.039999994116860456,0.004893157386824531,0.9551068484963152,25,30,10
37,8941,1.001089717235921e-18,0.039999994116860456,0.00476363395418008,0.9552363719289596,25,30,10
37,8942,1.001089717235988e-18,0.039999994116860456,0.004770240170606935,0.9552297657125329,25,30,10
37,8943,1.0013871249133573e-18,0.039999994116860456,0.004770322645040435,0.9552296832380992,25,30,10
37,8944,1.0013870303248733e-18,0.039999994116860456,0.004678026977146151,0.9553219789059935,25,30,10
37,8945,1.0013870303315484e-18,0.039999994116860456,0.004678027002537968,0.9553219788806017,25,30,10
37,8946,1.0013870287256223e-18,0.039999994116860456,0.0046781095162907365,0.9553218963668487,25,30,10
37,8947,1.0013870283527577e-18,0.039999994116860456,0.004671504722238347,0.9553285011609012,25,30,10
37,8948,1.0013870279427713e-18,0.039999994116860456,0.004673782935686302,0.9553262229474533,25,30,10
37,8949,1.0013870512288176e-18,0.039999994116860456,0.004673783647011997,0.9553262222361276,25,30,10
37,8950,1.0013870507991576e-18,0.039999994116860456,0.004673826175959288,0.9553261797071803,25,30,10
37,8951,1.0010843339083384e-18,0.039999994116860456,0.004673783643873114,0.9553262222392663,25,30,10
37,8952,1.0010843339077117e-18,0.039999994116860456,0.004673783608618037,0.9553262222745215,25,30,10
37,8953,1.0010843322736114e-18,0.039999994116860456,0.0046737835898022105,0.9553262222933375,25,30,10
37,8954,1.0010843326535783e-18,0.039999994116860456,0.0046737011023489355,0.9553263047807907,25,30,10
37,8955,1.0010844246010195e-18,0.039999994116860456,0.00467366249169259,0.9553263433914471,25,30,10
37,8956,1.0010843134116768e-18,0.039999447356245284,0.004674209252307782,0.9553263433914471,25,30,10
37,8957,1.0010843134190977e-18,0.039999447356245284,0.0046742086117053765,0.9553263440320495,25,30,10
37,8958,1.0010843134037639e-18,0.039999447356245284,0.004674208599600242,0.9553263440441546,25,30,10
37,8959,1.0010843129956048e-18,0.039999447356245284,0.00467420857466005,0.9553263440690949,25,30,10
37,8960,1.0010860923051034e-18,0.01123992188639298,0.033433734044512095,0.9553263440690949,25,30,10
37,8961,1.0010860923051032e-18,0.01123992188639298,0.033433734043907946,0.9553263440696992,25,30,10
37,8962,1.001086092304609e-18,0.01123992188639298,0.03343373406842784,0.9553263440451792,25,30,10
37,8963,1.0010913815026785e-18,0.01123992188639298,0.033431455474281765,0.9553286226393254,25,30,10
37,8964,1.755985351011204e-20,0.011239921886392978,0.03343150281875243,0.9553285752948547,25,30,10
37,8965,1.7559830625665363e-20,0.011239921886392978,0.03343161803494982,0.9553284600786572,25,30,10
37,8966,1.755983061812766e-20,0.011239921886392978,0.03343161798326167,0.9553284601303454,25,30,10
37,8967,1.755973702953537e-20,0.011239921886392978,0.03343161662775696,0.9553284614858503,25,30,10
37,8968,1.7635416304343555e-20,0.011239921886392978,0.03343150282434879,0.9553285752892584,25,30,10
37,8969,1.7635416304219865e-20,0.011239921886392978,0.033431504848610544,0.9553285732649966,25,30,10
37,8970,1.763541588940575e-20,0.011239921886392978,0.033431530586375435,0.9553285475272317,25,30,10
37,8971,1.764072673268402e-20,0.011239921886392978,0.033431584662347615,0.9553284934512596,25,30,10
37,8972,1.7640727966317887e-20,0.011239921886392978,0.033431584647502684,0.9553284934661044,25,30,10
37,8973,1.7640727966434996e-20,0.011239921886392978,0.033431584682120416,0.9553284934314867,25,30,10
37,8974,1.7640821146506316e-20,0.011239921886392978,0.03343158374279702,0.9553284943708101,25,30,10
37,8975,1.7640819512397125e-20,0.011239921886392978,0.03343158376719258,0.9553284943464145,25,30,10
37,8976,1.73435281007032e-20,0.011239921886392978,0.03343158223661848,0.9553284958769886,25,30,10
37,8977,3.4598493632537516e-20,0.01123992188639298,0.03343158565722676,0.9553284924563805,25,30,10
37,8978,3.4598494033509245e-20,0.01123992188639298,0.03343158660527864,0.9553284915083285,25,30,10
37,8979,3.45984940335159e-20,0.01123992188639298,0.03343158660570558,0.9553284915079017,25,30,10
37,8980,3.4598411681445374e-20,0.01123992188639298,0.028772723504822482,0.9599873546087849,25,30,10
37,8981,3.459309922015373e-20,0.01123992188639298,0.028772722541389028,0.9599873555722184,25,30,10
37,8982,3.4593099191981715e-20,0.01123992188639298,0.02877280502912968,0.9599872730844777,25,30,10
37,8983,3.459319232902187e-20,0.01123992188639298,0.02877280502872743,0.9599872730848799,25,30,10
37,8984,1.7343539103382752e-20,0.011239921872453677,0.028760481981074774,0.9599995961464718,25,30,10
37,8985,1.7343539905106462e-20,0.011239921872453677,0.02876705971471246,0.959993018412834,25,30,10
37,8986,1.734353991227581e-20,0.011239921872453677,0.02876705971554305,0.9599930184120035,25,30,10
37,8987,1.7338229075787352e-20,0.011239921872453677,0.028766977868172016,0.9599931002593746,25,30,10
37,8988,1.733825236133609e-20,0.011239921872453677,0.028766979927897406,0.9599930981996491,25,30,10
37,8989,1.7338250726353268e-20,0.011239921872453677,0.028766979907401017,0.9599930982201453,25,30,10
37,8990,1.7338250725850158e-20,0.011239921872453677,0.028766979907196028,0.9599930982203506,25,30,10
37,8991,1.877959882878127e-20,0.03999252106881384,1.4380710835901369e-05,0.9599930982203506,25,30,10
37,8992,1.8774171507873115e-20,0.03999252106881384,1.4382215563290861e-05,0.9599930967156232,25,30,10
37,8993,1.8849699416156356e-20,0.03999252106881384,0.00014390364253087095,0.9598635752886554,25,30,10
37,8994,1.8849699416776268e-20,0.03999252106881384,0.00014390365483298435,0.9598635752763534,25,30,10
37,8995,1.884951309248887e-20,0.03999252106881384,0.00014390318204114767,0.959863575749145,25,30,10
37,8996,1.884951308495107e-20,0.03999252106881384,0.00014382067015154636,0.9598636582610348,25,30,10
37,8997,1.8849513091491527e-20,0.03999252106881384,0.0001438206586554905,0.9598636582725308,25,30,10
37,8998,1.8849513091877528e-20,0.03999252106881384,0.0001438211569321497,0.9598636577742539,25,30,10
37,8999,1.5945459542407981e-21,0.03999252106881384,0.00014381817499036035,0.9598636607561957,25,30,10
37,9000,1.594475272783535e-21,0.03999252106881384,0.00013721200403364234,0.9598702669271526,25,30,10
37,9001,1.5944752444856295e-21,0.03999252106881384,0.00013721295207813476,0.9598702659791081,25,30,10
37,9002,1.5944748358415936e-21,0.03999252106881384,0.000137211529671201,0.9598702674015149,25,30,10
37,9003,1.594451571295634e-21,0.03999252106881384,0.0001372094612424587,0.9598702694699438,25,30,10
37,9004,1.5944515785818989e-21,0.03999252106881384,0.00013721016308102337,0.9598702687681052,25,30,10
37,9005,1.5944536217199904e-21,0.03999252106881384,0.00013723861138328528,0.959870240319803,25,30,10
37,9006,1.5997644767312379e-21,0.03999252106881384,0.0001372393099436595,0.9598702396212425,25,30,10
37,9007,1.5997648787180841e-21,0.03999252106881384,0.00013712342943687748,0.9598703555017494,25,30,10
37,9008,1.599762842758168e-21,0.03999252106881384,0.00013709499183056783,0.9598703839393559,25,30,10
37,9009,1.599764470066474e-21,0.03999252106881384,0.00013709496494394656,0.9598703839662422,25,30,10
37,9010,1.5997644701900429e-21,0.03999252106881384,0.00013709563154983665,0.9598703832996367,25,30,10
37,9011,1.5254001160034724e-21,0.039992521068813916,0.000510198555384514,0.959497280375802,25,30,10
37,9012,1.525400115877733e-21,0.039992521068813916,0.0005101998867410786,0.9594972790444453,25,30,10
37,9013,1.5254001158689099e-21,0.039992521068813916,0.0005101998613601063,0.9594972790698262,25,30,10
37,9014,1.5254001440432393e-21,0.039992521068813916,0.0005102018573097186,0.9594972770738767,25,30,10
37,9015,1.828118011553928e-21,0.039992521068813916,0.0005103182408541875,0.9594971606903323,25,30,10
37,9016,6.141860098409704e-21,0.039992521068813916,0.0005103184807056817,0.9594971604504806,25,30,10
37,9017,6.141861704344526e-21,0.039992521068813916,0.0005103191467019311,0.9594971597844844,25,30,10
37,9018,6.14186171102176e-21,0.039992521068813916,0.0005103191302813182,0.9594971598009048,25,30,10
37,9019,2.5266190252374023e-20,0.03998912722003009,0.0005137129790651508,0.9594971598009048,25,30,10
37,9020,2.5271500230424836e-20,0.03998912722003438,0.0005203176930020544,0.9594905550869638,25,30,10
37,9021,2.527681119090704e-20,0.039989127220034455,0.0005225973952798314,0.9594882753846857,25,30,10
37,9022,2.1038745672945583e-20,0.03998912722003875,0.0005242596700006876,0.9594866131099608,25,30,10
37,9023,2.1038745672572702e-20,0.03998912722003875,0.0005242576369937376,0.9594866151429676,25,30,10
37,9024,2.073602779840463e-20,0.03998912722003875,0.0005242237413326329,0.9594866490386289,25,30,10
37,9025,2.0736027692996504e-20,0.039989127220038674,0.0005219437762728887,0.9594889290036887,25,30,10
37,9026,3.795636681963967e-20,0.039989127220038674,0.0006144994749072677,0.9593963733050543,25,30,10
37,9027,3.7956366410483527e-20,0.039989127220038674,0.000614499438063901,0.9593963733418976,25,30,10
37,9028,3.7956366410975656e-20,0.039989127220038674,0.0006144994384983955,0.9593963733414631,25,30,10
37,9029,3.795645957657938e-20,0.039989127220038674,0.0006144987626743798,0.9593963740172871,25,30,10
37,9030,3.7956482898298345e-20,0.039989127220038674,0.0006145819891893556,0.959396290790772,25,30,10
37,9031,3.795648287666683e-20,0.039989127220038674,0.0006145806572103485,0.9593962921227509,25,30,10
37,9032,3.788095499706317e-20,0.039989127220038674,0.000485057206016468,0.959525815573945,25,30,10
37,9033,3.78809783116221e-20,0.039989127220038674,0.00048513902833385365,0.9595257337516275,25,30,10
37,9034,3.7886289166161387e-20,0.039989127220038674,0.0004850579779434876,0.9595258148020178,25,30,10
37,9035,3.78849738367623e-20,0.0399891272200386,0.00011195290398355957,0.9598989198759779,25,30,10
37,9036,3.7884950515042853e-20,0.0399891272200386,0.00011187182777418631,0.9598990009521873,25,30,10
37,9037,3.7879639659908e-20,0.0399891272200386,0.00011187115258159798,0.95989900162738,25,30,10
37,9038,3.7879641294511216e-20,0.0399891272200386,0.00011187257559266644,0.9598990002043689,25,30,10
37,9039,3.7874330446638134e-20,0.0399891272200386,0.00011187313649980266,0.9598989996434617,25,30,10
37,9040,3.787433044662509e-20,0.0399891272200386,0.00011187312774396791,0.9598989996522175,25,30,10
37,9041,3.787433044712816e-20,0.0399891272200386,0.00011187457508010007,0.9598989982048814,25,30,10
37,9042,3.787433084873766e-20,0.0399891272200386,0.0001118725891249137,0.9598990001908365,25,30,10
37,9043,1.7306874960350927e-20,0.03999944733935559,0.0001015524698079339,0.9598990001908365,25,30,10
37,9044,1.7306874967511456e-20,0.03999944733935559,0.0001015524704287397,0.9598990001902158,25,30,10
37,9045,1.7301657291925242e-20,0.03999944733935559,0.00010157979418819206,0.9598989728664563,25,30,10
37,9046,1.7301657700586938e-20,0.03999944733935559,0.00010157980628278435,0.9598989728543618,25,30,10
37,9047,1.730163437874436e-20,0.03999944733935559,0.00010149658019457747,0.9598990560804498,25,30,10
37,9048,8.131691071032753e-23,0.03999944733935559,8.942248768489391e-06,0.9599916104118759,25,30,10
37,9049,8.132463558397873e-23,0.03999944734019149,8.942247932577926e-06,0.9599916104118759,25,30,10
37,9050,8.132460753527031e-23,0.03999944734019149,8.942256420155818e-06,0.9599916104033883,25,30,10
37,9051,8.13029776035246e-23,0.03999944734019149,8.941634885927822e-06,0.9599916110249225,25,30,10
37,9052,8.130300564557714e-23,0.03999944734019149,8.94021311822141e-06,0.9599916124466901,25,30,10
37,9053,8.13961784781635e-23,0.03999944734019149,8.968686204499369e-06,0.9599915839736038,25,30,10
37,9054,8.139615747966905e-23,0.03999944734019149,9.051183760251595e-06,0.9599915014760481,25,30,10
37,9055,8.139449531989453e-23,0.03999944734019149,9.05023564585374e-06,0.9599915024241625,25,30,10
37,9056,8.132461571180657e-23,0.03999944734019149,9.02182362929262e-06,0.9599915308361789,25,30,10
37,9057,8.1326279118407e-23,0.03999944734019149,9.022322539129007e-06,0.9599915303372691,25,30,10
37,9058,8.123314207514269e-23,0.03999944734019149,9.022796222204832e-06,0.959991529863586,25,30,10
37,9059,4.394970970573815e-21,0.03999944734019149,9.062826529552615e-06,0.9599914898332788,25,30,10
37,9060,4.394947706026536e-21,0.03999944734019149,9.064202815749125e-06,0.9599914884569927,25,30,10
37,9061,4.3949477065097924e-21,0.03999944734019149,9.064231534754597e-06,0.959991488428274,25,30,10
37,9062,8.120984933603258e-23,0.03999944734019149,9.024225958137787e-06,0.9599915284338505,25,30,10
37,9063,8.120982066961732e-23,0.03999944734019149,9.022779233523763e-06,0.9599915298805751,25,30,10
37,9064,8.120988902164193e-23,0.039999447339477745,9.022779947280354e-06,0.9599915298805751,25,30,10
37,9065,8.120988247240846e-23,0.039999447339477745,8.940257240836175e-06,0.9599916124032817,25,30,10
37,9066,8.120822622428169e-23,0.039999447339477745,8.9397832853162e-06,0.959991612877237,25,30,10
37,9067,8.25359291413858e-23,0.039999447339477745,9.055735578228554e-06,0.9599914969249442,25,30,10
37,9068,8.253592234259338e-23,0.039999447339477745,9.05576081054313e-06,0.9599914968997121,25,30,10
37,9069,8.255924302944625e-23,0.039999447339477745,1.0678650209579343e-05,0.959989874010313,25,30,10
37,9070,8.789337107121977e-23,0.03999944733947782,1.0774212934233961e-05,0.9599897784475883,25,30,10
37,9071,8.656566162247993e-23,0.03999944733947782,1.0659707170612281e-05,0.9599898929533519,25,30,10
37,9072,1.0889121019567688e-23,0.03999944733947353,8.99670582907764e-06,0.9599915559546978,25,30,10
37,9073,5.578307218072545e-24,0.03999944733947346,8.901832471611429e-06,0.9599916508280552,25,30,10
37,9074,5.576672617019365e-24,0.03999944733947346,8.901831845711635e-06,0.9599916508286812,25,30,10
37,9075,8.125635897846332e-23,0.03999944733947346,8.901902575840183e-06,0.9599916507579509,25,30,10
37,9076,8.12567956791043e-23,0.03999944733947346,8.984425282285927e-06,0.9599915682352445,25,30,10
37,9077,8.128011039566794e-23,0.03999944733947346,9.011959829152909e-06,0.9599915407006976,25,30,10
37,9078,8.128007454910116e-23,0.03999944733947346,9.011485074868374e-06,0.9599915411754519,25,30,10
37,9079,8.23312060562875e-20,0.039991710676635706,1.6748147815078475e-05,0.9599915411755494,25,30,10
37,9080,8.233120564800521e-20,0.039991710676635706,1.6748112428971863e-05,0.9599915412109356,25,30,10
37,9081,8.232589730475374e-20,0.03999171067663142,1.4844665523975297e-05,0.9599934446578448,25,30,10
37,9082,8.232599045602737e-20,0.03999171067663142,1.4844705678016532e-05,0.9599934446176909,25,30,10
37,9083,8.232598882828906e-20,0.03999171067663142,1.0142852790609846e-05,0.9599981464705784,25,30,10
37,9084,8.232599046289886e-20,0.03999171067663142,1.0142888468485149e-05,0.9599981464349002,25,30,10
37,9085,8.232599049811006e-20,0.03999171067663142,1.0181435793533262e-05,0.9599981078875751,25,30,10
37,9086,8.232599212567524e-20,0.03999171067663142,1.02092078263048e-05,0.9599980801155426,25,30,10
37,9087,8.26287105606935e-20,0.03999171067663142,1.025062897452146e-05,0.959998038694394,25,30,10
37,9088,3.787845107086306e-22,0.03999999018298383,1.9711227196331614e-06,0.9599980386942966,25,30,10
37,9089,3.787845398779638e-22,0.03999999018298383,1.969709097802372e-06,0.9599980401079184,25,30,10
37,9090,3.787612471723922e-22,0.03999999018298383,2.0246722589664784e-06,0.9599979851447574,25,30,10
37,9091,6.814797800606123e-22,0.03999999018298383,2.0531698916651646e-06,0.9599979566471248,25,30,10
37,9092,6.814564587877904e-22,0.03999999018298383,2.052443428863576e-06,0.9599979573735874,25,30,10
37,9093,6.8152631789674675e-22,0.03999999018298383,4.3100159935581325e-07,0.9599995788154169,25,30,10
37,9094,1.7935701716338714e-20,0.03999999018298383,2.0254222893110974e-06,0.9599979843947269,25,30,10
37,9095,1.786002202997727e-20,0.03999999018298383,2.025354925139943e-06,0.9599979844620913,25,30,10
37,9096,1.7860022007966326e-20,0.03999999018298383,1.942844134981414e-06,0.9599980669728814,25,30,10
37,9097,1.786002157013384e-20,0.03999999018298383,1.8603205699884792e-06,0.9599981494964465,25,30,10
37,9098,6.057529921973841e-22,0.03999999018298383,2.374267947001785e-07,0.9599997723902217,25,30,10
37,9099,6.057296991008309e-22,0.03999999018298383,2.373669604173489e-07,0.959999772450056,25,30,10
37,9100,6.057296947777571e-22,0.0399775859057667,2.2641644177549524e-05,0.959999772450056,25,30,10
37,9101,6.310422635800276e-22,0.039999444959909286,7.825900349667542e-07,0.959999772450056,25,30,10
37,9102,6.310438763156959e-22,0.039999444959909286,7.832579928880224e-07,0.959999771782098,25,30,10
37,9103,6.310442844635349e-22,0.039999444959909286,7.8529101586503e-07,0.9599997697490751,25,30,10
37,9104,6.310442770154369e-22,0.039999444959909286,7.390831355228942e-06,0.9599931642087357,25,30,10
37,9105,6.35643389041169e-22,0.03999944495991308,0.004666253888366894,0.9553343011517201,25,30,10
37,9106,6.369694672932721e-22,0.03999944495991308,0.004666282353485718,0.9553342726866013,25,30,10
37,9107,6.369694954720197e-22,0.03999944495991308,0.004666282343223135,0.9553342726968641,25,30,10
37,9108,6.369694669203518e-22,0.03999944495991308,0.004666284351463804,0.9553342706886234,25,30,10
37,9109,7.126491533672761e-22,0.03999944495991308,0.004666283000426956,0.9553342720396601,25,30,10
37,9110,7.126491814049548e-22,0.03999944495991308,0.004666283000482222,0.9553342720396049,25,30,10
37,9111,7.126475544663208e-22,0.03999944495991308,0.004666256560435707,0.9553342984796513,25,30,10
37,9112,7.126459200070598e-22,0.03999944495991308,0.004659650318001633,0.9553409047220854,25,30,10
37,9113,7.125527399444417e-22,0.03999944495991308,0.004659648893576628,0.9553409061465105,25,30,10
37,9114,7.078837417019728e-22,0.039999444959909286,7.857966256545345e-07,0.9599997692434653,25,30,10
37,9115,7.077901601644056e-22,0.039999444959909286,7.843619260749855e-07,0.9599997706781649,25,30,10
37,9116,7.077668663041806e-22,0.039999444959909286,7.84348981599414e-07,0.9599997706911094,25,30,10
37,9117,7.077668949793396e-22,0.039999444959909286,7.85809411967021e-07,0.9599997692306789,25,30,10
37,9118,7.07766894352617e-22,0.039999444959909286,7.853357553222117e-07,0.9599997697043356,25,30,10
37,9119,7.077669158586552e-22,0.039999444959909286,7.853005557802564e-07,0.9599997697395354,25,30,10
37,9120,4.050484808338789e-22,0.039999444959909286,7.438794076181253e-07,0.9599998111606836,25,30,10
37,9121,4.050485093766851e-22,0.039999444959909286,7.41871166946916e-07,0.9599998131689244,25,30,10
37,9122,4.0504848170972083e-22,0.039999444959909286,7.418711707323841e-07,0.9599998131689205,25,30,10
37,9123,5.606167984381655e-17,0.039999444959909286,7.969341405318886e-07,0.9599997581059506,25,30,10
37,9124,5.606167984381668e-17,0.039999444959909286,7.989321213120549e-07,0.9599997561079698,25,30,10
37,9125,5.606167984382398e-17,0.039999444959909286,8.009663689185416e-07,0.9599997540737222,25,30,10
37,9126,5.606167984384497e-17,0.039999444959909286,7.989937801935374e-07,0.9599997560463109,25,30,10
37,9127,5.606167984387328e-17,0.039999444959909286,2.3393714428592357e-06,0.9599982156686483,25,30,10
37,9128,5.606137712574954e-17,0.039999444959909286,2.3129067006717196e-06,0.9599982421333902,25,30,10
37,9129,5.606137712574249e-17,0.039999444959909286,2.31290670062444e-06,0.9599982421333902,25,30,10
37,9130,5.606137714904289e-17,0.039999444959909286,2.3149266372270074e-06,0.9599982401134537,25,30,10
37,9131,5.606137717195609e-17,0.03999944495990929,2.3954284319431605e-06,0.9599981596116589,25,30,10
37,9132,5.606137717192742e-17,0.03999944495990929,2.3954275565522693e-06,0.9599981596125343,25,30,10
37,9133,5.606137717152642e-17,0.03999944495990929,9.468906297350827e-05,0.9599058659771174,25,30,10
37,9134,5.606137717152543e-17,0.03999944495990929,2.393429437320408e-06,0.9599981616106535,25,30,10
37,9135,5.606138248238066e-17,0.03999944495990929,2.393448920832516e-06,0.95999816159117,25,30,10
37,9136,5.606138248401515e-17,0.03999944495990929,2.3948959007332875e-06,0.9599981601441901,25,30,10
37,9137,1.0636097462477058e-22,0.039999444959909286,2.312807002872796e-06,0.959998242233088,25,30,10
37,9138,1.06360982286009e-22,0.039999444959909286,2.31284289497979e-06,0.9599982421971959,25,30,10
37,9139,1.0636258808963516e-22,0.039999444959909286,6.899676854883726e-07,0.9599998650724053,25,30,10
37,9140,1.0636296101836006e-22,0.039999444959909286,7.659261240143081e-07,0.959999789113967,25,30,10
37,9141,1.0636293222419326e-22,0.039999444959909286,7.658904462180623e-07,0.9599997891496447,25,30,10
37,9142,1.0636456682964308e-22,0.039999444959909286,7.658910745143103e-07,0.9599997891490165,25,30,10
37,9143,1.0636579266424584e-22,0.039999444959909286,6.499635554570675e-07,0.9599999050765355,25,30,10
37,9144,1.06367433435234e-22,0.039999444959909286,6.506649973245847e-07,0.9599999043750936,25,30,10
37,9145,1.063674334286515e-22,0.039999444959909286,6.506656077568591e-07,0.9599999043744831,25,30,10
37,9146,1.0636745493670914e-22,0.039999444959909286,6.492180989518707e-07,0.959999905821992,25,30,10
37,9147,1.0636744787579211e-22,0.039999444959909286,6.492180881619721e-07,0.9599999058220027,25,30,10
37,9148,1.0636581339163654e-22,0.039999444959909286,6.491578598767886e-07,0.9599999058822312,25,30,10
37,9149,1.0636578471438507e-22,0.039999444959909286,6.477100815216552e-07,0.9599999073300094,25,30,10
37,9150,1.0636581327003553e-22,0.039999444959909286,7.62180095400125e-07,0.9599997928599956,25,30,10
37,9151,1.063658133956581e-22,0.039999444959909286,7.622157654861028e-07,0.9599997928243255,25,30,10
37,9152,1.0636908249877427e-22,0.039999444959909286,7.62189915127678e-07,0.9599997928501759,25,30,10
37,9153,1.063457611565838e-22,0.039999444959909286,6.796628056476375e-07,0.9599998753772855,25,30,10
37,9154,1.0634614163715038e-22,0.039999444959909286,7.196325047175556e-07,0.9599998354075864,25,30,10
37,9155,8.102581859859589e-23,0.03999999965905991,1.649333540835736e-07,0.9599998354075864,25,30,10
37,9156,8.10241847323517e-23,0.03999999965905991,1.6349745110278e-07,0.9599998368434893,25,30,10
37,9157,8.102255012233851e-23,0.03999999965905991,1.6347205466687852e-07,0.9599998368688858,25,30,10
37,9158,8.102418422932276e-23,0.03999999965905991,1.6345542639583e-07,0.9599998368855139,25,30,10
37,9159,8.102417756292563e-23,0.03999999965905991,1.6344355433828607e-07,0.9599998368973859,25,30,10
37,9160,8.102254295066845e-23,0.03999999965905991,1.6341755575299708e-07,0.9599998369233846,25,30,10
37,9161,8.111568689333665e-23,0.03999999965905991,2.7933446827540594e-07,0.9599997210064721,25,30,10
37,9162,8.111241791611203e-23,0.03999999965905991,2.800263097554814e-07,0.9599997203146305,25,30,10
37,9163,5.433168287871569e-24,0.03999999965905991,2.804414034617084e-07,0.9599997198995369,25,30,10
37,9164,5.456461260509766e-24,0.03999999965905991,2.798555481045807e-07,0.9599997204853922,25,30,10
37,9165,5.456461258458614e-24,0.03999999965905991,2.7985493018102306e-07,0.9599997204860101,25,30,10
37,9166,5.456467924543461e-24,0.03999999965905991,2.798307821128604e-07,0.959999720510158,25,30,10
37,9167,5.4564679222594496e-24,0.03999999965905991,2.798060083851407e-07,0.959999720534932,25,30,10
37,9168,5.456467412643313e-24,0.03999999965905991,2.7979785987461527e-07,0.9599997205430805,25,30,10
37,9169,5.54963314214573e-24,0.03999999965905991,2.798230714742454e-07,0.959999720517869,25,30,10
37,9170,5.549632647856459e-24,0.03999999965905991,2.7984643944731694e-07,0.9599997204945009,25,30,10
37,9171,5.5496242396287744e-24,0.03999999965905999,3.971726120965225e-07,0.9599996031683284,25,30,10
37,9172,5.5496237370568184e-24,0.03999999965905999,3.592111595555526e-07,0.9599996411297809,25,30,10
37,9173,5.550032890979159e-24,0.03999999965905999,3.5993759204850866e-07,0.9599996404033484,25,30,10
37,9174,5.550032388060287e-24,0.03999999965905999,3.5993714676879945e-07,0.9599996404037935,25,30,10
37,9175,5.549624237958036e-24,0.03999999965905999,3.594594606446199e-07,0.9599996408814797,25,30,10
37,9176,5.549215587106688e-24,0.03999999965905999,3.5875841677231367e-07,0.9599996415825237,25,30,10
37,9177,5.549244143149934e-24,0.03999999965905999,3.5872304952486187e-07,0.9599996416178908,25,30,10
37,9178,5.549244646207755e-24,0.03999999965905999,4.412107978948033e-07,0.9599995591301425,25,30,10
37,9179,5.550850203919475e-24,0.03999999965905999,4.4118617763534136e-07,0.9599995591547628,25,30,10
37,9180,2.40004512117434e-25,0.03999999965905991,3.2381593313196007e-07,0.9599996765250074,25,30,10
37,9181,3.029585522249414e-22,0.03999999965905991,3.5065154868465497e-07,0.959999649689392,25,30,10
37,9182,3.0296018620807523e-22,0.03999999965905991,3.5267331436511413e-07,0.9599996476676261,25,30,10
37,9183,3.029601857049648e-22,0.03999999965905991,3.5263827298759954e-07,0.9599996477026675,25,30,10
37,9184,3.0305295044821115e-22,0.03999999965905991,3.520694755251581e-07,0.959999648271465,25,30,10
37,9185,3.030533585961439e-22,0.03999999965905991,3.5274575281755464e-07,0.9599996475951877,25,30,10
37,9186,3.083402882886116e-22,0.0399999996590642,5.056346176837576e-06,0.9599949439947594,25,30,10
37,9187,3.0831699519255948e-22,0.0399999996590642,5.05493344663017e-06,0.9599949454074896,25,30,10
37,9188,3.0831535341983723e-22,0.0399999996590642,5.054267009955946e-06,0.9599949460739261,25,30,10
37,9189,3.0831536097302457e-22,0.0399999996590642,5.054231993431367e-06,0.9599949461089428,25,30,10
37,9190,3.136261980817022e-22,0.0399999996590642,5.136779966407193e-06,0.9599948635609696,25,30,10
37,9191,3.1364829440149636e-22,0.0399999996590642,5.137254310834202e-06,0.9599948630866253,25,30,10
37,9192,3.136499361741452e-22,0.0399999996590642,5.13870209728621e-06,0.959994861638839,25,30,10
37,9193,3.136515707862233e-22,0.0399999996590642,5.139403578323718e-06,0.9599948609373576,25,30,10
37,9194,8.692930634705652e-19,0.03999999965906427,0.0046640080829101725,0.9553359922580258,25,30,10
37,9195,8.69293061835953e-19,0.03999999965906427,0.004664006635569246,0.9553359937053669,25,30,10
37,9196,8.689903432951687e-19,0.03999999965906427,0.004663981131935864,0.9553360192090001,25,30,10
37,9197,8.68990321607502e-19,0.03999999965906427,0.004663981350353675,0.9553360189905824,25,30,10
37,9198,8.689903293660934e-19,0.03999999297621931,0.004663988033198646,0.9553360189905824,25,30,10
37,9199,8.689903293445898e-19,0.03999999297621931,0.004663872151231383,0.9553361348725495,25,30,10
37,9200,8.689903293374294e-19,0.03999999297621931,0.004663870142971697,0.9553361368808093,25,30,10
37,9201,8.689903277099957e-19,0.03999999297621931,0.0046638681214084396,0.9553361389023725,25,30,10
37,9202,8.689903281114704e-19,0.03999999297621931,0.004663870119853878,0.9553361369039273,25,30,10
37,9203,8.689850405890461e-19,0.03999999297621931,0.004663870799704831,0.9553361362240763,25,30,10
37,9204,8.689850638749746e-19,0.03999999297621931,0.004663872270635941,0.955336134753145,25,30,10
37,9205,8.689849707302534e-19,0.03999999297621931,0.004663870806847695,0.9553361362169334,25,30,10
37,9206,8.68984877557359e-19,0.03999999297621931,0.004663870781628283,0.9553361362421527,25,30,10
37,9207,8.689795673268962e-19,0.03999999297621502,0.004659165136493989,0.9553408418872913,25,30,10
37,9208,8.689795440341689e-19,0.03999999297621502,0.004659163665354598,0.9553408433584307,25,30,10
37,9209,8.689795440341712e-19,0.03999999297621502,0.0046591636650704015,0.9553408433587149,25,30,10
37,9210,8.689795440264989e-19,0.03999999297621502,0.0046590811668792784,0.955340925856906,25,30,10
37,9211,8.68979542047634e-19,0.03999999297621502,0.004659107998168832,0.9553408990256166,25,30,10
37,9212,8.689795420405905e-19,0.03999999297621502,0.00465910799773104,0.9553408990260543,25,30,10
37,9213,8.689795420405906e-19,0.03999999297621502,0.004659106665579368,0.955340900358206,25,30,10
37,9214,8.689795424497512e-19,0.03999999297621502,0.004659106689954232,0.9553409003338312,25,30,10
37,9215,8.689795423857302e-19,0.03999999297621502,0.004659079157139114,0.9553409278666463,25,30,10
37,9216,8.68980870024008e-19,0.03999999297621502,0.004661358750534602,0.9553386482732508,25,30,10
37,9217,1.8524580086300397e-18,0.03999999297621509,0.004663639323067566,0.9553363677007176,25,30,10
37,9218,1.852533687907448e-18,0.03999999297621509,0.004663639191649622,0.9553363678321357,25,30,10
37,9219,1.852458008228558e-18,0.03999999297621509,0.0046636386570687695,0.9553363683667164,25,30,10
37,9220,1.8524580103134893e-18,0.039999606551580955,0.004664025081702889,0.9553363683667164,25,30,10
37,9221,1.8525336897808114e-18,0.039999606551580955,0.0046641409879584214,0.9553362524604609,25,30,10
37,9222,1.8525336894074953e-18,0.039999606551580955,0.0046641410067736625,0.9553362524416456,25,30,10
37,9223,1.85253368937931e-18,0.039999606551580955,0.004664141006686593,0.9553362524417328,25,30,10
37,9224,8.690565507799428e-19,0.03999960655158088,0.004661860459399483,0.95533853298902,25,30,10
37,9225,8.690566423184875e-19,0.03999960655158088,0.004661860483205397,0.9553385329652138,25,30,10
37,9226,8.690566423189907e-19,0.03999960655158088,0.004661861930364371,0.955338531518055,25,30,10
37,9227,8.690566423186287e-19,0.03999960655158088,0.004661861955109488,0.9553385314933099,25,30,10
37,9228,8.690566423186287e-19,0.03999960655158088,0.004661861955716759,0.9553385314927025,25,30,10
37,9229,8.690566439527465e-19,0.03999960655158088,0.004661861981117494,0.9553385314673019,25,30,10
37,9230,8.6905664558735e-19,0.03999960655158088,0.004661860482665158,0.9553385329657541,25,30,10
37,9231,8.862341785971503e-19,0.03999960655158515,0.004841365926003797,0.9551590275224112,25,30,10
37,9232,8.86234178625819e-19,0.03999960655158515,0.0048413659264492665,0.9551590275219657,25,30,10
37,9233,8.862341786187752e-19,0.03999960655158515,0.0048413679238074716,0.9551590255246074,25,30,10
37,9234,8.69056644383518e-19,0.03999960655158088,0.004661945006963302,0.9553384484414559,25,30,10
37,9235,8.68980964922986e-19,0.03999960655158088,0.004661869084114091,0.9553385243643052,25,30,10
37,9236,8.70424199383886e-19,0.03999905388918662,0.004662421746508368,0.9553385243643052,25,30,10
37,9237,1.869969471921548e-20,0.039999053889190846,3.69650986176801e-06,0.9599972496009476,25,30,10
37,9238,1.8699694697707465e-20,0.039999053889190846,3.6985424449151717e-06,0.9599972475683645,25,30,10
37,9239,1.8699693070268152e-20,0.039999053889190846,8.401141294605539e-06,0.9599925449695147,25,30,10
37,9240,1.869969471242135e-20,0.039999053889190846,8.483664036114411e-06,0.9599924624467733,25,30,10
37,9241,1.8699671799231992e-20,0.039999053889190846,8.40044760451719e-06,0.9599925456632047,25,30,10
37,9242,1.869958028936248e-20,0.039999053889190846,8.40139682238368e-06,0.9599925447139869,25,30,10
37,9243,1.7256343743541446e-20,0.039999993036555395,7.462249457821069e-06,0.9599925447139869,25,30,10
37,9244,1.7256390298655873e-20,0.039999993036555395,9.743975224097232e-06,0.9599902629882205,25,30,10
37,9245,1.755909179071791e-20,0.039999993036555465,1.2025124653883096e-05,0.9599879818387907,25,30,10
37,9246,1.7559084031515337e-20,0.03999999970874992,1.2018452459422609e-05,0.9599879818387907,25,30,10
37,9247,1.7636091447803694e-20,0.03999999970874992,1.1981858122493337e-05,0.9599880184331278,25,30,10
37,9248,1.7636091448300852e-20,0.03999999970874992,7.39447524394747e-06,0.9599926058160062,25,30,10
37,9249,1.763608981319108e-20,0.03999999970874992,7.311999640942649e-06,0.9599926882916092,25,30,10
37,9250,1.7333388321764508e-20,0.039999999708749845,5.113373154484823e-06,0.9599948869180958,25,30,10
37,9251,1.7333388758097536e-20,0.039999999708749845,5.114091100875364e-06,0.9599948862001494,25,30,10
37,9252,1.7333388765642018e-20,0.039999999708749845,5.112095148441601e-06,0.9599948881961019,25,30,10
37,9253,1.7333412023016595e-20,0.039999999708749845,5.114084991629449e-06,0.9599948862062587,25,30,10
37,9254,1.733341201547655e-20,0.039999999708749845,4.998203313409186e-06,0.9599950020879369,25,30,10
37,9255,1.73334120441363e-20,0.039999999708749845,5.0002120076165045e-06,0.9599950000792425,25,30,10
37,9256,1.7333410438201548e-20,0.039999999708749845,4.998764375192154e-06,0.9599950015268749,25,30,10
37,9257,1.7333503610974578e-20,0.039999999708749845,4.998807572768719e-06,0.9599950014836773,25,30,10
37,9258,1.7333525240909625e-20,0.039999999708749845,4.997835167103389e-06,0.959995002456083,25,30,10
37,9259,1.733352521234913e-20,0.039999999708749845,4.9978102581509e-06,0.959995002480992,25,30,10
37,9260,1.7333525212223663e-20,0.039999999708749845,4.997809629441105e-06,0.9599950024816206,25,30,10
37,9261,1.733350195534882e-20,0.039999999708749845,4.999230777698699e-06,0.9599950010604723,25,30,10
37,9262,1.733350358227979e-20,0.039999999708749845,4.999291180447474e-06,0.9599950010000698,25,30,10
37,9263,1.7333503855699935e-20,0.03999999744750495,5.001552425338342e-06,0.9599950010000698,25,30,10
37,9264,1.7409175154710597e-20,0.03999999744750924,9.446106561633025e-06,0.959990556445929,25,30,10
37,9265,1.7409174752733445e-20,0.03999999744750924,9.363580070326938e-06,0.9599906389724204,25,30,10
37,9266,1.7414485998504103e-20,0.03999999744750924,9.446056295112348e-06,0.9599905564961957,25,30,10
37,9267,1.7337478575423586e-20,0.03999999744750924,9.442655541662529e-06,0.9599905598969493,25,30,10
37,9268,1.733750350021239e-20,0.03999999744750924,1.4145920785283452e-05,0.9599858566317055,25,30,10
37,9269,1.733750352851246e-20,0.03999999744750924,1.4147403608540063e-05,0.9599858551488825,25,30,10
37,9270,1.7337456944846404e-20,0.03999999744750924,1.1865687682829635e-05,0.9599881368648081,25,30,10
37,9271,1.763483082301531e-20,0.03999999744750924,1.622619860321629e-05,0.9599837763538878,25,30,10
37,9272,1.7332145720581782e-20,0.03999999744750924,1.1783164372025194e-05,0.9599882193881188,25,30,10
37,9273,1.7332145720564283e-20,0.03999999744750924,1.1783140029247848e-05,0.9599882194124616,25,30,10
37,9274,1.7332145699058392e-20,0.03999999744750924,1.1783175431212723e-05,0.9599882193770598,25,30,10
37,9275,1.7333473410165387e-20,0.03999999744750924,1.1861096690844474e-05,0.9599881414558002,25,30,10
37,9276,1.733356494830775e-20,0.03999999744750924,1.1976962209061294e-05,0.959988025590282,25,30,10
37,9277,1.7333471776056205e-20,0.03999999744750924,1.1861036077251452e-05,0.9599881415164139,25,30,10
37,9278,1.7257800878529443e-20,0.03999999744750495,7.416956080182521e-06,0.9599925855964152,25,30,10
37,9279,1.725789405143586e-20,0.03999999744750495,7.418378470646491e-06,0.9599925841740248,25,30,10
37,9280,1.7257893643411503e-20,0.03999999744750495,7.417689100630965e-06,0.9599925848633946,25,30,10
37,9281,1.725780212668354e-20,0.03999999744750495,9.039141930320252e-06,0.9599909634105647,25,30,10
37,9282,1.725647485277217e-20,0.03999999744750495,1.0584086242711175e-05,0.9599894184662524,25,30,10
37,9283,1.725647659898661e-20,0.039389911528239896,0.0006206700055077911,0.9599894184662524,25,30,10
37,9284,1.7256476598362135e-20,0.039389911528239896,0.0006205874825671581,0.9599895009891931,25,30,10
37,9285,1.733215618116163e-20,0.039389911528239896,0.0006206254442386216,0.9599894630275217,25,30,10
37,9286,1.733225098858864e-20,0.039389911528239896,0.0006206553666569209,0.9599894331051034,25,30,10
37,9287,1.733225262319108e-20,0.039389911528239896,0.0006207333141916328,0.9599893551575686,25,30,10
37,9288,1.7332252623067702e-20,0.039389911528239896,0.0006207332780983289,0.9599893551936621,25,30,10
37,9289,1.7332254221341144e-20,0.039389911528239896,0.000620732329845519,0.9599893561419147,25,30,10
37,9290,7.734698624563397e-23,0.03938991152823561,0.0006205889222149835,0.9599894995495497,25,30,10
37,9291,7.734824037895614e-23,0.03938991152823561,0.000620588910339885,0.9599894995614245,25,30,10
37,9292,1.668628911075144e-24,0.03938991152823561,0.0006205489147472411,0.9599895395570174,25,30,10
37,9293,1.668220247132907e-24,0.03938991152823561,0.0006205489022884085,0.959989539569476,25,30,10
37,9294,1.6682484214258883e-24,0.03938991152823561,0.0006205489256564618,0.959989539546108,25,30,10
37,9295,2.9955235630589476e-24,0.03938991152823561,0.0006205882377196809,0.9599895002340447,25,30,10
37,9296,2.9936088401795198e-24,0.03999999983413329,1.0499931821976802e-05,0.9599895002340447,25,30,10
37,9297,2.993601796567979e-24,0.03999999983413329,1.049789880420148e-05,0.9599895022670627,25,30,10
37,9298,2.902070678162844e-24,0.03999999983413329,1.0526363152841117e-05,0.9599894738027139,25,30,10
37,9299,2.9041074522798413e-24,0.03999999983413329,0.00014004982177095535,0.9598599503440959,25,30,10
37,9300,2.9037052989392392e-24,0.03999999983413329,1.0526397300415854e-05,0.9599894737685664,25,30,10
37,9301,2.9037339762845184e-24,0.03999999983413329,1.0608920863420625e-05,0.9599893912450033,25,30,10
37,9302,2.0746934632338271e-19,0.04000000050474089,0.006260223934033301,0.9537397755612257,25,30,10
37,9303,2.074693463304351e-19,0.04000000050474089,0.006260223923326662,0.9537397755719325,25,30,10
37,9304,2.0746934633092716e-19,0.04000000050474089,0.006260223948558564,0.9537397755467005,25,30,10
37,9305,2.077720632361788e-19,0.04000000050474089,0.006260251922480253,0.9537397475727789,25,30,10
37,9306,2.074693679899171e-19,0.04000000050474089,0.006260223474436939,0.9537397760208222,25,30,10
37,9307,2.0746934472500119e-19,0.04000000050474089,0.006260223414026942,0.9537397760812323,25,30,10
37,9308,2.0746946343603109e-19,0.039999597528117145,0.006260626390648994,0.953739776081234,25,30,10
37,9309,2.0746813620640846e-19,0.039999597528117145,0.006258346845230292,0.9537420556266525,25,30,10
37,9310,2.074681345747191e-19,0.039999597528117145,0.006253646279622684,0.9537467561922601,25,30,10
37,9311,1.6923939754377374e-24,0.03999959685750955,4.029934468197688e-06,0.9599963732080221,25,30,10
37,9312,1.7839250903975227e-24,0.03999959685750955,3.95342595174132e-06,0.9599964497165386,25,30,10
37,9313,1.78390395973586e-24,0.03999959685750955,3.870946185957795e-06,0.9599965321963043,25,30,10
37,9314,1.7842838881110587e-24,0.03999959685750955,2.248556786016758e-06,0.9599981545857044,25,30,10
37,9315,1.7842562081012724e-24,0.03999959685750955,2.248556582557503e-06,0.9599981545859078,25,30,10
37,9316,1.6910833237475952e-24,0.03999959685750955,2.247108196214012e-06,0.9599981560342941,25,30,10
37,9317,1.6910840782600196e-24,0.03999959685750955,2.247120651938394e-06,0.9599981560218386,25,30,10
37,9318,3.0191307495249085e-24,0.03999959685750955,4.526679908237432e-06,0.9599958764625823,25,30,10
37,9319,3.1118949000792875e-24,0.03999959685750955,4.56662703398796e-06,0.9599958365154565,25,30,10
37,9320,7.879135555328173e-23,0.03999959685750955,4.682509310979834e-06,0.9599957206331795,25,30,10
37,9321,7.878972093001557e-23,0.03999959685750955,4.682023501556206e-06,0.959995721118989,25,30,10
37,9322,7.746009661278231e-23,0.03999959685750955,0.0002687368576081548,0.9597316662848825,25,30,10
37,9323,7.736692499230958e-23,0.03999959685750955,0.00026862238758136657,0.9597317807549091,25,30,10
37,9324,7.736727666922718e-23,0.03999959685750955,2.4038778619429277e-06,0.9599979992646284,25,30,10
37,9325,7.736764996981712e-23,0.03999959685750955,2.403913522667839e-06,0.9599979992289677,25,30,10
37,9326,7.73676787053788e-23,0.03999959685750955,9.469958243722017e-05,0.9599057035600531,25,30,10
37,9327,7.746044295219082e-23,0.03999959685750955,9.458370907972741e-05,0.9599058194334106,25,30,10
37,9328,7.745878684068102e-23,0.03999959685750955,9.458327018353058e-05,0.9599058198723067,25,30,10
37,9329,7.743549424422948e-23,0.03999959685750955,9.458256895843559e-05,0.9599058205735319,25,30,10
37,9330,7.743505704849291e-23,0.03999959685750955,9.295970338952093e-05,0.9599074434391008,25,30,10
37,9331,7.743505654542191e-23,0.03999959685750955,9.295967800090081e-05,0.9599074434644895,25,30,10
37,9332,7.734188371963857e-23,0.03999959685750955,9.292981602085575e-05,0.9599074733264694,25,30,10
37,9333,7.601417112397109e-23,0.03999959685750955,9.288981060645679e-05,0.9599075133318838,25,30,10
37,9334,7.601420646732977e-23,0.03999959685750955,9.292974506331392e-05,0.9599074733974271,25,30,10
37,9335,7.610738653370729e-23,0.03999959685750955,9.293047210508207e-05,0.9599074726703851,25,30,10
37,9336,7.610902125869556e-23,0.03999959685750955,9.29304975070806e-05,0.9599074726449834,25,30,10
37,9337,7.601584837970724e-23,0.03999959685750955,9.293046183246731e-05,0.9599074726806579,25,30,10
37,9338,7.601584838837626e-23,0.03999959685750955,9.29304624472283e-05,0.9599074726800432,25,30,10
37,9339,7.592266833063236e-23,0.03999959685750955,9.292973583039125e-05,0.95990747340666,25,30,10
37,9340,7.592266881612829e-23,0.03999959685750955,9.30456531721519e-05,0.9599073574893182,25,30,10
37,9341,7.59230764717589e-23,0.03999959685750955,9.304570068863744e-05,0.9599073574418017,25,30,10
37,9342,7.592149932899918e-23,0.03999959685750955,9.307367423126191e-05,0.9599073294682592,25,30,10
37,9343,7.592155641800099e-23,0.03999959685750955,0.0003594081011205523,0.95964099504137,25,30,10
37,9344,7.592154974529702e-23,0.03999959685750955,0.00035940804050216523,0.9596409951019883,25,30,10
37,9345,7.59910213878215e-23,0.03999959685750955,0.00035940782187359854,0.959640995320617,25,30,10
37,9346,7.599102793714795e-23,0.03999959685750955,0.000359407821581901,0.9596409953209087,25,30,10
37,9347,7.608418859947715e-23,0.03999959685750955,0.0003616853813395971,0.959638717761151,25,30,10
37,9348,8.229382006804616e-23,0.039989124167481196,0.00037215807136963854,0.9596387177611493,25,30,10
37,9349,8.229381963255752e-23,0.039989124167481196,0.00027986246306854615,0.9597310133694503,25,30,10
37,9350,8.220064611490092e-23,0.039989124167481196,0.00027986197956929917,0.9597310138529497,25,30,10
37,9351,8.744162717261653e-23,0.039989124167481196,0.00027758290954069435,0.9597332929229782,25,30,10
37,9352,1.628778863770876e-22,0.039989124167481196,0.00040710636809092657,0.9596037694644279,25,30,10
37,9353,1.628774778501462e-22,0.039989124167481196,0.00040710634272683255,0.9596037694897922,25,30,10
37,9354,1.6287704102307744e-22,0.039989124167481196,0.00040706638490198196,0.9596038094476169,25,30,10
37,9355,1.6287706958353088e-22,0.039989124167481196,0.000407066849186754,0.9596038089833323,25,30,10
37,9356,1.627843054309258e-22,0.039989124167481196,0.000407026863465657,0.9596038489690533,25,30,10
37,9357,1.6278389677789919e-22,0.039989124167481196,0.0004070268540842201,0.9596038489784346,25,30,10
37,9358,1.6278389011169557e-22,0.039989124167481196,0.0004070282643130801,0.9596038475682058,25,30,10
37,9359,1.6278231310359943e-22,0.039989124167481196,0.00040702821243847825,0.9596038476200804,25,30,10
37,9360,1.627806789979818e-22,0.039989124167481196,0.0004069997247142309,0.9596038761078046,25,30,10
37,9361,1.6280394340727007e-22,0.039989124167481196,0.0004070382368120287,0.959603837595707,25,30,10
37,9362,1.6280230868889965e-22,0.039989124167481196,0.00040703818450076235,0.9596038376480182,25,30,10
37,9363,1.6280230793632428e-22,0.039989124167481196,0.0004070381726660696,0.9596038376598528,25,30,10
37,9364,1.6289548008816304e-22,0.039989124167481196,0.00040703723701107473,0.9596038385955079,25,30,10
37,9365,1.6289548069939976e-22,0.039989124167481196,0.00040703926189847523,0.9596038365706205,25,30,10
37,9366,1.6287218748715867e-22,0.039989124167481196,0.00040699926696225234,0.9596038765655567,25,30,10
37,9367,1.6287225188759972e-22,0.039989124167481196,0.0004069997656462747,0.9596038760668728,25,30,10
37,9368,1.6287228057363872e-22,0.039989124167481196,0.0004069997997907299,0.9596038760327283,25,30,10
37,9369,1.6287228785754486e-22,0.039989124167481196,0.0004069998477485563,0.9596038759847706,25,30,10
37,9370,1.6287230949137851e-22,0.039989124167481196,0.00040700050158361825,0.9596038753309354,25,30,10
37,9371,1.6294085018266774e-22,0.039989124167481196,0.011464888868663908,0.9485459869638554,25,30,10
37,9372,1.6294085635245349e-22,0.039989124167481196,0.011464888122990987,0.9485459877095281,25,30,10
37,9373,1.5760673613167995e-22,0.039989124167481196,0.011464887635296229,0.948545988197223,25,30,10
37,9374,8.21704770505868e-23,0.039989124167481196,0.01133536420259893,0.9486755116299203,25,30,10
37,9375,8.226364994912566e-23,0.039989124167481196,0.011335364263058208,0.948675511569461,25,30,10
37,9376,8.22652557535002e-23,0.039989124167481196,0.011335479479041923,0.9486753963534773,25,30,10
37,9377,8.226566438670774e-23,0.039989124167481196,0.011335479496303607,0.9486753963362154,25,30,10
37,9378,8.217249199105237e-23,0.039989124167481196,0.011335479435682331,0.9486753963968368,25,30,10
37,9379,8.217248432729832e-23,0.039989124167481196,0.011335481448259889,0.9486753943842592,25,30,10
37,9380,8.217283588253997e-23,0.039989124167481196,0.01106914703411824,0.9489417287984009,25,30,10
37,9381,8.219782616079205e-23,0.039989124167481196,1.1346120544626696e-05,0.9599995297119744,25,30,10
37,9382,8.219741801962161e-23,0.039989124167481196,1.1346133008450832e-05,0.9599995296995106,25,30,10
37,9383,8.21990597956032e-23,0.039989124167481196,1.1312738795911548e-05,0.9599995630937233,25,30,10
37,9384,8.219908846418105e-23,0.039989124167481196,1.1314161796191359e-05,0.959999561670723,25,30,10
37,9385,8.229201819247112e-23,0.039989124167481196,0.00010360979705739717,0.9599072660354618,25,30,10
37,9386,4.395525069378031e-21,0.039989124167485485,0.0001082329198572849,0.9599026429126576,25,30,10
37,9387,4.395525061833553e-21,0.039989124167485485,0.00010823490907770426,0.959902640923437,25,30,10
37,9388,8.229036836886826e-23,0.039989124167481196,0.00010352926272096914,0.9599073465697981,25,30,10
37,9389,8.22903396982746e-23,0.039989124167481196,0.00010352783971003553,0.959907347992809,25,30,10
37,9390,8.229074797195299e-23,0.039989124167481196,0.00010352786387834824,0.9599073479686407,25,30,10
37,9391,7.597005973465773e-23,0.039999999785988685,9.265224537087108e-05,0.9599073479686407,25,30,10
37,9392,7.597005961357998e-23,0.039999999785988685,9.253635342018653e-05,0.9599074638605914,25,30,10
37,9393,7.599498028030794e-23,0.039999999785988685,9.253711140871001e-05,0.9599074631026028,25,30,10
37,9394,7.599500907447675e-23,0.039999999785988685,9.253711203444717e-05,0.959907463101977,25,30,10
37,9395,7.601830933275231e-23,0.039999999785988685,9.253915533962791e-05,0.959907461058672,25,30,10
37,9396,8.13291068932287e-23,0.039999999785988685,9.254062960630969e-05,0.9599074595844053,25,30,10
37,9397,8.265681635083067e-23,0.039999999785988685,9.265658269458433e-05,0.9599073436313169,25,30,10
37,9398,8.265845045763098e-23,0.039999999785988685,9.265803056782627e-05,0.9599073421834438,25,30,10
37,9399,8.306695114791078e-24,0.039999999785988685,9.258210816534685e-05,0.9599074181058461,25,30,10
37,9400,9.634408897649622e-24,0.039999999785988685,9.258284549136646e-05,0.9599074173685201,25,30,10
37,9401,9.634416064911074e-24,0.039999999785988685,9.258131137919737e-05,0.9599074189026324,25,30,10
37,9402,9.727588770291565e-24,0.039999999785988685,9.266430083424962e-05,0.9599073359131773,25,30,10
37,9403,9.725954166858876e-24,0.039999999785988685,9.266427500454009e-05,0.959907335939007,25,30,10
37,9404,9.725954043323455e-24,0.039999999785988685,9.26642497663349e-05,0.959907335964245,25,30,10
37,9405,9.819126939943085e-24,0.039999999785988685,9.266428540673735e-05,0.9599073359286048,25,30,10
37,9406,9.843646177390077e-24,0.03999999978598869,9.278020266497195e-05,0.9599072200113465,25,30,10
37,9407,9.844054702661277e-24,0.03999999978598869,9.277820534227197e-05,0.9599072220086693,25,30,10
37,9408,9.844090414946784e-24,0.03999999978598869,9.278019137516246e-05,0.9599072200226363,25,30,10
37,9409,9.820790150205752e-24,0.03999999978598869,9.289403984353253e-05,0.959907106174168,25,30,10
37,9410,9.820790646698603e-24,0.03999999978598869,9.289356549313311e-05,0.9599071066485183,25,30,10
37,9411,1.1148473953869775e-23,0.03999999978598869,9.29335604504138e-05,0.959907066653561,25,30,10
37,9412,1.7470983266318363e-23,0.039999983342793595,9.295000364550683e-05,0.959907066653561,25,30,10
37,9413,1.737802548288946e-23,0.039999983342793595,6.563678749961911e-07,0.9599993602893316,25,30,10
37,9414,1.7378434630429874e-23,0.039999983342793595,6.564039759185739e-07,0.9599993602532306,25,30,10
37,9415,1.7378864791085278e-23,0.039999983342793595,6.843781502698731e-07,0.9599993322790563,25,30,10
37,9416,1.6051159487226487e-23,0.039999983342793595,6.450836488195076e-07,0.9599993715735577,25,30,10
37,9417,1.6051138480040192e-23,0.039999983342793595,6.450738348961928e-07,0.9599993715833718,25,30,10
37,9418,1.605188432318685e-23,0.039999983342793595,0.011058533438038046,0.9489414832191686,25,30,10
37,9419,1.605226298397816e-23,0.039999983342793595,0.011188056870645889,0.9488119597865606,25,30,10
37,9420,1.5958674538296788e-23,0.039999983342793595,0.011187940945301423,0.9488120757119052,25,30,10
37,9421,1.5957900134598888e-23,0.039999983342793595,0.00013006410311729535,0.9598699525540892,25,30,10
37,9422,1.0647073647519672e-23,0.039999983342793595,0.0001300626450657527,0.9598699540121409,25,30,10
37,9423,1.0553929672183254e-23,0.039999983342793595,0.00013006215032024005,0.9598699545068864,25,30,10
37,9424,1.0577222385974184e-23,0.039999983342793595,0.00013006419380583194,0.959869952463401,25,30,10
37,9425,1.0576813733624492e-23,0.039999983342793595,0.00013002564585852994,0.9598699910113483,25,30,10
37,9426,1.0600106962109044e-23,0.039999983342793595,0.00013002710491768663,0.9598699895522891,25,30,10
37,9427,1.0599698308889098e-23,0.039999983342793595,0.00013002708136162694,0.9598699895758451,25,30,10
37,9428,1.0622990919882534e-23,0.039999983342793595,0.0001300255480774288,0.9598699911091293,25,30,10
37,9429,9.296096238511548e-24,0.039999983342793595,0.0001300262242719899,0.9598699904329347,25,30,10
37,9430,7.968387288431871e-24,0.039999983342793595,0.00012991027950554708,0.9598701063777011,25,30,10
37,9431,7.945101240919168e-24,0.039999983342793595,0.0001299089118626182,0.9598701077453441,25,30,10
37,9432,1.4014557490307815e-17,0.039999983342793595,0.00013218653641449665,0.9598678301207921,25,30,10
37,9433,1.4014557397515146e-17,0.039999983342793595,0.0001387097535832333,0.9598613069036235,25,30,10
37,9434,1.4014557327635483e-17,0.039999983342793595,0.0001387097533535908,0.9598613069038531,25,30,10
37,9435,1.4014557327228523e-17,0.039999983342793595,9.186320745610256e-06,0.959990830336461,25,30,10
37,9436,1.4014557302300815e-17,0.039999983342793595,9.184896765778383e-06,0.9599908317604409,25,30,10
37,9437,1.401455732518445e-17,0.039999983342793595,1.0807761681197408e-05,0.9599892088955254,25,30,10
37,9438,1.4014557301891343e-17,0.039999983342793595,1.0807962991452151e-05,0.9599892086942151,25,30,10
37,9439,1.401455097162522e-17,0.03999960655069226,1.1184755092805778e-05,0.9599892086942151,25,30,10
37,9440,1.401455097080804e-17,0.03999960655069226,1.1146092122518277e-05,0.9599892473571855,25,30,10
37,9441,1.4998082143354296e-17,0.03999960655069226,1.1229120302201823e-05,0.9599891643290057,25,30,10
37,9442,1.499808214332612e-17,0.03999960655069226,1.1229095775074812e-05,0.959989164353533,25,30,10
37,9443,1.4998082143734648e-17,0.03999960655069226,1.1227123047864037e-05,0.9599891663262602,25,30,10
37,9444,1.499808221362242e-17,0.03999960655069226,9.60675500588308e-06,0.9599907866943022,25,30,10
37,9445,1.4998082215256148e-17,0.03999960655069226,9.607456660339244e-06,0.9599907859926476,25,30,10
37,9446,1.4014551066003e-17,0.03999960655069226,9.52447247660344e-06,0.9599908689768314,25,30,10
37,9447,1.40145510659386e-17,0.03999960655069226,9.52400840695433e-06,0.959990869440901,25,30,10
37,9448,1.4014551065938495e-17,0.03999960655069226,9.524033137217673e-06,0.9599908694161705,25,30,10
37,9449,1.4014551065988415e-17,0.03999960655069226,0.0002758577589730976,0.9597245356903347,25,30,10
37,9450,1.401455106598125e-17,0.03999960655069226,0.0002758552522312688,0.9597245381970765,25,30,10
37,9451,1.4014551041061033e-17,0.03999960655069226,0.0002757393700143133,0.9597246540792935,25,30,10
37,9452,1.401455104065245e-17,0.03999960655069226,0.0002691331288028623,0.959731260320505,25,30,10
37,9453,1.401455104065245e-17,0.03999960655069226,0.00026913361895303093,0.9597312598303549,25,30,10
37,9454,1.4014853735892162e-17,0.03999960655069226,0.00026916066770843743,0.9597312327815993,25,30,10
37,9455,1.4014853735920337e-17,0.03999960655069226,0.0002691611418375689,0.9597312323074703,25,30,10
37,9456,1.401485373592762e-17,0.03999960655069226,0.0002691611527415207,0.9597312322965662,25,30,10
37,9457,1.401485375922072e-17,0.03999960655069226,0.0002691624402782147,0.9597312310090296,25,30,10
37,9458,1.4014853852386315e-17,0.03999960655069226,0.0002691631060941056,0.9597312303432137,25,30,10
37,9459,1.401455644471213e-17,0.03999960655069226,0.0002691621346466302,0.9597312313146611,25,30,10
37,9460,1.4014859140151812e-17,0.03999960655069226,0.00026916416641532354,0.9597312292828925,25,30,10
37,9461,1.403211410788879e-17,0.03999960655069226,0.00026916629861002667,0.9597312271506978,25,30,10
37,9462,1.4032119418736424e-17,0.03999960655069226,0.00026916760608367745,0.9597312258432241,25,30,10
37,9463,1.403211951190919e-17,0.03999960655069226,0.00026916760652600515,0.9597312258427817,25,30,10
37,9464,1.4032124822757246e-17,0.03999960655069226,0.0002691669430041317,0.9597312265063036,25,30,10
37,9465,1.4031822104031504e-17,0.03999960655069226,0.00026916632359863247,0.9597312271257091,25,30,10
37,9466,1.40318207763464e-17,0.03999960655069226,0.0002691670340358829,0.9597312264152719,25,30,10
37,9467,1.403181546549111e-17,0.03999960655069226,0.00026916566594481793,0.959731227783363,25,30,10
37,9468,1.403181544424165e-17,0.03999960655069226,0.0002692184296015698,0.9597311750197061,25,30,10
37,9469,1.4031815444241534e-17,0.03999960655069226,0.00026921842880319277,0.9597311750205045,25,30,10
37,9470,1.734156577863046e-20,0.03999960655069226,0.0002735450133921187,0.9597268484359156,25,30,10
37,9471,1.7341565778129557e-20,0.03999960655069226,0.00027354501313465123,0.9597268484361731,25,30,10
37,9472,1.7341567004085225e-20,0.03999960655069226,0.00027362750059513487,0.9597267659487124,25,30,10
37,9473,1.7336256145459796e-20,0.03999960655069226,0.00027359999909988894,0.9597267934502078,25,30,10
37,9474,1.733625413037164e-20,0.03999960655069226,0.0002735445013463051,0.9597268489479615,25,30,10
37,9475,1.7336254130241e-20,0.03999960655069226,0.00027365970871262276,0.9597267337405949,25,30,10
37,9476,1.7336254101572532e-20,0.03999960655069226,0.0002736597328874051,0.9597267337164204,25,30,10
37,9477,1.733634726730211e-20,0.03999960655069226,0.00027365831074269566,0.9597267351385651,25,30,10
37,9478,1.72606805164512e-20,0.03999960655069226,0.0002670526027913796,0.9597333408465163,25,30,10
37,9479,1.726068048803078e-20,0.03999960655069226,7.182113913283354e-07,0.9599996752379164,25,30,10
37,9480,1.7260678882100703e-20,0.03999960655069226,6.022943718151058e-07,0.9599997911549358,25,30,10
37,9481,1.7262006155840377e-20,0.03999960655069226,6.842833799034888e-07,0.9599997091659277,25,30,10
37,9482,1.7262006163011778e-20,0.03999960655069226,6.863165913465415e-07,0.9599997071327163,25,30,10
37,9483,1.7262006163128845e-20,0.03999960655069226,6.877389767020903e-07,0.959999705710331,25,30,10
37,9484,1.7263333794216517e-20,0.03999960655069226,2.965334468328855e-06,0.9599974281148392,25,30,10
37,9485,1.726333376629378e-20,0.03999960655069226,2.9638994347981388e-06,0.9599974295498729,25,30,10
37,9486,1.726324060055557e-20,0.03999960655069226,2.9638859350785005e-06,0.9599974295633725,25,30,10
37,9487,1.7263217307324574e-20,0.03999960655069226,2.963351354280768e-06,0.9599974300979534,25,30,10
37,9488,1.756593605054364e-20,0.03999960655069226,2.9640550413540763e-06,0.9599974293942664,25,30,10
37,9489,1.7564608339490996e-20,0.03999960655069226,2.881556230170952e-06,0.9599975118930775,25,30,10
37,9490,1.7564608339491156e-20,0.03999960655069226,2.8815457223594968e-06,0.9599975119035854,25,30,10
37,9491,1.7564607902169548e-20,0.03999960655069226,2.8810359153688888e-06,0.9599975124133924,25,30,10
37,9492,1.75646078950024e-20,0.03999960655069226,2.8810588272201884e-06,0.9599975123904805,25,30,10
37,9493,1.75698256059516e-20,0.03999960655069226,2.881805356209722e-06,0.9599975116439515,25,30,10
37,9494,1.7569940515670538e-20,0.03999960655069226,0.03654109303628188,0.9234593004130255,25,30,10
37,9495,1.7569940515670378e-20,0.03999960655069226,0.036541208941321644,0.9234591845079858,25,30,10
37,9496,1.7569963801221933e-20,0.03999960655069226,0.03654121039876093,0.9234591830505466,25,30,10
37,9497,1.7569963772544523e-20,0.03999960655069226,0.03654132629902183,0.9234590671502859,25,30,10
37,9498,1.7570080209648974e-20,0.03999960655069234,0.03654144363395797,0.9234589498153497,25,30,10
37,9499,1.7571408328639737e-20,0.03999960655069234,0.03654155810419611,0.9234588353451116,25,30,10
37,9500,1.7572736041927228e-20,0.03999960655069234,0.03654144269886109,0.9234589507504465,25,30,10
37,9501,1.7572736042430145e-20,0.03999960655069234,0.036541444121253895,0.9234589493280538,25,30,10
37,9502,1.7572736042445438e-20,0.03999960655069234,0.03654144414602752,0.9234589493032801,25,30,10
37,9503,1.7572805922120283e-20,0.03999960655069234,0.03654144270071785,0.9234589507485899,25,30,10
37,9504,1.757271315788435e-20,0.03999960655069234,0.036541558592057266,0.9234588348572504,25,30,10
37,9505,3.177454490782812e-22,0.03999960655069234,0.03654155643462441,0.9234588370146833,25,30,10
37,9506,3.1774623770455463e-22,0.03999960655069234,0.03654167238738946,0.9234587210619183,25,30,10
37,9507,3.1644181762310313e-22,0.03999960655069234,0.03654170038369551,0.9234586930656122,25,30,10
37,9508,3.164418168816792e-22,0.03999960655069234,0.036541584466535985,0.9234588089827718,25,30,10
37,9509,3.41859257504336e-22,0.039977582555277634,0.03656360846195064,0.9234588089827718,25,30,10
37,9510,3.417665506133741e-22,0.039977582555277634,0.036563609872012334,0.92345880757271,25,30,10
37,9511,3.4178820909906163e-22,0.039977582555277634,0.03656360842491093,0.9234588090198114,25,30,10
37,9512,3.417878076143259e-22,0.039977582555277634,0.036563492568178126,0.9234589248765442,25,30,10
37,9513,3.416909982901508e-22,0.03999998963090056,0.03654108549255521,0.9234589248765442,25,30,10
37,9514,3.4169099162394884e-22,0.03999998963090056,0.03654116795505761,0.9234588424140417,25,30,10
37,9515,3.4169265440053435e-22,0.03999998963090056,0.0365411949808014,0.923458815388298,25,30,10
37,9516,3.4160103854230683e-22,0.039999989630904766,0.03666630100100926,0.9233337093680859,25,30,10
37,9517,3.3638332760221226e-22,0.039999989630904766,0.0366663000525474,0.9233337103165479,25,30,10
37,9518,3.36381664324759e-22,0.039999989630904766,0.036666273612662274,0.923333736756433,25,30,10
37,9519,3.3638166444829185e-22,0.039999989630904766,0.03666627160503642,0.9233337387640589,25,30,10
37,9520,3.3663329871259196e-23,0.039999989630904766,0.03666627143609534,0.923333738933,25,30,10
37,9521,3.3663358416272656e-23,0.039999989630904766,0.036666271425997446,0.9233337389430979,25,30,10
37,9522,3.8949359950234736e-23,0.039999989630900484,0.036541076508888444,0.9234589338602112,25,30,10
37,9523,3.894889445427026e-23,0.039999989630900484,0.03654107508651676,0.9234589352825828,25,30,10
37,9524,3.894889494855721e-23,0.039999989630900484,0.03654099258834431,0.9234590177807553,25,30,10
37,9525,3.3731212682784417e-23,0.039999989630900484,0.03654102102329438,0.9234589893458051,25,30,10
37,9526,8.410683939033083e-24,0.039999999875694574,0.036541010778500284,0.9234589893458051,25,30,10
37,9527,8.317511099977986e-24,0.039999999875694574,0.036541098223194096,0.9234589019011114,25,30,10
37,9528,9.715132698901552e-24,0.039999999875694574,0.03654107184119961,0.9234589282831057,25,30,10
37,9529,9.715139852806146e-24,0.039999999875694574,0.0365410738500694,0.923458926274236,25,30,10
37,9530,8.482586987102327e-23,0.039999999875694574,0.03679276085788093,0.9232072392664243,25,30,10
37,9531,7.951501853936307e-23,0.039999999875694574,0.03679273441737381,0.9232072657069313,25,30,10
37,9532,8.084273224262907e-23,0.039999999875694574,0.03679273712732534,0.92320726299698,25,30,10
37,9533,8.084433817961026e-23,0.039999999875694574,0.03679273716425539,0.92320726296005,25,30,10
37,9534,7.960979785958905e-23,0.039999999875694574,0.03679273492949604,0.9232072651948093,25,30,10
37,9535,7.961023418383264e-23,0.039999999875694574,0.03679273561452132,0.923207264509784,25,30,10
37,9536,7.96100951020822e-23,0.03999999999480155,0.03679273549541434,0.923207264509784,25,30,10
37,9537,7.961009522565099e-23,0.03999999999480155,0.03679273553046075,0.9232072644747376,25,30,10
37,9538,7.958680212800169e-23,0.03999999999480155,0.03679273352144057,0.9232072664837577,25,30,10
37,9539,7.958516703582198e-23,0.03999999999480155,0.03679273352143268,0.9232072664837655,25,30,10
37,9540,7.949199463960151e-23,0.03999999999480155,0.036792815342890334,0.9232071846623078,25,30,10
37,9541,7.94920303604274e-23,0.03999999999480155,0.03679281603427431,0.923207183970924,25,30,10
37,9542,8.480258302617793e-23,0.03999999999480155,0.03679509510130644,0.923204904903892,25,30,10
37,9543,8.480258252325906e-23,0.03999999999480155,0.036795095100861167,0.9232049049043372,25,30,10
37,9544,8.347484011724906e-23,0.03999999999480155,0.03679509444727535,0.923204905557923,25,30,10
37,9545,8.347524888589057e-23,0.03999999999480155,0.03679521034030156,0.9232047896648967,25,30,10
37,9546,8.347527805537819e-23,0.03999999999480155,0.0367952108041585,0.92320478920104,25,30,10
37,9547,8.347689832687912e-23,0.03999999999480155,0.03679521081426544,0.9232047891909329,25,30,10
37,9548,8.34764610140257e-23,0.03999999999480155,0.03679521012923991,0.9232047898759584,25,30,10
37,9549,8.347646138238136e-23,0.03999999999480155,0.03679521010408844,0.92320478990111,25,30,10
37,9550,7.816550722645515e-23,0.03999999999480155,0.03679293053815397,0.9232070694670444,25,30,10
37,9551,3.808503250997648e-22,0.03999999999504614,0.03679746795474797,0.923202532050206,25,30,10
37,9552,3.808507342448953e-22,0.03999999999504614,0.03679738687917264,0.9232026131257811,25,30,10
37,9553,3.812949565238541e-22,0.039999992925382984,0.0367973939488358,0.9232026131257811,25,30,10
37,9554,1.733290136656905e-20,0.03999999292513839,0.03679442692176294,0.9232055801530986,25,30,10
37,9555,1.7332901366577894e-20,0.03999999292513839,0.03679442739234821,0.9232055796825133,25,30,10
37,9556,1.769371966367563e-20,0.039999854551635565,0.03679456576585106,0.9232055796825133,25,30,10
37,9557,2.1421101772284338e-20,0.03999985455163563,0.006329403661571423,0.9536707417867931,25,30,10
37,9558,2.1421101800831116e-20,0.03999985455163563,0.0063358939862235095,0.9536642514621408,25,30,10
37,9559,4.168138286612989e-21,0.03999985455163563,0.006334327042560229,0.9536658184058042,25,30,10
37,9560,4.168139921216404e-21,0.03999985455163563,0.0063343284649493145,0.953665816983415,25,30,10
37,9561,4.168139927884846e-21,0.03999985455163563,0.00633433049876225,0.9536658149496021,25,30,10
37,9562,4.0929377489843224e-21,0.03999985455163563,0.01233222556574226,0.9476679198826221,25,30,10
37,9563,4.092936025586738e-21,0.03999985455163563,0.006082644439171959,0.9539175010091925,25,30,10
37,9564,4.094258622965647e-21,0.03999985455163563,0.006212051947049519,0.9537880935013148,25,30,10
37,9565,4.094258587136542e-21,0.03999985455163563,0.006212051245386998,0.9537880942029774,25,30,10
37,9566,4.0942581788642405e-21,0.03999985455163563,0.006211935339286338,0.9537882101090781,25,30,10
37,9567,4.094259812971164e-21,0.03999985455163563,0.0062118542636557935,0.9537882911847086,25,30,10
37,9568,4.094258207031916e-21,0.03999985455163563,0.006211854849518488,0.953788290598846,25,30,10
37,9569,4.092930116718192e-21,0.03999985455163563,0.006211821455702663,0.9537883239926619,25,30,10
37,9570,4.395718080070572e-21,0.03999985455163563,0.0062149861625201905,0.9537851592858444,25,30,10
37,9571,4.395625315819374e-21,0.03999985455163563,0.006214984691027765,0.9537851607573367,25,30,10
37,9572,4.395623688365414e-21,0.03999985455163563,0.006214984183984628,0.9537851612643798,25,30,10
37,9573,8.707863197396943e-21,0.03999985455163563,0.0062143274686643525,0.9537858179797002,25,30,10
37,9574,8.347045036943833e-21,0.039999988455189026,0.00621419356511095,0.9537858179797002,25,30,10
37,9575,8.345717323252133e-21,0.039999988455189026,0.0062141921172261935,0.9537858194275849,25,30,10
37,9576,8.345717323135222e-21,0.039999988455189026,0.006214190677587046,0.9537858208672241,25,30,10
37,9577,8.345715689028144e-21,0.039999988455189026,0.006214191263296481,0.9537858202815147,25,30,10
37,9578,8.345715281014959e-21,0.039999988455189026,0.006214191270385249,0.9537858202744259,25,30,10
37,9579,8.345713632083699e-21,0.039999988455189026,0.006214191234711976,0.9537858203100992,25,30,10
37,9580,8.34580679762119e-21,0.039999988455189026,0.006214271724645076,0.953785739820166,25,30,10
37,9581,8.345713631389683e-21,0.039999988455189026,0.006214271260349503,0.9537857402844616,25,30,10
37,9582,8.278315028962997e-21,0.039999988455189026,0.006212714549855638,0.9537872969949555,25,30,10
37,9583,4.618218247798005e-21,0.03999998845518896,0.0001412226449122212,0.959858788899899,25,30,10
37,9584,4.3154303129884676e-21,0.03999998845518896,0.0001380579380948262,0.9598619536067163,25,30,10
37,9585,4.315431940431493e-21,0.03999998845518896,0.00013805793596503347,0.9598619536088461,25,30,10
37,9586,4.315431940429327e-21,0.03999998845518896,0.00013805791260460305,0.9598619536322066,25,30,10
37,9587,4.315431939800437e-21,0.03999998845518896,0.0001380579048899095,0.9598619536399213,25,30,10
37,9588,4.315523478083657e-21,0.03999998845518896,0.00013805934390183352,0.9598619522009095,25,30,10
37,9589,4.31552348525297e-21,0.03999998845518896,0.0001380593439045833,0.9598619522009066,25,30,10
37,9590,4.315546771242856e-21,0.03999998845518896,0.0001381752493898293,0.9598618362954214,25,30,10
37,9591,4.315547180012875e-21,0.03999998845518896,0.00013817527156066814,0.9598618362732507,25,30,10
37,9592,8.656604272001123e-20,0.03999225382883776,0.00014590989781431503,0.9598618362733482,25,30,10
37,9593,8.656604269196521e-20,0.03999225382883776,0.0001393056894600272,0.9598684404817024,25,30,10
37,9594,8.656604269145353e-20,0.03999225382883776,0.00013930568070419247,0.9598684404904583,25,30,10
37,9595,8.656604310707682e-20,0.03999225382883776,0.0001458293989479239,0.9598619167722146,25,30,10
37,9596,8.656606642177519e-20,0.03999225382883776,0.00014588286365000013,0.9598618633075126,25,30,10
37,9597,8.656606806342869e-20,0.03999225382883776,0.00014576764797342949,0.959861978523189,25,30,10
37,9598,8.656609135652749e-20,0.03999225382883776,0.0001457676492141196,0.9598619785219482,25,30,10
37,9599,8.656609138519385e-20,0.03999225382883776,0.00014576767461265162,0.9598619784965498,25,30,10
37,9600,1.0700571972510419e-18,0.03999225382883776,0.0001474781684173856,0.959860268002745,25,30,10
37,9601,9.892548438957571e-19,0.03996852052505202,0.0001712114722032006,0.959860268002745,25,30,10
37,9602,9.849412767490951e-19,0.03996852052505202,0.0001696170314537019,0.9598618624434944,25,30,10
37,9603,9.849412767492296e-19,0.03996852052505202,0.00016961704419347215,0.9598618624307547,25,30,10
37,9604,9.84941276749108e-19,0.03996852052505202,0.00016961704375581516,0.9598618624311923,25,30,10
37,9605,9.849412767844585e-19,0.03996852052505202,0.00016961706874095122,0.9598618624062074,25,30,10
37,9606,9.849412768125004e-19,0.03996852052505202,0.00016959004345019397,0.959861889431498,25,30,10
37,9607,9.83492690269411e-19,0.03999999999190625,0.00013811057669341805,0.9598618894314005,25,30,10
37,9608,9.834926670046391e-19,0.03999999999190625,0.00040438950523651284,0.9595956105028576,25,30,10
37,9609,9.834926665603384e-19,0.03999999999190625,0.0003977832984742609,0.9596022167096199,25,30,10
37,9610,9.834926665889033e-19,0.03999999999190625,0.00039778327511445685,0.9596022167329796,25,30,10
37,9611,1.5607306018945334e-24,0.03999999999190625,0.00039607124736705285,0.959603928760727,25,30,10
37,9612,7.722793894860751e-23,0.03999999999190633,0.0004026781965332656,0.9595973218115607,25,30,10
37,9613,7.722951647182651e-23,0.03999999999190633,0.00013634381981403944,0.9598636561882801,25,30,10
37,9614,7.732232322177299e-23,0.03999999999190633,0.00013634240968011914,0.9598636575984141,25,30,10
37,9615,7.734397466485476e-23,0.03999999999190633,0.00013634175262514648,0.9598636582554688,25,30,10
37,9616,7.734393982873393e-23,0.03999999999190633,0.00013633969436362104,0.9598636603137304,25,30,10
37,9617,7.734437765038334e-23,0.03999999999190633,0.00013642221688331762,0.9598635777912107,25,30,10
37,9618,7.734478630356499e-23,0.03999999999190633,0.0001364222402515144,0.9598635777678426,25,30,10
37,9619,7.734481397033571e-23,0.03999999999190633,0.00013642224053958673,0.9598635777675544,25,30,10
37,9620,1.6776271318325463e-24,0.03999999999190625,0.000129816737906746,0.9598701832701874,25,30,10
37,9621,3.546282117284543e-25,0.03999999999190625,6.899518940134007e-06,0.9599931004891541,25,30,10
37,9622,3.5462110222925906e-25,0.03999999999190625,2.9331261132458707e-07,0.9599997066954827,25,30,10
37,9623,3.546502705298796e-25,0.03999999999190625,1.916201543807005e-06,0.9599980838065503,25,30,10
37,9624,3.53015658099049e-25,0.03999999999190625,1.9156903425285363e-06,0.9599980843177517,25,30,10
37,9625,3.5302295102447243e-25,0.03999999999190625,1.914358366352139e-06,0.9599980856497277,25,30,10
37,9626,3.5138833230190907e-25,0.03999999999190625,1.9143080198488625e-06,0.9599980857000742,25,30,10
37,9627,2.598071553208545e-25,0.03999999999190625,1.9163292018288973e-06,0.9599980836788922,25,30,10
37,9628,2.614195711720622e-25,0.03999999999190625,4.996728644195692e-06,0.9599950032794499,25,30,10
37,9629,3.5418063851801762e-25,0.03999999999190625,9.439727456909281e-06,0.959990560280637,25,30,10
37,9630,4.304142826067763e-21,0.03999999999190625,0.00010173540005955717,0.9598982646080344,25,30,10
37,9631,4.30945364883546e-21,0.03999999999190625,0.00010176387313518395,0.9598982361349587,25,30,10
37,9632,4.309453620537592e-21,0.03999999999190625,0.00010176482138002778,0.9598982351867139,25,30,10
37,9633,4.3093604555033695e-21,0.03999999999190625,0.00010168230949899413,0.9598983176985949,25,30,10
37,9634,4.3106865277141705e-21,0.03999999999190625,9.697905882573367e-05,0.959903020949268,25,30,10
37,9635,4.309359222559175e-21,0.03999999999190625,9.698104290322973e-05,0.9599030189651906,25,30,10
37,9636,4.304048371608355e-21,0.03999999999190625,9.695325917536587e-05,0.9599030467489185,25,30,10
37,9637,4.3053756442413924e-21,0.03999999999190625,9.706913992885706e-05,0.9599029308681649,25,30,10
37,9638,4.305375264131282e-21,0.03999999999190625,9.707054014350797e-05,0.9599029294679504,25,30,10
37,9639,4.305375242746791e-21,0.03999999999190625,9.710908746446417e-05,0.9599028909206292,25,30,10
37,9640,4.305398126382236e-21,0.03999999999190625,9.872995462233566e-05,0.9599012700534714,25,30,10
37,9641,4.305398562705632e-21,0.03999999999190625,9.880646376914004e-05,0.9599011935443248,25,30,10
37,9642,4.381170077234807e-21,0.03999999999190626,0.00010037486836654223,0.9598996251397272,25,30,10
37,9643,4.381192961931014e-21,0.03999999999190626,0.00010029697252069458,0.9598997030355731,25,30,10
37,9644,4.386503794485346e-21,0.03999999999190626,0.00010037289565774775,0.9598996271124359,25,30,10
37,9645,4.386620260520002e-21,0.03999999999190626,0.00010040340385046287,0.9598995966042433,25,30,10
37,9646,4.38671384194509e-21,0.03999999999190626,0.00010040488667071463,0.9598995951214231,25,30,10
37,9647,4.386713841927477e-21,0.03999999999190626,0.00010040488684828626,0.9598995951212456,25,30,10
37,9648,4.38662230682153e-21,0.03999999999190626,9.596191297888669e-05,0.9599040380951149,25,30,10
37,9649,4.38662067259772e-21,0.03999999999190626,9.596130171396371e-05,0.9599040387063797,25,30,10
37,9650,4.310850784505228e-21,0.03999999999190626,9.439242299569354e-05,0.9599056075850981,25,30,10
37,9651,4.671386428236499e-21,0.03996851952554029,0.0001258728893616496,0.9599056075850981,25,30,10
37,9652,4.6713864277310264e-21,0.03996851952554029,0.00012587287811476112,0.9599056075963449,25,30,10
37,9653,4.671477965823252e-21,0.03996851952554029,0.0001259553406357297,0.959905525133824,25,30,10
37,9654,4.671477965823217e-21,0.03996851952554029,0.00012595333239492524,0.959905527142065,25,30,10
37,9655,4.671477965335552e-21,0.03996851952554029,0.00012595263117826832,0.9599055278432814,25,30,10
37,9656,4.671477965335666e-21,0.03996851952554029,0.00012595263117516026,0.9599055278432845,25,30,10
37,9657,4.67147793653249e-21,0.03996851952554029,0.0001259526151539591,0.9599055278593059,25,30,10
37,9658,4.671477936528273e-21,0.03996851952554029,0.0001259505907148588,0.9599055298837449,25,30,10
37,9659,4.671456306721218e-21,0.03996851952554029,0.00012595056350874577,0.9599055299109512,25,30,10
37,9660,4.671481232622397e-21,0.03996851952554037,0.00012823036533810432,0.9599032501091217,25,30,10
37,9661,3.73003398365354e-22,0.03996851952554037,3.605060990512906e-05,0.9599954298645547,25,30,10
37,9662,3.7300340554352986e-22,0.03996851952554037,3.605062019120413e-05,0.9599954298542686,25,30,10
37,9663,3.7291186725806814e-22,0.03996851952554037,3.605059682244465e-05,0.9599954298776372,25,30,10
37,9664,3.6760102791393163e-22,0.03996851952554037,3.593467964765464e-05,0.9599955457948119,25,30,10
37,9665,3.6892707823793156e-22,0.03996851952554037,3.5936716511176755e-05,0.9599955437579486,25,30,10
37,9666,3.6883391270945675e-22,0.03996851952554037,3.585422860910278e-05,0.9599956262458507,25,30,10
37,9667,3.6883391281758117e-22,0.03996851952554037,3.585426445261673e-05,0.9599956262100069,25,30,10
37,9668,6.695370435652082e-22,0.03996851952554037,0.00030218866096894874,0.9597292918134908,25,30,10
37,9669,6.696069232376094e-22,0.03996851952554037,0.00030218934297806036,0.9597292911314816,25,30,10
37,9670,6.696068950719864e-22,0.03996851952554037,0.00030218934297787116,0.9597292911314816,25,30,10
37,9671,6.696068665203172e-22,0.03996851952554037,0.0003021893348293615,0.9597292911396305,25,30,10
37,9672,6.696068450122615e-22,0.03996851952554037,0.0003021879130621721,0.9597292925613975,25,30,10
37,9673,6.696052105368114e-22,0.03996851952554037,0.00030218858869836626,0.9597292918857615,25,30,10
37,9674,6.695819245469251e-22,0.03996851952554037,0.00030207267106004804,0.9597294078034,25,30,10
37,9675,6.695819816478208e-22,0.03996851952554037,0.0003020741296716876,0.9597294063447883,25,30,10
37,9676,6.694892174025989e-22,0.03996851952554037,0.00030218932040195444,0.959729291154058,25,30,10
37,9677,6.694896265586166e-22,0.03996851952554037,0.00030219002160196764,0.959729290452858,25,30,10
37,9678,6.694896336042477e-22,0.03996851952554037,0.00030219003346629173,0.9597292904409938,25,30,10
37,9679,6.69489598377551e-22,0.03996851952554037,0.0003021900572333949,0.9597292904172267,25,30,10
37,9680,6.694900285207354e-22,0.03996851952554037,0.0003038129583449688,0.959727667516115,25,30,10
37,9681,6.694896198786411e-22,0.03996851952554037,0.0003038119982335228,0.9597276684762264,25,30,10
37,9682,6.747299679303514e-22,0.03996851952554466,0.00030851617143352173,0.9597229643030221,25,30,10
37,9683,6.734022546918515e-22,0.03996851952554466,0.0003085141421192883,0.9597229663323364,25,30,10
37,9684,6.734022468939175e-22,0.03996851952554466,0.00030851344045227774,0.9597229670340035,25,30,10
37,9685,6.734022826215195e-22,0.03996851952554466,0.0003085139043026131,0.9597229665701532,25,30,10
37,9686,6.680687621775178e-22,0.03996851952554037,0.00030380825852665996,0.9597276722159335,25,30,10
37,9687,6.681615047496372e-22,0.03996851952554037,0.00030226788042176994,0.9597292125940383,25,30,10
37,9688,6.668337947883341e-22,0.03996851952554037,0.00030215195090821855,0.9597293285235518,25,30,10
37,9689,6.668321606791666e-22,0.03996851952554037,0.0003021514763347902,0.9597293289981252,25,30,10
37,9690,6.668325693319646e-22,0.03996851952554037,0.00030215152431467036,0.9597293289501454,25,30,10
37,9691,6.668325976318064e-22,0.03996851952554037,0.00030215222581917833,0.9597293282486408,25,30,10
37,9692,6.667394249163118e-22,0.03996851952554037,0.00030206972744353203,0.9597294107470166,25,30,10
37,9693,6.667390163911876e-22,0.03996851952554037,0.0003020697157516618,0.9597294107587083,25,30,10
37,9694,6.667390239356669e-22,0.03996851952554037,0.00030207116291245474,0.9597294093115474,25,30,10
37,9695,6.667390527366252e-22,0.03996851952554037,0.00030209963537609344,0.9597293808390839,25,30,10
37,9696,6.667386150385886e-22,0.03996851952554037,0.0003020171245406412,0.9597294633499192,25,30,10
37,9697,6.667153218140729e-22,0.03996851952554037,0.0003020170979081675,0.9597294633765517,25,30,10
37,9698,6.614976548599588e-22,0.03996851952554037,0.00030190266311895693,0.9597295778113407,25,30,10
37,9699,6.61497626058851e-22,0.03996851952554037,0.00030187419005115655,0.9597296062844084,25,30,10
37,9700,6.614975756295124e-22,0.03996851952554037,0.00030847897281659014,0.9597230015016431,25,30,10
37,9701,6.614975756293963e-22,0.03996851952554037,0.0003084789830948923,0.9597230014913647,25,30,10
37,9702,6.61404403237014e-22,0.03996851952554037,0.0003084775002714986,0.9597230029741881,25,30,10
37,9703,6.614043955757766e-22,0.03996851952554037,0.00030847601704157574,0.9597230044574182,25,30,10
37,9704,6.62732102175621e-22,0.03996851952554037,0.00030847746462320203,0.9597230030098366,25,30,10
37,9705,6.627321236838658e-22,0.03996851952554037,0.00030847744042679034,0.9597230030340329,25,30,10
37,9706,6.680196865367551e-22,0.03996851952554037,0.00030685526624959776,0.95972462520821,25,30,10
37,9707,6.69347399701098e-22,0.03996851952554037,0.00030685570595182003,0.9597246247685076,25,30,10
37,9708,7.450270111728836e-22,0.03996851952554037,0.0003068956767197526,0.9597245847977398,25,30,10
37,9709,7.450037480471678e-22,0.03996851952554029,0.00030461590028856624,0.9597268645741714,25,30,10
37,9710,7.45003748539247e-22,0.03996851952554029,0.0003046152596967483,0.9597268652147632,25,30,10
37,9711,7.470193585266351e-22,0.03996851952554029,3.828091396117518e-05,0.9599931995604989,25,30,10
37,9712,7.470193590317574e-22,0.03996851952554029,3.828093996771939e-05,0.9599931995344925,25,30,10
37,9713,7.469028929949346e-22,0.03996851952554029,3.825043133734728e-05,0.9599932300431229,25,30,10
37,9714,7.469024843485329e-22,0.03996851952554029,3.8249729960798485e-05,0.9599932307444994,25,30,10
37,9715,7.469028859587784e-22,0.03996851952554029,3.168218631414466e-05,0.9599997982881459,25,30,10
37,9716,6.712232739948723e-22,0.03996851952554029,3.1642191206901874e-05,0.9599998382832533,25,30,10
37,9717,6.725493530766176e-22,0.03996851952554029,3.164419955348499e-05,0.9599998362749065,25,30,10
37,9718,6.712216113451874e-22,0.03996851952554029,3.164071869397518e-05,0.9599998397557661,25,30,10
37,9719,6.712232455781014e-22,0.03996851952554029,3.16407022116382e-05,0.9599998397722485,25,30,10
37,9720,6.712236537213969e-22,0.03996851952554029,3.164077311058249e-05,0.9599998397013496,25,30,10
37,9721,6.712465454015063e-22,0.03996851952554029,3.175661956698109e-05,0.9599997238548932,25,30,10
37,9722,6.712461655526586e-22,0.03996851952554029,3.164073946966204e-05,0.9599998397349904,25,30,10
37,9723,6.699184517924056e-22,0.03996851952554029,3.16392560374936e-05,0.9599998412184226,25,30,10
37,9724,3.0939060083465288e-22,0.03999999970667338,1.590749044082421e-07,0.9599998412184226,25,30,10
37,9725,3.0407974569548167e-22,0.03999999970667338,1.583484604549889e-07,0.9599998419448668,25,30,10
37,9726,3.040580799735577e-22,0.03999999970667338,7.090436038823106e-08,0.9599999293889667,25,30,10
37,9727,3.040580795897604e-22,0.03999999970667338,6.946889631264861e-08,0.9599999308244307,25,30,10
37,9728,3.0405848823393977e-22,0.03999999970667338,7.149041791080271e-08,0.9599999288029091,25,30,10
37,9729,3.0408014672041964e-22,0.03999999970667338,7.150752617735755e-08,0.9599999287858009,25,30,10
37,9730,3.0408011791959296e-22,0.03999999970667338,7.147045037118144e-08,0.9599999288228767,25,30,10
37,9731,3.0417288203329294e-22,0.03999999970667338,3.2832731392285976e-08,0.9599999674605957,25,30,10
37,9732,3.0417288215902956e-22,0.03999999970667338,3.286839837022119e-08,0.9599999674249287,25,30,10
37,9733,3.0426645990319694e-22,0.03999999970667338,1.6558079055606603e-06,0.9599983444854214,25,30,10
37,9734,3.0559416700901646e-22,0.03999999970667338,1.6572673390563484e-06,0.9599983430259879,25,30,10
37,9735,3.0550058975693165e-22,0.03999999970667338,3.4327224727623416e-08,0.9599999659661022,25,30,10
37,9736,3.0550101978331285e-22,0.03999999970667338,3.6325624960429175e-08,0.9599999639677017,25,30,10
37,9737,3.108112218793304e-22,0.03999999970667338,4.739126403687364e-06,0.9599952611669231,25,30,10
37,9738,6.148453481606624e-22,0.03999999970667338,6.36206401347661e-06,0.9599936382293133,25,30,10
37,9739,3.1743745528849675e-22,0.03999999970667338,6.363461008462681e-06,0.9599936368323183,25,30,10
37,9740,3.1743908927188617e-22,0.03999999970667338,6.3639604972173e-06,0.9599936363328295,25,30,10
37,9741,3.1743908927394e-22,0.03999999970667338,6.363985454319639e-06,0.9599936363078725,25,30,10
37,9742,3.174390821047381e-22,0.03999999970667338,6.363973152206196e-06,0.9599936363201743,25,30,10
37,9743,3.1743908210474017e-22,0.03999999970667338,6.363962877011928e-06,0.9599936363304497,25,30,10
37,9744,3.174390821112439e-22,0.03999999970667338,6.363962876957402e-06,0.9599936363304497,25,30,10
37,9745,3.1744072349973193e-22,0.03999999970667338,6.479855414030611e-06,0.9599935204379128,25,30,10
37,9746,3.188615871531358e-22,0.03999999970667338,6.519165766974166e-06,0.9599934811275597,25,30,10
37,9747,3.188599525485803e-22,0.03999999970667338,6.49072773266333e-06,0.9599935095655939,25,30,10
37,9748,3.1883706798577727e-22,0.03999999970667338,6.492734744055133e-06,0.9599935075585827,25,30,10
37,9749,3.1883870258698537e-22,0.03999999970667338,6.493234056137931e-06,0.9599935070592707,25,30,10
37,9750,3.1883706118769643e-22,0.03999999970667338,6.3773165721911706e-06,0.9599936229767545,25,30,10
37,9751,3.191242008557961e-22,0.021244487722826787,0.01876188930036705,0.9599936229768065,25,30,10
37,9752,3.192173736015724e-22,0.021244487722826787,0.01876200518293504,0.9599935070942385,25,30,10
37,9753,3.192173735994025e-22,0.021244487722826787,0.018762005158158207,0.9599935071190151,25,30,10
37,9754,3.245282280115797e-22,0.021244487722826787,0.018762006580552992,0.9599935056966202,25,30,10
37,9755,6.675598662389653e-17,0.039960713602100024,4.578069577629361e-05,0.9599935057021236,25,30,10
37,9756,6.675598671706893e-17,0.039960713602100024,4.578070804407471e-05,0.9599935056898559,25,30,10
37,9757,6.675598662389653e-17,0.039960713602100024,4.578072054247553e-05,0.9599935056773574,25,30,10
37,9758,6.67559852965909e-17,0.039960713602100024,4.577927340798527e-05,0.959993507124492,25,30,10
37,9759,6.675598529659153e-17,0.039960713602100024,4.580724635145592e-05,0.9599934791515485,25,30,10
37,9760,6.67559852949564e-17,0.039960713602100024,4.577880893526472e-05,0.9599935075889647,25,30,10
37,9761,6.675568126080208e-17,0.039960713602100024,4.415790375441135e-05,0.9599951284941455,25,30,10
37,9762,6.675568126080208e-17,0.039960713602100024,4.415741342767124e-05,0.9599951289844723,25,30,10
37,9763,6.675568126124658e-17,0.039960713602100024,4.4157450274637635e-05,0.9599951289476252,25,30,10
37,9764,6.675568126124658e-17,0.039960713602100024,4.415887265226046e-05,0.9599951275252476,25,30,10
37,9765,6.675568249579474e-17,0.039960713602100024,4.404502373939311e-05,0.9599952413741605,25,30,10
37,9766,6.675568249544356e-17,0.039960713602100024,4.407348345607306e-05,0.9599952129144438,25,30,10
37,9767,6.675568249544321e-17,0.039960713602100024,4.407348406699685e-05,0.959995212913833,25,30,10
37,9768,6.67557581747183e-17,0.039960713602100024,4.4073501150330005e-05,0.9599952128967496,25,30,10
37,9769,6.675575817263921e-17,0.039960713602100024,4.407349076903997e-05,0.9599952129071309,25,30,10
37,9770,6.675575817223117e-17,0.039960713602100024,4.407148251700533e-05,0.959995214915383,25,30,10
37,9771,6.675575817223822e-17,0.039960713602100024,4.407149322982074e-05,0.9599952149046703,25,30,10
37,9772,6.675575817223835e-17,0.039960713602100024,4.407149324060699e-05,0.9599952149046596,25,30,10
37,9773,6.675575817387295e-17,0.039960713602100024,4.407154340635554e-05,0.9599952148544938,25,30,10
37,9774,6.675575817388001e-17,0.039960713602100024,4.40999910932034e-05,0.9599951864068066,25,30,10
37,9775,6.675575817388015e-17,0.039960713602100024,4.410202471518499e-05,0.9599951843731848,25,30,10
37,9776,6.675575817390833e-17,0.039960713602100024,4.410202472597404e-05,0.9599951843731742,25,30,10
37,9777,6.67557581739077e-17,0.039960713602100024,4.4099991698147266e-05,0.9599951864062019,25,30,10
37,9778,6.675575817387902e-17,0.039960713602100024,4.4071531363419775e-05,0.9599952148665366,25,30,10
37,9779,6.675575684657438e-17,0.039960713602100024,4.407156579039454e-05,0.9599952148321096,25,30,10
37,9780,6.675575684657427e-17,0.039960713602100024,4.407159055322698e-05,0.9599952148073468,25,30,10
37,9781,6.675575693971837e-17,0.039960713602100024,4.407160426102726e-05,0.959995214793639,25,30,10
37,9782,6.675575551882604e-17,0.039960713602100024,4.403159286496704e-05,0.9599952548050352,25,30,10
37,9783,6.675575552046077e-17,0.039960713602100024,4.4033599594677514e-05,0.9599952527983057,25,30,10
37,9784,6.6755755543754e-17,0.039960713602100024,4.403629926454488e-05,0.9599952500986357,25,30,10
37,9785,6.675583122343713e-17,0.039960713602100024,4.403834459689799e-05,0.9599952480533033,25,30,10
37,9786,6.675582591258209e-17,0.039960713602100024,4.403689680263027e-05,0.9599952495010976,25,30,10
37,9787,6.675582591094736e-17,0.039960713602100024,4.403485502094429e-05,0.9599952515428793,25,30,10
37,9788,6.845181724947417e-17,0.039960713602100045,0.03520365186265723,0.9248356345352425,25,30,10
37,9789,6.845181717959446e-17,0.039960713602100045,0.035203734359982836,0.924835552037917,25,30,10
37,9790,1.1976319120716282e-06,0.03996071410585062,0.039605669924917215,0.9204324183373199,25,30,10
37,9791,1.1976319120716282e-06,0.03996071410585062,0.039605669864476264,0.920432418397761,25,30,10
37,9792,1.1976319120716282e-06,0.03996071410585062,0.039605669863865905,0.9204324183983712,25,30,10
37,9793,1.1976319120716282e-06,0.03996071410585062,0.039605669907242444,0.9204324183549949,25,30,10
37,9794,1.1976319120716282e-06,0.03996071410585062,0.03960566987220113,0.920432418390036,25,30,10
37,9795,1.215900314448114e-06,0.03996071360210007,0.04004290139810049,0.9199951690994849,25,30,10
37,9796,1.215900314448114e-06,0.03996071360210007,0.04004289937215051,0.9199951711254348,25,30,10
37,9797,1.215900314448114e-06,0.03996071360210007,0.0400428973385061,0.9199951731590792,25,30,10
37,9798,1.215900314448114e-06,0.03996071360210007,0.04004292527639725,0.9199951452211883,25,30,10
37,9799,1.215900314448114e-06,0.03996071360210007,0.04004292526393027,0.9199951452336552,25,30,10
37,9800,1.215900314448114e-06,0.03996071360210007,0.040042926667267456,0.919995143830318,25,30,10
37,9801,1.215900314448114e-06,0.03996071360210007,0.04004292666885366,0.9199951438287317,25,30,10
37,9802,1.2159003143813583e-06,0.03999999982614226,0.040003640450366716,0.9199951438231767,25,30,10
37,9803,1.2159003143813583e-06,0.03999999982614226,0.04000364048603979,0.9199951437875035,25,30,10
37,9804,1.2159003143813583e-06,0.03999999026070737,0.040003650051474667,0.9199951437875035,25,30,10
37,9805,1.215900314382518e-06,0.039563564543242925,0.04044007576884263,0.9199951437876002,25,30,10
37,9806,1.215900314382518e-06,0.039563564543242925,0.0404400778023136,0.9199951417541291,25,30,10
37,9807,1.215900314382518e-06,0.039563564543242925,0.04044013185280335,0.9199950877036391,25,30,10
37,9808,1.2159003143827638e-06,0.039563564543247214,0.04044032787116512,0.919994891685273,25,30,10
37,9809,1.2159003143816042e-06,0.03999999292514274,0.04000389948936609,0.9199948916851767,25,30,10
37,9810,1.2159003143816042e-06,0.03999999292514274,0.040003899501672914,0.9199948916728699,25,30,10
37,9811,1.2159003143816042e-06,0.03999999292514274,0.04000390094882698,0.9199948902257157,25,30,10
37,9812,1.2159003143816042e-06,0.03999999292514274,0.04000390092667642,0.9199948902478664,25,30,10
37,9813,1.2159003143816042e-06,0.03999999292514274,0.0400061784859799,0.9199926126885629,25,30,10
37,9814,6.126658616059522e-07,0.03999999292522204,0.04000285899915314,0.9199965354097631,25,30,10
37,9815,6.126658616059522e-07,0.03999999292522204,0.040002974916318434,0.9199964194925979,25,30,10
37,9816,6.126658616059522e-07,0.03999999292522204,0.04000309079842866,0.9199963036104876,25,30,10
37,9817,6.126658616059522e-07,0.03999999292522204,0.04000308942047404,0.9199963049884423,25,30,10
37,9818,6.126658616059522e-07,0.03999999292522204,0.040003091453491735,0.9199963029554246,25,30,10
37,9819,6.126658616059522e-07,0.03999999292522204,0.04000297558649207,0.919996418822424,25,30,10
37,9820,6.126658616059522e-07,0.03999999292522204,0.04013247057207631,0.9198669238368399,25,30,10
37,9821,6.126658616059522e-07,0.03999999292522204,0.04013247057163853,0.9198669238372775,25,30,10
37,9822,6.126658616059522e-07,0.039999864245516936,0.04013259925134365,0.9198669238372775,25,30,10
37,9823,6.126658616059522e-07,0.039999864245516936,0.040132600684008785,0.9198669224046125,25,30,10
37,9824,6.126658616059522e-07,0.039999864245516936,0.04013259926213894,0.9198669238264824,25,30,10
37,9825,6.126658616059522e-07,0.039999864245516936,0.040130319704851425,0.9198692033837699,25,30,10
37,9826,6.126658616059525e-07,0.039999864245516936,0.040130359683760865,0.9198691634048604,25,30,10
37,9827,6.126658616059525e-07,0.039999864245516936,0.04013024379198742,0.9198692792966338,25,30,10
37,9828,6.126658616059525e-07,0.039999864245516936,0.040130243805077195,0.9198692792835439,25,30,10
37,9829,6.126658616061984e-07,0.039999864245521224,0.04013040438084887,0.9198691187077682,25,30,10
37,9830,6.91479428509111e-05,0.03999986424544192,0.04006579182514093,0.919865195986566,25,30,10
37,9831,6.91479428509111e-05,0.03999986424544192,0.04006109055848518,0.9198698972532218,25,30,10
37,9832,7.039982950680041e-05,0.03999986424559901,0.04005983867240755,0.9198698972524865,25,30,10
37,9833,7.039982950680041e-05,0.03999986424559901,0.04005995456967709,0.9198697813552168,25,30,10
37,9834,7.039982950680041e-05,0.03999986424559901,0.040059952597103224,0.9198697833277909,25,30,10
37,9835,7.039982950680041e-05,0.03999986424559901,0.04005995258522807,0.9198697833396661,25,30,10
37,9836,7.039982950680041e-05,0.03999986424559901,0.04006003306242253,0.9198697028624714,25,30,10
37,9837,7.039982950680041e-05,0.03999986424559901,0.040060033037030617,0.9198697028878634,25,30,10
37,9838,7.039982950680041e-05,0.03999999018020255,0.04005990710242706,0.9198697028878634,25,30,10
37,9839,7.039982950680041e-05,0.03999999018020255,0.040059947096899515,0.9198696628933909,25,30,10
37,9840,7.039982950680041e-05,0.03999999018020255,0.04006002955126584,0.9198695804390247,25,30,10
37,9841,7.039982950680041e-05,0.03999999018020255,0.040059913645686035,0.9198696963446045,25,30,10
37,9842,7.039982950680041e-05,0.03999999018020255,0.04005991220667078,0.9198696977836197,25,30,10
37,9843,7.039982950680041e-05,0.03999999018020255,0.040059873650146856,0.9198697363401436,25,30,10
37,9844,7.039982950680041e-05,0.03999999018020255,0.040059877131225725,0.9198697328590647,25,30,10
37,9845,7.039982950680041e-05,0.03999999018020255,0.04005987569606115,0.9198697342942294,25,30,10
37,9846,7.039982950680041e-05,0.03999999018020255,0.04005987767892091,0.9198697323113696,25,30,10
37,9847,7.039982950680041e-05,0.03999999018020255,0.04005987765059546,0.919869732339695,25,30,10
37,9848,1.236818174893377e-06,0.03999999018004818,0.04012904066208187,0.9198697323396948,25,30,10
37,9849,1.236818174893377e-06,0.03999999018004818,0.040129042683550435,0.9198697303182263,25,30,10
37,9850,1.236818174893377e-06,0.03999999018004818,0.040129040649299744,0.919869732352477,25,30,10
37,9851,1.236818174893377e-06,0.03999999018004818,0.04012904465560007,0.9198697283461766,25,30,10
37,9852,1.236818174893377e-06,0.03999999018004818,0.0401290446562132,0.9198697283455636,25,30,10
37,9853,1.236818174893377e-06,0.03999999018004818,0.040129044681167236,0.9198697283206095,25,30,10
37,9854,1.236818174893131e-06,0.03999999018004388,0.04012884592852578,0.9198699270732553,25,30,10
37,9855,1.236818174893131e-06,0.03999999018004388,0.04012884643928751,0.9198699265624936,25,30,10
37,9856,2.3754719898446345e-06,0.03999999385140603,0.04012670669079633,0.9198709239858076,25,30,10
37,9857,2.375471989845618e-06,0.039999993851406096,0.04012986845333563,0.9198677622232683,25,30,10
37,9858,2.3754719898453722e-06,0.03999999385140181,0.04012970785278282,0.9198679228238253,25,30,10
37,9859,2.3754719898453722e-06,0.03999999385140181,0.04012970923949026,0.9198679214371179,25,30,10
37,9860,2.3754719898453722e-06,0.03999999385140181,0.04012970720575081,0.9198679234708576,25,30,10
37,9861,2.3754719898453722e-06,0.03999999385140181,0.040129705783819226,0.9198679248927891,25,30,10
37,9862,2.3754719898453722e-06,0.03999999385140181,0.040129665814558256,0.9198679648620501,25,30,10
37,9863,2.3754719898453722e-06,0.03999999385140181,0.04012966581456579,0.9198679648620426,25,30,10
37,9864,2.3754719898453722e-06,0.03999999385140181,0.0401295847387632,0.919868045937845,25,30,10
37,9865,2.3754719898453722e-06,0.03999999385140181,0.0401295841881312,0.9198680464884771,25,30,10
37,9866,2.3754719898453722e-06,0.04000000362442116,0.04012957441511186,0.9198680464884771,25,30,10
37,9867,2.3754719898453722e-06,0.04000000362442116,0.04012949392496653,0.9198681269786225,25,30,10
37,9868,2.3754719898453722e-06,0.04000000362442116,0.040129493889737196,0.9198681270138518,25,30,10
37,9869,2.3754719898453722e-06,0.04000000362442116,0.04012953243705005,0.9198680884665389,25,30,10
37,9870,2.3754719898453722e-06,0.04000000362442116,0.04012953390101592,0.9198680870025729,25,30,10
37,9871,2.3754719898453722e-06,0.04000000362442116,0.040129533901019025,0.9198680870025698,25,30,10
37,9872,2.3754719898453722e-06,0.04000000362442116,0.04012945282504181,0.9198681680785471,25,30,10
37,9873,2.3754719898453722e-06,0.04000000362442116,0.04012941279533437,0.9198682081082545,25,30,10
37,9874,2.3754719898453722e-06,0.04000000362442116,0.04012941335581126,0.9198682075477776,25,30,10
37,9875,2.3754719898453722e-06,0.04000000362442116,0.04012941480252945,0.9198682061010593,25,30,10
37,9876,2.3754719898453722e-06,0.04000000362442116,0.04012941280455631,0.9198682080990327,25,30,10
37,9877,2.3754719898453722e-06,0.04000000362442116,0.040129495327279295,0.9198681255763096,25,30,10
37,9878,2.3754719898453722e-06,0.04000000362442116,0.04013265848757066,0.9198649624160181,25,30,10
37,9879,4.645972219000264e-09,0.039999999954976766,0.040134334707517184,0.9198656606915334,25,30,10
37,9880,4.645972219000264e-09,0.039999999954976766,0.040134333269124245,0.9198656621299263,25,30,10
37,9881,4.645972219000264e-09,0.039999999954976766,0.040134333295420974,0.9198656621036296,25,30,10
37,9882,4.645972219000264e-09,0.039999999710666145,0.04013433353973157,0.9198656621036296,25,30,10
37,9883,4.645972219000264e-09,0.039999999710666145,0.04013425104216293,0.9198657446011984,25,30,10
37,9884,1.1531144402281751e-18,0.039999999710666416,0.04013592163352569,0.9198640786558075,25,30,10
37,9885,1.1531397607566222e-18,0.0399996065127827,0.04013631483140942,0.9198640786558075,25,30,10
37,9886,1.1531397607279537e-18,0.0399996065127827,0.04013631424511202,0.9198640792421052,25,30,10
37,9887,1.153145071574967e-18,0.0399996065127827,0.04013643017107134,0.9198639633161458,25,30,10
37,9888,1.153145071983117e-18,0.0399996065127827,0.04013643220470728,0.91986396128251,25,30,10
37,9889,1.1531450486903962e-18,0.0399996065127827,0.04013643074665312,0.9198639627405641,25,30,10
37,9890,1.1531449550875805e-18,0.0399996065127827,0.0401332676111327,0.9198671258760847,25,30,10
37,9891,1.693868386379974e-19,0.03999960651278263,0.040130103840345106,0.9198702896468722,25,30,10
37,9892,1.6938683822984743e-19,0.03999960651278263,0.04013010180653203,0.9198702916806853,25,30,10
37,9893,1.6938683989213088e-19,0.03999960651278263,0.040130100866593715,0.9198702926206237,25,30,10
37,9894,1.6938683988456857e-19,0.03999960651278263,0.051188016256716644,0.9088123772305008,25,30,10
37,9895,1.6939214985563414e-19,0.03999960651278263,0.05119462046604663,0.9088057730211707,25,30,10
37,9896,1.693922198175042e-19,0.0399996065127827,0.051065214378424574,0.9089351791087928,25,30,10
37,9897,1.6938691024841678e-19,0.0399996065127827,0.05105860814840318,0.9089417853388142,25,30,10
37,9898,1.6938690984001522e-19,0.0399996065127827,0.05105860883711465,0.9089417846501027,25,30,10
37,9899,1.6938691146745037e-19,0.0399996065127827,0.05105863586241616,0.9089417576248011,25,30,10
37,9900,1.6936159117303427e-19,0.0010862212903045647,0.08997202108489459,0.9089417576248011,25,30,10
37,9901,1.6936159120182642e-19,0.0010862212903045647,0.0899720210855096,0.9089417576241863,25,30,10
37,9902,1.6936690038254945e-19,0.0010862212903046402,0.08997210513992464,0.9089416735697711,25,30,10
37,9903,1.6936690038922449e-19,0.0010862212903046402,0.08997222105726711,0.9089415576524286,25,30,10
37,9904,1.6936822810227768e-19,0.0010862212903046402,0.08997222040065178,0.908941558309044,25,30,10
37,9905,1.6936822807348348e-19,0.0010862212903046402,0.0899722203750797,0.908941558334616,25,30,10
37,9906,1.6936822807348553e-19,0.0010862212903046402,0.08997222037569762,0.908941558333998,25,30,10
37,9907,1.6936291886158532e-19,0.0010862212903046402,0.08997210447516257,0.9089416742345331,25,30,10
37,9908,1.693629168254784e-19,0.0010862212903046402,0.0899721039996256,0.90894167471007,25,30,10
37,9909,1.6936294135040163e-19,0.0010862212903046402,0.08997438214543528,0.9089393965642603,25,30,10
37,9910,1.6936284820657922e-19,0.0010862212903045647,0.08997438069217724,0.9089393980175184,25,30,10
37,9911,1.693629164458928e-19,0.0010862212903045647,0.08997210113628532,0.9089416775734104,25,30,10
37,9912,1.6943789022063048e-19,0.0010862212903045647,0.09034520647952814,0.9085685722301675,25,30,10
37,9913,1.6943786692024997e-19,0.0010862212903045647,0.0903452024123817,0.9085685762973139,25,30,10
37,9914,1.6943786692087003e-19,0.0010862212903045647,0.0903452849101167,0.9085684937995789,25,30,10
37,9915,6.710977445133936e-15,6.240607750895202e-09,0.09143149995964611,0.9085684937997395,25,30,10
37,9916,6.71097737016057e-15,6.240607750894808e-09,0.09105851053314196,0.9089414832262436,25,30,10
37,9917,6.71097737016057e-15,6.2406077508948e-09,0.09105851050819509,0.9089414832511905,25,30,10
37,9918,6.71097737016057e-15,6.2406077508948e-09,0.09105851047313225,0.9089414832862537,25,30,10
37,9919,6.7109773701621974e-15,6.2406077508948e-09,0.09105851048763138,0.9089414832717543,25,30,10
37,9920,6.820777959605605e-15,6.3480915479541965e-09,0.09105684542124796,0.9089431482306537,25,30,10
37,9921,6.820777959603971e-15,6.348091547954189e-09,0.09105681694940232,0.9089431767024994,25,30,10
37,9922,6.820777959695494e-15,6.3480916232340156e-09,0.0910634231719244,0.9089365704799774,25,30,10
37,9923,6.8207779596955154e-15,6.3480916232340156e-09,0.09106342317192435,0.9089365704799774,25,30,10
37,9924,6.820777959602343e-15,6.348091623234008e-09,0.09106342313483315,0.9089365705170687,25,30,10
37,9925,6.820777959600715e-15,6.348091623234008e-09,0.09106342311005934,0.9089365705418427,25,30,10
37,9926,6.820777959624037e-15,6.348091623234001e-09,0.09106334062252947,0.9089366530293725,25,30,10
37,9927,6.82077795962403e-15,6.348091623234001e-09,0.09106334132311661,0.9089366523287856,25,30,10
37,9928,6.820777959647324e-15,6.348091623234008e-09,0.09106334135923985,0.9089366522926622,25,30,10
37,9929,6.820777959647324e-15,6.348091623234008e-09,0.09106334132358311,0.9089366523283188,25,30,10
37,9930,6.820777959647345e-15,6.3480916232340156e-09,0.09106334134852988,0.9089366523033721,25,30,10
37,9931,6.820777959740913e-15,6.348091623234529e-09,0.08000542655318203,0.91999456709872,25,30,10
37,9932,6.820777959739651e-15,6.3480916232576986e-09,0.08001203276972715,0.9199879608821749,25,30,10
37,9933,6.82077795973963e-15,6.348091623257692e-09,0.08001203278000552,0.9199879608718965,25,30,10
37,9934,6.82077795973963e-15,6.348091623257692e-09,0.08001203275522858,0.9199879608966733,25,30,10
37,9935,6.820795214613167e-15,6.3480916245782014e-09,0.08001203428663971,0.9199879593652622,25,30,10
37,9936,6.820795214613168e-15,6.3480916245782014e-09,0.08001203498808819,0.9199879586638137,25,30,10
37,9937,6.820795215940877e-15,6.348091624555032e-09,0.0800055453672812,0.9199944482846207,25,30,10
37,9938,6.820777960975385e-15,6.348091623233709e-09,0.08000554229328684,0.919994451358615,25,30,10
37,9939,6.820777960975414e-15,6.3480916232337236e-09,0.08000716519327776,0.9199928284586241,25,30,10
37,9940,6.820777960975851e-15,6.34809162323413e-09,0.08000716722734243,0.9199928264245594,25,30,10
37,9941,6.820777960975879e-15,6.34809162323413e-09,0.08000716770147073,0.9199928259504311,25,30,10
37,9942,6.820777961138931e-15,6.348091623234122e-09,0.08000719613825784,0.9199927975136442,25,30,10
37,9943,6.82077796116059e-15,6.348091623234122e-09,0.08000719614894615,0.9199927975029557,25,30,10
37,9944,6.820777960974273e-15,6.348091623234122e-09,0.08000716767601977,0.9199928259758821,25,30,10
37,9945,7.160491702451703e-15,6.240607142474732e-09,0.08000716715261755,0.9199928266067683,25,30,10
37,9946,7.160491702451675e-15,6.240607142474718e-09,0.08000554427678544,0.9199944494826003,25,30,10
37,9947,7.160491702544844e-15,6.240607143795583e-09,0.08000711313186765,0.9199928806275182,25,30,10
37,9948,7.160491702544816e-15,6.240607143795583e-09,0.08000711263358022,0.9199928811258057,25,30,10
37,9949,7.160491702521522e-15,6.240607143795583e-09,0.08000711404546852,0.9199928797139174,25,30,10
37,9950,7.160491702521522e-15,6.240607143795582e-09,0.08000711334425267,0.9199928804151333,25,30,10
37,9951,7.160491702614696e-15,6.240607143795597e-09,0.0800071118357457,0.91999288192364,25,30,10
37,9952,2.3207207987577253e-09,1.7771433566036576e-07,0.08000693804146275,0.9199928819234809,25,30,10
37,9953,2.3207207987577253e-09,1.7771433566038934e-07,0.08000856041777035,0.9199912595471735,25,30,10
37,9954,2.3207207987577253e-09,1.7771433558510952e-07,0.08000195617811558,0.9199978637868285,25,30,10
37,9955,4.496837787210517e-16,6.240615377279528e-09,0.08000212997255751,0.919997863786827,25,30,10
37,9956,4.496837773933384e-16,6.240615377279521e-09,0.0800021299281592,0.9199978638312254,25,30,10
37,9957,4.49683777393338e-16,6.240615377279521e-09,0.080002129963384,0.9199978637960007,25,30,10
37,9958,4.496837773949366e-16,6.24061537730228e-09,0.08000363694683593,0.9199963568125485,25,30,10
37,9959,4.496838530730162e-16,6.240615377279121e-09,0.0800020152236592,0.9199979785357253,25,30,10
37,9960,4.496881667175157e-16,6.240615377279179e-09,0.08000048781277913,0.9199995059466055,25,30,10
37,9961,4.49688168043376e-16,6.240615378599471e-09,0.08000701154210776,0.9199929822172767,25,30,10
37,9962,4.496881681361421e-16,6.240615379920305e-09,0.08000928913089375,0.9199907046284908,25,30,10
37,9963,4.49688092456428e-16,6.240615379920291e-09,0.08000928795346128,0.9199907058059231,25,30,10
37,9964,4.496880924564634e-16,6.240615379920698e-09,0.08000937047638303,0.9199906232830015,25,30,10
37,9965,4.496880924793194e-16,6.240615379943871e-09,0.08000939691621436,0.9199905968431702,25,30,10
37,9966,4.496880924560333e-16,6.240615379920291e-09,0.08000936844354553,0.919990625315839,25,30,10
37,9967,4.496880924543634e-16,6.240615379896712e-09,0.08000774554298502,0.9199922482163996,25,30,10
37,9968,4.496880924543348e-16,6.240615379896718e-09,0.08000786001284538,0.9199921337465391,25,30,10
37,9969,3.806614481163838e-10,5.131657418200238e-10,0.08000786535888355,0.9199921337472895,25,30,10
37,9970,3.8066144811638515e-10,5.131657418431979e-10,0.08000789383202335,0.9199921052741499,25,30,10
37,9971,3.8066144811638515e-10,5.131657418431977e-10,0.08000789383201264,0.9199921052741605,25,30,10
37,9972,9.520388664101938e-11,1.9201723033150806e-12,0.08000789462946616,0.91999210527341,25,30,10
37,9973,9.520388664101938e-11,1.9201723033222114e-12,0.08000797712701675,0.9199920227758596,25,30,10
37,9974,9.520388664101806e-11,1.92017098262363e-12,0.0800014867923172,0.919998513110559,25,30,10
37,9975,1.759094500049384e-05,5.123602136253198e-10,0.07998389295651141,0.9199985155861278,25,30,10
37,9976,1.759094500049384e-05,5.123602136253197e-10,0.07998389150961728,0.9199985170330219,25,30,10
37,9977,1.759094500049384e-05,5.123602136253199e-10,0.0799870546697465,0.9199953538728929,25,30,10
37,9978,1.759094500049384e-05,5.123602123044855e-10,0.07998477508500028,0.919997633457639,25,30,10
37,9979,1.759094500049384e-05,5.123602123044852e-10,0.0799816119599339,0.9200007965827054,25,30,10
37,9980,1.7590945000493838e-05,5.123602109835626e-10,0.07998165303870942,0.9200007555039299,25,30,10
37,9981,1.7590945000493838e-05,5.123602109835697e-10,0.0799816525750021,0.9200007559676372,25,30,10
37,9982,1.7590945000493838e-05,5.123602109835697e-10,0.07998165256331798,0.9200007559793214,25,30,10
37,9983,1.7590945000493838e-05,5.123602109835696e-10,0.0799816525710103,0.920000755971629,25,30,10
37,9984,1.7590945000493838e-05,5.123602109835627e-10,0.07998165526192742,0.920000753280712,25,30,10
37,9985,1.7590945000493838e-05,5.123602109835627e-10,0.0799815393791872,0.9200008691634521,25,30,10
37,9986,1.7590945000493838e-05,5.123602109835558e-10,0.07998153935274493,0.9200008691898944,25,30,10
37,9987,1.7590945000493838e-05,5.123602109835558e-10,0.07998153938841505,0.9200008691542243,25,30,10
37,9988,1.7590945000493838e-05,5.123602109839623e-10,0.07998156782582473,0.9200008407168148,25,30,10
37,9989,1.7590945000493838e-05,5.123602109839695e-10,0.07998145193466615,0.9200009566079733,25,30,10
37,9990,1.7590945000493838e-05,5.123602109839695e-10,0.07998145190776255,0.9200009566348768,25,30,10
37,9991,1.7590945000493838e-05,5.123602109608098e-10,0.07998370299233351,0.9199987055503059,25,30,10
37,9992,6.380256525960913e-13,1.578866151043878e-07,0.07995823228487006,0.9200416098278769,25,30,10
37,9993,6.380256525960697e-13,1.5788661510438823e-07,0.07995823370662962,0.9200416084061174,25,30,10
37,9994,6.380256525960697e-13,1.578866151044114e-07,0.07996293630565286,0.9200369058070939,25,30,10
37,9995,6.38025652596068e-13,1.578866151044114e-07,0.07996065721178157,0.9200391849009653,25,30,10
37,9996,6.380256525960663e-13,1.57886615104411e-07,0.07996065579905964,0.9200391863136871,25,30,10
37,9997,6.380256525961595e-13,1.57886615104411e-07,0.0799606567968758,0.9200391853158709,25,30,10
37,9998,6.380256525948313e-13,1.5788661510441102e-07,0.07996054020083791,0.9200393019119087,25,30,10
37,9999,6.380256525948326e-13,1.5788661510443416e-07,0.0799604861509665,0.9200393559617802,25,30,10
37,10000,6.380256526698065e-13,1.5788661510445673e-07,0.08033350869796116,0.9196663334147855,25,30,10
