run,generation,degenerate,holistic,other,compositional,popsize,turnover_rounds,group_rounds
34,0,0.9987713554999793,1.4267839920713722e-08,0.0012266915175253483,1.938714656782331e-06,25,0,10
34,1,0.9515725704908766,4.648330444132576e-07,0.020813446390876674,0.027613518285202306,25,0,10
34,2,0.8925094993900666,4.950149158369492e-07,0.07021347918725182,0.037276526407761565,25,0,10
34,3,0.8777832257122336,5.483758342148451e-07,0.08494173702039783,0.03727448889153068,25,0,10
34,4,0.8073256942659738,0.00019267570969707954,0.12984211236709517,0.06263951765722961,25,0,10
34,5,0.8818069034657319,1.1765374122578998e-06,0.11350996429568017,0.004681955701170971,25,0,10
34,6,0.8244345612428421,1.208231511156029e-05,0.1748285514470619,0.000724804994983669,25,0,10
34,7,0.7932375941716308,1.1567290577467686e-05,0.20604415741247137,0.0007066811253172782,25,0,10
34,8,0.8057285431181035,4.523107442378177e-05,0.1934777412865131,0.0007484845209578708,25,0,10
34,9,0.7536589618173014,5.345747428586782e-05,0.24539597062599117,0.000891610082421254,25,0,10
34,10,0.7673339374712351,5.3444778356349383e-05,0.23169530004120478,0.0009173177092039492,25,0,10
34,11,0.7368138200105521,8.532568208202374e-05,0.26217801732924473,0.0009228369781218716,25,0,10
34,12,0.640671159651616,7.747493556925142e-05,0.35788385312278864,0.0013675122900257684,25,0,10
34,13,0.6904760996793103,0.0030456081001287156,0.30577742698512955,0.000700865235431336,25,0,10
34,14,0.6345751409610877,0.003046431280266973,0.3598763547028214,0.0025020730558239345,25,0,10
34,15,0.6790597840843055,1.593335496009975e-05,0.3194605094309747,0.001463773129760367,25,0,10
34,16,0.7452015080113771,1.5523575741279782e-05,0.25475239787258525,3.0570540296511985e-05,25,0,10
34,17,0.744732042594137,1.1897420426039306e-05,0.2552465790557047,9.480929732599293e-06,25,0,10
34,18,0.7383350619987453,1.188586585405832e-05,0.2614951942501058,0.00015785788529353462,25,0,10
34,19,0.6792528798096543,1.4360691445621631e-05,0.32056939940502605,0.00016336009387353124,25,0,10
34,20,0.635479466479767,3.880070459418592e-05,0.36416127843270757,0.0003204543829310803,25,0,10
34,21,0.5906995767639986,0.0021746393353850534,0.4066279006237089,0.0004978832769076344,25,0,10
34,22,0.6559850490432217,0.0021760117271900177,0.3410260116210051,0.000812927608583917,25,0,10
34,23,0.6029273677996234,0.002171403395339016,0.3564929525732248,0.03840827623181264,25,0,10
34,24,0.6221689437392449,0.002285348497288541,0.3370828484964477,0.038462859267018215,25,0,10
34,25,0.5228746518342086,0.0022958729867038788,0.4713625857544646,0.0034668894246217686,25,0,10
34,26,0.5185218718791008,0.00305947604185075,0.47717723217429736,0.0012414199047522416,25,0,10
34,27,0.4947478459075286,0.0030566248195565715,0.5008738835885607,0.0013216456843518991,25,0,10
34,28,0.4943499646563821,0.00329150523061969,0.4998913975681755,0.002467132544823286,25,0,10
34,29,0.5297697529509879,0.0015573665933549656,0.4677167472427396,0.0009561332129165078,25,0,10
34,30,0.5210698741827197,0.001736214940857704,0.4370737906357462,0.0401201202406769,25,0,10
34,31,0.5235521450478359,0.0017191922064449163,0.3723764864181531,0.10235217632756596,25,0,10
34,32,0.3631548024267744,0.02915867735480275,0.4514966213718497,0.15618989884657236,25,0,10
34,33,0.30001328214639655,0.027799687290321732,0.4783117158237882,0.1938753147394927,25,0,10
34,34,0.38207031063492103,0.002362568212145008,0.45237998503347276,0.16318713611946278,25,0,10
34,35,0.3774430261854402,0.00173751145209632,0.5479367837704432,0.07288267859202063,25,0,10
34,36,0.32786219592160104,0.0017363572709226869,0.5852857038973072,0.08511574291016913,25,0,10
34,37,0.42632129615420417,0.00019498690470342542,0.5097017336381797,0.06378198330291207,25,0,10
34,38,0.499030706201657,0.00018248159211293482,0.38494934752545845,0.11583746468076994,25,0,10
34,39,0.5373533054834325,0.0006213803387748893,0.31310718005785526,0.1489181341199391,25,0,10
34,40,0.5345479216612824,0.0006215095312279103,0.328870659264571,0.13595990954292062,25,0,10
34,41,0.549534787832097,0.0006201528643975037,0.3119127070204458,0.1379323522830608,25,0,10
34,42,0.48114515338219943,0.0006294626267088876,0.35614825158542407,0.16207713240566776,25,0,10
34,43,0.502861362879054,0.00011590527321294616,0.33447192537140874,0.16255080647632414,25,0,10
34,44,0.46749990480268183,0.00023871894841185923,0.29701587301439325,0.23524550323451227,25,0,10
34,45,0.4231213531380693,0.00024927076719878335,0.38287481574860804,0.19375456034612326,25,0,10
34,46,0.475315605058951,0.0001666034620735451,0.37204030677010896,0.15247748470886474,25,0,10
34,47,0.4918407201092133,3.6637338962995815e-06,0.2783091775449098,0.2298464386119788,25,0,10
34,48,0.4675896325966141,0.00035356274936249114,0.3025105709889319,0.22954623366509166,25,0,10
34,49,0.4500299839678974,0.0003530441014868349,0.3152504922818043,0.23436647964881163,25,0,10
34,50,0.5406879733909228,0.0009482358179085458,0.28377054345586517,0.17459324733530474,25,0,10
34,51,0.4811243967575589,0.0009492153308525667,0.39583434025056086,0.12209204766102769,25,0,10
34,52,0.3926695329559605,0.018642675825119637,0.46079986269558787,0.12788792852333228,25,0,10
34,53,0.5325677942435848,0.019568714019142227,0.38411220260103335,0.0637512891362392,25,0,10
34,54,0.5018367393061416,0.019704883072767573,0.410200907563263,0.06825747005782899,25,0,10
34,55,0.48895254646086095,0.019666193860904353,0.4046374275655731,0.08674383211266332,25,0,10
34,56,0.4863869317720095,0.022301546759102148,0.44712477207665485,0.044186749392232286,25,0,10
34,57,0.5142891572973946,0.00297133648037468,0.4078976299694654,0.0748418762527639,25,0,10
34,58,0.4845992402985971,4.785622445435721e-05,0.433436589741436,0.08191631373551093,25,0,10
34,59,0.4908329094219489,5.6275199735680976e-05,0.4340686611971384,0.07504215418117427,25,0,10
34,60,0.4206015694667663,3.682860058309589e-05,0.5043761188022065,0.07498548313044166,25,0,10
34,61,0.48030413004262124,4.255784884455973e-05,0.47812503252958855,0.041528279578944415,25,0,10
34,62,0.5281386668479184,3.712150050474355e-05,0.4695818302122966,0.0022423814392761358,25,0,10
34,63,0.5663691940665536,2.0107286705275124e-05,0.4320476376756062,0.0015630609711335852,25,0,10
34,64,0.6144965332973027,2.2621783253605196e-05,0.38493287945657584,0.0005479654628685071,25,0,10
34,65,0.6175265509904114,2.0431127051663333e-05,0.3628405362241544,0.019612481658381836,25,0,10
34,66,0.6384774780395444,1.8838970230787352e-05,0.341868981086771,0.019634701903453785,25,0,10
34,67,0.5765072374694072,1.770104016764112e-05,0.40385045924692436,0.019624602243501297,25,0,10
34,68,0.503682274111299,4.3446723081401094e-05,0.43721569938964855,0.05905857977597126,25,0,10
34,69,0.49551930755720136,2.8967362910434606e-05,0.5028624823321806,0.0015892427477066948,25,0,10
34,70,0.5465387799935204,2.319994493165478e-05,0.4520995670201212,0.0013384530414261835,25,0,10
34,71,0.5334621501904658,0.000680261195782665,0.4645668304063601,0.0012907582073931367,25,0,10
34,72,0.516759411083176,0.0009008633369440353,0.41414627231978685,0.06819345326009722,25,0,10
34,73,0.5122744592800782,0.019608638879756172,0.4333966253368613,0.0347202765033073,25,0,10
34,74,0.42711490063073043,0.05785722473940113,0.48037475003170343,0.034653124598164456,25,0,10
34,75,0.5272996627592759,0.03180858135980472,0.4062376079961605,0.03465414788475866,25,0,10
34,76,0.6412590714147064,0.032009600625078176,0.32654385331628355,0.00018747464393186852,25,0,10
34,77,0.69499174280761,0.031971473474371306,0.2728559129472218,0.0001808707707973881,25,0,10
34,78,0.6027701471614562,0.049949940056538064,0.34450754099151887,0.0027723717904865938,25,0,10
34,79,0.581549350007919,0.04743113962103449,0.3683910024292536,0.002628507941792033,25,0,10
34,80,0.49155235500085587,0.04742525220183682,0.4565923812897886,0.004430011507519672,25,0,10
34,81,0.4590337538207324,0.04769396714806266,0.4931915462195239,8.073281168174608e-05,25,0,10
34,82,0.5447441174451988,0.03787460099144714,0.41734039864274536,4.088292060990278e-05,25,0,10
34,83,0.4648186543243443,0.03787679205353048,0.4972232666231705,8.128699895471926e-05,25,0,10
34,84,0.49374223492739344,0.03786965477700717,0.4683030844183262,8.502587727068182e-05,25,0,10
34,85,0.4665732619473337,0.03820163795709909,0.4951492524349694,7.584766059773571e-05,25,0,10
34,86,0.5240222638368045,0.0031167067538058237,0.4727747304738915,8.629893549441261e-05,25,0,10
34,87,0.5477985873051192,0.003116907964260658,0.4489615032220501,0.0001230015085693513,25,0,10
34,88,0.4505952140100608,0.00012112344301880041,0.5486456864167194,0.0006379761301997011,25,0,10
34,89,0.5106787945843498,0.00011274619713785199,0.4885910450067438,0.0006174142117660792,25,0,10
34,90,0.6311272032963174,0.00038471138874670457,0.3683744880346942,0.00011359728024012474,25,0,10
34,91,0.6054955075023012,0.0005944689151762339,0.3937938070243883,0.0001162165581330338,25,0,10
34,92,0.6526247388222031,0.00044054211980090914,0.34652969267847594,0.000405026379516689,25,0,10
34,93,0.6402893267367918,0.013827131771273109,0.3454952451960939,0.00038829629583948436,25,0,10
34,94,0.5693390966062718,0.013824973753878249,0.4163878714484628,0.00044805819138616536,25,0,10
34,95,0.54526683156528,0.013650979048598372,0.4164998229228429,0.024582366463277442,25,0,10
34,96,0.5548517742726653,0.013650070415219106,0.4314927148621638,5.4404499475396e-06,25,0,10
34,97,0.46518581738151193,0.08989885050625578,0.4449109352748723,4.396837358059761e-06,25,0,10
34,98,0.47020691977226325,0.09262144986904115,0.43699376301342746,0.0001778673452673536,25,0,10
34,99,0.5036848447734598,0.0509946558683343,0.4452916129125177,2.8886445684700853e-05,25,0,10
34,100,0.5147446769213354,0.050488177481974275,0.43474952321390153,1.76223827888873e-05,25,0,10
34,101,0.478642783927068,0.050497374740702476,0.4601886911461749,0.010671150186051286,25,0,10
34,102,0.5264186243699078,0.012725094972254889,0.46078355441266217,7.27262451740907e-05,25,0,10
34,103,0.5742032846804012,0.012090077172487506,0.41363305965371894,7.357849339219875e-05,25,0,10
34,104,0.6142939401229076,0.007273987764981065,0.37532481238013915,0.003107259731972608,25,0,10
34,105,0.6388954956814249,0.006729431889191733,0.354239037321588,0.0001360351077946765,25,0,10
34,106,0.619918755602256,0.0067334879787155424,0.37320180625719684,0.00014595016183241436,25,0,10
34,107,0.5489599732802252,0.002556181787010205,0.4116598297236675,0.036824015209098726,25,0,10
34,108,0.5111650931084737,0.004984387881850222,0.4469551617877622,0.036895357221915226,25,0,10
34,109,0.5154080247818037,0.003768874545863049,0.443391947012018,0.03743115366031637,25,0,10
34,110,0.5515005717625567,0.0026497955797251077,0.3985885308129544,0.04726110184476535,25,0,10
34,111,0.6469276522968924,0.002653834153905812,0.3126040404052727,0.03781447314392817,25,0,10
34,112,0.6265971399654264,0.002642146150147835,0.33332370621765056,0.03743700766677525,25,0,10
34,113,0.6010374672457703,2.869943172098209e-05,0.361553335666519,0.037380497655989456,25,0,10
34,114,0.6180512893920532,3.556592561262282e-05,0.34510764722193854,0.03680549746039559,25,0,10
34,115,0.5843149074793317,3.3922639672995974e-05,0.3789035006284599,0.036747669252536135,25,0,10
34,116,0.5106371409272831,4.0386750252002684e-05,0.4525757997048874,0.03674667261757874,25,0,10
34,117,0.5575419151522916,1.183082450339701e-05,0.4057283977069399,0.03671785631626508,25,0,10
34,118,0.6001387015208514,0.0024087078693749327,0.3974386628296089,1.3927780165321822e-05,25,0,10
34,119,0.6155739039227575,0.0029290724361771005,0.38124441611538956,0.0002526075256756614,25,0,10
34,120,0.6425409859769843,0.002507560453897927,0.3549210953055173,3.0358263599836562e-05,25,0,10
34,121,0.7023762883465349,0.020041923087851674,0.2775544653050536,2.7323260559942135e-05,25,0,10
34,122,0.7191186930061364,7.89537016035173e-05,0.28073723427207514,6.511902018409884e-05,25,0,10
34,123,0.6324325622156959,7.880245892253113e-05,0.36732959548979977,0.00015903983558046293,25,0,10
34,124,0.6561001648981509,7.888837578187237e-05,0.3437632281976647,5.771852840223042e-05,25,0,10
34,125,0.6847034761785268,7.446940007877874e-05,0.3151510791850454,7.097523634936681e-05,25,0,10
34,126,0.6286495723935019,0.00010368918314612586,0.3708451683869854,0.00040157003636579207,25,0,10
34,127,0.6443057061882436,0.00010332253413737426,0.3515613873426516,0.00402958393496754,25,0,10
34,128,0.6453946060832553,0.00011637592893078774,0.35395056218297205,0.000538455804842248,25,0,10
34,129,0.5737926729939632,0.001480664229858961,0.4236427616320329,0.001083901144144621,25,0,10
34,130,0.5309790953688895,0.0003039770475752645,0.43372339129780735,0.03499353628572746,25,0,10
34,131,0.48299122819341006,0.00031047312712207943,0.48170488129564587,0.03499341738382247,25,0,10
34,132,0.47637596667096077,5.494125465375174e-05,0.4890174466054792,0.03455164546890707,25,0,10
34,133,0.4623103958611812,0.00012684075195296463,0.5031600644520886,0.03440269893477772,25,0,10
34,134,0.42658044808937823,0.0012139499080459934,0.5707470903870585,0.0014585116155181944,25,0,10
34,135,0.5262779076871795,0.00033562979537632426,0.4718564033146261,0.001530059202817985,25,0,10
34,136,0.47768132041305045,0.00013127640364918409,0.5209061549121469,0.0012812482711583903,25,0,10
34,137,0.4726073090197982,0.0005462826578841051,0.5055588824532432,0.021287525869076947,25,0,10
34,138,0.5752792293361199,0.0002722991152404482,0.40309779638105864,0.021350675167581504,25,0,10
34,139,0.6907262158538668,0.00027407272980904164,0.2506061628632507,0.05839354855307383,25,0,10
34,140,0.6985022899482357,0.0002187742395176347,0.25802674794324504,0.0432521878690018,25,0,10
34,141,0.6357796509725352,0.018697973919913506,0.29519342532159976,0.050328949785950775,25,0,10
34,142,0.6393672184944031,0.018703562180671162,0.30895656382113634,0.03297265550378881,25,0,10
34,143,0.6966058640035847,0.01850893798082827,0.2538065821079019,0.031078615907685285,25,0,10
34,144,0.5932978941190685,0.018597344628818145,0.3605020098611971,0.027602751390915125,25,0,10
34,145,0.7115264167173591,0.018600153297726824,0.25260510811756304,0.01726832186735181,25,0,10
34,146,0.6345728982618901,0.00754817130988432,0.3364131976294449,0.021465732798780012,25,0,10
34,147,0.630312918259794,0.007527618339319843,0.3034993561444291,0.05866010725645737,25,0,10
34,148,0.6252208337023807,0.0075270349616901756,0.30986546184396374,0.05738666949196502,25,0,10
34,149,0.587750167831753,0.007500958172004325,0.3617109344506014,0.04303793954564104,25,0,10
34,150,0.5361257342079699,0.007502369633654602,0.4501402733249262,0.006231622833449005,25,0,10
34,151,0.5621092976569488,7.433353230212159e-05,0.4275173729696634,0.01029899584108425,25,0,10
34,152,0.5621373876720251,7.628674214968728e-05,0.43210371095771366,0.005682614628111485,25,0,10
34,153,0.4435371285411805,0.00015118592019794253,0.5154706517831138,0.04084103375550832,25,0,10
34,154,0.47127845538236524,0.00011035691541095626,0.5041613928945761,0.024449794807645843,25,0,10
34,155,0.4426615877988822,4.346831542030899e-05,0.5414543196486726,0.015840624237023433,25,0,10
34,156,0.35461555344624,0.00015133461198832784,0.586605712391409,0.05862739955036171,25,0,10
34,157,0.36389835859837355,0.0001471113324339757,0.5483987166547934,0.08755581341440152,25,0,10
34,158,0.46953562885238176,0.00011704427160238083,0.4314764140123433,0.09887091286367453,25,0,10
34,159,0.4064097214778449,0.00011671165113047785,0.3806751837285104,0.21279838314251506,25,0,10
34,160,0.5323358331832666,8.438086776486153e-06,0.30508840491425493,0.16256732381570313,25,0,10
34,161,0.45100798236163003,7.305803571236916e-05,0.4645612699365739,0.08435768966608564,25,0,10
34,162,0.4511530738685514,2.2225828482142533e-06,0.5025548136335378,0.04628988991506253,25,0,10
34,163,0.5386819356423564,5.423713209176269e-05,0.4314076076527508,0.029856219572802743,25,0,10
34,164,0.5763711011233515,5.453947586031222e-05,0.42052250408326125,0.0030518553175259526,25,0,10
34,165,0.6366359266155645,7.755433910598681e-07,0.3603545128371273,0.003008785003914517,25,0,10
34,166,0.5424666899078058,3.311854829432505e-05,0.4173730371348512,0.04012715440904691,25,0,10
34,167,0.5801795507373586,3.28255164463827e-05,0.3675335928639938,0.05225403088219948,25,0,10
34,168,0.6122883505126786,3.3233798317041255e-05,0.37401328435506204,0.013665131333940652,25,0,10
34,169,0.6326864289309548,3.407344911673916e-05,0.3515455575125286,0.015733940107398946,25,0,10
34,170,0.6774994906113317,3.458750045520023e-05,0.31002515833646993,0.012440763551742406,25,0,10
34,171,0.6161979112423954,3.4503447586319805e-05,0.3803243391934602,0.0034432461165566724,25,0,10
34,172,0.5237903123995659,0.01762964188438405,0.43035746863391144,0.028222577082138368,25,0,10
34,173,0.4931037870449061,0.017633890090681264,0.433539496093609,0.055722826770802085,25,0,10
34,174,0.4026329415793681,0.017649745388297156,0.521402914058272,0.05831439897406186,25,0,10
34,175,0.40807638551463327,0.008018917148236313,0.45604484263888667,0.1278598546982452,25,0,10
34,176,0.45670994518552804,0.0017214697001855983,0.48150899450352874,0.06005959061075877,25,0,10
34,177,0.5437646902015935,0.0017149886605556663,0.45305855075433044,0.0014617703835221032,25,0,10
34,178,0.5508130251401512,0.0017148238236268994,0.44600087878031053,0.001471272255912039,25,0,10
34,179,0.5233462305268733,0.0017385416058414939,0.47339796242321797,0.001517265444066075,25,0,10
34,180,0.5323926372770708,0.0017360196342435916,0.464373886050249,0.0014974570384368206,25,0,10
34,181,0.5727844097519195,0.0018019087027158038,0.4252784697627154,0.00013521178264931007,25,0,10
34,182,0.5497917612106707,0.00013605529588638017,0.44995201070924506,0.0001201727841961296,25,0,10
34,183,0.5883645053586108,3.37199234024534e-05,0.41144158922816865,0.00016018548981627288,25,0,10
34,184,0.6540711715624566,7.436228069978196e-06,0.3458060713803183,0.00011532082915466618,25,0,10
34,185,0.6629548445756309,1.0260938451728052e-05,0.33624861383736177,0.0007862806485557425,25,0,10
34,186,0.7030331529100248,5.99941554214581e-05,0.29680449936293485,0.00010235357162011569,25,0,10
34,187,0.6598263846406541,5.5130899607306504e-05,0.3394028036715258,0.0007156807882135269,25,0,10
34,188,0.6519674051451045,5.501077352391109e-05,0.34791099557926747,6.658850210617246e-05,25,0,10
34,189,0.6962203782053529,5.5163030768537675e-05,0.30313107410498813,0.0005933846588912365,25,0,10
34,190,0.7037004211244526,0.00012263833499130108,0.2954684447381373,0.0007084958024205633,25,0,10
34,191,0.6281353012171941,0.0013211991063809012,0.3695176752384791,0.0010258244379459313,25,0,10
34,192,0.5787495539290721,0.0013317171744675893,0.41899631473484883,0.0009224141616128842,25,0,10
34,193,0.5314079732684357,0.0013209043231342216,0.43997172735197104,0.02729939505646008,25,0,10
34,194,0.4500983045959729,0.001211446516968369,0.5251156614240938,0.02357458746296722,25,0,10
34,195,0.4160595869456948,0.002446713829334883,0.5568410979743386,0.024652601250634926,25,0,10
34,196,0.4844443503212348,0.002454049233604196,0.5103555149742572,0.0027460854709078887,25,0,10
34,197,0.46363577580207205,0.0014903650112892237,0.5005228999958995,0.03435095919074296,25,0,10
34,198,0.46657948755970113,0.0016636071426794046,0.4894825530778251,0.04227435221979785,25,0,10
34,199,0.4336200018426458,0.0012459976752743165,0.5020529112852712,0.06308108919680962,25,0,10
34,200,0.4189947020868129,0.0007649287800154562,0.4658563806115598,0.11438398852161204,25,0,10
34,201,0.551470571136251,0.0007365221774768916,0.3362292470687401,0.11156365961753298,25,0,10
34,202,0.6105094039137248,0.0010305274403812458,0.28386210989003974,0.10459795875585386,25,0,10
34,203,0.4943616146792932,0.0005121263628150263,0.44242117082621896,0.06270508813167634,25,0,10
34,204,0.40906430215663375,0.0006543769931088128,0.4882270730058235,0.10205424784443445,25,0,10
34,205,0.4098029634257777,0.000717148521512933,0.48691547989832223,0.10256440815438687,25,0,10
34,206,0.41678575613549734,1.5298728737086254e-05,0.5365797546870159,0.046619190448748994,25,0,10
34,207,0.48948265566767446,3.689265606313528e-05,0.4986399153410869,0.011840536335177721,25,0,10
34,208,0.40976524978779366,4.95493873507089e-05,0.5475234912021205,0.04266170962273391,25,0,10
34,209,0.5132650745351085,5.952210802941212e-05,0.4199601028578636,0.06671530049899768,25,0,10
34,210,0.6000965996946049,3.885008083769031e-05,0.33245307275318514,0.0674114774713735,25,0,10
34,211,0.5766704813213362,3.146463285822566e-05,0.34757808079769176,0.07571997324811551,25,0,10
34,212,0.5915948792644776,3.135579709830424e-05,0.38264254704954104,0.025731217888883374,25,0,10
34,213,0.590808029231398,1.690959738574426e-05,0.3472319723268267,0.061943088844388726,25,0,10
34,214,0.5037215637490245,1.9416414366642166e-05,0.42254906843641515,0.07370995140019383,25,0,10
34,215,0.41199908068936025,2.0011496056626452e-05,0.4976477662441422,0.0903331415704382,25,0,10
34,216,0.4270239986046498,6.331644559067485e-05,0.5178236410437158,0.05508904390604191,25,0,10
34,217,0.3796852040661075,0.0006101507484825375,0.49011521754018395,0.1295894276452236,25,0,10
34,218,0.3488764001595269,5.913264393238356e-06,0.5203829475390784,0.13073473903699911,25,0,10
34,219,0.3485233075354537,5.586607118996984e-06,0.5723985363513092,0.07907256950611748,25,0,10
34,220,0.40106102078466266,5.689430551895213e-06,0.5146361931871324,0.08429709659764958,25,0,10
34,221,0.3052874908028051,6.104236747502842e-06,0.5335614849940964,0.16114491996634908,25,0,10
34,222,0.3177798063101827,6.117056440653279e-06,0.5534519113593508,0.12876216527402384,25,0,10
34,223,0.2552049410067049,3.9285108456521815e-06,0.5110604962164035,0.23373063426604165,25,0,10
34,224,0.27216365296290557,3.885508482188973e-06,0.39344840834138317,0.3343840531872214,25,0,10
34,225,0.2347228013120693,4.768166418708364e-06,0.3807197103938407,0.3845527201276701,25,0,10
34,226,0.18436781580343442,2.1208365544835774e-06,0.3936324691525431,0.4219975942074647,25,0,10
34,227,0.17502562809698322,1.7453418908012724e-07,0.3444640720415363,0.48051012532729154,25,0,10
34,228,0.10960183730328593,2.482222848418581e-07,0.3716300300136776,0.5187678844607525,25,0,10
34,229,0.07937939390517454,1.305870496288522e-07,0.3471856817949496,0.5734347937128258,25,0,10
34,230,0.029909668441522052,9.157144682103565e-08,0.2611594110413137,0.7089308289457169,25,0,10
34,231,0.024063455304393112,8.547846973901961e-08,0.17866349260588513,0.7972729666112527,25,0,10
34,232,0.025384872018345342,8.381940616075978e-08,0.11527398021858992,0.8593410639436588,25,0,10
34,233,0.02115826505967007,6.797997322126737e-09,0.03838294014371334,0.9404587879986194,25,0,10
34,234,0.01476479344187068,5.88126161939561e-09,0.02972052127257166,0.9555146794042966,25,0,10
34,235,0.0038994665548933373,5.710143801909983e-09,0.029283680926617404,0.9668168468083458,25,0,10
34,236,0.0038486013223352268,5.5609754078848375e-09,0.02826093444753327,0.9678904586691567,25,0,10
34,237,0.0010242442788406005,2.220341637689674e-11,0.00012270076477652819,0.9988530549341803,25,0,10
34,238,0.001055837123288175,1.852487410234009e-11,0.00012217555236536263,0.9988219873058225,25,0,10
34,239,0.0011331251855199737,1.6481795136528503e-11,0.00011853021609953904,0.9987483445819,25,0,10
34,240,0.000629139386150311,8.48972930511272e-12,0.000117570285884005,0.9992532903194771,25,0,10
34,241,0.0006444443961676433,9.614702375077496e-12,0.00011665597165342788,0.9992388996225654,25,0,10
34,242,0.0004962073288397611,1.632171290702455e-11,1.489599407450583e-06,0.9995023030554325,25,0,10
34,243,0.011126311440846033,1.045514216273475e-11,3.304495666831322e-05,0.9888406435920315,25,0,10
34,244,0.011124964666304188,1.0406522347868264e-11,3.3007302167241035e-05,0.9888420280211228,25,0,10
34,245,0.01112972351799596,1.316605712475856e-11,3.3177012501510946e-05,0.9888370994563371,25,0,10
34,246,0.012863244230115993,1.6534180227768005e-10,3.7318517552587325e-05,0.9870994370869894,25,0,10
34,247,0.011543592187187946,1.0128311924836795e-10,3.495275250003277e-05,0.9884214549590294,25,0,10
34,248,0.0008156352082203464,9.947427005264752e-11,2.637356458283714e-06,0.9991817273358475,25,0,10
34,249,0.0005703570568960817,8.025718498750887e-12,7.301305389790044e-07,0.9994289128045406,25,0,10
34,250,0.0006022568523377528,9.120454521206003e-12,7.433445001414343e-07,0.999396999794043,25,0,10
34,251,0.0003590656116765263,5.276039132405019e-12,4.89280701895384e-07,0.999640445102347,25,0,10
34,252,0.000585145392297429,9.916033173245833e-12,7.334949773545337e-07,0.9994141211028109,25,0,10
34,253,0.0008124024067384358,1.3060825623309043e-11,9.62879945174505e-07,0.9991866347002568,25,0,10
34,254,0.0005780143693354606,1.1063841093477635e-11,7.565593278476331e-07,0.9994212290602743,25,0,10
34,255,0.0008810885674896386,1.2257099290694762e-11,1.0816756846568563e-06,0.99911782974457,25,0,10
34,256,0.0011750531242316993,1.6346722324408896e-11,1.465305410404872e-06,0.998823481554012,25,0,10
34,257,0.0009335420497201492,1.3378024168667478e-11,1.2173421977447438e-06,0.9990652405947051,25,0,10
34,258,0.0009272177149932927,1.2740780604880286e-11,1.1626168831738269e-06,0.9990716196553839,25,0,10
34,259,0.0009373621514579479,1.4850637606327737e-11,1.2723839197976684e-06,0.9990613654497733,25,0,10
34,260,0.0009270656597061507,1.3627915228215645e-11,1.2206075242606403e-06,0.9990717137191435,25,0,10
34,261,0.000696792834194732,1.301630419108882e-11,1.23436196703703e-06,0.9993019727908232,25,0,10
34,262,0.0011055348502912001,1.2019689216898614e-11,1.315301383408251e-06,0.9988931498363073,25,0,10
34,263,0.0010663650464791548,1.2367826678832438e-11,1.256329075807088e-06,0.9989323786120792,25,0,10
34,264,0.0008144558493606618,8.473643557518423e-12,8.831313548533422e-07,0.999184661010813,25,0,10
34,265,0.0008635849787305982,1.1739830466889484e-11,1.1100279312173444e-06,0.9991353049816005,25,0,10
34,266,0.0008121547431227339,4.33573007004321e-11,4.757719284211301e-06,0.9991830874942371,25,0,10
34,267,0.0013830458168186872,5.2664476434682114e-11,5.49074514057467e-06,0.9986114633853773,25,0,10
34,268,0.0013933586738374367,5.268712394571081e-11,5.507810692011465e-06,0.9986011334627843,25,0,10
34,269,0.0023387503255878754,9.576486607452761e-11,1.317752161036926e-05,0.9976480720570378,25,0,10
34,270,0.0013002816176603278,5.6997578906105535e-11,5.764861876261801e-06,0.9986939534634665,25,0,10
34,271,0.0008397483331245571,2.053474895036323e-11,1.5679142069428046e-06,0.999158683732135,25,0,10
34,272,0.001431051293883282,2.7018468742412783e-11,2.1736621644153862e-06,0.9985667750169352,25,0,10
34,273,0.0014888282761653887,2.5531009364706474e-11,2.2475274618068756e-06,0.9985089241708429,25,0,10
34,274,0.0008507742190306291,9.165463447880648e-12,9.537195763206839e-07,0.9991482720522292,25,0,10
34,275,0.001090969614847929,1.4673175634979187e-11,1.0625417066854465e-06,0.9989079678287738,25,0,10
34,276,0.0015492878142251115,2.286380496670172e-11,1.8341748362760063e-06,0.9984488779880762,25,0,10
34,277,0.0012565663205919117,2.186748123491574e-11,1.4970387509094432e-06,0.9987419366187905,25,0,10
34,278,0.0007769831577564623,1.374788469086559e-11,1.095974078452439e-06,0.9992219208544184,25,0,10
34,279,0.00048666861754081964,1.5016254610708738e-11,9.702134991170252e-07,0.999512361153945,25,0,10
34,280,0.01089641431600112,1.0515483415129999e-10,9.261901438612194e-06,0.989094323677406,25,0,10
34,281,0.010903734285515504,1.0411127504659181e-10,9.281115668822597e-06,0.9890869844947052,25,0,10
34,282,0.00033669510879674047,5.176559866647703e-12,4.4890009597493437e-07,0.9996628559859319,25,0,10
34,283,0.0010350753501173046,8.440834929142837e-12,9.282626344098205e-07,0.9989639963788086,25,0,10
34,284,0.00033488277897408684,5.152715957503554e-12,4.435496136480338e-07,0.9996646736662613,25,0,10
34,285,0.00034982678838057406,5.302217163841042e-12,4.796144751997558e-07,0.9996496935918435,25,0,10
34,286,0.0004227925478354837,8.504937908759316e-12,8.140500698440294e-07,0.9995763933935917,25,0,10
34,287,0.0006707446008382914,1.4908882246602093e-11,1.2907185728767801e-06,0.9993279646656815,25,0,10
34,288,0.00037755900451399613,6.921342890168921e-12,5.203020466804166e-07,0.9996219206865189,25,0,10
34,289,0.0005999628264229301,1.413084716360524e-11,8.556925166761435e-07,0.9993991814669306,25,0,10
34,290,0.0006041623077362901,1.4366719258031865e-11,8.203486581067084e-07,0.9993950173292405,25,0,10
34,291,0.010782997004995012,1.5366544598019183e-11,2.5580580189762725e-06,0.9892144449216215,25,0,10
34,292,0.020661866801346046,1.682363876826668e-11,9.054804242040963e-06,0.9793290783775903,25,0,10
34,293,0.020668959558980193,1.8547919727308458e-11,9.04642561644765e-06,0.9793219939968574,25,0,10
34,294,0.020679205659076865,1.745414192996283e-11,7.434323620657402e-06,0.9793133599998501,25,0,10
34,295,0.010618865225984504,1.2456449785564544e-11,2.476618126028866e-06,0.9893786581434351,25,0,10
34,296,0.010632068488876196,1.458160168450378e-11,2.552498818889381e-06,0.9893653789977255,25,0,10
34,297,0.01057585684827807,1.2468742794214102e-11,2.3714069609868536e-06,0.9894217717322935,25,0,10
34,298,0.010563750328694435,1.225330881148598e-11,2.388474386972354e-06,0.9894338611846668,25,0,10
34,299,0.0003828098691502179,1.0587877948456922e-11,6.81924019085054e-07,0.9996165081962439,25,0,10
34,300,0.0006255480616111315,1.3243297108946402e-11,7.897459471687978e-07,0.9993736621791994,25,0,10
34,301,0.000609788142515012,1.3227516750626344e-11,7.877356293574099e-07,0.9993894241086292,25,0,10
34,302,0.0013103587035517312,1.902600217974217e-10,6.219703974772716e-06,0.9986834214022144,25,0,10
34,303,0.0008440226975862769,1.948038947296235e-10,6.15912425620997e-06,0.9991498179833549,25,0,10
34,304,0.0005583947986026504,2.3057988138674226e-11,2.503554631897724e-06,0.9994391016237087,25,0,10
34,305,0.0004421419370454524,1.4782877835420914e-11,9.822728436273848e-07,0.9995568757753298,25,0,10
34,306,0.0006839820582597546,1.3935337366351975e-11,1.0442528792190192e-06,0.9993149736749277,25,0,10
34,307,0.0007294640985480774,1.8044984765149247e-11,1.2988936766732568e-06,0.9992692369897318,25,0,10
34,308,0.0005249248772888473,1.861186979520831e-11,1.2495399800295553e-06,0.9994738255641207,25,0,10
34,309,0.0004792518986520828,8.055943554692717e-12,8.881681528908734e-07,0.9995198599251403,25,0,10
34,310,0.00039626984661036806,6.407673376662693e-12,6.497578191380114e-07,0.9996030803891648,25,0,10
34,311,0.0008525316772666844,1.4067874682980023e-11,1.4412017851210847e-06,0.9991460271068816,25,0,10
34,312,0.000892450792906847,1.062201289726133e-10,3.0973918269923867e-06,0.9991044517090478,25,0,10
34,313,0.0008349518570567193,1.0215346654471065e-10,2.9028793215328663e-06,0.9991621451614701,25,0,10
34,314,0.0011899051082528353,3.384541380183573e-10,9.084047769835863e-05,0.9987192540755961,25,0,10
34,315,0.001061989865113459,1.0724176809333484e-10,3.9324983956112506e-06,0.9989340775292506,25,0,10
34,316,0.001248388079517448,1.39703238325632e-10,4.098098548076168e-06,0.9987475136822322,25,0,10
34,317,0.0012486626971954457,5.0096924528832394e-11,2.3924901760562526e-06,0.9987489447625321,25,0,10
34,318,0.001269788879142443,5.1284957023120456e-11,2.5866704170191128e-06,0.9987276243991557,25,0,10
34,319,0.0008330665351661641,4.2442220399790083e-11,1.1309069150236212e-06,0.9991658025154774,25,0,10
34,320,0.0008237921899085945,4.23429463692769e-11,1.125901915913697e-06,0.9991750818658335,25,0,10
34,321,0.00065637240366947,4.741259626236293e-11,1.1231455224029425e-06,0.9993425044033966,25,0,10
34,322,0.00042006297228996953,4.5112193887912497e-11,9.26142722660143e-07,0.9995790108398767,25,0,10
34,323,0.0011501876799011321,1.4791548375960106e-11,1.37570968507039e-06,0.9988484365956244,25,0,10
34,324,0.0011331147606263648,1.4700384192734185e-11,1.3643450118745502e-06,0.998865520879663,25,0,10
34,325,0.0010731382603202328,1.5747537788646643e-11,1.1751254260537717e-06,0.9989256865985072,25,0,10
34,326,0.001071113722946707,1.56495111430228e-11,1.170790782093863e-06,0.9989277154706224,25,0,10
34,327,0.0013061112849807202,1.8708694171826986e-11,1.3785869634711643e-06,0.9986925101093483,25,0,10
34,328,0.004519297295160566,1.625410790788958e-11,5.321188346953411e-06,0.9954753815002398,25,0,10
34,329,0.0036219318194551835,4.209771784209803e-11,7.118938270470478e-06,0.996370949200178,25,0,10
34,330,0.0039629226929436216,1.6563932861400345e-11,5.297958874528007e-06,0.9960317793316196,25,0,10
34,331,0.003983254724320562,1.510819983152157e-11,5.2201807975107246e-06,0.9960115250797753,25,0,10
34,332,0.003727554957322575,9.354843969939101e-12,4.8329968528900065e-06,0.996267612036471,25,0,10
34,333,0.0007404771703998049,7.636128183031697e-12,8.479282945167546e-07,0.9992586748936706,25,0,10
34,334,0.0008076768329062748,9.755228100983592e-12,1.0257754291044471e-06,0.9991912973819105,25,0,10
34,335,0.0003998372883107067,7.33836224308534e-12,6.362156091024462e-07,0.9995995264887435,25,0,10
34,336,0.00047433281435776275,1.0995632028743044e-11,8.672667148943109e-07,0.9995247999079327,25,0,10
34,337,0.0004978901708785017,1.046275166979029e-11,8.529380175616614e-07,0.9995012568806427,25,0,10
34,338,0.0010069840788149195,1.703257807968916e-11,1.4249539442112618e-06,0.9989915909502091,25,0,10
34,339,0.0010069523446953,1.7049769863084275e-11,1.4253824696568323e-06,0.9989916222557862,25,0,10
34,340,0.0011803029722976964,1.5378143620589987e-11,1.3361408728323486e-06,0.9988183608714529,25,0,10
34,341,0.0012296767667657376,1.853656237708121e-11,1.5828800003395389e-06,0.9987687403346992,25,0,10
34,342,0.001080815091605643,1.3147111995699491e-11,1.1443751497438404e-06,0.998918040520099,25,0,10
34,343,0.0008651249749717764,1.8970768441988177e-11,1.215496330796016e-06,0.9991336595097279,25,0,10
34,344,0.0006944890168597761,1.7416498705441043e-11,1.390945809997663e-06,0.9993041200199154,25,0,10
34,345,0.0009410058206046677,1.8622813231544208e-11,1.6116064310739162e-06,0.9990573825543427,25,0,10
34,346,0.0012524985462651656,5.1992174930227834e-11,3.9463989916005644e-06,0.9987435550027521,25,0,10
34,347,0.0008239692176194381,1.584835932956734e-11,1.0726733481267587e-06,0.9991749580931851,25,0,10
34,348,0.001969178354380572,1.7007883334661505e-11,1.4208169320144333e-06,0.9980294008116809,25,0,10
34,349,0.0013539233899557445,1.8107253478929235e-11,1.3868835664674753e-06,0.9986446897083724,25,0,10
34,350,0.0013519256701003195,1.6572639106763212e-11,1.3219503682992889e-06,0.9986467523629602,25,0,10
34,351,0.0011210308615053118,1.236907496793219e-11,1.0833679530621927e-06,0.9988778857581745,25,0,10
34,352,0.0008191042628651616,1.2616604710350188e-11,9.938592998475723e-07,0.9991799018652204,25,0,10
34,353,0.010880509005985715,1.963972520768353e-11,5.3749019051325035e-06,0.9891141160724713,25,0,10
34,354,0.0005645572968814837,7.504997078947634e-12,8.176228392122862e-07,0.999434625072776,25,0,10
34,355,0.00037386051302753365,7.359531932925726e-12,7.558260792967956e-07,0.9996253836535344,25,0,10
34,356,0.0006928658466953229,1.3008964992891107e-11,1.6497058833575266e-06,0.9993054844344132,25,0,10
34,357,0.0011914436848066588,1.27346037956368e-11,1.4225209230560085e-06,0.9988071337815377,25,0,10
34,358,0.01738661372183036,1.3258601050104003e-11,4.458253871207504e-06,0.9826089280110422,25,0,10
34,359,0.017635556555031053,1.6963530463508883e-11,6.939533125505032e-06,0.9823575038948814,25,0,10
34,360,0.026601201570488998,1.3974230786857037e-10,8.961667158442956e-05,0.9733091816181859,25,0,10
34,361,0.025814340616294923,2.363227195926198e-11,8.528008760721026e-05,0.974100379272467,25,0,10
34,362,0.0007695791011371604,1.6510195721272332e-11,1.3250826467001618e-06,0.9992290957997071,25,0,10
34,363,0.000406305917958665,1.424886451392553e-11,9.518852784995579e-07,0.999592742182515,25,0,10
34,364,0.00041815479757210955,1.420712360610405e-11,8.740241762894983e-07,0.9995809711640453,25,0,10
34,365,0.00047295919050145685,1.3164938641719453e-11,1.0140762741630215e-06,0.9995260267200611,25,0,10
34,366,0.0011867996885630493,2.263544828149227e-11,1.6487022841753172e-06,0.9988115515865181,25,0,10
34,367,0.0006524437238852218,1.0654711417310586e-11,9.374005023341132e-07,0.99934661886496,25,0,10
34,368,0.0006337187207687534,1.2148398099575214e-11,1.0281673881967086e-06,0.9993652530996965,25,0,10
34,369,0.00045350343503463745,8.117860251832355e-12,9.720471169863963e-07,0.9995455245097324,25,0,10
34,370,0.0006998745904957893,1.042474351276172e-11,1.2542489825189743e-06,0.9992988711500985,25,0,10
34,371,0.0007174301614255624,1.669806400211523e-11,1.3701812274536867e-06,0.9992811996406508,25,0,10
34,372,0.0008087106729447112,9.840041498710711e-12,1.2635391343997264e-06,0.9991900257780821,25,0,10
34,373,0.0008596822075500817,5.834130108200182e-12,9.995149773269654e-07,0.9991393182716399,25,0,10
34,374,0.0013382680905891478,1.325454499691095e-10,2.917805962774253e-05,0.9986325537172382,25,0,10
34,375,0.0013591840862802293,1.3578417127654124e-10,2.9207129127190565e-05,0.9986116086488092,25,0,10
34,376,0.0018410073717358782,1.369861749987263e-10,2.936928755272164e-05,0.998129623203726,25,0,10
34,377,0.0014954383510639988,1.3896852661433466e-10,2.944045010698347e-05,0.9984751210598612,25,0,10
34,378,0.0012461441259131512,1.3674534657599322e-10,2.926563297197805e-05,0.9987245901043709,25,0,10
34,379,0.0014754448123711376,1.3987380534021845e-10,3.0583028494224465e-05,0.998493972019262,25,0,10
34,380,0.0012212276685236055,1.6778454733878677e-11,2.572799378178407e-06,0.9987761995153213,25,0,10
34,381,0.0007440718292952465,2.134866552233881e-11,2.417052266100065e-06,0.9992535110970907,25,0,10
34,382,0.0006858136291366043,1.9459812165164376e-11,1.170012589459694e-06,0.9993130163388152,25,0,10
34,383,0.0006954421054305442,1.47704128146964e-11,1.1212698964810847e-06,0.9993034366099037,25,0,10
34,384,0.0006913464730375059,1.489672896537104e-11,1.1296744166094395e-06,0.9993075238376504,25,0,10
34,385,0.0006192921896922885,1.3843228723674943e-11,9.514944735715744e-07,0.9993797563019917,25,0,10
34,386,0.00035134147751979787,8.983146603837722e-12,5.987212296416818e-07,0.9996480597922691,25,0,10
34,387,0.0004081232296815521,4.4532701673385644e-11,9.519900466058891e-07,0.9995909247357413,25,0,10
34,388,0.00032731878574001434,7.994477789028137e-12,5.763764983610631e-07,0.9996721048297691,25,0,10
34,389,0.0003849820773427036,9.208782869037347e-12,6.565898449506955e-07,0.9996143613236057,25,0,10
34,390,0.00039002625533199906,8.183802124656177e-12,6.572309285752466e-07,0.9996093165055576,25,0,10
34,391,0.0006391972708202098,1.2954805797132465e-11,1.0182323225993544e-06,0.9993597844839043,25,0,10
34,392,0.0007676205525600408,1.5010804763194215e-11,1.2404068893842105e-06,0.9992311390255411,25,0,10
34,393,0.0011107661343790843,7.703385100876573e-11,6.64835791897061e-06,0.9988825854306694,25,0,10
34,394,0.0005771049431726296,6.793786973856564e-11,5.143702220196594e-06,0.9994177512866709,25,0,10
34,395,0.0004203499931584238,1.3565473522578863e-10,5.451941748918495e-06,0.9995741979294392,25,0,10
34,396,0.00035453408184246417,1.3045275641849522e-10,5.1863508583468145e-06,0.9996402794368475,25,0,10
34,397,0.00041938462933137203,7.524991036689204e-11,1.018563401979999e-06,0.9995795967320181,25,0,10
34,398,0.0004126605464582581,4.470306849984956e-11,9.866086345239547e-07,0.9995863528002054,25,0,10
34,399,0.0007175876637525902,5.141446325578278e-11,2.096722601175214e-06,0.9992803155622338,25,0,10
34,400,0.000732480327225186,5.2219314335873624e-11,2.065932984140259e-06,0.9992654536875731,25,0,10
34,401,0.0010310416438672116,2.4640144696760287e-11,2.9868864534977644e-06,0.9989659714450413,25,0,10
34,402,0.0022202085125180857,3.4447301690648236e-11,3.6872114621496444e-06,0.997776104241575,25,0,10
34,403,0.0007069233947764926,1.975752700645477e-11,1.9439194509207724e-06,0.9992911326660174,25,0,10
34,404,0.0003472006557260146,9.977040269848695e-12,6.19690356291325e-07,0.999652179643943,25,0,10
34,405,0.0003284331724020563,6.261556724200403e-12,5.697536731156072e-07,0.9996709970676656,25,0,10
34,406,0.00040443574873264465,1.0592023402681226e-11,8.312900664336303e-07,0.9995947329506107,25,0,10
34,407,0.0007124805763102841,1.5057960375029065e-11,1.1855315403016509e-06,0.9992863338770929,25,0,10
34,408,0.0004771694051618828,1.2871428627822035e-11,1.0182127646861327e-06,0.999521812369203,25,0,10
34,409,0.0005782274228398629,1.2344542932561737e-11,1.0557984942000757e-06,0.9994207167663225,25,0,10
34,410,0.0008143958164680707,1.1878458511626583e-11,1.0548954097379677e-06,0.9991845492762457,25,0,10
34,411,0.00146688478850764,1.682850824444069e-11,5.379856541588638e-06,0.9985277353381237,25,0,10
34,412,0.0013437897038919618,1.4447713321200418e-11,5.776418301205341e-06,0.9986504338633599,25,0,10
34,413,0.0010628887389998723,4.320369041261789e-11,2.0287160407398506e-06,0.9989350825017569,25,0,10
34,414,0.0010480287674126951,4.412212910198664e-11,2.046731397304703e-06,0.9989499244570692,25,0,10
34,415,0.0006876541223209809,8.331575785322848e-12,8.997937614379969e-07,0.9993114460755873,25,0,10
34,416,0.0008801521941816787,9.153126120120353e-12,2.568976130885206e-06,0.9991172788205361,25,0,10
34,417,0.0008729470680363076,8.019524236155855e-12,2.526500694375945e-06,0.9991245264232514,25,0,10
34,418,0.00046010438156816213,7.054655567831735e-11,9.488828828097983e-07,0.9995389466650029,25,0,10
34,419,0.00032847369250732993,6.565282504364538e-11,6.120354890923957e-07,0.9996709142063521,25,0,10
34,420,0.0005681349373479381,8.382688050779865e-12,6.866783953203662e-07,0.9994311783758759,25,0,10
34,421,0.0008902083583739072,1.2286302811619725e-11,1.161206729308066e-06,0.999108630422612,25,0,10
34,422,0.0006528778578398714,8.998589904490602e-12,9.188370306260327e-07,0.9993462032961318,25,0,10
34,423,0.0003368442757888939,7.72159210949348e-12,5.589221343230325e-07,0.9996625967943567,25,0,10
34,424,0.0003594745805988706,1.007878566679653e-11,6.608810181968929e-07,0.9996398645283054,25,0,10
34,425,0.00034227794550393436,1.3013536960610634e-11,6.861235137456191e-07,0.99965703591797,25,0,10
34,426,0.0007832920774382188,1.397108904077536e-11,9.008870453822686e-07,0.9992158070215463,25,0,10
34,427,0.0008731740365243524,1.7241826520933613e-11,1.236587459915437e-06,0.9991255893587748,25,0,10
34,428,0.0008480076979325783,1.761499065809783e-11,1.1817006103202917e-06,0.9991508105838431,25,0,10
34,429,0.0005214357364231071,1.981463869000942e-11,1.207595284024422e-06,0.9994773566484801,25,0,10
34,430,0.0006868811854033042,1.6827919707062458e-11,1.234591532366515e-06,0.9993118842062383,25,0,10
34,431,0.0010222307965578863,1.4525222932203326e-11,1.1341942479264305e-06,0.998976634994671,25,0,10
34,432,0.0010554935373893294,1.3362913966125308e-11,1.203542017892872e-06,0.9989433029072317,25,0,10
34,433,0.0012858950700229967,1.4174687362396277e-11,1.236287133372379e-06,0.9987128686286705,25,0,10
34,434,0.0015152283329038934,1.4778277860447503e-11,1.3943822243177384e-06,0.998483377270095,25,0,10
34,435,0.0008884275469926184,1.630596827162188e-11,1.1995214680794011e-06,0.9991103729152345,25,0,10
34,436,0.0011330078756037225,1.644874636661284e-11,1.3618572587438148e-06,0.9988656302506902,25,0,10
34,437,0.0009056141172671489,1.7918196635811858e-11,1.2541006348353682e-06,0.9990931317641809,25,0,10
34,438,0.0008950911160522625,7.477033106909801e-11,1.1571097348095232e-06,0.9991037516994438,25,0,10
34,439,0.0009496978772923863,1.9353488479071397e-11,1.3865296889048712e-06,0.9990489155736665,25,0,10
34,440,0.000713211910016897,1.6282245072449504e-11,1.1201297861184613e-06,0.9992856679439157,25,0,10
34,441,0.0007889349021612663,1.548774131422837e-11,1.1905746273349925e-06,0.9992098745077249,25,0,10
34,442,0.0007166323042156625,1.6828766676620203e-11,1.1641204923859478e-06,0.9992822035584648,25,0,10
34,443,0.0007150046111085109,2.111023788975379e-11,1.6304449806876448e-06,0.9992833649228023,25,0,10
34,444,0.0016426315149044531,2.4885806473999678e-11,2.2805646490893745e-06,0.9983550878955626,25,0,10
34,445,0.004750712851291362,3.175713180797284e-11,7.759672365881341e-06,0.9952415274445863,25,0,10
34,446,0.003754780479793196,2.1628155910083295e-11,6.837143887348473e-06,0.996238382354692,25,0,10
34,447,0.0005751494830435513,9.664567349619097e-12,1.1251469701794375e-06,0.9994237253603216,25,0,10
34,448,0.00860965506309603,1.2554069857686865e-11,7.484354207763388e-06,0.9913828605701422,25,0,10
34,449,0.00908823744826329,4.460913982754695e-11,7.880678626861956e-06,0.9909038818285016,25,0,10
34,450,0.009091586922671552,4.456744233432508e-11,7.840347477993766e-06,0.9909005726852841,25,0,10
34,451,0.0008862326345836686,4.039367335058706e-11,1.079231733378348e-06,0.9991126880932906,25,0,10
34,452,0.0011147076842563006,4.3605112511911463e-11,1.2289823216565392e-06,0.9988840632898178,25,0,10
34,453,0.011196786680519443,1.1622353123513745e-11,2.5243396464580718e-06,0.9888006889682124,25,0,10
34,454,0.011024797760165597,9.507376332917215e-12,2.6026290599080684e-06,0.9889725996012676,25,0,10
34,455,0.010958870314039604,6.507602466061541e-12,2.3534207592647675e-06,0.9890387762586941,25,0,10
34,456,0.011064820802230556,8.595823384697702e-12,2.5994737501785466e-06,0.9889325797154244,25,0,10
34,457,0.011063656335538382,8.526469158050824e-12,2.596672640206898e-06,0.9889337469832961,25,0,10
34,458,0.0004512866375432458,7.272093669297459e-12,7.328051613397649e-07,0.999547980550025,25,0,10
34,459,0.0006080886238979922,1.648930809797683e-11,1.3994394241237932e-06,0.9993905119201897,25,0,10
34,460,0.0005933593277842662,1.4478654147491951e-11,1.2529215091401758e-06,0.9994053877362292,25,0,10
34,461,0.0007236828758644616,1.6670557648263453e-11,1.446329211972877e-06,0.9992748707782543,25,0,10
34,462,0.0008857436272276768,1.0033671154670714e-11,1.5612315694212765e-06,0.9991126951311703,25,0,10
34,463,0.0007529993665387197,8.12703245574057e-12,1.2838039370750449e-06,0.9992457168213987,25,0,10
34,464,0.0007353831859479367,8.601316731403996e-12,1.367541970198519e-06,0.9992632492634824,25,0,10
34,465,0.0003808840552702403,6.209421607525283e-12,6.321061633699994e-07,0.9996184838323587,25,0,10
34,466,0.00038818481951542104,1.0407244169119533e-11,7.273560017280948e-07,0.9996110878140773,25,0,10
34,467,0.00040212929982405256,8.41668728531011e-12,7.805663993855157e-07,0.9995970901253615,25,0,10
34,468,0.0004634731933450123,9.47171150206444e-12,8.472651654262649e-07,0.9995356795320194,25,0,10
34,469,0.0011207992431950713,4.03890402258995e-11,1.1283737103674245e-06,0.9988780723427066,25,0,10
34,470,0.001802092239830138,4.344482267593784e-11,1.4294795815814997e-06,0.9981964782371445,25,0,10
34,471,0.0010962200626622345,4.2583902661657184e-11,1.0631474500342218e-06,0.9989027167473052,25,0,10
34,472,0.0010749162193624047,9.784568915465293e-12,8.526658723893261e-07,0.9989242311049822,25,0,10
34,473,0.00106516745197688,9.760574789899444e-12,8.556999722691893e-07,0.9989339768382915,25,0,10
34,474,0.0011378813992650805,1.1852653155719461e-11,1.1144031143677715e-06,0.9988610041857691,25,0,10
34,475,0.0006629664825224601,1.0822454840232662e-11,9.092491744169709e-07,0.9993361242574811,25,0,10
34,476,0.0006481204432597322,8.177307855426534e-12,8.707597714280445e-07,0.9993510087887921,25,0,10
34,477,0.0005768952580982779,5.7069364174119825e-12,6.296060803081467e-07,0.9994224751301153,25,0,10
34,478,0.0005643554672694484,7.743454155920133e-12,7.072087408982713e-07,0.9994349373162467,25,0,10
34,479,0.000619205608805183,5.28190667361139e-12,7.973455831424121e-07,0.9993799970403308,25,0,10
34,480,0.0003650519005164912,6.2603488806480965e-12,6.604098481774065e-07,0.999634287683376,25,0,10
34,481,0.0003434102688938992,5.380197237260695e-12,5.617457108446332e-07,0.9996560279800167,25,0,10
34,482,0.0007185287757175464,1.1788401047004952e-11,1.0420374721719931e-06,0.9992804291750231,25,0,10
34,483,0.0008306264126495355,9.623613204545978e-12,8.204173628003367e-07,0.999168553160365,25,0,10
34,484,0.0005629511302694048,5.208167238702449e-12,5.497763608723182e-07,0.999436499088163,25,0,10
34,485,0.0007494907636364255,1.2246540475774023e-11,1.0831272783234284e-06,0.9992494260968401,25,0,10
34,486,0.0006822500079864204,9.997949403861029e-12,8.849648383807024e-07,0.9993168650171793,25,0,10
34,487,0.0007017095279939425,1.0030683859246209e-11,8.977265158498438e-07,0.9992973927354611,25,0,10
34,488,0.0005971885032107535,8.540494775131657e-12,7.619032594838886e-07,0.9994020495849911,25,0,10
34,489,0.000654570449077555,1.0084124462280209e-11,8.301700270092328e-07,0.9993445993708133,25,0,10
34,490,0.0003693532376537535,7.55618033660061e-12,5.44165467450483e-07,0.9996301025893246,25,0,10
34,491,0.000849032006249622,1.1765865321494889e-11,9.145663474825793e-07,0.9991500534156386,25,0,10
34,492,0.0006088509615518418,7.580005423241615e-12,6.701230559620386e-07,0.9993904789078136,25,0,10
34,493,0.0013044938220686541,1.1274173107692362e-11,9.94930507020035e-07,0.9986945112361506,25,0,10
34,494,0.017216165826887647,1.4330168264569703e-11,8.024992422351514e-06,0.9827758091663601,25,0,10
34,495,0.0012990031347761,1.1625798631125156e-11,1.5255026198641793e-06,0.9986994713509785,25,0,10
34,496,0.0006097048963080347,5.551210138843195e-12,6.695975900693466e-07,0.9993896255005521,25,0,10
34,497,0.0008525447433534771,8.21687337097694e-12,9.247834887771501e-07,0.9991465304649425,25,0,10
34,498,0.0008048122343662997,1.1466720102810143e-11,1.2648938320337083e-06,0.9991939228603363,25,0,10
34,499,0.000890993960117094,1.3463706424747039e-11,1.1863810803767634e-06,0.9991078196453403,25,0,10
34,500,0.0006270235678191528,1.6162677564236223e-11,1.4506310604060555e-06,0.9993715257849596,25,0,10
34,501,0.000799917554145823,5.741810960934067e-12,7.993471557611923e-07,0.9991992830929586,25,0,10
34,502,0.0009358237567277781,7.860365071329463e-12,1.053267355547862e-06,0.9990631229680581,25,0,10
34,503,0.0005685341008939573,7.33369415694222e-12,9.54375242800306e-07,0.9994305115165305,25,0,10
34,504,0.0012244405898205813,1.2734422895593785e-11,1.3518604882668647e-06,0.998774207536958,25,0,10
34,505,0.000878797307389188,1.4267865615722894e-11,1.422881579048142e-06,0.9991197797967653,25,0,10
34,506,0.0008643255438109776,1.42667509755005e-11,1.4224816866726322e-06,0.9991342519602369,25,0,10
34,507,0.001108043115274404,1.4806929107444793e-11,1.5911448694810973e-06,0.9988903657250503,25,0,10
34,508,0.0009395875922639231,1.502619536411321e-11,1.4946939306377144e-06,0.9990589176987801,25,0,10
34,509,0.0012101748621173556,2.4697188684852625e-11,2.7465299721876264e-06,0.9987870785832133,25,0,10
34,510,0.001074153038415124,2.2888056210194187e-11,1.73890429916675e-06,0.9989241080343985,25,0,10
34,511,0.0008273423570702163,2.009412333521093e-11,1.5054634399258596e-06,0.999171152159397,25,0,10
34,512,0.0005029276403875527,7.862864157407875e-11,1.3833119046317218e-06,0.9994956889690808,25,0,10
34,513,0.00046510761549067663,1.6495817609193486e-11,9.946392075217469e-07,0.9995338977288077,25,0,10
34,514,0.0005229541419093698,1.8400464862075827e-11,1.2254086326543862e-06,0.9994758204310591,25,0,10
34,515,0.0004697138445130367,7.79558637007294e-12,7.956866822915073e-07,0.9995294904610101,25,0,10
34,516,0.00040127482677342394,1.0136028463760308e-10,8.018366801305898e-07,0.999597923235187,25,0,10
34,517,0.0006394040951921663,1.0189789296103718e-10,8.454814883226367e-07,0.9993597503214221,25,0,10
34,518,0.0008728870076098752,9.465143641050714e-12,9.0687307108136e-07,0.999126206109855,25,0,10
34,519,0.0009393520828015259,1.1778972329508823e-11,1.1582263264491943e-06,0.9990594896790946,25,0,10
34,520,0.0006914945293329442,9.376564652888075e-12,8.952601129095683e-07,0.9993076102011795,25,0,10
34,521,0.0004540443246883848,7.172733749768788e-12,7.074685687116483e-07,0.9995452481995721,25,0,10
34,522,0.0004611171295253707,1.0006789482374692e-11,7.384601783340725e-07,0.9995381444002913,25,0,10
34,523,0.000654161709614313,9.159310574232944e-12,8.426054803924853e-07,0.9993449956757479,25,0,10
34,524,0.0005917189063475524,8.40695156031339e-12,1.1065334307496492e-06,0.9994071745518164,25,0,10
34,525,0.0008504497764568604,1.0346381200544274e-11,1.6201463148610205e-06,0.9991479300668823,25,0,10
34,526,0.0011282868069539993,1.3732475814468152e-11,1.6610411727994544e-06,0.9988700521381412,25,0,10
34,527,0.0014776473216910919,1.509056531291249e-11,1.5820699656934526e-06,0.9985207705932535,25,0,10
34,528,0.001963998095385172,5.191710948846362e-11,5.700917912350632e-06,0.9980303009347861,25,0,10
34,529,0.0022087926152402544,5.216671581438759e-11,5.924872534438598e-06,0.9977852824600592,25,0,10
34,530,0.0022019815945735063,3.4207573817089225e-09,8.955953658087085e-06,0.9977890590310118,25,0,10
34,531,0.0016199773733153384,3.419548131876157e-09,8.85235872317988e-06,0.9983711668484141,25,0,10
34,532,0.0013709120808817943,2.2085753329303977e-11,3.582359973781958e-06,0.9986255055370599,25,0,10
34,533,0.0013708484831558305,1.7230454068923263e-11,2.9960376747338764e-06,0.9986261554619398,25,0,10
34,534,0.001983018788653193,1.7666444268628925e-11,6.273578130341717e-06,0.998010707615551,25,0,10
34,535,0.011713521418227749,1.0900284266398153e-10,8.164142684366184e-06,0.9882783143300862,25,0,10
34,536,0.012119669843873351,1.1426634590923089e-10,8.677825721501874e-06,0.9878716522161402,25,0,10
34,537,0.011437385418994575,1.0995892691632309e-10,8.26982573121309e-06,0.9885543446453162,25,0,10
34,538,0.0003652998338646839,9.049141756796837e-12,7.991753065181115e-07,0.9996339009817816,25,0,10
34,539,0.0003759225966854974,1.0683577006993784e-11,7.630007196983858e-07,0.9996233143919129,25,0,10
34,540,0.0013556817293369037,1.5224662730565584e-11,1.4664504572796475e-06,0.9986428518049825,25,0,10
34,541,0.0013356386424941268,1.3440711616294871e-11,1.3791031397394745e-06,0.9986629822409269,25,0,10
34,542,0.0012659890233454815,1.2011226602139008e-11,1.305673068744488e-06,0.9987327052915761,25,0,10
34,543,0.0012653020611353564,1.0804983968730079e-11,1.171749726019377e-06,0.9987335261783357,25,0,10
34,544,0.0012683719376881395,1.0834805392705697e-11,1.1730576196674632e-06,0.9987304549938597,25,0,10
34,545,0.0013183067912443589,1.2937163539355806e-11,1.3497801176808397e-06,0.9986803434157027,25,0,10
34,546,0.001577300552426823,2.0778649894179732e-11,1.7959479404033557e-06,0.9984209034788551,25,0,10
34,547,0.00219068926475702,2.0629890706493238e-11,2.0055889217058748e-06,0.9978073051256926,25,0,10
34,548,0.0022657387434516425,2.5903981227272574e-11,2.3703395180143237e-06,0.9977318908911275,25,0,10
34,549,0.0025817811088210273,3.2237335187953507e-11,3.844318594157741e-06,0.9974143745403488,25,0,10
34,550,0.001679941300994985,3.016113559210749e-11,3.256424431313551e-06,0.9983168022444145,25,0,10
34,551,0.001222664697570934,1.7458234017813928e-11,1.5008227557523511e-06,0.9987758344622166,25,0,10
34,552,0.0014586551441849646,1.9070706355688997e-11,1.6959893907086546e-06,0.9985396488473549,25,0,10
34,553,0.0006305035475572867,9.691990576588951e-12,8.228965992979868e-07,0.9993686735461528,25,0,10
34,554,0.0007017988365553554,1.2721551942519597e-11,1.0424045556252936e-06,0.9992971587461688,25,0,10
34,555,0.0024725281972292523,1.3069969676937447e-11,1.641362999296459e-06,0.997525830426703,25,0,10
34,556,0.002278587129971298,1.2541907715856216e-11,3.2569579340905952e-06,0.9977181558995543,25,0,10
34,557,0.0026768932182022996,1.0483842529939829e-11,1.651842630054018e-06,0.9973214549286855,25,0,10
34,558,0.0005571244379954859,1.0169277329196896e-11,1.0280658339345236e-06,0.9994418474860032,25,0,10
34,559,0.00056215510444112,8.674795861736895e-12,9.999074252574985e-07,0.999436844979461,25,0,10
34,560,0.0005142181941359363,8.038133965063737e-12,7.742653253604082e-07,0.9994850075325026,25,0,10
34,561,0.001331466394475176,5.390232018524194e-11,4.622456154323116e-06,0.9986639110954708,25,0,10
34,562,0.002158519038270447,5.4796862143161466e-11,5.187737103448591e-06,0.9978362931698314,25,0,10
34,563,0.001612644617564922,4.890906041233594e-11,4.698766825494423e-06,0.9983826565667016,25,0,10
34,564,0.0008309109253186826,1.2096624697743235e-11,1.1505848292037006e-06,0.9991679384777563,25,0,10
34,565,0.0007080169119510169,1.029953582076642e-11,8.773098816936445e-07,0.9992911057678691,25,0,10
34,566,0.0010106354170300702,1.9059762115647974e-11,1.3507310916042137e-06,0.9989880138328201,25,0,10
34,567,0.0007093062725231942,1.1411302419123508e-11,9.209973070044219e-07,0.9992897727187597,25,0,10
34,568,0.0007291224505624323,9.396014746456683e-12,9.692398803015511e-07,0.999269908300162,25,0,10
34,569,0.001098307648890771,1.6855614232014086e-11,1.557368108035806e-06,0.9989001349661463,25,0,10
34,570,0.000729372195999635,1.2563600076021044e-11,1.0552477480428335e-06,0.9992695725436898,25,0,10
34,571,0.001623196256283712,7.848343348357507e-11,3.717824941501378e-06,0.9983730858402913,25,0,10
34,572,0.0005792116512875891,1.3752251252376797e-11,1.4240309381890442e-06,0.9994193643040229,25,0,10
34,573,0.000782574908385273,1.4813346557207018e-11,1.535383432612317e-06,0.9992158896933695,25,0,10
34,574,0.0006981046441624337,1.0759379110860867e-11,1.0735446758773346e-06,0.9993008218004036,25,0,10
34,575,0.00046003477561503114,7.36495170057885e-12,7.598717525363287e-07,0.999539205345269,25,0,10
34,576,0.0008166151149779707,9.045915274030015e-12,8.681314852368193e-07,0.9991825167444922,25,0,10
34,577,0.0008877091568707282,1.1759867812431804e-11,1.109999834660296e-06,0.999111180831536,25,0,10
34,578,0.00115178236772148,2.0280998679158743e-09,6.292694513518919e-06,0.9988419229096667,25,0,10
34,579,0.0006135980824007119,8.357098593117527e-11,1.25766564962563e-06,0.9993851441683803,25,0,10
34,580,0.0010552841874065912,7.909465398687719e-11,1.5393920461330784e-06,0.9989431763414534,25,0,10
34,581,0.0008236669504283068,1.432441194157767e-11,1.0345571530920641e-06,0.9991752984780953,25,0,10
34,582,0.0009666923956023844,1.8778344216558207e-11,1.5470340691192447e-06,0.9990317605515513,25,0,10
34,583,0.0011286360490949557,2.3758304797881514e-11,1.5946738957811986e-06,0.9988697692532525,25,0,10
34,584,0.0006316286287426257,1.5602987705448887e-11,1.0531492330199365e-06,0.9993673182064226,25,0,10
34,585,0.00038361312026888,9.218220059077751e-12,6.426132659081116e-07,0.9996157442572475,25,0,10
34,586,0.0006305212902569317,1.1457484044853617e-11,8.515413453058102e-07,0.9993686271569415,25,0,10
34,587,0.0008625868599030526,1.6507122643166733e-11,1.115952239486018e-06,0.9991362971713517,25,0,10
34,588,0.001096922722703649,4.947344900615816e-11,1.372611363969693e-06,0.9989017046164601,25,0,10
34,589,0.0009815716669436872,5.2180380235774916e-11,1.5649874869232386e-06,0.9990168632933906,25,0,10
34,590,0.00048399932024575904,1.285129496134399e-11,9.23558133517752e-07,0.9995150771087711,25,0,10
34,591,0.0004852249666551879,8.805946215711283e-12,8.287010584799761e-07,0.9995139463234816,25,0,10
34,592,0.0004530256895026858,1.563742473622462e-11,1.117897962009569e-06,0.9995458563968989,25,0,10
34,593,0.0004627751600844357,1.9117994777145572e-11,1.1557611280750895e-06,0.9995360690596702,25,0,10
34,594,0.00039912516646740866,1.2866933670030646e-11,8.740195300445276e-07,0.999600000801137,25,0,10
34,595,0.000620920039685732,1.069785509529303e-11,8.403010109245646e-07,0.9993782396486077,25,0,10
34,596,0.00045475640292355694,1.1172156921786704e-11,9.053298063239793e-07,0.9995443382561001,25,0,10
34,597,0.0010661216300301857,1.8776984079911905e-11,1.6450162150785792e-06,0.9989322333349798,25,0,10
34,598,0.0018145887685478384,3.133210504391866e-11,4.075395293861876e-06,0.998181335804828,25,0,10
34,599,0.00204010001331552,2.8385213342403318e-11,2.5998547214893384e-06,0.9979573001035795,25,0,10
34,600,0.0011713144843550794,2.6296279275133432e-11,2.1175711530086996e-06,0.998826567918197,25,0,10
34,601,0.0012823073035722523,2.6236449826212853e-11,2.244263679672715e-06,0.9987154484065129,25,0,10
34,602,0.0007785879798479625,2.012994298754347e-11,1.6413055246129907e-06,0.9992197706944992,25,0,10
34,603,0.000422291006291531,1.3728705865612923e-11,8.355165148928356e-07,0.999576873463466,25,0,10
34,604,0.0003455481848355391,7.462239796351502e-12,5.807707638290541e-07,0.9996538710369397,25,0,10
34,605,0.0005203818078457892,1.0717840205397955e-11,9.806439170080404e-07,0.9994786375375198,25,0,10
34,606,0.0006485768305198204,1.3288959780796424e-11,1.0639144846060969e-06,0.9993503592417077,25,0,10
34,607,0.0006413593869133657,1.3253892163704233e-11,9.116582170687214e-07,0.9993577289416166,25,0,10
34,608,0.0006531185270241709,1.430964123221454e-11,9.912401226720076e-07,0.9993458902185435,25,0,10
34,609,0.0006945403792228496,1.6866745038994807e-11,1.1358300641499513e-06,0.9993043237738465,25,0,10
34,610,0.0006478552280143814,1.576187115967853e-11,1.0310311418737824e-06,0.9993511137250826,25,0,10
34,611,0.0005747506275942328,9.362592769734931e-12,7.248415320812885e-07,0.9994245245215118,25,0,10
34,612,0.0009433454460636246,1.0249978668006878e-10,2.8720273575527426e-06,0.9990537824240805,25,0,10
34,613,0.0007711413028440327,1.0445177190036112e-10,2.9542519373515075e-06,0.999225904340768,25,0,10
34,614,0.001023242805078622,1.1340750149628463e-11,1.1116050805963363e-06,0.9989756455785009,25,0,10
34,615,0.0009898900756724102,1.4213165634660193e-11,1.3795788267264999e-06,0.999008730331288,25,0,10
34,616,0.0013340886050125845,1.3166756711274049e-11,1.335383133076258e-06,0.9986645759986882,25,0,10
34,617,0.0006638619277939227,1.2335406574924848e-11,1.3049926703790497e-06,0.9993348330672002,25,0,10
34,618,0.011442250450537041,1.3020018490678406e-10,1.2316286921121636e-05,0.9885454331323414,25,0,10
34,619,0.001361701482775498,1.7932078950114945e-11,2.4165254951059104e-06,0.9986358819737969,25,0,10
34,620,0.0014029512599208994,1.8529321344105253e-11,2.616773926747583e-06,0.9985944319476239,25,0,10
34,621,0.0010878435064746567,1.2809355126024446e-11,2.1784655225654047e-06,0.9989099780151949,25,0,10
34,622,0.0008054280332480644,1.0226318129715454e-11,2.0115577790270693e-06,0.9991925603987474,25,0,10
34,623,0.0013413449053861304,4.9703606915994466e-11,2.784800622910151e-06,0.9986558702442876,25,0,10
34,624,0.0009186730307018244,4.8955180541273945e-11,1.6100431757227752e-06,0.9990797168771681,25,0,10
34,625,0.0008488489119977702,1.9641031926892037e-11,1.4946364933654634e-06,0.9991496564318689,25,0,10
34,626,0.0064179853489499394,1.535389843624383e-11,1.1912167689100536e-05,0.9935701024680081,25,0,10
34,627,0.0007070970912899585,1.2677386137361966e-11,1.001393422056369e-06,0.9992919015026124,25,0,10
34,628,0.0007651906420693654,1.4404868645505056e-11,1.1823538354956863e-06,0.9992336269896919,25,0,10
34,629,0.010868807880054359,1.0708478308541218e-10,9.084032815365693e-06,0.9891221079800475,25,0,10
34,630,0.0009868334197186835,8.271987514079381e-12,1.1606806199870933e-06,0.9990120058913905,25,0,10
34,631,0.0016114909628866813,1.0356028994014378e-11,1.2534389805419176e-06,0.9983872555877782,25,0,10
34,632,0.000698505025219524,1.0239641841797863e-11,9.112605781190313e-07,0.9993005837039637,25,0,10
34,633,0.0005595553669070085,7.401117791722897e-12,6.713126134916289e-07,0.9994397733130798,25,0,10
34,634,0.0006172374184104482,9.985882784040979e-12,8.366476827537032e-07,0.9993819259239229,25,0,10
34,635,0.0009219506815438376,1.640014868107761e-11,1.926398191602422e-06,0.9990761229038655,25,0,10
34,636,0.001161513380278484,1.655337069348893e-11,2.3439807534648363e-06,0.9988361426224156,25,0,10
34,637,0.0009325299311999263,1.3506877947915834e-11,2.22497488616209e-06,0.9990652450804078,25,0,10
34,638,0.0016391360790630172,1.79184943673023e-11,1.9089464759322455e-06,0.9983589549565441,25,0,10
34,639,0.0014128731557104433,1.5614341646359218e-11,1.4619650765819246e-06,0.9985856648636002,25,0,10
34,640,0.0004798000785556477,1.1720086092938009e-11,9.085227127665507e-07,0.9995192913870129,25,0,10
34,641,0.0006376179102226609,1.1042177403313359e-11,8.985982738596662e-07,0.999361483480463,25,0,10
34,642,0.0006397504281382933,1.457643648782302e-11,9.411556417718918e-07,0.999359308401645,25,0,10
34,643,0.000652388833911799,1.2462008126264536e-11,9.82662943855331e-07,0.9993466284906841,25,0,10
34,644,0.0013860336035097886,2.0901769599689776e-11,3.4227136326338434e-06,0.9986105436619578,25,0,10
34,645,0.0013181866332270622,2.2825287675639987e-11,3.1732603160364536e-06,0.9986786400836337,25,0,10
34,646,0.0007199596365223243,8.451482386356601e-11,1.3958161231997295e-06,0.9992786444628414,25,0,10
34,647,0.0009039235885104297,8.232753291954399e-11,1.4563125556083997e-06,0.9990946200166078,25,0,10
34,648,0.0006195018775369318,1.3149642331400984e-11,9.444358405006304e-07,0.9993795536734743,25,0,10
34,649,0.00038712895272239174,8.714979074357651e-12,6.341602326952608e-07,0.9996122368783311,25,0,10
34,650,0.00038883428180724774,1.076703785919492e-11,7.127415348105194e-07,0.9996104529658926,25,0,10
34,651,0.0003857361906587438,9.261919481311476e-12,6.240181541205737e-07,0.9996136397819274,25,0,10
34,652,0.0003906467957746063,8.868663889413505e-12,6.212420683604872e-07,0.9996087319532903,25,0,10
34,653,0.000606529256672669,1.3858798115144467e-11,8.473592540802697e-07,0.9993926233702158,25,0,10
34,654,0.0003823450793768398,8.623605709834209e-12,5.906445379532334e-07,0.9996170642674633,25,0,10
34,655,0.00037476146387698065,8.961200152857977e-12,5.917651871620964e-07,0.9996246467619758,25,0,10
34,656,0.0012488738080496452,1.3917153049960006e-11,1.3140505355132472e-06,0.9987498121274991,25,0,10
34,657,0.000599308419977151,5.361108473861219e-12,6.169613672759597e-07,0.9994000746132967,25,0,10
34,658,0.0013418299651885234,1.4952908443747336e-11,1.3967929295627778e-06,0.9986567732269306,25,0,10
34,659,0.0015853678190373014,1.509886343462637e-11,1.499467591952404e-06,0.9984131326982729,25,0,10
34,660,0.0023924272512397472,1.079851620709608e-11,1.5363564877333732e-06,0.997606036381475,25,0,10
34,661,0.0027524367876940988,1.2990801765642041e-11,2.6662790925147493e-06,0.9972448969202241,25,0,10
34,662,0.00232789314158781,1.8671022631293468e-11,2.8594711297663057e-06,0.9976692473686132,25,0,10
34,663,0.001361789855565555,7.900675252274618e-12,1.095368054555569e-06,0.9986371147684805,25,0,10
34,664,0.0012344452473603861,7.417539322771314e-12,1.1865725281991765e-06,0.998764368172695,25,0,10
34,665,0.001238261258688265,7.379308157320202e-12,1.1814570064385267e-06,0.9987605572769276,25,0,10
34,666,0.0015544616072604906,1.2802431392179297e-11,1.7819044555539991e-06,0.9984437564754827,25,0,10
34,667,0.0013633664896291928,1.9082630850487576e-11,2.0198172887675103e-06,0.9986346136740001,25,0,10
34,668,0.0009893291504515162,1.2170447206472331e-11,1.301366006523208e-06,0.9990093694713722,25,0,10
34,669,0.0008684765018279201,1.2788820403552834e-11,1.4347041112555627e-06,0.9991300887812726,25,0,10
34,670,0.0006239020345877451,7.410249603429013e-12,1.1891289299150006e-06,0.9993749088290733,25,0,10
34,671,0.000887964056571712,1.0204671508643246e-10,4.495881905504798e-06,0.9991075399594773,25,0,10
34,672,0.0005446434144021959,1.0359917398574833e-10,4.191830384734434e-06,0.9994511646516153,25,0,10
34,673,0.0007858233420461898,1.0579204477333636e-10,4.383638513390726e-06,0.9992097929136492,25,0,10
34,674,0.0012054357863982431,1.4306687983844786e-10,7.161645128244727e-06,0.9987874024254073,25,0,10
34,675,0.0006623648530495684,1.0683764297310499e-11,1.328961440385058e-06,0.999336306174827,25,0,10
34,676,0.0007742783450473269,1.1800992085307251e-11,1.245494794454231e-06,0.9992244761483573,25,0,10
34,677,0.000772486681145533,1.1782897114871884e-11,1.1972993173081914e-06,0.999226316007754,25,0,10
34,678,0.0007681156962179808,1.292881773972829e-11,1.2058488916217514e-06,0.9992306784419622,25,0,10
34,679,0.000754239017996024,1.1845288416482689e-11,1.2309008996316032e-06,0.9992445300692596,25,0,10
34,680,0.0009816826996834715,1.694042311248919e-11,1.4720420652562138e-06,0.9990168452413113,25,0,10
34,681,0.0010070277569649033,2.2317668022430445e-11,1.4906960588829642e-06,0.9989914815246594,25,0,10
34,682,0.001082655346705427,2.3366436486504617e-11,1.7733875756252043e-06,0.9989155712423535,25,0,10
34,683,0.0009770411934854238,8.641840996626576e-11,2.1009990057878253e-06,0.9990208577210908,25,0,10
34,684,0.000866036016133437,8.187376248134715e-11,1.7330225515885686e-06,0.9991322308794415,25,0,10
34,685,0.0008519346547249944,8.073077014948824e-11,1.6928257611533522e-06,0.9991463724387835,25,0,10
34,686,0.000848668171460414,8.019060179185866e-11,1.6755535073218593e-06,0.9991496561948423,25,0,10
34,687,0.0008515356743926532,7.890538917591469e-11,1.6557499909779565e-06,0.9991468084967123,25,0,10
34,688,0.0004961191458497676,7.704168383817093e-11,1.206193029317077e-06,0.999502674584081,25,0,10
34,689,0.0004992705779481217,7.784156985003513e-11,1.2795693435795025e-06,0.9994994497748686,25,0,10
34,690,0.0004933859257164992,7.830342801659039e-11,1.2571792264904105e-06,0.9995053568167549,25,0,10
34,691,0.00048028232201302834,7.767799364224313e-11,1.183463318228529e-06,0.999518534136992,25,0,10
34,692,0.00047486007847907173,7.367846382157898e-11,1.219277812447048e-06,0.9995239205700313,25,0,10
34,693,0.0007254617203195895,7.705319355157472e-11,2.27509806518045e-06,0.999272263104563,25,0,10
34,694,0.0009758364946205944,8.483166451160587e-11,2.4785114916493028e-06,0.9990216849090569,25,0,10
34,695,0.001029212189097696,5.413578660699153e-11,4.626999484667128e-06,0.9989661607572827,25,0,10
34,696,0.0007991096994623242,5.257263175333589e-11,4.4202624609314555e-06,0.9991964699855047,25,0,10
34,697,0.0007913023310737059,4.938934016720637e-11,3.5821851980100827e-06,0.9992051154343404,25,0,10
34,698,0.0007827355641169574,4.9122921963233496e-11,3.4703778492722816e-06,0.9992137940089129,25,0,10
34,699,0.0011924976830324967,5.052738575566545e-11,3.599120670746031e-06,0.9988039031457712,25,0,10
34,700,0.004203666759848487,6.00771490412372e-11,9.211570944847998e-06,0.9957871216091307,25,0,10
34,701,0.001468547764397747,4.657438226153421e-11,3.8029157530744744e-06,0.9985276492732758,25,0,10
34,702,0.002223161347560626,8.45055087623063e-11,6.880564187598112e-06,0.9977699580037472,25,0,10
34,703,0.0025835685464051573,5.3293645271629506e-11,4.627277618629639e-06,0.9974118041226838,25,0,10
34,704,0.0019447408710829782,5.2582533049148057e-11,4.357227250270773e-06,0.9980509018490846,25,0,10
34,705,0.0016378399629605692,4.822672163274152e-11,3.987906577344671e-06,0.9983581720822363,25,0,10
34,706,0.0013379040416653745,4.606737650792312e-11,3.665107281350778e-06,0.9986584308049871,25,0,10
34,707,0.0013410794118476526,4.443294774116441e-11,3.754831347781739e-06,0.9986551657123731,25,0,10
34,708,0.00159873392414981,5.177532967187509e-11,4.041179500432106e-06,0.9983972248445752,25,0,10
34,709,0.0016683394562262016,5.4927107847603374e-11,4.321951868487149e-06,0.9983273385369799,25,0,10
34,710,0.0006597110380931456,1.1598488084128962e-11,9.704558149884738e-07,0.999339318494495,25,0,10
34,711,0.00073863142739358,1.5979546067673933e-11,1.4229768874709131e-06,0.9992599455797411,25,0,10
34,712,0.0010565221823501702,9.175564728340401e-12,9.497944547989646e-07,0.998942528014021,25,0,10
34,713,0.0010410095938637057,8.967124819000019e-12,1.00638508408456e-06,0.9989579840120868,25,0,10
34,714,0.0010380029552762952,8.969164738295755e-12,1.0065176163705032e-06,0.9989609905181396,25,0,10
34,715,0.0008145649053297584,1.350871024914885e-11,1.057320846723576e-06,0.9991843777603158,25,0,10
34,716,0.00034691497226453476,8.403251639134817e-12,6.065274802654245e-07,0.9996524784918531,25,0,10
34,717,0.000491940121501642,9.21832863862187e-12,8.898219955955473e-07,0.9995071700472861,25,0,10
34,718,0.0007603607664022131,7.933825381663538e-12,9.668460761084146e-07,0.9992386723795893,25,0,10
34,719,0.0009819621954329615,7.000086622049003e-12,1.2010296318618965e-06,0.9990168367679365,25,0,10
34,720,0.0012801039063769695,1.8389037865384098e-11,2.1229744308739894e-06,0.9987177731008046,25,0,10
34,721,0.0010566595210067821,4.7198052401126325e-11,3.88125484097747e-06,0.998939459176955,25,0,10
34,722,0.0011181958662771802,4.925141081286763e-11,3.909998546251987e-06,0.9988778940859261,25,0,10
34,723,0.0006914103357553113,1.6321482132417164e-11,1.575811447132128e-06,0.9993070138364771,25,0,10
34,724,0.0007357483056913177,1.3428242080830214e-11,1.1549502515866377e-06,0.9992630967306302,25,0,10
34,725,0.0006410665056727009,9.494205337835114e-12,7.40699202498574e-07,0.9993581927856322,25,0,10
34,726,0.0012556747004102533,1.5887923675575476e-11,1.8274796897252669e-06,0.9987424978040135,25,0,10
34,727,0.0008216700356191442,1.056906828762425e-11,1.1341052881054018e-06,0.9991771958485254,25,0,10
34,728,0.0005831489594215735,1.0316587611836551e-11,7.210910290490501e-07,0.9994161299392345,25,0,10
34,729,0.0005982767248761349,6.424244022503496e-12,6.783852790388607e-07,0.9994010448834223,25,0,10
34,730,0.0003471221281091614,6.2277044575585514e-12,5.654777511546541e-07,0.9996523123879132,25,0,10
34,731,0.00040499654460731375,1.1383128658627748e-11,7.811971277358646e-07,0.9995942222468834,25,0,10
34,732,0.000405965190476899,1.3139145492105828e-11,8.701286979301337e-07,0.9995931646676876,25,0,10
34,733,0.0005645358768631669,1.91672861240884e-11,1.2094553808878605e-06,0.99943425464859,25,0,10
34,734,0.0008047067514515643,2.186332130915103e-11,1.5610599410618322e-06,0.9991937321667457,25,0,10
34,735,0.0007826500510411869,2.0164879400648727e-11,1.5318444067002947e-06,0.9992158180843882,25,0,10
34,736,0.0007350093935165286,1.797413987097861e-11,1.3738317683588253e-06,0.9992636167567415,25,0,10
34,737,0.0016788967674023143,2.145054525884992e-11,1.907958096297707e-06,0.9983191952530519,25,0,10
34,738,0.007571133237654289,2.736551959559847e-11,7.42394674640956e-06,0.9924214427882346,25,0,10
34,739,0.0026649742041424352,6.155227429121478e-11,6.47801618278506e-06,0.9973285477181234,25,0,10
34,740,0.0029899934030770594,6.403102982266933e-11,6.642495998243329e-06,0.9970033640368942,25,0,10
34,741,0.0019772786258012193,2.586347290901267e-11,2.2890685276390488e-06,0.9980204322798083,25,0,10
34,742,0.0016478340166995286,1.8856490606730636e-11,1.8298045655614484e-06,0.9983503361598798,25,0,10
34,743,0.0015491625905697853,1.9499413016497217e-11,1.7087733066886374e-06,0.9984491286166258,25,0,10
34,744,0.0016043612127646524,1.7962680767369077e-11,1.794273516193228e-06,0.9983938444957577,25,0,10
34,745,0.0007173265901898655,1.4253412738609091e-11,1.1894918744220934e-06,0.9992814839036832,25,0,10
34,746,0.0006026931500875491,1.1466933763519038e-11,8.229419747499981e-07,0.9993964838964715,25,0,10
34,747,0.000641323451566407,9.575860330426038e-12,9.724473517002963e-07,0.999357704091507,25,0,10
34,748,0.0008653311982097427,9.081271148371727e-12,1.2269828423811687e-06,0.9991334418098677,25,0,10
34,749,0.0003906455397987347,5.381734462788087e-12,5.970496018527921e-07,0.9996087574052188,25,0,10
34,750,0.0003916455105893913,7.1087664855951705e-12,6.086219330725975e-07,0.9996077458603702,25,0,10
34,751,0.00034250891755711,6.9763672151548686e-12,5.022904082249325e-07,0.9996569887850604,25,0,10
34,752,0.0009913240801830631,1.1131617409635718e-11,1.1638310360689814e-06,0.9990075120776506,25,0,10
34,753,0.000977676824785189,1.0995100030176613e-11,1.1188226780458216e-06,0.9990212043415427,25,0,10
34,754,0.0009380318619725745,1.124624625908153e-11,1.071337871499571e-06,0.9990608967889116,25,0,10
34,755,0.0007016625129254091,1.2750706959051631e-11,1.7995973566163804e-06,0.9992965378769688,25,0,10
34,756,0.0005255195965646305,1.4855975530354508e-11,1.3116645783342453e-06,0.9994731687240026,25,0,10
34,757,0.010541861787489604,1.73061982088056e-11,4.632453331171755e-06,0.9894535057418739,25,0,10
34,758,0.010634986537512691,2.1390305515220422e-11,5.631872089736423e-06,0.9893593815690076,25,0,10
34,759,0.01056512292611183,2.4342353374119388e-11,5.516909610658991e-06,0.9894293601399363,25,0,10
34,760,0.010540293645402977,2.1846369709034407e-11,5.341431497248062e-06,0.9894543649012548,25,0,10
34,761,0.010480213019079776,2.1566952208175712e-11,4.400170406209068e-06,0.989515386788948,25,0,10
34,762,0.010504298970570562,2.104073754375908e-11,4.408695137833633e-06,0.9894912923132515,25,0,10
34,763,0.010504983596110495,1.9413891043374706e-11,4.393209863567196e-06,0.989490623174613,25,0,10
34,764,0.010955121267593338,2.221298028796597e-11,7.4098341493720955e-06,0.9890374688760458,25,0,10
34,765,0.011038516357117572,2.1832395654704534e-11,7.597178650316059e-06,0.9889538864424015,25,0,10
34,766,0.0009132934955275063,1.6601403020631495e-11,4.085129507210408e-06,0.9990826213583653,25,0,10
34,767,0.001798966366833984,1.55822813388585e-11,1.659050546526225e-06,0.9981993745670384,25,0,10
34,768,0.0024325541556492625,2.5840895953076155e-11,4.4602797578616905e-06,0.9975629855387528,25,0,10
34,769,0.0028699165556036422,3.023616491780585e-11,6.422201888186284e-06,0.9971236612122728,25,0,10
34,770,0.0019437992040705451,1.663670808583802e-11,3.182241594283776e-06,0.9980530185376993,25,0,10
34,771,0.0010359618324678557,1.1459127402570967e-11,2.608362014347558e-06,0.9989614297940599,25,0,10
34,772,0.0011042336074432275,1.0941028717193284e-10,3.1408591480318754e-06,0.9988926254239988,25,0,10
34,773,0.0010290415063319656,1.5108571328041693e-11,2.7247954010212862e-06,0.9989682336831593,25,0,10
34,774,0.0013150087562914135,2.171531153455232e-11,3.0442047214111003e-06,0.9986819470172723,25,0,10
34,775,0.0010707892485798513,2.0588006095869156e-11,2.9394752806083976e-06,0.9989262712555521,25,0,10
34,776,0.0010550130532451265,1.526698262247867e-11,2.7940896819823403e-06,0.9989421928418071,25,0,10
34,777,0.0010717091060131762,1.5806358810404597e-11,2.7158419540284665e-06,0.9989255750362276,25,0,10
34,778,0.0016604133061501316,2.2088857975398807e-11,4.118035542471141e-06,0.9983354686362195,25,0,10
34,779,0.0009603064021203008,1.8097180100764494e-11,2.0733914326870324e-06,0.9990376201883513,25,0,10
34,780,0.0009685336600119589,1.7088120734756155e-11,1.9953279483201394e-06,0.9990294709949532,25,0,10
34,781,0.017222867659017517,2.5630252975218344e-11,7.821500024374303e-06,0.9827693108153294,25,0,10
34,782,0.0018261937675379113,2.2799484120941283e-11,2.543137442805658e-06,0.9981712630722215,25,0,10
34,783,0.0011799829198991135,2.4836066743027088e-11,2.2492080325106778e-06,0.998817767847233,25,0,10
34,784,0.001152379859280929,2.0169261074928075e-11,2.199613862009854e-06,0.9988454205066887,25,0,10
34,785,0.001380896200460812,1.706798992903725e-11,2.1037726753696284e-06,0.9986170000097973,25,0,10
34,786,0.0013839337182551287,1.653747565040099e-11,2.1571184396212285e-06,0.9986139091467682,25,0,10
34,787,0.002161924430859812,2.2812256467953695e-11,2.7315222419655647e-06,0.9978353440240866,25,0,10
34,788,0.0015010700306386552,1.8589865422286766e-11,2.440482743507841e-06,0.9984964894680295,25,0,10
34,789,0.0009225016325343384,2.2459077317761416e-11,2.01002956280815e-06,0.999075488315445,25,0,10
34,790,0.0013883912320642206,2.8313399095948393e-11,2.5867814667663296e-06,0.9986090219581568,25,0,10
34,791,0.0016645846070095333,8.766396392851029e-11,7.16506688500452e-06,0.9983282502384427,25,0,10
34,792,0.0016544852986220527,8.504918485167056e-11,6.29174111407513e-06,0.9983392228752166,25,0,10
34,793,0.0015007486390172706,8.51801954567646e-11,6.2948366733095615e-06,0.9984929564391303,25,0,10
34,794,0.0015068569230660134,2.2815563058269558e-11,3.1422131408325622e-06,0.9984900008409784,25,0,10
34,795,0.0018436187904783275,2.0224038568744144e-11,5.4867121109910646e-06,0.9981508944771872,25,0,10
34,796,0.0013149568209801104,1.63258579806587e-11,2.581341278276903e-06,0.9986824618214165,25,0,10
34,797,0.0011906985942174892,5.251878026223988e-11,3.2952370939433177e-06,0.99880600611617,25,0,10
34,798,0.0011562945869510203,1.3560646939193842e-11,2.5079143057673744e-06,0.9988411974851836,25,0,10
34,799,0.001221960577245235,1.896914186972515e-11,2.830169996183791e-06,0.9987752092337905,25,0,10
34,800,0.0015229792565791772,2.372040859666593e-11,3.1596843704524844e-06,0.9984738610353312,25,0,10
34,801,0.0006864029727179679,1.527562982623865e-11,1.032759901283575e-06,0.9993125642521065,25,0,10
34,802,0.0004370759274577584,1.7065089607022228e-11,9.505227410642629e-07,0.9995619735327373,25,0,10
34,803,0.0008746061662546502,1.7761902042567627e-11,1.184091431810498e-06,0.9991242097245526,25,0,10
34,804,0.0008821930590372573,1.779727851047686e-11,1.1884160224379681e-06,0.9991166185071438,25,0,10
34,805,0.0006902681511742134,1.980040942639726e-11,1.194636433914886e-06,0.9993085371925923,25,0,10
34,806,0.0009942399140097603,2.351281158144703e-11,1.51545472682039e-06,0.999004244607751,25,0,10
34,807,0.0006992928616889593,1.307475776886465e-11,9.978017819410885e-07,0.9992997093234554,25,0,10
34,808,0.0006614739707303662,8.511218186909605e-12,8.226081084502834e-07,0.9993377034126505,25,0,10
34,809,0.0005889316322323613,5.4219761655178324e-12,5.773159221287636e-07,0.9994104910464245,25,0,10
34,810,0.0005930406449123995,5.591075686105748e-12,6.400670854703179e-07,0.9994063192824126,25,0,10
34,811,0.0008455822584148504,8.559997913498739e-12,1.0286570839743152e-06,0.9991533890759428,25,0,10
34,812,0.0006480463649340413,1.1294068300021549e-11,1.1427534982876363e-06,0.9993508108702754,25,0,10
34,813,0.0006385825133085347,1.0335284451355673e-11,1.0385452954296884e-06,0.9993603789310628,25,0,10
34,814,0.001129919063822552,4.2998163934086856e-11,3.6245119157145353e-06,0.9988664563812655,25,0,10
34,815,0.0008321425840859121,8.041519123680687e-12,8.565999505617535e-07,0.9991670008079239,25,0,10
34,816,0.0011591098160143936,7.095871947541161e-11,3.3916365709377618e-06,0.9988374984764573,25,0,10
34,817,0.00041629623488861276,8.838986084633407e-12,6.983130663756989e-07,0.9995830054432068,25,0,10
34,818,0.000874257514347664,9.436982273301157e-12,8.448046680245307e-07,0.9991248976715487,25,0,10
34,819,0.0009017374524942405,1.3235357861719614e-11,1.9771926842328477e-06,0.9990962853415872,25,0,10
34,820,0.000710001179269656,1.0485449533678722e-11,9.695185652103677e-07,0.9992890292916811,25,0,10
34,821,0.001321956378922958,1.2222040100633694e-11,1.2107137100588282e-06,0.9986768328951463,25,0,10
34,822,0.0013066281889036165,1.2649663199704465e-11,1.2035377753977338e-06,0.9986921682606728,25,0,10
34,823,0.0013246469742331862,1.586161762321192e-11,1.333547625774359e-06,0.998674019462281,25,0,10
34,824,0.002011061033670805,1.4884102719714853e-11,1.5770021437129393e-06,0.9979873619493024,25,0,10
34,825,0.0017685590987667785,1.2631770355124308e-11,1.3893034308223558e-06,0.9982300515851718,25,0,10
34,826,0.0021069953053681496,1.0537997452770048e-10,4.9604432251198776e-06,0.9978880441460274,25,0,10
34,827,0.0016606175856718405,1.0324131657110665e-10,4.677052260780676e-06,0.9983347052588268,25,0,10
34,828,0.010978768083149192,2.2906709857025065e-10,9.798191832968244e-06,0.9890114334959524,25,0,10
34,829,0.0013856574751291892,1.169662293871071e-11,1.437420829043961e-06,0.9986129050923457,25,0,10
34,830,0.0005323457682617158,7.80723598428005e-12,1.0146068916096633e-06,0.9994666396170405,25,0,10
34,831,0.0016649722291445146,7.112692724897537e-11,3.4085402147858425e-06,0.9983316191595147,25,0,10
34,832,0.001926573123323651,7.14271259391776e-11,3.4948182712177166e-06,0.9980699319869792,25,0,10
34,833,0.001804624967685856,7.164505355184105e-11,3.375779117357348e-06,0.9981919991815528,25,0,10
34,834,0.0009744875010934668,1.3886924609514857e-11,1.408616778119051e-06,0.9990241038682427,25,0,10
34,835,0.0005825928807739859,1.1575802698245171e-11,1.2006371512745638e-06,0.9994162064705006,25,0,10
34,836,0.000574480761898013,1.3075731292609016e-11,1.212019873007463e-06,0.9994243072051546,25,0,10
34,837,0.0007642884899102134,1.5839945528954735e-11,1.5331226811420307e-06,0.9992341783715694,25,0,10
34,838,0.0005213284890324278,1.1624586432697022e-11,1.0160436269620286e-06,0.9994776554557175,25,0,10
34,839,0.00064274503732499,1.547044824518299e-11,1.4941322049045778e-06,0.9993557608150005,25,0,10
34,840,0.000818691657846027,2.164952769090354e-11,1.4406995829599806e-06,0.9991798676209224,25,0,10
34,841,0.0007677785835977095,1.6616434311834e-11,1.36308486426728e-06,0.9992308583149228,25,0,10
34,842,0.0011701953901216578,1.4208117776640265e-10,3.940814026935922e-06,0.9988258636537717,25,0,10
34,843,0.0011750755143819047,4.744803048193638e-11,3.882871475097807e-06,0.9988210415666967,25,0,10
34,844,0.002211712323621233,8.524711243939996e-11,6.836133761142889e-06,0.9977814514573717,25,0,10
34,845,0.0014028467700917067,4.884006064778063e-11,4.068701983731714e-06,0.9985930844790853,25,0,10
34,846,0.0011125712526305859,4.7397617311424376e-11,3.6686131138639854e-06,0.9988837600868589,25,0,10
34,847,0.001065054354297283,1.121880723260815e-11,1.2015562796713092e-06,0.9989337440782055,25,0,10
34,848,0.0011829268605487333,1.1334925683137121e-11,1.3398079030652578e-06,0.9988157333202146,25,0,10
34,849,0.0012240401086082919,1.1187657659891544e-11,1.4316537337435183e-06,0.9987745282264726,25,0,10
34,850,0.0007556520123078444,1.0420451693886339e-11,1.1802618744420357e-06,0.9992431677153992,25,0,10
34,851,0.0007174142236093309,1.4338924930351317e-11,1.1545430355053594e-06,0.9992814312190177,25,0,10
34,852,0.0009056151396961496,1.2772350124868684e-11,1.1243154112698523e-06,0.9990932605321214,25,0,10
34,853,0.0012311187263881833,4.752709702632802e-11,3.626698325505156e-06,0.9987652545277605,25,0,10
34,854,0.0011697387924870326,4.786148328069332e-11,3.5813774000337186e-06,0.9988266797822528,25,0,10
34,855,0.0011687974777190337,4.782784076774204e-11,3.5946479970987325e-06,0.9988276078264575,25,0,10
34,856,0.0014005989059112675,4.3286313357810045e-11,3.4957852040399933e-06,0.9985959052656003,25,0,10
34,857,0.0009457543393072773,1.2139378639346217e-11,1.1434649692615397e-06,0.9990531021835849,25,0,10
34,858,0.001182675075954083,1.426397801726828e-11,1.255414621224641e-06,0.9988160694951621,25,0,10
34,859,0.001127522794523384,1.4088784367314273e-11,1.1293771153407284e-06,0.9988713478142741,25,0,10
34,860,0.0007622599202570372,1.0955398529909628e-11,1.8478073176259524e-06,0.9992358922614709,25,0,10
34,861,0.0007882500239073076,1.209895144223541e-11,1.9954360720574834e-06,0.9992097545279229,25,0,10
34,862,0.0007702962785470051,1.3537739256632096e-11,1.9084083099416217e-06,0.9992277952996063,25,0,10
34,863,0.0008322734981558326,1.064446829785029e-10,3.827841604545429e-06,0.9991638985537965,25,0,10
34,864,0.0020635277777172347,1.7794161309958116e-11,4.036337246907595e-06,0.9979324358672436,25,0,10
34,865,0.0013965939599401118,8.207707211838191e-11,2.4420944604667606e-06,0.9986009638635241,25,0,10
34,866,0.00117299904709111,1.0278512035377794e-11,1.9743719713801587e-06,0.9988250265706605,25,0,10
34,867,0.0007135559719336012,8.09587174667586e-12,1.6888067779688873e-06,0.999284755213194,25,0,10
34,868,0.0005841164238618747,8.025971826212224e-12,6.938594825245901e-07,0.9994151897086313,25,0,10
34,869,0.0008224819885269131,9.569339308465263e-12,8.150072418972533e-07,0.9991767029946637,25,0,10
34,870,0.0014493600503544834,9.603213782715006e-12,1.3047032469314708e-06,0.998549335236796,25,0,10
34,871,0.0009807934046649415,1.357881399412618e-11,1.2070470226539608e-06,0.9990179995347347,25,0,10
34,872,0.0010556872406170057,7.944194090790098e-11,1.547366259865127e-06,0.9989427653136822,25,0,10
34,873,0.0010209149572268394,1.9608575762903424e-10,3.0318552246515017e-06,0.9989760529914641,25,0,10
34,874,0.0003445883970675728,7.121904815774542e-11,6.482502807456638e-07,0.9996547632814342,25,0,10
34,875,0.00034672709561340886,7.053624753233376e-12,5.583771708966915e-07,0.9996527145201637,25,0,10
34,876,0.0013133640394660377,8.434354487396272e-12,1.0220884782360817e-06,0.9986856138636233,25,0,10
34,877,0.0005590991737883688,5.3189941882808574e-12,6.286867239491389e-07,0.9994402721341703,25,0,10
34,878,0.0005676202269771274,5.424174646003605e-12,6.104946910001892e-07,0.9994317692729093,25,0,10
34,879,0.0008740664205519919,1.4158661757265228e-11,1.1278121351660122e-06,0.9991248057531555,25,0,10
34,880,0.0005685044055542085,8.612284367730072e-12,8.286660033771455e-07,0.999430666919832,25,0,10
34,881,0.06202008665058162,1.1951024676673467e-08,0.016846819834113836,0.9211330815642818,25,0,10
34,882,0.02409521946327628,1.1955580339147628e-08,0.016821839613020785,0.9590829289681243,25,0,10
34,883,0.0009953331727618865,1.4245915225782952e-11,6.8249232465392435e-06,0.9989978418897476,25,0,10
34,884,0.0013400331179675615,1.7415978236806782e-11,7.096450104677964e-06,0.9986528704145137,25,0,10
34,885,0.000723914822129102,1.100268085454041e-11,6.391587433221196e-06,0.9992696935794373,25,0,10
34,886,0.0007756794046780106,1.3070251584462367e-11,6.566795084008242e-06,0.9992177537871697,25,0,10
34,887,0.0011418815675576046,2.0077594490027793e-11,7.205889389800275e-06,0.9988509125229769,25,0,10
34,888,0.001069746168027432,1.753283723968702e-11,7.030919643327535e-06,0.9989232228947984,25,0,10
34,889,0.0008450035212723988,2.2069930511155658e-11,6.848479818593978e-06,0.9991481479768413,25,0,10
34,890,0.0014242954572942508,2.479965560476969e-11,1.8954776081282475e-06,0.9985738090402999,25,0,10
34,891,0.0011147389340913165,1.9594573389225165e-11,1.4624083928462688e-06,0.9988837986379231,25,0,10
34,892,0.0011792651068586234,2.3703048104647138e-11,1.601099592882662e-06,0.9988191337698474,25,0,10
34,893,0.0014683968050199373,3.166436537884671e-11,7.075392987445827e-06,0.9985245277703296,25,0,10
34,894,0.0015680600942441485,2.7170188020520484e-11,2.0317449323708695e-06,0.9984299081336551,25,0,10
34,895,0.0017797579088887937,5.042973696861892e-11,3.938320013909834e-06,0.9982163037206697,25,0,10
34,896,0.001797809453525683,5.143573643097939e-11,4.056914425086857e-06,0.9981981335806155,25,0,10
34,897,0.0022163467853074706,6.073704933633056e-11,8.209784856336522e-06,0.9977754433691004,25,0,10
34,898,0.002242096317535845,9.141017604935392e-11,8.423634157604427e-06,0.9977494799568974,25,0,10
34,899,0.002007640464172058,9.111570920024836e-11,8.247811011608217e-06,0.997984111633701,25,0,10
34,900,0.001982171633811512,5.975854670984373e-11,7.994083840013953e-06,0.9980098342225904,25,0,10
34,901,0.001506646380064515,5.3021161798685164e-11,7.446433648675652e-06,0.9984859071332665,25,0,10
34,902,0.001361637017436779,5.437716040198649e-11,1.2297853125357093e-05,0.9986260650750617,25,0,10
34,903,0.0012414954791381849,5.263041795257893e-11,9.019764130585803e-06,0.9987494847041011,25,0,10
34,904,0.0012453532942658307,5.434537046930585e-11,9.164954094185488e-06,0.9987454816972949,25,0,10
34,905,0.0012751249891347696,4.8983347582133366e-11,5.304949879579527e-06,0.9987195700120037,25,0,10
34,906,0.00097880114976017,4.5342203975163005e-11,5.125102663437127e-06,0.9990160737022356,25,0,10
34,907,0.0010225669443022594,1.8813630467046937e-11,1.2778308434490207e-06,0.9989761552060427,25,0,10
34,908,0.0011650709920157357,1.7390281215651674e-11,1.3682284620249775e-06,0.9988335607621339,25,0,10
34,909,0.001109397172729233,1.1842475564004487e-11,3.970865375995556e-06,0.9988866319500534,25,0,10
34,910,0.0010344130919823472,1.0653825857574165e-11,1.018857322575436e-06,0.9989645680400423,25,0,10
34,911,0.001042508786155212,1.160992367363644e-11,1.020757049515329e-06,0.9989564704451864,25,0,10
34,912,0.0008100281230214762,8.423563188204969e-12,9.1118539210491e-07,0.9991890606831635,25,0,10
34,913,0.0008175824270620118,8.94656192266375e-12,8.577769400081556e-07,0.9991815597870531,25,0,10
34,914,0.0010433742709008795,8.997333125914187e-12,9.75327433864646e-07,0.9989556503926699,25,0,10
34,915,0.0006005579368327153,1.0406304948039881e-11,7.532606615670321e-07,0.9993986887921011,25,0,10
34,916,0.000407605935359699,1.1461626059344443e-11,7.138873362703596e-07,0.9995916801658438,25,0,10
34,917,0.00033342561805075835,5.26606802757507e-12,4.690888728227609e-07,0.9996661052878117,25,0,10
34,918,0.00033666855837712555,5.259271223118507e-12,5.18551897996782e-07,0.9996628128844669,25,0,10
34,919,0.0008312797960055429,9.628564883495106e-12,1.0718316652914459e-06,0.999167648362702,25,0,10
34,920,0.0008345647276567969,1.2253698159043023e-11,1.164787978856092e-06,0.9991642704721119,25,0,10
34,921,0.0009467418823913498,1.2081937343355963e-11,1.4650145721917162e-06,0.9990517930909555,25,0,10
34,922,0.002130945409418558,1.4357474852441723e-11,2.06557374537855e-06,0.9978669890024789,25,0,10
34,923,0.001676585105839751,1.2272279718484142e-11,1.6036552482446577e-06,0.9983218112266404,25,0,10
34,924,0.0013744704843599942,1.1044887656526895e-11,1.361475464859202e-06,0.9986241680291309,25,0,10
34,925,0.00045637569450199397,7.718478012965309e-12,7.675918135209534e-07,0.9995428567059668,25,0,10
34,926,0.0009219856337255504,1.3088724537137696e-11,1.1606645151607748e-06,0.999076853688671,25,0,10
34,927,0.0010618280176327532,1.38598110011805e-10,1.8684090271485166e-06,0.9989363034347424,25,0,10
34,928,0.0006014375429400227,1.2320065523829312e-11,1.1609566322188958e-06,0.9993974014881084,25,0,10
34,929,0.000580824776014115,1.1692841461581011e-11,1.1488707858887137e-06,0.9994180263415078,25,0,10
34,930,0.00046117473898450246,8.97140435469039e-12,8.311536748208686e-07,0.9995379940983701,25,0,10
34,931,0.0008233557856047823,1.5343039294609625e-11,1.4268630942203533e-06,0.9991752173359589,25,0,10
34,932,0.0008346226322949158,1.7018719801942948e-11,1.6625754330227296e-06,0.9991637147752546,25,0,10
34,933,0.0006473101574242435,1.3399530764903309e-11,1.3584980921427905e-06,0.9993513313310849,25,0,10
34,934,0.0007157754999609683,1.582013417480353e-11,2.855255966327656e-06,0.9992813692282528,25,0,10
34,935,0.0007290014173951634,7.903400586927864e-11,3.126730493753311e-06,0.999267871773077,25,0,10
34,936,0.0012305197643405297,7.954986200747571e-11,3.3745608214974175e-06,0.9987661055952883,25,0,10
34,937,0.0012737640128361377,4.892986162719944e-11,3.2489185813359836e-06,0.9987229870196532,25,0,10
34,938,0.0012807223906059467,4.89201194271015e-11,3.247119660249204e-06,0.9987160304408146,25,0,10
34,939,0.0007708646489719324,1.2141653923884397e-11,2.6698272847768776e-06,0.999226465511603,25,0,10
34,940,0.0006000245291462132,1.5128533224673053e-11,2.4100357550422136e-06,0.9993975654199713,25,0,10
34,941,0.0006005048157307437,1.0530361829027503e-11,2.361398606527686e-06,0.9993971337751333,25,0,10
34,942,0.0008142389527139657,1.3653319053518595e-11,2.503406793925584e-06,0.9991832576268402,25,0,10
34,943,0.0015827953242330503,1.870961951057393e-11,3.1780218294659268e-06,0.998414026635228,25,0,10
34,944,0.00889011220966118,2.0110113628290188e-11,1.8657261709627932e-05,0.9910912305085201,25,0,10
34,945,0.0013407949329850555,1.5554901582009804e-11,3.0428936145999315e-06,0.9986561621578466,25,0,10
34,946,0.0012188913922511371,1.7062023132695362e-11,1.51569859869356e-06,0.9987795928920891,25,0,10
34,947,0.0012221247391444815,1.6483314093673927e-11,1.4736164085447912e-06,0.998776401627965,25,0,10
34,948,0.0008082824368194254,1.2028148915958363e-11,8.400934269805176e-07,0.9991908774577267,25,0,10
34,949,0.0004859325871407927,1.6241116982335308e-11,9.69654359732934e-07,0.9995130977422599,25,0,10
34,950,0.0008722375936662431,5.320325506900818e-11,1.6956480274166148e-06,0.9991260667051038,25,0,10
34,951,0.0008514241143885632,4.785637173937195e-11,1.2377864694153635e-06,0.9991473380512866,25,0,10
34,952,0.0007049087579025732,1.1584679510654326e-11,1.0409325503555279e-06,0.9992940502979635,25,0,10
34,953,0.0007029393270912526,1.4221844015953933e-11,1.2626564672710293e-06,0.9992957980022207,25,0,10
34,954,0.0006800657899615645,1.2397877190557492e-11,1.0646739536580084e-06,0.999318869523688,25,0,10
34,955,0.00043255099422025313,8.100989630106512e-12,7.683132148100992e-07,0.9995666806844653,25,0,10
34,956,0.0004395480533021395,8.294319995032098e-12,7.790474332189269e-07,0.9995596728909721,25,0,10
34,957,0.0008956484427418304,9.358048111345448e-12,9.939369667851305e-07,0.9991033576109354,25,0,10
34,958,0.0009043807735385112,1.0436637425492626e-11,9.979241357686403e-07,0.9990946212918906,25,0,10
34,959,0.0006909414722494087,8.43649951804051e-12,8.704724052994691e-07,0.9993081880469101,25,0,10
34,960,0.0012618804643427935,1.0191321584501515e-11,2.7298468427557363e-06,0.9987353896786242,25,0,10
34,961,0.0010468430082648833,1.1704748444293365e-11,2.6863383829964857e-06,0.9989504706416487,25,0,10
34,962,0.0008051645877013773,1.3173340987472283e-11,2.560398924467654e-06,0.9991922750002026,25,0,10
34,963,0.0006329763539019022,1.0585083119912931e-11,2.535630832264108e-06,0.9993644880046828,25,0,10
34,964,0.0006339438704164659,1.0586012615601138e-11,2.5334983326172014e-06,0.9993635226206666,25,0,10
34,965,0.0006508540543939233,1.2166078909765903e-11,9.435814466216456e-07,0.9993482023519953,25,0,10
34,966,0.0013611330980779401,1.515841856585793e-11,1.3704337171813077e-06,0.9986374964530482,25,0,10
34,967,0.0015262663570285676,1.345680457027047e-11,1.3469149292604171e-06,0.9984723867145874,25,0,10
34,968,0.0012830471763857932,1.2783423898937718e-11,1.1531006720808528e-06,0.9987157997101597,25,0,10
34,969,0.0013058048316977365,2.170780353357312e-11,6.112172337345039e-06,0.998688082974258,25,0,10
34,970,0.0010541609745785563,1.849931887345357e-11,3.5476894322990337e-06,0.9989422913174921,25,0,10
34,971,0.000595890281066022,1.3335685534961801e-11,3.1720425378456967e-06,0.9994009376630629,25,0,10
34,972,0.0009176962801369887,1.88169355629771e-11,3.5729049730767855e-06,0.9990787307960748,25,0,10
34,973,0.0016555303031017916,1.860671363086534e-11,1.9569382158951593e-06,0.9983425127400778,25,0,10
34,974,0.0011843954635088283,1.631579753640547e-11,1.6732583065653527e-06,0.9988139312618708,25,0,10
34,975,0.0008929325318001005,1.1875825718003235e-11,1.015091406779207e-06,0.9991060523649192,25,0,10
34,976,0.0006467184530461833,9.61305754276268e-12,8.333446556222496e-07,0.9993524481926863,25,0,10
34,977,0.0005865324715114195,8.152742890239559e-12,6.437232988447309e-07,0.9994128237970379,25,0,10
34,978,0.0005934922328751775,9.530833197750063e-12,7.324019665927039e-07,0.9994057753556284,25,0,10
34,979,0.0003639822859239667,5.247501805760056e-12,4.851013997315627e-07,0.9996355326074293,25,0,10
34,980,0.0003400948057828201,6.372499031961072e-12,4.929077419077569e-07,0.9996594122801038,25,0,10
34,981,0.0007029215137349012,1.7326186642556558e-11,2.0109038218628075e-06,0.9992950675651177,25,0,10
34,982,0.0008151724486327285,1.9293573775768617e-11,2.3067158784811076e-06,0.999182520816196,25,0,10
34,983,0.0008470004521526729,2.2199692201748225e-11,2.382636187314218e-06,0.9991506168894603,25,0,10
34,984,0.0005970383222633683,9.781205883804245e-12,1.0584187465202175e-06,0.9994019032492093,25,0,10
34,985,0.000890559535235642,1.6107214839910965e-11,1.4612742616601783e-06,0.9991079791743966,25,0,10
34,986,0.0015701514398718463,1.7364686678973353e-11,2.3160121834848486e-06,0.9984275325305813,25,0,10
34,987,0.0019031205838259976,4.918166492949727e-11,4.4077536362783955e-06,0.9980924716133579,25,0,10
34,988,0.001790647876366191,4.641989218780513e-11,3.908275849388744e-06,0.9982054438013666,25,0,10
34,989,0.0012890471610283937,1.3974291860649781e-11,1.290016992877803e-06,0.9987096628080063,25,0,10
34,990,0.0013691346544142682,1.6645434571020173e-11,2.8741455536788432e-06,0.9986279911833883,25,0,10
34,991,0.0020056510691041207,1.6230785448979118e-11,2.247058789698365e-06,0.9979921018558771,25,0,10
34,992,0.0017327527781063187,1.7558705767696576e-11,2.1738467017840575e-06,0.9982650733576345,25,0,10
34,993,0.0010569171473601394,1.4957023619949028e-11,1.0484478558183738e-06,0.9989420343898283,25,0,10
34,994,0.0012782649040785098,1.710612642019183e-11,3.695523080332572e-06,0.9987180395557357,25,0,10
34,995,0.0008499889791603887,1.0600239395003659e-10,3.7949630390008512e-06,0.9991462159517988,25,0,10
34,996,0.000844706355154764,1.0955338935881866e-10,3.932330192953045e-06,0.9991513612050994,25,0,10
34,997,0.0010642901373394125,1.0894960438569962e-10,4.14191164381508e-06,0.9989315678420679,25,0,10
34,998,0.0008459772277520385,1.090424818354968e-10,3.954853759055315e-06,0.9991500678094469,25,0,10
34,999,0.0009543993462495276,1.1262705363382262e-10,4.262098502929529e-06,0.9990413384426213,25,0,10
34,1000,0.0006020169334626349,2.4808151441968884e-11,4.408510576406533e-06,0.999393574531154,25,0,10
34,1001,0.0008488071618021491,2.1431064728928362e-11,4.7324390278117125e-06,0.9991464603777398,25,0,10
34,1002,0.0008440807829110798,2.1296844024837556e-11,4.673152023612788e-06,0.9991512460437694,25,0,10
34,1003,0.0007191033121693932,2.1871425075432513e-11,4.694131879550106e-06,0.9992762025340811,25,0,10
34,1004,0.0009379555905857185,1.2192507127204914e-11,1.1305581877969996e-06,0.9990609138390353,25,0,10
34,1005,0.0006909774298083942,9.930737110181022e-12,9.387822636992224e-07,0.9993080837779986,25,0,10
34,1006,0.0006972459076619585,9.977811073470383e-12,9.457046047811841e-07,0.9993018083777572,25,0,10
34,1007,0.0007091886633075526,1.2803452250091586e-11,1.0215595353767136e-06,0.9992897897643549,25,0,10
34,1008,0.001236151887120227,1.7233059874122007e-11,1.4882516485746267e-06,0.9987623598439991,25,0,10
34,1009,0.0012637285126013689,2.227641552119539e-11,1.7995674103069826e-06,0.9987344718977132,25,0,10
34,1010,0.0013573943521981934,2.095756677761354e-11,1.928613579808696e-06,0.9986406770132658,25,0,10
34,1011,0.0015729303951760871,2.1068437876446902e-11,2.034526916075757e-06,0.9984250350568405,25,0,10
34,1012,0.0014545999481149561,2.1147322370829542e-11,1.8721715678203338e-06,0.998543527859171,25,0,10
34,1013,0.001610061346511374,2.090875919542797e-11,1.8008489401181885e-06,0.9983881377836414,25,0,10
34,1014,0.0016336692892203154,2.112886212792043e-11,1.813806820296523e-06,0.9983645168828323,25,0,10
34,1015,0.001181733851803317,1.8953609142595364e-11,1.4651565697455502e-06,0.9988168009726754,25,0,10
34,1016,0.0008020962545272282,1.6065891277974315e-11,1.253899935311126e-06,0.9991966498294736,25,0,10
34,1017,0.0004923877356722637,7.834714617727265e-12,8.495863840563995e-07,0.9995067626701108,25,0,10
34,1018,0.0005397394619028396,1.074749868891535e-11,1.076354599691728e-06,0.9994591841727517,25,0,10
34,1019,0.0005135271477392552,1.1612685711037506e-11,1.1195231561665722e-06,0.9994853533174932,25,0,10
34,1020,0.00052730132183542,1.161896308041916e-11,1.1217095091676342e-06,0.9994715769570379,25,0,10
34,1021,0.00047284174121640173,1.116657407843332e-11,1.082545441895583e-06,0.9995260757021769,25,0,10
34,1022,0.0004731099273898168,1.2860387958432068e-11,1.066602469157697e-06,0.999525823457282,25,0,10
34,1023,0.0003914515646307755,1.1114560381833098e-11,7.946897631218415e-07,0.9996077537344931,25,0,10
34,1024,0.0011058552657817612,2.2761328972765614e-11,3.228483303553106e-06,0.9988909162281542,25,0,10
34,1025,0.0014637840518795877,5.556516463617672e-11,6.793168387201075e-06,0.998529422724169,25,0,10
34,1026,0.0013506428682370617,5.33750489432087e-11,5.751322520902692e-06,0.998643605755868,25,0,10
34,1027,0.0014566566623495033,5.608029713904567e-11,6.002894992869628e-06,0.998537340386578,25,0,10
34,1028,0.007398953572155309,1.1091545176489276e-10,1.3430895238592546e-05,0.9925876154216917,25,0,10
34,1029,0.0020654261864560754,5.766767360614138e-11,5.156309667886729e-06,0.9979294174462089,25,0,10
34,1030,0.002068954218620332,5.1938606479985516e-11,4.074619713655614e-06,0.9979269711097281,25,0,10
34,1031,0.002070736037909375,7.88213564523971e-11,4.2274837947993925e-06,0.9979250363994754,25,0,10
34,1032,0.0017062319979178166,4.587520244980958e-11,1.6307884088519775e-06,0.9982921371677987,25,0,10
34,1033,0.0016204370615389438,4.772896860700423e-11,1.804883927362756e-06,0.9983777580068053,25,0,10
34,1034,0.001617433657585415,4.7644050122281685e-11,1.764920608609259e-06,0.998380801374163,25,0,10
34,1035,0.0023401451609617223,5.4638523295518376e-11,2.4504665889502477e-06,0.9976574043178118,25,0,10
34,1036,0.002474135531771049,2.3585878200869074e-11,2.16219999507401e-06,0.9975237022446477,25,0,10
34,1037,0.04014375286460985,2.3473905403827678e-11,1.1875574219903911e-05,0.9598443715376965,25,0,10
34,1038,0.049528803133036085,2.4013576305040408e-11,1.486942700712356e-05,0.9504563274159428,25,0,10
34,1039,0.07962388391609597,3.188460475803819e-11,0.010047594536263861,0.9103285215157555,25,0,10
34,1040,0.05154157958584747,6.800917388080214e-11,0.0002498063751002426,0.9482086139710435,25,0,10
34,1041,0.049704110343727154,2.897267405277341e-11,0.0001614524636279512,0.950134437163673,25,0,10
34,1042,0.01176873019536826,3.438962051993707e-11,5.9837542773423295e-06,0.9882252860159656,25,0,10
34,1043,0.027923542965117995,1.0175667135498769e-10,1.7739791513475355e-05,0.9720587171416131,25,0,10
34,1044,0.01136584540506426,1.7016905269927477e-11,4.7900160551565e-06,0.9886293645618645,25,0,10
34,1045,0.011591066177139238,5.4385229206230626e-11,4.954524568847867e-06,0.9884039792439071,25,0,10
34,1046,0.0009573399544402568,5.1300403328661366e-11,1.22576055640465e-06,0.9990414342337043,25,0,10
34,1047,0.0008789492146444605,5.013660367867218e-11,1.0685503028880935e-06,0.9991199821849169,25,0,10
34,1048,0.0003422888829304238,5.149192189071977e-12,4.548515198807152e-07,0.9996572562604019,25,0,10
34,1049,0.0008102268917289464,1.2151614939744566e-11,8.302956072451573e-07,0.9991889428005137,25,0,10
34,1050,0.0008384344240309468,1.3329342581304672e-11,9.322497921054367e-07,0.9991606333128489,25,0,10
34,1051,0.0005828387849689593,1.0854740658458122e-11,6.968745924974975e-07,0.9994164643295851,25,0,10
34,1052,0.0005987083302618025,7.855884478080071e-12,7.22947077921891e-07,0.9994005687148055,25,0,10
34,1053,0.0014511795392420635,1.8356223884199212e-11,2.9725838368344566e-06,0.9985458478585656,25,0,10
34,1054,0.000705260201091422,1.5226289769236852e-11,1.1305773981798446e-06,0.9992936092062853,25,0,10
34,1055,0.00045532600691874296,8.991634632947645e-12,7.735389762873008e-07,0.9995439004451147,25,0,10
34,1056,0.00040697604918233743,7.848409080432931e-12,6.022154961726596e-07,0.9995924217274742,25,0,10
34,1057,0.0006750905302427195,1.2734812316507972e-11,9.097495804499942e-07,0.9993239997074435,25,0,10
34,1058,0.0006539126113993058,1.0167011746869311e-11,8.869530347376261e-07,0.9993452004254005,25,0,10
34,1059,0.0008869926266764913,1.4316153102149412e-11,1.115559903880564e-06,0.9991118917991045,25,0,10
34,1060,0.000348107594130732,5.8009626497613675e-12,5.446114575338832e-07,0.9996513477886115,25,0,10
34,1061,0.00035202975166029294,6.873618748791289e-12,1.5834963721060302e-06,0.9996463867450953,25,0,10
34,1062,0.0006746650422500843,1.1146576713772542e-11,2.2891506308300126e-06,0.999323045795974,25,0,10
34,1063,0.000738167397104309,1.2827688300431162e-11,2.5598816500046057e-06,0.9992592727084195,25,0,10
34,1064,0.0010368812424178624,1.6005469266569063e-11,2.7976320150807514e-06,0.9989603211095626,25,0,10
34,1065,0.0008037025827537432,1.4371916489441546e-11,2.5416117510925624e-06,0.9991937557911243,25,0,10
34,1066,0.0006267154711847152,1.0647145205874532e-11,2.0390544760910646e-06,0.9993712454636936,25,0,10
34,1067,0.001305489763918616,2.346951790162775e-11,3.1409739796374154e-06,0.9986913692386342,25,0,10
34,1068,0.0012368835431615206,2.5002121501900222e-11,2.9855179641835525e-06,0.998760130913874,25,0,10
34,1069,0.0012479239804966337,2.627475202355991e-11,5.339648761772448e-06,0.9987467363444686,25,0,10
34,1070,0.0014275123607175202,1.9202347286474902e-11,1.9887796441376795e-06,0.9985704988404381,25,0,10
34,1071,0.0011829425380854518,1.5041133918148015e-11,1.5597010950833196e-06,0.9988154977457799,25,0,10
34,1072,0.021156830707821227,9.59571784136825e-10,7.403481216099283e-05,0.9787691335204477,25,0,10
34,1073,0.02116247755041162,9.594779797276396e-10,7.410243591953036e-05,0.978763419054193,25,0,10
34,1074,0.001399155889672703,1.0461625855982474e-10,1.925961215825837e-06,0.9985989180444969,25,0,10
34,1075,0.0011687455264055887,1.0296562169739853e-10,1.6538792415408571e-06,0.9988296004913895,25,0,10
34,1076,0.0011510078524184619,1.0346721216969803e-10,1.8659681412873555e-06,0.998847126075974,25,0,10
34,1077,0.0007327862867025578,1.4968632341361383e-11,1.577214981837745e-06,0.9992656364833477,25,0,10
34,1078,0.0004253280686061077,1.0074825877439529e-11,1.0270798798116048e-06,0.9995736448414394,25,0,10
34,1079,0.0008900492010507148,1.0395476473488582e-11,1.2055040089668179e-06,0.9991087452845445,25,0,10
34,1080,0.0011222145521381196,1.0064749145599701e-11,1.284495546213651e-06,0.9988765009422509,25,0,10
34,1081,0.0010428732407521768,8.73955672865825e-12,9.032217495836051e-07,0.9989562235287588,25,0,10
34,1082,0.00035955800800542385,7.934018472447283e-12,6.34781655021711e-07,0.9996398072024058,25,0,10
34,1083,0.0009492408973332014,1.9663106509738e-11,1.6769665381456648e-06,0.9990490821164656,25,0,10
34,1084,0.0012478578728960452,2.0724642982974548e-11,1.987824140881884e-06,0.9987501542822393,25,0,10
34,1085,0.0015386925796965322,2.8597805512928213e-11,2.2652208057539444e-06,0.9984590421709002,25,0,10
34,1086,0.001171734598084319,1.8148299436844893e-11,1.8538120321143475e-06,0.9988264115717362,25,0,10
34,1087,0.0009598705876701982,1.9851566765719297e-11,1.8676214029298281e-06,0.9990382617710761,25,0,10
34,1088,0.001116731740174974,1.9928480896349372e-11,2.1939683436934495e-06,0.9988810742715544,25,0,10
34,1089,0.0011194413451177416,1.9919217884737618e-11,2.0453807351253884e-06,0.9988785132542296,25,0,10
34,1090,0.0007782724158407206,2.0312263588277416e-11,1.8039104971746873e-06,0.9992199236533517,25,0,10
34,1091,0.0010200777922079888,2.288764597284519e-11,2.0394392232718933e-06,0.9989778827456829,25,0,10
34,1092,0.0006980840797813098,1.4402587161887155e-11,1.1648797997919527e-06,0.9993007510260178,25,0,10
34,1093,0.0006927460638751573,1.3085093518713808e-11,1.0886945415576978e-06,0.9993061652285004,25,0,10
34,1094,0.0009138836239535587,7.89177769788911e-12,1.0385329692482418e-06,0.999085077835187,25,0,10
34,1095,0.0011608824952662148,1.5281217467413736e-11,1.3783568047013272e-06,0.9988377391326491,25,0,10
34,1096,0.001164727555277223,1.5344510788660994e-11,1.3292691493817644e-06,0.9988339431602307,25,0,10
34,1097,0.0007829658030795677,1.8893454178556062e-11,1.3365702965024338e-06,0.9992156976077321,25,0,10
34,1098,0.0010639776564217353,2.273606593565907e-11,1.8279247530035548e-06,0.9989341943960907,25,0,10
34,1099,0.0008794996815220797,1.6409947469426994e-11,1.2849852834238018e-06,0.9991192153167865,25,0,10
34,1100,0.0006730359441250334,1.493739274631312e-11,1.116515403082689e-06,0.9993258475255371,25,0,10
34,1101,0.0006104353409112342,9.74035153787389e-12,7.2716763690005e-07,0.9993888374817135,25,0,10
34,1102,0.0010594493891334304,1.0904366168830228e-11,8.952447153199486e-07,0.9989396553552485,25,0,10
34,1103,0.001743246237498154,1.1044494046514921e-11,1.1129302407011368e-06,0.9982556408212179,25,0,10
34,1104,0.001481849408340483,6.5611805170894715e-12,8.923607019922428e-07,0.9985172582243982,25,0,10
34,1105,0.0008283141343774217,6.366631220920278e-12,7.02648526896533e-07,0.9991709832107308,25,0,10
34,1106,0.0008291119888774014,6.387281960204598e-12,6.775901788369012e-07,0.9991702104145587,25,0,10
34,1107,0.00048777240291726393,1.3862049650875322e-11,9.57065294719467e-07,0.9995112705179281,25,0,10
34,1108,0.0006773258351923879,1.2378746788552732e-11,1.1059723010585906e-06,0.9993215681801295,25,0,10
34,1109,0.0013491616640099269,4.4028782465057326e-11,3.174890116787839e-06,0.9986476634018464,25,0,10
34,1110,0.0018017817396510794,4.8967082597743835e-11,3.2571568714936507e-06,0.9981949610545119,25,0,10
34,1111,0.0018564580219392263,5.1858606367615503e-11,3.470245480193605e-06,0.9981400716807243,25,0,10
34,1112,0.002528745923354132,3.163306351164018e-11,5.4583845258125915e-06,0.9974657956604887,25,0,10
34,1113,0.0015304877259005967,2.0200845738737255e-11,4.755126312684044e-06,0.9984647571275871,25,0,10
34,1114,0.00041222633856685296,1.2735460042363172e-11,1.9329697819675474e-06,0.9995858406789173,25,0,10
34,1115,0.0005770583198307966,1.4745559540830268e-11,3.142815352684251e-06,0.9994197988500721,25,0,10
34,1116,0.0008201458525734462,1.6385803617341346e-11,3.2869738754518373e-06,0.9991765671571663,25,0,10
34,1117,0.0010701302256237014,2.472738857968871e-11,3.973126228945734e-06,0.9989258966234205,25,0,10
34,1118,0.0010569015698176165,2.4073111796030574e-11,2.768419868761724e-06,0.9989403299862414,25,0,10
34,1119,0.0007748190757016116,1.7942590123482466e-11,2.1648391082599133e-06,0.9992230160672487,25,0,10
34,1120,0.0004030829183405576,7.94065981193829e-12,7.407356198987013e-07,0.9995961763380998,25,0,10
34,1121,0.0004103259568689708,5.865739132547511e-12,4.98602115280268e-06,0.9995846880161136,25,0,10
34,1122,0.00048384708638685636,1.0656365694870205e-11,5.8917720176634035e-06,0.9995102611309403,25,0,10
34,1123,0.011290454657174185,1.4057484461845762e-11,5.181530984783236e-06,0.9887043637977848,25,0,10
34,1124,0.011261965246882277,1.4332507066231139e-11,5.187836419451056e-06,0.9887328469023677,25,0,10
34,1125,0.01104013054646211,2.5064571433971456e-11,5.8083200575665415e-06,0.9889540611084172,25,0,10
34,1126,0.010612382094017984,1.5540316547637174e-11,5.053420085028101e-06,0.989382564470358,25,0,10
34,1127,0.011047889477923989,1.150447209793837e-11,5.799815993129154e-06,0.9889463106945796,25,0,10
34,1128,0.0013297386998151898,1.3448494515498566e-11,2.016220773370524e-06,0.9986682450659644,25,0,10
34,1129,0.0012661629545511516,1.0234168388770951e-11,1.8201383303615864e-06,0.9987320168968858,25,0,10
34,1130,0.00120849562684327,1.108299522065258e-11,2.1040876238287823e-06,0.9987894002744515,25,0,10
34,1131,0.004071075101755143,1.7658498377218749e-10,1.2385865970756618e-05,0.9959165388556898,25,0,10
34,1132,0.00414412730334574,1.7618882065197704e-10,1.2562943476882325e-05,0.9958433095769895,25,0,10
34,1133,0.0039976389079041585,1.8017250047267662e-10,1.2273272205231895e-05,0.9959900876397191,25,0,10
34,1134,0.003923903756671646,1.778790662819133e-10,1.2085199343071435e-05,0.9960640108661071,25,0,10
34,1135,0.0010371289157809543,1.476624745282546e-11,1.1908930357756322e-06,0.9989616801764177,25,0,10
34,1136,0.0008020395422488639,1.4737782700365958e-11,9.899085240843666e-07,0.9991969705344897,25,0,10
34,1137,0.0012321983299749418,1.2251375886143202e-11,1.5056706654257002e-06,0.9987662959871089,25,0,10
34,1138,0.00038827786740779817,9.953418586719376e-12,7.91125005179203e-07,0.9996109309976343,25,0,10
34,1139,0.0003953409138390734,1.0112820066235801e-11,8.144604211699849e-07,0.9996038446156278,25,0,10
34,1140,0.0003958521205399058,8.020947064714545e-12,8.052433708253804e-07,0.9996033426280694,25,0,10
34,1141,0.0004037969857623636,9.027406115446739e-12,9.066661516786743e-07,0.9995952963390594,25,0,10
34,1142,0.00033560533982301277,6.416165757180891e-12,6.375724089494979e-07,0.9996637570813531,25,0,10
34,1143,0.00045198913467101373,7.369728451093712e-12,9.682771992851332e-07,0.9995470425807602,25,0,10
34,1144,0.0003526561798506325,6.23452239242322e-12,5.730517089382592e-07,0.999646770762206,25,0,10
34,1145,0.0006686817347530325,9.895269983093258e-12,9.78447874348831e-07,0.9993303398074773,25,0,10
34,1146,0.0009729446951263507,1.901487160003094e-11,2.4152613586745514e-06,0.9990246400245009,25,0,10
34,1147,0.0005152573439859078,5.810669223786787e-12,7.88716923266977e-07,0.9994839539332817,25,0,10
34,1148,0.000511476767065144,5.757143003240661e-12,7.842041282156069e-07,0.9994877390230512,25,0,10
34,1149,0.00046366063458406397,8.655062928414058e-12,6.808355720808737e-07,0.9995356585211899,25,0,10
34,1150,0.0005273068181460966,1.0387862083773528e-11,8.088314852773205e-07,0.9994718843399822,25,0,10
34,1151,0.0006919287632860825,1.3600934578456039e-11,8.820714317418406e-07,0.9993071891516826,25,0,10
34,1152,0.010889321095579083,1.9188917439949155e-11,2.5982746184949046e-06,0.9891080806106146,25,0,10
34,1153,0.0003447464122378009,9.835486385486391e-12,7.004498051704974e-07,0.9996545531281227,25,0,10
34,1154,0.0003421672163747147,5.167403770800267e-12,5.569647441262481e-07,0.9996572758137157,25,0,10
34,1155,0.00041690244469513247,7.871430513796862e-12,7.809029480131431e-07,0.9995823166444872,25,0,10
34,1156,0.0003929070223590096,5.108588399262808e-12,6.281650347507839e-07,0.9996064648074995,25,0,10
34,1157,0.0003239858907994634,5.0822395097430814e-12,5.179153148379576e-07,0.9996754961888052,25,0,10
34,1158,0.00042274226890346334,1.2063177184144455e-11,8.128945289624017e-07,0.9995764448245064,25,0,10
34,1159,0.00037414779171667266,6.394461067785886e-12,6.072551321226214e-07,0.9996252449467584,25,0,10
34,1160,0.00037916219433201684,7.540019004938973e-12,5.354363748482615e-07,0.9996203023617547,25,0,10
34,1161,0.00036590682810762874,6.017299906202241e-12,5.47105041409914e-07,0.999633546060835,25,0,10
34,1162,0.0003592168718285825,8.070930867659006e-12,6.145645148222212e-07,0.9996401685555872,25,0,10
34,1163,0.000423218675758939,1.0183544325932059e-11,7.783736039836054e-07,0.9995760029404549,25,0,10
34,1164,0.0004110623038062061,7.87943067407006e-12,8.048716668206138e-07,0.9995881328166493,25,0,10
34,1165,0.0008621500107189898,1.0969716683161986e-11,1.7459295631971358e-06,0.9991361040487492,25,0,10
34,1166,0.0008800003238301291,1.2911571751027273e-11,1.49179482965234e-06,0.9991185078684304,25,0,10
34,1167,0.001107223373007764,1.917207164639203e-11,1.772777191946395e-06,0.9988910038306298,25,0,10
34,1168,0.0011209069075762664,1.7822933884857015e-11,1.8908041075522409e-06,0.9988772022704943,25,0,10
34,1169,0.0013452116742009774,1.339197824472521e-11,1.5128960368896522e-06,0.9986532754163707,25,0,10
34,1170,0.0010692287874019479,4.219006423657702e-11,1.0619466440384872e-06,0.9989297092237649,25,0,10
34,1171,0.0007253611353224736,4.648207039106384e-11,2.74742581442888e-06,0.9992718913923819,25,0,10
34,1172,0.004166530453293903,2.9087160950044804e-10,6.004234841841471e-05,0.995773426907417,25,0,10
34,1173,0.005077980327582395,2.932357370721362e-10,6.0771001649420595e-05,0.9948612483775328,25,0,10
34,1174,0.004120363986272082,2.8722397267911943e-10,5.837517176744668e-05,0.9958212605547362,25,0,10
34,1175,0.00489546546298614,2.979788614303442e-10,6.090780813030856e-05,0.9950436264309045,25,0,10
34,1176,0.00503493012388618,2.9818074429893657e-10,6.096955642814988e-05,0.9949041000215051,25,0,10
34,1177,0.0038709685172468324,2.8132815652627955e-10,5.8125072967704805e-05,0.9960709061284585,25,0,10
34,1178,0.00041991685016015,6.605219007322275e-12,7.27726433229298e-07,0.9995793554168025,25,0,10
34,1179,0.0004671842265403748,7.806762182367849e-12,8.730221605687612e-07,0.9995319427434934,25,0,10
34,1180,0.0010970482993616771,1.476643256393001e-11,2.8245233297145913e-06,0.9989001271625431,25,0,10
34,1181,0.0011109128878321354,1.5839238795040865e-11,2.826175515152177e-06,0.9988862609208146,25,0,10
34,1182,0.009237002699781695,2.0681549200974958e-11,1.640774104246968e-05,0.9907465895384955,25,0,10
34,1183,0.00966074031957665,2.8861448886742244e-11,1.6700701604172315e-05,0.9903225589499582,25,0,10
34,1184,0.008734000216605628,1.6853685940688443e-11,1.434200572620072e-05,0.9912516577608155,25,0,10
34,1185,0.010875520263851883,2.0883618768004788e-11,6.641767412344281e-06,0.9891178379478534,25,0,10
34,1186,0.013999087760771129,1.6702777378603505e-11,8.430352085580465e-06,0.9859924818704419,25,0,10
34,1187,0.013789536840690765,1.3600307800206393e-11,8.352942083317052e-06,0.9862021102036271,25,0,10
34,1188,0.013991105868917948,1.9793265695019408e-11,8.596280392767739e-06,0.9860002978308975,25,0,10
34,1189,0.01104807085653108,2.474765839063615e-11,7.155930755116282e-06,0.9889447731879675,25,0,10
34,1190,0.010672370200877785,1.5465172199945035e-11,6.552776929286106e-06,0.9893210770067283,25,0,10
34,1191,0.020609258369505487,1.680757588706407e-11,9.645129517859972e-06,0.9793810964841693,25,0,10
34,1192,0.026296035417045102,2.231496448844162e-11,1.5185922293393854e-05,0.973688778638347,25,0,10
34,1193,0.018368924199849885,3.3512427903318445e-09,2.0334899181866242e-05,0.9816107375497257,25,0,10
34,1194,0.018210648248809632,3.3565392075545572e-09,2.0413835346274997e-05,0.9817689345593056,25,0,10
34,1195,0.018159201866875686,3.359508494491711e-09,2.040834028411003e-05,0.9818203864333328,25,0,10
34,1196,0.012312745512483382,3.3542576950615788e-09,1.4831383435374715e-05,0.9876724197498258,25,0,10
34,1197,0.012915217453389569,3.362332350716833e-09,1.5650487872879066e-05,0.9870691286964066,25,0,10
34,1198,0.0030665613229473106,3.3597363558873814e-09,1.2457242186842332e-05,0.996920978075131,25,0,10
34,1199,0.0014119542160064649,2.31598735918535e-11,1.7471126849621488e-06,0.9985862986481504,25,0,10
34,1200,0.0006719675641767671,1.0348894707357783e-11,9.91892378056515e-07,0.9993270405330987,25,0,10
34,1201,0.0010221451424264943,8.015932187366864e-11,3.149509710945871e-06,0.9989747052677054,25,0,10
34,1202,0.0006517775789021108,1.548952602547474e-11,1.0351289028302586e-06,0.9993471872767076,25,0,10
34,1203,0.0005997311523358663,1.1228047688769214e-11,7.908850483051102e-07,0.9993994779513894,25,0,10
34,1204,0.00036002926204434867,6.809224337023683e-12,4.883313191600377e-07,0.9996394823998286,25,0,10
34,1205,0.0010289197605880453,1.0148453806228013e-11,1.0040035349538099e-06,0.9989700762257293,25,0,10
34,1206,0.0013316623906276764,1.389822473424968e-11,1.344885842872317e-06,0.9986669927096322,25,0,10
34,1207,0.001812577486526504,1.615772863072378e-11,1.6745654935196525e-06,0.9981857479318232,25,0,10
34,1208,0.0008903241522072342,1.2763811608095878e-11,1.201330694668708e-06,0.9991084745043354,25,0,10
34,1209,0.0016198956400553157,1.9686029912937907e-11,1.674839558156844e-06,0.9983784295007022,25,0,10
34,1210,0.0018195042327205408,2.105888356256026e-11,1.915715444827016e-06,0.9981785800307769,25,0,10
34,1211,0.003128044911357784,1.855936325355554e-09,2.1187470277040616e-05,0.9968507657624295,25,0,10
34,1212,0.0034309503316284078,1.9209463132561208e-09,2.3787752197804492e-05,0.9965452599952284,25,0,10
34,1213,0.001896632395227031,8.396226447570228e-11,4.316231294825066e-06,0.9980990512895168,25,0,10
34,1214,0.002189450421099213,9.134587671289019e-11,5.439022597351963e-06,0.9978051104649585,25,0,10
34,1215,0.0029215107867104286,9.605430457552076e-11,7.91829200655902e-06,0.9970705708252297,25,0,10
34,1216,0.002447562264346129,8.912628065489129e-11,7.436106947550938e-06,0.997545001539581,25,0,10
34,1217,0.0018345625802255003,8.906677753432183e-11,6.046340121506732e-06,0.9981593909905871,25,0,10
34,1218,0.001639787109173546,8.295650731692744e-11,4.743881784825374e-06,0.9983554689260865,25,0,10
34,1219,0.001943965235725676,8.576370604941255e-11,5.114759188801311e-06,0.9980509199193232,25,0,10
34,1220,0.00324519194591792,8.951594475873297e-11,5.005229599329034e-06,0.9967498027349682,25,0,10
34,1221,0.0018527452606204693,1.685261852810879e-10,6.035033307743024e-06,0.9981412195375471,25,0,10
34,1222,0.0012890416182826379,7.73732799809992e-11,4.009768921076329e-06,0.9987069485354241,25,0,10
34,1223,0.001795618788971289,1.6552643964277482e-10,5.734018925012869e-06,0.9981986470265787,25,0,10
34,1224,0.0005159391947261619,7.408190089276777e-12,9.560588779949963e-07,0.9994831047389894,25,0,10
34,1225,0.006186990811312085,7.628844315511936e-12,4.369545382701439e-06,0.9938086396356779,25,0,10
34,1226,0.006049550387261384,5.307117613291954e-12,4.0197352144378236e-06,0.9939464298722194,25,0,10
34,1227,0.006072001489032388,7.1206176793684465e-12,4.069495056919926e-06,0.9939239290087921,25,0,10
34,1228,0.0013886822859832946,6.934279419522197e-11,2.820637815082935e-06,0.9986084970068609,25,0,10
34,1229,0.0017212552106878637,7.539990114394268e-11,3.274794444675314e-06,0.9982754699194699,25,0,10
34,1230,0.0015947269693706498,1.6321266174839058e-11,1.786826909800096e-06,0.9984034861873997,25,0,10
34,1231,0.011611260831880766,2.041836840474362e-11,6.067608346676777e-06,0.988382671539356,25,0,10
34,1232,0.011606543138918535,2.0471329951661695e-11,6.072699554750516e-06,0.9883873841410566,25,0,10
34,1233,0.011185647703451812,1.5099272437610324e-11,5.453549531944184e-06,0.9888088987319185,25,0,10
34,1234,0.010506719413029554,1.2971727761544551e-11,5.108070454854502e-06,0.9894881725035454,25,0,10
34,1235,0.0004749240869666414,1.2775129504632455e-11,9.120104752672692e-07,0.9995241638897842,25,0,10
34,1236,0.0006288350434151117,1.0040561441825607e-11,9.065614931410392e-07,0.9993702583850522,25,0,10
34,1237,0.0010261167860066032,7.384557993072604e-12,8.053455145008494e-07,0.9989730778610958,25,0,10
34,1238,0.0010577920460546563,9.568128303371925e-12,1.0401557187516792e-06,0.9989411677886596,25,0,10
34,1239,0.00082629606633515,1.5668405820697196e-11,1.0716943312730404e-06,0.9991726322236661,25,0,10
34,1240,0.000429673478773812,1.519747942465101e-11,9.082308146510666e-07,0.9995694182752151,25,0,10
34,1241,0.0004267041503518607,1.3151699852202136e-11,7.792781692828728e-07,0.9995725165583279,25,0,10
34,1242,0.0003699100953569851,1.5763506810420696e-11,7.204849146260607e-07,0.9996293694039656,25,0,10
34,1243,0.00043057539227786936,1.7738669608580512e-11,8.160371061885555e-07,0.9995686085528781,25,0,10
34,1244,0.0005299788698657193,1.886972489072157e-11,2.8124480907636224e-06,0.999467208663175,25,0,10
34,1245,0.0006305879937290086,1.5955488731043532e-11,1.2129073034085223e-06,0.9993681990830136,25,0,10
34,1246,0.010773175553688341,2.4772090690822648e-11,6.662562594683785e-06,0.9892201618589458,25,0,10
34,1247,0.010642579751930305,2.095371474490433e-11,5.574715630736934e-06,0.9893518455114865,25,0,10
34,1248,0.011151279430542924,2.6417472691759526e-11,6.0677386321109434e-06,0.9888426528044084,25,0,10
34,1249,0.011170157350222767,2.7197545098528344e-11,1.3290180913154937e-05,0.9888165524416678,25,0,10
34,1250,0.010919961511311804,2.5684041132928718e-11,7.640897369788495e-06,0.9890723975656363,25,0,10
34,1251,0.010657024007422364,1.7048020270933558e-11,7.0365062015490555e-06,0.9893359394693303,25,0,10
34,1252,0.0003669857027264412,9.097683299263756e-12,2.170614415923851e-06,0.9996308436737616,25,0,10
34,1253,0.001318964066753859,1.9505072027680007e-11,3.819936510116256e-06,0.9986772159772321,25,0,10
34,1254,0.001786314070829853,2.2369548563451384e-11,2.617052306696876e-06,0.9982110688544953,25,0,10
34,1255,0.0010896103749909207,1.4968321978736213e-11,1.2165525716308084e-06,0.9989091730574704,25,0,10
34,1256,0.0010933645924113846,1.494145285929028e-11,1.281965836858512e-06,0.9989053534268119,25,0,10
34,1257,0.001168425774577306,1.9136120094953637e-11,1.5069645708607785e-06,0.9988300672417166,25,0,10
34,1258,0.0011008646343031142,4.968587890264323e-11,1.4965435983157747e-06,0.9988976387724137,25,0,10
34,1259,0.0008450045838953468,1.602846657851813e-11,1.1190406247472035e-06,0.9991538763594527,25,0,10
34,1260,0.000831407360971096,1.432003637229059e-11,1.0583381821495336e-06,0.9991675342865278,25,0,10
34,1261,0.0008587406596295555,4.9077542591819426e-11,1.1961501599926934e-06,0.9991400631411335,25,0,10
34,1262,0.0003775275124825918,4.1185689363638984e-11,7.266411261240317e-07,0.9996217458052066,25,0,10
34,1263,0.0006798113688241572,4.3976479209894724e-11,1.0852675047149603e-06,0.9993191033196954,25,0,10
34,1264,0.0006123313899896762,1.1622389769113694e-11,8.08277280576854e-07,0.9993868603211087,25,0,10
34,1265,0.0004448135932739873,1.0989946509459325e-11,8.367835071855307e-07,0.9995543496122303,25,0,10
34,1266,0.000886458559858894,9.98855141803419e-12,9.730649082450765e-07,0.9991125683652452,25,0,10
34,1267,0.00041936544930060203,8.165261713356869e-12,6.446406635419308e-07,0.999579989901872,25,0,10
34,1268,0.003542506128548449,1.4894041796884366e-11,4.860312372190991e-06,0.9964526335441871,25,0,10
34,1269,0.003540476947446552,1.511786044695799e-11,4.871577827153222e-06,0.9964546514596102,25,0,10
34,1270,0.0006298623619685954,1.2753979512707368e-11,8.994212103364638e-07,0.9993692382040686,25,0,10
34,1271,0.00041978745489931095,1.0677504115008044e-11,7.988626988818745e-07,0.999579413671726,25,0,10
34,1272,0.0005006930847889712,1.2777548579862804e-11,1.0202415461933132e-06,0.9994982866608885,25,0,10
34,1273,0.0005575494040072322,2.162004824560033e-11,2.7602898974863195e-06,0.9994396902844764,25,0,10
34,1274,0.0004846321167658531,1.8384466235868437e-11,2.4699070992130486e-06,0.9995128979577521,25,0,10
34,1275,0.0004319790167272483,1.4351269104029845e-11,9.05001931088138e-07,0.9995671159669915,25,0,10
34,1276,0.0005065483090996571,1.8396701084503393e-11,1.0418896602477094e-06,0.9994924097828444,25,0,10
34,1277,0.0016849756154432075,1.42234977440784e-10,1.179993930345413e-05,0.9983032243030188,25,0,10
34,1278,0.0019028267261568185,1.427430405665415e-10,1.1949044535604244e-05,0.9980852240865657,25,0,10
34,1279,0.002069537408763573,1.3700860501511876e-10,1.1885036974930962e-05,0.9979185774172536,25,0,10
34,1280,0.0039474262012281006,2.0360465872809612e-11,6.471586973792064e-06,0.9960461021914387,25,0,10
34,1281,0.0014118726050653056,1.685431508999784e-11,2.8678792139794606e-06,0.9985852594988678,25,0,10
34,1282,0.00103962563508869,9.480490952124642e-12,9.631259419402935e-07,0.9989594112294907,25,0,10
34,1283,0.000889471036766942,1.0555610104697403e-11,9.53736511713754e-07,0.9991095752161673,25,0,10
34,1284,0.000870337512557242,1.0561139809569364e-11,9.605417432397593e-07,0.9991287019351397,25,0,10
34,1285,0.0017120124692671104,4.517854499251858e-11,5.180196914582488e-06,0.9982828072886416,25,0,10
34,1286,0.0016560082071869129,4.16160555755015e-11,4.97627530598317e-06,0.9983390154758928,25,0,10
34,1287,0.000532389690106614,1.4254511956748522e-11,1.0644825720087128e-06,0.9994665458130682,25,0,10
34,1288,0.00046556253537931004,1.0713048400090574e-11,8.732429493135362e-07,0.9995335642109598,25,0,10
34,1289,0.0004560385165522937,9.711111766696902e-12,5.14828183575605e-06,0.9995388131919024,25,0,10
34,1290,0.00034609526675848866,1.0554585486845205e-11,5.392585442740748e-07,0.9996533654641442,25,0,10
34,1291,0.00036841165447071197,1.279451748314064e-11,6.628383221806409e-07,0.9996309254944146,25,0,10
34,1292,0.00035453243886824666,1.1416027211929171e-11,5.93478348863834e-07,0.9996448740713682,25,0,10
34,1293,0.003698415386974261,3.1941673222896463e-09,9.900158519178954e-05,0.996202579833668,25,0,10
34,1294,0.003926306256089255,3.1954611540059253e-09,9.923250966844986e-05,0.9959744580387825,25,0,10
34,1295,0.004100410790064841,3.199232324050089e-09,9.966271425896688e-05,0.9957999232964443,25,0,10
34,1296,0.004121853664364464,3.2006271616699988e-09,9.973056962726698e-05,0.9957784125653815,25,0,10
34,1297,0.0041195907104786145,3.197557815863362e-09,9.980907913586745e-05,0.9957805970128288,25,0,10
34,1298,0.0008139236859065797,1.2875833606131865e-11,1.8721260039661612e-06,0.9991842041752151,25,0,10
34,1299,0.000889799745916343,1.590114561818989e-11,2.0629882165768947e-06,0.9991081372499666,25,0,10
34,1300,0.0008807051901315448,1.457570072704259e-11,2.0042599763783e-06,0.9991172905353172,25,0,10
34,1301,0.0008665210098752895,1.5170588503010574e-11,2.0930256562456057e-06,0.999131385949299,25,0,10
34,1302,0.000653692064812669,1.326808984965901e-11,1.1171401758477485e-06,0.9993451907817449,25,0,10
34,1303,0.0011188849330863347,1.6396858548253822e-11,1.5653278538813939e-06,0.998879549722664,25,0,10
34,1304,0.0007043125589481869,7.555767915672081e-12,1.1034084537280188e-06,0.9992945840250439,25,0,10
34,1305,0.0011294527768239352,1.080263288390815e-11,2.324999771225329e-06,0.9988682222126024,25,0,10
34,1306,0.0009281119955381305,1.0536143312880042e-11,1.1796044289869423e-06,0.9990707083894981,25,0,10
34,1307,0.0006964009005877278,1.3697813138830123e-11,1.2092011233496617e-06,0.9993023898845924,25,0,10
34,1308,0.001106993541641578,2.2462731660686958e-11,1.496000535148983e-06,0.9988915104353613,25,0,10
34,1309,0.0009359912449472094,1.727927132098227e-09,1.5458242555044006e-06,0.9990624612028709,25,0,10
34,1310,0.0010683741913512519,1.7258233387941805e-09,1.289059328311778e-06,0.9989303350234983,25,0,10
34,1311,0.001057315252444755,1.7241993676759194e-09,1.2881802094880548e-06,0.9989413948431478,25,0,10
34,1312,0.0012839962632803963,1.725202711821286e-09,1.419881252420233e-06,0.9987145821302655,25,0,10
34,1313,0.0009093133958575505,1.727892731153985e-09,1.4541398790924444e-06,0.999089230736372,25,0,10
34,1314,0.000912411402056442,1.727954378052903e-09,1.4645688750464286e-06,0.9990861223011156,25,0,10
34,1315,0.0009628954685830156,1.667208315123932e-11,1.4601163399187244e-06,0.9990356443984065,25,0,10
34,1316,0.0011994738271548359,2.2366845808723784e-11,1.6623810390990039e-06,0.99879886376944,25,0,10
34,1317,0.0014759606153148801,2.983011622998283e-11,5.498035510791236e-06,0.9985185413193455,25,0,10
34,1318,0.001176521150199617,2.0800887298542663e-11,3.436026925647237e-06,0.9988200428020753,25,0,10
34,1319,0.0009353142454053617,1.821270670189692e-11,3.21824532990509e-06,0.9990614674910532,25,0,10
34,1320,0.001156327652103105,7.785838103889868e-11,1.4733565660957517e-06,0.9988421989134738,25,0,10
34,1321,0.0012379472817543491,8.462322545717087e-11,1.7787316600918326e-06,0.9987602739019641,25,0,10
34,1322,0.0007632761043128323,2.45130982579283e-11,1.53773852830925e-06,0.9992351861326471,25,0,10
34,1323,0.0009519731380585729,3.069836567986023e-11,2.258802629598333e-06,0.999045768028614,25,0,10
34,1324,0.0069606570298503655,3.169201188914623e-11,6.062015606633849e-06,0.9930332809228518,25,0,10
34,1325,0.0007357176674764827,1.8739195611582408e-11,1.6883778817296832e-06,0.9992625939359039,25,0,10
34,1326,0.000666639033728822,1.2425950682361958e-11,1.422539687431796e-06,0.9993319384141591,25,0,10
34,1327,0.0007377042925209369,1.1560121168048825e-11,1.270647356221439e-06,0.9992610250485643,25,0,10
34,1328,0.0018002900542688435,2.5224633616429653e-11,2.334113481428097e-06,0.9981973758070265,25,0,10
34,1329,0.0014490713738709432,1.795153371944521e-11,1.714311796215655e-06,0.9985492142963827,25,0,10
34,1330,0.001599975719404349,1.8497359968040884e-11,1.653361841262287e-06,0.9983983709002573,25,0,10
34,1331,0.0018812671342442965,2.1573469730112246e-11,1.9558996096146985e-06,0.9981167769445733,25,0,10
34,1332,0.001263816300149008,1.7669316267713456e-11,1.6412124222102861e-06,0.9987345424697602,25,0,10
34,1333,0.0008306857664825889,1.5737506368317813e-11,1.3650920762010857e-06,0.999167949125704,25,0,10
34,1334,0.0005563577291263721,1.256609012632597e-11,1.1099773340073521e-06,0.9994425322809743,25,0,10
34,1335,0.00155741250324501,1.4196112908999867e-11,1.4365697464584726e-06,0.9984411509128137,25,0,10
34,1336,0.0006470790445464391,1.1964521213811086e-11,9.424952302185426e-07,0.9993519784482606,25,0,10
34,1337,0.0008862575997070192,1.3591717035544582e-11,1.2080371988724418e-06,0.9991125343495042,25,0,10
34,1338,0.0006579585260508334,1.0168096200346209e-11,1.0514753907157952e-06,0.9993409899883923,25,0,10
34,1339,0.00040072567773427126,7.318596985606747e-12,7.820228667817083e-07,0.999598492292082,25,0,10
34,1340,0.0004019232431909302,7.881742991126319e-12,7.871255578939106e-07,0.9995972896233707,25,0,10
34,1341,0.0005794997745317032,8.785106537003692e-12,8.126439489527026e-07,0.9994196875727351,25,0,10
34,1342,0.0006092680169184769,1.4569420990374593e-11,9.728299286470616e-07,0.9993897591385843,25,0,10
34,1343,0.0004575113622344641,1.4561497821170846e-11,9.710329310219738e-07,0.9995415175902741,25,0,10
34,1344,0.0006163089199928357,1.601870345825038e-11,1.0107412483375422e-06,0.9993826803227421,25,0,10
34,1345,0.0008290085609937659,1.7618459136492047e-11,1.1914165241198388e-06,0.9991698000048659,25,0,10
34,1346,0.0003624297782131548,1.0389423186735462e-11,6.269798042360932e-07,0.9996369432315959,25,0,10
34,1347,0.0006126825778049278,1.3775969753667882e-11,8.778895884466977e-07,0.9993864395188328,25,0,10
34,1348,0.0008671062578592659,1.3982053150654317e-11,1.9227215981357396e-06,0.999130971006562,25,0,10
34,1349,0.001098376287174263,2.1353090723574453e-11,2.6008102015621302e-06,0.9988990228812724,25,0,10
34,1350,0.0009039801532487113,2.2739955928871832e-11,2.5606681206330384e-06,0.9990934591558911,25,0,10
34,1351,0.0006005760968391521,1.411587824630215e-11,1.6973798391067194e-06,0.9993977265092066,25,0,10
34,1352,0.0007028286068355297,1.0208992537068727e-11,1.885102712099193e-06,0.9992952862802451,25,0,10
34,1353,0.0006930137584933026,1.0197705597989977e-11,1.8641533076808303e-06,0.9993051220780028,25,0,10
34,1354,0.0006191637403011285,1.1039768452051941e-11,1.3757449286516342e-06,0.9993794605037323,25,0,10
34,1355,0.00046161817608854024,1.1763021714081471e-11,8.780668009222625e-07,0.9995375037453492,25,0,10
34,1356,0.0007830804032381734,2.80495647348512e-11,1.587907258928108e-06,0.9992153316614553,25,0,10
34,1357,0.0007331963037828505,2.940374086670122e-11,1.5649699507836453e-06,0.9992652386968643,25,0,10
34,1358,0.0010499387040793097,2.7762205126071272e-11,1.393175641093142e-06,0.998948668092519,25,0,10
34,1359,0.0008186332816098593,2.365111890852246e-11,1.2747253745221236e-06,0.9991800919693664,25,0,10
34,1360,0.0005937783021738071,2.5458212735701206e-11,1.2470015198795836e-06,0.9994049746708498,25,0,10
34,1361,0.010778574510468404,2.4666969317601204e-11,4.597299885197672e-06,0.9892168281649816,25,0,10
34,1362,0.010707667273828643,1.5222346805190656e-11,4.267548056506753e-06,0.989288065162894,25,0,10
34,1363,0.0005044629169237163,8.220894719731078e-12,7.709697846356384e-07,0.9994947661050724,25,0,10
34,1364,0.0009422146438249355,1.9803472438372653e-11,2.2344482669394075e-06,0.999055550888106,25,0,10
34,1365,0.0007426242160856377,1.464658062145286e-11,1.3788610154704616e-06,0.9992559969082536,25,0,10
34,1366,0.0014529062355772603,8.056815654254259e-11,4.230921327780523e-06,0.9985428627625278,25,0,10
34,1367,0.000960722587723683,1.327116918966862e-11,1.2296945159868518e-06,0.9990380477044907,25,0,10
34,1368,0.0009252358161584539,1.6913012500916384e-11,1.3009652848600006e-06,0.9990734632016447,25,0,10
34,1369,0.0011171552275770916,8.06552261389031e-11,1.6539592035087994e-06,0.9988811907325653,25,0,10
34,1370,0.001704218526356247,8.845297236655417e-11,5.150018165365031e-06,0.998290631367026,25,0,10
34,1371,0.0012272112760842524,1.0738295360698098e-10,4.505345599843216e-06,0.9987682832709336,25,0,10
34,1372,0.0013400293995102421,1.0106096995123149e-10,1.2361361074455422e-06,0.9986587343633224,25,0,10
34,1373,0.0011130129568548757,1.0997914671642134e-11,3.3670652039961137e-06,0.998883619966945,25,0,10
34,1374,0.0009264027536941759,1.2021549218706643e-11,1.034310187169105e-06,0.999072562924099,25,0,10
34,1375,0.0011550654989253579,8.580565969083971e-12,1.0545245667656839e-06,0.9988438799679291,25,0,10
34,1376,0.0007799341459419072,1.181984324931259e-11,1.2003942784617547e-06,0.9992188654479616,25,0,10
34,1377,0.0013755675680350886,1.8675049408426233e-11,1.9957486957928147e-06,0.9986224366645955,25,0,10
34,1378,0.0013098204839456847,2.2179101353322883e-11,2.0546977070149237e-06,0.9986881247961699,25,0,10
34,1379,0.0009417740519758908,1.5297407302141458e-11,1.5601715448600466e-06,0.9990566657611839,25,0,10
34,1380,0.00124786366162959,1.1263104108215727e-10,3.492224087897967e-06,0.9987486440016521,25,0,10
34,1381,0.0007199649178901804,1.0742108220545133e-10,2.9321636219084955e-06,0.9992771028110674,25,0,10
34,1382,0.0007011463643896681,1.0325500804068644e-10,2.7473212160207437e-06,0.9992961062111402,25,0,10
34,1383,0.0007810279938547483,1.0641786973152442e-10,2.9986122397486615e-06,0.9992159732874888,25,0,10
34,1384,0.0007957568012073208,1.0540685128425551e-10,2.9765815448377024e-06,0.9992012665118417,25,0,10
34,1385,0.0007964597754661633,1.0695796559819761e-10,3.0061470555108337e-06,0.9992005339705213,25,0,10
34,1386,0.0007236872958797979,1.6454012905688022e-11,1.3521522597399342e-06,0.9992749605354078,25,0,10
34,1387,0.0006031224497057218,1.2493263913427313e-11,2.326512144440557e-06,0.9993945510256579,25,0,10
34,1388,0.0006565934022795121,1.3755647887400853e-11,2.5359470389069892e-06,0.9993408706369267,25,0,10
34,1389,0.0011054837176186032,1.4770885175354404e-11,2.6969181583567855e-06,0.9988918193494531,25,0,10
34,1390,0.0006382731683811184,9.067964388829981e-12,9.361200139880417e-07,0.9993607907025379,25,0,10
34,1391,0.0008827461413684755,1.4256799313676107e-11,1.3004807812818804e-06,0.9991159533635944,25,0,10
34,1392,0.0008276846034426656,1.0665660988406424e-11,1.011805237142609e-06,0.9991713035806552,25,0,10
34,1393,0.0006168289701103759,9.464850636646616e-12,8.116197965310395e-07,0.9993823594006289,25,0,10
34,1394,0.00103112802071512,1.066315136539233e-11,9.070979125948294e-07,0.9989679648707095,25,0,10
34,1395,0.001272492736104133,1.2193446092002122e-11,1.0686100669186031e-06,0.9987264386416363,25,0,10
34,1396,0.00043521695884937207,1.2779160389360435e-11,8.626826865850308e-07,0.9995639203456854,25,0,10
34,1397,0.0006914099700118363,7.666577060067118e-11,4.098295487011821e-06,0.9993044916578362,25,0,10
34,1398,0.0006527873171853392,7.631680486350067e-11,4.78168674979417e-06,0.999342430919749,25,0,10
34,1399,0.0008591640823643414,7.724190722159443e-11,4.897982784272194e-06,0.9991359378576111,25,0,10
34,1400,0.0003778079139270373,4.02893245390929e-11,1.5455615502115553e-06,0.9996206464842355,25,0,10
34,1401,0.00042178748678675936,3.981093655783214e-11,1.5612442317796411e-06,0.9995766512291726,25,0,10
34,1402,0.001343136817224867,4.2280693520137064e-11,2.0586608411347287e-06,0.9986548044796547,25,0,10
34,1403,0.001267811500365807,4.148088046857649e-11,1.9139027874139607e-06,0.9987302745553673,25,0,10
34,1404,0.00149376217607672,4.2543880541356055e-11,4.0794163658133865e-06,0.9985021583650147,25,0,10
34,1405,0.0008226593172517653,4.2669359548340327e-11,3.860419147149498e-06,0.9991734802209327,25,0,10
34,1406,0.0009395083872353109,1.651203624391426e-11,4.165428644681894e-06,0.9990563261676093,25,0,10
34,1407,0.0007088992764218133,1.474538048751322e-11,1.2452551005999572e-06,0.9992898554537336,25,0,10
34,1408,0.0006911457669137733,1.4202646137622952e-11,4.131209803581353e-06,0.9993047230090812,25,0,10
34,1409,0.0038033404969931043,2.894554183749411e-10,1.5258119517005156e-05,0.9961814010940359,25,0,10
34,1410,0.0037393183937264774,2.872814986163918e-10,1.5061052349580944e-05,0.9962456202666441,25,0,10
34,1411,0.0006364278550994198,1.2021684690897785e-11,3.958272373012719e-06,0.9993596138605073,25,0,10
34,1412,0.0006354961733170131,1.203263341059712e-11,3.9381531994156535e-06,0.9993605656614521,25,0,10
34,1413,0.0013247297283339075,1.4272058221064255e-11,4.322396794015432e-06,0.9986709478606017,25,0,10
34,1414,0.0013167451758829551,1.4061238619768396e-11,4.308468921647513e-06,0.9986789463411363,25,0,10
34,1415,0.0007663864603130587,1.4198566196875331e-11,1.3643983963738224e-06,0.9992322491270944,25,0,10
34,1416,0.0004684114267449068,9.371889536697791e-12,9.994080488350992e-07,0.9995305891558363,25,0,10
34,1417,0.0006578405319402353,1.055618031368883e-11,9.575551626877606e-07,0.9993412019023417,25,0,10
34,1418,0.000595825765417127,8.502970079279581e-12,1.0685885572804455e-06,0.9994031056375237,25,0,10
34,1419,0.0008685066144177931,9.540682918286703e-12,1.5257306684730382e-06,0.9991299676453745,25,0,10
34,1420,0.0008652515686124988,8.687347818742651e-12,1.457644639571293e-06,0.9991332907780623,25,0,10
34,1421,0.0014428550600625529,1.367916912410996e-11,2.137814609681034e-06,0.9985550071116498,25,0,10
34,1422,0.0005246875254259882,1.1514924874968534e-11,1.1099402530851206e-06,0.9994742025228066,25,0,10
34,1423,0.0004786196318709502,8.726057577643459e-12,9.1702814934893e-07,0.9995204633312545,25,0,10
34,1424,0.0006997545426989491,1.5006183986438977e-11,1.170337567231351e-06,0.999299075104729,25,0,10
34,1425,0.0007006458526457237,1.482541250099937e-11,1.1370210750699924e-06,0.9992982171114545,25,0,10
34,1426,0.0008087092337415744,1.5424600196491452e-11,1.0556582864344567e-06,0.9991902350925485,25,0,10
34,1427,0.020959358308803817,2.1609043034745176e-11,6.54325507199594e-06,0.9790340984145164,25,0,10
34,1428,0.02079594295250076,2.1716966751754006e-11,6.590616663982506e-06,0.9791974664091192,25,0,10
34,1429,0.02080301475972766,2.0563015228077935e-11,6.556414160781982e-06,0.9791904288055495,25,0,10
34,1430,0.02113148232927248,1.953497340356351e-11,6.662283350945833e-06,0.9788618553678422,25,0,10
34,1431,0.020459224401995723,1.5520333764604564e-11,6.348687930543266e-06,0.9795344268945546,25,0,10
34,1432,0.02040551862373976,1.46578852418819e-11,6.2041854739552016e-06,0.9795882771761301,25,0,10
34,1433,0.020943722833206172,1.9120386930716145e-11,7.041206870055539e-06,0.9790492359408052,25,0,10
34,1434,0.000623805754330423,1.3316309472268052e-11,1.187618502518181e-06,0.9993750066138527,25,0,10
34,1435,0.0008459420313454429,1.3872480708678181e-11,1.3318847182108525e-06,0.9991527260700647,25,0,10
34,1436,0.0011578157393580999,1.3111152205107128e-11,1.5589300547535692e-06,0.998840625317477,25,0,10
34,1437,0.0009730824444003226,9.86644465236556e-12,1.1520159574905955e-06,0.9990257655297767,25,0,10
34,1438,0.0008614795189941128,1.2568209781369743e-11,1.3981264491585596e-06,0.9991371223419894,25,0,10
34,1439,0.0006258113079616859,1.2420334083502105e-11,1.286790055267902e-06,0.999372901889564,25,0,10
34,1440,0.0008478382509233081,1.6480254373730853e-11,1.5563274734979561e-06,0.9991506054051245,25,0,10
34,1441,0.0009125432094166587,1.620307384335502e-11,2.563421436439965e-06,0.9990848933529456,25,0,10
34,1442,0.0008811670673869163,1.3770844028671024e-11,2.358333240358821e-06,0.9991164745856032,25,0,10
34,1443,0.0008988803239232776,1.3859362895914914e-11,1.175494028409186e-06,0.9990999441681904,25,0,10
34,1444,0.001134376071580508,1.7124628667725446e-11,2.938420801200894e-06,0.9988626854904946,25,0,10
34,1445,0.0010693863013669144,1.5849680043848206e-11,1.1808679591342258e-06,0.9989294328148256,25,0,10
34,1446,0.0013727129008951223,1.7963917993022526e-11,3.1035592013600753e-06,0.9986241835219394,25,0,10
34,1447,0.0008452789680816906,8.184615854984702e-12,1.7196551548108324e-06,0.9991530013685797,25,0,10
34,1448,0.0008334673426561642,9.979006114500755e-12,1.7832132936259088e-06,0.9991647494340719,25,0,10
34,1449,0.0003575506123215279,6.864129984257286e-12,1.4829721632232073e-06,0.9996409664086524,25,0,10
34,1450,0.01041486501191199,1.266821431772056e-11,4.1319373066719095e-06,0.9895810030381149,25,0,10
34,1451,0.00033475789378400696,6.228779194131946e-12,4.548398811533795e-07,0.9996647872601082,25,0,10
34,1452,0.000327658124919487,8.519720825913858e-12,5.397922867499629e-07,0.9996718020742756,25,0,10
34,1453,0.0003347603043885773,8.663798181913135e-12,5.468045373045751e-07,0.9996646928824117,25,0,10
34,1454,0.0005286913494597336,1.6846628348901132e-11,2.726936734095838e-06,0.9994685816969607,25,0,10
34,1455,0.0009021505499910036,1.8774702751061605e-11,2.4249227632402376e-06,0.9990954245084724,25,0,10
34,1456,0.0005485160861731661,1.446670488477866e-11,1.911637109550978e-06,0.9994495722622522,25,0,10
34,1457,0.0012179875300750906,1.65383180726861e-11,2.286885539531552e-06,0.9987797255678486,25,0,10
34,1458,0.000413803286541518,1.6293142326173462e-11,1.6283739542367168e-06,0.9995845683232123,25,0,10
34,1459,0.0006299196483895063,1.4126715372390013e-11,1.695364075003679e-06,0.9993683849734097,25,0,10
34,1460,0.0006221798526889748,1.463910860664504e-11,1.8070286616339554e-06,0.9993760131040114,25,0,10
34,1461,0.00033076051912309064,8.743141393626104e-12,6.728880531777754e-07,0.9996685665840817,25,0,10
34,1462,0.0005083550328455487,1.1040233931208624e-11,1.0513259428322887e-06,0.9994905936301722,25,0,10
34,1463,0.0005112999586690761,1.2179222943795492e-11,1.0438574639808354e-06,0.9994876561716884,25,0,10
34,1464,0.0004977351688205495,7.384428687543803e-12,9.11121921472847e-07,0.9995013537018754,25,0,10
34,1465,0.00038134208156238056,6.346643392991643e-12,7.133090470538104e-07,0.9996179446030452,25,0,10
34,1466,0.00040083370039793135,1.5079856163039207e-11,8.914779839825478e-07,0.9995982748065394,25,0,10
34,1467,0.00036270182934405225,1.1948603310696256e-11,6.975595770807254e-07,0.9996366005991315,25,0,10
34,1468,0.0039142750288965675,1.810737968651732e-11,5.3761363635480896e-06,0.9960803488166334,25,0,10
34,1469,0.00460916943345758,2.0791712570771512e-11,5.802024876781437e-06,0.9953850285208748,25,0,10
34,1470,0.0050892404717659875,2.4712729089916074e-11,6.0743944693497035e-06,0.9949046851090526,25,0,10
34,1471,0.004229911465643462,2.2443960327640654e-11,5.72010150781452e-06,0.995764368410406,25,0,10
34,1472,0.0013268219916986413,2.4953414672729537e-11,2.066125917181585e-06,0.9986711118574324,25,0,10
34,1473,0.0016100535808516495,2.8504332404300304e-11,3.856566133072881e-06,0.9983860898245119,25,0,10
34,1474,0.0009690178984864514,2.1470524733457957e-11,3.1270675057767024e-06,0.9990278550125385,25,0,10
34,1475,0.0004265428879879052,1.0380822852955882e-11,8.331339315825188e-07,0.9995726239677012,25,0,10
34,1476,0.0010747349286895954,7.460830557740615e-11,3.1892139429555106e-06,0.9989220757827608,25,0,10
34,1477,0.000426572193796212,9.526103903428445e-12,9.433059220320315e-07,0.999572484490757,25,0,10
34,1478,0.0007102976440087739,1.404925151805984e-11,1.2003113175955515e-06,0.9992885020306254,25,0,10
34,1479,0.0005767733901086462,1.1839170932264803e-11,8.531029219094478e-07,0.9994223734951313,25,0,10
34,1480,0.0005844489744156401,1.1987774043887702e-11,8.351487959803842e-07,0.999414715864802,25,0,10
34,1481,0.0006595184913581689,1.6284434372586512e-11,1.9394324087341085e-06,0.9993385420599498,25,0,10
34,1482,0.00045155583016361095,1.504096861939988e-11,4.174421272497864e-06,0.999544269733524,25,0,10
34,1483,0.0005196793624889056,1.5223567877032786e-11,4.22479626777744e-06,0.9994760958260206,25,0,10
34,1484,0.002325484701327083,1.0884193012441112e-10,1.0172686840204108e-05,0.9976643425029917,25,0,10
34,1485,0.0006122810728058876,1.607359940686252e-11,3.5693533910200456e-06,0.9993841495577306,25,0,10
34,1486,0.0005548701704851454,1.4095446028351798e-11,3.458234290160266e-06,0.9994416715811302,25,0,10
34,1487,0.008447130459193436,2.326610104484262e-11,1.3875641076573878e-05,0.9915389938764645,25,0,10
34,1488,0.008368300310230021,1.8949669931944116e-11,1.368439851175678e-05,0.9916180152723097,25,0,10
34,1489,0.008370075070775527,2.0560136002087444e-11,1.3790720532965536e-05,0.9916161341881313,25,0,10
34,1490,0.00912480954337638,1.4394076327848638e-10,1.5817282606766705e-05,0.9908593730300761,25,0,10
34,1491,0.00916247116983257,1.418625195422368e-10,1.60987193123303e-05,0.9908214299689935,25,0,10
34,1492,0.008476521379159295,1.8410719398966405e-11,1.4037421797869332e-05,0.9915094411806336,25,0,10
34,1493,0.00855850013225787,2.2724216771243083e-11,1.4312644017053907e-05,0.9914271872010016,25,0,10
34,1494,0.0007783538930254632,1.3383055186390151e-11,1.4899827515120646e-06,0.999220156110841,25,0,10
34,1495,0.0007071956210402253,1.493907664425352e-11,1.3839233619712848e-06,0.9992914204406591,25,0,10
34,1496,0.0007005208832987161,1.479013274600809e-11,1.2372225375609799e-06,0.9992982418793743,25,0,10
34,1497,0.0013960353892415276,2.1622407220826914e-11,1.7682163593047068e-06,0.9986021963727773,25,0,10
34,1498,0.00102384382477308,1.454850047717522e-11,1.095068060706233e-06,0.998975061092619,25,0,10
34,1499,0.000562591422470622,9.797309652145518e-12,7.688067502764973e-07,0.9994366397609836,25,0,10
34,1500,0.0005864365424453349,1.0416518010427664e-11,7.734956359616896e-07,0.9994127899515035,25,0,10
34,1501,0.0006311994324324167,1.3594966992290017e-11,9.709125649029612e-07,0.9993678296414081,25,0,10
34,1502,0.0007159193524480384,1.3830141613019354e-10,1.3056803314140288e-06,0.9992827748289197,25,0,10
34,1503,0.0012746338546096032,1.9689971769858607e-11,3.4016994089542317e-06,0.9987219644262911,25,0,10
34,1504,0.0005875841929041686,1.51163311467443e-11,3.0583005805719946e-06,0.9994093574913989,25,0,10
34,1505,0.0008468047431252647,1.3180693383227313e-11,3.050423756267554e-06,0.9991501448199382,25,0,10
34,1506,0.0005545483808209025,1.0890402040767616e-11,1.0167604312519263e-06,0.9994444348478579,25,0,10
34,1507,0.0005697009387062802,1.301507256027188e-11,1.0696569371707742e-06,0.999429229391342,25,0,10
34,1508,0.00051751841100049,1.3380387200449879e-11,1.099049273296539e-06,0.9994813825263473,25,0,10
34,1509,0.000845977061762643,1.6375989049457727e-11,1.347578355418058e-06,0.9991526753435075,25,0,10
34,1510,0.0005537276984535353,1.578831684614804e-11,1.0977233547878593e-06,0.9994451745624044,25,0,10
34,1511,0.00048587895963718783,1.911288105907257e-11,1.147013312556514e-06,0.9995129740079376,25,0,10
34,1512,0.0004288656492075768,1.5992760409629715e-11,9.841785770610172e-07,0.9995701501562227,25,0,10
34,1513,0.0004286128660538398,1.4301661672301768e-11,9.905784722370614e-07,0.9995703965411731,25,0,10
34,1514,0.0003622107090397153,1.3315396088840822e-11,7.678890953087912e-07,0.9996370213885502,25,0,10
34,1515,0.0003470046752243022,1.3149918090446645e-11,7.682994893105093e-07,0.9996522270121375,25,0,10
34,1516,0.004421828801026426,1.0283028579548772e-10,8.266425358906105e-05,0.9954955068425554,25,0,10
34,1517,0.0008778028387371713,1.1770725864742015e-11,1.018365676997831e-06,0.9991211787838165,25,0,10
34,1518,0.0008725434087261907,1.0662432252376977e-11,9.913345459326758e-07,0.9991264652460672,25,0,10
34,1519,0.0008934139921530969,1.3786479886113105e-11,1.1074375940304442e-06,0.9991054785564678,25,0,10
34,1520,0.0003484350706647232,7.941264482711982e-12,5.010156653568515e-07,0.9996510639057302,25,0,10
34,1521,0.00034847836694208543,7.961127668618597e-12,5.039425483539455e-07,0.9996510176825497,25,0,10
34,1522,0.0005944266944153821,7.210298429377501e-11,2.8260005945206906e-06,0.9994027472328884,25,0,10
34,1523,0.0008522912134504711,7.842401676955934e-11,3.3966925327515254e-06,0.9991443120155934,25,0,10
34,1524,0.0004901121925150792,1.5392764331690343e-11,1.258708084210794e-06,0.9995086290840095,25,0,10
34,1525,0.0005053179925503695,4.5273779608700673e-11,1.0633737992640055e-06,0.9994936185883782,25,0,10
34,1526,0.0005380374966873136,1.1052677706157647e-11,1.067072598251785e-06,0.9994608954196625,25,0,10
34,1527,0.0004830158661993683,1.1196382872370132e-11,9.974639821589804e-07,0.999515986658623,25,0,10
34,1528,0.0009538263801041197,9.42292103595901e-12,1.2295918987565235e-06,0.9990449440185754,25,0,10
34,1529,0.0008500228049077783,1.5044775115500448e-11,1.5092208413031906e-06,0.9991484679592076,25,0,10
34,1530,0.0012444628673124725,2.0140533016701803e-11,1.670142361183815e-06,0.9987538669701874,25,0,10
34,1531,0.0019356634827155663,1.66254659547237e-11,3.9761007970937125e-06,0.9980603603998632,25,0,10
34,1532,0.00129941829763652,1.6976907757688873e-11,4.5458194280454386e-06,0.99869603586596,25,0,10
34,1533,0.00040333092830607375,8.737444553737592e-12,8.476239706052378e-07,0.9995958214389872,25,0,10
34,1534,0.0006886287146522867,1.270617788572416e-11,1.207795456573134e-06,0.9993101634771862,25,0,10
34,1535,0.00045149140593550184,1.0993637368003042e-11,1.0252803417899568e-06,0.9995474833027302,25,0,10
34,1536,0.0005078445033934383,9.000693408916428e-12,1.0028195636736822e-06,0.9994911526680434,25,0,10
34,1537,0.00044224771440710443,8.905159804899072e-12,8.035585365973638e-07,0.9995569487181524,25,0,10
34,1538,0.0008238704082057409,7.78499885930087e-12,8.22518685781831e-07,0.9991753070653249,25,0,10
34,1539,0.0008309751308203008,9.43577881696237e-12,8.816499422558007e-07,0.9991681432098027,25,0,10
34,1540,0.001280491282529331,1.1579895400643625e-11,1.1954398538359127e-06,0.9987183132660382,25,0,10
34,1541,0.0005953969719644836,1.0401141915253522e-11,7.549296293227476e-07,0.9994038480880065,25,0,10
34,1542,0.01652440417461386,8.352010040607604e-11,9.929507744299389e-06,0.9834656662341232,25,0,10
34,1543,0.0006280671435644658,1.0592775270841289e-11,7.499078831189429e-07,0.9993711829379612,25,0,10
34,1544,0.0004141489758389982,7.693559349064812e-12,5.498194105143949e-07,0.9995853011970588,25,0,10
34,1545,0.00038161334333732796,8.649046864679696e-12,5.696711558417411e-07,0.9996178169768594,25,0,10
34,1546,0.0006108012688480122,7.482082100073404e-12,6.310550340840996e-07,0.9993885676686376,25,0,10
34,1547,0.0008923118626723882,9.605355009458332e-12,9.974554206884775e-07,0.9991066906723028,25,0,10
34,1548,0.0008711640668256926,1.2666905780074121e-11,1.176693235209067e-06,0.9991276592272738,25,0,10
34,1549,0.0011767250131436966,2.207309820407689e-11,1.6356324320631003e-06,0.9988216393323526,25,0,10
34,1550,0.0004506869628007416,1.264257786275165e-11,9.4725196188776e-07,0.9995483657725961,25,0,10
34,1551,0.0008389858583565672,1.0127716761727696e-11,1.008187656552578e-06,0.9991600059438607,25,0,10
34,1552,0.0007711174352663789,7.792974521475476e-12,7.859720464337973e-07,0.999228096584895,25,0,10
34,1553,0.0013017018961063178,1.2426701757978353e-11,1.8691316764315626e-06,0.9986964289597914,25,0,10
34,1554,0.001099117135011722,1.5328147238542856e-11,2.121980168961357e-06,0.9988987608694917,25,0,10
34,1555,0.0003918606065140956,8.421321302944485e-12,6.524276172216943e-07,0.9996074869574489,25,0,10
34,1556,0.00034530454294711007,6.717515284472554e-12,5.738227692790993e-07,0.9996541216275676,25,0,10
34,1557,0.0005896070655585175,9.885745503290963e-12,8.933807980857218e-07,0.9994094995437589,25,0,10
34,1558,0.0007087611974612607,1.2076119434405574e-11,1.1621273383370259e-06,0.9992900766631259,25,0,10
34,1559,0.0008772274146070728,1.1396643834842068e-11,1.4173879194938823e-06,0.9991213551860783,25,0,10
34,1560,0.0011328422577918473,1.511725347906495e-11,3.1029180019232913e-06,0.9988640548090899,25,0,10
34,1561,0.0011858308080380828,1.5902272438426702e-11,2.8798815675523425e-06,0.998811289294493,25,0,10
34,1562,0.0010075397566084278,1.6986598589299267e-11,2.7720679129072233e-06,0.9989896881584923,25,0,10
34,1563,0.0010690141520056352,4.71712343478695e-11,3.810679413879277e-06,0.998927175121409,25,0,10
34,1564,0.008946048799582714,5.0459558203944847e-11,9.84804168693788e-06,0.9910441031082712,25,0,10
34,1565,0.009272413791410921,4.7821767594426427e-11,9.694337232560091e-06,0.9907178918235361,25,0,10
34,1566,0.0088001536967705,7.87578582619646e-11,1.1520250600142608e-05,0.9911883259738724,25,0,10
34,1567,0.00856004326772784,8.099361331987725e-11,1.3582868064572484e-05,0.9914263737832152,25,0,10
34,1568,0.008739195645846376,8.092982252826414e-11,1.3111613012837244e-05,0.9912476926602125,25,0,10
34,1569,0.0005854498196214484,1.5312484205796384e-11,3.1570295076256054e-06,0.999411393135559,25,0,10
34,1570,0.0008726535976553157,1.2205724681910762e-11,1.165641789581418e-06,0.9991261807483499,25,0,10
34,1571,0.0011879249309579626,2.1093261960868225e-11,1.5786061524171094e-06,0.9988104964417972,25,0,10
34,1572,0.0012631242009003751,2.1095578302515072e-11,1.6277728088412159e-06,0.9987352480051959,25,0,10
34,1573,0.0010494760252096299,2.0695261778183452e-11,1.6662011244229834e-06,0.9989488577529717,25,0,10
34,1574,0.0011251452709932904,1.6883119459824276e-11,1.4291925940699495e-06,0.9988734255195308,25,0,10
34,1575,0.0011298771229888392,1.806644620534242e-11,1.449747228780327e-06,0.9988686731117169,25,0,10
34,1576,0.0011234348032069712,1.7562266778893332e-11,1.481174359174199e-06,0.9988750840048729,25,0,10
34,1577,0.0008863328534541086,1.6992219147114614e-11,1.239980776994618e-06,0.9991124271487779,25,0,10
34,1578,0.0007991779678500372,1.2754800939508725e-11,9.568074539783308e-07,0.999199865211943,25,0,10
34,1579,0.0010375107568724108,1.1794731265473578e-11,1.0189523670625765e-06,0.9989614702789673,25,0,10
34,1580,0.0010198035204667356,1.2187783760639086e-11,1.073201145774454e-06,0.9989791232662014,25,0,10
34,1581,0.0014729950954270373,1.3734242192603624e-11,1.3761541850657052e-06,0.9985256287366551,25,0,10
34,1582,0.001968222983776486,2.2233499618399067e-11,2.9252194048305082e-06,0.9980288517745861,25,0,10
34,1583,0.0013365207622883198,1.60060917668909e-11,2.4472174463294615e-06,0.9986610320042607,25,0,10
34,1584,0.0012858261327638356,1.591854174022022e-11,2.3354315582919096e-06,0.9987118384197605,25,0,10
34,1585,0.0013371304482540029,1.6329289599594423e-11,1.34768385299424e-06,0.9986615218515646,25,0,10
34,1586,0.0008804856994484003,1.2563094636420652e-11,9.990456659621242e-07,0.9991185152423246,25,0,10
34,1587,0.00040721208594438757,9.368306688443614e-12,6.59258114848343e-07,0.9995921286465742,25,0,10
34,1588,0.00047112200371219367,1.154112715715356e-11,8.499069399651073e-07,0.9995280280778082,25,0,10
34,1589,0.0006592954827206282,1.84685978633903e-11,3.115448299952654e-06,0.9993375890505121,25,0,10
34,1590,0.0006462206824346335,1.579974451454871e-11,4.317285690052099e-06,0.9993494620160768,25,0,10
34,1591,0.001791606957097027,1.5277203542546228e-11,3.505975239885464e-06,0.9982048870523869,25,0,10
34,1592,0.0020961350156232846,2.0590850103975058e-11,3.935620171507321e-06,0.9978999293436155,25,0,10
34,1593,0.0026156048369244005,5.120825360189968e-11,7.235795654751637e-06,0.9973771593162142,25,0,10
34,1594,0.00208688431120037,4.587306242537899e-11,6.631766810239775e-06,0.9979064838761182,25,0,10
34,1595,0.0014496464209868237,4.45591817212615e-11,5.764908545929995e-06,0.99854458862591,25,0,10
34,1596,0.0017050096965796444,4.583176633203153e-11,7.3185483120175965e-06,0.998287671709278,25,0,10
34,1597,0.0014703543768519228,4.466889194576356e-11,5.854015085855471e-06,0.998523791563395,25,0,10
34,1598,0.0005857392063196939,7.079376336599457e-12,1.0637266060318925e-06,0.9994131970599963,25,0,10
34,1599,0.0005744558256725331,5.41052279015828e-12,5.814046717677551e-07,0.9994249627642466,25,0,10
34,1600,0.0006763747802062561,1.0575967841926087e-11,1.021964474581203e-06,0.9993226032447445,25,0,10
34,1601,0.0007277116944308501,1.4282948727629497e-11,1.2439452118018857e-06,0.9992710443460758,25,0,10
34,1602,0.0007208409965145083,9.99741743215197e-12,1.045273386371517e-06,0.9992781137201038,25,0,10
34,1603,0.0008037116713789116,7.574905663862929e-12,8.122178691385715e-07,0.9991954761031784,25,0,10
34,1604,0.0008128432291437066,8.628632497439487e-12,8.423675835786041e-07,0.9991863143946452,25,0,10
34,1605,0.0005996254804094604,8.435859506038208e-12,7.166022294854317e-07,0.9993996579089262,25,0,10
34,1606,0.0007674212237201004,1.2567227198463643e-11,1.0145821775229683e-06,0.9992315641815354,25,0,10
34,1607,0.010792953674306825,1.4426393165457872e-11,7.114427013552213e-06,0.9891999318842535,25,0,10
34,1608,0.010540505607816986,9.165715010437705e-12,6.963354737102042e-06,0.989452531028281,25,0,10
34,1609,0.0011518617009594356,2.025851032792636e-11,1.5800443951508565e-06,0.9988465582343877,25,0,10
34,1610,0.0012071657880553686,8.145775772181329e-11,3.067346337513339e-06,0.9987897667841501,25,0,10
34,1611,0.0006605164926592653,7.106578773452479e-11,2.4296801757954973e-06,0.9993370537561,25,0,10
34,1612,0.000664293869988849,7.054364740910334e-11,2.408887316936228e-06,0.9993332971721516,25,0,10
34,1613,0.0006611120493506277,7.039937694003004e-11,2.4896692302098846e-06,0.9993363982110207,25,0,10
34,1614,0.0014358367134090458,7.731676820501861e-11,3.875848027404579e-06,0.9985602873612478,25,0,10
34,1615,0.0013727236474415276,1.6831763833597342e-11,2.210381881199764e-06,0.9986250659538461,25,0,10
34,1616,0.00154612258070123,1.8417037895228527e-11,2.4150973342542232e-06,0.9984514623035488,25,0,10
34,1617,0.0010799564070676233,1.3928702355192122e-11,1.2103130870882477e-06,0.9989188332659173,25,0,10
34,1618,0.0008772346844656998,1.5483248957799248e-11,1.2356724312340982e-06,0.9991215296276208,25,0,10
34,1619,0.0006708602145307131,1.2041285959462478e-11,1.1226878176250076e-06,0.9993280170856116,25,0,10
34,1620,0.0006779922958813282,1.2170716717041792e-11,1.1414752499385086e-06,0.9993208662166994,25,0,10
34,1621,0.0019078981425746469,2.0390984702620818e-11,3.8682094327859746e-06,0.9980882336276029,25,0,10
34,1622,0.012421432928784504,2.7800421048370712e-11,7.813763485497039e-06,0.9875707532799308,25,0,10
34,1623,0.0015216373070984688,1.9262496049391222e-11,3.448907144506533e-06,0.9984749137664957,25,0,10
34,1624,0.0013935497421244019,1.7379846018186943e-11,3.2319708123938213e-06,0.9986032182696847,25,0,10
34,1625,0.0014029784752081264,1.7375404797297862e-11,3.2418981715387435e-06,0.9985937796092463,25,0,10
34,1626,0.0011683155375436871,1.3760704253373884e-11,3.0325466031194786e-06,0.998828651902094,25,0,10
34,1627,0.010562935866346022,1.7358136595387168e-11,4.457361594475596e-06,0.9894326067547031,25,0,10
34,1628,0.0005026742052065315,1.234046047861807e-11,1.0771167162563836e-06,0.9994962486657386,25,0,10
34,1629,0.00040299218319949417,6.305167714905187e-12,6.307035208824634e-07,0.9995963771069768,25,0,10
34,1630,0.0004736791901399674,9.08452453559783e-12,8.446749020734923e-07,0.9995254761258755,25,0,10
34,1631,0.0004877526596631359,9.262526852175434e-12,8.637828220370977e-07,0.9995113835482539,25,0,10
34,1632,0.000472116960628775,8.622680744352224e-12,8.660682546474306e-07,0.999527016962495,25,0,10
34,1633,0.0009280532671723969,1.0732162546078989e-11,1.0949967531403829e-06,0.9990708517253434,25,0,10
34,1634,0.0008607985799561083,8.445746332276525e-12,8.708730813692352e-07,0.9991383305385179,25,0,10
34,1635,0.0003934437760440919,5.297495632120413e-12,5.652285257128343e-07,0.999605990990134,25,0,10
34,1636,0.0005820994560780783,8.134209847020441e-12,7.058060374015931e-07,0.9994171947297513,25,0,10
34,1637,0.000462356730692691,6.034468919129979e-12,7.749573873683745e-07,0.9995368683058866,25,0,10
34,1638,0.0004609177188235298,6.068487487334841e-12,8.302808359704237e-07,0.9995382519942732,25,0,10
34,1639,0.011318625491441057,1.1346308196727822e-11,5.5504781041456005e-06,0.9886758240191097,25,0,10
34,1640,0.010791544686126338,7.725086753844932e-12,5.159453436367996e-06,0.9892032958527137,25,0,10
34,1641,0.010802142612979824,8.254694349108079e-12,5.159076259371588e-06,0.9891926983025071,25,0,10
34,1642,0.0007028547404768482,1.1235340234338127e-11,9.59831724580774e-07,0.9992961854165643,25,0,10
34,1643,0.0004693060045238768,7.057441908184904e-12,7.858376757314682e-07,0.9995299081507444,25,0,10
34,1644,0.0008376229490859261,1.1955511919944154e-11,1.6783724896709784e-06,0.9991606986664707,25,0,10
34,1645,0.0010537560903047395,1.4539079427466496e-11,1.91923216046754e-06,0.9989443246629974,25,0,10
34,1646,0.0012119633502376997,1.5878910853066812e-11,2.2115247921542892e-06,0.9987858251090931,25,0,10
34,1647,0.0011837149063936249,1.3565389789467937e-11,2.0351149842839025e-06,0.9988142499650585,25,0,10
34,1648,0.0007217049702455867,1.0875694665007614e-11,1.7150770675085275e-06,0.9992765799418133,25,0,10
34,1649,0.0011738327130086208,1.5115867294726957e-11,2.173146884675398e-06,0.9988239941249931,25,0,10
34,1650,0.0011753952077118899,1.2994140956711654e-11,1.943568305792708e-06,0.9988226612109904,25,0,10
34,1651,0.0014089263716401388,1.965353963101014e-11,2.1820356352248472e-06,0.9985888915730731,25,0,10
34,1652,0.0019109898469042898,8.081846126836215e-11,3.5769054861626733e-06,0.9980854331667927,25,0,10
34,1653,0.002057645858932233,8.719651680810897e-11,3.633659546681902e-06,0.9979387203943253,25,0,10
34,1654,0.001630716927089671,7.157023954757561e-11,3.131725288415676e-06,0.9983661512760533,25,0,10
34,1655,0.001833807270666693,7.14063343229754e-11,3.1977481442062183e-06,0.9981629949097847,25,0,10
34,1656,0.0017173870471551157,6.941804463460484e-11,2.946188774979142e-06,0.998279666694654,25,0,10
34,1657,0.0017193516668017627,6.998806941280517e-11,2.9667713783796243e-06,0.9982776814918337,25,0,10
34,1658,0.0008293908388803473,8.366831145497188e-12,8.029285641229397e-07,0.9991698062241899,25,0,10
34,1659,0.00075582739363197,7.202472221194708e-11,5.741288808476614e-06,0.9992384312455358,25,0,10
34,1660,0.0011900339063580265,7.49506732733888e-11,6.0416596233311355e-06,0.9988039243590692,25,0,10
34,1661,0.0013192915245211865,1.1576340587470955e-10,9.404588086260967e-06,0.9986713037716304,25,0,10
34,1662,0.0007080843405531825,1.5363458874497662e-11,3.437110359858333e-06,0.9992884785337249,25,0,10
34,1663,0.016553279462041923,1.4860989540878772e-11,5.644681308643144e-06,0.9834410758417903,25,0,10
34,1664,0.016474553811629416,1.1696303479061095e-11,5.526260431314067e-06,0.9835199199162442,25,0,10
34,1665,0.0012285429048217293,1.0712324525527284e-10,3.2812534249793326e-06,0.9987681757346307,25,0,10
34,1666,0.0008043205793351617,1.1072216223074786e-11,9.243822918011219e-07,0.9991947550273019,25,0,10
34,1667,0.0008094604500121148,1.1587097727520913e-11,9.170747929543674e-07,0.9991896224636085,25,0,10
34,1668,0.0007530194244239313,1.0686715785577759e-11,1.0948525255841467e-06,0.9992458857123653,25,0,10
34,1669,0.0005156880698646276,7.412049982760208e-12,8.492879013855819e-07,0.9994834626348239,25,0,10
34,1670,0.0005187718932353537,7.420948063101147e-12,8.481407310247353e-07,0.9994803799586147,25,0,10
34,1671,0.000517334845904329,7.377472877787486e-12,8.439683996081246e-07,0.9994818211783207,25,0,10
34,1672,0.001569280419564757,7.358758624895136e-12,1.3242688378071937e-06,0.9984293953042406,25,0,10
34,1673,0.0018057875925464153,1.126608247015013e-11,1.5523101110215876e-06,0.9981926600860774,25,0,10
34,1674,0.007993850942500725,2.1042484121345982e-11,1.4274942843790354e-05,0.991991874093614,25,0,10
34,1675,0.005137066860664041,4.5706276291907765e-11,8.616645851187186e-06,0.9948543164477794,25,0,10
34,1676,0.004254143002908533,4.81916560213837e-11,8.269635679595901e-06,0.9957375873132216,25,0,10
34,1677,0.017943723925043672,5.176048337714492e-11,8.335427260370058e-06,0.9820479405959365,25,0,10
34,1678,0.018236672117863367,5.906683472164745e-11,8.827932089269197e-06,0.9817544998909808,25,0,10
34,1679,0.000943854595509942,1.4833183940272033e-11,1.5737016100492626e-06,0.9990545716880469,25,0,10
34,1680,0.0010180469212429369,2.0431761568961052e-11,1.5795583956361667e-06,0.9989803734999301,25,0,10
34,1681,0.001081721261726386,2.3212363466729517e-11,1.6961920401805771e-06,0.9989165825230211,25,0,10
34,1682,0.0013303451410710916,2.5369098891245423e-11,1.8796578871108842e-06,0.9986677751756728,25,0,10
34,1683,0.0012155933278665536,2.66207429617653e-11,2.026019590782101e-06,0.9987823806259221,25,0,10
34,1684,0.001062340465086299,1.5042897448738163e-11,4.432649111043413e-06,0.9989332268707605,25,0,10
34,1685,0.0011297955781913555,1.5197921903691855e-11,4.571501034115194e-06,0.9988656329055772,25,0,10
34,1686,0.0009208748025306446,1.8432833506777283e-11,4.455358668952814e-06,0.999074669820369,25,0,10
34,1687,0.0037409126840899417,2.2863128367207703e-11,8.360359347879283e-06,0.9962507269337005,25,0,10
34,1688,0.0005814033979848287,1.5126197815232585e-11,1.1736329843281417e-06,0.9994174229539063,25,0,10
34,1689,0.000550557882235422,1.3217798275632104e-11,1.0072923545745902e-06,0.999448434812194,25,0,10
34,1690,0.00041566911442026766,1.2828610210968832e-11,7.233204003592616e-07,0.9995836075523524,25,0,10
34,1691,0.0005752014883359111,9.685735467185567e-12,6.919124911248663e-07,0.9994241065894885,25,0,10
34,1692,0.0003302048950256514,7.915809125968191e-12,5.263710470089233e-07,0.999669268726013,25,0,10
34,1693,0.00040390916403035444,1.1153904809140196e-11,4.2208898493756e-06,0.9995918699349682,25,0,10
34,1694,0.00039418447581491325,1.0537371557747637e-11,4.184991311076638e-06,0.9996016305223385,25,0,10
34,1695,0.0008798446635074971,1.713385156767093e-11,4.866258933739805e-06,0.9991152890604263,25,0,10
34,1696,0.0007687505892693487,1.3401610268673085e-11,4.55999017086153e-06,0.9992266894071598,25,0,10
34,1697,0.0007538567786024187,7.385454268439694e-11,4.731184728213134e-06,0.9992414119628162,25,0,10
34,1698,0.0005735388740556773,7.011385103224612e-11,9.212241673393533e-07,0.9994255398316649,25,0,10
34,1699,0.0005786209615014177,7.979249242796245e-12,7.888419653427503e-07,0.9994205901885556,25,0,10
34,1700,0.0011312278759174478,7.626693630346955e-11,8.502484342033007e-06,0.9988602695634746,25,0,10
34,1701,0.0011288930440784925,7.638862952979532e-11,8.625718033017541e-06,0.9988624811615014,25,0,10
34,1702,0.0009065452860299653,1.5115188878024264e-11,1.37510449588001e-06,0.9990920795943606,25,0,10
34,1703,0.0005904682227934733,1.0119675187128932e-11,9.536962042028308e-07,0.9994085780708847,25,0,10
34,1704,0.00033712449840323357,5.849210706297039e-12,6.791791622306781e-07,0.9996621963165877,25,0,10
34,1705,0.0004519234077126648,1.261794225036744e-11,1.0138830117041241e-06,0.9995470626966592,25,0,10
34,1706,0.0009365295966968039,7.789425432025986e-11,3.311687896258545e-06,0.9990601586375135,25,0,10
34,1707,0.0005407210248690098,8.701918147349001e-12,1.0819389983562332e-06,0.9994581970274321,25,0,10
34,1708,0.0012778156358694132,1.2901108541317654e-11,1.580584713343286e-06,0.9987206037665176,25,0,10
34,1709,0.0012259218330901846,1.5613853531811408e-11,1.4532918794827262e-06,0.998772624859418,25,0,10
34,1710,0.000791076582732197,1.7165093465110438e-11,1.3545566758699903e-06,0.9992075688434283,25,0,10
34,1711,0.0006510962206305469,1.3727399498348862e-11,9.616925886789071e-07,0.9993479420730549,25,0,10
34,1712,0.0008775134533139232,1.3848013134908078e-11,1.1843906616509841e-06,0.9991213021421781,25,0,10
34,1713,0.0004152300853858984,8.401603024703325e-12,8.334510137089982e-07,0.9995839364552004,25,0,10
34,1714,0.0006403619070763624,1.0522774731647118e-11,9.345155094839978e-07,0.999358703566893,25,0,10
34,1715,0.0006342730205522871,1.0474443244164035e-11,9.242456334917681e-07,0.9993648027233406,25,0,10
34,1716,0.0013905130512940663,1.8725703224295998e-11,1.6276878677273932e-06,0.9986078592421141,25,0,10
34,1717,0.0014830788822051486,2.685669012899743e-11,2.660058565389091e-06,0.9985142610323736,25,0,10
34,1718,0.00161020314526491,2.896937572831306e-11,2.753108425234181e-06,0.9983870437173418,25,0,10
34,1719,0.0014645006413019647,8.999739046709312e-11,2.97876407101269e-06,0.9985325205046311,25,0,10
34,1720,0.0014677317594309202,8.492853355352887e-11,7.865434281066356e-06,0.9985244027213601,25,0,10
34,1721,0.0014057120079135504,8.713209439366935e-11,2.661981284842878e-06,0.9985916259236707,25,0,10
34,1722,0.002915330682591442,8.980093784996059e-11,3.3089424847353827e-06,0.9970813602851242,25,0,10
34,1723,0.0023069149113845605,7.671100242769186e-11,2.434771438380643e-06,0.9976906502404668,25,0,10
34,1724,0.0007415561967808547,1.1192589675029304e-11,1.3733501511728464e-06,0.9992570704418767,25,0,10
34,1725,0.0006415201316725598,8.492655610217304e-12,9.81772419966665e-07,0.999357498087416,25,0,10
34,1726,0.0011794432724533046,1.9407852077707093e-11,1.5943202104358151e-06,0.99881896238793,25,0,10
34,1727,0.0008842039883250463,1.790915169750126e-11,1.3143874460052256e-06,0.9991144816063217,25,0,10
34,1728,0.0008264874553524316,1.6442197013193358e-11,1.2525647860485458e-06,0.9991722599634205,25,0,10
34,1729,0.0008721621090976485,1.9001215420432585e-11,1.4505463941599574e-06,0.9991263873255081,25,0,10
34,1730,0.0008789688165702159,1.484210840026496e-11,1.3365800684765638e-06,0.9991196945885201,25,0,10
34,1731,0.0006648428141118858,1.2751747826429287e-11,1.2213295482400622e-06,0.9993339358435895,25,0,10
34,1732,0.0006832169147634162,1.4824693341791625e-11,1.1879211955390145e-06,0.9993155951492178,25,0,10
34,1733,0.0024460733611250257,1.742213348803263e-09,1.047897598104071e-05,0.9975434459206821,25,0,10
34,1734,0.0016941937143489308,1.7416955212024534e-09,1.0236293933622652e-05,0.9982955682500229,25,0,10
34,1735,0.004826010485502592,1.73723290292362e-09,1.2073010096664923e-05,0.9951619147671691,25,0,10
34,1736,0.0015621578261684668,1.7349746156465792e-09,9.797693264737202e-06,0.9984280427455938,25,0,10
34,1737,0.001516535970797759,1.74188394203547e-09,1.004728731035773e-05,0.9984734150000092,25,0,10
34,1738,0.0015427362913582087,1.73933942319481e-09,9.966255476203158e-06,0.9984472957138276,25,0,10
34,1739,0.0020405331833686525,1.7430029760867133e-09,1.1048799015478908e-05,0.9979484162746141,25,0,10
34,1740,0.002593140498576904,1.7456934312425495e-09,1.272234269289422e-05,0.9973941354130383,25,0,10
34,1741,0.0026629817944380744,1.7499320496626557e-09,1.3001908172986032e-05,0.9973240145474581,25,0,10
34,1742,0.0018968806375484364,1.7383904076244614e-09,1.0571996045518223e-05,0.9980925456280176,25,0,10
34,1743,0.00038525094225911276,1.1551471212418462e-11,7.104613204875637e-07,0.9996140385848709,25,0,10
34,1744,0.000660274795799333,1.5318346960887228e-11,1.1130077724867983e-06,0.9993386121811114,25,0,10
34,1745,0.0006658991290866743,1.5225603579603303e-11,1.1310903106599194e-06,0.9993329697653789,25,0,10
34,1746,0.0006803327040158185,1.5263262495098387e-11,1.124363666131086e-06,0.9993185429170569,25,0,10
34,1747,0.0004991574113197446,1.4313432406653921e-11,1.0509534442613167e-06,0.999499791620924,25,0,10
34,1748,0.0004930706705549945,1.1795716637374605e-11,1.1248163703727935e-06,0.9995058045012803,25,0,10
34,1749,0.0007253434228750942,1.7140455455935016e-11,1.411365461604231e-06,0.9992732451945243,25,0,10
34,1750,0.0014164581594539045,2.1508923020834567e-11,1.8229523832715119e-06,0.9985817188666553,25,0,10
34,1751,0.001280245686251078,1.4527032321242623e-11,1.3357523337115741e-06,0.9987184185468901,25,0,10
34,1752,0.0013327127377610814,1.4441933982864633e-11,1.3797491532270597e-06,0.9986659074986457,25,0,10
34,1753,0.0011103709419312381,1.264050572462919e-11,1.4374554947068902e-06,0.9988881915899348,25,0,10
34,1754,0.0010505978212219005,1.2192078115381614e-11,1.0114024979244715e-06,0.9989483907640897,25,0,10
34,1755,0.0008182073589978478,1.0372377284992016e-11,9.684888945793132e-07,0.9991808241417373,25,0,10
34,1756,0.0008177195276017034,1.0288452763260753e-11,9.573940561449616e-07,0.9991813230680556,25,0,10
34,1757,0.0010555612686685178,1.201920660730944e-11,2.704214232057607e-06,0.9989417345050814,25,0,10
34,1758,0.0017271057075571705,1.719930120379997e-11,3.2155727561189307e-06,0.9982696787024888,25,0,10
34,1759,0.001964550778156669,1.9285855933375772e-11,3.3608505290934683e-06,0.9980320883520303,25,0,10
34,1760,0.0019791460536079685,1.9036761950639698e-11,3.4992476797053664e-06,0.9980173546796768,25,0,10
34,1761,0.0017878935756329131,2.1753562767368802e-11,1.6676196100598125e-06,0.9982104387830049,25,0,10
34,1762,0.0008125965732763169,1.0723244601251211e-11,8.937256610299348e-07,0.9991865096903411,25,0,10
34,1763,0.0003948543975639609,1.10903181694299e-11,8.649578719371049e-07,0.9996042806334757,25,0,10
34,1764,0.00047488998332606477,1.1643808671497899e-11,8.885056807123174e-07,0.9995242214993515,25,0,10
34,1765,0.00042148177817837626,8.980895960668455e-12,6.058935091520544e-07,0.9995779123193336,25,0,10
34,1766,0.00040947129643143334,8.87545465876747e-12,5.865056897368784e-07,0.9995899421890053,25,0,10
34,1767,0.0005288731170277255,1.1609705954733526e-11,9.595533998730967e-07,0.9994701673179646,25,0,10
34,1768,0.00036699870627208004,1.1217567901877577e-11,7.824069260586866e-07,0.9996322188755862,25,0,10
34,1769,0.0003610626455592704,9.718060802707412e-12,7.894619777275579e-07,0.9996381478827467,25,0,10
34,1770,0.00042144514760383145,1.3950148095185908e-11,9.06457063051996e-07,0.9995776483813847,25,0,10
34,1771,0.00035446184526706644,1.2802330358645839e-11,8.449112867141547e-07,0.9996446932306458,25,0,10
34,1772,0.001379891998802973,7.750386418913871e-11,3.733904125705924e-06,0.9986163740195684,25,0,10
34,1773,0.0008810662507922059,1.9085763408450787e-11,1.3472763844307718e-06,0.999117586453739,25,0,10
34,1774,0.0008173890564842256,1.4810984916105295e-11,1.1844968815726926e-06,0.9991814264318244,25,0,10
34,1775,0.0008735262629603396,1.701091972955796e-11,1.3241911152471939e-06,0.9991251495289145,25,0,10
34,1776,0.0006352655482276991,1.323088487189671e-11,1.103433316250614e-06,0.999363631005227,25,0,10
34,1777,0.0011029686764074133,1.6301869880596225e-11,1.2788788740008809e-06,0.9988957524284191,25,0,10
34,1778,0.0013411279231381262,1.6235548718009644e-11,1.4247553397687211e-06,0.9986574473052885,25,0,10
34,1779,0.00067395410298709,1.4368572524174594e-11,1.026706691773594e-06,0.9993250191759543,25,0,10
34,1780,0.0007242791315818344,1.64856097023781e-11,1.0648944125126172e-06,0.9992746559575215,25,0,10
34,1781,0.0008896124511609538,1.644796509738116e-11,1.0570995337590733e-06,0.999109330432859,25,0,10
34,1782,0.0005037519141898397,1.1839168719675269e-11,1.1978069650159381e-06,0.9994950502670078,25,0,10
34,1783,0.00044117717526408597,1.0424983515108435e-11,1.0574701717866502e-06,0.9995577653441408,25,0,10
34,1784,0.0003501982292683189,8.154467982083975e-12,7.283603776460775e-07,0.999649073402201,25,0,10
34,1785,0.0004152375426183716,1.1235032595063462e-11,8.404358765415317e-07,0.9995839220102714,25,0,10
34,1786,0.0005802347910324712,1.3868188787338396e-11,7.577336781048129e-07,0.9994190074614222,25,0,10
34,1787,0.0004116697345443389,1.3609839085859862e-11,8.787812550052445e-07,0.9995874514705919,25,0,10
34,1788,0.0005046924635153087,2.1062443196461956e-11,1.3511755269822556e-06,0.9994939563398962,25,0,10
34,1789,0.0004851081800333417,1.1284713202654843e-11,1.0479081269267442e-06,0.9995138439005565,25,0,10
34,1790,0.0006980561154623687,1.1347982715377984e-11,1.3364251067472989e-06,0.999300607448084,25,0,10
34,1791,0.000700298159689577,1.0673113922516696e-11,1.1683493480382543e-06,0.9992985334802903,25,0,10
34,1792,0.0009245203741724095,1.4326074199761424e-11,1.298719050961036e-06,0.9990741808924518,25,0,10
34,1793,0.0008719938935570341,1.5267456292741966e-11,5.575955593837498e-06,0.9991224301355834,25,0,10
34,1794,0.0006967264176625126,1.2169630363691639e-11,5.1658273222014816e-06,0.9992981077428474,25,0,10
34,1795,0.0006846546472874121,1.2116129317242112e-11,5.128158299371976e-06,0.9993102171822988,25,0,10
34,1796,0.016557992690883806,1.7333227873415582e-10,7.335240502619943e-05,0.9833686547307593,25,0,10
34,1797,0.016797691023721143,1.7384366169230179e-10,7.350026735718118e-05,0.9831288085350798,25,0,10
34,1798,0.01702026828102299,1.7341353085374568e-10,7.34316831772403e-05,0.982906299862388,25,0,10
34,1799,0.01703093247812943,1.7138055025005112e-10,7.33941579921493e-05,0.9828956731924994,25,0,10
34,1800,0.017045226854115497,1.745191791610322e-10,7.339379436608851e-05,0.982881379177001,25,0,10
34,1801,0.01789716661276284,1.8361539496339914e-10,7.44479910886257e-05,0.9820283852125335,25,0,10
34,1802,0.017019350575572415,1.7955039635705743e-10,7.395414004067849e-05,0.9829066951048372,25,0,10
34,1803,0.017250246704267166,1.8404528240276523e-10,7.414813743396419e-05,0.9826756049742542,25,0,10
34,1804,0.0012037010385110083,2.2808090956795655e-11,1.4542972713279463e-06,0.9987948446414109,25,0,10
34,1805,0.0009091530491204426,1.5925263484334452e-11,1.22336468527729e-06,0.999089623570271,25,0,10
34,1806,0.0011317191069922456,1.702014280831546e-11,1.2777643367974505e-06,0.9988670031116511,25,0,10
34,1807,0.0005930641161380657,1.0048206273877595e-11,7.099143925393388e-07,0.9994062259594223,25,0,10
34,1808,0.0005847227056490753,1.6621106470852765e-11,1.0467938161308085e-06,0.9994142304839148,25,0,10
34,1809,0.0003285012757457008,6.197521543676488e-12,4.823007068309235e-07,0.9996710164173516,25,0,10
34,1810,0.0005635263860469297,8.397152473008168e-12,6.271654550023497e-07,0.9994358464401025,25,0,10
34,1811,0.001060098307557208,1.4242036019790453e-11,1.9256701690218443e-06,0.9989379760080338,25,0,10
34,1812,0.0013180487663110394,1.7917373144129097e-11,2.1357014845401923e-06,0.9986798155142895,25,0,10
34,1813,0.0010927227485150982,2.311381843116409e-11,3.4229932437663846e-06,0.9989038542351298,25,0,10
34,1814,0.0006232932736624226,1.4820821042349243e-11,7.821383199229367e-07,0.9993759245731992,25,0,10
34,1815,0.0008255000834679927,1.5813889163996073e-11,5.374132887157117e-06,0.9991691257678326,25,0,10
34,1816,0.0008294223598597639,1.5760080778904824e-11,5.3688621523490685e-06,0.9991652087622291,25,0,10
34,1817,0.0015085543017076617,1.8610173869775393e-11,5.817076189848559e-06,0.9984856286034937,25,0,10
34,1818,0.0012670975534514626,1.4767625356181578e-11,5.569546617900049e-06,0.9987273328851642,25,0,10
34,1819,0.003926345542471833,7.399170709555425e-12,4.740673660340955e-06,0.99606891377647,25,0,10
34,1820,0.0034881528511512593,9.517217401061539e-12,4.5541543482473475e-06,0.9965072929849846,25,0,10
34,1821,0.0006097730622961765,8.454107242400788e-12,8.001384480944574e-07,0.9993894267908014,25,0,10
34,1822,0.0006145086945516791,9.4258713824048e-12,8.122000431455359e-07,0.9993846790959792,25,0,10
34,1823,0.0010232118567119154,1.1737677395998997e-11,1.0793317958992985e-06,0.9989757087997546,25,0,10
34,1824,0.0012400198415659655,1.4135147687844855e-11,2.1476091396802956e-06,0.9987578325351586,25,0,10
34,1825,0.000999161770781646,1.395101515441898e-11,1.994545542004203e-06,0.998998843669726,25,0,10
34,1826,0.0005488366223051554,1.0720609347101673e-11,1.6115701457249744e-06,0.9994495517968295,25,0,10
34,1827,0.0006069667488171007,1.2907609776611167e-11,1.7875977563493585e-06,0.9993912456405206,25,0,10
34,1828,0.00034995558843201594,1.1008824869221578e-11,6.231896617449151e-07,0.9996494212108993,25,0,10
34,1829,0.0010516378267418375,1.2127692788004132e-11,9.628047474905207e-07,0.9989473993563854,25,0,10
34,1830,0.00035742721285362655,9.786226780678415e-12,5.68227099343487e-07,0.9996420045502623,25,0,10
34,1831,0.0006248350597913108,1.2791534869264582e-11,8.1260695049725e-07,0.9993743523204681,25,0,10
34,1832,0.0007450513172195727,5.069673742026467e-11,2.0486361679601586e-06,0.9992528999959166,25,0,10
34,1833,0.0006187702294191308,1.3526313226759463e-11,9.164794550856052e-07,0.9993803132776007,25,0,10
34,1834,0.0006704315575139637,1.3468172726772962e-11,9.829902958044037e-07,0.9993285854387233,25,0,10
34,1835,0.0007343604743946667,1.6464237781287505e-11,1.3661056708377943e-06,0.9992642734034711,25,0,10
34,1836,0.0006237858506313774,1.3396186665614399e-11,1.0689860305753929e-06,0.9993751451499426,25,0,10
34,1837,0.0009694314202471599,1.6933199384780037e-11,1.555303071331797e-06,0.9990290132597488,25,0,10
34,1838,0.0013599372242694674,1.5263955544877097e-11,1.5903139943044016e-06,0.9986384724464734,25,0,10
34,1839,0.0010570876808551487,1.2446288444096054e-11,1.252741345755252e-06,0.9989416595653546,25,0,10
34,1840,0.0014311275122686584,1.8272275891777412e-11,1.8632980198295167e-06,0.9985670091714404,25,0,10
34,1841,0.0008783043150743053,1.3805539840085285e-11,1.1406671577929072e-06,0.9991205550039637,25,0,10
34,1842,0.0008927470001522962,1.121858426792997e-11,1.0716219629444217e-06,0.9991061813666677,25,0,10
34,1843,0.000893309364362657,1.2219356130993193e-11,9.73846341866017e-07,0.999105716777077,25,0,10
34,1844,0.0008953782962853338,1.436641788366816e-11,1.0886431251453296e-06,0.9991035330462243,25,0,10
34,1845,0.0009074149398497225,1.610854095576808e-11,1.1822985981040018e-06,0.999091402745445,25,0,10
34,1846,0.0011138184854267133,8.073007658326389e-11,2.143119692745819e-06,0.9988840383141515,25,0,10
34,1847,0.0015447378204512003,7.717302381538556e-11,1.6356450662969647e-06,0.9984536264573101,25,0,10
34,1848,0.0008441382246091287,1.1146628176027602e-10,4.716329341094897e-05,0.999108698370515,25,0,10
34,1849,0.0008540738391200153,1.1147276097364466e-10,4.7161931022687674e-05,0.9990987641183854,25,0,10
34,1850,0.0007849253912617887,1.0779683721836688e-10,4.678025357225398e-05,0.9991682942473704,25,0,10
34,1851,0.0018091408916047081,2.0447354312332436e-10,5.19126303082941e-05,0.9981389462736147,25,0,10
34,1852,0.0018876192951061675,2.104649326189997e-10,5.227974392707992e-05,0.9980601007505027,25,0,10
34,1853,0.0017778065309014945,5.655983815400962e-11,4.778204498131834e-05,0.9981744113675585,25,0,10
34,1854,0.0016385554461821746,5.323059816447186e-11,4.7430615197431664e-05,0.9983140138853912,25,0,10
34,1855,0.001161876642399382,5.584595617376983e-11,4.7427730396591765e-05,0.9987906955713598,25,0,10
34,1856,0.0008633461703957132,4.951960159303029e-11,4.704300041078252e-05,0.9990896107796757,25,0,10
34,1857,0.0008496081055428004,4.9296201604503906e-11,4.694816466469025e-05,0.9991034436804981,25,0,10
34,1858,0.0007367978886914138,1.4918360515018264e-11,1.34794693555493e-06,0.9992618541494558,25,0,10
34,1859,0.0006448346202666404,4.8112923037596454e-11,1.5924160803932879e-06,0.9993535729155405,25,0,10
34,1860,0.0008053081844595674,4.498713479571805e-11,1.4996073875128685e-06,0.9991931921631665,25,0,10
34,1861,0.0007861317806069159,1.3366170490312562e-11,1.2463006308753933e-06,0.9992126219053965,25,0,10
34,1862,0.0009047715138866006,1.4382547970631995e-11,1.2885038927848514e-06,0.9990939399678388,25,0,10
34,1863,0.0008412138966707141,1.1192506392248041e-11,1.0846673978791367e-06,0.9991577014247401,25,0,10
34,1864,0.001623980078171534,2.3438069504846492e-11,2.050115587276087e-06,0.9983739697828041,25,0,10
34,1865,0.0008354632777824191,1.5333850899476266e-11,1.103123322211517e-06,0.9991634335835629,25,0,10
34,1866,0.0007030722513526903,1.4910378413376547e-11,1.234557283276974e-06,0.9992956931764552,25,0,10
34,1867,0.00047654826123415256,1.1706956407799185e-11,9.62148345726761e-07,0.9995224895787145,25,0,10
34,1868,0.0005625922441724386,1.6446372360716933e-11,1.29380302415099e-06,0.9994361139363582,25,0,10
34,1869,0.0004805658169486803,1.1239073715744066e-11,9.651656817108447e-07,0.9995184690061322,25,0,10
34,1870,0.0013933588741727842,1.6515530608207974e-11,1.5975885408414661e-06,0.9986050435207718,25,0,10
34,1871,0.0006495500784631233,1.2592459414591844e-11,1.0496741688401703e-06,0.9993494002347769,25,0,10
34,1872,0.0004639422058857374,1.3003490697706289e-10,1.0851653643881543e-06,0.9995349724987157,25,0,10
34,1873,0.0009173417323464343,1.3015835282477216e-11,1.2395800627434976e-06,0.9990814186745758,25,0,10
34,1874,0.0011371938280765495,1.0861801482540687e-11,1.1638231756825852e-06,0.9988616423378869,25,0,10
34,1875,0.0009159964925168851,1.248709291300313e-11,1.2736644112866416e-06,0.999082729830586,25,0,10
34,1876,0.0011428481046640868,1.6498607476891855e-11,1.4809776380117465e-06,0.9988556709012003,25,0,10
34,1877,0.0012165471677543136,1.524357439140629e-11,1.6796454866705268e-06,0.998781773171516,25,0,10
34,1878,0.002073758972577959,1.3699712090905822e-11,1.9105147287716943e-06,0.9979243304989943,25,0,10
34,1879,0.0013127051181679263,9.067214730017705e-12,1.2889401857711996e-06,0.9986860059325803,25,0,10
34,1880,0.0019751405153642775,1.124039429381756e-11,1.6867997893989217e-06,0.9980231726736067,25,0,10
34,1881,0.0019743023887054912,1.1186907437272084e-11,1.6874548932730827e-06,0.9980240101452157,25,0,10
34,1882,0.0004716379581291674,1.149512458472356e-11,1.1168177089393995e-06,0.999527245212668,25,0,10
34,1883,0.0010444546408043414,9.535118644757452e-12,1.325292676960362e-06,0.998954220056984,25,0,10
34,1884,0.0004594641150086937,7.372717419613206e-12,8.435309766093249e-07,0.9995396923466429,25,0,10
34,1885,0.0005365705516565938,1.0579351064646951e-11,1.0718117432202252e-06,0.9994623576260215,25,0,10
34,1886,0.0005898299719362941,9.688435657086419e-12,1.1202398024500348e-06,0.9994090497785733,25,0,10
34,1887,0.0012603185135818937,8.724341512798027e-12,8.644963216464798e-07,0.9987388169813727,25,0,10
34,1888,0.0006861934491447651,8.650308754353318e-12,9.605148134013433e-07,0.999312846027392,25,0,10
34,1889,0.0007635454567044094,7.726541900881257e-12,1.297170461118604e-06,0.9992351573651088,25,0,10
34,1890,0.001110426926685325,9.848507773699313e-12,1.357010411142695e-06,0.9988882160530559,25,0,10
34,1891,0.0011010320077963172,1.0329631498355896e-11,1.34225076860165e-06,0.9988976257311062,25,0,10
34,1892,0.0012120683602438707,1.4890706086851376e-11,2.467117532816934e-06,0.9987854645073329,25,0,10
34,1893,0.0015589470863846147,1.4985878643193853e-11,1.7054410673216877e-06,0.9984393474575627,25,0,10
34,1894,0.0014131969980363632,1.7542986298838047e-11,1.5630639151797628e-06,0.9985852399205066,25,0,10
34,1895,0.0013349290052998462,1.3358823588522514e-11,1.345359546057656e-06,0.9986637256217961,25,0,10
34,1896,0.0015887240719413237,1.9230948052937855e-11,1.7102029865644767e-06,0.9984095657058415,25,0,10
34,1897,0.0015852101351884157,1.7732031804435597e-11,1.5930341066972831e-06,0.998413196812973,25,0,10
34,1898,0.0011741784597017167,1.5652192095397303e-11,1.42504171254521e-06,0.998824396482934,25,0,10
34,1899,0.0008843490356604118,4.5560597537267215e-11,1.2450254892871407e-06,0.9991144058932906,25,0,10
34,1900,0.00420741036578883,5.1871713935509954e-11,4.954063958385587e-06,0.9957876355183815,25,0,10
34,1901,0.0006783222743442646,1.0917299898105118e-10,1.325735836083591e-06,0.9993203518806475,25,0,10
34,1902,0.00042975253693510634,1.0416801097449507e-10,1.0310649078359697e-06,0.9995692162939904,25,0,10
34,1903,0.0008841967063203153,1.06326415398822e-10,1.3052697502029489e-06,0.9991144979176042,25,0,10
34,1904,0.0008475810517167426,1.0379018994518185e-10,1.1061537569550287e-06,0.9991513126907365,25,0,10
34,1905,0.000910428308378188,1.0432127548601792e-10,1.2500065526399702e-06,0.9990883215807483,25,0,10
34,1906,0.0005564499742267376,1.0652970311894607e-10,1.3559834691254622e-06,0.9994421939357756,25,0,10
34,1907,0.0006788712169377318,1.1219139996994562e-10,3.1363710681041607e-06,0.9993179922998034,25,0,10
34,1908,0.0007414234636070764,1.7240577483050674e-10,1.6487046162475545e-06,0.9992569276593722,25,0,10
34,1909,0.0007015771704531127,1.704256991166586e-10,1.6031066308603477e-06,0.9992968195524913,25,0,10
34,1910,0.0006288231392610418,1.0571813445043308e-10,1.1070360816622388e-06,0.9993700697189406,25,0,10
34,1911,0.0012828320132933053,2.038628817606777e-10,2.183657285278115e-06,0.9987149841255595,25,0,10
34,1912,0.0012148180611905215,2.0174473938494654e-10,1.939910765107424e-06,0.9987832418262999,25,0,10
34,1913,0.004099480029400456,1.0413150873919059e-10,4.10092042848541e-06,0.99589641894604,25,0,10
34,1914,0.00439119584710127,1.063844351061009e-10,4.490104386981483e-06,0.9956043139421279,25,0,10
34,1915,0.0044026182602703665,1.8454116288906768e-11,4.368351483690575e-06,0.9955930133697933,25,0,10
34,1916,0.0017770388969708048,2.140731477060696e-11,2.018621223362317e-06,0.9982209424604003,25,0,10
34,1917,0.00043535488312345993,9.503894875168039e-12,7.598182439252787e-07,0.9995638852891304,25,0,10
34,1918,0.0004164672895502996,8.810730954941419e-12,7.765616268115518e-07,0.9995827561400141,25,0,10
34,1919,0.0004298933169913275,8.938876434613712e-12,7.91126468241702e-07,0.999569315547603,25,0,10
34,1920,0.000896609558642202,9.670994450044483e-12,1.0621467854171165e-06,0.9991023282849034,25,0,10
34,1921,0.0008842776806775742,1.2897717729208556e-11,1.0694751365716385e-06,0.9991146528312901,25,0,10
34,1922,0.0007558638301070143,1.1062872753743887e-11,1.1839429110374286e-06,0.9992429522159213,25,0,10
34,1923,0.011184053930798856,1.931011791183945e-10,1.0673214010231822e-05,0.9888052726620912,25,0,10
34,1924,0.010977227059261881,1.8974894298507506e-10,1.0249583478046079e-05,0.9890125231675126,25,0,10
34,1925,0.0009966260005422978,1.6783248819497093e-11,1.5020377535507821e-06,0.9990018719449221,25,0,10
34,1926,0.0010103562777870941,1.6970862118023416e-11,1.5578337660882094e-06,0.998988085871477,25,0,10
34,1927,0.001126006716440523,1.7206828830147466e-11,1.5196757937064058e-06,0.9988724735905602,25,0,10
34,1928,0.0008955285954826257,1.5095715853496336e-11,1.269087343056643e-06,0.9991032023020797,25,0,10
34,1929,0.0006792685033075141,1.6046011185837786e-11,1.156444192848075e-06,0.9993195750364547,25,0,10
34,1930,0.0006915393278756195,1.6046233041556974e-11,1.1541642692347749e-06,0.9993073064918101,25,0,10
34,1931,0.00038967491128505193,9.676439352302634e-12,6.554801820862987e-07,0.999609669598858,25,0,10
34,1932,0.00039909096745407687,1.0821152022618479e-11,7.757324662055835e-07,0.9996001332892592,25,0,10
34,1933,0.0003906439317445801,7.54785164183557e-12,6.654758508311027e-07,0.9996086905848575,25,0,10
34,1934,0.0004009751433196011,8.175102560832135e-12,7.213418059429904e-07,0.9995983035066999,25,0,10
34,1935,0.0006020065088932886,9.110388674547308e-12,7.40612914765162e-07,0.999397252869082,25,0,10
34,1936,0.0005933872097407273,9.971677540158935e-12,7.674805117537562e-07,0.9994058452997769,25,0,10
34,1937,0.0006094138144828879,1.0695047348140281e-11,7.722556943757496e-07,0.9993898139191283,25,0,10
34,1938,0.0006819337280012781,1.442328143858091e-11,9.820474506251606e-07,0.999317084210126,25,0,10
34,1939,0.0006671143241161734,1.3079610386493556e-11,9.617168923241253e-07,0.999331923945913,25,0,10
34,1940,0.010843528244130419,1.628822371605307e-11,4.347282693122797e-06,0.9891521244568879,25,0,10
34,1941,0.0005777049318755784,8.743525202769252e-12,1.075283691220016e-06,0.99942121977569,25,0,10
34,1942,0.0005592501827021051,7.674643125158674e-12,9.833040963517605e-07,0.9994397665055277,25,0,10
34,1943,0.0007354440959247639,8.70696886954972e-12,1.0614525781977551e-06,0.9992634944427913,25,0,10
34,1944,0.0007858011895096827,8.75830580548762e-12,1.1745477409836684e-06,0.999213024253992,25,0,10
34,1945,0.0012625136323341345,1.0790889787211543e-11,1.5131953554806948e-06,0.9987359731615213,25,0,10
34,1946,0.0010514654656204054,1.5554862052006916e-11,1.515082699381644e-06,0.9989470194361272,25,0,10
34,1947,0.001073664438838245,1.573310796582549e-11,1.6045330510314673e-06,0.9989247310123794,25,0,10
34,1948,0.0010159191662033019,1.4431078306196081e-11,1.3583825899180897e-06,0.9989827224367775,25,0,10
34,1949,0.0009847356522549137,1.1592025425200159e-11,1.3964642969612007e-06,0.999013867871858,25,0,10
34,1950,0.0014934576437508418,1.5515737814013774e-11,1.3167964672718603e-06,0.9985052255442676,25,0,10
34,1951,0.0020282428972614713,1.4519202024746493e-11,1.7211479061055037e-06,0.997970035940315,25,0,10
34,1952,0.0013033377970076943,1.0633117519849394e-11,1.2634211461674276e-06,0.9986953987712145,25,0,10
34,1953,0.0005861669716135416,1.9008988130537322e-11,1.4878937994313016e-06,0.9994123451155795,25,0,10
34,1954,0.0009889088025988935,1.644662548831788e-11,3.95346744052222e-06,0.9990071377135158,25,0,10
34,1955,0.0010986340995015186,1.849831120700598e-11,4.1889880784426274e-06,0.9988971768939229,25,0,10
34,1956,0.0010276972223410956,1.4191106735479525e-11,3.855576246961068e-06,0.9989684471872222,25,0,10
34,1957,0.0013395461533594341,1.1319952721134574e-11,3.734116434797325e-06,0.9986567197188879,25,0,10
34,1958,0.001346334494457297,9.324279429562986e-12,3.663326390313441e-06,0.99865000216983,25,0,10
34,1959,0.0013386718646709339,1.1344812948849635e-11,3.720353333832707e-06,0.9986576077706525,25,0,10
34,1960,0.000779126181125052,1.3540005458008047e-10,3.55388973932701e-06,0.9992173197937373,25,0,10
34,1961,0.00041963998863349584,9.027227188216145e-12,7.615945806185584e-07,0.9995795984077606,25,0,10
34,1962,0.00033757567844362567,6.907264499731295e-12,5.70878238077596e-07,0.9996618534364126,25,0,10
34,1963,0.00035414164822675025,5.058145906544663e-12,5.493470665911405e-07,0.9996453089996503,25,0,10
34,1964,0.0005753728679774902,8.342773535254897e-12,8.147170952988783e-07,0.9994238124065863,25,0,10
34,1965,0.0005841485879518979,8.589598687443242e-12,8.295620498261229e-07,0.9994150218414104,25,0,10
34,1966,0.0013041979719053865,1.3856767385025809e-11,2.128650970321638e-06,0.9986936733632692,25,0,10
34,1967,0.0013001366323951169,1.0850105293464886e-11,1.9914622159792054e-06,0.9986978718945402,25,0,10
34,1968,0.0015874375860721285,7.532964833658982e-11,3.882085077497842e-06,0.998408680253522,25,0,10
34,1969,0.001575805872767695,7.67882480456724e-11,3.2039359492943836e-06,0.9984209901144956,25,0,10
34,1970,0.0015622522074869177,7.667369969069977e-11,3.2109933179444596e-06,0.9984345367225225,25,0,10
34,1971,0.001343779481923175,7.773501625485086e-11,3.055308052693268e-06,0.9986531651322895,25,0,10
34,1972,0.0011078131719639956,7.64813586625278e-11,2.827084525779817e-06,0.9988893596670294,25,0,10
34,1973,0.00142497543709668,8.238572218468726e-11,3.2845292267701287e-06,0.998571739951292,25,0,10
34,1974,0.0011716288910831978,7.656281426756293e-11,2.9565049443127607e-06,0.9988254145274115,25,0,10
34,1975,0.0012383786411681345,7.873689586376569e-11,3.2322960940617516e-06,0.9987583889840027,25,0,10
34,1976,0.0012634034459758615,8.034785248068931e-11,3.228053357197049e-06,0.9987333684203208,25,0,10
34,1977,0.0016153296118331343,2.893842959977863e-11,2.8980435254780165e-06,0.9983817723157045,25,0,10
34,1978,0.0072927545548619535,3.447425206514515e-11,8.461297499788909e-06,0.9926987841131654,25,0,10
34,1979,0.0077724884678387705,3.745366651118813e-11,8.794903199122246e-06,0.9922187165915092,25,0,10
34,1980,0.007724035298245146,3.3850537803372104e-11,9.283006570096347e-06,0.992266681661335,25,0,10
34,1981,0.007168027388034804,2.8885663443919488e-11,8.99352982895998e-06,0.9928229790532521,25,0,10
34,1982,0.007009559743137257,6.381510849577875e-11,8.908923252211793e-06,0.9929815312697966,25,0,10
34,1983,0.00180023152748126,6.059440655135905e-11,3.747985346643129e-06,0.9981960204265796,25,0,10
34,1984,0.0018031387770329123,6.05935027259994e-11,3.7493724166701245e-06,0.9981931117899581,25,0,10
34,1985,0.0009332113708352017,5.1598100663313474e-11,2.3968547139383992e-06,0.9990643917228532,25,0,10
34,1986,0.0010471319956074942,5.265896398829369e-11,3.305378741658115e-06,0.9989495625729926,25,0,10
34,1987,0.00079713097959249,1.6249961019945175e-11,1.9791691823465744e-06,0.999200889834976,25,0,10
34,1988,0.0007841760772062688,1.926394824712378e-11,1.9781696792388707e-06,0.9992138457338521,25,0,10
34,1989,0.010875895312726503,2.7596817538359756e-11,5.4410481124924e-06,0.9891186636115653,25,0,10
34,1990,0.01134368742342336,3.042813728668802e-11,5.723771261166685e-06,0.9886505887748883,25,0,10
34,1991,0.011724124164012029,2.3440021557314596e-11,9.256973781482944e-06,0.9882666188387672,25,0,10
34,1992,0.011256119644719792,2.0631033045602693e-11,8.956995743460737e-06,0.9887349233389061,25,0,10
34,1993,0.01063000823131895,2.038993796347833e-11,8.757021730780266e-06,0.9893612347265609,25,0,10
34,1994,0.0007055937553650582,1.7755899266577412e-11,5.545185955054499e-06,0.999288861040925,25,0,10
34,1995,0.0004701394061259925,1.4866771582626506e-11,5.0661890497974555e-06,0.9995247943899582,25,0,10
34,1996,0.0011966495568025625,1.4189721265586907e-11,5.672645657888613e-06,0.9987976777833509,25,0,10
34,1997,0.0018312539890938098,1.6671547592889928e-11,6.5101680374066105e-06,0.9981622358261981,25,0,10
34,1998,0.0016904589922209195,8.287635508802414e-11,6.6205404343233255e-06,0.99830292038447,25,0,10
34,1999,0.0015610370295484738,7.824866830422153e-11,6.214216630150479e-06,0.9984327486755744,25,0,10
34,2000,0.00068258037855825,7.437973851889806e-11,1.0385510278679197e-06,0.9993163809960356,25,0,10
34,2001,0.0009051353829399255,1.84860584339682e-11,1.0366860344572162e-06,0.9990938279125408,25,0,10
34,2002,0.0005417434361094211,1.5223683205279448e-11,3.1409009929710454e-06,0.9994551156476755,25,0,10
34,2003,0.0005994086931680437,1.557034563372357e-11,9.93289126641139e-07,0.9993995980021357,25,0,10
34,2004,0.0003613968970577639,1.2527199455565977e-11,8.021961835464272e-07,0.9996378008942324,25,0,10
34,2005,0.0006601499763378002,1.46674599998031e-11,1.2816109740878298e-06,0.9993385683980222,25,0,10
34,2006,0.000575390176066768,1.091409174413606e-11,9.304165198522236e-07,0.9994236793965006,25,0,10
34,2007,0.0009310822967181695,1.1232514924558993e-11,1.2462505654127856e-06,0.9990676714414852,25,0,10
34,2008,0.0014718348106797935,1.394588909886175e-11,1.4093176783452068e-06,0.9985267558576975,25,0,10
34,2009,0.0012277910269660416,1.3409803196915876e-11,1.3367315286524016e-06,0.9987708722280972,25,0,10
34,2010,0.0008876897355109502,1.0435031778329068e-10,3.1063055682700406e-06,0.9991092038545719,25,0,10
34,2011,0.006325705113275972,1.542609284108012e-11,6.356962041387764e-06,0.9936679379092581,25,0,10
34,2012,0.0062690246492760416,1.3733375914199144e-11,6.246407895278999e-06,0.9937247289290966,25,0,10
34,2013,0.006223498029647334,1.7562550207791073e-11,6.041172456965672e-06,0.9937704607803353,25,0,10
34,2014,0.0062223472962354255,4.4316788524685634e-11,5.909977568230704e-06,0.9937717426818817,25,0,10
34,2015,0.006215438968494354,4.688312112990064e-11,5.982116769221019e-06,0.9937785788678553,25,0,10
34,2016,0.006465408146413934,4.655998157120296e-11,6.0974314972073304e-06,0.9935284943755305,25,0,10
34,2017,0.006453212466850577,1.4563626393999964e-11,6.0044612887634715e-06,0.9935407830572979,25,0,10
34,2018,0.006398788507104359,1.3132021070727625e-11,5.937258192778655e-06,0.9935952742215722,25,0,10
34,2019,0.009616043960326661,2.0170822495414915e-11,1.1598640507983423e-05,0.9903723573789961,25,0,10
34,2020,0.000667544094945279,1.5068978752071538e-11,8.920129507350159e-07,0.9993315638770361,25,0,10
34,2021,0.0008609579055693279,1.5866766486199222e-11,1.0657832812943463e-06,0.9991379762952836,25,0,10
34,2022,0.000915686141372924,1.9132436030288995e-11,1.2689558843842748e-06,0.9990830448836111,25,0,10
34,2023,0.000845550439016351,1.2204801410499064e-11,9.784021805271928e-07,0.9991534711465985,25,0,10
34,2024,0.000348228770578917,7.816783420148812e-12,1.2980713621943627e-06,0.9996504731502428,25,0,10
34,2025,0.000342380255620222,9.398197258140261e-12,1.331694956356228e-06,0.9996562880400264,25,0,10
34,2026,0.00036030700432860467,9.488049135494148e-12,1.3671160671395484e-06,0.9996383258701174,25,0,10
34,2027,0.00036908668142273976,7.481251900094405e-12,1.3902154928762572e-06,0.9996295230956046,25,0,10
34,2028,0.0004218386028037667,1.1157541460241261e-11,1.7507975559215415e-06,0.9995764105884839,25,0,10
34,2029,0.0006129204105548741,1.5887543903964893e-11,1.503771201939936e-06,0.9993855758023567,25,0,10
34,2030,0.0006175245327340349,1.6047400605107883e-11,1.506594525396413e-06,0.9993809688566941,25,0,10
34,2031,0.0006080939118823038,1.5914463654123395e-11,1.4962707639677348e-06,0.9993904098014406,25,0,10
34,2032,0.00035369741944928193,7.395865174949272e-12,7.08638971646799e-07,0.9996455939341844,25,0,10
34,2033,0.00035858378263298467,6.1805849538856906e-12,5.930471674194209e-07,0.9996408231640203,25,0,10
34,2034,0.0008259299786581235,6.752657999379069e-11,9.116101588468123e-07,0.9991731583436576,25,0,10
34,2035,0.0008377073264272475,9.676710076738576e-12,1.0350436815194158e-06,0.9991612576202158,25,0,10
34,2036,0.0007405983299674061,1.2329481688980653e-11,1.924922387744389e-06,0.9992574767353172,25,0,10
34,2037,0.0007336718975684993,1.5307835214530834e-11,1.9563477091905697e-06,0.9992643717394156,25,0,10
34,2038,0.0006734155696090209,1.4229889161152567e-11,1.1444992802975942e-06,0.9993254399168812,25,0,10
34,2039,0.0009078693990121809,1.4435434464384618e-11,1.2814477505126723e-06,0.9990908491388022,25,0,10
34,2040,0.0020073266290015117,1.7268897331192408e-11,4.0142102656219914e-06,0.9979886591434642,25,0,10
34,2041,0.0012914598074637614,1.0745573599732141e-11,1.1085529018343548e-06,0.9987074316288891,25,0,10
34,2042,0.001513579914056733,1.2840417808980262e-11,1.3353859712020978e-06,0.9984850846871325,25,0,10
34,2043,0.0015076960058538374,1.2921877152329288e-11,1.3235148428366017e-06,0.9984909804663823,25,0,10
34,2044,0.0011047057639545102,1.2661151130023978e-11,1.1588190770995635e-06,0.9988941354043083,25,0,10
34,2045,0.0011932429556053318,1.2736424973697943e-11,1.3453710792832413e-06,0.9988054116605798,25,0,10
34,2046,0.0007521459198308838,1.0817702139069594e-11,1.1255519777403265e-06,0.9992467285173745,25,0,10
34,2047,0.020505384015031342,4.8612109958307335e-11,4.8732489428321534e-05,0.9794458834469291,25,0,10
34,2048,0.020512558690655113,4.876595334625187e-11,4.9629566285660415e-05,0.9794378116942943,25,0,10
34,2049,0.020337088082683946,4.3914007537816084e-11,5.0354243151911995e-05,0.9796125576302515,25,0,10
34,2050,0.0004128662958912265,8.281958124046275e-12,1.6846882828835746e-06,0.9995854490075454,25,0,10
34,2051,0.00041179470216338385,9.716877250131163e-12,1.7057420659591024e-06,0.9995864995460555,25,0,10
34,2052,0.00047865293720209743,9.880153967427976e-12,1.8071409482855625e-06,0.9995195399119714,25,0,10
34,2053,0.0004093602802099894,8.65892132670389e-12,1.6540396476332214e-06,0.9995889856714851,25,0,10
34,2054,0.0004769317819515195,1.2917854913135667e-11,9.919843152157685e-07,0.9995220762208171,25,0,10
34,2055,0.0010704596230102427,1.109180887918684e-10,4.078186541556591e-06,0.9989254620795321,25,0,10
34,2056,0.001004457510733747,1.0895257489215138e-10,3.980495280765696e-06,0.9989915618850351,25,0,10
34,2057,0.0010064799924512698,1.4041409247813158e-10,4.101441346199796e-06,0.9989894184257896,25,0,10
34,2058,0.0009791824759180785,1.4174279452285943e-10,4.435425894885902e-06,0.9990163819564454,25,0,10
34,2059,0.0009566873800689671,1.3981128895522641e-10,4.219906304615572e-06,0.9990390925738164,25,0,10
34,2060,0.001029344890712234,1.4206351503550636e-10,4.450463077301721e-06,0.998966204504148,25,0,10
34,2061,0.00146841982198893,1.4211378224330084e-10,4.610315581683316e-06,0.9985269697203171,25,0,10
34,2062,0.001284078834367375,1.0580140646030706e-10,4.213064813777665e-06,0.9987117079950195,25,0,10
34,2063,0.0007504364528675546,6.452199996389901e-12,8.097152188964134e-07,0.9992487538254632,25,0,10
34,2064,0.016707671890849787,1.861427664714655e-11,5.261312800648874e-06,0.9832870667777375,25,0,10
34,2065,0.0011716866057734881,1.4855399174674425e-11,1.4714022962947665e-06,0.9988268419770766,25,0,10
34,2066,0.001296689214555056,1.5661131525119444e-11,1.7729962486593543e-06,0.9987015377735369,25,0,10
34,2067,0.002099774587645783,2.278149416876345e-11,2.41783375284843e-06,0.9978978075558217,25,0,10
34,2068,0.00222034308792151,5.706436728561022e-11,6.294148432750323e-06,0.9977733627065827,25,0,10
34,2069,0.0019986012980123076,5.613728120464457e-11,6.255888337951826e-06,0.9979951427575133,25,0,10
34,2070,0.0010225002715349674,4.365609536164165e-11,4.965476482434136e-06,0.9989725342083271,25,0,10
34,2071,0.0010392805705091138,4.69271251218343e-11,5.149204581857962e-06,0.998955570177983,25,0,10
34,2072,0.0014935871127489825,4.866373546289594e-11,5.517084769022752e-06,0.9985008957538194,25,0,10
34,2073,0.0008408325565722452,1.3296512855469273e-11,1.1404162831390555e-06,0.999158027013849,25,0,10
34,2074,0.00037903247479945356,1.1104336179844545e-11,8.612591525470978e-07,0.9996201062549442,25,0,10
34,2075,0.0006696474100416884,1.2159740943285081e-11,1.1420885053172862e-06,0.9993292104892944,25,0,10
34,2076,0.001128139956074825,1.388184585057221e-11,1.4329492225987235e-06,0.9988704270808213,25,0,10
34,2077,0.0009122357001151279,1.4969569993537372e-11,1.3834792416369776e-06,0.9990863808056735,25,0,10
34,2078,0.000686816169456425,1.170452984290054e-11,1.283598971730369e-06,0.9993119002198683,25,0,10
34,2079,0.0009218465171947037,1.2014474272799513e-11,1.2613205205128374e-06,0.9990768921502706,25,0,10
34,2080,0.0006885544211659301,1.1805140859198751e-11,1.1408850327138655e-06,0.9993103046819969,25,0,10
34,2081,0.00184472228021266,1.358190554463552e-11,1.615241497373209e-06,0.9981536624647087,25,0,10
34,2082,0.00158762220672611,9.124910493998982e-12,1.2790624353428046e-06,0.9984110987217144,25,0,10
34,2083,0.0016866845415721434,7.39229168162372e-12,8.856179157456727e-07,0.9983124298331202,25,0,10
34,2084,0.0017485068916990054,9.572595324529388e-12,1.0766845316013994e-06,0.9982504164141974,25,0,10
34,2085,0.0006947948480056168,9.940160864454308e-12,8.456957147241153e-07,0.9993043594463402,25,0,10
34,2086,0.0009948957167737365,2.1553148862078943e-11,1.38829889594326e-06,0.999003715962778,25,0,10
34,2087,0.0010612353974337923,2.3764711573213365e-11,1.7055984299744832e-06,0.9989370589803728,25,0,10
34,2088,0.0007648364883958246,1.124029022907244e-11,1.08120148468281e-06,0.9992340822988806,25,0,10
34,2089,0.0010057493760228845,1.2734293249557792e-11,1.2457263464449926e-06,0.9989930048848982,25,0,10
34,2090,0.001005344347528238,1.468988164409497e-11,1.3323772911478693e-06,0.9989933232604926,25,0,10
34,2091,0.0012263801634194407,1.471056957048475e-11,2.0572700898165055e-06,0.9987715625517819,25,0,10
34,2092,0.0010194562932154096,1.6359005315845947e-11,1.9196396833579505e-06,0.9989786240507443,25,0,10
34,2093,0.0007023676989256261,8.646238553837936e-12,1.5783770029049554e-06,0.9992960539154282,25,0,10
34,2094,0.00035412440950084755,5.360170505069512e-12,5.176442677276146e-07,0.9996453579408741,25,0,10
34,2095,0.0008361469951461708,1.1362668580962423e-11,2.884114117999838e-06,0.9991609688793757,25,0,10
34,2096,0.000827921594816207,1.0194136027169788e-11,2.7995855409882244e-06,0.9991692788094503,25,0,10
34,2097,0.0008197001631965463,1.1060177024316091e-11,2.796120697041404e-06,0.9991775037050478,25,0,10
34,2098,0.001188737108956707,2.071824882691641e-11,3.604068953146502e-06,0.9988076588013733,25,0,10
34,2099,0.0007255636234750726,1.3410794253652285e-11,1.218106185632125e-06,0.9992732182569303,25,0,10
34,2100,0.0006161095465785822,1.1837674765984651e-11,8.770427763220834e-07,0.9993830133988085,25,0,10
34,2101,0.0003835936081838592,6.292733210300818e-12,1.0226115397051962e-06,0.9996153837739847,25,0,10
34,2102,0.0006122615389279482,8.530573752996053e-12,1.1389994020244223e-06,0.9993865994531406,25,0,10
34,2103,0.0009039912718349342,9.857660701660277e-12,9.424743941482579e-07,0.9990950662439144,25,0,10
34,2104,0.0006745097526097857,7.933184968172485e-12,9.628316486673448e-07,0.9993245274078094,25,0,10
34,2105,0.006298928625253936,1.1302077282818557e-10,1.4576683444135386e-05,0.9936864945782818,25,0,10
34,2106,0.006395218598250354,1.1135447028700008e-10,1.4640777800307531e-05,0.9935901405125953,25,0,10
34,2107,0.006629582085772672,1.145191181146621e-10,1.4866903441182455e-05,0.9933555508962674,25,0,10
34,2108,0.0008746624107468521,9.101611996873712e-12,1.0594257589413905e-06,0.9991242781543938,25,0,10
34,2109,0.0008064754622780317,7.43994610306907e-12,1.272565679995217e-06,0.9991922519646032,25,0,10
34,2110,0.00040120876691594266,6.73184091967116e-12,6.521638089977595e-07,0.9995981390625447,25,0,10
34,2111,0.0011081663107565113,1.4341682370039936e-11,1.3057753460807449e-06,0.998890527899558,25,0,10
34,2112,0.00112840758429986,1.816309337913261e-11,1.652663456078289e-06,0.9988699397340827,25,0,10
34,2113,0.0011297455467766024,1.453175990497949e-11,1.4601554899252713e-06,0.9988687942832027,25,0,10
34,2114,0.0009591061215692049,1.7218403355232283e-11,1.5837699786867463e-06,0.9990393100912346,25,0,10
34,2115,0.0003621869934220502,1.1578030859058403e-11,8.642654549724124e-07,0.9996369487295454,25,0,10
34,2116,0.0005476572944742387,1.6427501467638685e-11,1.258747324917236e-06,0.999451083941774,25,0,10
34,2117,0.0005143485043633581,1.145272982925922e-11,1.0876710168858538e-06,0.999484563813168,25,0,10
34,2118,0.0011712171427655058,1.1200207116294838e-11,1.1998959668695716e-06,0.9988275829500686,25,0,10
34,2119,0.0011767581676114438,1.7455620057729867e-11,1.3806285851215823e-06,0.9988218611863491,25,0,10
34,2120,0.0011306287122507105,1.6934914630963558e-11,1.2838782972965605e-06,0.9988680873925182,25,0,10
34,2121,0.0009195968024926317,1.689361943377331e-11,1.323429339475971e-06,0.9990790797512754,25,0,10
34,2122,0.0006866893584955267,1.8424822607388692e-11,1.2476094399571504e-06,0.9993120630136408,25,0,10
34,2123,0.0009080434712410299,1.5885012185230363e-11,1.9611475963800455e-06,0.9990899953652785,25,0,10
34,2124,0.0010709199015102352,1.1625577853698652e-11,3.3594721139065067e-06,0.9989257206147522,25,0,10
34,2125,0.0013214105215980279,2.1972374997772083e-11,3.735367483226306e-06,0.9986748540889486,25,0,10
34,2126,0.0009037294068777392,2.3323189567205044e-11,3.7076416666231135e-06,0.9990925629281341,25,0,10
34,2127,0.001797802201017579,2.455036965526012e-11,6.4404343957321504e-06,0.998195757340038,25,0,10
34,2128,0.0020395294887613894,2.837877564749165e-11,6.673442726903997e-06,0.997953797040135,25,0,10
34,2129,0.0018666029156427968,2.5060561346491146e-11,6.515036948212217e-06,0.9981268820223498,25,0,10
34,2130,0.0005048182272671541,1.4031801371641727e-11,3.173798320603492e-06,0.9994920079603812,25,0,10
34,2131,0.0004278690806422867,1.3333374716912417e-11,8.353966166680125e-07,0.9995712955094086,25,0,10
34,2132,0.000713828948395349,1.1753016029143986e-11,1.7291029927520324e-06,0.9992844419368602,25,0,10
34,2133,0.0007282910617444895,1.4197814027252578e-11,1.80786364748467e-06,0.9992699010604115,25,0,10
34,2134,0.0004296338455055921,1.512996893634599e-11,9.599773322196903e-07,0.9995694061620329,25,0,10
34,2135,0.0003706545537308958,1.1003765069282126e-11,7.559390572844488e-07,0.9996285894962091,25,0,10
34,2136,0.0003638592035903308,9.935749063003764e-12,7.133966967228258e-07,0.9996354273897768,25,0,10
34,2137,0.0005597291621740796,1.570606056209784e-11,3.3857687706046132e-06,0.9994368850533497,25,0,10
34,2138,0.0005878775276078825,1.1924799227529688e-11,8.983433787072624e-07,0.9994112241170895,25,0,10
34,2139,0.0005839782051178262,1.1093280467526872e-11,8.619165830530517e-07,0.9994151598672072,25,0,10
34,2140,0.0008228594301913427,1.3074380786622865e-11,1.0568432268230281e-06,0.9991760837135089,25,0,10
34,2141,0.0005783140130064545,1.0390273403555255e-11,7.739155432930582e-07,0.9994209120610614,25,0,10
34,2142,0.00040384827317905213,1.0827046299242853e-11,7.649449519148828e-07,0.9995953867710433,25,0,10
34,2143,0.0011638427581249183,1.5794389125466666e-11,1.2969720892195606e-06,0.9988348602539928,25,0,10
34,2144,0.0010974816884408187,1.3221378253513779e-11,1.1328531389568133e-06,0.9989013854452,25,0,10
34,2145,0.0011610806714781698,1.383900738257181e-11,1.1780216501713916e-06,0.9988377412930339,25,0,10
34,2146,0.002415722549171847,1.8696121876451103e-11,2.0441474833456233e-06,0.9975822332846489,25,0,10
34,2147,0.000923257996752253,1.1570785571585834e-11,1.0912669813600744e-06,0.9990756507246965,25,0,10
34,2148,0.0012304515459445268,1.477115237434381e-11,2.2556026084726196e-06,0.9987672928366769,25,0,10
34,2149,0.0017763483254444267,2.4261228977413382e-11,2.8768094365859495e-06,0.9982207748408588,25,0,10
34,2150,0.0022257953539139962,2.2064514597647312e-11,2.952050675178175e-06,0.9977712525733474,25,0,10
34,2151,0.0015746134881427882,1.8446095665245745e-11,1.8384856371083344e-06,0.998423548007775,25,0,10
34,2152,0.0018090105779741642,2.0040001044905325e-11,2.0583184655056094e-06,0.9981889310835206,25,0,10
34,2153,0.0017180458210611929,1.903774799699434e-11,1.8048195632866442e-06,0.9982801493403376,25,0,10
34,2154,0.0012652665514510993,1.7157290882120574e-11,1.6125571744784545e-06,0.998733120874217,25,0,10
34,2155,0.0014549403281049003,1.7433252234816302e-11,1.651415386076309e-06,0.998543408239076,25,0,10
34,2156,0.00106927019179703,1.7651057489798974e-11,1.350525221972835e-06,0.9989293792653313,25,0,10
34,2157,0.0008425806001181378,1.230891316964251e-11,1.0128552156475774e-06,0.9991564065323587,25,0,10
34,2158,0.0012778219985340566,1.1316569220661789e-11,1.1982958834746407e-06,0.9987209796942674,25,0,10
34,2159,0.001334927583453126,1.7534002683074492e-11,1.6504062279729833e-06,0.9986634219927862,25,0,10
34,2160,0.0013220487096636548,1.5288351567127517e-11,1.384578302812642e-06,0.9986765666967462,25,0,10
34,2161,0.0006519987283225925,1.2164356183025943e-11,1.042024375660709e-06,0.999346959235138,25,0,10
34,2162,0.000610074237204739,1.213357470908471e-11,8.700666175917614e-07,0.9993890556840452,25,0,10
34,2163,0.0008155133988429547,8.433377263593316e-12,8.825033838864704e-07,0.9991836040893406,25,0,10
34,2164,0.0006619962128241827,8.35975823259903e-12,9.481579800714274e-07,0.9993370556208372,25,0,10
34,2165,0.0007349782987938553,1.2920563431696084e-11,1.3578978313985741e-06,0.9992636637904551,25,0,10
34,2166,0.0006502279643555839,1.4352627367838965e-11,1.4615085757715631e-06,0.9993483105127169,25,0,10
34,2167,0.0006763646600766329,1.47654309651785e-11,1.507206880288104e-06,0.9993221281182793,25,0,10
34,2168,0.0006791805425962243,1.4759885780172547e-11,1.452947345883747e-06,0.9993193664952998,25,0,10
34,2169,0.011200180755105562,2.3510780754541346e-11,4.725525758884593e-06,0.9887950936956261,25,0,10
34,2170,0.010575454968064753,2.0982965332219804e-11,4.577146489263441e-06,0.9894199678644648,25,0,10
34,2171,0.010693231474993736,1.9170701760066174e-11,4.917468631180457e-06,0.9893018510372058,25,0,10
34,2172,0.0011134395572196516,1.3580464201611454e-11,1.8061634936950873e-06,0.9988847542657076,25,0,10
34,2173,0.0008859465116167341,1.0859108689101751e-11,1.0907008577397107e-06,0.9991129627766675,25,0,10
34,2174,0.0012197424022152028,4.400533138447481e-11,4.2814580410159904e-06,0.9987759760957394,25,0,10
34,2175,0.0008325259299466445,4.6136885303243236e-11,4.092246724674489e-06,0.9991633817771931,25,0,10
34,2176,0.0004226915695721639,9.445565873553409e-12,6.611398970482942e-07,0.9995766472810871,25,0,10
34,2177,0.0008629286857722856,1.1919017432973e-11,1.0640216054039176e-06,0.9991360072807052,25,0,10
34,2178,0.0011066703424277879,1.1651015165489814e-11,1.089682407262808e-06,0.9988922399635152,25,0,10
34,2179,0.0007277686600208917,1.6859897525396932e-11,1.1510407187583246e-06,0.9992710802824014,25,0,10
34,2180,0.0006213670531296166,9.710609439916926e-12,8.903139176435325e-07,0.9993777426232431,25,0,10
34,2181,0.03653340100157142,3.4926446329972335e-10,7.858195421976321e-05,0.9633880166949451,25,0,10
34,2182,0.00037000497817235817,5.8188758722773265e-12,5.818712324034407e-07,0.9996294131447772,25,0,10
34,2183,0.0005871151954264744,8.995001552230843e-12,7.064991876867772e-07,0.9994121782963926,25,0,10
34,2184,0.002454463834048613,2.3690982746334738e-11,9.354120712815817e-06,0.9975361820215493,25,0,10
34,2185,0.0024589599903572287,2.3898569681682145e-11,9.412812255693994e-06,0.997531627173489,25,0,10
34,2186,0.001994972194226924,5.267523287933427e-11,9.253931168095826e-06,0.9979957738219309,25,0,10
34,2187,0.0020319649944435486,5.257985940171889e-11,9.36565317259935e-06,0.9979586692998051,25,0,10
34,2188,0.002034673012893641,5.2531268385411895e-11,9.382545871654367e-06,0.9979559443887049,25,0,10
34,2189,0.018127585692103817,5.478194285804609e-11,1.601513475560636e-05,0.9818563991183598,25,0,10
34,2190,0.01859918446038827,5.971878197846294e-11,1.6500795590350213e-05,0.9813843146843041,25,0,10
34,2191,0.0186827770706945,3.339073168767175e-11,1.6647938863636847e-05,0.9813005749570521,25,0,10
34,2192,0.01831182089773308,3.198266917378373e-11,1.6653983134858023e-05,0.9816715250871505,25,0,10
34,2193,0.01677562044165711,5.313859604412524e-11,9.243367459348945e-06,0.9832151361377461,25,0,10
34,2194,0.016746747114287534,5.179893145552421e-11,9.097633567756487e-06,0.9832441552003478,25,0,10
34,2195,0.016680101457358452,4.904714689643535e-11,8.10074826719944e-06,0.9833117977453293,25,0,10
34,2196,0.0007879802410403124,4.840457559039212e-11,1.4350654396065433e-06,0.999210584645117,25,0,10
34,2197,0.0006551188702116628,1.2549642898796587e-11,1.044594794959322e-06,0.9993438365224453,25,0,10
34,2198,0.0005964941243835218,1.0350078513375553e-11,7.867864013675479e-07,0.9994027190788666,25,0,10
34,2199,0.0005865440473952265,1.0404555298660898e-11,8.834362209464543e-07,0.9994125725059808,25,0,10
34,2200,0.0007849520065045915,2.0483012707017168e-11,1.4890561912441033e-06,0.9992135589168227,25,0,10
34,2201,0.0004297191213585656,1.3649582778533373e-11,8.641703752669521e-07,0.999569416694618,25,0,10
34,2202,0.0003779433793902342,1.0641971727947899e-11,6.131258607731541e-07,0.9996214434841084,25,0,10
34,2203,0.013526789743392576,8.84991194794581e-11,1.5350317014433632e-05,0.9864578598510954,25,0,10
34,2204,0.0007050783532921017,1.3291239049130307e-11,2.1494790773840517e-06,0.9992927721543405,25,0,10
34,2205,0.0011673002318711848,1.6292119156534055e-11,2.342597037613564e-06,0.9988303571548001,25,0,10
34,2206,0.0008214870911248479,1.2137301143649018e-11,2.884122050037431e-06,0.9991756287746886,25,0,10
34,2207,0.0007130516987759807,1.2104917712131706e-11,2.119059381348275e-06,0.9992848292297383,25,0,10
34,2208,0.0013738715180877281,1.7820919079630335e-11,2.5144869147602925e-06,0.9986236139771772,25,0,10
34,2209,0.0013688124227764962,1.9915739919215374e-11,2.596346538529591e-06,0.99862859121077,25,0,10
34,2210,0.001153199714475681,2.2488672764306107e-11,2.8187762160172775e-06,0.9988439814868206,25,0,10
34,2211,0.0005219461343796696,1.1401796607430423e-11,1.7450662724288715e-06,0.9994763087879472,25,0,10
34,2212,0.0010548621472576557,2.1957136728481718e-11,2.422394021069793e-06,0.9989427154367648,25,0,10
34,2213,0.0012307141027068963,1.9095143589202568e-11,2.6283800424926563e-06,0.9987666574981566,25,0,10
34,2214,0.0010724245157700666,1.75987774168208e-11,2.5237691226660117e-06,0.9989250516975093,25,0,10
34,2215,0.0012251213452148656,1.5925831915683207e-11,2.216318701787359e-06,0.9987726623201576,25,0,10
34,2216,0.002112562540642086,1.8015574661703484e-11,4.007773207505481e-06,0.9978834296681355,25,0,10
34,2217,0.0019284992055024865,1.8524774380842666e-11,3.949463727877007e-06,0.9980675513122459,25,0,10
34,2218,0.0009704205157958401,1.1809890774368675e-11,1.959314677686107e-06,0.9990276201577177,25,0,10
34,2219,0.0007328711973600696,9.105185040353464e-12,1.746724644210851e-06,0.9992653820688921,25,0,10
34,2220,0.000995376568150773,1.1795112593440185e-11,2.9911500966127585e-06,0.9990016322699589,25,0,10
34,2221,0.0015278425383163056,1.5303588510974016e-11,3.328040354084013e-06,0.9984688294060272,25,0,10
34,2222,0.0011085947114741076,1.0911224566790628e-11,1.879742142910264e-06,0.9988895255354724,25,0,10
34,2223,0.0014096420756580436,1.1169668050803408e-11,1.25788489171489e-06,0.998589100028282,25,0,10
34,2224,0.0014040251347203164,1.4259272033485636e-11,1.203885588407184e-06,0.9985947709654341,25,0,10
34,2225,0.0016529834149672006,1.555491290098938e-11,1.5158535369724503e-06,0.9983455007159425,25,0,10
34,2226,0.001571059213810892,1.7790422946281343e-11,1.4254817636163657e-06,0.9984275152866369,25,0,10
34,2227,0.0005875412430166494,9.744496562424634e-12,7.922188011057396e-07,0.999411666528439,25,0,10
34,2228,0.0008372388008871998,1.3053035968028236e-11,1.8230883066169713e-06,0.9991609380977544,25,0,10
34,2229,0.0008368063839277962,8.705628879042189e-12,1.5965186207048228e-06,0.9991615970887469,25,0,10
34,2230,0.0005902902474671927,6.541873479298235e-12,5.530736782135893e-07,0.9994091566723139,25,0,10
34,2231,0.0007005478919188948,8.49511462628091e-12,7.898231307432872e-07,0.9992986622764556,25,0,10
34,2232,0.0007126061702859333,9.648404287577744e-12,8.63616349205502e-07,0.9992865302037166,25,0,10
34,2233,0.000792900784164213,1.2903202171448245e-11,1.1289105003770934e-06,0.9992059702924325,25,0,10
34,2234,0.0006744428880569863,1.4923674110812666e-11,1.3341556414767588e-06,0.9993242229413787,25,0,10
34,2235,0.0006736079778315727,1.2902168404215267e-11,1.313461431436343e-06,0.9993250785478358,25,0,10
34,2236,0.0005543260185642126,1.2809798112671181e-11,1.2157303511628685e-06,0.9994444582382757,25,0,10
34,2237,0.00042504551551859204,1.0580133178354247e-11,9.76808129630017e-07,0.9995739776657727,25,0,10
34,2238,0.0008809947089429545,1.3268895199613927e-11,1.327328476197939e-06,0.9991176779493135,25,0,10
34,2239,0.0008629177848460139,1.2436567565805714e-11,1.1410733918596702e-06,0.9991359411293271,25,0,10
34,2240,0.0007881524919477079,8.290630504115308e-12,7.645304602646996e-07,0.9992110829693036,25,0,10
34,2241,0.0008006964991058818,1.1337758699219804e-11,1.0008029259461415e-06,0.9991983026866325,25,0,10
34,2242,0.0007996694395235553,8.514490558909616e-12,7.839640523876572e-07,0.9991995465879117,25,0,10
34,2243,0.000584698134576775,6.504592056744445e-12,6.329785284250196e-07,0.999414668880392,25,0,10
34,2244,0.0005998804542866216,8.027069637566637e-12,7.374166573174436e-07,0.9993993821210313,25,0,10
34,2245,0.0006743751841396371,1.2378508201233375e-11,9.919385948101165e-07,0.9993246328648893,25,0,10
34,2246,0.0006604028976727738,1.2271403912639675e-11,9.857229075302108e-07,0.99933861136715,25,0,10
34,2247,0.000784792817966031,1.2384459398633532e-11,1.1470389364046655e-06,0.9992140601307138,25,0,10
34,2248,0.000549176749064599,9.842502966348607e-12,9.324359085067428e-07,0.999449890805185,25,0,10
34,2249,0.0004913887710541593,8.558939414567283e-12,8.164562631016051e-07,0.9995077947641243,25,0,10
34,2250,0.0011963659103590306,1.233043667573867e-11,1.4040315082955541e-06,0.9988022300458035,25,0,10
34,2251,0.0015505289712999465,1.053953942949479e-11,1.7736432369699721e-06,0.9984476973749242,25,0,10
34,2252,0.0015995312841532976,1.0149611823436559e-11,1.8680658961957732e-06,0.9983986006398017,25,0,10
34,2253,0.0006391080764847282,1.5582969633426806e-11,1.3035115952455626e-06,0.9993595883963385,25,0,10
34,2254,0.0005546402431861142,1.772221342582526e-11,1.204629113835739e-06,0.9994441551099795,25,0,10
34,2255,0.010486790359494354,1.2976093917002675e-10,1.0415231259726517e-05,0.9895027942794868,25,0,10
34,2256,0.010477166930385917,1.2984454961469288e-10,1.0417679111692407e-05,0.9895124152606596,25,0,10
34,2257,0.0003789551015725591,1.1870178184352605e-11,6.829694319385353e-07,0.9996203619171274,25,0,10
34,2258,0.00042636093564492995,8.956126882330444e-12,7.34250413449507e-07,0.999572904804987,25,0,10
34,2259,0.0012966744132387924,9.034712540103811e-12,1.157177248843601e-06,0.998702168400479,25,0,10
34,2260,0.010662404409480346,1.405069111364999e-11,4.167630381499829e-06,0.9893334279460894,25,0,10
34,2261,0.0003539827035265227,5.942626156968415e-12,6.192497670825448e-07,0.9996453980407652,25,0,10
34,2262,0.00047599293212099373,7.704652730526852e-12,8.743298955566451e-07,0.9995231327302803,25,0,10
34,2263,0.0004654282742954729,8.46705720793597e-12,8.210160880886425e-07,0.999533750701151,25,0,10
34,2264,0.00045584411900472736,7.994794144656426e-12,7.56839438133912e-07,0.9995433990335637,25,0,10
34,2265,0.0008592365115791572,7.235215012529866e-12,1.0619675949101076e-06,0.999139701513592,25,0,10
34,2266,0.0016154549631644433,9.866265004330264e-12,1.2798287657237338e-06,0.9983832651982045,25,0,10
34,2267,0.0014128384052489423,1.128573432410237e-11,1.422219467788439e-06,0.998585739363999,25,0,10
34,2268,0.001376943278287538,1.56575697505488e-11,1.866313447226458e-06,0.998621190392609,25,0,10
34,2269,0.001539119862442212,1.6011232140648568e-11,1.638378589017689e-06,0.9984592417429587,25,0,10
34,2270,0.007299320362936846,2.4997093019076025e-11,8.408363097328678e-06,0.9926922712489699,25,0,10
34,2271,0.007285485278999388,2.4293478837948807e-11,8.33421649960158e-06,0.9927061804802093,25,0,10
34,2272,0.001965164753069416,1.836188858943227e-11,1.795270436686358e-06,0.9980330399581342,25,0,10
34,2273,0.001803307279489268,1.184171684707778e-10,7.5005276857724745e-06,0.9981891920744096,25,0,10
34,2274,0.0017891750512708344,2.504398743074121e-11,2.0858242047418536e-06,0.9982087390994822,25,0,10
34,2275,0.0012789913831866336,1.4239212610757402e-11,1.4219438294548446e-06,0.9987195866587473,25,0,10
34,2276,0.0010477398126150978,1.3740888703527489e-11,1.2078350045678408e-06,0.9989510523386416,25,0,10
34,2277,0.0010691726470484233,1.1416899969611636e-11,1.2136827447213428e-06,0.9989296136587926,25,0,10
34,2278,0.0010670902923705964,1.3452315850085723e-11,1.2533905707246223e-06,0.9989316563036083,25,0,10
34,2279,0.0012127760103361148,1.581906902523454e-11,1.6693401555823548e-06,0.9987855546336912,25,0,10
34,2280,0.0006139719331908878,1.5614963122459735e-11,1.2862123173515195e-06,0.999384741838878,25,0,10
34,2281,0.0006011211010679851,1.4431273848445648e-11,1.2290370109459071e-06,0.999397649847491,25,0,10
34,2282,0.0005863159892718969,1.5528920687690048e-11,1.2570292804718684e-06,0.9994124269659198,25,0,10
34,2283,0.0008774009231987257,2.281081149963242e-11,1.530728955172328e-06,0.9991210683250362,25,0,10
34,2284,0.0005302756778135765,1.7014844689679497e-11,1.1376197959203183e-06,0.999468586685377,25,0,10
34,2285,0.0007671288367496544,1.2907391444650557e-11,1.1480359391135438e-06,0.9992317231144058,25,0,10
34,2286,0.0013474431281457258,1.642959205020648e-11,2.470454296726567e-06,0.9986500864011292,25,0,10
34,2287,0.0011771277594785493,1.492314809752388e-11,2.471542264212159e-06,0.9988204006833352,25,0,10
34,2288,0.0006950083184195116,1.0708913852988147e-11,1.0126163719750724e-06,0.9993039790545011,25,0,10
34,2289,0.0005772730443717029,9.617963422200901e-12,7.820021315318971e-07,0.9994219449438805,25,0,10
34,2290,0.000993919540171248,1.54740607440923e-11,1.3527519194979893e-06,0.9990047276924365,25,0,10
34,2291,0.011356229227942827,8.08067849835394e-11,6.767412357519572e-06,0.9886370032788939,25,0,10
34,2292,0.0014471923999975253,1.40937210230346e-10,5.287642166820376e-06,0.9985475198168996,25,0,10
34,2293,0.0009362075755056489,7.302680368009962e-11,5.338080215259089e-06,0.9990584542712532,25,0,10
34,2294,0.009030540044557916,7.349957474491098e-11,5.005858443021996e-05,0.9909194012975129,25,0,10
34,2295,0.00044109088722523257,6.431295181324919e-12,2.8544418174699374e-06,0.9995560546645266,25,0,10
34,2296,0.0008117303172028396,1.1349034997029021e-11,9.674790265731016e-07,0.9991873021924218,25,0,10
34,2297,0.0005725064207786468,6.552482485804221e-12,6.933908251642258e-07,0.999426800181844,25,0,10
34,2298,0.00037363116921279875,1.0290703308043287e-11,6.968282344617344e-07,0.9996256719922633,25,0,10
34,2299,0.0009051988932684635,1.4676845372917806e-11,1.3423857247952192e-06,0.9990934587063309,25,0,10
34,2300,0.0015420501289402614,1.704566191045761e-11,2.094266534463105e-06,0.9984558555874803,25,0,10
34,2301,0.0011500636967129987,1.2392590902930389e-11,1.4144106395945529e-06,0.9988485218802561,25,0,10
34,2302,0.0009085808864606417,1.0351954867066734e-11,1.1250005520165831e-06,0.9990902941026369,25,0,10
34,2303,0.000598543265111748,9.800002111245491e-11,1.13106553747155e-06,0.9994003255713523,25,0,10
34,2304,0.0004240344032096776,7.554850126417275e-12,7.333572303517084e-07,0.9995752322320063,25,0,10
34,2305,0.0007127056150809444,1.3711120449072722e-11,1.0319111922933768e-06,0.999286262460017,25,0,10
34,2306,0.0009531009530301655,1.3990596273272662e-11,1.161885423272353e-06,0.9990457371475575,25,0,10
34,2307,0.000704434995520083,1.1705524009827641e-11,1.0063118367296898e-06,0.9992945586809389,25,0,10
34,2308,0.0014620272386214953,7.833390844882392e-11,3.955520195590358e-06,0.9985340171628497,25,0,10
34,2309,0.0008816043363013888,1.0313375458252774e-11,1.0577955196796436e-06,0.9991173378578663,25,0,10
34,2310,0.0006472756169461047,7.433718189903937e-12,7.910113041626638e-07,0.9993519333643173,25,0,10
34,2311,0.0006584082145243745,8.854314029342251e-12,8.834766452845913e-07,0.9993407082999763,25,0,10
34,2312,0.000965604613998675,1.3219621509094003e-11,1.2740766850428148e-06,0.9990331212960968,25,0,10
34,2313,0.0013308208426486598,1.8882926173850546e-11,1.3364183970368001e-06,0.9986678427200714,25,0,10
34,2314,0.001344321845277456,1.6899783413684255e-11,1.4568995868889697e-06,0.9986542212382361,25,0,10
34,2315,0.0013263796382205605,1.711656931515175e-11,1.4218130859692797e-06,0.998672198531578,25,0,10
34,2316,0.00139373333115827,2.126261925679562e-11,1.494660946104611e-06,0.9986047719866339,25,0,10
34,2317,0.0009748778369533792,1.9171055781092314e-11,1.3431585420020848e-06,0.9990237789853346,25,0,10
34,2318,0.004199240954714532,1.789141617473238e-11,3.971784391631896e-06,0.9957967872430038,25,0,10
34,2319,0.004333744618916191,1.954651146869012e-11,4.0642975209414234e-06,0.9956621910640182,25,0,10
34,2320,0.0038578850079924896,1.8299913385662675e-11,3.745815354270935e-06,0.9961383691583553,25,0,10
34,2321,0.0005782807494971253,1.0837471683676491e-11,7.704076314139286e-07,0.9994209488320354,25,0,10
34,2322,0.0017000992665706749,1.1945041410575055e-11,6.707170979247024e-06,0.9982931935505066,25,0,10
34,2323,0.0017818349975431346,1.4205563708303126e-11,6.956745104437648e-06,0.9982112082431476,25,0,10
34,2324,0.0021846700675677176,1.2295762510440976e-11,7.341063902327822e-06,0.9978079888562351,25,0,10
34,2325,0.0008391398607026406,1.6244225865411608e-11,1.1251399077009344e-06,0.999159734983147,25,0,10
34,2326,0.0006647398490219891,1.461789701037735e-11,1.1214028418411228e-06,0.9993341387335194,25,0,10
34,2327,0.0010784721511296125,4.527448995449699e-11,1.3146336061849598e-06,0.9989202131699906,25,0,10
34,2328,0.00040378253074969744,4.512430923578026e-11,1.0761611698342864e-06,0.9995951412629573,25,0,10
34,2329,0.0018439657633122896,4.8917582814521903e-11,1.91388086793536e-06,0.9981541203069034,25,0,10
34,2330,0.0006395284590150678,4.697316714533111e-11,1.516599486209296e-06,0.9993589548945263,25,0,10
34,2331,0.0016509674032305654,5.305620328083797e-11,2.0410707660328978e-06,0.9983469914729476,25,0,10
34,2332,0.002109075667720841,1.1931518513172741e-10,6.194014929413003e-06,0.9978847301980349,25,0,10
34,2333,0.011216226324676457,1.2248937253338147e-10,1.2367415181756866e-05,0.9887714061376532,25,0,10
34,2334,0.011930541061003505,8.851901312591233e-11,1.2373251040998317e-05,0.9880570855994373,25,0,10
34,2335,0.012081389378617606,8.977226499400492e-11,1.2073023646750583e-05,0.9879065375079641,25,0,10
34,2336,0.012163870987570014,9.194363571623663e-11,1.2160126643526123e-05,0.9878239687938435,25,0,10
34,2337,0.011993122606277716,8.819632591963893e-11,9.973655547848802e-06,0.9879969036499786,25,0,10
34,2338,0.011514495420308886,9.079027079019837e-11,9.80449646562605e-06,0.9884756999924353,25,0,10
34,2339,0.012129974306810332,2.7001624479619996e-11,6.297007266011737e-06,0.9878637286589218,25,0,10
34,2340,0.001844197765351417,1.5101523349426706e-11,1.5997858829584669e-06,0.9981542024336637,25,0,10
34,2341,0.0013827788016209219,1.767811246702552e-11,1.4828736612470963e-06,0.9986157383070394,25,0,10
34,2342,0.0014490990095633997,2.088719579749694e-11,1.9646311477654114e-06,0.9985489363384018,25,0,10
34,2343,0.0012219467095550486,1.8670200035450745e-11,1.7190748273192567e-06,0.9987763341969479,25,0,10
34,2344,0.001144990028792713,1.2832443973204518e-11,1.2480011073754408e-06,0.9988537619572684,25,0,10
34,2345,0.0009659358368476078,1.2510984447242464e-11,1.2370868567625458e-06,0.9990328270637852,25,0,10
34,2346,0.0012004588964239435,1.3693942470462264e-11,1.3973290193615317e-06,0.9987981437608631,25,0,10
34,2347,0.0007238847248474475,1.3513880735136889e-11,1.1789830570621427e-06,0.9992749362785825,25,0,10
34,2348,0.0007739889576625205,1.6145709500840586e-11,1.3647886223514084e-06,0.9992246462375708,25,0,10
34,2349,0.001430954711573254,2.3137935239909746e-11,2.224937210233635e-06,0.9985668203280794,25,0,10
34,2350,0.001269443016529555,2.2989895039226262e-11,1.931213106584265e-06,0.9987286257473741,25,0,10
34,2351,0.0011998480828078432,2.4838649355860667e-11,1.8433259054919284e-06,0.9987983085664479,25,0,10
34,2352,0.0011229245942084804,1.95242792736489e-11,1.4132279243995452e-06,0.9988756621583432,25,0,10
34,2353,0.0011071638062270888,1.8044158279700774e-11,1.411523856014099e-06,0.9988914246518732,25,0,10
34,2354,0.0008755715836686836,1.793057725236381e-11,1.2328704474709335e-06,0.9991231955279539,25,0,10
34,2355,0.001343612061602739,1.7083686938506288e-11,1.4191869182120442e-06,0.9986549687343959,25,0,10
34,2356,0.0012910346035302609,1.0716664483971315e-10,1.0625098823359534e-05,0.9986983401904805,25,0,10
34,2357,0.004624498969957542,4.008142780327753e-10,2.3192515145403895e-05,0.9953523081140841,25,0,10
34,2358,0.004638036063495655,3.1141571043553253e-10,1.533530204461606e-05,0.9953466283230459,25,0,10
34,2359,0.004691672010387275,3.1343946816702367e-10,1.5580268691432832e-05,0.9952927474074836,25,0,10
34,2360,0.004638045122388548,3.15359133265353e-10,1.5503777458676807e-05,0.9953464507847954,25,0,10
34,2361,0.004419396760106096,3.1851041195835345e-10,1.551826748364336e-05,0.9955650846539013,25,0,10
34,2362,0.003951884393031513,3.153121968905438e-10,1.5206316386040415e-05,0.9960329089752716,25,0,10
34,2363,0.0005903528227694607,1.471128371477967e-11,2.415416129068606e-06,0.9994072317463915,25,0,10
34,2364,0.0005770069751269403,1.364713264386546e-11,2.384492513600278e-06,0.9994206085187135,25,0,10
34,2365,0.0005805535300315034,1.3100368610276262e-11,2.3336668589456153e-06,0.9994171127900102,25,0,10
34,2366,0.0005836403142920021,7.908732596669086e-12,7.623361957979524e-07,0.9994155973416045,25,0,10
34,2367,0.0006575439575729425,1.3739380459853348e-11,1.1333580218877012e-06,0.9993413226706673,25,0,10
34,2368,0.0004117933002890942,9.483836485321839e-12,7.610954001633936e-07,0.9995874455948284,25,0,10
34,2369,0.0006531687401452712,1.2127105838758637e-11,1.0537764743663392e-06,0.9993457774712543,25,0,10
34,2370,0.0007773877173210818,1.3158211878055716e-11,1.2711266652499254e-06,0.9992213411428572,25,0,10
34,2371,0.000785255757886983,1.442784738493678e-11,1.5049045970546055e-06,0.9992132393230899,25,0,10
34,2372,0.0012642840180791914,1.562703495059632e-11,1.7865016150913214e-06,0.9987339294646803,25,0,10
34,2373,0.0011946472140942042,1.4067770055146359e-11,1.5935032157178555e-06,0.9988037592686237,25,0,10
34,2374,0.0008071397346095249,1.313083184478282e-11,1.231012624617241e-06,0.9991916292396367,25,0,10
34,2375,0.0006309103897365722,1.4123512386409352e-11,1.2214371677124715e-06,0.9993678681589736,25,0,10
34,2376,0.0005157302646270557,1.0915548087551237e-11,1.0453866915840825e-06,0.9994832243377669,25,0,10
34,2377,0.006598835780205794,6.890144328712447e-11,8.034908783238325e-05,0.9933208150630612,25,0,10
34,2378,0.0064714653480717164,6.826632827187825e-11,7.99767552104e-05,0.9934485578284528,25,0,10
34,2379,0.006429115292839136,7.234230059563446e-11,8.138032614521703e-05,0.9934895043086747,25,0,10
34,2380,0.00663758753605374,1.1051331902223267e-10,8.763043614696532e-05,0.9932747819172874,25,0,10
34,2381,0.0006171985805781538,4.959309461108866e-11,8.356107483428819e-06,0.9993744452623469,25,0,10
34,2382,0.0006784210134754513,5.653613018469665e-11,8.630268349875624e-06,0.9993129486616397,25,0,10
34,2383,0.00041945486063041127,1.2596551578505279e-11,2.2176927620336257e-06,0.9995783274340116,25,0,10
34,2384,0.0004288656092652265,1.4765820746692512e-11,2.344166084685178e-06,0.9995687902098845,25,0,10
34,2385,0.00042757179259780067,1.4203700080639387e-11,2.3035643654878555e-06,0.9995701246288339,25,0,10
34,2386,0.000431507129465219,1.3621605732272109e-11,2.1330886791324227e-06,0.9995663597682349,25,0,10
34,2387,0.00043464574391364504,1.4319809842692268e-11,2.198702926981073e-06,0.9995631555388406,25,0,10
34,2388,0.0006135721160853972,1.634783344822872e-10,2.5794146086097556e-06,0.9993838483058292,25,0,10
34,2389,0.0011031428108866852,1.3823283669293061e-11,2.427198558014435e-06,0.9988944299767334,25,0,10
34,2390,0.001150737655637333,1.525736868895407e-11,2.557952781067106e-06,0.9988467043763258,25,0,10
34,2391,0.002433227214277082,7.813923706156712e-11,6.440388271698055e-06,0.997560332319313,25,0,10
34,2392,0.002689771387837777,8.648453075114885e-11,6.817229380479348e-06,0.9973034112962986,25,0,10
34,2393,0.0022410097188324675,8.649352797741003e-11,5.397187087861992e-06,0.997753593007587,25,0,10
34,2394,0.0010756002255445792,2.985358004159358e-11,3.6103863220230456e-06,0.9989207893582807,25,0,10
34,2395,0.0005511437074031304,1.628033759695581e-11,2.8313192375856607e-06,0.9994460249570802,25,0,10
34,2396,0.0010379139163087705,2.1751811592121775e-11,3.2843896875595383e-06,0.998958801672253,25,0,10
34,2397,0.00036021485006452325,8.33995949979128e-12,5.950832811451616e-07,0.9996391900583164,25,0,10
34,2398,0.0003553223372942576,8.38729900864778e-12,5.985886671994297e-07,0.9996440790656531,25,0,10
34,2399,0.000589277588307809,1.0331412509601505e-11,7.127150655651433e-07,0.9994100096862972,25,0,10
34,2400,0.0003960609163368005,6.128660090316646e-12,6.24529645262202e-07,0.9996033145478915,25,0,10
34,2401,0.00039101732895429134,6.15365366502743e-12,6.922770266983735e-07,0.9996082903878674,25,0,10
34,2402,0.03346548664001174,9.025585209086312e-12,2.1279183888803575e-05,0.9665132341670752,25,0,10
34,2403,0.0004036075903635713,6.2826646182794686e-12,6.933157962134011e-07,0.9995956990875589,25,0,10
34,2404,0.00034742943596956406,6.871280507831233e-12,5.830708637162153e-07,0.9996519874862971,25,0,10
34,2405,0.0003572102343373295,6.994638294243117e-12,1.3463135541933738e-06,0.9996414434451155,25,0,10
34,2406,0.00047202006554377415,9.867064177380143e-11,1.5677030556878892e-06,0.9995264121327313,25,0,10
34,2407,0.0007747193957350501,1.0295925999641287e-10,1.158821746902429e-06,0.99922412167956,25,0,10
34,2408,0.0007910831895634632,1.6745454752547153e-11,1.3620315017162206e-06,0.9992075547621901,25,0,10
34,2409,0.0006891882530226483,1.521744016538959e-11,1.1754626221289347e-06,0.999309636269139,25,0,10
34,2410,0.0006461278300537654,1.0054488552016358e-10,1.0764879226012005e-06,0.9993527955814799,25,0,10
34,2411,0.000971099844537666,9.676965547665654e-11,2.0438561195037226e-06,0.9990268562025741,25,0,10
34,2412,0.0009224448611334332,1.0162353386574387e-10,2.135961051999809e-06,0.9990754190761922,25,0,10
34,2413,0.0009318034963579645,1.5791056362878933e-10,2.0564373038982723e-06,0.9990661399084285,25,0,10
34,2414,0.0013036542834209991,1.0429612177916657e-10,2.657971184894768e-06,0.9986936876410989,25,0,10
34,2415,0.0013764120648744951,1.0769260504273541e-10,2.9782416883902977e-06,0.9986206095857457,25,0,10
34,2416,0.001257599151916914,1.0498595212626874e-10,2.6836927326023862e-06,0.9987397170503661,25,0,10
34,2417,0.0009468982237607732,1.254324639144778e-11,2.3001768485298914e-06,0.9990508015868491,25,0,10
34,2418,0.0012587619987372669,7.624513307685539e-11,4.166038743663714e-06,0.9987370718862754,25,0,10
34,2419,0.0011368210060163759,1.838163634116936e-11,2.582296123502312e-06,0.9988605966794799,25,0,10
34,2420,0.001128059696124976,1.717949838991295e-11,2.420182976960188e-06,0.9988695201037203,25,0,10
34,2421,0.0012658087378524963,1.8320527271611916e-11,2.3456015179716738e-06,0.9987318456423111,25,0,10
34,2422,0.0017578378667316467,1.0582683671714573e-10,4.383644355758636e-06,0.9982377783830875,25,0,10
34,2423,0.0017324763059373238,1.126691304227086e-10,4.065908364502767e-06,0.9982634576730307,25,0,10
34,2424,0.0009621408549524112,2.3109561486127157e-11,1.7201850466640211e-06,0.9990361389368926,25,0,10
34,2425,0.0009600638458279955,2.3260362847382752e-11,1.7373414870045851e-06,0.9990381987894262,25,0,10
34,2426,0.0006587261417204793,1.4277985175215622e-11,1.1223401370378883e-06,0.9993401515038661,25,0,10
34,2427,0.0006404153184400707,9.01234583334819e-12,9.427070202873801e-07,0.9993586419655286,25,0,10
34,2428,0.0004258670010520344,1.0644988991446873e-11,1.0481511183514015e-06,0.9995730848371858,25,0,10
34,2429,0.0004492131582065422,1.0639047936091622e-11,1.1124817318296637e-06,0.9995496743494234,25,0,10
34,2430,0.0005351241411109118,9.112962548537636e-12,9.811667294564916e-07,0.9994638946830474,25,0,10
34,2431,0.0003482874265937398,5.1761962543624625e-12,5.886707644266079e-07,0.9996511238974661,25,0,10
34,2432,0.003985019002992094,2.1832169710566246e-11,8.239660154869673e-06,0.9960067413150214,25,0,10
34,2433,0.004055803938877192,2.439692599422608e-11,7.607865672958276e-06,0.9959365881710532,25,0,10
34,2434,0.0038237317987774642,2.1306868316835242e-11,7.4697895656981536e-06,0.9961687983903509,25,0,10
34,2435,0.001162794320472569,1.9654679174329666e-10,7.853882765705802e-06,0.9988293516002156,25,0,10
34,2436,0.0007303736406810943,1.895790920036438e-10,7.093399608411068e-06,0.9992625327701313,25,0,10
34,2437,0.000746070181838662,1.8978357181487474e-10,7.0865096513556575e-06,0.9992468431187266,25,0,10
34,2438,0.001434661339963103,1.9245826158821178e-10,7.440899666171284e-06,0.9985578975679132,25,0,10
34,2439,0.001474821874380912,1.8827071157608944e-10,7.763434453478073e-06,0.9985174145028952,25,0,10
34,2440,0.0019231092854877477,1.883478253594513e-10,8.059157986783288e-06,0.9980688313681783,25,0,10
34,2441,0.004237868424928179,1.903025398351517e-10,9.763949342468186e-06,0.9957523674354273,25,0,10
34,2442,0.001064720198139109,1.8605598934372217e-10,7.648888056404743e-06,0.9989276307277491,25,0,10
34,2443,0.0010751577380322466,1.8715255557850347e-10,7.53498451768528e-06,0.9989173070902989,25,0,10
34,2444,0.0008999548534132284,1.8609919174611108e-10,7.24381456867716e-06,0.9990928011459204,25,0,10
34,2445,0.0011008032348049884,9.809654108524067e-12,1.4418253844774768e-06,0.9988977549300023,25,0,10
34,2446,0.0012298885895990117,1.5936208250281822e-11,1.334830191955815e-06,0.9987687765642732,25,0,10
34,2447,0.0005809016948378883,7.466959481512145e-12,6.42563590003334e-07,0.9994184557341067,25,0,10
34,2448,0.0008095797922780346,1.123515540424403e-11,8.608377152419599e-07,0.9991895593587736,25,0,10
34,2449,0.0008971249086369621,1.817912988831447e-09,2.523387014193403e-06,0.9991003498864381,25,0,10
34,2450,0.0009449429305215743,1.589818113564808e-11,3.017141269927757e-06,0.9990520399123126,25,0,10
34,2451,0.0006350652451803573,7.976781760401545e-12,2.6395088122089627e-06,0.9993622952380328,25,0,10
34,2452,0.0015556077290570303,7.406794043267823e-11,3.415505936204426e-06,0.9984409766909406,25,0,10
34,2453,0.0003430703931736243,6.918026979630526e-11,2.276964393162869e-06,0.9996546525732554,25,0,10
34,2454,0.0003295502469801242,6.80860509463122e-11,7.958973485960808e-07,0.9996696537875873,25,0,10
34,2455,0.0010183875757137676,7.135534616495991e-11,3.3580377767103456e-06,0.9989782543151559,25,0,10
34,2456,0.0010285379432725481,1.4153747375283054e-11,3.2400661836581484e-06,0.9989682219763916,25,0,10
34,2457,0.0012950756147054074,2.25575725946539e-11,3.6350202419386357e-06,0.9987012893424964,25,0,10
34,2458,0.0017521178012359134,2.5273343990082332e-11,3.919302364431148e-06,0.998243962871127,25,0,10
34,2459,0.0008755673989558707,1.6984313106468473e-11,3.4258342579470954e-06,0.9991210067498028,25,0,10
34,2460,0.0013981299060833354,4.741226014126196e-11,5.976978165915739e-06,0.998595893068339,25,0,10
34,2461,0.0011294593306487258,1.7967022737625177e-11,3.680369676888022e-06,0.9988668602817087,25,0,10
34,2462,0.0008924523636802033,1.4912456136222923e-11,3.3733396411743885e-06,0.9991041742817675,25,0,10
34,2463,0.0008896406550413889,1.5203645803274292e-11,1.241405199021847e-06,0.999109117924557,25,0,10
34,2464,0.0004699656388968725,6.360211153375447e-12,7.142740973519936e-07,0.9995293200806469,25,0,10
34,2465,0.00036803136072777567,6.428459349442069e-12,5.58083816118245e-07,0.9996314105490289,25,0,10
34,2466,0.0003648225994606428,6.442340199265498e-12,5.218227154832693e-07,0.9996346555713829,25,0,10
34,2467,0.0010718524513475833,1.2826291062155812e-11,1.0249346025102125e-06,0.9989271226012251,25,0,10
34,2468,0.0010377881644246312,1.0305990989464682e-11,1.054620923135406e-06,0.9989611572043473,25,0,10
34,2469,0.0010415305538215602,1.0286619468541736e-11,1.0546247038413726e-06,0.9989574148111896,25,0,10
34,2470,0.00046948227475305545,1.018589513853624e-11,8.704286867146896e-07,0.9995296472863764,25,0,10
34,2471,0.0004664542094649254,1.1700796432723281e-11,8.224516282991635e-07,0.9995327233272078,25,0,10
34,2472,0.0005947986727858003,1.4410290783399414e-11,1.1366440265362715e-06,0.9994040646687792,25,0,10
34,2473,0.000606443786598166,1.919777631940876e-11,1.3863965928126562e-06,0.9993921697976131,25,0,10
34,2474,0.0015268443502191543,2.3563558119419506e-11,2.1083033596292457e-06,0.9984710473228587,25,0,10
34,2475,0.0013445252225152194,1.5917910748584952e-11,1.5108852855444856e-06,0.9986539638762825,25,0,10
34,2476,0.0012734106050895984,1.1259484287331024e-11,1.1863285651295488e-06,0.9987254030550865,25,0,10
34,2477,0.0015162029913696902,1.5620512216429676e-11,1.7387589678254653e-06,0.998482058234043,25,0,10
34,2478,0.001753238303524351,2.2166995769194376e-11,1.989843491264962e-06,0.9982447718308181,25,0,10
34,2479,0.0017450371785537398,2.0257003336252265e-11,1.9409694693029915e-06,0.9982530218317214,25,0,10
34,2480,0.0017543184438489484,2.0890803699527066e-11,2.0844614001358656e-06,0.9982435970738613,25,0,10
34,2481,0.0006087173993105927,9.775422964684026e-12,1.0185636411053502e-06,0.9993902640272744,25,0,10
34,2482,0.00036257628573088023,5.420283626763007e-12,5.245936584850902e-07,0.9996368991151922,25,0,10
34,2483,0.0004023518109090439,5.414197149379204e-12,6.37293019256835e-07,0.9995970108906589,25,0,10
34,2484,0.00033796147304898563,7.38936547904499e-12,6.658078920331057e-07,0.9996613727116709,25,0,10
34,2485,0.0005728382451925671,1.2618789758750291e-11,8.860850168489157e-07,0.9994262756571728,25,0,10
34,2486,0.0003485822806318511,1.1521670525376894e-11,6.808193668499517e-07,0.9996507368884813,25,0,10
34,2487,0.0003621754856082308,1.1831549573067848e-11,6.568077816973907e-07,0.9996371676947792,25,0,10
34,2488,0.00037606157752107606,9.301555637877094e-12,6.750606821526282e-07,0.9996232633524958,25,0,10
34,2489,0.0003628239813142649,9.753080016679235e-12,6.435736476910211e-07,0.9996365324352853,25,0,10
34,2490,0.00042754650472406647,1.0570716476498594e-11,7.398966681285746e-07,0.9995717135880379,25,0,10
34,2491,0.010799504224822115,2.5546949943526653e-11,6.284625816901875e-06,0.9891942111238143,25,0,10
34,2492,0.0006564645733576728,1.6854514720795835e-11,1.1129883843619916e-06,0.9993424224214041,25,0,10
34,2493,0.0010153543659309429,1.7234700167500388e-11,1.6115087843797268e-06,0.9989830341080512,25,0,10
34,2494,0.0009295997638119915,1.4005150383255781e-11,1.1924469635235655e-06,0.999069207775221,25,0,10
34,2495,0.0011573168223695332,1.7737907375090854e-11,1.4341645878626511e-06,0.9988412489953062,25,0,10
34,2496,0.0019745549158986485,1.2463550646171417e-10,1.1189778529217172e-05,0.9980142551809383,25,0,10
34,2497,0.001977038972523294,1.1948955391590797e-10,1.1016011635276919e-05,0.9980119448963538,25,0,10
34,2498,0.0008689422177561533,1.0457245485303768e-11,9.781670190239902e-07,0.9991300796047696,25,0,10
34,2499,0.0017744092141374712,1.8377496529201448e-11,2.401257064737033e-06,0.9982231895104222,25,0,10
34,2500,0.0015413511464487455,1.685569983550485e-11,2.2357824020331924e-06,0.9984564130542956,25,0,10
34,2501,0.0017823778759076378,1.7780976439707103e-11,2.3227556442305366e-06,0.9982152993506691,25,0,10
34,2502,0.004227743899951323,1.534847989588426e-11,3.2612885572337785e-06,0.9957689947961444,25,0,10
34,2503,0.0036690104541626622,1.0835035098452855e-11,2.9581270780770324e-06,0.9963280314079257,25,0,10
34,2504,0.0036496124217761765,1.0245689542526691e-11,2.9575771914715185e-06,0.9963474299907885,25,0,10
34,2505,0.00433839082813835,1.4022019973147323e-11,5.022926780242203e-06,0.9956565862310613,25,0,10
34,2506,0.001151292608727208,1.2156052762683475e-11,2.9049280005537146e-06,0.9988458024511176,25,0,10
34,2507,0.001144977612612165,9.456259059311872e-12,2.80643923722122e-06,0.9988522159386963,25,0,10
34,2508,0.0005223644421618649,8.334713615379442e-12,1.0164826089684781e-06,0.9994766190668963,25,0,10
34,2509,0.0007351334666631183,7.445901517015034e-12,1.0968549339475602e-06,0.9992637696709583,25,0,10
34,2510,0.0008979442582846905,6.6058895110182315e-12,1.1170701431251951e-06,0.9991009386649679,25,0,10
34,2511,0.0005665025012684499,7.851213295364065e-12,7.922867117540112e-07,0.9994327052041696,25,0,10
34,2512,0.0003953612965711242,1.413924847687609e-11,8.747569925140202e-07,0.9996037639322973,25,0,10
34,2513,0.00045374797286487834,1.5631652563609642e-11,9.738999340900094e-07,0.9995452781115707,25,0,10
34,2514,0.001071351011871373,2.370410456700741e-11,2.6335383816769594e-06,0.9989260154260441,25,0,10
34,2515,0.0012420509099846484,2.4682332143996093e-11,1.6378395453590179e-06,0.9987563112257893,25,0,10
34,2516,0.0010492560722281127,1.8284475759731445e-11,1.0941713445206204e-06,0.9989496497381447,25,0,10
34,2517,0.004392488852120896,2.0982512327614376e-11,1.6041522619668212e-05,0.9955914696042778,25,0,10
34,2518,0.00983355125357768,2.3179788848937736e-11,2.1366591416497205e-05,0.9901450821318275,25,0,10
34,2519,0.00995480460133244,2.5413679379316847e-11,2.1717764775531453e-05,0.9900234776084795,25,0,10
34,2520,0.0004947333541185861,1.5237455863974445e-11,1.144474689519911e-06,0.9995041221559553,25,0,10
34,2521,0.0005346306705679638,1.481783203126617e-11,1.1490390641218444e-06,0.9994642202755508,25,0,10
34,2522,0.0007254093805066324,1.7932829092012302e-11,1.3207926924951349e-06,0.9992732698088693,25,0,10
34,2523,0.0007327531872408776,2.0508321236142415e-11,1.4135235157737182e-06,0.999265833268736,25,0,10
34,2524,0.000668006104152934,1.7280073388316333e-11,1.1716545365672884e-06,0.9993308222240316,25,0,10
34,2525,0.0006048663384867717,1.5107484341420043e-11,9.147143026830899e-07,0.9993942189321043,25,0,10
34,2526,0.0006025891524779313,1.1087707989004727e-11,9.32259389076872e-07,0.9993964785770476,25,0,10
34,2527,0.010664570854245003,1.4285583034040734e-11,4.155544897147517e-06,0.9893312735865746,25,0,10
34,2528,0.010659623041812312,1.3214299311841996e-11,4.1278301033820035e-06,0.9893362491148718,25,0,10
34,2529,0.010889717986685272,1.9265127279560768e-10,4.388603522592863e-06,0.9891058932171417,25,0,10
34,2530,0.0010717924990395807,1.57993633224738e-11,1.2296390426825207e-06,0.9989269778461194,25,0,10
34,2531,0.0005025483448439913,1.1683126469135514e-11,9.693455208869675e-07,0.999496482297953,25,0,10
34,2532,0.0004996347922596129,1.4805323091442826e-11,9.660620720677199e-07,0.999499399130864,25,0,10
34,2533,0.0008745240300080463,1.320305716013443e-11,1.0576533556897706e-06,0.9991244183034347,25,0,10
34,2534,0.0010907360360375604,1.3240523829017174e-11,1.1357226201056143e-06,0.9989081282281032,25,0,10
34,2535,0.001108660191214213,1.3947060787102324e-11,1.1990763404104658e-06,0.9988901407184995,25,0,10
34,2536,0.0008193584429083807,1.1291096860184124e-11,8.837231605215663e-07,0.9991797578226415,25,0,10
34,2537,0.0013462853539480083,2.0098939829521006e-11,1.4141514630547522e-06,0.9986523004744917,25,0,10
34,2538,0.0011849868957040594,7.329819038808799e-11,3.482020835919805e-06,0.9988115310101638,25,0,10
34,2539,0.0010450461844284586,1.275350487291549e-11,1.0175286458087532e-06,0.998953936274174,25,0,10
34,2540,0.0011109288637028022,1.4972326719407182e-11,1.2113283918324105e-06,0.9988878597929346,25,0,10
34,2541,0.0011014609867568998,1.57974776138687e-11,1.348846598249188e-06,0.9988971901508491,25,0,10
34,2542,0.0009614138597443544,1.6505765015702736e-11,1.4132134409081029e-06,0.9990371729103101,25,0,10
34,2543,0.0011471572823776644,1.5373916581824955e-11,2.425293016425193e-06,0.9988504174092333,25,0,10
34,2544,0.0008433001653966615,9.119276948568313e-12,2.1247974441262105e-06,0.9991545750280416,25,0,10
34,2545,0.0006020860091766188,9.979537161471134e-12,1.8732175333096478e-06,0.9993960407633121,25,0,10
34,2546,0.0010493112759419785,1.5823996271840148e-11,1.7374508733151442e-06,0.9989489512573616,25,0,10
34,2547,0.001014118062846481,1.2531622113847506e-11,1.5338717448478898e-06,0.9989843480528782,25,0,10
34,2548,0.0010962032144624342,1.4674479740966744e-11,1.782993416296567e-06,0.9989020137774481,25,0,10
34,2549,0.000583004289564323,9.032733588089302e-12,6.886076294405215e-07,0.999416307093775,25,0,10
34,2550,0.0005871128940829522,9.184669239668438e-12,7.174563603307152e-07,0.9994121696403737,25,0,10
34,2551,0.0005813560506457349,9.266415132248608e-12,7.252709808622151e-07,0.9994179186691086,25,0,10
34,2552,0.0005882665467267191,9.962778577643313e-12,7.795396006590907e-07,0.9994109539037115,25,0,10
34,2553,0.0006069872993111406,1.0727978558424606e-11,8.339301516143827e-07,0.9993921787598107,25,0,10
34,2554,0.0006099828410684305,1.1208364476494204e-11,7.513729140353119e-07,0.9993892657748106,25,0,10
34,2555,0.0005973891649723664,1.0716989199754893e-11,7.848976896928764e-07,0.9994018259266224,25,0,10
34,2556,0.0012717821672237973,1.9699987762072874e-11,1.6265116157439815e-06,0.9987265913014618,25,0,10
34,2557,0.0014076048130028448,2.1826419178436737e-11,4.734020948513951e-06,0.9985876611442238,25,0,10
34,2558,0.0014599751830688672,2.1510040567614544e-11,4.8084984178703936e-06,0.9985352162970045,25,0,10
34,2559,0.0013862051284996223,1.906388483573237e-11,4.60278642721849e-06,0.9986091920660103,25,0,10
34,2560,0.0008820443876805241,9.037668415890511e-12,9.030763371302926e-07,0.999117052526946,25,0,10
34,2561,0.0013595759729464526,4.748019384440182e-11,1.4072153782175163e-06,0.9986390167641969,25,0,10
34,2562,0.0009507296912405071,4.4712954531152426e-11,1.3218317590732585e-06,0.999047948432289,25,0,10
34,2563,0.0009584572517774739,1.7886604991313583e-11,1.3162801879510334e-06,0.9990402264501492,25,0,10
34,2564,0.0008265043547644978,1.0137008386705311e-11,8.750023430466818e-07,0.9991726206327571,25,0,10
34,2565,0.00037907839992159213,8.588788354469315e-12,6.595898013143024e-07,0.9996202620016896,25,0,10
34,2566,0.0003805624232157794,7.055824444300252e-12,5.556641373497374e-07,0.9996188819055922,25,0,10
34,2567,0.000573287297271121,7.991339121038688e-12,8.789311229296117e-07,0.9994258337636155,25,0,10
34,2568,0.0006085913971769068,9.250638389451551e-12,9.477473548080283e-07,0.999390460846218,25,0,10
34,2569,0.0006042167499822866,8.304199163544443e-12,1.0112747295169333e-06,0.9993947719669847,25,0,10
34,2570,0.000735724727827655,4.316496951446566e-11,1.8277361333463196e-06,0.9992624474928753,25,0,10
34,2571,0.0005369587706556696,7.446721918898215e-11,1.5213885318670826e-06,0.9994615197663466,25,0,10
34,2572,0.0009063002100322999,4.381624761489028e-11,1.3823354930017133e-06,0.9990923174106595,25,0,10
34,2573,0.0008809954505362761,4.377008859596468e-11,1.3289835746589643e-06,0.9991176755221198,25,0,10
34,2574,0.0007829970246322021,1.0511324219775638e-11,8.10625703981643e-07,0.9992161923391533,25,0,10
34,2575,0.0009150469843112372,9.967774571546714e-12,1.086306482966037e-06,0.9990838666992385,25,0,10
34,2576,0.001028298980193379,1.2998482690868463e-11,1.1355446495714443e-06,0.9989705654621597,25,0,10
34,2577,0.0010310628082818244,1.3924081473494412e-11,1.1295409198228572e-06,0.9989678076368758,25,0,10
34,2578,0.0020071218142407553,2.7805187468767805e-11,2.9850695863849663e-06,0.9979898930883689,25,0,10
34,2579,0.001841902097286482,2.6275003533427412e-11,2.9211055150493986e-06,0.9981551767709246,25,0,10
34,2580,0.00122444551462986,1.6693384256714952e-11,2.4697924106753083e-06,0.9987730846762675,25,0,10
34,2581,0.0017070468369597283,2.657227160355634e-11,2.883545399292653e-06,0.9982900695910689,25,0,10
34,2582,0.0021584496712657346,2.4781778792413048e-11,3.137962773896567e-06,0.9978384123411793,25,0,10
34,2583,0.0016946063158784276,2.7654490789464695e-11,2.9844641830450547e-06,0.9983024091922843,25,0,10
34,2584,0.0012037800509076089,2.4811604490064053e-11,1.6051491261767707e-06,0.9987946147751551,25,0,10
34,2585,0.0008646751296740426,1.684075791637424e-11,1.262826281796227e-06,0.9991340620272049,25,0,10
34,2586,0.0008858204532744436,1.6881169447595996e-11,1.2351184521446206e-06,0.9991129444113933,25,0,10
34,2587,0.0011263463406234336,2.2505714228519552e-11,1.7110703330851407e-06,0.9988719425665387,25,0,10
34,2588,0.0010552094204757854,1.4185801763452249e-11,1.4179251843023062e-06,0.9989433726401554,25,0,10
34,2589,0.00081387392455964,1.5032734823152624e-11,1.4253367799790522e-06,0.9991847007236286,25,0,10
34,2590,0.0006753021117417873,1.2849588032460069e-11,1.1892134489514362e-06,0.9993235086619608,25,0,10
34,2591,0.0010479322855606104,1.7734576947959498e-11,1.696481829037179e-06,0.9989503712148771,25,0,10
34,2592,0.004267822278631551,1.998145605583844e-11,3.807843549327326e-06,0.995728369857839,25,0,10
34,2593,0.004636654047249454,1.8969975524140897e-11,3.898879375660231e-06,0.9953594470544064,25,0,10
34,2594,0.004625679743080308,1.8286873286661115e-11,3.911303987274128e-06,0.9953704089346465,25,0,10
34,2595,0.004550300382463519,1.6070164538641374e-11,3.6483758688432478e-06,0.9954460512255985,25,0,10
34,2596,0.004355500195838095,1.2853870428704813e-11,3.494717896443942e-06,0.9956410050734127,25,0,10
34,2597,0.0010452167698269366,1.1121631997298669e-11,1.0429637077328484e-06,0.9989537402553452,25,0,10
34,2598,0.0017979577556573494,1.336336362721634e-10,3.234534102471981e-06,0.9981988075766077,25,0,10
34,2599,0.0017478856737778638,7.282875782181705e-11,1.578865567336943e-06,0.9982505353878274,25,0,10
34,2600,0.0012656095066876745,1.3728595897717948e-10,7.1600156804229136e-06,0.998727230340347,25,0,10
34,2601,0.0012916002703573487,1.3643293939775544e-10,7.277058457560917e-06,0.9987011225347535,25,0,10
34,2602,0.001171508616620631,1.0610238035452856e-10,7.328498676551176e-06,0.9988211627786009,25,0,10
34,2603,0.0008420713953341873,1.0334704550888944e-10,6.604009660898118e-06,0.9991513244916581,25,0,10
34,2604,0.0004256408473477418,7.6152371673152e-12,6.728896704676783e-07,0.999573686255367,25,0,10
34,2605,0.0006459435204569996,1.1647587689458268e-11,8.710031673748487e-07,0.9993531854647287,25,0,10
34,2606,0.0009463243700431978,1.62280577377379e-11,2.8898081255921607e-06,0.999050785805603,25,0,10
34,2607,0.0007346381594838598,1.4574246827539525e-11,4.957599449298302e-06,0.9992604042264931,25,0,10
34,2608,0.0007302300210616382,1.3004679714646673e-11,4.91158499094686e-06,0.9992648583809433,25,0,10
34,2609,0.0011507907455569485,1.0863078571799778e-10,7.133082417159065e-06,0.9988420760633957,25,0,10
34,2610,0.001485092414387548,1.0760669439811833e-10,6.232362622411342e-06,0.9985086751153844,25,0,10
34,2611,0.0013666335882152535,1.1030853908721112e-10,6.374919932351118e-06,0.998626991381545,25,0,10
34,2612,0.0005562964851753228,1.0501369321855349e-11,3.162170438052923e-06,0.9994405413338865,25,0,10
34,2613,0.0005923137084277558,1.5060772540317456e-11,3.3943839915344876e-06,0.9994042918925207,25,0,10
34,2614,0.0011509110383410637,2.7077962884268956e-11,4.41120515181253e-06,0.9988446777294294,25,0,10
34,2615,0.0023772842385364717,1.1314646219987362e-10,1.2486808149377964e-05,0.9976102288401677,25,0,10
34,2616,0.004177678166984064,2.8668880584374167e-10,1.4353501314541804e-05,0.9958079680450134,25,0,10
34,2617,0.004007809750132944,2.875750857446995e-10,1.4456875697423732e-05,0.9959777330865962,25,0,10
34,2618,0.011412340935907244,1.8986054573158165e-10,1.4102357195872974e-05,0.9885735565170386,25,0,10
34,2619,0.010950177337365901,1.875549611408852e-10,1.3749421126411958e-05,0.9890360730539549,25,0,10
34,2620,0.011403083998100473,1.8869429763531252e-10,1.3974330227305747e-05,0.9885829414829801,25,0,10
34,2621,0.01174723779274019,6.648810957518022e-11,1.061937615587635e-05,0.9882421427646174,25,0,10
34,2622,0.0015233476427597792,1.129634344639866e-11,3.6002157081366307e-06,0.9984730521302373,25,0,10
34,2623,0.0008081120608984927,7.434623405404393e-12,3.093732954637616e-06,0.999188794198714,25,0,10
34,2624,0.0011012773105996347,9.80371142381019e-12,3.4163177938545646e-06,0.9988953063618047,25,0,10
34,2625,0.0006941983532308571,8.091612251314357e-12,3.1998287665082712e-06,0.9993026018099124,25,0,10
34,2626,0.0009240027693628926,1.0537136609009585e-11,1.1492644694269225e-06,0.9990748479556321,25,0,10
34,2627,0.0009262233509891023,1.2613622974280163e-11,1.107764878285304e-06,0.9990726688715208,25,0,10
34,2628,0.0007579454759210239,1.4335905795955553e-11,1.1231047827603712e-06,0.9992409314049621,25,0,10
34,2629,0.0011019507892083495,2.1233318431621037e-11,4.557198951737005e-06,0.9988934919906082,25,0,10
34,2630,0.001206601588850611,2.1055428396170203e-11,4.477489181787857e-06,0.9987889209009141,25,0,10
34,2631,0.001256024678274909,2.624288239826701e-11,4.820270608260766e-06,0.9987391550248752,25,0,10
34,2632,0.0009392291839587237,2.291006686363049e-11,4.801096280123076e-06,0.9990559696968524,25,0,10
34,2633,0.0011383295334464764,2.1155063519103137e-11,4.795496348506389e-06,0.998856874949052,25,0,10
34,2634,0.0007429652834675983,1.9174833824482012e-11,4.4342775200021835e-06,0.999252600419839,25,0,10
34,2635,0.0009940524971188693,1.8543757204168178e-11,4.369898342639846e-06,0.9990015775859962,25,0,10
34,2636,0.0011124211409120975,1.308930456828737e-11,1.1864686311455694e-06,0.9988863923773694,25,0,10
34,2637,0.0010837445366256096,1.4473831035243495e-11,2.679868244958336e-06,0.9989135755806576,25,0,10
34,2638,0.000912757757114339,1.3206007562350947e-11,2.5870617692097824e-06,0.999084655167912,25,0,10
34,2639,0.0008996014867706187,1.690529231742775e-11,2.6601729972230667e-06,0.9990977383233282,25,0,10
34,2640,0.0005688192685053262,8.282294747481042e-12,2.226809765948716e-06,0.9994289539134473,25,0,10
34,2641,0.0008601327932519776,1.1669796001943923e-11,1.1322366831379236e-06,0.999138734958396,25,0,10
34,2642,0.0008605123682556295,7.979684604609424e-11,4.148721429123572e-06,0.9991353388305194,25,0,10
34,2643,0.0010997185505110657,7.772548018727271e-11,4.125655600721797e-06,0.9988961557161636,25,0,10
34,2644,0.0005252970793232884,1.6794678586192385e-11,1.4185573068750289e-06,0.9994732843465762,25,0,10
34,2645,0.0012153573035907233,2.136785808295169e-11,1.8923711919846426e-06,0.9987827503038502,25,0,10
34,2646,0.000697757210392184,2.5173067751454223e-11,1.5208346068336535e-06,0.9993007219298288,25,0,10
34,2647,0.0007380689753577726,1.9971348384780374e-11,1.7120033556075243e-06,0.9992602190013171,25,0,10
34,2648,0.011377024661861735,1.9543882507932998e-11,7.462014208232447e-06,0.988615513304388,25,0,10
34,2649,0.00038625641241897253,1.318357750842304e-11,2.527645899152333e-06,0.9996112159285004,25,0,10
34,2650,0.0004920713454402647,1.5319990776915033e-11,2.7121791408902877e-06,0.9995052164601015,25,0,10
34,2651,0.0008652183556736133,1.41790489378772e-11,1.2833297383320369e-06,0.9991334983004109,25,0,10
34,2652,0.0020297625767660313,2.270296085639431e-11,2.0689367529565824e-06,0.9979681684637797,25,0,10
34,2653,0.0017126735240899978,1.522033772568169e-11,1.5741070380114746e-06,0.9982857523536534,25,0,10
34,2654,0.0017894387988389437,1.987811803763424e-11,1.8178843444711578e-06,0.9982087432969402,25,0,10
34,2655,0.00039874205300531693,5.0618254175985925e-12,5.477030972437453e-07,0.9996007102388379,25,0,10
34,2656,0.0007841255354955254,8.335681941471854e-12,7.283482489707048e-07,0.9992151461079217,25,0,10
34,2657,0.0014996940089156035,1.3367143945139138e-11,1.0904779425413035e-05,0.9984894011982937,25,0,10
34,2658,0.0018039187788793129,1.7414207354724033e-11,1.1299605012031495e-05,0.9981847815986956,25,0,10
34,2659,0.0017387079594067968,1.3076921790947967e-11,1.1107388711452434e-05,0.9982501846388062,25,0,10
34,2660,0.0008887221559847922,7.886811605768834e-12,9.541044015506073e-07,0.999110323731729,25,0,10
34,2661,0.0004136909235124317,5.457730082212321e-12,6.030446302925542e-07,0.9995857060264021,25,0,10
34,2662,0.0005828079364269562,5.357342465008222e-12,6.418414754834065e-07,0.9994165502167422,25,0,10
34,2663,0.0005758193918034197,5.471465177311641e-12,6.516587533104055e-07,0.9994235289439736,25,0,10
34,2664,0.0005854539135843467,5.50993450180501e-12,6.393760448751201e-07,0.9994139067048632,25,0,10
34,2665,0.0005967790540930355,5.421011341650326e-12,6.325750623810151e-07,0.9994025883654258,25,0,10
34,2666,0.0007203221498180476,7.476769381141336e-12,7.777847179381528e-07,0.9992789000579889,25,0,10
34,2667,0.0007835876698513414,8.52438864550691e-12,2.3759950906162567e-06,0.9992140363265358,25,0,10
34,2668,0.00037275842169198645,6.361475763076545e-12,6.887066612780126e-07,0.9996265528652871,25,0,10
34,2669,0.0008340971640190647,1.5838012629271583e-11,1.587298207832596e-06,0.9991643155219373,25,0,10
34,2670,0.0010173262696546378,1.686087323084877e-11,1.8261570676873846e-06,0.9989808475564188,25,0,10
34,2671,0.0006525944981060984,1.3495409824869642e-11,9.888447418941989e-07,0.9993464166436575,25,0,10
34,2672,0.0009141880709871089,1.6966084076543913e-11,1.4753348588413402e-06,0.9990843365771888,25,0,10
34,2673,0.0006804096659340096,1.481610093782632e-11,1.2871992998623344e-06,0.9993183031199502,25,0,10
34,2674,0.0004569877141891017,1.1827615300108845e-11,1.2189428972010799e-06,0.9995417933310863,25,0,10
34,2675,0.0007107888506117556,6.969389325562667e-12,9.555356790369403e-07,0.9992882556067403,25,0,10
34,2676,0.0006212716874406812,1.062806572490125e-11,7.388405448410697e-07,0.9993779894613872,25,0,10
34,2677,0.0005897948146442734,9.613581906489197e-12,7.348113610548734e-07,0.9994094703643822,25,0,10
34,2678,0.0005854901167161364,9.466576480228744e-12,8.197806080991458e-07,0.9994136900932108,25,0,10
34,2679,0.0006982442546161934,1.0055074343569484e-11,1.8187327298108154e-06,0.9992999370025999,25,0,10
34,2680,0.0007012604273433325,1.0518756037310525e-11,1.8417332423828193e-06,0.9992968978288971,25,0,10
34,2681,0.0006721494362184735,1.32107927015864e-11,1.0715424006041915e-06,0.9993267790081717,25,0,10
34,2682,0.012158870643207387,3.4925587979864453e-09,2.602789138783151e-05,0.9878150979728468,25,0,10
34,2683,0.0007830583527001005,1.6005277490294027e-11,1.2082219420967355e-06,0.9992157334093537,25,0,10
34,2684,0.001000762012238525,1.8220626264499782e-11,1.5655167223314518e-06,0.9989976724528193,25,0,10
34,2685,0.0005802582329998489,1.1399028080225765e-11,8.726640488791335e-07,0.999418869091554,25,0,10
34,2686,0.016495242753117766,1.3284911857786943e-11,4.831692144909108e-06,0.9834999255414545,25,0,10
34,2687,0.01653355774142413,1.7548457045755112e-11,4.781196772461582e-06,0.9834616610442569,25,0,10
34,2688,0.017055334394600403,2.180684185861001e-11,6.876313809431627e-06,0.9829377892697848,25,0,10
34,2689,0.0011323516631738828,1.487595724481574e-11,2.959188815253638e-06,0.9988646891331362,25,0,10
34,2690,0.002122186817982391,8.41195158238271e-11,6.967357575307726e-06,0.997870845740324,25,0,10
34,2691,0.0016581808301899712,7.760819622729057e-11,5.919665013175199e-06,0.9983358994271901,25,0,10
34,2692,0.001007795164269037,7.224847788408741e-11,3.535331249551637e-06,0.9989886694322343,25,0,10
34,2693,0.0015328901051033564,2.1143160278341846e-11,1.876434539216675e-06,0.9984652334392153,25,0,10
34,2694,0.0021032556282138755,2.2101552930093682e-11,3.172768843614619e-06,0.997893571580842,25,0,10
34,2695,0.0013668973893846443,1.729871064217036e-11,2.554422924614845e-06,0.9986305481703931,25,0,10
34,2696,0.0006818218442368289,1.7154660437037447e-11,2.4629496311072737e-06,0.9993157151889785,25,0,10
34,2697,0.0007016541171356276,1.7972660340094376e-11,2.514176144784806e-06,0.9992958316887475,25,0,10
34,2698,0.0004512806133836847,1.5590199463194796e-11,1.0834689724765922e-06,0.9995476359020538,25,0,10
34,2699,0.0004539322977805051,1.5358561339571334e-11,9.139351056900171e-07,0.9995451537517558,25,0,10
34,2700,0.0007063583398479608,2.356991260459136e-11,1.7774251073475256e-06,0.9992918642114753,25,0,10
34,2701,0.0008554246422430424,2.0866128113441086e-11,1.6658361494986897e-06,0.999142909500742,25,0,10
34,2702,0.0006552857862432028,1.6045836721837012e-11,1.5940053595249692e-06,0.9993431201923522,25,0,10
34,2703,0.0007030514982304163,1.6431916759057303e-11,1.6793340423205848e-06,0.9992952691512965,25,0,10
34,2704,0.0009057262447344341,2.6136163153378674e-11,2.2693972742286437e-06,0.9990920043318562,25,0,10
34,2705,0.0009072878360413602,8.451633631443703e-11,4.315388710228223e-06,0.9990883966907336,25,0,10
34,2706,0.0009407543201086131,1.7262675027185e-11,1.3365077121952454e-06,0.9990579091549177,25,0,10
34,2707,0.0013403814356240133,1.7154182334848968e-11,1.4216102063988414e-06,0.9986581969370166,25,0,10
34,2708,0.0004881942182626638,1.8141537015646755e-11,1.1112805470344193e-06,0.9995106944830502,25,0,10
34,2709,0.0006640846741876531,1.824597586440189e-11,1.1504524772169746e-06,0.9993347648550913,25,0,10
34,2710,0.03735332798160929,2.2801347277519574e-11,2.3006021593663072e-05,0.9626236659739981,25,0,10
34,2711,0.03727725530937676,1.6308699900944962e-11,2.26666872889311e-05,0.9627000779870275,25,0,10
34,2712,0.05548248729690407,8.818816067030362e-11,3.266911297323726e-05,0.9444848435019354,25,0,10
34,2713,0.03717883536073063,1.3986056360752315e-11,2.237472022726936e-05,0.9627987899050571,25,0,10
34,2714,0.03718675153923326,1.4567762282645106e-11,2.2416749745909874e-05,0.9627908316964535,25,0,10
34,2715,0.0013213597905729524,1.8858515704858484e-11,1.556546579669423e-06,0.9986770836439892,25,0,10
34,2716,0.0008646636844487736,1.3166325346003496e-11,1.1886352279268708e-06,0.9991341476671578,25,0,10
34,2717,0.001100556980303324,1.5100174478731205e-11,1.3101734130166929e-06,0.998898132831184,25,0,10
34,2718,0.0017944051387023985,2.6546075700123833e-11,2.349080202113995e-06,0.9982032457545502,25,0,10
34,2719,0.0014736531484704296,2.0688387722214237e-11,1.8199250919143774e-06,0.9985245269057512,25,0,10
34,2720,0.0009001710933207272,1.5066387601168316e-11,1.1807024355710796e-06,0.9990986481891794,25,0,10
34,2721,0.0008365908794272857,1.6054183357595216e-11,1.0461528640332064e-06,0.9991623629516557,25,0,10
34,2722,0.00122675997373873,5.1215788085433763e-11,4.451219413933004e-06,0.9987687887556325,25,0,10
34,2723,0.00090481345166032,4.4310585171143044e-11,4.014853328451963e-06,0.9990911716507017,25,0,10
34,2724,0.0011502991698922756,4.69099726784636e-11,4.2447110572376046e-06,0.998845456072141,25,0,10
34,2725,0.0004167979720800844,1.2105394422298055e-11,8.957455018763198e-07,0.999582306270314,25,0,10
34,2726,0.00035157986837350123,8.849325111895046e-12,6.278384088526984e-07,0.9996477922843701,25,0,10
34,2727,0.0005871687910125306,9.900768952228483e-12,8.113384650948072e-07,0.999412019860623,25,0,10
34,2728,0.0005919891699575634,9.48974754103447e-12,7.571112855757813e-07,0.9994072537092685,25,0,10
34,2729,0.0006042883813221849,8.090457361209341e-12,6.820426813299641e-07,0.9993950295679069,25,0,10
34,2730,0.0008992838540268548,9.776673208256818e-12,9.445161269874115e-07,0.9990997716200704,25,0,10
34,2731,0.0006618595638424156,9.677648177504087e-12,4.264075286493255e-06,0.999333876351195,25,0,10
34,2732,0.0007105171475318035,1.2153556945633979e-11,4.475297448649038e-06,0.9992850075428678,25,0,10
34,2733,0.0007026530034395864,9.629431514753986e-12,9.831268392371786e-07,0.9992963638600932,25,0,10
34,2734,0.0008878203154118768,1.2309089034919722e-11,1.5742799290828553e-06,0.9991106053923517,25,0,10
34,2735,0.0007987743752808976,1.8772777853196934e-10,1.5705271858776744e-06,0.9991996549098076,25,0,10
34,2736,0.00037972491315861314,1.830986335130411e-10,6.82272057942722e-07,0.9996195926316868,25,0,10
34,2737,0.0004746064380715728,7.999231682285005e-12,8.024959602743868e-07,0.9995245910579704,25,0,10
34,2738,0.0005519385152550347,1.2372335432288536e-11,1.0643240907979663e-06,0.9994469971482834,25,0,10
34,2739,0.0006640217663562055,1.1857913418664467e-11,1.2358669236815975e-06,0.9993347423548634,25,0,10
34,2740,0.0009931228001994184,9.722236359237522e-12,1.1473112799558622e-06,0.9990057298787995,25,0,10
34,2741,0.0010453680236896207,1.429290976616035e-11,1.2416390020106255e-06,0.9989533903230164,25,0,10
34,2742,0.0010138518013549926,4.42536741800638e-11,1.3131905261003136e-06,0.998984834963865,25,0,10
34,2743,0.0011175378421219128,4.048494456026195e-11,1.1680858752063124e-06,0.9988812940315184,25,0,10
34,2744,0.0009398995874868116,3.9512297352307024e-11,1.296426193416053e-06,0.9990588039468078,25,0,10
34,2745,0.0009286220760715512,7.891584143158638e-12,1.158293948716282e-06,0.9990702196220886,25,0,10
34,2746,0.0008281118908247477,1.2173153914190332e-11,9.812284833249946e-07,0.9991709068685191,25,0,10
34,2747,0.000811762947801171,1.2649371508697918e-11,8.791606988178643e-07,0.9991873578788507,25,0,10
34,2748,0.0008830740272323419,1.6422992381441775e-11,1.7268241987047628e-06,0.9991151991321467,25,0,10
34,2749,0.0008118578880363285,1.2707376089141283e-11,8.625195240736837e-07,0.9991872795797333,25,0,10
34,2750,0.001165814520020592,7.403843613295079e-11,3.2548535914705084e-06,0.9988309305523511,25,0,10
34,2751,0.0009347385270903811,7.172815578416658e-11,3.057313875627834e-06,0.9990622040873076,25,0,10
34,2752,0.0009828285353891226,7.006479722498036e-11,3.123124109557629e-06,0.9990140482704377,25,0,10
34,2753,0.000986193362905451,7.249764266092525e-11,3.1535421535615e-06,0.9990106530224439,25,0,10
34,2754,0.0012211512341200937,7.396335361896626e-11,3.43860887234222e-06,0.9987754100830442,25,0,10
34,2755,0.0037857239965752767,8.541087563386656e-12,2.8115996715851105e-06,0.9962114643952128,25,0,10
34,2756,0.0006338912128623881,5.420959596804165e-12,6.495333137070987e-07,0.9993654592484039,25,0,10
34,2757,0.0009314313770971552,8.883819032583918e-12,9.449919551209138e-07,0.9990676236220652,25,0,10
34,2758,0.0005792962062040354,8.27485002655958e-12,1.0803412223448122e-06,0.9994196234443007,25,0,10
34,2759,0.0015857098254091562,7.207780561793709e-11,4.698079527357649e-06,0.9984095920229873,25,0,10
34,2760,0.0016107157528028196,7.22157465285131e-11,4.768571006180718e-06,0.998384515603976,25,0,10
34,2761,0.0016248553708683039,7.276165475451642e-11,4.8810307746191595e-06,0.9983702635255962,25,0,10
34,2762,0.0016938370570175685,7.403499139309918e-11,5.145349426591987e-06,0.9983010175195218,25,0,10
34,2763,0.0005644185997242343,1.4296478922411037e-11,1.261662949013374e-06,0.999434319723031,25,0,10
34,2764,0.0006144799674308347,1.1815158104057092e-11,8.428960098115507e-07,0.9993846771247454,25,0,10
34,2765,0.0006921988875803193,1.2413453082726312e-11,1.0568454933964882e-06,0.999306744254515,25,0,10
34,2766,0.0008701691629469451,1.3586743522086752e-11,2.2431876318077227e-06,0.999127587635836,25,0,10
34,2767,0.00111718357913004,1.2551465114276479e-11,2.382019273173275e-06,0.9988804343890466,25,0,10
34,2768,0.0013625068418750836,1.6595946001051303e-11,4.620874544096405e-06,0.9986328722669866,25,0,10
34,2769,0.006833660357598105,1.696738068377065e-11,8.202448088075239e-06,0.9931581371773477,25,0,10
34,2770,0.004038879989476782,2.5188658654307723e-11,7.37516647668527e-06,0.9959537448188581,25,0,10
34,2771,0.0035725388027929373,1.4396680773107402e-11,6.281713417803777e-06,0.9964211794693933,25,0,10
34,2772,0.00346258533715897,1.48015099908689e-11,6.203302220837675e-06,0.9965312113458193,25,0,10
34,2773,0.003584834587721549,1.7996269009152066e-11,6.530602626847363e-06,0.9964086347916559,25,0,10
34,2774,0.00045413603376272623,9.033618342972708e-12,9.317377684758011e-07,0.9995449322194357,25,0,10
34,2775,0.00039341790183183357,1.1051980818536778e-11,1.5506775078009396e-06,0.9996050314096103,25,0,10
34,2776,0.0005301260665701989,1.339389097067807e-11,1.960890181257187e-06,0.9994679130298568,25,0,10
34,2777,0.0005847235785298745,1.4360295764673811e-11,2.057943912116471e-06,0.9994132184631992,25,0,10
34,2778,0.00040047731950278935,1.052715661024927e-11,1.5805464296250647e-06,0.9995979421235418,25,0,10
34,2779,0.0006161698093353836,5.307714801436896e-12,7.327105825366134e-07,0.9993830974747753,25,0,10
34,2780,0.0008653889078813253,8.453211850282637e-12,9.831805356059589e-07,0.9991336279031313,25,0,10
34,2781,0.0008120706703243916,8.493806543485938e-12,9.917165422402321e-07,0.999186937604641,25,0,10
34,2782,0.0014451927822648571,7.249668838809817e-11,3.0747127267085005e-06,0.9985517324325124,25,0,10
34,2783,0.0014881127001629788,1.1648592247079529e-11,1.2815298511922467e-06,0.9985106057583379,25,0,10
34,2784,0.0005538172130936021,8.408671392687202e-12,7.127119015665342e-07,0.9994454700665972,25,0,10
34,2785,0.000872836684757392,8.922335671469424e-12,1.040352345717214e-06,0.9991261229539758,25,0,10
34,2786,0.0010291442899368506,1.020921720427523e-11,9.54374504756475e-07,0.9989699013253509,25,0,10
34,2787,0.0016042016269261176,1.0837910411143686e-11,1.5296196757217024e-06,0.9983942687425618,25,0,10
34,2788,0.0005611519650713028,7.859844054369751e-12,7.333006350318293e-07,0.9994381147264356,25,0,10
34,2789,0.004006484690565608,1.7965539835074795e-11,5.513620415988356e-06,0.9959880016710543,25,0,10
34,2790,0.004810805596139951,2.333389497596659e-11,6.087349995308378e-06,0.995183107030532,25,0,10
34,2791,0.004776748342946987,2.4456436450218077e-11,6.349803125367703e-06,0.9952169018294722,25,0,10
34,2792,0.001571271557609087,2.170829639621486e-11,2.0010347904012312e-06,0.9984267273858931,25,0,10
34,2793,0.0014404884679889416,1.629477282169472e-11,1.5498624268361175e-06,0.9985579616532906,25,0,10
34,2794,0.0016753397178749941,1.9102613738397615e-11,1.6725499105441376e-06,0.9983229877131127,25,0,10
34,2795,0.0010092248920647235,1.6389530722081585e-11,1.4083742080338965e-06,0.9989893667173384,25,0,10
34,2796,0.001277926577403895,1.3248924648308098e-11,7.383640385047725e-05,0.9986482370054981,25,0,10
34,2797,0.0010357663808615157,7.856078504409941e-12,7.35374577037672e-05,0.9988906961535801,25,0,10
34,2798,0.0010331771770496505,1.0067210788735738e-11,7.365225721026774e-05,0.9988931705556742,25,0,10
34,2799,0.0008752053893934711,1.195028079036415e-11,7.362280163634306e-05,0.9990511717970216,25,0,10
34,2800,0.0011430818812105121,1.671714147238113e-11,7.967541281291554e-05,0.998777242689261,25,0,10
34,2801,0.0006541228143315855,1.62087731725848e-11,6.80484050707394e-06,0.9993390723289539,25,0,10
34,2802,0.0004202062726995193,1.303907208068523e-11,7.784535384262676e-07,0.9995790152607248,25,0,10
34,2803,0.0004230337134643661,1.56468402308091e-11,8.713366145361033e-07,0.9995760949342758,25,0,10
34,2804,0.0004154339279400088,9.88274675728614e-12,7.62889482273137e-07,0.999583803172696,25,0,10
34,2805,0.0003391351483034795,7.350487557345619e-12,5.173482808905583e-07,0.9996603474960655,25,0,10
34,2806,0.0003962110292673936,6.925882061320793e-12,6.091913186617184e-07,0.9996031797724885,25,0,10
34,2807,0.0004044118491518876,5.147415846737853e-12,6.667594705818232e-07,0.9995949213862307,25,0,10
34,2808,0.0009814420785082482,7.558743063316377e-12,2.3367318130418194e-06,0.9990162211821207,25,0,10
34,2809,0.0012121209557445422,7.827927169522951e-12,2.498442831884531e-06,0.9987853805935978,25,0,10
34,2810,0.001223130350613571,8.932125661955436e-12,2.510965882117188e-06,0.9987743586745746,25,0,10
34,2811,0.0012375890597299132,1.1731819652227048e-11,3.396888482947077e-06,0.9987590140400573,25,0,10
34,2812,0.0012488591146451742,1.2785368407916172e-11,3.373294915737186e-06,0.9987477675776559,25,0,10
34,2813,0.0015003354394142784,2.152643376995163e-11,4.122984991147943e-06,0.9984955415540697,25,0,10
34,2814,0.0013220219143077016,2.163064757800487e-11,3.4067026668284004e-06,0.998674571361396,25,0,10
34,2815,0.0020616009500335794,2.7382201670271766e-11,6.038952682437172e-06,0.9979323600699036,25,0,10
34,2816,0.0015408256592340836,1.894154079190077e-11,5.129878405278245e-06,0.9984540444434207,25,0,10
34,2817,0.001062707707385603,1.8566273164704757e-11,3.7431620825216883e-06,0.9989335491119675,25,0,10
34,2818,0.0012824770312487674,1.8092086549936498e-11,3.7879568281997067e-06,0.9987137349938326,25,0,10
34,2819,0.000629368753721518,1.445870710263025e-11,1.4578969215373717e-06,0.9993691733348997,25,0,10
34,2820,0.0006001071924480952,1.3384687018422409e-11,1.300749200809397e-06,0.999398592044968,25,0,10
34,2821,0.0011309999360556177,2.0152796226939342e-11,2.0580416100353666e-06,0.9988669420021826,25,0,10
34,2822,0.0013851584776813633,2.037337033093023e-11,2.088737134531925e-06,0.9986127527648118,25,0,10
34,2823,0.0011506872028350615,1.8356263653697166e-11,1.8708098416468847e-06,0.998847441968968,25,0,10
34,2824,0.001068522630496777,1.698350355103439e-11,1.4630138282093569e-06,0.9989300143386931,25,0,10
34,2825,0.001525930040205774,1.790711238865345e-11,2.3925726618620106e-06,0.998471677369227,25,0,10
34,2826,0.0013017467266382401,1.535377417006335e-11,2.052075686403866e-06,0.998696201182323,25,0,10
34,2827,0.0013503854972521973,1.5430992201238816e-11,2.2380337312765745e-06,0.9986473764535867,25,0,10
34,2828,0.0011776495699456796,1.3419732277702766e-11,1.3748153430696145e-06,0.9988209756012923,25,0,10
34,2829,0.001179949321686036,1.2241277614988022e-11,1.354367906173844e-06,0.9988186962981672,25,0,10
34,2830,0.0011228285913254673,8.657025851524447e-12,1.1262816027785718e-06,0.9988760451184159,25,0,10
34,2831,0.0005991920246368615,9.946204859899055e-12,9.029047632596853e-07,0.999399905060655,25,0,10
34,2832,0.0006816837293101316,8.405936621173504e-12,1.0795685707593243e-06,0.9993172366937145,25,0,10
34,2833,0.0009426521704922851,1.0684064716503175e-11,1.247612980539e-06,0.9990561002058436,25,0,10
34,2834,0.0007578558646098907,8.710686528629532e-12,1.2651453036025296e-06,0.9992408789813758,25,0,10
34,2835,0.000766723358298502,8.684970999514908e-12,1.2657065409279858e-06,0.9992320109264762,25,0,10
34,2836,0.0007092448710904922,7.679277007072682e-12,1.0990884204396689e-06,0.9992896560328098,25,0,10
34,2837,0.0007024820230091084,5.410805080416886e-12,9.841325999928296e-07,0.9992965338389808,25,0,10
34,2838,0.001058790720656518,7.64862640362504e-12,8.904353516224184e-07,0.9989403188363436,25,0,10
34,2839,0.0010374210849175179,5.494343325177716e-12,8.07124250882044e-07,0.9989617717853376,25,0,10
34,2840,0.00105275506913863,1.3448778255932157e-11,1.0119830307791592e-06,0.9989462329343815,25,0,10
34,2841,0.001443164572190144,1.4723450948362398e-11,1.576053387498959e-06,0.9985552593596992,25,0,10
34,2842,0.0016784009280717707,1.8796309542390345e-11,1.8541129367442807e-06,0.9983197449401952,25,0,10
34,2843,0.0017719407927995813,1.9630549324021872e-11,1.989240379873467e-06,0.99822606994719,25,0,10
34,2844,0.01208641378517309,1.8947677533283635e-11,3.511532470059816e-06,0.9879100746634095,25,0,10
34,2845,0.011830982888033836,1.3183202377804732e-11,3.1471794630754014e-06,0.9881658699193195,25,0,10
34,2846,0.011144353863721247,9.290607428647967e-12,2.803735541536213e-06,0.9888528423914467,25,0,10
34,2847,0.01114755408772655,7.433779662449868e-12,2.76109032551941e-06,0.9888496848145151,25,0,10
34,2848,0.01097598506359806,7.669894165633956e-12,2.373990103258845e-06,0.9890216409386302,25,0,10
34,2849,0.010965143645927539,7.599180706234653e-12,2.3683877575921218e-06,0.9890324879587173,25,0,10
34,2850,0.011322464637444884,1.4007779182556883e-11,2.9051735208018364e-06,0.9886746301750283,25,0,10
34,2851,0.011339257732260829,1.3978916514597875e-11,2.8912122496273365e-06,0.9886578510415124,25,0,10
34,2852,0.011511941646115086,1.332482936873673e-11,2.9245488223433545e-06,0.9884851337917395,25,0,10
34,2853,0.000608898871792927,7.366955386346393e-12,7.194516260533503e-07,0.9993903816692158,25,0,10
34,2854,0.0005928661595838879,7.755606218791958e-12,7.463556348110148e-07,0.9994063874770274,25,0,10
34,2855,0.00034337553731958204,6.771494848783518e-12,5.663418788782242e-07,0.9996560581140318,25,0,10
34,2856,0.0004442841067713705,8.564694209902536e-12,8.144747681799701e-07,0.9995549014098971,25,0,10
34,2857,0.00044041503367432,8.756187113101615e-12,7.998853484772449e-07,0.9995587850722225,25,0,10
34,2858,0.0004535622166035405,1.751673856305561e-11,9.856398542191072e-07,0.9995454521260266,25,0,10
34,2859,0.0009780625058573133,2.1127029421622727e-11,1.391709229722413e-06,0.9990205457637867,25,0,10
34,2860,0.000436166022616033,1.823266205872528e-11,9.023399373508583e-07,0.999562931619215,25,0,10
34,2861,0.00045724344695247506,1.8301408986928126e-11,9.574419093420302e-07,0.9995417990928379,25,0,10
34,2862,0.0009169505986670299,4.632375291130929e-11,1.205692791344805e-06,0.9990818436622189,25,0,10
34,2863,0.0006729610585337429,1.6425702382380916e-11,1.0625237399602387e-06,0.9993259764013012,25,0,10
34,2864,0.0006638700248456623,1.3377954663127769e-11,9.984844548100648e-07,0.9993351314773226,25,0,10
34,2865,0.010607860617160687,1.7448107766772438e-11,3.4427987299542887e-06,0.9893886965666625,25,0,10
34,2866,0.011310682560378215,2.489332119390927e-11,4.030137642023962e-06,0.9886852872770878,25,0,10
34,2867,0.011298471883266714,2.2748430685444892e-11,3.9633547967190335e-06,0.9886975647391898,25,0,10
34,2868,0.011703073555527266,1.6808934657223072e-11,5.5538378351467495e-06,0.9882913725898302,25,0,10
34,2869,0.01146370757906198,1.5685560389930523e-11,5.323891675261141e-06,0.9885309685135786,25,0,10
34,2870,0.011712493593664837,1.685751987904356e-11,5.432040247864984e-06,0.988282074349231,25,0,10
34,2871,0.0011115641332740372,2.0732263822017665e-11,2.814786708041593e-06,0.9988856210592865,25,0,10
34,2872,0.0011568163514904834,1.9695723846193178e-11,2.9462464672651924e-06,0.9988402373823478,25,0,10
34,2873,0.001087520155422727,1.94291857856281e-11,1.35555429004649e-06,0.9989111242708598,25,0,10
34,2874,0.0008591616487457389,1.5239559512393274e-11,1.1668276705857824e-06,0.9991396715083458,25,0,10
34,2875,0.0008602364062336359,1.3119454378849085e-11,1.128459799315537e-06,0.9991386351208493,25,0,10
34,2876,0.0008067624612120899,9.375514244333492e-12,9.160644405105835e-07,0.9991923214649734,25,0,10
34,2877,0.0008155659156256019,4.352340594357649e-11,1.0953505251429604e-06,0.999183338690327,25,0,10
34,2878,0.0007955683200631504,4.750984669251999e-11,1.0544247982946675e-06,0.99920337720763,25,0,10
34,2879,0.0015089695654800543,4.677260492536085e-11,9.797024414297667e-06,0.9984812333633337,25,0,10
34,2880,0.0004619195384954479,4.458208650632433e-11,9.311608888440804e-07,0.9995371492560339,25,0,10
34,2881,0.0004179918458158199,3.836076999877632e-11,7.114342574072592e-07,0.9995812966815667,25,0,10
34,2882,0.0004000246895421858,3.886474658179678e-11,7.216866714770757e-07,0.999599253584923,25,0,10
34,2883,0.0003449409277802248,3.90893932581073e-11,6.221884535650983e-07,0.9996544368446785,25,0,10
34,2884,0.0004078571164626607,4.180881773949799e-11,1.5078032980203606e-06,0.9995906350384317,25,0,10
34,2885,0.00041299007785057426,4.164398280751967e-11,1.4948236724146827e-06,0.9995855150568344,25,0,10
34,2886,0.0006765517143551816,4.5955618860681045e-11,1.9277814731170464e-06,0.9993215204582171,25,0,10
34,2887,0.0010232549688488919,8.264284100535547e-11,2.465681455652129e-06,0.9989742792670536,25,0,10
34,2888,0.0018277601362460356,9.215810073909146e-11,2.89460128224931e-06,0.9981693451703147,25,0,10
34,2889,0.0016451595860596452,6.01321032426528e-11,2.771903541891097e-06,0.9983520684502675,25,0,10
34,2890,0.0014166251880917053,2.445711322241454e-11,2.4541975670523148e-06,0.9985809205898858,25,0,10
34,2891,0.0012556995188101883,2.4025718122180493e-11,2.5048080087071857e-06,0.9987417956491571,25,0,10
34,2892,0.0014551521407983909,2.5784811222384724e-11,2.8183351494688676e-06,0.9985420294982691,25,0,10
34,2893,0.0014055435590635526,2.2779462365959238e-11,2.6302057991455425e-06,0.9985918262123592,25,0,10
34,2894,0.0014313419442389221,2.567798478842641e-11,2.851422741715631e-06,0.9985658066073431,25,0,10
34,2895,0.0016056931188612694,2.8777134906533034e-11,2.830642292286962e-06,0.9983914762100712,25,0,10
34,2896,0.0009001448884619766,1.7462237254609394e-11,2.1346572802523846e-06,0.9990977204367972,25,0,10
34,2897,0.0010080379653998695,2.2171388549383154e-11,2.2649197448286957e-06,0.9989896970926844,25,0,10
34,2898,0.001845785564503998,2.1034038641991144e-11,2.4286224898122767e-06,0.9981517857919738,25,0,10
34,2899,0.0020306300225986203,2.05183907914533e-11,2.402927440507381e-06,0.9979669670294442,25,0,10
34,2900,0.001845224175369771,2.0560082462574592e-11,2.3991692226376894e-06,0.9981523766348491,25,0,10
34,2901,0.0018299219556236978,1.6382652425507803e-11,2.367766524549443e-06,0.998167710261471,25,0,10
34,2902,0.00188735836295849,1.712243068147543e-11,2.6521274443794458e-06,0.9981099894924768,25,0,10
34,2903,0.005953244006776599,2.49545991428726e-11,9.497308902775631e-06,0.9940372586593679,25,0,10
34,2904,0.0010048885563115673,1.4422851638534781e-11,2.119599979901598e-06,0.9989929918292879,25,0,10
34,2905,0.0007155208447210075,1.5893266817157563e-11,1.9481222594160223e-06,0.9992825310171283,25,0,10
34,2906,0.0009453711165272763,1.3181134716165776e-11,1.1055515900583428e-06,0.9990535233187033,25,0,10
34,2907,0.000945575139599657,1.3665909429124608e-11,1.2101180152175321e-06,0.9990532147287208,25,0,10
34,2908,0.0004856078256103579,9.651362086305117e-12,9.224408492975114e-07,0.9995134697238912,25,0,10
34,2909,0.00042537054672669143,9.55107780702371e-12,8.159185506406356e-07,0.9995738135251735,25,0,10
34,2910,0.0004139513003921161,1.008922010101066e-11,5.248488555926649e-06,0.9995808002009646,25,0,10
34,2911,0.00046601397754501904,1.1508294289402377e-11,5.398261071113086e-06,0.9995285877498769,25,0,10
34,2912,0.00046585703381008176,1.4539216903648094e-11,9.416377700415601e-07,0.9995332013138821,25,0,10
34,2913,0.0012134273564663389,2.1638227859629486e-11,1.5447504148911394e-06,0.9987850278714824,25,0,10
34,2914,0.0010940473304939784,1.7219290524091203e-11,1.2351032904119593e-06,0.9989047175489977,25,0,10
34,2915,0.0008745158597050838,1.765810785226497e-11,1.2140825735508932e-06,0.9991242700400648,25,0,10
34,2916,0.0008905177016055812,1.7926684306380867e-11,1.213476854477606e-06,0.9991082688036144,25,0,10
34,2917,0.001055719627750076,1.089606808544465e-11,9.533198592573779e-07,0.9989433270414949,25,0,10
34,2918,0.0008153795356982424,1.0747306266890404e-11,8.573228432400288e-07,0.9991837631307118,25,0,10
34,2919,0.01714821740115613,1.2036760639304106e-11,3.863661757984763e-06,0.98284791892505,25,0,10
34,2920,0.0006096236695042123,1.0112478577333778e-11,3.1342386383411592e-06,0.9993872420817467,25,0,10
34,2921,0.00040899914116955066,9.847636440676259e-12,3.074987466450652e-06,0.9995879258615179,25,0,10
34,2922,0.0006674297618760357,9.788104930236919e-12,3.444751051384344e-06,0.9993291254772856,25,0,10
34,2923,0.0038887001587540227,1.2306904148915993e-10,1.8314780244047944e-05,0.9960929849379344,25,0,10
34,2924,0.003944180288956977,1.5943614383398677e-11,1.2137994958598897e-05,0.996043681700142,25,0,10
34,2925,0.003906953130336015,1.0671665740999387e-11,9.384287359140056e-06,0.9960836625716347,25,0,10
34,2926,0.0037327871536397416,9.896355033057141e-12,3.996901635432587e-06,0.9962632159348297,25,0,10
34,2927,0.003962395573146975,1.0324543993884498e-11,4.263001865482953e-06,0.996033341414664,25,0,10
34,2928,0.0011556411940166506,1.488135981568205e-11,1.4870070146015625e-06,0.9988428717840891,25,0,10
34,2929,0.0014019043664969609,1.5390814317909474e-11,1.7433749003312578e-06,0.9985963522432137,25,0,10
34,2930,0.0013947190161195074,1.2898823299145876e-11,1.6056039469388325e-06,0.9986036753670363,25,0,10
34,2931,0.0014114974680311488,2.0076314016911732e-11,1.7072891469773407e-06,0.9985867952227473,25,0,10
34,2932,0.0013016055646011158,2.169504311597576e-11,1.5226961055397474e-06,0.9986968717175995,25,0,10
34,2933,0.0015161130503875742,1.8023560604738472e-11,1.550564501550085e-06,0.9984823363670884,25,0,10
34,2934,0.0014099291484015867,2.3879409507632034e-11,1.759080607511703e-06,0.9985883117471132,25,0,10
34,2935,0.0016678113051625918,2.6180394030986708e-11,1.9807802062832806e-06,0.9983302078884511,25,0,10
34,2936,0.0010464561616841783,1.563919926048619e-11,1.4347486808851246e-06,0.9989521090739966,25,0,10
34,2937,0.0011457462644254893,1.5458254317065025e-11,1.3248657610247393e-06,0.9988529288543561,25,0,10
34,2938,0.0009539221032817634,1.742403597247486e-11,1.3664260860965255e-06,0.9990447114532088,25,0,10
34,2939,0.0007856007958827407,2.0562142370577386e-11,2.151184120507793e-06,0.9992122479994353,25,0,10
34,2940,0.0010219268078305126,2.2543395814317455e-11,2.422576158528205e-06,0.998975650593469,25,0,10
34,2941,0.000789761175850678,1.785719293773034e-11,2.129993209645543e-06,0.9992081088130841,25,0,10
34,2942,0.0009990588068403473,2.0105116544716364e-11,2.485050714674446e-06,0.9989984561223412,25,0,10
34,2943,0.0007937403463488204,2.510128345896259e-11,2.2692634999724725e-06,0.9992039903650506,25,0,10
34,2944,0.0011251143597365658,2.3303402171879526e-11,2.626928583031432e-06,0.998872258688378,25,0,10
34,2945,0.0007406082706081545,2.3706786233795315e-11,2.4850950447391302e-06,0.9992569066106415,25,0,10
34,2946,0.0009680634238038639,2.785707007579757e-11,3.5326845853100686e-06,0.999028403863755,25,0,10
34,2947,0.0023065761570402366,6.113535407396387e-11,4.718706710193156e-06,0.9976887050751158,25,0,10
34,2948,0.0010895285941684002,2.7039118857153702e-11,1.814369274256433e-06,0.9989086570095198,25,0,10
34,2949,0.0009613482687961579,1.9523926654149624e-11,1.4190571915638007e-06,0.9990372326544901,25,0,10
34,2950,0.001167773815125465,1.787996813682482e-11,2.1666423675400155e-06,0.9988300595246287,25,0,10
34,2951,0.0010489925911885251,1.1241031024748425e-11,1.6086456500015343e-06,0.9989493987519221,25,0,10
34,2952,0.0015223863868486717,1.5494356249795446e-11,2.037308961723678e-06,0.9984755762886967,25,0,10
34,2953,0.0008911846618010591,1.222241263580667e-11,1.1007452333973495e-06,0.9991077145807448,25,0,10
34,2954,0.0011085534997334542,1.0089844455726245e-11,1.109201790967386e-06,0.9988903372883874,25,0,10
34,2955,0.0010510636713897624,4.017972900332905e-11,1.2161575676243207e-06,0.9989477201308649,25,0,10
34,2956,0.0012995055322688998,4.76614678306006e-11,1.6146601309140085e-06,0.9986988797599398,25,0,10
34,2957,0.0016389534652092187,1.615120760259619e-11,1.5931015549349573e-06,0.9983594534170855,25,0,10
34,2958,0.0013918650408021504,1.1925399006675163e-11,1.3132010360185567e-06,0.9986068217462364,25,0,10
34,2959,0.0007130878065836192,1.5727942904233776e-10,1.060774433196559e-06,0.9992858512617043,25,0,10
34,2960,0.006488365752227229,1.6482687059897888e-10,6.815012937814762e-06,0.9935048190700084,25,0,10
34,2961,0.0053857468402561046,4.0848292968979217e-10,1.545299031640177e-05,0.9945987997609447,25,0,10
34,2962,0.004797840148546573,4.1482080167089813e-10,1.545467371735076e-05,0.9951867047629157,25,0,10
34,2963,0.003921631742104249,4.1120217442521986e-10,1.509591127279589e-05,0.9960632719354211,25,0,10
34,2964,0.0038732465589681343,4.4431687024956937e-10,1.4966539898151806e-05,0.9961117864568174,25,0,10
34,2965,0.004272328479231837,4.427955556981039e-10,1.542875849203828e-05,0.995712242319481,25,0,10
34,2966,0.004198437939122104,2.6539335082611694e-10,1.5097329808257664e-05,0.9957864644656763,25,0,10
34,2967,0.0039461474124725775,2.5857735132250214e-10,1.481224934343957e-05,0.9960390400796071,25,0,10
34,2968,0.0034899771415790137,2.5492047099527877e-10,1.4839551065658876e-05,0.9964951830524349,25,0,10
34,2969,0.0010399777552968967,1.2920538887125994e-11,3.0030041395277042e-06,0.9989570192276435,25,0,10
34,2970,0.0011652203167151931,1.39795326567542e-11,2.7926359807484458e-06,0.9988319870333254,25,0,10
34,2971,0.0008214078984307155,1.636621613160194e-11,1.5700157019891108e-06,0.9991770220695025,25,0,10
34,2972,0.001371568708208778,1.499942842301682e-11,1.5518283525958939e-06,0.9986268794484401,25,0,10
34,2973,0.0010733194746049724,1.0110013022401612e-11,1.0617315462158136e-06,0.9989256187837395,25,0,10
34,2974,0.0012565209811024158,1.4313097411175476e-11,1.4274977958549174e-06,0.9987420515067887,25,0,10
34,2975,0.0012635999892183678,1.4489352564398026e-11,1.4317116516533894e-06,0.998734968284641,25,0,10
34,2976,0.0011358195394929288,1.2297301550096819e-11,1.159257828073661e-06,0.9988630211903822,25,0,10
34,2977,0.001292641109754882,1.0001321413808723e-11,1.051816196029193e-06,0.9987063070640496,25,0,10
34,2978,0.0012459947089971677,1.2178585801423981e-11,4.275311446219914e-06,0.9987497299673798,25,0,10
34,2979,0.0012402889998257812,1.4203706676990925e-11,4.330687273376634e-06,0.998755380298699,25,0,10
34,2980,0.0010197445224086421,1.523182478219798e-11,4.282873710842898e-06,0.9989759725886502,25,0,10
34,2981,0.0010047145119581955,1.5007846417316715e-11,4.306497416975706e-06,0.9989909789756192,25,0,10
34,2982,0.0007583631690988806,1.0573145223799314e-11,4.0439872052179185e-06,0.9992375928331246,25,0,10
34,2983,0.0010528339971857801,1.5080685983538682e-11,4.464848614267308e-06,0.9989427011391204,25,0,10
34,2984,0.0015598801693938302,1.606777644191568e-11,1.540889831660455e-06,0.9984385789247077,25,0,10
34,2985,0.0018108769591627342,1.9340228091496858e-11,1.7316935722309732e-06,0.9981873913279253,25,0,10
34,2986,0.0009008224184389362,1.649311394724344e-11,1.3293538457792992e-06,0.9990978482112227,25,0,10
34,2987,0.0008258489802207547,1.930904921507127e-11,1.1169295225415084e-06,0.9991730340709484,25,0,10
34,2988,0.001542648478697507,1.5826067779029783e-11,1.4734818138858427e-06,0.998455878023663,25,0,10
34,2989,0.0012251448343043524,1.676337148844299e-11,1.5431656879172156e-06,0.9987733119832444,25,0,10
34,2990,0.0015428385343301916,2.7369377076790107e-11,2.030947136116102e-06,0.9984551304911646,25,0,10
34,2991,0.0015516678759544932,3.1672258950600636e-11,2.2026765182914618e-06,0.9984461294158554,25,0,10
34,2992,0.0015669203250525347,1.9865020503612472e-11,1.9299780924667057e-06,0.9984311496769913,25,0,10
34,2993,0.0014480824234616623,2.2583210354541514e-11,2.2747560913422478e-06,0.9985496427978648,25,0,10
34,2994,0.0011678007568931307,2.090632329324691e-11,2.0469425241202523e-06,0.9988301522796774,25,0,10
34,2995,0.0008166997426034572,1.8270084286510014e-11,1.6968332883371024e-06,0.9991816034058395,25,0,10
34,2996,0.0005183179205923742,1.1639112271785697e-11,1.0090037082747899e-06,0.9994806730640619,25,0,10
34,2997,0.000590887496846185,1.3687664877581547e-11,1.2124359873214948e-06,0.9994079000534805,25,0,10
34,2998,0.0005411311507498455,1.4329801817650003e-11,1.0085611264075946e-06,0.9994578602737956,25,0,10
34,2999,0.0006677275610192781,1.2796892673759755e-11,8.85225686785806e-07,0.9993313872004976,25,0,10
34,3000,0.0007383422441444111,1.7234602216245923e-11,1.3492964598480919e-06,0.9992603084421616,25,0,10
34,3001,0.0015551942495147224,1.1088221628524001e-10,1.1302478413060494e-05,0.998433503161191,25,0,10
34,3002,0.0020711066226228978,1.7172926247432125e-10,1.3051296005127955e-05,0.9979158419096441,25,0,10
34,3003,0.0023426017560462665,1.7465069687332483e-10,1.3382099689994637e-05,0.9976440159696136,25,0,10
34,3004,0.0016855125983558433,1.0805362724124831e-10,1.1115531824816036e-05,0.9983033717617669,25,0,10
34,3005,0.0018803612722094792,1.0882485613862661e-10,1.1160369760932112e-05,0.998108478249206,25,0,10
34,3006,0.0011950057899443747,1.102903655014037e-11,1.3618350682727677e-06,0.9988036323639596,25,0,10
34,3007,0.0009414815889450651,1.1820685933063037e-11,1.2996204309336957e-06,0.9990572187788049,25,0,10
34,3008,0.0003603041472912314,6.874838706059935e-12,6.090086837822215e-07,0.9996390868371527,25,0,10
34,3009,0.00035731536574338694,6.815790813613295e-12,6.182286414043209e-07,0.9996420663988015,25,0,10
34,3010,0.0005877067103219162,6.68480080292269e-12,7.175813298020232e-07,0.9994115757016651,25,0,10
34,3011,0.00033731259009263755,6.192838160546398e-12,5.819251046599175e-07,0.9996621054786113,25,0,10
34,3012,0.00038902829522080654,8.396836075738624e-12,7.72899944254369e-07,0.9996101987964399,25,0,10
34,3013,0.00040072827329943087,8.438533972750448e-12,8.837974560758296e-07,0.9995983879208081,25,0,10
34,3014,0.001264906749285969,1.0866528503539685e-11,3.2928749402731906e-06,0.9987318003649084,25,0,10
34,3015,0.0008759643370458832,6.965355349785754e-11,3.2903487214781574e-06,0.9991207452445806,25,0,10
34,3016,0.0009962325754195576,7.189209984693256e-11,3.5400029584268075e-06,0.9990002273497314,25,0,10
34,3017,0.0012298491853215342,7.658139978079629e-11,3.6123241581370553e-06,0.9987665384139409,25,0,10
34,3018,0.0012311389997884117,7.712068760498039e-11,3.653452538964107e-06,0.9987652074705536,25,0,10
34,3019,0.0009390712437954751,1.6313094211287858e-11,1.1936311885658283e-06,0.9990597351087044,25,0,10
34,3020,0.0009487069645498762,7.568965477159386e-11,3.415404213113996e-06,0.999047877555549,25,0,10
34,3021,0.0003648312875023537,5.783375987824729e-12,5.203885467776916e-07,0.9996346483181694,25,0,10
34,3022,0.0003523158049743354,5.717638101740964e-12,5.448524328517118e-07,0.9996471393368772,25,0,10
34,3023,0.00037995812775446967,7.177446386087123e-12,6.161320733501893e-07,0.9996194257329961,25,0,10
34,3024,0.00037988673608923017,7.613707465595093e-12,6.677504152815642e-07,0.9996194455058836,25,0,10
34,3025,0.0008488087316776026,7.714899734543565e-11,1.2360035459088356e-06,0.9991499551876294,25,0,10
34,3026,0.00627486670207402,1.1346889013743883e-10,1.4713853283887042e-05,0.9937104193311745,25,0,10
34,3027,0.00036620809044448786,7.38004754511362e-12,7.108494075381189e-07,0.9996330810527703,25,0,10
34,3028,0.0006220499112438591,1.169405779506368e-11,9.307389497018741e-07,0.9993770193381146,25,0,10
34,3029,0.0005803549195975881,6.136387341390303e-12,6.753028428373332e-07,0.9994189697714253,25,0,10
34,3030,0.001116158894350302,1.3094561426349396e-11,1.3424308347431978e-06,0.9988824986617221,25,0,10
34,3031,0.0013567087329452783,1.124257468081216e-10,7.1259803113691246e-06,0.9986361651743187,25,0,10
34,3032,0.0012081561098152315,1.1176982739928294e-10,6.782427534255438e-06,0.9987850613508819,25,0,10
34,3033,0.0008956098559075534,7.353098438652086e-11,6.181707782871444e-06,0.9990982083627803,25,0,10
34,3034,0.0013435053692514782,7.650033644499941e-11,6.5157241978522445e-06,0.9986499788300519,25,0,10
34,3035,0.0010944882774458246,1.6389395909892926e-11,1.3162314042236673e-06,0.9989041954747626,25,0,10
34,3036,0.001104899226003204,1.6428693193043747e-11,1.331096109862898e-06,0.99889376966146,25,0,10
34,3037,0.0008136397144013267,1.2282345035703986e-11,9.138534108933654e-07,0.999185446419907,25,0,10
34,3038,0.0005822862593907903,7.41631660753111e-12,5.91657096986999e-07,0.9994171220760971,25,0,10
34,3039,0.0005817711344299451,7.466116782620352e-12,5.974204798464027e-07,0.9994176314376252,25,0,10
34,3040,0.000571185634353726,7.313784446425856e-12,5.817710230169743e-07,0.9994282325873107,25,0,10
34,3041,0.0005870307712100569,8.613545481387035e-12,6.296765180677243e-07,0.9994123395436597,25,0,10
34,3042,0.038829333487602924,3.877625905759573e-11,1.3799627412117517e-05,0.9611568668462102,25,0,10
34,3043,0.07353753367510495,1.7343382611473586e-06,0.0021811510385496466,0.9242795809480863,25,0,10
34,3044,0.0013756850894304695,1.8441145473724484e-11,2.818246230881536e-06,0.9986214966458992,25,0,10
34,3045,0.0009144750451580019,1.98864322451772e-11,2.6436225992725387e-06,0.9990828813123579,25,0,10
34,3046,0.0009190669472778948,1.6765124774414988e-11,2.630154433763462e-06,0.9990783028815247,25,0,10
34,3047,0.0005651452552365852,1.453191424995961e-11,2.42725019346026e-06,0.9994324274800398,25,0,10
34,3048,0.0005027462541597327,1.0973685677255525e-11,9.308950326532345e-06,0.9994879447845416,25,0,10
34,3049,0.0004457360787722936,1.0853168314591894e-11,2.330883458147939e-06,0.9995519330269179,25,0,10
34,3050,0.0008054716572321896,8.68409485240277e-12,2.2864122707781616e-06,0.9991922419218146,25,0,10
34,3051,0.0010033227628489445,1.624569224446127e-11,3.533846348951634e-06,0.9989931433745585,25,0,10
34,3052,0.0004271412892926517,1.2153392978529708e-11,2.1238283305769755e-06,0.9995707348702253,25,0,10
34,3053,0.0018061226738618746,2.2778365901763117e-11,3.067929969471579e-06,0.9981908093733921,25,0,10
34,3054,0.0018997508055349959,2.7762775134534654e-11,3.394442807744631e-06,0.9980968547238962,25,0,10
34,3055,0.001375576436819706,2.0615404879980913e-11,2.8086934639728855e-06,0.9986216148491025,25,0,10
34,3056,0.0009959141281187995,2.0889887478603905e-11,2.904828567552838e-06,0.9990011810224252,25,0,10
34,3057,0.0011246727511910475,1.9698153980038162e-11,1.8296342958313101e-06,0.9988734975948159,25,0,10
34,3058,0.0013647111542855422,1.9322148474769363e-11,1.956362708923039e-06,0.9986333324636851,25,0,10
34,3059,0.0013491194164919678,1.9274753729525656e-11,1.8637924386861498e-06,0.9986490167717953,25,0,10
34,3060,0.0013651900699721755,2.3925380021675635e-11,1.7750881296105316e-06,0.9986330348179745,25,0,10
34,3061,0.0009592795768634861,1.4729564768389385e-11,1.5543961172819306e-06,0.9990391660122913,25,0,10
34,3062,0.0009927995648324613,1.0770721044015153e-11,1.4514313100820814e-06,0.9990057489930885,25,0,10
34,3063,0.0007407179494772126,8.48168571553189e-12,8.757233089482269e-07,0.9992584063187337,25,0,10
34,3064,0.0011993284176060638,1.0818119194750236e-11,1.2403694927055677e-06,0.9987994312020843,25,0,10
34,3065,0.001245793555977405,1.2232665329053732e-11,1.1490433550310691e-06,0.9987530573884359,25,0,10
34,3066,0.0007994445537775791,1.0107473893568196e-11,8.779723769368656e-07,0.9991996774637389,25,0,10
34,3067,0.0009364516483051692,1.2535701023463566e-11,1.1147466891866958e-06,0.9990624335924713,25,0,10
34,3068,0.0013763283245732233,9.428163691834139e-12,1.0873991393893102e-06,0.9986225842668603,25,0,10
34,3069,0.0013778140876333253,9.197723811488195e-12,1.0676786696885596e-06,0.9986211182245011,25,0,10
34,3070,0.0013374717045174453,9.127909099673226e-12,9.915634137692202e-07,0.9986615367229422,25,0,10
34,3071,0.0013175186582956842,9.119290253593482e-12,9.868841616671647e-07,0.9986814944484247,25,0,10
34,3072,0.005326194927270893,1.6978784701266247e-09,0.0001230200328288935,0.9945507833420234,25,0,10
34,3073,0.0014146970624780682,1.573405153709946e-11,2.708632664330696e-06,0.9985825942891249,25,0,10
34,3074,0.0021014205937387666,1.7054323577275885e-11,3.148646289682831e-06,0.9978954307429189,25,0,10
34,3075,0.0018846239400475855,1.9989839481351912e-11,1.9685522220525052e-06,0.998113407487742,25,0,10
34,3076,0.0019449488386597588,2.2618664940162604e-11,1.9718244214142363e-06,0.9980530793143016,25,0,10
34,3077,0.002121236394996611,8.577389711963299e-11,2.1314586131073466e-06,0.9978766320606183,25,0,10
34,3078,0.0007162731584994789,8.088112626665945e-11,1.3500639451634593e-06,0.9992823766966762,25,0,10
34,3079,0.0008855024918854519,7.926872550067568e-11,1.342397030361366e-06,0.9991131550318175,25,0,10
34,3080,0.0006606023268706554,1.5202092378268194e-11,1.03923904933712e-06,0.9993383584188795,25,0,10
34,3081,0.0006038251626772243,8.950673582112612e-12,7.302521962107198e-07,0.999395444576177,25,0,10
34,3082,0.000871550431473911,1.2637885231610819e-11,1.087542092706191e-06,0.9991273620137967,25,0,10
34,3083,0.0012110194556525162,1.676497140690478e-11,1.4266967530950481e-06,0.9987875538308308,25,0,10
34,3084,0.0014618614767712066,2.165554663575474e-11,1.5587063522412225e-06,0.9985365797952223,25,0,10
34,3085,0.0013000412747630158,2.0544782215486946e-11,1.6830144229280136e-06,0.9986982756902709,25,0,10
34,3086,0.001362142037872639,2.073444275211736e-11,1.7949065667212738e-06,0.9986360630348275,25,0,10
34,3087,0.0010822618558580673,1.64996354078215e-11,1.5362839094155495e-06,0.9989162018437348,25,0,10
34,3088,0.0007549960350220472,1.1186919540330467e-11,1.0640300201803549e-06,0.9992439399237726,25,0,10
34,3089,0.0007727063415319412,1.5509684224742008e-11,1.1939086029030892e-06,0.9992260997343572,25,0,10
34,3090,0.001651515114142331,2.583253706667378e-11,3.8506614742109875e-06,0.9983446341985527,25,0,10
34,3091,0.0014170348872511868,2.3580849162490458e-11,3.6589315571802383e-06,0.9985793061576121,25,0,10
34,3092,0.0014218452341556353,2.5817930432881834e-11,3.79929144639694e-06,0.9985743554485813,25,0,10
34,3093,0.001302845309724748,1.657311164860337e-11,1.4138999029337827e-06,0.9986957407738012,25,0,10
34,3094,0.001362417029742058,1.9127017999361443e-11,1.6332897305359081e-06,0.9986359496614022,25,0,10
34,3095,0.0012915560967959585,3.0070744568564826e-11,4.289225412183724e-06,0.9987041546477232,25,0,10
34,3096,0.0010866108579109255,2.1082902836458598e-11,1.7245976674323056e-06,0.9989116645233409,25,0,10
34,3097,0.0010272654460293917,1.607904151978874e-11,1.658523867614645e-06,0.9989710760140246,25,0,10
34,3098,0.0007892271606117328,1.4819916446009667e-11,1.6595188325346485e-06,0.9992091133057369,25,0,10
34,3099,0.00091437300545925,4.8924908480508985e-11,2.5141444256444526e-06,0.9990831128011921,25,0,10
34,3100,0.0008644214343806621,4.995862253110291e-11,2.4268973192406303e-06,0.9991331516183425,25,0,10
34,3101,0.0005474557869557238,1.3841712237823042e-11,1.2318213123438664e-06,0.9994513123778919,25,0,10
34,3102,0.0005391635558661673,1.2749184681837804e-11,1.1171289520672636e-06,0.9994597193024345,25,0,10
34,3103,0.0004821989385532569,1.0769938882996234e-11,9.333247970385181e-07,0.9995168677258808,25,0,10
34,3104,0.0007298899904926605,1.2961863090631667e-11,1.1391561282138063e-06,0.9992689708404179,25,0,10
34,3105,0.0009610393340233189,1.759356333627596e-11,1.4159961573101456e-06,0.9990375446522267,25,0,10
34,3106,0.0009926815780962437,2.4308344322114314e-11,1.6836505570618588e-06,0.9990056347470389,25,0,10
34,3107,0.0011436933280918819,1.962248544369371e-11,1.5013181169679058e-06,0.9988548053341688,25,0,10
34,3108,0.0010567338329258151,1.1040407703745326e-11,1.3189868458916784e-06,0.9989419471691882,25,0,10
34,3109,0.00105362037656634,1.1289392777580643e-11,1.2862856116523268e-06,0.9989450933265331,25,0,10
34,3110,0.0006741222054609088,1.6971706528792684e-11,1.3199977209399722e-06,0.999324557779847,25,0,10
34,3111,0.0005441898791052921,1.5664342477699967e-11,1.0778942604121777e-06,0.9994547322109707,25,0,10
34,3112,0.00099681371720271,1.662913561423785e-11,1.2553811496245587e-06,0.9990019308850202,25,0,10
34,3113,0.00042165991338763637,1.0658711185132895e-11,1.0540448007587053e-06,0.9995772860311551,25,0,10
34,3114,0.000597154631812866,1.5802550577359364e-11,1.4278021611604778e-06,0.9994014175502254,25,0,10
34,3115,0.0004853896868084417,1.2027141470268748e-11,9.456070783217301e-07,0.9995136646940879,25,0,10
34,3116,0.0006081558866243337,1.4274678125073155e-11,1.2619727290409043e-06,0.9993905821263727,25,0,10
34,3117,0.0007593200994327506,1.096629063308395e-11,1.109310371846815e-06,0.9992395705792296,25,0,10
34,3118,0.0012107833697817016,1.1073800565077711e-11,1.3393938640082501e-06,0.9987878772252812,25,0,10
34,3119,0.011818967245101532,1.4303319379326648e-11,3.1434799814524056e-06,0.9881778892606137,25,0,10
34,3120,0.011602258763736755,1.1196553046200903e-11,2.893278011213821e-06,0.9883948479470552,25,0,10
34,3121,0.0017470291098707514,1.125869093051258e-11,1.4662959726785533e-06,0.9982515045828984,25,0,10
34,3122,0.001380344029471637,9.593941903209564e-12,1.2757742140057238e-06,0.9986183801867208,25,0,10
34,3123,0.001028103604400854,9.564415555488017e-12,1.1856057251237564e-06,0.9989707107803102,25,0,10
34,3124,0.0006305018898234635,9.60818366025011e-12,1.111210018519427e-06,0.9993683868905517,25,0,10
34,3125,0.0005747179925946394,1.1662247665394725e-11,1.0707178499506967e-06,0.9994242112778948,25,0,10
34,3126,0.0010634911787732197,1.7458688749947643e-11,1.5997585248461239e-06,0.9989349090452448,25,0,10
34,3127,0.0009954264756294488,1.5306895158745227e-11,2.2500936256941176e-06,0.9990023234154397,25,0,10
34,3128,0.0006562888646104813,1.3256601328261925e-11,2.1067189275963127e-06,0.9993416044032071,25,0,10
34,3129,0.02659164491186708,1.5398929339986753e-11,1.7897890928249444e-05,0.9733904571818074,25,0,10
34,3130,0.010603928660546023,1.2810297110098004e-11,9.830324629361243e-06,0.9893862410020161,25,0,10
34,3131,0.0003483992878057262,6.410457780280452e-12,3.397411475483941e-06,0.9996482032943105,25,0,10
34,3132,0.0011042499782386742,1.3282218983350066e-11,4.006540229335695e-06,0.9988917434682516,25,0,10
34,3133,0.0004171111948553595,8.459362714161366e-12,7.511774694653006e-07,0.999582137619218,25,0,10
34,3134,0.010988551284513646,1.7036527614085427e-11,5.0551721130823395e-06,0.9890063935263391,25,0,10
34,3135,0.010980605931008166,1.7785487453896588e-11,5.033251471445e-06,0.9890143607997369,25,0,10
34,3136,0.011340401970866132,2.2240420077341907e-11,5.4113953278951555e-06,0.9886541866115677,25,0,10
34,3137,0.011498815534146374,2.5090394251665868e-11,5.647394947774379e-06,0.9884955370458168,25,0,10
34,3138,0.01106865847288048,1.916861464585207e-11,5.261091193622012e-06,0.9889260804167596,25,0,10
34,3139,0.0008830885903473301,1.8205645759978425e-11,2.1420745618667592e-06,0.9991147693168869,25,0,10
34,3140,0.0007584678551554335,1.2173072171314155e-11,1.1040441880657043e-06,0.9992404280884858,25,0,10
34,3141,0.0007564190028144399,1.3401395379782783e-11,1.1194365606468152e-06,0.9992424615472254,25,0,10
34,3142,0.0009558610326697186,1.5944177851087867e-11,1.3139179768157645e-06,0.9990428250334107,25,0,10
34,3143,0.0007762734258410228,1.7477494817990185e-11,1.33618949977488e-06,0.9992223903671834,25,0,10
34,3144,0.0009644011751231413,4.576941043859038e-11,1.5725288344661396e-06,0.9990340262502744,25,0,10
34,3145,0.0009442816248924942,4.525145674894741e-11,1.6163623656863777e-06,0.9990541019674921,25,0,10
34,3146,0.000825419773550546,4.292794516675755e-11,1.3352940719176915e-06,0.9991732448894513,25,0,10
34,3147,0.0010056522479086622,3.988692805842949e-11,1.43745202543303e-06,0.99899291026018,25,0,10
34,3148,0.0007376625773113757,5.2311970813555135e-12,9.856247754485689e-07,0.9992613517926834,25,0,10
34,3149,0.0007734026472464815,6.550096900578633e-12,1.0395340077087834e-06,0.999225557812197,25,0,10
34,3150,0.0008393282781194049,8.880840655038532e-12,1.2335628416607504e-06,0.9991594381501592,25,0,10
34,3151,0.0009154105770816426,1.477666824043433e-11,2.5212298484185283e-06,0.999082068178295,25,0,10
34,3152,0.000685185948399126,1.2458379123207389e-11,1.3746588884699693e-06,0.9993134393802557,25,0,10
34,3153,0.0004380188509311461,1.0236109484758559e-11,9.395683991432084e-07,0.9995610415704355,25,0,10
34,3154,0.000797889794185809,1.7605086055703704e-11,1.4040155382075538e-06,0.9992007061726718,25,0,10
34,3155,0.0006315043167123226,1.7034415442629054e-11,1.3366655628747759e-06,0.9993671590006908,25,0,10
34,3156,0.0006202500828965154,1.495827671008065e-11,1.2451451672771964e-06,0.9993785047569783,25,0,10
34,3157,0.0004889033790574415,1.0528785068820273e-11,9.198590883958371e-07,0.9995101767513265,25,0,10
34,3158,0.0004290400460914974,8.369017032920097e-12,7.354446220567171e-07,0.9995702245009188,25,0,10
34,3159,0.0007142694336927654,9.50688877183425e-12,9.149277673980477e-07,0.9992848156290346,25,0,10
34,3160,0.0004192237042641042,1.1523920379218411e-11,7.019394505475452e-07,0.9995800743447633,25,0,10
34,3161,0.0003491487028542099,9.387206548491708e-12,6.625152633552549e-07,0.9996501887724973,25,0,10
34,3162,0.001017815710318488,1.642322867570058e-11,5.5822540830206705e-06,0.998976602019177,25,0,10
34,3163,0.0008557321387800163,2.001244076337717e-11,1.2028109278119157e-06,0.9991430650302818,25,0,10
34,3164,0.00131058706183921,1.9147928040697373e-11,1.486418843162669e-06,0.9986879265001715,25,0,10
34,3165,0.0009714368535452479,1.2002909833127231e-11,1.2685368992809258e-06,0.9990272945975542,25,0,10
34,3166,0.000840714950091268,4.9550112672548134e-11,3.2193142310608135e-06,0.9991560656861296,25,0,10
34,3167,0.0008224998137106896,1.4659948029132577e-11,1.3823750192365816e-06,0.9991761177966113,25,0,10
34,3168,0.0013423222982447411,1.6938493637754473e-11,1.7741552636308425e-06,0.9986559035295538,25,0,10
34,3169,0.0013594744913668036,1.4502543504887952e-11,1.4212241325484275e-06,0.9986391042699999,25,0,10
34,3170,0.0014212423277349337,1.8134019812574034e-11,1.6335165751090299e-06,0.9985771241375576,25,0,10
34,3171,0.0019228720117094001,3.311640079939015e-11,5.830426016091841e-06,0.9980712975291596,25,0,10
34,3172,0.001400991840731478,1.919100722558021e-11,1.6486509724746853e-06,0.9985973594891072,25,0,10
34,3173,0.0011686747835216891,1.5818135918088537e-11,1.2952029672108538e-06,0.9988300299976944,25,0,10
34,3174,0.0016414062605165976,1.706766750008709e-11,1.731582897866459e-06,0.998356862139519,25,0,10
34,3175,0.0012859487992396763,1.2268722209465839e-11,1.2339304575151352e-06,0.9987128172580353,25,0,10
34,3176,0.001117361030627108,1.53187669689656e-11,1.4528986433223748e-06,0.9988811860554122,25,0,10
34,3177,0.0006672673601250191,9.131010329865254e-12,9.428474456363607e-07,0.9993317897833,25,0,10
34,3178,0.003908702756277201,1.773836478589031e-11,6.61761527659103e-06,0.9960846796107086,25,0,10
34,3179,0.003755412485690246,1.6854949224873673e-11,6.581760284204966e-06,0.9962380057371709,25,0,10
34,3180,0.0036859049482919947,1.8280527683332806e-11,6.507356742129281e-06,0.9963075876766859,25,0,10
34,3181,0.003738259918288443,1.772710535714132e-11,6.628651224831996e-06,0.9962551114127605,25,0,10
34,3182,0.0005301534337244687,1.1653373928830542e-11,1.2030980537159082e-06,0.9994686434565695,25,0,10
34,3183,0.0005275341603369149,1.1142762973990522e-11,1.1598464224621674e-06,0.9994713059820997,25,0,10
34,3184,0.0007864649284606883,1.1156717752252265e-11,1.12945873218016e-06,0.9992124056016517,25,0,10
34,3185,0.0035410111430907816,1.2275950320689051e-10,1.0223389102547173e-05,0.9964487653450483,25,0,10
34,3186,0.0006016463692192564,8.461151212574492e-12,8.772457275547322e-07,0.9993974763765937,25,0,10
34,3187,0.000597757685180566,7.95165582908804e-12,8.285150770165931e-07,0.9994014137917919,25,0,10
34,3188,0.0006602395304675567,1.0188619363282091e-11,1.0223539822443894e-06,0.9993387381053627,25,0,10
34,3189,0.0006433684913148842,1.1707788911436117e-11,1.1060810765792673e-06,0.9993555254159021,25,0,10
34,3190,0.0006572982587149365,1.1848196293135161e-11,1.116298309870479e-06,0.9993415854311282,25,0,10
34,3191,0.0015510316054980528,7.744663735549438e-11,3.781342491170186e-06,0.998445186974566,25,0,10
34,3192,0.0016832541296558092,1.701455120239333e-11,1.8147212785310004e-06,0.9983149311320519,25,0,10
34,3193,0.0008855284671054282,1.2675132399541792e-11,1.1338646965810846e-06,0.9991133376555248,25,0,10
34,3194,0.00043799973035638285,1.217400935085317e-11,8.076187431185509e-07,0.9995611926387287,25,0,10
34,3195,0.0007119677551295358,1.0278762619482495e-10,3.3334282821715026e-06,0.9992846987138028,25,0,10
34,3196,0.0007081939753289485,1.0285550376268614e-10,3.3967494543817036e-06,0.9992884091723634,25,0,10
34,3197,0.0007058672644602195,1.0135337172743551e-10,3.289223786431133e-06,0.9992908434104021,25,0,10
34,3198,0.0012588255187564934,1.2676592167922424e-11,1.1806097226887808e-06,0.9987399938588455,25,0,10
34,3199,0.0012635862672033633,1.2744631790477876e-11,1.2088120012547631e-06,0.9987352049080513,25,0,10
34,3200,0.0006452177999604537,1.4274386145119151e-11,1.0783438549185898e-06,0.9993537038419106,25,0,10
34,3201,0.0006509806006415373,1.4226385391173498e-11,1.0595059624108036e-06,0.9993479598791705,25,0,10
34,3202,0.0011188255661223087,4.870907896568219e-11,3.234154726247933e-06,0.9988779402304435,25,0,10
34,3203,0.0011330514320870796,5.0325272944047294e-11,3.383338246120387e-06,0.9988635651793423,25,0,10
34,3204,0.0015682588524568355,5.681583533989718e-11,4.734612261656129e-06,0.9984270064784662,25,0,10
34,3205,0.004490268509213844,5.706823668543989e-11,1.1009733278834165e-05,0.99549872170044,25,0,10
34,3206,0.003793894417241823,1.3739630828533772e-11,8.391631402620051e-06,0.9961977139376171,25,0,10
34,3207,0.004033603634071757,1.5936342944636932e-11,8.575226355850059e-06,0.9959578211236372,25,0,10
34,3208,0.003905854920896766,1.2061576703369225e-11,8.29392748716473e-06,0.9960858511395554,25,0,10
34,3209,0.003663988995579603,7.44283771022978e-12,7.2695124049928346e-06,0.9963287414845743,25,0,10
34,3210,0.003433916573509065,5.261363525563856e-12,7.051742213294111e-06,0.9965590316790187,25,0,10
34,3211,0.0007836894890806465,7.230087366701347e-11,3.250881033041089e-05,0.9991838016282903,25,0,10
34,3212,0.0008307461602152643,7.27504588378857e-11,2.906395281395022e-05,0.9991401898142221,25,0,10
34,3213,0.0005764007743706222,1.1117463546328294e-11,9.695192100930565e-07,0.9994226296953035,25,0,10
34,3214,0.000568344199385635,1.009815862676355e-11,8.901748180552341e-07,0.9994307656156995,25,0,10
34,3215,0.0005257340924760594,4.1366803103751834e-11,1.0745075461397832e-06,0.9994731913586125,25,0,10
34,3216,0.0013088135364023076,4.3413904831872756e-11,2.129982783655655e-06,0.9986890564374016,25,0,10
34,3217,0.0005114554999622406,9.642434433577101e-12,1.0235171494728533e-06,0.999487520973247,25,0,10
34,3218,0.0005834762166344975,1.599195462121587e-11,1.3216602296765341e-06,0.9994152021071449,25,0,10
34,3219,0.0009347393764686786,1.3760579214195887e-11,1.1630183026004003e-06,0.9990640975914693,25,0,10
34,3220,0.001168846175549364,1.6382708379143092e-11,1.392822485861876e-06,0.9988297609855834,25,0,10
34,3221,0.0009371989701770182,1.430486207203944e-11,1.2010372118170283e-06,0.999061599978308,25,0,10
34,3222,0.0009576726907563138,2.0032977203539826e-11,1.3769768979103688e-06,0.9990409503123137,25,0,10
34,3223,0.0007255764529902995,1.7528127400605304e-11,1.1877458240640514e-06,0.9992732357836583,25,0,10
34,3224,0.0011645031498427028,4.966031195428188e-11,5.789959541615721e-06,0.9988297068409558,25,0,10
34,3225,0.0011784795716326605,4.929624895251227e-11,5.815233627500217e-06,0.998815705145444,25,0,10
34,3226,0.0015261310767144668,5.4691215908123955e-11,7.87708806465939e-06,0.9984659917805293,25,0,10
34,3227,0.0007734629848241103,1.5092151529255628e-11,2.7612278658237346e-06,0.9992237757722187,25,0,10
34,3228,0.000883032058622346,1.9043282487069446e-11,3.0537447648554332e-06,0.9991139141775708,25,0,10
34,3229,0.0008590193441614231,1.884679558674139e-11,2.900733607600441e-06,0.9991380799033852,25,0,10
34,3230,0.0008670074809620579,1.8900750682916902e-11,2.908566043468643e-06,0.9991300839340945,25,0,10
34,3231,0.0009770460411574662,2.1011307042793784e-11,3.210081642979133e-06,0.9990197438561893,25,0,10
34,3232,0.0007414402660924262,1.5037276786015583e-11,2.7879609625549674e-06,0.9992557717579088,25,0,10
34,3233,0.0004730086864998352,8.358267773728675e-12,8.950918979175758e-07,0.999526096213246,25,0,10
34,3234,0.0010994564733878159,5.4225569079291725e-12,8.922725635225976e-07,0.9988996512486278,25,0,10
34,3235,0.00042393552302606106,7.839772514371037e-12,6.971191656075612e-07,0.9995753673499708,25,0,10
34,3236,0.0005470298400924164,1.0264384957379314e-11,9.593434887431033e-07,0.9994520108061561,25,0,10
34,3237,0.0009632326074522209,2.1669069892889275e-11,1.4266597169176918e-06,0.9990353407111624,25,0,10
34,3238,0.0006262150856459633,1.4239291223614005e-11,1.34765389626801e-06,0.9993724372462189,25,0,10
34,3239,0.0008538033532988897,4.7338056862356666e-11,3.7471919220239643e-06,0.9991424494074428,25,0,10
34,3240,0.0008008212771093965,1.6243686442304888e-11,1.661368246361225e-06,0.9991975173384016,25,0,10
34,3241,0.0007285353117487487,1.325994250764707e-11,1.313565759247338e-06,0.9992701511092339,25,0,10
34,3242,0.0009399147050498815,1.6950057045519217e-11,1.5560618091743248e-06,0.999058529216192,25,0,10
34,3243,0.0011006811981122751,1.8360147591095488e-11,1.5860971983301435e-06,0.9988977326863305,25,0,10
34,3244,0.0004312275741822684,1.4222205327526329e-11,1.136383434585526e-06,0.9995676360281618,25,0,10
34,3245,0.0003663663783627523,1.304819090544326e-11,9.82656011776091e-07,0.9996326509525786,25,0,10
34,3246,0.0006822617855758231,1.8897403118907446e-11,1.2869081837093116e-06,0.999316451287344,25,0,10
34,3247,0.0006917890193968986,1.586286673304806e-11,1.1392385168883343e-06,0.9993070717262248,25,0,10
34,3248,0.0013724664497772967,1.8536053776315943e-11,1.5792345535428623e-06,0.9986259542971341,25,0,10
34,3249,0.0010709432233854386,1.3878981825871423e-11,1.2695713318899879e-06,0.9989277871914048,25,0,10
34,3250,0.00035635726309975587,7.897258937201946e-12,6.835418804360105e-07,0.999642959187124,25,0,10
34,3251,0.0008575476516647504,6.858465778869665e-11,2.413522886175621e-06,0.9991400387568659,25,0,10
34,3252,0.0008584286759907017,6.968207431657444e-11,2.4196409958525423e-06,0.9991391516133326,25,0,10
34,3253,0.00034482676490113734,6.517499679938923e-12,5.29170288908677e-07,0.9996546440582939,25,0,10
34,3254,0.001741105271780751,2.0118191908390604e-11,2.5431562691884302e-06,0.9982563515518329,25,0,10
34,3255,0.0018028366403153374,2.066981869146073e-11,2.6676628574432305e-06,0.9981944956761584,25,0,10
34,3256,0.0020483124953416215,2.4914587976850953e-11,2.936685450734083e-06,0.9979487507942938,25,0,10
34,3257,0.0019504060357760345,2.4839131758256018e-11,2.717689084944062e-06,0.9980468762503008,25,0,10
34,3258,0.0026440233967387904,2.5114163072564103e-11,2.958047855338537e-06,0.9973530185302921,25,0,10
34,3259,0.001641874459185054,2.1660322103087876e-11,3.386529622549501e-06,0.9983547389895325,25,0,10
34,3260,0.0015439545999805387,2.017129721360189e-11,2.4093687334469955e-06,0.9984536360111155,25,0,10
34,3261,0.0015507089619423767,2.3298941945143585e-11,2.416047572253641e-06,0.9984468749671873,25,0,10
34,3262,0.0008058231419912615,2.04504597590165e-11,1.3624374366520613e-06,0.9991928144001234,25,0,10
34,3263,0.0006091897277132121,1.2153324980108358e-11,7.899619222023803e-07,0.9993900202982131,25,0,10
34,3264,0.00043197289333485366,1.3651688938782733e-11,8.039339747402138e-07,0.9995672231590401,25,0,10
34,3265,0.0009393306298945256,1.0469441160712795e-10,2.831482637915015e-06,0.9990578377827747,25,0,10
34,3266,0.0009304952152598585,1.0367931333180947e-10,2.8035790449643486e-06,0.999066701102017,25,0,10
34,3267,0.00041933696013949257,1.2200133105272792e-11,7.814055002652236e-07,0.9995798816221618,25,0,10
34,3268,0.00040457230508336646,1.3061761311198139e-11,9.339477370298544e-07,0.999594493734119,25,0,10
34,3269,0.00040515528421775944,8.864974795194808e-12,8.343717481307358e-07,0.9995940103351704,25,0,10
34,3270,0.0004032038425689004,8.327893456433947e-12,7.706266746708007e-07,0.99959602552243,25,0,10
34,3271,0.0004905233300004448,1.635269154719e-11,1.3383382942685069e-06,0.9995081383153536,25,0,10
34,3272,0.001082410516773907,2.4865117289853902e-11,2.7185002009700316e-06,0.9989148709581614,25,0,10
34,3273,0.001078321800086211,2.4002413830777063e-11,3.167356498395493e-06,0.9989185108194146,25,0,10
34,3274,0.001126008060678219,7.411878252953263e-11,1.6636347638204294e-06,0.9988723282304417,25,0,10
34,3275,0.0010167108495561538,7.186066140196272e-11,1.3198289087435512e-06,0.9989819692496767,25,0,10
34,3276,0.0011935432959266415,7.081111036050507e-11,1.2086759217298425e-06,0.9988052479573426,25,0,10
34,3277,0.0008314651039854553,6.927564951117922e-11,8.340288361450367e-07,0.9991677007979046,25,0,10
34,3278,0.0009534323669614636,7.053755970153988e-11,1.0833268538209106e-06,0.9990454842356492,25,0,10
34,3279,0.010277459812468566,1.8724180816306268e-10,2.211406966907417e-05,0.9897004259306225,25,0,10
34,3280,0.00036800848316128324,8.054289170942334e-12,5.994861777771642e-07,0.9996313920226085,25,0,10
34,3281,0.0003762927287113138,8.159380170423198e-12,6.178930473419886e-07,0.999623089370083,25,0,10
34,3282,0.0005962890146476129,1.0095335189077981e-11,6.890488845375605e-07,0.9994030219263739,25,0,10
34,3283,0.0007125245088028656,1.4448794761420398e-11,1.058546821096071e-06,0.9992864169299291,25,0,10
34,3284,0.0007061230428124148,1.613082902566043e-11,1.1851071755658203e-06,0.9992926918338833,25,0,10
34,3285,0.0003969174954530251,1.2684652632046889e-11,8.841813358697208e-07,0.9996021983105285,25,0,10
34,3286,0.0012340935106841323,1.2289015164398992e-11,3.5709616093673647e-06,0.998762335515419,25,0,10
34,3287,0.0014820250035625798,1.555752096177759e-11,3.833855699808151e-06,0.998514141125181,25,0,10
34,3288,0.0012555279861834253,1.491895371668445e-11,3.815451202191348e-06,0.9987406565476964,25,0,10
34,3289,0.001550768250162638,2.3161530575869864e-11,7.687105487877949e-06,0.9984415446211895,25,0,10
34,3290,0.0012426613785165893,1.379192240225494e-11,3.6174352107401077e-06,0.9987537211724822,25,0,10
34,3291,0.0012458602863198753,7.56747283027102e-11,7.103227233372292e-06,0.9987470364107732,25,0,10
34,3292,0.001552366148503112,7.60686933079551e-11,7.435355368929743e-06,0.9984401984200599,25,0,10
34,3293,0.0021953723828342926,2.046064792790885e-11,4.307465639448841e-06,0.9978003201310652,25,0,10
34,3294,0.0021979017496887936,2.1536162317286736e-11,4.542635134122719e-06,0.9977975555936408,25,0,10
34,3295,0.0019479444825487768,1.6693558634973305e-11,4.073635000917198e-06,0.9980479818657565,25,0,10
34,3296,0.0020253046799872778,2.2768392523040065e-11,4.436018234879954e-06,0.9979702592790095,25,0,10
34,3297,0.002192103620918345,2.802438142407851e-11,8.957525285664122e-06,0.997798938825772,25,0,10
34,3298,0.001883601232493415,2.2694199661781763e-11,8.580805051189685e-06,0.998107817939761,25,0,10
34,3299,0.00188859537488475,2.2615322611027506e-11,9.477800773034976e-06,0.9981019268017272,25,0,10
34,3300,0.0019656268502758773,2.0975737139185523e-11,7.108883909988258e-06,0.9980272642448392,25,0,10
34,3301,0.0017390600134095339,1.7890321833456235e-11,6.942324940143322e-06,0.998253997643761,25,0,10
34,3302,0.017661319671630902,8.796455981892419e-11,1.1085105108211905e-05,0.9823275951352979,25,0,10
34,3303,0.017656598404811992,8.964246182595108e-11,1.2179891986855427e-05,0.9823312216135595,25,0,10
34,3304,0.017331972375432894,8.79270614653611e-11,1.1146139779568211e-05,0.9826568813968624,25,0,10
34,3305,0.018113059505473518,9.284346306318397e-11,1.2161170506150996e-05,0.9818747792311785,25,0,10
34,3306,0.018770443349132554,1.0737188953967756e-10,1.3201854863879203e-05,0.9812163546886326,25,0,10
34,3307,0.019382513187918515,1.9893604665979011e-10,1.8618636186745093e-05,0.9805988679769593,25,0,10
34,3308,0.0020293716144773066,1.9840909548024718e-11,2.907596874753429e-06,0.9979677207688081,25,0,10
34,3309,0.0010263375175999915,1.6703665006419743e-11,1.9659367063358355e-06,0.998971696528991,25,0,10
34,3310,0.0010035941685819026,1.6525344831351762e-11,1.8355980648742625e-06,0.9989945702168289,25,0,10
34,3311,0.000949267048450988,1.4304419968899321e-11,1.6720031689819728e-06,0.9990490609340767,25,0,10
34,3312,0.000982502469098251,1.463088745228254e-11,1.730947922061601e-06,0.99901576656835,25,0,10
34,3313,0.0009301486227722189,1.8014845050693208e-11,1.7509791760885618e-06,0.9990681003800386,25,0,10
34,3314,0.0011261260859423859,2.1270091844587228e-11,1.7699622612941944e-06,0.9988721039305278,25,0,10
34,3315,0.0007170166564655796,1.4066594243646941e-11,1.529284134908294e-06,0.9992814540453346,25,0,10
34,3316,0.0009582738155334426,1.634492007010177e-11,1.6471369800350047e-06,0.9990400790311432,25,0,10
34,3317,0.0009767822873358789,1.639671149132248e-11,1.653104337951399e-06,0.9990215645919315,25,0,10
34,3318,0.001293849821818608,1.1985459851232468e-11,1.367391883966892e-06,0.9987047827743134,25,0,10
34,3319,0.01681963983662272,2.128821333711492e-09,7.111403794248468e-05,0.9831092439966149,25,0,10
34,3320,0.01762368265521605,2.133279314814763e-09,7.199502477359552e-05,0.9823043201867321,25,0,10
34,3321,0.01785156354733395,2.135640755772648e-09,7.200982054865765e-05,0.982076424496478,25,0,10
34,3322,0.018279079755692377,2.1689355496175344e-09,7.553709159735777e-05,0.9816453809837766,25,0,10
34,3323,0.0019371826726341586,4.698157558852555e-11,4.80086119619953e-06,0.9980580164191898,25,0,10
34,3324,0.0014539830164621611,4.636452779857984e-11,4.584700409494277e-06,0.9985414322367657,25,0,10
34,3325,0.002438103780805563,5.5542315414284474e-11,5.337770642656483e-06,0.9975565583930109,25,0,10
34,3326,0.0024388423590191214,5.578408525868304e-11,7.800663301307636e-06,0.9975533569218971,25,0,10
34,3327,0.0022697620194724742,4.974961502508819e-11,7.188591028196708e-06,0.9977230493397505,25,0,10
34,3328,0.00157755308327209,4.7928027470938416e-11,4.587159357132147e-06,0.9984178597094437,25,0,10
34,3329,0.001332746026743539,4.2566176357744846e-11,4.2042327571837795e-06,0.9986630496979341,25,0,10
34,3330,0.0013438001273422132,1.457605750834985e-11,1.5199851030911637e-06,0.9986546798729802,25,0,10
34,3331,0.00135126371121668,1.46036743731065e-11,1.5092557166122424e-06,0.9986472270184652,25,0,10
34,3332,0.0006342025667718457,1.7507086756957512e-09,1.070146088467666e-06,0.9993647255364322,25,0,10
34,3333,0.0005871078068183336,5.12593499663813e-12,5.354543409973682e-07,0.9994123567337161,25,0,10
34,3334,0.0005829042818943671,6.3217608284063265e-12,6.243820321948453e-07,0.9994164713297536,25,0,10
34,3335,0.000583480528570946,5.263641348056848e-12,1.3995889852221427e-06,0.999415119877182,25,0,10
34,3336,0.0008310162215110914,8.120242965691416e-12,1.581668615679705e-06,0.9991674021017545,25,0,10
34,3337,0.0008328040290292349,8.198632136175621e-12,7.442823133110983e-07,0.9991664516804601,25,0,10
34,3338,0.000802860394765891,8.013565477260243e-12,7.26880128765408e-07,0.9991964127170933,25,0,10
34,3339,0.0008650682862099174,1.0697617019647034e-11,9.516860528950262e-07,0.9991339800170416,25,0,10
34,3340,0.0016841156512918158,1.6552626098599584e-11,4.15329373571977e-06,0.9983117310384213,25,0,10
34,3341,0.0016142774647108563,1.3709024262071884e-11,5.264524382648929e-06,0.9983804579971989,25,0,10
34,3342,0.00104483438557702,9.941886067658732e-12,2.239516639844397e-06,0.9989529260878427,25,0,10
34,3343,0.0018999115089375844,1.1862217520566585e-11,1.5111350635523742e-06,0.9980985773441382,25,0,10
34,3344,0.0018135685238994032,1.7077464726006146e-11,1.9524652520615743e-06,0.9981844789937725,25,0,10
34,3345,0.0014244029774249736,1.940870086062841e-11,1.7057766258029432e-06,0.9985738912265424,25,0,10
34,3346,0.002192651808518443,2.445783992315353e-11,2.4083674583876446e-06,0.997804939799567,25,0,10
34,3347,0.001270372629544729,2.2236194227532315e-11,1.9220167165065147e-06,0.9987277053315039,25,0,10
34,3348,0.00109399932486959,1.1730710142190247e-10,2.853603644614905e-06,0.9989031469541798,25,0,10
34,3349,0.0010086861000451481,1.8816071734394034e-11,2.306452767454937e-06,0.9989890074283726,25,0,10
34,3350,0.000992596451591281,1.547725410232833e-11,2.189604168404092e-06,0.999005213928764,25,0,10
34,3351,0.0019110299260508134,2.380416621916251e-11,4.612568372966047e-06,0.9980843574817735,25,0,10
34,3352,0.0012073060801168864,2.3600783636500848e-11,4.3961969778605125e-06,0.998788297699306,25,0,10
34,3353,0.0006951507462577161,1.2692214616542304e-11,2.5546896306629525e-06,0.9993022945514214,25,0,10
34,3354,0.0005317270529639438,1.5812108177530996e-11,1.1807964752599614e-06,0.9994670921347502,25,0,10
34,3355,0.0007055135309824707,1.2349267417079737e-11,1.0743246654697537e-06,0.9992934121320043,25,0,10
34,3356,0.00070369300784121,1.2347571285956425e-11,2.506308543776522e-06,0.9992938006712694,25,0,10
34,3357,0.0005760439345938793,1.2752010762581944e-11,2.221488547676073e-06,0.999421734564108,25,0,10
34,3358,0.001402184691915269,1.0798624727966261e-10,3.5269702129130776e-06,0.9985942882298866,25,0,10
34,3359,0.0010812182796131704,2.83509977766404e-11,1.8342468451696498e-06,0.9989169474451923,25,0,10
34,3360,0.0006935619286392134,1.653399986526646e-11,1.1701440897252878e-06,0.99930526791074,25,0,10
34,3361,0.00042141801385229687,1.2057472472998474e-11,8.927533417934739e-07,0.9995776892207509,25,0,10
34,3362,0.00042245885627870475,1.2137819971910127e-11,9.04671193112848e-07,0.9995766364603926,25,0,10
34,3363,0.00044415626417695843,1.195041613398593e-11,9.458696745848907e-07,0.9995548978542,25,0,10
34,3364,0.0006913692344152182,1.0923461124235905e-11,1.0646793606056955e-06,0.9993075660753032,25,0,10
34,3365,0.000898285510244675,1.2472966623385291e-11,1.3016288655747565e-06,0.9991004128484191,25,0,10
34,3366,0.0008926919572991485,4.3924291033185437e-11,1.380119242454213e-06,0.9991059278795359,25,0,10
34,3367,0.00042402973315275116,4.20545821543856e-11,9.65676561113407e-07,0.999575004548233,25,0,10
34,3368,0.00041906945309316715,4.109367597664006e-11,9.020389309410417e-07,0.9995800284668832,25,0,10
34,3369,0.00032786192907777943,5.184105497710694e-12,4.5764252142371976e-07,0.9996716804232179,25,0,10
34,3370,0.00033646778853863024,3.4096637944174817e-09,7.729920208429692e-07,0.9996627558097779,25,0,10
34,3371,0.0005769585078808295,1.0401186933099397e-11,7.264550362039575e-07,0.9994223150266831,25,0,10
34,3372,0.0005784787338966489,9.41141974908744e-12,7.847688610674125e-07,0.9994207364878323,25,0,10
34,3373,0.0004067045850511526,6.791373259092092e-12,6.309582031029043e-07,0.9995926644499556,25,0,10
34,3374,0.000880222375407515,7.943680400408975e-12,1.0698111194672284e-06,0.9991187078055306,25,0,10
34,3375,0.0008857889740624099,7.824422276151196e-12,1.5907652555513405e-06,0.9991126202528594,25,0,10
34,3376,0.000630140460120719,5.4410786514707054e-12,1.3340470042127602e-06,0.9993685254874358,25,0,10
34,3377,0.0006382126649904347,5.422941189716676e-12,1.3322394824088143e-06,0.9993604550901058,25,0,10
34,3378,0.0004627367612192855,8.077325543486152e-12,7.625066324141827e-07,0.9995365007240723,25,0,10
34,3379,0.0006975071208304452,1.160692134363068e-11,9.674401880953845e-07,0.9993015254273755,25,0,10
34,3380,0.0007991264107791289,1.190878552816599e-11,9.211575200429415e-07,0.9991999524197928,25,0,10
34,3381,0.0010978532050127513,1.710106615563723e-11,1.3610834808756332e-06,0.9989007856944062,25,0,10
34,3382,0.0010121854695137455,1.1310322828156997e-11,1.0399325612547503e-06,0.998986774586616,25,0,10
34,3383,0.0005965810900155403,8.230233975236429e-12,8.213990888733339e-07,0.9994025975026668,25,0,10
34,3384,0.009965637383016578,6.7178856136745116e-09,0.0003656554076641395,0.989668700491435,25,0,10
34,3385,0.010162320452855448,6.721598624708331e-09,0.0003657479438772869,0.9894719248816698,25,0,10
34,3386,0.0017682898169700267,9.629174320346863e-12,1.3078569328427053e-06,0.9982304023164698,25,0,10
34,3387,0.0012797680638442122,1.3891624998792195e-11,1.5931745483008014e-06,0.9987186387477172,25,0,10
34,3388,0.0008208099104344734,1.134747772606561e-11,1.3038498042939348e-06,0.9991778862284151,25,0,10
34,3389,0.0008168232547048049,1.1283145874842263e-11,1.2642962163092307e-06,0.999181912437797,25,0,10
34,3390,0.000826673214893715,1.1410118409641861e-11,1.2742595737103322e-06,0.9991720525141234,25,0,10
34,3391,0.0005982031808997056,7.568744730539748e-12,1.0310109483468404e-06,0.9994007658005843,25,0,10
34,3392,0.0008569895675154592,4.256838265476544e-11,1.3961598047533246e-06,0.9991416142301123,25,0,10
34,3393,0.0006489535545337069,8.175552160914106e-12,7.483221709145648e-07,0.999350298115121,25,0,10
34,3394,0.0005861556648497881,7.395901721078852e-12,6.480732208727784e-07,0.9994131962545345,25,0,10
34,3395,0.0005725808652145319,7.298502181551888e-12,6.864128730738892e-07,0.999426732714615,25,0,10
34,3396,0.0005755768314723963,9.908269912352463e-12,7.419141798246637e-07,0.999423681244441,25,0,10
34,3397,0.0011206121507832884,2.1452879533423708e-11,4.873582253476865e-06,0.9988745142455115,25,0,10
34,3398,0.0005830654157048974,5.283822097751742e-12,6.552485301741038e-07,0.9994162793304823,25,0,10
34,3399,0.0004553580642447659,7.44714572153349e-12,7.720776645244453e-07,0.9995438698506451,25,0,10
34,3400,0.0006560585561397448,1.2999151612642431e-11,4.206288628608924e-06,0.999339735142234,25,0,10
34,3401,0.0011677867389422677,4.7093009563280956e-11,5.69113608680217e-06,0.9988265220778791,25,0,10
34,3402,0.0008585896989197673,3.96685826897908e-11,5.7207714102258094e-06,0.999135689490003,25,0,10
34,3403,0.0009805897048832959,4.1893156072592055e-11,4.767780720106712e-05,0.9989717324460239,25,0,10
34,3404,0.0010899119459674138,4.391246193076705e-11,4.793666785519864e-05,0.9988621513422664,25,0,10
34,3405,0.0010900417890225373,4.3703135964190514e-11,5.320027527500732e-06,0.9989046381397485,25,0,10
34,3406,0.001088685094219102,4.577599950741711e-11,5.417124356060707e-06,0.9989058977356501,25,0,10
34,3407,0.0008667987208054625,4.692556696332208e-11,5.246091162677993e-06,0.9991279551411079,25,0,10
34,3408,0.0008737384618004843,4.56105936463644e-11,5.262901991448961e-06,0.9991209985905996,25,0,10
34,3409,0.0007594984046752445,4.329180470121644e-11,4.983264668040127e-06,0.9992355182873668,25,0,10
34,3410,0.0007762368985820636,4.3296859322501376e-11,5.031866978437504e-06,0.9992187311911443,25,0,10
34,3411,0.0015412919773717213,5.168825977926446e-11,5.897547151804316e-06,0.9984528104237885,25,0,10
34,3412,0.0013100326445416983,5.013303959127009e-11,5.792317151320218e-06,0.9986841749881746,25,0,10
34,3413,0.00118599407981759,4.7974721423785205e-11,2.619234792898065e-06,0.9988113866374155,25,0,10
34,3414,0.0013738648369472854,4.2511938147595567e-11,2.35440237245277e-06,0.9986237807181694,25,0,10
34,3415,0.0019494942830027761,4.472906791366176e-11,2.8549238945881768e-06,0.9980476507483751,25,0,10
34,3416,0.0014638455342978044,4.465895719068605e-11,2.6067988108238186e-06,0.9985335476222335,25,0,10
34,3417,0.0012135414875206617,4.179643425581673e-11,2.2347866153241197e-06,0.9987842236840696,25,0,10
34,3418,0.0007717456557117888,1.542147251499655e-11,1.3769863783082112e-06,0.9992268773424904,25,0,10
34,3419,0.00899724093732941,1.2153065816420365e-10,1.502579762764743e-05,0.9909877331435137,25,0,10
34,3420,0.0015604001515930515,2.844113412069917e-11,3.3386904679811603e-06,0.9984362611295,25,0,10
34,3421,0.001571481243460092,2.7479951535910094e-11,3.3974475746775856e-06,0.9984251212814871,25,0,10
34,3422,0.0006949334389508667,1.8621774180087423e-11,1.1116808804354107e-06,0.9993039548615491,25,0,10
34,3423,0.0005271766167984624,9.36546774020367e-12,9.136173287908379e-07,0.9994719097565097,25,0,10
34,3424,0.0005769446874986663,7.057041429549336e-11,2.7424286047443236e-06,0.9994203128133282,25,0,10
34,3425,0.00052904071253152,9.355734178798731e-12,8.788391214864939e-07,0.9994700804389932,25,0,10
34,3426,0.000512138740896848,7.49281574354311e-12,8.064501582152833e-07,0.9994870548014541,25,0,10
34,3427,0.0005239828532060349,7.500837256095357e-12,8.773058065060374e-07,0.9994751398334887,25,0,10
34,3428,0.00035266653824464277,5.249889049707817e-12,5.482361491875408e-07,0.9996467852203585,25,0,10
34,3429,0.000589552822974044,8.769706256345029e-12,1.4485147361277536e-06,0.9994089986535221,25,0,10
34,3430,0.0007100200514894402,1.0933542924257874e-11,1.7517986970597249e-06,0.9992882281388817,25,0,10
34,3431,0.0011039935694489406,4.207714982020332e-11,1.1000158798837734e-06,0.9988949063725954,25,0,10
34,3432,0.0013569136586405177,4.4791621635798684e-11,1.4007066001621388e-06,0.9986416855899688,25,0,10
34,3433,0.00214938397634632,1.0786756851778596e-10,4.90972982024448e-06,0.9978457061859665,25,0,10
34,3434,0.001094012477387044,4.2017125924429835e-11,1.1059294857028732e-06,0.9989048815511115,25,0,10
34,3435,0.001335819858019707,4.5010789087030714e-11,1.2780576903476161e-06,0.9986629020392802,25,0,10
34,3436,0.001196133436643367,4.3493871531732754e-11,1.2641871810013672e-06,0.9988026023326827,25,0,10
34,3437,0.0007521558737643888,1.143718616402305e-11,9.56526614060921e-07,0.9992468875881851,25,0,10
34,3438,0.0009207876920106228,1.519742318826509e-11,1.2053947601754864e-06,0.9990780068980328,25,0,10
34,3439,0.0015303404312829502,5.044776721875523e-11,4.0269177724612705e-06,0.9984656326004969,25,0,10
34,3440,0.001160766352628684,1.0977209827234522e-11,1.1130218204503093e-06,0.9988381206145747,25,0,10
34,3441,0.0012224454010888652,1.3077058776574746e-11,1.293139812637e-06,0.9987762614460219,25,0,10
34,3442,0.001205608595680623,1.3515013091750695e-11,1.2731566398947055e-06,0.9987931182341653,25,0,10
34,3443,0.0011923420016467486,1.2423253850138902e-11,1.2699178816131018e-06,0.9988063880680497,25,0,10
34,3444,0.0009569783704432997,1.0346889256156963e-11,1.1221139330855229e-06,0.9990418995052773,25,0,10
34,3445,0.0008788219927629091,1.1837529654012787e-11,1.0095550027327314e-06,0.9991201684403979,25,0,10
34,3446,0.0007687480662086163,1.849093961491666e-11,1.3930703605879473e-06,0.9992298588449412,25,0,10
34,3447,0.0007181458125998365,1.7337274164115643e-11,1.1716311160877271e-06,0.9992806825389472,25,0,10
34,3448,0.0007176637937059971,1.7790717243683968e-11,1.158194813590429e-06,0.9992811779936908,25,0,10
34,3449,0.0006669593082206595,1.366093884193742e-10,4.356414241641354e-06,0.9993286841409291,25,0,10
34,3450,0.00045705469403877825,1.2979057642271461e-11,9.059101297691048e-07,0.9995420393828536,25,0,10
34,3451,0.0007088352844112965,1.3171156944595574e-11,1.068245394859576e-06,0.9992900964570239,25,0,10
34,3452,0.0005430638395816304,1.1628510001335997e-11,1.1114973220548237e-06,0.9994558246514689,25,0,10
34,3453,0.0004041553060767664,8.46750050590812e-12,6.970376064996509e-07,0.9995951476478497,25,0,10
34,3454,0.0004253724694439754,4.064183966308944e-11,8.370779063889168e-07,0.9995737904120087,25,0,10
34,3455,0.0005397105946420689,4.1855034522501954e-11,3.164167845178713e-06,0.9994571251956584,25,0,10
34,3456,0.0005345340809234599,1.0192523733618152e-11,3.0271456713417257e-06,0.9994624387632137,25,0,10
34,3457,0.0008412284213068057,1.8676159148726777e-11,3.5416032274867653e-06,0.9991552299567903,25,0,10
34,3458,0.00042675465279760086,1.2192219064236564e-11,8.033270357679318e-07,0.9995724420079761,25,0,10
34,3459,0.0004216457686946035,1.2753325381924745e-11,8.462499388504534e-07,0.9995775079686153,25,0,10
34,3460,0.0004043300593858567,1.0963829682290463e-11,7.410097622885336e-07,0.9995949289198908,25,0,10
34,3461,0.0004037645091576746,1.0931498835950086e-11,7.449617623121277e-07,0.9995954905181508,25,0,10
34,3462,0.000419961702117462,1.7091562874724378e-11,1.0261157700245286e-06,0.9995790121650223,25,0,10
34,3463,0.00113106314140769,2.3535148002576352e-11,1.5612015097846046e-06,0.9988673756335477,25,0,10
34,3464,0.0010630755455622322,1.9498494377033602e-11,1.577754055979571e-06,0.9989353466808844,25,0,10
34,3465,0.0008702222599518909,1.3746943140493737e-11,1.2954605057567616e-06,0.9991284822657966,25,0,10
34,3466,0.0008933255692401493,1.4537441358297145e-11,1.3084109690587287e-06,0.9991053660052551,25,0,10
34,3467,0.00041682436907588167,1.2216496427349465e-11,7.128337223271808e-07,0.999582462784987,25,0,10
34,3468,0.0011474005584684588,2.2595279792553776e-11,1.4436345825810378e-06,0.9988511557843546,25,0,10
34,3469,0.001122899119920029,2.952120205137756e-11,1.985631557242952e-06,0.9988751152190024,25,0,10
34,3470,0.0008008106658747391,2.2164662027633643e-11,1.4749729559385816e-06,0.9991977143390054,25,0,10
34,3471,0.000875517159364923,2.1913698463386392e-11,1.7421226052064e-06,0.9991227406961173,25,0,10
34,3472,0.0009222209906925702,2.1892350181896475e-11,1.9115657258614796e-06,0.9990758674216906,25,0,10
34,3473,0.001122539880047185,2.4147519961035888e-11,2.3732496694656213e-06,0.9988750868461365,25,0,10
34,3474,0.0009300129667858937,2.1825818736225522e-11,1.8331533435205332e-06,0.9990681538580461,25,0,10
34,3475,0.0007748543774432417,1.4797466413006143e-11,1.2473664718998011e-06,0.9992238982412887,25,0,10
34,3476,0.0007802350236732472,1.5395064618570467e-11,1.3321996369727622e-06,0.999218432761296,25,0,10
34,3477,0.0008668041065613964,1.6627705744908484e-11,1.4426974164421719e-06,0.9991317531793957,25,0,10
34,3478,0.001252228486008173,1.699765362999847e-11,1.5623897594939272e-06,0.9987462091072363,25,0,10
34,3479,0.001299914550663086,1.0960217226789559e-10,1.5831114059369975e-06,0.9986985022283301,25,0,10
34,3480,0.0018109917763735187,1.137722322632651e-10,2.07223396319596e-06,0.9981869358758922,25,0,10
34,3481,0.0016174362100284689,1.7000677725584182e-11,1.7608659350448236e-06,0.9983808029070366,25,0,10
34,3482,0.0014836554647676445,2.1352784989955392e-11,2.7585494772813705e-06,0.9985135859644028,25,0,10
34,3483,0.0014174944207498968,2.071839577619795e-11,2.476726344619385e-06,0.9985800288321872,25,0,10
34,3484,0.0013455693681843723,2.0430339339143837e-11,2.226579312750035e-06,0.9986522040320734,25,0,10
34,3485,0.0008181461780930498,1.4051337607317098e-11,1.0374321269391847e-06,0.9991808163757296,25,0,10
34,3486,0.001065873250111534,1.638101018883749e-11,1.1789509029006923e-06,0.9989329477826057,25,0,10
34,3487,0.0005671623089676828,8.91879353934642e-12,6.850030099328406e-07,0.9994321526791046,25,0,10
34,3488,0.0005655251832671593,9.792212670203693e-12,7.28219690999054e-07,0.9994337465872506,25,0,10
34,3489,0.0012378076105751582,1.1315123395976004e-11,1.0495243328331819e-06,0.9987611428537783,25,0,10
34,3490,0.0018386343631021332,4.6556384291770557e-11,1.7590532263924308e-06,0.9981596065371169,25,0,10
34,3491,0.000704887787937971,4.177258872155254e-11,1.110715021458523e-06,0.9992940014552694,25,0,10
34,3492,0.0009700575678713429,4.57379824304454e-11,1.4408359687663622e-06,0.9990285015504229,25,0,10
34,3493,0.001769295268444963,5.0538969169847496e-11,2.0225910017819658e-06,0.9982286820900148,25,0,10
34,3494,0.0017577742293882134,4.534745588447722e-11,1.548897013795969e-06,0.998240676828252,25,0,10
34,3495,0.0012612556224904665,7.520367241151472e-12,8.963446701038612e-07,0.9987378480253213,25,0,10
34,3496,0.0011158598256839072,2.0996298490186847e-11,2.2506563737252605e-06,0.9988818894969476,25,0,10
34,3497,0.001082139023543721,2.4994757811745295e-11,3.816247006220878e-06,0.9989140447044565,25,0,10
34,3498,0.001112925326601613,2.534906557434889e-11,3.8532824545733245e-06,0.9988832213655958,25,0,10
34,3499,0.0005542094535770666,1.2801796093579794e-11,2.3086544302988486e-06,0.9994434818791922,25,0,10
34,3500,0.0005568300436482211,1.1501597159440335e-11,9.620765993844966e-07,0.9994422078682521,25,0,10
34,3501,0.0005450506540397177,1.396802394671952e-11,1.0771284444325055e-06,0.9994538722035496,25,0,10
34,3502,0.000599170543610836,1.3035689782347959e-11,1.1710408934566716e-06,0.9993996584024617,25,0,10
34,3503,0.00042001900910717383,7.129006198565801e-12,6.971414850697605e-07,0.9995792838422801,25,0,10
34,3504,0.0003680541410603811,7.652117498984995e-12,6.253281219423535e-07,0.9996313205231675,25,0,10
34,3505,0.0004979379347251966,1.397685749456624e-11,1.0251402683108044e-06,0.9995010369110308,25,0,10
34,3506,0.0006228461537981034,1.410579828584061e-11,1.1875592634669851e-06,0.9993759662728339,25,0,10
34,3507,0.0006825226153371899,1.6090229468134563e-11,1.2817394797582024e-06,0.9993161956290936,25,0,10
34,3508,0.000610413255671182,1.3361338229290911e-11,1.1117748345525372e-06,0.9993884749561343,25,0,10
34,3509,0.0007732962436065623,1.3221603608631687e-11,1.120618593904536e-06,0.9992255831245792,25,0,10
34,3510,0.0003509160243321553,6.267121863591803e-12,4.998085133425772e-07,0.9996485841608892,25,0,10
34,3511,0.00042793653819748096,3.972379044675961e-11,8.951007563383586e-07,0.9995711683213235,25,0,10
34,3512,0.0003696138949390883,3.855427830920057e-11,8.16570979564999e-07,0.9996295694955286,25,0,10
34,3513,0.000574642648842725,3.639702580168734e-11,7.385214306196427e-07,0.9994246187933311,25,0,10
34,3514,0.0019171540319500979,3.8580932641162924e-11,1.3462673790963969e-06,0.9980814996620916,25,0,10
34,3515,0.000566959409637983,3.6391319039498077e-11,7.454900469445145e-07,0.9994322950639255,25,0,10
34,3516,0.0009012181382295595,4.1205203757669856e-11,4.127465840415644e-06,0.999094654354726,25,0,10
34,3517,0.0005674427969672806,8.5040492995219e-12,8.541672717949527e-07,0.9994317030272585,25,0,10
34,3518,0.0008068881810333119,8.547734714886235e-12,8.781161728025005e-07,0.999192233694248,25,0,10
34,3519,0.003919243935570163,1.4799931098456364e-11,5.1132936698860825e-06,0.9960756427559622,25,0,10
34,3520,0.0038909270516489947,2.366136397955893e-11,5.533510151477572e-06,0.9961035394145396,25,0,10
34,3521,0.001264533668279024,2.87836635477482e-11,1.9697169679143655e-06,0.9987334965859705,25,0,10
34,3522,0.0012595375945543196,2.773711030047851e-11,1.9032700327653222e-06,0.9987385591076768,25,0,10
34,3523,0.0013759961209231085,3.164163581501067e-11,2.2267173076763744e-06,0.9986217771301287,25,0,10
34,3524,0.001075248735785236,2.435968103286582e-11,1.7681375531878484e-06,0.9989229831023032,25,0,10
34,3525,0.0010845395865337428,1.4222479229985305e-10,1.8876606335019712e-06,0.9989135726106089,25,0,10
34,3526,0.0009108899015857763,1.3242065725811347e-10,1.3305589011159305e-06,0.9990877794070933,25,0,10
34,3527,0.0006892100937647107,1.3392415750170174e-10,1.2857152360888133e-06,0.9993095040570766,25,0,10
34,3528,0.0006034974179641113,1.1261892491518585e-11,9.33506911261523e-07,0.9993955690638646,25,0,10
34,3529,0.0006027854994052247,1.0311781664283865e-11,1.0790026796909058e-06,0.9993961354876051,25,0,10
34,3530,0.0007142753416771575,1.522380705800016e-11,1.4792904666723524e-06,0.9992842453526342,25,0,10
34,3531,0.0007336434346951576,1.5454240979100113e-11,1.2293961838051045e-06,0.999265127153668,25,0,10
34,3532,0.0009751882387311124,1.5632758137010162e-11,1.4585877746642591e-06,0.9990233531578623,25,0,10
34,3533,0.0006629277202329592,1.096123588577614e-11,1.115325850694432e-06,0.9993359569429562,25,0,10
34,3534,0.0009229337400637021,1.2511045774962468e-11,1.3334242561561892e-06,0.9990757328231706,25,0,10
34,3535,0.0008299678490027544,9.288713538628887e-12,1.050668171960939e-06,0.9991689814735375,25,0,10
34,3536,0.001793786290770938,2.135403541410071e-11,3.5436279631741412e-06,0.9982026700599133,25,0,10
34,3537,0.0009304090078625996,1.769323811855774e-11,1.4594006383910609e-06,0.9990681315738067,25,0,10
34,3538,0.0010886510270892377,2.0299237111302582e-11,1.7217091547172526e-06,0.9989096272434572,25,0,10
34,3539,0.0007687602311506767,1.3804245100537094e-11,1.2784480377107701e-06,0.9992299613070083,25,0,10
34,3540,0.0006343570587084478,1.3231874367021676e-11,1.224627929575963e-06,0.9993644183001312,25,0,10
34,3541,0.0008234677895520953,1.4605983350742693e-11,1.2922641389565486e-06,0.9991752399317038,25,0,10
34,3542,0.0008058240834850802,1.3469346589518191e-11,1.2331519041109532e-06,0.9991929427511423,25,0,10
34,3543,0.0007035020304801373,1.2463205886381063e-11,1.1474696959696692e-06,0.999295350487362,25,0,10
34,3544,0.001297054883999774,7.873620475817194e-11,4.03200966405183e-06,0.9986989130276014,25,0,10
34,3545,0.0011686991957422027,8.118950494746674e-11,3.708637088029939e-06,0.9988275920859819,25,0,10
34,3546,0.0010482150701340398,2.050658997615469e-11,4.117760405782428e-06,0.9989476671489551,25,0,10
34,3547,0.0006859460625433854,1.464518607636885e-11,1.2440146307982178e-06,0.999312809908182,25,0,10
34,3548,0.0011118962118330908,1.5938091585778357e-11,1.4334319850779827e-06,0.9988866703402444,25,0,10
34,3549,0.000816642066178585,1.531936001645994e-11,2.71160121037737e-06,0.9991806463172928,25,0,10
34,3550,0.0005774464638870332,1.1678126069273169e-11,2.448522551187718e-06,0.9994201050018843,25,0,10
34,3551,0.0005737053268709724,1.0541684116131131e-11,2.4038964377757666e-06,0.9994238907661505,25,0,10
34,3552,0.0007169544330662187,1.072341794030293e-10,3.6762126995385906e-06,0.9992793692470004,25,0,10
34,3553,0.00034601812584307307,7.719998129267224e-12,1.3597591112690965e-06,0.9996526221073264,25,0,10
34,3554,0.0035455864393382857,1.2975013708158197e-11,6.845811567807067e-06,0.9964475677361199,25,0,10
34,3555,0.0038070895036112712,2.1421295775123713e-11,6.439755937391299e-06,0.9961864707190314,25,0,10
34,3556,0.0038250614045690946,2.1339066759073435e-11,6.430965070275942e-06,0.996168507609023,25,0,10
34,3557,0.0038777261363675598,2.3343733629225248e-11,6.612943415458041e-06,0.9961156608968743,25,0,10
34,3558,0.004332047655251023,6.186740818524816e-11,9.033076113052233e-06,0.9956589192067696,25,0,10
34,3559,0.0009364020209052535,5.152859951133742e-11,2.9406519207331055e-06,0.9990606572756456,25,0,10
34,3560,0.010932929686483128,2.0079486090682147e-11,5.133457847955091e-06,0.9890619368355904,25,0,10
34,3561,0.0010878424896129323,1.2291428952306422e-11,1.8620727041945118e-06,0.9989102954253923,25,0,10
34,3562,0.0008595641717599616,1.1176319378456787e-11,1.0103763083406889e-06,0.9991394254407566,25,0,10
34,3563,0.000730992676615145,1.0568615547787304e-11,1.059310194976824e-06,0.9992679480026224,25,0,10
34,3564,0.0007371641358376893,1.1041881824672355e-11,1.0726927469618157e-06,0.999261763160375,25,0,10
34,3565,0.0006298873530126089,2.0670051707074422e-11,2.768584288665475e-06,0.9993673440420303,25,0,10
34,3566,0.0005801323610607343,2.2111073298084205e-11,3.0327237488776536e-06,0.9994168348930809,25,0,10
34,3567,0.0005791271934642771,1.9412737061997104e-11,2.891097941334071e-06,0.9994179816891835,25,0,10
34,3568,0.0004018051791895379,1.7636312402888405e-11,2.545723815347834e-06,0.9995956490793609,25,0,10
34,3569,0.0007032600838399535,2.3611352546708668e-11,4.471072448670559e-06,0.9992922688201017,25,0,10
34,3570,0.0006355961843450174,8.515845090755309e-11,2.8083699717900053e-06,0.9993615953605256,25,0,10
34,3571,0.0004016247363860685,8.04789316226741e-11,2.5915302105720515e-06,0.9995957836529255,25,0,10
34,3572,0.0004087066078690555,7.349028951693041e-11,9.208005828277505e-07,0.9995903725180588,25,0,10
34,3573,0.0005874815759002806,2.0833561181645594e-11,1.291643939750859e-06,0.9994112267593275,25,0,10
34,3574,0.0005114389871232763,1.8734702353911002e-11,1.0879723815837837e-06,0.9994874730217614,25,0,10
34,3575,0.00046043596410472545,1.3568672776324473e-11,9.502451199562394e-07,0.9995386137772073,25,0,10
34,3576,0.0008908799999385269,2.0759846735616213e-11,1.6610131101431452e-06,0.9991074589661918,25,0,10
34,3577,0.0008831625930563424,1.8564469998893485e-11,1.6082552857530729e-06,0.9991152291330936,25,0,10
34,3578,0.0012200923235317156,1.8117924401009934e-11,2.2282323490138105e-06,0.9987776794260016,25,0,10
34,3579,0.002160680243236344,2.3915933921819928e-11,2.9782280408661198e-06,0.997836341504807,25,0,10
34,3580,0.0016164488313895082,1.6647458178547182e-11,2.4657839157214484e-06,0.9983810853680478,25,0,10
34,3581,0.0008778056528253664,1.492839873980011e-11,1.3791502570326113e-06,0.9991208151819899,25,0,10
34,3582,0.004789315643879126,2.7818600385693708e-11,6.30183753783823e-06,0.9952043824907656,25,0,10
34,3583,0.0056914289939424345,3.004189200889899e-11,6.65003072963645e-06,0.9943019209452878,25,0,10
34,3584,0.004878863031908207,3.2275728502582364e-11,6.4579021734265495e-06,0.995114679033644,25,0,10
34,3585,0.005907217687922605,7.06136777876643e-11,1.1718343179822435e-05,0.9940810638982847,25,0,10
34,3586,0.005425114960307917,6.164275260940246e-11,1.08174384450612e-05,0.9945640675396048,25,0,10
34,3587,0.007384324942302245,2.4155661966491382e-11,8.389053408209557e-06,0.9926072859801348,25,0,10
34,3588,0.006953083231497621,2.613390331281282e-11,8.180444002596453e-06,0.9930387362983667,25,0,10
34,3589,0.0071215476003390335,2.825967238605771e-11,8.45256412590322e-06,0.9928699998072764,25,0,10
34,3590,0.006977274952600523,2.281756892541533e-11,8.129272075269762e-06,0.9930145957525076,25,0,10
34,3591,0.004167017486907662,2.504694151168275e-11,4.244964785330568e-06,0.995828737523261,25,0,10
34,3592,0.001339518301102992,1.7502804700749097e-11,1.1682293146833353e-06,0.9986593134520806,25,0,10
34,3593,0.0011209319686575942,1.8046380959479252e-11,1.1719573319028493e-06,0.9988778960559657,25,0,10
34,3594,0.0005882106676555511,1.1202703059468684e-11,6.948423118176721e-07,0.9994110944788317,25,0,10
34,3595,0.0003639792033520206,9.244974882842794e-12,6.736577882784818e-07,0.9996353471296153,25,0,10
34,3596,0.0008048388805220522,7.943352681207576e-11,1.5428640890513223e-06,0.9991936181759568,25,0,10
34,3597,0.0013609702542375186,2.0866547270236816e-11,1.8862110993634584e-06,0.9986371435137983,25,0,10
34,3598,0.011604300938071277,1.8772900459510392e-11,3.2930219984858475e-06,0.9883924060211587,25,0,10
34,3599,0.012294882711451858,2.4093708290267473e-11,4.030367710065999e-06,0.9877010868967456,25,0,10
34,3600,0.012467349818900138,3.1400513050634233e-10,4.1646135734689885e-06,0.9875284852535221,25,0,10
34,3601,0.012766589452892831,2.9342211837398305e-11,8.0240021018928e-06,0.9872253865156639,25,0,10
34,3602,0.0023669449127654155,2.7077993244754494e-11,6.193802648132396e-06,0.9976268612575099,25,0,10
34,3603,0.0021579997563595686,2.342045997717369e-11,5.903293099152708e-06,0.997836096927122,25,0,10
34,3604,0.0021279526529846536,2.0959304598022628e-11,5.632021342040047e-06,0.9978664153047151,25,0,10
34,3605,0.0027316733823921167,2.8712414073852076e-11,6.113865784481342e-06,0.9972622127231118,25,0,10
34,3606,0.0021751659562452043,1.931277013211928e-11,5.404813872790758e-06,0.9978194292105702,25,0,10
34,3607,0.002032182217422533,8.16290505390986e-11,7.804999664172474e-06,0.9979600127012853,25,0,10
34,3608,0.0008127121487488137,7.138947577579186e-11,3.1713507251442613e-06,0.9991841164291375,25,0,10
34,3609,0.0005746893207162902,1.0020885752585108e-11,7.364376001072023e-07,0.999424574231664,25,0,10
34,3610,0.00401418864676418,1.5257412849360197e-11,3.1838777238976875e-06,0.9959826274602558,25,0,10
34,3611,0.004493540771021745,2.0052890456284567e-11,3.652254262324474e-06,0.9955028069546643,25,0,10
34,3612,0.0008961720643743268,1.2771409305427063e-11,1.230587188861556e-06,0.9991025973356674,25,0,10
34,3613,0.003991322499777053,1.2580637463646977e-10,1.0773424333506624e-05,0.9959979039500843,25,0,10
34,3614,0.004229534611126656,1.2657969997915076e-10,1.0864498103158639e-05,0.9957596007641913,25,0,10
34,3615,0.0011825294647218,1.803529225550855e-11,1.5167090299668884e-06,0.998815953808214,25,0,10
34,3616,0.0014228240105666164,2.0920321987316803e-11,1.803510810640094e-06,0.9985753724577038,25,0,10
34,3617,0.0016512181641215292,2.3384695711337012e-11,2.056448872688838e-06,0.9983467253636225,25,0,10
34,3618,0.0011257547186483403,1.3945716827040305e-11,1.405730741721183e-06,0.9988728395366655,25,0,10
34,3619,0.0008930345897748,1.4933142257109753e-11,1.348510430896797e-06,0.9991056168848627,25,0,10
34,3620,0.0008958127464780187,1.4926707797947687e-11,1.2714977369541503e-06,0.9991029157408597,25,0,10
34,3621,0.0006516109080510504,1.2844983597611476e-11,1.0874139433922697e-06,0.9993473016651617,25,0,10
34,3622,0.0007796019378993192,4.8473223317147355e-11,3.6849215337775044e-06,0.9992167130920951,25,0,10
34,3623,0.001518727410991446,2.029535947005283e-11,1.5357667923687994e-06,0.9984797368019224,25,0,10
34,3624,0.001742592128987775,2.239082817199387e-11,1.7301733755826956e-06,0.9982556776752475,25,0,10
34,3625,0.0008236618565878555,1.1916211323161839e-11,9.764634733948885e-07,0.9991753616680242,25,0,10
34,3626,0.0008063522880050338,1.3705526699639435e-11,9.986549829129726e-07,0.9991926490433082,25,0,10
34,3627,0.0010548767702757969,1.8568830252036508e-11,1.258424294327574e-06,0.9989438647868617,25,0,10
34,3628,0.0010453431499426857,1.858435337834305e-11,1.2593752628120962e-06,0.998953397456211,25,0,10
34,3629,0.001104037902188046,2.0191669304028846e-11,1.4178475657122908e-06,0.9988945442300551,25,0,10
34,3630,0.0019716497124284372,2.1320474250077956e-11,1.7185094378675851e-06,0.998026631756814,25,0,10
34,3631,0.0019457021447559268,1.458711207976591e-11,1.7879230093475831e-06,0.9980525099176488,25,0,10
34,3632,0.0007750323671898197,1.2230711871715396e-11,1.0893477047795648e-06,0.9992238782728768,25,0,10
34,3633,0.0010136826048275987,1.546698925386471e-11,1.3056920185462517e-06,0.9989850116876892,25,0,10
34,3634,0.0008015234701938387,1.7001861553096935e-11,1.3099501002096601e-06,0.9991971665627061,25,0,10
34,3635,0.0007306204753912994,1.8864296199545653e-11,1.3062173214630442e-06,0.9992680732884247,25,0,10
34,3636,0.0005665460418680051,2.1217156939694112e-11,1.4954414069658043e-06,0.9994319584955097,25,0,10
34,3637,0.0008921845702259645,1.232521710121334e-11,1.1348688491959493e-06,0.999106680548601,25,0,10
34,3638,0.0009554788708622043,1.766062655751949e-11,1.5394306673284637e-06,0.9990429816808117,25,0,10
34,3639,0.0010018541006221327,1.599889925863531e-11,1.6830731727517031e-06,0.9989964628102085,25,0,10
34,3640,0.0010855882421196945,1.965091018461894e-11,1.8681263793742236e-06,0.9989125436118522,25,0,10
34,3641,0.0005527630613620399,1.3179069523009629e-11,1.218731454670401e-06,0.999446018194006,25,0,10
34,3642,0.00082899905572993,1.647973304541097e-11,1.560232860527645e-06,0.9991694406949313,25,0,10
34,3643,0.001483890927768977,8.076588078215089e-11,3.6726955289802364e-06,0.9985124362959377,25,0,10
34,3644,0.0005569117226771106,1.473252631917442e-11,1.2608085954613844e-06,0.9994418274539966,25,0,10
34,3645,0.0006079320936041086,1.578806836206074e-11,1.4475573963379098e-06,0.9993906203332132,25,0,10
34,3646,0.0004908335055418397,9.559224706201147e-12,9.96798471355463e-07,0.9995081696864294,25,0,10
34,3647,0.000722420250548005,1.3774419453298294e-11,1.232682761493857e-06,0.9992763470529181,25,0,10
34,3648,0.0008292821412952451,1.6025867722460446e-11,1.9000002521608377e-06,0.9991688178424291,25,0,10
34,3649,0.0007034781039321823,1.2294258493694584e-11,1.5642617290594801e-06,0.9992949576220467,25,0,10
34,3650,0.0008098107380949983,1.924429132824699e-11,2.1027564242991758e-06,0.9991880864862369,25,0,10
34,3651,0.0008057700230049821,1.914913778581353e-11,2.0755215634490467e-06,0.9991921544362837,25,0,10
34,3652,0.00043881511702243976,1.1757418588815012e-11,9.638334105523289e-07,0.9995602210378113,25,0,10
34,3653,0.0006722607564347073,1.3804138789362956e-11,9.94780265407317e-07,0.9993267444494967,25,0,10
34,3654,0.0013536406102793558,1.1868740570577948e-11,1.198286581102015e-06,0.9986451610912713,25,0,10
34,3655,0.0010397829265115888,8.607263178241599e-12,8.970045400443222e-07,0.9989593200603417,25,0,10
34,3656,0.0010986834052566499,9.851632428558587e-12,1.0948061031676806e-06,0.9989002217787899,25,0,10
34,3657,0.004618271518598157,7.579641191698591e-11,1.2914144841664535e-05,0.9953688142607651,25,0,10
34,3658,0.003907877446868744,7.24865522424839e-11,1.2417144219206344e-05,0.9960797053364273,25,0,10
34,3659,0.0007077178165881611,1.3328412970303333e-11,9.949019741430257e-07,0.9992912872681105,25,0,10
34,3660,0.0006841229735900674,1.3375951446602203e-11,9.266551889729279e-07,0.9993149503578465,25,0,10
34,3661,0.006519890866399242,1.5547516190792347e-11,5.104236801376559e-06,0.9934750048812533,25,0,10
34,3662,0.0018228234707261368,9.70732462054238e-12,1.4283052725381317e-06,0.998175748214296,25,0,10
34,3663,0.001821808238608721,9.768343398979229e-12,1.4336491093166955e-06,0.9981767581025148,25,0,10
34,3664,0.0020561681323594946,9.712062981919415e-12,1.5453559925055648e-06,0.9979422865019371,25,0,10
34,3665,0.001443265861855665,1.341791695050204e-11,1.4190857823404933e-06,0.9985553150389456,25,0,10
34,3666,0.0005201004330475883,1.4189145826614172e-11,9.7008219417726e-07,0.9994789294705708,25,0,10
34,3667,0.0004887673974003572,9.653617327124375e-12,9.28173103129815e-07,0.999510304419845,25,0,10
34,3668,0.0005601479168249616,1.6539963320235187e-11,2.0141958973376794e-06,0.9994378378707391,25,0,10
34,3669,0.0015463445205357762,1.679640765264313e-11,1.4345988278515473e-06,0.9984522208638412,25,0,10
34,3670,0.0013634280092814591,4.773315089393764e-11,1.8314817007543898e-06,0.9986347404612863,25,0,10
34,3671,0.0013525644586741042,4.764528822304518e-11,1.7938968144779125e-06,0.9986456415968678,25,0,10
34,3672,0.0114967594398391,5.207808848806008e-11,5.258629875138208e-06,0.9884979818782093,25,0,10
34,3673,0.0018990600510239417,5.612246391886269e-11,2.6858504269769173e-06,0.9980982540424281,25,0,10
34,3674,0.0019131423640408418,5.7266109338327336e-11,2.7698938096562047e-06,0.9980840876848844,25,0,10
34,3675,0.0016487520993536773,5.279149441863287e-11,2.1300230308709835e-06,0.998349117824825,25,0,10
34,3676,0.0014694757914816194,5.0479095914834865e-11,3.360069805833305e-06,0.9985271640882345,25,0,10
34,3677,0.00064277899732038,1.3136774553788604e-11,1.0253633222992655e-06,0.9993561956262218,25,0,10
34,3678,0.0007078152954206786,1.5362172796803758e-11,1.2062483116457432e-06,0.9992909784409071,25,0,10
34,3679,0.000699918567367334,1.4310836705220192e-11,1.142568313411415e-06,0.9992989388500098,25,0,10
34,3680,0.0006312137795351714,1.3656769539341472e-11,9.486115427595063e-07,0.9993678375952668,25,0,10
34,3681,0.00043978105035818185,4.2412495633516975e-11,1.857014657214308e-06,0.9995583618925736,25,0,10
34,3682,0.0009489496729442142,4.514435748089643e-11,2.2309958377723928e-06,0.9990488192860753,25,0,10
34,3683,0.001348968558978531,1.6719169774475843e-10,4.135102309500214e-06,0.9986468961715221,25,0,10
34,3684,0.001345629643402489,1.355140934909474e-10,3.0600225589681568e-06,0.9986513101985263,25,0,10
34,3685,0.0012751478725208712,1.3331009089141707e-10,2.830773797024596e-06,0.9987220212203733,25,0,10
34,3686,0.0013023811671001567,1.3452435465746945e-10,2.943609676205466e-06,0.9986946750887006,25,0,10
34,3687,0.000893315931492866,8.685155458394266e-12,8.530212258360643e-07,0.9991058310385974,25,0,10
34,3688,0.000663860938530353,1.0569259790416414e-11,8.270455318932349e-07,0.9993353120053703,25,0,10
34,3689,0.0009519159183897169,1.5422112600957618e-11,1.3481852433518605e-06,0.9990467358809458,25,0,10
34,3690,0.001148967929868593,1.8659318728753206e-11,1.755639086086327e-06,0.9988492764123873,25,0,10
34,3691,0.00114112230848486,1.0573894955820943e-10,3.293281399785182e-06,0.9988555843043769,25,0,10
34,3692,0.0011785034169131214,1.044066190838804e-10,3.3551827503993163e-06,0.99881814129593,25,0,10
34,3693,0.0014203518716611892,1.033549878505201e-10,3.1804305188493488e-06,0.9985764675944651,25,0,10
34,3694,0.0009434560210158589,1.0005480077348854e-10,2.8602851684702375e-06,0.9990536835937612,25,0,10
34,3695,0.0008693565548452728,1.0789508527267217e-11,1.2359784027547598e-06,0.9991294074559627,25,0,10
34,3696,0.0008123978998792674,8.123608265441356e-12,8.149088577889344e-07,0.99918678718314,25,0,10
34,3697,0.000590415159019095,8.00915391087691e-12,7.105268608415157e-07,0.9994088743061116,25,0,10
34,3698,0.00045918007787448985,7.35463823075868e-12,7.785045280243485e-07,0.999540041410244,25,0,10
34,3699,0.0005810459729828215,7.529027961421677e-12,1.0442419506624484e-06,0.9994179097775385,25,0,10
34,3700,0.001165664803279606,1.053607384536857e-11,1.2314485203356434e-06,0.9988331037376653,25,0,10
34,3701,0.0010745060010391302,1.4737957736659445e-11,1.1412937720106693e-06,0.9989243526904517,25,0,10
34,3702,0.0008373893547003658,1.544611290700678e-11,1.2687717143693556e-06,0.9991613418581395,25,0,10
34,3703,0.0005270332438933104,1.4741694089921423e-11,1.1342904011593691e-06,0.9994718324509647,25,0,10
34,3704,0.001217335196385594,1.8056987069017888e-11,2.3695607287715267e-06,0.9987802952248295,25,0,10
34,3705,0.0011603167004666205,1.5338932779649305e-11,2.0798004284152285e-06,0.9988376034837669,25,0,10
34,3706,0.0011628258173440784,1.5485513836624673e-11,2.058000380939517e-06,0.9988351161667905,25,0,10
34,3707,0.0013108513910143448,1.6618170988989102e-11,2.0484054712672637e-06,0.9986871001868969,25,0,10
34,3708,0.0003659851675776068,1.07097862339307e-11,6.144798735266935e-07,0.9996334003418399,25,0,10
34,3709,0.0003458979961774766,8.953961032054898e-12,5.809903864124435e-07,0.9996535210044836,25,0,10
34,3710,0.0003526974618817331,6.493934644540392e-12,5.816482968214038e-07,0.9996467208833292,25,0,10
34,3711,0.0004137189192932761,1.0757344996232589e-11,7.998007975209945e-07,0.9995854812691536,25,0,10
34,3712,0.0008864814747336166,1.2492569081772714e-11,9.912433893248213e-07,0.9991125272693857,25,0,10
34,3713,0.001186563240433568,1.8600004798854835e-11,1.4269670880505097e-06,0.9988120097738801,25,0,10
34,3714,0.0006529658343820831,1.3224434996276398e-11,8.665312563895607e-07,0.999346167621138,25,0,10
34,3715,0.0010958383858685069,1.4464187850985876e-11,1.1563870154471077e-06,0.9989030052126524,25,0,10
34,3716,0.001164743127539655,2.3783607731805698e-11,2.431420704115946e-06,0.9988328254279724,25,0,10
34,3717,0.00115190236389282,2.0181138221345576e-11,2.1756041374587234e-06,0.9988459220117885,25,0,10
34,3718,0.000865950241745328,1.4386415974609968e-11,1.9736581519923467e-06,0.9991320760857164,25,0,10
34,3719,0.001125163801503191,1.9803328788935407e-11,2.338605090735636e-06,0.9988724975736032,25,0,10
34,3720,0.0009057396815772947,1.8806106995372728e-11,1.324442903361652e-06,0.9990929358567142,25,0,10
34,3721,0.0012911626830794355,2.2030123166964087e-11,1.5863956259754623e-06,0.9987072508992653,25,0,10
34,3722,0.0008150967014851866,1.6563546834451657e-11,1.184864525122871e-06,0.9991837184174266,25,0,10
34,3723,0.0010614582906906442,1.3869768770284112e-11,1.227039798701387e-06,0.9989373146556421,25,0,10
34,3724,0.0014933241743876606,1.6948846087667512e-11,3.2584256893912847e-06,0.9985034173829755,25,0,10
34,3725,0.0046166891668393125,2.453879744699802e-11,7.555708995800147e-06,0.9953757550996278,25,0,10
34,3726,0.0010228322729402422,8.47636084761035e-12,9.473086083626787e-07,0.9989762204099768,25,0,10
34,3727,0.0010212984158328052,8.020789054807496e-12,9.19947711309229e-07,0.9989777816284356,25,0,10
34,3728,0.0012619090994560192,1.4310831157840871e-11,1.2146005607905643e-06,0.9987368762856729,25,0,10
34,3729,0.0014989055102238996,1.7783790082656536e-11,1.4168900913230873e-06,0.9984996775819025,25,0,10
34,3730,0.0017389620234084537,2.413489623773598e-11,1.7294462479352223e-06,0.99825930850621,25,0,10
34,3731,0.0008288045306749627,1.883775895268944e-11,1.1324085721371631e-06,0.9991700630419166,25,0,10
34,3732,0.0008807939533619709,1.3345565988853083e-11,1.8733616579559123e-06,0.9991173326716362,25,0,10
34,3733,0.0009499660061886276,1.6116922795929582e-11,2.1184340997724107e-06,0.9990479155435965,25,0,10
34,3734,0.0007786396594880382,1.0024113197160396e-11,1.8444956587719356e-06,0.9992195158348306,25,0,10
34,3735,0.0008996247375584001,1.4731894822704226e-11,2.3050664559009607e-06,0.9990980701812542,25,0,10
34,3736,0.0005322667280789849,1.29395181265352e-11,1.3561578056492027e-06,0.999466377101176,25,0,10
34,3737,0.000494094758654326,1.1469473779837743e-11,1.1915271415640134e-06,0.9995047137027357,25,0,10
34,3738,0.0006012842505844771,1.3473869917723002e-11,1.3816736641340286e-06,0.9993973340622788,25,0,10
34,3739,0.0005622354542048193,1.2989419159960218e-11,1.2426077217214952e-06,0.999436521925086,25,0,10
34,3740,0.0005495390782041223,1.2422983826277146e-11,1.1926682363492906e-06,0.9994492682411387,25,0,10
34,3741,0.0012496987530280022,1.7009181163564704e-11,1.527177361393829e-06,0.9987487740526029,25,0,10
34,3742,0.000826059634878746,7.555016386344902e-12,7.855528923597752e-07,0.9991731548046755,25,0,10
34,3743,0.0008391705016175592,7.495315863212973e-12,8.587613054405938e-07,0.9991599707295831,25,0,10
34,3744,0.0008402177395762377,7.537824000181186e-12,8.58616942253871e-07,0.9991589236359454,25,0,10
34,3745,0.0008346814303076538,7.469809865716457e-12,8.683344417181134e-07,0.9991644502277821,25,0,10
34,3746,0.0009648449855471016,2.1676054203020686e-11,1.577777437629259e-06,0.9990335772153408,25,0,10
34,3747,0.0007322466161286593,1.6977443913808394e-11,1.2634195998790045e-06,0.9992664899472956,25,0,10
34,3748,0.0006606617428880828,1.2155721001251497e-11,9.708979212591176e-07,0.9993383673470363,25,0,10
34,3749,0.0008917510045010777,1.2205929098970656e-11,1.0511283054332354e-06,0.999107197854989,25,0,10
34,3750,0.0012255080383743152,8.847990632346457e-12,5.823717686221162e-06,0.9987686682350926,25,0,10
34,3751,0.000966097926776298,8.029944570544198e-12,1.114725973838606e-06,0.9990327873392212,25,0,10
34,3752,0.000817319407654994,1.330053670714837e-11,1.2870570714431602e-06,0.9991813935219739,25,0,10
34,3753,0.0005402598955280506,4.3822957567255905e-11,1.0446674873658562e-06,0.9994586953931625,25,0,10
34,3754,0.0007747312889471468,4.3985201051703794e-11,1.1759393355528956e-06,0.999224092727733,25,0,10
34,3755,0.0005321369405138214,4.3674558830734165e-11,1.0701294188438489e-06,0.9994667928863936,25,0,10
34,3756,0.0007374982641696666,4.463863830716581e-11,1.4713434154438798e-06,0.9992610303477778,25,0,10
34,3757,0.0013073067531746835,2.2189413047017402e-11,2.2253102794591272e-06,0.9986904679143579,25,0,10
34,3758,0.0007916956743779356,1.7642401001772047e-11,1.5407818413552126e-06,0.9992067635261396,25,0,10
34,3759,0.0009512942461930958,1.6680214382092417e-11,1.4773334609073039e-06,0.9990472284036669,25,0,10
34,3760,0.0008883270170918145,1.6053970999285048e-11,1.2100012653991013e-06,0.9991104629655895,25,0,10
34,3761,0.0006332451161867829,1.015784043639074e-11,9.15513856940829e-07,0.9993658393597998,25,0,10
34,3762,0.001186993243950856,1.9149358034857986e-11,1.6080936624467317e-06,0.9988113986432379,25,0,10
34,3763,0.0003573892378713306,9.368824458122704e-12,6.546611904720795e-07,0.9996419560915705,25,0,10
34,3764,0.001265792233213395,1.7667455667105024e-11,3.7489172507413325e-06,0.9987304588318696,25,0,10
34,3765,0.0014988786877970623,2.193737382693977e-11,3.90823165110814e-06,0.9984972130586166,25,0,10
34,3766,0.0014868152281205496,1.815149823086443e-11,3.820160785718978e-06,0.9985093645929446,25,0,10
34,3767,0.0006146716745001521,1.2125878202838483e-11,7.768528468045354e-07,0.9993845514605278,25,0,10
34,3768,0.0004035076821507541,1.4858670197862267e-11,7.405980292919151e-07,0.9995957517049614,25,0,10
34,3769,0.0007036174554321016,2.1084394815427245e-11,1.2104887602203653e-06,0.9992951720347237,25,0,10
34,3770,0.0006784630019203313,2.05896575562175e-11,1.1642655627527396e-06,0.9993203727119279,25,0,10
34,3771,0.000607160831469799,6.49474907328403e-12,6.718848333863393e-07,0.9993921672772025,25,0,10
34,3772,0.0009014051869774943,1.0042118550651724e-10,1.2091532843566874e-06,0.9990973855593178,25,0,10
34,3773,0.0013690316234208882,1.0269366520331851e-10,1.4364292881553379e-06,0.9986295318445982,25,0,10
34,3774,0.0006752722979460738,9.970593354502753e-11,9.618631920049572e-07,0.9993237657391569,25,0,10
34,3775,0.0006709265770187506,9.9835623292178e-11,9.08888227497651e-07,0.9993281644349189,25,0,10
34,3776,0.00037531136953816274,9.767904794751314e-11,6.053468856245031e-07,0.9996240831858979,25,0,10
34,3777,0.000366383701514539,9.758235118674654e-11,6.105095601930654e-07,0.9996330056913437,25,0,10
34,3778,0.000931637246547364,1.1654577097035051e-11,1.148948629103089e-06,0.9990672137931698,25,0,10
34,3779,0.0009522685863241426,1.2435034908904185e-11,2.0209471614919337e-06,0.9990457104540802,25,0,10
34,3780,0.0006637271996965899,1.029811290803803e-11,1.1428946308184597e-06,0.9993351298953757,25,0,10
34,3781,0.0004535032776229876,9.60324453672944e-12,7.807556106500203e-07,0.9995457159571636,25,0,10
34,3782,0.0008817184272794672,1.1646239847686136e-11,1.1384459855077315e-06,0.9991171431150896,25,0,10
34,3783,0.0008180590659039869,8.26116733540812e-12,8.278872057048806e-07,0.9991811130386303,25,0,10
34,3784,0.0009417644736217924,1.4624804239675238e-11,1.3024523465659867e-06,0.9990569330594077,25,0,10
34,3785,0.0008728430898942126,1.1428247875206456e-11,1.0193814276315348e-06,0.9991261375172509,25,0,10
34,3786,0.0008176793788134838,8.208957700179911e-12,8.038225670660971e-07,0.9991815167904118,25,0,10
34,3787,0.0008508272380595447,1.042841027203247e-11,9.757167346519782e-07,0.9991481970347784,25,0,10
34,3788,0.000385204219820582,1.0309323036187465e-11,7.594664297786855e-07,0.9996140363034413,25,0,10
34,3789,0.0003763185745884321,9.400189771592123e-12,6.997195452191316e-07,0.999622981696467,25,0,10
34,3790,0.0006041750343181318,9.250176314635393e-12,7.781493211644248e-07,0.9993950468071121,25,0,10
34,3791,0.0006003849289914471,1.0393219205039389e-11,7.844646785877383e-07,0.9993988305959384,25,0,10
34,3792,0.00038406499568756906,7.414609706396897e-12,5.774858086956726e-07,0.9996153575110909,25,0,10
34,3793,0.0003691104612276581,7.236408344501155e-12,5.499567339718577e-07,0.999630339574804,25,0,10
34,3794,0.0003829115572784718,9.223015880653707e-12,6.862532463714855e-07,0.999616402180253,25,0,10
34,3795,0.0003820826042685904,1.0442316262093811e-11,8.464082544944099e-07,0.9996170709770352,25,0,10
34,3796,0.0005119675362526858,1.2527704438298931e-11,1.1583447277510884e-06,0.9994868741064922,25,0,10
34,3797,0.0009723286056958043,1.721705828584809e-11,2.470036432102485e-06,0.9990252013406556,25,0,10
34,3798,0.001156845743889297,1.1062228459813417e-10,2.894730733909219e-06,0.9988402594147552,25,0,10
34,3799,0.0018120113284879008,1.1394156579800907e-10,2.6195937756350535e-06,0.9981853689637957,25,0,10
34,3800,0.0010642898603644517,1.4852402611034903e-11,1.7685956724468294e-06,0.998933941529112,25,0,10
34,3801,0.0008355017111870192,1.4434192116379611e-11,1.4580865028516993e-06,0.9991630401878767,25,0,10
34,3802,0.00045912539257756795,1.4317885661305982e-11,1.4152928901825782e-06,0.9995394593002155,25,0,10
34,3803,0.0003861672641421797,1.48671325803214e-11,1.273635521407008e-06,0.9996125590854698,25,0,10
34,3804,0.0010710789541298325,1.3392909720799264e-11,1.6323961562461216e-06,0.9989272886363217,25,0,10
34,3805,0.000844135345894469,1.3700738441174291e-11,1.484819854854439e-06,0.9991543798205507,25,0,10
34,3806,0.0008336159400711157,1.2739079651748386e-11,1.4333471881198467e-06,0.9991649507000031,25,0,10
34,3807,0.0008234381658954927,1.161296896457748e-11,9.013151074523923e-07,0.9991756605073854,25,0,10
34,3808,0.0005876078307910849,8.332150983583843e-12,6.852578202450243e-07,0.9994117069030581,25,0,10
34,3809,0.0005906945118027833,8.302439103945705e-12,6.797651237001366e-07,0.9994086257147725,25,0,10
34,3810,0.00151371607081259,2.221619013986799e-10,4.745571096397773e-06,0.99848153813593,25,0,10
34,3811,0.0005958932941480296,1.1046476308474544e-11,9.536701296173423e-07,0.9994031530246771,25,0,10
34,3812,0.0006558431714739197,1.3110287412666657e-11,1.1049725672099605e-06,0.9993430518428497,25,0,10
34,3813,0.0006529326533843718,1.158697539626291e-11,9.745316926868818e-07,0.9993460928033376,25,0,10
34,3814,0.0006612502463034933,1.0744276248786148e-11,9.466329573712715e-07,0.9993378031099964,25,0,10
34,3815,0.0015728670544001295,1.4856783963249683e-11,1.3981885376221148e-06,0.9984257347422067,25,0,10
34,3816,0.0013282760480567534,1.372246000050845e-11,1.2823541076550018e-06,0.9986704415841144,25,0,10
34,3817,0.0018031420319326098,2.2205898034265854e-11,2.227461917456079e-06,0.9981946304839456,25,0,10
34,3818,0.0013153433730427695,1.2709080757778782e-11,1.3797914318563692e-06,0.9986832768228175,25,0,10
34,3819,0.0018805523051904493,1.5452624125486202e-11,1.7220442432190161e-06,0.9981177256351149,25,0,10
34,3820,0.001893037497041898,1.7009199401297408e-11,1.7720469261617135e-06,0.9981051904390241,25,0,10
34,3821,0.0016612914731893786,1.4215361611848192e-11,1.5398800994838074e-06,0.9983371686324972,25,0,10
34,3822,0.001823830245669248,1.1757615628461086e-11,1.4843074642925384e-06,0.9981746854351101,25,0,10
34,3823,0.0010335390726646805,9.662431344199354e-12,9.549046992502734e-07,0.9989655060129745,25,0,10
34,3824,0.001341678008958982,1.705795972951461e-11,1.4170144684551107e-06,0.9986569049595156,25,0,10
34,3825,0.001061283103334394,1.3891022148107177e-11,1.124645858595386e-06,0.9989375922369165,25,0,10
34,3826,0.0010585477005250522,1.65284870649066e-11,1.1982906070382077e-06,0.9989402539923407,25,0,10
34,3827,0.0010976659432745171,1.658876104892787e-11,1.2732211648313618e-06,0.9989010608189723,25,0,10
34,3828,0.001090310300128535,1.6326262007518526e-11,1.24634581103377e-06,0.9989084433377351,25,0,10
34,3829,0.0007894445698227659,9.934169996854985e-12,8.164742370059795e-07,0.9992097389460075,25,0,10
34,3830,0.0007935761052723857,1.3734361590674435e-11,9.49713797515566e-07,0.9992054741671967,25,0,10
34,3831,0.00040213814641013805,9.183036921484387e-12,7.332448289180604e-07,0.9995971285995795,25,0,10
34,3832,0.0006422633951284776,9.6701616441454e-12,1.5855888874290376e-06,0.9993561510063151,25,0,10
34,3833,0.000640801881491428,6.561481472973673e-12,7.926983009822793e-07,0.9993584054136473,25,0,10
34,3834,0.000891420191473489,9.752746474895646e-12,9.618702533822146e-07,0.9991076179285223,25,0,10
34,3835,0.0010687508107805916,1.1817721623254192e-11,1.0559775191230207e-06,0.9989301931998843,25,0,10
34,3836,0.002476484445722875,8.193293977775275e-11,5.385263837646658e-06,0.9975181302085082,25,0,10
34,3837,0.0012007046820138333,1.5870786399124065e-11,1.3200676457984087e-06,0.9987979752344708,25,0,10
34,3838,0.0013416932891719613,1.0634447909361046e-11,1.0925830113203716e-06,0.9986572141171836,25,0,10
34,3839,0.001464997465612208,1.2880085647055534e-11,1.3817224534051586e-06,0.9985336207990555,25,0,10
34,3840,0.0009350348728915444,9.93772194429267e-12,1.0226836078008537e-06,0.9990639424335644,25,0,10
34,3841,0.0007232898983938183,7.871535127910882e-12,8.467342795088291e-07,0.9992758633594561,25,0,10
34,3842,0.0016908402725093418,9.809732036427819e-11,1.3728752389066124e-06,0.998307786754155,25,0,10
34,3843,0.001232321434472134,9.819429047508746e-11,1.1944838649512911e-06,0.9987664839834699,25,0,10
34,3844,0.0007948535696069875,1.0241014507394391e-10,1.517342674427847e-06,0.9992036289853083,25,0,10
34,3845,0.001204812938390727,1.1470785426305752e-11,5.28021342501112e-06,0.9987899068367142,25,0,10
34,3846,0.0011278972445363177,1.3512844429497816e-11,1.2434227733358389e-05,0.9988596685142178,25,0,10
34,3847,0.0013597603023588307,1.3181669446779939e-11,5.384884600614147e-06,0.9986348547998589,25,0,10
34,3848,0.00043460803271972283,9.340671893847148e-12,8.752597051315325e-07,0.9995645166982351,25,0,10
34,3849,0.0006476551293079865,9.363851720489717e-12,8.844118872722374e-07,0.9993514604494416,25,0,10
34,3850,0.00039544350484204717,8.242972821928985e-12,7.020191106768954e-07,0.9996038544678056,25,0,10
34,3851,0.0006293743626339106,1.2947763960849509e-11,9.54351972017534e-07,0.9993696712724472,25,0,10
34,3852,0.0010567702153905705,1.0119039697879252e-10,3.2688574701628635e-06,0.99893996082595,25,0,10
34,3853,0.0011314138019761658,1.3953611569374542e-10,3.6745018031927856e-06,0.9988649115566862,25,0,10
34,3854,0.0014147670336972444,1.4009977447647785e-10,3.91004316871424e-06,0.9985813227830356,25,0,10
34,3855,0.01691084129937973,2.1420699114049588e-10,1.3746754873379353e-05,0.9830754117315407,25,0,10
34,3856,0.017020743098574126,1.2295497921041232e-10,1.1420561666715684e-05,0.9829678362168052,25,0,10
34,3857,0.0015801148741456188,5.345581876515827e-11,1.7779236993848484e-06,0.9984181071487008,25,0,10
34,3858,0.0008201724503784636,1.2621087702377445e-11,9.59627106839223e-07,0.9991788679098949,25,0,10
34,3859,0.0006222161092106914,1.2951284948679324e-11,9.161246354243373e-07,0.9993768677532039,25,0,10
34,3860,0.0008797773897704677,1.8967671886881708e-11,1.2731832075452227e-06,0.9991189494080561,25,0,10
34,3861,0.001365721131758482,2.4987045827956226e-11,3.3699758024686142e-06,0.9986309088674535,25,0,10
34,3862,0.001078756145720162,2.4351000930110584e-11,3.18128026140641e-06,0.998918062549669,25,0,10
34,3863,0.0008980052638356818,2.0870490957783688e-11,3.35165278235051e-06,0.999098643062513,25,0,10
34,3864,0.000841170737346558,1.865308415853171e-11,3.1907160574527953e-06,0.9991556385279438,25,0,10
34,3865,0.0009297229183988638,1.2357284579778385e-11,2.861604025889994e-06,0.9990674154652188,25,0,10
34,3866,0.0012380489277476975,1.4404391332714557e-11,2.891323697286231e-06,0.9987590597341517,25,0,10
34,3867,0.000715106066059732,1.207060834577013e-11,2.4664260541936746e-06,0.9992824274958167,25,0,10
34,3868,0.0011777493145933432,1.282277687069122e-11,2.8351224849153754e-06,0.9988194155501006,25,0,10
34,3869,0.001187834187175764,1.3373185697791506e-11,2.8032131773725034e-06,0.998809362586275,25,0,10
34,3870,0.0010177387673447995,1.4013258380144087e-11,2.862806821335122e-06,0.9989793984118219,25,0,10
34,3871,0.0013526038702223733,1.1959280422125047e-11,1.309848053045724e-06,0.998646086269767,25,0,10
34,3872,0.0004418758983981826,1.2627758000307641e-11,8.380224813143097e-07,0.9995572860664944,25,0,10
34,3873,0.0003640082275038648,1.0269250974169882e-11,6.186832356062922e-07,0.999635373078993,25,0,10
34,3874,0.0008357485220266809,1.1395614448153903e-11,9.906032439036223e-07,0.9991632608633354,25,0,10
34,3875,0.001075239812538343,1.4950442942938834e-11,1.2243339837166219e-06,0.9989235358385293,25,0,10
34,3876,0.0006062691453573759,1.3698688630143328e-11,8.337307542626227e-07,0.9993928971101917,25,0,10
34,3877,0.0006055601455948417,1.0834125487927132e-11,1.7212858518594803e-06,0.9993927185577214,25,0,10
34,3878,0.0005944621635397829,7.45965756445196e-12,7.225587099147094e-07,0.9994048152702928,25,0,10
34,3879,0.000712046579559255,5.011467568015523e-09,9.715584870610298e-05,0.9991907925602697,25,0,10
34,3880,0.0006539699980124131,5.00920219864327e-09,9.69412665969747e-05,0.9992490837261906,25,0,10
34,3881,0.0011720066925552225,7.253795793346182e-11,3.679432909106897e-06,0.9988243138019998,25,0,10
34,3882,0.0004099087979350226,1.0041365875208652e-11,8.002309119293497e-07,0.9995892909611136,25,0,10
34,3883,0.0004476563141986949,1.1713298942428369e-11,8.360129820013722e-07,0.9995515076611079,25,0,10
34,3884,0.00042086013490933675,1.3231202155913484e-11,8.139971338593444e-07,0.9995783258547277,25,0,10
34,3885,0.000669245032317917,4.997954578798895e-11,1.127732861071166e-06,0.9993296271848432,25,0,10
34,3886,0.0005884534573646909,4.5080300282633126e-11,8.627742147574684e-07,0.9994106837233419,25,0,10
34,3887,0.001505100071390748,5.0483718322698354e-11,1.6982573725672758e-06,0.9984932016207546,25,0,10
34,3888,0.001917571947034033,5.174731621952148e-11,2.6121985254435134e-06,0.9980798158026949,25,0,10
34,3889,0.0015054766691198378,5.031332058839177e-11,2.0319392242743383e-06,0.9984924913413441,25,0,10
34,3890,0.0014810750854435109,5.020349645609099e-11,1.8829796289541399e-06,0.9985170418847258,25,0,10
34,3891,0.001759050220469385,5.2912063374522485e-11,4.937062550116996e-06,0.9982360126640694,25,0,10
34,3892,0.012747455523181008,5.7687040271705735e-11,7.250183342009543e-05,0.987180042585712,25,0,10
34,3893,0.012497163840720336,5.5954772973491233e-11,7.229275628843122e-05,0.9874305433470368,25,0,10
34,3894,0.011839337435635105,1.4242454007499359e-11,6.843624152065799e-05,0.9880922263086032,25,0,10
34,3895,0.011804686535765871,1.0612454360315977e-11,6.832178065584155e-05,0.9881269916729676,25,0,10
34,3896,0.011800778385328243,1.0539185380911392e-11,6.831583081252719e-05,0.9881309057733213,25,0,10
34,3897,0.0012263552202140895,9.42801213888754e-12,8.641364088585998e-07,0.9987727806339504,25,0,10
34,3898,0.00039633032720958557,1.0928367315239343e-11,7.411785945440347e-07,0.999602928483269,25,0,10
34,3899,0.0003262758432817774,7.27517847010663e-12,4.798651776388926e-07,0.9996732442842667,25,0,10
34,3900,0.00032237697388849814,7.753240430800345e-12,5.180773545459314e-07,0.9996771049410053,25,0,10
34,3901,0.0004719625093972452,1.0219283141013084e-11,9.319769541611516e-07,0.9995271055034309,25,0,10
34,3902,0.00048419328305256896,1.0788213305221823e-11,9.7563709256089e-07,0.9995148310690684,25,0,10
34,3903,0.0003801219955880615,9.747069568837095e-12,7.846010997091561e-07,0.9996190933935674,25,0,10
34,3904,0.0006509088099480908,1.756372550822154e-11,1.2185649101101196e-06,0.9993478726075796,25,0,10
34,3905,0.0007103975943948183,1.374274162296596e-11,1.1024376350803841e-06,0.9992884999542282,25,0,10
34,3906,0.0007170429879685909,1.2104774967189883e-11,1.1305691262019304e-06,0.9992818264308011,25,0,10
34,3907,0.001221832142473026,1.520191929838673e-11,2.4653342567528307e-06,0.998775702508069,25,0,10
34,3908,0.0005957356944654118,1.123596843544686e-11,9.215457323220391e-07,0.9994033427485672,25,0,10
34,3909,0.000600637212317308,1.1146002650071232e-11,9.180037295720484e-07,0.9993984447728087,25,0,10
34,3910,0.0006194483706345142,1.437813126931989e-11,9.367736515642506e-07,0.9993796148413375,25,0,10
34,3911,0.0003783499158303525,1.0107961136742597e-11,7.106560366334221e-07,0.9996209394180267,25,0,10
34,3912,0.00035084441763644556,9.807344752837638e-12,5.999453608969735e-07,0.9996485556271972,25,0,10
34,3913,0.0003714045131920177,1.5345069828523102e-11,9.009655744334729e-07,0.9996276945058894,25,0,10
34,3914,0.0004325269643865193,1.804490591676962e-11,9.985005034879031e-07,0.999566474517066,25,0,10
34,3915,0.0006423891625304624,1.79366558563144e-11,1.066887003243816e-06,0.9993565439325302,25,0,10
34,3916,0.0006952580116827264,4.9397137556340923e-11,1.1982642932045705e-06,0.9993035436746277,25,0,10
34,3917,0.0006588787721488486,1.725038448143471e-11,1.0951900369136298e-06,0.9993400260205644,25,0,10
34,3918,0.0006019420304002846,1.5234078962573387e-11,8.650508856303915e-07,0.9993971929034805,25,0,10
34,3919,0.0006077317409114022,1.1221741790407196e-11,8.719889952989804e-07,0.999391396258872,25,0,10
34,3920,0.0005372278116706011,1.0305539558813055e-11,1.007945103651656e-06,0.999461764232921,25,0,10
34,3921,0.0010071775884906607,1.2548879441426054e-11,1.1918610887650165e-06,0.9989916305378731,25,0,10
34,3922,0.0008297446635443255,7.895196590559402e-12,7.74387013080143e-07,0.9991694809415483,25,0,10
34,3923,0.0005886529358873402,7.743432547601344e-12,7.398099254315828e-07,0.9994106072464447,25,0,10
34,3924,0.0005876067196512194,7.736111741436031e-12,7.035441818634581e-07,0.9994116897284319,25,0,10
34,3925,0.0006723033707721005,1.5545532362084642e-11,1.1655548931175121e-06,0.99932653105879,25,0,10
34,3926,0.0012147541432114405,2.0880264391316734e-11,1.8326641550172138e-06,0.9987834131717538,25,0,10
34,3927,0.00069128292248405,1.7983462538737053e-11,1.6169317965770355e-06,0.9993071001277367,25,0,10
34,3928,0.0006163487772612827,1.1684973463135761e-11,1.2562278449216239e-06,0.9993823949832104,25,0,10
34,3929,0.0006740520695193356,1.1827841227964274e-11,1.3810116577436155e-06,0.9993245669069961,25,0,10
34,3930,0.0008029465574556919,1.5366796503207816e-11,1.3079728569239942e-06,0.9991957454543222,25,0,10
34,3931,0.011075333943203959,1.459453538082504e-11,5.555400949667674e-06,0.9889191106412538,25,0,10
34,3932,0.011071826290860167,1.713833759244027e-11,5.570940740945105e-06,0.9889226027512624,25,0,10
34,3933,0.010786233168961901,1.1990975243487067e-11,5.287392714846444e-06,0.9892084794263343,25,0,10
34,3934,0.01089284457052172,4.527722924788888e-11,7.81240611340224e-06,0.9890993429780889,25,0,10
34,3935,0.0011817992934406068,4.367335280136512e-11,3.3995379332958763e-06,0.9988148011249539,25,0,10
34,3936,0.001397814166151326,5.064078632258737e-11,3.999117577769233e-06,0.9985981866656316,25,0,10
34,3937,0.0010137148158451635,1.1394827513953665e-11,1.2140962982663983e-06,0.9989850710764634,25,0,10
34,3938,0.0023605565452878606,3.4691359273253695e-09,1.3778073127355267e-05,0.9976256619124503,25,0,10
34,3939,0.0019043948422894723,3.468043610382595e-09,1.3549975507455754e-05,0.9980820517141611,25,0,10
34,3940,0.002051727285841497,3.465227945576083e-09,1.3395156522307564e-05,0.9979348740924094,25,0,10
34,3941,0.0018208816829395436,4.712629836963465e-11,5.024667438930467e-06,0.9981740936024965,25,0,10
34,3942,0.00196530232663292,1.1963962933449303e-11,2.6665158359976343e-06,0.998032031145568,25,0,10
34,3943,0.0012853016652281573,9.152071353775986e-12,2.2264631296368423e-06,0.9987124718624912,25,0,10
34,3944,0.000822251138574275,5.728837849611983e-12,1.9013355617127918e-06,0.999175847520136,25,0,10
34,3945,0.0013345995405853097,1.2743854323195818e-11,2.7327425181482545e-06,0.9986626677041534,25,0,10
34,3946,0.0013677391378509578,8.108419577425274e-11,4.896129642859211e-06,0.9986273646514224,25,0,10
34,3947,0.0013467073817810835,8.268145046791228e-11,4.928091861086089e-06,0.9986483644436767,25,0,10
34,3948,0.0011276276155811624,1.541131900961722e-11,2.728392843124586e-06,0.9988696439761646,25,0,10
34,3949,0.0008732641841059434,1.1221046530599952e-11,2.42097630124882e-06,0.9991243148283732,25,0,10
34,3950,0.0013840508888811362,1.9020608765780306e-11,3.278159276375153e-06,0.9986126709328235,25,0,10
34,3951,0.001232996501890238,1.8043670241382666e-11,1.9056075642206757e-06,0.9987650978725034,25,0,10
34,3952,0.001388153784770818,1.735202000629702e-11,1.7926354620230286e-06,0.9986100535624167,25,0,10
34,3953,0.001158055075659198,1.6685768855307564e-11,1.6472706643185333e-06,0.9988402976369924,25,0,10
34,3954,0.0011051335276523527,1.5070566638631118e-11,1.5380733149088785e-06,0.9988933283839643,25,0,10
34,3955,0.001095309500373897,1.5161360773362832e-11,1.5452968652519586e-06,0.9989031451876015,25,0,10
34,3956,0.011581701007621716,1.686732794626337e-11,6.957777953550643e-06,0.9884113411975592,25,0,10
34,3957,0.011355240506806133,1.6600862710328268e-11,6.7636323668493435e-06,0.988637995844228,25,0,10
34,3958,0.001037960867082414,9.865422268553678e-12,8.843808753001785e-07,0.9989611547421785,25,0,10
34,3959,0.00035593605983362406,6.253623740752269e-12,5.332386213781975e-07,0.9996435306952931,25,0,10
34,3960,0.000335908274827325,7.252249788663382e-12,5.687421030063126e-07,0.9996635229758196,25,0,10
34,3961,0.0003410375241020946,7.294205244205484e-12,5.345463295843846e-07,0.9996584279222767,25,0,10
34,3962,0.00046953569327305754,9.596287872341144e-12,8.506349793555418e-07,0.9995296136621534,25,0,10
34,3963,0.0009266936025931157,1.2290241793009704e-11,1.2041104520260232e-06,0.9990721022746668,25,0,10
34,3964,0.0006879157947836992,1.1011189446694991e-11,1.0841444430499045e-06,0.9993110000497637,25,0,10
34,3965,0.0005812868165253462,8.545425134702242e-12,8.648904569341107e-07,0.9994178482844741,25,0,10
34,3966,0.0005682490348574474,8.52943425747781e-12,8.75200612269468e-07,0.9994308757560026,25,0,10
34,3967,0.00035424282641003155,9.230780457644393e-12,8.066170069909376e-07,0.9996449505473533,25,0,10
34,3968,0.00035125574111110475,9.049848204561628e-12,7.186462672266506e-07,0.9996480256035731,25,0,10
34,3969,0.0003377410866547835,1.1167946386090652e-11,6.561893243911016e-07,0.9996616027128538,25,0,10
34,3970,0.0003476173089893113,8.890010400003064e-12,5.996209182103562e-07,0.9996517830612031,25,0,10
34,3971,0.0003487006016894331,9.290902977885096e-12,6.145003549115454e-07,0.9996506848886653,25,0,10
34,3972,0.00035343004676382893,7.299500062782318e-12,5.890098213651273e-07,0.9996459809361166,25,0,10
34,3973,0.0011271017367549534,8.075931780880022e-12,1.2529919788532237e-06,0.9988716452631917,25,0,10
34,3974,0.0010334075562076224,9.195127396812317e-12,1.2588613270747222e-06,0.9989653335732713,25,0,10
34,3975,0.0010282499840544588,8.054717779300855e-12,1.096387493952968e-06,0.9989706536203979,25,0,10
34,3976,0.0017122567514219736,1.5813111702569158e-10,4.352327459281013e-06,0.9982833907629888,25,0,10
34,3977,0.0007818620621271976,7.668177110776232e-12,8.170757212545744e-07,0.999217320854485,25,0,10
34,3978,0.0010198641552153955,1.0831353054994102e-11,1.084186202580185e-06,0.9989790516477522,25,0,10
34,3979,0.0010289356577800673,1.0928823494231283e-11,1.0968947985312373e-06,0.9989699674364938,25,0,10
34,3980,0.0011521144197410471,1.314052002512845e-11,1.4210931463908021e-06,0.9988464644739732,25,0,10
34,3981,0.001392148308465265,1.5280770705688133e-11,1.606601739732186e-06,0.9986062450745152,25,0,10
34,3982,0.0013426448909790215,1.5193985371684846e-11,1.4604801081927507e-06,0.9986558946137208,25,0,10
34,3983,0.0009862999718587015,1.548394128203452e-11,1.3901857903604224e-06,0.999012309826869,25,0,10
34,3984,0.0011637041517038433,1.0814166215891987e-11,1.310695655065075e-06,0.998834985141829,25,0,10
34,3985,0.0007201973414385777,1.4489542114895736e-11,1.3172155623510869e-06,0.9992784854285113,25,0,10
34,3986,0.0006204985996836036,1.3245721678633078e-11,1.134498769217672e-06,0.9993783668883036,25,0,10
34,3987,0.001751008290851296,2.2802652211477484e-11,1.70907884565725e-06,0.9982472826075026,25,0,10
34,3988,0.0014426687169681654,2.7431727377039732e-11,4.508284360410566e-06,0.9985528229712419,25,0,10
34,3989,0.0009501367618809257,1.7816256549722137e-11,3.976040874461364e-06,0.9990458871794304,25,0,10
34,3990,0.000629831566277029,1.056500996258941e-11,3.6209796024361225e-06,0.9993665474435575,25,0,10
34,3991,0.0006518709996412197,1.684354473455596e-11,3.7678307666157906e-06,0.9993443611527505,25,0,10
34,3992,0.00040211278942420514,6.2548120021434835e-12,5.773582420474156e-07,0.9995973098460809,25,0,10
34,3993,0.0006538167708519349,9.577601447445995e-12,8.098500332113722e-07,0.9993453733695391,25,0,10
34,3994,0.00044080107704912484,6.432381030557772e-12,5.947057049816189e-07,0.9995586042108152,25,0,10
34,3995,0.0006702117831374595,9.598380628838549e-12,8.036870933776754e-07,0.9993289845201723,25,0,10
34,3996,0.0006282196989973718,1.2745393836225074e-11,8.783183650263174e-07,0.9993709019698934,25,0,10
34,3997,0.0007890669147545727,1.6079789902457785e-11,1.2581521392131931e-06,0.9992096749170273,25,0,10
34,3998,0.007110266007340504,1.241496479283997e-10,7.442600885038478e-05,0.9928153078596605,25,0,10
34,3999,0.0011168529891899754,8.780820981200661e-12,1.1514915690432916e-06,0.9988819955104619,25,0,10
34,4000,0.0010950886453050823,5.464859050202752e-12,1.0230628174467335e-06,0.9989038882864147,25,0,10
34,4001,0.0010872119280988782,6.011934422460117e-12,1.0630949187403066e-06,0.9989117249709726,25,0,10
34,4002,0.0004610940671790336,9.642393490057971e-12,9.386251079563992e-07,0.9995379672980721,25,0,10
34,4003,0.0004012553428797054,7.837567695983434e-12,6.879097987426726e-07,0.9995980567394861,25,0,10
34,4004,0.0005566674370350191,4.223348556218927e-11,1.1091281708190188e-06,0.9994422233925633,25,0,10
34,4005,0.0005677496680994203,4.3200544195885003e-11,1.1472296696331247e-06,0.9994311030590326,25,0,10
34,4006,0.0008640928714326926,4.437144363125717e-11,2.4913778277231177e-06,0.9991334157063705,25,0,10
34,4007,0.0008469592134802809,4.09004981315028e-11,2.526553316892625e-06,0.999150514192304,25,0,10
34,4008,0.0008469027926042515,4.1808369221508923e-11,1.1567175492616395e-06,0.9991519404480403,25,0,10
34,4009,0.0011691397741680615,4.84605481790217e-11,1.9567609582268986e-06,0.9988289034164152,25,0,10
34,4010,0.0011812459825774027,1.7616173789438817e-11,1.7423872395560896e-06,0.9988170116125681,25,0,10
34,4011,0.0007091123039619236,1.6358014864000095e-11,1.5193985009656289e-06,0.9992893682811804,25,0,10
34,4012,0.0005624640251762534,1.4893425856034226e-11,1.2670042438501733e-06,0.9994362689556879,25,0,10
34,4013,0.0013559696164297758,1.4385940138439066e-11,1.3406851449901318e-06,0.9986426896840405,25,0,10
34,4014,0.010700334222116614,2.994316254764221e-10,1.0125561940330565e-05,0.9892895399165123,25,0,10
34,4015,0.011406865744170002,2.9950572023436084e-10,1.0405805481975487e-05,0.988582728150843,25,0,10
34,4016,0.0011350096039577213,1.6419007801418598e-11,1.3808737833896526e-06,0.998863609505841,25,0,10
34,4017,0.0011408859943796614,2.0439274500049958e-11,1.3969322472509453e-06,0.9988577170529348,25,0,10
34,4018,0.0008846332335972643,1.6898714066935412e-11,1.1636852640308802e-06,0.9991142030642411,25,0,10
34,4019,0.0006428381542255602,1.477267209453168e-11,1.0117221964481614e-06,0.9993561501088065,25,0,10
34,4020,0.001200616930780301,4.692481653193301e-11,1.5742509773324105e-06,0.9987978087713182,25,0,10
34,4021,0.0007150298259450585,4.202684641135306e-11,1.2070897472186997e-06,0.9992837630422823,25,0,10
34,4022,0.0006387574336593573,9.614830906664696e-12,8.541081711626971e-07,0.9993603884485556,25,0,10
34,4023,0.0006538453050582094,1.2612845744820278e-11,1.020252744294378e-06,0.9993451344295853,25,0,10
34,4024,0.0015561882765725695,2.3943592468592614e-11,1.708210119085811e-06,0.9984421034893657,25,0,10
34,4025,0.0006795051190573587,4.703037644242363e-11,1.3163851602208342e-06,0.9993191784487518,25,0,10
34,4026,0.0013695662834453148,1.866137771998099e-11,1.513226098662566e-06,0.9986289204717955,25,0,10
34,4027,0.0006646245677528298,1.1256276616430451e-11,9.842704086021882e-07,0.9993343911505831,25,0,10
34,4028,0.0008820752565930592,1.2640347735399288e-11,1.0943393435958368e-06,0.9991168303914242,25,0,10
34,4029,0.0008711294081777468,9.667728681166367e-12,9.53545377639966e-07,0.9991279170367777,25,0,10
34,4030,0.0011093976404629863,1.4343921010461966e-11,1.0921934442297103e-06,0.99888951015175,25,0,10
34,4031,0.0012026021155246629,1.2933387306834403e-11,1.2960651269169562e-06,0.9987961018064162,25,0,10
34,4032,0.001214327373385065,1.1914284083690826e-11,1.3059916630677347e-06,0.9987843666230393,25,0,10
34,4033,0.0013775056808197489,9.681492544161568e-12,1.223040828161342e-06,0.9986212712686724,25,0,10
34,4034,0.0011081512173043268,7.56154883185469e-12,9.517241824693854e-07,0.9988908970509534,25,0,10
34,4035,0.0011761662973652407,9.926487466514557e-12,1.1888372940903885e-06,0.9988226448554152,25,0,10
34,4036,0.0013429783186054117,1.090965318070125e-11,1.2130927444236776e-06,0.998655808577742,25,0,10
34,4037,0.0011107742374998214,8.776133718318703e-12,1.0275315846958822e-06,0.9988881982221411,25,0,10
34,4038,0.0009303163246754726,1.1465489511224233e-11,1.0665581320723608e-06,0.9990686171057286,25,0,10
34,4039,0.001083336579584677,1.4262841118537371e-11,1.1353282397511969e-06,0.9989155280779136,25,0,10
34,4040,0.0010293001376383434,1.1603990193538899e-11,9.870314150734555e-07,0.9989697128193433,25,0,10
34,4041,0.0012657283264608996,1.2392687499296057e-11,1.083494473763481e-06,0.9987331881666732,25,0,10
34,4042,0.0007947340244878199,1.0032538033229313e-11,8.563576619380465e-07,0.9992044096078189,25,0,10
34,4043,0.0005661176334784914,7.439829799337001e-12,7.528467134980907e-07,0.9994331295123692,25,0,10
34,4044,0.0012728853375697999,1.2290808741689569e-11,5.482450754814797e-06,0.9987216321993851,25,0,10
34,4045,0.0016236856472949667,5.018769423696724e-11,8.112968055538284e-06,0.9983682013344621,25,0,10
34,4046,0.0010949059648608726,4.504700148283106e-11,3.4712872485095335e-06,0.9989016227028438,25,0,10
34,4047,0.0011644682294465621,4.8130566503407726e-11,5.143212289390067e-06,0.998830388510134,25,0,10
34,4048,0.0007703537829985753,1.407343214840494e-11,2.8417301254662215e-06,0.9992268044728028,25,0,10
34,4049,0.0012831935840242308,1.6149945672266884e-11,1.4592387198918974e-06,0.9987153471611063,25,0,10
34,4050,0.0005925273918989672,1.446435215267466e-11,9.76815774568158e-07,0.9994064957778626,25,0,10
34,4051,0.0005848967367639847,1.7367611739765844e-11,1.012522049951872e-06,0.9994140907238189,25,0,10
34,4052,0.0007910517064132995,1.502557213898308e-11,8.723000535651429e-07,0.9992080759785087,25,0,10
34,4053,0.0007100910760645715,1.711031731970094e-11,1.0387094257735025e-06,0.9992888701974013,25,0,10
34,4054,0.00047793809234748,1.1611503985535626e-11,8.76161695442654e-07,0.9995211857343466,25,0,10
34,4055,0.0011756213249081197,1.4953449508100084e-11,1.4113091724678995e-06,0.9988229673509673,25,0,10
34,4056,0.0007595177224062972,1.2153717481244423e-11,1.1040740672732852e-06,0.9992393781913745,25,0,10
34,4057,0.0007780057064615219,1.3800614348655446e-11,1.2035387032500885e-06,0.9992207907410363,25,0,10
34,4058,0.0014290356392704661,1.2359699548881814e-11,2.857830184421565e-06,0.9985681065181865,25,0,10
34,4059,0.001225553312495587,1.5009266931134867e-11,2.865092571223641e-06,0.998771581579925,25,0,10
34,4060,0.0014537960472728935,1.59669707588159e-11,2.9928338654882517e-06,0.9985432111028959,25,0,10
34,4061,0.0007683676863767256,1.5218497621931307e-11,1.248738136027893e-06,0.9992303835602695,25,0,10
34,4062,0.0008950859925429875,1.3862460445873965e-11,1.458194799731968e-06,0.9991034557987963,25,0,10
34,4063,0.0012203863983824411,1.817957700563827e-11,1.7485785885622938e-06,0.9987778650048506,25,0,10
34,4064,0.0005450675190021524,1.5567820683272563e-11,1.0982564812833576e-06,0.9994538342089497,25,0,10
34,4065,0.0005786099033213176,4.5594267779424925e-11,1.281533454812397e-06,0.9994201085176303,25,0,10
34,4066,0.0011589179752490195,4.3664169142536284e-11,1.8149352066126712e-06,0.9988392670458808,25,0,10
34,4067,0.0012839256321290282,4.598063498997672e-11,2.1231401622889185e-06,0.9987139511817285,25,0,10
34,4068,0.0017332390520859212,4.691790192358074e-11,2.281983112957901e-06,0.998264478917884,25,0,10
34,4069,0.0016738565821834588,4.4349751318172605e-11,2.116301619255093e-06,0.9983240270718475,25,0,10
34,4070,0.0017570372148359866,4.270157700298892e-11,2.133701403275436e-06,0.9982408290410598,25,0,10
34,4071,0.002253230117807662,1.5393774114695654e-11,2.1893394919983695e-06,0.9977445805273066,25,0,10
34,4072,0.001856064116555457,1.4211722076378269e-11,1.826274062942798e-06,0.9981421095951701,25,0,10
34,4073,0.0008044192798073397,1.0707909239066198e-11,8.819590083283736e-07,0.9991946987504775,25,0,10
34,4074,0.0008775272460928925,1.0703095106413835e-11,1.0587376653411538e-06,0.9991214140055403,25,0,10
34,4075,0.001111569850640203,9.799967126727335e-12,1.0781386732691154e-06,0.9988873520008879,25,0,10
34,4076,0.0008578607379895381,9.123335024109325e-12,9.519814573507473e-07,0.9991411872714312,25,0,10
34,4077,0.0010375123895282805,9.649537828339365e-12,9.937463479784474e-07,0.9989614938544747,25,0,10
34,4078,0.0012682783209352123,9.103994972905632e-12,1.0264896966353805e-06,0.9987306951802652,25,0,10
34,4079,0.0010696605662331373,1.3802935121948068e-11,1.1893337959082714e-06,0.9989291500861687,25,0,10
34,4080,0.0010905168403440293,1.696123687208933e-11,1.2349285745856442e-06,0.9989082482141209,25,0,10
34,4081,0.0008251879544505994,8.458130109440312e-12,8.837096478276931e-07,0.9991739283274446,25,0,10
34,4082,0.0010665464970485384,1.0772001886152356e-11,1.5750384059431314e-06,0.9989318784537738,25,0,10
34,4083,0.0010948450503275595,1.7202140135161998e-11,1.7528450821909194e-06,0.9989034020873886,25,0,10
34,4084,0.001078874073501868,1.886708296725384e-11,1.7509951707218028e-06,0.9989193749124611,25,0,10
34,4085,0.0008359394021484874,4.722998267943398e-11,1.1666007868119635e-06,0.999162893949836,25,0,10
34,4086,0.0006178767272586703,4.793833140731429e-11,1.2620728099177296e-06,0.9993808611519942,25,0,10
34,4087,0.0008136266694294932,4.2584933090081146e-11,1.0787018569680262e-06,0.9991852945861307,25,0,10
34,4088,0.0041042748658285675,2.570873557018982e-11,8.354409298093566e-06,0.9958873706991669,25,0,10
34,4089,0.003930808049755235,2.6690459127230725e-11,8.290861994764869e-06,0.9960609010615612,25,0,10
34,4090,0.004346529594013537,3.4104781904843596e-11,8.952714219930151e-06,0.9956445176576636,25,0,10
34,4091,0.004170246057961767,2.8863714602064636e-11,8.62741150686949e-06,0.9958211265016697,25,0,10
34,4092,0.0015638409831667196,1.8008533830782058e-11,1.4598909637126335e-06,0.9984346991078636,25,0,10
34,4093,0.0015740969272314837,1.6948862328193455e-11,1.5236170329227298e-06,0.9984243794387889,25,0,10
34,4094,0.0009027675450429404,1.4951927505801362e-11,1.212738075392007e-06,0.9990960197019316,25,0,10
34,4095,0.0008901164589132167,1.6596587374678406e-11,1.8396579841634142e-06,0.9991080438665079,25,0,10
34,4096,0.0008743893004114479,1.3327230579426697e-11,1.6734161993025974e-06,0.9991239372700637,25,0,10
34,4097,0.00111440693370232,1.3440071630566137e-11,1.758359132943436e-06,0.9988838346937264,25,0,10
34,4098,0.0011199400988474496,1.3272129729538728e-11,1.8796176363820697e-06,0.9988781802702451,25,0,10
34,4099,0.001809326520466655,1.75333960080206e-11,2.2444430335846605e-06,0.9981884290189678,25,0,10
34,4100,0.0015739603766486768,1.6106251010813083e-11,2.1538738931129945e-06,0.9984238857333523,25,0,10
34,4101,0.0011399087187677823,1.4023196517848506e-11,1.8635901071042978e-06,0.9988582276771022,25,0,10
34,4102,0.0010592197591031548,1.3377097230402257e-11,1.7190376042770865e-06,0.9989390611899158,25,0,10
34,4103,0.0012365667671843316,1.1947765387594106e-11,1.2274853783158211e-06,0.9987622057354903,25,0,10
34,4104,0.0016144752866341142,2.150556083230569e-11,1.830940502259732e-06,0.9983836937513584,25,0,10
34,4105,0.012006358267359796,2.337683844944366e-11,6.026757278554729e-06,0.9879876149519857,25,0,10
34,4106,0.012012170520803138,2.451582631726114e-11,6.12254355314132e-06,0.987981706911129,25,0,10
34,4107,0.0017424114689539106,1.960086333940132e-11,1.4066936904981183e-06,0.9982561818177561,25,0,10
34,4108,0.0010618874677660042,1.502044753121365e-11,1.334298384513325e-06,0.9989367782188302,25,0,10
34,4109,0.001057985770930241,1.5076764991191135e-11,1.3510580952875607e-06,0.9989406631558986,25,0,10
34,4110,0.0012740396782748326,1.7844794973965368e-11,1.1377748929791736e-06,0.9987248225289891,25,0,10
34,4111,0.0012530501566420074,1.8742103279672693e-11,1.0987056517372941e-06,0.9987458511189655,25,0,10
34,4112,0.0010345833369856637,1.2032556106310226e-11,8.570807851610952e-07,0.9989645595701983,25,0,10
34,4113,0.0010361783476211005,8.810605577354766e-12,7.861618988355882e-07,0.9989630354816704,25,0,10
34,4114,0.001278529157729116,1.1084145239944048e-11,9.817721555699197e-07,0.9987204890590325,25,0,10
34,4115,0.0013918300232748468,1.3199328259175403e-11,1.2567050745958298e-06,0.9986069132584522,25,0,10
34,4116,0.0010371525225667496,1.288044578097199e-11,1.1651993622779855e-06,0.9989616822651919,25,0,10
34,4117,0.0011038350920200778,1.9175277860825405e-11,1.3930851599131666e-06,0.9988947718036456,25,0,10
34,4118,0.0015115020047903338,1.839528799365266e-11,1.515868771582732e-06,0.9984869821080435,25,0,10
34,4119,0.0012653430656880138,1.3533158898498562e-11,1.1432060601778573e-06,0.9987335137147197,25,0,10
34,4120,0.0010222215867993483,1.0146713155944816e-11,9.123323489245582e-07,0.9989768660707062,25,0,10
34,4121,0.0010171527875768899,1.0183908261267917e-11,9.166109594041497e-07,0.9989819305912812,25,0,10
34,4122,0.0009799077082174503,1.3190166338491417e-10,3.8007530265839942e-06,0.9990162914068553,25,0,10
34,4123,0.02108690298605292,1.956903736319449e-10,1.4800993581909495e-05,0.9788982958246752,25,0,10
34,4124,0.021531472310832692,1.9544480960318603e-10,1.5005574464838024e-05,0.9784535219192584,25,0,10
34,4125,0.000978516355120091,1.1286884971461195e-11,1.236724318816552e-06,0.9990202469092746,25,0,10
34,4126,0.0009737225948899227,1.3461182234835613e-11,1.2444038322166029e-06,0.9990250329878172,25,0,10
34,4127,0.0009034370425359015,9.144988110573888e-12,1.1853614262095188e-06,0.9990953775868942,25,0,10
34,4128,0.0014758988363459018,1.1099501706766724e-11,2.493068620494013e-06,0.9985216080839355,25,0,10
34,4129,0.00039106023406845227,9.499422759605813e-12,9.579816824305024e-07,0.9996079817747511,25,0,10
34,4130,0.0003925916997602903,8.434477083581894e-12,8.52019489075993e-07,0.9996065562723173,25,0,10
34,4131,0.0006509430107346315,1.3821986202692644e-11,1.0361329050727954e-06,0.9993480208425396,25,0,10
34,4132,0.0006186209434310395,1.4364164958410929e-11,9.392564562766946e-07,0.9993804397857491,25,0,10
34,4133,0.0006579686070068846,1.521292167218706e-11,9.37050338735889e-07,0.9993410943274431,25,0,10
34,4134,0.0004504733911146636,1.113245928246832e-11,7.810385154549999e-07,0.9995487455592388,25,0,10
34,4135,0.010823574554842641,3.88451014419935e-09,0.00013811921083514117,0.9890383023498138,25,0,10
34,4136,0.011174514599213741,3.88435329245571e-09,0.00013847132390470838,0.9886870101925291,25,0,10
34,4137,0.010893005466660555,3.881185806819692e-09,0.00013812500504274078,0.9889688656471125,25,0,10
34,4138,0.01101084637990106,3.883574934349768e-09,0.00013815469396754348,0.9888509950425584,25,0,10
34,4139,0.014114476753303924,3.88559749867828e-09,0.00014212529585133852,0.9857433940652486,25,0,10
34,4140,0.0035320555436351825,1.3170095248826962e-11,5.494330768693004e-06,0.9964624501124277,25,0,10
34,4141,0.0013014670424057247,1.4547801217352601e-11,1.2099747183533362e-06,0.998697322968329,25,0,10
34,4142,0.001296731656335845,1.7572745286537683e-11,2.080196009441849e-06,0.998701188130083,25,0,10
34,4143,0.001476300029048434,2.562955765669608e-11,2.7203662054596957e-06,0.9985209795791177,25,0,10
34,4144,0.0011705731143974967,1.9429420208137838e-11,2.1348525078850235e-06,0.9988272920136663,25,0,10
34,4145,0.0009183686693916719,1.734320912375269e-11,9.58410380324796e-07,0.9990806729028856,25,0,10
34,4146,0.0015218755903433385,1.4138430563919695e-11,1.0942868920467528e-06,0.9984770301086268,25,0,10
34,4147,0.0006463105045990929,1.5084770223011045e-11,8.79003300445932e-07,0.9993528104770161,25,0,10
34,4148,0.0009077753832940888,2.4012602049436293e-11,3.257448772039878e-06,0.9990889671439216,25,0,10
34,4149,0.0020060933447384626,3.2455657507440083e-11,3.925971636467821e-06,0.99798998065117,25,0,10
34,4150,0.002222648646396896,6.866334915741692e-11,4.19547759749161e-06,0.9977731558073424,25,0,10
34,4151,0.0007318252337729572,5.486105401205305e-11,3.3565324312583298e-06,0.9992648181789353,25,0,10
34,4152,0.0006861390304425559,4.427868730249096e-11,9.8351563464304e-07,0.9993128774096449,25,0,10
34,4153,0.00034355300446918427,4.152368686332497e-11,6.120192322717008e-07,0.9996558349347755,25,0,10
34,4154,0.0003287124277019373,4.19971087907338e-11,6.244023721436254e-07,0.9996706631279304,25,0,10
34,4155,0.0013488154153526288,5.5466431576764605e-11,1.7488055988318328e-06,0.9986494357235829,25,0,10
34,4156,0.0011790507532539734,2.0708675318339845e-11,1.5321101166656976e-06,0.9988194171159219,25,0,10
34,4157,0.0006572824770312262,1.3759633027125462e-11,1.0503480756895038e-06,0.9993416671611349,25,0,10
34,4158,0.0005690760913095485,8.316943366366044e-12,6.96332659960897e-07,0.9994302275677153,25,0,10
34,4159,0.0003730804727371964,1.2127465514829692e-11,8.242454616328807e-07,0.9996260952696748,25,0,10
34,4160,0.0008237492763305502,1.3621318969884549e-11,1.0430453666456039e-06,0.9991752076646828,25,0,10
34,4161,0.0010543432244108858,1.833702816993263e-11,1.2944117495220592e-06,0.9989443623455041,25,0,10
34,4162,0.0003699858136778159,8.712383560754769e-12,7.441849759663236e-07,0.9996292699926357,25,0,10
34,4163,0.0003590003231575932,7.651619488286672e-12,6.730560822933288e-07,0.99964032661311,25,0,10
34,4164,0.0008976104128198795,1.3957942348959975e-11,1.7454095752520047e-06,0.9991006441636483,25,0,10
34,4165,0.0014396272630649337,7.874624952883682e-11,4.488504511494936e-06,0.9985558841536786,25,0,10
34,4166,0.0014346760281725918,7.854134030417074e-11,4.468071818883461e-06,0.998560855821468,25,0,10
34,4167,0.0013616341132342987,7.317263717441966e-11,4.1378315045337616e-06,0.9986342279820901,25,0,10
34,4168,0.0008896352723506676,1.1211782714008065e-11,1.6553001896144817e-06,0.9991087094162496,25,0,10
34,4169,0.0009319086437687548,1.2891139164423752e-11,1.7929210444251876e-06,0.9990662984222973,25,0,10
34,4170,0.0008850704495294995,1.3365642476611914e-11,1.6902897353896926e-06,0.9991132392473712,25,0,10
34,4171,0.0011242627078176855,1.9246065883288003e-11,2.0155652378800925e-06,0.9988737217076994,25,0,10
34,4172,0.0015838723567949055,1.8202294711193843e-11,2.063733281228551e-06,0.9984140638917228,25,0,10
34,4173,0.0008233736304616894,1.0540955430014409e-11,9.397845397377548e-07,0.9991756865744591,25,0,10
34,4174,0.001055526240402405,1.2794532332036826e-11,1.1176230947290866e-06,0.9989433561237101,25,0,10
34,4175,0.0008074120606235806,7.404704808015505e-12,8.281496035292259e-07,0.9991917597823705,25,0,10
34,4176,0.0005792818938017104,5.874470478390005e-12,6.487085730311499e-07,0.9994200693917524,25,0,10
34,4177,0.0006421518228465692,9.084406790408318e-12,8.659001929669941e-07,0.9993569822678774,25,0,10
34,4178,0.0006587992810019233,9.265736032995406e-12,1.6987177366796638e-06,0.999339501991997,25,0,10
34,4179,0.001126521606389423,1.3364831166984718e-11,2.7860597865264173e-06,0.9988706923204602,25,0,10
34,4180,0.0011359610888715262,1.3030236491349085e-11,2.7973944391518492e-06,0.9988612415036603,25,0,10
34,4181,0.0015875655303314426,1.69134200809429e-11,3.068773139349481e-06,0.9984093656796166,25,0,10
34,4182,0.006776583655501527,1.5650109762998545e-11,5.712482131546679e-06,0.993217703846718,25,0,10
34,4183,0.0015983624781248538,1.902464363497868e-11,2.278101471232009e-06,0.9983993594013808,25,0,10
34,4184,0.0009666930746590738,1.8909934305223025e-11,1.3682928816718197e-06,0.9990319386135509,25,0,10
34,4185,0.0008895579473179268,1.2558532495921907e-11,1.0494847903042377e-06,0.9991093925553355,25,0,10
34,4186,0.0005301239342301664,1.4114248366651718e-11,1.1568329734329596e-06,0.9994687192186837,25,0,10
34,4187,0.00046931076872073785,1.1516661604997705e-11,1.0626954565583157e-06,0.9995296265243074,25,0,10
34,4188,0.00047668719528347434,1.1556511254010691e-11,9.610469864079054e-07,0.999522351746175,25,0,10
34,4189,0.0006323428306169972,9.312622293527738e-12,8.085158805814006e-07,0.9993668486441915,25,0,10
34,4190,0.0005526647088264686,5.3830526478598645e-12,8.162880404088654e-07,0.9994465189977517,25,0,10
34,4191,0.0007942437511988437,8.194573312429065e-12,1.13961052251401e-06,0.9992046166300862,25,0,10
34,4192,0.0008050700871800334,9.66747635206469e-12,1.1480405323021842e-06,0.9991937818626215,25,0,10
34,4193,0.0006307679309326374,8.694012146544715e-12,1.0511313576941184e-06,0.9993681809290174,25,0,10
34,4194,0.0009384592273440706,1.307146389631871e-11,1.6834289906421674e-06,0.999059857330595,25,0,10
34,4195,0.0013433393352713476,1.4523054349945249e-11,4.490020900291308e-06,0.998652170629307,25,0,10
34,4196,0.0017209861373200955,4.1672311300395525e-11,7.213885316849249e-06,0.9982717999356923,25,0,10
34,4197,0.001329786783659809,4.276729319470594e-11,4.273195100427224e-06,0.9986659399784737,25,0,10
34,4198,0.0004794323040817779,1.0059866802688046e-11,9.355169059526714e-07,0.9995196321689538,25,0,10
34,4199,0.0006421966455907298,1.0187111233896624e-11,1.808923561441416e-06,0.9993559944206619,25,0,10
34,4200,0.0012847846064173976,1.347811874787937e-11,2.1749748435109725e-06,0.9987130404052621,25,0,10
34,4201,0.0005916739537517913,1.0102198480638575e-11,1.572055694321593e-06,0.9994067539804529,25,0,10
34,4202,0.0010072162558772176,1.0831490528096617e-11,2.0436860422324953e-06,0.9989907400472501,25,0,10
34,4203,0.0011189704129443991,1.190417315781498e-11,1.9830390172188478e-06,0.9988790465361358,25,0,10
34,4204,0.009174980926785583,1.4693922339116427e-11,1.2961791242774758e-05,0.9908120572672791,25,0,10
34,4205,0.008699327734835645,9.861370391917141e-12,1.2450905715439005e-05,0.991288221349589,25,0,10
34,4206,0.008519384640302292,1.3136830221033518e-11,1.262467438427695e-05,0.9914679906721777,25,0,10
34,4207,0.0005634925813153118,1.3291996902878817e-11,2.6467228509093984e-06,0.999433860682543,25,0,10
34,4208,0.0005742664021429241,1.31998812744309e-11,1.8656499016051672e-06,0.9994238679347573,25,0,10
34,4209,0.033684878930729224,5.0517237542677035e-11,5.1603842038894544e-05,0.9662635171767154,25,0,10
34,4210,0.0006101396923402305,1.389443570217122e-11,1.8799420284420383e-06,0.9993879803517384,25,0,10
34,4211,0.0006128251188596257,1.2328548825167226e-11,1.809161992212944e-06,0.9993853657068205,25,0,10
34,4212,0.011507616144285667,1.956156298132133e-11,6.684321596518082e-06,0.9884856995145579,25,0,10
34,4213,0.01151608574034172,2.4193266882707632e-11,6.781856490854784e-06,0.9884771323789758,25,0,10
34,4214,0.011692669099541884,2.6455441589120278e-11,7.2107568941611965e-06,0.9883001201171094,25,0,10
34,4215,0.0015128468752718532,1.9220103943848965e-11,1.7927462796633548e-06,0.9984853603592292,25,0,10
34,4216,0.0006763990130643495,1.5586658533580888e-11,1.4161381786485224e-06,0.9993221848331711,25,0,10
34,4217,0.0013724277017236912,4.855926346863122e-11,3.976575442375273e-06,0.9986235956742755,25,0,10
34,4218,0.0014936193501290536,5.529651099658127e-11,4.3188653954783926e-06,0.9985020617291798,25,0,10
34,4219,0.0013621539081473608,2.50917902283845e-11,2.28288373521218e-06,0.9986355631830267,25,0,10
34,4220,0.0013465216278580247,2.8106676218290674e-11,2.4333153074535453e-06,0.9986510450287289,25,0,10
34,4221,0.0013737505474909482,2.2108990731345794e-11,1.956796459227253e-06,0.998624292633942,25,0,10
34,4222,0.0011387923351338567,1.4099981002194666e-10,6.087652725496979e-06,0.9988551198711422,25,0,10
34,4223,0.0015964538157326874,8.478867959009206e-11,2.1798338580862323e-06,0.9984013662656211,25,0,10
34,4224,0.0011035258574658854,7.466732994637319e-11,1.3751600139458972e-06,0.9988950989078538,25,0,10
34,4225,0.0010904961061411523,1.4034166510458293e-11,1.3203774344786062e-06,0.9989081835023913,25,0,10
34,4226,0.0014591952552868172,2.213381449823248e-11,1.6836750758145564e-06,0.9985391210475052,25,0,10
34,4227,0.00045980714172121713,1.3119617940155487e-11,8.478148418105529e-07,0.9995393450303187,25,0,10
34,4228,0.0003823296718147317,9.886753569683628e-12,6.421741324601231e-07,0.9996170281441672,25,0,10
34,4229,0.0003957863818509332,4.9767415603633644e-11,9.917000409076518e-07,0.9996032218683414,25,0,10
34,4230,0.0006231601232625641,1.3123725544577998e-11,9.272859307578441e-07,0.9993759125776842,25,0,10
34,4231,0.000660760968381463,1.471459709194209e-11,9.726490271871912e-07,0.999338266367878,25,0,10
34,4232,0.0011222179728866879,2.4535361436544954e-11,1.4759067089941413e-06,0.9988763060958695,25,0,10
34,4233,0.0008320656825220414,1.7232188785006684e-11,1.1661838660767936e-06,0.9991667681163804,25,0,10
34,4234,0.0008430055337633959,1.6280728941903647e-11,1.1462146069656696e-06,0.9991558482353494,25,0,10
34,4235,0.0010662208680487046,1.6235758771713694e-11,1.2123829043348618e-06,0.9989325667328117,25,0,10
34,4236,0.0011163081127685307,1.732759733758203e-11,1.287276777370561e-06,0.9988824045931278,25,0,10
34,4237,0.0009707406902724926,2.0034170794107987e-11,1.445807042121295e-06,0.9990278134826525,25,0,10
34,4238,0.0010304761045192715,2.0688843410534016e-11,1.5226034235682042e-06,0.9989680012713689,25,0,10
34,4239,0.0011983903780635344,2.006166356876604e-11,1.4892837563504656e-06,0.9988001203181198,25,0,10
34,4240,0.001019933120319723,1.5009081745382025e-11,1.26367056315833e-06,0.9989788031941095,25,0,10
34,4241,0.001909889185232335,8.9203107343141e-11,3.183983662953424e-06,0.9980869267419022,25,0,10
34,4242,0.0013637159561146282,8.512940027160891e-11,1.8617240650696374e-06,0.9986344222346918,25,0,10
34,4243,0.0008979900390133177,1.771079688073682e-11,1.4519598118939673e-06,0.9991005579834649,25,0,10
34,4244,0.0012767161063305089,1.5214153688805786e-11,1.476871384882954e-06,0.9987218070070716,25,0,10
34,4245,0.0010348277080368367,1.3044820145198371e-11,1.0087108316528083e-06,0.9989641635680881,25,0,10
34,4246,0.001263991870486619,1.0047067916461137e-11,1.0486168694702012e-06,0.9987349595025978,25,0,10
34,4247,0.0005645415040684055,7.772752996605418e-12,6.718884080263573e-07,0.9994347865997518,25,0,10
34,4248,0.0005509482300260632,5.0959482511320485e-12,5.233611804286445e-07,0.9994485284036989,25,0,10
34,4249,0.0004888604591795642,1.7286488070511927e-11,1.3700571152315748e-06,0.9995097694664197,25,0,10
34,4250,0.000674131792181937,1.334844430206167e-11,1.2795996639718e-06,0.9993245885948068,25,0,10
34,4251,0.00035876030255551456,5.853406447815922e-12,4.607576608297593e-07,0.9996407789339318,25,0,10
34,4252,0.001027730368653511,1.0684595992493224e-11,8.441057436003579e-07,0.9989714255149196,25,0,10
34,4253,0.0010385282372807625,8.675788705457127e-12,8.678317833333131e-07,0.9989606039222615,25,0,10
34,4254,0.001037528463225249,7.945739025380038e-12,7.886673124316132e-07,0.9989616828615179,25,0,10
34,4255,0.0008183014007347708,9.071019240254663e-12,7.804477049851186e-07,0.99918091814249,25,0,10
34,4256,0.0010440148316695611,1.0193814767934193e-11,9.060498102464115e-07,0.9989550791083271,25,0,10
34,4257,0.0011524180448783524,1.1465472744783554e-11,4.827114605626565e-06,0.9988427548290513,25,0,10
34,4258,0.001728052682284131,7.830397743440768e-11,7.107023915337212e-06,0.9982648402154972,25,0,10
34,4259,0.0014425738316832639,7.414627717734237e-11,3.054559596846506e-06,0.998554371534575,25,0,10
34,4260,0.0019863000981044203,8.099822131414221e-11,3.6770814353491813e-06,0.9980100227394628,25,0,10
34,4261,0.0013275392497739372,1.5559645421563915e-11,1.3377661787635528e-06,0.998671122968489,25,0,10
34,4262,0.0009980405676415032,1.8155403318132288e-11,2.2519209385061855e-06,0.9989997074932658,25,0,10
34,4263,0.0008813202137111193,1.3934591318809851e-11,1.156972425601685e-06,0.9991175227999304,25,0,10
34,4264,0.0006562063411658538,1.4888786564421166e-11,1.04346659476601e-06,0.9993427501773517,25,0,10
34,4265,0.0010144404891777503,1.5214852626800123e-11,1.3914893118500594e-06,0.9989841680062969,25,0,10
34,4266,0.0013466596931964038,1.0185520006134234e-10,3.047156738294168e-06,0.9986502930482112,25,0,10
34,4267,0.0015759509183359197,1.0384371842819582e-10,3.174819773041282e-06,0.9984208741580481,25,0,10
34,4268,0.0013395046286720674,1.0355775887418474e-10,3.0710355134600235e-06,0.9986574242322578,25,0,10
34,4269,0.0011702202058550405,1.0206501723517823e-10,2.9797226638304715e-06,0.9988267999694179,25,0,10
34,4270,0.0016898595805034803,1.0943000983657289e-10,3.621412301565806e-06,0.9983065188977664,25,0,10
34,4271,0.00141124608523428,2.0117181540113586e-11,1.6788085863902934e-06,0.9985870750860637,25,0,10
34,4272,0.0011916745872796257,1.957400307452327e-11,1.5909473481186747e-06,0.9988067344457991,25,0,10
34,4273,0.0009027065801557545,1.3442246438275105e-11,1.2575947466961315e-06,0.9990960358116557,25,0,10
34,4274,0.0008914160829511339,1.6245081154450637e-11,1.2191309396557145e-06,0.9991073647698646,25,0,10
34,4275,0.0008804670266381107,1.4082312012856077e-11,1.3346398075622789e-06,0.999118198319473,25,0,10
34,4276,0.0008781666036731321,1.6275667579237402e-11,1.3657127907579582e-06,0.9991204676672615,25,0,10
34,4277,0.0006555744686541899,1.3765147570216136e-11,1.2943745666318352e-06,0.9993431311430149,25,0,10
34,4278,0.0005816347402746575,7.446284757077364e-12,8.437410343843729e-07,0.9994175215112462,25,0,10
34,4279,0.0005736057572419118,7.429684710689262e-12,8.067521382432192e-07,0.9994255874831915,25,0,10
34,4280,0.00039543148649717703,5.779449974178065e-12,7.909002405768716e-07,0.9996037776074839,25,0,10
34,4281,0.0006381284879468132,1.1841870005948333e-11,2.080143935211824e-06,0.9993597913562775,25,0,10
34,4282,0.0011778201554354193,1.4527249472947342e-11,1.6334053957495995e-06,0.9988205464246424,25,0,10
34,4283,0.0013011246236538509,1.7839956675891602e-11,1.874387474311239e-06,0.9986970009710332,25,0,10
34,4284,0.0008798831686637214,1.2408186270088725e-11,1.3187910891565943e-06,0.9991187980278404,25,0,10
34,4285,0.0013033850751233964,1.6311758436539644e-11,2.576065349671041e-06,0.9986940388432167,25,0,10
34,4286,0.00110059422516802,1.5307060161183418e-11,2.1844482040709222e-06,0.9988972213113229,25,0,10
34,4287,0.0010320260466626806,1.9731489865867613e-11,1.5149569027177059e-06,0.9989664589767051,25,0,10
34,4288,0.0011234091213581522,1.6602424314540197e-11,1.4809047936051608e-06,0.9988751099572477,25,0,10
34,4289,0.0009033425152384418,1.497049759905145e-11,1.4209163816514323e-06,0.999095236553411,25,0,10
34,4290,0.0007794075377126451,1.168301534902516e-11,1.1169488786379131e-06,0.9992194755017278,25,0,10
34,4291,0.0006561158854429331,1.1943046154515975e-11,9.612112436991857e-07,0.9993429228913727,25,0,10
34,4292,0.0006520681752182676,6.448083399037435e-12,7.625103617637161e-07,0.9993471693079742,25,0,10
34,4293,0.000403552565541444,6.222118588400395e-12,6.609247192123468e-07,0.9995957865035199,25,0,10
34,4294,0.00041171953431587665,7.845537474381533e-12,7.254201300761756e-07,0.9995875550377107,25,0,10
34,4295,0.010604204719256511,1.3903163929869698e-11,6.035758992401857e-06,0.9893897595078494,25,0,10
34,4296,0.010620257570320335,1.5940059098657412e-11,6.091770584875372e-06,0.9893736506431565,25,0,10
34,4297,0.01085823616893737,2.170999245890644e-11,6.3655802027022035e-06,0.9891353982291511,25,0,10
34,4298,0.000665611973587124,1.5519352621341427e-11,1.0109703904502953e-06,0.9993333770405052,25,0,10
34,4299,0.0009459353588052771,2.0640044339694122e-11,1.4124630695867e-06,0.9990526521574864,25,0,10
34,4300,0.0010865127784055449,1.3133159078046879e-11,1.1534127385101835e-06,0.9989123337957244,25,0,10
34,4301,0.0013289002575135502,1.4796537156500857e-11,1.3325418872894027e-06,0.998669767185804,25,0,10
34,4302,0.001319219634860575,9.450794194889903e-12,1.1891283958629008e-06,0.998679591227294,25,0,10
34,4303,0.0011636076038175445,1.4732214379499504e-11,1.3084020482002473e-06,0.9988350839794039,25,0,10
34,4304,0.0006622236019263979,1.4999938502545858e-11,9.856180920206178e-07,0.9993367907649834,25,0,10
34,4305,0.0006336748040026161,1.382243054521964e-11,9.656412623611241e-07,0.9993653595409139,25,0,10
34,4306,0.0004813603657318871,1.240906025420226e-11,8.406956302018383e-07,0.99951779892623,25,0,10
34,4307,0.000802704417676518,2.0202290606376344e-11,1.4536741637858292e-06,0.9991958418879581,25,0,10
34,4308,0.000719670489324226,1.702564218572341e-11,1.1875828928660527e-06,0.999279141910758,25,0,10
34,4309,0.0006544886069120826,1.2329066709858483e-11,1.2773333553316545e-06,0.9993442340474051,25,0,10
34,4310,0.0011750670432728175,1.8262329122304645e-11,1.773986398582514e-06,0.9988231589520679,25,0,10
34,4311,0.0011930989260139253,2.6056307836214914e-11,2.083464906210227e-06,0.9988048175830246,25,0,10
34,4312,0.001185377233903333,2.3406762454123777e-11,1.9320059475354904e-06,0.9988126907367435,25,0,10
34,4313,0.0014095184514728565,2.082912852643626e-11,1.994781682661969e-06,0.9985884867460166,25,0,10
34,4314,0.0006388343948841788,1.693501588305224e-11,1.2158875843021489e-06,0.9993599497005978,25,0,10
34,4315,0.00040922694353165553,1.4893950633833977e-11,1.0431701021566403e-06,0.9995897298714732,25,0,10
34,4316,0.0005973629191760927,1.2813777351669273e-11,1.117159687770277e-06,0.9994015199083236,25,0,10
34,4317,0.0003827247092058121,1.0167646736637606e-11,8.024967055005361e-07,0.9996164727839217,25,0,10
34,4318,0.0003563496881041668,8.053048774634227e-12,7.242010826054582e-07,0.9996429261027607,25,0,10
34,4319,0.0003403054795099008,6.485037977945779e-12,7.188358300558783e-07,0.9996589756781757,25,0,10
34,4320,0.0009473109313847057,1.371090950160672e-10,3.6933784349207705e-06,0.9990489955530726,25,0,10
34,4321,0.00094254973870375,1.3712776832665975e-10,3.7110597257756436e-06,0.999053739064444,25,0,10
34,4322,0.001014220955607123,1.4236709162134478e-10,3.8540809228548885e-06,0.998981924821104,25,0,10
34,4323,0.0011968385525390043,1.4619421844273134e-10,5.0632137506279e-06,0.9987980980875178,25,0,10
34,4324,0.0012323626117945908,1.9890966023379954e-11,2.5448720019218018e-06,0.9987650924963144,25,0,10
34,4325,0.001126851978937347,8.325648198790528e-11,2.857042050275035e-06,0.998870290895757,25,0,10
34,4326,0.000387558486003178,6.95124625332798e-11,9.419631898254817e-07,0.9996114994812956,25,0,10
34,4327,0.0004636464416174104,7.182107127862608e-11,1.2595839253903143e-06,0.9995350939026373,25,0,10
34,4328,0.0004185746115730416,7.221445504354635e-11,9.60898320614216e-07,0.999580464417893,25,0,10
34,4329,0.0007018037288570364,7.916443146625472e-11,1.3873328047357108e-06,0.9992968088591746,25,0,10
34,4330,0.0008971540245152612,7.471594484730981e-11,1.2614297111671844e-06,0.9991015844710586,25,0,10
34,4331,0.0006397831576091787,7.139682932052192e-11,9.871358592168339e-07,0.9993592296351358,25,0,10
34,4332,0.00064953472477962,7.157919378322438e-11,1.096773285206095e-06,0.9993493684303568,25,0,10
34,4333,0.00043449294212163524,7.152971415054984e-11,9.388553267192118e-07,0.999564568131023,25,0,10
34,4334,0.001011590130217435,2.249302414654437e-11,1.5636148967814978e-06,0.9989868462323944,25,0,10
34,4335,0.0014731418157267575,8.3884898561111e-11,3.308376509402533e-06,0.9985235497238806,25,0,10
34,4336,0.0014576421675856607,7.867320605938113e-11,3.269335021942505e-06,0.998539088418721,25,0,10
34,4337,0.0014446949690980356,7.752474901278286e-11,3.2323458340538992e-06,0.9985520726075449,25,0,10
34,4338,0.0013866771322098772,7.713969866184583e-11,3.070099775199374e-06,0.998610252690876,25,0,10
34,4339,0.0013873335723695293,7.499703325191416e-11,3.023881895467657e-06,0.9986096424707391,25,0,10
34,4340,0.00041480816067579056,9.592864370670786e-12,7.557766442611705e-07,0.999584436053088,25,0,10
34,4341,0.0006457921013779316,1.5185383325412606e-11,1.0047802358772912e-06,0.9993532031032015,25,0,10
34,4342,0.00040383523488212684,1.0133937137313666e-11,8.90662446955066e-07,0.9995952740925383,25,0,10
34,4343,0.0006350747708364624,1.3129047112327161e-11,9.561830984575775e-07,0.9993639690329372,25,0,10
34,4344,0.0010770398525328587,2.2800502999508853e-11,1.7195734417276112e-06,0.9989212405512259,25,0,10
34,4345,0.0005210019442314154,1.5217463824570893e-11,1.156622889197957e-06,0.999477841417663,25,0,10
34,4346,0.0006375656606823873,1.0578035622279287e-11,4.595440447875058e-06,0.9993578388882928,25,0,10
34,4347,0.0012391385676789979,4.368871617620995e-11,7.3420654918518795e-06,0.9987535193231415,25,0,10
34,4348,0.0006247097830602891,1.3002243794210653e-11,4.779819000996605e-06,0.9993705103849376,25,0,10
34,4349,0.0006383988473296796,1.9271249537238252e-11,1.1350487287864232e-06,0.999360466084671,25,0,10
34,4350,0.0008638326092639388,1.419471759011438e-11,1.316137243376715e-06,0.9991348512392995,25,0,10
34,4351,0.0007635743430884563,1.2037196795551992e-11,1.15507150006412e-06,0.9992352705733758,25,0,10
34,4352,0.0008006130723073558,1.2356773742558194e-11,1.1294831574415199e-06,0.9991982574321797,25,0,10
34,4353,0.0008513469191313255,1.0281959623750222e-11,8.495699384605509e-07,0.9991478035006501,25,0,10
34,4354,0.0008449107886362845,2.246936242941272e-11,3.463378237823634e-06,0.9991516258106585,25,0,10
34,4355,0.0008153350653243797,2.1215988161203636e-11,3.384701629691229e-06,0.999181280211832,25,0,10
34,4356,0.0020845787193116065,9.051735638859915e-11,5.996236696315597e-06,0.9979094249534769,25,0,10
34,4357,0.0018833175062328226,8.161748109670798e-11,3.4272699131300338e-06,0.9981132551422388,25,0,10
34,4358,0.0012048835717904537,7.955877955915589e-11,3.1232265947025077e-06,0.9987919931220578,25,0,10
34,4359,0.000713673660373242,1.0138972544741745e-11,1.0300599842527235e-06,0.9992852962695052,25,0,10
34,4360,0.0008529878813977139,1.2307355607789383e-11,9.79119597572826e-07,0.9991460329866989,25,0,10
34,4361,0.0013254138607185918,1.92393018490518e-11,1.3804735773514593e-06,0.998673205646466,25,0,10
34,4362,0.017660491930650616,2.7160940948742348e-11,5.451750248492056e-06,0.9823340562919408,25,0,10
34,4363,0.017193988623348012,2.3961037440154483e-11,5.118212731645826e-06,0.9828008931399601,25,0,10
34,4364,0.017317607134601155,2.8399832467493363e-11,5.5399250259322e-06,0.982676852911974,25,0,10
34,4365,0.017207028049032635,2.8294940629158927e-11,5.614251090514693e-06,0.9827873576715835,25,0,10
34,4366,0.01688860588315085,2.195866036099763e-11,5.20217965455098e-06,0.9831061919152372,25,0,10
34,4367,0.016836493616670667,1.99927382553213e-11,5.038104570627462e-06,0.9831584682587673,25,0,10
34,4368,0.0005624507284600322,1.4597186012380087e-11,1.0758286032253597e-06,0.9994364734283411,25,0,10
34,4369,0.0009822240686455117,1.8181030871118475e-11,1.453411480011256e-06,0.9990163225016953,25,0,10
34,4370,0.001903402923759778,2.300747066594566e-11,2.0484144430314733e-06,0.9980945486387915,25,0,10
34,4371,0.002583786063816358,2.405280104251202e-11,2.422967448973128e-06,0.9974137909446827,25,0,10
34,4372,0.0016112746413199123,1.7756087594626068e-11,1.7060009319103118e-06,0.9983870193399929,25,0,10
34,4373,0.0024284605536398075,2.6724161887703005e-11,2.5674832410751044e-06,0.997568971936396,25,0,10
34,4374,0.0018014591744553807,2.767311553692163e-11,4.6465743487721716e-05,0.9981520750543847,25,0,10
34,4375,0.0015635620793093266,2.494276149554531e-11,2.1139915497580786e-06,0.9984343239041995,25,0,10
34,4376,0.0011237300450123628,2.5989625126765722e-11,1.9024511687929362e-06,0.9988743674778303,25,0,10
34,4377,0.0015490776522212796,2.8963496306243002e-11,2.1107364645745205e-06,0.9984488115823514,25,0,10
34,4378,0.0017274958904051779,2.778280127498454e-11,2.0667750657820616e-06,0.9982704373067479,25,0,10
34,4379,0.0012648572658686865,2.211370640621672e-11,1.8283704556278626e-06,0.9987333143415633,25,0,10
34,4380,0.0010805070161602523,1.9499684737448207e-11,1.3579238923122007e-06,0.9989181350404489,25,0,10
34,4381,0.0008198393523211722,1.594315106854669e-11,1.1126785807879532e-06,0.9991790479531559,25,0,10
34,4382,0.0008125188294780395,1.3325080889914867e-11,9.877368502560817e-07,0.9991864934203473,25,0,10
34,4383,0.001282290937172267,1.3908493900291972e-11,1.7982952385642873e-06,0.998715910753682,25,0,10
34,4384,0.0011214560913213865,1.5455265943632835e-11,1.8957905804502557e-06,0.9988766481026446,25,0,10
34,4385,0.001055140198673168,1.2677168778021474e-11,1.5976022248909476e-06,0.9989432621864264,25,0,10
34,4386,0.001112095021709665,1.0618253626780764e-11,1.6351164702978852e-06,0.9988862698512029,25,0,10
34,4387,0.0013485051490346404,1.3941179029825342e-11,1.926625976580746e-06,0.9986495682110486,25,0,10
34,4388,0.0011135648775265968,8.846965699642212e-12,1.6913193484957469e-06,0.9988847437942789,25,0,10
34,4389,0.0014999100399604854,9.883482213398497e-12,2.128621067685254e-06,0.9984979613290897,25,0,10
34,4390,0.0025447660084180314,7.496292346666032e-11,4.284004538844054e-06,0.9974509499120816,25,0,10
34,4391,0.0014958302644529195,9.813683271536304e-12,1.9714345093868162e-06,0.9985021982912257,25,0,10
34,4392,0.0019429330895053833,9.921995573787402e-11,4.832513842403044e-06,0.9980522342974336,25,0,10
34,4393,0.0017364453077736292,9.818442237224947e-11,4.7567584336143905e-06,0.9982587978356098,25,0,10
34,4394,0.0019819016030793767,1.0199151723761618e-10,7.278965160106045e-06,0.9980108193297709,25,0,10
34,4395,0.0006094164437544703,1.064197385513848e-11,3.1040601520730303e-06,0.9993874794854527,25,0,10
34,4396,0.0008996402638342404,1.532665444825387e-11,1.2613411447354368e-06,0.9990990983796955,25,0,10
34,4397,0.0008869869130697078,1.0746902557270272e-11,1.0808066830618642e-06,0.9991119322695019,25,0,10
34,4398,0.0008619376200205243,1.158121251547472e-11,1.1151600701856776e-06,0.9991369472083289,25,0,10
34,4399,0.00038495291265681024,9.344527291839942e-12,7.424914500002955e-07,0.9996143045865508,25,0,10
34,4400,0.0005656476354717297,7.324240986427235e-12,6.920887533208585e-07,0.9994336602684532,25,0,10
34,4401,0.0006929867044701515,9.671821334684336e-12,1.7058109043518903e-06,0.9993053074749558,25,0,10
34,4402,0.00045357380777789067,9.528149913640102e-12,1.631149895800423e-06,0.9995447950328004,25,0,10
34,4403,0.00032983884229617025,7.352402742693851e-12,1.3431472818925178e-06,0.9996688180030711,25,0,10
34,4404,0.0012865709528790178,1.0164923983508932e-11,3.1700446404332657e-06,0.9987102589923177,25,0,10
34,4405,0.000387942715857379,9.173728890377682e-12,1.4480643079242101e-06,0.9996106092106626,25,0,10
34,4406,0.0010308511840650028,8.062818478350287e-11,1.4226532175128062e-06,0.998967726082091,25,0,10
34,4407,0.0011944440966141518,2.6543145817435627e-10,4.189368726974618e-06,0.9988013662692283,25,0,10
34,4408,0.0009343447061889856,2.56094671226799e-10,3.833020149707896e-06,0.9990618220175677,25,0,10
34,4409,0.004065545480461308,2.48614102581318e-11,8.24955292368339e-06,0.9959262049417547,25,0,10
34,4410,0.003965546477218841,2.5956706959068747e-11,8.444758902244809e-06,0.996026008737923,25,0,10
34,4411,0.0039546727671493555,2.387277795960959e-11,8.392617430733787e-06,0.9960369345915489,25,0,10
34,4412,0.006480045601048304,2.0936509081599334e-11,9.106357910910411e-06,0.9935108480201051,25,0,10
34,4413,0.006555925898742801,1.430532317895614e-10,9.532498085812149e-06,0.9934345414601179,25,0,10
34,4414,0.0009583104639427553,1.685622464367505e-10,2.004077154906813e-06,0.9990396852903407,25,0,10
34,4415,0.0009825280313307317,1.7114570869924622e-10,2.051601067099071e-06,0.9990154201964573,25,0,10
34,4416,0.0007881863604707289,4.5128366745746947e-11,1.3001749595328781e-06,0.9992105134194428,25,0,10
34,4417,0.0005582314271137522,4.155610874586828e-11,1.174787422578447e-06,0.9994405937439084,25,0,10
34,4418,0.0007928375986536733,1.4044040302560654e-11,1.266762618171486e-06,0.9992058956246845,25,0,10
34,4419,0.0009785090461431143,1.6798982296246267e-11,1.3257895874908925e-06,0.9990201651474712,25,0,10
34,4420,0.0006559645838687455,1.174132567585407e-11,9.403483312723313e-07,0.9993430950560598,25,0,10
34,4421,0.0006854668049115286,1.1266231993340125e-11,9.090002519469e-07,0.9993136241835725,25,0,10
34,4422,0.0020663110375021905,2.006040780528489e-11,4.977335037509e-06,0.9979287116074012,25,0,10
34,4423,0.0016518293325634772,1.436852346638936e-11,1.7431718005903255e-06,0.998346427481268,25,0,10
34,4424,0.0015921984263554186,1.4308324715004657e-11,1.720562153363899e-06,0.9984060809971838,25,0,10
34,4425,0.0012050207444836293,9.713816834323568e-12,1.2794548803881274e-06,0.9987936997909229,25,0,10
34,4426,0.0005850152438514191,1.0088354281824413e-11,1.0978547514376829e-06,0.99941388689131,25,0,10
34,4427,0.0005985246249832822,1.015754436714524e-11,8.194747331478802e-07,0.9994006558901272,25,0,10
34,4428,0.0006789421947055224,1.119018543501049e-11,9.968734087538246e-07,0.9993200609206973,25,0,10
34,4429,0.0007400809758382871,1.3363597733128049e-11,1.222702578806733e-06,0.999258696308221,25,0,10
34,4430,0.0009034209127406446,1.1486244990904916e-11,1.2071147389637847e-06,0.9990953719610357,25,0,10
34,4431,0.0018360596754018652,8.473425725488579e-11,3.7685493320111586e-06,0.9981601716905331,25,0,10
34,4432,0.0015924033365764326,1.776639923218779e-11,2.249486820222062e-06,0.9984053471588378,25,0,10
34,4433,0.0012617708368273253,1.0382574359402402e-11,1.9973402020838853e-06,0.9987362318125887,25,0,10
34,4434,0.0012691980137181395,9.832566687221058e-12,1.9621644385851113e-06,0.9987288398120119,25,0,10
34,4435,0.012212778856916118,4.129659032108172e-11,6.972791249490363e-05,0.9877174931892932,25,0,10
34,4436,0.0015717490334318273,1.508453194891719e-11,2.5959906800951145e-06,0.9984256549608044,25,0,10
34,4437,0.001580198233048818,1.9395590606788852e-11,2.607231148522807e-06,0.9984171945164079,25,0,10
34,4438,0.001563184607105838,1.8879944060069785e-11,2.6112949880661833e-06,0.9984342040790274,25,0,10
34,4439,0.00046506878484617027,1.2859967308476104e-11,9.983541364306497e-07,0.9995339328481588,25,0,10
34,4440,0.0011562119914531315,4.6122215831677286e-11,3.0779673895937428e-06,0.9988407099950362,25,0,10
34,4441,0.0014621734836089894,4.8787186173026304e-11,3.3443663386177748e-06,0.998534482101267,25,0,10
34,4442,0.0020380403962779927,8.008609048314546e-11,6.0017483003409985e-06,0.9979559577753376,25,0,10
34,4443,0.0014522290898727481,4.707719660160905e-11,3.745971341923343e-06,0.9985440248917097,25,0,10
34,4444,0.0020304291891867117,2.1304479230245285e-11,1.9166446401174442e-06,0.9979676541448699,25,0,10
34,4445,0.0019596641290698185,1.6598822463048823e-11,1.6478752320502825e-06,0.9980386879791006,25,0,10
34,4446,0.0017230968053249824,1.46001928620729e-11,1.5118846878680926e-06,0.9982753912953883,25,0,10
34,4447,0.0015682200996241782,1.2052197473932589e-11,1.4422782317433566e-06,0.9984303376100924,25,0,10
34,4448,0.0013385933761374579,4.404429200931453e-11,1.423572643245747e-06,0.9986599830071755,25,0,10
34,4449,0.0006640700139827449,4.331052693799821e-11,9.74584072731074e-07,0.9993349553586345,25,0,10
34,4450,0.0008986776183356246,1.594812687544735e-11,1.2203080088188384e-06,0.9991001020577075,25,0,10
34,4451,0.0008909844569492798,1.3360691426891173e-11,1.185289867964775e-06,0.9991078302398221,25,0,10
34,4452,0.000825805754775902,1.1726936946836225e-11,9.537019688701769e-07,0.9991732405315283,25,0,10
34,4453,0.0008223708945451991,9.49655689588122e-12,8.891057101047583e-07,0.9991767399902488,25,0,10
34,4454,0.0008202167530153664,8.547602648255642e-12,8.651739726031332e-07,0.9991789180644659,25,0,10
34,4455,0.0008164968329408544,9.110056427518976e-12,8.714507758943008e-07,0.9991826317071747,25,0,10
34,4456,0.000996276968398889,1.1881200479469153e-11,1.2031255665435145e-06,0.9990025198941543,25,0,10
34,4457,0.0005879591929611218,9.553416884310184e-12,7.320134825694296e-07,0.9994113087840044,25,0,10
34,4458,0.0008252280966528852,1.3713634596025988e-11,9.939293092693567e-07,0.9991737779603257,25,0,10
34,4459,0.0015438250873865552,2.0136135897814624e-11,1.523239542241338e-06,0.9984546516529368,25,0,10
34,4460,0.0013212601707783904,2.582105279435325e-11,1.6891767235813069e-06,0.9986770506266788,25,0,10
34,4461,0.0014997867697981956,2.1560173051336952e-11,1.8767504004936316e-06,0.9984983364582434,25,0,10
34,4462,0.0017239877515632454,2.187739498923959e-11,2.8653542251837985e-06,0.9982731468723353,25,0,10
34,4463,0.0017841372083698792,2.1485558493298913e-11,2.9554808066871093e-06,0.9982129072893396,25,0,10
34,4464,0.0015578194258478112,2.1162351512912094e-11,2.2218542940139026e-06,0.9984399586986977,25,0,10
34,4465,0.0012453653180444539,1.8251252764961173e-11,1.8105115006926219e-06,0.9987528241522057,25,0,10
34,4466,0.0012897768996080474,1.7158465021021294e-11,3.462653140469997e-06,0.9987067604300948,25,0,10
34,4467,0.0007683233274564939,1.1324484509790456e-11,1.2315139408506504e-06,0.9992304451472798,25,0,10
34,4468,0.0007727147039826136,1.2773069546105867e-11,1.2897695050758534e-06,0.9992259955137403,25,0,10
34,4469,0.0008176043258500057,1.3848127216900087e-11,1.3704337103002172e-06,0.9991810252265934,25,0,10
34,4470,0.0005149898095952518,1.11133697060285e-11,1.0650929949185841e-06,0.9994839450862973,25,0,10
34,4471,0.0004133669485531739,1.0091653915834403e-11,8.450395524270378e-07,0.9995857880018035,25,0,10
34,4472,0.0006428423287076389,8.993967853094703e-12,7.751419856709452e-07,0.9993563825203132,25,0,10
34,4473,0.0006184086548174237,1.691500331314121e-11,1.3087195340214176e-06,0.9993802826087342,25,0,10
34,4474,0.0007158748858648561,1.0053251034402727e-11,1.013445051823172e-06,0.9992831116590308,25,0,10
34,4475,0.0004813779593446901,7.448073277748527e-12,7.628790159490096e-07,0.9995178591541922,25,0,10
34,4476,0.0005313193674947838,9.586526594660356e-12,9.185419850198755e-07,0.9994677620809346,25,0,10
34,4477,0.000742039959658675,1.3182609286483104e-11,1.1881363674582112e-06,0.9992567718907922,25,0,10
34,4478,0.0012036495051011235,1.0564744495170329e-11,1.2950017482149e-06,0.9987950554825864,25,0,10
34,4479,0.0010809900015061233,8.5288549527843e-12,1.036003142494086e-06,0.9989179739868235,25,0,10
34,4480,0.00040989308646117507,6.519248935590485e-12,7.116834725612651e-07,0.999589395223548,25,0,10
34,4481,0.000416840911638008,8.578103868848125e-12,7.688873172372132e-07,0.9995823901924678,25,0,10
34,4482,0.0011066950348005034,1.2971330334579934e-11,1.3377926570913727e-06,0.9988919671595723,25,0,10
34,4483,0.0018012891708900386,8.06217148862843e-11,6.3549347911573555e-06,0.9981923558136987,25,0,10
34,4484,0.0010424587847298978,1.7492537960691286e-11,2.163969559073896e-06,0.9989553772282196,25,0,10
34,4485,0.0011048794640493697,1.8289709841220836e-11,1.9903863452125773e-06,0.9988931301313173,25,0,10
34,4486,0.0011044954896854426,2.0949905231161386e-11,2.031071132230415e-06,0.9988934734182336,25,0,10
34,4487,0.0007995770620076851,1.3140537469344339e-11,9.338283411593294e-07,0.999199489096512,25,0,10
34,4488,0.0005710090738487088,1.0064452711479393e-11,7.469510758283722e-07,0.9994282439650124,25,0,10
34,4489,0.0009335801864455271,1.5922291615172983e-11,1.2288667205731546e-06,0.9990651909309133,25,0,10
34,4490,0.0009184813578609316,1.4721150751968518e-11,1.145732143418233e-06,0.999080372895276,25,0,10
34,4491,0.0007599062175645495,2.2010491465152302e-11,1.3455816388758062e-06,0.9992387481787874,25,0,10
34,4492,0.0006975094150253306,1.384847539978871e-11,1.12705929215203e-06,0.9993013635118352,25,0,10
34,4493,0.0006950215377556923,1.42994043685099e-11,1.1245234359060792e-06,0.9993038539245103,25,0,10
34,4494,0.0009703295574618165,4.794867168977695e-11,1.5485438865898083e-06,0.999028121850704,25,0,10
34,4495,0.0010584156282006868,5.3253505266987145e-11,1.812902423758014e-06,0.9989397714161241,25,0,10
34,4496,0.000985938892728471,4.9640622009212136e-11,1.6247405209646798e-06,0.9990124363171117,25,0,10
34,4497,0.001198501871425637,5.056658179627387e-11,1.7030555901727108e-06,0.9987997950224199,25,0,10
34,4498,0.0011937698802443062,4.963673678720614e-11,1.6735819889131943e-06,0.9988045564881322,25,0,10
34,4499,0.001436608757012593,5.2271858166007786e-11,2.6296863723092675e-06,0.9985607615043451,25,0,10
34,4500,0.001311825504199853,5.307930280573348e-11,2.31768732683026e-06,0.9986858567553959,25,0,10
34,4501,0.00098717202856941,5.106617728953188e-11,1.505642483099984e-06,0.9990113222778828,25,0,10
34,4502,0.0007628376554950228,4.747786212644559e-11,1.3407115314352883e-06,0.9992358215854974,25,0,10
34,4503,0.0012299334308638352,7.759653851379927e-11,1.646670947700304e-06,0.9987684198205927,25,0,10
34,4504,0.0009599017371144409,7.469180262760807e-11,1.361103394466176e-06,0.9990387370848004,25,0,10
34,4505,0.0005070203735039516,7.422816436819574e-11,1.02821877739405e-06,0.9994919513334917,25,0,10
34,4506,0.0005758231826379697,1.392289444432207e-11,1.0028493599378151e-06,0.9994231739540804,25,0,10
34,4507,0.0004404186618038838,1.2255138451850219e-11,7.815643082308389e-07,0.999558799761634,25,0,10
34,4508,0.00033703829245561,5.789518759101744e-12,1.3889326052114115e-06,0.9996615727691516,25,0,10
34,4509,0.0010416030694885253,1.2102156811193292e-11,1.136656937849968e-06,0.9989572602614731,25,0,10
34,4510,0.001086282898030509,1.687027704650453e-11,3.0493311972116673e-06,0.9989106677539027,25,0,10
34,4511,0.0010636447826344727,1.795356628195096e-11,2.954382577309879e-06,0.9989334008168355,25,0,10
34,4512,0.0010881534375221397,2.0941842416723987e-11,3.305119116701974e-06,0.99890854142242,25,0,10
34,4513,0.0007640164362574757,1.3245412055838897e-11,1.0307381388501547e-06,0.9992349528123594,25,0,10
34,4514,0.0010785351203108238,1.993265322446265e-11,1.5194836123146275e-06,0.9989199453761457,25,0,10
34,4515,0.0010397428910190673,1.7417038567611484e-11,1.3808770439931466e-06,0.9989588762145205,25,0,10
34,4516,0.0007989260688639392,1.5475023112063658e-11,1.1866639348769322e-06,0.9991998872517267,25,0,10
34,4517,0.0010074127287940302,1.7464110956625613e-11,1.7238310709547177e-06,0.9989908634226716,25,0,10
34,4518,0.0007619760329158741,1.3209978126799457e-11,1.1903108400336507e-06,0.999236833643035,25,0,10
34,4519,0.001340239779489665,1.59141235830535e-11,1.6648731411097789e-06,0.9986580953314566,25,0,10
34,4520,0.000908817242952555,1.3762808353947158e-11,1.3365833008958958e-06,0.9990898461599851,25,0,10
34,4521,0.0007226520163490289,1.4860096055295348e-11,1.3284800389788623e-06,0.9992760194887531,25,0,10
34,4522,0.0008789469918641017,1.3252436561095355e-11,1.1999173752180665e-06,0.9991198530775095,25,0,10
34,4523,0.00043048591116332137,1.2339619116883987e-11,1.1210693537570773e-06,0.9995683930071456,25,0,10
34,4524,0.0004256513024982776,9.602592758252938e-12,8.332160932177806e-07,0.9995735154718074,25,0,10
34,4525,0.000898792094187116,4.2928865593535136e-11,1.2909676573914155e-06,0.9990999168952274,25,0,10
34,4526,0.0009732849777049055,4.5570597470893475e-11,3.633948978387799e-06,0.9990230810277473,25,0,10
34,4527,0.000968819129913366,4.4955227513903355e-11,3.531153081135689e-06,0.9990276496720515,25,0,10
34,4528,0.001780770498125212,1.1102652597514232e-10,7.121486607170983e-06,0.9982121079042422,25,0,10
34,4529,0.0020870570469662996,1.1945371322847693e-10,7.702482090114324e-06,0.9979052403514906,25,0,10
34,4530,0.0016266443771243574,5.531230041952314e-11,5.18537084187305e-06,0.9983681701967226,25,0,10
34,4531,0.004616972233343059,8.627878378630865e-11,5.4351864202030794e-05,0.9953286758161782,25,0,10
34,4532,0.0012515387900831191,2.0187431503943775e-11,2.454404909717194e-06,0.9987460067848214,25,0,10
34,4533,0.00168916387451575,1.7127170287729624e-10,7.565157769419004e-06,0.9983032707964449,25,0,10
34,4534,0.0013988153737777634,1.9862273429983882e-11,2.5028404294395754e-06,0.9985986817659317,25,0,10
34,4535,0.0010687688068201783,1.4572591801361227e-11,0.0001653283570360968,0.998765902821572,25,0,10
34,4536,0.0010677797654489896,1.639636719176946e-11,2.5365759057505696e-06,0.9989296836422505,25,0,10
34,4537,0.0008318347792899139,1.700146070083955e-11,1.0596690886132981e-06,0.9991671055346208,25,0,10
34,4538,0.000596721528237584,8.213031606000406e-12,7.038268580779547e-07,0.999402574636692,25,0,10
34,4539,0.0006024336792949579,1.0286528340373944e-11,7.81541608301435e-07,0.9993967847688109,25,0,10
34,4540,0.00043260293988550886,1.71239606676782e-11,9.582894061623787e-07,0.9995664387535848,25,0,10
34,4541,0.0004295772150256664,1.7175485588037004e-11,9.601515106889105e-07,0.9995694626162889,25,0,10
34,4542,0.0020954839130915147,1.8205359064834341e-10,9.021433547246735e-06,0.9978954944713082,25,0,10
34,4543,0.0009081423932284301,2.6889678555822182e-11,1.5584991079797516e-06,0.9990902990807743,25,0,10
34,4544,0.0010746185538085113,2.7834962164840628e-11,1.5522873239464871e-06,0.998923829131034,25,0,10
34,4545,0.0011695141898194269,2.8833027888757286e-11,1.7470262266683245e-06,0.9988287387551226,25,0,10
34,4546,0.0009901764576547508,2.6764694644324197e-11,1.7914691558858471e-06,0.9990080320464262,25,0,10
34,4547,0.0010188488553983816,1.963074294007676e-11,1.6155002608743764e-06,0.998979535624711,25,0,10
34,4548,0.001129861296905073,1.771170029807844e-11,1.4249125884917643e-06,0.9988687137727957,25,0,10
34,4549,0.003952580458385255,1.979189694285091e-11,3.5261261177128335e-06,0.9960438933957063,25,0,10
34,4550,0.0008587523136108486,2.1756973842916824e-11,1.6812335553395714e-06,0.9991395664310779,25,0,10
34,4551,0.0008401889301061041,1.84789935218705e-11,1.4472094263802727e-06,0.9991583638419891,25,0,10
34,4552,0.0010811833492390447,2.0138119392760943e-11,1.729166705412836e-06,0.9989170874639176,25,0,10
34,4553,0.0009338997592015752,2.0800433934525346e-11,1.7491204515527221e-06,0.9990643510995472,25,0,10
34,4554,0.0009724370782554424,1.9163252585963707e-11,1.5234728766223314e-06,0.9990260394297052,25,0,10
34,4555,0.0006602532070797999,1.476621627425101e-11,1.132054383142673e-06,0.9993386147237715,25,0,10
34,4556,0.0011642268499330657,1.5392159146571487e-11,9.219194473610739e-06,0.9988265539402021,25,0,10
34,4557,0.0013875693919810739,1.7420650025481386e-11,9.35705050761742e-06,0.9986030735400923,25,0,10
34,4558,0.0025356755777526364,1.5762335525271133e-11,1.2781443371123364e-05,0.9974515429631152,25,0,10
34,4559,0.0017577480112172875,1.0556047332917322e-10,1.1830741701012238e-05,0.998230421141522,25,0,10
34,4560,0.0015708870781141501,1.4381236311762252e-11,9.558230967125937e-06,0.9984195546765384,25,0,10
34,4561,0.0017526829795090914,1.6583556323771252e-11,9.904319439360374e-06,0.9982374126844685,25,0,10
34,4562,0.0015730103379033233,1.2849707078302284e-11,9.49879116844714e-06,0.9984174908580787,25,0,10
34,4563,0.0016455113560715027,1.3071529130578688e-11,9.618578202273898e-06,0.9983448700526553,25,0,10
34,4564,0.0017246216171726023,9.888156874414887e-12,1.21722278513118e-06,0.9982741611501544,25,0,10
34,4565,0.001477061557680932,5.544244407373063e-12,9.635499090728163e-07,0.998521974886867,25,0,10
34,4566,0.0005852080166742091,5.458306925584036e-12,6.737658302450646e-07,0.9994141182120384,25,0,10
34,4567,0.00036896060123306094,6.987990544017659e-12,7.63053989426412e-07,0.9996302763377911,25,0,10
34,4568,0.0006194435509418257,1.0367516723643042e-11,1.0294497743176881e-06,0.999379526988918,25,0,10
34,4569,0.0025753856764660133,8.176319441163823e-11,5.066371949590829e-06,0.9974195478698222,25,0,10
34,4570,0.0026554437939991997,8.546530421089583e-11,5.3877959428774e-06,0.9973391683245936,25,0,10
34,4571,0.0018866348405087074,7.481285936777421e-11,4.36948820754682e-06,0.9981089955964723,25,0,10
34,4572,0.0023275292831060924,7.688990415470881e-11,4.7627819265800975e-06,0.9976677078580781,25,0,10
34,4573,0.002321943374816436,7.840741873461995e-11,4.594911754690203e-06,0.9976734616350211,25,0,10
34,4574,0.001642746087443335,1.4582186658633478e-11,1.5491921524637766e-06,0.9983557047058222,25,0,10
34,4575,0.0013689493726185516,1.7961416803931146e-11,1.4412937560779858e-06,0.9986296093156645,25,0,10
34,4576,0.0013634387787409689,1.7842589340917638e-11,1.425251368322633e-06,0.9986351359520482,25,0,10
34,4577,0.0013783267559105113,2.0094806130622624e-11,1.5361709719272597e-06,0.9986201370530228,25,0,10
34,4578,0.0009249360661092134,2.0138314214894954e-11,1.3646942535360245e-06,0.9990736992195001,25,0,10
34,4579,0.0008332240830462434,4.4711504321457827e-11,2.460284552775962e-06,0.9991643155876914,25,0,10
34,4580,0.0008823058008405876,4.368110563197988e-11,2.5771037685761027e-06,0.9991151170517107,25,0,10
34,4581,0.0005193101759940015,3.982891152588831e-11,1.1275104686489059e-06,0.9994795622737098,25,0,10
34,4582,0.00040206378645161995,4.2746793810718185e-11,8.786004289798545e-07,0.9995970575703736,25,0,10
34,4583,0.0009756472396814176,1.6224807517961942e-11,1.488328670501026e-06,0.9990228644154243,25,0,10
34,4584,0.000923837028089994,1.615545122377691e-11,1.4495336804166981e-06,0.9990747134220755,25,0,10
34,4585,0.0005813599990024869,1.3192915000710806e-11,1.8089393417841848e-06,0.999416831048465,25,0,10
34,4586,0.0008186866718366633,7.601286123989311e-11,2.1007516181299928e-06,0.9991792125005339,25,0,10
34,4587,0.0015224335408180558,7.987014554937445e-11,2.5380756809174406e-06,0.998475028303632,25,0,10
34,4588,0.0016021836504864712,8.08192733949385e-11,2.6346042981971997e-06,0.9983951816643974,25,0,10
34,4589,0.0018418824827728475,8.251580678432159e-11,2.7873301863944086e-06,0.9981553301045257,25,0,10
34,4590,0.00183787686115926,8.315398625260271e-11,2.858001247680821e-06,0.9981592650544391,25,0,10
34,4591,0.0015548845527807147,8.14109014659925e-11,3.0361440216315325e-06,0.9984420792217873,25,0,10
34,4592,0.001617308682354303,8.39990811397218e-11,3.112514440092267e-06,0.9983795787192072,25,0,10
34,4593,0.001597299038181058,8.232359735485577e-11,3.1188454259197126e-06,0.99839958203407,25,0,10
34,4594,0.0017925509411869302,1.2153998469489894e-10,5.7754201909562e-06,0.9982016735170832,25,0,10
34,4595,0.0017240410768889164,1.1742028703606821e-10,5.0356375214999576e-06,0.9982709231681709,25,0,10
34,4596,0.0014346988386923806,1.2043412469154959e-10,4.986305803669612e-06,0.9985603147350713,25,0,10
34,4597,0.0014263105633398993,1.1459164686276001e-10,4.8691725224828214e-06,0.998568820149547,25,0,10
34,4598,0.0009451161613815026,2.0248829798261668e-11,2.0637920302076626e-06,0.999052820026341,25,0,10
34,4599,0.0003390591798740506,6.234934268113767e-12,5.128762413927125e-07,0.9996604279376515,25,0,10
34,4600,0.000407836274860805,8.935598895656049e-12,8.286298105314507e-07,0.9995913350863946,25,0,10
34,4601,0.0009352469198340941,1.4278470524298525e-11,1.2343458668357961e-06,0.9990635187200213,25,0,10
34,4602,0.0011115288875059451,2.0992251695574585e-11,1.3166638489545165e-06,0.9988871544276541,25,0,10
34,4603,0.0009383852578937911,2.2919706595711003e-11,1.3239395530248119e-06,0.9990602907796355,25,0,10
34,4604,0.0005737862536285481,1.2710535003712877e-11,1.1349843554775193e-06,0.9994250787493075,25,0,10
34,4605,0.0008169354481352598,1.2225310298311446e-11,1.2341932730724027e-06,0.9991818303463689,25,0,10
34,4606,0.0006654391182214872,7.555707337635094e-12,7.868126733138853e-07,0.9993337740615512,25,0,10
34,4607,0.0005908969760692115,7.405573151134165e-12,6.325511853345438e-07,0.999408470465342,25,0,10
34,4608,0.0005962730563623169,8.968474985785742e-12,6.908981036783185e-07,0.9994030360365679,25,0,10
34,4609,0.0005852325288665397,7.409295333461343e-12,6.179649186122713e-07,0.9994141494988074,25,0,10
34,4610,0.0003594738503011281,1.092081433112359e-11,5.218298503758077e-07,0.9996400043089296,25,0,10
34,4611,0.00047328824176645585,1.3583105835345282e-11,8.935680184162469e-07,0.9995258181766339,25,0,10
34,4612,0.0015698139404777412,2.414317212873487e-11,1.7031567518750856e-06,0.9984284828786285,25,0,10
34,4613,0.0006537371288720978,1.62921085623736e-11,1.1841576350233707e-06,0.9993450786972027,25,0,10
34,4614,0.000664824944048679,1.771092944111562e-11,1.1779938875602432e-06,0.999333997044355,25,0,10
34,4615,0.000664652362349855,1.5221113708702192e-11,9.64824828974543e-07,0.9993343827976017,25,0,10
34,4616,0.0006890244972077033,1.8901733535341e-11,1.0923801890780794e-06,0.9993098831037033,25,0,10
34,4617,0.0006656336087159585,1.5186847946828285e-11,9.609726690075478e-07,0.9993334054034299,25,0,10
34,4618,0.0003740173649896573,1.1093881618463216e-11,8.55150433071741e-07,0.9996251274734845,25,0,10
34,4619,0.000584145397090115,1.002123893619646e-11,6.980762837880743e-07,0.999415156516606,25,0,10
34,4620,0.0007294175589975248,1.1399061364449086e-11,1.0859154495253536e-06,0.9992694965141554,25,0,10
34,4621,0.0008055864580799265,1.7647198147226736e-11,1.3314364996962761e-06,0.9991930820877748,25,0,10
34,4622,0.000541506826029414,7.653905651344863e-12,9.308572561313309e-07,0.9994575623090625,25,0,10
34,4623,0.0008404097068443819,1.4518915841643529e-11,1.4517633335811255e-06,0.9991581385153051,25,0,10
34,4624,0.0007851467701611517,1.6616669742777002e-11,1.3707482350370776e-06,0.9992134824649886,25,0,10
34,4625,0.0008605041356052127,1.8174106878190058e-11,1.4677524121997038e-06,0.9991380280938099,25,0,10
34,4626,0.0014634385410244115,1.6641428871893257e-11,1.5902692482603928e-06,0.9985349711730869,25,0,10
34,4627,0.0012493536554929227,7.679826430939296e-11,1.6150271329355605e-06,0.9987490312405772,25,0,10
34,4628,0.0010401380970602426,7.085253488085654e-11,1.0518929608760922e-06,0.9989588099391277,25,0,10
34,4629,0.0004120546571700832,6.732355236690672e-12,6.643032446175487e-07,0.9995872810328545,25,0,10
34,4630,0.00041621700725546053,8.602472097265325e-12,7.603093147975226e-07,0.999583022674829,25,0,10
34,4631,0.000345189200557539,6.4905534404034056e-12,5.750084553082138e-07,0.9996542357844986,25,0,10
34,4632,0.0004341365417181169,1.6005333437243283e-11,1.0363116501249872e-06,0.9995648271306286,25,0,10
34,4633,0.016498294513730295,1.372613697469199e-11,4.2238254920349865e-06,0.9834974816470538,25,0,10
34,4634,0.016550965629302746,1.1144296238703989e-11,4.276413125006734e-06,0.9834447579464302,25,0,10
34,4635,0.016853737543167595,2.1538981978919323e-11,4.739349334062107e-06,0.9831415230859618,25,0,10
34,4636,0.016718218390643094,1.862999796276862e-11,4.276596478199094e-06,0.983277504994251,25,0,10
34,4637,0.0006987230960120061,1.6289067441329576e-11,9.880805843300936e-07,0.9993002888071172,25,0,10
34,4638,0.0008149866964811939,1.647893137538852e-11,1.2450671912893764e-06,0.9991837682198512,25,0,10
34,4639,0.0009840715711521332,1.490906650477305e-11,1.2691402057792998e-06,0.9990146592737352,25,0,10
34,4640,0.0009440337010334733,1.4902924009426792e-11,1.199843977372699e-06,0.9990547664400884,25,0,10
34,4641,0.0014452197839538634,2.6869940231563885e-11,4.369657437368352e-06,0.9985504105317408,25,0,10
34,4642,0.0014351102245719434,2.4882354292562846e-11,3.022889312260394e-06,0.998561866861235,25,0,10
34,4643,0.0012702099111377898,2.3198183888961304e-11,2.9701955616527615e-06,0.9987268198701038,25,0,10
34,4644,0.001149845577638523,1.940850886385717e-11,2.646882134800077e-06,0.9988475075208193,25,0,10
34,4645,0.0009835895732043043,4.846855208588739e-11,3.825217643257418e-06,0.9990125851606851,25,0,10
34,4646,0.017214484610355317,4.974083306228676e-11,9.299071379733582e-06,0.982776216268525,25,0,10
34,4647,0.0023430515943439136,5.7117872512094513e-11,4.77309867239781e-06,0.9976521752498664,25,0,10
34,4648,0.0022833744517903546,1.168910058354413e-10,7.032041072623844e-06,0.9977095933902465,25,0,10
34,4649,0.0009662483849369289,4.681805255512699e-11,3.6667688229832015e-06,0.9990300847994227,25,0,10
34,4650,0.0006817273718911991,1.5152521736355718e-11,1.299296934441589e-06,0.9993169733160228,25,0,10
34,4651,0.0006157424668861025,1.4594122158034083e-11,1.1965511527603092e-06,0.9993830609673686,25,0,10
34,4652,0.0006384732509833863,1.777295501734295e-11,1.3784621247094878e-06,0.9993601482691205,25,0,10
34,4653,0.0007838839168868367,2.2040677333929335e-11,1.7185205249466866e-06,0.9992143975405486,25,0,10
34,4654,0.001849686433589043,2.4761917939331988e-11,2.1828392884303684e-06,0.9981481307023613,25,0,10
34,4655,0.0007080996177006333,1.8932413955306902e-11,1.5504242147294338e-06,0.9992903499391533,25,0,10
34,4656,0.0011298640815982901,1.8149819991190765e-11,1.6685782259829708e-06,0.9988684673220269,25,0,10
34,4657,0.0011110447422861337,1.8599865657825304e-11,1.6366909741590078e-06,0.9988873185481408,25,0,10
34,4658,0.0008295844078039809,1.7584269771515268e-11,1.472320439873652e-06,0.9991689432541732,25,0,10
34,4659,0.0008239732625440647,2.007455815627728e-11,1.5782771043382297e-06,0.9991744484402774,25,0,10
34,4660,0.0007012511766210522,1.7767384692103026e-11,1.2282014424266292e-06,0.9992975206041699,25,0,10
34,4661,0.0007773151699144819,2.0011554977510907e-11,2.649421609282459e-06,0.9992200353884654,25,0,10
34,4662,0.0006657606961946358,1.4885692993722893e-11,1.0291759060101253e-06,0.9993332101130145,25,0,10
34,4663,0.0006485480892818634,1.1516189346051508e-11,1.012516654468802e-06,0.9993504393825483,25,0,10
34,4664,0.0004059338950662589,7.319759136021858e-12,6.947675463573127e-07,0.9995933713300684,25,0,10
34,4665,0.0004160715944650575,8.461740725815343e-12,7.302097509579499e-07,0.9995831981873224,25,0,10
34,4666,0.0005981403071620437,1.0583242682825465e-11,8.722405847124048e-07,0.9994009874416706,25,0,10
34,4667,0.0005882234407753499,1.058083660173818e-11,8.727933966588914e-07,0.9994109037552483,25,0,10
34,4668,0.0005875993963535191,1.1708506652903512e-11,9.283649489239036e-07,0.9994114722269896,25,0,10
34,4669,0.0006994826849877041,1.1820222115582703e-11,1.0466860399085097e-06,0.999299470617153,25,0,10
34,4670,0.0008137646576645998,4.67588845271922e-11,1.158192698272995e-06,0.9991850771028794,25,0,10
34,4671,0.0007596668378727723,1.4972623666696623e-11,1.19272744785682e-06,0.9992391404197082,25,0,10
34,4672,0.0007817382589527945,1.0823917601839621e-11,1.0760047945809648e-06,0.9992171857254304,25,0,10
34,4673,0.0010448400222813569,1.4849030846309592e-11,1.3572222236635274e-06,0.9989538027406472,25,0,10
34,4674,0.0009828197835560896,1.6980113092830115e-11,1.3252165431805832e-06,0.9990158549829219,25,0,10
34,4675,0.0007326742522031442,1.7231826458008405e-11,1.2011868109143852e-06,0.999266124543755,25,0,10
34,4676,0.0004957037553902085,1.4184507469706026e-11,9.836297084261365e-07,0.9995033126007182,25,0,10
34,4677,0.0004361475411758195,9.52135296901101e-12,8.1073678146093e-07,0.9995630417125229,25,0,10
34,4678,0.00042007198485376673,9.51259344794604e-12,7.612684626279891e-07,0.9995791667371724,25,0,10
34,4679,0.0010036395998479295,1.443208034369926e-11,1.778258711434069e-06,0.9989945821270096,25,0,10
34,4680,0.0015819920265360274,2.391746378682026e-11,5.990831380784167e-06,0.9984120171181671,25,0,10
34,4681,0.001402018758980808,2.5774766281559123e-11,5.478567330925545e-06,0.998592502647915,25,0,10
34,4682,0.0014136468453574533,2.587507839268693e-11,5.473230086775922e-06,0.9985808798986824,25,0,10
34,4683,0.0005588950286550627,1.401313798194261e-10,1.2375962931996906e-06,0.9994398672349221,25,0,10
34,4684,0.0005531843892720013,1.4119144388949571e-10,1.249639083644363e-06,0.9994455658304543,25,0,10
34,4685,0.0005761179710614714,1.4027027980308017e-10,1.2448841050010694e-06,0.9994226370045645,25,0,10
34,4686,0.0005115831267831441,1.3817284880903919e-10,1.0774989106439377e-06,0.9994873392361341,25,0,10
34,4687,0.0005113739944118024,1.379732860111854e-10,1.0608981948297703e-06,0.9994875649694205,25,0,10
34,4688,0.00043261265618762043,1.3529431777945848e-10,7.689765042856225e-07,0.9995666182320139,25,0,10
34,4689,0.0004222925823107063,1.3523049249516836e-10,7.97645767639652e-07,0.9995769096366917,25,0,10
34,4690,0.0004190830095926214,1.328106153472395e-10,8.033749440822833e-07,0.9995801134826537,25,0,10
34,4691,0.0003582001321968624,1.2588532105176886e-10,5.605210813365782e-07,0.9996412392208378,25,0,10
34,4692,0.0006559774756646508,1.3027135457392787e-10,9.027880591286918e-07,0.999343119606006,25,0,10
34,4693,0.0024382034635298242,1.4826232320327914e-11,1.607329816829927e-06,0.9975601891918278,25,0,10
34,4694,0.00218286254355676,1.7714699644620095e-11,1.5854496474750672e-06,0.9978155519890816,25,0,10
34,4695,0.002131286235572992,1.9430409198450256e-11,1.5145160231859551e-06,0.9978671992289732,25,0,10
34,4696,0.001489444394045054,1.5513331239537217e-11,1.511829135141155e-06,0.9985090437613073,25,0,10
34,4697,0.001569224047312017,1.8910384417172953e-11,1.9421613982753642e-06,0.9984288337723796,25,0,10
34,4698,0.0011024970765576502,1.25139992131792e-11,3.6820094993346326e-06,0.99889382090143,25,0,10
34,4699,0.0011171764750362795,1.405553934259152e-11,3.6568320742623146e-06,0.9988791666788351,25,0,10
34,4700,0.0014197043596759112,2.1886916355906254e-11,1.922667602376351e-06,0.9985783729508357,25,0,10
34,4701,0.0019294177561800993,2.288968948414784e-11,2.1836240864896715e-06,0.9980683985968447,25,0,10
34,4702,0.0016919299476913288,2.2116997649400556e-11,1.9029183371033397e-06,0.9983061671118556,25,0,10
34,4703,0.0013045461063770653,1.977760455771946e-11,2.065672981221633e-06,0.9986933882008661,25,0,10
34,4704,0.0013016104289047192,1.6424443590314975e-11,1.8055405524782446e-06,0.9986965840141196,25,0,10
34,4705,0.0005526384924239606,1.2673708552485048e-11,1.1696144907211764e-06,0.9994461918804132,25,0,10
34,4706,0.0004286908955214744,1.4502920501737321e-11,8.167380468066976e-07,0.9995704923519301,25,0,10
34,4707,0.0004242764669263579,1.4489803983869214e-11,8.257870661351503e-07,0.9995748977315193,25,0,10
34,4708,0.0008317144438491416,1.8218660865972813e-11,9.980197974120512e-07,0.9991672875181367,25,0,10
34,4709,0.0018134137154280797,2.5074826976962766e-11,1.722838647551066e-06,0.9981848634208506,25,0,10
34,4710,0.0007392185408354161,2.4486033550934463e-11,1.2353599743904552e-06,0.999259546074706,25,0,10
34,4711,0.0006534047023806029,2.1941572428603292e-11,1.0189746854815616e-06,0.9993455763009936,25,0,10
34,4712,0.0005901220640797133,2.0677072835835448e-11,8.415108556364278e-07,0.999409036404389,25,0,10
34,4713,0.00045229294608409044,5.187124298609285e-11,1.0117955978662943e-06,0.9995466952064481,25,0,10
34,4714,0.0011285261482827517,5.299920274210632e-11,1.2971026612394107e-06,0.9988701766960579,25,0,10
34,4715,0.0013763316350998284,5.721802438044839e-11,1.4882038132294102e-06,0.9986221801038703,25,0,10
34,4716,0.0016857646846628765,6.063415328733525e-11,1.8016275145436845e-06,0.9983124336271892,25,0,10
34,4717,0.0014814587590348293,4.9865334235972256e-11,1.768151154160257e-06,0.9985167730399469,25,0,10
34,4718,0.001887569364682249,5.001642850639159e-11,2.563545408394028e-06,0.9981098670398937,25,0,10
34,4719,0.0018839266031693462,1.689563298937574e-11,2.8091511632489096e-06,0.9981132642287727,25,0,10
34,4720,0.0015913988243912228,1.2540274612542082e-11,2.103275915937965e-06,0.9984064978871535,25,0,10
34,4721,0.001740006544598546,9.343013031910663e-12,1.844400212464042e-06,0.9982581490458471,25,0,10
34,4722,0.0008813606392471956,9.673213270354542e-12,1.7630689078983406e-06,0.9991168762821729,25,0,10
34,4723,0.0008631285003899815,9.538040537707783e-12,1.750276842392455e-06,0.9991351212132312,25,0,10
34,4724,0.0013437087529196668,1.6862624067089356e-11,2.1916430378179976e-06,0.9986540995871809,25,0,10
34,4725,0.010728100735719129,1.8344765973874098e-11,1.4809772157976478e-05,0.9892570894737799,25,0,10
34,4726,0.0008969202704956134,1.4416532029713767e-11,1.2585411639685985e-06,0.9991018211739252,25,0,10
34,4727,0.0006398759914858301,1.1736020300588363e-11,1.145050654062967e-06,0.9993589789461257,25,0,10
34,4728,0.000416226803398039,1.0187787490923426e-11,1.0496415416598695e-06,0.9995827235448739,25,0,10
34,4729,0.00042681030230403707,8.22339588083436e-12,8.440958269947639e-07,0.9995723455936468,25,0,10
34,4730,0.00042809109702104595,1.0796987578982475e-11,8.485352690532635e-07,0.9995710603569142,25,0,10
34,4731,0.0004289538970890895,1.0582351522427294e-11,7.788022246495003e-07,0.9995702672901051,25,0,10
34,4732,0.00046001551539482337,1.569391688988136e-11,9.985167955484726e-07,0.9995389859521171,25,0,10
34,4733,0.0006346393687441703,8.794309259533702e-12,7.985407442488119e-07,0.9993645620817188,25,0,10
34,4734,0.0005231472922336885,9.950363182531577e-12,9.684468583445798e-07,0.999475884250959,25,0,10
34,4735,0.0014259878508404435,1.8129121213687063e-11,1.5599160758637348e-06,0.9985724522149563,25,0,10
34,4736,0.001410262357047717,1.7644063059143937e-11,1.5361592009179519e-06,0.998588201466109,25,0,10
34,4737,0.0016611712190097053,1.9264924344793636e-11,1.682580085082411e-06,0.9983371461816415,25,0,10
34,4738,0.0017317965683675955,1.922694537417409e-11,1.7570059886598308e-06,0.9982664464064186,25,0,10
34,4739,0.002363788160055094,2.1468335286792824e-11,2.001973226661015e-06,0.9976342098452515,25,0,10
34,4740,0.0023842575281407498,2.895532317829294e-11,2.4408829408628066e-06,0.9976133015599644,25,0,10
34,4741,0.002053941335166834,2.3523996053765347e-11,1.95180438865737e-06,0.9979441068369223,25,0,10
34,4742,0.0018188377930135444,2.230424393868046e-11,1.6970508563548503e-06,0.9981794651338275,25,0,10
34,4743,0.0008778967358291642,1.4704273202733677e-11,1.2136669658430689e-06,0.9991208895825027,25,0,10
34,4744,0.0011130625459375052,1.7670266254595915e-11,1.427064665311101e-06,0.9988855103717286,25,0,10
34,4745,0.0015515110235090107,8.444410382935074e-11,3.631637349869097e-06,0.9984448572546986,25,0,10
34,4746,0.01739867759115233,8.41779798711241e-11,7.291722125086082e-06,0.9825940306025462,25,0,10
34,4747,0.017451962066877803,8.775913365199491e-11,7.543555380167259e-06,0.9825404942899846,25,0,10
34,4748,0.0013145104982004677,7.96298876639431e-11,3.4091109774554585e-06,0.9986820803111933,25,0,10
34,4749,0.0010270096353064465,7.725200502768137e-11,3.2281645364162976e-06,0.9989697621229067,25,0,10
34,4750,0.0010529539722975761,7.628163991896765e-11,3.1563210793528e-06,0.9989438896303432,25,0,10
34,4751,0.0005127747653267553,1.2164105924617152e-11,1.0240523252537508e-06,0.9994862011701859,25,0,10
34,4752,0.0008863036826520563,2.2375385390547513e-11,2.1403605335538377e-06,0.9991115559344409,25,0,10
34,4753,0.0010724607467937617,2.5724049359081444e-11,2.3531848041471086e-06,0.9989251860426798,25,0,10
34,4754,0.0006323173853550363,1.2848172727332527e-11,1.0116532439745598e-06,0.9993666709485542,25,0,10
34,4755,0.0019835419232902404,1.3229754531333369e-11,1.5614124162710323e-06,0.9980148966510657,25,0,10
34,4756,0.0009951987282824748,1.8941314039959487e-11,1.5980468487433048e-06,0.9990032032059285,25,0,10
34,4757,0.0007068372545182614,1.044166922392738e-11,1.0682888334154697e-06,0.9992920944462079,25,0,10
34,4758,0.0007839274939788898,1.6517771969506964e-11,1.3965957373014793e-06,0.9992146758937668,25,0,10
34,4759,0.0008988679076718173,1.8691813235329183e-11,2.820704925432383e-06,0.9990983113687119,25,0,10
34,4760,0.0015905429610032168,2.0830041786212343e-11,3.3571775395014344e-06,0.9984060998406276,25,0,10
34,4761,0.0015740294953872855,2.4338884006659607e-11,3.3076970368916317e-06,0.9984226627832369,25,0,10
34,4762,0.0014503962859785883,2.0602725750068553e-11,3.0756911024612265e-06,0.9985465280023175,25,0,10
34,4763,0.0007741238855480835,1.939511753200309e-11,2.601845773704315e-06,0.9992232742492844,25,0,10
34,4764,0.0007163861790175229,1.5228800210445534e-11,2.488740526439505e-06,0.9992811250652285,25,0,10
34,4765,0.0011033701377238948,1.5140549460894286e-11,1.3056291769407048e-06,0.9988953242179598,25,0,10
34,4766,0.0012785801305255696,1.25690205883671e-11,1.1776417819625337e-06,0.9987202422151245,25,0,10
34,4767,0.0013289016474412267,1.1145587244130664e-11,1.1156747829858417e-06,0.998669982666631,25,0,10
34,4768,0.0015656175468585704,1.7475760864418703e-11,1.4210220938269064e-06,0.9984329614135722,25,0,10
34,4769,0.0013492823414542649,1.537662748822031e-11,1.3395696361781548e-06,0.9986493780735337,25,0,10
34,4770,0.0017894167642177083,1.9553818482178985e-11,1.649883557958201e-06,0.9982089333326715,25,0,10
34,4771,0.0019324581012712847,2.4551431319992653e-11,1.985757934282398e-06,0.9980655561162435,25,0,10
34,4772,0.0030198910230136242,2.4498404883944017e-11,3.4463593370478247e-06,0.9969766625931519,25,0,10
34,4773,0.0023729523180808366,2.5000560849163895e-11,2.110338416924646e-06,0.9976249373185023,25,0,10
34,4774,0.0013463884099792658,2.0528009790470634e-11,1.3661208004520924e-06,0.9986522454486932,25,0,10
34,4775,0.00150278444869443,1.541678803910496e-11,1.312038575724668e-06,0.9984959034973139,25,0,10
34,4776,0.0008986703552641012,1.551462341785754e-11,1.117558018974873e-06,0.9991002120712033,25,0,10
34,4777,0.0005861648291837954,8.414533644599504e-12,6.65196589558677e-07,0.999413169965813,25,0,10
34,4778,0.0005337945679862347,4.323161439714711e-11,1.7382736571656409e-06,0.9994644671151255,25,0,10
34,4779,0.0009157820997627574,4.122495194385473e-11,1.919370816795463e-06,0.9990822984881963,25,0,10
34,4780,0.0005792316165494188,4.129876780403614e-11,1.8710898365408982e-06,0.9994188972523165,25,0,10
34,4781,0.0005086357997514925,4.267224814854102e-11,1.8065237066171052e-06,0.9994895576338707,25,0,10
34,4782,0.0005027086762183139,4.3250056676338366e-11,1.784471050601669e-06,0.9994955068094822,25,0,10
34,4783,0.0009925357709553238,4.862808240804146e-11,2.192904082352909e-06,0.9990052712763348,25,0,10
34,4784,0.0010917033675110928,4.376628359887743e-11,1.2124808485602719e-06,0.9989070841078747,25,0,10
34,4785,0.0011666743369352737,4.747768035108109e-11,1.38688812717799e-06,0.9988319387274603,25,0,10
34,4786,0.0011603218491785575,1.6910450362637526e-11,1.2282776056528427e-06,0.9988384498563064,25,0,10
34,4787,0.00116218694195529,1.3728009586586338e-11,1.2185578191797163e-06,0.9988365944864991,25,0,10
34,4788,0.0011628919307170495,1.4179574468396999e-11,1.2326051673183415e-06,0.9988358754499377,25,0,10
34,4789,0.0011241697199806963,1.3144445955707254e-11,1.1587704666382641e-06,0.9988746714964098,25,0,10
34,4790,0.0011138220254240856,1.5165375531363403e-11,1.3915798131112174e-06,0.9988847863795992,25,0,10
34,4791,0.001116419221952766,1.473012823988428e-11,1.3182143919431106e-06,0.9988822625489268,25,0,10
34,4792,0.001298454454673363,1.7036827254723624e-11,1.802758821080591e-06,0.9986997427694696,25,0,10
34,4793,0.0011942342902645038,1.705587964621646e-11,1.8938482388134649e-06,0.9988038718444421,25,0,10
34,4794,0.0008819215258256062,1.677504357429151e-11,1.7615152977859294e-06,0.999116316942103,25,0,10
34,4795,0.0009589318694164244,1.9045763142034593e-11,1.8791090743592659e-06,0.9990391890024648,25,0,10
34,4796,0.0009615325006575802,1.8622158382514767e-11,1.8757669816297458e-06,0.9990365917137397,25,0,10
34,4797,0.0012555326723684257,4.102570586336031e-11,2.277479134242266e-06,0.9987421898074724,25,0,10
34,4798,0.0008394406632769879,4.068185287767433e-11,1.1837789571016378e-06,0.999159375517086,25,0,10
34,4799,0.0008194286328328849,9.019124203697762e-12,9.042433590318105e-07,0.9991796671147908,25,0,10
34,4800,0.010619492474522407,8.546479913142479e-12,5.275371318999243e-06,0.9893752321456133,25,0,10
34,4801,0.01090677636015794,1.2274450431997603e-11,5.6468341035352024e-06,0.9890875767934654,25,0,10
34,4802,0.0006174442376159625,9.880288984909156e-12,8.285704592746104e-07,0.999381727182046,25,0,10
34,4803,0.0006776760521945703,1.1435602988500375e-11,9.929317377473972e-07,0.9993213310046333,25,0,10
34,4804,0.0010737393403576511,1.1463299033305737e-11,1.066186440759114e-06,0.9989251944617393,25,0,10
34,4805,0.0005855773695797525,8.514570331824948e-12,7.49145651770193e-07,0.9994136734762554,25,0,10
34,4806,0.0007445985172122832,1.5637056634163488e-11,1.4800530528484106e-06,0.9992539214140984,25,0,10
34,4807,0.001197319433382449,1.5616623138064298e-11,1.6373255102624186e-06,0.9988010432254909,25,0,10
34,4808,0.0011209821730889834,1.2861766866280323e-11,1.272638310745461e-06,0.9988777451757394,25,0,10
34,4809,0.0013382599164788575,1.498656406005919e-11,1.4421515992660175e-06,0.9986602979169361,25,0,10
34,4810,0.0011002793168898926,1.1674482627396567e-11,1.3196270584702523e-06,0.998898401044378,25,0,10
34,4811,0.0015704225489121045,1.3958397191026111e-11,1.5233813262656386e-06,0.9984280540558039,25,0,10
34,4812,0.001263171162924274,6.073739542443621e-12,1.0655713560151984e-06,0.9987357632596467,25,0,10
34,4813,0.0014270023568932837,1.31205129021989e-11,1.442893674144185e-06,0.9985715547363134,25,0,10
34,4814,0.00133622200912989,1.4002524128566837e-11,1.2061095867292416e-06,0.9986625718672824,25,0,10
34,4815,0.00202818386310759,1.5482508009965104e-11,1.651936322368207e-06,0.9979701641850882,25,0,10
34,4816,0.001240059448125229,1.5471616885832456e-11,1.5999649934665393e-06,0.9987583405714097,25,0,10
34,4817,0.0008016705311968741,7.43328294291264e-12,7.494714496072228e-07,0.9991975799899212,25,0,10
34,4818,0.0003272753557928566,8.690098634796763e-12,7.540338413291765e-07,0.9996719706016772,25,0,10
34,4819,0.0003307808871575404,4.164068678210914e-11,9.936473758622905e-07,0.9996682254238276,25,0,10
34,4820,0.0005862073098824829,4.637522599161797e-11,1.116651246767486e-06,0.9994126759924966,25,0,10
34,4821,0.0014759451653478769,5.0160636361142974e-11,1.6957729602026316e-06,0.9985223590115325,25,0,10
34,4822,0.00440787091693953,5.2891604763102904e-11,7.035613394269073e-06,0.9955850934167758,25,0,10
34,4823,0.0008438438549183618,8.279693893853001e-11,1.6430693067806792e-06,0.9991545129929791,25,0,10
34,4824,0.0009107759473161263,8.923272175718103e-11,1.8757693906580362e-06,0.9990873481940628,25,0,10
34,4825,0.000663012996402358,8.132234358601104e-11,1.414352284618407e-06,0.9993355725699925,25,0,10
34,4826,0.0005943871194355699,7.348477802614711e-11,1.1045469081109826e-06,0.9994045082601731,25,0,10
34,4827,0.0006579666748557727,7.663530196228011e-11,1.319652402955665e-06,0.9993407135961074,25,0,10
34,4828,0.0009226674992084737,4.6884672334500756e-11,1.5009968380985121e-06,0.9990758314570701,25,0,10
34,4829,0.0011752244265447996,4.946114169076426e-11,1.597955408328365e-06,0.9988231775685865,25,0,10
34,4830,0.0011058965733908974,1.4238713092827928e-11,1.172202501311744e-06,0.9988929312098709,25,0,10
34,4831,0.0018461508946562338,1.82101587083317e-11,1.775799227082154e-06,0.9981520732879084,25,0,10
34,4832,0.001851591753449454,1.6115936780034912e-11,1.6235092444593e-06,0.9981467847211912,25,0,10
34,4833,0.001675325774345946,2.1186286720813252e-11,1.7565875222259468e-06,0.9983229176169468,25,0,10
34,4834,0.0012183414440677643,4.7977226952085706e-11,1.4476947946815916e-06,0.9987802108131616,25,0,10
34,4835,0.0010996098692137523,1.423465598128733e-11,1.202035663738412e-06,0.9988991880808881,25,0,10
34,4836,0.0012859695071025573,1.1760184952840076e-11,1.1857545839470974e-06,0.9987128447265536,25,0,10
34,4837,0.001521887249938642,1.5854151469460425e-11,1.5173146355235236e-06,0.9984765954195725,25,0,10
34,4838,0.0016639178170332414,2.0092054190073676e-11,1.785053058798711e-06,0.9983342971098164,25,0,10
34,4839,0.0006710629065270116,1.2001815708860025e-11,9.809683691299649e-07,0.9993279561131035,25,0,10
34,4840,0.00041682398340045073,7.799620419025374e-12,7.479221184615082e-07,0.9995824280866831,25,0,10
34,4841,0.0005263322158972701,1.1858506988269919e-11,1.0080347477220497e-06,0.9994726597374978,25,0,10
34,4842,0.0005242712264743392,1.1661421357791109e-11,9.893390314551373e-07,0.9994747394228339,25,0,10
34,4843,0.0005836921821481109,1.4328284317827993e-11,1.2041516765946907e-06,0.9994151036518483,25,0,10
34,4844,0.000686318705704392,1.4283933717693672e-11,1.3772944011855818e-06,0.9993123039856115,25,0,10
34,4845,0.0006135111016532302,1.1176383055874683e-11,1.1666307186369968e-06,0.999385322256453,25,0,10
34,4846,0.0005140500982002784,7.945547387358503e-12,8.892963525850947e-07,0.999485060597504,25,0,10
34,4847,0.0007601847736064145,1.0888738691335045e-11,1.5309905379704854e-06,0.9992382842249689,25,0,10
34,4848,0.0008387640474264102,1.3481071972645997e-11,1.3727994434095445e-06,0.9991598631396506,25,0,10
34,4849,0.0014982836087834986,1.3936209271904974e-11,2.1491453772063356e-06,0.998499567231904,25,0,10
34,4850,0.0011549028662559157,1.1221487784244449e-11,1.5360987584983437e-06,0.9988435610237655,25,0,10
34,4851,0.001111969762532692,1.2261115424381846e-11,1.5781884546370107e-06,0.9988864520367529,25,0,10
34,4852,0.00061322545155697,7.989625996631086e-12,7.419019457551012e-07,0.9993860326385089,25,0,10
34,4853,0.0003660693669890001,6.787871551103635e-12,6.131671241508442e-07,0.9996333174591007,25,0,10
34,4854,0.0003584233754195889,1.0271675590469705e-11,8.492450813950415e-07,0.9996407273692286,25,0,10
34,4855,0.0003657349067602846,6.3355945326823105e-12,6.363957114221301e-07,0.9996336286911942,25,0,10
34,4856,0.0006845053069367818,8.800222502286234e-12,9.77035237136094e-07,0.9993145176490275,25,0,10
34,4857,0.0007362312240451542,9.390527391458622e-12,1.1777235407397624e-06,0.9992625910430252,25,0,10
34,4858,0.0007923095364070469,1.2509203362550787e-11,1.3782453650606693e-06,0.9992063122057206,25,0,10
34,4859,0.0007296588193960333,1.2478028169990536e-11,1.1458709172387377e-06,0.9992691952972101,25,0,10
34,4860,0.0009588090864319057,1.647536668367452e-11,1.5098688425636307e-06,0.9990396810282518,25,0,10
34,4861,0.011012716954396451,3.352308893615519e-10,0.00017045889791214065,0.9888168238124618,25,0,10
34,4862,0.0008715871925760409,1.6580894105850185e-11,1.3559069559915767e-06,0.9991270568838888,25,0,10
34,4863,0.0013339407308946747,1.4683362702915153e-11,1.5375960538824231e-06,0.9986645216583699,25,0,10
34,4864,0.0016460357819861216,2.149922900811556e-11,1.9284066414554842e-06,0.9983520357898749,25,0,10
34,4865,0.0020363860955063566,2.4253809579490915e-11,2.350118056106178e-06,0.9979612637621854,25,0,10
34,4866,0.001507437622272361,2.0137321882332065e-11,1.59251594743105e-06,0.9984909698416439,25,0,10
34,4867,0.0012774004885779684,1.7437833932527634e-11,1.3727599725784617e-06,0.9987212267340126,25,0,10
34,4868,0.001109746440849371,1.9651921981035003e-11,1.4857962000182282e-06,0.9988887677432997,25,0,10
34,4869,0.0015331540075205492,1.7221142860084804e-11,1.6875735182558046e-06,0.9984651584017417,25,0,10
34,4870,0.0012762277385087253,1.4323797241763212e-11,1.1690722446754123e-06,0.9987226031749239,25,0,10
34,4871,0.0012898496961144508,1.3949064515105798e-11,1.195676006490263e-06,0.998708954613931,25,0,10
34,4872,0.0007692653499587293,1.329590791569302e-11,1.1873782390101246e-06,0.9992295472585073,25,0,10
34,4873,0.000919928579208902,1.265075978773653e-11,1.2765989419167677e-06,0.9990787948091996,25,0,10
34,4874,0.0009164480850398411,1.0860330485440041e-11,1.1601554041988524e-06,0.9990823917486962,25,0,10
34,4875,0.0009024653362941043,1.139523656522618e-11,1.1992933915123924e-06,0.9990963353589197,25,0,10
34,4876,0.00046712498922279875,4.19088824945642e-11,1.03610099563346e-06,0.9995318388678737,25,0,10
34,4877,0.0005194098530976791,1.2926247545076968e-11,1.0230167523827494e-06,0.9994795671172251,25,0,10
34,4878,0.0008194097137806434,1.7593678063687677e-11,1.4164124002148175e-06,0.9991791738562261,25,0,10
34,4879,0.0008028623350774953,1.9379017312566224e-11,1.4723518459088666e-06,0.9991956652936981,25,0,10
34,4880,0.0007853653502006872,1.9214149329260443e-11,1.3703442190025572e-06,0.9992132642863666,25,0,10
34,4881,0.0007181663224625208,1.7162265772034463e-11,1.1553949175158626e-06,0.9992806782654584,25,0,10
34,4882,0.000434198674436162,1.673517275994905e-11,9.748634300834413e-07,0.9995648264453995,25,0,10
34,4883,0.0016685654145632519,5.36625428116179e-11,3.908317483885993e-06,0.9983275262142915,25,0,10
34,4884,0.0016727909653919842,5.3230589697090187e-11,3.88895802692289e-06,0.9983233200233509,25,0,10
34,4885,0.0120469265737865,6.351408296449854e-11,8.978427351778142e-06,0.987944094935348,25,0,10
34,4886,0.0024120879441775927,5.5137678694618554e-11,6.534555747771414e-06,0.9975813774449381,25,0,10
34,4887,0.0018622849030017687,4.647675640577364e-11,3.871601280905516e-06,0.9981338434492422,25,0,10
34,4888,0.0011292019483590925,1.1696587317651264e-11,1.1949585541570014e-06,0.9988696030813916,25,0,10
34,4889,0.0006364835362915189,6.555737857801148e-12,7.246384196763969e-07,0.9993627918187346,25,0,10
34,4890,0.0006297612576504951,6.550143799537181e-12,7.257748745541629e-07,0.9993695129609261,25,0,10
34,4891,0.0006067691064288044,6.361228213242508e-12,7.085539680319296e-07,0.9993925223332429,25,0,10
34,4892,0.0008408487553225769,1.1198313794972273e-11,9.85626853730643e-07,0.9991581656066267,25,0,10
34,4893,0.0009019192518528189,1.1368623452864138e-11,1.1539060572509015e-06,0.999096926830723,25,0,10
34,4894,0.0007423762084336939,1.1281394870055047e-11,1.0504346657811452e-06,0.9992565733456205,25,0,10
34,4895,0.0009073949598775881,7.731347751359749e-11,1.0837288170736336e-06,0.9990915212339925,25,0,10
34,4896,0.0011210665752344675,7.63662802661321e-11,1.3583791878012284e-06,0.9988775749692121,25,0,10
34,4897,0.011452985645749536,8.078190741377432e-11,3.765778682784154e-05,0.988509356486642,25,0,10
34,4898,0.001082277561120866,7.136287388193253e-11,1.1319849738322193e-06,0.9989165903825439,25,0,10
34,4899,0.0012746623681805741,1.5545458658518727e-11,1.3676905896030452e-06,0.9987239699256856,25,0,10
34,4900,0.000886045797012187,1.6538289667427922e-11,3.3854208964938827e-06,0.9991105687655545,25,0,10
34,4901,0.0009470437247031709,1.5562969935624146e-11,3.4482353931780944e-06,0.9990495080243426,25,0,10
34,4902,0.0009515548632500829,1.6533192479333456e-11,3.4161245990167884e-06,0.9990450289956199,25,0,10
34,4903,0.00047846486874412243,1.3077998372387318e-11,9.863668314133358e-07,0.9995205487513489,25,0,10
34,4904,0.0006431421608662319,1.8584852366603336e-10,1.1994078445483587e-06,0.9993556582454427,25,0,10
34,4905,0.00042212784328280356,1.8557335737031553e-10,1.0912808401687802e-06,0.9995767806903055,25,0,10
34,4906,0.0013129623793994522,1.0127667319422403e-11,4.213515289444304e-06,0.9986828240951859,25,0,10
34,4907,0.0015847357043954297,2.2137228903524788e-11,6.8109715272117415e-06,0.9984084533019426,25,0,10
34,4908,0.0013349258141409925,1.2637105412275934e-11,4.354260973267455e-06,0.998660719912251,25,0,10
34,4909,0.0006678052978427813,1.1630398668007994e-11,9.213412031034987e-07,0.9993312733493248,25,0,10
34,4910,0.000643630124006798,1.1602182269391374e-11,9.172732062646398e-07,0.9993554525911861,25,0,10
34,4911,0.0005801544638713258,9.380008115493654e-12,7.336577314594545e-07,0.9994191118690183,25,0,10
34,4912,0.001049505518904494,8.37884398961589e-12,1.039557203290163e-06,0.998949454915515,25,0,10
34,4913,0.000798827581059328,5.276348777431068e-12,9.168666289185015e-07,0.9992002555470372,25,0,10
34,4914,0.001253985122741138,7.897684629498168e-12,1.1547502538873504e-06,0.9987448601191091,25,0,10
34,4915,0.0013269938939235832,1.4674226389997266e-11,1.3784514239223629e-06,0.9986716276399803,25,0,10
34,4916,0.0008645329704066638,1.476538807178298e-11,1.0615470577118084e-06,0.9991344054677724,25,0,10
34,4917,0.0010136857839850586,2.2820205681571486e-11,1.5481554477172507e-06,0.9989847660377491,25,0,10
34,4918,0.0010175193722895138,2.2175203052444063e-11,1.4165096021654361e-06,0.9989810640959351,25,0,10
34,4919,0.0004922425922916488,1.6781741219405372e-11,9.706241816459395e-07,0.9995067867667461,25,0,10
34,4920,0.000759465588955381,2.0084132956555038e-11,1.3446735827057134e-06,0.9992391897173794,25,0,10
34,4921,0.0007058895534158058,1.6917526391796748e-11,1.063956072683878e-06,0.9992930464735952,25,0,10
34,4922,0.0013437741645778184,1.9234209472064157e-11,3.0297429436509995e-06,0.9986531960732455,25,0,10
34,4923,0.0013438760855792363,1.9309255296284488e-11,3.0583858041544763e-06,0.9986530655093082,25,0,10
34,4924,0.0008857197525908852,1.7052290027645622e-11,1.4304285419528627e-06,0.9991128498018159,25,0,10
34,4925,0.0010737150624912247,2.1568599627685508e-11,2.2182505913966897e-06,0.9989240666653498,25,0,10
34,4926,0.0008308415332174384,1.6289136569149923e-11,1.9155289461514862e-06,0.9991672429215488,25,0,10
34,4927,0.0014515342437531626,7.542935341920934e-11,4.0642924052684955e-06,0.9985444013884133,25,0,10
34,4928,0.0012913302000274035,7.591002265669782e-11,3.832925174700759e-06,0.9987048367988888,25,0,10
34,4929,0.0007815101666388846,1.471334950124937e-11,1.2887078275417408e-06,0.9992172011108216,25,0,10
34,4930,0.0007782275288555278,1.6223620233498772e-11,1.2778950728592033e-06,0.9992204945598493,25,0,10
34,4931,0.0009876755373980904,7.91544918982821e-11,1.648630122837434e-06,0.9990106757533258,25,0,10
34,4932,0.0009621097924385911,7.701062861952782e-11,1.5773027863446698e-06,0.9990363128277663,25,0,10
34,4933,0.0009835399844675904,8.178890391127239e-11,1.9009101834119806e-06,0.9990145590235612,25,0,10
34,4934,0.0008983325133943579,8.278249297464199e-11,1.5553586081980843e-06,0.9991001120452165,25,0,10
34,4935,0.000937486179663287,8.242638508323423e-11,1.7787185484843681e-06,0.9990607350193632,25,0,10
34,4936,0.000656971578471468,1.2724068568884e-11,1.0374990041365167e-06,0.9993419909098019,25,0,10
34,4937,0.00049487801343239,1.4818184100634747e-11,1.1029365100337548e-06,0.9995040190352412,25,0,10
34,4938,0.00044315086080447654,1.1807368292566107e-11,1.3826746604779658e-06,0.9995554664527296,25,0,10
34,4939,0.0004294144222410076,1.32985737127736e-11,1.3832710811487438e-06,0.9995692022933806,25,0,10
34,4940,0.0004031488946422477,1.1416443210641559e-11,1.191217163148993e-06,0.9995956598767792,25,0,10
34,4941,0.0006495199648394767,7.59635088913465e-11,3.6321993404714563e-06,0.9993468477598577,25,0,10
34,4942,0.00039227747400692015,6.3174202806204605e-12,5.467573652592408e-07,0.9996071757623111,25,0,10
34,4943,0.0006556258722158089,1.4344145798462486e-11,2.9788956811670005e-06,0.9993413952177598,25,0,10
34,4944,0.0006032251990671264,1.4268309071298226e-11,2.9939299459255253e-06,0.9993937808567196,25,0,10
34,4945,0.0005966196175886003,1.493997728917913e-11,3.0434902121538434e-06,0.9994003368772602,25,0,10
34,4946,0.0006591981777424068,1.4008823665018412e-11,3.1126074655214957e-06,0.999337689200784,25,0,10
34,4947,0.000664903331339316,1.6968255008157828e-11,3.2348312167740806e-06,0.999331861820477,25,0,10
34,4948,0.0005289764711804291,1.1123961701501863e-11,1.1830654024133178e-06,0.999469840452295,25,0,10
34,4949,0.00034738207301974913,5.22004896995841e-12,5.509984664316175e-07,0.999652066923295,25,0,10
34,4950,0.00033837445450710937,5.63536311930763e-12,5.5622822705543e-07,0.9996610693116316,25,0,10
34,4951,0.00034035599513054945,5.689023673370197e-12,5.621749086948244e-07,0.9996590818242733,25,0,10
34,4952,0.0003418146207440738,5.703810739444769e-12,5.673840673409012e-07,0.9996576179894859,25,0,10
34,4953,0.00045645195496299434,9.990448390445178e-12,9.135185023244725e-07,0.9995426345165461,25,0,10
34,4954,0.00046960626252592034,1.1354378232571775e-11,1.1460478430298508e-06,0.999529247678279,25,0,10
34,4955,0.0004658422679159726,1.213233902634349e-11,1.129906560325539e-06,0.9995330278133939,25,0,10
34,4956,0.06942487194113402,5.7674629293169776e-11,0.0001435893676715704,0.9304315386335218,25,0,10
34,4957,0.10813963228840351,1.317908503789154e-10,0.0014125723405712227,0.8904477952392363,25,0,10
34,4958,0.12520886867766584,1.5637787779041673e-05,0.02253650970082666,0.8522389838337304,25,0,10
34,4959,0.14641640686820748,5.707600595342401e-10,0.0015652795893792814,0.8520183129716541,25,0,10
34,4960,0.1750543045741866,3.4097584300850286e-09,0.0008675051372958395,0.8240781868787599,25,0,10
34,4961,0.1946153917276878,3.5932874155200425e-09,0.000887303078753479,0.8044973016002724,25,0,10
34,4962,0.12232346069413434,6.278598205496083e-07,0.015870746367969965,0.8618051650780764,25,0,10
34,4963,0.12251106403460454,6.278649281755602e-07,0.015869364967697405,0.861618943132771,25,0,10
34,4964,0.044478444989216756,6.261632218332907e-07,0.015642317772010368,0.9398786110755527,25,0,10
34,4965,0.04414667464300843,6.261581606499444e-07,0.015641832424292436,0.9402108667745399,25,0,10
34,4966,0.04103565590522762,2.627995442135742e-10,0.00014446488172708408,0.9588198789502467,25,0,10
34,4967,0.01757478267746152,5.073623237015232e-08,0.004155212301847623,0.9782699542844591,25,0,10
34,4968,0.017642698827643973,5.0734879005210426e-08,0.004155333181805916,0.9782019172556712,25,0,10
34,4969,0.01759237604350731,1.5441759032564887e-10,0.00013412192075612004,0.9822735018813202,25,0,10
34,4970,0.017828432753043768,1.5865404959764853e-10,0.0001342996243958561,0.9820372674639075,25,0,10
34,4971,0.0014464702086389024,1.520942772809329e-10,0.0001301336049439714,0.9984233960343241,25,0,10
34,4972,0.0011392818360570257,1.5055259514572316e-10,0.0001298827045703898,0.9987308353088215,25,0,10
34,4973,0.0010543323623418515,1.4714438649291427e-10,0.0001281613483339336,0.9988175061421818,25,0,10
34,4974,0.0015806640295467733,1.8238532418003568e-09,8.644374072393528e-06,0.9984106897725289,25,0,10
34,4975,0.001826219527662845,1.8281099924451146e-09,8.856568874217702e-06,0.9981649220753539,25,0,10
34,4976,0.0005911078943895959,1.1163734748889312e-11,7.515038713720609e-07,0.9994081405905767,25,0,10
34,4977,0.0010600313554486704,1.3847189561946162e-11,1.07132673314097e-06,0.998938897303972,25,0,10
34,4978,0.00065655335769476,1.5376613889616405e-11,2.594674602859545e-06,0.9993408519523264,25,0,10
34,4979,0.0006540357401423133,1.760936869919916e-11,2.6855653479852657e-06,0.999343278676901,25,0,10
34,4980,0.0010095727917060421,1.7892381914537584e-11,2.915024549551568e-06,0.9989875121658527,25,0,10
34,4981,0.0010095750449032512,1.760941714571897e-11,2.8944995214006693e-06,0.9989875304379668,25,0,10
34,4982,0.0010661865563892491,1.5678144872538214e-11,2.967549585887244e-06,0.9989308458783477,25,0,10
34,4983,0.0011183094694121299,1.6250265278227902e-11,1.6023365382716753e-06,0.9988800881777997,25,0,10
34,4984,0.001443809534863589,2.2057542174704195e-11,2.0576261135277402e-06,0.9985541328169658,25,0,10
34,4985,0.0013142441499965948,1.9318863172447923e-11,1.7414287727292983e-06,0.9986840144019132,25,0,10
34,4986,0.0008732031322100517,1.543883240334869e-11,1.1882149901727874e-06,0.9991256086373623,25,0,10
34,4987,0.00042005388900882005,1.1204017414274785e-11,6.920364611194909e-07,0.9995792540633278,25,0,10
34,4988,0.00040952390886531955,1.105879856228108e-11,7.584321217973731e-07,0.9995897176479559,25,0,10
34,4989,0.0005776313401726016,8.411491034276461e-12,5.930436011106631e-07,0.9994217756078173,25,0,10
34,4990,0.0016812894001159576,8.02399627779257e-12,1.039471784029241e-06,0.9983176711200789,25,0,10
34,4991,0.002705863046517005,2.5972466020170118e-11,2.293405878808591e-06,0.9972918435216335,25,0,10
34,4992,0.0008664890528222802,1.5882226548432908e-11,1.1602927560263935e-06,0.9991323506385413,25,0,10
34,4993,0.0005754649408773843,1.1029369045475455e-11,7.801797773555793e-07,0.9994237548683178,25,0,10
34,4994,0.0005855663912594077,1.159987824617689e-11,8.702714279316582e-07,0.9994135633257138,25,0,10
34,4995,0.0007186221438501736,1.7891661479550123e-11,1.327678195551844e-06,0.9992800501600629,25,0,10
34,4996,0.0005034345949259902,1.2819887966833284e-11,1.069470595214302e-06,0.9994954959216596,25,0,10
34,4997,0.0012284843053932553,7.112619538943251e-11,2.93260702794593e-06,0.998768583016453,25,0,10
34,4998,0.0011276971257148727,7.059420805555311e-11,2.6956717730274374e-06,0.998869607131919,25,0,10
34,4999,0.0013694993321275238,7.35879919832366e-11,2.8350047486965464e-06,0.9986276655895368,25,0,10
34,5000,0.0015971342713421285,7.650194276806486e-11,3.0771978671397426e-06,0.9983997884542898,25,0,10
34,5001,0.0015766167453534258,7.530493248007702e-11,3.0575346818244725e-06,0.99842032564466,25,0,10
34,5002,0.0008400862186992838,4.202397024664714e-11,1.2383613143848864e-06,0.9991586753779623,25,0,10
34,5003,0.0008311367157489989,4.505275655709396e-11,1.227928671009524e-06,0.9991676353105277,25,0,10
34,5004,0.0010151835478610328,4.751527354478522e-11,1.61126757180002e-06,0.998983205137052,25,0,10
34,5005,0.0008971171613454648,4.534630339998203e-11,1.4945294878093476e-06,0.999101388263822,25,0,10
34,5006,0.0010659973191245262,4.4829253935761125e-11,1.3530848477903025e-06,0.9989326495512003,25,0,10
34,5007,0.0011306577914267462,1.849604349280464e-11,1.3986697743550433e-06,0.9988679435203054,25,0,10
34,5008,0.0007322807487183281,1.7485677221997264e-11,1.404049606288582e-06,0.9992663151841916,25,0,10
34,5009,0.0011411972308044817,3.385108255453681e-09,3.6380458104052524e-06,0.9988551613382787,25,0,10
34,5010,0.0007298568592572838,1.7520009329383853e-11,1.5859840114938067e-06,0.9992685571392133,25,0,10
34,5011,0.0006438856599380745,1.480825941026874e-11,1.369593526720574e-06,0.999354744731728,25,0,10
34,5012,0.001875616991131808,2.3741290880416614e-11,3.229260727085389e-06,0.9981211537244,25,0,10
34,5013,0.0019289272287670478,2.4262065461887894e-11,3.3841428026585867e-06,0.9980676886041685,25,0,10
34,5014,0.0013546098961506367,1.3246353864222429e-11,1.2737214078359133e-06,0.9986441163691967,25,0,10
34,5015,0.0015086321367139934,2.058402320488302e-11,1.7219651929946457e-06,0.998489645877511,25,0,10
34,5016,0.0023310780764852217,1.634805171466449e-11,1.7785423549747853e-06,0.9976671433648133,25,0,10
34,5017,0.0014395792892963023,1.4857312218314632e-11,1.4108838020079687e-06,0.9985590098120461,25,0,10
34,5018,0.00048098970017424624,9.539623604104302e-12,8.49573841314968e-07,0.9995181607164457,25,0,10
34,5019,0.00041447258240415077,9.402032449491432e-12,7.453643813085208e-07,0.9995847820438131,25,0,10
34,5020,0.0008306067594048086,7.0289134693729344e-12,8.267004301681624e-07,0.9991685665331371,25,0,10
34,5021,0.0010577897056637873,6.347365281982509e-12,1.0092161345943608e-06,0.9989412010718552,25,0,10
34,5022,0.0008428914299979046,8.641588571339053e-12,1.0195678563863402e-06,0.9991560889935052,25,0,10
34,5023,0.0015029172635399727,1.0622368885719923e-11,1.3225364476428845e-06,0.9984957601893913,25,0,10
34,5024,0.0019755280092544673,1.3072778689577314e-11,1.5985087028224646e-06,0.9980228734689713,25,0,10
34,5025,0.0012431630979661149,1.779150903258104e-11,2.2132194401864773e-06,0.9987546236648035,25,0,10
34,5026,0.0022550523465332327,9.149696853514314e-11,4.608089827093051e-06,0.9977403394721438,25,0,10
34,5027,0.002250741730872852,9.200423999519929e-11,4.645584602393677e-06,0.9977446125925217,25,0,10
34,5028,0.0020682621041486797,9.289074464435337e-11,8.589803831843051e-06,0.9979231479991296,25,0,10
34,5029,0.0006632892082442853,1.1994854929604048e-11,5.194255761909488e-06,0.9993315165240001,25,0,10
34,5030,0.001109032680056001,1.6190056554630353e-11,5.571757653312945e-06,0.9988853955461022,25,0,10
34,5031,0.0011236420505593076,1.4179487648684847e-11,1.2769592877490563e-06,0.9988750809759752,25,0,10
34,5032,0.0015806292839845174,1.9429412322974258e-11,4.393023785557722e-06,0.9984149776728022,25,0,10
34,5033,0.0004338701464716941,1.1363234299862498e-11,8.461047734303819e-07,0.9995652837373933,25,0,10
34,5034,0.0004243655018958133,1.1090817247145656e-11,8.046345823163313e-07,0.9995748298524322,25,0,10
34,5035,0.00042009613911282733,1.0679915090010558e-11,8.523436504506664e-07,0.9995790515065576,25,0,10
34,5036,0.0008049208964687345,5.940383343786271e-12,8.098322968150123e-07,0.9991942692652946,25,0,10
34,5037,0.00034465902468488595,5.779702011296414e-12,6.183735769296678e-07,0.9996547225959596,25,0,10
34,5038,0.0005841609249401569,7.915937097704886e-12,7.787061163503626e-07,0.9994150603610292,25,0,10
34,5039,0.0010523738837441429,1.023976768678858e-11,1.539113808177419e-06,0.9989460869922094,25,0,10
34,5040,0.0013553191566463485,1.5551704440051464e-11,1.9666442750136043e-06,0.9986427141835282,25,0,10
34,5041,0.0010932176188804908,1.0329140880672447e-11,1.5484066212706406e-06,0.9989052339641709,25,0,10
34,5042,0.0010948318494631599,1.1891085581943215e-11,1.568216191735262e-06,0.9989035999224554,25,0,10
34,5043,0.0006416625009571976,9.73141983819642e-12,8.222329515563136e-07,0.9993575152563611,25,0,10
34,5044,0.000753531462661821,1.1745579083004802e-11,1.0935543521706015e-06,0.9992453749712418,25,0,10
34,5045,0.001175644143209266,1.9144173612796206e-11,1.9433137092418823e-06,0.9988224125239387,25,0,10
34,5046,0.0011836077374670017,2.0649815331830945e-11,1.6851750923814723e-06,0.9988147070667921,25,0,10
34,5047,0.0006452790376275574,1.362501362040644e-11,9.72556028732556e-07,0.9993537483927193,25,0,10
34,5048,0.00042265135670071347,1.0930001623843097e-11,7.186266642617147e-07,0.9995766300057061,25,0,10
34,5049,0.0005821043694173286,8.011254444324312e-12,9.338173471183163e-07,0.9994169618052255,25,0,10
34,5050,0.0005718895143460537,6.3928229643514684e-12,9.260822864168369e-07,0.999427184396976,25,0,10
34,5051,0.000832979486705751,9.671227407624699e-12,8.730925727346699e-07,0.9991661474110515,25,0,10
34,5052,0.0006621449241139152,1.1175177232637112e-11,8.902968795571594e-07,0.9993369647678325,25,0,10
34,5053,0.0012856860155637492,4.2368842550650426e-11,1.1088250842594564e-06,0.9987132051169838,25,0,10
34,5054,0.0012678848583711252,4.214213147633994e-11,1.09323851861833e-06,0.9987310218609688,25,0,10
34,5055,0.0007478837305190111,4.219403124146972e-11,1.2128905676713709e-06,0.9992509033367202,25,0,10
34,5056,0.0011014692648213414,4.545789117208602e-11,1.4316713536370212e-06,0.9988970990183681,25,0,10
34,5057,0.0008693885032105149,5.334856719946364e-11,1.889624619515491e-06,0.9991287218188222,25,0,10
34,5058,0.001088873884456022,5.352576177353605e-11,1.999373327423083e-06,0.998909126688692,25,0,10
34,5059,0.0009906929477409227,7.696833550217429e-11,3.127697207909644e-06,0.9990061792780845,25,0,10
34,5060,0.0008151398015561825,8.190206506254654e-12,8.99286884664722e-07,0.9991839609033706,25,0,10
34,5061,0.0008250855857349246,8.145671400398471e-12,9.032409929928947e-07,0.9991740111651285,25,0,10
34,5062,0.0008372567267147413,1.3408879699020205e-11,1.1605642429629795e-06,0.9991615826956355,25,0,10
34,5063,0.0003633254779119644,9.899852501656151e-12,8.088801696678785e-07,0.999635865632021,25,0,10
34,5064,0.00046980790186021637,8.65953873796261e-12,1.0412578109938904e-06,0.999529150831671,25,0,10
34,5065,0.00042021239170814297,1.104968892665506e-11,8.131275495770677e-07,0.9995789744696946,25,0,10
34,5066,0.0005341356651132395,1.1330966521733867e-11,1.0135477712079556e-06,0.9994648507757858,25,0,10
34,5067,0.0004593080392071696,1.1024648162100149e-11,8.24720589001435e-07,0.9995398672291804,25,0,10
34,5068,0.010398580790948748,1.9328590477622377e-11,5.025299334525577e-06,0.9895963938903901,25,0,10
34,5069,0.010381144639375449,1.6199890532623184e-11,4.998635205232075e-06,0.9896138567092213,25,0,10
34,5070,0.01048395267708301,2.0307944391726486e-11,5.347638326603032e-06,0.9895106996642841,25,0,10
34,5071,0.011194915486936878,2.2645128347589274e-11,5.825429323254677e-06,0.9887992590610969,25,0,10
34,5072,0.0013464050594506982,1.3047813032696927e-11,1.4573419046323588e-06,0.9986521375855986,25,0,10
34,5073,0.0012749094764798205,9.851738441736657e-12,1.1286722262737538e-06,0.9987239618414442,25,0,10
34,5074,0.0012897602134350236,4.099806451242899e-11,6.197568171473502e-06,0.9987040421773973,25,0,10
34,5075,0.0013701940206695832,4.0944709475443493e-11,6.300324423579424e-06,0.9986235056139634,25,0,10
34,5076,0.0025077551980189666,4.636409608185357e-11,6.802116812175162e-06,0.9974854426388058,25,0,10
34,5077,0.0022800667458493374,4.499891836578234e-11,6.667317941215003e-06,0.9977132658912118,25,0,10
34,5078,0.002203121415977968,4.421772020859634e-11,6.483223804699327e-06,0.9977903953160008,25,0,10
34,5079,0.000790951909065618,4.615692414106726e-11,7.641063245556326e-06,0.9992014069815336,25,0,10
34,5080,0.0007825371664830097,4.704947338919196e-11,7.623330617693248e-06,0.9992098394558516,25,0,10
34,5081,0.0013186816143399957,2.0225565789646467e-10,5.162557676746176e-05,0.9986296926066384,25,0,10
34,5082,0.0013385752693063516,2.0477898595132648e-10,5.153359698668385e-05,0.9986098909289295,25,0,10
34,5083,0.00166209725450954,2.0014894504920937e-10,5.182959000716671e-05,0.9982860729553359,25,0,10
34,5084,0.0011141457818037454,1.6924872438042572e-11,2.934183510483164e-06,0.9988829200177615,25,0,10
34,5085,0.0012358334451567925,1.8024563352719352e-11,2.8695045473377488e-06,0.9987612970322722,25,0,10
34,5086,0.0017288253148026408,1.5904284205161458e-11,1.4287279961182628e-06,0.9982697459412985,25,0,10
34,5087,0.0014586532308623445,7.838524584931305e-11,3.5237509348447304e-06,0.9985378229398194,25,0,10
34,5088,0.0015163891071849301,8.003596785668535e-11,3.6368199351978915e-06,0.9984799739928449,25,0,10
34,5089,0.0013366683372143865,1.5129323978486355e-11,1.4355347863866143e-06,0.9986618961128708,25,0,10
34,5090,0.0006275656733696895,8.663774126627595e-12,7.595852449957662e-07,0.9993716747327231,25,0,10
34,5091,0.0010733914829526136,1.0121911954997387e-11,1.003679904980525e-06,0.9989256048270221,25,0,10
34,5092,0.0008600778143836432,1.1819515112346523e-11,9.630731626462226e-07,0.9991389591006354,25,0,10
34,5093,0.0007821897718119603,7.890416460314654e-12,6.990388993328614e-07,0.9992171111814,25,0,10
34,5094,0.0010238223918923285,8.928781087881454e-12,8.58879174645035e-07,0.998975318720006,25,0,10
34,5095,0.0010221036541441806,8.763706988647721e-12,8.389488128593841e-07,0.9989770573882807,25,0,10
34,5096,0.001036244737430352,1.101712063195211e-11,9.516797676701045e-07,0.9989628035717862,25,0,10
34,5097,0.00102930167390475,1.0581446521787138e-11,1.0094885399529884e-06,0.9989696888269751,25,0,10
34,5098,0.0019495350874265114,1.5912522401708964e-11,4.501943699429792e-06,0.9980459629529626,25,0,10
34,5099,0.0015097563146346223,1.4357863219051446e-11,4.1263544322491e-06,0.9984861173165765,25,0,10
34,5100,0.002187691714887725,2.1042064329608993e-11,1.6898579346571766e-06,0.9978106184061368,25,0,10
34,5101,0.0015176196120195887,2.1274298257404526e-11,1.5627409136595616e-06,0.9984808176257939,25,0,10
34,5102,0.0012903124628051003,2.17704639066144e-11,1.3518259742814097e-06,0.9987083356894516,25,0,10
34,5103,0.0014561535083765641,2.2918206621808254e-11,1.8543441675518157e-06,0.9985419921245395,25,0,10
34,5104,0.0014465703495701956,1.4472054235801544e-11,1.6588947976832333e-06,0.9985517707411625,25,0,10
34,5105,0.0013315099711373208,1.4152994717835488e-11,1.7726726938656418e-06,0.9986667173420181,25,0,10
34,5106,0.0012120045130952191,1.3923090264514324e-11,1.4429088651504168e-06,0.9987865525641179,25,0,10
34,5107,0.0019257490171191716,1.6133101244841578e-11,2.0209694278676687e-06,0.9980722299973214,25,0,10
34,5108,0.0018893491100450592,1.967021753607628e-11,2.0827661523345694e-06,0.9981085681041337,25,0,10
34,5109,0.0013648504733094133,1.487172231021483e-11,1.536325777018243e-06,0.9986336131860426,25,0,10
34,5110,0.0010817362678753985,7.58849306892434e-11,3.3157573422102113e-06,0.9989149478988989,25,0,10
34,5111,0.0007206889011284214,1.3279959116335776e-11,1.161392320864591e-06,0.9992781496932721,25,0,10
34,5112,0.0004948140982931867,1.1404205376261942e-11,9.382648717333418e-07,0.9995042476254327,25,0,10
34,5113,0.0009504520274688129,1.490393751957846e-11,1.3389093150268493e-06,0.9990482090483135,25,0,10
34,5114,0.0008968926695397088,4.5364515706902504e-11,1.2310298778190432e-06,0.9991018762552195,25,0,10
34,5115,0.0008315956756387786,1.2335003586199665e-11,9.912017498505244e-07,0.9991674131102783,25,0,10
34,5116,0.0008459220486272276,1.1294874575704746e-11,9.785668434721075e-07,0.9991530993732369,25,0,10
34,5117,0.000371944628953731,7.530146411946365e-12,6.443624119252594e-07,0.9996274110011061,25,0,10
34,5118,0.0006597212073971103,1.081836891248001e-11,9.798771689713409e-07,0.9993392989046173,25,0,10
34,5119,0.0008000921252129644,2.0286466424407092e-11,1.4366633287057977e-06,0.9991984711911726,25,0,10
34,5120,0.0039183378226909146,2.2433388477076048e-11,7.853010309053318e-05,0.9960031320517863,25,0,10
34,5121,0.00413433576078013,2.2851273647904384e-11,7.886130380979274e-05,0.9957868029125602,25,0,10
34,5122,0.0009008086594747867,1.8057798679917052e-11,1.9800663242783445e-06,0.9990972112561438,25,0,10
34,5123,0.01070730754155207,1.3355895706816967e-10,6.894013810167854e-05,0.9892237521867883,25,0,10
34,5124,0.0008087221741941092,1.9253830666083048e-11,2.08855772891411e-06,0.9991891892488235,25,0,10
34,5125,0.0007766560157747253,2.0516621329504504e-11,1.7404840423131822e-06,0.9992216034796664,25,0,10
34,5126,0.0008659174272321954,1.6337207456364722e-11,2.0773205008598234e-06,0.99913200523593,25,0,10
34,5127,0.0006349052243613744,1.4616216497128824e-11,1.7140785452413453e-06,0.9993633806824779,25,0,10
34,5128,0.0008851956755325816,1.9970279583523654e-11,2.095886688755867e-06,0.9991127084178091,25,0,10
34,5129,0.0004938046578456054,1.5565234404362075e-11,1.0883250707825078e-06,0.9995051070015195,25,0,10
34,5130,0.0006051917676489115,1.1984416739434424e-11,7.954487483085174e-07,0.9993940127716198,25,0,10
34,5131,0.0007437128430135176,2.099005143279595e-11,1.3852037273931035e-06,0.9992549019322702,25,0,10
34,5132,0.0008252559277244176,2.3145530288676276e-11,1.5379602663580237e-06,0.9991732060888643,25,0,10
34,5133,0.0021973307851607497,8.77459396478106e-11,5.814769091590118e-06,0.9977968543580018,25,0,10
34,5134,0.001095911570751026,2.4072881937348733e-11,1.9900877335155526e-06,0.9989020983174435,25,0,10
34,5135,0.0010915609936027622,2.2029691911666795e-11,1.887412888364061e-06,0.9989065515714799,25,0,10
34,5136,0.00117546777832003,2.328883413969392e-11,2.9744456343140955e-06,0.9988215577527579,25,0,10
34,5137,0.001074593622772695,2.0684166944598824e-11,1.5671442184836729e-06,0.9989238392123261,25,0,10
34,5138,0.001124003625199158,1.956030078128744e-11,1.6879700262168981e-06,0.9988743083852158,25,0,10
34,5139,0.0011705355604861843,1.6609438597937878e-11,1.7621498763443398e-06,0.9988277022730289,25,0,10
34,5140,0.001084721889526559,1.8629983522403788e-11,1.6891212847376276e-06,0.9989135889705598,25,0,10
34,5141,0.010764465305934738,1.7702171643508153e-11,5.446535041007159e-06,0.9892300881413233,25,0,10
34,5142,0.010710461272603524,1.528125984872508e-11,5.294496258258549e-06,0.9892842442158585,25,0,10
34,5143,0.0006460021398838339,1.1304518996032674e-11,1.0190508141712502e-06,0.9993529787979998,25,0,10
34,5144,0.001117887416075629,1.33034427635242e-11,2.55413424717271e-06,0.9988795584363759,25,0,10
34,5145,0.0014988209859358407,2.0008807585024496e-11,3.5466283918085766e-06,0.998497632365665,25,0,10
34,5146,0.00154518098315385,1.3133542061339724e-11,3.037403889148362e-06,0.998451781599824,25,0,10
34,5147,0.001056368868029129,1.0845369917866075e-11,1.4127870290413485e-06,0.9989422183340969,25,0,10
34,5148,0.0014217075948012971,1.0759459597452169e-10,4.236572453534344e-06,0.9985740557251507,25,0,10
34,5149,0.0009523572154456628,1.0781489518467804e-10,3.6026616752035613e-06,0.9990440400150651,25,0,10
34,5150,0.0010201107680399403,1.1161444812977174e-10,3.860620868217692e-06,0.998976028499478,25,0,10
34,5151,0.001249594260090608,1.7225801244440526e-10,8.000520967806685e-06,0.9987424050466842,25,0,10
34,5152,0.001009100557881055,7.468835555754728e-11,5.299107501256409e-06,0.9989856002599307,25,0,10
34,5153,0.0010147265751008902,7.636876857875262e-11,5.359671101318302e-06,0.9989799136774303,25,0,10
34,5154,0.001568434175757767,1.3092234674330178e-11,1.5087967089754048e-06,0.9984300570144429,25,0,10
34,5155,0.0015826753128849677,1.3097522484311634e-11,1.5178702114724906e-06,0.9984158068038078,25,0,10
34,5156,0.0016512746622906738,2.028044845993597e-11,1.572765561072976e-06,0.9983471525518689,25,0,10
34,5157,0.0021264412732647795,5.138616386606217e-11,2.093468466570316e-06,0.9978714652068836,25,0,10
34,5158,0.00204430713531137,2.3233114702449225e-11,2.0001378561681308e-06,0.9979536927036001,25,0,10
34,5159,0.0008816844379046826,1.7400501468744197e-11,1.2294031592898023e-06,0.999117086141537,25,0,10
34,5160,0.0006459454349711934,1.0705870978718138e-11,9.895568931683036e-07,0.9993530649974315,25,0,10
34,5161,0.0006496046297444228,1.069608511222406e-11,9.911731435467068e-07,0.9993494041864177,25,0,10
34,5162,0.0003998933978112887,8.095458811514734e-12,7.293907968442471e-07,0.999599377203298,25,0,10
34,5163,0.00034421135305384454,7.449078055423172e-12,5.530490765388411e-07,0.9996552355904226,25,0,10
34,5164,0.000352375687904892,7.600065585854517e-12,5.473167672192461e-07,0.9996470769877301,25,0,10
34,5165,0.0003952213842963112,5.487852705270866e-12,5.890716284920803e-07,0.9996041895385888,25,0,10
34,5166,0.0006374201013841927,8.73358069610932e-12,8.25913016978023e-07,0.999361753976866,25,0,10
34,5167,0.0006431557031301563,8.600351797711171e-12,1.003823769312476e-06,0.9993558404645015,25,0,10
34,5168,0.0003355895192532289,8.327376751765055e-12,5.559447129378235e-07,0.9996638545277082,25,0,10
34,5169,0.00033809591901653226,5.105416432620311e-12,4.957616111539439e-07,0.9996614083142688,25,0,10
34,5170,0.0005872560574962867,9.420484929665733e-12,7.846423266747408e-07,0.9994119592907584,25,0,10
34,5171,0.0007687713510995977,1.1819042359807485e-11,1.2821050779030981e-06,0.9992299465320055,25,0,10
34,5172,0.000778661808724766,1.2875957314235849e-11,1.20066608901329e-06,0.9992201375123118,25,0,10
34,5173,0.0007868030439940507,1.3125443107306671e-11,1.1915408290123274e-06,0.9992120054020533,25,0,10
34,5174,0.0011456664871510964,2.2377918122210948e-11,2.1291006551621954e-06,0.9988522043898171,25,0,10
34,5175,0.0011614868539571886,2.550409350565286e-11,2.2133937193579807e-06,0.9988362997268205,25,0,10
34,5176,0.0010678786664851802,1.3592924527292588e-11,1.1929584578450916e-06,0.9989309283614664,25,0,10
34,5177,0.0010598002146503115,1.616412413470508e-11,1.2411810249448194e-06,0.9989389585881626,25,0,10
34,5178,0.0015618087674120025,9.988374008445202e-12,1.091932558856635e-05,0.9984272718970131,25,0,10
34,5179,0.0006908693139060797,1.1599583964773048e-11,1.4748309110163524e-06,0.9993076558435843,25,0,10
34,5180,0.0007172454188996109,1.4416632380731553e-11,1.5083975703405412e-06,0.9992812461691143,25,0,10
34,5181,0.000939444844048185,1.7607438937826384e-11,1.726957636709748e-06,0.9990588281807082,25,0,10
34,5182,0.0006505821402418338,1.53743146510883e-11,1.3784938217022241e-06,0.9993480393505628,25,0,10
34,5183,0.0008769439196487565,2.5526905081705096e-11,1.7333057264260233e-06,0.9991213227490994,25,0,10
34,5184,0.0008902090361538185,2.570496189317167e-11,1.7483647766942915e-06,0.9991080425733658,25,0,10
34,5185,0.000815214719836915,1.7287587963283485e-11,1.4924200218724833e-06,0.999183292842855,25,0,10
34,5186,0.0010426441330987732,1.785921819631732e-11,1.7723631071807057e-06,0.998955583485936,25,0,10
34,5187,0.0015640946224204169,1.7882474393881832e-09,1.4554611135801224e-05,0.9984213489781975,25,0,10
34,5188,0.0015658033247497442,1.7867583083787238e-09,8.714439535389777e-06,0.9984254804489586,25,0,10
34,5189,0.0015754851135389152,1.7900695201103872e-09,9.163968951947436e-06,0.9984153491274416,25,0,10
34,5190,0.00082169071750236,1.4347471011512895e-11,1.4018009622679946e-06,0.9991769074671898,25,0,10
34,5191,0.0012740932911927078,1.5859212960900073e-11,1.6535748456154487e-06,0.9987242531181046,25,0,10
34,5192,0.0007984453083299006,7.169758139576573e-12,8.992695998799533e-07,0.999200655414902,25,0,10
34,5193,0.0012678583746849187,1.1051852630078264e-11,1.134307477819745e-06,0.998731007306786,25,0,10
34,5194,0.0017477211669753212,2.0377283595641725e-11,1.5946339903712175e-06,0.9982506841786575,25,0,10
34,5195,0.0019958491858931182,2.5801985432931007e-11,2.0189217686578943e-06,0.9980021318665367,25,0,10
34,5196,0.0015332677221541321,2.8281297410261157e-11,1.7907219847533178e-06,0.9984649415275806,25,0,10
34,5197,0.0016267921157595252,3.304803549073539e-11,2.1026305229532314e-06,0.9983711052206705,25,0,10
34,5198,0.001107322293543298,2.4196825712511027e-11,1.632802816914521e-06,0.9988910448794439,25,0,10
34,5199,0.001686599025801829,2.4975234849574462e-11,2.0550142315990673e-06,0.998311345934992,25,0,10
34,5200,0.00098174069474936,1.816632079159036e-11,1.4617792276388946e-06,0.9990167975078569,25,0,10
34,5201,0.0007220455246321056,1.12263924819259e-11,1.12494596719725e-06,0.999276829518175,25,0,10
34,5202,0.0011214518812073752,1.434709715514881e-11,1.328772409971612e-06,0.9988772193320359,25,0,10
34,5203,0.0013020904722145087,1.5462276186335735e-11,1.3954084306813974e-06,0.9986965141038928,25,0,10
34,5204,0.0010689493439970078,1.2475183048067454e-11,1.2505597983021928e-06,0.9989298000837291,25,0,10
34,5205,0.0010618972265099011,1.0655000414498594e-11,1.1299805867142907e-06,0.9989369727822485,25,0,10
34,5206,0.0010693631240967843,1.1398883212205086e-11,1.2279405706857747e-06,0.9989294089239342,25,0,10
34,5207,0.0013121019175309457,1.3723443129274537e-11,1.426546394326952e-06,0.998686471522352,25,0,10
34,5208,0.0013324692985368842,2.1560863053723883e-11,1.6256376415958436e-06,0.9986659050422613,25,0,10
34,5209,0.0011124766640092235,2.5363610265427725e-11,2.0149694702524037e-06,0.9988855083411575,25,0,10
34,5210,0.00043290584493674294,1.3802197140872164e-11,8.035142073372129e-07,0.9995662906270552,25,0,10
34,5211,0.0006481798763819152,1.388027086122029e-11,1.1686363738658352e-06,0.999350651473365,25,0,10
34,5212,0.0008820786874454731,1.3351273014092162e-11,1.3672010302779311e-06,0.9991165540981741,25,0,10
34,5213,0.0008869375693043133,4.241122551956371e-11,1.3500923022441956e-06,0.9991117122959835,25,0,10
34,5214,0.0013267097320072397,1.3968828550684707e-11,1.3725548101990186e-06,0.9986719176992154,25,0,10
34,5215,0.01138527986849798,1.263186456993878e-10,1.0787576896856856e-05,0.9886039324282885,25,0,10
34,5216,0.010774057339339858,1.2641096180910957e-10,1.0563583060516572e-05,0.9892153789511898,25,0,10
34,5217,0.0011032924507683984,1.1355820032603543e-11,1.102433802255971e-06,0.9988956051040749,25,0,10
34,5218,0.0005882400723690167,8.624163624441991e-12,8.007933033258809e-07,0.9994109591257047,25,0,10
34,5219,0.0008287329196566664,7.717007011890495e-12,8.472227875620858e-07,0.9991704198498403,25,0,10
34,5220,0.0008447363209756599,6.847542250042152e-11,8.258438977249809e-07,0.999154437766653,25,0,10
34,5221,0.0009652133277806439,7.065993015031353e-11,1.1324177974866626e-06,0.9990336541837637,25,0,10
34,5222,0.0016007424476213508,6.767577583083739e-11,1.2394122982081644e-06,0.9983980180724064,25,0,10
34,5223,0.001676631708117473,7.005426087387568e-11,1.4720072006908855e-06,0.9983218962146296,25,0,10
34,5224,0.0016633391621135142,7.179339703805614e-11,1.5114393986513662e-06,0.998335149326697,25,0,10
34,5225,0.0011219780289533398,7.041729543940382e-11,1.0707756506657886e-06,0.998876951124981,25,0,10
34,5226,0.001112653448144307,6.982414281765348e-11,1.1471456671352152e-06,0.9988861993363666,25,0,10
34,5227,0.0005013211828141261,7.120248083422978e-11,9.875037803014885e-07,0.9994976912422053,25,0,10
34,5228,0.0003522428441352237,6.680404860762589e-11,5.471584289029502e-07,0.9996472099306338,25,0,10
34,5229,0.00040452903289278674,7.790070839323556e-12,6.330295596404524e-07,0.9995948379297596,25,0,10
34,5230,0.0005352210305018538,1.007352584222027e-11,9.130998330794158e-07,0.9994638658595931,25,0,10
34,5231,0.0004164326963341844,8.41729007888955e-12,7.158836262237003e-07,0.9995828514116241,25,0,10
34,5232,0.0006506539531298532,1.308336625476823e-11,9.74646068885865e-07,0.9993483713877199,25,0,10
34,5233,0.0007132371122399104,4.564733568245768e-11,1.343841602477324e-06,0.999285419000512,25,0,10
34,5234,0.0003957107881910084,4.070244180533701e-11,8.577247170729342e-07,0.9996034314463919,25,0,10
34,5235,0.00040293167504643735,4.075440393709309e-11,8.553620594950549e-07,0.9995962129221418,25,0,10
34,5236,0.0007338059054234486,4.784997152058902e-11,1.4407656368028599e-06,0.9992647532810912,25,0,10
34,5237,0.0007489142087007,4.90821548685053e-11,1.681979762423544e-06,0.9992494037624557,25,0,10
34,5238,0.0006507358634605866,1.2679253374730938e-11,1.0968161138209375e-06,0.999348167307747,25,0,10
34,5239,0.0008435957405205149,1.3823605227489812e-11,1.1939954843686457e-06,0.9991552102501725,25,0,10
34,5240,0.0008205805716169259,1.2667995840199325e-11,9.813155197783243e-07,0.9991784381001965,25,0,10
34,5241,0.0005907031292207427,9.454932870397482e-12,7.623441438144645e-07,0.9994085345171817,25,0,10
34,5242,0.00032873130697931894,3.7182673038559386e-11,6.138367991548095e-07,0.9996706548190406,25,0,10
34,5243,0.0003368264168220562,3.711040117594576e-11,6.094244954471226e-07,0.9996625641215736,25,0,10
34,5244,0.0006482007020599292,1.2437127739621091e-11,1.019165221807934e-06,0.9993507801202829,25,0,10
34,5245,0.0004581003178962034,5.230600675201564e-12,6.912859678819015e-07,0.9995412083909059,25,0,10
34,5246,0.0004065553097903808,5.136179472017222e-12,6.23165502832504e-07,0.9995928215195714,25,0,10
34,5247,0.010476385608149737,1.3299237718475079e-11,6.1302246905699886e-06,0.9895174841538618,25,0,10
34,5248,0.010499285088721486,1.4496651261581675e-11,6.158136971087848e-06,0.9894945567598121,25,0,10
34,5249,0.010465914032718378,4.596495758421226e-11,6.112517693349553e-06,0.9895279734036246,25,0,10
34,5250,0.010465534999556277,4.866545463394526e-11,6.166677817380121e-06,0.9895282982739627,25,0,10
34,5251,0.0005805348755411014,1.0173489691734185e-11,6.931388360392565e-07,0.9994187719754508,25,0,10
34,5252,0.000589966259814783,9.43519766068119e-12,6.856651983105126e-07,0.9994093480655531,25,0,10
34,5253,0.0005848569043404746,1.4464043944346015e-11,7.972604226924409e-07,0.9994143458207738,25,0,10
34,5254,0.000601665116194793,1.513883762107542e-11,1.0465505026707233e-06,0.9993972883181645,25,0,10
34,5255,0.0008374297916759714,1.533410794440889e-11,1.193970749680455e-06,0.9991613762222407,25,0,10
34,5256,0.000885680062277316,1.828690368504697e-11,1.3924995134381655e-06,0.999112927419923,25,0,10
34,5257,0.0010154174405993988,2.2937616978529404e-11,3.4133736798018778e-06,0.9989811691627842,25,0,10
34,5258,0.0011270355280623883,1.9323038495756796e-11,1.4295017073148032e-06,0.9988715349509089,25,0,10
34,5259,0.0013467211227346846,1.935302517536584e-11,1.5135927656164101e-06,0.9986517652651485,25,0,10
34,5260,0.0012701004829251406,1.821239651273146e-11,1.2385965254327139e-06,0.998728660902339,25,0,10
34,5261,0.0012644557837390863,1.7100055789016332e-11,1.2432414369654774e-06,0.9987343009577252,25,0,10
34,5262,0.0010270697923549534,1.4066730907853947e-11,1.0426698136696753e-06,0.9989718875237662,25,0,10
34,5263,0.0008116813428039016,1.4506706451185265e-11,9.029296383528368e-07,0.9991874157130519,25,0,10
34,5264,0.001274258639366662,1.6307475273662847e-11,1.0952958125584535e-06,0.9987246460485133,25,0,10
34,5265,0.0010053711216266796,1.9431822536132028e-11,1.3902749330968672e-06,0.9989932385840082,25,0,10
34,5266,0.0008721924053253419,1.719201522531584e-11,1.2478783103986218e-06,0.9991265596991725,25,0,10
34,5267,0.0006250970147670707,1.5045444529519836e-11,1.0629391445195678e-06,0.9993738400310437,25,0,10
34,5268,0.0040137979460129255,1.5872587878663487e-10,5.258546008014826e-05,0.9959336164351816,25,0,10
34,5269,0.004243356089318012,1.5770002286135083e-10,5.2662585750313005e-05,0.9957039811672321,25,0,10
34,5270,0.0006989296482720139,8.532950524238018e-12,9.006432649966854e-07,0.9993001696999312,25,0,10
34,5271,0.0006930806448862067,1.0642407716523691e-11,9.109157967487955e-07,0.9993060084286763,25,0,10
34,5272,0.0008566876841772215,9.619215104025637e-12,8.613151402498671e-07,0.9991424509910655,25,0,10
34,5273,0.000697218589049439,1.0203438406858415e-11,9.760713152149667e-07,0.9993018053294341,25,0,10
34,5274,0.0009952129825926146,1.6048521720577393e-11,1.502147122740774e-06,0.9990032848542377,25,0,10
34,5275,0.0014158606566856385,1.6202001406833667e-11,1.6268964026652628e-06,0.9985825124307106,25,0,10
34,5276,0.0013277117161279565,1.2779570692941735e-11,1.1198906503535698e-06,0.9986711683804432,25,0,10
34,5277,0.001050545995034001,1.7082946301637445e-11,1.077876031688299e-06,0.9989483761118527,25,0,10
34,5278,0.0008897931173252112,1.8092445043106713e-11,1.060297511219592e-06,0.9991091465670721,25,0,10
34,5279,0.0007089634840999184,1.6141341932224266e-11,1.1328301249192861e-06,0.9992899036696344,25,0,10
34,5280,0.0014131678645818984,3.6813415343797266e-11,2.4874041370296603e-06,0.9985843446944682,25,0,10
34,5281,0.0008427085243038887,2.4852710446808598e-11,1.6365619898389974e-06,0.999155654888854,25,0,10
34,5282,0.0007320574816143242,2.2368000712273718e-11,1.420244373190274e-06,0.9992665222516449,25,0,10
34,5283,0.0007391670872126978,2.1071051122504354e-11,1.4511010068576384e-06,0.9992593817907105,25,0,10
34,5284,0.000614701810183498,2.0713548231872615e-11,1.4683806580061443e-06,0.999383829788446,25,0,10
34,5285,0.000556126584193399,1.439274937036712e-11,1.2184641564772432e-06,0.9994426549372583,25,0,10
34,5286,0.0005913046828626256,1.0561758844159686e-11,1.9076151181086885e-06,0.9994067876914586,25,0,10
34,5287,0.000813196859294653,1.25721655500502e-11,2.293187994070753e-06,0.9991845099401406,25,0,10
34,5288,0.0008182738748629169,1.1849966725571688e-11,1.4914872763456856e-06,0.9991802346260124,25,0,10
34,5289,0.00047963507864616067,1.0200622469350944e-11,9.547802575480799e-07,0.9995194101308971,25,0,10
34,5290,0.0006622812190327375,1.5468078315926828e-11,1.4159643974160488e-06,0.9993363028011031,25,0,10
34,5291,0.0011154974505380292,2.0469995919215263e-11,1.719740116505393e-06,0.998882782788876,25,0,10
34,5292,0.0007012729834183155,1.0623407783898007e-11,1.0233267423238343e-06,0.9992977036792164,25,0,10
34,5293,0.0006889854601271556,1.045216815515761e-11,1.01223972377265e-06,0.9993100022896975,25,0,10
34,5294,0.0005257199932425708,1.2701946324021669e-11,1.39699953485862e-06,0.9994728829945215,25,0,10
34,5295,0.0005591209583181008,1.3805076074644728e-11,1.4799657580834085e-06,0.9994393990621198,25,0,10
34,5296,0.0011355884650363778,1.0320150820070339e-10,5.488459897573227e-06,0.9988589229718657,25,0,10
34,5297,0.0009624230915315923,1.0216442346086056e-10,3.0348598646689964e-06,0.9990345419464404,25,0,10
34,5298,0.0008802193159306938,9.881318863518915e-11,2.6109806360343245e-06,0.9991171696046212,25,0,10
34,5299,0.0008766607734017694,9.818098116407803e-11,2.518274575237333e-06,0.9991208208538428,25,0,10
34,5300,0.0010056850988066825,1.0198292623266611e-10,2.7795980645891222e-06,0.9989915352011469,25,0,10
34,5301,0.0004710959356515048,9.922361573185172e-12,7.792150242103199e-07,0.9995281248394027,25,0,10
34,5302,0.0003653039891869784,6.285946586097047e-12,5.016653177459615e-07,0.9996341943392104,25,0,10
34,5303,0.00043810656405257717,1.050271982625563e-11,7.76623682308278e-07,0.9995611168017641,25,0,10
34,5304,0.00043879324004987027,1.0409067967219239e-11,8.254822979380384e-07,0.9995603812672449,25,0,10
34,5305,0.0003568587754361085,6.6985295358084575e-12,5.788954101122341e-07,0.9996425623224571,25,0,10
34,5306,0.00037239321717425714,7.98726479107414e-12,6.577721721031243e-07,0.9996269490026681,25,0,10
34,5307,0.000550245603115163,9.59340613083863e-12,1.0354326505858473e-06,0.9994487189546422,25,0,10
34,5308,0.0011665469592553746,8.631528060420427e-12,1.0231723800235748e-06,0.9988324298597339,25,0,10
34,5309,0.0011644077845473074,8.585212060367906e-12,1.0198802846766838e-06,0.9988345723265833,25,0,10
34,5310,0.001223275106330452,1.1149479090332113e-11,1.1931682828458266e-06,0.9987755317142386,25,0,10
34,5311,0.0007324029950878963,1.652630371074417e-11,1.4938320099015907e-06,0.9992661031563772,25,0,10
34,5312,0.0007339619908499049,1.6600654362817404e-11,1.6507727449528366e-06,0.9992643872198056,25,0,10
34,5313,0.0011930335431458586,5.0378468895998394e-11,4.929747193960283e-06,0.9988020366592834,25,0,10
34,5314,0.0007932892595932612,1.7521540472534042e-11,1.481321856471891e-06,0.9992052294010301,25,0,10
34,5315,0.011191365343480279,2.0023394361487838e-11,6.247802199154742e-06,0.9888023868342986,25,0,10
34,5316,0.0014518263347397004,1.3679682876991445e-10,5.0532936605614895e-06,0.9985431202348033,25,0,10
34,5317,0.0008277831089546005,1.485703449090645e-11,1.3061917168954414e-06,0.9991709106844722,25,0,10
34,5318,0.0008335536956925577,1.8576337588882933e-11,1.3181004478859899e-06,0.9991651281852831,25,0,10
34,5319,0.0009045558916123581,2.0665189944140245e-11,1.4744865321290348e-06,0.9990939696011903,25,0,10
34,5320,0.0006616711979356499,1.5910587255485853e-11,1.1635791674215053e-06,0.9993371652069871,25,0,10
34,5321,0.0011738375311030355,1.958957091197214e-11,1.469836217531382e-06,0.9988246926130908,25,0,10
34,5322,0.000880620381841317,1.5006385184809754e-11,1.0943675957895886e-06,0.9991182852355571,25,0,10
34,5323,0.0006481069861769456,1.2910485232444839e-11,9.475334742962343e-07,0.9993509454674393,25,0,10
34,5324,0.0006408029948286361,1.0215398066582279e-11,8.795988973401415e-07,0.9993583173960593,25,0,10
34,5325,0.0009356849949487663,1.3453788031814181e-11,1.2384678782401576e-06,0.9990630765237196,25,0,10
34,5326,0.0012439302943930072,2.101551969667681e-11,3.177458134732271e-06,0.998752892226457,25,0,10
34,5327,0.0019166559957705955,1.8300344535491657e-11,2.960553890246208e-06,0.9980803834320396,25,0,10
34,5328,0.0013932792065380164,1.3838349149893682e-11,1.4538489573091378e-06,0.9986052669306678,25,0,10
34,5329,0.0013548836496244622,2.1788582499277954e-11,2.0266756719417875e-06,0.9986430896529166,25,0,10
34,5330,0.0008422572532564729,1.618192463314656e-11,1.5316845087670565e-06,0.9991562110460538,25,0,10
34,5331,0.0007755796393123849,1.2403853227333846e-11,2.025639658580004e-06,0.9992223947086261,25,0,10
34,5332,0.0007915730693245068,1.2517039598055501e-11,1.212282909627024e-06,0.9992072146352503,25,0,10
34,5333,0.016686748915715623,1.7140862444849105e-11,5.22145732002889e-06,0.9833080296098244,25,0,10
34,5334,0.016755289866188808,2.1194195587532645e-11,5.879910949877058e-06,0.9832388302016676,25,0,10
34,5335,0.001028953082719514,2.1086294681338e-11,2.4231075698885396e-06,0.9989686237886246,25,0,10
34,5336,0.0008046713775764594,1.843029634914126e-11,2.172935890374126e-06,0.9991931556681037,25,0,10
34,5337,0.0013433967681638825,2.2373901132821098e-11,2.6558676234150947e-06,0.9986539473418391,25,0,10
34,5338,0.0010390151150106901,1.554281438810059e-11,1.336632795004944e-06,0.9989596482366526,25,0,10
34,5339,0.02087354771705654,7.954865827337257e-11,1.25264882029807e-05,0.979113925715193,25,0,10
34,5340,0.001037367040743777,1.9163117613541187e-11,2.1600860791296946e-06,0.9989604728540149,25,0,10
34,5341,0.0010101623475180697,1.6884516119063272e-11,2.060725299356092e-06,0.9989877769102995,25,0,10
34,5342,0.0018030203724566539,1.6002847142812308e-11,2.151510839237612e-06,0.9981948281007024,25,0,10
34,5343,0.0019838012261793685,1.5195540773082074e-11,2.2138067978660894e-06,0.9980139849518285,25,0,10
34,5344,0.0015370033122949704,1.400482160413864e-11,1.9560185224553506e-06,0.9984610406551794,25,0,10
34,5345,0.0012914944695104108,1.1592132019980134e-11,1.3695383427730592e-06,0.998707135980556,25,0,10
34,5346,0.0026341430097566467,1.7888793537311782e-09,1.1674966138200113e-05,0.9973541802352272,25,0,10
34,5347,0.002495869641370463,1.7876709438321464e-09,1.1331780932724873e-05,0.997492796790027,25,0,10
34,5348,0.0011565401705657772,1.669624014928919e-11,1.2161899021586638e-06,0.9988422436228374,25,0,10
34,5349,0.0012310147521627731,2.2260196843632762e-11,1.4269037049112973e-06,0.9987675583218737,25,0,10
34,5350,0.0007893445847393114,2.0013190948377795e-11,1.2303514261320021e-06,0.9992094250438224,25,0,10
34,5351,0.0005378178748927157,1.4752615209907942e-11,1.1673839569165236e-06,0.9994610147263984,25,0,10
34,5352,0.0005114565913058216,1.415073944728593e-11,1.0169916308766665e-06,0.999487526402914,25,0,10
34,5353,0.0005104400978656096,1.4005808442006691e-11,1.0455150671727383e-06,0.9994885143730627,25,0,10
34,5354,0.0005014326452321073,1.1550676900914207e-11,9.801260923009037e-07,0.9994975872171259,25,0,10
34,5355,0.0005847546375334141,1.5894805434979304e-11,5.427133491831763e-06,0.9994098182130806,25,0,10
34,5356,0.0006840493886667467,7.868063276525597e-11,7.172445512364789e-06,0.9993087780871409,25,0,10
34,5357,0.0005244792140205386,1.0548876385483531e-10,6.8656499378998244e-06,0.9994686550305545,25,0,10
34,5358,0.0005153710558132032,1.0234766394195787e-10,6.759061579570092e-06,0.9994778697802604,25,0,10
34,5359,0.00048238737857654417,7.056952110841572e-11,6.572001654373084e-06,0.9995110405492008,25,0,10
34,5360,0.0007146095201432003,7.359957317126457e-11,6.709264279216024e-06,0.9992786811419795,25,0,10
34,5361,0.0007864184769824125,7.280860029279808e-11,6.857834053766206e-06,0.9992067236161565,25,0,10
34,5362,0.0006200633845473127,7.329728221899697e-11,6.9967404021018355e-06,0.9993729398017546,25,0,10
34,5363,0.00047234638035116973,1.1162107350148159e-11,1.1839641089239567e-06,0.9995264696443792,25,0,10
34,5364,0.0013514518318947636,1.1259610134846027e-11,1.452912361153833e-06,0.9986470952444865,25,0,10
34,5365,0.00129820890225934,9.494009458103761e-12,1.0733123048184646e-06,0.9987007177759442,25,0,10
34,5366,0.0013093768411519637,1.3525669061144157e-11,1.1453400558648304e-06,0.9986894778052683,25,0,10
34,5367,0.0013925127795704434,1.6712829858395405e-11,1.4852201346825927e-06,0.9986060019835838,25,0,10
34,5368,0.0005304951637335365,2.0581667916061015e-11,1.2704205966029927e-06,0.9994682343950891,25,0,10
34,5369,0.0005673457251121104,2.007558053222201e-10,3.1258528851880486e-06,0.9994295282212484,25,0,10
34,5370,0.0010697387791544796,1.973145727453925e-10,3.4431687185564974e-06,0.9989268178548126,25,0,10
34,5371,0.0008327179944248171,1.9714508173862272e-10,3.90234817935824e-06,0.9991633794602509,25,0,10
34,5372,0.0006944464667619726,1.9063689239734672e-10,2.905450019294492e-06,0.9993026478925827,25,0,10
34,5373,0.0038204407596553543,1.95600140560775e-10,1.088091279567306e-05,0.9961686781319501,25,0,10
34,5374,0.004062905868440132,2.0249442588668877e-10,8.538687652446148e-06,0.9959285552414141,25,0,10
34,5375,0.004132783652666189,2.031447126940091e-10,8.860858711430142e-06,0.9958583552854791,25,0,10
34,5376,0.003912082183935051,2.010176894670618e-10,1.1200911817086299e-05,0.996076716703232,25,0,10
34,5377,0.003909844567460667,1.9993317882251261e-10,1.1028298579533722e-05,0.9960791269340293,25,0,10
34,5378,0.0007698970236188374,1.949619264629149e-10,3.082548414670675e-06,0.9992270202330069,25,0,10
34,5379,0.0007040518788214776,1.14971183412038e-11,1.6943689567062987e-06,0.9992942537407268,25,0,10
34,5380,0.0012468979729800395,4.85610531111581e-11,4.4669283271685675e-06,0.9987486350501342,25,0,10
34,5381,0.00145875112850229,5.06906112364196e-11,4.837518396893184e-06,0.9985364113024126,25,0,10
34,5382,0.0009981585457265881,4.81461177428867e-11,4.693364532797276e-06,0.998997148041596,25,0,10
34,5383,0.00047939169859646303,7.734733538903244e-12,1.8620377844471171e-06,0.999518746255886,25,0,10
34,5384,0.0006327924067672649,1.0613438282419658e-11,1.9239472459315047e-06,0.9993652836353749,25,0,10
34,5385,0.001528320714246915,7.597077299226768e-12,1.3481554135754551e-06,0.9984703311227441,25,0,10
34,5386,0.0006340517196350748,1.3746243404395365e-11,1.2274898368087103e-06,0.9993647207767833,25,0,10
34,5387,0.0003857808897092613,9.014571282048713e-12,8.174281424279151e-07,0.9996134016731341,25,0,10
34,5388,0.0011345616143482488,1.4412200879107554e-11,1.3606998444085481e-06,0.9988640776713958,25,0,10
34,5389,0.001097828396254094,1.4773861570058777e-11,1.2692680158736302e-06,0.9989009023209576,25,0,10
34,5390,0.001699708547089925,1.455994787670531e-11,1.8320486766029733e-06,0.9982984593896752,25,0,10
34,5391,0.0006811347075481379,1.539018530934276e-11,1.48404031893867e-06,0.999317381236745,25,0,10
34,5392,0.0005192590752007421,1.2858660787958527e-11,1.0169720030820611e-06,0.9994797239399389,25,0,10
34,5393,0.0012354808923383009,1.0497467607487331e-10,3.3491386066160097e-06,0.9987611698640823,25,0,10
34,5394,0.000960796367392874,1.7964994662702788e-11,1.4545656450695806e-06,0.9990377490489983,25,0,10
34,5395,0.0008839341940338976,1.528479525397608e-11,1.168431009749964e-06,0.9991148973596734,25,0,10
34,5396,0.0006361300147236152,1.0555405230202808e-11,8.487321656844968e-07,0.999363021242557,25,0,10
34,5397,0.0013999114114951678,1.802559578206264e-11,1.6867079186732428e-06,0.9985984018625615,25,0,10
34,5398,0.0008610618915088716,1.4210933436622781e-11,1.1698965628775632e-06,0.9991377681977188,25,0,10
34,5399,0.0008983819125275974,5.354145279296562e-11,1.4476655557255077e-06,0.9991001703683764,25,0,10
34,5400,0.002268827630805682,6.242777579774164e-11,2.317982400667892e-06,0.9977288543243668,25,0,10
34,5401,0.00227720489084636,6.087661795316162e-11,2.942416017168822e-06,0.9977198526322604,25,0,10
34,5402,0.0011522390691304277,5.190641759222671e-11,2.1588383798452397e-06,0.9988456020405835,25,0,10
34,5403,0.0013246058651201725,1.68817898684017e-11,2.04851609986671e-06,0.9986733456018988,25,0,10
34,5404,0.0010781562490333985,1.2621990807947273e-11,1.7652483864683563e-06,0.998920078489959,25,0,10
34,5405,0.0008465364570629575,1.2744145287945495e-11,1.0083653738274413e-06,0.9991524551648199,25,0,10
34,5406,0.0037594575263216606,1.0781759436776662e-11,2.8343480744010263e-06,0.9962377081148233,25,0,10
34,5407,0.0008484386347215907,1.4049231061379926e-11,1.0886743803827963e-06,0.9991504726768495,25,0,10
34,5408,0.001211378301247626,1.94669185029639e-11,1.547340149079998e-06,0.9987870743391366,25,0,10
34,5409,0.00042457843478094746,1.3108304677858877e-11,9.270067437772622e-07,0.9995744945453686,25,0,10
34,5410,0.0004099728880876349,1.2579745847443754e-11,1.046644387690615e-06,0.9995889804549465,25,0,10
34,5411,0.0005047608408847611,1.8917080007702895e-11,1.5547095379833547e-06,0.9994936844306614,25,0,10
34,5412,0.0008529999804327044,2.1314548358103374e-11,2.0002053701439403e-06,0.9991449997928838,25,0,10
34,5413,0.0009026800312190071,2.0270509394092436e-11,1.6469513282110803e-06,0.9990956729971836,25,0,10
34,5414,0.0005238575544598823,8.64850090541826e-12,8.089379789262893e-07,0.9994753334989142,25,0,10
34,5415,0.0011529223900463125,1.6175554910129397e-11,7.160463122706691e-06,0.9988399171306567,25,0,10
34,5416,0.0012925365174652178,1.5442700401795045e-11,7.297961365339742e-06,0.9987001655057283,25,0,10
34,5417,0.0014626614905583427,1.6609357687509917e-11,6.065060617036498e-06,0.9985312734322168,25,0,10
34,5418,0.001973009723179577,2.3390953821753226e-11,6.877391158234651e-06,0.9980201128622735,25,0,10
34,5419,0.002268817351209994,2.8336411168596294e-11,7.205082342550528e-06,0.9977239775381136,25,0,10
34,5420,0.0015688023163702835,2.5959440510960344e-11,5.330303557747072e-06,0.9984258673541152,25,0,10
34,5421,0.0013093887741747524,2.37667155136132e-11,5.1266165878366385e-06,0.9986854845854731,25,0,10
34,5422,0.0012209166116995474,1.9605405781014e-11,4.845829388826728e-06,0.9987742375393084,25,0,10
34,5423,0.0007229394188281844,1.1982543681303831e-11,4.144054542065889e-06,0.9992729165146492,25,0,10
34,5424,0.0007918520359719209,1.527549354076233e-11,4.316820966652358e-06,0.9992038311277878,25,0,10
34,5425,0.0006747957650935007,1.3413820509688599e-11,1.1473675054122598e-06,0.9993240568539892,25,0,10
34,5426,0.0006633148063548756,1.3115034985979772e-11,1.0762075679075937e-06,0.9993356089729635,25,0,10
34,5427,0.00034820905808054703,7.307257497266181e-12,6.303915448849069e-07,0.9996511605430685,25,0,10
34,5428,0.00042936343325995915,1.2162915607900096e-11,8.838841587007563e-07,0.9995697526704196,25,0,10
34,5429,0.001089743736995865,2.071968981893626e-11,1.6754777149447282e-06,0.9989085807645699,25,0,10
34,5430,0.0010972233197639417,5.1653555871967507e-11,1.8628814516135773e-06,0.9989009137471312,25,0,10
34,5431,0.0005504128238658763,1.4254540313583687e-11,1.0992804830288457e-06,0.9994484878813968,25,0,10
34,5432,0.0005554223706088526,1.4262542696984363e-11,1.1154099545200423e-06,0.9994434622051749,25,0,10
34,5433,0.00044361384423277243,1.2063545351240016e-11,8.467488549695233e-07,0.99955553939485,25,0,10
34,5434,0.000377264672110419,9.408029242034552e-12,6.348002234451472e-07,0.9996221005182592,25,0,10
34,5435,0.0003784118223574451,1.0101948594929205e-11,6.951344857943731e-07,0.9996208930330555,25,0,10
34,5436,0.0004240973305719719,1.326435510110825e-11,8.771560973415221e-07,0.9995750255000673,25,0,10
34,5437,0.0008619189193439301,1.6401891873875826e-11,1.1013589669367523e-06,0.9991369797052886,25,0,10
34,5438,0.0009134383298736172,1.4897738834645693e-11,2.7721815777091147e-06,0.9990837894736524,25,0,10
34,5439,0.0008875364897524367,1.5671217248277153e-11,2.6716380601543632e-06,0.9991097918565174,25,0,10
34,5440,0.011171953707025551,2.603941047800554e-09,0.00010377321493365851,0.9887242704741009,25,0,10
34,5441,0.011176375373870411,2.6009237202126613e-09,0.00010388533199174193,0.9887197366932153,25,0,10
34,5442,0.011189191519605866,2.600344510824484e-09,0.00010382406767854234,0.9887069818123723,25,0,10
34,5443,0.0009093618485104517,9.375380745178206e-12,9.955322067810126e-07,0.9990896426099088,25,0,10
34,5444,0.001368389170097889,1.2617071615638287e-11,1.3649301744486492e-06,0.9986302458871118,25,0,10
34,5445,0.0009833538114042604,1.7333108622929855e-11,1.4211673909811158e-06,0.9990152250038729,25,0,10
34,5446,0.0009234926169833761,1.4683869191949163e-11,2.1450726669273e-06,0.999074362295667,25,0,10
34,5447,0.0010636040178462276,2.021800034655069e-11,1.5433786855344015e-06,0.9989348525832515,25,0,10
34,5448,0.0008176058211146152,1.4997176240892202e-11,1.4386665768661231e-06,0.9991809554973133,25,0,10
34,5449,0.0008646813627812963,1.4876181581936964e-11,1.5398846005505533e-06,0.9991337787377437,25,0,10
34,5450,0.0039882702171246155,1.2385637565064037e-10,1.0812426612437887e-05,0.9960009172324082,25,0,10
34,5451,0.004057842689249917,1.259973402070429e-10,1.0996348296933506e-05,0.9959311608364578,25,0,10
34,5452,0.004335682673994395,1.8602670642927678e-10,1.2755234081823922e-05,0.9956515619058994,25,0,10
34,5453,0.0008694382530834338,1.0458312992641214e-11,1.183080049597773e-06,0.9991293786564104,25,0,10
34,5454,0.0011112442719819877,1.2371971185018747e-11,1.348516258376638e-06,0.9988874071993898,25,0,10
34,5455,0.0011105232811884167,1.4376019273220791e-11,1.448195513667557e-06,0.9988880285089242,25,0,10
34,5456,0.0018654028950183604,2.0800784849944512e-11,2.0394238119251624e-06,0.9981325576603711,25,0,10
34,5457,0.0018810463712638859,2.2571240641105944e-11,1.8696601343689907e-06,0.9981170839460327,25,0,10
34,5458,0.0020069826449227402,2.1542782528515592e-11,2.1054536226819684e-06,0.997990911879914,25,0,10
34,5459,0.0020148097039778385,2.42869893069595e-11,2.1568314643078406e-06,0.9979830334402732,25,0,10
34,5460,0.0018470723474791522,2.990272073497027e-11,2.639531890708315e-06,0.9981502880907294,25,0,10
34,5461,0.0012875367921227488,1.3246243563680537e-11,1.698599271270132e-06,0.9987107645953612,25,0,10
34,5462,0.000944146911525202,1.9951371188380028e-11,1.373549206774178e-06,0.9990544795193184,25,0,10
34,5463,0.0008979913829431272,2.5737975446035245e-11,1.6459444060235447e-06,0.9991003626469144,25,0,10
34,5464,0.003963734003337067,5.283917193336372e-11,5.7511213727224555e-06,0.9960305148224526,25,0,10
34,5465,0.00443335389440411,5.4716811895964526e-11,6.023283393384301e-06,0.9955606227674876,25,0,10
34,5466,0.0009682083918238515,4.569688522517019e-11,1.512906187907652e-06,0.9990302786562938,25,0,10
34,5467,0.0007413553986096544,4.756480515511441e-11,2.31894494950087e-06,0.999256325608878,25,0,10
34,5468,0.0007390761376380412,1.6103773555312726e-11,2.093046653138523e-06,0.999258830799607,25,0,10
34,5469,0.0003627780291941904,7.786071476462472e-12,1.4449677237243047e-06,0.9996357769952983,25,0,10
34,5470,0.0003375374262885543,5.054223068753979e-12,1.2997480123646952e-06,0.9996611628206468,25,0,10
34,5471,0.0008142648501018309,3.985876055590717e-11,4.093297822274325e-06,0.9991816418122187,25,0,10
34,5472,0.0007642137980178296,3.990113775784732e-11,3.1310976822336962e-06,0.9992326550643997,25,0,10
34,5473,0.0007413247383378171,3.9640553859869505e-11,3.1126036790474436e-06,0.9992555626183435,25,0,10
34,5474,0.0006408977358958081,1.1503017290856243e-11,2.945553675974283e-06,0.9993561566989254,25,0,10
34,5475,0.0008088657082217888,1.3047440865643448e-11,1.008930641681127e-06,0.9991901253480898,25,0,10
34,5476,0.000798942681581115,1.0394491908962737e-11,9.708565720472546e-07,0.9992000864514533,25,0,10
34,5477,0.001048933800569388,1.6187087847284895e-11,1.2142996707100462e-06,0.9989498518835737,25,0,10
34,5478,0.0008181424242796886,1.0679462296168723e-11,1.7688456071366225e-06,0.9991800887194349,25,0,10
34,5479,0.0006603889889212606,9.74354315512175e-12,1.6852371910886017e-06,0.9993379257641454,25,0,10
34,5480,0.0009069240753537104,1.2022726557150459e-11,1.8789152397479962e-06,0.9990911969973851,25,0,10
34,5481,0.0005957246986595863,7.597612988821688e-12,1.4387499044145668e-06,0.99940283654384,25,0,10
34,5482,0.000721442289275874,1.4487705450464485e-11,1.9055628662638086e-06,0.9992766521333714,25,0,10
34,5483,0.001141581901275298,1.5620995476382552e-11,1.5040640262335857e-06,0.9988569140190782,25,0,10
34,5484,0.0009303038643165373,1.4503871533849957e-11,1.320467084612804e-06,0.9990683756540956,25,0,10
34,5485,0.0009216687297742629,1.054423672278136e-11,1.365146134514893e-06,0.9990769661135481,25,0,10
34,5486,0.001191816216244103,1.6135994950200396e-11,1.5952397991185578e-06,0.9988065885278218,25,0,10
34,5487,0.0013118193714076413,2.1574920776360183e-11,2.0947110059097714e-06,0.9986860858960124,25,0,10
34,5488,0.0013234218675413256,2.5673844718867864e-11,2.2029715541662767e-06,0.9986743751352316,25,0,10
34,5489,0.0013314721542991197,2.9160174398132384e-11,2.7869662583299184e-06,0.9986657408502837,25,0,10
34,5490,0.0012454831444480823,2.4231311035729482e-11,2.3055437486543953e-06,0.9987522112875734,25,0,10
34,5491,0.0014637765202186559,2.048602658099957e-11,2.3086772292167234e-06,0.9985339147820667,25,0,10
34,5492,0.0009146513286126602,1.1458410650202945e-11,1.0749155054401555e-06,0.999084273744424,25,0,10
34,5493,0.0008935169285265462,1.41251193615519e-11,1.088559883753944e-06,0.9991053944974644,25,0,10
34,5494,0.0005834363043626212,5.335712781535549e-12,7.294858026121665e-07,0.9994158342045002,25,0,10
34,5495,0.0007517320807596906,1.2617373305890852e-11,1.9275667861663733e-06,0.9992463403398384,25,0,10
34,5496,0.0011192446697981656,2.2446381785554673e-11,2.821152172287238e-06,0.9988779341555849,25,0,10
34,5497,0.0004750447401585502,1.3263476765375464e-11,9.320600738542054e-07,0.9995240231865065,25,0,10
34,5498,0.0007321807668846985,1.639892979087276e-11,1.202436031238201e-06,0.9992666167806868,25,0,10
34,5499,0.0018494827959171917,2.007383231398395e-11,1.8453750545566394e-06,0.9981486718089562,25,0,10
34,5500,0.0015252796463829591,1.576316084040707e-11,1.4243743685313288e-06,0.9984732959634874,25,0,10
34,5501,0.0006180085323024232,1.2881844370119052e-10,2.4375686823561772e-06,0.999379553770198,25,0,10
34,5502,0.0003936084173700517,9.440000271697067e-12,7.298830981982468e-07,0.9996056616900936,25,0,10
34,5503,0.0004248385385756845,9.726551192529912e-12,7.527889745314257e-07,0.9995744086627245,25,0,10
34,5504,0.0003491023250935234,5.526733685401047e-12,5.321785303670953e-07,0.9996503654908504,25,0,10
34,5505,0.0003300661021889293,5.251359101465865e-12,6.070871713762938e-07,0.9996693268053896,25,0,10
34,5506,0.00034367769823505893,5.743870933355248e-12,5.527477068634154e-07,0.9996557695483156,25,0,10
34,5507,0.0006547337603578458,1.369209155791462e-11,1.5845132483371215e-06,0.9993436817127029,25,0,10
34,5508,0.0011140463772415351,4.1155424229474234e-11,2.8264441222457708e-06,0.998883127137482,25,0,10
34,5509,0.001166106203110098,4.5749591774563654e-11,2.9338914980930735e-06,0.9988309598596434,25,0,10
34,5510,0.00041039479609465376,9.039436785315749e-12,6.797766277515102e-07,0.9995889254182397,25,0,10
34,5511,0.00043297279549818143,1.0090247300220849e-11,7.929908645836133e-07,0.9995662342035484,25,0,10
34,5512,0.0003507875795051714,5.94671806830733e-12,5.391785359687524e-07,0.9996486732360139,25,0,10
34,5513,0.00034115851696844856,5.228663926784034e-12,5.176756138524444e-07,0.9996583238021911,25,0,10
34,5514,0.000465281720576976,7.465304153045768e-12,9.475715700852081e-07,0.9995337707003894,25,0,10
34,5515,0.00039313066140011144,8.540845698244037e-12,7.353423237134505e-07,0.9996061339877369,25,0,10
34,5516,0.00047401094705332397,4.428701512570459e-11,1.0849948508298654e-06,0.9995249040138104,25,0,10
34,5517,0.0009660607537501394,1.1048507528398427e-10,3.39560841085422e-06,0.9990305435273552,25,0,10
34,5518,0.0008243262828956031,7.150713118469008e-11,2.815592516104262e-06,0.9991728580530825,25,0,10
34,5519,0.0010359202815921403,1.4922784787183444e-11,1.3671363367055625e-06,0.9989627125671499,25,0,10
34,5520,0.001029390908863573,1.5654023094443147e-11,1.3834601439916023e-06,0.9989692256153399,25,0,10
34,5521,0.0005982597050699822,1.127478147516e-11,1.0307934157089974e-06,0.9994007094902408,25,0,10
34,5522,0.0005714476778805035,9.167548241671361e-12,9.475680304357961e-07,0.999427604744923,25,0,10
34,5523,0.0006338317028062898,1.504897920371565e-11,2.8462339161024166e-06,0.9993633220482302,25,0,10
34,5524,0.000665882785011518,1.619166426112978e-11,2.8446521237425808e-06,0.9993312725466745,25,0,10
34,5525,0.0009075311550781457,2.04301018946416e-11,3.065133287236806e-06,0.999089403691206,25,0,10
34,5526,0.0018724573078452917,2.887075072946351e-11,3.7884268352294816e-06,0.9981237542364493,25,0,10
34,5527,0.0006726178767517388,1.6349990616474593e-11,1.2351959675101444e-06,0.9993261469109317,25,0,10
34,5528,0.0006901355193739064,7.840681053678734e-11,1.7520718648698587e-06,0.9993081123303557,25,0,10
34,5529,0.0005566291314225654,7.401441684569703e-11,1.3863347159067503e-06,0.9994419844598483,25,0,10
34,5530,0.0005544580790898636,7.66625592228227e-11,1.3779637268833955e-06,0.9994441638805222,25,0,10
34,5531,0.001059173075045712,1.2838295807015525e-11,2.9979894830876815e-06,0.9989378289226343,25,0,10
34,5532,0.0012086299975536613,1.2704706577438266e-11,2.7203487684867254e-06,0.9987886496409746,25,0,10
34,5533,0.0006914091952634204,1.298331345795795e-11,2.3867118280343053e-06,0.9993062040799268,25,0,10
34,5534,0.0012909705182762893,4.7808307226156336e-11,9.732588056542266e-06,0.9986992968458611,25,0,10
34,5535,0.0015387440250720754,4.761514236329079e-11,9.925570901343453e-06,0.9984513303564135,25,0,10
34,5536,0.0016116801119931985,4.9951878898455365e-11,1.0202996365925876e-05,0.9983781168416911,25,0,10
34,5537,0.0013414707867329993,1.730632207588604e-11,2.690603708168019e-06,0.9986558385922544,25,0,10
34,5538,0.0007063686800579904,1.0797153947734203e-11,1.0815871990830215e-06,0.999292549721947,25,0,10
34,5539,0.0013321050050559737,1.5088612737417644e-11,2.4054523473918494e-06,0.9986654895275087,25,0,10
34,5540,0.0012095141372217607,1.4162477546776366e-11,2.138735437739597e-06,0.9987883471131787,25,0,10
34,5541,0.0005307481552202244,1.331700081419043e-11,1.7586620321638445e-06,0.9994674931694317,25,0,10
34,5542,0.000348011781289111,6.901526514546549e-12,5.292543088969939e-07,0.9996514589575018,25,0,10
34,5543,0.00035614407568032217,6.896147863044158e-12,5.288085021054755e-07,0.9996433271089229,25,0,10
34,5544,0.00036222564076283893,6.886683738129934e-12,5.284529443739855e-07,0.999637245899408,25,0,10
34,5545,0.0008778955685570017,1.6412321635588425e-11,4.74733443169879e-06,0.9991173570806008,25,0,10
34,5546,0.0005951013976450036,1.2519995587344616e-11,8.167215855793981e-07,0.9994040818682504,25,0,10
34,5547,0.0006996503797272903,1.4480225374672817e-11,1.1964194855091252e-06,0.9992991531863076,25,0,10
34,5548,0.0004670535850939187,1.060539003395507e-11,8.923613945857763e-07,0.9995320540429061,25,0,10
34,5549,0.0004629914741112694,8.977928016447707e-12,8.015077369597645e-07,0.9995362070091748,25,0,10
34,5550,0.0007240292931089028,1.4486866404935966e-11,1.1223169951622138e-06,0.99927484837541,25,0,10
34,5551,0.0007104641133459485,4.332182640536058e-11,1.179140308213641e-06,0.9992883567030252,25,0,10
34,5552,0.0012908707123893384,8.122974184298679e-11,4.63332663456308e-06,0.9987044958797477,25,0,10
34,5553,0.0007655997326907807,1.607919698926132e-11,1.3452725279156676e-06,0.9992330549787034,25,0,10
34,5554,0.0010700526451318077,2.5244051398020092e-11,1.3430289796364454e-06,0.9989286043006459,25,0,10
34,5555,0.0011765942771693838,2.164653078053229e-11,2.208574948712088e-06,0.9988211971262357,25,0,10
34,5556,0.0011885181577534951,1.9591927682280494e-11,2.0947604415086075e-06,0.9988093870622134,25,0,10
34,5557,0.0009600221044874389,1.49098633913422e-11,1.8993295047742026e-06,0.9990380785510982,25,0,10
34,5558,0.001260167204452287,2.186033191047877e-11,2.4135487343323412e-06,0.9987374192249538,25,0,10
34,5559,0.000853376940586276,1.3712661872852159e-11,9.702071348863932e-07,0.9991456528385675,25,0,10
34,5560,0.0006045786734962987,1.1837756802293037e-11,8.727090233983946e-07,0.9993945486056437,25,0,10
34,5561,0.0005934866614204245,1.0436906317221393e-10,1.1529916004752137e-06,0.9994053602426114,25,0,10
34,5562,0.0008236897749337624,1.0990837722140019e-10,1.3892086218502021e-06,0.9991749209065373,25,0,10
34,5563,0.0008345005421162953,1.94643693231389e-11,1.271255509492561e-06,0.9991642281829105,25,0,10
34,5564,0.0008145644875123294,1.6920375383729433e-11,1.1104296250405009e-06,0.9991843250659437,25,0,10
34,5565,0.0008850202089131973,2.2539836975788168e-11,1.3388145763366583e-06,0.9991136409539715,25,0,10
34,5566,0.0008951522815723256,1.8563842381847392e-11,1.358067168360274e-06,0.9991034896326972,25,0,10
34,5567,0.0008977636791335175,2.1558616320334575e-11,1.3670900301639702e-06,0.9991008692092794,25,0,10
34,5568,0.0005983303619774185,1.3053143840255585e-11,8.39773666382584e-07,0.9994008298513047,25,0,10
34,5569,0.0005951920937827575,1.0516076381939002e-11,7.743423564947396e-07,0.9994040335533458,25,0,10
34,5570,0.0008049721689153401,1.7663167480157055e-11,1.4670074889228877e-06,0.9991935608059336,25,0,10
34,5571,0.0008080965721168351,1.776452334823439e-11,1.4959669183234368e-06,0.9991904074432013,25,0,10
34,5572,0.0006967409530782953,1.518720862438882e-11,1.1834392447227637e-06,0.9993020755924904,25,0,10
34,5573,0.0007999780082940906,1.5151840610990536e-11,1.3862066616327595e-06,0.999198635769894,25,0,10
34,5574,0.000792826997930678,1.4170233678860492e-11,1.3135710076618815e-06,0.9992058594168931,25,0,10
34,5575,0.0009302955931168599,1.0798492634172304e-11,1.1467811586613678e-06,0.9990685576149272,25,0,10
34,5576,0.0015325405118324336,2.0441705100812105e-11,1.9850886083754457e-06,0.9984654743791179,25,0,10
34,5577,0.001573175106966513,1.7742088689254386e-11,1.9168559829937217e-06,0.998424908019308,25,0,10
34,5578,0.0011221699727067707,1.225033257288123e-11,1.221339384042486e-06,0.998876608675659,25,0,10
34,5579,0.0013310585860117341,1.3314929492357416e-11,1.461966671229781e-06,0.9986674794340027,25,0,10
34,5580,0.001416896770717898,1.459210813096239e-11,1.6501064614159806e-06,0.9985814531082291,25,0,10
34,5581,0.0008912804179035244,1.2410981432867233e-11,1.3037041625670972e-06,0.9991074158655234,25,0,10
34,5582,0.0006477932460879199,1.021561956796061e-11,1.1162480037246015e-06,0.9993510904956941,25,0,10
34,5583,0.0006433664339043477,1.0873574959187176e-11,1.0393883564051662e-06,0.9993555941668668,25,0,10
34,5584,0.0004147300880649088,1.0755852142602715e-11,9.024681677460025e-07,0.9995843674330128,25,0,10
34,5585,0.0003487669584148127,6.384167996869277e-12,5.710573923916178e-07,0.9996506619778099,25,0,10
34,5586,0.0007941013543652914,7.38385799119038e-12,7.602444115614934e-07,0.9992051383938406,25,0,10
34,5587,0.0008137679571111497,7.893335250600093e-12,7.463894935266643e-07,0.9991854856455024,25,0,10
34,5588,0.0007980482276042089,7.865535644124147e-12,7.447318896355134e-07,0.9992012070326409,25,0,10
34,5589,0.001062923072751548,5.073244849961096e-11,5.904643625224273e-06,0.998931172232892,25,0,10
34,5590,0.0012555050124757772,4.81903720715793e-11,5.899145792345348e-06,0.9987385957935423,25,0,10
34,5591,0.0020767227663493876,5.846954419064315e-11,8.682581084244769e-06,0.9979145945940969,25,0,10
34,5592,0.0021841908934084452,5.7833599788237756e-11,7.37136725301364e-06,0.9978084376815066,25,0,10
34,5593,0.0016907947279092756,4.910461861469048e-11,6.254872636777684e-06,0.9983029503503512,25,0,10
34,5594,0.001603054528622705,5.020012993528853e-11,6.191658180419348e-06,0.9983907537629985,25,0,10
34,5595,0.002296499396985908,5.3053733566577054e-11,6.479630949917902e-06,0.9976970209190111,25,0,10
34,5596,0.0017122421602469857,5.404217577372738e-11,6.635481938906549e-06,0.9982811223037734,25,0,10
34,5597,0.0014447627593914064,2.4518720674106902e-11,2.1543773131251413e-06,0.9985530828387774,25,0,10
34,5598,0.0011357027589963212,2.0149191000760985e-11,1.771312010364686e-06,0.998862525908845,25,0,10
34,5599,0.00101301355413458,1.9946547999401594e-11,1.5680900122494885e-06,0.9989854183359064,25,0,10
34,5600,0.0006539620353923667,1.6408324151598467e-11,1.043227293096093e-06,0.9993449947209072,25,0,10
34,5601,0.000649119610697572,1.583227290703772e-11,1.7937979491659252e-06,0.9993490865755219,25,0,10
34,5602,0.0013384305239964916,2.009785605272438e-11,1.4682578787982346e-06,0.998660101198028,25,0,10
34,5603,0.0011377534073138968,1.4130490913243173e-11,1.1866728192461581e-06,0.9988610599057373,25,0,10
34,5604,0.0011247499216047309,1.3921746129312842e-11,1.191302447955678e-06,0.9988740587620264,25,0,10
34,5605,0.00043664302954919617,9.60650297498686e-12,7.109674165432025e-07,0.9995626459934283,25,0,10
34,5606,0.0006604082132421095,1.2131379674486113e-11,8.923383671166054e-07,0.9993386994362603,25,0,10
34,5607,0.0006516128486045286,1.6626379966856265e-11,9.476099200768957e-07,0.9993474395248501,25,0,10
34,5608,0.0013978810015975787,2.6492773474438896e-11,1.6880321230774317e-06,0.9986004309397883,25,0,10
34,5609,0.0015704999350004676,2.7690990679845518e-11,2.1402696672251243e-06,0.9984273597676426,25,0,10
34,5610,0.0005377487631361008,1.0372458353933214e-11,1.0632228416537635e-06,0.9994611880036511,25,0,10
34,5611,0.0008975059520392296,1.516398503018102e-11,1.5581637925353125e-06,0.9991009358690061,25,0,10
34,5612,0.000763795101163594,1.2852603654540451e-11,1.2998351867528401e-06,0.9992349050507986,25,0,10
34,5613,0.0009696007057396417,1.606135341412272e-11,1.5167743400709379e-06,0.9990288825038605,25,0,10
34,5614,0.010653668310868019,1.60889027026361e-11,3.029972625558919e-06,0.9893433017004192,25,0,10
34,5615,0.010642924568707066,2.054991004376027e-11,3.086915615063782e-06,0.9893539884951293,25,0,10
34,5616,0.010549099432521938,2.465859090813665e-11,2.801679187887655e-06,0.9894480988636326,25,0,10
34,5617,0.010541135488895927,2.4057975000757914e-11,2.7527064871995693e-06,0.9894561117805598,25,0,10
34,5618,0.0013936405606949265,2.393314059054155e-11,1.796679211815284e-06,0.9986045627361615,25,0,10
34,5619,0.001165271239737932,1.7814025717820658e-11,1.5589455279810542e-06,0.9988331697969217,25,0,10
34,5620,0.0011614469257678847,2.1027515047096033e-11,1.7460314760398725e-06,0.9988368070217293,25,0,10
34,5621,0.0011611163784754025,1.6660457383839924e-11,1.467849782273373e-06,0.9988374157550823,25,0,10
34,5622,0.0022774494134730604,1.4996832656111225e-11,2.5271760764683658e-06,0.9977200233954545,25,0,10
34,5623,0.003260985058157283,2.2571908714969875e-11,3.3084750123593166e-06,0.9967357064442599,25,0,10
34,5624,0.002956633215578738,1.9079852671857757e-11,2.9993475185333195e-06,0.9970403674178242,25,0,10
34,5625,0.001989626038937683,1.8065595401853436e-11,1.6996776339584392e-06,0.9980086742653639,25,0,10
34,5626,0.0009059814508882311,4.626310712207052e-11,1.3739469614921821e-06,0.9990926445558884,25,0,10
34,5627,0.001146168458526233,4.905671331347433e-11,1.9051442065922603e-06,0.998851926348212,25,0,10
34,5628,0.0010405022803941892,4.742349216906612e-11,1.6045874210137555e-06,0.9989578930847629,25,0,10
34,5629,0.0009793627303227059,1.3141842318046442e-10,1.2871965828598105e-06,0.9990193499416775,25,0,10
34,5630,0.0005926563785869877,1.3043554194193266e-10,1.2045357718339674e-06,0.9994061389552067,25,0,10
34,5631,0.00048480929194284533,1.3038137739661584e-10,1.0269660150463085e-06,0.9995141636116618,25,0,10
34,5632,0.0004769087238194014,1.303508106372831e-10,1.081596531752063e-06,0.9995220095492994,25,0,10
34,5633,0.00040276949032760163,9.692127150783752e-11,8.21450672806558e-07,0.9995964089620801,25,0,10
34,5634,0.000641570059183774,1.0264818418814851e-10,1.0086376856221757e-06,0.999357421200484,25,0,10
34,5635,0.003857570165966077,1.0600662249049875e-10,2.6783380560902203e-05,0.996115646347468,25,0,10
34,5636,0.0013389445524038127,1.6801677972883198e-10,3.2780899895804183e-06,0.9986577771895918,25,0,10
34,5637,0.0012205253254769924,1.6277824272975423e-10,2.9792343303750798e-06,0.9987764952774159,25,0,10
34,5638,0.0011979659990564867,1.6510306908732653e-10,3.5399550558039225e-06,0.9987984938807857,25,0,10
34,5639,0.0008306005141010575,9.888866400098362e-11,8.945746493963293e-07,0.9991685048123626,25,0,10
34,5640,0.0009262613935368452,1.9508582950984056e-10,3.28763891846105e-06,0.9990704507724608,25,0,10
34,5641,0.0007601369307535057,1.9512278425215469e-10,3.0887818898399863e-06,0.9992367740922359,25,0,10
34,5642,0.000809044231708645,1.0425540383618611e-10,9.985887780988286e-07,0.99918995707526,25,0,10
34,5643,0.0012967271656429405,1.0979449475928657e-10,1.436439280745283e-06,0.9987018362852836,25,0,10
34,5644,0.0014365231033144083,1.123402035487637e-10,1.8166572130192702e-06,0.9985616601271342,25,0,10
34,5645,0.0014328085346663295,1.108586965492163e-10,1.796528457802003e-06,0.9985653948260189,25,0,10
34,5646,0.001673019919091883,1.1341115179333986e-10,1.949204505538457e-06,0.998325030762993,25,0,10
34,5647,0.001407210656983558,1.0543756665505799e-10,1.5251005114089944e-06,0.998591264137069,25,0,10
34,5648,0.004298307750962099,1.048277289128237e-10,4.860615541574513e-06,0.9956968315286697,25,0,10
34,5649,0.0010382087025414789,1.0261806997930623e-10,1.1463913296898094e-06,0.9989606448035125,25,0,10
34,5650,0.0003332167710968226,6.126174143940307e-12,5.33624349662108e-07,0.9996662495984292,25,0,10
34,5651,0.0003161027250028971,6.246098752880184e-12,5.571099721343195e-07,0.999683340158781,25,0,10
34,5652,0.0005606514734949059,6.564118954697856e-12,6.557468979731207e-07,0.9994386927730449,25,0,10
34,5653,0.0006668480320529035,8.553826116243988e-12,8.944698215052757e-07,0.9993322574895731,25,0,10
34,5654,0.0008946222313099137,1.1918576476225642e-11,1.2969549465231117e-06,0.9991040808018262,25,0,10
34,5655,0.0009598670800539859,1.6023216124086225e-11,1.2952199353338245e-06,0.9990388376839883,25,0,10
34,5656,0.0005826518002404625,9.443900626734561e-12,8.111154316699212e-07,0.9994165370748859,25,0,10
34,5657,0.0008296741161215183,9.710704001786586e-12,1.103205577964565e-06,0.9991692226685913,25,0,10
34,5658,0.0010346135166956513,9.568119883809638e-12,9.7679107492002e-07,0.9989644096826624,25,0,10
34,5659,0.0010368960159888771,1.0640335568069473e-11,9.99298966747146e-07,0.9989621046744048,25,0,10
34,5660,0.0005722730310104396,7.103455076895259e-12,6.628440212859836e-07,0.9994270641178662,25,0,10
34,5661,0.00038905967160624076,9.956199456271755e-12,7.545534005058351e-07,0.9996101857650386,25,0,10
34,5662,0.0005809674527972879,8.902998314177178e-12,7.602016172423551e-07,0.9994182723366843,25,0,10
34,5663,0.0005858842508522959,8.947670068574342e-12,7.138264017657589e-07,0.9994134019138005,25,0,10
34,5664,0.0005905088385999641,8.560366601162973e-12,7.224230466167403e-07,0.9994087687297949,25,0,10
34,5665,0.0011550902303127915,2.9968158039775675e-11,1.7440365093434326e-06,0.9988431657032111,25,0,10
34,5666,0.0009297489999518812,2.847803124285719e-11,1.7808888094994093e-06,0.9990684700827626,25,0,10
34,5667,0.0006159830358840642,2.1023039490866794e-11,1.1745458756872779e-06,0.9993828423972186,25,0,10
34,5668,0.0006005041915083296,1.5533182618259526e-11,9.882386754283055e-07,0.9993985075542837,25,0,10
34,5669,0.00036274012352086277,1.4269036129746331e-11,7.917625979441217e-07,0.9996364680996125,25,0,10
34,5670,0.000759925661220862,1.8456984444661366e-11,1.2044814378589867e-06,0.9992388698388852,25,0,10
34,5671,0.0007614052470710841,1.376554928140966e-11,1.1885327102443843e-06,0.9992374062064546,25,0,10
34,5672,0.0007677220007264039,1.373594022529632e-11,1.230324619233488e-06,0.9992310476609195,25,0,10
34,5673,0.0005297446613773512,1.1495421460426839e-11,1.0180001881495128e-06,0.9994692373269406,25,0,10
34,5674,0.0005957358057580235,1.205123710143139e-11,7.986730797421117e-07,0.9994034655091122,25,0,10
34,5675,0.0005955148139896953,1.1717504148579852e-11,7.290743533151824e-07,0.9994037560999404,25,0,10
34,5676,0.0005910716056103282,1.0987671561774329e-11,7.086169645055253e-07,0.999408219766439,25,0,10
34,5677,0.0005913184999801212,1.346409406604139e-11,7.488515005919777e-07,0.9994079326350567,25,0,10
34,5678,0.0005810259923761084,8.694622174569358e-12,6.54602021073243e-07,0.99941831939691,25,0,10
34,5679,0.0005861769494920248,8.63397619018291e-12,6.543139190855199e-07,0.9994131687279567,25,0,10
34,5680,0.0005902207852168398,9.880422774205543e-12,7.836320325803401e-07,0.9994089955728711,25,0,10
34,5681,0.0005804641352674799,8.846074129517749e-12,7.08748510942162e-07,0.9994188271073762,25,0,10
34,5682,0.0010785285155673543,9.875391705014802e-12,1.02951363753807e-06,0.9989204419609208,25,0,10
34,5683,0.0011419691865469147,1.0112621325710415e-11,1.1009965062739224e-06,0.9988569298068352,25,0,10
34,5684,0.0014890682370004911,5.730109121320613e-07,6.554707176199592e-06,0.998503804044912,25,0,10
34,5685,0.0015549086866213898,5.730129853459372e-07,6.7290240623576534e-06,0.9984377892763322,25,0,10
34,5686,0.0017288770664877385,5.730150042038762e-07,7.44249047009499e-06,0.9982631074280386,25,0,10
34,5687,0.0014979781704661356,5.730103871956769e-07,6.685313915728902e-06,0.9984947635052319,25,0,10
34,5688,0.0018062861595587699,5.730152346396505e-07,7.845052298531373e-06,0.9981852957729095,25,0,10
34,5689,0.0010663499498023464,5.730049437687045e-07,6.017310933477982e-06,0.9989270597343218,25,0,10
34,5690,0.0015080297312551189,5.73002852219199e-07,6.033075621964304e-06,0.9984853641902725,25,0,10
34,5691,0.0025881680756753523,5.730141023456631e-07,7.16710040989748e-06,0.9974040918098135,25,0,10
34,5692,0.012144445810376624,5.730222763622125e-07,1.2038964527480485e-05,0.9878429422028205,25,0,10
34,5693,0.011390414484503977,5.730136853597537e-07,1.1288829280907859e-05,0.9885977236725308,25,0,10
34,5694,0.011560926069103892,2.1192950464330334e-11,6.884912071799567e-06,0.9884321889976332,25,0,10
34,5695,0.0014947915712762538,1.2957122389088408e-11,1.6744104265302256e-06,0.9985035340053419,25,0,10
34,5696,0.0015015963799626002,1.3542112897367744e-11,1.7307159684544043e-06,0.9984966728905286,25,0,10
34,5697,0.0011601928956098315,1.540938745619473e-11,1.407985241565941e-06,0.9988383991037405,25,0,10
34,5698,0.0007340856795255006,2.313362908670335e-11,2.579982336668926e-06,0.9992633343150054,25,0,10
34,5699,0.0012507749105708113,2.5785351445494802e-11,1.5883179503330504e-06,0.9987476367456947,25,0,10
34,5700,0.0007174746999475297,2.5653287697812732e-11,1.2830792594891224e-06,0.999281242195141,25,0,10
34,5701,0.0010063107251518262,5.457124362327081e-11,3.7950537277459902e-06,0.9989898941665503,25,0,10
34,5702,0.0012796530143380353,5.266051107991007e-11,3.8074337767498824e-06,0.9987165394992256,25,0,10
34,5703,0.0011670502284824261,4.7917760353469185e-11,3.5313175809995597e-06,0.9988294184060199,25,0,10
34,5704,0.0010605216148635366,1.492495260037027e-11,2.1748084444863443e-06,0.9989373035617679,25,0,10
34,5705,0.0013458164309235504,1.6552286238943064e-11,3.429374623095812e-06,0.9986507541779023,25,0,10
34,5706,0.0008925470762019449,1.4339757011346924e-11,3.1463123007675956e-06,0.9991043065971591,25,0,10
34,5707,0.000674801191120433,7.327743339484216e-11,3.8692167520900285e-06,0.9993213295188513,25,0,10
34,5708,0.0007774255311500042,7.231808761870506e-11,3.9514842031490005e-06,0.9992186229123301,25,0,10
34,5709,0.0009388897867268026,2.4849850386378303e-10,4.311966923676651e-06,0.9990567979978526,25,0,10
34,5710,0.0009381870121526301,2.497394132148048e-10,3.5951938237544925e-06,0.999058217544286,25,0,10
34,5711,0.0010409700182549655,1.9124768036234835e-10,3.0469594015481474e-06,0.9989559828310973,25,0,10
34,5712,0.0008116103134354226,1.8753940747876447e-10,2.493604681603258e-06,0.999185895894345,25,0,10
34,5713,0.0003459422220787957,9.982919935963257e-12,5.850107549383281e-07,0.9996534727571845,25,0,10
34,5714,0.0003613774724796781,8.934204886286917e-12,5.453227498673978e-07,0.9996380771958379,25,0,10
34,5715,0.000430149739403031,1.0062934390907015e-11,7.06844805129505e-07,0.9995691434057299,25,0,10
34,5716,0.0004282714960393352,8.128643597987372e-12,7.926346361772743e-07,0.9995709358611963,25,0,10
34,5717,0.000751291165832431,1.3612270319750237e-11,1.2782936152874596e-06,0.9992474305269406,25,0,10
34,5718,0.0005019368478385204,1.1429743832903788e-11,1.131570261683386e-06,0.9994969315704713,25,0,10
34,5719,0.0010583352381295904,1.5109681573575157e-11,1.5360386676057338e-06,0.9989401287080942,25,0,10
34,5720,0.0011010313155688117,1.3852957793552478e-11,1.4676559429376487e-06,0.9988975010146366,25,0,10
34,5721,0.0010503834830389773,1.1722873542705953e-11,1.2897518229378421e-06,0.9989483267534166,25,0,10
34,5722,0.0010357034223599131,1.4182388053082683e-11,1.2986173935968432e-06,0.9989629979460652,25,0,10
34,5723,0.001156751986092155,1.735653300674584e-11,1.3819963988754682e-06,0.9988418660001538,25,0,10
34,5724,0.0011810132449563198,2.072005865811356e-11,1.596290526911265e-06,0.9988173904437978,25,0,10
34,5725,0.001225198169098508,2.021920361750094e-11,1.7091740309674763e-06,0.9987730926366528,25,0,10
34,5726,0.001620739477272198,2.0159647588693958e-11,1.7335122563126343e-06,0.998377526990313,25,0,10
34,5727,0.0011075142627227559,1.6805443437231594e-11,1.3768515426322553e-06,0.9988911088689302,25,0,10
34,5728,0.0012563727099542392,5.376494131886061e-11,1.8462532177114418e-06,0.9987417809830648,25,0,10
34,5729,0.0008433254531402638,5.0413306095708286e-11,1.3300435502478812e-06,0.9991553444528977,25,0,10
34,5730,0.0013787906115060547,5.328295914604685e-11,5.96273313065635e-06,0.998615246602081,25,0,10
34,5731,0.001285315986323262,4.891230856567671e-11,1.3650204296168254e-06,0.9987133189443362,25,0,10
34,5732,0.0012802989085918053,4.7687888934260126e-11,1.2794412495939535e-06,0.9987184216024723,25,0,10
34,5733,0.00129935698439106,4.6446823630873166e-11,1.3544027098702201e-06,0.9986992885664547,25,0,10
34,5734,0.00114202316318375,7.756606248374709e-11,1.4684173549440814e-06,0.9988565083418974,25,0,10
34,5735,0.0010922206732073686,1.1459266655854085e-11,1.0773198528273213e-06,0.9989067019954825,25,0,10
34,5736,0.0010479817807137546,7.886645926929444e-12,8.687679394205953e-07,0.9989511494434623,25,0,10
34,5737,0.0015746582194836741,1.233013733789197e-11,1.3870035523114733e-06,0.9984239547646351,25,0,10
34,5738,0.002513146876841171,1.892096799732484e-11,2.129941994467504e-06,0.9974847231622443,25,0,10
34,5739,0.001066425245279411,1.4014712262364662e-11,1.4461574765249897e-06,0.9989321285832302,25,0,10
34,5740,0.0009487098281134632,1.5978342491670478e-11,1.3058948321431667e-06,0.999049984261077,25,0,10
34,5741,0.0010638181594477727,1.3206833247909173e-11,1.1127318459181246e-06,0.9989350690955006,25,0,10
34,5742,0.0012889754806511276,1.2896663203287597e-11,1.6280157139239286e-06,0.9987093964907401,25,0,10
34,5743,0.0009252922503655886,7.99052533025501e-12,1.139257623878975e-06,0.9990735684840217,25,0,10
34,5744,0.00047187491874940484,8.99327441030071e-12,9.470438222159349e-07,0.9995271780284368,25,0,10
34,5745,0.0008841880178346647,1.431006529382948e-11,1.447676814081085e-06,0.9991143642910423,25,0,10
34,5746,0.0005956193420713939,1.2016704475616997e-11,8.426709830835032e-07,0.9994035379749298,25,0,10
34,5747,0.0011985576364442958,7.869788192506214e-11,3.857595266931283e-06,0.9987975846895918,25,0,10
34,5748,0.0012079530273407654,8.041178785315246e-11,3.8667975561878e-06,0.9987881800946922,25,0,10
34,5749,0.0019832866244128004,8.813921990199324e-11,4.5215375893575315e-06,0.9980121917498589,25,0,10
34,5750,0.001471167663457932,8.477387575240537e-11,4.021536263997394e-06,0.998524810715505,25,0,10
34,5751,0.0016402259889043932,1.1535023602782293e-10,4.269437010091787e-06,0.9983555044587363,25,0,10
34,5752,0.0023137751962054322,1.1850390868041407e-10,4.7868365198112675e-06,0.9976814378487714,25,0,10
34,5753,0.005544273360800125,1.255753149081311e-10,9.32936073464188e-06,0.9944463971528912,25,0,10
34,5754,0.004623215510983847,1.174452217915869e-10,8.313647197329874e-06,0.995368470724376,25,0,10
34,5755,0.004610960834100486,1.214103937937547e-10,8.377618565532933e-06,0.9953806614259257,25,0,10
34,5756,0.0012788401622572856,8.555683369212372e-11,4.014348693638372e-06,0.9987171454034942,25,0,10
34,5757,0.001116022601325559,8.356490262678008e-11,4.167305193097614e-06,0.9988798100099183,25,0,10
34,5758,0.0004828841121387054,1.3071650712036238e-11,1.0844767101482631e-06,0.9995160313980809,25,0,10
34,5759,0.0007843061684838954,7.719021986775819e-11,3.8078700906277706e-06,0.9992118858842367,25,0,10
34,5760,0.0007686743034414811,7.602100874559731e-11,3.598692753917274e-06,0.9992277269277855,25,0,10
34,5761,0.0008593097413432026,5.9014228687791916e-12,7.554259332434841e-07,0.999139934826824,25,0,10
34,5762,0.0008608734061716736,5.849114366965961e-12,7.508120397298445e-07,0.9991383757759411,25,0,10
34,5763,0.0008736323493157169,9.087326820275456e-12,1.0144705162243468e-06,0.9991253531710815,25,0,10
34,5764,0.0006616476310567426,1.0118486349156896e-11,9.662770337982902e-07,0.9993373860817922,25,0,10
34,5765,0.0008124608949436955,1.2179809522332295e-11,1.0570369294667817e-06,0.9991864820559485,25,0,10
34,5766,0.0008879453287712598,2.1109380774749617e-11,1.4479907926899039e-06,0.9991106066593276,25,0,10
34,5767,0.0011374558411380914,2.4351617785566356e-11,1.6368630509031285e-06,0.9988609072714602,25,0,10
34,5768,0.002761230411996054,5.590303663521886e-11,9.940215465406577e-06,0.9972288293166368,25,0,10
34,5769,0.00220775372995761,4.487095066747877e-11,9.206644221087495e-06,0.9977830395809518,25,0,10
34,5770,0.0026781775162678274,4.437550832602785e-11,9.439665354762475e-06,0.9973123827740038,25,0,10
34,5771,0.0020369458144471452,4.529757048039152e-11,9.208956223167333e-06,0.9979538451840336,25,0,10
34,5772,0.0017981295666239599,4.580655127168984e-11,9.143421522166073e-06,0.9981927269660495,25,0,10
34,5773,0.0018090240332314083,4.679784038889339e-11,9.100276575443916e-06,0.9981818756433972,25,0,10
34,5774,0.0023285475786406717,4.738504635488045e-11,9.482147748698257e-06,0.9976619702262274,25,0,10
34,5775,0.0023888020208941417,4.8496805953020256e-11,9.638528242326324e-06,0.9976015594023683,25,0,10
34,5776,0.0023874860506397913,4.84979574032358e-11,9.611730795613145e-06,0.9976029021700676,25,0,10
34,5777,0.0010178536208597735,1.600242200361446e-11,1.4024797216061075e-06,0.998980743883417,25,0,10
34,5778,0.0010152735011256977,1.6050968797328144e-11,1.3781012736359776e-06,0.9989833483815498,25,0,10
34,5779,0.0015638428064244654,1.3886685249190534e-11,1.3501501689680749e-06,0.9984348070295205,25,0,10
34,5780,0.002306543671222021,4.7040343561533004e-11,4.740471654353253e-06,0.9976887158100848,25,0,10
34,5781,0.0018034165572878627,1.6102625696607262e-11,1.4583384367475605e-06,0.9981951250881747,25,0,10
34,5782,0.0013437756852521703,1.2921173589798359e-11,1.3614451271163591e-06,0.9986548628567019,25,0,10
34,5783,0.0008320775490587678,1.046475052374915e-11,9.804106833175792e-07,0.999166942029795,25,0,10
34,5784,0.0007969017692745068,9.806166266816042e-12,9.837173773726806e-07,0.9992021145035437,25,0,10
34,5785,0.0008232630437836873,1.0018056706221309e-11,9.985696191966083e-07,0.9991757383765808,25,0,10
34,5786,0.0010548078618771062,1.3104594298595119e-11,1.3003410871479558e-06,0.9989438917839327,25,0,10
34,5787,0.0008087633865484266,1.2947201839301299e-11,1.1643423030513406e-06,0.9991900722582026,25,0,10
34,5788,0.000721816669031166,1.2585132000404926e-11,1.1822055284714975e-06,0.9992770011128559,25,0,10
34,5789,0.000780011188341258,4.7349489907803476e-11,1.4833176501507807e-06,0.9992185054466597,25,0,10
34,5790,0.0010227680114968704,4.757690605176385e-11,1.574960701698376e-06,0.9989756569802255,25,0,10
34,5791,0.0007811548389554049,1.1880238686826048e-11,1.1177180238493485e-06,0.999217727431142,25,0,10
34,5792,0.0007905394945438453,1.105844620157464e-11,1.1826147171155038e-06,0.9992082778796822,25,0,10
34,5793,0.0010190923143570487,1.2589075975187824e-11,1.3591848019137045e-06,0.9989795484882532,25,0,10
34,5794,0.0009384178775177454,1.1363304102945263e-11,1.1952597875631852e-06,0.9990603868513329,25,0,10
34,5795,0.0009066636994191442,1.7621316523208252e-11,1.1494778848659578e-06,0.999092186805076,25,0,10
34,5796,0.0009069494644841868,2.0607656955785954e-11,1.274502657056946e-06,0.9990917760122526,25,0,10
34,5797,0.0007586545500844707,2.7199598289329652e-11,1.3837557312429219e-06,0.9992399616669861,25,0,10
34,5798,0.0019947136913059816,1.8062541380002467e-09,1.065960741147506e-05,0.9979946248950293,25,0,10
34,5799,0.001885653772029168,1.7943062024756027e-09,1.0319397859268441e-05,0.9981040250358066,25,0,10
34,5800,0.003294550319433859,1.8591363091826607e-09,1.2858708774848413e-05,0.9966925891126565,25,0,10
34,5801,0.003933149995821011,1.8604059967736601e-09,1.3128485827223239e-05,0.9960537196579469,25,0,10
34,5802,0.0022001077130974008,2.02355580464071e-11,1.6845877741052208e-06,0.9977982076788935,25,0,10
34,5803,0.009293254849851783,2.5840873433975508e-11,9.697668323370778e-06,0.9906970474559844,25,0,10
34,5804,0.0011002457987148357,1.4157616784617061e-11,1.1917019980330809e-06,0.9988985624851295,25,0,10
34,5805,0.0017847044229021977,1.6335157996401973e-11,1.5071130067758725e-06,0.9982137884477562,25,0,10
34,5806,0.0009332518266030832,1.727353934676995e-11,1.2952979661679822e-06,0.999065452858158,25,0,10
34,5807,0.0014279377874193598,2.2218172242769093e-11,1.6750985697961822e-06,0.9985703870917935,25,0,10
34,5808,0.0013618160717363955,1.945327020632344e-11,1.5146130799644105e-06,0.9986366692957316,25,0,10
34,5809,0.0013683799740990287,2.4173974940979632e-11,3.8541357102052465e-06,0.998627765866018,25,0,10
34,5810,0.0011236272274722256,2.6173479258944377e-11,3.728531260244388e-06,0.9988726442150956,25,0,10
34,5811,0.0011257637305674224,2.924508926003393e-11,3.814153952088128e-06,0.9988704220862367,25,0,10
34,5812,0.0017348408442512209,1.6881777871425834e-11,3.5848868415214934e-06,0.9982615742520272,25,0,10
34,5813,0.0008456043384148304,1.574649311338163e-11,2.205227954521322e-06,0.9991521904178863,25,0,10
34,5814,0.0009753745848417469,1.7939529692167005e-11,2.48536670950044e-06,0.9990221400305117,25,0,10
34,5815,0.011348830601418971,2.1370820570313417e-11,6.315256396834174e-06,0.9886448541208156,25,0,10
34,5816,0.004524927146863576,2.656989031282927e-11,6.129534498771416e-06,0.9954689432920693,25,0,10
34,5817,0.004259312483112311,1.9146537657072798e-11,5.891710053322703e-06,0.995734795787689,25,0,10
34,5818,0.0007686434262009315,1.12535043703239e-11,1.9420212791730764e-06,0.9992294145412672,25,0,10
34,5819,0.0007535531718532133,9.982649087259515e-12,1.9500295585171312e-06,0.9992444967886073,25,0,10
34,5820,0.008574025001249222,7.708878617774923e-12,2.515690720887911e-05,0.9914008180838352,25,0,10
34,5821,0.0006018493256508928,1.007279971740445e-11,8.698137768097077e-07,0.9993972808505007,25,0,10
34,5822,0.0005968480582476869,9.727915356789852e-12,7.756373937759085e-07,0.9994023762946322,25,0,10
34,5823,0.0006617532027376685,1.28478245359474e-11,9.923411054197422e-07,0.9993372544433099,25,0,10
34,5824,0.0004882230892300115,1.0087107101339048e-11,9.69191169000615e-07,0.9995108077095151,25,0,10
34,5825,0.0005041160242688667,1.1360175101818391e-11,1.1372448831990934e-06,0.9994947467194892,25,0,10
34,5826,0.00048564333063584315,1.2147188693399842e-11,1.0388179850369258e-06,0.9995133178392335,25,0,10
34,5827,0.000568827223104424,1.0146138090012145e-11,7.244519896535372e-07,0.9994304483147615,25,0,10
34,5828,0.0006311831148940651,1.0644025386868828e-11,8.735117430438719e-07,0.9993679433627202,25,0,10
34,5829,0.0006742771841229123,1.384895465275578e-11,1.1346938449842625e-06,0.9993245881081845,25,0,10
34,5830,0.0008503375542150638,1.2826374249957613e-11,1.1705869185777923e-06,0.9991484918460416,25,0,10
34,5831,0.00126217547760803,1.930839281548162e-11,1.9220065603300892e-06,0.9987359024965242,25,0,10
34,5832,0.0013597390819957281,2.0806985569275e-11,2.1708742224353526e-06,0.9986380900229759,25,0,10
34,5833,0.0017216566791228086,2.8664150878064372e-11,2.5518503965875356e-06,0.9982757914418181,25,0,10
34,5834,0.0022725439097314925,2.7650076116003568e-11,2.742076470147492e-06,0.9977247139861498,25,0,10
34,5835,0.0017468726305250406,1.686155239679968e-11,1.947521827542556e-06,0.9982511798307874,25,0,10
34,5836,0.0014237502904204155,1.3797134146144025e-11,1.599951242775602e-06,0.998574649744541,25,0,10
34,5837,0.0018985661730807788,1.5507164395576824e-11,1.721377085621307e-06,0.9980997124343278,25,0,10
34,5838,0.0018451445257955624,1.552452843988215e-11,1.7465424216459098e-06,0.9981531089162597,25,0,10
34,5839,0.0013886609890196913,1.5365971078037665e-11,1.5482861340806104e-06,0.9986097907094815,25,0,10
34,5840,0.002284086938805595,2.5180152702578908e-11,2.6502664514371328e-06,0.9977132627695633,25,0,10
34,5841,0.00146493570158126,2.8648435499311525e-11,4.477483213946976e-06,0.998530586786557,25,0,10
34,5842,0.0006846780346134811,1.608830466934366e-11,3.720298721965636e-06,0.9993116016505768,25,0,10
34,5843,0.0010366880423118862,1.7578304771127696e-11,4.066630682652615e-06,0.9989592453094283,25,0,10
34,5844,0.0009001337784593851,8.699896396527636e-12,3.498493487903714e-06,0.9990963677193545,25,0,10
34,5845,0.0018389396402115465,9.991169840167573e-12,3.6774808255483507e-06,0.9981573828689734,25,0,10
34,5846,0.0016012809996079945,1.0895930986129355e-11,3.376790297722989e-06,0.9983953421992005,25,0,10
34,5847,0.0005439806660263033,9.645694202834095e-12,2.93494069073762e-06,0.9994530843836388,25,0,10
34,5848,0.0005376291782332117,9.670616011718995e-12,2.8110831460302875e-06,0.9994595597289516,25,0,10
34,5849,0.0005661624373309981,1.1948862963601432e-11,2.8272141720732484e-06,0.9994310103365497,25,0,10
34,5850,0.0006957929124576676,2.57763422553856e-11,1.765481562237299e-06,0.9993024415802051,25,0,10
34,5851,0.0007530801886628795,2.1325524445758e-11,1.7135393120849647e-06,0.9992452062507009,25,0,10
34,5852,0.0012599507911409341,1.7558863811459723e-11,1.661473814347924e-06,0.9987383877174868,25,0,10
34,5853,0.0010114879486043367,1.3233377583925356e-11,1.2783401672592713e-06,0.9989872336979964,25,0,10
34,5854,0.0006008796966385033,1.045189491222209e-11,8.000818100017363e-07,0.9993983202111012,25,0,10
34,5855,0.00037155883417957657,7.325995246906206e-12,5.330708469040077e-07,0.9996279080876488,25,0,10
34,5856,0.00043782007964426986,7.866429608250118e-12,7.199486588198528e-07,0.9995614599638314,25,0,10
34,5857,0.0006082490187113044,9.352213664955411e-12,8.343190999101851e-07,0.9993909166528376,25,0,10
34,5858,0.0010401406047420394,1.1991948872793e-11,1.065555631682853e-06,0.9989587938276355,25,0,10
34,5859,0.0010570333968978475,1.529706108477289e-11,1.1545264441852937e-06,0.9989418120613621,25,0,10
34,5860,0.0017993205773582498,7.251272866411986e-11,2.9437637509979286e-06,0.9981977355863788,25,0,10
34,5861,0.0016569375711973108,7.487570224858016e-11,3.0474028766620982e-06,0.9983400149510508,25,0,10
34,5862,0.001465773811663973,1.2027652303275011e-11,1.448940362071225e-06,0.9985327772359476,25,0,10
34,5863,0.0012777474918624643,7.556312349292201e-12,9.242882656708141e-07,0.9987213282123171,25,0,10
34,5864,0.000653716293913524,1.0126237840605496e-11,1.0218145189273976e-06,0.999345261881443,25,0,10
34,5865,0.0007984364414570188,1.5466565894533726e-11,1.5171401240433193e-06,0.999200046402954,25,0,10
34,5866,0.001286961574482813,1.773714589065623e-11,1.7650335005313457e-06,0.9987112733742808,25,0,10
34,5867,0.0009827854908790324,1.566506713556373e-11,2.3001064383191536e-06,0.9990149143870188,25,0,10
34,5868,0.0009578740104629317,1.8678763574954474e-11,2.2886779306979505e-06,0.9990398372929292,25,0,10
34,5869,0.000908894261433758,1.8069618181196593e-11,2.110522511364093e-06,0.9990889951979863,25,0,10
34,5870,0.0008765288053833682,1.5750450943456194e-11,1.9773085313425175e-06,0.9991214938703357,25,0,10
34,5871,0.0005603731891809531,6.355663251235633e-12,7.084755130249063e-07,0.9994389183289514,25,0,10
34,5872,0.0006151076006388762,5.909229696726054e-12,7.946427118156554e-07,0.9993840977507418,25,0,10
34,5873,0.000608208069517041,6.052383027647755e-12,8.050686446216945e-07,0.9993909868557879,25,0,10
34,5874,0.0006862647976544046,7.702618663720551e-12,9.530704943367069e-07,0.9993127821241501,25,0,10
34,5875,0.0006838089971673612,1.118555447990856e-11,1.0450891078022661e-06,0.9993151459025407,25,0,10
34,5876,0.001035143819197145,7.515676397763501e-12,9.312249182724585e-07,0.9989639249483698,25,0,10
34,5877,0.0010376440293018894,1.1185512124282996e-11,1.0009883341901232e-06,0.9989613549711791,25,0,10
34,5878,0.0010253119932686536,1.1466665170680287e-11,9.73276006730256e-07,0.9989737147192591,25,0,10
34,5879,0.0016072506188191465,4.5754730850176564e-11,4.411978544618601e-06,0.9983883373568827,25,0,10
34,5880,0.0005891483253719683,9.923093741619265e-12,8.125123170482169e-07,0.9994100391523888,25,0,10
34,5881,0.0006093849472208159,1.2178400418845741e-11,9.626735361766164e-07,0.9993896523670651,25,0,10
34,5882,0.0009042250714190113,2.0470425683568834e-11,1.43304995911997e-06,0.9990943418581512,25,0,10
34,5883,0.0007946323382239258,2.1596591972019393e-11,2.006311521567954e-06,0.9992033613286586,25,0,10
34,5884,0.0011281783525514263,1.9930376091821313e-11,1.6621880345132164e-06,0.998870159439484,25,0,10
34,5885,0.0012260460688574765,1.5407625128624457e-11,1.4190060844134253e-06,0.9987725349096508,25,0,10
34,5886,0.0010948319173205124,1.636617588141846e-11,1.4387074462091667e-06,0.9989037293588677,25,0,10
34,5887,0.0012842341543133086,1.4064341244125076e-10,5.1804377004061315e-06,0.9987105852673435,25,0,10
34,5888,0.0008361751624647405,2.29377676776072e-11,1.7590618634627575e-06,0.9991620657527353,25,0,10
34,5889,0.0014329227959479457,1.7478789233540568e-11,1.497733350944428e-06,0.9985655794532238,25,0,10
34,5890,0.0016188529239715963,1.7306717167020304e-11,1.5079781961453455e-06,0.9983796390805268,25,0,10
34,5891,0.0017489003565418118,1.854434057599613e-11,1.7412340897960719e-06,0.9982493583908247,25,0,10
34,5892,0.001677912241426695,1.5370850634492117e-11,1.4820304721079346e-06,0.9983206057127315,25,0,10
34,5893,0.0006679009021875526,6.854408939378902e-11,9.342306943228792e-06,0.9993227567223267,25,0,10
34,5894,0.000723870974689942,6.863619098523156e-11,9.491661640432e-06,0.9992666372950354,25,0,10
34,5895,0.0016231592641708557,7.300172814864855e-11,1.0028029540319883e-05,0.9983668126332889,25,0,10
34,5896,0.0013827782748688144,7.087450253831937e-11,9.794887503338432e-06,0.9986074267667548,25,0,10
34,5897,0.0013391404195548342,7.156381339258128e-11,9.805116874083745e-06,0.9986510543920093,25,0,10
34,5898,0.004547506299227394,7.593536681547284e-11,1.2096728933585412e-05,0.9954403968959055,25,0,10
34,5899,0.0045462959833820985,7.565715574630682e-11,1.2093465697348271e-05,0.9954416104752647,25,0,10
34,5900,0.003770900465532691,1.3982267760464055e-11,3.375779670031799e-06,0.9962257237408163,25,0,10
34,5901,0.00432493308864299,4.537085979966946e-11,9.214374494888566e-06,0.9956658524914924,25,0,10
34,5902,0.004259999874385206,4.8804146390233515e-11,9.230367144151057e-06,0.9957307697096672,25,0,10
34,5903,0.0042410388840950644,4.867048199622919e-11,9.20237399633582e-06,0.9957497586932389,25,0,10
34,5904,0.004081665118303321,1.9233569842496078e-11,3.632650754125651e-06,0.9959147022117096,25,0,10
34,5905,0.004058774655220716,1.9847778162693804e-11,3.5851947258433643e-06,0.9959376401302061,25,0,10
34,5906,0.004021717642007051,1.725174670449945e-11,3.4500050331169206e-06,0.9959748323357093,25,0,10
34,5907,0.004118399176665133,9.883872434900464e-11,3.1418009682741747e-06,0.9958784589235292,25,0,10
34,5908,0.004212006179235977,1.4857764959654104e-11,3.3767873171895156e-06,0.9957846170185901,25,0,10
34,5909,0.001322491138564662,1.3046335774561701e-11,1.4715598472236834e-06,0.9986760372885426,25,0,10
34,5910,0.0009886815535429623,1.4162645073455864e-11,1.5002532921507984e-06,0.999009818179003,25,0,10
34,5911,0.000879394978321994,1.2050145774229186e-11,2.7400352727989796e-06,0.9991178649743563,25,0,10
34,5912,0.0007485931990918777,1.169273361698476e-11,2.6525679109453054e-06,0.9992487542213059,25,0,10
34,5913,0.0007397019784800757,1.0555431609164456e-11,1.1008766674023841e-06,0.9992591971342988,25,0,10
34,5914,0.0007393975415761566,1.0652573174517683e-11,1.1046831157798533e-06,0.9992594977646573,25,0,10
34,5915,0.0008018083378958365,7.257284913208567e-11,1.0733327534390732e-06,0.9991971182567798,25,0,10
34,5916,0.0010413789718241755,7.373091515487949e-11,1.3486374127957007e-06,0.9989572723170334,25,0,10
34,5917,0.0005654415759211243,9.86118196393259e-12,7.627841811305631e-07,0.9994337956300376,25,0,10
34,5918,0.0012680631073219548,7.605741501030524e-11,3.0120937803493988e-06,0.9987289247228417,25,0,10
34,5919,0.0012099574963241972,7.53899402125791e-11,3.026158130286748e-06,0.9987870162701574,25,0,10
34,5920,0.0012126238401731673,7.547016206551052e-11,3.0415440369342965e-06,0.9987843345403215,25,0,10
34,5921,0.010630828246197741,1.6766422656972104e-11,4.774812369451833e-06,0.9893643969246678,25,0,10
34,5922,0.0008862891227146141,1.2817092865112946e-11,1.1962699453375109e-06,0.9991125145945244,25,0,10
34,5923,0.0005761645538136223,8.63451691277804e-12,7.278041042235458e-07,0.9994231076334499,25,0,10
34,5924,0.0005626897220599714,8.538916058554206e-12,6.637597587669048e-07,0.999436646509644,25,0,10
34,5925,0.0007929439432125462,7.165548030103978e-12,7.165215895675009e-07,0.9992063395280328,25,0,10
34,5926,0.0009167940975665297,9.513457938014286e-12,1.010483453947302e-06,0.9990821954094667,25,0,10
34,5927,0.001503713581620243,1.6213829116860114e-11,2.1245979038065775e-06,0.9984941618042634,25,0,10
34,5928,0.00179090738042913,1.8503907210935144e-11,2.389212867343379e-06,0.9982067033882016,25,0,10
34,5929,0.0012602213015090883,1.3614635019431509e-11,1.9042276253778356e-06,0.9987378744572536,25,0,10
34,5930,0.0007980199506254126,1.0407382914442545e-11,1.6486072776261028e-06,0.9992003314316915,25,0,10
34,5931,0.0006447733241652014,7.89846070234321e-11,1.247453424328953e-06,0.9993539791434266,25,0,10
34,5932,0.0010776069675625356,1.0649326009710905e-11,1.2121008349017776e-06,0.9989211809209538,25,0,10
34,5933,0.0015446599774526937,1.060627201778178e-11,1.3768881889861884e-06,0.9984539631237521,25,0,10
34,5934,0.0014969259926100856,7.628775099819847e-12,1.0958872174143353e-06,0.9985019781125444,25,0,10
34,5935,0.0010618336990998042,8.785443768012357e-12,9.23280268506608e-07,0.998937243011847,25,0,10
34,5936,0.0008146341381359746,5.4010943186877125e-12,6.666899829957405e-07,0.9991846991664809,25,0,10
34,5937,0.000568337500407151,5.418824525488992e-12,5.893760435716128e-07,0.9994310731181318,25,0,10
34,5938,0.00040484489362584494,7.0343464592509196e-12,6.245318687313851e-07,0.9995945305674719,25,0,10
34,5939,0.0004145501291577667,6.977081727706276e-12,7.163057005115769e-07,0.9995847335581658,25,0,10
34,5940,0.0004219127648119338,7.97888052764325e-12,8.164765724358014e-07,0.9995772707506378,25,0,10
34,5941,0.00040493210072679327,8.051755183674774e-12,7.086000883540497e-07,0.9995943592911337,25,0,10
34,5942,0.00033724435490368896,6.867183916780949e-12,5.71086237835396e-07,0.9996621845519919,25,0,10
34,5943,0.0005746773747022997,9.42594099487494e-12,8.139085228224825e-07,0.99942450870735,25,0,10
34,5944,0.00048412893819004725,8.549436077606694e-12,1.062583343621035e-06,0.9995148084699186,25,0,10
34,5945,0.001228335179115054,1.3907190690528214e-11,2.239223148211603e-06,0.998769425583831,25,0,10
34,5946,0.001175839395921587,1.1712298488172785e-11,2.038565231783724e-06,0.9988221220271359,25,0,10
34,5947,0.0013984061392910288,1.3253508945542743e-11,2.0604796715745527e-06,0.9985995333677856,25,0,10
34,5948,0.0014946788601850605,1.4156930452905318e-11,2.3283571378524204e-06,0.9985029927685222,25,0,10
34,5949,0.0013625959858339248,1.2305902814053442e-11,2.111175291914653e-06,0.9986352928265703,25,0,10
34,5950,0.0011086854386574815,8.946394268011441e-12,1.2257164464036206e-06,0.998890088835952,25,0,10
34,5951,0.0013471236072260685,1.405492502031439e-11,1.3729609678855676e-06,0.9986515034177534,25,0,10
34,5952,0.001347053354470247,1.6551166062914725e-11,1.5184560159146348e-06,0.9986514281729647,25,0,10
34,5953,0.0010695729530263735,1.6402186858562014e-11,1.3413101055647568e-06,0.998929085720468,25,0,10
34,5954,0.0006306525578336328,2.078123383663624e-11,1.286429931494982e-06,0.9993680609914551,25,0,10
34,5955,0.0005970743288529715,1.7733513991419745e-11,9.606580829051974e-07,0.9994019649953316,25,0,10
34,5956,0.0006386660056772018,2.497250504544884e-11,1.0622574777452185e-06,0.9993602717118726,25,0,10
34,5957,0.0006945778782336205,2.2713310858147608e-11,1.0925877741703638e-06,0.9993043295112788,25,0,10
34,5958,0.0007499305817432962,2.0328942429621234e-11,1.3580606116923466e-06,0.9992487113373169,25,0,10
34,5959,0.000970482101600096,1.891765274285155e-11,1.5645901787716214e-06,0.999027953289304,25,0,10
34,5960,0.0006488974155048423,1.4923300546649908e-11,9.546117485435846e-07,0.999350147957824,25,0,10
34,5961,0.0004197707238881942,1.380555276087117e-11,7.399894013283873e-07,0.9995794892729054,25,0,10
34,5962,0.00041226404006317903,1.3728261184978544e-11,7.216782228869086e-07,0.9995870142679866,25,0,10
34,5963,0.0018318107020159427,7.59876105709792e-11,5.817863619068597e-06,0.9981623713583779,25,0,10
34,5964,0.002147907154733008,7.619596119873228e-11,6.886222269868767e-06,0.997845206546802,25,0,10
34,5965,0.0018372711397996989,7.354395604129868e-11,6.567070003041008e-06,0.9981561617166546,25,0,10
34,5966,0.0011603348827927728,7.391203211887468e-11,6.2183107927434734e-06,0.9988334467325035,25,0,10
34,5967,0.0016413391941296352,7.769367132678691e-11,6.558367144400821e-06,0.9983521023610339,25,0,10
34,5968,0.0021264531001481328,8.428539902596719e-11,6.988443797786633e-06,0.9978665583717699,25,0,10
34,5969,0.00297078515439689,8.999694077928825e-11,7.77301144249305e-06,0.9970214417441643,25,0,10
34,5970,0.0015603013054738546,3.1589168606849995e-11,3.5111308936177368e-06,0.9984361875320442,25,0,10
34,5971,0.0013859615516411466,2.953609322941502e-11,3.4712188285340594e-06,0.9986105671999956,25,0,10
34,5972,0.0010844127590423692,2.2676769218267252e-11,3.063779567744824e-06,0.9989125234387142,25,0,10
34,5973,0.0012283726781412523,2.936360711239942e-11,3.1129283963005095e-06,0.9987685143641006,25,0,10
34,5974,0.0012894924395743415,2.79817207119635e-11,2.538245297527957e-06,0.9987079692871483,25,0,10
34,5975,0.0010413872385653352,2.2839844742499295e-11,2.3278719276243807e-06,0.998956284866669,25,0,10
34,5976,0.0006194827133648005,1.1419208274885352e-11,1.8577634681045087e-06,0.9993786595117491,25,0,10
34,5977,0.0004957591642435158,9.549849512201277e-12,8.529618132728351e-07,0.9995033878643946,25,0,10
34,5978,0.0009475080750221802,1.0500838730324787e-11,1.0237651507347251e-06,0.9990514681493281,25,0,10
34,5979,0.000938584476009879,1.0553035391570638e-11,1.0375141065276398e-06,0.9990603779993326,25,0,10
34,5980,0.0011659472119011024,1.170186572653524e-11,1.2188432661922152e-06,0.9988328339331322,25,0,10
34,5981,0.0012906171939068936,1.5386286898763213e-11,1.2206797389265795e-06,0.9987081621109697,25,0,10
34,5982,0.001290714114605552,1.537751937219763e-11,1.2157215943908073e-06,0.9987080701484242,25,0,10
34,5983,0.0012847155458530534,1.8005331324806575e-11,1.2820168643274595e-06,0.9987140024192784,25,0,10
34,5984,0.0008000534220213664,1.3272327416544965e-11,8.766942434430484e-07,0.9991990698704645,25,0,10
34,5985,0.0008491595006952913,9.651516512743719e-12,8.940707101847642e-07,0.9991499464189451,25,0,10
34,5986,0.0013919686039996237,2.265959077815625e-11,4.6099358742887264e-06,0.9986034214374685,25,0,10
34,5987,0.004560382113888497,2.925730565580419e-11,7.1668693384911295e-06,0.9954324509875171,25,0,10
34,5988,0.00410228504475311,2.065588553776608e-11,6.715988599329855e-06,0.9958909989459925,25,0,10
34,5989,0.006833121465189973,7.245128772762113e-11,9.388764744946087e-06,0.9931574896976143,25,0,10
34,5990,0.006869299668322398,7.463782585296221e-11,9.558734130067418e-06,0.9931211415229104,25,0,10
34,5991,0.0018929340677514234,1.937396185422129e-11,1.9559973003962284e-06,0.9981051099155753,25,0,10
34,5992,0.001696562997581996,2.2350110201253836e-11,1.950881000349723e-06,0.9983014860990689,25,0,10
34,5993,0.0017691266139334715,2.5080468941537076e-11,2.1732265655801497e-06,0.9982287001344222,25,0,10
34,5994,0.012068215655020949,3.3879360951887896e-11,5.883531522264783e-06,0.9879259007795786,25,0,10
34,5995,0.0010573913524697016,1.5852741996822126e-11,1.3826386451677153e-06,0.9989412259930331,25,0,10
34,5996,0.000913723897343893,2.3114089958517187e-11,1.2991262307537679e-06,0.9990849769533122,25,0,10
34,5997,0.0009027397865181413,2.5141928522687178e-11,1.354520046599636e-06,0.9990959056682935,25,0,10
34,5998,0.00042431844555938125,1.8291500778509265e-11,8.665189230417489e-07,0.9995748150172277,25,0,10
34,5999,0.0004336792262802925,1.4173363690246356e-11,8.193160378961788e-07,0.9995655014435099,25,0,10
34,6000,0.0006592438224286283,1.5789382771138854e-11,9.949599371239483e-07,0.9993397612018464,25,0,10
34,6001,0.0013504879007936522,1.915497905622034e-11,1.3096862150455644e-06,0.9986482023938376,25,0,10
34,6002,0.0019960074429787623,8.69221814445256e-11,3.259252422806782e-06,0.9980007332176776,25,0,10
34,6003,0.0014666444754927227,8.03654608924192e-11,2.6903850592850162e-06,0.9985306650590838,25,0,10
34,6004,0.0011460754398872354,8.463855424925548e-12,1.0432710489408357e-06,0.9988528812806013,25,0,10
34,6005,0.0007598810022657421,8.045622058560134e-12,1.0243401635780936e-06,0.9992390946495262,25,0,10
34,6006,0.0006475926179525981,6.560995128365562e-12,7.533979043620493e-07,0.9993516539775839,25,0,10
34,6007,0.0005507871656726439,7.5808590429929e-12,8.720143842410727e-07,0.9994483408123638,25,0,10
34,6008,0.0010599109702312717,9.233935187951934e-12,1.2175285863385634e-06,0.9989388714919495,25,0,10
34,6009,0.0012222155117504322,1.0751308447325364e-11,1.4822398223671363e-06,0.9987763022376774,25,0,10
34,6010,0.0010340640054966937,1.0031561919717658e-11,1.171844195249477e-06,0.9989647641402777,25,0,10
34,6011,0.000934601351704171,1.4874892681362535e-11,1.2096256717299102e-06,0.9990641890077506,25,0,10
34,6012,0.0005354004235171028,1.4957229932419605e-11,2.1595175817627146e-06,0.9994624400439451,25,0,10
34,6013,0.000469776689508788,1.594128808399587e-11,3.2305588398732074e-06,0.9995269927357119,25,0,10
34,6014,0.0004713000571218411,1.5748790808069564e-11,3.1814047337554465e-06,0.9995255185223973,25,0,10
34,6015,0.0008892469430474059,2.2678673851448895e-11,4.39070173583913e-06,0.9991063623325389,25,0,10
34,6016,0.00134755063018879,2.4500321228815474e-11,6.8638993115231515e-06,0.9986455854460004,25,0,10
34,6017,0.0011143198681515193,2.2397853565576956e-11,6.6959213134557345e-06,0.9988789841881384,25,0,10
34,6018,0.0011703758209433168,1.7729276117161134e-11,5.707284717641655e-06,0.9988239168766114,25,0,10
34,6019,0.0008693079302352219,1.6488300628288505e-11,5.5223305294226565e-06,0.999125169722749,25,0,10
34,6020,0.0008973058859184615,1.446154764527144e-11,1.1444164462592342e-06,0.9991015496831755,25,0,10
34,6021,0.0008078685735985416,1.2156463349475511e-11,9.191463420349011e-07,0.9991912122679044,25,0,10
34,6022,0.0008904446196787664,1.7802611191556623e-11,1.2099411326883044e-06,0.9991083454213873,25,0,10
34,6023,0.0013600931301524925,1.998683819933532e-11,1.5567196217516625e-06,0.9986383501302403,25,0,10
34,6024,0.0012960459157225976,1.6221393681792343e-11,1.3438114116528872e-06,0.9987026102566458,25,0,10
34,6025,0.0018363328964470496,2.2746013892063734e-11,4.21154048597397e-06,0.9981594555403221,25,0,10
34,6026,0.0018442531152479916,5.374819890038314e-11,2.0366128247490635e-06,0.9981537102181797,25,0,10
34,6027,0.001773448171263156,4.690672176418112e-11,1.6081776297552588e-06,0.9982249436042011,25,0,10
34,6028,0.0015135731029555894,4.88447630084987e-11,4.873850471214249e-06,0.9984815529977289,25,0,10
34,6029,0.0010635680462317608,4.5225919703757463e-11,1.2164289106418902e-06,0.9989352154796325,25,0,10
34,6030,0.0010277827150651654,1.1478289214247598e-11,9.67244806028382e-07,0.9989712500286514,25,0,10
34,6031,0.0012780127700926847,1.537421039986842e-11,1.1949115283084202e-06,0.9987207923030061,25,0,10
34,6032,0.0010369620742580429,1.10802016962788e-11,1.0143722871604417e-06,0.9989620235423761,25,0,10
34,6033,0.0018048653348237639,1.95852302609298e-11,1.6193793046796366e-06,0.9981935152662875,25,0,10
34,6034,0.0010457558765003027,1.3142498292421624e-11,9.960156709985582e-07,0.998953248094688,25,0,10
34,6035,0.001241017187699152,1.8401278344227603e-11,1.4741183818678772e-06,0.9987575086755186,25,0,10
34,6036,0.00045317295637738224,7.426742461565761e-12,8.705769949413624e-07,0.9995459564592016,25,0,10
34,6037,0.0003427838912451989,5.376765244416285e-12,7.595186614753114e-07,0.9996564565847181,25,0,10
34,6038,0.0005819847844994344,9.469503884505143e-12,9.64388559345078e-07,0.9994170508174727,25,0,10
34,6039,0.0008279969933961213,1.341410103310638e-11,1.118866261896273e-06,0.9991708841269288,25,0,10
34,6040,0.0008331515191165155,1.38113195215733e-11,8.775153243844753e-07,0.9991659709517496,25,0,10
34,6041,0.001153318366169249,2.2287750377379006e-11,1.468451121246045e-06,0.9988452131604223,25,0,10
34,6042,0.0013330911005926247,2.580139899284373e-11,1.4392499691032815e-06,0.9986654696236374,25,0,10
34,6043,0.0007410993079715521,2.0510825060953275e-11,1.2372432061752664e-06,0.9992576634283122,25,0,10
34,6044,0.0018750922016080196,2.7382915493314642e-11,2.068450211370017e-06,0.998122839320798,25,0,10
34,6045,0.0013418314855184693,1.3794416761825969e-11,1.400099472613897e-06,0.9986567684012162,25,0,10
34,6046,0.0006545695666302869,1.1672986612970255e-11,1.0065582127062735e-06,0.9993444238634862,25,0,10
34,6047,0.0004147449267850379,1.0412268557315697e-11,7.442635214656455e-07,0.9995845107992836,25,0,10
34,6048,0.00042461066769335136,9.976534146663763e-12,7.217370030674934e-07,0.9995746675853294,25,0,10
34,6049,0.00046548184359011634,1.2016192130262739e-11,8.996397114599047e-07,0.9995336185046844,25,0,10
34,6050,0.0004099931106481428,1.0822452238085436e-11,7.11786703952342e-07,0.9995892950918275,25,0,10
34,6051,0.0004535311574416495,3.736486023767993e-11,7.970635598342415e-07,0.9995456717416353,25,0,10
34,6052,0.0005994552718725159,4.111608299236531e-11,1.1275220925429984e-06,0.9993994171649203,25,0,10
34,6053,0.0018510269245667088,5.2655478786853925e-11,3.6994367724069422e-06,0.9981452735860076,25,0,10
34,6054,0.0016215120117125104,1.966500165569882e-11,3.378140995641542e-06,0.9983751098276282,25,0,10
34,6055,0.0017285605087603514,2.097334487996419e-11,4.366167105569049e-06,0.9982670733031616,25,0,10
34,6056,0.0017247610870099242,2.1180283711369436e-11,4.382091661553659e-06,0.9982708568001486,25,0,10
34,6057,0.0011417703879093124,1.6332107650365973e-11,3.7796193768824823e-06,0.9988544499763827,25,0,10
34,6058,0.0012139782247789438,1.634852461464099e-11,3.091573993779527e-06,0.9987829301848804,25,0,10
34,6059,0.001213626943755566,1.6293172571544995e-11,3.062197102453758e-06,0.9987833108428503,25,0,10
34,6060,0.0012272673085587558,4.936302763025574e-11,3.191501921126899e-06,0.9987695411401586,25,0,10
34,6061,0.0005382213129573586,4.3179050854376315e-11,9.972648131668955e-07,0.9994607813790514,25,0,10
34,6062,0.0005206491568364257,4.997193725680566e-11,3.500445833078595e-06,0.999475850347359,25,0,10
34,6063,0.000499299312244324,1.4194997636446272e-11,3.3468929882726375e-06,0.999497353780573,25,0,10
34,6064,0.0006170147674974298,1.4353502783595855e-11,3.590955407917705e-06,0.9993793942627412,25,0,10
34,6065,0.0021875573256150602,1.566493249330529e-11,4.319052208314684e-06,0.9978081236065113,25,0,10
34,6066,0.0020143864617995174,1.242934536202745e-11,3.982614486720568e-06,0.9979816309112848,25,0,10
34,6067,0.0013284721089403086,8.843716447042143e-12,3.387763047256114e-06,0.9986681401191698,25,0,10
34,6068,0.0013278215543362209,5.5100101404109725e-12,1.058995084880691e-06,0.9986711194450705,25,0,10
34,6069,0.0019209820478330538,1.5193930240496506e-11,1.8012590303667782e-06,0.9980772166779439,25,0,10
34,6070,0.0014413932873837301,8.340027075614552e-12,1.3899063847803281e-06,0.9985572167978929,25,0,10
34,6071,0.0013621604551267382,1.297152991454154e-11,1.2705676967247227e-06,0.9986365689642065,25,0,10
34,6072,0.0015802564463061799,1.4540121104315286e-11,1.484823491412011e-06,0.9984182587156635,25,0,10
34,6073,0.0016039742314332092,1.4636146353155527e-11,1.5028860296369538e-06,0.9983945228679022,25,0,10
34,6074,0.0017335014469975598,1.461567703596141e-11,2.8250730310428255e-06,0.9982636734653572,25,0,10
34,6075,0.0017114908635652234,1.3618415750326334e-11,1.930667832365414e-06,0.9982865784549853,25,0,10
34,6076,0.001482189250082789,1.3151448463671994e-11,1.8156746184208272e-06,0.9985159950621477,25,0,10
34,6077,0.0014650555278505496,1.2536503999771251e-11,1.8061010852589828e-06,0.9985331383585289,25,0,10
34,6078,0.0015266555906069353,1.6680542447741104e-11,2.0386280344573954e-06,0.998471305764679,25,0,10
34,6079,0.0013364018165103473,1.2229631004686955e-11,1.399331970626046e-06,0.9986621988392902,25,0,10
34,6080,0.0013808397960946483,1.1144832064166194e-11,1.3488259214137707e-06,0.9986178113668402,25,0,10
34,6081,0.0021516416774746226,4.9535226130681096e-11,2.0695164771671156e-06,0.9978462887565143,25,0,10
34,6082,0.0023784008829054832,5.0612919012463303e-11,2.1473204597448473e-06,0.9976194517460227,25,0,10
34,6083,0.0016933470614103312,5.253762044017285e-11,1.8882699484974036e-06,0.9983047646161051,25,0,10
34,6084,0.0011014328200398189,1.2115105718682442e-11,1.1169449021614933e-06,0.998897450222945,25,0,10
34,6085,0.000653982809230555,1.1487223486667689e-11,1.1065862925936146e-06,0.9993449105929916,25,0,10
34,6086,0.0008197408877781543,1.5254678531909964e-11,2.2798479567526905e-06,0.9991779792490122,25,0,10
34,6087,0.007068468331644444,1.6919755056863152e-10,1.579896590269262e-05,0.9929157325332573,25,0,10
34,6088,0.007116401190808066,1.7120251056706431e-10,1.5946099254340206e-05,0.9928676525387374,25,0,10
34,6089,0.0072839456461931485,1.7137659379456154e-10,1.5197032880192084e-05,0.9927008571495521,25,0,10
34,6090,0.007290202154674761,1.7240580053163007e-10,1.5188246718841569e-05,0.9926946094262025,25,0,10
34,6091,0.0072167731476956475,1.713777413081017e-10,1.4955427128685512e-05,0.9927682712537996,25,0,10
34,6092,0.0009072184708035973,1.1526451135067394e-11,1.1110375366935654e-06,0.9990916704801346,25,0,10
34,6093,0.0010330271473380165,1.4612124615634645e-11,1.1794905920224011e-06,0.998965793347459,25,0,10
34,6094,0.0005589290740525027,7.093267876517575e-12,6.829475540115145e-07,0.9994403879713015,25,0,10
34,6095,0.0009144076754851322,8.271868647809762e-12,9.95683038032125e-07,0.9990845966332063,25,0,10
34,6096,0.0013214427121510048,1.185867518607537e-11,1.2565626149344267e-06,0.9986773007133768,25,0,10
34,6097,0.0013178690827198901,1.1915304467343148e-11,1.33396352864332e-06,0.9986807969418378,25,0,10
34,6098,0.0013330794839574135,1.8847835161928313e-11,1.4927036422549548e-06,0.9986654277935538,25,0,10
34,6099,0.0016908362525830045,2.155245614202464e-11,1.8621286373457933e-06,0.9983073015972284,25,0,10
34,6100,0.001570289423022967,1.99413917821377e-11,1.6408468937101209e-06,0.9984280697101436,25,0,10
34,6101,0.0011053609729978389,1.931662026456887e-11,1.392480947986785e-06,0.9988932465267394,25,0,10
34,6102,0.0013119383467606602,1.5248865111402035e-11,1.3815433685982604e-06,0.9986866800946232,25,0,10
34,6103,0.001343379525961893,1.5227567248622975e-11,1.381388146861868e-06,0.9986552390706649,25,0,10
34,6104,0.0008625945456089507,1.348389558165727e-11,1.1132793224776401e-06,0.9991362921615855,25,0,10
34,6105,0.0009455666647858354,4.973425917289908e-11,1.5172225319339541e-06,0.9990529160629492,25,0,10
34,6106,0.0009974319914291528,5.197681743565351e-11,1.6030459909785783e-06,0.9990009649106045,25,0,10
34,6107,0.0013802495434728083,4.729187072481082e-11,2.3909369984976242e-06,0.9986173594722385,25,0,10
34,6108,0.00040740112303325014,3.903934669444294e-11,1.6708838480174258e-06,0.9995909279540811,25,0,10
34,6109,0.0006569520241963383,4.1668827107805207e-11,1.9978888201827055e-06,0.999341050045316,25,0,10
34,6110,0.00034348090298644377,5.272789353112611e-12,1.349752723150359e-06,0.9996551693390194,25,0,10
34,6111,0.0004654949190651504,8.484889666295015e-12,9.985549507059498e-07,0.9995335065175007,25,0,10
34,6112,0.0004825495994515415,7.925284042437088e-12,9.023546301591894e-07,0.9995165480379946,25,0,10
34,6113,0.0007757831756106179,1.578601281000141e-11,2.000268065051972e-06,0.9992222165405396,25,0,10
34,6114,0.01117580146152216,2.1195619323211237e-11,5.907478203599563e-06,0.9888182910390797,25,0,10
34,6115,0.011132208631174544,2.1320007978846328e-11,5.946343709050068e-06,0.9888618450037978,25,0,10
34,6116,0.011846078137901792,2.2459645127874844e-11,6.415632493216211e-06,0.9881475062071465,25,0,10
34,6117,0.011582009118960967,1.9540784541416386e-11,6.129219886875809e-06,0.9884118616416123,25,0,10
34,6118,0.011517847895258344,2.7773582808342622e-11,6.608528849143799e-06,0.9884755435481191,25,0,10
34,6119,0.01151530699511791,2.830753429301571e-11,6.513315994770341e-06,0.9884781796605808,25,0,10
34,6120,0.0010747815648407912,1.2550621409251545e-11,1.9828965533451496e-06,0.998923235526057,25,0,10
34,6121,0.0016198249943238604,2.2483612595382407e-11,3.208176351922171e-06,0.9983769668068421,25,0,10
34,6122,0.0016253536463010484,1.7997482966366937e-11,1.993523397673161e-06,0.9983726528123041,25,0,10
34,6123,0.0016186001531067343,1.7977638797662507e-11,5.758255263382986e-06,0.9983756415736527,25,0,10
34,6124,0.0019894414792134226,5.519662788268959e-11,8.20199991602185e-06,0.998002356465674,25,0,10
34,6125,0.0016901010007480844,2.23308145856137e-11,5.6833441652349e-06,0.9983042156327575,25,0,10
34,6126,0.012147246032604387,3.274861646716165e-11,1.2156548103545405e-05,0.987840597386544,25,0,10
34,6127,0.012054653041601636,2.672450310440132e-11,1.03017508336294e-05,0.9879350451808406,25,0,10
34,6128,0.0021210798453012852,2.951242430609076e-11,6.637070702892511e-06,0.9978722830544846,25,0,10
34,6129,0.001479809351523868,3.0027194560633183e-11,5.977587804248531e-06,0.9985142130306456,25,0,10
34,6130,0.0010741376125704676,2.3238500633127507e-11,5.5934200313744225e-06,0.9989202689441605,25,0,10
34,6131,0.0009053101941574996,5.715652429294865e-11,1.989703879386937e-06,0.999092700044808,25,0,10
34,6132,0.0006509125574636201,4.577926969721415e-11,1.4410235094829832e-06,0.999347646373249,25,0,10
34,6133,0.0007140408826054935,5.011493742772231e-11,1.786499235557291e-06,0.9992841725680447,25,0,10
34,6134,0.0007718967054695863,1.7480916081855033e-11,1.3611304542547294e-06,0.9992267421465953,25,0,10
34,6135,0.0005362356799833728,1.3285733422057543e-11,1.1353300217267766e-06,0.9994626289767099,25,0,10
34,6136,0.0005813303197149707,1.3202907828285926e-11,1.3115967811916013e-06,0.9994173580703023,25,0,10
34,6137,0.0005046511772983884,3.8335908451982644e-11,1.0082882033079696e-06,0.9994943404961638,25,0,10
34,6138,0.0006302544067559462,3.946666657321782e-11,9.470973190617419e-07,0.9993687984564597,25,0,10
34,6139,0.0006375429719907657,4.215376944475509e-11,9.860738700906343e-07,0.9993614709119863,25,0,10
34,6140,0.001554760022889395,1.6401495040870377e-11,1.3487723654978541e-06,0.9984438911883444,25,0,10
34,6141,0.0015436907862762164,1.6186308862795035e-11,1.315282782429298e-06,0.9984549939147562,25,0,10
34,6142,0.0011515919836943232,1.5690422592463662e-11,1.2223014190980757e-06,0.9988471856991974,25,0,10
34,6143,0.00034705983658811826,6.622457444616373e-12,4.445724457345122e-07,0.9996524955843449,25,0,10
34,6144,0.0009607332199254001,1.9450320288853823e-10,3.565076835072954e-06,0.9990357015087372,25,0,10
34,6145,0.0010155840193805561,1.6654888504812131e-10,3.7468800859132634e-06,0.9989806689339852,25,0,10
34,6146,0.0010025348307813506,1.6209511387407152e-10,3.597443521176115e-06,0.9989938675636043,25,0,10
34,6147,0.0012560610588876822,2.2220480035158684e-10,5.792604510150553e-06,0.9987381461143988,25,0,10
34,6148,0.017339792963569797,2.2564560244631623e-10,1.3492228323243371e-05,0.9826467145824634,25,0,10
34,6149,0.0011866614571803193,1.615054532447755e-10,3.6295690133412565e-06,0.998809708812303,25,0,10
34,6150,0.0008176614862228714,1.1555358795059351e-11,9.826701112518263e-07,0.9991813558321126,25,0,10
34,6151,0.000586344307897645,8.573252663709423e-12,8.103142998736615e-07,0.9994128453692308,25,0,10
34,6152,0.000590749055350543,4.1256638509222834e-11,9.489184771507426e-07,0.9994083019849167,25,0,10
34,6153,0.00034878038166220746,3.8958190658518533e-11,7.53070479344285e-07,0.9996504665089012,25,0,10
34,6154,0.0005015633249137921,4.426569291353377e-11,1.232247631790694e-06,0.9994972043831895,25,0,10
34,6155,0.00034748819858141516,7.428608451154489e-12,6.925687042030054e-07,0.9996518192252871,25,0,10
34,6156,0.0005269674717830046,1.4499876563342678e-11,2.799880325555394e-06,0.9994702326333935,25,0,10
34,6157,0.002280436268403737,2.9322570763488286e-11,7.173280225166831e-06,0.9977123904220506,25,0,10
34,6158,0.0012351513729323643,2.3172987637725958e-11,3.7365578697237137e-06,0.9987611120460262,25,0,10
34,6159,0.0012012020583278278,2.4974441759499092e-11,3.7794355908940563e-06,0.9987950184811077,25,0,10
34,6160,0.0016932549112021506,2.464490036946376e-11,4.2929093703995885e-06,0.9983024521547839,25,0,10
34,6161,0.0011100395168104384,2.414997154138226e-11,3.7978675133455495e-06,0.9988861625915277,25,0,10
34,6162,0.001115772926642352,2.5405142283871002e-11,3.867709881654241e-06,0.9988803593380722,25,0,10
34,6163,0.0020069949814415723,2.364845862378086e-11,3.914703191013373e-06,0.9979890902917199,25,0,10
34,6164,0.0017089459062979693,2.066706593795317e-11,2.0287653582783086e-06,0.9982890253076772,25,0,10
34,6165,0.0012538991878141995,1.8602042756870408e-11,1.7800785670985944e-06,0.9987443207150173,25,0,10
34,6166,0.0013121955587861527,2.6934736677593508e-11,1.9947942574617183e-06,0.998685809620022,25,0,10
34,6167,0.0005775412275796126,1.7914006611773057e-11,1.1800889565658842e-06,0.9994212786655513,25,0,10
34,6168,0.0008950255223908247,2.4757154403068697e-11,1.6195338961713938e-06,0.9991033549189567,25,0,10
34,6169,0.0008153375297098553,1.1337490578365983e-11,1.310455250216293e-06,0.9991833520037039,25,0,10
34,6170,0.0009202219873438569,1.1050958119881881e-11,1.1319869739853754e-06,0.9990786460146324,25,0,10
34,6171,0.0008148266917365636,1.8377626729400008e-11,1.4152553867699436e-06,0.9991837580345003,25,0,10
34,6172,0.0007802870035926297,2.207231168818309e-11,1.5510418072618507e-06,0.9992181619325287,25,0,10
34,6173,0.0005951450006591839,1.9601583556064455e-11,1.4172135717435058e-06,0.9994034377661685,25,0,10
34,6174,0.0005940558978470635,1.9547967843649206e-11,1.4387346659631901e-06,0.9994045053479401,25,0,10
34,6175,0.0005358565897673257,1.6380065321484166e-11,1.1632374136542953e-06,0.9994629801564393,25,0,10
34,6176,0.0005267077485793894,1.411359324389155e-11,1.148015670638822e-06,0.9994721442216381,25,0,10
34,6177,0.0005646040023116215,1.4044718016537472e-11,1.26410316703572e-06,0.9994341318804782,25,0,10
34,6178,0.0011398160550958102,1.644819572340667e-11,1.5813557531647074e-06,0.9988586025727034,25,0,10
34,6179,0.0012538203704152498,1.6381063602737428e-11,1.5747888692961012e-06,0.9987446048243348,25,0,10
34,6180,0.0014974330098484604,1.3333485979561177e-11,1.2832263669254817e-06,0.9985012837504519,25,0,10
34,6181,0.000820442227383925,1.108539760023845e-11,9.507756210060026e-07,0.999178606985911,25,0,10
34,6182,0.000865580390901933,1.1061081800062775e-11,1.051719274248276e-06,0.9991333678787636,25,0,10
34,6183,0.0008790860333104354,1.3380613420698093e-11,1.176266677847808e-06,0.9991197376866313,25,0,10
34,6184,0.0007002068961340062,1.0306639373174673e-11,1.0142269671348308e-06,0.9992987788665932,25,0,10
34,6185,0.0005340851482021576,1.0291019714046331e-11,1.014860767495192e-06,0.9994648999807408,25,0,10
34,6186,0.0010499788390416736,2.106676201478114e-11,1.6324086573334879e-06,0.9989483887312357,25,0,10
34,6187,0.001841728042407917,2.2949543080020276e-11,1.8869637176252233e-06,0.9981563849709262,25,0,10
34,6188,0.0015703399809868274,1.7418405505861906e-11,1.4426711604598361e-06,0.9984282173304354,25,0,10
34,6189,0.0015026576876842153,1.5563426894176674e-11,1.2799750547932895e-06,0.9984960623216986,25,0,10
34,6190,0.00037156407995464735,8.758980487607631e-12,5.458534866132155e-07,0.9996278900578006,25,0,10
34,6191,0.0006435287492179796,8.86331346169787e-12,7.666323610209498e-07,0.9993557046095581,25,0,10
34,6192,0.0008035669601070928,7.757804739984787e-12,7.862062550707691e-07,0.9991956468258805,25,0,10
34,6193,0.0008045903871323832,7.961712603285192e-12,8.131467991616421e-07,0.9991945964581072,25,0,10
34,6194,0.001362478431676461,1.6875208404011946e-11,1.378270822630216e-06,0.9986361432806262,25,0,10
34,6195,0.0008948099254510747,1.6291678758725997e-11,1.0813837249814907e-06,0.9991041086745329,25,0,10
34,6196,0.0013733961670344445,2.3820262108267548e-11,3.502902261264503e-06,0.9986231009068847,25,0,10
34,6197,0.0016687853802369286,2.8513071916266804e-11,4.483105850353123e-06,0.9983267314854001,25,0,10
34,6198,0.0011983708743926247,2.1125636680319054e-11,4.064776869843234e-06,0.9987975643276124,25,0,10
34,6199,0.000969279105027638,2.0009287979340524e-11,3.375811227753539e-06,0.9990273450637371,25,0,10
34,6200,0.0008457893848629644,2.3226430300162813e-11,5.331116297349504e-06,0.9991488794756147,25,0,10
34,6201,0.000551470723426778,1.6965629824002214e-11,2.314992678296007e-06,0.9994462142669306,25,0,10
34,6202,0.0004335309405237452,2.1998763824771014e-11,2.2176678475755867e-06,0.9995642513696313,25,0,10
34,6203,0.0007983870769974044,2.4419681871273192e-11,2.7462309130698085e-06,0.9991988666676707,25,0,10
34,6204,0.000804768636684103,2.9631921594341545e-11,2.8153668310847717e-06,0.9991924159668535,25,0,10
34,6205,0.0008193357408839028,2.9282259063393125e-11,2.8949001616980535e-06,0.9991777693296728,25,0,10
34,6206,0.0011939348404969715,1.925689368060387e-11,1.7573996999713687e-06,0.9988043077405472,25,0,10
34,6207,0.001084978906275634,1.929812548782587e-11,1.7021595479916895e-06,0.9989133189148796,25,0,10
34,6208,0.001217336794006331,1.7182761784867012e-11,1.887406280341323e-06,0.9987807757825315,25,0,10
34,6209,0.0008145593930823717,1.175434891589715e-11,1.3309920964920893e-06,0.9991841096030677,25,0,10
34,6210,0.0010179575642716714,1.4134893458902187e-11,1.97935561861536e-06,0.9989800630659764,25,0,10
34,6211,0.008899697503234362,6.883748386564251e-11,1.4105342195362398e-05,0.9910861970857338,25,0,10
34,6212,0.012370652065351937,1.5883328283607855e-10,2.1731308177436948e-05,0.9876076164676384,25,0,10
34,6213,0.012631142662910228,1.628347634908621e-10,2.2368347937000717e-05,0.9873464888263189,25,0,10
34,6214,0.008965299244584,6.83448537527002e-11,1.4176704673997972e-05,0.9910205239823975,25,0,10
34,6215,0.0007373532508487968,1.4669192312637315e-11,1.3475145875881336e-06,0.9992612992198947,25,0,10
34,6216,0.0007365473195613439,1.5653878128810686e-11,1.1725797355626282e-06,0.9992622800850494,25,0,10
34,6217,0.0010379387232354645,8.019703333981225e-11,1.5671973140940785e-06,0.9989604939992539,25,0,10
34,6218,0.0007863894073149134,7.437832433201204e-11,1.1828971187253491e-06,0.9992124276211887,25,0,10
34,6219,0.000723224225080358,7.349379582514807e-11,1.538574897586018e-06,0.9992752371265293,25,0,10
34,6220,0.0007901325748818742,7.385722446262238e-11,1.3180456673080403e-06,0.9992085493055941,25,0,10
34,6221,0.0009003854474782326,1.2837854669560956e-11,1.137164489744159e-06,0.9990984773751951,25,0,10
34,6222,0.0008580733066875801,9.767239046093886e-12,1.732837996291934e-06,0.9991401938455502,25,0,10
34,6223,0.0008146570124263095,1.2610190408719743e-11,9.31688806377958e-07,0.9991844112861584,25,0,10
34,6224,0.0008756815111900644,1.633140613782657e-11,1.110203489308828e-06,0.99912320826899,25,0,10
34,6225,0.0006335244995014625,1.2229192985661865e-11,8.746705608679144e-07,0.9993656008177096,25,0,10
34,6226,0.0019302033759995888,1.5609237123561853e-11,1.5217893257747295e-06,0.9980682748190666,25,0,10
34,6227,0.001707050462227956,2.107478812314225e-11,1.4929974677598775e-06,0.9982914565192306,25,0,10
34,6228,0.002014488279042548,5.629211209177255e-11,2.0727380566939835e-06,0.9979834389266099,25,0,10
34,6229,0.0022165132014702925,6.208326545286068e-11,2.3656869299392227e-06,0.997781121049518,25,0,10
34,6230,0.0018749532996147108,5.883326802343561e-11,2.094726771738381e-06,0.9981229519147818,25,0,10
34,6231,0.0017537424164402126,8.609781549288905e-11,1.6503288150023602e-06,0.9982446071686484,25,0,10
34,6232,0.0018098082810787972,5.572253420370466e-11,1.7125422790738565e-06,0.9981884791209208,25,0,10
34,6233,0.0008906468144171499,1.89075943611168e-11,1.2167871388820286e-06,0.9991081363795375,25,0,10
34,6234,0.0012774404932626223,1.8828311036448404e-11,1.9073913516713056e-06,0.9987206520965586,25,0,10
34,6235,0.0015794743028773003,2.5645860792094126e-11,2.3816399372170023e-06,0.9984181440315412,25,0,10
34,6236,0.0017936359025830103,2.3973741273757786e-11,2.409651810369566e-06,0.9982039544216343,25,0,10
34,6237,0.001822328432058938,2.1045556360358547e-11,2.377425317091706e-06,0.9981752941215798,25,0,10
34,6238,0.0023253433691910637,2.6410046888202356e-11,2.736013319351486e-06,0.9976719205910812,25,0,10
34,6239,0.0022651819941974997,2.4707514335164247e-11,2.5340868576165448e-06,0.9977322838942384,25,0,10
34,6240,0.007123135874341696,2.934999711721724e-11,7.884498098472444e-06,0.9928689795982107,25,0,10
34,6241,0.01080762247172627,2.0903732915799217e-11,6.187911857833498e-06,0.9891861895955134,25,0,10
34,6242,0.010785836788536502,1.9927038688390606e-11,6.113037490087718e-06,0.989208050154047,25,0,10
34,6243,0.010799325275795739,2.266522029962871e-11,6.280575513702827e-06,0.9891943941260263,25,0,10
34,6244,0.0014947140345101509,1.757526653012835e-11,1.349443080723414e-06,0.9985039365048347,25,0,10
34,6245,0.0006083368868749195,1.6895970457740892e-11,1.1018158302520813e-06,0.9993905612804003,25,0,10
34,6246,0.0005982838693165831,1.1722059527989738e-11,1.0089549748843135e-06,0.9994007071639878,25,0,10
34,6247,0.0003596463773813253,6.935843108466155e-12,5.414383213357606e-07,0.9996398121773632,25,0,10
34,6248,0.0005901577881917889,9.535120196275723e-12,8.402744773684338e-07,0.9994090019277977,25,0,10
34,6249,0.0009550584864328803,1.904258956188255e-11,1.4275968816221668e-06,0.9990435138976449,25,0,10
34,6250,0.0008190892884386102,1.643324859663335e-11,1.182144720375598e-06,0.9991797285504092,25,0,10
34,6251,0.0006626803801382071,2.0961531060219566e-11,1.2376397756999855e-06,0.9993360819591263,25,0,10
34,6252,0.0012410644908086512,2.2253914349000847e-11,1.751116811702556e-06,0.9987571843701261,25,0,10
34,6253,0.0020541679695424003,9.414549075961614e-11,8.254436903264422e-06,0.9979375774994095,25,0,10
34,6254,0.0008374959279701387,2.325507679206465e-11,1.7546952313355539e-06,0.9991607493535445,25,0,10
34,6255,0.0017330434875479442,2.3238266300524652e-11,2.0820478969729938e-06,0.9982648744413182,25,0,10
34,6256,0.0019692799479629017,2.5711112891880993e-11,2.209779853875101e-06,0.9980285102464738,25,0,10
34,6257,0.002019206307874532,2.309553635210821e-11,1.7154432312144276e-06,0.997979078225801,25,0,10
34,6258,0.0019807844410968272,2.858014444709719e-11,5.850636883987893e-06,0.9980133648934415,25,0,10
34,6259,0.002288271919724031,3.827824697505414e-11,7.868101444468744e-06,0.9977038599405554,25,0,10
34,6260,0.002104628507664205,3.2120977294295304e-11,7.583186047033434e-06,0.9978877882741696,25,0,10
34,6261,0.0020886616544786964,3.196405147690967e-11,7.574517407273562e-06,0.9979037637961519,25,0,10
34,6262,0.002031049024308654,1.748863258084575e-11,2.9825129859347862e-06,0.9979659684452177,25,0,10
34,6263,0.0014550172950928075,1.576257206721006e-11,2.5695736918726137e-06,0.9985424131154542,25,0,10
34,6264,0.0005640536272459962,1.3630816211298919e-11,2.167598434960923e-06,0.9994337787606898,25,0,10
34,6265,0.0003180219004270447,6.223504261094255e-12,4.794023788100534e-07,0.9996814986909724,25,0,10
34,6266,0.00033830069081786486,7.316212771464109e-12,5.280500461310825e-07,0.9996611712518212,25,0,10
34,6267,0.0008264553747239735,1.263006296120892e-11,3.521647251331732e-06,0.9991700229653963,25,0,10
34,6268,0.0008121742885099053,1.0444585949816215e-11,3.454393845961376e-06,0.9991843713072014,25,0,10
34,6269,0.0010871603286456868,1.4921813445018576e-11,3.971513041475901e-06,0.9989088681433925,25,0,10
34,6270,0.0005930179266495513,1.1137810416531995e-11,6.819298791185381e-07,0.9994063001323351,25,0,10
34,6271,0.001044021598316303,1.3337225829673221e-11,9.511593106967403e-07,0.9989550272290373,25,0,10
34,6272,0.0012603216708868712,1.2329825451652494e-11,1.0531275999521584e-06,0.9987386251891854,25,0,10
34,6273,0.001211911797610252,1.2383866752916104e-11,1.3283201467448158e-06,0.998786759869861,25,0,10
34,6274,0.0008347020500595547,1.3524048722746497e-11,1.2285104041321994e-06,0.9991640694260135,25,0,10
34,6275,0.011135308071009365,2.107314391959096e-11,5.414026552827422e-06,0.9888592778813657,25,0,10
34,6276,0.011175969055367526,2.1776564697300673e-11,5.218437186071117e-06,0.9888188124856704,25,0,10
34,6277,0.0010664407405320936,1.3902493652013269e-11,1.0081628065799674e-06,0.9989325510827597,25,0,10
34,6278,0.0005925353103188376,1.1198669535571786e-11,6.798311813323061e-07,0.9994067848473018,25,0,10
34,6279,0.000597800627918051,1.7109870405678323e-11,7.624403583793812e-07,0.9994014369146142,25,0,10
34,6280,0.000657080573573165,1.87351837728525e-11,9.447154255114067e-07,0.9993419746922666,25,0,10
34,6281,0.0004130360897752361,1.740963489629549e-11,8.378428445911952e-07,0.9995861260499713,25,0,10
34,6282,0.00048181690437304546,1.3440716300322897e-11,7.555463609617921e-07,0.999517427535826,25,0,10
34,6283,0.0010435258132000958,7.688236035700259e-11,3.489715903558261e-06,0.9989529843940147,25,0,10
34,6284,0.0011340414159702428,7.299443448556444e-11,3.61036235056632e-06,0.9988623481486855,25,0,10
34,6285,0.0010320792222496442,7.066715318918327e-11,3.3769512018111348e-06,0.9989645437558824,25,0,10
34,6286,0.00046291217000852267,7.807306620136282e-12,6.32142517035769e-07,0.9995364556796676,25,0,10
34,6287,0.000758732294842556,1.2743432414652422e-11,1.0832969415307012e-06,0.9992401843954728,25,0,10
34,6288,0.0006564935842662974,1.2476342751294937e-11,9.154148898041793e-07,0.9993425909883683,25,0,10
34,6289,0.0006633866056149382,1.46748653038106e-11,1.1165921625563306e-06,0.999335496787548,25,0,10
34,6290,0.0005758603264657908,1.0243789836890506e-11,8.188937869043936e-07,0.9994233207695048,25,0,10
34,6291,0.000774686601886004,1.2748162559847466e-11,1.3567816800452558e-06,0.9992239566036873,25,0,10
34,6292,0.0007251316272115131,1.0311810994168876e-11,1.1731915723463579e-06,0.9992736951709059,25,0,10
34,6293,0.0007320528874052154,1.041904061670221e-11,1.2304087931525019e-06,0.9992667166933838,25,0,10
34,6294,0.0007985613336779807,1.6692311377167456e-11,1.5389848356791766e-06,0.9991998996647952,25,0,10
34,6295,0.0007612953960229962,1.4169971172293262e-10,3.493214717118669e-06,0.9992352112475616,25,0,10
34,6296,0.0005080924189110865,1.3538113205523507e-11,1.0632023062868248e-06,0.9994908443652462,25,0,10
34,6297,0.0009151081688847144,1.4156689002989787e-11,1.1579716639554358e-06,0.9990837338452963,25,0,10
34,6298,0.0012901247230598261,1.646796364281211e-11,1.2782775843698367e-06,0.9987085969828893,25,0,10
34,6299,0.0014261167472641289,1.5578377200331205e-11,1.5940351970286564e-06,0.9985722892019622,25,0,10
34,6300,0.00048220588940586144,5.9737648263357175e-12,7.732844793764561e-07,0.9995170208201428,25,0,10
34,6301,0.00046628169706718216,5.456964450824838e-12,7.617781670634887e-07,0.9995329565193104,25,0,10
34,6302,0.000825335393761791,1.1784775553619923e-11,1.2497430734807678e-06,0.9991734148513817,25,0,10
34,6303,0.0004935206019118172,1.1119571957995941e-11,1.1190593672560713e-06,0.9995053603276033,25,0,10
34,6304,0.0010197065435134218,1.3256163814508829e-11,1.4648862823063112e-06,0.9989788285569497,25,0,10
34,6305,0.0012144859843031663,7.772210829480667e-11,1.9584165119734683e-06,0.9987835555214644,25,0,10
34,6306,0.001892054809502041,1.0263301327043056e-10,1.749439284143624e-06,0.9981061956485823,25,0,10
34,6307,0.002130223418712564,4.586071325330339e-11,1.8122172222125138e-06,0.9978679643182056,25,0,10
34,6308,0.002552152267962515,4.553055533182804e-11,2.013041531158015e-06,0.9974458346449773,25,0,10
34,6309,0.002537663149644609,4.4912618027884196e-11,1.9649891947772817e-06,0.99746037181625,25,0,10
34,6310,0.001627235271728764,4.473689735553906e-11,1.4103482075259788e-06,0.9983713543353285,25,0,10
34,6311,0.0015297936918436104,4.053086405631313e-11,1.1854498106206295e-06,0.998469020817817,25,0,10
34,6312,0.0024356988151077053,4.5148026121755414e-11,1.7797506644720615e-06,0.9975625213890814,25,0,10
34,6313,0.0018130821758677465,1.3457434364990991e-11,1.5926627449735572e-06,0.9981853251479313,25,0,10
34,6314,0.0013474196148176814,1.3312188478347512e-11,1.3419320702155886e-06,0.9986512384398012,25,0,10
34,6315,0.0013672603586280397,1.2525789556130614e-11,1.530320417804061e-06,0.9986312093084294,25,0,10
34,6316,0.00043562279499802405,1.0872838858816535e-11,1.0314602678300435e-06,0.9995633457338629,25,0,10
34,6317,0.0005505524235685084,7.855094220281673e-11,1.6389839171656808e-06,0.9994478085139649,25,0,10
34,6318,0.000775762179690046,2.26616442777741e-10,1.7748995790280048e-06,0.9992224626941162,25,0,10
34,6319,0.00048315151646797697,1.589247147413253e-10,1.1884069227014888e-06,0.9995156599176863,25,0,10
34,6320,0.0007137267668804398,1.6194295100222143e-10,1.2310771267965339e-06,0.9992850419940517,25,0,10
34,6321,0.00041555263027327223,8.536227178138286e-12,7.024903651333234e-07,0.9995837448708274,25,0,10
34,6322,0.000597452528085444,6.711394247689775e-11,2.475354206269537e-06,0.9994000720505959,25,0,10
34,6323,0.00033508909530832834,6.41571271460763e-12,6.101363386727977e-07,0.9996643007619381,25,0,10
34,6324,0.0008749926275088904,1.3099321034274958e-11,1.1472608367526206e-06,0.9991238600985558,25,0,10
34,6325,0.0008055681271806742,9.835220171609856e-12,8.728997234246048e-07,0.999193558963261,25,0,10
34,6326,0.000983108604707158,1.179335288163579e-11,1.206857233577868e-06,0.9990156845262659,25,0,10
34,6327,0.000745978967220192,1.1887620593697058e-11,1.1202786142655948e-06,0.9992529007422791,25,0,10
34,6328,0.0009226562443088688,1.3029487714567412e-11,1.1414563961426581e-06,0.9990762022862668,25,0,10
34,6329,0.0009112506767029694,1.0744247541444635e-11,1.0657146523332617e-06,0.9990876835979009,25,0,10
34,6330,0.001149981735776547,1.2866623425080316e-11,1.2197717597746217e-06,0.9988487984795978,25,0,10
34,6331,0.0011217946814469858,1.8071287752642164e-11,1.3802043392827514e-06,0.9988768250961444,25,0,10
34,6332,0.0019353707933772663,2.5954667118835456e-11,2.038740397359749e-06,0.9980625904402725,25,0,10
34,6333,0.001179987526989652,1.708268056592543e-11,1.2643250840748462e-06,0.9988187481308449,25,0,10
34,6334,0.000799418007937877,1.9310993111527367e-11,1.4230752530240508e-06,0.9991991588974994,25,0,10
34,6335,0.0010535270167823215,2.7194423644352978e-11,1.7909640606318764e-06,0.9989446819919636,25,0,10
34,6336,0.0015272665705797178,3.558488423009717e-11,2.3365772338522453e-06,0.9984703968166019,25,0,10
34,6337,0.0013393969308100663,1.134080106494031e-10,3.648164110334405e-06,0.9986569547916724,25,0,10
34,6338,0.0010892155231255272,1.0962549707284264e-10,3.375129512878249e-06,0.9989074092377366,25,0,10
34,6339,0.0007136343663666074,1.657920083811855e-11,1.2198459505939043e-06,0.9992851457711049,25,0,10
34,6340,0.0006534516213791368,1.229603895596202e-11,9.49562398348418e-07,0.9993455988039278,25,0,10
34,6341,0.0005801120421605027,9.522757525913853e-12,7.809392877588945e-07,0.9994191070090307,25,0,10
34,6342,0.0003762854976642638,8.707207313422894e-12,8.779454728776309e-07,0.9996228365481565,25,0,10
34,6343,0.00037929591438295806,8.592422654855447e-12,8.67598903410796e-07,0.999619836478122,25,0,10
34,6344,0.0005016929232497179,1.2606236935669726e-11,1.0944115558871348e-06,0.9994972126525891,25,0,10
34,6345,0.0004391228385783713,1.1534403346310846e-11,8.777036196803151e-07,0.9995599994462689,25,0,10
34,6346,0.00044127408792534145,1.1618115423771394e-11,9.69661459516595e-07,0.999557756238999,25,0,10
34,6347,0.0007381901092545416,1.536753325846977e-11,1.3014248960698487e-06,0.9992605084504832,25,0,10
34,6348,0.0004859320598633127,1.3151770576859962e-11,1.1022432597152422e-06,0.9995129656837268,25,0,10
34,6349,0.0004332379507699962,1.995012096961576e-11,2.87876404490658e-06,0.9995638832652359,25,0,10
34,6350,0.000446415550631224,2.152003149039557e-11,2.9082381489413114e-06,0.9995506761897006,25,0,10
34,6351,0.0006744523179682237,2.0007822989663717e-11,2.961960634349184e-06,0.9993225857013901,25,0,10
34,6352,0.0006235051425587115,1.7959879709444464e-11,2.8541135151604576e-06,0.9993736407259664,25,0,10
34,6353,0.0003732443036523873,1.0536368447765863e-11,2.5103213206768015e-06,0.9996242453644907,25,0,10
34,6354,0.0003736221335501323,1.2669825064088316e-11,2.5180491810720807e-06,0.9996238598045997,25,0,10
34,6355,0.00035226433566773463,1.2419204695260185e-11,2.4969479430700023e-06,0.9996452387039706,25,0,10
34,6356,0.00036228022461021284,7.2154389799860905e-12,5.431690220032833e-07,0.9996371765991537,25,0,10
34,6357,0.0004372791594024456,1.2073366279969259e-11,8.309103863422966e-07,0.999561889918139,25,0,10
34,6358,0.010854625850779918,1.704915637059935e-11,2.976965364032278e-06,0.9891423971668083,25,0,10
34,6359,0.0010416448762941236,2.0806264912460797e-11,4.805357033600666e-06,0.9989535497458677,25,0,10
34,6360,0.0014289732941745726,2.1396880454421822e-11,4.965230978509257e-06,0.9985660614534517,25,0,10
34,6361,0.0006583067032247744,1.5935934774698123e-11,4.278687979482408e-06,0.9993374145928616,25,0,10
34,6362,0.0006584986646760874,1.3723382421166388e-11,4.20294231396277e-06,0.9993372983792885,25,0,10
34,6363,0.0009012555978133316,2.0966701507548413e-11,4.6476338964985715e-06,0.9990940967473254,25,0,10
34,6364,0.0006650449564149864,1.4692861944151134e-11,1.1218864384942316e-06,0.9993338331424557,25,0,10
34,6365,0.0010535078523054818,1.2534732087424232e-11,1.0945924868574325e-06,0.9989453975426745,25,0,10
34,6366,0.001068196974914943,9.58077884168466e-12,1.0027507661693076e-06,0.9989308002647392,25,0,10
34,6367,0.0008744597902296252,1.2419080416947598e-10,6.677970815210052e-06,0.999118862114765,25,0,10
34,6368,0.0010971013518126056,1.24609709998125e-10,6.777263952324257e-06,0.9988961212596261,25,0,10
34,6369,0.001054154239337585,1.003612884026031e-11,7.944804049807488e-07,0.9989450512702226,25,0,10
34,6370,0.0008157554224291323,9.347129891895227e-12,6.610387809163795e-07,0.9991835835294439,25,0,10
34,6371,0.0008037381848638882,6.782791428142974e-12,6.697023793702563e-07,0.9991955921059748,25,0,10
34,6372,0.0005924900879735079,1.8325941340545701e-10,4.959168104105151e-06,0.999402550560664,25,0,10
34,6373,0.0005934341968129319,1.8320631457886165e-10,4.9579751139049256e-06,0.9994016076448682,25,0,10
34,6374,0.0005911622649530403,1.8207928175909615e-10,4.91768078540027e-06,0.9994039198721838,25,0,10
34,6375,0.000900331712897946,1.5563083885079357e-11,1.1031490328128222e-06,0.9990985651225073,25,0,10
34,6376,0.001123053467803382,1.6568478095254553e-11,1.972435397422805e-06,0.9988749740802324,25,0,10
34,6377,0.001795273801157137,1.7716077641757672e-11,2.724336691969535e-05,0.9981774828142086,25,0,10
34,6378,0.0008952957030681004,1.3655568279215328e-11,1.7529582977595181e-06,0.9991029513249801,25,0,10
34,6379,0.001568461326801701,1.4280010717499312e-11,2.722287664792872e-06,0.9984288163712547,25,0,10
34,6380,0.0009495502533752864,1.735092623193451e-11,1.98071930431375e-06,0.9990484690099709,25,0,10
34,6381,0.0007133297261946677,1.3781538079639436e-11,1.8165739487774221e-06,0.9992848536860761,25,0,10
34,6382,0.0005709167842998956,6.058580574007537e-12,1.4084484662665568e-06,0.9994276747611763,25,0,10
34,6383,0.0007243660876222535,1.169733718536869e-11,1.8215237581938785e-06,0.9992738123769235,25,0,10
34,6384,0.0009451418702525664,1.380212856065321e-11,1.9045847594407106e-06,0.9990529535311862,25,0,10
34,6385,0.011263974269444348,1.448489225189523e-10,1.3822889919693181e-05,0.9887222026957879,25,0,10
34,6386,0.01125823686738895,1.4503035317103115e-10,1.3071822633355934e-05,0.9887286911649489,25,0,10
34,6387,0.0008799468002902711,1.1146661814566111e-11,9.348372356619714e-07,0.9991191183513294,25,0,10
34,6388,0.0011269252884856997,1.4257683554688865e-11,1.1678278827342774e-06,0.9988719068693758,25,0,10
34,6389,0.004472561336252315,7.112156430171844e-11,4.4838491305202955e-05,0.9954826001013218,25,0,10
34,6390,0.0009378122404064545,1.2707721675643246e-11,1.0822964364227425e-06,0.9990611054504507,25,0,10
34,6391,0.0007662585792480688,1.3243912650607043e-11,1.0892574548902288e-06,0.9992326521500543,25,0,10
34,6392,0.0009425781884174726,4.4510299116554415e-11,3.388314774662696e-06,0.9990540334522988,25,0,10
34,6393,0.0010179159197466524,2.1412717582336264e-11,2.2057496025464197e-06,0.9989798783092398,25,0,10
34,6394,0.0010189869628291716,2.1038549355460116e-11,2.2465385880814513e-06,0.9989787664775462,25,0,10
34,6395,0.0010061126667626286,1.951210527420216e-11,2.1441755825571926e-06,0.9989917431381445,25,0,10
34,6396,0.0008356486339854065,1.6133389927680868e-11,9.677069493986205e-07,0.9991633836429332,25,0,10
34,6397,0.0008321006323271513,1.562689033980493e-11,9.073449513576166e-07,0.9991669920070961,25,0,10
34,6398,0.0005880935179732853,9.454704200711088e-12,6.912762984238499e-07,0.9994112151962753,25,0,10
34,6399,0.0008234412867696715,1.3649704214269539e-11,9.030830054498578e-07,0.9991756556165768,25,0,10
34,6400,0.0008146448474369393,1.2971318168111231e-11,9.001912976174709e-07,0.9991844549482957,25,0,10
34,6401,0.0008225131313604576,1.3278643345721115e-11,9.464765568873407e-07,0.9991765403788052,25,0,10
34,6402,0.00043812795173745747,1.3166132078242444e-11,8.371669009001475e-07,0.999561034868197,25,0,10
34,6403,0.0003621233178914044,5.36542453363549e-12,5.516476923670448e-07,0.9996373250290523,25,0,10
34,6404,0.0006050613367766031,8.563516557058486e-12,7.43656403846276e-07,0.9993941949982567,25,0,10
34,6405,0.0012953298962979116,9.75350522095411e-12,1.085684362275371e-06,0.9987035844095873,25,0,10
34,6406,0.0012831512886819206,7.552924083361303e-12,9.924473845226326e-07,0.9987158562563819,25,0,10
34,6407,0.0017994902988987271,9.907064063688782e-12,1.3739133927466644e-06,0.9981991357778024,25,0,10
34,6408,0.0013153314445375562,7.573164669619205e-12,1.106035782602297e-06,0.998683562512108,25,0,10
34,6409,0.002016841886722438,1.2194196981644366e-11,1.63602576643514e-06,0.9979815220753189,25,0,10
34,6410,0.0017135181977786797,1.0942267877290904e-11,1.5889867480329148e-06,0.9982848928045323,25,0,10
34,6411,0.0010244459940457504,5.3399657664147295e-12,7.73542012227039e-07,0.998974780458604,25,0,10
34,6412,0.0015062390758552782,1.46728207910581e-11,2.0876075885710583e-06,0.9984916733018845,25,0,10
34,6413,0.001517240566292256,1.2342755595814185e-11,1.3454428117093723e-06,0.9984814139785543,25,0,10
34,6414,0.000621728966853963,1.0066183363842345e-11,9.6681155150068e-07,0.9993773042115293,25,0,10
34,6415,0.0008610282936232677,1.387542986282714e-11,1.2123177990680133e-06,0.9991377593747032,25,0,10
34,6416,0.0009244242067217696,1.7040741955284263e-11,1.3640005704145878e-06,0.9990742117756678,25,0,10
34,6417,0.0010896224497252047,2.1729677363560474e-11,2.3067870489940195e-06,0.9989080707414968,25,0,10
34,6418,0.0010731399848156462,1.7827150242070174e-11,8.084835011166012e-06,0.998918775162347,25,0,10
34,6419,0.0005308101250619416,1.0622658253708397e-11,9.59834903303945e-07,0.9994682300294131,25,0,10
34,6420,0.0004169360696029785,8.413870310781578e-12,7.440083000721628e-07,0.999582319913685,25,0,10
34,6421,0.0004017594212825005,8.18734785147345e-12,7.326204163855341e-07,0.9995975079501158,25,0,10
34,6422,0.0011577950473118464,1.15375706151813e-11,4.921582668211108e-06,0.9988372833584843,25,0,10
34,6423,0.0010955436960214462,9.070513499703131e-12,4.796521060976216e-06,0.9988996597738481,25,0,10
34,6424,0.0008079183384999853,3.681101023545871e-11,9.089180660785566e-07,0.9991911727066239,25,0,10
34,6425,0.00042657913307052076,4.096036015735157e-11,9.361044616373287e-07,0.9995724847215088,25,0,10
34,6426,0.0010981636780888462,4.301433725020729e-11,1.2107923940038943e-06,0.9989006254865042,25,0,10
34,6427,0.0010642741412441377,1.0334851209819568e-11,9.490429997505405e-07,0.9989347768054226,25,0,10
34,6428,0.00041190657947508155,1.4967743658911788e-11,8.61475276017311e-07,0.9995872319302821,25,0,10
34,6429,0.023214342217646247,1.998108078700305e-11,5.8933264746432005e-06,0.9767797644358983,25,0,10
34,6430,0.0004718380288604765,1.0946104530528508e-11,9.52673081720696e-07,0.9995272092871121,25,0,10
34,6431,0.0004660641648791168,1.2104503485093183e-11,9.343050505686467e-07,0.999533001517966,25,0,10
34,6432,0.0005468596219522123,1.4779193421263562e-11,1.1322986664949988e-06,0.9994520080646025,25,0,10
34,6433,0.000607317578376985,1.6970231578075447e-11,1.1997204143220115e-06,0.9993914826842392,25,0,10
34,6434,0.0006059951977916561,1.585464736026451e-11,1.1637248838315737e-06,0.9993928410614714,25,0,10
34,6435,0.0010134253451180568,4.922933959303689e-11,1.525639934098713e-06,0.998985048965719,25,0,10
34,6436,0.0009955695251608202,1.80530229488953e-11,1.3713165194188768e-06,0.9990030591402674,25,0,10
34,6437,0.0005406397842021976,1.999762943797899e-11,1.125651733067704e-06,0.9994582345440683,25,0,10
34,6438,0.0009125693949469524,2.8442970619675867e-11,1.731136878492522e-06,0.999085699439733,25,0,10
34,6439,0.0010605776069700494,3.595099375798605e-11,2.0864782200335336e-06,0.9989373358788594,25,0,10
34,6440,0.00106665383084434,3.592723435925862e-11,2.1141338180493078e-06,0.9989312319994117,25,0,10
34,6441,0.0009741362760594234,2.7143009865419296e-11,1.3424090515210197e-06,0.9990245212877469,25,0,10
34,6442,0.0011411588363766116,9.213619753358973e-11,2.3900292934374674e-06,0.9988564510421941,25,0,10
34,6443,0.0010269182431202576,8.416757078837352e-11,2.616881370127029e-06,0.9989704647913423,25,0,10
34,6444,0.0012735658498997375,1.9176414073738007e-11,1.561258708813459e-06,0.9987248728722151,25,0,10
34,6445,0.0010370695756126381,1.79603869430605e-11,1.6106469396684483e-06,0.9989613197594873,25,0,10
34,6446,0.0005626284335992792,1.4041741148821054e-11,1.1619045429051735e-06,0.9994362096478162,25,0,10
34,6447,0.0005925173366547335,1.2322430409979309e-11,1.161802593130627e-06,0.9994063208484305,25,0,10
34,6448,0.0008931553314826912,1.094661119465687e-11,1.1947404295852873e-06,0.9991056499171418,25,0,10
34,6449,0.0009489538544908189,1.4921656651975666e-11,1.4513786300181637e-06,0.9990495947519584,25,0,10
34,6450,0.0015278520745173902,1.8284459740392066e-11,2.202742734750737e-06,0.9984699451644643,25,0,10
34,6451,0.0009655881311509054,1.507188684449403e-11,1.573971012085531e-06,0.9990328378827661,25,0,10
34,6452,0.0004150229976266871,1.0438565232592875e-11,7.85807511290815e-07,0.9995841911844249,25,0,10
34,6453,0.0005735329363990971,8.345685957180596e-12,6.917447537815502e-07,0.9994257753105025,25,0,10
34,6454,0.00037399647159177906,8.42545756870248e-12,5.342299665278056e-07,0.9996254692900176,25,0,10
34,6455,0.00041786962035515686,7.955319582344182e-12,6.270327824645929e-07,0.9995815033389088,25,0,10
34,6456,0.00034145214354269716,6.7472087837146325e-12,5.272477587942754e-07,0.9996580206019527,25,0,10
34,6457,0.00033109117532368053,8.285380564750826e-12,6.516890180187714e-07,0.9996682571273743,25,0,10
34,6458,0.000536525878920675,9.03103314279621e-12,8.919903181790064e-07,0.9994625821217319,25,0,10
34,6459,0.0008436237724292558,1.4241117984022127e-11,9.789847161329714e-07,0.9991553972286152,25,0,10
34,6460,0.0008255300300107051,1.2998130433907118e-11,8.805114194073658e-07,0.9991735894455736,25,0,10
34,6461,0.0008216361742823918,1.2553029262014026e-11,8.905817484936349e-07,0.9991774732314179,25,0,10
34,6462,0.0008963019437716838,1.271583304824875e-11,1.1220896820947566e-06,0.9991025759538323,25,0,10
34,6463,0.0008344304584497326,1.2229377951570007e-11,1.0701445970537688e-06,0.9991644993847258,25,0,10
34,6464,0.000608600131197819,1.0562002912244173e-11,8.409143560691324e-07,0.9993905589438863,25,0,10
34,6465,0.00037820209696561144,1.0042636893093181e-11,6.40902948683532e-07,0.9996211569900446,25,0,10
34,6466,0.0010718941859031432,1.8839210083592636e-11,1.3974387263067687e-06,0.998926708356532,25,0,10
34,6467,0.0013194617251890443,1.8028631044560668e-11,1.502512701003539e-06,0.9986790357440819,25,0,10
34,6468,0.00137429990042916,2.131116363859007e-11,1.7239611463243658e-06,0.9986239761171143,25,0,10
34,6469,0.0009681012719285876,1.0788391982337921e-10,1.4689607189091303e-06,0.9990304296594702,25,0,10
34,6470,0.0011923888136173683,1.1159418689572263e-10,1.6477799373311493e-06,0.9988059632948526,25,0,10
34,6471,0.0014292394733962251,2.325392685059465e-11,1.637713701993485e-06,0.9985691227896497,25,0,10
34,6472,0.001178344197155745,1.997973623002482e-11,1.3869556282383026e-06,0.9988202688272382,25,0,10
34,6473,0.0009577240550071325,1.743488632636045e-11,1.199456591276861e-06,0.9990410764709684,25,0,10
34,6474,0.0010164767888815513,1.8077916825653333e-11,1.4250598052916005e-06,0.9989820981332376,25,0,10
34,6475,0.0007783506340020647,1.853568242813819e-11,1.3458128401805356e-06,0.9992203035346242,25,0,10
34,6476,0.001207122489008208,1.1485781513323211e-10,2.9383119219872256e-06,0.9987899390842139,25,0,10
34,6477,0.0012999691657045532,1.1153989938222865e-10,2.6502404433607017e-06,0.9986973804823138,25,0,10
34,6478,0.0005901031938173762,9.111966005502563e-12,6.885967432587766e-07,0.9994092082003285,25,0,10
34,6479,0.0006611512222393235,1.407415765267635e-11,9.90534892545083e-07,0.9993378582287946,25,0,10
34,6480,0.000915748324102191,1.8718465425049954e-11,1.3266379894782136e-06,0.9990829250191904,25,0,10
34,6481,0.0011273596923047126,2.7363496879818185e-11,1.49803471721453e-06,0.9988711422456159,25,0,10
34,6482,0.0009077608313386606,2.1676760614592672e-11,1.3876909885609908e-06,0.9990908514559973,25,0,10
34,6483,0.0011512107531032017,2.4264057987381087e-11,1.5335597506599625e-06,0.9988472556628829,25,0,10
34,6484,0.0007357207227604689,1.7851502724449662e-11,1.1487208214989527e-06,0.9992631305385682,25,0,10
34,6485,0.0012081550654748196,2.0548914465493217e-11,1.416098381357794e-06,0.9987904288155965,25,0,10
34,6486,0.0013549115838722605,2.2973898795336005e-11,1.418669956228353e-06,0.9986436697231994,25,0,10
34,6487,0.0015976097135308265,1.9863524477278624e-11,1.537073922630972e-06,0.9984008531926838,25,0,10
34,6488,0.0013519467108843272,2.0291765587574468e-11,1.4299295089610442e-06,0.9986466233393158,25,0,10
34,6489,0.0021999462366396553,2.333306643535529e-11,1.8344739319088168e-06,0.9977982192660962,25,0,10
34,6490,0.0011337672956483514,2.1962090542210305e-11,1.4913973090884858e-06,0.9988647412850817,25,0,10
34,6491,0.0014112720190531613,2.5055999105429122e-11,1.714070666856808e-06,0.9985870138852256,25,0,10
34,6492,0.001403172932341667,2.490586287958954e-11,1.7193570218567883e-06,0.9985951076857325,25,0,10
34,6493,0.0013391989175708106,1.8009004195276564e-11,1.4159491544356994e-06,0.9986593851152676,25,0,10
34,6494,0.0015310374079337908,1.9558548465239693e-11,1.4550617845075823e-06,0.9984675075107248,25,0,10
34,6495,0.0020063305774075755,1.979482025410613e-11,1.8139697451438838e-06,0.9979918554330541,25,0,10
34,6496,0.00175901921946219,1.812964673150674e-11,1.6194708380040476e-06,0.9982393612915722,25,0,10
34,6497,0.0020047906640590645,2.0565648221534582e-11,2.5365724380195607e-06,0.997992672742939,25,0,10
34,6498,0.0010676433651217428,1.4401050302297653e-11,1.0866982853945805e-06,0.998931269922193,25,0,10
34,6499,0.0008339136553769883,1.3774935675524151e-11,9.804699086456467e-07,0.9991651058609403,25,0,10
34,6500,0.0008348679142880841,1.4376377530170281e-11,1.0882412605358711e-06,0.9991640438300757,25,0,10
34,6501,0.0011307809410239038,1.4620600188528256e-11,1.638416519512049e-06,0.9988675806278369,25,0,10
34,6502,0.001330927146161068,1.327187355990937e-11,1.452797420749261e-06,0.9986676200431472,25,0,10
34,6503,0.0011489686058059141,1.0143566233520089e-11,1.0821480500109517e-06,0.9988499492360015,25,0,10
34,6504,0.001174146394321012,1.4688937683847806e-11,2.0245151733064685e-06,0.9988238290758177,25,0,10
34,6505,0.001253106432416036,1.6892057036582283e-11,2.2894201014474316e-06,0.998744604130592,25,0,10
34,6506,0.001310451984945625,1.8704115791768252e-11,3.217951766644797e-06,0.9986863300445852,25,0,10
34,6507,0.001020266154155866,1.5601606529714282e-11,2.1901037716741076e-06,0.9989775437264724,25,0,10
34,6508,0.0016850202811352932,1.924376672080078e-11,4.462487135161293e-06,0.9983105172124875,25,0,10
34,6509,0.0021385297470472462,7.978019897097815e-11,6.574733332636714e-06,0.9978548954398418,25,0,10
34,6510,0.002075925360978138,7.982684119389745e-11,6.518152026894512e-06,0.9979175564071693,25,0,10
34,6511,0.0013658916951730185,7.94123831309023e-11,4.207484202728184e-06,0.9986299007412128,25,0,10
34,6512,0.0011616082934215865,1.0901827210094161e-10,4.0859338888941155e-06,0.9988343056636719,25,0,10
34,6513,0.0014813685202351074,8.189741703202846e-11,4.172083013498021e-06,0.998514459314854,25,0,10
34,6514,0.0008043009903964566,1.3694297765124286e-11,1.7294509646924496e-06,0.999193969544945,25,0,10
34,6515,0.0008588302423586998,1.2109246793386755e-11,1.7946719504949832e-06,0.9991393750735823,25,0,10
34,6516,0.001001273870898459,1.7958438918147676e-11,1.536416856138254e-06,0.9989971896942872,25,0,10
34,6517,0.000838743328711138,2.0066145608018246e-11,1.4652339416550692e-06,0.9991597914172812,25,0,10
34,6518,0.0007182070359415429,1.5863016072934205e-11,4.115672893805508e-06,0.9992776772753021,25,0,10
34,6519,0.0006702876799000969,1.3254770967191407e-11,3.9016990193680835e-06,0.9993258106078264,25,0,10
34,6520,0.000572259234287924,1.5119532520602307e-11,4.077205257053608e-06,0.9994236635453366,25,0,10
34,6521,0.0005738611762925084,1.6208292844907695e-11,4.1335279686613795e-06,0.999422005279532,25,0,10
34,6522,0.0011108002330131289,1.0347839707299816e-11,1.0641556075601206e-06,0.9988881356010326,25,0,10
34,6523,0.0007287152697023985,1.3370391540522767e-11,1.1437378633131887e-06,0.9992701409790647,25,0,10
34,6524,0.0011194648199193615,1.6768054061589896e-11,1.7223225923980276e-06,0.9988788128407213,25,0,10
34,6525,0.0005243941085143289,7.0691292826630216e-12,1.6889765301951687e-06,0.9994739169078872,25,0,10
34,6526,0.0007226687815582694,1.8711412592029508e-11,4.987888411360736e-06,0.9992723433113201,25,0,10
34,6527,0.0005364596172693147,1.2708140006835378e-11,2.0200211543067737e-06,0.9994615203488695,25,0,10
34,6528,0.0004629563544876253,1.0264698842448652e-11,1.8164081793206884e-06,0.9995352272270694,25,0,10
34,6529,0.0006963643958737803,1.0532361583159588e-11,2.0122590620410495e-06,0.9993016233345327,25,0,10
34,6530,0.00043225027730297503,7.732493816683978e-12,1.5989290065575565e-06,0.9995661507859588,25,0,10
34,6531,0.0005013872253921016,8.86704972727855e-12,1.6941854035998106e-06,0.9994969185803381,25,0,10
34,6532,0.00042642385979359905,8.323979192670675e-12,1.6138923375734283e-06,0.9995719622395457,25,0,10
34,6533,0.0013470748630525745,7.86899427247572e-12,1.850524596547899e-06,0.9986510746044828,25,0,10
34,6534,0.0006396491390585143,6.665855427348714e-12,3.2771893778014093e-06,0.9993570736648989,25,0,10
34,6535,0.0010868969097015046,6.581756630233028e-12,3.4107991538266404e-06,0.9989096922845638,25,0,10
34,6536,0.0014032979748753568,7.615099694437425e-11,4.0209574395636416e-06,0.9985926809915351,25,0,10
34,6537,0.001334717902928734,7.812837577560675e-11,3.245541343373535e-06,0.9986620364776004,25,0,10
34,6538,0.0015603435760606404,8.071798652260165e-11,3.3600317454904036e-06,0.9984362963114769,25,0,10
34,6539,0.0011408718290379643,2.0750647826702875e-10,3.735581757442668e-06,0.9988553923816995,25,0,10
34,6540,0.0013219975799523115,1.3420668840516908e-11,1.162312332865213e-06,0.9986768400942952,25,0,10
34,6541,0.001784425856883405,1.615910642933412e-11,1.4341279823027857e-06,0.9982141399989763,25,0,10
34,6542,0.001490098331791769,1.1391608408730833e-11,1.1115594328253573e-06,0.9985087900973848,25,0,10
34,6543,0.0013948197938967008,1.5789580403287485e-11,2.3252290772717935e-06,0.9986028549612379,25,0,10
34,6544,0.0011593282441531305,1.6506504989870868e-11,2.2334826181732468e-06,0.9988384382567232,25,0,10
34,6545,0.0010144597042885332,1.6489390605296757e-11,2.264053849981877e-06,0.998983276225373,25,0,10
34,6546,0.0016361772351020697,1.815146079506884e-11,2.4171161878145256e-06,0.9983614056305602,25,0,10
34,6547,0.0016163876413965927,1.8138236784060286e-11,2.488230872625939e-06,0.9983811241095938,25,0,10
34,6548,0.0011700374203594064,1.8497241236463557e-11,3.950913676623838e-06,0.998826011647468,25,0,10
34,6549,0.001491238875875711,1.768988840736916e-11,2.986380943415873e-06,0.9985057747254927,25,0,10
34,6550,0.0014085583817467337,1.9359627117779982e-11,3.3127197324764434e-06,0.9985881288791623,25,0,10
34,6551,0.002041534211770168,8.054459141888374e-11,5.455738723177284e-06,0.997953009968963,25,0,10
34,6552,0.001761771297405788,7.735399337246544e-11,3.876826105452004e-06,0.9982343517991363,25,0,10
34,6553,0.002096069017574617,8.15661141263703e-11,4.352106505344261e-06,0.9978995787943554,25,0,10
34,6554,0.0018516092455006141,7.842004298648341e-11,4.0915132582398155e-06,0.9981442991628227,25,0,10
34,6555,0.001670143180951621,7.715067121787139e-11,3.8140244415074133e-06,0.9983260427174571,25,0,10
34,6556,0.002079320802510588,1.4093530558348905e-10,5.421391959443275e-06,0.9979152576645951,25,0,10
34,6557,0.002077209104791935,1.399764390953934e-10,5.398937284015236e-06,0.9979173918179484,25,0,10
34,6558,0.001337234984331479,7.546338991908515e-11,3.349155493860847e-06,0.9986594157847118,25,0,10
34,6559,0.0011294962852072905,7.483795205167462e-11,3.1162890435024746e-06,0.998867387350912,25,0,10
34,6560,0.001187599516692713,7.228810417344794e-11,3.1974841288277556e-06,0.9988092029268916,25,0,10
34,6561,0.0018881940839156686,8.149035253485694e-11,5.548056611411057e-06,0.9981062577779838,25,0,10
34,6562,0.0015660820488189648,7.682458513068823e-11,3.352604635281934e-06,0.9984305652697222,25,0,10
34,6563,0.001683221835471733,7.785812273400007e-11,3.5977298617524466e-06,0.9983131803568095,25,0,10
34,6564,0.001863453665551706,7.599331765713215e-11,3.6094985043744762e-06,0.9981329367599528,25,0,10
34,6565,0.0014036315328319457,7.748821792181171e-11,3.4492901431407338e-06,0.9985929190995385,25,0,10
34,6566,0.0010040230650583742,2.0102806934790957e-11,1.4090924830590263e-06,0.9989945678223577,25,0,10
34,6567,0.0009437445498711535,1.6746475232626903e-11,1.2115020803731594e-06,0.9990550439313037,25,0,10
34,6568,0.0008140252181867817,1.1783757288295932e-11,1.029604790701532e-06,0.9991849451652399,25,0,10
34,6569,0.0007665640127740153,1.4401265607437404e-11,1.0129394784538783e-06,0.999232423033347,25,0,10
34,6570,0.0005804336031986721,1.122441800802301e-11,7.856166716770775e-07,0.999418780768906,25,0,10
34,6571,0.0005912876212185854,1.0347459711144708e-11,7.561761198575669e-07,0.9994079561923153,25,0,10
34,6572,0.0006040181535016272,9.32559339203106e-12,7.581297456878476e-07,0.9993952237074275,25,0,10
34,6573,0.0006038192565594649,9.305422622552238e-12,7.574840152023241e-07,0.9993954232501207,25,0,10
34,6574,0.0005906152931516492,9.681461830055051e-12,7.352858817944164e-07,0.9994086494112863,25,0,10
34,6575,0.0005794401716519827,8.608786342406636e-12,7.016436127412772e-07,0.9994198581761278,25,0,10
34,6576,0.001035599104492696,9.560480877659498e-12,9.981508422365846e-07,0.998963402735106,25,0,10
34,6577,0.0016930107156313066,7.338718974056357e-12,8.650271708355354e-06,0.9982983390053229,25,0,10
34,6578,0.0017489079130667562,8.097019170810717e-12,8.73717866168227e-06,0.9982423549001758,25,0,10
34,6579,0.0017530293131422234,8.231106332540087e-12,8.749388838896107e-06,0.9982382212897888,25,0,10
34,6580,0.001535879078609896,1.8302995516646583e-10,8.675337871438258e-06,0.9984554454004899,25,0,10
34,6581,0.0014711432248250107,1.8239568298038432e-10,8.528225590306859e-06,0.9985203283671907,25,0,10
34,6582,0.001546624934798807,1.880243836079219e-10,9.31874384276006e-06,0.9984440561333358,25,0,10
34,6583,0.001535885794999669,1.8550026713548865e-10,8.977873621051015e-06,0.998455136145881,25,0,10
34,6584,0.001944467346973861,1.8901874260657797e-10,9.058139601604408e-06,0.9980464743244076,25,0,10
34,6585,0.0020428399189543244,2.2521087337558557e-10,1.3664612307865479e-05,0.9979434952435285,25,0,10
34,6586,0.0009280434300917693,2.2940687394229912e-10,5.763067600777256e-06,0.9990661932729026,25,0,10
34,6587,0.0010446081949735272,2.0432926955402814e-10,3.5184904707006417e-06,0.998951873110228,25,0,10
34,6588,0.0008719708901275826,2.799896692573721e-11,3.4094672911146313e-06,0.9991246196145834,25,0,10
34,6589,0.0011645587768063415,3.3816573225309606e-11,3.925986246808785e-06,0.9988315152031316,25,0,10
34,6590,0.0008430310968290931,2.7576839288271236e-11,3.640792572299344e-06,0.9991533280830237,25,0,10
34,6591,0.0005767619490922935,1.966075937468242e-11,1.086566668897761e-06,0.9994221514645801,25,0,10
34,6592,0.003926200739165087,1.5988046561796606e-11,3.457173970684161e-06,0.9960703420708774,25,0,10
34,6593,0.001679569878558095,4.412653565244832e-11,4.296446309234027e-06,0.998316133631008,25,0,10
34,6594,0.0017493819356003257,4.631576240496206e-11,4.376333426720387e-06,0.9982462416846587,25,0,10
34,6595,0.0019196041605814202,4.565580671975569e-11,4.7340426080540275e-06,0.9980756617511563,25,0,10
34,6596,0.0013928604543431281,4.2171940651034475e-11,4.037686783731487e-06,0.9986031018167028,25,0,10
34,6597,0.00041203726005529487,9.950502347610858e-12,9.405051946732972e-07,0.9995870222248012,25,0,10
34,6598,0.0012918642130001913,1.2316128212149469e-11,1.530875209530595e-06,0.9987066048994753,25,0,10
34,6599,0.0012868573662271746,1.1157716495334212e-11,1.4648521584070394e-06,0.9987116777704574,25,0,10
34,6600,0.0010341415490741324,7.195244439563323e-12,8.033321777290712e-07,0.998965055111553,25,0,10
34,6601,0.0008725094127091517,1.1451823396635408e-11,1.0439136817085685e-06,0.9991264466621572,25,0,10
34,6602,0.0008347538837050117,1.5813850923519874e-11,1.0560317005820583e-06,0.999164190068781,25,0,10
34,6603,0.0006459167399379779,1.7563857227037312e-11,1.1799895397421599e-06,0.9993529032529597,25,0,10
34,6604,0.0006988176530824792,1.9626296807549557e-11,1.322028941761196e-06,0.9992998602983509,25,0,10
34,6605,0.0013874601776566276,2.0469742440256058e-11,1.8012720261726806e-06,0.9986107385298488,25,0,10
34,6606,0.0018372892350850155,2.3400851449907475e-11,2.0379742998646477e-06,0.9981606727672159,25,0,10
34,6607,0.0010883032604237135,1.403783686411502e-11,1.2791545026514277e-06,0.9989104175710378,25,0,10
34,6608,0.0010927450242561045,1.3057158638275982e-11,1.2709216445584968e-06,0.9989059840410438,25,0,10
34,6609,0.0008670110321471753,1.0400667515578314e-11,1.026204708456628e-06,0.9991319627527452,25,0,10
34,6610,0.0006025089801165122,1.2269392249770829e-11,7.278302403676677e-07,0.9993967631773748,25,0,10
34,6611,0.0006085410852362558,1.2329429408818336e-11,7.347643709646269e-07,0.9993907241380646,25,0,10
34,6612,0.00043360899737280667,1.02073544171321e-11,7.620582643912321e-07,0.9995656289341567,25,0,10
34,6613,0.0011160345468018836,1.7889237719235496e-11,2.9428459194307817e-06,0.9988810225893902,25,0,10
34,6614,0.0008900229373382523,1.373733823482581e-11,1.0542719707223903e-06,0.9991089227769551,25,0,10
34,6615,0.0017806951351066209,1.6345603388320402e-11,1.4805599927974737e-06,0.9982178242885569,25,0,10
34,6616,0.0016983017341643083,1.4116802851634405e-11,1.6963652896674854e-06,0.9983000018864301,25,0,10
34,6617,0.0005386092504006697,1.0725789797646512e-11,1.5007925042220897e-06,0.9994598899463698,25,0,10
34,6618,0.0007250018777142471,1.479908573561967e-11,1.738445730909477e-06,0.9992732596617562,25,0,10
34,6619,0.000712934653750212,1.4706196321191112e-11,1.7499323995536092e-06,0.9992853153991454,25,0,10
34,6620,0.0007058011530633602,1.1048943047169763e-11,1.2045926258082777e-06,0.9992929942432635,25,0,10
34,6621,0.000764811533998971,1.3240935111173867e-11,1.40017455959055e-06,0.9992337882782019,25,0,10
34,6622,0.004355311024278914,3.06813928455211e-11,1.026416634669705e-05,0.995634424778694,25,0,10
34,6623,0.0008121551380117517,8.859888199289992e-12,7.62362723261267e-07,0.9991870824904064,25,0,10
34,6624,0.0009038688429525369,1.3744119995230146e-11,1.137321231480876e-06,0.9990949938220737,25,0,10
34,6625,0.0018353287693235031,7.801027038785942e-11,3.5313384285459263e-06,0.9981611398142392,25,0,10
34,6626,0.0009043200563067261,1.4760299543233736e-11,1.2257398653519749e-06,0.9990944541890694,25,0,10
34,6627,0.0008171125623106205,2.0405771217922217e-11,1.7981059331795505e-06,0.9991810893113522,25,0,10
34,6628,0.0007065331533849192,2.3471117897776797e-11,2.0185659546463463e-06,0.9992914482571907,25,0,10
34,6629,0.0005643456850909895,1.8708738495378853e-11,1.4623641684551347e-06,0.9994341919320339,25,0,10
34,6630,0.005102822413316738,3.957458620470337e-10,5.3558113383845686e-05,0.9948436190775546,25,0,10
34,6631,0.004453593417155797,3.311471776901579e-10,5.1338632428134075e-05,0.9954950676192703,25,0,10
34,6632,0.0049255860865761916,3.3091958276795273e-10,5.156561887812828e-05,0.9950228479636277,25,0,10
34,6633,0.004928266478304977,3.2921116727036486e-10,5.143353767113434e-05,0.9950202996548141,25,0,10
34,6634,0.0042286686079464,2.668163900604692e-10,4.7833879690551415e-05,0.9957234972455484,25,0,10
34,6635,0.0006722929310444693,1.4392667017006169e-11,1.1941077247878463e-06,0.9993265129468396,25,0,10
34,6636,0.001354219034948846,1.6166455090872876e-11,1.5441559755014791e-06,0.9986442367929108,25,0,10
34,6637,0.0013029771372378093,1.1243841476424738e-11,1.2410471042184653e-06,0.9986957818044161,25,0,10
34,6638,0.0003984918466872021,6.345620395500846e-12,6.875269232382662e-07,0.9996008206200456,25,0,10
34,6639,0.0006223536099139701,9.458475617304598e-12,7.859019301794554e-07,0.9993768604786988,25,0,10
34,6640,0.0003401535726851402,5.101181899806626e-12,4.654853328829602e-07,0.9996593809368827,25,0,10
34,6641,0.00033623267089489997,5.103046339961587e-12,4.673240003933313e-07,0.9996633000000036,25,0,10
34,6642,0.01085432522696664,1.2149813094760964e-10,1.0180518917235974e-05,0.9891354941326198,25,0,10
34,6643,0.0007812193633859637,8.76736243999052e-12,7.685122976439284e-07,0.9992180121155511,25,0,10
34,6644,0.0010147038848369082,1.1390954104133564e-11,1.0316661690599778e-06,0.998984264437605,25,0,10
34,6645,0.0008181977525954493,1.50538528521829e-11,1.1046320662004845e-06,0.9991806976002867,25,0,10
34,6646,0.0006018073303582202,1.2434796501178727e-11,7.546025153597395e-07,0.9993974380546937,25,0,10
34,6647,0.0005958798537858341,1.1340067486170674e-11,7.755996639428265e-07,0.9994033445352117,25,0,10
34,6648,0.0007171179634983112,4.561364105517274e-11,3.4227548542649024e-06,0.9992794592360358,25,0,10
34,6649,0.0004896052451181021,1.41794772995259e-11,1.0614109813374626e-06,0.9995093333297222,25,0,10
34,6650,0.0008007038651711523,1.6993324704547365e-11,1.325740444780552e-06,0.9991979703773914,25,0,10
34,6651,0.0007244590114433047,1.435419348448422e-11,1.1420139043304285e-06,0.9992743989602993,25,0,10
34,6652,0.0004959666947487197,1.3807661204344371e-11,1.0372984324975254e-06,0.9995029959930122,25,0,10
34,6653,0.0006749764356363378,8.178490482229071e-11,1.3365688857256643e-06,0.9993236869136943,25,0,10
34,6654,0.0006981777947749129,8.085281398617958e-11,1.3832957278203732e-06,0.999300438828646,25,0,10
34,6655,0.00047892612467915737,1.1307316970988789e-11,9.912792123706622e-07,0.9995200825848026,25,0,10
34,6656,0.0012145718136056453,1.62492584179507e-11,1.6396337258647116e-06,0.9987837885364201,25,0,10
34,6657,0.0015679219301584042,2.1546443387643474e-11,2.095114577406629e-06,0.9984299829337189,25,0,10
34,6658,0.0009682235420288487,2.318086617920601e-11,1.9620166797636295e-06,0.9990298144181111,25,0,10
34,6659,0.0009603802793535603,2.5501306772415537e-11,1.9401965100191894e-06,0.9990376794986358,25,0,10
34,6660,0.0007338957669500991,2.1416126644174484e-11,1.6536608081233757e-06,0.9992644505508266,25,0,10
34,6661,0.001250345149284702,1.7100736017854082e-11,1.6062339904792985e-06,0.9987480485996252,25,0,10
34,6662,0.0013564082734059263,1.82775798720808e-11,1.8874042296558478e-06,0.9986417043040884,25,0,10
34,6663,0.001226973344136726,1.5074486739257185e-11,1.6156674304633487e-06,0.99877141097336,25,0,10
34,6664,0.0012395069902467184,1.5643958932890615e-11,1.6121667896280583e-06,0.9987588808273214,25,0,10
34,6665,0.0005510198130252014,1.2922688516934912e-11,1.163594741277368e-06,0.9994478165793127,25,0,10
34,6666,0.00045054705560744804,1.2277160288933974e-11,9.901801839040246e-07,0.9995484627519331,25,0,10
34,6667,0.0007848819479733623,4.773631855688427e-11,3.4985191592333997e-06,0.9992116194851325,25,0,10
34,6668,0.0006450213047024043,9.16249608281226e-12,8.394451109765251e-07,0.9993541392410255,25,0,10
34,6669,0.00071164415401664,1.1167594417871377e-11,1.047165394639843e-06,0.9992873086694223,25,0,10
34,6670,0.001221269223031725,4.7348205528231046e-11,4.451052603214816e-06,0.9987742796770185,25,0,10
34,6671,0.0012269127377440238,4.9384790303312636e-11,5.434034292957662e-06,0.9987676531785796,25,0,10
34,6672,0.0012924370968895287,5.249492232627346e-11,5.491059699700003e-06,0.998702071790918,25,0,10
34,6673,0.0012428088232875776,5.353563808885877e-11,4.627059408998399e-06,0.9987525640637698,25,0,10
34,6674,0.0011728507156628322,4.768518137732315e-11,4.364883022747702e-06,0.9988227843536309,25,0,10
34,6675,0.001167818751411748,4.948172225460104e-11,4.526539430382376e-06,0.9988276546596776,25,0,10
34,6676,0.01166841924872862,9.36543732061134e-11,1.1507113260470294e-05,0.9883200735443584,25,0,10
34,6677,0.012374630450501087,9.588532584870583e-11,1.1885427319049763e-05,0.9876134840262963,25,0,10
34,6678,0.0019896933879898805,8.560427872702926e-11,7.911978808310507e-06,0.9980023945476,25,0,10
34,6679,0.0053807695794678735,8.891108610986914e-11,1.0812468918370612e-05,0.9946084178627046,25,0,10
34,6680,0.01733075090279721,8.203695189393105e-11,9.65993339144614e-06,0.9826595890817758,25,0,10
34,6681,0.001715197651452554,7.893946263893893e-11,4.66436723964687e-06,0.9982801379023699,25,0,10
34,6682,0.0009987200959147083,4.860663574354819e-11,4.288325554801543e-06,0.9989969915299258,25,0,10
34,6683,0.0012361228930005902,5.1185227590886484e-11,4.554402933111743e-06,0.9987593226528828,25,0,10
34,6684,0.0012205151660814211,4.7506211992886515e-11,4.386988634174887e-06,0.9987750977977803,25,0,10
34,6685,0.001046338163534658,4.7937027764130186e-11,4.403227389520632e-06,0.9989492585611405,25,0,10
34,6686,0.0010488879220468606,4.9996170746454545e-11,4.4537580869206836e-06,0.9989466582698724,25,0,10
34,6687,0.0010494720864670576,5.0073223415892855e-11,4.455172431435829e-06,0.9989460726910302,25,0,10
34,6688,0.0012001388929662132,5.853894836171402e-11,4.868573513577072e-06,0.9987949924749825,25,0,10
34,6689,0.0010641805472969411,5.115386087610194e-11,4.4809246559063735e-06,0.9989313384768944,25,0,10
34,6690,0.0006492848269624088,1.2298026832817551e-11,1.0330852721925774e-06,0.9993496820754691,25,0,10
34,6691,0.0009912350804352906,2.3174861237268265e-11,1.5860819649058392e-06,0.9990071788144265,25,0,10
34,6692,0.00048482851254666627,1.4256674716813521e-11,1.0635633512744063e-06,0.999514107909847,25,0,10
34,6693,0.0003588112574169559,8.98203623765008e-12,6.363463737654184e-07,0.9996405523872288,25,0,10
34,6694,0.0006186334074587238,1.18631723447503e-11,1.045653948836269e-06,0.9993803209267305,25,0,10
34,6695,0.0005992291781512525,8.728075511356688e-12,7.730760952811175e-07,0.9993999977370274,25,0,10
34,6696,0.001305292948366877,1.0217893569033982e-10,3.0413443227571556e-06,0.9986916656051328,25,0,10
34,6697,0.0012973132214263447,1.0196376094517366e-10,3.0622945868704813e-06,0.9986996243820246,25,0,10
34,6698,0.0011756634625600657,1.014277923714701e-10,3.0776537086490394e-06,0.9988212587823052,25,0,10
34,6699,0.0006900039861091194,1.0008090076341666e-11,1.0371853731291772e-06,0.9993089588185115,25,0,10
34,6700,0.0004618505384793662,9.114097843000768e-12,1.678618147615272e-06,0.9995364708342608,25,0,10
34,6701,0.0012638672596055533,1.1977224130672207e-11,5.463539767925902e-06,0.998730669188651,25,0,10
34,6702,0.0012678615819504996,1.2861873733272753e-11,5.547793617022873e-06,0.9987265906115723,25,0,10
34,6703,0.0013888601535577724,1.3349830656093366e-11,5.815490084325659e-06,0.9986053243430093,25,0,10
34,6704,0.001304265214415265,1.1352917215610341e-11,5.1712326279579185e-06,0.9986905635416048,25,0,10
34,6705,0.0025912913414820795,1.9826759792557315e-11,6.669053677682733e-06,0.997402039585014,25,0,10
34,6706,0.0018303895301768245,1.3910383472160284e-11,1.7864623302812176e-06,0.9981678239935831,25,0,10
34,6707,0.0007155909754706775,9.254950776377171e-12,1.0951329474661164e-06,0.9992833138823284,25,0,10
34,6708,0.00048198877333727625,8.690814102454878e-12,8.507822415418889e-07,0.9995171604357325,25,0,10
34,6709,0.0007352134324807698,1.0856656430117608e-11,9.533676255904449e-07,0.9992638331890389,25,0,10
34,6710,0.0007169389528632228,8.555240757629407e-12,8.7043913042489e-07,0.9992821905994532,25,0,10
34,6711,0.0007054623070184419,9.543291643765606e-12,9.430913532473209e-07,0.9992935945920871,25,0,10
34,6712,0.0009160789639359025,1.2114484225252656e-11,1.0365145068629886e-06,0.9990828845094442,25,0,10
34,6713,0.0011477417094217686,1.5103061987282155e-11,1.1769652944215338e-06,0.9988510813101827,25,0,10
34,6714,0.001272438314841702,1.629056951314673e-11,1.3285219920317004e-06,0.9987262331468777,25,0,10
34,6715,0.0008033358794798058,9.50674785708024e-12,8.72773479624328e-07,0.9991957913375358,25,0,10
34,6716,0.00046375775755235047,1.3642478244582406e-11,1.0533704113652991e-06,0.9995351888583954,25,0,10
34,6717,0.000637361378049417,1.0995134481536437e-11,9.193993696566558e-07,0.9993617192115868,25,0,10
34,6718,0.0010312142469364432,1.4263065100343784e-11,1.0676007574486133e-06,0.9989677181380442,25,0,10
34,6719,0.0013322407692450261,1.952804628844782e-11,1.5042286065020533e-06,0.9986662549826221,25,0,10
34,6720,0.001323908706698368,1.79952948016131e-11,1.33548586654405e-06,0.9986747557894406,25,0,10
34,6721,0.004668335449587924,2.4180533132966642e-11,5.674848994331285e-06,0.9953259896772377,25,0,10
34,6722,0.004565326572675892,2.0892726757079775e-11,7.385455103119797e-06,0.9954272879513291,25,0,10
34,6723,0.004726334799311674,2.0590047604076506e-11,7.338164936582468e-06,0.9952663270151622,25,0,10
34,6724,0.004702603002086108,2.2091963308230047e-11,5.662935680975775e-06,0.9952917340401415,25,0,10
34,6725,0.001248234313558359,1.4281334334436173e-11,1.4815937145569913e-06,0.9987502840784462,25,0,10
34,6726,0.0012712967744430725,1.554399621256497e-11,1.5864902903497822e-06,0.9987271167197236,25,0,10
34,6727,0.0011946233764748527,1.4023650803410803e-11,1.4296142964957174e-06,0.998803946995206,25,0,10
34,6728,0.0011914197001958796,1.7191228632227612e-11,1.6301592086672973e-06,0.9988069501234053,25,0,10
34,6729,0.001400336287323401,1.498619004487839e-11,1.5558341304108632e-06,0.9985981078635611,25,0,10
34,6730,0.0011894109965799521,1.749556296863507e-11,1.5079583481525594e-06,0.9988090810275775,25,0,10
34,6731,0.0009330624187024109,1.4186347453573973e-11,1.233869306520256e-06,0.999065703697806,25,0,10
34,6732,0.0013932527339485662,1.8359971783861023e-11,1.574504064606283e-06,0.9986051727436283,25,0,10
34,6733,0.0010027002220462016,1.774532579513281e-11,1.4514482891478836e-06,0.9989958483119203,25,0,10
34,6734,0.0009117284792415541,1.1958149620555444e-11,1.103756038449478e-06,0.9990871677527636,25,0,10
34,6735,0.0005209107068442827,1.6077812924754593e-11,1.0632393867134275e-06,0.9994780260376929,25,0,10
34,6736,0.0005349990500084482,1.6078146076988023e-11,1.060234920510189e-06,0.9994639406989946,25,0,10
34,6737,0.0006410828621093978,1.679509664211607e-11,1.539523677618869e-06,0.9993573775974194,25,0,10
34,6738,0.0005766253383183514,1.6910521393092483e-11,1.3685248282035771e-06,0.9994220061199448,25,0,10
34,6739,0.0005240629700575667,1.3816599474531615e-11,1.1246690511726087e-06,0.9994748123470761,25,0,10
34,6740,0.00035779001120493355,9.45169697753228e-12,6.714730941753724e-07,0.9996415385062505,25,0,10
34,6741,0.0003510675705849051,9.546065075105919e-12,6.778162205043663e-07,0.9996482546036498,25,0,10
34,6742,0.0006533754542981762,1.1131172403978657e-11,9.470547968055092e-07,0.9993456774797751,25,0,10
34,6743,0.0006817554520523666,1.803299690356147e-11,1.2326145110587981e-06,0.999317011915405,25,0,10
34,6744,0.0010842798737549922,1.6866281748348844e-11,1.3572434212744353e-06,0.9989143628659575,25,0,10
34,6745,0.0013521789318924498,1.927884773100953e-11,1.82392020749329e-06,0.9986459971286216,25,0,10
34,6746,0.001274074862676887,1.5786868581813374e-11,1.2655143565912103e-06,0.9987246596071799,25,0,10
34,6747,0.0012726595958293802,1.572608328830334e-11,1.2326922829440233e-06,0.9987261076961624,25,0,10
34,6748,0.001281701943071262,1.5848719356045603e-11,1.3448909334702844e-06,0.9987169531501475,25,0,10
34,6749,0.0006630495849782709,1.3872329759847406e-11,1.052942000928798e-06,0.9993358974591494,25,0,10
34,6750,0.0008368108388942396,1.8292964613619908e-11,1.456943475401797e-06,0.9991617321993386,25,0,10
34,6751,0.0005775529072908428,1.3713571695412402e-11,1.1918158927918816e-06,0.9994212552631042,25,0,10
34,6752,0.0006499847925615604,1.2132627075116295e-11,9.808449792890155e-07,0.9993490343503284,25,0,10
34,6753,0.0006092437375613025,1.7031808283021522e-11,1.4120446710654614e-06,0.9993893442007376,25,0,10
34,6754,0.0006082529260535154,1.734599980854637e-11,1.4724583742474538e-06,0.9993902745982274,25,0,10
34,6755,0.00047783703594413596,1.4562291380863074e-11,1.1090893892107804e-06,0.9995210538601058,25,0,10
34,6756,0.000549424550014993,1.6209294668940258e-11,1.2767365214670398e-06,0.9994492986972561,25,0,10
34,6757,0.0011347221938221564,2.3320215934463264e-11,1.9958683251010324e-06,0.9988632819145341,25,0,10
34,6758,0.0013142529732827412,2.4362480619034025e-11,1.9691450461463945e-06,0.9986837778573096,25,0,10
34,6759,0.0006013349333528347,1.4465664223817757e-11,1.1748237464330752e-06,0.999397490228436,25,0,10
34,6760,0.0004275878323796251,1.286381059577488e-11,8.178835003369658e-07,0.9995715942712573,25,0,10
34,6761,0.0006660736387286159,1.6011874992000428e-11,1.0780538220770439e-06,0.9993328482914385,25,0,10
34,6762,0.0006107366099981986,9.341761465726551e-12,8.766901940351064e-07,0.9993883866904676,25,0,10
34,6763,0.00061130799351206,9.365351046206736e-12,8.28735854067782e-07,0.9993878632612706,25,0,10
34,6764,0.0010579812211152658,4.0942425205296315e-11,1.069099626900405e-06,0.9989409496383171,25,0,10
34,6765,0.003782504641160422,4.770559004163667e-11,5.137512781954095e-06,0.9962123577983533,25,0,10
34,6766,0.0037951174986181092,4.7116604221543834e-11,5.341322032433805e-06,0.9961995411322334,25,0,10
34,6767,0.0007499863580857121,1.2929554914097354e-11,1.3083417546039026e-06,0.9992487052872312,25,0,10
34,6768,0.0007248546541362567,1.0731318215394088e-11,1.1942113682774015e-06,0.999273951123765,25,0,10
34,6769,0.0008230770457193535,7.969865731442936e-12,9.156690287572324e-07,0.9991760072772826,25,0,10
34,6770,0.0008287608636051784,8.209896610861043e-12,9.617660344230429e-07,0.9991702773621514,25,0,10
34,6771,0.0008187803627575548,7.50098438815507e-12,8.089655642385459e-07,0.9991804106641783,25,0,10
34,6772,0.0008211022859877837,8.698542269725073e-12,8.516313215938416e-07,0.9991780460739935,25,0,10
34,6773,0.000997819950805621,7.648905317048202e-11,4.667315729724638e-06,0.9989975126569774,25,0,10
34,6774,0.0012950724393107332,2.2755960860423933e-10,5.7839953941005725e-06,0.9986991433377372,25,0,10
34,6775,0.0011424887820874032,2.3574095362190487e-10,5.917391577696713e-06,0.9988515935905959,25,0,10
34,6776,0.0008469554390015205,2.300067717454015e-10,4.762866340036711e-06,0.999148281464654,25,0,10
34,6777,0.0005346600588333169,7.230657567442496e-11,4.249202815701013e-06,0.9994610906660469,25,0,10
34,6778,0.0010362648256542278,8.164040152950969e-11,5.301625875195713e-06,0.9989584334668316,25,0,10
34,6779,0.001128979402010853,8.012796439146484e-11,5.07674228075981e-06,0.9988659437755818,25,0,10
34,6780,0.0005905390841352984,9.461678448203588e-12,9.246470173958109e-07,0.9994085362593873,25,0,10
34,6781,0.00033405303833174333,6.2228113142622285e-12,5.300630563025626e-07,0.9996654168923902,25,0,10
34,6782,0.0006867196814668496,8.37294286454559e-12,8.23084439064612e-07,0.9993124572257227,25,0,10
34,6783,0.00047613363827377986,9.496780978488188e-12,8.668467690291904e-07,0.9995229995054616,25,0,10
34,6784,0.00041429592547005944,6.893504481754e-12,6.798179860377146e-07,0.999585024249651,25,0,10
34,6785,0.0005588715613164953,8.791143225243808e-12,1.0129292329048716e-06,0.9994401155006608,25,0,10
34,6786,0.0005629675953853344,8.821888599995264e-12,1.0111214090867722e-06,0.9994360212743852,25,0,10
34,6787,0.0008026254763987262,9.488576524977085e-12,1.182276381792696e-06,0.9991961922377323,25,0,10
34,6788,0.004028650535471954,1.743996765311995e-11,8.122042963505767e-06,0.995963227404126,25,0,10
34,6789,0.010965723158184686,1.3942737324780935e-11,5.502296934121494e-06,0.98902877453094,25,0,10
34,6790,0.01096573857511622,1.5101634362403525e-11,5.557462976206585e-06,0.9890287039468078,25,0,10
34,6791,0.0006657140821542659,1.539758833731553e-11,1.4474229421953507e-06,0.9993328384795067,25,0,10
34,6792,0.0008989750966498257,1.2168153531830615e-11,7.648037498113444e-06,0.9990933768536844,25,0,10
34,6793,0.00105986905010597,1.5140174388486576e-11,7.655866536702616e-06,0.9989324750682185,25,0,10
34,6794,0.0010110501189479087,1.3009748105132252e-11,7.3966450470861704e-06,0.9989815532229968,25,0,10
34,6795,0.0003687783529099282,7.065475305891315e-12,6.6701447045710114e-06,0.9996245514953217,25,0,10
34,6796,0.0005343281524292354,1.122152599451333e-11,7.112531537166942e-06,0.9994585593048128,25,0,10
34,6797,0.0005545003922696023,1.335299005813448e-11,7.73544053648782e-06,0.9994377641538423,25,0,10
34,6798,0.0006232092342128224,4.8046445453435513e-11,8.010105925079724e-06,0.9993687806118169,25,0,10
34,6799,0.0007925001333575219,7.333994318433635e-12,7.082346360480276e-07,0.999206791624674,25,0,10
34,6800,0.001034144358193427,9.484778322963949e-12,9.339785652413516e-07,0.9989649216537576,25,0,10
34,6801,0.0008025932651039534,7.718283516295212e-12,7.786644795341014e-07,0.9991966280626993,25,0,10
34,6802,0.00033400690697779644,5.458807303798371e-12,4.766707103948379e-07,0.9996655164168543,25,0,10
34,6803,0.00045562424136594477,7.909305511953474e-12,7.78404312997347e-07,0.999543597346413,25,0,10
34,6804,0.00040015286136059724,7.642037063652277e-12,6.623161569517122e-07,0.9995991848148417,25,0,10
34,6805,0.0011651089717993161,2.101050375055161e-11,1.6840510018088855e-06,0.9988332069561896,25,0,10
34,6806,0.0014220116514207387,2.368317187971093e-11,1.9284382774626395e-06,0.9985760598866201,25,0,10
34,6807,0.001378473898168768,2.2725058460098726e-11,1.9880027845080726e-06,0.9986195380763232,25,0,10
34,6808,0.0013546689211200408,2.2682918751784525e-11,1.980939880954912e-06,0.9986433501163177,25,0,10
34,6809,0.0016618783726759449,3.190602680168109e-11,4.475975324511863e-06,0.9983336456200947,25,0,10
34,6810,0.001958629219988653,3.604514017315074e-11,4.617504898643017e-06,0.998036753239069,25,0,10
34,6811,0.0020681722663382696,3.8194370863256985e-11,4.881485284338055e-06,0.9979269462101841,25,0,10
34,6812,0.0019678295174434066,2.4732466682234164e-11,2.27564397174538e-06,0.9980298948138538,25,0,10
34,6813,0.0017918174387734215,2.4373383142373762e-11,2.5132780939341717e-06,0.9982056692587605,25,0,10
34,6814,0.0005926550552538497,1.2886642022510811e-11,1.376096799763041e-06,0.9994059688350605,25,0,10
34,6815,0.0005250094039076433,8.26251125932074e-12,8.855230637217999e-07,0.9994741050647672,25,0,10
34,6816,0.00045616281061579717,8.152324129526472e-12,8.042202205831879e-07,0.9995430329610128,25,0,10
34,6817,0.0003405342149737501,6.958405076586066e-12,5.005037241125518e-07,0.9996589652743453,25,0,10
34,6818,0.0005806326209335283,9.127313803382663e-12,6.880497308363795e-07,0.99941867932021,25,0,10
34,6819,0.0005766936038437121,1.0080119029538487e-11,7.233699583667143e-07,0.9994225830161193,25,0,10
34,6820,0.0005780792835450734,1.2703554881009643e-11,7.555987467668056e-07,0.999421165105006,25,0,10
34,6821,0.0014694654435686762,1.579280218454707e-11,1.2666505917948435e-06,0.9985292678900479,25,0,10
34,6822,0.007692267915466433,1.5768633609274468e-10,1.7118604748979082e-05,0.9922906133220999,25,0,10
34,6823,0.007751452680653907,1.614127238914334e-10,1.7683347479240883e-05,0.9922308638104557,25,0,10
34,6824,0.0022375278460135418,5.280144993549946e-11,4.237896710240218e-06,0.9977582342044754,25,0,10
34,6825,0.0015814831241414873,5.0612730988074886e-11,3.855468098935909e-06,0.9984146613571476,25,0,10
34,6826,0.0011138677587910005,4.411232867396733e-11,3.3534191711315016e-06,0.9988827787779271,25,0,10
34,6827,0.0011328218347323152,4.486924167865087e-11,3.374799824692968e-06,0.9988638033205752,25,0,10
34,6828,0.0008763883505075509,1.438342196366152e-11,1.106239277284161e-06,0.9991225053958336,25,0,10
34,6829,0.0009885717905487805,1.8715167573221734e-11,1.2047842656685323e-06,0.999010223406472,25,0,10
34,6830,0.0007949436488742807,2.062605112394984e-11,1.382617043630484e-06,0.9992036737134569,25,0,10
34,6831,0.0011790468434299368,8.147946344027804e-11,4.8786368267124705e-06,0.9988160744382647,25,0,10
34,6832,0.0011814124429313769,8.176888848971217e-11,4.931410156816458e-06,0.9988136560651436,25,0,10
34,6833,0.0011648225463279202,7.755906746974991e-11,4.9111286608198225e-06,0.9988302662474529,25,0,10
34,6834,0.0009329745505615085,7.23018427434641e-11,4.5645425478082434e-06,0.9990624608345904,25,0,10
34,6835,0.0014684666775120884,1.1609173358474288e-10,1.103695126359207e-05,0.9985204962551342,25,0,10
34,6836,0.0013330748933256366,4.995855830713636e-11,7.2234034885707834e-06,0.9986597016532284,25,0,10
34,6837,0.00041308118743088216,9.072100614410152e-12,7.540026004939573e-07,0.9995861648008975,25,0,10
34,6838,0.00033871876376422104,6.910227388653353e-12,5.579484004592452e-07,0.9996607232809263,25,0,10
34,6839,0.0008595230072521992,1.2141151054991917e-11,5.312825595558708e-06,0.9991351641550122,25,0,10
34,6840,0.000643778634529848,1.237612888919631e-11,5.975900620953252e-06,0.9993502454524753,25,0,10
34,6841,0.0009506771616694972,1.7713909087088303e-11,6.386838533071354e-06,0.9990429359820859,25,0,10
34,6842,0.0007041169082889017,1.1918625851358055e-11,5.307354817668354e-06,0.9992905757249768,25,0,10
34,6843,0.0009637587128482512,1.4207033743470936e-11,5.522131117278842e-06,0.9990307191418297,25,0,10
34,6844,0.0009821140374776905,7.64196918898297e-11,5.7936988912319045e-06,0.9990120921872133,25,0,10
34,6845,0.0007127005874055496,7.224816238643462e-11,5.418276810214376e-06,0.9992818810635379,25,0,10
34,6846,0.0006760985050857221,7.188892975539826e-11,5.3887969986683745e-06,0.9993185126260284,25,0,10
34,6847,0.00043041713152498404,9.194399427445993e-12,7.695437484899217e-07,0.9995688133155335,25,0,10
34,6848,0.0004896406349262313,1.2774304902635764e-11,9.74429552529939e-07,0.9995093849227481,25,0,10
34,6849,0.00042270251684281486,1.1108100236221103e-11,8.759450274367125e-07,0.9995764215270235,25,0,10
34,6850,0.0004358660069172682,1.1636757387880176e-11,9.16733813760529e-07,0.9995632172476334,25,0,10
34,6851,0.0003809794852527721,1.0264880834555338e-11,6.894458284526275e-07,0.9996183310586554,25,0,10
34,6852,0.00036014764815426627,1.381573867584398e-11,7.163093325819478e-07,0.9996391360286982,25,0,10
34,6853,0.00036727693506950326,1.2004662150993622e-11,6.304669737420386e-07,0.9996320925859531,25,0,10
34,6854,0.0006425627406891908,1.3131957768259498e-11,9.278964825059504e-07,0.9993565093496981,25,0,10
34,6855,0.0006632732335325131,1.630330352160498e-11,9.714005655518773e-07,0.9993357553496003,25,0,10
34,6856,0.0003872357945048351,1.2336629076935074e-11,7.730102864863188e-07,0.9996119911828741,25,0,10
34,6857,0.0008264798912997602,1.3772864460293295e-11,9.264385879246564e-07,0.9991725936563413,25,0,10
34,6858,0.0011750329970367684,1.7467470551954312e-11,1.3440724368097543e-06,0.99882362291306,25,0,10
34,6859,0.0009339378333720515,1.3857480920859132e-11,1.1402839792313786e-06,0.9990649218687925,25,0,10
34,6860,0.0007901778046224792,2.1807456446295246e-11,6.6123878746346075e-06,0.9992032097856971,25,0,10
34,6861,0.0011094863103036795,5.887279102182263e-11,1.0030577189689524e-05,0.9988804830536353,25,0,10
34,6862,0.0012089759498231244,2.4813701292974135e-11,4.354912714613197e-06,0.998786669112649,25,0,10
34,6863,0.0022538032538491504,3.372795390590661e-09,1.6993349068104162e-05,0.9977292000242882,25,0,10
34,6864,0.0015636559232190539,1.1619439069168126e-11,1.464268711626078e-06,0.9984348797964503,25,0,10
34,6865,0.002019454451998743,1.4283130363756282e-11,1.7070288049171755e-06,0.997978838504913,25,0,10
34,6866,0.0017482268690992586,4.6743623600504434e-11,1.65916069169118e-06,0.9982501139234655,25,0,10
34,6867,0.0010316754548479218,8.517112198091578e-12,1.0612555694714143e-06,0.9989672632810666,25,0,10
34,6868,0.0011570200343730727,1.0748630605442512e-11,1.3645213086326701e-06,0.998841615433571,25,0,10
34,6869,0.0011434945525293735,9.516584411772492e-12,1.1499524450594308e-06,0.9988553554855103,25,0,10
34,6870,0.0012183388131373424,1.3396892930368117e-11,1.4906846360537114e-06,0.9987801704888308,25,0,10
34,6871,0.0009985204424489257,1.2944714735140256e-11,1.2918637774846624e-06,0.9990001876808305,25,0,10
34,6872,0.0009991534537584044,1.9681871503634853e-11,1.524624405992887e-06,0.9989993219021556,25,0,10
34,6873,0.0010579360339316734,1.8582212630508922e-11,1.9557309736857526e-06,0.998940108216515,25,0,10
34,6874,0.0010655025502201154,1.856272400409905e-11,1.814637464998391e-06,0.9989326827937544,25,0,10
34,6875,0.0008673956244431201,4.701684615756915e-11,1.7097612609731055e-06,0.9991308945672812,25,0,10
34,6876,0.0018933469592275734,1.1248772910860055e-10,4.034508274583417e-06,0.9981026184200119,25,0,10
34,6877,0.001762016652493722,1.0863361999802429e-10,4.2351323326588285e-06,0.9982337481065415,25,0,10
34,6878,0.0007067972189233547,4.4537513247585324e-11,1.8680236320573995e-06,0.9992913347129084,25,0,10
34,6879,0.0006531222375206875,4.461380795529342e-11,1.2008758917845515e-06,0.9993456768419757,25,0,10
34,6880,0.000594743018959227,4.295513666134797e-11,1.03764182129214e-06,0.9994042192962667,25,0,10
34,6881,0.0008181281385579922,1.3031106808034294e-11,1.162122181322335e-06,0.9991807097262314,25,0,10
34,6882,0.0008209856902009176,4.4616651865173544e-11,3.3656747634433572e-06,0.9991756485904204,25,0,10
34,6883,0.0005901077233224189,4.1587913480546356e-11,3.039632362980766e-06,0.9994068526027288,25,0,10
34,6884,0.0005830438465786862,4.092647228784606e-11,3.0355251274080583e-06,0.9994139205873696,25,0,10
34,6885,0.0008541506850131741,5.004188156828045e-11,3.269973433836769e-06,0.9991425792915131,25,0,10
34,6886,0.0005619866538762589,4.6499352703124616e-11,2.032778669328492e-06,0.9994359805209566,25,0,10
34,6887,0.00034710413380644004,3.956774799787294e-11,7.469882594626265e-07,0.9996521488383674,25,0,10
34,6888,0.00035444405020606764,3.944631997414023e-11,6.421310483759735e-07,0.9996449137793003,25,0,10
34,6889,0.00043109325609656346,4.262091587322638e-11,8.751756290006485e-07,0.999568031525655,25,0,10
34,6890,0.0004225194211645748,8.42110553862372e-12,7.352849201706521e-07,0.9995767452854958,25,0,10
34,6891,0.00040261689290355514,8.230610783780433e-12,6.983913394754519e-07,0.9995966847075277,25,0,10
34,6892,0.000912440057826334,6.797996192155665e-11,2.5101986923096694e-06,0.9990850496755034,25,0,10
34,6893,0.0013784033351289676,7.007633534933687e-11,2.9074868622319885e-06,0.9986186891079335,25,0,10
34,6894,0.0013849432948056714,7.089724394619597e-11,2.9242541281306575e-06,0.9986121323801699,25,0,10
34,6895,0.0013924441328240405,7.076918408979733e-11,2.8679908414065894e-06,0.9986046878055664,25,0,10
34,6896,0.009295504125785874,7.519038696609739e-11,9.57324670127834e-06,0.9906949225523237,25,0,10
34,6897,0.009416880846294887,1.0943024662257824e-10,1.260514910399904e-05,0.9905705138951726,25,0,10
34,6898,0.009420054059650091,1.094395790491794e-10,1.2603440466692817e-05,0.9905673423904452,25,0,10
34,6899,0.009949734683108115,1.1873281377745726e-10,1.6009641717530075e-05,0.9900342555564425,25,0,10
34,6900,0.009560761960085552,1.1874932121870735e-10,1.3153540816270786e-05,0.9904260843803498,25,0,10
34,6901,0.009104718939990406,5.860945924165152e-11,1.1339860907868133e-05,0.9908839411404934,25,0,10
34,6902,0.009676956411567511,6.37119865894317e-11,1.2065671280077837e-05,0.9903109778534414,25,0,10
34,6903,0.008734565304291052,2.0960862689467407e-11,8.213603426009224e-06,0.9912572210713229,25,0,10
34,6904,0.009667131093039927,5.86782532349068e-11,9.01202850657707e-06,0.9903238568197767,25,0,10
34,6905,0.009173872052932497,5.5478936129032516e-11,1.0286393159203479e-05,0.9908158414984317,25,0,10
34,6906,0.0007535807435278262,1.4315173099478415e-11,1.5309949232054903e-06,0.9992448882472357,25,0,10
34,6907,0.0005127666933558944,1.1697204646577564e-11,1.0721849656877629e-06,0.9994861611099829,25,0,10
34,6908,0.00040570968577472566,1.1690184350660195e-11,7.75434996129585e-07,0.9995935148675409,25,0,10
34,6909,0.00033752779502158395,6.401906536765891e-12,6.21489810962408e-07,0.9996618507087673,25,0,10
34,6910,0.0005795162386909793,1.0910656238056433e-11,8.731737510375267e-07,0.9994196105766485,25,0,10
34,6911,0.0006950938010703078,1.4178353159901483e-11,1.1669488949460125e-06,0.9993037392358579,25,0,10
34,6912,0.0007783019879843825,1.7399378306203563e-11,1.4498104263045875e-06,0.9992202481841911,25,0,10
34,6913,0.0008930774629389312,1.7521032931572573e-11,1.682934262881602e-06,0.9991052395852789,25,0,10
34,6914,0.000882389142827687,1.4444970626069675e-11,1.498861986942984e-06,0.999116111980742,25,0,10
34,6915,0.0007305244695025609,1.6581969615556746e-11,1.5396252633866679e-06,0.9992679358886537,25,0,10
34,6916,0.0004441793609533829,1.061997053775032e-11,7.66304670389972e-07,0.999555054323757,25,0,10
34,6917,0.0008011514165800899,1.6556099853029786e-11,2.113197712768275e-06,0.9991967353691522,25,0,10
34,6918,0.00043968360276528914,4.630517366386407e-11,9.356507292730565e-07,0.9995593807002016,25,0,10
34,6919,0.00046033871390722546,1.517262324243292e-11,8.707643823331583e-07,0.9995387905065388,25,0,10
34,6920,0.0004196197377122758,1.3515490096849413e-11,7.554273491499636e-07,0.999579624821424,25,0,10
34,6921,0.0021309917332248446,1.6967594698729526e-11,1.8491542204257041e-06,0.9978671590955885,25,0,10
34,6922,0.0021460399047898105,1.5965867904949435e-11,1.8345092619911698e-06,0.9978521255699839,25,0,10
34,6923,0.0015868412467497128,1.760474293924487e-11,1.8548219888287186e-06,0.9984113039136575,25,0,10
34,6924,0.001959482299875181,1.1948007525131322e-11,2.0585661171812984e-06,0.9980384591220611,25,0,10
34,6925,0.0019538829435035206,1.2013172261824758e-11,1.9892772961696666e-06,0.9980441277671881,25,0,10
34,6926,0.0024055043113685687,1.6325973962539558e-11,2.498629959378476e-06,0.9975919970423465,25,0,10
34,6927,0.002090512610113354,1.3043648537806088e-11,1.6971917441571824e-06,0.9979077901850998,25,0,10
34,6928,0.002085473009613806,1.2969795602227799e-11,1.6938698839256354e-06,0.9979128331075335,25,0,10
34,6929,0.001728201166434554,7.576324192070145e-12,1.1597376622329448e-06,0.9982706390883281,25,0,10
34,6930,0.0019482901681219592,7.603541854017409e-12,1.279162986196751e-06,0.9980504306612902,25,0,10
34,6931,0.0020642719456923446,1.2332971983341467e-11,1.655317333253249e-06,0.997934072724644,25,0,10
34,6932,0.0020580420546008164,1.3383165744937414e-11,1.7030064535043997e-06,0.9979402549255646,25,0,10
34,6933,0.0019455811030028587,1.175507574006433e-11,1.452465327541711e-06,0.9980529664199161,25,0,10
34,6934,0.0019287244796459089,1.1679822625411516e-11,1.3522956126330202e-06,0.9980699232130631,25,0,10
34,6935,0.0017099286688410092,7.471727778813278e-12,1.2466890714689504e-06,0.9982888246346175,25,0,10
34,6936,0.0016909151861788515,7.340117891351735e-12,1.220914173499803e-06,0.9983078638923091,25,0,10
34,6937,0.001033100848894271,7.44999174972648e-12,8.866964315238537e-07,0.9989660124472247,25,0,10
34,6938,0.0012347469609652047,1.1980053568690458e-11,1.317640766540508e-06,0.998763935386289,25,0,10
34,6939,0.0011346082662989068,1.27416980390054e-11,1.5189399314981419e-06,0.9988638727810296,25,0,10
34,6940,0.0006566872877194605,1.118336939035098e-11,1.2241687683944879e-06,0.9993420885323303,25,0,10
34,6941,0.00039675064185546214,6.298262136616523e-12,5.818000121284566e-07,0.9996026675518356,25,0,10
34,6942,0.0004839293921538194,1.264663394826711e-11,1.0033424599040232e-06,0.9995150672527409,25,0,10
34,6943,0.0005261474362523291,1.4058320251665238e-11,1.0784056388660548e-06,0.9994727741440519,25,0,10
34,6944,0.0036250195926852773,1.4793947953742695e-10,1.2527879358808777e-05,0.9963624523800181,25,0,10
34,6945,0.0005298994156058976,9.534157740958154e-12,1.6621485885001048e-06,0.9994684384262733,25,0,10
34,6946,0.0006344707467526686,9.047606148934998e-12,8.51413226627247e-07,0.9993646778309747,25,0,10
34,6947,0.0006346462354085646,9.546415281770454e-12,8.479226839363306e-07,0.9993645058323624,25,0,10
34,6948,0.0006285988193756868,7.301616352159989e-12,7.38089122621443e-07,0.999370663084201,25,0,10
34,6949,0.0006284020230089033,7.951759387156842e-12,7.478862231614647e-07,0.999370850082817,25,0,10
34,6950,0.0005665331368477679,8.888134725779254e-12,6.350825362720775e-07,0.9994328317717289,25,0,10
34,6951,0.0005872496081665425,7.887849436498145e-12,7.135615680675213e-07,0.9994120368223781,25,0,10
34,6952,0.0003648682083240574,9.95986963324981e-12,6.57848683445234e-07,0.9996344739330335,25,0,10
34,6953,0.00038230018103064997,9.501600404282048e-12,6.401712761764424e-07,0.9996170596381924,25,0,10
34,6954,0.00038599898572369443,7.59153557395269e-12,5.217913699072182e-07,0.9996134792153155,25,0,10
34,6955,0.0005045381615277417,8.758489474215032e-12,8.20721546479104e-07,0.9994946411081684,25,0,10
34,6956,0.0006106129070351352,1.0884913920908897e-11,7.689601251263624e-07,0.9993886181219566,25,0,10
34,6957,0.0008522261431446526,1.0903254925795646e-11,8.626859681300541e-07,0.9991469111599857,25,0,10
34,6958,0.0006160644508486405,9.432356847843382e-12,6.581975265339394e-07,0.9993832773421947,25,0,10
34,6959,0.0006288049370796857,1.5791832524501034e-11,8.642602649607269e-07,0.999370330786866,25,0,10
34,6960,0.0003792498037939978,1.2740463554566231e-11,7.092250082014688e-07,0.9996200409584598,25,0,10
34,6961,0.00036031176161165453,1.0529998304318853e-11,7.601797866860187e-07,0.9996389280480739,25,0,10
34,6962,0.0003645413477297995,1.0375426378479837e-11,6.964314293636353e-07,0.9996347622104677,25,0,10
34,6963,0.00041907536612052613,1.3110451752157476e-11,7.229860012942788e-07,0.9995802016347696,25,0,10
34,6964,0.000727730841759749,1.613489195179118e-11,1.1363666981888508e-06,0.9992711327754096,25,0,10
34,6965,0.001633224884085463,2.076108699650224e-11,1.7753453911718572e-06,0.9983649997497634,25,0,10
34,6966,0.001818408536942153,2.4532174726188978e-11,2.0288498227668673e-06,0.998179562588704,25,0,10
34,6967,0.0017978953095252317,2.349067285302428e-11,1.7604088825342715e-06,0.9982003442581027,25,0,10
34,6968,0.0019364884202338287,2.3442028992505986e-11,1.8496761963033556e-06,0.9980616618801289,25,0,10
34,6969,0.0008908907324739718,2.0573104210476454e-11,1.2568397971381848e-06,0.9991078524071565,25,0,10
34,6970,0.001108780729825243,1.9741975282109936e-11,2.615070892995344e-06,0.9988886041795407,25,0,10
34,6971,0.0004161026303632661,1.29308531604887e-10,9.137774145426738e-07,0.9995829834629149,25,0,10
34,6972,0.00040843625737258774,1.0062065989674132e-11,7.321928182480764e-07,0.9995908315397487,25,0,10
34,6973,0.0006500287206410523,1.0109423741632552e-11,8.62175822292756e-07,0.9993491090934284,25,0,10
34,6974,0.0006445054264399032,1.3082181562220098e-11,9.81259637846943e-07,0.9993545133008414,25,0,10
34,6975,0.0005814878769593504,6.860353384936339e-12,7.639497413809043e-07,0.99941774816644,25,0,10
34,6976,0.000762523113008428,9.141938722801723e-12,1.0968216276761405e-06,0.9992363800562232,25,0,10
34,6977,0.0007647224066993264,9.09372650744384e-12,1.0640030694190606e-06,0.9992342135811388,25,0,10
34,6978,0.0008151795268197359,9.543982682110837e-12,9.544526722187107e-07,0.9991838660109653,25,0,10
34,6979,0.000805693876348379,7.800395408952083e-12,7.751645309681279e-07,0.9991935309513222,25,0,10
34,6980,0.001096657114483304,1.0654177996512816e-11,1.2351730064801004e-06,0.9989021077018577,25,0,10
34,6981,0.0006988096842394022,1.0560419271598313e-11,1.1553281638547005e-06,0.9993000349770385,25,0,10
34,6982,0.000990169090420368,7.216880693093038e-11,1.4177715174017269e-06,0.9990084130658953,25,0,10
34,6983,0.0014637797410141052,4.920704401608667e-11,3.979467517877149e-06,0.9985322407422628,25,0,10
34,6984,0.0009276297041446273,1.1547250714347056e-11,1.1410603674423692e-06,0.9990712292239431,25,0,10
34,6985,0.000765062485263706,7.484071821716771e-11,1.2738899741865305e-06,0.9992336635499233,25,0,10
34,6986,0.0009349155123150243,7.269004903517074e-11,2.5795973818927706e-06,0.9990625048176147,25,0,10
34,6987,0.000701132435326389,7.370470412744848e-11,1.15783079932489e-06,0.9992977096601716,25,0,10
34,6988,0.0010558994070687634,1.3687380427712922e-10,3.0665272310048247e-06,0.9989410339288283,25,0,10
34,6989,0.0009486173496702679,1.3659761901865768e-10,3.1795595530162323e-06,0.9990482029541807,25,0,10
34,6990,0.0006150870957369463,7.451430922586887e-11,1.3473477812384489e-06,0.9993835654819694,25,0,10
34,6991,0.0007824044156813558,1.7060547120914328e-11,1.7849011607370085e-06,0.9992158106660987,25,0,10
34,6992,0.000765255904730989,1.6013154683002288e-11,1.8199036984912687e-06,0.9992329241755584,25,0,10
34,6993,0.0007585476560814534,1.698648360832454e-11,1.7685406871977902e-06,0.9992396837862462,25,0,10
34,6994,0.0007461063509358238,4.662352879880773e-11,1.6660531098517089e-06,0.9992522275493322,25,0,10
34,6995,0.0019270069293984766,4.8455669068804716e-11,2.3307729041593232e-06,0.9980706622492437,25,0,10
34,6996,0.0017721923548476978,5.302781208741561e-11,2.296643391730362e-06,0.9982255109487338,25,0,10
34,6997,0.0021401502425278606,8.546572115043229e-11,5.287245524692097e-06,0.9978545624264828,25,0,10
34,6998,0.001105661120016546,8.056704854605822e-11,4.561972021973412e-06,0.9988897768273955,25,0,10
34,6999,0.0010243711438568078,4.6409770603884215e-11,4.2524165431393925e-06,0.9989713763931917,25,0,10
34,7000,0.0010315450194678985,4.7980112286777656e-11,4.337574413845917e-06,0.9989641173581388,25,0,10
34,7001,0.001257799378564876,4.593669465266313e-11,4.401166380555571e-06,0.9987377994091186,25,0,10
34,7002,0.0008081497467641198,1.2201127344696714e-11,1.5705174688232304e-06,0.9991902797235663,25,0,10
34,7003,0.0005896351573433979,1.214077163679094e-11,9.145902109013168e-07,0.9994094502403057,25,0,10
34,7004,0.00035005112460922744,7.493243869857988e-12,5.548465817162196e-07,0.9996493940213169,25,0,10
34,7005,0.0004181037026646748,1.2383562110967471e-11,8.781582144404011e-07,0.9995810181267395,25,0,10
34,7006,0.0004231920865591695,1.1863453398187652e-11,8.352129519468623e-07,0.999575972688627,25,0,10
34,7007,0.00042956921620373946,1.0809554538085445e-11,8.497619668047157e-07,0.999569581011022,25,0,10
34,7008,0.0006620301042166854,1.596396747732835e-11,1.0855324975017987e-06,0.9993368843473234,25,0,10
34,7009,0.0008326268975625059,1.632999847895098e-11,1.035486948087227e-06,0.9991663375991605,25,0,10
34,7010,0.001060134062410643,1.8369996107053212e-11,1.2500180251635133e-06,0.9989386159011956,25,0,10
34,7011,0.0013001753344804637,2.1145284608958875e-11,1.4969453590052998e-06,0.9986983276990169,25,0,10
34,7012,0.0012792835733932309,2.166659629037861e-11,1.4573331149219565e-06,0.9987192590718256,25,0,10
34,7013,0.0028846898014047552,2.7069772221236975e-11,2.557395794107201e-06,0.997112752775732,25,0,10
34,7014,0.002194484309321533,2.1898618508586765e-11,5.386834938237016e-06,0.9978001288338428,25,0,10
34,7015,0.0018057535986456582,5.5378401787363364e-11,2.324167428158978e-06,0.9981919221785492,25,0,10
34,7016,0.0017988540104970979,4.6062765324390956e-11,1.6468537063740523e-06,0.9981994990897349,25,0,10
34,7017,0.0020169286294560215,4.758159794252149e-11,1.963566486288394e-06,0.9979811077564772,25,0,10
34,7018,0.0014761311824329282,3.9988320164230244e-11,1.1903632790925582e-06,0.9985226784143015,25,0,10
34,7019,0.0010388305111407663,4.108996503946676e-11,8.730898138914543e-07,0.9989602963579571,25,0,10
34,7020,0.0008165578671180809,4.397379779216196e-11,9.198732314379516e-07,0.9991825222156779,25,0,10
34,7021,0.00040609772163153075,4.137032975571102e-11,6.949566454822414e-07,0.9995932072803542,25,0,10
34,7022,0.00033293439915581236,3.94889808815995e-11,5.380315936375417e-07,0.9996665275297626,25,0,10
34,7023,0.0004208379405789594,4.319489392347548e-11,7.804843799326557e-07,0.9995783815318475,25,0,10
34,7024,0.0006566372239341881,1.0506186177102382e-11,7.945560808986375e-07,0.9993425682094803,25,0,10
34,7025,0.036667583951773663,1.3981905064781442e-11,2.2120077952481165e-05,0.9633102959562941,25,0,10
34,7026,0.0958235290345549,2.3321741111972778e-08,0.01629882138324882,0.8878776262604563,25,0,10
34,7027,0.10017667624400423,2.33153647985586e-08,0.012224083896105551,0.8875992165445264,25,0,10
34,7028,0.02676798004740282,2.3279678250990196e-08,0.009692203091120958,0.9635397935817991,25,0,10
34,7029,0.0006015058866876554,5.735572818496279e-11,7.400318083736493e-06,0.999391093737875,25,0,10
34,7030,0.0014998930378092839,5.921381251546871e-11,1.8795723613032723e-06,0.9984982273306171,25,0,10
34,7031,0.0014067856603400463,6.354106514986248e-11,2.053186852551781e-06,0.998591161089267,25,0,10
34,7032,0.0013997829895525363,2.3246546612554457e-11,1.633700428107311e-06,0.9985985832867732,25,0,10
34,7033,0.001193239734564072,5.4179879050347397e-11,1.6730215229558712e-06,0.9988050871897346,25,0,10
34,7034,0.0015883596850420913,1.7102209604353378e-10,3.779770667735943e-06,0.9984078603732698,25,0,10
34,7035,0.0014594703455379956,1.412781223125603e-10,3.700994871417959e-06,0.9985368285183138,25,0,10
34,7036,0.0017142428828691757,1.4918962843192256e-10,6.124541341776522e-06,0.9982796324266002,25,0,10
34,7037,0.0021400072653318587,1.415127414624276e-10,4.174185063061682e-06,0.997855818408093,25,0,10
34,7038,0.0012159524997715577,1.3347967798632474e-10,3.5459614427410036e-06,0.9987805014053067,25,0,10
34,7039,0.00206407661732785,2.0123450658476054e-10,7.906821213249578e-06,0.9979280163602254,25,0,10
34,7040,0.002302043427676757,1.705187284826696e-10,7.0097792480332675e-06,0.9976909466225572,25,0,10
34,7041,0.0025270217604568684,1.65918233154381e-10,6.790121495663601e-06,0.9974661879521305,25,0,10
34,7042,0.0029903802628918658,1.6930069548737502e-10,7.064744730106991e-06,0.9970025548230782,25,0,10
34,7043,0.0021865090934255426,1.6502299288532434e-10,8.567156514239192e-06,0.9978049235850388,25,0,10
34,7044,0.0011001018906445393,1.0171639030051903e-11,1.1320074520716612e-06,0.9988987660917337,25,0,10
34,7045,0.0010738431384420774,1.0130706428723891e-11,1.0154189572871773e-06,0.9989251414324721,25,0,10
34,7046,0.006829817292845493,1.5440427759765113e-11,1.0506519919982464e-05,0.9931596761717956,25,0,10
34,7047,0.006606049800223454,1.3248848619044033e-11,1.0331027839705662e-05,0.9933836191586898,25,0,10
34,7048,0.0010384651904907368,1.4145805990834705e-11,1.0834337437544052e-06,0.9989604513616206,25,0,10
34,7049,0.003910650372486105,1.4361375849737996e-11,2.9361265929888454e-06,0.9960864134865605,25,0,10
34,7050,0.0039207799176661255,1.7440043672456394e-11,2.9963896086118117e-06,0.9960762236752859,25,0,10
34,7051,0.0014023442534890121,7.551485057905055e-11,2.9108484263468704e-06,0.9985947448225706,25,0,10
34,7052,0.0016718077625354074,8.137366627098359e-11,3.2703310621698535e-06,0.9983249218250292,25,0,10
34,7053,0.0016753551887664145,7.89982065876546e-11,3.2405777109316848e-06,0.9983214041545254,25,0,10
34,7054,0.001711585751185851,1.6720642984996997e-11,1.7390093406385116e-06,0.9982866752227543,25,0,10
34,7055,0.0008175442918726826,1.2763722614905596e-11,1.2677805620697552e-06,0.9991811879148034,25,0,10
34,7056,0.0005630363586316832,1.2694174997606104e-11,1.2373572820806816e-06,0.9994357262713939,25,0,10
34,7057,0.0007971946198823956,1.3810917881255396e-11,1.3253405550031623e-06,0.9992014800257529,25,0,10
34,7058,0.0005630577683563761,1.1913939565545432e-11,1.3109141407941085e-06,0.9994356313055904,25,0,10
34,7059,0.0008854278696211175,2.0424996238695226e-11,2.239561017957371e-06,0.9991123325489373,25,0,10
34,7060,0.0008090373261517174,1.6223209948012967e-11,1.8095675427616721e-06,0.9991891530900834,25,0,10
34,7061,0.001640278134034003,1.3993056023467382e-10,4.08218008314538e-06,0.9983556395459534,25,0,10
34,7062,0.0018064742180966514,1.3957436749164871e-10,3.869146733139524e-06,0.998189656495597,25,0,10
34,7063,0.0005144298362930786,8.01714588781088e-11,1.697880592620447e-06,0.9994838722029437,25,0,10
34,7064,0.0005213658243873733,8.013853249557245e-11,1.8028372866370538e-06,0.999476831258188,25,0,10
34,7065,0.0006088913142461274,1.116378261484281e-11,1.0941976206583603e-06,0.9993900144769704,25,0,10
34,7066,0.0008009851963124621,1.447754974117414e-11,1.4457159794313698e-06,0.9991975690732312,25,0,10
34,7067,0.0010320532077167778,1.4648469138634715e-11,1.4407933176803623e-06,0.9989665059843179,25,0,10
34,7068,0.0007937963112087135,1.4552213960982436e-11,1.2508148504747158e-06,0.9992049528593898,25,0,10
34,7069,0.0008560083657949498,1.504851887276649e-11,1.1311884120875971e-06,0.9991428604307455,25,0,10
34,7070,0.0008663930040494171,1.4371746646242821e-11,1.1323249836683861e-06,0.9991324746565963,25,0,10
34,7071,0.000994091884594915,2.1387852293997274e-11,3.1655167548126125e-06,0.9990027425772635,25,0,10
34,7072,0.0008472241407913879,1.4505020128818827e-11,1.1394172294452807e-06,0.9991516364274747,25,0,10
34,7073,0.0006996594106308212,1.1118110206378752e-11,1.106818703562646e-06,0.9992992337595481,25,0,10
34,7074,0.0007393455551790783,1.5463365577177736e-11,1.2615085347114682e-06,0.9992593929208234,25,0,10
34,7075,0.0010637430666348103,1.0879327108318773e-10,1.560487749836436e-06,0.9989346963368232,25,0,10
34,7076,0.001357091523639658,1.100578307295517e-10,1.933938785055984e-06,0.9986409744275181,25,0,10
34,7077,0.0008755528105937417,1.0301249928831596e-10,1.3363664336417724e-06,0.9991231107199614,25,0,10
34,7078,0.0005671972715009862,5.259009415330128e-12,7.133114804729526e-07,0.9994320894117602,25,0,10
34,7079,0.0012705993018608775,8.270049119047267e-12,1.0752094105657449e-06,0.9987283254804593,25,0,10
34,7080,0.0012566460916178799,8.235492945700992e-12,1.0738495605239763e-06,0.9987422800505863,25,0,10
34,7081,0.0012637231044317252,9.362014151604843e-12,1.079852793519265e-06,0.9987351970334126,25,0,10
34,7082,0.0012349567437836917,9.169509995722309e-12,1.0594803116285027e-06,0.9987639837667349,25,0,10
34,7083,0.0017349648087285586,7.442468418604697e-11,3.927555968424889e-06,0.9982611075608774,25,0,10
34,7084,0.001053374332755369,7.276282916889043e-11,3.5919718699489056e-06,0.9989430336226115,25,0,10
34,7085,0.001121811886437605,7.709520241632205e-11,3.909162924717244e-06,0.9988742788735421,25,0,10
34,7086,0.0005976064124552586,1.0120033206903602e-10,3.4004440057550985e-06,0.9993989930423386,25,0,10
34,7087,0.0009867293110687153,4.303461725415464e-11,1.3369891699002413e-06,0.9990119336567266,25,0,10
34,7088,0.0008919711629424986,4.099849856798406e-11,1.163013157017812e-06,0.9991068657829026,25,0,10
34,7089,0.0006862425957524628,8.589626011340578e-12,9.64375443309362e-07,0.999312793020215,25,0,10
34,7090,0.0007736354536309714,1.466077255239135e-11,1.2176556633056059e-06,0.9992251468760464,25,0,10
34,7091,0.0011269436465810665,2.2031077828670312e-11,1.7902641896797302e-06,0.998871266067199,25,0,10
34,7092,0.0010036417044795504,2.1302410139995884e-11,1.5454166974616969e-06,0.9989948128575216,25,0,10
34,7093,0.0010909015617018576,2.3946023295412466e-11,1.7029619390951482e-06,0.998907395452414,25,0,10
34,7094,0.0010201646806915826,2.1327900552033378e-11,1.5562226728659128e-06,0.9989782790753088,25,0,10
34,7095,0.006369379576448624,1.7526751505797808e-11,4.705153261795522e-06,0.9936259152527639,25,0,10
34,7096,0.0006457455591869832,1.3630438745017937e-11,9.404183957188771e-07,0.9993533140087881,25,0,10
34,7097,0.000640699610669184,1.3703081697638766e-11,9.437129803186646e-07,0.9993583566626486,25,0,10
34,7098,0.00032804711484358173,8.887365108015229e-12,5.082277326323295e-07,0.9996714446485374,25,0,10
34,7099,0.0003259058217423333,7.904166794888697e-12,4.966766009645688e-07,0.9996735974937541,25,0,10
34,7100,0.0007019234127049786,1.672663004767313e-11,1.1080154165419565e-06,0.9992969685551527,25,0,10
34,7101,0.0013781672237600348,7.79767935313784e-11,3.291856506942037e-06,0.998618540841757,25,0,10
34,7102,0.0005943178348088402,4.467257761188851e-11,9.12932622376044e-07,0.9994047691878969,25,0,10
34,7103,0.0006819068463216325,4.8507378292667203e-11,1.2065265192166793e-06,0.9993168865786525,25,0,10
34,7104,0.0008007128796781866,6.462541579600693e-12,7.591349492925455e-07,0.9991985279789123,25,0,10
34,7105,0.0010359060915865277,8.66939310655321e-12,9.4993232335091e-07,0.998963143967423,25,0,10
34,7106,0.00179858043710793,7.371529046558007e-11,4.0652582448128175e-06,0.9981973542309335,25,0,10
34,7107,0.001114714283037638,1.0844610350098089e-11,1.13311293123373e-06,0.9988841525931882,25,0,10
34,7108,0.0011141294562473961,1.197283303004547e-11,1.247380066136627e-06,0.9988846231517157,25,0,10
34,7109,0.001103549117349123,1.5047742581188266e-11,1.2825463336988685e-06,0.9988951683212717,25,0,10
34,7110,0.00040950685987351714,8.481113860324478e-12,6.471247185201238e-07,0.9995898460069286,25,0,10
34,7111,0.00047752861331163744,1.1518636734278092e-11,8.688748929887301e-07,0.9995216025002783,25,0,10
34,7112,0.00046638720436453833,1.254066416759582e-11,8.699518533964924e-07,0.9995327428312435,25,0,10
34,7113,0.0008806751108305367,9.354605930862648e-12,8.027182303600083e-07,0.9991185221615858,25,0,10
34,7114,0.0008042523387478264,5.32363909881492e-12,5.984941953575442e-07,0.999195149161734,25,0,10
34,7115,0.0003986490161089232,7.995213215495003e-12,1.0084298424364456e-06,0.9996003425460549,25,0,10
34,7116,0.00039194111333313057,1.0280460650376973e-11,1.0243867832980977e-06,0.9996070344896038,25,0,10
34,7117,0.0009432388815755002,1.385865784572219e-10,3.2992789656243397e-06,0.9990534617008734,25,0,10
34,7118,0.00039499783230743533,1.4181990625725067e-11,9.680830958424612e-07,0.9996040340704159,25,0,10
34,7119,0.0008298987785563069,2.503695628126516e-11,2.572188578474402e-06,0.999167529007829,25,0,10
34,7120,0.0004097110369057587,1.223677538111513e-11,1.1203965036753623e-06,0.9995891685543543,25,0,10
34,7121,0.00034497932018741703,9.42596851814982e-12,5.869444714646982e-07,0.9996544337259161,25,0,10
34,7122,0.0003344830823072253,8.235287981437094e-12,5.160531272705666e-07,0.9996650008563313,25,0,10
34,7123,0.0003373587983265804,7.156926218153393e-12,5.141558063404814e-07,0.9996621270387119,25,0,10
34,7124,0.001023645056275297,1.951298312778822e-11,1.8446519900420268e-06,0.9989745102722232,25,0,10
34,7125,0.0040008261951540855,1.8626816437990553e-11,5.694691487855131e-06,0.9959934790947322,25,0,10
34,7126,0.000781447165746759,1.7921320445818246e-11,1.6526214617942773e-06,0.999216900194871,25,0,10
34,7127,0.000786863472204825,1.753333867411197e-11,1.5803727195178073e-06,0.9992115561375431,25,0,10
34,7128,0.0006915970754232476,1.912015366714152e-11,1.4823216824744654e-06,0.9993069205837757,25,0,10
34,7129,0.0006799508855830827,1.8632893747092482e-11,1.5070136278902373e-06,0.999318542082158,25,0,10
34,7130,0.0008716145278575351,1.6113794574987318e-11,1.5328155107803288e-06,0.9991268526405197,25,0,10
34,7131,0.0011810080495566603,1.936846951188356e-11,1.8495793615960374e-06,0.9988171423517146,25,0,10
34,7132,0.0016586346494671539,4.986060280280231e-11,3.649082507463563e-06,0.9983377162181664,25,0,10
34,7133,0.00234965070276535,5.866703056384206e-11,4.149336629283279e-06,0.9976461999019396,25,0,10
34,7134,0.002710237278626993,5.532485244419113e-11,4.028831429505747e-06,0.9972857338346195,25,0,10
34,7135,0.002014146906357477,1.906938678852894e-11,3.5520220886830335e-06,0.9979823010524862,25,0,10
34,7136,0.0017818568154088139,1.491643277238628e-11,3.3410200066377788e-06,0.9982148021496695,25,0,10
34,7137,0.001043731080040058,9.187376580955298e-12,2.7084382756083804e-06,0.9989535604724985,25,0,10
34,7138,0.0015270067077051922,1.837856154002628e-11,4.0550765562315665e-06,0.9984689381973607,25,0,10
34,7139,0.0015381364718353282,1.858216876639368e-11,3.945899796488965e-06,0.9984579176097867,25,0,10
34,7140,0.001538148145184741,1.656673686238284e-11,3.93859596792921e-06,0.9984579132422813,25,0,10
34,7141,0.0008252408937389192,1.6507571074427366e-11,1.9652562268879365e-06,0.9991727938335276,25,0,10
34,7142,0.0017379533701698438,1.8119161632943468e-11,2.3923811829575753e-06,0.9982596542305292,25,0,10
34,7143,0.001638753386995022,1.6048275744719667e-11,2.223591697110295e-06,0.998359023005261,25,0,10
34,7144,0.0012013109460240678,1.0994335367561817e-11,1.8840913292975545e-06,0.9987968049516539,25,0,10
34,7145,0.0016515046171132258,1.1574723838311626e-11,2.043878461132955e-06,0.9983464514928521,25,0,10
34,7146,0.0012206861670511738,1.576309508602662e-11,2.090622150001991e-06,0.9987772231950361,25,0,10
34,7147,0.0009919100777853425,1.5239723920836375e-11,1.3052935504811057e-06,0.9990067846134251,25,0,10
34,7148,0.00047281407007152525,1.0098161235463339e-11,8.483328818122556e-07,0.9995263375869498,25,0,10
34,7149,0.0009264837706880507,1.0479409811269445e-11,1.0217758951748427e-06,0.9990724944429388,25,0,10
34,7150,0.0006899729478294082,8.339790267042004e-12,8.522395112071548e-07,0.9993091748043211,25,0,10
34,7151,0.0007112239636230928,1.0736408977550969e-11,1.0596028941267802e-06,0.9992877164227475,25,0,10
34,7152,0.000713019299718092,1.0634896128474412e-11,1.0789267981571667e-06,0.9992859017628496,25,0,10
34,7153,0.0007191171466708092,1.2189876130405043e-11,1.0767415641428557e-06,0.9992798060995761,25,0,10
34,7154,0.0007124743789289959,1.0828408398943513e-11,1.0516396895051271e-06,0.9992864739705541,25,0,10
34,7155,0.0008313228302108499,1.1756315759719087e-11,2.8128656942147416e-06,0.99916586429234,25,0,10
34,7156,0.0006067409511319265,1.5996109037383162e-10,4.508480510103904e-06,0.9993887504083979,25,0,10
34,7157,0.0007033895435783991,1.077039017603902e-11,3.4286422210883445e-06,0.9992931818034307,25,0,10
34,7158,0.0006019627534571204,1.4096582272567296e-11,1.3252553642380418e-06,0.9993967119770834,25,0,10
34,7159,0.0011853424475772245,1.76259457848722e-11,1.520237832836127e-06,0.9988131372969663,25,0,10
34,7160,0.001133916537852937,1.3503775393729076e-11,1.3704743112879833e-06,0.998864712974334,25,0,10
34,7161,0.0009125511220334524,9.33161899759422e-12,1.108856540682806e-06,0.9990863400120957,25,0,10
34,7162,0.0008296467318906622,9.232022958607674e-12,1.0681579284497792e-06,0.9991692851009496,25,0,10
34,7163,0.0013045116430920978,1.410267981597326e-11,1.5062900172623566e-06,0.9986939820527887,25,0,10
34,7164,0.0012560568242445678,1.7199076105011027e-11,1.757461282851114e-06,0.9987421856972744,25,0,10
34,7165,0.001250159520142293,2.0365615140315092e-11,1.6904081158016598e-06,0.9987481500513773,25,0,10
34,7166,0.0013957676976658505,2.9359619272461845e-11,1.9484223461845988e-06,0.9986022838506295,25,0,10
34,7167,0.000890575259666258,2.024476730659095e-11,1.3035600450160082e-06,0.9991081211600451,25,0,10
34,7168,0.0006539860062637047,1.5521335525681593e-11,1.098477376955575e-06,0.9993449155008386,25,0,10
34,7169,0.0009015873983584433,1.9160713539527517e-11,1.402581786641354e-06,0.9990970100006947,25,0,10
34,7170,0.0010242504151457522,2.2855094325604805e-11,1.6495445504033805e-06,0.9989741000174489,25,0,10
34,7171,0.0019369242060502383,2.4496404817289346e-11,2.048402559848529e-06,0.998061027366894,25,0,10
34,7172,0.001997699090916955,2.1739708910545364e-11,1.974792355637457e-06,0.9980003260949872,25,0,10
34,7173,0.0011207926386206375,1.3083039680610858e-11,1.1156750862083744e-06,0.9988780916732095,25,0,10
34,7174,0.0008069590877054207,9.261672958898111e-12,7.201542631012201e-07,0.9991923207487707,25,0,10
34,7175,0.0008672615966661556,1.1424987751365252e-11,9.040638469446387e-07,0.9991318343280635,25,0,10
34,7176,0.00168350034990037,4.686393381240698e-11,5.246625114826841e-06,0.9983112529781221,25,0,10
34,7177,0.0016183870140985793,4.377771379419465e-11,5.079435811904881e-06,0.9983765335063134,25,0,10
34,7178,0.0013820545551852545,4.5110413474587534e-11,4.9202638986530245e-06,0.9986130251358069,25,0,10
34,7179,0.001378300651038381,4.304762625821564e-11,4.890807660620725e-06,0.9986168084982543,25,0,10
34,7180,0.0018471501754833552,4.879314714978193e-11,5.314871929873038e-06,0.998147534903795,25,0,10
34,7181,0.0016113144348465591,4.822405658508931e-11,5.216774031001686e-06,0.9983834687429003,25,0,10
34,7182,0.001541973455441322,1.718779270122201e-11,1.6239404128120497e-06,0.9984564025869599,25,0,10
34,7183,0.0013726614251771516,1.2860939614908035e-11,1.4736107083271953e-06,0.9986258649512558,25,0,10
34,7184,0.001500984963237664,1.5824300832027e-11,1.3379121801892865e-06,0.9984976771087597,25,0,10
34,7185,0.001167186907356811,1.455597521823059e-11,1.3404199626906608e-06,0.9988314726581256,25,0,10
34,7186,0.0011407968156724572,1.325380344184163e-11,1.263083380964011e-06,0.9988579400876941,25,0,10
34,7187,0.0007504344959654273,8.276781937720176e-12,1.1088427541784054e-06,0.9992484566530047,25,0,10
34,7188,0.0007207827455601442,1.4552207651481972e-11,1.258283606678128e-06,0.9992779589562808,25,0,10
34,7189,0.000720368732837842,1.355568420485428e-11,1.2900901476651837e-06,0.9992783411634586,25,0,10
34,7190,0.001548256346242495,8.934983683555442e-12,1.3608308242053267e-06,0.9984503828139988,25,0,10
34,7191,0.001536191019126461,8.237878187668186e-12,1.0916200040807845e-06,0.9984627173526325,25,0,10
34,7192,0.0015941253539086373,1.6548917802914066e-11,1.332690616967731e-06,0.9984045419389266,25,0,10
34,7193,0.001602000435518525,1.601963735905263e-11,1.2904403044723577e-06,0.9983967091081589,25,0,10
34,7194,0.0016035912898203757,1.2542652368710648e-11,1.2255097114208502e-06,0.998395183187927,25,0,10
34,7195,0.0013619007070443054,8.121798804682364e-12,1.1130264227813296e-06,0.9986369862584126,25,0,10
34,7196,0.001300058162390655,6.4435173195829126e-12,9.965264131883965e-07,0.9986989453047538,25,0,10
34,7197,0.0005820673489907782,8.26513768525515e-12,7.894031480143186e-07,0.9994171432395974,25,0,10
34,7198,0.0006509288572266271,1.0661046732646163e-11,9.415234879610503e-07,0.9993481296086257,25,0,10
34,7199,0.0008618851375139349,9.514157921520856e-12,9.680463651439059e-07,0.9991371468066079,25,0,10
34,7200,0.001526756551409647,1.9304981604449395e-11,1.4295714559037312e-06,0.9984718138578311,25,0,10
34,7201,0.0015252367866713788,1.9441936584827798e-11,1.4036749140350545e-06,0.9984733595189742,25,0,10
34,7202,0.0006734955706563046,1.1663521744515531e-11,8.151567612660713e-07,0.9993256892609206,25,0,10
34,7203,0.0006727005010252837,7.67707056527374e-12,7.355570643976765e-07,0.9993265639342345,25,0,10
34,7204,0.0004372228083356895,7.510453971355778e-12,6.802842480927175e-07,0.9995620968999074,25,0,10
34,7205,0.00037722196777936057,5.328789506887726e-12,4.939614701407109e-07,0.9996222840654237,25,0,10
34,7206,0.00038576286542811914,6.496570623034018e-12,1.3617673000986834e-06,0.9996128753607768,25,0,10
34,7207,0.0009882285811597849,4.3658109065230314e-11,2.7809497565008116e-06,0.999008990425427,25,0,10
34,7208,0.001922453628187208,1.0082279353625003e-07,1.5672482257019178e-05,0.9980617730667634,25,0,10
34,7209,0.0019124780408294332,1.008235885797499e-07,1.4844207550632805e-05,0.9980725769280326,25,0,10
34,7210,0.00110474872944373,2.3289816771139082e-11,1.4295950952647187e-06,0.9988938216521724,25,0,10
34,7211,0.001314564853502524,2.245575579605933e-11,1.3740000361551174e-06,0.9986840611240067,25,0,10
34,7212,0.0008858766293431209,2.027258283406653e-11,1.2191949768994174e-06,0.9991129041554083,25,0,10
34,7213,0.0011960067526468263,2.6164418005539697e-11,1.91795974960843e-06,0.9988020752614394,25,0,10
34,7214,0.0007298514298601047,2.6434915587397028e-11,1.59896107108101e-06,0.999268549582635,25,0,10
34,7215,0.0004463815866182521,1.737933373258614e-11,9.150421256565353e-07,0.9995527033538781,25,0,10
34,7216,0.00044160775192341107,1.7324000037230068e-11,9.090327386314645e-07,0.9995574831980154,25,0,10
34,7217,0.00045207022858401435,1.1239551824490984e-11,8.766911900839203e-07,0.9995470530689877,25,0,10
34,7218,0.00043654272743406356,1.330959550739498e-11,8.450114718962784e-07,0.9995626122477863,25,0,10
34,7219,0.0004328684967970657,9.605711593925437e-12,8.501269155489858e-07,0.9995662813666831,25,0,10
34,7220,0.026930540980129793,2.0154838876672542e-11,8.339628151122186e-06,0.973061119371566,25,0,10
34,7221,0.027300712000628162,1.9921594394320943e-11,8.386239923498677e-06,0.9726909017395282,25,0,10
34,7222,0.010533987530648811,1.3512386659943504e-11,4.0567182808870255e-06,0.9894619557375596,25,0,10
34,7223,0.010534649714630417,1.2360167517598495e-11,4.0185689397067635e-06,0.9894613317040721,25,0,10
34,7224,0.01076559932744105,1.326496289388054e-11,4.281173748009102e-06,0.9892301194855477,25,0,10
34,7225,0.010787561108083321,1.560509555748597e-11,4.2679522059618065e-06,0.9892081709241083,25,0,10
34,7226,0.0006009253875752246,1.002624075563699e-11,7.718045685547192e-07,0.9993983027978325,25,0,10
34,7227,0.00034716497377737195,8.821798126040826e-12,6.008829779984779e-07,0.9996522341344246,25,0,10
34,7228,0.00039408723374821273,1.425561080389303e-11,8.203685765760966e-07,0.9996050923834214,25,0,10
34,7229,0.0006711149363184557,1.7968167549122827e-11,3.429897840415312e-06,0.9993254551478747,25,0,10
34,7230,0.0007264676267152995,2.2592628796682755e-11,3.5891274024044055e-06,0.9992699432232908,25,0,10
34,7231,0.0011178692793007456,1.9409863550690713e-11,3.6951366822764473e-06,0.9988784355646088,25,0,10
34,7232,0.0005987251950518084,1.455696976474527e-11,8.400241399134716e-07,0.9994004347662522,25,0,10
34,7233,0.0011494078724780925,1.4850168848685043e-11,1.1626717204860146e-06,0.9988494294409523,25,0,10
34,7234,0.0009676414512909417,1.1737534660015385e-11,1.0330753758228316e-06,0.9990313254615968,25,0,10
34,7235,0.0008432248903862626,4.649105336285604e-11,2.2495708162376474e-06,0.9991545254923081,25,0,10
34,7236,0.0010222007776593588,4.4330539591727947e-11,2.2308385310966244e-06,0.9989755683394814,25,0,10
34,7237,0.0010100421917454006,4.4961561717176456e-11,1.93173770508268e-06,0.99898802602559,25,0,10
34,7238,0.0010712476730123537,4.857953371766785e-11,2.0777380947514698e-06,0.9989266745403158,25,0,10
34,7239,0.0008958523758945396,4.6338776099969265e-11,1.4671842082548479e-06,0.9991026803935606,25,0,10
34,7240,0.0008818486638510555,4.62640922699148e-11,1.4521922765652062e-06,0.9991166990976105,25,0,10
34,7241,0.000630688088357306,1.007065034590086e-11,7.996380085106114e-07,0.999368512263565,25,0,10
34,7242,0.0005639037200423544,9.829686351976486e-12,7.086590751213284e-07,0.9994353876110541,25,0,10
34,7243,0.0005812604757909006,9.947952572912214e-12,7.468532829026097e-07,0.99941799266098,25,0,10
34,7244,0.0004080104451000588,9.533762298960764e-12,7.577278315637631e-07,0.9995912318175363,25,0,10
34,7245,0.00035500994345714817,1.0496640156606467e-11,5.440029103900397e-07,0.9996444460431374,25,0,10
34,7246,0.0003393920843607855,8.408620147738858e-12,5.907202736281901e-07,0.9996600171869582,25,0,10
34,7247,0.0003242462275989796,7.261598500399458e-12,5.306092347905257e-07,0.999675223155906,25,0,10
34,7248,0.0003150739473828548,6.74978886989219e-12,7.423200291029741e-07,0.9996841837258398,25,0,10
34,7249,0.0003116552621844264,5.641219341240085e-12,7.981390506130663e-07,0.9996875465931254,25,0,10
34,7250,0.0007551175497286956,1.0289012391627999e-10,3.127183264833863e-06,0.9992417551641182,25,0,10
34,7251,0.0008114938076975493,9.986286890379531e-11,2.9200001913593355e-06,0.9991855860922496,25,0,10
34,7252,0.0008195413902216369,9.941930667696839e-11,2.895291570263254e-06,0.9991775632187904,25,0,10
34,7253,0.0008893432069024706,1.0358735780768467e-10,3.129975560844804e-06,0.999107526713951,25,0,10
34,7254,0.0010430223368193684,1.0321217163737522e-10,3.1004639924756603e-06,0.9989538770959777,25,0,10
34,7255,0.0010391155044835705,1.7245775709696472e-11,2.870367250213361e-06,0.9989580141110217,25,0,10
34,7256,0.0013873019398857782,7.985633947488857e-11,4.107570007551603e-06,0.9986085904102514,25,0,10
34,7257,0.0007740607474872066,7.993115095228874e-11,3.807116776385188e-06,0.9992221320558063,25,0,10
34,7258,0.0012404561046115378,8.276943710495453e-11,4.145016183638336e-06,0.9987553987964369,25,0,10
34,7259,0.0013298890308678121,2.0829636286715538e-11,2.4282006272466905e-06,0.9986676827476765,25,0,10
34,7260,0.002777466430610458,3.892539230480308e-11,5.456792478481913e-06,0.9972170767379863,25,0,10
34,7261,0.00211394423601971,3.0354117556802233e-11,3.2464083271370302e-06,0.9978828093252993,25,0,10
34,7262,0.0008901301229772288,1.9592055926577295e-11,1.316437566612369e-06,0.999108553419865,25,0,10
34,7263,0.0024332410815538067,1.9565785299557646e-11,1.9510587070052487e-06,0.9975648078401745,25,0,10
34,7264,0.0024048498588718,2.1555301373083585e-11,1.8827993943799253e-06,0.9975932673201791,25,0,10
34,7265,0.0013140381091198622,1.9852607588062373e-11,1.330820858430964e-06,0.9986846310501701,25,0,10
34,7266,0.0016798417087001904,2.4812712824486603e-11,1.8489060688859217e-06,0.9983183093604194,25,0,10
34,7267,0.0016821620153928568,2.7000047601123594e-11,1.938891915362264e-06,0.9983158990656925,25,0,10
34,7268,0.0020283032259824623,2.4977469163204722e-11,3.4707745132133545e-06,0.9979682259745282,25,0,10
34,7269,0.0013430283893763023,2.4417549647802007e-11,3.241979308244505e-06,0.9986537296068999,25,0,10
34,7270,0.0015860387179038146,3.036199288420761e-11,3.4555640259991286e-06,0.9984105056877097,25,0,10
34,7271,0.0015336561919095974,2.4359624059861688e-11,3.164046013347159e-06,0.9984631797377191,25,0,10
34,7272,0.00150953949891371,2.2657997939916447e-11,3.0855265800478106e-06,0.9984873749518498,25,0,10
34,7273,0.0006827754424146738,1.7322897244665375e-11,1.0660343914476279e-06,0.9993161585058727,25,0,10
34,7274,0.0007382153037090696,1.4932998150936654e-11,1.2847649364627856e-06,0.9992604999164234,25,0,10
34,7275,0.0011084248257976922,1.0647606357419802e-11,1.184754015410489e-06,0.9988903904095409,25,0,10
34,7276,0.0014890280176834852,1.3293786311207477e-10,1.67728143817766e-06,0.9985092945679414,25,0,10
34,7277,0.0014553947891907345,1.3403259871897966e-10,1.7273011802248587e-06,0.9985428777755969,25,0,10
34,7278,0.001254598873245213,1.288743763914882e-10,1.4530733998455776e-06,0.9987439479244807,25,0,10
34,7279,0.000630651549266118,1.2884569470177983e-10,1.2243402794201393e-06,0.999368123981609,25,0,10
34,7280,0.001207437079655935,2.2034127679674716e-10,3.2007386733677035e-06,0.9987893619613304,25,0,10
34,7281,0.0011003893128602184,2.1809442437638405e-10,3.1224659310745943e-06,0.9988964880031158,25,0,10
34,7282,0.0010570074638592308,2.1884834394246475e-10,2.9775968312310313e-06,0.9989400147204625,25,0,10
34,7283,0.0010725485209149915,2.1709599756570465e-10,2.922162562432524e-06,0.9989245290994279,25,0,10
34,7284,0.0010811253502725578,9.740091019883564e-11,2.8695679056962513e-06,0.9989160049844223,25,0,10
34,7285,0.0003841024301656108,5.886857246412396e-12,6.680128581447108e-07,0.9996152295510907,25,0,10
34,7286,0.000607586050463974,7.487807975837336e-12,7.274747074695902e-07,0.9993916864673419,25,0,10
34,7287,0.0003685494487674204,5.783559410130329e-12,5.249401582593493e-07,0.9996309256052919,25,0,10
34,7288,0.0005019563337029158,1.1165636160325185e-11,9.463205041496959e-07,0.9994970973346287,25,0,10
34,7289,0.00037564079890772936,6.8570606230427136e-12,5.431683611324082e-07,0.9996238160258752,25,0,10
34,7290,0.00035276949796055035,5.803148792403664e-12,5.086291491473075e-07,0.9996467218670887,25,0,10
34,7291,0.0007309934063158167,8.94612869274145e-12,9.65475896056705e-07,0.9992680411088436,25,0,10
34,7292,0.0007460250930000766,8.992803682653991e-12,9.695364445358475e-07,0.9992530053615645,25,0,10
34,7293,0.000516877259842313,6.534924179178505e-12,8.801411283879739e-07,0.9994822425924962,25,0,10
34,7294,0.0006955693032544242,1.054194673189592e-11,1.2602974242378185e-06,0.9993031703887815,25,0,10
34,7295,0.0005970187911611079,1.5372269470794113e-11,1.2653492752773231e-06,0.9994017158441929,25,0,10
34,7296,0.0008932764534877905,2.0974555831490038e-11,1.5295109239987993e-06,0.999105194014616,25,0,10
34,7297,0.0018261879006555204,7.99810880044644e-12,3.857448138947072e-06,0.9981699546432092,25,0,10
34,7298,0.0029146387335681973,1.6163274438825576e-11,4.783259333373975e-06,0.9970805779909361,25,0,10
34,7299,0.002906603085621218,1.7167266246812573e-11,4.826166437020955e-06,0.9970885707307758,25,0,10
34,7300,0.0032434855022199175,1.877076769982062e-11,5.198114003139412e-06,0.9967513163650075,25,0,10
34,7301,0.002022095698935696,1.7514284335569917e-11,2.1143218054545624e-06,0.997975789961745,25,0,10
34,7302,0.0020204142905016617,1.8495085311839957e-11,2.3498137939527692e-06,0.9979772358772092,25,0,10
34,7303,0.0018824307128400444,1.5312470541816385e-11,2.104234087074031e-06,0.9981154650377604,25,0,10
34,7304,0.0015831996567830192,1.0447858771146929e-11,1.549056388141953e-06,0.9984152512763821,25,0,10
34,7305,0.0003863167460444414,8.626377316617546e-12,7.014255802959769e-07,0.9996129818197502,25,0,10
34,7306,0.000385594245408742,7.037019556117314e-12,7.425373352130436e-07,0.9996136632102203,25,0,10
34,7307,0.0006290289250672771,1.3796497034752241e-11,1.0171018199548229e-06,0.9993699539593173,25,0,10
34,7308,0.0006333321310908427,1.5417721892273112e-11,1.0597589533251786e-06,0.9993656080945398,25,0,10
34,7309,0.0007517863262492531,1.7672655176629896e-11,1.2805563626072735e-06,0.9992469330997166,25,0,10
34,7310,0.0007344291307833809,1.543953377330449e-11,1.3540657377481423e-06,0.9992642167880406,25,0,10
34,7311,0.0007466442070163384,1.5462331801200972e-11,1.5876779170008516e-06,0.9992517680996058,25,0,10
34,7312,0.0006009185616588743,1.1033246015787055e-11,1.1610238195509772e-06,0.9993979204034895,25,0,10
34,7313,0.0007165221407272243,1.3680585247925234e-11,3.36340367423338e-06,0.9992801144419196,25,0,10
34,7314,0.0008234572996594112,1.0550609500930809e-11,3.2656620984022774e-06,0.9991732770276934,25,0,10
34,7315,0.0005871821472215607,1.0626774346321914e-11,3.1235373926771926e-06,0.9994096943047609,25,0,10
34,7316,0.0006404066986726485,1.3294480333758782e-11,3.3653876450777534e-06,0.9993562279003894,25,0,10
34,7317,0.0006326059392848634,1.2889438313837973e-11,1.0798169409628995e-06,0.9993663142308862,25,0,10
34,7318,0.0012750635766594037,1.8508050837782746e-09,3.2179748057911744e-06,0.9987217165977307,25,0,10
34,7319,0.004166826797704647,2.0469469707751445e-09,1.4626292315250244e-05,0.9958185448630337,25,0,10
34,7320,0.00506968362118216,1.598921977883722e-10,1.318080375486419e-05,0.994917135415172,25,0,10
34,7321,0.0018759634410605859,1.8868663152307308e-11,8.298237846414865e-06,0.9981157383022256,25,0,10
34,7322,0.003027419013433385,3.164725580753768e-11,1.511161943655582e-05,0.9969574693354839,25,0,10
34,7323,0.001817539095653057,2.3954450984126665e-11,1.4258328052455423e-05,0.9981682025523411,25,0,10
34,7324,0.0018985097530123196,8.806661938502672e-11,1.8184414061144188e-05,0.9980833057448603,25,0,10
34,7325,0.0015195109424302347,9.258361162039505e-11,1.4191759162747513e-05,0.998466297205824,25,0,10
34,7326,0.001057950301152915,8.933681021109323e-11,7.416248229159054e-06,0.9989346333612816,25,0,10
34,7327,0.0010366309186715756,7.835137638210157e-11,5.188568481536542e-06,0.9989581804344958,25,0,10
34,7328,0.0008662437020385957,1.5538948267271742e-11,1.230285084767773e-06,0.9991325259973385,25,0,10
34,7329,0.0008532299806998164,1.4633619465592448e-11,1.181912839300873e-06,0.9991455880918284,25,0,10
34,7330,0.0013464843119532558,1.8273717298846974e-11,2.2161022733676736e-06,0.998651299567501,25,0,10
34,7331,0.0006671350913022489,1.4051793946010375e-11,1.085336997992646e-06,0.9993317795576495,25,0,10
34,7332,0.0007926027327733672,1.4022153160529818e-11,1.3007113083566316e-06,0.9992060965418971,25,0,10
34,7333,0.000830099071784993,1.538081745962256e-11,1.852431717434384e-06,0.9991680484811171,25,0,10
34,7334,0.0010634441834259075,1.9580807038490096e-11,1.6539623613949627e-06,0.9989349018346325,25,0,10
34,7335,0.0007999679677588074,1.5217267585726924e-11,1.3905274512796632e-06,0.9991986414895733,25,0,10
34,7336,0.0005889813975338228,4.2092277579640154e-11,1.2643217440349761e-06,0.9994097542386305,25,0,10
34,7337,0.0005858530732491636,4.271073713012439e-11,1.2016464658918998e-06,0.9994129452375751,25,0,10
34,7338,0.0006355342969668707,4.578825904200185e-11,1.376465341628855e-06,0.9993630891919041,25,0,10
34,7339,0.00039015443382760945,7.000873236224565e-11,7.770983547049456e-07,0.9996090683978099,25,0,10
34,7340,0.0003949920570364859,7.091877520897343e-11,8.134981794744345e-07,0.9996041943738664,25,0,10
34,7341,0.00039301162415613907,3.7874335621189546e-11,6.138128992648101e-07,0.9996063745250712,25,0,10
34,7342,0.0006332350684816481,4.008146164306864e-11,8.392595672862624e-07,0.9993659256318703,25,0,10
34,7343,0.0006510412990971765,9.25264748101826e-12,9.324942712877138e-07,0.9993480261973793,25,0,10
34,7344,0.0005947259471231156,9.429237324392807e-12,8.344649450901135e-07,0.9994044395785028,25,0,10
34,7345,0.0010616724364181235,1.144367069983811e-11,1.1707125995675582e-06,0.9989371568395391,25,0,10
34,7346,0.0018097918644764182,1.7718683874846437e-11,1.8209226398406758e-06,0.9981883871951654,25,0,10
34,7347,0.0008241743058687419,9.252072814897094e-12,1.008055678209942e-06,0.9991748176292016,25,0,10
34,7348,0.0008996005634617947,1.1963970383440763e-11,1.2562797956956466e-06,0.999099143144779,25,0,10
34,7349,0.0011070567840893075,1.7460839240993785e-11,1.3184431432507915e-06,0.9988916247553077,25,0,10
34,7350,0.001039090778819526,1.278799469577817e-11,1.418346963020055e-06,0.9989594908614307,25,0,10
34,7351,0.0009332283056745896,1.361293447090251e-11,1.2271759284335178e-06,0.9990655445047852,25,0,10
34,7352,0.0009943340931025447,1.5137242062901088e-11,1.7441113505888825e-06,0.9990039217804114,25,0,10
34,7353,0.0007675171410406721,1.2866785533629188e-11,1.1259491987078318e-06,0.9992313568968956,25,0,10
34,7354,0.0005373544132133728,1.1849522518545525e-11,1.0338153004386292e-06,0.9994616117596382,25,0,10
34,7355,0.000519235496542896,1.1764175946672686e-11,1.0110576589200468e-06,0.9994797534340354,25,0,10
34,7356,0.0005304959522249328,1.2811993431569095e-11,2.521459075465669e-06,0.9994669825758886,25,0,10
34,7357,0.0012982907869485923,2.374305593090662e-11,3.4194747784447552e-06,0.9986982897145306,25,0,10
34,7358,0.0007135094276693489,1.1392443447726705e-11,9.715080197162486e-07,0.9992855190529191,25,0,10
34,7359,0.0007573262299235343,1.1966165373982352e-11,1.3918276292982874e-06,0.9992412819304822,25,0,10
34,7360,0.0010018494720941324,1.6616521753214695e-11,1.7266759402648785e-06,0.9989964238353495,25,0,10
34,7361,0.0009404295881705521,1.1957381472360946e-11,1.1450291822952965e-06,0.9990584253706908,25,0,10
34,7362,0.0007602743539675878,6.891399932495437e-11,1.1520260772533782e-06,0.9992385735510423,25,0,10
34,7363,0.0008877164663258222,1.3270972178754225e-11,1.0297193032418627e-06,0.9991112538011016,25,0,10
34,7364,0.0009528474705540806,1.8430860829811868e-11,1.2963795853780816e-06,0.9990458561314308,25,0,10
34,7365,0.0007238986046786175,1.7295675775144498e-11,1.16472598608338e-06,0.9992749366520406,25,0,10
34,7366,0.000432049388467195,1.2310224268058359e-11,7.86433665182017e-07,0.9995671641655579,25,0,10
34,7367,0.0016403765310096718,5.31830025050648e-11,9.565022215901257e-06,0.9983500583935921,25,0,10
34,7368,0.0015692699781221426,4.5551141058568846e-11,9.327741318500139e-06,0.9984214022350089,25,0,10
34,7369,0.0015860795546973746,4.5621450847074503e-11,9.335611628516163e-06,0.9984045847880535,25,0,10
34,7370,0.0011124934139951372,4.3704125025350945e-11,9.038008073776925e-06,0.9988784685342282,25,0,10
34,7371,0.0011808805983083235,4.503558500290701e-11,9.154709217205875e-06,0.99880996464744,25,0,10
34,7372,0.001410065626657447,4.7542800845865885e-11,9.367558872731542e-06,0.9985805667669274,25,0,10
34,7373,0.0014192101703512385,4.7729506634128256e-11,9.385388866179289e-06,0.9985714043930537,25,0,10
34,7374,0.002115856844324462,5.4532334712536024e-11,9.902511596837813e-06,0.9978742405895481,25,0,10
34,7375,0.0017704459380973863,5.503850177260748e-11,9.963142221060914e-06,0.9982195908646443,25,0,10
34,7376,0.0008060460586412274,1.6036386266643985e-11,1.3155412180782578e-06,0.9991926383841054,25,0,10
34,7377,0.0004344656233776789,1.2768767633222382e-11,8.561815434562101e-07,0.9995646781823109,25,0,10
34,7378,0.00043733321245832885,1.4775637573849007e-11,8.840897457450396e-07,0.9995617826830209,25,0,10
34,7379,0.0007493057725814559,1.955616413746489e-11,1.3468253701932689e-06,0.9992493473824929,25,0,10
34,7380,0.0008202017336798617,2.1827201912734233e-11,1.538736119153983e-06,0.9991782595083748,25,0,10
34,7381,0.0007261374572339753,1.47733481601987e-11,1.1507856990090344e-06,0.999272711742295,25,0,10
34,7382,0.0004986950161827012,7.573019375626825e-11,1.070644990275317e-06,0.9995002342630983,25,0,10
34,7383,0.00048792707580121506,7.568886355855015e-11,1.0616458240171447e-06,0.9995110112026875,25,0,10
34,7384,0.0005325577732919152,7.820013200911763e-11,1.2379563742525033e-06,0.999466204192135,25,0,10
34,7385,0.0005513518941388301,7.667689637910918e-11,1.2385336629440119e-06,0.9994474094955227,25,0,10
34,7386,0.0012041460483255546,8.41452872936069e-11,1.744561332763096e-06,0.9987941093061979,25,0,10
34,7387,0.0013420376682959406,1.37753821774771e-10,3.115305885429014e-06,0.9986548468880663,25,0,10
34,7388,0.0008096970983935527,7.434324265449498e-11,1.1091937321165029e-06,0.9991891936335322,25,0,10
34,7389,0.006495705561159206,7.982841004838927e-11,7.774712805855358e-06,0.9934965196462078,25,0,10
34,7390,0.006014117516826531,1.2735916117735099e-11,7.2169262602924985e-06,0.9939786655441789,25,0,10
34,7391,0.016754658587126867,2.606476809965421e-09,0.00010846164193868293,0.9831368771644591,25,0,10
34,7392,0.0009364077480564061,9.637630477596344e-12,2.634270793159586e-06,0.9990609579715145,25,0,10
34,7393,0.0010508484085737506,8.672071235567929e-12,1.2119675318100636e-06,0.9989479396152242,25,0,10
34,7394,0.0013057882961419198,1.3541048819040873e-11,1.4838032364497762e-06,0.9986927278870822,25,0,10
34,7395,0.00210546422922756,1.4688104113425724e-11,1.72524157660715e-06,0.997892810514509,25,0,10
34,7396,0.0012933639167052979,1.1260211873797134e-11,1.1365573283879966e-06,0.9987054995147071,25,0,10
34,7397,0.001556437063473074,1.7665956185813207e-11,1.4562239720212663e-06,0.9984421066948899,25,0,10
34,7398,0.001313003519024692,1.746464976158205e-11,1.3668634570436945e-06,0.9986856296000544,25,0,10
34,7399,0.0015205413771217813,2.0222754017351718e-11,1.5641499539368964e-06,0.9984778944527029,25,0,10
34,7400,0.0012982171797761566,1.966555833046103e-11,1.420498013632536e-06,0.9987003623025457,25,0,10
34,7401,0.001117459755560244,2.104791009733248e-11,1.3723001846993485e-06,0.9988811679232079,25,0,10
34,7402,0.000527359137476031,1.4351296683125336e-11,1.00000922485828e-06,0.9994716408389485,25,0,10
34,7403,0.0005986196680041371,4.3843989130906065e-11,8.716047161404763e-07,0.9994005086834363,25,0,10
34,7404,0.0005861731010800601,4.0994101247950756e-11,8.517872832360115e-07,0.9994129750706441,25,0,10
34,7405,0.0005994774947787342,8.468929796447373e-12,7.245207303611363e-07,0.9993997979760226,25,0,10
34,7406,0.0004352985719150381,6.092590008017825e-12,5.978414084611111e-07,0.9995641035805853,25,0,10
34,7407,0.000501499378476669,9.794734313277992e-11,1.0232761548261072e-05,0.999488267762029,25,0,10
34,7408,0.000856009428902365,1.0259390466967951e-10,1.0673039158048284e-05,0.9991333174293473,25,0,10
34,7409,0.0011322663408528256,1.933877179721297e-11,1.4045511053011908e-06,0.998866329088704,25,0,10
34,7410,0.0011282103137459575,1.9373492131941363e-11,1.3079022884777736e-06,0.998870481764593,25,0,10
34,7411,0.000884661466844135,1.3089601054652696e-11,9.91451226516354e-07,0.9991143470688404,25,0,10
34,7412,0.0008949121381569671,1.626189855667024e-11,1.0519659948084378e-06,0.999104035879587,25,0,10
34,7413,0.0007155842293104806,9.748102009167814e-12,1.0037201229056474e-06,0.99928341204082,25,0,10
34,7414,0.0006005756841547991,1.0702898019511124e-11,1.208300115796036e-06,0.9993982160050285,25,0,10
34,7415,0.0010869350874306732,1.2863357503697437e-11,1.5368685807019629e-06,0.9989115280311275,25,0,10
34,7416,0.0065882425355320426,9.535803237956649e-11,4.476241209662394e-05,0.993366994957015,25,0,10
34,7417,0.0010020166476343011,1.6992550165794246e-11,1.4706985045720547e-06,0.9989965126368705,25,0,10
34,7418,0.0015865559736541694,1.2698872691763587e-11,1.49081413011922e-06,0.9984119531995193,25,0,10
34,7419,0.0008985375120684233,1.1431052742756823e-11,1.1192807987461999e-06,0.9991003431957034,25,0,10
34,7420,0.0014415004676214852,1.857245385023924e-11,2.0955116980938758e-06,0.998556404002109,25,0,10
34,7421,0.001381339885565656,1.834015227803155e-11,1.586855533718167e-06,0.9986170732405623,25,0,10
34,7422,0.0012744559980696754,1.5367742878919826e-11,1.3102742939495614e-06,0.9987242337122698,25,0,10
34,7423,0.001299599846907966,2.0716887681281417e-11,1.3693628615314872e-06,0.9986990307695148,25,0,10
34,7424,0.001320010087361676,2.1891406379599683e-11,1.5045468728553209e-06,0.9986784853438752,25,0,10
34,7425,0.002209368288868464,2.387788777197058e-11,1.844598724264195e-06,0.99778878708853,25,0,10
34,7426,0.0018395130649311218,2.368576403072305e-11,1.7464998105796796e-06,0.9981587404115736,25,0,10
34,7427,0.0013494246374401997,1.677957433164098e-11,1.314938085448364e-06,0.9986492604076959,25,0,10
34,7428,0.0010270921952356049,1.2209021644599063e-11,9.386553024154078e-07,0.9989719691372541,25,0,10
34,7429,0.00036665587309898023,1.033908973520952e-11,5.892736292598118e-07,0.9996327548429339,25,0,10
34,7430,0.0004937048218208822,1.5789077928819233e-11,1.022674451276315e-06,0.9995052724879399,25,0,10
34,7431,0.00041807001839656285,1.0635812807681595e-11,7.79027224656619e-07,0.9995811509437439,25,0,10
34,7432,0.0003527873098564185,7.48232057008676e-12,6.126915204743265e-07,0.9996465999911421,25,0,10
34,7433,0.00040736054089462217,8.931818390778999e-12,7.392272049840753e-07,0.99959190022297,25,0,10
34,7434,0.0004250716252920747,9.984863147763515e-12,8.014150261250626e-07,0.9995741269496989,25,0,10
34,7435,0.0005746081075392403,1.6035366980359224e-11,1.2280086654501804e-06,0.9994241638677619,25,0,10
34,7436,0.0005710605882837965,4.6442272831317074e-11,1.49825343005598e-06,0.9994274411118461,25,0,10
34,7437,0.0009496541178846235,4.4744669981755846e-11,1.430572567212326e-06,0.9990489152648051,25,0,10
34,7438,0.0005594845836993947,4.4353173578656676e-11,1.3078431542649738e-06,0.9994392075287939,25,0,10
34,7439,0.00047178855946717105,1.0659529693905686e-11,9.930639953502547e-07,0.999527218365879,25,0,10
34,7440,0.000725993895535407,1.270558920840254e-11,1.1752542764752286e-06,0.9992728308374833,25,0,10
34,7441,0.0008709120767659226,1.8591032109187604e-11,2.8440284319751354e-06,0.9991262438762124,25,0,10
34,7442,0.0010370245012906198,2.1590671367684848e-11,7.274206136865545e-06,0.9989557012709825,25,0,10
34,7443,0.0010564762644186612,1.4590421775963284e-11,2.7461088884624473e-06,0.9989407776121033,25,0,10
34,7444,0.0021840860375097154,1.6764850318472087e-11,3.0504381937172857e-06,0.9978128635075325,25,0,10
34,7445,0.0014488740751001275,1.3613275660685666e-11,2.6952688338451726e-06,0.9985484306424537,25,0,10
34,7446,0.0013217773968415083,1.8431554695339183e-11,3.827570435206415e-06,0.9986743950142922,25,0,10
34,7447,0.0009639892090227662,1.1575074805564647e-11,1.936833474137671e-06,0.9990340739459284,25,0,10
34,7448,0.0005866035101621188,1.0431569536275836e-11,7.27074162009672e-07,0.999412669405245,25,0,10
34,7449,0.000996489952059329,1.716605065423662e-11,1.3263821327567527e-06,0.9990021836486424,25,0,10
34,7450,0.0008253996797584935,4.6169225828088294e-11,1.1327801675339187e-06,0.9991734674939048,25,0,10
34,7451,0.000937539351709361,1.630849015919491e-11,1.2022913486561675e-06,0.9990612583406334,25,0,10
34,7452,0.0008117588493250137,1.5184570063870183e-11,1.152471214638327e-06,0.9991870886642767,25,0,10
34,7453,0.0005848082874691233,9.990576279256734e-12,9.088735556768527e-07,0.9994142828289854,25,0,10
34,7454,0.000529108963153215,9.641423203190416e-12,1.1075620250252462e-06,0.9994697834651813,25,0,10
34,7455,0.0007673320985659387,1.2758357828159017e-11,1.2139137860486063e-06,0.9992314539748911,25,0,10
34,7456,0.0005370033650635549,1.1357147938248395e-11,1.140782746684218e-06,0.9994618558408337,25,0,10
34,7457,0.010844017564873038,1.1854715301548474e-11,4.490540101727291e-06,0.9891514918831714,25,0,10
34,7458,0.010660773673734504,8.216901058264276e-12,3.977773577968858e-06,0.9893352485444722,25,0,10
34,7459,0.011206419461813054,1.7906715972298032e-11,4.820738893940895e-06,0.9887887597813877,25,0,10
34,7460,0.011458469389873136,2.1750276923305837e-11,5.045895668678112e-06,0.988536484692709,25,0,10
34,7461,0.011231643804620219,1.7646323370687584e-11,4.9896437564996245e-06,0.9887633665339784,25,0,10
34,7462,0.011349433828603879,2.0176442355853254e-11,5.210772483883982e-06,0.9886453553787371,25,0,10
34,7463,0.0012615484001428248,2.0757557190180865e-11,2.028313342167905e-06,0.998736423265759,25,0,10
34,7464,0.0011807813977843123,1.7385870182954565e-11,1.7061926249125901e-06,0.998817512392206,25,0,10
34,7465,0.0010079077013823564,1.7389090331839554e-11,1.6995078350991498e-06,0.9989903927733945,25,0,10
34,7466,0.001065815567739791,2.4798048902167884e-11,2.093259107628427e-06,0.9989320911483559,25,0,10
34,7467,0.0009364336630041728,4.800777883143277e-11,1.7663682058872752e-06,0.9990617999207834,25,0,10
34,7468,0.0004001491080589717,4.1315781981478884e-11,1.0299258174654108e-06,0.9995988209248088,25,0,10
34,7469,0.0037418256110590114,4.85158637099146e-11,5.319968906314672e-06,0.9962528543715203,25,0,10
34,7470,0.0038225299435299537,1.8990549545369568e-11,5.325353740219691e-06,0.9961721446837403,25,0,10
34,7471,0.0004921353863381338,1.3780318262799807e-11,1.192849515611158e-06,0.9995066717503672,25,0,10
34,7472,0.0005792864242557172,1.1526278802678209e-11,9.522580267713057e-07,0.9994197613061927,25,0,10
34,7473,0.000568735566530278,1.2440588481282874e-11,8.638202496342947e-07,0.9994304006007816,25,0,10
34,7474,0.0014949274874503636,1.8891428028094407e-11,1.3553983681939023e-06,0.9985037170952922,25,0,10
34,7475,0.0012566324621341705,1.4872694343697396e-11,1.2318275235217037e-06,0.9987421356954721,25,0,10
34,7476,0.001156885878904953,1.479442906206025e-11,1.2974871909589806e-06,0.998841816619112,25,0,10
34,7477,0.0008054514095153875,1.0482659452806898e-11,8.512135136552086e-07,0.9991936973664906,25,0,10
34,7478,0.03975699060923605,1.4160307088051758e-11,4.226236513916902e-06,0.9602387831400915,25,0,10
34,7479,0.042987962558835247,3.2540917995092747e-09,0.0013730964382865263,0.9556389377487875,25,0,10
34,7480,0.04296013927796121,3.252440527586943e-09,0.0013730597832838198,0.9556667976863159,25,0,10
34,7481,0.1458934025658014,3.966497469133678e-08,0.010839584909916496,0.8432669728593082,25,0,10
34,7482,0.10810718764490618,3.9666357499195576e-08,0.010909290847870139,0.8809834818408673,25,0,10
34,7483,0.11449552739337301,3.1373026643372174e-08,0.0054428362872360435,0.8800616049463654,25,0,10
34,7484,0.09072037479809496,3.136086762535572e-08,0.004532427727835189,0.9047471661132035,25,0,10
34,7485,0.09226237221788343,3.1381448316968985e-08,0.004516675240954972,0.9032209211597149,25,0,10
34,7486,0.09227384955330495,3.138420990373299e-08,0.004516792120772193,0.9032093269417137,25,0,10
34,7487,0.018153758093648366,1.1826743482205146e-09,8.13069074128851e-05,0.9817649338162662,25,0,10
34,7488,0.016864625732866304,1.1755015508349214e-09,8.067536115674853e-05,0.983054697730477,25,0,10
34,7489,0.010878514554873282,1.945537573138571e-11,7.849041283625433e-05,0.9890429950128364,25,0,10
34,7490,0.011114865897990512,2.6152294951261315e-11,7.858276056516902e-05,0.9888065513152933,25,0,10
34,7491,0.011408383555103173,1.9449283261355018e-11,7.828476264952033e-05,0.9885133316627993,25,0,10
34,7492,0.011218869124325674,2.317144397029357e-11,4.78979666825361e-05,0.9887332328858218,25,0,10
34,7493,0.011394355558701552,2.3631780458563822e-11,4.881657000817535e-05,0.9885568278476596,25,0,10
34,7494,0.01122949022008229,2.3504677865001315e-11,4.866200827685472e-05,0.9887218477481369,25,0,10
34,7495,0.0006902821721011334,1.5134554780752822e-11,4.330233646203537e-05,0.9992664154763033,25,0,10
34,7496,0.001132745998802437,1.5081292919324533e-11,4.350922532306819e-05,0.9988237447607944,25,0,10
34,7497,0.0012760783326084086,1.9367719175880753e-11,4.428092183574102e-05,0.9986796407261892,25,0,10
34,7498,0.0015186391322803356,2.8391299635287624e-11,4.4662049657002984e-05,0.9984366987896722,25,0,10
34,7499,0.0013507770058531268,2.947933451158877e-11,4.6299201384740364e-05,0.9986029237632839,25,0,10
34,7500,0.0013499055851070873,3.29734672949019e-11,4.556124303860302e-05,0.9986045331388823,25,0,10
34,7501,0.000987174417873351,2.8585016177015882e-11,4.520901197141768e-05,0.9989676165415712,25,0,10
34,7502,0.0012087617274998117,2.186829015526522e-11,4.3620350399467646e-05,0.9987476179002327,25,0,10
34,7503,0.001760182977915899,2.0692468572982654e-11,4.36028514751703e-05,0.9981962141499165,25,0,10
34,7504,0.0014467913880507235,1.15779514869676e-11,1.2987377138766478e-06,0.998551909862657,25,0,10
34,7505,0.0014501503770876934,1.4092696788950632e-11,1.3540034130043083e-06,0.9985484956054067,25,0,10
34,7506,0.001442670645191056,1.4107016674437656e-11,1.3711809501603724e-06,0.9985559581597524,25,0,10
34,7507,0.0012023827043381244,9.56656289505299e-12,1.1401843920461216e-06,0.9987964771017037,25,0,10
34,7508,0.001024516282115053,5.450394409800138e-12,6.95250433107754e-07,0.9989747884620027,25,0,10
34,7509,0.0008020750801944886,8.15934390774998e-12,8.008765803216486e-07,0.9991971240350669,25,0,10
34,7510,0.0010473558578855083,1.3985409567022199e-11,1.0372289666539476e-06,0.9989516068991636,25,0,10
34,7511,0.0069771344430675205,1.9057835567900918e-11,7.343984407955281e-06,0.9930155215534677,25,0,10
34,7512,0.007096633438905731,2.751918342304634e-11,1.0279835936488956e-05,0.9928930866976393,25,0,10
34,7513,0.0015368896665968696,2.8865485541605515e-11,4.576264014494779e-06,0.9984585340405229,25,0,10
34,7514,0.0021853726769983815,2.3946234637058683e-11,4.6402224466626385e-06,0.9978099870766093,25,0,10
34,7515,0.0010012707395499886,1.992009710528874e-11,4.110353167699048e-06,0.9989946188873638,25,0,10
34,7516,0.0018747454802248186,1.5284232860632522e-11,1.8453376807502912e-06,0.9981234091668112,25,0,10
34,7517,0.0018322412811636211,1.4925992099821055e-11,1.5760578338317642e-06,0.9981661826460781,25,0,10
34,7518,0.002938856129297705,1.8745595309854177e-11,3.538612476206808e-06,0.9970576052394817,25,0,10
34,7519,0.0012166261059333632,7.405572763822408e-11,2.9150779026222566e-06,0.9987804587421094,25,0,10
34,7520,0.0015105301257554052,7.926854066954126e-11,3.2910751294369415e-06,0.9984861787198477,25,0,10
34,7521,0.001477073734658542,8.023199076994178e-11,3.2586162438446784e-06,0.9985196675688663,25,0,10
34,7522,0.0013769693054287492,1.4280501852511796e-11,1.4277941238087166e-06,0.9986216028861682,25,0,10
34,7523,0.0009283559476163439,1.2883804084150071e-11,1.594087699331378e-06,0.9990700499518012,25,0,10
34,7524,0.0008097952008614147,9.508960094395542e-12,1.3149781927537513e-06,0.9991888898114378,25,0,10
34,7525,0.011130367289391086,8.046413180099117e-12,2.4312440947552156e-06,0.9888672014584684,25,0,10
34,7526,0.011205952958645625,1.0788552022670229e-11,2.6850612066719225e-06,0.9887913619693599,25,0,10
34,7527,0.0011107239193514989,8.644606451991677e-12,1.0468144786015254e-06,0.9988882292575261,25,0,10
34,7528,0.0011128439847461979,8.246880752422269e-12,1.0277816300154295e-06,0.9988861282253783,25,0,10
34,7529,0.000727353837642914,1.0743711377187768e-11,1.0941888134478289e-06,0.9992715519628012,25,0,10
34,7530,0.0007176063157695762,1.0732762223530356e-11,1.0679919902294245e-06,0.9992813256815086,25,0,10
34,7531,0.000551666258943236,1.1319148703769285e-11,1.0781847611765456e-06,0.9994472555449775,25,0,10
34,7532,0.0005145001894831217,7.715069619080956e-12,9.424314257458112e-07,0.9994845573713769,25,0,10
34,7533,0.0007724732585715544,1.5185136101055943e-11,1.2642322836149203e-06,0.9992262624939608,25,0,10
34,7534,0.0007935211591033897,1.5896078809660212e-11,1.2937010062855298e-06,0.9992051851239957,25,0,10
34,7535,0.0005929745008416427,1.472714263126202e-11,9.533826577514106e-07,0.9994060721017752,25,0,10
34,7536,0.0006164908262065383,1.5362671839620045e-11,9.612397637471607e-07,0.9993825479186684,25,0,10
34,7537,0.0005855321894621356,1.3588735423623713e-11,8.422513235889552e-07,0.999413625545627,25,0,10
34,7538,0.0006701726297786355,1.7361744473491286e-11,1.1869805061594523e-06,0.9993286403723546,25,0,10
34,7539,0.0010740690942372447,2.433262296093512e-11,3.537824199519893e-06,0.9989223930572315,25,0,10
34,7540,0.0005954090597280727,1.6352376502286914e-11,2.953988894609083e-06,0.9994016369350263,25,0,10
34,7541,0.0007063400024908992,1.4631681351911774e-11,2.6882974679507254e-06,0.9992909716854106,25,0,10
34,7542,0.0006943543954541836,1.4535519050729454e-11,2.6735985310718326e-06,0.9993029719914804,25,0,10
34,7543,0.0008293893882699478,1.1078151436507164e-11,2.4319906816716833e-06,0.9991681786099711,25,0,10
34,7544,0.0007832957200248988,7.148582485771093e-11,4.476792044352089e-06,0.9992122274164464,25,0,10
34,7545,0.00033849267185413675,7.751981888730243e-12,6.295494377887228e-07,0.9996608777709575,25,0,10
34,7546,0.0014885935367753061,1.5331008898924792e-11,1.4187361443817708e-06,0.9985099877117516,25,0,10
34,7547,0.0006535389042716665,1.889821100612681e-11,2.884137179710894e-06,0.9993435769396518,25,0,10
34,7548,0.0006296139056348946,1.6761449259711508e-11,2.7561400546203195e-06,0.9993676299375506,25,0,10
34,7549,0.0008772242600224369,2.4847795216932956e-11,4.8387690024801094e-06,0.9991179369461282,25,0,10
34,7550,0.0013544735871697234,2.8260549450259392e-11,5.213060581915665e-06,0.9986403133239886,25,0,10
34,7551,0.0012827174017575585,1.4557719526045424e-11,1.5484544604438396e-06,0.9987157341292259,25,0,10
34,7552,0.0015015454076890797,1.245877617653366e-11,1.4855160730098635e-06,0.9984969690637804,25,0,10
34,7553,0.0014919835463599754,1.2297928333687876e-11,1.427315475421301e-06,0.9985065891258676,25,0,10
34,7554,0.0012697182078483102,1.22272434447175e-11,1.1808783402986598e-06,0.9987291009015853,25,0,10
34,7555,0.0013164564336499767,1.3761084744488982e-11,1.2727029022826397e-06,0.9986822708496885,25,0,10
34,7556,0.0012738813511653385,7.086444483149806e-11,3.6259644932585224e-06,0.998722492613478,25,0,10
34,7557,0.001319903873130103,7.229958032030383e-11,3.8330236490140905e-06,0.9986762630309229,25,0,10
34,7558,0.004474350082191909,1.8304713161582688e-10,1.3472781135185539e-05,0.9955121769536268,25,0,10
34,7559,0.0042192366923734966,1.813190550765232e-10,1.3288678573495287e-05,0.9957674744477348,25,0,10
34,7560,0.004452872044842786,1.832219193087054e-10,1.3517308674687574e-05,0.9955336104632615,25,0,10
34,7561,0.00375132339157443,1.2504604479041338e-10,1.074439053531094e-05,0.9962379320928448,25,0,10
34,7562,0.0037482490602947665,1.2487678303636167e-10,1.0569700057469445e-05,0.9962411811147716,25,0,10
34,7563,0.0035041670307706784,1.2375365631650609e-10,1.0331044843493358e-05,0.9964855018006333,25,0,10
34,7564,0.00045102697401828984,9.516439507567074e-12,7.531412347141827e-07,0.9995482198752313,25,0,10
34,7565,0.0004503899692715566,6.418615990113969e-12,8.018169681612411e-07,0.9995488082073423,25,0,10
34,7566,0.0007565076387875407,1.1227685446917094e-11,1.3359246458551091e-06,0.9992421564253398,25,0,10
34,7567,0.0007577266886841677,1.1708445080671243e-11,1.2213071322450505e-06,0.9992410519924761,25,0,10
34,7568,0.0006248815495932133,1.0495516131074154e-11,1.007037618106298e-06,0.9993741114022948,25,0,10
34,7569,0.0006062103485900477,1.052410399702709e-11,8.120732551271499e-07,0.9993929775676327,25,0,10
34,7570,0.0006698654441373247,1.783142378817943e-11,1.085755051821183e-06,0.9993290487829816,25,0,10
34,7571,0.0007562540020891902,1.7781855248900294e-11,1.2307846831438691e-06,0.9992425151954477,25,0,10
34,7572,0.0008046993201697637,1.775085862037525e-11,1.3986836051010866e-06,0.9991939019784762,25,0,10
34,7573,0.0008032056613063793,1.0494916998439891e-11,9.170733253215813e-07,0.9991958772548751,25,0,10
34,7574,0.0003531983079105424,8.58567964720564e-12,6.889202157034557e-07,0.9996461127632901,25,0,10
34,7575,0.0006544404136072871,1.794874653906391e-11,1.1486674980061613e-06,0.9993444109009478,25,0,10
34,7576,0.0006420450296743799,1.4553383002758688e-11,9.480618871766226e-07,0.9993570068938865,25,0,10
34,7577,0.0005784832669127226,9.829409273207184e-12,6.993493367989461e-07,0.9994208173739224,25,0,10
34,7578,0.0005860145714405488,9.797367456021342e-12,6.804623408523189e-07,0.999413304956423,25,0,10
34,7579,0.0005919628738954288,9.341465925671385e-12,6.880524184092465e-07,0.9994073490643465,25,0,10
34,7580,0.001715499565538437,2.468800235242544e-11,1.9727128405238003e-06,0.9982825276969352,25,0,10
34,7581,0.000863163680140837,1.3496670151122837e-11,1.0529658294801122e-06,0.999135783340535,25,0,10
34,7582,0.0005762143863074988,7.314604129809683e-12,6.345010753463334e-07,0.9994231511053048,25,0,10
34,7583,0.0010365215323586117,1.0255826286991045e-10,6.573007358931505e-06,0.9989569053577259,25,0,10
34,7584,0.0004490413392564023,6.617652415441805e-11,2.214637594687385e-06,0.9995487439569741,25,0,10
34,7585,0.0003967688063784895,7.420979864361969e-12,1.1801268727904941e-06,0.9996020510593293,25,0,10
34,7586,0.0003447405994608769,1.0863152560775468e-11,6.295539136982737e-07,0.999654629835764,25,0,10
34,7587,0.000335825391539399,9.865557734491428e-12,6.386804109514888e-07,0.9996635359181851,25,0,10
34,7588,0.00046370136127742265,1.2278288883179062e-11,9.5795333734618e-07,0.9995353406731081,25,0,10
34,7589,0.000721464297151762,1.5640201222813978e-11,1.1293986055069974e-06,0.9992774062886034,25,0,10
34,7590,0.0009612347518771769,1.767307475189525e-11,1.3634712765724633e-06,0.9990374017591742,25,0,10
34,7591,0.0008202939065758824,1.3700983141066868e-11,9.605861250536038e-07,0.999178745493599,25,0,10
34,7592,0.0015005163262057585,9.211769697038144e-12,4.652941781686247e-06,0.9984948307228027,25,0,10
34,7593,0.0013368843060846197,1.1943294790062325e-11,4.818080285954314e-06,0.9986582976016877,25,0,10
34,7594,0.0015495855246455289,5.571704053160014e-11,4.83453858725424e-06,0.9984455798810511,25,0,10
34,7595,0.0015951357454729042,5.5570098746497325e-11,6.368850713366501e-06,0.998398495348244,25,0,10
34,7596,0.0004757106304332624,1.8274160997772425e-11,2.472587767029941e-06,0.9995218167635265,25,0,10
34,7597,0.0005263299256320516,1.2039917808266908e-11,1.763253833175024e-06,0.9994719068084967,25,0,10
34,7598,0.0004096273299483609,4.1941948225082823e-11,1.5463667612570037e-06,0.99958882626135,25,0,10
34,7599,0.020279302994970473,8.286356632408498e-12,0.00010317243888890343,0.9796175245578561,25,0,10
34,7600,0.02086225396778917,1.9489010232095483e-11,0.00010578828658440018,0.9790319577261377,25,0,10
34,7601,0.00427961098548376,2.3081488718611644e-11,8.586556267098162e-06,0.9957118024351678,25,0,10
34,7602,0.004276870941457953,2.514122942774986e-11,8.994858348375027e-06,0.995714134175053,25,0,10
34,7603,0.004101960107355437,2.7924845586929384e-11,9.072702898861485e-06,0.9958889671618216,25,0,10
34,7604,0.004839723187199479,3.075255399780116e-11,8.0943320907629e-06,0.9951521824499582,25,0,10
34,7605,0.003944411747745375,2.6499607422033857e-11,6.774394222256317e-06,0.9960488138315341,25,0,10
34,7606,0.0015812668456847466,1.4128631907715992e-11,1.5280782316946008e-06,0.9984172050619565,25,0,10
34,7607,0.0004490705971395175,1.2085841067843512e-11,1.08108278567176e-06,0.9995498483079903,25,0,10
34,7608,0.00036271588057877125,7.016029888657389e-12,7.369598667975322e-07,0.9996365471525391,25,0,10
34,7609,0.00043795220868823994,8.743540304089433e-12,8.58495629305899e-07,0.9995611892869395,25,0,10
34,7610,0.00041704804890976653,9.215440145534392e-12,8.75817020773442e-07,0.9995820761248546,25,0,10
34,7611,0.0015496210795865589,1.6814756447999795e-11,3.5699459924092794e-06,0.9984468089576083,25,0,10
34,7612,0.001263502089988727,1.4472294555177082e-11,1.5428132992789884e-06,0.9987349550822416,25,0,10
34,7613,0.0020013966231583256,7.635680951717243e-11,4.208254078847267e-06,0.997994395046408,25,0,10
34,7614,0.0008243633725322099,1.2756160797150726e-11,1.3115246697583497e-06,0.9991743250900439,25,0,10
34,7615,0.0008826184149412375,1.0673039972228425e-11,1.222535812991693e-06,0.999116159038575,25,0,10
34,7616,0.0006035087088358179,1.1817490998127614e-11,1.1041043246736342e-06,0.9993953871750242,25,0,10
34,7617,0.000653965428955881,1.1863829283075996e-11,1.2524375104744735e-06,0.9993447821216719,25,0,10
34,7618,0.0009546118863508729,1.529389927462057e-11,1.724669506414249e-06,0.9990436634288509,25,0,10
34,7619,0.0005806319446159269,1.3296769775935754e-11,1.0611901821166147e-06,0.9994183068519064,25,0,10
34,7620,0.000544924016892174,1.078710181346795e-11,9.531303087031989e-07,0.9994541228420134,25,0,10
34,7621,0.0005202060786464865,9.602006186013456e-12,8.807130713985112e-07,0.9994789131986809,25,0,10
34,7622,0.0005164053832957404,9.48421824531395e-12,8.62781045328535e-07,0.9994827318261756,25,0,10
34,7623,0.0005231600024816199,1.093980093691956e-11,8.541570548954656e-07,0.9994759858295248,25,0,10
34,7624,0.0005359168345717454,1.1087494511167467e-11,8.677666906337994e-07,0.9994632153876516,25,0,10
34,7625,0.0004200698609658246,9.464342477355672e-12,6.363873439170007e-07,0.9995792937422273,25,0,10
34,7626,0.0008882222571121824,1.463767252904782e-11,1.059514975849315e-06,0.9991107182132756,25,0,10
34,7627,0.0003678103848833407,8.484958694415796e-12,5.000170070992114e-07,0.9996316895896256,25,0,10
34,7628,0.010633593845425499,1.0513828689198677e-11,2.8125625636218948e-06,0.9893635935814973,25,0,10
34,7629,0.010879918962311393,1.881086117438397e-11,4.474683430338468e-06,0.9891156063354483,25,0,10
34,7630,0.008583552349072059,1.3142781713196466e-11,6.9348445500374085e-06,0.9914095127932363,25,0,10
34,7631,0.008910110437032878,1.7063016573307832e-11,7.289062720542371e-06,0.9910826004831845,25,0,10
34,7632,0.024896670214564827,1.7984538792030252e-11,1.3373010949027857e-05,0.9750899567565028,25,0,10
34,7633,0.008767553689448631,1.2790787424588323e-11,9.843308510782885e-06,0.991222602989251,25,0,10
34,7634,0.009470513834942917,2.269599581092318e-11,8.638499548291475e-06,0.990520847642814,25,0,10
34,7635,0.009006599061621337,2.050516499797945e-11,8.365402030189159e-06,0.9909850355158453,25,0,10
34,7636,0.001034050215691266,1.5514423132533185e-11,2.169978692704499e-06,0.9989637797901034,25,0,10
34,7637,0.0008946443811827323,1.3199794048711795e-11,1.895482259729641e-06,0.9991034601233594,25,0,10
34,7638,0.0006428363573478094,1.0955086026076737e-11,1.751544333049491e-06,0.9993554120873658,25,0,10
34,7639,0.0006397702995551166,1.1524660033449873e-11,1.7017703702987367e-06,0.9993585279185513,25,0,10
34,7640,0.0006595633148100915,1.1565937538026667e-11,1.773904163029403e-06,0.9993386627694619,25,0,10
34,7641,0.0005964542357591981,8.60414770528667e-12,7.707967816711645e-07,0.9994027749588567,25,0,10
34,7642,0.0012945990117622813,1.0875276978756808e-11,1.1060284098009485e-06,0.9987042949489542,25,0,10
34,7643,0.0010539450098561453,8.663275116984019e-12,9.261222589758709e-07,0.9989451288592228,25,0,10
34,7644,0.0014732172002178028,9.992309544066261e-12,1.0446576189581905e-06,0.9985257381321724,25,0,10
34,7645,0.0014638594146053605,1.0198006968449355e-11,1.2696711186876446e-06,0.9985348709040791,25,0,10
34,7646,0.0007994413598403373,7.360802237789094e-12,7.756826718890462e-07,0.9991997829501292,25,0,10
34,7647,0.0008196438396541458,1.1027692891595881e-11,9.174384891814507e-07,0.9991794387108311,25,0,10
34,7648,0.0005932391086224804,1.0953320192820751e-11,7.841009860436884e-07,0.9994059767794393,25,0,10
34,7649,0.001056131662764741,1.0407922934489885e-11,1.0000550798984866e-06,0.9989428682717489,25,0,10
34,7650,0.0008241886790586237,8.350086564248324e-12,8.218872655209029e-07,0.9991749894253276,25,0,10
34,7651,0.0005435082848592913,1.1702808981132763e-11,1.1495431856492576e-06,0.9994553421602541,25,0,10
34,7652,0.00047313180915106875,9.552016883779694e-12,8.74333160543259e-07,0.9995259938481386,25,0,10
34,7653,0.0004369765308354213,1.0129032898989582e-11,7.877185325791112e-07,0.9995622357405048,25,0,10
34,7654,0.0004118577360692909,1.2048235985204585e-11,7.55114061956433e-07,0.9995873871378219,25,0,10
34,7655,0.00040231527254537303,1.0341950215176992e-11,6.846149780736302e-07,0.9995970001021359,25,0,10
34,7656,0.0004114991491906007,1.0931297242552737e-11,7.839092861260282e-07,0.9995877169305936,25,0,10
34,7657,0.000733830760771186,1.5884418905819448e-11,1.205032599095712e-06,0.9992649641907463,25,0,10
34,7658,0.0012001273369182126,1.7235564608342946e-11,1.4753888018613358e-06,0.9987983972570439,25,0,10
34,7659,0.0005162033761252903,1.5567888763093182e-11,1.1650506674329757e-06,0.9994826315576395,25,0,10
34,7660,0.0011385263403687106,1.978047215281312e-11,1.4570398512482385e-06,0.9988600165999999,25,0,10
34,7661,0.0008740900891070209,1.5390918740143083e-11,1.1886219396692816e-06,0.9991247212735627,25,0,10
34,7662,0.0004027775572170392,9.503874925523162e-12,7.493009392886214e-07,0.9995964731323406,25,0,10
34,7663,0.00040146024116129836,9.47340730171386e-12,7.483295779177967e-07,0.9995977914197884,25,0,10
34,7664,0.0009228308957424919,1.187836912750537e-11,1.2454639465369726e-06,0.9990759236284341,25,0,10
34,7665,0.00047374471948087864,8.653686660302985e-12,9.301381995702062e-07,0.9995253251336674,25,0,10
34,7666,0.0008966013638885617,9.611029187954907e-12,1.980267723065578e-06,0.9991014183587786,25,0,10
34,7667,0.0011257322959666192,1.2169122422126423e-11,2.2131175271527147e-06,0.9988720545743385,25,0,10
34,7668,0.0008787462345893342,1.1860597631278338e-11,1.1594864572722622e-06,0.9991200942670939,25,0,10
34,7669,0.0008126108300575641,1.0625212617986401e-11,1.0440131916379422e-06,0.9991863451461269,25,0,10
34,7670,0.0005793819312564451,7.414038929854912e-12,7.662766210588053e-07,0.9994198517847092,25,0,10
34,7671,0.0010722962845609693,1.4000852879582687e-10,3.7895356265390117e-06,0.9989239140398051,25,0,10
34,7672,0.0008348445122266031,1.2680045203260968e-11,9.770290236243887e-07,0.999164178446071,25,0,10
34,7673,0.0005879921161617618,7.87260306086378e-12,6.739039935284713e-07,0.9994113339719733,25,0,10
34,7674,0.0006566611129087274,1.0402259963060413e-11,9.621901041233117e-07,0.9993423766865859,25,0,10
34,7675,0.001098519222104868,1.1655595102311863e-11,1.1929218835053554e-06,0.9989002878443566,25,0,10
34,7676,0.0010828596289112723,1.2249583563999103e-11,1.2241541363501945e-06,0.9989159162047037,25,0,10
34,7677,0.0005757813312264713,1.1003663428356763e-11,7.391864422139739e-07,0.9994234794713291,25,0,10
34,7678,0.00041101518776667426,9.387864849046294e-12,8.376667284067116e-07,0.9995881471361185,25,0,10
34,7679,0.0007693069140844839,1.5747386225348463e-11,1.3929896908653711e-06,0.9992293000804786,25,0,10
34,7680,0.0006191608139024099,1.7032367254940384e-11,1.512764556736027e-06,0.99937932640451,25,0,10
34,7681,0.0006637750746314116,1.2415280855741256e-11,1.4071543279949783e-06,0.9993348177586268,25,0,10
34,7682,0.0020558334427444986,7.577318733090051e-11,3.0925917395822145e-06,0.9979410738897438,25,0,10
34,7683,0.0020494604547319955,8.175645267443944e-11,2.8514880097936675e-06,0.997947687975503,25,0,10
34,7684,0.0020318114929117957,7.496824443170985e-11,3.4496305488209996e-06,0.9979647388015728,25,0,10
34,7685,0.002094772406230341,7.809466205699984e-11,3.6515506544427037e-06,0.9979015759650214,25,0,10
34,7686,0.0014027366285363366,1.541269364552375e-11,1.2923120072107436e-06,0.998595971044045,25,0,10
34,7687,0.0008609250685105084,1.8187089113534876e-11,1.5331696776976962e-06,0.9991375417436262,25,0,10
34,7688,0.0013754531198022974,2.401330853813659e-11,2.119608780337713e-06,0.9986224272474046,25,0,10
34,7689,0.0012378623719822247,1.908243440152848e-11,1.6773299056394927e-06,0.9987604602790305,25,0,10
34,7690,0.0012278756605430049,1.755215489373097e-11,1.654777061197462e-06,0.9987704695448446,25,0,10
34,7691,0.0009259827978179674,1.3217097479872462e-11,1.2674306074401972e-06,0.999072749758359,25,0,10
34,7692,0.0007123640836746184,1.4368623797069209e-11,1.4148044379783765e-06,0.9992862210975205,25,0,10
34,7693,0.000944524998515976,1.2680849423641309e-11,1.3006608669074882e-06,0.9990541743279375,25,0,10
34,7694,0.0014206736248830996,1.4616985567829287e-11,1.5726909580728713e-06,0.9985777536695428,25,0,10
34,7695,0.0011639255673711816,1.2855419296706138e-11,1.4434446471502716e-06,0.9988346309751279,25,0,10
34,7696,0.0010656532926688952,2.016862924598592e-11,1.687670992209511e-06,0.998932659016172,25,0,10
34,7697,0.0011388007950268331,2.3363764380390636e-11,1.8383058128221786e-06,0.9988593608757976,25,0,10
34,7698,0.0008861397411325726,1.8351505264292416e-11,1.2379230236755736e-06,0.9991126223174926,25,0,10
34,7699,0.000817831930633221,1.3138354173049655e-11,9.102917025982566e-07,0.9991812577645264,25,0,10
34,7700,0.0011864520098639527,1.783791846707458e-11,1.397057589040486e-06,0.9988121509147091,25,0,10
34,7701,0.0007245916201645343,1.3738038622849775e-11,9.931304432316502e-07,0.9992744152356543,25,0,10
34,7702,0.000702502935379452,8.934211544741212e-12,8.179089114895205e-07,0.9992966791467756,25,0,10
34,7703,0.0004940256417282629,4.1180177652638613e-11,8.600267247094766e-07,0.9995051142903674,25,0,10
34,7704,0.0006087606177770082,8.778937608463662e-12,1.0810998968836732e-06,0.9993901582735484,25,0,10
34,7705,0.0006863720031884397,1.2347382410419872e-11,8.809984095923864e-07,0.9993127469860554,25,0,10
34,7706,0.0006212604439202086,1.2248656915526825e-11,7.544010912251674e-07,0.9993779851427409,25,0,10
34,7707,0.00037889638185769703,8.91740513721091e-12,5.305951001477972e-07,0.9996205730141261,25,0,10
34,7708,0.0004627122119873938,1.5316649741996897e-11,8.454126749528863e-07,0.9995364423600221,25,0,10
34,7709,0.0006569458529640321,4.916248229005734e-11,3.1933304939948444e-06,0.9993398607673812,25,0,10
34,7710,0.0004309127450455578,4.165772879567966e-11,2.9567224307360943e-06,0.9995661304908674,25,0,10
34,7711,0.0003479604128123002,5.424604893342565e-12,5.126679874205567e-07,0.9996515269137777,25,0,10
34,7712,0.0004363572153369259,1.173270394463998e-11,8.833090646173183e-07,0.9995627594638679,25,0,10
34,7713,0.008369043378450344,1.0753744370925955e-11,5.616270162199076e-06,0.9916253403406355,25,0,10
34,7714,0.008368617336586993,8.843441536115366e-12,5.669137463642406e-06,0.9916257135171073,25,0,10
34,7715,0.0006790411029468423,1.0262359592590008e-11,9.591687231132381e-07,0.9993199997180692,25,0,10
34,7716,0.0004477235017262756,1.071003708240093e-11,9.59779733986712e-07,0.999551316707831,25,0,10
34,7717,0.001027104897072145,2.084420955148715e-11,5.469686985832654e-06,0.9989674253950992,25,0,10
34,7718,0.0010475154953755656,2.4618652439274496e-11,3.6243340576530357e-06,0.9989488601459491,25,0,10
34,7719,0.0009862175328750845,2.3105205542807133e-11,3.482506289371485e-06,0.9990102999377313,25,0,10
34,7720,0.0010586456732509374,1.3823661365452917e-11,1.633411381193442e-06,0.9989397209015449,25,0,10
34,7721,0.0005432557412570402,1.243035443593714e-11,1.1578997680932797e-06,0.9994555863465443,25,0,10
34,7722,0.0008616596839619685,9.256527818072348e-12,1.1267013644045048e-06,0.9991372136054175,25,0,10
34,7723,0.0010382420225849938,1.0766851666954877e-11,1.1563996254271003e-06,0.9989606015670227,25,0,10
34,7724,0.0012255658043587535,1.80228298018551e-11,3.2753246879006977e-06,0.9987711588529306,25,0,10
34,7725,0.0005370987056578574,1.2559125486957556e-11,2.7079767151243153e-06,0.9994601933050684,25,0,10
34,7726,0.0005909457634125583,7.541200942665439e-12,7.039221217961695e-07,0.999408350306925,25,0,10
34,7727,0.0011127792737799151,1.2316540000161137e-11,1.215502303182018e-06,0.9988860052116,25,0,10
34,7728,0.0015796890417279935,1.2508578203644111e-11,1.443200427142453e-06,0.9984188677453362,25,0,10
34,7729,0.0015839259823337876,1.4648498691347146e-11,1.5044362111549193e-06,0.998414569566807,25,0,10
34,7730,0.001371112790883617,1.5578097065680205e-11,1.3779328519647284e-06,0.998627509260687,25,0,10
34,7731,0.0011279569515015855,1.836789436559513e-11,1.2266938078053002e-06,0.9988708163363242,25,0,10
34,7732,0.010633000342387136,9.463495528775128e-12,2.347931821029931e-06,0.9893646517163301,25,0,10
34,7733,0.010646168992358622,1.110768972293093e-11,2.3697635733375465e-06,0.9893514612329625,25,0,10
34,7734,0.0009282660035913695,1.5261248280285256e-11,1.268297440124795e-06,0.9990704656837087,25,0,10
34,7735,0.0009273008281768219,1.5197960752664262e-11,1.2605791214316423e-06,0.9990714385775052,25,0,10
34,7736,0.000683616083225905,1.1280207073732612e-11,1.043214663887373e-06,0.9993153406908319,25,0,10
34,7737,0.00069593851834231,1.335508353498848e-11,1.0632840282724508e-06,0.9993029981842763,25,0,10
34,7738,0.0010256266361574598,1.57704780642936e-11,1.0474669781629598e-06,0.9989733258810957,25,0,10
34,7739,0.0015671555816237587,2.0070311306110177e-11,1.5641174984959737e-06,0.9984312802808087,25,0,10
34,7740,0.0013674657671756854,2.2751258378872087e-11,1.64016681655074e-06,0.9986308940432574,25,0,10
34,7741,0.0013611439470998638,2.0065867474002082e-11,1.5427290848892943e-06,0.9986373133037502,25,0,10
34,7742,0.0013606607858181244,2.2194571879723847e-11,1.543257469371954e-06,0.998637795934519,25,0,10
34,7743,0.001364817659576268,2.2237836278260812e-11,1.5488740900133701e-06,0.998633633444097,25,0,10
34,7744,0.001347490057643836,1.5025068363140068e-11,1.3229517799471355e-06,0.9986511869755523,25,0,10
34,7745,0.0012824539873777482,1.4918701480304628e-11,1.243475170566444e-06,0.9987163025225348,25,0,10
34,7746,0.0010476475373075343,1.1703289273205106e-11,1.0443839645898769e-06,0.9989513080670263,25,0,10
34,7747,0.001508108336863605,1.491833861112983e-11,1.3173216286300227e-06,0.998490574326591,25,0,10
34,7748,0.002417651535511023,5.441011565930203e-11,7.983346723710401e-06,0.9975743650633566,25,0,10
34,7749,0.0006763312534627219,1.175739229627344e-11,1.073223727383807e-06,0.9993225955110537,25,0,10
34,7750,0.00072947811323179,1.5339722088566684e-11,1.3469154172348084e-06,0.9992691749560128,25,0,10
34,7751,0.0007431577536172719,1.5381837519381162e-11,1.3805289862213402e-06,0.9992554617020158,25,0,10
34,7752,0.0005982345930695076,1.1817909723644208e-11,9.882890582084811e-07,0.9994007771060553,25,0,10
34,7753,0.0004801624541340546,1.325020595415248e-11,1.0789254164833134e-06,0.9995187586072002,25,0,10
34,7754,0.0006492342779252526,1.1301469343117377e-11,1.3847893615711942e-06,0.9993493809214123,25,0,10
34,7755,0.0006437565927129873,1.1139572548806224e-11,1.2268351530063479e-06,0.9993550165609949,25,0,10
34,7756,0.0006741291983432238,8.540583677108988e-12,8.461701677629637e-07,0.9993250246229493,25,0,10
34,7757,0.0007117753264678207,7.968192861027117e-12,1.669996105402605e-06,0.9992865546694594,25,0,10
34,7758,0.0009510108051553369,1.1253407738027216e-11,1.047816381030386e-06,0.999047941367211,25,0,10
34,7759,0.0009452099873807563,8.307640719348987e-12,9.662677980941403e-07,0.9990538237365146,25,0,10
34,7760,0.004090197071757252,1.0855788217171126e-11,5.047804213628667e-06,0.9959047551131741,25,0,10
34,7761,0.0037779730936422272,8.43654001364818e-12,4.768389456379416e-06,0.9962172585084653,25,0,10
34,7762,0.0038059367659265624,1.2482612573405519e-11,4.97907672002453e-06,0.9961890841448703,25,0,10
34,7763,0.003680877832586506,8.109786901831961e-12,4.628566770112637e-06,0.9963144935925341,25,0,10
34,7764,0.004192739513070161,1.2525590787814436e-11,5.2385318944502876e-06,0.995802021942511,25,0,10
34,7765,0.0007634528330656642,1.2412110369592079e-11,1.1279070165343127e-06,0.999235419247507,25,0,10
34,7766,0.000989125876736897,2.020317856420575e-11,3.781110534755297e-06,0.9990070929925265,25,0,10
34,7767,0.0014546334263108027,1.6017308075029773e-11,1.5876994662807961e-06,0.9985437788582072,25,0,10
34,7768,0.0014937261743864169,2.0319433372326065e-11,1.8127621493611425e-06,0.9985044610431462,25,0,10
34,7769,0.0012694804429997997,2.0826145714352374e-11,2.6676967017262288e-06,0.9987278518394735,25,0,10
34,7770,0.0014933600236906469,2.2304822047506115e-11,1.9970107998051137e-06,0.9985046429432051,25,0,10
34,7771,0.0008049667702633027,1.979581356899539e-11,1.5532799953017398e-06,0.9991934799299453,25,0,10
34,7772,0.0009728068308051125,1.813812866366209e-11,1.425219608739048e-06,0.9990257679314487,25,0,10
34,7773,0.0009714392149284343,1.8753300656130375e-11,1.4200619690484306e-06,0.9990271407043501,25,0,10
34,7774,0.0011224111697495924,1.7992524211327205e-11,1.2818904786501202e-06,0.9988763069217803,25,0,10
34,7775,0.0009002351290385341,1.9371687047716742e-11,1.2163118148795126e-06,0.9990985485397755,25,0,10
34,7776,0.0007810626357101064,1.1817984561577282e-11,8.443931242418502e-07,0.9992180929593484,25,0,10
34,7777,0.0005591630338785733,8.698586877829039e-12,6.237466754075008e-07,0.9994402132107487,25,0,10
34,7778,0.00046213507949273403,1.1529184074471321e-11,7.500417423795612e-07,0.9995371148672372,25,0,10
34,7779,0.0005509127064603336,1.5004900474209728e-11,9.875229137601598e-07,0.9994480997556221,25,0,10
34,7780,0.00055576468457667,1.4943504008273602e-11,1.1722082439535568e-06,0.9994430630922366,25,0,10
34,7781,0.000750329321236417,2.1255660520220687e-11,3.4020675198180636e-06,0.9992462685899894,25,0,10
34,7782,0.0007276206828331406,1.4861145227140594e-11,1.1718325705502742e-06,0.9992712074697362,25,0,10
34,7783,0.000645235091641985,1.485146067331569e-11,1.1952133768178394e-06,0.9993535696801307,25,0,10
34,7784,0.0007229381419496468,1.9071810659489405e-11,1.4184880677153363e-06,0.9992756433509118,25,0,10
34,7785,0.0006097327036634064,1.287310310311139e-11,1.0202036123934123e-06,0.9993892470798527,25,0,10
34,7786,0.0005932497698921239,1.316417943510478e-11,8.12216100207085e-07,0.9994059380008451,25,0,10
34,7787,0.0006640298158286218,1.3729559796567632e-11,9.543307299682504e-07,0.9993350158397135,25,0,10
34,7788,0.0011947943672765953,1.6608320252029248e-10,0.0002093556826240948,0.9985958497840163,25,0,10
34,7789,0.0011229315845957602,1.61286103144824e-10,0.0002083246928964627,0.9986687435612218,25,0,10
34,7790,0.0007300334398993419,1.7522049669619726e-11,1.2604850389542014e-06,0.9992687060575406,25,0,10
34,7791,0.0009057642689043595,1.393733468035178e-11,1.1420553091532747e-06,0.9990930936618507,25,0,10
34,7792,0.0005906988293842351,8.11999287492966e-12,7.264823224480056e-07,0.999408574680175,25,0,10
34,7793,0.01114494649428991,3.800903762039969e-09,8.115586111343515e-05,0.9887738938436942,25,0,10
34,7794,0.0003658365846921839,1.0260412704531458e-11,5.44029863122324e-07,0.9996336193751858,25,0,10
34,7795,0.0005759228664224171,8.94019340683004e-12,5.860342909936521e-07,0.9994234910903483,25,0,10
34,7796,0.02545604757152452,4.4866248525509e-11,2.245800703485215e-05,0.9745214943765764,25,0,10
34,7797,0.0004578029777769397,8.927442010244994e-12,8.908413401244773e-07,0.9995413061719575,25,0,10
34,7798,0.0005160357217411222,9.972742510165478e-12,1.015122028737904e-06,0.9994829491462589,25,0,10
34,7799,0.000707081741636291,1.5886658851353618e-11,1.7640806478297507e-06,0.9992911541618302,25,0,10
34,7800,0.0009572799151786573,1.9151902750588608e-11,1.2808882053422623e-06,0.9990414391774656,25,0,10
34,7801,0.0007309156223167231,1.799324225021992e-11,1.168778759546904e-06,0.9992679155809324,25,0,10
34,7802,0.0006661631690124692,2.2131272957222655e-11,3.181937240208604e-06,0.9993306548716177,25,0,10
34,7803,0.000852850950321241,1.2634577661151607e-11,2.931242044278518e-06,0.9991442177950014,25,0,10
34,7804,0.00042378323773408904,5.285907302619874e-12,5.541372854604814e-07,0.9995756626196957,25,0,10
34,7805,0.000655367985062364,7.661376592863219e-12,8.066970352538131e-07,0.9993438253102417,25,0,10
34,7806,0.0008626914078417,8.467642423593117e-12,8.628905501505932e-07,0.9991364456931413,25,0,10
34,7807,0.00040068504972287763,6.605159705272433e-12,5.535619986665716e-07,0.9995987613816745,25,0,10
34,7808,0.0005960279589036096,1.0769696695578978e-11,7.833217779143854e-07,0.9994031887085499,25,0,10
34,7809,0.00036227283075181154,4.130637712550704e-11,8.14132672169943e-07,0.999636912995271,25,0,10
34,7810,0.000658068226619629,1.6382317201803663e-11,1.2736011829573709e-06,0.9993406581558159,25,0,10
34,7811,0.0008809623585710433,1.2305639501178817e-11,1.1836162004328818e-06,0.9991178540129236,25,0,10
34,7812,0.0012467621402476729,1.4488221583048495e-11,1.4982800662168483e-06,0.9987517395651987,25,0,10
34,7813,0.0007953748419364705,1.4861343791444178e-11,1.3364122073872679e-06,0.9992032887309955,25,0,10
34,7814,0.0005884569648155982,7.289842147021692e-12,7.401549604127262e-07,0.9994108028729363,25,0,10
34,7815,0.0008415278335281491,1.401750679751105e-11,1.0724214745761498e-06,0.9991573997309815,25,0,10
34,7816,0.0006641691196931706,9.545045759860562e-12,1.1119189451546709e-06,0.9993347189518178,25,0,10
34,7817,0.0011007382406850212,7.828306450189858e-12,2.057438179501336e-06,0.9988972043133085,25,0,10
34,7818,0.001185006912647065,1.478861009032134e-11,2.248357659559884e-06,0.9988127447149067,25,0,10
34,7819,0.0014190442129891345,1.4780780810674815e-11,2.2608345633350457e-06,0.9985786949376687,25,0,10
34,7820,0.001360153458103568,7.700921445154893e-12,2.0314059701487254e-06,0.9986378151282274,25,0,10
34,7821,0.000950408269654585,1.2297681795680353e-11,1.0995391233012506e-06,0.9990484921789263,25,0,10
34,7822,0.0019446526528271674,1.6769728293016714e-11,1.7721950103363757e-06,0.998053575135394,25,0,10
34,7823,0.0016549981271218037,1.4100802591555495e-11,1.5020300860148028e-06,0.9983434998286931,25,0,10
34,7824,0.0017249260205204544,1.826885999060082e-11,1.8149744732670272e-06,0.9982732589867382,25,0,10
34,7825,0.016591042379398232,1.911314421592939e-11,1.0209166597171749e-05,0.9833987484348925,25,0,10
34,7826,0.017089361638433546,2.7114773681373638e-11,1.1405214188160411e-05,0.9828992331202645,25,0,10
34,7827,0.01737822023267813,3.02845864712159e-11,1.1603490355276327e-05,0.9826101762466827,25,0,10
34,7828,0.017557886904200716,2.2558315489850925e-11,1.1181142193287583e-05,0.982430931931048,25,0,10
34,7829,0.01751708915055868,2.314163922720358e-11,1.1156741322386444e-05,0.982471754084978,25,0,10
34,7830,0.0013598792857375769,7.463435866022723e-11,4.025515187520623e-06,0.9986360951244407,25,0,10
34,7831,0.002233288766760061,2.0274113762246087e-10,1.1513112692666911e-05,0.9977551979178062,25,0,10
34,7832,0.0021497296287484027,1.9785762060311455e-10,1.1303093590310281e-05,0.9978389670798045,25,0,10
34,7833,0.0013443758257580762,7.287921333100351e-11,4.030267924528873e-06,0.9986515938334386,25,0,10
34,7834,0.0005063327278284035,1.48897572830385e-11,1.115088379316631e-06,0.9994925521689028,25,0,10
34,7835,0.0005323306971857198,1.4905861619424197e-11,1.1432421910684025e-06,0.9994665260457178,25,0,10
34,7836,0.00052675660003403,1.338125115378185e-11,1.0479808620518033e-06,0.9994721954057237,25,0,10
34,7837,0.00043522187150118503,1.0855788613364842e-11,8.611763754046049e-07,0.9995639169412684,25,0,10
34,7838,0.0013517949971343717,1.9787096495871624e-11,3.2171311289807213e-06,0.9986449878519505,25,0,10
34,7839,0.0014097157093215379,2.3522324344581698e-11,3.356784166940434e-06,0.9985869274829902,25,0,10
34,7840,0.0011540319866239202,2.2458894293155637e-11,1.8176479445459164e-06,0.9988441503429736,25,0,10
34,7841,0.0008436989287289869,1.6503397237152647e-11,1.3079272151818213e-06,0.9991549931275534,25,0,10
34,7842,0.0005024698169808387,1.4335765731159894e-11,9.948061074743495e-07,0.9994965353625773,25,0,10
34,7843,0.000637407675460331,1.6702883734775915e-11,1.3362786685731441e-06,0.9993612560291697,25,0,10
34,7844,0.0008619524077511234,1.2593135765153635e-11,1.5846842811621942e-06,0.9991364628953758,25,0,10
34,7845,0.0010065519911715258,1.0897223177681844e-11,1.2999025539438525e-06,0.9989921480953793,25,0,10
34,7846,0.00046954616664687836,8.55810827552523e-12,7.906952276778289e-07,0.9995296631295691,25,0,10
34,7847,0.0004407371517403103,9.038232697427025e-12,8.251524861287352e-07,0.9995584376867371,25,0,10
34,7848,0.0007567363764351857,1.8270630381548503e-11,1.5353391190718109e-06,0.9992417282661767,25,0,10
34,7849,0.0006594356779828955,1.7549240926240965e-11,1.2556873001744841e-06,0.9993393086171694,25,0,10
34,7850,0.0006566923382315423,1.7756468113534008e-11,1.2556638663911775e-06,0.9993420519801471,25,0,10
34,7851,0.0006589085212985701,1.612873462062286e-11,1.2518280047606317e-06,0.9993398396345694,25,0,10
34,7852,0.0006520800541634237,1.60045626925845e-11,1.2351456043255627e-06,0.9993466847842288,25,0,10
34,7853,0.0004145368214449418,8.588863394420918e-12,6.823050771169905e-07,0.9995847808648908,25,0,10
34,7854,0.0004084746664064271,8.606551422530071e-12,7.301199227903254e-07,0.9995907952050657,25,0,10
34,7855,0.000802279996872069,8.682579136337768e-12,1.019866458996366e-06,0.9991967001279878,25,0,10
34,7856,0.0010279114515367406,1.1947922117208025e-11,1.1663143339175831e-06,0.9989709222221825,25,0,10
34,7857,0.0007019356494201093,1.5499610286946534e-11,1.2234104282710748e-06,0.9992968409246532,25,0,10
34,7858,0.0008164953517684684,1.432151646977759e-11,1.2111050432741832e-06,0.9991822935288684,25,0,10
34,7859,0.0006656866777094957,1.3961570700148671e-11,1.2724997756445616e-06,0.9993330408085549,25,0,10
34,7860,0.0008276553011310043,1.0810139632993594e-11,1.1140460940554118e-06,0.9991712306419668,25,0,10
34,7861,0.0009875490976687855,1.5828056570428194e-11,1.3265009217530978e-06,0.9990111243855828,25,0,10
34,7862,0.0008284335642022464,1.2215163042364269e-11,9.131510425483939e-07,0.9991706532725417,25,0,10
34,7863,0.0006468069703252093,1.4696107468902552e-11,8.991889425055461e-07,0.9993522938260382,25,0,10
34,7864,0.0011094583384326736,2.227922020102455e-11,1.3353771945324676e-06,0.998889206262095,25,0,10
34,7865,0.0008726035456138547,1.9321170387559172e-11,1.1547583892894046e-06,0.9991262416766764,25,0,10
34,7866,0.0007023319958290716,2.1317640702438867e-11,1.188573305621299e-06,0.9992964794095492,25,0,10
34,7867,0.0007033811129365837,2.1301801498319673e-11,1.1929479534390536e-06,0.9992954259178097,25,0,10
34,7868,0.0006516564782455973,1.568193450585644e-11,1.0720516257514125e-06,0.9993472714544477,25,0,10
34,7869,0.0007819599949993,1.8729098788094405e-11,4.1107164572488474e-06,0.999213929269815,25,0,10
34,7870,0.0010118062684438753,2.0197615788314968e-11,4.1924054465522176e-06,0.9989840013059131,25,0,10
34,7871,0.0008509379177481797,1.6953464983556458e-11,1.2128801839584746e-06,0.999147849185115,25,0,10
34,7872,0.0006000304010043077,1.4200226007152021e-11,9.626401193122333e-07,0.999399006944677,25,0,10
34,7873,0.0006386525086450137,1.5989140963131464e-11,1.212877221950497e-06,0.9993601345981447,25,0,10
34,7874,0.010970903068864517,2.0295659659829215e-10,9.26587027912632e-06,0.9890198308579008,25,0,10
34,7875,0.011112512832812851,2.0128175925187026e-10,9.28951250848202e-06,0.9888781974533977,25,0,10
34,7876,0.0012910584168215168,1.954698447744839e-10,4.655399550841735e-06,0.9987042859881587,25,0,10
34,7877,0.0010375320095360172,1.507486503163186e-11,1.5485418934088271e-06,0.9989609194334977,25,0,10
34,7878,0.00103543987188792,1.4911580853930174e-11,1.5448039700032903e-06,0.9989630153092325,25,0,10
34,7879,0.0009238336530412808,1.5520537106800557e-11,1.5030669777833738e-06,0.9990746632644623,25,0,10
34,7880,0.0009384514548307676,1.534630697425614e-11,1.445750565802956e-06,0.9990601027792588,25,0,10
34,7881,0.0008987085671615841,3.5807063188536537e-09,6.113536238164501e-06,0.9990951743158953,25,0,10
34,7882,0.010950332728816726,3.5502436626575755e-09,9.097822206428578e-06,0.9890405658987342,25,0,10
34,7883,0.0008341661618137538,3.547317783236828e-09,5.793673365446626e-06,0.999160036617504,25,0,10
34,7884,0.0008808504898418309,3.5501482989015795e-09,5.954699101711763e-06,0.9991131912609095,25,0,10
34,7885,0.0006918669802220717,3.546102679825116e-09,5.834029202977499e-06,0.9993022954444737,25,0,10
34,7886,0.0005263490299313658,3.547131314201204e-09,5.709719226288945e-06,0.9994679377037123,25,0,10
34,7887,0.0007094844347014369,3.5482537666244447e-09,5.706560861625964e-06,0.9992848054561841,25,0,10
34,7888,0.0006568986255952918,9.564829484418098e-12,9.528819329956163e-07,0.9993421484829084,25,0,10
34,7889,0.0009502036659725936,1.2394979289898681e-11,1.5495521225747092e-06,0.9990482467695113,25,0,10
34,7890,0.000770875541311135,9.811527861180837e-12,1.3253424797407943e-06,0.999227799106399,25,0,10
34,7891,0.0007888858694457572,1.1947067882736195e-11,1.2060537617186914e-06,0.999209908064847,25,0,10
34,7892,0.0009464554077920286,1.725040965510661e-11,1.614204027664704e-06,0.9990519303709311,25,0,10
34,7893,0.0009137304993757509,1.4044257569235018e-11,1.4521735144573647e-06,0.9990848173130665,25,0,10
34,7894,0.0008600469303702534,1.1990120834204701e-11,1.3701169997288104e-06,0.9991385829406405,25,0,10
34,7895,0.00106356903126851,7.712330039169118e-12,1.2783958521734663e-06,0.9989351525651685,25,0,10
34,7896,0.0010184539149102568,4.343077773509342e-11,1.409314235292819e-06,0.9989801367274247,25,0,10
34,7897,0.0007810895696306302,4.436681331773194e-11,1.4212955511657829e-06,0.9992174890904528,25,0,10
34,7898,0.0010060322699271221,1.4454102969212763e-11,1.3720390016478623e-06,0.9989925956766181,25,0,10
34,7899,0.0010459065364422735,9.130418344131332e-12,9.104078925073197e-07,0.998953183046536,25,0,10
34,7900,0.0005858563004529787,9.068452441367864e-12,6.811708719241453e-07,0.9994134625196086,25,0,10
34,7901,0.0005818241818834402,1.14832074075018e-11,7.081800038393444e-07,0.9994174676266315,25,0,10
34,7902,0.0011046998156995268,1.2653189639456858e-11,1.1293978434939693e-06,0.9988941707738054,25,0,10
34,7903,0.0008854570510628794,1.4171300580601079e-11,1.065003713213483e-06,0.9991134779310538,25,0,10
34,7904,0.0015929987338264397,2.1735370924647288e-11,1.6554442435339854e-06,0.9984053458001958,25,0,10
34,7905,0.001411575985301413,1.7485758672410622e-11,1.6001549836464088e-06,0.9985868238422304,25,0,10
34,7906,0.0008106399017825062,9.523945688620439e-12,9.884856350929496e-07,0.9991883716030594,25,0,10
34,7907,0.01687155731822142,1.1789874238304854e-10,3.656452143234031e-05,0.9830918780424487,25,0,10
34,7908,0.03677524209198484,1.7950186979289797e-10,4.5808320508797026e-05,0.963178949408006,25,0,10
34,7909,0.0036085163454421436,1.2658207395631842e-11,5.45894130162615e-06,0.9963860247006001,25,0,10
34,7910,0.003774029372195381,1.0548209428191413e-11,5.431116525265355e-06,0.9962205395007325,25,0,10
34,7911,0.004095152706983201,1.5881776175740116e-11,5.8721201185012195e-06,0.9958989751570173,25,0,10
34,7912,0.004012621658674772,1.3635929466734166e-11,5.6677850890421295e-06,0.9959817105426012,25,0,10
34,7913,0.004255641845750916,1.5885119268750338e-11,5.890436396017928e-06,0.9957384677019688,25,0,10
34,7914,0.0037799445433418927,1.1017266599684014e-11,5.5349096948172995e-06,0.9962145205359473,25,0,10
34,7915,0.003711477930407232,9.46950697302863e-12,5.579171416199307e-06,0.9962829428887092,25,0,10
34,7916,0.0005094185779537284,9.011018391222183e-12,7.898757014632351e-07,0.9994897915373357,25,0,10
34,7917,0.0007796293380379213,1.336758601173677e-11,1.0562009941439598e-06,0.9992193144476024,25,0,10
34,7918,0.0005875678882013673,1.120404010302324e-11,9.910935433290203e-07,0.9994114410070526,25,0,10
34,7919,0.0012052493889420696,1.4166510831772658e-11,1.2596318025799602e-06,0.9987934909650902,25,0,10
34,7920,0.0012789157540899726,1.772144413257178e-11,1.4743656058489638e-06,0.9987196098625837,25,0,10
34,7921,0.0012644388153243544,1.247911109334642e-11,1.1033429669013444e-06,0.9987344578292305,25,0,10
34,7922,0.017565655559046912,1.9585798781982218e-11,8.356296312312593e-06,0.9824259881250557,25,0,10
34,7923,0.0011216516007148088,1.9271263708016144e-11,1.4239588415668759e-06,0.9988769244211728,25,0,10
34,7924,0.0015292533014188547,2.2869930115018753e-11,1.7186155517652396e-06,0.9984690280601601,25,0,10
34,7925,0.0015495420495585002,2.4556397068057475e-11,1.7522503107722864e-06,0.998448705675575,25,0,10
34,7926,0.0015372168626384792,2.1098277565730693e-11,1.7184092119044832e-06,0.9984610647070516,25,0,10
34,7927,0.0010825005441667196,1.5692460426492735e-11,1.1935220017365982e-06,0.9989163059181402,25,0,10
34,7928,0.0013907650421107456,2.3077209225557436e-11,1.6589145007512602e-06,0.9986075760203128,25,0,10
34,7929,0.001198748652628632,2.3555510797562125e-11,1.5449212915739646e-06,0.9987997064025257,25,0,10
34,7930,0.0012593529890617813,2.105503556017275e-11,1.589416673777969e-06,0.9987390575732111,25,0,10
34,7931,0.0012598103934487676,2.1129734088018018e-11,1.61957121612978e-06,0.9987385700142069,25,0,10
34,7932,0.0011946900599808393,1.8445949807981572e-11,1.4361914199089744e-06,0.9988038737301547,25,0,10
34,7933,0.0014219143350163916,1.9245845841768644e-11,1.641098836124355e-06,0.9985764445469032,25,0,10
34,7934,0.0014328135367287914,1.9200307244674098e-11,1.646071811400761e-06,0.9985655403722613,25,0,10
34,7935,0.0014474413194730993,2.3540594136132765e-11,1.8809899208716508e-06,0.9985506776670664,25,0,10
34,7936,0.0007281804203699517,1.613279627721686e-11,1.3267113362532361e-06,0.9992704928521625,25,0,10
34,7937,0.0006923672900646105,1.0854171888604845e-11,2.6056245089045936e-06,0.999305027074574,25,0,10
34,7938,0.000849681109305959,1.3090164916764728e-11,1.1436000391163372e-06,0.9991491752775655,25,0,10
34,7939,0.0006850367305659974,9.936259796900823e-12,1.049223877513368e-06,0.9993139140356216,25,0,10
34,7940,0.0006122819404905278,9.41374417345243e-12,8.880406497107362e-07,0.9993868300094472,25,0,10
34,7941,0.0005863821033038056,7.825643591453682e-12,7.475505837287022e-07,0.999412870338288,25,0,10
34,7942,0.016818900752894748,3.4573518539242865e-11,3.603456870567543e-05,0.9831450646438274,25,0,10
34,7943,0.01768261232494499,4.326771000183269e-11,3.723088364399349e-05,0.9822801567481443,25,0,10
34,7944,0.0017835725942539722,2.127396648176424e-11,2.1899464304264947e-06,0.9982142374380427,25,0,10
34,7945,0.0015511302473144647,1.9968553002777832e-11,1.9927839186164487e-06,0.9984468769487995,25,0,10
34,7946,0.0016203796248290031,1.870742191467863e-11,2.323277855174801e-06,0.9983772970786096,25,0,10
34,7947,0.0014363092067415362,1.6339484748034008e-11,1.7020925756231637e-06,0.9985619886843449,25,0,10
34,7948,0.0016064703104770775,2.0268740567499387e-11,2.0853465774162545e-06,0.9983914443226789,25,0,10
34,7949,0.0013765268631469696,1.9476714290705556e-11,1.947859844409061e-06,0.9986215252575336,25,0,10
34,7950,0.0009084746063273781,1.2416929065023282e-11,1.1587070870347643e-06,0.99909036667417,25,0,10
34,7951,0.001535948279772751,4.77917109399898e-11,3.99100078423446e-06,0.9984600606716524,25,0,10
34,7952,0.0008364518568011577,1.2255426863218393e-11,9.472307276990653e-07,0.9991626009002177,25,0,10
34,7953,0.0009233557125192571,1.7738509094964025e-11,1.3798329661205227e-06,0.9990752644367775,25,0,10
34,7954,0.001580570209502188,5.5358646416967184e-11,4.427303264784989e-06,0.9984150024318756,25,0,10
34,7955,0.0008920543882188407,1.443107257649405e-11,1.1419875983268318e-06,0.9991068036097533,25,0,10
34,7956,0.0006502017949320685,1.2780722935251504e-11,9.934053968987201e-07,0.9993488047868918,25,0,10
34,7957,0.0009377385783889123,1.0815696861280686e-11,1.1477353673604076e-06,0.9990611136754296,25,0,10
34,7958,0.0010095444899671491,1.3585170537276756e-11,1.38208209508729e-06,0.9989890734143542,25,0,10
34,7959,0.0009230891204042864,1.224836778454346e-11,1.1756993168815553e-06,0.9990757351680322,25,0,10
34,7960,0.0008851768492120367,1.3765030451933974e-11,1.1443946122562543e-06,0.9991136787424121,25,0,10
34,7961,0.0005912521323268759,8.955229214725682e-12,7.446054967147212e-07,0.9994080032532229,25,0,10
34,7962,0.0006463787127512089,1.3680210156920035e-11,9.922268596026054e-07,0.9993526290467106,25,0,10
34,7963,0.003798011931735715,1.3341731223569591e-11,4.821423725762019e-06,0.9961971666311983,25,0,10
34,7964,0.0039703489204495224,9.120210897394018e-12,4.649921406813558e-06,0.9960250011490239,25,0,10
34,7965,0.0037358451192984047,9.292358092583622e-12,4.579986079893954e-06,0.9962595748853303,25,0,10
34,7966,0.003751713562243832,9.37148660888766e-12,4.599616697666508e-06,0.9962436868116885,25,0,10
34,7967,0.004428635138254353,9.613984413281996e-12,5.029683555200234e-06,0.9955663351685783,25,0,10
34,7968,0.003963335790842149,9.024754787782455e-12,4.8867752933225565e-06,0.9960317774248415,25,0,10
34,7969,0.0037493649540521756,8.587698275183433e-12,4.744106238791069e-06,0.9962458909311231,25,0,10
34,7970,0.0012595672138383984,1.1470098460385767e-11,1.1774004187673203e-06,0.9987392553742751,25,0,10
34,7971,0.0021772625122393444,1.3652240920394743e-10,6.780701899552325e-06,0.9978159566493408,25,0,10
34,7972,0.001493757974559912,1.3497950387876865e-10,6.442162171179706e-06,0.9984997997282917,25,0,10
34,7973,0.0017750422734316795,1.3433744131545713e-10,6.799465369276439e-06,0.9982181581268635,25,0,10
34,7974,0.001695093412379125,1.677611180406758e-10,7.108981808783255e-06,0.9982977974380529,25,0,10
34,7975,0.0017072649803058148,1.678701273508017e-10,7.116098030941162e-06,0.9982856187537952,25,0,10
34,7976,0.0013926456048666252,1.6426831514240285e-10,6.579643034064928e-06,0.9986007745878324,25,0,10
34,7977,0.000716083949762501,3.972425120452312e-11,1.122678572315442e-06,0.9992827933319419,25,0,10
34,7978,0.0003821567616309875,3.815033505642155e-11,5.91511900232545e-07,0.9996172516883196,25,0,10
34,7979,0.0007398793918199516,3.826075421892072e-11,9.501344197412881e-07,0.9992591704355004,25,0,10
34,7980,0.000974779161662067,4.3294406912200114e-11,1.1563993630333966e-06,0.9990240643956818,25,0,10
34,7981,0.0007518028860227556,4.269382799671781e-11,1.0741195748432375e-06,0.9992471229517095,25,0,10
34,7982,0.0009152953440574863,1.7315316936526828e-11,1.2750209458488675e-06,0.9990834296176826,25,0,10
34,7983,0.00034019724445979153,5.174897911596482e-12,4.6491218413030546e-07,0.9996593378381823,25,0,10
34,7984,0.0006223528227425514,1.1595464698726822e-11,1.5630444711341596e-06,0.9993760841211922,25,0,10
34,7985,0.0009791335918080295,1.7946807741585435e-11,1.9896396691802043e-06,0.9990188767505773,25,0,10
34,7986,0.028438291208816815,3.2720498909977645e-09,0.00037278096960192514,0.9711889245495324,25,0,10
34,7987,0.028441369555562878,3.2678839015596123e-09,0.0003726794614194263,0.971185947715135,25,0,10
34,7988,0.028261180286840226,3.263089091434931e-09,0.0003721557060185069,0.9713666607440533,25,0,10
34,7989,0.0011442830235520944,1.0581726078257692e-11,2.616405488155923e-06,0.9988531005603798,25,0,10
34,7990,0.0012136162435141499,1.3729694404962499e-11,2.803674281131564e-06,0.9987835800684768,25,0,10
34,7991,0.0007837599074994484,9.680621242148166e-12,2.2807696284209535e-06,0.9992139593131932,25,0,10
34,7992,0.0006565629858307271,8.395333140121537e-12,1.451821048082797e-06,0.9993419851847283,25,0,10
34,7993,0.0006629017760610899,8.284803598104249e-12,1.4457360439907939e-06,0.999335652479613,25,0,10
34,7994,0.000353466231975534,6.201633291131747e-12,6.247596378253032e-07,0.999645909002187,25,0,10
34,7995,0.0007703809327596221,1.5247573263217305e-11,1.1941328231802061e-06,0.9992284249191702,25,0,10
34,7996,0.0010148704947949834,2.111457676786986e-11,1.5675696244001385e-06,0.9989835619144669,25,0,10
34,7997,0.0014017861049441217,4.43060407553465e-11,7.151261874524813e-06,0.998591062588877,25,0,10
34,7998,0.0016561490046659818,4.5379326258104e-11,7.226339261683052e-06,0.9983366246106945,25,0,10
34,7999,0.0007739017728692789,9.583688255350778e-12,1.0748960709065959e-06,0.9992250233214771,25,0,10
34,8000,0.0005891422494741689,9.922557811806605e-12,3.078988794808365e-06,0.9994077787518093,25,0,10
34,8001,0.0006391015405635004,1.5010215827906315e-11,3.273767048041081e-06,0.9993576246773788,25,0,10
34,8002,0.001107304799564372,1.4297200233532086e-11,3.443301365686621e-06,0.9988892518847737,25,0,10
34,8003,0.0017238997747353836,5.618781807039029e-11,8.180947760316433e-06,0.9982679192213173,25,0,10
34,8004,0.001930205448788689,4.969327885375132e-11,5.736720917941195e-06,0.9980640577806006,25,0,10
34,8005,0.0179802103020527,1.6234859096456364e-10,1.4539756857033187e-05,0.9820052497787418,25,0,10
34,8006,0.017611610746819415,1.579984688109976e-10,1.4099938566405742e-05,0.9823742891566164,25,0,10
34,8007,0.01759648504798753,1.5849099219949515e-10,1.4034280741564602e-05,0.9823894805127802,25,0,10
34,8008,0.0011127917469945933,1.728881121024651e-11,1.639175169969431e-06,0.9988855690605469,25,0,10
34,8009,0.0013408391282044418,1.896963560213509e-11,1.4764986295385162e-06,0.9986576843541974,25,0,10
34,8010,0.0015888485186969978,2.2039967661639857e-11,1.762579619219719e-06,0.9984093888796446,25,0,10
34,8011,0.006851894280833879,2.986288133581748e-11,7.124065467998896e-06,0.9931409816238367,25,0,10
34,8012,0.0012259332008875904,2.325107141058977e-11,1.7846295096427301e-06,0.9987722821463534,25,0,10
34,8013,0.0007461701761788527,1.937586007622674e-11,1.366467691496788e-06,0.9992524633367552,25,0,10
34,8014,0.000979952760439078,2.099346487285389e-11,1.533869844841268e-06,0.9990185133487244,25,0,10
34,8015,0.0007420980649786962,1.9837619647338614e-11,1.4073596531558908e-06,0.9992564945555326,25,0,10
34,8016,0.000988903159745011,1.8097630206788668e-11,2.2807364819090177e-06,0.9990088160856777,25,0,10
34,8017,0.0012130560661645906,2.2057558172180965e-11,2.812586284647913e-06,0.9987841313254948,25,0,10
34,8018,0.0008789607817952203,1.7754785027109747e-09,1.0566636413135043e-05,0.9991104708063148,25,0,10
34,8019,0.0013249841387294361,1.7752703163128097e-09,1.073984988981788e-05,0.9986642742361116,25,0,10
34,8020,0.000631592142017583,1.7724579321846187e-09,1.0252636009573333e-05,0.9993581534495166,25,0,10
34,8021,0.0005837577718741481,1.7672253840758626e-09,9.936866557626028e-06,0.9994063035943445,25,0,10
34,8022,0.0003676606068152846,5.312357677199375e-12,4.626861468708711e-07,0.999631876701727,25,0,10
34,8023,0.0003686583760839343,7.282334305045078e-12,5.389684324528979e-07,0.9996308026482036,25,0,10
34,8024,0.0006715398873668892,1.4704764269278572e-11,9.606427736948997e-07,0.9993274994551569,25,0,10
34,8025,0.0006431202747678898,1.4601829537868244e-11,9.505424477642114e-07,0.9993559291681846,25,0,10
34,8026,0.0005719239596867567,1.0042019986639396e-11,8.33532229973219e-07,0.9994272424980434,25,0,10
34,8027,0.0005860781094853607,9.572426333548491e-12,7.757326569152251e-07,0.9994131461482871,25,0,10
34,8028,0.0003495961172464569,7.981124918716258e-12,6.511894993490194e-07,0.9996497526852748,25,0,10
34,8029,0.00039108515026532487,7.325235711509325e-12,6.805455574598171e-07,0.9996082342968533,25,0,10
34,8030,0.0003298175950752627,6.594570575647905e-12,5.268821370227563e-07,0.9996696555161948,25,0,10
34,8031,0.0007960030752533326,8.763289547088699e-12,7.85678864645393e-07,0.9992032112371199,25,0,10
34,8032,0.0010558349266042422,1.2554370430103266e-11,1.0465893418498562e-06,0.998943118471501,25,0,10
34,8033,0.0013132587930361585,1.482483585860293e-11,1.2302518079275331e-06,0.9986855109403325,25,0,10
34,8034,0.0009498406526200352,1.976647622112931e-11,1.3667756962926125e-06,0.999048792551919,25,0,10
34,8035,0.0006865949308221296,1.5498266426202076e-11,1.1263935892464265e-06,0.9993122786600925,25,0,10
34,8036,0.003949130370804774,1.9002618032883423e-11,4.38887316287241e-06,0.9960464807370312,25,0,10
34,8037,0.0006774982005522926,1.3473429330908555e-11,1.2629788060464574e-06,0.999321238807169,25,0,10
34,8038,0.0007568453649447038,1.2714270631242517e-11,1.3984212721119239e-06,0.9992417562010697,25,0,10
34,8039,0.0007506045541094572,1.5401915681373257e-11,1.315443960731749e-06,0.9992480799865286,25,0,10
34,8040,0.000582987015737401,1.2900210517100806e-11,1.2394228898068735e-06,0.999415773548474,25,0,10
34,8041,0.0008169442082288183,1.899083658528546e-11,1.95138743750242e-06,0.9991811043853447,25,0,10
34,8042,0.0008193719469013047,1.8964033282454307e-11,1.952362976401446e-06,0.9991786756711594,25,0,10
34,8043,0.000803626336766188,1.0736834108723907e-11,7.77817981600074e-06,0.999188595472682,25,0,10
34,8044,0.0008631588251264249,9.649215982725066e-12,2.7280172415733428e-06,0.9991341131479845,25,0,10
34,8045,0.0008143034374684874,1.2010536871832502e-11,2.7053429398800577e-06,0.9991829912075826,25,0,10
34,8046,0.0008903919254473209,1.4155429421746443e-11,2.9207100455255714e-06,0.9991066873503527,25,0,10
34,8047,0.0007994819188676582,9.709110640231567e-12,2.7239442250129606e-06,0.9991977941271993,25,0,10
34,8048,0.0014979100415368268,1.492879927701279e-11,3.2067358259038083e-06,0.9984988832077102,25,0,10
34,8049,0.0015964582004913993,1.4831812518048662e-11,2.9881534856166414e-06,0.9984005536311927,25,0,10
34,8050,0.0013204731338975803,1.4346807185468376e-11,2.9694082054362668e-06,0.9986765574435517,25,0,10
34,8051,0.0017758399416713708,1.2756544291608143e-11,5.242088881296489e-06,0.9982189179566927,25,0,10
34,8052,0.001384181022523273,1.0635978764451254e-11,5.057370008431936e-06,0.9986107615968344,25,0,10
34,8053,0.0011452914399124312,8.402359239131876e-12,4.640562055419112e-06,0.9988500679896319,25,0,10
34,8054,0.0004526107739796159,6.226942494101329e-12,2.175043820066991e-06,0.9995452141759747,25,0,10
34,8055,0.00118664817743819,5.175186321934059e-11,3.839771450630711e-06,0.9988095119993607,25,0,10
34,8056,0.0012509159088813077,5.381745921650308e-11,4.042381802105692e-06,0.9987450416555004,25,0,10
34,8057,0.001372453652607343,5.717133847698286e-11,5.1696791577552945e-06,0.9986223766110648,25,0,10
34,8058,0.0023548240861404075,6.717397142888477e-11,6.017298604656603e-06,0.9976391585480827,25,0,10
34,8059,0.0019096975082902384,6.719574590181239e-11,5.036061750207334e-06,0.9980852663627645,25,0,10
34,8060,0.0010643281469630871,2.4764596107770784e-11,1.8653292456300363e-06,0.998933806499028,25,0,10
34,8061,0.001266453038504273,5.1414435628621304e-11,1.8301857530064776e-06,0.9987317167243294,25,0,10
34,8062,0.001589906939978329,4.4059128191071634e-11,1.4033860727176394e-06,0.9984086896298906,25,0,10
34,8063,0.0005660662135954157,8.282209308661487e-12,6.882899624937601e-07,0.9994332454881613,25,0,10
34,8064,0.0007892381775276896,7.241447687502446e-12,7.043907817168119e-07,0.9992100574244505,25,0,10
34,8065,0.0006735774991806964,7.322049060575316e-12,8.90729993751983e-07,0.9993255317635049,25,0,10
34,8066,0.0005626866677143693,1.227320449340692e-10,6.101088795868232e-07,0.9994367031006752,25,0,10
34,8067,0.006270526685391596,9.065111616124763e-12,1.2752771660963292e-05,0.993716720533884,25,0,10
34,8068,0.0065599230762038215,7.889775970711183e-11,1.5446485410821057e-05,0.9934246303594892,25,0,10
34,8069,0.0070760333122085895,2.3495144330231485e-11,1.4908270752569262e-05,0.9929090583935449,25,0,10
34,8070,0.006108800038816571,1.6789648353148127e-11,1.3013170252481772e-05,0.9938781867741427,25,0,10
34,8071,0.0011366379527157527,1.4665025800958444e-11,2.7459658553446327e-06,0.9988606160667648,25,0,10
34,8072,0.0014251496391791119,1.347836065879995e-11,2.965310225731269e-06,0.9985718850371176,25,0,10
34,8073,0.0011380454928231934,8.677187197561765e-12,2.647474297521002e-06,0.998859307024204,25,0,10
34,8074,0.001096439570215999,5.668194371535433e-12,2.3895065114791e-06,0.9989011709176063,25,0,10
34,8075,0.00038330306421159013,5.231799285870815e-12,2.1397325375188583e-06,0.9996145571980205,25,0,10
34,8076,0.0006318452157209915,6.327481438793364e-12,7.6463509766145e-07,0.9993673901428554,25,0,10
34,8077,0.0008244825142679441,1.4831066095692868e-11,1.3732335871893906e-06,0.9991741442373145,25,0,10
34,8078,0.0005915012459959618,1.3649827129405863e-11,1.1921057424721009e-06,0.9994073066346124,25,0,10
34,8079,0.000821990688297939,4.713892519187938e-11,1.516372154592663e-06,0.9991764928924088,25,0,10
34,8080,0.0011868729436060863,4.823399956531943e-11,1.568632191318334e-06,0.9988115583759695,25,0,10
34,8081,0.0012546192601813966,5.190491591004221e-11,1.8552110182086392e-06,0.9987435254768965,25,0,10
34,8082,0.001000121647057603,5.026969843791205e-11,1.652652182724281e-06,0.9989982256504905,25,0,10
34,8083,0.0012879303357370923,5.3969290015877266e-11,2.3402577563167847e-06,0.998709729352538,25,0,10
34,8084,0.0009378018028272975,1.590289836139689e-11,1.703973419637466e-06,0.9990604942078511,25,0,10
34,8085,0.0008892589671966312,1.5464267044652055e-11,1.6725053214936385e-06,0.9991090685120185,25,0,10
34,8086,0.001118263383344008,1.9031167752489993e-11,2.0080292131937555e-06,0.998879728568413,25,0,10
34,8087,0.0009907864799082512,1.5297878781634117e-11,1.5336325070845143e-06,0.9990076798722882,25,0,10
34,8088,0.002301263221181158,1.3677575900945553e-10,6.991828796415126e-06,0.9976917448132478,25,0,10
34,8089,0.0026230566037492866,1.4371746206502456e-10,7.400236793061297e-06,0.9973695430157413,25,0,10
34,8090,0.0022652284712803977,1.39574003632326e-10,7.23659206121714e-06,0.9977275347970856,25,0,10
34,8091,0.0020871018879292376,1.3752134754641922e-10,6.827151096649753e-06,0.9979060708234546,25,0,10
34,8092,0.0005560409442485663,1.5371893772168085e-11,1.2324375476911801e-06,0.9994427266028337,25,0,10
34,8093,0.0006032712690539371,1.3328829759987223e-11,1.2869818299957522e-06,0.9993954417357895,25,0,10
34,8094,0.0004394702037872288,1.0774294383512175e-11,8.938638297068346e-07,0.9995596359216106,25,0,10
34,8095,0.0008455423764414012,1.4327362218572636e-11,1.6895147667498614e-06,0.9991527680944663,25,0,10
34,8096,0.0014246171036825434,1.4013671496982631e-11,2.2773995487631822e-06,0.9985731054827569,25,0,10
34,8097,0.000910276959853209,1.496389071421955e-11,1.8090642948173407e-06,0.99908791396089,25,0,10
34,8098,0.0006751601336726841,1.3765916001260034e-11,1.6588459002585794e-06,0.9993231810066631,25,0,10
34,8099,0.0007281952346743395,1.6062726501565185e-11,1.099073741213221e-06,0.9992707056755237,25,0,10
34,8100,0.0011915659081427827,2.0264005633672563e-11,1.4318200369033107e-06,0.998807002251558,25,0,10
34,8101,0.0012876988249656124,1.2067597512313807e-11,1.1280704353813877e-06,0.9987111730925325,25,0,10
34,8102,0.0012784423601992442,1.4468816967298786e-11,1.0497485916345078e-06,0.9987205078767412,25,0,10
34,8103,0.0008173076221423524,9.634295060453895e-12,7.650304003048085e-07,0.9991819273378235,25,0,10
34,8104,0.0007079438887348556,1.1853596784007637e-11,9.431630318677064e-07,0.9992911129363806,25,0,10
34,8105,0.00035414934575525207,5.886913266030234e-12,4.775100771850642e-07,0.9996453731382818,25,0,10
34,8106,0.0004191762102814707,5.96136208826126e-12,5.927423052474195e-07,0.9995802310414537,25,0,10
34,8107,0.0005507605021026035,9.22853779164606e-12,8.464998193850557e-07,0.9994483929888506,25,0,10
34,8108,0.0003770781538133615,7.037921411266195e-12,4.810012217403775e-07,0.999622440837928,25,0,10
34,8109,0.0007172028584496172,1.5030475840632216e-11,1.2876876750269285e-06,0.9992815094388462,25,0,10
34,8110,0.0005886593006333796,1.2755004564858813e-11,9.631349846689781e-07,0.9994103775516275,25,0,10
34,8111,0.00038013964714937536,8.551046809728246e-12,6.994166580372159e-07,0.9996191609276422,25,0,10
34,8112,0.0006420416980622896,1.2870579178342788e-11,9.336386000840819e-07,0.9993570246504677,25,0,10
34,8113,0.0008845462604153732,1.5691441132756095e-11,1.0602843353545774e-06,0.9991143934395584,25,0,10
34,8114,0.0011837889766029158,2.201197387986271e-11,1.4898172376891166e-06,0.9988147211841486,25,0,10
34,8115,0.0010113412730081677,1.989401951981561e-11,1.4242690771985187e-06,0.9989872344380218,25,0,10
34,8116,0.001358521461672107,5.125350895412348e-11,3.920883484352349e-06,0.9986375576035909,25,0,10
34,8117,0.001599672622808551,5.138697060245288e-11,4.00111817145601e-06,0.9983963262076341,25,0,10
34,8118,0.0015753682494471313,4.918120233577046e-11,3.92433026992583e-06,0.9984207073711029,25,0,10
34,8119,0.00150496277625969,4.9152733723688486e-11,3.983036755328212e-06,0.9984910541378343,25,0,10
34,8120,0.0008316141100098301,5.0245432674710075e-11,3.558759979011052e-06,0.9991648270797678,25,0,10
34,8121,0.0012525328560250106,4.420568358658733e-11,5.885707770941449e-06,0.9987415813920001,25,0,10
34,8122,0.0010729861478147274,1.2441568013364069e-11,3.3190179063714517e-06,0.998923694821839,25,0,10
34,8123,0.0009669348445001807,1.2428807035608922e-11,3.410342281798315e-06,0.9990296548007906,25,0,10
34,8124,0.0009075031124975683,1.0296089430162595e-11,3.294365365909012e-06,0.9990892025118415,25,0,10
34,8125,0.0009086894933164277,7.038363414462672e-11,3.353334679896186e-06,0.9990879571016213,25,0,10
34,8126,0.001560880712913006,4.56232377356232e-11,6.0673224685118935e-06,0.9984330519189969,25,0,10
34,8127,0.0010730989121713183,4.422115635224097e-11,2.272088385769547e-06,0.998924628955223,25,0,10
34,8128,0.001148215662939845,4.38211252694928e-11,2.4028357497120964e-06,0.9988493814574901,25,0,10
34,8129,0.016917633471922176,4.3759417142885995e-11,1.3103456374370183e-05,0.9830692630279454,25,0,10
34,8130,0.049953195240771076,7.430540353184166e-11,7.013216439863033e-05,0.9499766725205258,25,0,10
34,8131,0.04994663365541296,7.347730140316528e-11,7.012605193372647e-05,0.9499832402191776,25,0,10
34,8132,0.017398921479710287,4.4760909137321776e-11,1.345449611082661e-05,0.9825876239794191,25,0,10
34,8133,0.017434665720933065,1.1760715377207847e-11,1.2291697216429552e-05,0.9825530425700911,25,0,10
34,8134,0.0013639620814313944,1.0562902539489588e-11,1.3064788207115324e-06,0.9986347314291865,25,0,10
34,8135,0.001333383542795124,1.1033588382535987e-10,3.355629576886756e-06,0.9986632607172937,25,0,10
34,8136,0.0018450422946655201,2.129948827038253e-11,3.7482207070146624e-06,0.9981512094633292,25,0,10
34,8137,0.0010935455286421526,1.836740033086558e-11,1.3682103194122877e-06,0.9989050862426723,25,0,10
34,8138,0.0010892293188334375,1.837484973561817e-11,1.3690602775251714e-06,0.9989094016025147,25,0,10
34,8139,0.0008960569838842173,1.6586273549054643e-11,1.3099735035605904e-06,0.9991026330260264,25,0,10
34,8140,0.0004135088746724287,1.2134910585532534e-11,8.891701461173314e-07,0.9995856019430479,25,0,10
34,8141,0.0003990053899579149,1.0388733278720745e-11,7.66548631145032e-07,0.9996002280510236,25,0,10
34,8142,0.0012159702448178674,1.3337005698434716e-10,9.535728059863922e-06,0.9987744938937537,25,0,10
34,8143,0.0012880078258001991,1.3550031585631663e-10,9.891462341427119e-06,0.9987021005763593,25,0,10
34,8144,0.001594016300247263,1.3687843613381968e-10,1.0193812367783864e-05,0.998395789750508,25,0,10
34,8145,0.0017611682370335122,1.416553339265873e-10,1.0650173617313808e-05,0.9982281814476955,25,0,10
34,8146,0.0015737240449524897,1.3926824325148509e-10,1.0133406389452864e-05,0.9984161424093918,25,0,10
34,8147,0.00163621314773438,1.4205914992205248e-10,1.0399553240147624e-05,0.9983533871569686,25,0,10
34,8148,0.0010181446592397762,2.5348494026760412e-11,1.6613399990684102e-06,0.998980193975414,25,0,10
34,8149,0.0009542229039825029,2.327514160999738e-11,1.4548808111826474e-06,0.9990443221919325,25,0,10
34,8150,0.0009519968598264709,1.69104385482019e-11,1.2754212371161235e-06,0.9990467277020274,25,0,10
34,8151,0.0010794139148388709,1.7008916894536278e-11,1.4359347794328598e-06,0.998919150133374,25,0,10
34,8152,0.0007663570803934462,1.5315768509409908e-11,1.106021211234045e-06,0.9992325368830808,25,0,10
34,8153,0.0005345539331010291,9.84840306189908e-12,8.617125167885731e-07,0.9994645843445354,25,0,10
34,8154,0.0010349489943127285,1.6280086844533633e-11,1.2486406650437184e-06,0.9989638023487437,25,0,10
34,8155,0.00047993727090187027,1.1379086588406823e-11,7.637859146117664e-07,0.999519298931806,25,0,10
34,8156,0.0004635252100369508,9.376786148352704e-12,8.589092323152189e-07,0.9995356158713556,25,0,10
34,8157,0.0004534865389752825,1.1468174695291373e-11,8.775695365540319e-07,0.9995456358800215,25,0,10
34,8158,0.00046972708949955216,1.492167299710411e-11,9.443461621236094e-07,0.9995293285494178,25,0,10
34,8159,0.0005225127107245562,1.1874574586255994e-11,9.455736393528743e-07,0.9994765417037624,25,0,10
34,8160,0.0004991357746923704,9.928511706946458e-12,8.560759629348673e-07,0.9995000081394174,25,0,10
34,8161,0.0004422310626399173,7.819866624275256e-12,6.720768496632259e-07,0.9995570968526917,25,0,10
34,8162,0.00044194495165197743,1.0840650131617023e-11,7.107316409480106e-07,0.9995573443058674,25,0,10
34,8163,0.001469678653244313,2.246243301430777e-11,2.0852397605709156e-06,0.998528236084534,25,0,10
34,8164,0.0008245087207492756,1.308747408461762e-11,9.333909183694684e-07,0.9991745578752468,25,0,10
34,8165,0.0007945061346311122,1.271125859414765e-11,9.13529208829135e-07,0.9992045803234499,25,0,10
34,8166,0.0007883552504294411,1.2719092944374646e-11,9.243985621797744e-07,0.9992107203382904,25,0,10
34,8167,0.010864649677092131,2.084111553821041e-11,5.469078914415841e-06,0.9891298812231536,25,0,10
34,8168,0.010404376675808305,1.8429483836527514e-11,5.0040732777100885e-06,0.9895906192324859,25,0,10
34,8169,0.011101677841230657,8.074941724426334e-11,7.248963770525566e-06,0.988891073114251,25,0,10
34,8170,0.014294735944061412,9.22870079343077e-11,1.1714164159188145e-05,0.985693549799493,25,0,10
34,8171,0.014930084846970336,1.2936623623617163e-10,1.4718287838836317e-05,0.9850551967358251,25,0,10
34,8172,0.0019472454604599495,1.1079991477678291e-10,5.8758685330834895e-06,0.9980468785602079,25,0,10
34,8173,0.0014272201855379447,8.064191854997214e-11,5.151727941100465e-06,0.9985676280058803,25,0,10
34,8174,0.0008154134647803376,1.1106854857497524e-11,3.0203008807988155e-06,0.9991815662232341,25,0,10
34,8175,0.000798680055382462,1.3598165355648737e-11,3.0694218442940473e-06,0.9991982505091772,25,0,10
34,8176,0.001167523629605175,7.85167439323562e-11,3.131240727581112e-06,0.9988293450511522,25,0,10
34,8177,0.0009233338746825757,7.379714561246556e-11,2.943771036143169e-06,0.9990737222804852,25,0,10
34,8178,0.0016477346934291076,2.259758164542031e-11,4.045844432545459e-06,0.998348219439542,25,0,10
34,8179,0.0017160378815392588,2.5305492468669736e-11,4.36289367588436e-06,0.9982795991994796,25,0,10
34,8180,0.001290282642463976,1.7496664841180946e-11,2.124369561506239e-06,0.9987075929704781,25,0,10
34,8181,0.0008245017582614064,8.13937354301804e-11,4.112013066333055e-06,0.9991713861472789,25,0,10
34,8182,0.00046949385797237855,7.128266110456385e-11,2.6616855261447606e-06,0.9995278443852204,25,0,10
34,8183,0.0006522293892426136,7.699236212298113e-11,2.8176531107247206e-06,0.999344952880656,25,0,10
34,8184,0.00033413549973992923,1.109262984012589e-11,6.098462839577911e-07,0.9996652546428849,25,0,10
34,8185,0.0010592154062522465,1.7116060697032744e-11,1.1876878823804952e-06,0.9989395968887499,25,0,10
34,8186,0.0010522591799656447,1.601971108831267e-11,1.1982792803306696e-06,0.9989465425247345,25,0,10
34,8187,0.0005765900502626695,1.2703011448796375e-11,8.965538715186204e-07,0.9994225133831633,25,0,10
34,8188,0.0008773828643575304,1.5996357902267697e-11,1.4161481004154543e-06,0.9991212009715467,25,0,10
34,8189,0.0004764566605291935,1.3969535072753644e-11,1.2416744060561727e-06,0.9995223016510968,25,0,10
34,8190,0.00041973216593212224,8.674427371595102e-12,1.0157780982985684e-06,0.9995792520472968,25,0,10
34,8191,0.00034625003067266014,6.3389077174182366e-12,7.744560361912757e-07,0.999652975506954,25,0,10
34,8192,0.0003601133200303606,6.198749325893688e-12,6.404021950985033e-07,0.9996392462715774,25,0,10
34,8193,0.0008455203595331204,1.0690723886476442e-11,1.0083496518152207e-06,0.9991534712801255,25,0,10
34,8194,0.0014047928496500797,4.6874299845069326e-11,3.471811931527362e-06,0.9985917352915453,25,0,10
34,8195,0.001305982958748669,5.364335095762601e-11,3.819806892654125e-06,0.9986901971807164,25,0,10
34,8196,0.0006505379281019373,1.6694187452349776e-11,9.659687376955976e-07,0.9993484960864666,25,0,10
34,8197,0.0007594059100341468,1.9684857485783233e-11,1.2251781179870757e-06,0.9992393688921637,25,0,10
34,8198,0.0006883974066386034,1.3012890068244562e-11,9.779511773110451e-07,0.9993106246291715,25,0,10
34,8199,0.0008736183607197333,1.570411172622762e-11,1.1424392233982609e-06,0.9991252391843536,25,0,10
34,8200,0.0010649195057732717,1.3356422083255511e-11,1.0635865045602346e-06,0.9989340168943664,25,0,10
34,8201,0.00105324814447169,1.3901768305971594e-11,1.2084177174493977e-06,0.9989455434239096,25,0,10
34,8202,0.00039133369568487765,8.864220115186342e-12,7.745900411542587e-07,0.9996078917054112,25,0,10
34,8203,0.0006650132639963656,1.529766434453057e-11,1.0578093181242947e-06,0.9993339289113885,25,0,10
34,8204,0.0009528386705693248,1.812420570345792e-11,1.462127440460926e-06,0.9990456991838665,25,0,10
34,8205,0.0007889974753063744,1.3476203271308403e-11,1.2990309891400872e-06,0.9992097034802285,25,0,10
34,8206,0.0007001976558494398,9.535238147855102e-12,9.420417923602096e-07,0.999298860292824,25,0,10
34,8207,0.0003439553060147747,1.040027849919218e-11,6.555130065821304e-07,0.9996553891705794,25,0,10
34,8208,0.0007616210611716951,1.477273721399926e-11,1.269145334319549e-06,0.9992371097787216,25,0,10
34,8209,0.0013202773530161219,6.108724894330832e-11,4.756181758198915e-06,0.9986749664041392,25,0,10
34,8210,0.0007368586649843699,4.791920133359428e-11,3.971744941641611e-06,0.9992591695421563,25,0,10
34,8211,0.0012493568324397997,5.001402205005177e-11,3.926509351515088e-06,0.9987467166081957,25,0,10
34,8212,0.0013061989626066458,6.086104066556308e-11,4.24449475232157e-06,0.9986895564817807,25,0,10
34,8213,0.0010254707332319497,5.415121079313005e-11,3.812939072194285e-06,0.9989707162735457,25,0,10
34,8214,0.0010239236167572214,5.5148097306633195e-11,3.866857607819192e-06,0.998972209470488,25,0,10
34,8215,0.0011970296196752543,5.836693220734223e-11,4.4116833036735036e-06,0.9987985586386556,25,0,10
34,8216,0.0008342290192263021,4.370233640615576e-11,3.4876983473529833e-06,0.9991622832387261,25,0,10
34,8217,0.0006012376657086899,4.175819159725682e-11,3.3595906164970248e-06,0.9993954027019184,25,0,10
34,8218,0.0005932469638078024,4.1706537148358024e-11,3.3577600558909854e-06,0.9994033952344311,25,0,10
34,8219,0.001045165990475694,4.384045866359169e-11,1.7658146186389992e-05,0.9989371758194987,25,0,10
34,8220,0.00039906248579550885,9.352831428674628e-12,7.215049558136021e-07,0.9996002159998975,25,0,10
34,8221,0.0009234587113110336,1.9254939812976396e-11,1.2226597769083515e-06,0.9990753186096586,25,0,10
34,8222,0.0012241821148319023,5.92733103267255e-11,4.699963295028836e-06,0.9987711178626012,25,0,10
34,8223,0.0020585976989816786,9.314585371210574e-11,7.1180680502007456e-06,0.9979342841398235,25,0,10
34,8224,0.002153687647462946,9.39323537608029e-11,7.385292768097958e-06,0.9978389269658381,25,0,10
34,8225,0.002284156558454388,9.906876724400024e-11,7.77348268573154e-06,0.9977080698597931,25,0,10
34,8226,0.0019087606098694026,8.804906089166559e-11,7.1530460241785055e-06,0.9980840862560592,25,0,10
34,8227,0.0012823920839323808,5.4711526061641783e-11,4.7239870294143925e-06,0.9987128838743287,25,0,10
34,8228,0.0013568234560402536,4.571117580291565e-11,1.8714027639527278e-06,0.9986413050954862,25,0,10
34,8229,0.001339007097508119,1.681635598791217e-11,1.4518920106941133e-06,0.9986595409936672,25,0,10
34,8230,0.0006003308556700132,7.396788575700672e-12,6.932188370346672e-07,0.9993989759180981,25,0,10
34,8231,0.0006208056887641438,3.953634591640317e-11,8.582916144943497e-07,0.9993783359800871,25,0,10
34,8232,0.0007385162340584141,4.7949706075092656e-11,1.991118045929848e-06,0.999259492599948,25,0,10
34,8233,0.0008651014976034339,3.698633286035523e-09,1.3377348868804785e-05,0.9991215174548966,25,0,10
34,8234,0.0008208266908274737,3.6981833478692547e-09,1.265352851380877e-05,0.9991665160824772,25,0,10
34,8235,0.0007466915903700823,3.6996632019690276e-09,1.2484179245643057e-05,0.9992408205307227,25,0,10
34,8236,0.0006531356112530077,2.262234258382459e-11,1.103069769464769e-06,0.9993457612963568,25,0,10
34,8237,0.000648657440297168,1.907695801045126e-11,1.0873886711144221e-06,0.9993502551519559,25,0,10
34,8238,0.006357546614635645,2.14979540232556e-11,2.6175532501181935e-06,0.9936398358106172,25,0,10
34,8239,0.006845705951776846,3.09279687129656e-11,3.5480023512843383e-06,0.9931507460149454,25,0,10
34,8240,0.0065491265553394955,2.3493871645825612e-11,3.2194752799995307e-06,0.9934476539458877,25,0,10
34,8241,0.0010554640422834665,2.0526654162345317e-11,1.8136688288712184e-06,0.9989427222683627,25,0,10
34,8242,0.0008143540113108469,1.4474085890909167e-11,1.05404968647339e-06,0.99918459192453,25,0,10
34,8243,0.0017573256104426152,7.885689516216147e-11,2.7519726381697506e-06,0.9982399223380635,25,0,10
34,8244,0.0011939798138363138,5.037588611991628e-11,1.8594429614680048e-06,0.9988041606928271,25,0,10
34,8245,0.0005940594451760799,4.5378006783389285e-11,9.970231323159757e-07,0.999404943486314,25,0,10
34,8246,0.0005782561882560515,1.3003784689845968e-11,7.75578927884854e-07,0.999420968219813,25,0,10
34,8247,0.0013293782375730348,1.6170585204697112e-11,1.6312054345072736e-06,0.9986689905408221,25,0,10
34,8248,0.0008983333513719842,1.7625579535200185e-11,1.5793938215902454e-06,0.9991000872371812,25,0,10
34,8249,0.0006343735869740869,1.5143751519794878e-11,1.1399452883128296e-06,0.999364486452594,25,0,10
34,8250,0.0011105078238779946,4.729547440351976e-11,3.759380886272162e-06,0.9988857327479408,25,0,10
34,8251,0.0014932158360422554,4.945445789312131e-11,4.176082325643714e-06,0.9985026080321784,25,0,10
34,8252,0.0013737905239046744,4.840716784645456e-11,3.900426033878645e-06,0.9986223090016548,25,0,10
34,8253,0.0011032866288910768,4.41174504827352e-11,3.664936644011672e-06,0.9988930483903485,25,0,10
34,8254,0.00044086948398800574,1.0599176374632756e-11,9.425213225817293e-07,0.9995581879840917,25,0,10
34,8255,0.0005919498353391818,1.3919463824593344e-11,6.569939852743635e-06,0.9994014802108906,25,0,10
34,8256,0.001396390410035404,5.040289290421269e-11,2.362740337196594e-06,0.9986012467992262,25,0,10
34,8257,0.0013133064477034175,5.807242863869696e-11,3.8323493346256416e-06,0.9986828611448904,25,0,10
34,8258,0.0016857052411477671,3.0265652192055997e-11,4.249848560113642e-06,0.9983100448800276,25,0,10
34,8259,0.0012039619935732089,2.911805822304574e-11,2.627373591115365e-06,0.9987934106037197,25,0,10
34,8260,0.001077538485336943,3.315330659856664e-11,2.473085490149052e-06,0.9989199883960214,25,0,10
34,8261,0.0010676012835355397,2.7338082156034333e-11,2.2867300250477443e-06,0.9989301119591028,25,0,10
34,8262,0.0009309416088754193,2.1176942648101523e-11,1.9019441209038664e-06,0.9990671564258282,25,0,10
34,8263,0.0008677053469407071,1.7949363370532125e-11,1.6752496310377563e-06,0.9991306193854804,25,0,10
34,8264,0.0008512921682275793,1.9399213652135472e-11,2.243003892757165e-06,0.999146464808482,25,0,10
34,8265,0.0009186571593686224,1.967803549495497e-11,2.315897431248514e-06,0.9990790269235241,25,0,10
34,8266,0.0008477368407338621,7.774775294314015e-11,2.182117407844691e-06,0.9991500809641123,25,0,10
34,8267,0.0005434774104827734,7.226852468660238e-11,1.6075426707632166e-06,0.9994549149745802,25,0,10
34,8268,0.0021150561377042717,2.0169653411832538e-10,9.013936195704796e-06,0.9978759297244052,25,0,10
34,8269,0.0005445979243891498,7.757284034874844e-11,1.4531068742921587e-06,0.999453948891165,25,0,10
34,8270,0.00053828368690786,1.4743991898206588e-11,1.2316541661874208e-06,0.9994604846441831,25,0,10
34,8271,0.0004087833697839581,8.37947818155248e-12,6.67674509994609e-07,0.9995905489473279,25,0,10
34,8272,0.00034706040793724307,9.546158570260658e-12,6.00287190586078e-07,0.9996523392953268,25,0,10
34,8273,0.0004052270417300114,1.0205656987678765e-11,6.263611763844257e-07,0.9995941465868888,25,0,10
34,8274,0.0010701271788690553,4.566984756272884e-11,3.599665789519346e-06,0.9989262731096725,25,0,10
34,8275,0.0014675720838682094,4.772214131403622e-11,3.808036378712987e-06,0.9985286198320321,25,0,10
34,8276,0.0011090870534756691,1.533758053672808e-11,1.2760928797598297e-06,0.9988896368383086,25,0,10
34,8277,0.0012413882433064511,1.7068036917180535e-11,1.5681751369915962e-06,0.9987570435644904,25,0,10
34,8278,0.001943376524001882,2.0065555585710524e-11,2.028958255689408e-06,0.9980545944976785,25,0,10
34,8279,0.0021805867702349817,2.116079091939344e-11,2.191968802578716e-06,0.9978172212398025,25,0,10
34,8280,0.0021441392418329675,2.3321289871588713e-11,2.2826497423575942e-06,0.9978535780851044,25,0,10
34,8281,0.0007046443636395832,1.374598587465848e-11,1.2378781820468512e-06,0.9992941177444341,25,0,10
34,8282,0.0009435808337368165,1.3656612848311237e-11,1.3538496735227565e-06,0.9990550653029342,25,0,10
34,8283,0.0014810492051305225,7.415909661342264e-11,3.87180840085358e-06,0.9985150789123106,25,0,10
34,8284,0.0011815856990395946,1.1534408252177695e-11,1.2566496028908336e-06,0.9988171576398244,25,0,10
34,8285,0.000880292499152458,8.26189483083066e-12,9.512379598580748e-07,0.9991187562546283,25,0,10
34,8286,0.0010858872543971466,1.075407919601467e-11,1.1844457970104067e-06,0.9989129282890539,25,0,10
34,8287,0.0010921465307235866,1.0853107560680952e-11,1.2018854814049606e-06,0.9989066515729434,25,0,10
34,8288,0.0008178954666804831,7.972790211148811e-11,1.72480055863676e-06,0.9991803796530347,25,0,10
34,8289,0.0007910965467385934,1.2258602159506476e-11,1.1688888074573695e-06,0.9992077345521975,25,0,10
34,8290,0.000718535678849647,1.0120879352186041e-11,9.409081373041752e-07,0.999280523402894,25,0,10
34,8291,0.0009580424614224711,1.298374110690711e-11,1.878402495679876e-06,0.9990400791230999,25,0,10
34,8292,0.0008641490978280098,1.0947586256611271e-10,2.0398460951438965e-06,0.9991338109466024,25,0,10
34,8293,0.0006422355498448872,1.0694428751331473e-10,1.991272711011281e-06,0.9993557730705015,25,0,10
34,8294,0.0008555812264392929,1.0780489353171987e-10,2.079839554895146e-06,0.9991423388262021,25,0,10
34,8295,0.0010852908257510355,1.6802802053229762e-11,2.0024079493178347e-06,0.9989127067494974,25,0,10
34,8296,0.0011507557027984354,1.902197311289713e-11,2.0796971012051325e-06,0.9988471645810799,25,0,10
34,8297,0.0013772715992112,2.114846195573311e-11,2.3085983635787665e-06,0.998620419781278,25,0,10
34,8298,0.0013080022818440051,1.730882756449921e-11,2.0400394305392432e-06,0.9986899576614179,25,0,10
34,8299,0.0011214261336290766,1.8160078144746195e-11,2.0335292122886364e-06,0.9988765403189998,25,0,10
34,8300,0.0012991772519417282,1.8823919384813126e-11,2.0206596070718916e-06,0.9986988020696285,25,0,10
34,8301,0.0008287297495283882,1.3992037780173575e-11,1.5702595876156984e-06,0.9991696999768932,25,0,10
34,8302,0.000929155782887937,3.390761725263757e-09,2.044272508183494e-06,0.9990687965538427,25,0,10
34,8303,0.00255264275384825,3.391723082085054e-09,2.952295929166157e-06,0.9974444015585003,25,0,10
34,8304,0.002112967025247497,1.5435386920850894e-11,2.3853863769725304e-06,0.9978846475729418,25,0,10
34,8305,0.0020353428539030697,1.2819419409704703e-11,2.1780284167155534e-06,0.9979624791048622,25,0,10
34,8306,0.00116478437018423,1.496418447701728e-11,1.3764892891249885e-06,0.9988338391255634,25,0,10
34,8307,0.0010933090380795339,1.3750080613216531e-11,1.2462654314125253e-06,0.9989054446827397,25,0,10
34,8308,0.0010278777118558214,9.480581273318115e-12,3.3223216468766604e-06,0.9989687999570183,25,0,10
34,8309,0.0007911427061087342,7.346827911071005e-12,7.236449122796608e-07,0.9992081336416336,25,0,10
34,8310,0.0011690345239103205,1.2103518112428218e-11,1.1694760864660033e-06,0.9988297959879006,25,0,10
34,8311,0.0011559348059973099,1.2093328461466206e-11,1.163395755169127e-06,0.9988429017861553,25,0,10
34,8312,0.0010649321063731943,1.4224315608911088e-11,1.0298936309518256e-06,0.998934037985773,25,0,10
34,8313,0.000855870318396776,1.2694860555155416e-11,8.960060278137841e-07,0.9991432336628815,25,0,10
34,8314,0.0007970500371840653,1.2081188341861677e-11,7.980468725937555e-07,0.9992021519038637,25,0,10
34,8315,0.0008144801517315596,1.3623798355930884e-11,9.173001319207568e-07,0.9991846025345145,25,0,10
34,8316,0.000346540586115702,1.0040284493511592e-11,6.495414792371668e-07,0.9996528098623669,25,0,10
34,8317,0.0005000518438704807,5.8051127433597205e-12,8.591278852900621e-07,0.9994990890224413,25,0,10
34,8318,0.0008270170775876847,1.7313967392522848e-11,1.3777114030475164e-06,0.9991716051936974,25,0,10
34,8319,0.0010642289651289815,1.588841310278969e-11,1.4498825839423224e-06,0.9989343211364001,25,0,10
34,8320,0.001123383824835881,1.9076397883168618e-11,1.6839816587559528e-06,0.9988749321744304,25,0,10
34,8321,0.0008989660767173838,1.7528886232797508e-11,1.469193463610315e-06,0.9990995647122913,25,0,10
34,8322,0.016485150704853242,1.3897945682346383e-11,5.703237991815026e-06,0.9835091460432587,25,0,10
34,8323,0.01643981267149701,1.1824621597864735e-11,5.462805085853713e-06,0.983554724511594,25,0,10
34,8324,0.016891572104154585,7.596863970878752e-11,7.788887675902888e-06,0.983100638932203,25,0,10
34,8325,0.016906531517065705,2.0634770500563318e-11,7.071265602739377e-06,0.983086397196698,25,0,10
34,8326,0.017645877626145768,2.542374939401403e-11,8.294154220918732e-06,0.9823458281942109,25,0,10
34,8327,0.03352197301675124,1.0201988736952963e-10,1.746979267217081e-05,0.9664605570885577,25,0,10
34,8328,0.018902559561494125,9.937454120797714e-11,1.4888291662550623e-05,0.98108255204747,25,0,10
34,8329,0.018666696036537356,9.514225484341367e-11,1.4313478950000184e-05,0.9813189903893718,25,0,10
34,8330,0.01799860922359771,9.72287588449065e-11,1.257000832174036e-05,0.9819888206708538,25,0,10
34,8331,0.0012988237182973694,2.2317380841785488e-11,2.4607508655296723e-06,0.998698715508521,25,0,10
34,8332,0.0011551250233873744,1.1781016164110072e-11,1.2660654473972053e-06,0.9988436088993864,25,0,10
34,8333,0.0006918983986130734,9.558406232200687e-12,9.60736549350888e-07,0.9993071408552813,25,0,10
34,8334,0.0005155634843904751,8.001482564759398e-12,9.135915304569873e-07,0.9994835229160792,25,0,10
34,8335,0.0007656530162539645,1.180909479583582e-11,1.139221347714871e-06,0.9992332077505901,25,0,10
34,8336,0.001392560292574238,4.4065790482689875e-11,4.2423085547308195e-06,0.9986031973548066,25,0,10
34,8337,0.0014061848890367247,4.6393634976485154e-11,4.3565290961024e-06,0.9985894585354752,25,0,10
34,8338,0.0007069359292101222,1.1210195471833079e-11,1.106057335214467e-06,0.9992919580022462,25,0,10
34,8339,0.0009550558694461016,1.5921756290651235e-11,1.3230039005550275e-06,0.9990436211107331,25,0,10
34,8340,0.000878407412175578,1.1189962779270586e-11,1.019961716063322e-06,0.99912057261492,25,0,10
34,8341,0.0005743570243237994,8.399555277206339e-12,7.094401271307678e-07,0.9994249335271509,25,0,10
34,8342,0.0005724836477871905,9.658337923716127e-12,7.792081111670075e-07,0.9994267371344445,25,0,10
34,8343,0.0008656658545135633,1.3338106002407664e-11,1.8959627661225125e-06,0.9991324381693832,25,0,10
34,8344,0.0012793065356695764,2.1243147065932573e-11,1.3505751801016554e-06,0.9987193428679082,25,0,10
34,8345,0.0017196339739790384,2.0670225910814888e-11,1.44546084911436e-06,0.9982789205445028,25,0,10
34,8346,0.0020669918566677036,1.8886353134632107e-11,1.62022036759008e-06,0.99793138790408,25,0,10
34,8347,0.0017201129540800348,1.574438549918169e-11,1.336119130041595e-06,0.9982785509110472,25,0,10
34,8348,0.0017211266411323689,1.671676347526455e-11,1.2879441572277248e-06,0.9982775853979946,25,0,10
34,8349,0.0006543609414864425,8.453988991304053e-12,8.183251906216757e-07,0.9993448207248705,25,0,10
34,8350,0.0006545270071850343,8.468594504605768e-12,8.194323819819772e-07,0.9993446535519662,25,0,10
34,8351,0.0006711338361301114,1.5315935526236377e-11,1.0944229796559886e-06,0.9993277717255762,25,0,10
34,8352,0.0038288900343021563,1.499401392881874e-11,6.3660954548707005e-06,0.9961647438552516,25,0,10
34,8353,0.0037272033007756124,1.1752536702391808e-11,6.426856971277639e-06,0.9962663698305022,25,0,10
34,8354,0.0036385399373626962,1.0092120642075137e-11,6.199080892915386e-06,0.9963552609716534,25,0,10
34,8355,0.0036449971417937266,9.862697881484436e-12,6.191147576862581e-06,0.9963488117007678,25,0,10
34,8356,0.00046899035495983954,6.862162184332967e-12,7.842095668809285e-07,0.9995302254286123,25,0,10
34,8357,0.0006877547507210829,7.065439995668611e-12,8.624523513639414e-07,0.9993113827898632,25,0,10
34,8358,0.001016751268886106,1.3043296224990119e-11,1.3452879194986654e-06,0.9989819034301515,25,0,10
34,8359,0.001380507068210153,7.668994555286e-12,1.1707119319377828e-06,0.9986183222121896,25,0,10
34,8360,0.0015343904108450115,5.3674693610535664e-12,1.0030554810132353e-06,0.9984646065283084,25,0,10
34,8361,0.0017154448214003757,7.515747623946353e-12,1.3400777095054826e-06,0.9982832150933763,25,0,10
34,8362,0.0019504024592090449,1.0487623827051775e-11,1.3679151630921054e-06,0.998048229615142,25,0,10
34,8363,0.0012936797041019194,1.0687560163952034e-11,1.0962103538271234e-06,0.9987052240748584,25,0,10
34,8364,0.0016054134838764604,1.7173876073372173e-11,1.5839456056354839e-06,0.998393002553346,25,0,10
34,8365,0.0012875043663087113,1.2251846037366773e-11,1.1710684912529177e-06,0.99871132455295,25,0,10
34,8366,0.0017453025308065524,1.2382886537688329e-11,4.348187761805502e-05,0.998211215579194,25,0,10
34,8367,0.002052100308444715,1.8379429461334214e-11,4.3994647250066e-05,0.9979039050259273,25,0,10
34,8368,0.0017358811131208565,1.530176375088056e-11,4.348833462354194e-05,0.9982206305369555,25,0,10
34,8369,0.001720510028146737,1.3206790248382572e-11,4.345046850697481e-05,0.998236039490141,25,0,10
34,8370,0.0010478668242397357,1.2212249870713584e-11,4.319552415316561e-05,0.998908937639396,25,0,10
34,8371,0.0008106930052743644,8.171945989299855e-12,4.294431581746433e-05,0.9991463626707379,25,0,10
34,8372,0.0008769255850978397,1.0243903287028549e-11,4.3062953268302e-05,0.9990800114513917,25,0,10
34,8373,0.0006481213328725962,1.630591663033021e-11,2.6345232518495547e-06,0.9993492441275713,25,0,10
34,8374,0.000768266038779669,1.8311209497385605e-11,2.891504042817387e-06,0.999228842438868,25,0,10
34,8375,0.0005169545890829147,9.425431852314171e-12,1.0550974152680822e-06,0.9994819903040773,25,0,10
34,8376,0.0004557672911133388,7.315865671899967e-12,8.390876366458508e-07,0.9995433936139348,25,0,10
34,8377,0.00033506441211066264,5.7244033441598816e-12,5.011978478547891e-07,0.9996644343843181,25,0,10
34,8378,0.0005793373870568286,7.40633775922007e-12,6.869248834534773e-07,0.9994199756806539,25,0,10
34,8379,0.0008873345680606262,1.438480654957083e-11,1.128110847728969e-06,0.9991115373067072,25,0,10
34,8380,0.0008069554372483983,1.2093854697019118e-11,8.492485623899227e-07,0.9991921953020959,25,0,10
34,8381,0.0009739648687952096,9.833315155604191e-12,2.678268010982102e-06,0.9990233568533613,25,0,10
34,8382,0.000819876042534653,1.3800936029059229e-11,2.864557195786481e-06,0.9991772593864696,25,0,10
34,8383,0.0010394961193525949,4.6576512687721185e-11,3.0799080004717484e-06,0.9989574239260713,25,0,10
34,8384,0.0012896167026466968,1.3766961225972389e-11,2.954420475854436e-06,0.9987074288631124,25,0,10
34,8385,0.0007109038964514826,1.4096184894118938e-11,1.0906830339948306e-06,0.9992880054064202,25,0,10
34,8386,0.0010306951893799322,7.779100006375826e-12,8.682810167469243e-07,0.998968436521826,25,0,10
34,8387,0.0010995137416193398,1.1071391547562621e-11,1.0474595083665141e-06,0.9988994387878026,25,0,10
34,8388,0.008329149479923007,1.3497963873927002e-11,9.099600257771008e-06,0.9916617509063221,25,0,10
34,8389,0.009020366798858221,1.578785942727087e-11,9.467934421143087e-06,0.990970165250934,25,0,10
34,8390,0.008509462892989499,1.2122278013410059e-11,9.06641322080527e-06,0.9914814706816683,25,0,10
34,8391,0.008709755377292962,1.9728619872414978e-11,9.710203073761175e-06,0.9912805343999045,25,0,10
34,8392,0.001018313555558754,1.8260773605296897e-11,1.4556103817879047e-06,0.9989802308157985,25,0,10
34,8393,0.0008886819378841022,1.5951713861971125e-11,1.143878494469048e-06,0.9991101741676701,25,0,10
34,8394,0.01099320640267638,1.08172356252396e-10,9.006347399956517e-06,0.9889977871417517,25,0,10
34,8395,0.007361094294015884,2.9409512536228028e-09,0.00026368807303021153,0.9923752146920036,25,0,10
34,8396,0.007520517490982869,2.937313394669262e-09,0.00026353275780162974,0.9922159468139032,25,0,10
34,8397,0.001613320070638066,4.529137209245812e-11,3.921460852405375e-06,0.9983827584232194,25,0,10
34,8398,0.0016049472106435406,4.866047538665259e-11,3.924851648301207e-06,0.9983911278890492,25,0,10
34,8399,0.0016317894993494164,4.721567238504986e-11,6.246018194946802e-06,0.9983619644352403,25,0,10
34,8400,0.0016176396903441741,4.8702116463158843e-11,4.080367973978616e-06,0.9983782798929801,25,0,10
34,8401,0.0020712358474208542,4.8643187968095745e-11,3.898416078939626e-06,0.9979248656878578,25,0,10
34,8402,0.0018556660841681045,4.671108147765237e-11,3.7336668036222375e-06,0.9981406002023187,25,0,10
34,8403,0.006883989065339126,1.549266892210496e-10,1.789428148167872e-05,0.993098116498254,25,0,10
34,8404,0.006899140078152117,1.5702371182640823e-10,1.8004741451577136e-05,0.9930828550233737,25,0,10
34,8405,0.0018366689943647638,4.751880189443658e-11,7.22889044650647e-06,0.9981561020676711,25,0,10
34,8406,0.0013415324508165092,1.9614233214667542e-11,4.831010263722902e-06,0.9986536365193064,25,0,10
34,8407,0.00040416261113154496,1.2077957044409435e-11,7.717728202982002e-07,0.9995950656039716,25,0,10
34,8408,0.0004711669398620208,1.4216185273115488e-11,9.557608604691645e-07,0.9995278772850628,25,0,10
34,8409,0.0003953565403605251,1.056859188860932e-11,7.372330587355928e-07,0.9996039062160134,25,0,10
34,8410,0.00044714816837771544,1.0552446055457565e-11,8.054594366223963e-07,0.9995520463616342,25,0,10
34,8411,0.00034531862167134066,9.457039987388006e-12,5.502086818947695e-07,0.9996541311601903,25,0,10
34,8412,0.00385581885021866,2.1044860512357106e-10,0.0001057745586158587,0.9960384063807172,25,0,10
34,8413,0.003782897671284412,2.07598088162121e-10,0.00010809518874075409,0.9961090069323774,25,0,10
34,8414,0.0015195393935663365,1.6413138554380807e-10,4.862715975832601e-06,0.9984755977263278,25,0,10
34,8415,0.0012809903770630371,9.285277706217302e-12,1.0692056275424452e-06,0.998717940408026,25,0,10
34,8416,0.001336895786477888,1.612897484752694e-11,3.3987127529812765e-06,0.9986597054846414,25,0,10
34,8417,0.002158151203159681,3.014387812716862e-11,4.290693243169639e-06,0.9978375580734549,25,0,10
34,8418,0.0019443129739251247,3.164087545015863e-11,4.226758195333347e-06,0.9980514602362396,25,0,10
34,8419,0.0015300662110739813,2.626025687378056e-11,1.9007362479632134e-06,0.9984680330264188,25,0,10
34,8420,0.001655765290773876,6.326942695378915e-11,4.972307824329218e-06,0.9983392623381334,25,0,10
34,8421,0.002006238589773971,6.721034518460703e-11,4.9739017045362966e-06,0.9979887874413123,25,0,10
34,8422,0.0025192572901834797,6.555622577997509e-11,7.196131700102485e-06,0.9974735465125604,25,0,10
34,8423,0.0012351352266393456,2.1867231589850293e-11,2.386647888333178e-06,0.9987624781036059,25,0,10
34,8424,0.0011400407252845361,1.727257306714482e-11,2.180202367597816e-06,0.9988577790550761,25,0,10
34,8425,0.0019815602474515274,1.8322172702367855e-11,2.420140429919007e-06,0.998016019593797,25,0,10
34,8426,0.0010988430827296302,1.4476488525286223e-11,1.8309066183348802e-06,0.9988993259961763,25,0,10
34,8427,0.0012092042643902675,4.457472094250549e-11,4.001340300752479e-06,0.998786794350735,25,0,10
34,8428,0.0005790758060263912,1.135693689894015e-11,1.296555754056192e-06,0.9994196276268638,25,0,10
34,8429,0.0004656766403024075,8.707551060777346e-12,9.502247240674413e-07,0.999533373126268,25,0,10
34,8430,0.00046175845597954215,7.344667759825463e-12,8.945843350040894e-07,0.9995373469523423,25,0,10
34,8431,0.0016894990616423977,9.54269577262689e-11,6.5384514138420685e-06,0.9983039623915185,25,0,10
34,8432,0.00060190618019484,1.4811108054941635e-11,9.462171664733269e-07,0.9993971475878294,25,0,10
34,8433,0.010800607022533236,1.5100084396639997e-11,2.5905479946556406e-06,0.9891968024143736,25,0,10
34,8434,0.001089881440662321,7.497592471349046e-11,1.3606139959591894e-06,0.9989087578703666,25,0,10
34,8435,0.0008451203262167186,7.321319955929932e-11,1.12246630770709e-06,0.9991537571342631,25,0,10
34,8436,0.0011790213875934655,7.635386733656406e-11,1.4872053828680914e-06,0.9988194913306704,25,0,10
34,8437,0.0006024853687300499,7.006894391264316e-11,9.194465650283554e-07,0.9993965951146364,25,0,10
34,8438,0.0006380836150672732,1.1442798384066522e-11,7.939465798732362e-07,0.9993611224269107,25,0,10
34,8439,0.00034572060862772454,5.6611032813583565e-12,4.916816041686256e-07,0.9996537877041078,25,0,10
34,8440,0.0010574684364794062,6.841004432818564e-12,7.55001631304445e-07,0.9989417765550498,25,0,10
34,8441,0.0019987658022811317,1.8739779090237275e-10,1.1562334313059866e-05,0.9979896716760092,25,0,10
34,8442,0.0005536177516206591,1.3341501555230048e-11,1.2092144530489657e-06,0.9994451730205857,25,0,10
34,8443,0.0006390228589457163,1.8779333092938732e-11,1.5217155960889804e-06,0.9993594554066796,25,0,10
34,8444,0.0009547118762336313,2.4856446499162482e-11,3.3068608403888752e-06,0.9990419812380705,25,0,10
34,8445,0.0008254687466115741,2.2431095560982245e-11,3.1251007130945656e-06,0.9991714061302449,25,0,10
34,8446,0.0011907326310750322,2.2361172071149994e-11,3.0155841580182094e-06,0.9988062517624076,25,0,10
34,8447,0.0008214797532285126,5.0269807875752344e-11,4.309101566551094e-06,0.999174211094937,25,0,10
34,8448,0.0004152554270575769,9.665438122464084e-12,8.671387644452888e-07,0.9995838774245138,25,0,10
34,8449,0.00041295206048489884,1.1253433576603236e-11,7.878655610485667e-07,0.9995862600627013,25,0,10
34,8450,0.001101323521307905,1.1561782406658211e-11,1.2754714921886277e-06,0.9988974009956393,25,0,10
34,8451,0.0004276387169824419,1.0817854320177052e-11,9.402258453443483e-07,0.9995714210463558,25,0,10
34,8452,0.0004264481689170905,1.4314469863911277e-11,1.0916148255609848e-06,0.9995724602019443,25,0,10
34,8453,0.000893793866483728,1.4419860537668802e-11,1.343355361340194e-06,0.9991048627637358,25,0,10
34,8454,0.0006950529574332587,1.0099244240368037e-11,1.1442270922732e-06,0.9993038028053763,25,0,10
34,8455,0.0007002569470774777,1.00440115302156e-11,1.018331295191255e-06,0.9992987247115843,25,0,10
34,8456,0.0008960963118610889,1.4156364744302586e-11,1.1708760629408707e-06,0.9991027327979204,25,0,10
34,8457,0.000592577831134873,7.9009378966725e-12,6.851065814819419e-07,0.9994067370543838,25,0,10
34,8458,0.00038562333408414395,6.034601390557843e-12,1.2940377623139907e-06,0.9996130826221197,25,0,10
34,8459,0.0007319786076484722,1.0761859809063185e-11,1.775073308176608e-06,0.9992662463082824,25,0,10
34,8460,0.0007332567794472043,1.090161691291479e-11,1.7857212444592883e-06,0.9992649574884075,25,0,10
34,8461,0.0010162460333555195,1.4109273022152589e-11,2.125909233518721e-06,0.9989816280433029,25,0,10
34,8462,0.0009543767461487386,1.354519183295487e-11,1.996294429060428e-06,0.9990436269458786,25,0,10
34,8463,0.0007483346135162828,1.012731483600216e-11,1.0529951911323446e-06,0.9992506123811673,25,0,10
34,8464,0.000906419050778411,1.0756813878727502e-11,1.0573499832397025e-06,0.9990925235884824,25,0,10
34,8465,0.0009262475743548479,1.4331468235868306e-11,1.2144451673856135e-06,0.9990725379661481,25,0,10
34,8466,0.0005632731348755187,1.0454585879376343e-11,6.86849455473385e-07,0.9994360400052161,25,0,10
34,8467,0.0011066014561774045,1.85287687355674e-11,1.3024665265511598e-06,0.9988920960587688,25,0,10
34,8468,0.0010977228096635374,1.6407277926533844e-11,1.2458434933719228e-06,0.998901031330437,25,0,10
34,8469,0.0008722730993381996,1.4527931292209849e-11,1.0514622594961205e-06,0.9991266754238752,25,0,10
34,8470,0.0007065641295402151,1.508008823194725e-11,1.1380963226032939e-06,0.9992922977590583,25,0,10
34,8471,0.0008561688924563444,1.6783873492118425e-11,1.3002873590325327e-06,0.9991425308034023,25,0,10
34,8472,0.0010121449765560125,2.623840002537937e-11,1.8068694117295644e-06,0.998986048127794,25,0,10
34,8473,0.001960504821030074,2.2172297900481323e-11,3.5815523957007876e-06,0.9980359136044025,25,0,10
34,8474,0.0014904908734975175,9.529568232757764e-12,2.646810121917087e-06,0.9985068623068523,25,0,10
34,8475,0.001569826103323371,1.2927169302457538e-11,2.878284438461067e-06,0.9984272955993119,25,0,10
34,8476,0.002316327313348312,2.1876838346461895e-11,5.302278413384815e-06,0.9976783703863624,25,0,10
34,8477,0.002166243422090666,2.296813098644306e-11,5.131539557924273e-06,0.9978286250153843,25,0,10
34,8478,0.0006750042166719629,1.300799937349695e-11,1.2201676777800703e-06,0.9993237756026435,25,0,10
34,8479,0.0011036119186318455,1.8969711522910727e-11,1.920765289196655e-06,0.9988944672971105,25,0,10
34,8480,0.0008627299999301214,1.9842110726153412e-11,1.7517835522219285e-06,0.9991355181966768,25,0,10
34,8481,0.000964170748484238,1.4049181230641227e-11,1.5140581091578122e-06,0.9990343151793587,25,0,10
34,8482,0.0009789194207360076,1.3449614427803279e-11,1.509714261191233e-06,0.9990195708515547,25,0,10
34,8483,0.0014394100076247243,2.050607930556791e-11,2.7288740795489387e-06,0.9985578610977909,25,0,10
34,8484,0.0012792800084352027,2.6716261687019762e-11,2.185774611184894e-06,0.9987185341902383,25,0,10
34,8485,0.0009080660759880461,1.726562129462848e-11,1.5159735563735786e-06,0.9990904179331909,25,0,10
34,8486,0.0008825393943563389,1.1803911162359894e-11,1.1605489179032093e-06,0.9991163000449227,25,0,10
34,8487,0.0009319934906389486,1.5963684731703332e-11,1.4088743392283651e-06,0.9990665976190586,25,0,10
34,8488,0.0008691642674051942,1.320715047962371e-11,1.189381754465193e-06,0.9991296463376338,25,0,10
34,8489,0.000836045254968412,1.69969242582276e-11,1.5641599409398014e-06,0.999162390568094,25,0,10
34,8490,0.0018239873887600075,2.0402608067297397e-11,2.2571116304695154e-06,0.998173755479208,25,0,10
34,8491,0.0016830304974191409,1.2359112862865988e-11,1.5828145827628045e-06,0.9983153866756399,25,0,10
34,8492,0.0014573021234866993,1.485959215624886e-11,1.5836209746545992e-06,0.9985411142406804,25,0,10
34,8493,0.00134656925099275,1.2662429927866946e-11,1.1965765018961036e-06,0.9986522341598443,25,0,10
34,8494,0.00043542604607415186,8.845630550327733e-12,7.036967001516e-07,0.9995638702483813,25,0,10
34,8495,0.016505689635860007,7.971496212146613e-12,2.3241239182094264e-06,0.9834919862322511,25,0,10
34,8496,0.020207433753710702,1.5104931144447757e-10,8.456036093221823e-05,0.979708005734308,25,0,10
34,8497,0.016894293233179578,1.0531481898206059e-11,2.4114096829540963e-06,0.9831032953466066,25,0,10
34,8498,0.0008277346721884193,1.1572907415230856e-11,1.0146045307004949e-06,0.9991712507117092,25,0,10
34,8499,0.0012876226764526038,1.3785346903483008e-11,1.321664418905072e-06,0.9987110556453445,25,0,10
34,8500,0.0010495059198740615,8.081874015171863e-12,1.0244373877154293e-06,0.9989494696346577,25,0,10
34,8501,0.0007101941433879099,7.92394034158848e-12,8.442559013735083e-07,0.999288961592788,25,0,10
34,8502,0.0004898590596426384,8.019466832483227e-12,8.632172518401577e-07,0.9995092777150879,25,0,10
34,8503,0.0010652986979423093,1.7292246891168578e-11,1.5643467106530637e-06,0.998933136938056,25,0,10
34,8504,0.0011363900038257697,2.0553201050887352e-11,1.7805790092545416e-06,0.9988618293966133,25,0,10
34,8505,0.0014884492668484467,2.6638837961811817e-11,2.1876026257724514e-06,0.9985093631038885,25,0,10
34,8506,0.0011835013755110487,1.878136729188776e-11,1.5623032220632834e-06,0.9988149363024869,25,0,10
34,8507,0.0014590415737274598,1.8868819235043017e-11,1.7638724746404154e-06,0.9985391945349302,25,0,10
34,8508,0.0017738604397207031,2.8441582547631134e-11,2.33630082474204e-06,0.998223803231014,25,0,10
34,8509,0.0017608858456517695,2.275769381309935e-11,2.061140072884845e-06,0.9982370529915187,25,0,10
34,8510,0.0016435009419668272,2.182837668818286e-11,2.1555661935694495e-06,0.9983543434700127,25,0,10
34,8511,0.001646171860259563,2.2414871660682126e-11,2.1922757979797087e-06,0.9983516358415295,25,0,10
34,8512,0.0017303563380532264,2.029311081155539e-11,3.0457852610624504e-06,0.998266597856394,25,0,10
34,8513,0.0010811717293702072,1.1779242162946151e-11,2.10099405904496e-06,0.9989167272647929,25,0,10
34,8514,0.0013282011506625193,1.8156288663936126e-11,2.7288437426642213e-06,0.9986690699874398,25,0,10
34,8515,0.001383002522567777,1.9176097976633455e-11,2.923939553801577e-06,0.9986140735187026,25,0,10
34,8516,0.0011556653525940878,1.6235611046025337e-11,2.8039323242429073e-06,0.9988415306988471,25,0,10
34,8517,0.0011543413533512464,1.8040863909825314e-11,2.8146511152543705e-06,0.9988428439774936,25,0,10
34,8518,0.0012928649416242496,2.0765080074757252e-11,3.1096307817307667e-06,0.9987040254068293,25,0,10
34,8519,0.0008047725414682176,6.587500183256058e-12,7.8970358928796e-07,0.9991944377483561,25,0,10
34,8520,0.0010542308202291743,8.768790209328055e-12,1.25433631216391e-06,0.9989445148346904,25,0,10
34,8521,0.0010687466014507737,8.686388383952231e-12,1.2117244729806166e-06,0.9989300416653906,25,0,10
34,8522,0.0011969192793275238,4.332529689723758e-11,1.7331610001292134e-06,0.9988013475163483,25,0,10
34,8523,0.0013216402191704418,1.6941780133315318e-11,1.6100938018882834e-06,0.9986767496700868,25,0,10
34,8524,0.0021093512146156115,1.821828476207083e-11,2.17681380066923e-06,0.9978884719533663,25,0,10
34,8525,0.0033798630024551614,5.236938896091297e-11,4.683898548324842e-06,0.9966154530466284,25,0,10
34,8526,0.00362030547204431,5.503939946025475e-11,4.866701398802323e-06,0.9963748277715184,25,0,10
34,8527,0.0012403811409969676,1.9229623835236838e-11,1.4925417260572595e-06,0.9987581262980489,25,0,10
34,8528,0.0007849740235920091,2.252399231511583e-11,1.3804956141447754e-06,0.9992136454582703,25,0,10
34,8529,0.000568379376857192,1.7884336810245614e-11,1.3010050817659908e-06,0.9994303196001774,25,0,10
34,8530,0.0005599541763187497,1.3306325448989006e-11,1.1336399581453715e-06,0.9994389121704175,25,0,10
34,8531,0.0006441753267292737,1.1746818706420549e-11,1.1826241576110066e-06,0.9993546420373679,25,0,10
34,8532,0.0007846316494243437,1.609754627843345e-11,1.583576665100423e-06,0.9992137847578142,25,0,10
34,8533,0.0006592859792851966,1.2880842761852059e-11,1.217637793630335e-06,0.9993394963700424,25,0,10
34,8534,0.00041803358575437534,1.0068633199446193e-11,7.829477959815371e-07,0.9995811834563831,25,0,10
34,8535,0.00039503962894707636,9.472151709057357e-12,6.93438209202029e-07,0.9996042669233729,25,0,10
34,8536,0.0008375311989509351,1.1413312170025894e-11,9.298605064108569e-07,0.9991615389291311,25,0,10
34,8537,0.0010760362234041782,4.791503281845819e-11,1.2554175866379235e-06,0.9989227083110954,25,0,10
34,8538,0.001221674204329766,8.207903942399484e-11,2.603224822212351e-06,0.9987757224887699,25,0,10
34,8539,0.0012255781874841575,8.227247391896155e-11,2.641314670330242e-06,0.9987717804155746,25,0,10
34,8540,0.0007110739891592774,7.600524664395271e-11,2.1594360582552023e-06,0.999286766498778,25,0,10
34,8541,0.0008312410190737118,4.32161672794301e-11,1.6930596070436138e-06,0.9991670658781042,25,0,10
34,8542,0.00046292858834615195,7.810175388520141e-12,7.818937890473557e-07,0.9995362895100558,25,0,10
34,8543,0.001386095928607074,8.987257733529115e-12,1.2302907831433904e-06,0.9986126737716233,25,0,10
34,8544,0.0016717128890703897,1.2364034423367483e-11,2.2357399220522605e-06,0.9983260513586453,25,0,10
34,8545,0.0015377870570230442,8.474592246757692e-12,1.1901629134889634e-06,0.9984610227715899,25,0,10
34,8546,0.003120608753052362,1.7909788937680265e-11,1.026556606602701e-05,0.9968691256629735,25,0,10
34,8547,0.0035628527029899952,1.6902170986897744e-11,1.042753889272101e-05,0.9964267197412169,25,0,10
34,8548,0.0033089141486012104,1.377105903443289e-11,1.0156557190845894e-05,0.9966809292804387,25,0,10
34,8549,0.0033060017807882407,1.3788470417690082e-11,1.017218869072434e-05,0.9966838260167344,25,0,10
34,8550,0.0019264660482669475,9.67870607150037e-12,2.195491130649176e-06,0.9980713384509251,25,0,10
34,8551,0.0012481498013417,1.0642607020514886e-11,1.8502870535992098e-06,0.9987499999009636,25,0,10
34,8552,0.0014613610109116657,9.957235144352118e-12,1.1542385359538491e-06,0.9985374847405963,25,0,10
34,8553,0.0014684808587295173,9.106504917257854e-12,1.10914127873058e-06,0.9985304099908864,25,0,10
34,8554,0.0012660892250753,8.34187149656423e-12,9.82113771558762e-07,0.9987329286528118,25,0,10
34,8555,0.0015402638134415297,1.1323625273424028e-11,1.4521912804770485e-06,0.998458283983955,25,0,10
34,8556,0.004228646348128394,1.3825176944059428e-10,7.159029575600225e-06,0.9957641944840447,25,0,10
34,8557,0.00466486778131837,1.3690439612589616e-10,7.436589476186009e-06,0.9953276954923018,25,0,10
34,8558,0.003984519444157248,1.335494347533535e-10,7.003253418403919e-06,0.996008477168876,25,0,10
34,8559,0.004920338090546353,2.4138474748894147e-11,6.206776227597862e-06,0.9950734551090885,25,0,10
34,8560,0.004441773496333787,1.9216092382797327e-11,5.823452174619299e-06,0.9955524030322764,25,0,10
34,8561,0.0043745663687366695,1.61217773564403e-11,5.4847124879754205e-06,0.9956199489026548,25,0,10
34,8562,0.004380754378991005,1.8796712954750127e-11,5.606273195076552e-06,0.9956136393290184,25,0,10
34,8563,0.000802494599766029,1.6202845916382862e-11,9.42464933658464e-07,0.999196562919099,25,0,10
34,8564,0.00058792381015745,1.573313157466748e-11,9.003606549222718e-07,0.9994111758134564,25,0,10
34,8565,0.004134196728608002,7.708126839948886e-11,5.743250275756266e-06,0.995860059944036,25,0,10
34,8566,0.004384442857085455,7.879771797990007e-11,6.022261546055495e-06,0.9956095348025716,25,0,10
34,8567,0.0008258436764492807,1.9360579642326027e-11,1.2510990465406917e-06,0.9991729052051447,25,0,10
34,8568,0.0006162514369344876,1.345593723479629e-10,1.162490012577921e-06,0.9993825859384949,25,0,10
34,8569,0.0007841036504307712,1.7282575187092646e-11,4.484653021064581e-06,0.999211411679267,25,0,10
34,8570,0.0007948555927084864,1.5211512694271004e-11,8.760040734005952e-06,0.9991963843513471,25,0,10
34,8571,0.000519945915446249,1.3564147712415842e-10,5.733705863862068e-06,0.9994743202430495,25,0,10
34,8572,0.0005169244725644826,1.341066597644353e-10,5.64563855051215e-06,0.9994774297547794,25,0,10
34,8573,0.0011927761223821656,1.876136906654464e-09,1.4731617028231987e-05,0.9987924903844538,25,0,10
34,8574,0.0008100000287509875,1.389362647961743e-10,5.930647340124582e-06,0.9991840691849735,25,0,10
34,8575,0.0012282874295108045,2.006559537399587e-10,9.01864007757879e-06,0.9987626937297566,25,0,10
34,8576,0.0012235686780575025,2.005588571376837e-10,9.009409927562174e-06,0.9987674217114574,25,0,10
34,8577,0.0011294034017770478,7.581740804240738e-11,8.499190073844896e-06,0.9988620973323331,25,0,10
34,8578,0.0006593947711034566,7.313400412961254e-11,8.154172592317347e-06,0.9993324509831721,25,0,10
34,8579,0.0006168176042121804,7.172400410148769e-11,8.057479005816953e-06,0.9993751248450593,25,0,10
34,8580,0.000357828791882873,5.788396607773319e-12,4.885985859748359e-06,0.9996372852164706,25,0,10
34,8581,0.0005876539206207948,1.020616295959928e-11,8.951889389832414e-07,0.9994114508802358,25,0,10
34,8582,0.0005683536420465097,9.547745280473462e-12,8.204390301578926e-07,0.9994308259093775,25,0,10
34,8583,0.0004559502845680962,8.362170798013612e-12,3.50951762147956e-06,0.9995405401894497,25,0,10
34,8584,0.0003501785969316223,7.903115584693146e-12,5.809994716003889e-07,0.9996492403956954,25,0,10
34,8585,0.0007099355386298167,2.046508125099349e-11,1.2938721045308271e-06,0.9992887705688025,25,0,10
34,8586,0.0006375636830637463,1.9753055810331834e-11,1.1067625126672749e-06,0.9993613295346723,25,0,10
34,8587,0.0006400854242039563,1.773431629814613e-11,1.1763912394626144e-06,0.9993587381668234,25,0,10
34,8588,0.0009433990835323205,2.050061458971728e-11,1.492054921664272e-06,0.9990551088410463,25,0,10
34,8589,0.0010277675119669497,2.382480575014515e-11,1.7772572840104873e-06,0.998970455206925,25,0,10
34,8590,0.0008138322377954302,5.345011576967835e-11,1.8219373950559994e-06,0.9991843457713604,25,0,10
34,8591,0.0006365095857037221,5.0406376610563516e-11,1.6427868249488974e-06,0.999361847577066,25,0,10
34,8592,0.0005428593832240276,1.6994394243555545e-11,1.2322539960157976e-06,0.9994559083457866,25,0,10
34,8593,0.00048421769281163776,1.2644568698699751e-11,9.200910492207606e-07,0.9995148622034956,25,0,10
34,8594,0.0004534020201828825,1.164765441628668e-11,1.013580326959949e-06,0.999545584387844,25,0,10
34,8595,0.00043901189569182724,1.1207358187740257e-11,1.016835710664359e-06,0.9995599712573912,25,0,10
34,8596,0.0008326541017695804,1.0253551034317473e-11,1.1348759374967012e-06,0.9991662110120398,25,0,10
34,8597,0.0010618859504855358,1.2372109068513167e-11,1.317520279757484e-06,0.9989367965168633,25,0,10
34,8598,0.0010604310561692287,1.3534064690235866e-11,1.3275934734748623e-06,0.9989382413368243,25,0,10
34,8599,0.001286148262238351,1.5903986313249752e-11,1.3819837614775524e-06,0.9987124697380974,25,0,10
34,8600,0.0008132153341463993,1.3584704659134232e-11,1.1010074315575818e-06,0.9991856836448387,25,0,10
34,8601,0.0011617845641698598,2.7885325332511216e-11,1.7808183829926292e-06,0.9988364345895622,25,0,10
34,8602,0.00106604288397081,2.5918538169375795e-11,1.9092068913829033e-06,0.9989320478832195,25,0,10
34,8603,0.0008864677117446689,2.342181330193144e-11,1.90974052085829e-06,0.9991116225243134,25,0,10
34,8604,0.00201786189100973,2.5802439946566563e-11,2.4575953818913625e-06,0.9979796804878063,25,0,10
34,8605,0.0008682206204145583,2.100316977908417e-11,3.2638499826572317e-06,0.9991285155086004,25,0,10
34,8606,0.0019606063432498436,3.011601451323475e-11,5.648558004458258e-06,0.99803374506863,25,0,10
34,8607,0.0021939083464758064,3.219974971402143e-11,7.16950883097465e-06,0.9977989221124942,25,0,10
34,8608,0.0016987129658636354,1.8981264480839633e-11,4.8556692428543e-06,0.9982964313459136,25,0,10
34,8609,0.0017292263138915212,2.1337971153621818e-11,5.048613749666066e-06,0.9982657250510214,25,0,10
34,8610,0.0006033749110767102,1.3551510081686729e-11,9.525266230631834e-07,0.9993956725487497,25,0,10
34,8611,0.000610616532944899,1.1449392004858963e-11,9.385311504654158e-07,0.9993884449244571,25,0,10
34,8612,0.0009799152102840478,1.323057171988015e-11,1.3168800474266124e-06,0.9990187678964396,25,0,10
34,8613,0.0005058413445864889,9.215207169815645e-12,7.891572766611757e-07,0.999493369488923,25,0,10
34,8614,0.00040718956425973314,7.13412822516509e-12,7.577736754373133e-07,0.9995920526549322,25,0,10
34,8615,0.0008510533766875257,8.067354828050652e-12,1.6502458284698866e-06,0.9991472963694179,25,0,10
34,8616,0.000605944897233746,8.031962951444331e-12,1.550459601301625e-06,0.9993925046351344,25,0,10
34,8617,0.0005166448476813812,1.2443643256841421e-11,1.1736907404868785e-06,0.9994821814491359,25,0,10
34,8618,0.010621687147252108,3.350773557510888e-11,5.674289248718313e-06,0.9893726385299927,25,0,10
34,8619,0.010846298592982887,3.812098645156891e-11,5.800075813506962e-06,0.9891479012930837,25,0,10
34,8620,0.010910863569631246,3.7784518725172636e-11,6.067242583715869e-06,0.989083069150002,25,0,10
34,8621,0.0004098495570190104,8.514791105840719e-12,7.290602038090376e-07,0.9995894213742634,25,0,10
34,8622,0.00040031006783204876,8.042220520838214e-12,6.498710725296854e-07,0.9995990400530549,25,0,10
34,8623,0.0004257139004827623,1.0624035097536554e-11,7.968862023593969e-07,0.9995734892026925,25,0,10
34,8624,0.0004106239023845576,8.439216877859996e-12,6.827330934303749e-07,0.9995886933560842,25,0,10
34,8625,0.0007329362088376841,1.620004165917748e-11,1.1721846369420325e-06,0.9992658915903266,25,0,10
34,8626,0.0014181462745573741,1.7809299634999295e-11,1.4851867833435053e-06,0.9985803685208512,25,0,10
34,8627,0.0021757628990970706,2.2255121029393883e-11,5.097061908351267e-06,0.997819140016741,25,0,10
34,8628,0.001352736795753477,1.784015255506988e-11,1.2982900541852688e-06,0.9986459648963532,25,0,10
34,8629,0.0010686647763100043,1.1731615071748618e-11,9.104337573775238e-07,0.998930424778202,25,0,10
34,8630,0.001050048887859116,1.168727830138175e-11,9.069081641030738e-07,0.9989490441922907,25,0,10
34,8631,0.0011641532580632281,1.3599264682829313e-11,1.1358533997247858e-06,0.9988347108749385,25,0,10
34,8632,0.001481565762900402,2.162053528858061e-11,1.6234528580530184e-06,0.9985168107626217,25,0,10
34,8633,0.0010378178209296681,1.8101110428535032e-11,1.4430596084030528e-06,0.9989607391013618,25,0,10
34,8634,0.001480677143580766,2.0213863062688026e-11,1.7637553584979703e-06,0.9985175590808478,25,0,10
34,8635,0.0013861590758721873,2.2759039179530303e-11,5.76671555447006e-06,0.9986080741858154,25,0,10
34,8636,0.0016218828152540984,8.446199047311453e-11,8.421338269428815e-06,0.9983696957620157,25,0,10
34,8637,0.0013707096240568107,8.075838805078403e-11,8.199361920894208e-06,0.9986210909332651,25,0,10
34,8638,0.0017673882800637775,8.333997519736437e-11,8.409668976957797e-06,0.9982242019676204,25,0,10
34,8639,0.0014526873141761736,7.594588530940984e-11,3.1710693775981516e-06,0.9985441415405014,25,0,10
34,8640,0.0018148727372208503,8.462398376086519e-11,4.127848907292309e-06,0.9981809993292486,25,0,10
34,8641,0.0033633101072658863,8.932193766349463e-11,4.954956024384028e-06,0.9966317348473894,25,0,10
34,8642,0.0011209590761299926,1.6508452100817824e-11,2.7872187010946773e-06,0.998876253688662,25,0,10
34,8643,0.0011194953668768903,1.4335950444731518e-11,1.258929431532658e-06,0.9988792456893572,25,0,10
34,8644,0.0010544711191245836,1.0648711558331046e-11,1.04146208574679e-06,0.9989444874081426,25,0,10
34,8645,0.001049116725714408,1.0485266803318793e-11,1.0282944825698493e-06,0.998949854969319,25,0,10
34,8646,0.0004844861707415675,9.020417369496415e-12,9.098698883127e-07,0.9995146039503514,25,0,10
34,8647,0.0005205460868828211,9.133791948275012e-12,1.011960159500022e-06,0.9994784419438257,25,0,10
34,8648,0.0005111320324888359,9.23699730646014e-12,1.0585755127875617e-06,0.999487809382763,25,0,10
34,8649,0.0003202503288943365,5.691071575129222e-12,5.293201147714419e-07,0.9996792203453017,25,0,10
34,8650,0.0003211698085637063,5.5663822082626e-12,4.949442707421012e-07,0.999678335241601,25,0,10
34,8651,0.006017974075442178,1.1184507872327534e-11,6.100563150116091e-06,0.9939759253502245,25,0,10
34,8652,0.0003392372254853312,5.254735473980772e-12,4.822368195053987e-07,0.9996602805324422,25,0,10
34,8653,0.0003378776152388765,5.144404418432079e-12,4.77974497722234e-07,0.9996616444051201,25,0,10
34,8654,0.00034929769983075323,6.093291556558147e-12,5.44847653580824e-07,0.9996501574464238,25,0,10
34,8655,0.000574601834887598,5.192685069277992e-12,6.898407499916213e-07,0.9994247083191712,25,0,10
34,8656,0.0015037481910616288,9.518027699468314e-12,1.2266079135819178e-06,0.9984950251915076,25,0,10
34,8657,0.0013975062607446574,1.0843099759250095e-11,1.3371942943002166e-06,0.9986011565341189,25,0,10
34,8658,0.0008440574882004801,9.799009989441172e-12,2.0628335600471566e-06,0.9991538796684414,25,0,10
34,8659,0.0007285280780164288,7.806274668146653e-12,1.8211404774128712e-06,0.999269650773701,25,0,10
34,8660,0.0010170160475201668,8.028929145423846e-12,2.129863629952817e-06,0.9989808540808214,25,0,10
34,8661,0.001519628411458957,1.7454522666569436e-11,2.7324594639553906e-06,0.9984776391116238,25,0,10
34,8662,0.0014490412097016155,4.82715786468173e-11,2.5441745108295936e-06,0.9985484145675168,25,0,10
34,8663,0.0016723172709977915,8.050725802761313e-11,4.669877912885548e-06,0.9983230127705827,25,0,10
34,8664,0.0012722912801931493,8.422246765231067e-11,4.739728199485603e-06,0.998722968907386,25,0,10
34,8665,0.001123334609834494,7.801428143192151e-11,4.6551083898211675e-06,0.9988720102037633,25,0,10
34,8666,0.0009545512312264296,7.511199379168459e-11,4.1546666624240634e-06,0.9990412940270005,25,0,10
34,8667,0.0009679166691606122,7.510641723252746e-11,4.1558086585632e-06,0.9990279274470759,25,0,10
34,8668,0.0017088907929439401,1.1102464021794518e-10,6.8189357063925275e-06,0.9982842901603266,25,0,10
34,8669,0.0011556724643355279,4.691908298397808e-11,3.482198787525084e-06,0.99884084528996,25,0,10
34,8670,0.0006606211857306899,1.27679092716952e-11,1.0079525840414054e-06,0.9993383708489195,25,0,10
34,8671,0.0009404881724122592,1.3421364663811586e-11,1.4335195630140237e-06,0.9990580782946052,25,0,10
34,8672,0.01707506914102808,2.0729473284639303e-10,6.976995188397118e-05,0.9828551606997954,25,0,10
34,8673,0.01667214271081401,2.051827104208892e-10,6.955825446977484e-05,0.9832582988295353,25,0,10
34,8674,0.016601658807138632,2.028437851221657e-10,6.935997530414509e-05,0.983328981014715,25,0,10
34,8675,0.01730014407177658,2.1029620393070604e-10,6.987502445253873e-05,0.9826299806934761,25,0,10
34,8676,0.0008631448047990885,9.958105512739096e-12,1.210711182728297e-06,0.9991356444740614,25,0,10
34,8677,0.0005856274575831385,7.920941545891529e-12,7.088413595054145e-07,0.9994136636931374,25,0,10
34,8678,0.000370581767558347,7.65245267877379e-12,5.547405777328719e-07,0.9996288634842128,25,0,10
34,8679,0.000372115662944126,7.620896329326646e-12,6.570174223440271e-07,0.9996272273120141,25,0,10
34,8680,0.0010598544316668236,9.617360054227425e-12,6.629091677151565e-06,0.9989335164670394,25,0,10
34,8681,0.0012982697973519983,1.6165343422416324e-11,1.3483495651253412e-06,0.9987003818369186,25,0,10
34,8682,0.0010663548699960126,1.4380586515165425e-11,1.1209756497440863e-06,0.9989325241399744,25,0,10
34,8683,0.0013554089768515794,1.3525268962425927e-11,1.295471044820372e-06,0.9986432955385793,25,0,10
34,8684,0.00115550196125355,1.4140006575107429e-11,1.186976728372932e-06,0.998843311047879,25,0,10
34,8685,0.011304388200672554,1.3466809029140196e-11,2.815477011560103e-06,0.98869279630885,25,0,10
34,8686,0.006301613931217765,1.3833015757341895e-11,7.4589620969984e-06,0.9936909270928526,25,0,10
34,8687,0.006233774111081335,1.3688700467020113e-11,7.3656817677541025e-06,0.9937588601934627,25,0,10
34,8688,0.006274450216240585,1.0967402978041184e-11,5.587405235578312e-06,0.9937199623675573,25,0,10
34,8689,0.0066860928591693045,4.600372578565544e-11,8.242587447907855e-06,0.99330566450738,25,0,10
34,8690,0.00628051751834245,1.1594021790773334e-11,5.574482063207398e-06,0.993713907988001,25,0,10
34,8691,0.0008200480784802825,1.4810752490190704e-11,1.2244612350634597e-06,0.9991787274454756,25,0,10
34,8692,0.0011196745211317332,7.781211612204989e-11,1.4704529190348367e-06,0.9988788549481389,25,0,10
34,8693,0.0011364843311301484,7.933787801668784e-11,1.5096391862254486e-06,0.9988620059503472,25,0,10
34,8694,0.0010388739709625066,7.415550443194536e-11,1.1881383369184506e-06,0.9989599378165464,25,0,10
34,8695,0.00035324750844445017,6.719441649252537e-11,5.57173428240557e-07,0.9996461952509342,25,0,10
34,8696,0.0008040521773562782,7.40336158542044e-12,7.442734698356613e-07,0.9991952035417717,25,0,10
34,8697,0.0004265541883177009,9.570309281211492e-12,7.267977101418354e-07,0.9995727190044031,25,0,10
34,8698,0.0004359174870108838,1.2432415386967e-11,8.790218350393842e-07,0.9995632034787224,25,0,10
34,8699,0.0007149437830881203,1.798734019315529e-11,1.2586674163418787e-06,0.9992837975315093,25,0,10
34,8700,0.0005718131672174596,1.7488688944862837e-11,1.2445307587804236e-06,0.9994269422845353,25,0,10
34,8701,0.0014353537006655877,5.33377954497251e-11,8.5308535143493e-06,0.9985561153924831,25,0,10
34,8702,0.0011439181894649126,2.301372068778792e-11,1.8179075003544455e-06,0.9988542638800214,25,0,10
34,8703,0.0007226750369383132,2.2552157268060392e-11,1.7650227455148409e-06,0.9992755599177654,25,0,10
34,8704,0.001154338945951583,2.098210606521119e-11,1.839665750003144e-06,0.998843821367318,25,0,10
34,8705,0.0006030085680170079,1.4117367439646466e-11,1.2835400910053993e-06,0.9993957078777769,25,0,10
34,8706,0.0009353840401708295,1.5056986774465416e-11,1.2104549402170159e-06,0.9990634054898335,25,0,10
34,8707,0.0013939064080627514,1.5039748368879996e-11,1.4332304134609685e-06,0.9986046603464861,25,0,10
34,8708,0.002101161225836826,2.6157781300086365e-11,2.159581230802893e-06,0.9978966791667756,25,0,10
34,8709,0.001556233312798864,1.512490990624858e-11,1.6183453557722341e-06,0.998442148326722,25,0,10
34,8710,0.001561240510576169,1.8791626592960182e-11,1.5712667972931994e-06,0.9984371882038363,25,0,10
34,8711,0.0014986598474587601,1.493808758104426e-11,1.3788289400948963e-06,0.9984999613086646,25,0,10
34,8712,0.0015039445817973732,1.5023237647254332e-11,1.3885321985422163e-06,0.9984946668709824,25,0,10
34,8713,0.0008097019317540436,7.626998551818227e-12,8.809881833613558e-07,0.999189417072437,25,0,10
34,8714,0.0008226250825034276,3.972215203455689e-11,1.0166706394628421e-06,0.9991763582071368,25,0,10
34,8715,0.0014770735028427986,1.0052439061651032e-10,2.99023797769903e-06,0.9985199361586572,25,0,10
34,8716,0.001028946850193314,1.2519112331224968e-11,9.94501738260946e-07,0.9989700586355506,25,0,10
34,8717,0.0010240265062652866,1.2581923420328591e-11,9.995849044132384e-07,0.9989749738962496,25,0,10
34,8718,0.00033186864678362723,7.857644507631744e-12,7.262336791355448e-07,0.9996674051116817,25,0,10
34,8719,0.0003513683100801595,1.0499254828061586e-11,7.64236808920635e-07,0.999647867442613,25,0,10
34,8720,0.0004107204485713803,6.984007907781535e-11,2.2659856707870286e-06,0.9995870134959185,25,0,10
34,8721,0.0009039735831944341,7.741748271006141e-11,2.9356023504228653e-06,0.9990930907370387,25,0,10
34,8722,0.0008971294638091278,7.374030052142315e-11,2.8014481398103897e-06,0.9991000690143119,25,0,10
34,8723,0.00040550578641310083,6.681030459184851e-11,2.2519977555288677e-06,0.9995922421490221,25,0,10
34,8724,0.0004147201712348337,6.667194276492633e-11,2.2949029618984282e-06,0.9995829848591319,25,0,10
34,8725,0.00033724276544062036,5.159114448909995e-12,5.824630749011468e-07,0.9996621747663267,25,0,10
34,8726,0.00033757899792085245,5.268083535410793e-12,5.560131479715254e-07,0.9996618649836643,25,0,10
34,8727,0.0005704138578487869,8.512014769072848e-12,8.377527645308988e-07,0.9994287483808759,25,0,10
34,8728,0.00035776453383231467,5.4627361841680176e-12,5.397776791431576e-07,0.9996416956830267,25,0,10
34,8729,0.0006548685527265068,1.6953786809187668e-11,9.585469106555643e-07,0.99934417288341,25,0,10
34,8730,0.00134864219207375,1.659184037211966e-11,1.3170963775713582e-06,0.9986500406949582,25,0,10
34,8731,0.0013924125246029878,2.1767205960063994e-11,1.5375033268273243e-06,0.9986060499503044,25,0,10
34,8732,0.0006563197005231741,1.6965656919359226e-11,1.0073072875292335e-06,0.9993426729752243,25,0,10
34,8733,0.001445817297827743,2.3275075946266264e-11,1.8532627498376995e-06,0.9985523294161481,25,0,10
34,8734,0.0013909249061507725,1.796715340432083e-11,2.45153457824731e-06,0.9986066235413056,25,0,10
34,8735,0.0013806849778051,1.6938127294952864e-11,2.5081505949402096e-06,0.9986168068546631,25,0,10
34,8736,0.001155746334571449,1.4777956369727124e-11,2.3033600937041205e-06,0.9988419502905583,25,0,10
34,8737,0.0011319290046406902,1.3407652925148836e-11,2.2456921945966257e-06,0.9988658252897588,25,0,10
34,8738,0.0004011037433959143,8.926363101662589e-12,1.657239113083114e-06,0.999597239008566,25,0,10
34,8739,0.0010917704214427923,1.6313978975396708e-11,2.4299755677379156e-06,0.9989057995866772,25,0,10
34,8740,0.001801719324148616,1.6554677905118974e-11,2.705337862922106e-06,0.9981955753214359,25,0,10
34,8741,0.005032200857152337,2.0585596067302653e-11,6.7820211514300825e-06,0.994961017101112,25,0,10
34,8742,0.0019470867230594136,1.9416496939574482e-11,3.0719848083518993e-06,0.9980498412727162,25,0,10
34,8743,0.0021693722193242347,1.938762471018158e-11,2.9786684758930875e-06,0.9978276490928143,25,0,10
34,8744,0.0014750647033166845,1.860359957021669e-11,2.6597872851205657e-06,0.9985222754907964,25,0,10
34,8745,0.001712162503417293,1.8513076764170085e-11,1.8633129357608675e-06,0.9982859741651359,25,0,10
34,8746,0.0020047371066605657,1.0291884244814226e-10,4.295673282775626e-06,0.9979909671171397,25,0,10
34,8747,0.0020053315296638453,1.0242451070935312e-10,4.252957675082855e-06,0.9979904154102386,25,0,10
34,8748,0.0010633843032955366,1.1192572211484084e-11,9.99090882439086e-07,0.9989356165946313,25,0,10
34,8749,0.00036486087448816173,7.344720354127925e-12,5.64509109150966e-07,0.9996345746090598,25,0,10
34,8750,0.0011443444072024814,8.974391162078536e-12,1.0212225630678995e-06,0.9988546343612614,25,0,10
34,8751,0.0012091862913978803,9.168414997103787e-12,1.2314668429648472e-06,0.9987895822325917,25,0,10
34,8752,0.0005082460733583872,6.3953779643511904e-12,9.608155041704799e-07,0.999490793104743,25,0,10
34,8753,0.0008182933414639666,1.5248385288190838e-11,1.4536714435055137e-06,0.9991802529718459,25,0,10
34,8754,0.0008198564227887491,1.4720079701842877e-11,1.4513970546174227e-06,0.999178692165438,25,0,10
34,8755,0.0007627792147251723,1.5438393990191626e-11,1.3711893830504798e-06,0.9992358495804545,25,0,10
34,8756,0.0009022183846894769,1.5477241997796968e-11,1.6161403556932863e-06,0.999096165459479,25,0,10
34,8757,0.0005894168919522925,7.980417315582753e-12,7.519974749532366e-07,0.9994098311025938,25,0,10
34,8758,0.0006282310649055091,8.16508716150988e-12,8.398092897689055e-07,0.9993709291176411,25,0,10
34,8759,0.0004053656693506999,8.044712715740612e-12,7.381792464431141e-07,0.999593896143359,25,0,10
34,8760,0.000403894587969914,6.934838194173971e-12,7.054673139754279e-07,0.9995953999377825,25,0,10
34,8761,0.0010354014596292657,1.474768472480666e-11,1.1622905820129948e-06,0.9989634362350422,25,0,10
34,8762,0.0010813286018585163,1.7758000314403067e-11,1.2772786576411711e-06,0.9989173941017266,25,0,10
34,8763,0.00040971952306794173,1.2058086288457336e-11,8.215948971285487e-07,0.9995894588699781,25,0,10
34,8764,0.00039678637303325423,1.1001387155345608e-11,7.946419653540495e-07,0.9996024189740017,25,0,10
34,8765,0.0009812443928214633,1.2734676098293467e-11,1.2554376064538819e-06,0.999017500156839,25,0,10
34,8766,0.0009136995834301782,9.76727305202672e-12,1.0428099777080758e-06,0.9990852575968263,25,0,10
34,8767,0.00046259099847207496,8.233417923847892e-12,8.968004960941086e-07,0.9995365121928004,25,0,10
34,8768,0.00039769634952342166,8.074876604915311e-12,7.156827142144259e-07,0.9996015879596892,25,0,10
34,8769,0.0014424793764093646,2.1070695083153926e-11,1.7275813977896803e-06,0.9985557930211238,25,0,10
34,8770,0.0009479642905193776,2.1780123849920226e-11,1.480798374722906e-06,0.9990505548893275,25,0,10
34,8771,0.0008862736803005253,1.9352107832600863e-11,1.2595238184066867e-06,0.9991124667765309,25,0,10
34,8772,0.0006228350438495412,2.4674772059177637e-11,3.809444891551678e-06,0.9993733554865858,25,0,10
34,8773,0.0015270382790739084,2.5708208286706646e-11,4.374216719689908e-06,0.9984685874784993,25,0,10
34,8774,0.0037044578918655493,1.580911300931344e-11,8.801957708977638e-06,0.9962867401346184,25,0,10
34,8775,0.0034766100830636087,8.55182309970619e-12,5.889928969387584e-06,0.9965174999794161,25,0,10
34,8776,0.0034683614719760525,8.567956875326547e-12,5.871772032607611e-06,0.9965257667474247,25,0,10
34,8777,0.00440993724437463,1.0613355393458523e-10,9.240113700118812e-06,0.9955808225357927,25,0,10
34,8778,0.0037160481800914465,4.198580231168677e-11,6.2667948347337605e-06,0.996277684983089,25,0,10
34,8779,0.003724667586171141,4.0988022403657593e-11,6.193889364139303e-06,0.9962691384834781,25,0,10
34,8780,0.000846240406676557,4.1958653743744e-11,1.1875024307679736e-06,0.9991525720489358,25,0,10
34,8781,0.0008592287650647704,4.4565212776664734e-11,2.0911409027970225e-06,0.9991386800494685,25,0,10
34,8782,0.0019241069070965412,7.816995411128478e-11,3.2464427202812047e-06,0.9980726465720146,25,0,10
34,8783,0.002162328608765529,8.187072859249172e-11,3.382175491298767e-06,0.9978342891338738,25,0,10
34,8784,0.00214661243299986,7.715424466106187e-11,3.234584429602031e-06,0.9978501529054178,25,0,10
34,8785,0.002148962648962764,7.703528820419882e-11,3.266539555306625e-06,0.9978477707344482,25,0,10
34,8786,0.0005353486106626503,1.475367631644264e-11,1.0411357210454282e-06,0.999463610238864,25,0,10
34,8787,0.00034566179771806704,6.2033524923663605e-12,5.333391692877826e-07,0.9996538048569107,25,0,10
34,8788,0.0012098451386655515,1.3716020295702825e-11,1.4540789005695702e-06,0.9987887007687193,25,0,10
34,8789,0.0010334717914342482,9.560020216820334e-12,1.0515804198187023e-06,0.9989654766185874,25,0,10
34,8790,0.0010640801981633636,1.1324583477731777e-11,1.0710134155940833e-06,0.9989348487770978,25,0,10
34,8791,0.0008018517213576673,7.872941560635602e-12,7.54864916861594e-07,0.9991973934058543,25,0,10
34,8792,0.0013602284906840132,8.476291312178583e-12,2.3965609443024656e-06,0.9986373749398968,25,0,10
34,8793,0.00035572886640675166,6.370319588087378e-12,5.27801825019124e-07,0.9996437433253985,25,0,10
34,8794,0.0008172798103326445,1.2082870789324636e-11,9.57788634195946e-07,0.9991817623889508,25,0,10
34,8795,0.0006454928989059957,1.204553982209385e-11,9.728497476938373e-07,0.9993535342393015,25,0,10
34,8796,0.0009247497559412902,1.6493904887885537e-11,1.3075740714324957e-06,0.9990739426534944,25,0,10
34,8797,0.0013169062841831966,1.4895727451050412e-11,2.1011639956345508e-06,0.9986809925369263,25,0,10
34,8798,0.0013048279888316443,1.4845682975691974e-11,2.7103707176377196e-06,0.998692461625607,25,0,10
34,8799,0.0008953367659281769,1.3077857038406014e-11,1.752247445733873e-06,0.9991029109735493,25,0,10
34,8800,0.0011235483335330497,1.118949545478652e-11,1.8735667954167403e-06,0.9988745780884836,25,0,10
34,8801,0.0010582962415454785,8.675395912445764e-12,8.849461065153136e-07,0.9989408188036741,25,0,10
34,8802,0.0011365534472835867,1.2310214980553356e-11,1.0877598357136673e-06,0.9988623587805715,25,0,10
34,8803,0.00042423196872686816,9.939616764571275e-12,7.088035809632925e-07,0.9995750592177537,25,0,10
34,8804,0.0005837958638721615,9.689597013971773e-12,1.1429617015566395e-06,0.999415061164737,25,0,10
34,8805,0.0007100948096602385,1.3274993105180757e-11,2.505014396971451e-06,0.9992874001626688,25,0,10
34,8806,0.0007073122691078784,1.3213512780835955e-11,2.4933087506354773e-06,0.999290194408929,25,0,10
34,8807,0.0009619245809156288,1.7434125058107355e-11,2.765159687266369e-06,0.9990353102419648,25,0,10
34,8808,0.0010807006667252802,2.024511925345359e-11,3.090672018026586e-06,0.9989162086410129,25,0,10
34,8809,0.0007292502437013279,1.5773052618018232e-11,2.7568600068035397e-06,0.9992679928805203,25,0,10
34,8810,0.0007254739505068522,1.5561350058382685e-11,1.4834112545771272e-06,0.9992730426226784,25,0,10
34,8811,0.0007338352297737202,1.0768054550000672e-11,1.040709888357464e-06,0.9992651240495714,25,0,10
34,8812,0.0009629742825010523,1.5952634064470404e-11,1.3886338866502801e-06,0.9990356370676612,25,0,10
34,8813,0.0013144905129058237,1.8242101020181754e-11,1.6922260568004293e-06,0.9986838172427973,25,0,10
34,8814,0.0010316471958235378,1.3760960100507094e-11,1.2234735298187277e-06,0.9989671293168876,25,0,10
34,8815,0.0008544657644538123,1.121976832781888e-11,1.0274244192914408e-06,0.9991445067999086,25,0,10
34,8816,0.0011026375912563907,1.2327028046942977e-11,1.2501542042037188e-06,0.9988961122422136,25,0,10
34,8817,0.0020891722608234998,2.1395855585858013e-11,3.6531710169870483e-06,0.9979071745467651,25,0,10
34,8818,0.0018439986672413816,1.9540027125690182e-11,3.1366655563783908e-06,0.9981528646476627,25,0,10
34,8819,0.001604662298847757,1.479826128229813e-11,2.9173583226387607e-06,0.9983924203280324,25,0,10
34,8820,0.0013573426559302622,1.4659579413936317e-11,2.760597989906073e-06,0.998639896731422,25,0,10
34,8821,0.0013007321886825277,1.803842037741402e-11,4.523425829069714e-06,0.9986947443674516,25,0,10
34,8822,0.0008315937997646133,1.8498634422843065e-11,2.9642326885146178e-06,0.9991654419490503,25,0,10
34,8823,0.0008397761819527138,1.8517016923377137e-11,2.9639191745405934e-06,0.9991572598803576,25,0,10
34,8824,0.0009569223613386604,1.9138105203963193e-11,2.6766432273975296e-06,0.999040400976298,25,0,10
34,8825,0.0042909282110855365,2.3180327280437546e-11,7.582711185431129e-06,0.9957014890545505,25,0,10
34,8826,0.0014208129268776786,2.192167583706454e-11,3.018462358550021e-06,0.9985761685888435,25,0,10
34,8827,0.0015906355104439661,2.400696066980909e-11,3.30341604727465e-06,0.9984060610495029,25,0,10
34,8828,0.0007604194641703518,4.234681426143788e-11,1.4071514687173528e-06,0.9992381733420156,25,0,10
34,8829,0.0008177421261927372,1.2392895002794382e-11,1.5680276289892626e-06,0.9991806898337867,25,0,10
34,8830,0.001083863379200935,1.3110831267556521e-11,1.7779903647268978e-06,0.9989143586173248,25,0,10
34,8831,0.001313160153981124,1.5216928092350267e-11,1.9025143508749805e-06,0.9986849373164517,25,0,10
34,8832,0.001144283485872529,1.407750583654191e-11,1.4197855635907072e-06,0.9988542967144873,25,0,10
34,8833,0.0015232735328626372,1.1938992857993584e-11,1.396831415299901e-06,0.9984753296237845,25,0,10
34,8834,0.0016382130641673647,1.2044839577634616e-11,1.5942887707883662e-06,0.9983601926350186,25,0,10
34,8835,0.0011429346077762009,1.3422809479850336e-11,1.3639239376181245e-06,0.9988557014548651,25,0,10
34,8836,0.000734482045579183,9.190908877638296e-12,1.0208958448420352e-06,0.9992644970493868,25,0,10
34,8837,0.0007338894521877015,1.0353719753321192e-11,1.0952491829687433e-06,0.9992650152882772,25,0,10
34,8838,0.0011198392851679909,1.6406079232227577e-11,1.7014442378438161e-06,0.9988784592541893,25,0,10
34,8839,0.0008495418753107086,4.612507803106025e-11,1.1560616748234468e-06,0.999149302016891,25,0,10
34,8840,0.0008358406751833054,4.500795975497056e-11,1.0346462458871365e-06,0.9991631246335647,25,0,10
34,8841,0.0008306544768442542,4.415263615663438e-11,1.0581762074392936e-06,0.9991682873027976,25,0,10
34,8842,0.0008253466136789397,4.355810433987607e-11,9.740711060436003e-07,0.9991736792716585,25,0,10
34,8843,0.0008432797464539562,4.6841267783638275e-11,1.1727840209856733e-06,0.9991555474226844,25,0,10
34,8844,0.0008414025316781533,1.456245178835891e-11,1.0133098927691135e-06,0.9991575841438675,25,0,10
34,8845,0.001078763307467351,1.8060839431771814e-11,1.3102879548071401e-06,0.9989199263865177,25,0,10
34,8846,0.001153688379878779,1.4528060815924827e-11,1.3421266914595117e-06,0.9988449694789022,25,0,10
34,8847,0.0011442514966603036,1.4489847893957962e-11,1.3417787735787516e-06,0.9988544067100775,25,0,10
34,8848,0.0009251593528016486,1.1338545555897627e-11,1.1352795736377098e-06,0.9990737053562873,25,0,10
34,8849,0.0006049257454612595,9.565511206184273e-12,8.470906689016892e-07,0.9993942271543055,25,0,10
34,8850,0.0005995049645262344,9.220337049866425e-12,7.91912335014914e-07,0.9993997031139196,25,0,10
34,8851,0.0011314314922441513,1.3436006303831487e-11,1.138639276220304e-06,0.9988674298550445,25,0,10
34,8852,0.0008447533457374879,1.582594704068683e-11,1.0225628793940432e-06,0.9991542240755577,25,0,10
34,8853,0.0010418668821758432,1.0934780988095715e-10,2.96199562693724e-06,0.9989551710128491,25,0,10
34,8854,0.0010632910292628127,1.0957386348935362e-10,3.0004080041105254e-06,0.998933708453159,25,0,10
34,8855,0.0008532099124222204,1.0890230779669804e-10,3.084599850606653e-06,0.9991437053788249,25,0,10
34,8856,0.0008870503183463396,1.0985972680060093e-10,2.9668092915333746e-06,0.9991099827625024,25,0,10
34,8857,0.004290088922021585,1.0731902083826093e-10,8.142573729559203e-06,0.99570176839693,25,0,10
34,8858,0.003860753925062073,1.0364774337702892e-10,5.6812233701054825e-06,0.996133564747921,25,0,10
34,8859,0.0036753201451562387,1.2363371470748067e-11,5.6878977697612514e-06,0.9963189919447121,25,0,10
34,8860,0.004323794042678447,2.019682042161283e-11,6.089038341257319e-06,0.9956701168987846,25,0,10
34,8861,0.0046693609562948836,5.42623431372125e-11,8.675917047536574e-06,0.9953219630723968,25,0,10
34,8862,0.005888585161534437,5.133748416580905e-11,9.23010063858997e-06,0.9941021846864915,25,0,10
34,8863,0.004877412490276315,1.5502786432547092e-11,7.20602544799567e-06,0.9951153814687741,25,0,10
34,8864,0.002242485226273924,1.2922011353754552e-11,2.4431581774613424e-06,0.9977550716026277,25,0,10
34,8865,0.0017786483950665505,1.2943446362873916e-11,1.4791615376400061e-06,0.9982198724304538,25,0,10
34,8866,0.0017110117507023843,9.712232325567759e-12,1.2215761158780527e-06,0.9982877666634713,25,0,10
34,8867,0.0025699847981571983,1.0444729364842143e-11,6.03801393818583e-06,0.9974239771774609,25,0,10
34,8868,0.0025513192728982776,9.278374920568642e-12,6.028551562879659e-06,0.9974426521662619,25,0,10
34,8869,0.0021358434965864813,7.470450621902235e-12,5.826889957603838e-06,0.9978583296059873,25,0,10
34,8870,0.0021382997350818684,8.981905895470168e-12,5.871839065125501e-06,0.997855828416873,25,0,10
34,8871,0.0003629730932644367,7.18760361584138e-12,6.208279458475305e-07,0.9996364060716039,25,0,10
34,8872,0.0003512381719355032,5.982862362094951e-12,6.923062186480913e-07,0.9996480695158643,25,0,10
34,8873,0.0004741443603263412,9.68960370478277e-12,9.330090359129083e-07,0.99952492262095,25,0,10
34,8874,0.0036023700265053384,8.583217424810651e-12,2.8150163984735335e-06,0.9963948149485146,25,0,10
34,8875,0.003728636478768059,8.834147868555542e-12,3.750544571207964e-06,0.9962676129678278,25,0,10
34,8876,0.0046525576316083775,1.1809610126748824e-11,4.4255070381797325e-06,0.995343016849545,25,0,10
34,8877,0.0046703912775673696,1.5058113113349216e-11,4.558566480457421e-06,0.9953250501408951,25,0,10
34,8878,0.004860925061921758,1.9955387769816297e-11,6.133785395292903e-06,0.9951329411327289,25,0,10
34,8879,0.005171266267768007,2.431879407502831e-11,6.5650209109669996e-06,0.9948221686870036,25,0,10
34,8880,0.005097711095953913,2.2135813351873256e-11,6.321594387783485e-06,0.9948959672875236,25,0,10
34,8881,0.0005226813977586166,8.574104871629092e-12,9.747666382230999e-07,0.9994763438270308,25,0,10
34,8882,0.0005951110177119241,1.3327263991057625e-11,1.1717107744720039e-06,0.9994037172581873,25,0,10
34,8883,0.00046291451425040786,1.3229929505510565e-11,9.741933500963228e-07,0.9995361112791704,25,0,10
34,8884,0.010866937414266318,1.4855470168565925e-11,2.6616083519909608e-06,0.9891304009625267,25,0,10
34,8885,0.010859980611056346,1.468144929912258e-11,2.654469592486572e-06,0.98913736490467,25,0,10
34,8886,0.01102333859539923,1.2641286991531384e-11,2.828199084335551e-06,0.9889738331928758,25,0,10
34,8887,0.011019902762429621,9.56273654556346e-12,2.74349849252091e-06,0.9889773537295161,25,0,10
34,8888,0.011717599877395289,1.644130919139568e-11,3.0680389962258716e-06,0.9882793320671679,25,0,10
34,8889,0.011469429594260087,1.133539880853709e-11,2.7786475281735198e-06,0.9885277917468771,25,0,10
34,8890,0.011539151712724969,1.4342705769057009e-11,3.0108698816468263e-06,0.9884578374030513,25,0,10
34,8891,0.0017940002191896953,1.3836598326163435e-11,2.2270340475627085e-06,0.9982037727329268,25,0,10
34,8892,0.0010245952787620888,7.311232110034012e-12,1.5381300783211028e-06,0.99897386658385,25,0,10
34,8893,0.00042222013224419065,1.0014774199576719e-11,8.62627749271624e-07,0.9995769172299938,25,0,10
34,8894,0.00041052638902501845,1.1548455631234776e-11,8.364496229923929e-07,0.9995886371498048,25,0,10
34,8895,0.00033962089897216283,8.603166344888478e-12,7.192195889698898e-07,0.9996596598728368,25,0,10
34,8896,0.0005447289322626407,1.3058124612952011e-11,1.1222975044318823e-06,0.9994541487571759,25,0,10
34,8897,0.00043364491294576446,1.143489386356909e-11,9.11361773895896e-07,0.9995654437138465,25,0,10
34,8898,0.0011573197992844825,1.549554201277357e-11,1.5193741655350603e-06,0.9988411608110549,25,0,10
34,8899,0.003729923323699581,1.7478423791457728e-10,1.443914239301634e-05,0.9962556373591243,25,0,10
34,8900,0.004547090895082423,2.390505422988452e-10,1.7186265431793662e-05,0.9954357226004362,25,0,10
34,8901,0.0037165260890222682,1.740750332707079e-10,1.4253908841029875e-05,0.996269219828063,25,0,10
34,8902,0.003908612108525004,1.7842628652824184e-10,1.4639731047104347e-05,0.9960767479820026,25,0,10
34,8903,0.0036833062304390445,1.694821529857359e-10,1.4159823595980062e-05,0.9963025337764845,25,0,10
34,8904,0.0037566234391763946,1.695665944673029e-10,1.644432415505733e-05,0.9962269320671036,25,0,10
34,8905,0.0038082048992908878,1.724298237584068e-10,1.670777134839556e-05,0.9961750871569326,25,0,10
34,8906,0.0036925032738473864,1.695863227419724e-10,1.4186163233627367e-05,0.9962933103933342,25,0,10
34,8907,0.0035531553103172603,1.62541108434576e-11,6.220806019543777e-06,0.99644062386741,25,0,10
34,8908,0.003561363787850384,1.641111804156502e-11,6.226126808701155e-06,0.9964324100689309,25,0,10
34,8909,0.0006884674637158618,1.1078475961530883e-11,9.76475934195076e-07,0.9993105560492725,25,0,10
34,8910,0.0011195813150460796,1.156121265758743e-11,1.1716365269635623e-06,0.9988792470368674,25,0,10
34,8911,0.0013052446023233315,1.266385895049924e-11,1.2825224758287503e-06,0.9986934728625382,25,0,10
34,8912,0.0015899722930019181,1.212105196715634e-11,1.5542602251689063e-06,0.9984084734346531,25,0,10
34,8913,0.0015708870999795066,1.1870965745923683e-11,1.5728676728273192e-06,0.9984275400204781,25,0,10
34,8914,0.0010392432025939679,9.134074450460374e-12,1.1243167949030863e-06,0.9989596324714795,25,0,10
34,8915,0.00035212657162329034,6.8879709236597104e-12,7.700736066417987e-07,0.9996471033478841,25,0,10
34,8916,0.00035434563948389455,6.3278960269946195e-12,6.811233260985088e-07,0.9996449732308631,25,0,10
34,8917,0.0013226639585291156,1.0734575066827952e-11,1.1597534912255971e-06,0.9986761762772458,25,0,10
34,8918,0.0022684909164293436,1.8476351802347814e-11,2.1620741042344834e-06,0.9977293469909903,25,0,10
34,8919,0.0008321561803105804,1.3469303488750521e-11,1.354825336049438e-06,0.9991664889808848,25,0,10
34,8920,0.0007094343521173749,1.2179194556989596e-11,9.96545265929336e-07,0.9992895690904393,25,0,10
34,8921,0.0007176256787628519,1.4355540829313973e-11,1.0349364469736098e-06,0.9992813393704363,25,0,10
34,8922,0.0005283412277370007,1.4309337744720172e-11,1.0178682091191693e-06,0.9994706408897465,25,0,10
34,8923,0.0003941474949001042,1.3030872239615447e-11,7.950088429199889e-07,0.9996050574832275,25,0,10
34,8924,0.0006745179727028983,1.1308899572059353e-11,9.267945358376955e-07,0.9993245552214534,25,0,10
34,8925,0.001072060805842313,9.401024552741918e-12,9.951255483421716e-07,0.9989269440592095,25,0,10
34,8926,0.0012570384992107717,1.2061900319389517e-11,1.1242494402509157e-06,0.998741837239288,25,0,10
34,8927,0.0014932772468784017,4.6156742855601316e-11,1.5097677146875651e-06,0.9985052129392511,25,0,10
34,8928,0.0013887537931595137,1.4970479426915488e-11,1.4622269127927044e-06,0.9986097839649578,25,0,10
34,8929,0.0012024249990651326,9.495623948535e-12,1.1560313908135906e-06,0.9987964189600497,25,0,10
34,8930,0.0015409396002299478,1.7197806102436034e-11,2.0879290413730076e-06,0.9984569724535319,25,0,10
34,8931,0.0010696123844882912,1.1942374489027844e-11,1.4223890117604077e-06,0.9989289652145595,25,0,10
34,8932,0.0011022606503225715,1.3707218353997601e-11,1.4433044737973875e-06,0.9988962960314984,25,0,10
34,8933,0.0007225004044236527,1.221015915962192e-11,9.780264685322684e-07,0.9992765215568994,25,0,10
34,8934,0.001068079116221558,1.3896972726794914e-11,1.3312533909356152e-06,0.9989305896164926,25,0,10
34,8935,0.0016237899805743778,2.595210383861933e-11,2.7527514883618427e-06,0.998373457241987,25,0,10
34,8936,0.001553620672336357,2.4361673483948612e-11,1.9617034767276793e-06,0.9984444175998266,25,0,10
34,8937,0.0022180136038635083,2.2700254981737395e-11,3.4422207807562825e-06,0.9977785441526563,25,0,10
34,8938,0.0016419993497815868,1.7389340990383307e-11,2.995553232040712e-06,0.998355005079598,25,0,10
34,8939,0.0016389457982024765,1.687769935665459e-11,2.9908780829226187e-06,0.9983580633068388,25,0,10
34,8940,0.0016916233236734712,2.0586202440038846e-11,3.183399547273595e-06,0.998305193256195,25,0,10
34,8941,0.0013032661953656032,2.2586213114985906e-11,1.8942818820627422e-06,0.9986948395001677,25,0,10
34,8942,0.001333220127242213,2.1927469588058493e-11,1.8659782742394128e-06,0.998664913872558,25,0,10
34,8943,0.0006818812690984535,9.984345817961544e-12,9.776002415882594e-07,0.9993171411206779,25,0,10
34,8944,0.000476540450007329,1.1695400844392134e-11,9.049921617834772e-07,0.9995225545461378,25,0,10
34,8945,0.0009397824018156911,7.768210243754797e-11,4.473641904885753e-06,0.9990557438785993,25,0,10
34,8946,0.0004949750550528741,1.5461110571917947e-11,1.2197171367592586e-06,0.999503805212351,25,0,10
34,8947,0.0004804059385132088,1.543261799889231e-11,1.046634147882041e-06,0.999518547411908,25,0,10
34,8948,0.0007038692137358244,1.2323956861966488e-11,1.1032141902417319e-06,0.9992950275597516,25,0,10
34,8949,0.0017466080411015685,5.629127371673224e-11,3.7667905007425154e-06,0.9982496251121075,25,0,10
34,8950,0.002063199970256742,6.21654825470727e-11,4.1761333058820964e-06,0.9979326238342725,25,0,10
34,8951,0.0013250903979381912,2.5719046761050148e-11,2.1688853059356835e-06,0.9986727406910378,25,0,10
34,8952,0.0006703394216858071,1.1707811650375063e-11,8.738313910688547e-07,0.999328786735217,25,0,10
34,8953,0.0011537523148745176,8.178238193842199e-11,4.2413069509422364e-06,0.9988420062963924,25,0,10
34,8954,0.0009140985232480691,7.745983057875457e-11,4.099193394492601e-06,0.999081802205898,25,0,10
34,8955,0.0020540420626382755,7.835561396653e-11,4.585240814284026e-06,0.997941372618192,25,0,10
34,8956,0.0009356740781160234,7.865260394418387e-11,4.036255902992534e-06,0.9990602895873291,25,0,10
34,8957,0.0012964661319984359,9.58688804365105e-12,1.0452038523749709e-06,0.9987024886545641,25,0,10
34,8958,0.0003679584303986324,5.3001002418473775e-12,4.6223424817175253e-07,0.9996315793300538,25,0,10
34,8959,0.0004745229612915063,7.918050327736053e-12,7.076838319271748e-07,0.9995247693469598,25,0,10
34,8960,0.0004799101285439183,8.009426399425646e-12,7.287247328696071e-07,0.9995193611387152,25,0,10
34,8961,0.0011868089718390464,1.269232095919558e-11,1.3530167778553809e-06,0.9988118379986923,25,0,10
34,8962,0.004871189652472851,2.271601681534257e-11,6.095167086886047e-06,0.9951227151577254,25,0,10
34,8963,0.005216302755893396,2.806737659798861e-11,6.796479844114662e-06,0.9947769007361964,25,0,10
34,8964,0.0019375271894646756,1.753365297930955e-11,2.148577322374153e-06,0.9980603242156804,25,0,10
34,8965,0.0018981485260422223,1.866318290271907e-11,2.7490571802257675e-06,0.9980991023981154,25,0,10
34,8966,0.0015077884678010767,1.3677219803139764e-11,2.47289848276197e-06,0.9984897386200398,25,0,10
34,8967,0.012002265675171426,1.2477480633248316e-11,6.897783204857572e-06,0.9879908365291469,25,0,10
34,8968,0.012326607916472858,1.7620516961576072e-11,6.978192477420892e-06,0.9876664138734305,25,0,10
34,8969,0.01254873724125264,1.6183586343226118e-11,7.111268447691334e-06,0.987444151474118,25,0,10
34,8970,0.012532768803455639,1.6749944285822503e-11,6.990484884513209e-06,0.9874602406949119,25,0,10
34,8971,0.012300939860596936,1.667078095180102e-11,6.847246375517042e-06,0.9876922128763586,25,0,10
34,8972,0.001509524817643114,1.6002940216990326e-11,1.3960490846613642e-06,0.9984890791172711,25,0,10
34,8973,0.0008757422478523075,1.3317392298054803e-11,1.1495779092490048e-06,0.9991231081609229,25,0,10
34,8974,0.0008991193200713087,1.29471860395528e-11,1.088819833804337e-06,0.999099791847149,25,0,10
34,8975,0.001120839274009197,1.4070816798701807e-11,1.2265896337498321e-06,0.9988779341222866,25,0,10
34,8976,0.0011266596490985604,1.1581540961976006e-11,1.137567560594178e-06,0.9988722027717603,25,0,10
34,8977,0.0011183859612021846,1.131730251233701e-11,1.0779930168977316e-06,0.9988805360344647,25,0,10
34,8978,0.0009573677664060771,1.8175129006154658e-11,1.3164363937857054e-06,0.9990413157790266,25,0,10
34,8979,0.0009652871612911954,1.819416111897798e-11,1.3148569659521514e-06,0.9990333979635502,25,0,10
34,8980,0.0018342003750751945,2.435271837609001e-11,2.231234139405659e-06,0.9981635683664334,25,0,10
34,8981,0.0012657050886861945,2.2869106621069265e-11,2.17588841717242e-06,0.9987321190000286,25,0,10
34,8982,0.0016093104745745761,2.7692738684082174e-11,2.2277413371582607e-06,0.9983884617563972,25,0,10
34,8983,0.0016780407847217752,3.2299072877288236e-11,2.4787302363026475e-06,0.998319480452744,25,0,10
34,8984,0.0013413618562049213,2.9995331810260904e-11,2.102089316539324e-06,0.9986565360244842,25,0,10
34,8985,0.0005707992492915297,1.7864187363828268e-11,2.093507978453066e-06,0.9994271072248664,25,0,10
34,8986,0.0008125195595355821,2.480822910229075e-11,1.5272304299326448e-06,0.9991859531852257,25,0,10
34,8987,0.0008114538918649934,2.2214683348205956e-11,1.4699927784773295e-06,0.9991870760931414,25,0,10
34,8988,0.0007283096679162977,1.900544103778593e-11,1.28040137992679e-06,0.9992704099116984,25,0,10
34,8989,0.0004705406232783212,9.09438830601908e-12,8.773994488125384e-07,0.999528581968179,25,0,10
34,8990,0.0009480255964704938,1.5074367334716192e-11,1.4091461644896926e-06,0.9990505652422905,25,0,10
34,8991,0.011150805756525762,1.8081998117795166e-11,3.198787955507753e-06,0.9888459954374366,25,0,10
34,8992,0.012954275386586545,3.1796604270181144e-11,5.931113938711493e-06,0.987039793467678,25,0,10
34,8993,0.012438876206586014,2.7344138576534215e-11,5.409137416632593e-06,0.9875557146286543,25,0,10
34,8994,0.012140982924994312,2.113989724284578e-11,5.011322703715178e-06,0.9878540057311631,25,0,10
34,8995,0.011046132184241832,1.668276271055173e-11,2.7396815202180196e-06,0.9889511281175568,25,0,10
34,8996,0.0004691753295290036,1.1712282780534227e-11,9.717366762467225e-07,0.9995298529220848,25,0,10
34,8997,0.0006814139711541062,1.672169691623743e-11,1.2768808210338078e-06,0.9993173091313051,25,0,10
34,8998,0.0011331858030504496,2.363433528703715e-11,1.8407820462040963e-06,0.9988649733912708,25,0,10
34,8999,0.001207996104893118,2.481864809053221e-11,1.9525068100592083e-06,0.9987900513634799,25,0,10
34,9000,0.0012684015420120107,2.957578927283133e-11,2.1938549099700675e-06,0.9987294045735033,25,0,10
34,9001,0.001281017512335117,2.5166396971547743e-11,2.278331993538212e-06,0.9987167041305066,25,0,10
34,9002,0.0012036108541207235,1.9256579562943552e-11,1.8256920580035147e-06,0.9987945634345661,25,0,10
34,9003,0.001208712252448206,1.8714114812948052e-11,1.5639860923051893e-06,0.998789723742747,25,0,10
34,9004,0.0012790267433213408,2.1851753233129613e-11,1.912561308395549e-06,0.9987190606735197,25,0,10
34,9005,0.0010265374772687257,1.9217873311786593e-11,1.622098708405661e-06,0.9989718404048064,25,0,10
34,9006,0.0010283202178108112,1.7633208307092365e-11,1.5802795224729724e-06,0.9989700994850356,25,0,10
34,9007,0.001079708441835737,1.65479405630036e-11,1.619819539162779e-06,0.9989186717220794,25,0,10
34,9008,0.0010224654522321722,1.0463096229522008e-10,3.048242739387287e-06,0.998974486200399,25,0,10
34,9009,0.0010615705973121001,1.646617924809695e-11,1.4978421018903983e-06,0.9989369315441217,25,0,10
34,9010,0.0008266297088240132,1.2262234994280385e-11,1.2222482269382583e-06,0.999172148030688,25,0,10
34,9011,0.0008395687633244159,1.0781677335956838e-11,1.3135800535493677e-06,0.9991591176458414,25,0,10
34,9012,0.001605216234331301,1.6174235054265846e-11,1.8378159434601567e-06,0.9983929459335519,25,0,10
34,9013,0.0016359541018893676,1.5599664891821927e-11,1.8641011149692423e-06,0.9983621817813966,25,0,10
34,9014,0.0018874853580127565,1.5351338243140552e-11,2.021679171095594e-06,0.9981104929474663,25,0,10
34,9015,0.0017238517826814318,1.735319201893035e-11,2.0093345125438017e-06,0.9982741388654542,25,0,10
34,9016,0.001532963851264252,2.3440458825322673e-11,3.002536287526516e-06,0.9984640335890095,25,0,10
34,9017,0.0020314030156068533,1.4126558581092402e-11,3.2175307548788806e-06,0.9979653794395125,25,0,10
34,9018,0.001710329065515209,9.57209916626764e-12,2.5538393120357515e-06,0.9982871170856015,25,0,10
34,9019,0.002632972412393836,1.773725226311954e-09,1.2238965641446103e-05,0.9973547868482404,25,0,10
34,9020,0.011014698696829023,3.268086007626464e-09,0.0001540227809489104,0.9888312752541368,25,0,10
34,9021,0.0013161401073850027,1.511614970152839e-11,1.214595403961099e-06,0.9986826452820964,25,0,10
34,9022,0.0006381265816313496,1.1450558163751678e-11,8.829298219520338e-07,0.9993609904770976,25,0,10
34,9023,0.0008807906729749792,1.622014922724139e-11,1.2587575582334996e-06,0.9991179505532485,25,0,10
34,9024,0.00040482156046379113,5.271784101824528e-12,6.550965377036624e-07,0.9995945233377287,25,0,10
34,9025,0.0017509903882125097,8.463038716624991e-12,3.295173787240362e-06,0.9982457144295386,25,0,10
34,9026,0.0017138961716765958,8.666734899557067e-12,3.1177892023063405e-06,0.9982829860304555,25,0,10
34,9027,0.0017168560854518705,9.08174601769821e-12,3.1106930292674737e-06,0.9982800332124385,25,0,10
34,9028,0.0019492830005383454,1.1751241859029776e-11,3.3097086147833225e-06,0.9980474072790966,25,0,10
34,9029,0.0017035490216441164,9.111878785881617e-12,3.0668181207460506e-06,0.9982933841511248,25,0,10
34,9030,0.0012332238876344014,9.360700134532568e-12,2.8939907135601368e-06,0.9987638821122927,25,0,10
34,9031,0.0013203513226629005,7.836614507880627e-11,3.230723423049486e-06,0.9986764178755488,25,0,10
34,9032,0.0003931416310230005,6.922514151094488e-12,6.71615324053921e-07,0.9996061867467324,25,0,10
34,9033,0.0008700144268407087,9.935401273365661e-12,1.0484122314833032e-06,0.9991289371509942,25,0,10
34,9034,0.0008797742001879648,1.0043594849860905e-11,1.0533735880048387e-06,0.9991191724161826,25,0,10
34,9035,0.0008685863006874302,1.115689317925114e-11,1.0818804354694784e-06,0.9991303318077221,25,0,10
34,9036,0.004198661151015806,1.77828626538474e-11,3.6496422255656744e-06,0.9957976891889772,25,0,10
34,9037,0.003835200518211393,1.3688611849410377e-11,3.4004471993512623e-06,0.9961613990209024,25,0,10
34,9038,0.000926425126934868,1.861403144300484e-11,1.572787247656384e-06,0.9990720020672047,25,0,10
34,9039,0.010813905300253618,2.018849766569407e-11,4.505117527826316e-06,0.9891815895620317,25,0,10
34,9040,0.010639690939638825,1.4956685719527804e-11,3.977334016254692e-06,0.9893563317113895,25,0,10
34,9041,0.01137195503964802,1.719174846695496e-11,4.475846448989543e-06,0.9886235690967123,25,0,10
34,9042,0.010936461504111221,1.1195038751558579e-11,4.240183289312162e-06,0.9890592983014053,25,0,10
34,9043,0.010952358639422866,8.978126460167173e-12,4.113721248257751e-06,0.9890435276303521,25,0,10
34,9044,0.0013358667127561028,4.066882228714178e-11,1.1159366874328527e-06,0.998663017309889,25,0,10
34,9045,0.001205326536086148,5.0038919321473876e-11,1.819786867274147e-06,0.9987928536270085,25,0,10
34,9046,0.001145991374723542,1.7055349176335772e-11,1.675209702801002e-06,0.9988523333985198,25,0,10
34,9047,0.001172555243197985,2.2349405485887528e-11,1.931572547711526e-06,0.998825513161906,25,0,10
34,9048,0.001811284320327608,2.156781920080902e-11,1.8141070221418981e-06,0.9981869015510842,25,0,10
34,9049,0.0018212428749999057,2.222217718367708e-11,1.9218011662744422e-06,0.9981768353016135,25,0,10
34,9050,0.0013543007532208543,2.1933444264630675e-11,1.7265839324836667e-06,0.9986439726409148,25,0,10
34,9051,0.0008740933653576977,1.6452851911560854e-11,1.238947715711404e-06,0.9991246676704749,25,0,10
34,9052,0.0011167517417999416,1.7818185035298545e-11,1.3801838974610985e-06,0.9988818680564848,25,0,10
34,9053,0.0009482254180183071,2.0390027207260804e-11,1.246148435241177e-06,0.9990505284131578,25,0,10
34,9054,0.0007879880507267782,1.5434009170302403e-11,1.4235467230461084e-06,0.9992105883871174,25,0,10
34,9055,0.0007192110868946693,1.1653057143305006e-11,1.2299554758453014e-06,0.9992795589459779,25,0,10
34,9056,0.0006659188139477468,1.2763504668172951e-11,1.1768013746907135e-06,0.9993329043719157,25,0,10
34,9057,0.0004247739199202963,1.025856322123087e-11,9.469455578280178e-07,0.9995742791242647,25,0,10
34,9058,0.0012755133024506104,9.278964025569586e-12,9.423424672493512e-07,0.9987235443458047,25,0,10
34,9059,0.000710929328503816,1.4535471672358715e-11,1.1042399798974208e-06,0.9992879664169823,25,0,10
34,9060,0.0004842634708440908,1.4485794827420513e-11,9.541395923018488e-07,0.9995147823750794,25,0,10
34,9061,0.0010149103311163476,1.0956308868264793e-11,9.20785443068726e-07,0.998984168872486,25,0,10
34,9062,0.001719983859858325,1.289971636330854e-11,2.43325361088515e-06,0.998277582873633,25,0,10
34,9063,0.001306669653315291,1.5999241507203552e-11,3.3430007079360694e-06,0.9986899873299793,25,0,10
34,9064,0.0021727906029712536,1.239597823907668e-11,2.5632619737389394e-06,0.9978246461226599,25,0,10
34,9065,0.0027650562743392615,2.2489315570251577e-11,2.3347690525824402e-06,0.99723260893412,25,0,10
34,9066,0.0016542510363688934,2.132334413073406e-11,3.9166759732959034e-06,0.9983418322663362,25,0,10
34,9067,0.0005059692207053883,1.6419837408827006e-11,1.1710230420656618e-06,0.9994928597398348,25,0,10
34,9068,0.00034302980425117234,7.705880901996811e-12,6.87949896348232e-07,0.9996562822381485,25,0,10
34,9069,0.0006127172938718508,9.316642366254442e-12,8.119585694365389e-07,0.9993864707382433,25,0,10
34,9070,0.0006086651542590346,8.16329464552289e-12,6.994362928320977e-07,0.9993906354012857,25,0,10
34,9071,0.0013023953086329096,7.025879171270015e-11,6.049816858453002e-06,0.9986915548042506,25,0,10
34,9072,0.00039671362282717816,1.0800965262517487e-11,6.181452192881794e-07,0.9996026682211534,25,0,10
34,9073,0.0061231144235346655,1.626076381302582e-11,7.3796737980925255e-06,0.9938695058864075,25,0,10
34,9074,0.0003990975667064765,1.1909619969493032e-11,6.166499398985628e-07,0.9996002857714451,25,0,10
34,9075,0.001900809592718199,7.822688709870537e-11,3.3774646175098136e-06,0.9980958128644385,25,0,10
34,9076,0.001108692438306357,7.720102220314232e-11,3.3399535335402026e-06,0.9988879675309604,25,0,10
34,9077,0.0005770840043790512,1.0086179851233952e-11,1.3015344999891298e-06,0.999421614451036,25,0,10
34,9078,0.0008674734459503053,1.549718347316807e-11,1.6998809681230108e-06,0.9991308266575853,25,0,10
34,9079,0.0007350410420344693,9.594379292378778e-12,9.726538451182473e-07,0.9992639862945274,25,0,10
34,9080,0.0005770606124287912,1.0170620686771915e-11,1.0728515817347381e-06,0.9994218665258205,25,0,10
34,9081,0.00047322673445225003,3.962481386949475e-11,9.581050886427657e-07,0.9995258151208362,25,0,10
34,9082,0.009165395708799214,4.063396676709707e-11,3.80149957495879e-05,0.9907965892548192,25,0,10
34,9083,0.009171821497544346,4.0920151885140385e-11,3.80582344134156e-05,0.9907901202271241,25,0,10
34,9084,0.009185453548646442,4.159342380300824e-11,3.817277891489393e-05,0.9907763736308471,25,0,10
34,9085,0.001134208144329589,4.4760345936369056e-11,3.8076960747234423e-06,0.998861984114837,25,0,10
34,9086,0.00066017785073074,4.208344871755467e-11,3.6953458587807345e-06,0.9993361267613288,25,0,10
34,9087,0.0007146710182425874,1.7322106110929042e-11,3.575683319343288e-06,0.999281753281117,25,0,10
34,9088,0.0008438723231244318,2.0834598887705533e-11,1.5344024928641653e-06,0.9991545932535498,25,0,10
34,9089,0.0008991064519027462,2.641433942394473e-11,1.7320644881156584e-06,0.9990991614571958,25,0,10
34,9090,0.001076913716907523,2.6818225512603332e-11,1.869321060572496e-06,0.9989212169352149,25,0,10
34,9091,0.0004663425063265179,1.480519757830979e-11,9.71876870167333e-07,0.9995326856019991,25,0,10
34,9092,0.0006794582156243718,4.005211893503206e-11,2.6885347819548056e-06,0.9993178532095426,25,0,10
34,9093,0.0004866965723477671,4.318720823119545e-11,1.0098809712172324e-06,0.9995122935034947,25,0,10
34,9094,0.0006633738867076555,4.5265620817096054e-11,1.1334333878219645e-06,0.9993354926346392,25,0,10
34,9095,0.0006570660394318391,4.260120319701744e-11,1.043795471271697e-06,0.9993418901224964,25,0,10
34,9096,0.0006584280513073819,4.3201307226429424e-11,1.075580371149673e-06,0.9993404963251215,25,0,10
34,9097,0.000597419238921134,3.953247872550176e-11,7.756727589559564e-07,0.999401805048789,25,0,10
34,9098,0.0006060120654856634,3.7461694281467805e-11,7.466262855116778e-07,0.999393241270768,25,0,10
34,9099,0.0007857458062702071,4.286947968507486e-11,1.2467223585320653e-06,0.9992130074285024,25,0,10
34,9100,0.0012961885188736055,4.0659022295784196e-11,1.329687585435644e-06,0.9987024817528821,25,0,10
34,9101,0.001407625042870072,4.291819668212502e-11,1.5462104790254477e-06,0.9985908287037332,25,0,10
34,9102,0.0019177129988476596,1.5558695183757315e-11,1.8040377634190315e-06,0.998080482947832,25,0,10
34,9103,0.002287799980109734,2.2445252483824073e-11,1.993214844892083e-06,0.9977102067826022,25,0,10
34,9104,0.0018162974647914238,1.8763049099704365e-11,1.656751822980173e-06,0.9981820457646242,25,0,10
34,9105,0.0009186180634907951,1.7720527313344687e-11,1.152402949695589e-06,0.9990802295158403,25,0,10
34,9106,0.000873205546923052,1.2752494957610159e-11,1.0534351644266744e-06,0.9991257410051614,25,0,10
34,9107,0.0011178201010554711,1.488932950033735e-11,1.2062624875619259e-06,0.9988809736215691,25,0,10
34,9108,0.0008052359676512421,9.531912439257551e-12,7.965900252532724e-07,0.999193967432793,25,0,10
34,9109,0.0008786762794519015,1.1694717736933826e-11,1.0431336064790894e-06,0.9991202805752474,25,0,10
34,9110,0.0004275993326760451,1.0022024953064789e-11,8.953449310310553e-07,0.999571505312372,25,0,10
34,9111,0.0004194134362197366,6.796670723944334e-12,8.518940557960556e-07,0.9995797346629286,25,0,10
34,9112,0.0006662236791494594,1.245944413707526e-11,1.156027667801696e-06,0.9993326202807244,25,0,10
34,9113,0.00037968194042311366,6.939819849027912e-12,7.44518116106282e-07,0.9996195735345225,25,0,10
34,9114,0.0003614704853092265,6.91616023440826e-12,6.907485257995993e-07,0.9996378387592503,25,0,10
34,9115,0.0006083602880619657,1.0173661491098542e-11,8.886188956115988e-07,0.9993907510828706,25,0,10
34,9116,0.0006137893225966868,1.0221677213067352e-11,8.931757992774852e-07,0.9993853174913836,25,0,10
34,9117,0.0005676840465481583,1.3493484523146212e-11,1.1510653946769544e-06,0.9994311648745656,25,0,10
34,9118,0.00042724700927226434,1.1607990026057267e-11,9.566046945789262e-07,0.999571796374427,25,0,10
34,9119,0.00042688208234980125,1.067893528732611e-11,9.921556813632643e-07,0.9995721257512922,25,0,10
34,9120,0.00040644643109058844,9.869535084068313e-12,8.411824183906662e-07,0.9995927123766236,25,0,10
34,9121,0.0008432196782387408,1.367406062241381e-11,1.2082671470826298e-06,0.9991555720409415,25,0,10
34,9122,0.0005890201829315632,9.38986809058268e-12,8.000811771557747e-07,0.9994101797265031,25,0,10
34,9123,0.001030950661089453,9.426289997190291e-12,1.0273030028606964e-06,0.9989680220264826,25,0,10
34,9124,0.0007850662446072762,7.304515202653746e-12,8.399179980565742e-07,0.9992140938300922,25,0,10
34,9125,0.001271161092971386,1.4552463317482276e-11,2.0745447780623156e-06,0.9987267643477001,25,0,10
34,9126,0.0016853143837137448,1.790268992682478e-11,4.31942250783251e-06,0.9983103661758779,25,0,10
34,9127,0.001584868215099674,1.7017367962163717e-11,4.1746332025633554e-06,0.9984109571346816,25,0,10
34,9128,0.0003548296994668157,6.57903022025692e-12,6.751907870061707e-07,0.9996444951031686,25,0,10
34,9129,0.0012908174471423655,1.7834734394217465e-11,2.425991876434735e-06,0.9987067565431472,25,0,10
34,9130,0.001731711360574577,2.2504659239427762e-11,3.174842320373609e-06,0.9982651137746017,25,0,10
34,9131,0.0012509052534166393,1.4649326418103023e-11,1.8465338239250862e-06,0.9987472481981117,25,0,10
34,9132,0.0019351835642502128,1.7473793000935982e-11,2.143588524987993e-06,0.9980626728297523,25,0,10
34,9133,0.0006504689411290917,1.3370495584998327e-11,1.0565727697124305e-06,0.9993484744727317,25,0,10
34,9134,0.0006520728505987859,1.2774637624867447e-11,9.985746275846872e-07,0.9993469285620002,25,0,10
34,9135,0.0009721913798470171,1.815858175594091e-11,1.2307008499248822e-06,0.9990265779011459,25,0,10
34,9136,0.000963208990066498,5.207692929276877e-11,1.4587570948494926e-06,0.9990353322007628,25,0,10
34,9137,0.000830377217184197,4.293148476879575e-11,9.725393007705555e-07,0.9991686502005851,25,0,10
34,9138,0.0005881055380537188,4.340520621286848e-11,7.897727327865017e-07,0.9994111046458102,25,0,10
34,9139,0.0010493493056117694,4.3478142150277703e-11,9.895293555179444e-07,0.9989496611215568,25,0,10
34,9140,0.004819343497405036,4.8551256234376487e-11,4.676658374890007e-06,0.9951759797956707,25,0,10
34,9141,0.003683984665878123,3.9737497243566226e-11,2.6811736101639166e-06,0.9963133341207763,25,0,10
34,9142,0.003690392525977542,4.0320325499551726e-11,4.9256487508969375e-06,0.9963046817849524,25,0,10
34,9143,0.003926827266987426,4.303456989446048e-11,5.203859379481988e-06,0.9960679688305993,25,0,10
34,9144,0.0036971668036920534,1.0112421372970626e-11,4.999259133801488e-06,0.9962978339270626,25,0,10
34,9145,0.0037765824537922916,1.2711181524564808e-11,5.24836630641597e-06,0.9962181691671915,25,0,10
34,9146,0.0038992727676326546,1.7449650287696422e-11,5.635725496142408e-06,0.9960950914894232,25,0,10
34,9147,0.003597086343729948,1.1376165432220394e-11,5.121706093122867e-06,0.9963977919388027,25,0,10
34,9148,0.0004254424372328921,7.956297379504873e-12,7.066798890329385e-07,0.9995738508749236,25,0,10
34,9149,0.0006386617250857743,8.491561273109266e-12,7.902073601933158e-07,0.9993605480590643,25,0,10
34,9150,0.0010430722216033892,1.0953039112577288e-11,9.290227847743322e-07,0.9989559987446601,25,0,10
34,9151,0.0006677937859057244,4.380920783448814e-11,1.0875053179852248e-06,0.9993311186649683,25,0,10
34,9152,0.0006145795889770502,3.9651365944126586e-11,9.137651091775932e-07,0.9993845066062639,25,0,10
34,9153,0.0016872888528630013,1.0356038629193162e-10,3.234556834820783e-06,0.9983094764867433,25,0,10
34,9154,0.0020046391626561055,1.1365593177080918e-10,4.065619140139066e-06,0.9979912951045491,25,0,10
34,9155,0.0020609017054027865,1.1479271464839584e-10,4.202640836381563e-06,0.9979348955389687,25,0,10
34,9156,0.002211404366029415,1.1364831195422995e-10,3.826588809087384e-06,0.9977847689315142,25,0,10
34,9157,0.002214362285653933,1.1464276120153228e-10,4.640954529124488e-06,0.9977809966451762,25,0,10
34,9158,0.0024820224471192947,1.1534480114296629e-10,4.9508044190154416e-06,0.997513026633119,25,0,10
34,9159,0.002625175689451516,1.1543843163776903e-10,4.164452843111783e-06,0.9973706597422688,25,0,10
34,9160,0.0023892933016391705,1.1011911848647425e-10,3.93802628036988e-06,0.997606768561963,25,0,10
34,9161,0.0032606690214254225,8.12097133680244e-11,4.0772856450758554e-06,0.9967352536117216,25,0,10
34,9162,0.0033063416750070502,1.7499042431416839e-10,7.614346973279449e-06,0.9966860438030306,25,0,10
34,9163,0.0032285146433744844,1.6815073783871465e-10,6.426588809786771e-06,0.9967650585996668,25,0,10
34,9164,0.003090894497044648,1.6597036777608818e-10,6.387247081505989e-06,0.9969027180899055,25,0,10
34,9165,0.0015703941315446447,1.6205540478889217e-10,5.402114468587105e-06,0.9984242035919333,25,0,10
34,9166,0.0016207195085430348,2.5915676570228055e-10,5.742229829306805e-06,0.9983735380024729,25,0,10
34,9167,0.0016279986703447275,2.591380822168783e-10,5.707203612745488e-06,0.9983662938669065,25,0,10
34,9168,0.002271480095084114,3.731856473361925e-10,7.798093928664946e-06,0.9977207214378032,25,0,10
34,9169,0.001999810507526303,2.5910362011207497e-10,6.198967188914216e-06,0.9979939902661821,25,0,10
34,9170,0.0020508085076816184,2.5631833640760826e-10,5.798726362531019e-06,0.9979433925096381,25,0,10
34,9171,0.001865363212715515,2.562826008926173e-10,5.843408401288472e-06,0.9981287931226018,25,0,10
34,9172,0.0013450619324126905,1.0691199199040568e-10,1.7422425185318563e-06,0.998653195718158,25,0,10
34,9173,0.0008817003443575222,1.03983331525028e-11,1.201306081270724e-06,0.9991170983391643,25,0,10
34,9174,0.001093855408905011,1.2043851626829149e-11,1.3513569684060698e-06,0.9989047932220843,25,0,10
34,9175,0.01774364259932472,1.3526241073681996e-10,1.0255508875978642e-05,0.9822461017565393,25,0,10
34,9176,0.017108716439319008,1.1075927967886258e-11,7.250424520996693e-06,0.9828840331250861,25,0,10
34,9177,0.0009456574533751416,1.337134745325819e-11,4.6997058073448005e-06,0.9990496428274479,25,0,10
34,9178,0.0008702257855971678,1.1765660396793206e-11,4.49049705114462e-06,0.9991252837055882,25,0,10
34,9179,0.0016481477751796375,2.7905005643618332e-11,7.094185319767723e-06,0.9983447580115967,25,0,10
34,9180,0.0011157567824463966,2.440481359235083e-11,3.1920326989417985e-06,0.9988810511604516,25,0,10
34,9181,0.0014788987009786904,2.6763100402199056e-11,3.560469985161096e-06,0.9985175408022746,25,0,10
34,9182,0.0015016501542432477,3.132986062314572e-11,3.7420692198649777e-06,0.9984946077452078,25,0,10
34,9183,0.002852123597095384,3.457109812737753e-11,4.317084681459689e-06,0.9971435592836525,25,0,10
34,9184,0.002561503273273853,3.137735836676593e-11,4.005513558328304e-06,0.9974344911817914,25,0,10
34,9185,0.0018803557108161297,3.136372274168929e-11,3.784113812346299e-06,0.998115860144009,25,0,10
34,9186,0.001654775469102409,2.7893911059975376e-11,3.520087033754621e-06,0.9983417044159711,25,0,10
34,9187,0.0015186065955000727,2.026399220792175e-11,3.066359575170686e-06,0.9984783270246619,25,0,10
34,9188,0.0015111249713928327,2.1006095044727467e-11,3.036141077539014e-06,0.9984858388665246,25,0,10
34,9189,0.00043474017506173185,1.0201865240578019e-11,8.214240694025762e-07,0.9995644383906683,25,0,10
34,9190,0.0008864366414687355,1.1090592032707618e-11,1.0230573484094713e-06,0.9991125402900934,25,0,10
34,9191,0.0005657671915833869,5.120367765129526e-12,5.341490503648833e-07,0.9994336986542465,25,0,10
34,9192,0.0005578933414182117,7.29686468839903e-12,6.739636521632064e-07,0.9994414326876339,25,0,10
34,9193,0.0012121536577983888,7.1662510270391095e-12,9.194550762610811e-07,0.9987869268799612,25,0,10
34,9194,0.0006326285867302834,1.1098407834528096e-11,9.429457337991633e-07,0.9993664284564386,25,0,10
34,9195,0.0007729147423776112,1.2349511396205957e-11,1.2682775361880371e-06,0.9992258169677379,25,0,10
34,9196,0.0009447255838604644,1.283737731118183e-11,1.2115267033016347e-06,0.9990540628766007,25,0,10
34,9197,0.0014588461105453903,1.5061229769050695e-11,1.5903175136574887e-06,0.9985395635568812,25,0,10
34,9198,0.0010108847873644617,1.4875253631579993e-11,1.3720957993221792e-06,0.9989877431019623,25,0,10
34,9199,0.001014742835477981,1.6050112985464507e-11,1.979122311322548e-06,0.998983278026162,25,0,10
34,9200,0.00101832354565511,1.5281499529905595e-11,1.3916653778742407e-06,0.9989802847736869,25,0,10
34,9201,0.0004843587738112613,1.1515585519394439e-11,1.0345022547235782e-06,0.9995146067124197,25,0,10
34,9202,0.0008872313835854645,1.1059642837693544e-11,1.0786383516362476e-06,0.9991116899670043,25,0,10
34,9203,0.0006588566558631101,8.956597053174258e-12,8.618986659943674e-07,0.9993402814365159,25,0,10
34,9204,0.0005947987742295357,5.715753767112398e-12,6.20662004930692e-07,0.9994045805580514,25,0,10
34,9205,0.00084603411127047,1.5903962115502855e-11,8.913814027040398e-07,0.9991530744914238,25,0,10
34,9206,0.0015096296006464518,1.9786171337594787e-11,2.414016586346897e-06,0.9984879563629816,25,0,10
34,9207,0.0014075141065263647,1.4958187377137077e-11,2.727712801990173e-06,0.9985897581657145,25,0,10
34,9208,0.0014301980284448465,1.294343410256326e-11,3.185034635905962e-06,0.9985666169239774,25,0,10
34,9209,0.0019496633018664796,1.586009467243918e-11,2.491591809635615e-06,0.9980478450904653,25,0,10
34,9210,0.0019604941157316314,1.5959214332630602e-11,2.607554031156235e-06,0.9980368983142798,25,0,10
34,9211,0.0011126757761681498,1.6893214738113378e-11,1.3972944237041374e-06,0.9988859269125168,25,0,10
34,9212,0.0016705716107791768,1.6450012433516224e-11,1.8157148690556976e-06,0.9983276126579033,25,0,10
34,9213,0.0016755866640854036,1.758099493891842e-11,1.8187717582467099e-06,0.9983225945465765,25,0,10
34,9214,0.0009841713722628328,7.303135237241629e-11,5.608441279024821e-06,0.9990102201134277,25,0,10
34,9215,0.0012950136816950173,1.0907637644495343e-10,7.010671683584331e-06,0.9986979755375459,25,0,10
34,9216,0.0007942324297931002,1.0888311229031969e-10,6.689834047800824e-06,0.9991990776272772,25,0,10
34,9217,0.0010739612202939645,4.973421098639098e-11,2.589133075355572e-06,0.9989234495968978,25,0,10
34,9218,0.0010359779499723681,1.3667334799339667e-11,1.4045494373685298e-06,0.9989626174869249,25,0,10
34,9219,0.0010316314509608321,1.4392197233194916e-11,1.4062822774779192e-06,0.9989669622523715,25,0,10
34,9220,0.0009226841157689996,1.0278360412054751e-11,1.3288299746230827e-06,0.9990759870439798,25,0,10
34,9221,0.00105522343858012,1.1842260742239869e-11,1.3136797830009007e-06,0.9989434628697968,25,0,10
34,9222,0.0007943526796726153,7.530819236153601e-11,1.4697440957341136e-06,0.9992041775009253,25,0,10
34,9223,0.0007155506467710166,1.607822514306147e-11,1.2397102998409404e-06,0.9992832096268522,25,0,10
34,9224,0.0007356908169648564,1.7042890278350672e-11,1.3035748622632993e-06,0.999263005591132,25,0,10
34,9225,0.0007323198986268665,1.5930042892308228e-11,1.217456563742155e-06,0.9992664626288814,25,0,10
34,9226,0.0009541611591607267,1.4707210239469132e-11,1.9756525348806017e-06,0.9990438631735986,25,0,10
34,9227,0.00035238124782742864,1.132393646489332e-11,5.302233193812239e-07,0.9996470885175311,25,0,10
34,9228,0.00035501011614646945,1.591654760973043e-11,5.414104845945912e-07,0.9996444484574541,25,0,10
34,9229,0.0003571256138505096,9.264828978613423e-12,5.200712034165084e-07,0.9996423543056833,25,0,10
34,9230,0.0003574864209411375,8.218607811546992e-12,4.992903211952702e-07,0.999642014280521,25,0,10
34,9231,0.0011775766183824588,7.846183701737127e-11,3.841720546531621e-06,0.9988185815826109,25,0,10
34,9232,0.0011193610073636673,2.2367122861439392e-11,1.4588849058096529e-06,0.9988791800853651,25,0,10
34,9233,0.0008533680014781177,2.4309875628506192e-11,1.6830278459860881e-06,0.9991449489463676,25,0,10
34,9234,0.007444781518864902,3.636791884758168e-11,9.98691903721371e-06,0.9925452315257317,25,0,10
34,9235,0.001587630565355512,2.7225052746326874e-11,3.515039237160404e-06,0.9984088543681838,25,0,10
34,9236,0.000459075234533739,7.404024703358101e-12,7.562232271881083e-07,0.9995401685348365,25,0,10
34,9237,0.0005920626082816449,1.2403466883976108e-11,7.394568325473473e-07,0.9994071979224844,25,0,10
34,9238,0.0008569406238481997,1.2915902441830613e-11,1.707388070095927e-06,0.9991413519751673,25,0,10
34,9239,0.0015598500812930482,1.7286334932644337e-11,2.165740366298608e-06,0.998437984161056,25,0,10
34,9240,0.0010800641622267086,1.213273267846979e-11,1.7778151695162412e-06,0.9989181580104725,25,0,10
34,9241,0.0006534525937047611,1.2715114194377608e-11,9.399560659383572e-07,0.9993456074375159,25,0,10
34,9242,0.0006440215516251143,1.3218303531693629e-11,9.80232697081132e-07,0.9993549982024612,25,0,10
34,9243,0.0007223397576563205,2.0554008789783515e-11,1.3300264131331057e-06,0.9992763301953785,25,0,10
34,9244,0.011318947934713186,1.4460194646766638e-11,4.4530300497919856e-06,0.9886765990207788,25,0,10
34,9245,0.011618980113558108,1.3944977836658419e-11,4.691137087039396e-06,0.9883763287354117,25,0,10
34,9246,0.0011226964946645943,1.2884480423980063e-11,1.4900965173581278e-06,0.9988758133959353,25,0,10
34,9247,0.0011843669594701156,1.9660544397518087e-11,1.729788069263852e-06,0.9988139032328023,25,0,10
34,9248,0.00110660238940373,1.4650443713594326e-11,1.2212940201549469e-06,0.9988921763019275,25,0,10
34,9249,0.0008643063898725287,1.002085606226117e-11,9.372180007161747e-07,0.999134756382107,25,0,10
34,9250,0.0008131097718541121,9.955173722068684e-12,8.665927959285111e-07,0.9991860236253958,25,0,10
34,9251,0.0004121581205199579,1.1407124640974537e-11,8.289060849349623e-07,0.9995870129619889,25,0,10
34,9252,0.0015951281518592506,1.4283028492836569e-11,1.3753019350032083e-06,0.9984034965319236,25,0,10
34,9253,0.0013649103996703285,1.5389507691058883e-11,1.3090532502934388e-06,0.9986337805316912,25,0,10
34,9254,0.0022407549117203994,2.3657322339293972e-11,8.857920276000895e-06,0.9977503871443463,25,0,10
34,9255,0.0008177601019323798,1.382155906919612e-11,6.070322241781654e-06,0.9991761695620053,25,0,10
34,9256,0.0008270518763932587,1.3949469769000315e-11,6.1523557910626686e-06,0.9991667957538677,25,0,10
34,9257,0.0008524318552703348,1.4556857803131888e-11,6.209606712019301e-06,0.9991413585234621,25,0,10
34,9258,0.001202369666634734,1.7123323599634897e-11,6.648714150589386e-06,0.9987909816020931,25,0,10
34,9259,0.0007368315268051522,1.2810398213357275e-11,6.09020028605938e-06,0.9992570782601,25,0,10
34,9260,0.0004697126870018902,7.938001497443637e-12,7.238463636703139e-07,0.999529563458698,25,0,10
34,9261,0.0023896420979247273,1.350276189196874e-11,1.4239633677107882e-06,0.9976089339252061,25,0,10
34,9262,0.0014944102772879075,1.0354987414806897e-11,1.1075314735113634e-06,0.9985044821808848,25,0,10
34,9263,0.0005679287197348962,7.394994767324834e-12,6.780974113330857e-07,0.99943139317546,25,0,10
34,9264,0.0003824725996362516,3.969133085986422e-11,7.944520359614127e-07,0.9996167329086376,25,0,10
34,9265,0.00046378601283692135,4.339080199597616e-11,1.052078459387975e-06,0.9995351618653139,25,0,10
34,9266,0.0006103913576053933,1.2802683085480914e-11,1.0728293991444623e-06,0.9993885358001934,25,0,10
34,9267,0.0005977986847077915,1.2582616170993516e-11,1.0028040332054013e-06,0.9994011984986774,25,0,10
34,9268,0.02027027000800968,1.474006908690912e-11,5.219849101693227e-06,0.9797245101281504,25,0,10
34,9269,0.00038485016785608814,8.559990733923012e-12,7.408050860692941e-07,0.9996144090184997,25,0,10
34,9270,0.0003794784316606569,5.313674561526797e-12,6.103315885381814e-07,0.9996199112314389,25,0,10
34,9271,0.0003671429335520799,7.45675995804022e-12,7.094316214959999e-07,0.9996321476273715,25,0,10
34,9272,0.00037745349181653106,9.50990039699245e-12,8.278248867825979e-07,0.9996217186737887,25,0,10
34,9273,0.0006518337743831763,8.310232173143819e-12,1.1069095272916371e-06,0.9993470593077811,25,0,10
34,9274,0.0006520490976856018,1.1289953110884987e-11,1.110781308675662e-06,0.9993468401097177,25,0,10
34,9275,0.0008832828701556595,1.2975407013599266e-11,1.5570177469535328e-06,0.9991151600991244,25,0,10
34,9276,0.0006500784822649222,1.6996870041346476e-11,1.4618204958056728e-06,0.9993484596802448,25,0,10
34,9277,0.0007455505911628968,2.2192642162676115e-11,1.7107216662077168e-06,0.9992527386649799,25,0,10
34,9278,0.0010011978677339837,2.823671566052461e-11,2.2786245866978557e-06,0.9989965234794438,25,0,10
34,9279,0.0011088304908960583,2.988988248313802e-11,2.4881796312322963e-06,0.9988886812995846,25,0,10
34,9280,0.0008126087078562402,1.9779815593579368e-11,1.5612810821500667e-06,0.9991858299912835,25,0,10
34,9281,0.0008915619221608991,2.5128853741838542e-11,1.7247853055468529e-06,0.9991067132674057,25,0,10
34,9282,0.0009142545684234719,1.6075894839425357e-11,1.4995119414401867e-06,0.9990842459035602,25,0,10
34,9283,0.0008331092767693187,1.6798882503657005e-11,1.4483008800353056e-06,0.9991654424055532,25,0,10
34,9284,0.0012858728337659783,1.9625596279364123e-11,1.7743282196225674e-06,0.9987123528183902,25,0,10
34,9285,0.001364141375234775,2.957507973593804e-11,2.287986975334707e-06,0.998633570608216,25,0,10
34,9286,0.0019529475059748976,2.280897630542986e-11,1.9955306500002645e-06,0.9980450569405674,25,0,10
34,9287,0.0013026214735563767,2.211747846481924e-11,1.8105609068019337e-06,0.9986955679434206,25,0,10
34,9288,0.001005734341463277,2.1222979250579386e-11,1.5629441262832115e-06,0.9989927026931885,25,0,10
34,9289,0.0015959916044026785,2.194438511016302e-11,2.287281606037688e-06,0.9984017210920478,25,0,10
34,9290,0.00188644199062994,2.0352605322397134e-11,5.06031869357224e-06,0.9981084976703256,25,0,10
34,9291,0.0024456550900753635,2.943439433541578e-11,6.6988156446871535e-06,0.997547646064847,25,0,10
34,9292,0.0018690393001586248,2.3512955716629198e-11,3.2246106451108647e-06,0.9981277360656847,25,0,10
34,9293,0.001846120806055718,2.243505373668068e-11,3.163318857765772e-06,0.998150715852652,25,0,10
34,9294,0.0016214404123922927,1.7407427524452427e-11,1.6111631482494557e-06,0.9983769484070523,25,0,10
34,9295,0.0018540061418992502,2.3232557479046352e-11,2.2658796201827287e-06,0.9981437279552486,25,0,10
34,9296,0.0016059144164738666,2.0158334304610032e-11,2.085386645579405e-06,0.998392000176723,25,0,10
34,9297,0.0009396859394919127,1.799678689880139e-11,1.6628423531510592e-06,0.9990586512001594,25,0,10
34,9298,0.0007802380281448421,1.1278608871838901e-11,1.089631478279779e-06,0.9992186723290998,25,0,10
34,9299,0.0010679304722656456,1.3526435137136281e-11,1.4533290718958051e-06,0.9989306161851372,25,0,10
34,9300,0.0010821496735527205,4.917026319563063e-11,1.6960784727399906e-06,0.9989161541988052,25,0,10
34,9301,0.0009052463748391437,4.726812968609235e-11,1.242913546142754e-06,0.9990935106643474,25,0,10
34,9302,0.0006897670545165781,4.8020729390495876e-11,1.2874417786854947e-06,0.9993089454556836,25,0,10
34,9303,0.0007505315847025962,4.9111005540421707e-11,1.4409527825802693e-06,0.9992480274134042,25,0,10
34,9304,0.0007433679690974041,4.9197378680147385e-11,1.4468652891060636e-06,0.9992551851164163,25,0,10
34,9305,0.0007393999499478851,5.4311927188601e-11,1.4660241864519508e-06,0.9992591339715543,25,0,10
34,9306,0.0009466956801172268,5.426459299498003e-11,1.560597768952378e-06,0.9990517436678497,25,0,10
34,9307,0.00046732571803784727,4.759681281245603e-11,1.0950669970160798e-06,0.9995315791673682,25,0,10
34,9308,0.00045700224551634594,1.3061185140066597e-11,9.567604798110575e-07,0.9995420409809432,25,0,10
34,9309,0.0004656513775930146,1.0328341461383261e-11,9.303451397724597e-07,0.9995334182669395,25,0,10
34,9310,0.0005553751802017247,1.019755599210873e-11,1.0231007639504981e-06,0.999443601708839,25,0,10
34,9311,0.0005455818217925807,9.754047617905301e-12,1.0655721111508938e-06,0.9994533525963442,25,0,10
34,9312,0.0005224722032314715,9.663368574661506e-12,9.804614440877967e-07,0.9994765473256632,25,0,10
34,9313,0.0007628704991503626,1.3666154348743493e-10,4.31769061736889e-06,0.9992328116735724,25,0,10
34,9314,0.0007657724798683529,1.3349562024783836e-10,4.257051715968102e-06,0.9992299703349217,25,0,10
34,9315,0.0008522239536556986,1.4047562008457107e-10,4.64731489865649e-06,0.9991431285909713,25,0,10
34,9316,0.0005653116532093731,1.7997635358805502e-11,1.3843006313013551e-06,0.9994333040281628,25,0,10
34,9317,0.00048701599859856504,1.4550322973779946e-11,1.22792807644901e-06,0.999511756058776,25,0,10
34,9318,0.00040743524905263175,1.1284094136193936e-11,1.0517073584187037e-06,0.9995915130323066,25,0,10
34,9319,0.0006767510258641463,4.693583155644856e-11,1.4823688758326853e-06,0.9993217665583262,25,0,10
34,9320,0.0006682186635390529,4.699726467454839e-11,1.289190134568041e-06,0.99933049209933,25,0,10
34,9321,0.000653838845216588,4.563770223412911e-11,1.206941284958548e-06,0.9993449541678622,25,0,10
34,9322,0.0018092950945382876,8.759712211959861e-11,4.531000756270425e-06,0.9981861738171102,25,0,10
34,9323,0.0016197144851231343,2.4517666825854057e-11,4.175668457579084e-06,0.9983761098219034,25,0,10
34,9324,0.001724203323541233,2.1309911507226753e-11,4.209914829945034e-06,0.9982715867403202,25,0,10
34,9325,0.0008778230950078486,1.5988426738275176e-11,1.4069691712193715e-06,0.9991207699198335,25,0,10
34,9326,0.0021694323609965822,8.422346711160707e-11,6.863645603290632e-06,0.9978237039091772,25,0,10
34,9327,0.0020073964975551462,8.620471437185001e-11,6.829140772311759e-06,0.9979857742754686,25,0,10
34,9328,0.0007653903318546903,2.0148928241800737e-11,1.6038001963768145e-06,0.9992330058478004,25,0,10
34,9329,0.001222626869914361,1.3520110403034386e-11,1.5936123721004654e-06,0.9987757795041939,25,0,10
34,9330,0.0012300017273903857,1.2665720577225118e-11,2.326177578554977e-06,0.9987676720823662,25,0,10
34,9331,0.0011329988559116298,1.2592871667044383e-11,1.6555919977246477e-06,0.9988653455394987,25,0,10
34,9332,0.0011852059105829573,1.5126627257469916e-11,1.6037602643775135e-06,0.9988131903140273,25,0,10
34,9333,0.0007137459740442189,1.1143086449047784e-11,1.164096935849529e-06,0.9992850899178789,25,0,10
34,9334,0.0007046419703332854,1.2721619222527805e-11,1.1739169455743972e-06,0.9992941841000013,25,0,10
34,9335,0.0007191815193658839,1.223512706532554e-11,1.133950913539117e-06,0.9992796845174867,25,0,10
34,9336,0.0008312313602044896,1.3277868318107742e-11,1.0533165878581721e-06,0.9991677153099313,25,0,10
34,9337,0.0008468950404767789,1.3481772505214098e-11,1.0564090814967848e-06,0.9991520485369614,25,0,10
34,9338,0.001763565255745824,1.587346877343385e-11,1.6139774451407112e-06,0.9982348207509364,25,0,10
34,9339,0.001065255378458875,1.2032071803506213e-11,1.0913357572638707e-06,0.9989336532737522,25,0,10
34,9340,0.0005941610162629599,1.0767422994947745e-11,8.150844850909372e-07,0.999405023888485,25,0,10
34,9341,0.0003455378072873383,6.860184530134102e-12,2.6614457394351967e-06,0.9996518007401136,25,0,10
34,9342,0.000505629924523799,7.216610309856264e-11,4.939942158000645e-06,0.9994894300611514,25,0,10
34,9343,0.0004993901909350451,7.565990861655719e-11,5.0797871336752876e-06,0.9994955299462714,25,0,10
34,9344,0.0007091628325505799,1.0460113743629238e-10,5.183290572679852e-06,0.9992856537722764,25,0,10
34,9345,0.0009371585018545748,1.0621459614506172e-10,5.3653714348689845e-06,0.9990574760204973,25,0,10
34,9346,0.0007091996879992875,1.3833817148694719e-10,5.369235347838535e-06,0.9992854309383157,25,0,10
34,9347,0.0006426491143274162,4.379730055154567e-11,3.310698019742366e-06,0.999354040143857,25,0,10
34,9348,0.000637374234511238,4.186033554747855e-11,3.253043953771597e-06,0.9993593726796764,25,0,10
34,9349,0.000667090792137839,4.395877781362324e-11,1.2208213249087383e-06,0.9993316883425802,25,0,10
34,9350,0.00081490298222462,1.2798075473962625e-11,1.2435749232506593e-06,0.9991838534300561,25,0,10
34,9351,0.0007529777091277971,1.4894926901795654e-11,1.1376788720710057e-06,0.9992458845971073,25,0,10
34,9352,0.0007971239905899173,1.4589137849464672e-11,1.2475037660566697e-06,0.9992016284910568,25,0,10
34,9353,0.0014776553331874737,1.5068004711758067e-11,1.5098463397990602e-06,0.9985208348054064,25,0,10
34,9354,0.0010370478879107921,9.769384261804727e-12,1.2735917648329933e-06,0.9989616785105566,25,0,10
34,9355,0.0011218184431199619,1.5620373671862355e-11,1.6783519302729502e-06,0.9988765031893311,25,0,10
34,9356,0.002085490265080958,5.03064589381609e-11,4.370098576762214e-06,0.9979101395860371,25,0,10
34,9357,0.001974085707836334,5.1273262099887517e-11,4.287156237174423e-06,0.9980216270846547,25,0,10
34,9358,0.0013324211159882002,1.538693340691455e-11,1.330422454136395e-06,0.9986662484461728,25,0,10
34,9359,0.001082583925305266,1.0563341411746525e-11,1.0354202419409049e-06,0.9989163806438915,25,0,10
34,9360,0.0010944978245853905,1.0559748819642009e-11,1.0191737341388663e-06,0.9989044829911218,25,0,10
34,9361,0.0011153527965945664,4.24538108680899e-11,1.1796357903485847e-06,0.9988834675251635,25,0,10
34,9362,0.0011120110513087637,1.0461370646369825e-10,1.3905835905705218e-06,0.9988865982604892,25,0,10
34,9363,0.0008166743591924441,1.0136084682463531e-10,1.0724027816453721e-06,0.9991822531366672,25,0,10
34,9364,0.0008139636485224198,1.0119288601817645e-10,1.0516292312313949e-06,0.9991849846210554,25,0,10
34,9365,0.0003605873545305345,3.868692226739741e-11,7.186664744874694e-07,0.9996386939403104,25,0,10
34,9366,0.0005523921635512628,4.145608846383532e-11,1.0659437639418556e-06,0.9994465418512303,25,0,10
34,9367,0.0005385986715677411,9.276981359288119e-12,9.887210703066365e-07,0.9994604125980868,25,0,10
34,9368,0.000790833226391148,1.4534455982194978e-11,1.4920562087638196e-06,0.9992076747028666,25,0,10
34,9369,0.0014640908707213877,1.6696707304636044e-11,1.778749573129096e-06,0.9985341303630098,25,0,10
34,9370,0.0016819195521644947,1.601940353740603e-11,1.6541492509205426e-06,0.9983164262825659,25,0,10
34,9371,0.0005435576787106911,1.1784298520798731e-11,1.2004489163274847e-06,0.9994552418605899,25,0,10
34,9372,0.0005291299470202863,1.1837183326639126e-11,1.0785892132897482e-06,0.9994697914519306,25,0,10
34,9373,0.0009047579633732687,1.5738751021187112e-11,1.4773523754348487e-06,0.999093764668513,25,0,10
34,9374,0.0010545651216031108,1.7581248317685925e-11,1.5647403492976192e-06,0.9989438701204679,25,0,10
34,9375,0.0013696912197662537,1.713610664440376e-11,1.6377561830010552e-06,0.998628671006916,25,0,10
34,9376,0.0009141796984568997,1.2788991280304472e-11,1.276264042370116e-06,0.9990845440247134,25,0,10
34,9377,0.0010014252162081376,1.9157630133644137e-11,1.739851734440048e-06,0.9989968349129011,25,0,10
34,9378,0.01715868574141939,2.427568936130892e-11,6.495714947940204e-06,0.982834818519358,25,0,10
34,9379,0.016662110835420022,1.8973636580934494e-11,5.912486052322176e-06,0.9833319766595552,25,0,10
34,9380,0.016586005014739696,1.4834448161342668e-11,5.65890325807437e-06,0.983408336067169,25,0,10
34,9381,0.016326931828228527,1.3564943071488522e-11,4.7748534530889506e-06,0.9836682933047547,25,0,10
34,9382,0.01650539062978503,1.3273767603688684e-11,4.6755664093972205e-06,0.983489933790533,25,0,10
34,9383,0.01744668665129736,1.928539137171242e-11,5.325159060059374e-06,0.9825479881703586,25,0,10
34,9384,0.016509153926399775,1.651886906582233e-11,4.921912601179604e-06,0.9834859241444812,25,0,10
34,9385,0.0012533626098933295,1.2692403484442752e-11,1.3167460633527496e-06,0.9987453206313519,25,0,10
34,9386,0.0012464281507310658,9.087280933789436e-12,1.2163592571177963e-06,0.9987523554809262,25,0,10
34,9387,0.0012550268953039016,1.0573392782358888e-11,1.006528327365642e-06,0.9987439665657972,25,0,10
34,9388,0.001025991385634339,7.989897673601638e-12,7.704550422403948e-07,0.9989732381513357,25,0,10
34,9389,0.001124806651666098,2.1546652319550455e-11,1.4771389708070307e-06,0.9988737161878184,25,0,10
34,9390,0.0008186611889526793,1.3307347049028606e-11,1.0388438469289954e-06,0.9991802999538948,25,0,10
34,9391,0.0010388740659237475,4.042868108667116e-11,6.05269881427372e-06,0.9989550731948352,25,0,10
34,9392,0.0014314190238177698,3.933229480222549e-11,6.261913544335263e-06,0.9985623190233076,25,0,10
34,9393,0.001734288241599275,3.947264708148355e-11,6.447274714278357e-06,0.9982592644442156,25,0,10
34,9394,0.0015576607601434532,9.688949792996424e-12,1.4524613921194378e-06,0.9984408867687775,25,0,10
34,9395,0.0015677750122276618,1.2409907350757183e-11,1.5147555667187723e-06,0.9984307102197973,25,0,10
34,9396,0.0016800387008302717,1.0450550474203325e-11,1.4579889895369853e-06,0.9983185032997316,25,0,10
34,9397,0.000921612198137459,7.446296439870269e-12,9.327674709630798e-07,0.9990774550269471,25,0,10
34,9398,0.002636305460292643,1.3764651933640122e-10,8.15046830860545e-06,0.9973555439337543,25,0,10
34,9399,0.0031582968842241415,1.5046789998235846e-10,8.853827718485466e-06,0.9968328491375918,25,0,10
34,9400,0.0030200698721451497,1.4872285344788296e-10,9.015369065565182e-06,0.9969709146100688,25,0,10
34,9401,0.00047142889026317977,1.1197263737171396e-11,9.64144021450289e-07,0.9995276069545206,25,0,10
34,9402,0.0006389601106009773,1.0679489182599273e-11,8.607997398444007e-07,0.9993601790789819,25,0,10
34,9403,0.0004099463780655851,8.249354694675687e-12,9.896723845444537e-07,0.9995890639413025,25,0,10
34,9404,0.0008865941326057181,1.4180382091183517e-11,1.5774021506581182e-06,0.9991118284510653,25,0,10
34,9405,0.0011353852231024081,9.690847040065406e-12,4.152028469158299e-06,0.9988604627387397,25,0,10
34,9406,0.0009239614692599681,9.699881500082995e-12,3.8794702378202915e-06,0.9990721590508038,25,0,10
34,9407,0.001283996971849259,1.6025222192525092e-11,4.426919393380491e-06,0.9987115760927329,25,0,10
34,9408,0.0014782567949417765,2.8836017617961664e-11,5.104103347251781e-06,0.9985166390728759,25,0,10
34,9409,0.0022823364347973295,1.8171235784944692e-11,4.562569164770597e-06,0.9977131009778673,25,0,10
34,9410,0.0020388947824450353,1.6224695560798524e-11,1.5436683851784314e-06,0.9979595615329457,25,0,10
34,9411,0.001333539979714315,1.077658943192122e-11,1.1185328207771896e-06,0.9986653414766898,25,0,10
34,9412,0.000432941141278239,9.63717849665302e-12,8.077955429514545e-07,0.9995662510535435,25,0,10
34,9413,0.0005014966938167164,1.0293888457929352e-11,9.753420513876294e-07,0.9994975279538388,25,0,10
34,9414,0.000492269659532687,9.809724632341945e-12,8.840167480905378e-07,0.999506846313911,25,0,10
34,9415,0.00038088638566613356,7.115800465309447e-12,5.636766169042275e-07,0.9996185499306026,25,0,10
34,9416,0.0005291885151595256,9.154824989325325e-12,1.0266315161523702e-06,0.9994697848441711,25,0,10
34,9417,0.0005238492369906656,7.452871528052949e-12,9.288723139406839e-07,0.9994752218832444,25,0,10
34,9418,0.0012093103688237115,1.2129091352388969e-11,1.3270877306139838e-06,0.9987893625313184,25,0,10
34,9419,0.001026592204333516,1.0673687477264606e-11,1.0184046338476215e-06,0.9989723893803604,25,0,10
34,9420,0.0004204663623985766,1.5668662012492264e-10,6.611697603445388e-06,0.9995729217833129,25,0,10
34,9421,0.000410091231570173,1.5649890831227507e-10,6.610205333937105e-06,0.999583298406599,25,0,10
34,9422,0.00033601088727469515,5.670824809345863e-12,5.287096054825804e-07,0.9996634603974508,25,0,10
34,9423,0.0007989837945924105,5.7836655617607695e-12,6.766747445051138e-07,0.999200339524881,25,0,10
34,9424,0.0012703711907091153,1.1149892967990326e-11,1.1091284223017312e-06,0.9987285196697198,25,0,10
34,9425,0.0011754132710655668,1.1881903867150649e-11,2.1777435879501488e-06,0.9988224089734652,25,0,10
34,9426,0.0009776429103622163,1.2022557184591561e-11,2.117695320043612e-06,0.9990202393822963,25,0,10
34,9427,0.0015184145328786607,9.716045985966711e-12,1.2032466676321658e-06,0.9984803822107391,25,0,10
34,9428,0.0022066684114986548,1.1952700457704534e-11,1.546103283924245e-06,0.9977917854732655,25,0,10
34,9429,0.0012929037364733176,7.620889481820415e-12,9.175438255486108e-07,0.998706178712081,25,0,10
34,9430,0.0009670464244051669,1.0468088020897394e-11,1.1282479844172311e-06,0.9990318253171431,25,0,10
34,9431,0.0008885832191468382,8.119023411735787e-12,8.746618574421244e-07,0.9991105421108774,25,0,10
34,9432,0.0016889588804446017,1.6560995054046183e-11,4.273006968146931e-06,0.998306768096027,25,0,10
34,9433,0.001612336163184094,1.569689802033225e-11,4.122825799484535e-06,0.9983835409953202,25,0,10
34,9434,0.0016763421423838362,2.3519456164032073e-11,4.606100792250205e-06,0.9983190517333058,25,0,10
34,9435,0.0016070566326099722,1.8498838242079675e-11,4.815631363465151e-06,0.9983881277175298,25,0,10
34,9436,0.0015437961335937505,1.9300672235668704e-11,4.6894035460933925e-06,0.9984515144435612,25,0,10
34,9437,0.0015489288827464517,2.2045483351778124e-11,4.835258652229097e-06,0.9984462358365576,25,0,10
34,9438,0.0019011805728050548,2.4169535411946267e-11,4.9343835826051285e-06,0.9980938850194443,25,0,10
34,9439,0.0012724667027330236,1.74772755842119e-11,1.8205151705046973e-06,0.9987257127646204,25,0,10
34,9440,0.002629370434386158,1.1850351982451572e-10,9.354562323337973e-06,0.9973612748847881,25,0,10
34,9441,0.0024080615289310933,1.1537581386247048e-10,9.119861888408969e-06,0.9975828184938055,25,0,10
34,9442,0.002621896234565948,1.188474389096341e-10,9.295636638548889e-06,0.9973688080099491,25,0,10
34,9443,0.0020120277824783065,1.1038351529520603e-10,8.830480461139114e-06,0.9979791416266776,25,0,10
34,9444,0.0023235392526505237,1.1494863963819793e-10,8.911624755760153e-06,0.9976675490076464,25,0,10
34,9445,0.0009390043074765222,1.3321047626333682e-11,1.2282401816041946e-06,0.9990597674390221,25,0,10
34,9446,0.0014221749110618176,4.9235935686191027e-11,3.781334748898281e-06,0.9985740437049541,25,0,10
34,9447,0.001194834016258166,4.605765056921169e-11,3.5623462012280797e-06,0.9988016035914842,25,0,10
34,9448,0.0006629785643816787,1.0528334658235983e-11,8.876361419634349e-07,0.9993361337889491,25,0,10
34,9449,0.010962849700318227,1.0137812997971253e-11,3.856602009431609e-06,0.9890332936875352,25,0,10
34,9450,0.0005895588183226072,8.940683193229081e-12,2.043485279133523e-06,0.999408397687459,25,0,10
34,9451,0.0007425563624194806,1.6145255062991863e-11,6.310766556007229e-06,0.9992511328548801,25,0,10
34,9452,0.0007519740870896779,1.574284238221518e-11,6.522698021032472e-06,0.9992415031991472,25,0,10
34,9453,0.0004968395147025414,1.1188314569624429e-11,1.1540896604882332e-06,0.9995020063844501,25,0,10
34,9454,0.0010711206293443996,1.3371658052257265e-11,1.421820687594523e-06,0.9989274575365971,25,0,10
34,9455,0.0007705078756414685,1.0526114470039605e-11,1.079662577025876e-06,0.9992284124512568,25,0,10
34,9456,0.0009467816013122496,1.248050068472115e-11,1.4835835024877546e-06,0.9990517348027058,25,0,10
34,9457,0.0011827797977732968,1.5659403683070934e-11,1.6806605344141153e-06,0.9988155395260339,25,0,10
34,9458,0.0013251550815812005,1.8426109911294703e-11,2.00763448380366e-06,0.9986728372655097,25,0,10
34,9459,0.0013186497508309752,1.635925337511657e-11,2.0093665384345484e-06,0.9986793408662717,25,0,10
34,9460,0.0012032566531294628,1.628135024884598e-11,1.8188905079908401e-06,0.9987949244400817,25,0,10
34,9461,0.0010547429948771726,1.3855681393348752e-11,1.4947242928340582e-06,0.9989437622669745,25,0,10
34,9462,0.0008330430883312234,7.716369077089728e-11,2.957930881002597e-06,0.9991639989036244,25,0,10
34,9463,0.0009105182167544927,8.786413521035238e-11,3.324155987886294e-06,0.9990861575393943,25,0,10
34,9464,0.000771488946765521,2.2434090684795903e-11,1.4563114830456699e-06,0.9992270547193187,25,0,10
34,9465,0.0006682529520777328,1.9717922863962178e-11,1.1829189431690027e-06,0.9993305641092626,25,0,10
34,9466,0.000662577538803484,1.2012935678952797e-11,9.869794536955728e-07,0.9993364354697316,25,0,10
34,9467,0.0006706449312436781,1.1969515704045294e-11,9.867290170478433e-07,0.9993283683277716,25,0,10
34,9468,0.00041777427008621396,9.400577257620264e-12,8.069869675504743e-07,0.999581418733547,25,0,10
34,9469,0.0006610613991727767,1.1428883768647438e-11,9.70701263772048e-07,0.9993379678881356,25,0,10
34,9470,0.00044888601194855994,9.987200986559395e-12,3.0693955034983282e-06,0.9995480445825611,25,0,10
34,9471,0.000560329958440444,1.0178028149555235e-11,3.340726420290794e-06,0.9994363293049616,25,0,10
34,9472,0.0005514270681737945,1.0187962523934923e-11,3.294753116087615e-06,0.9994452781685229,25,0,10
34,9473,0.0012959611991932118,4.798217364257203e-11,6.715701252435597e-06,0.9986973230515721,25,0,10
34,9474,0.0007596036419280579,1.5824802437641064e-11,7.988541230900653e-06,0.9992324078010165,25,0,10
34,9475,0.0011605780667650134,1.9032206905638084e-11,4.201126793925659e-06,0.9988352207874099,25,0,10
34,9476,0.000920505278165723,1.9859630588839902e-11,3.966966127543815e-06,0.9990755277358487,25,0,10
34,9477,0.0007819156227409497,1.7124448987084157e-11,1.384413032117862e-06,0.9992166999471046,25,0,10
34,9478,0.0006524437091816301,1.489493802005967e-11,1.091116647801093e-06,0.9993464651592767,25,0,10
34,9479,0.0008961936489537117,1.3789824294299938e-11,1.1875621573565038e-06,0.9991026187750998,25,0,10
34,9480,0.0016399238908978468,1.5611183255245735e-11,1.916438662962224e-06,0.9983581596548291,25,0,10
34,9481,0.0013416825040462063,4.525068171619977e-11,1.7102555399002456e-06,0.9986566071951641,25,0,10
34,9482,0.0015834096797654159,4.980530128265581e-11,2.4254565855442914e-06,0.9984141648138447,25,0,10
34,9483,0.0013502622908672978,1.4222485245744741e-11,2.0424655408194695e-06,0.9986476952293702,25,0,10
34,9484,0.001356047729494759,1.1286486404038355e-10,5.2791401633125764e-06,0.9986386730174782,25,0,10
34,9485,0.0009367863618634121,1.548799602812034e-11,1.7633001454911515e-06,0.9990614503225053,25,0,10
34,9486,0.0009152583030694208,1.4246028242411706e-11,1.5530639475222127e-06,0.9990831886187393,25,0,10
34,9487,0.0008146948459241147,1.484692668689822e-11,4.356479849657767e-06,0.9991809486593813,25,0,10
34,9488,0.0007530672908562645,1.1130734512185857e-11,4.081297798464226e-06,0.9992428514002161,25,0,10
34,9489,0.0012983489423710661,2.0028456641576287e-11,7.845707094416588e-06,0.9986938053305076,25,0,10
34,9490,0.0015178874859015437,1.3348834500084069e-11,6.615479338589873e-06,0.998475497021412,25,0,10
34,9491,0.0015838693735406495,1.559541727249032e-11,6.8101354395391e-06,0.9984093204754256,25,0,10
34,9492,0.00046585510757491603,1.013584853659217e-11,7.560610637777461e-07,0.9995333888212266,25,0,10
34,9493,0.0003868309731497819,5.86408256081338e-12,5.592539898392023e-07,0.9996126097669975,25,0,10
34,9494,0.0003781683468590822,5.751893422692291e-12,5.854133594913146e-07,0.9996212462340307,25,0,10
34,9495,0.00039002653056559956,7.373578964556218e-12,6.12408410873171e-07,0.9996093610536516,25,0,10
34,9496,0.0006196481041592118,1.016218561194553e-10,1.1757249295091993e-06,0.9993791760692909,25,0,10
34,9497,0.0005824482371564712,1.0064757279355001e-10,1.1486113982464696e-06,0.9994164030507995,25,0,10
34,9498,0.00041196198629422394,9.475790148883618e-12,7.55886291853195e-07,0.9995872821179397,25,0,10
34,9499,0.0007646679684698645,1.3262594659654404e-11,1.277183554544249e-06,0.9992340548347145,25,0,10
34,9500,0.0010325464647990578,1.0631953654243556e-11,1.065161453786184e-06,0.9989663883631166,25,0,10
34,9501,0.001269126283899262,9.689469962473391e-12,1.1158695524455504e-06,0.9987297578368601,25,0,10
34,9502,0.0013126119635105016,7.641867917405285e-12,1.1292430322034064e-06,0.9986862587858168,25,0,10
34,9503,0.0015964569444366001,1.0710193410991186e-11,1.3723294200185286e-06,0.9984021707154345,25,0,10
34,9504,0.0015431722986803057,1.0500776171317929e-11,1.2569910937236446e-06,0.9984555706997262,25,0,10
34,9505,0.0015624394852756884,1.076351005671583e-11,1.279694209922535e-06,0.9984362808097523,25,0,10
34,9506,0.0008789145070574614,8.696239787107211e-12,9.50649328450583e-07,0.9991201348349195,25,0,10
34,9507,0.001334042235778359,1.1948410707990416e-11,1.2159162034417341e-06,0.9986647418360718,25,0,10
34,9508,0.0015713120070423093,1.5099068312201948e-11,1.3554708927959876e-06,0.9984273325069674,25,0,10
34,9509,0.0014899786516945756,8.639837489070649e-12,1.0081667725086027e-06,0.9985090131728945,25,0,10
34,9510,0.0005670238219655492,5.361482567194373e-12,5.474995011689463e-07,0.9994324286731731,25,0,10
34,9511,0.0008106731037704489,5.967179299584054e-12,6.904554570841344e-07,0.9991886364348068,25,0,10
34,9512,0.0008814293299969613,7.625506507475741e-12,8.325294315986442e-07,0.999117738132947,25,0,10
34,9513,0.0007906494489378354,1.3039531705684893e-11,1.211322197452785e-06,0.9992081392158261,25,0,10
34,9514,0.0006729119278418104,8.84560559414366e-12,9.055474341978946e-07,0.999326182515879,25,0,10
34,9515,0.0011224108019544864,1.4161906564886509e-11,3.869712257988071e-06,0.998873719471626,25,0,10
34,9516,0.0009461833650133353,7.255699318352932e-11,2.6480338701326976e-06,0.9990511685285616,25,0,10
34,9517,0.0009527279946635428,7.458579550974298e-11,2.6952728194846668e-06,0.9990445766579333,25,0,10
34,9518,0.0009316412084271605,7.460847387580713e-11,2.6961346147161535e-06,0.9990656625823519,25,0,10
34,9519,0.000333716659784571,1.0454064327720467e-11,6.250265675392881e-07,0.9996656583031962,25,0,10
34,9520,0.00032999238701310237,9.915680088639166e-12,6.233494717914502e-07,0.999669384253602,25,0,10
34,9521,0.0003958789037213185,7.340021318197657e-11,1.028215109981796e-06,0.9996030928077708,25,0,10
34,9522,0.00041190610626091686,7.343521230758107e-11,1.0001255720628473e-06,0.999587093694734,25,0,10
34,9523,0.0007799482882391549,1.6749745521843648e-10,1.4902789405815868e-06,0.9992185612653245,25,0,10
34,9524,0.0007760516604221779,1.6719588921012574e-10,1.444381272831469e-06,0.9992225037911113,25,0,10
34,9525,0.0007716164083179934,1.9575009570592956e-10,1.4205152196504167e-06,0.9992269628807136,25,0,10
34,9526,0.000652513207479492,1.936672293782246e-10,1.1217836491511019e-06,0.9993463648152051,25,0,10
34,9527,0.00043550169480642006,1.6627595440860041e-10,1.1687611018535421e-06,0.9995633293778166,25,0,10
34,9528,0.00036016886887279284,1.1114033943852363e-11,7.403544558662626e-07,0.9996390907655575,25,0,10
34,9529,0.0006679911667814823,1.3516830564919448e-11,1.0425889012231293e-06,0.9993309662308006,25,0,10
34,9530,0.0009161862245138646,1.7652141542433988e-11,1.255922914931146e-06,0.999082557834919,25,0,10
34,9531,0.0011539050675732417,1.6565118685303434e-11,1.5551546708035108e-06,0.9988445397611918,25,0,10
34,9532,0.001239483692089145,2.041853592569187e-11,1.8816176559556381e-06,0.9987586346698372,25,0,10
34,9533,0.0015651632374532368,1.8198135875399295e-11,1.7694402479275326e-06,0.9984330673041018,25,0,10
34,9534,0.0017976328566478392,2.3672618915221002e-11,2.1272560582794565e-06,0.9982002398636216,25,0,10
34,9535,0.0014086823464958115,8.295603052974018e-11,4.458777627873653e-06,0.9985868587929209,25,0,10
34,9536,0.0013965585100317967,8.1803713319505e-11,4.348314198214431e-06,0.998599093093967,25,0,10
34,9537,0.001522368842180345,8.857886605959313e-11,3.93153569198651e-06,0.9984736995335495,25,0,10
34,9538,0.0011445620245041672,7.683665535868671e-11,3.059418759844453e-06,0.9988523784798996,25,0,10
34,9539,0.0009118373983642846,7.24887343665874e-11,2.8548676065301626e-06,0.9990853076615409,25,0,10
34,9540,0.0008438556486947506,1.157319854028007e-11,9.494488029798787e-07,0.9991551948909294,25,0,10
34,9541,0.0008602474039206207,1.0007588339711909e-11,8.744176257054528e-07,0.9991388781684468,25,0,10
34,9542,0.0007808880177802724,5.2116300136326874e-12,6.100030205145422e-07,0.9992185019739889,25,0,10
34,9543,0.0008510656697977584,7.183635672399891e-12,7.940672256708726e-07,0.9991481402557945,25,0,10
34,9544,0.010523357716991344,1.0244236411394093e-11,3.911570388922436e-06,0.989472730702377,25,0,10
34,9545,0.0007819859318548894,5.256366857797192e-12,6.062951992058037e-07,0.9992174077676915,25,0,10
34,9546,0.001015527901932603,8.861689471855259e-12,8.180145823427843e-07,0.9989836540746255,25,0,10
34,9547,0.0013787294494464167,1.1010091420459961e-10,2.4468264384030488e-06,0.998618823614016,25,0,10
34,9548,0.0009785895651355932,1.5230836162504908e-11,1.1294913078384873e-06,0.999020280928327,25,0,10
34,9549,0.0005327754758370846,1.896283140232375e-11,1.0551863146079524e-06,0.9994661693188857,25,0,10
34,9550,0.00046383043754160926,4.807591286525607e-11,9.439817804248524e-07,0.9995352255326024,25,0,10
34,9551,0.00041668738043027176,4.7913522682178304e-11,8.361180047786288e-07,0.9995824764536521,25,0,10
34,9552,0.0005977998087716295,5.171435256720889e-11,1.2628130091417904e-06,0.9994009373265058,25,0,10
34,9553,0.000519062945068496,4.821463180965441e-11,1.0118759714177255e-06,0.9994799251307461,25,0,10
34,9554,0.00039940204690110207,4.2313984783236545e-11,7.172629301961126e-07,0.9995998806478558,25,0,10
34,9555,0.0003701980745908938,3.946739572042831e-11,5.309018068717239e-07,0.9996292709841365,25,0,10
34,9556,0.00036030309513189815,5.2685437753413245e-12,4.886111412839059e-07,0.9996392082884594,25,0,10
34,9557,0.00041518268944867675,6.058180540567579e-12,3.4386978238611213e-06,0.9995813786066712,25,0,10
34,9558,0.0004226935480995647,6.01967349627531e-12,3.43409560368018e-06,0.999573872350279,25,0,10
34,9559,0.00044126173786826326,7.909742718104257e-12,4.433980623609522e-06,0.9995543042736001,25,0,10
34,9560,0.0008504641943296692,9.541892590932233e-12,1.8113207674580405e-06,0.9991477244753628,25,0,10
34,9561,0.001078893825757759,1.2582215398787757e-11,2.1711462972343465e-06,0.9989189350153646,25,0,10
34,9562,0.0010912600342870315,1.3116125487255252e-11,2.1159781149271895e-06,0.9989066239744837,25,0,10
34,9563,0.0006403176879666853,1.5060768951032215e-11,1.8306699340102818e-06,0.9993578516270404,25,0,10
34,9564,0.0007015978819913955,4.834443513198908e-11,4.462533685205823e-06,0.9992939395359809,25,0,10
34,9565,0.0007764741304750233,5.73047059415531e-11,3.8929036126234565e-06,0.9992196329086097,25,0,10
34,9566,0.0008701255438556373,5.7694615458975146e-11,4.0294959087231714e-06,0.9991258449025427,25,0,10
34,9567,0.0007967580582652968,5.5424711432545874e-11,3.854444580287566e-06,0.9991993874417318,25,0,10
34,9568,0.0005260953283277309,1.0630931201561007e-11,2.4050126985045622e-06,0.9994714996483451,25,0,10
34,9569,0.0007598900438939621,1.2881333167037844e-11,2.628347560470556e-06,0.9992374815956654,25,0,10
34,9570,0.0009405020077038691,1.4972379593042052e-11,3.0247048508771196e-06,0.999056473272474,25,0,10
34,9571,0.001739372142262216,4.7900902580865795e-11,4.737713240430146e-06,0.998255890096597,25,0,10
34,9572,0.0009343149753141682,1.4848879288998755e-11,1.264802630049339e-06,0.9990644202072073,25,0,10
34,9573,0.0007012034528037242,2.4766471671213314e-10,9.594808909588932e-07,0.9992978368186417,25,0,10
34,9574,0.0006061883270025615,2.7588329716560814e-10,7.924937030029447e-07,0.9993930189034128,25,0,10
34,9575,0.0006259298561561717,4.4292659090306125e-11,8.811432770175121e-07,0.9993731889562754,25,0,10
34,9576,0.0013231186716937615,8.234065784943734e-11,5.1909165307288195e-06,0.9986716903294355,25,0,10
34,9577,0.0013681715902127425,4.8576958680506204e-11,5.075507447173778e-06,0.9986267528537638,25,0,10
34,9578,0.001397297174051537,5.306826012899451e-11,5.255649531531421e-06,0.9985974471233493,25,0,10
34,9579,0.0006842565365415129,1.4043040140126462e-11,9.761638228040006e-07,0.9993147672855937,25,0,10
34,9580,0.0007367910219055747,1.5092539284169904e-11,1.1245209459044635e-06,0.999262084442057,25,0,10
34,9581,0.0006794030137173791,1.2960718196953936e-11,9.746754018828124e-07,0.9993196222979215,25,0,10
34,9582,0.0013395124232356945,2.4606889648526755e-11,1.9656976930922343e-06,0.9986585218544648,25,0,10
34,9583,0.0010938812907688676,2.0949506434309318e-11,1.805523613538397e-06,0.9989043131646685,25,0,10
34,9584,0.0015552352295671473,2.0222260407128337e-11,3.405611055015807e-06,0.9984413591391567,25,0,10
34,9585,0.0017547090684598117,1.9047365699915142e-11,3.360697609842488e-06,0.9982419302148845,25,0,10
34,9586,0.0012309038596105683,1.4160842326455851e-11,1.5517136251764728e-06,0.9987675444126047,25,0,10
34,9587,0.0019957649690042403,1.812482152971153e-11,3.235777245439913e-06,0.9980009992356268,25,0,10
34,9588,0.001198945668099126,2.3911234249553266e-11,3.019442029292252e-06,0.9987980348659617,25,0,10
34,9589,0.0012722662410093802,2.6209681618353897e-11,3.24891939880027e-06,0.9987244848133834,25,0,10
34,9590,0.001491833638686811,6.387128175405678e-11,3.543531661147009e-06,0.9985046227657821,25,0,10
34,9591,0.0016693716851264603,3.492965642974973e-11,3.513953343063941e-06,0.9983271143266021,25,0,10
34,9592,0.0030111176107379574,3.778869439679947e-11,4.181531277593481e-06,0.9969847008201964,25,0,10
34,9593,0.003000284855940445,3.033449269191052e-11,4.082178001540752e-06,0.9969956329357237,25,0,10
34,9594,0.002693822655324263,2.449353573241531e-11,2.2236746742557135e-06,0.9973039536455081,25,0,10
34,9595,0.002651730964153694,2.3205259480259865e-11,2.450932482535931e-06,0.9973458180801593,25,0,10
34,9596,0.0012438168432690468,1.8029563552619568e-11,1.6786059009201286e-06,0.9987545045328017,25,0,10
34,9597,0.0007264607216409977,1.542706166609447e-11,1.584414085154687e-06,0.999271954848848,25,0,10
34,9598,0.0012661437239379458,2.4321244141316286e-11,2.0814008580174146e-06,0.998731774850884,25,0,10
34,9599,0.0011192174692995376,1.7898508542155324e-11,1.638723289722483e-06,0.9988791437895139,25,0,10
34,9600,0.0017636967123650501,2.1540241803533077e-11,3.4263561801729114e-06,0.9982328769099159,25,0,10
34,9601,0.0017808108251166164,2.1729697902882194e-11,3.446156979986334e-06,0.9982157429961752,25,0,10
34,9602,0.0028849946650864483,2.0394758916713347e-11,4.140709378101878e-06,0.9971108646051412,25,0,10
34,9603,0.0008332992919393707,1.3385965863524591e-11,1.4581878989727352e-06,0.9991652425067763,25,0,10
34,9604,0.0014639202945340062,4.5694969468374535e-11,4.763406835848385e-06,0.9985313162529362,25,0,10
34,9605,0.0014702242549744491,4.5652281997540906e-11,4.75731585297949e-06,0.9985250183835213,25,0,10
34,9606,0.0010804518462413913,1.514769546715007e-11,2.051905291322882e-06,0.9989174962333209,25,0,10
34,9607,0.0012876315264969856,1.2280746396874293e-11,2.0967423284863146e-06,0.9987102717188947,25,0,10
34,9608,0.0014186864992033804,4.871545348770679e-11,2.7100160355331256e-06,0.9985786034360465,25,0,10
34,9609,0.0022350888087577132,5.8007732888680306e-11,3.5891879002568064e-06,0.9977613219453351,25,0,10
34,9610,0.0015182636831044046,2.2815208528753197e-11,2.1801063581958002e-06,0.998479556187723,25,0,10
34,9611,0.0015344206864514706,2.1459557658075878e-11,2.854403809566481e-06,0.9984627248882799,25,0,10
34,9612,0.0014681965397287684,1.913193919561096e-11,1.9179500465516822e-06,0.9985298854910934,25,0,10
34,9613,0.0024597615780136846,2.8758189565314367e-11,4.8273841507738426e-06,0.9975354110090783,25,0,10
34,9614,0.0016589257045768963,2.1695211723506627e-11,4.067706340248402e-06,0.998337006567389,25,0,10
34,9615,0.01139843948468816,2.2404116004818336e-11,5.9807903738090275e-06,0.9885955797025346,25,0,10
34,9616,0.001181704462821705,2.0615167548772334e-11,1.3716288670291406e-06,0.9988169238876975,25,0,10
34,9617,0.0015731064746326367,1.610271200627991e-11,1.4185978085357144e-06,0.998425474911457,25,0,10
34,9618,0.011311694165733379,1.0625634615891882e-10,4.258365346996805e-05,0.988645722074541,25,0,10
34,9619,0.0011350497191660504,4.916528529320956e-11,1.3926005455101245e-06,0.998863557631124,25,0,10
34,9620,0.0011397774568480045,4.865014451079876e-11,1.397614673111035e-06,0.99885882487983,25,0,10
34,9621,0.00043302050582021064,4.569449504156594e-11,1.0364071329232117e-06,0.9995659430413536,25,0,10
34,9622,0.001381717698322567,7.469531940151182e-11,3.594169659766786e-06,0.9986146880573237,25,0,10
34,9623,0.000911158618108119,7.554436436829007e-11,3.3472971458620058e-06,0.9990854940092032,25,0,10
34,9624,0.0009066827355988849,7.70960333492487e-11,3.374285453212992e-06,0.999089942901854,25,0,10
34,9625,0.0011615217929556885,7.772907590888842e-11,6.480031500841299e-06,0.998831998097817,25,0,10
34,9626,0.0012168772297449055,4.6841651832216494e-11,6.453989557349098e-06,0.9987766687338585,25,0,10
34,9627,0.010892001886683463,1.3569863539424268e-10,7.775537788247098e-05,0.9890302425997377,25,0,10
34,9628,0.0011614798754284769,4.395645562035159e-11,3.6777697528526764e-06,0.9988348423108646,25,0,10
34,9629,0.001140495661435428,3.9738932558222436e-11,3.484915142157019e-06,0.9988560193836854,25,0,10
34,9630,0.0009190300859787819,4.167653535566512e-11,3.211787170754283e-06,0.9990777580851755,25,0,10
34,9631,0.0012096734513598153,4.387641341564603e-11,3.4927711161200018e-06,0.9987868337336497,25,0,10
34,9632,0.0009505627147127092,1.5847488392124972e-11,1.426533934043456e-06,0.999048010735508,25,0,10
34,9633,0.0010590266981902149,1.1828246959302661e-11,1.4701046645332465e-06,0.9989395031853191,25,0,10
34,9634,0.0007111650018081951,7.698190653061871e-12,9.217002044963318e-07,0.9992879132902908,25,0,10
34,9635,0.0011139247536722011,1.1550752508151981e-11,1.1554290439348656e-06,0.9988849198057352,25,0,10
34,9636,0.0008970441330909515,1.817662685642107e-11,1.314023759023476e-06,0.9991016418249755,25,0,10
34,9637,0.0011170402121309124,2.1909109367381556e-11,1.3917979809366268e-06,0.9988815679679806,25,0,10
34,9638,0.0006581163650003396,1.4133954795979578e-11,1.006053087649847e-06,0.99934087756778,25,0,10
34,9639,0.0011764779057029013,1.8643342537718215e-11,1.6136610669433466e-06,0.9988219084145886,25,0,10
34,9640,0.011334744896897538,2.2519002263524915e-11,4.8651709274758535e-06,0.9886603899096572,25,0,10
34,9641,0.01133285606442405,2.25820315653039e-11,4.8455253404744075e-06,0.9886622983876543,25,0,10
34,9642,0.0015123246190871101,2.043282991533917e-11,1.6494239590603433e-06,0.9984860259365225,25,0,10
34,9643,0.0013394375319118873,1.695709932380154e-11,1.4381754594453344e-06,0.9986591242756734,25,0,10
34,9644,0.0011248415772804228,1.5353998605743475e-11,1.2526741764563286e-06,0.9988739057331899,25,0,10
34,9645,0.0006314241984668189,9.525508162711291e-12,7.881474730196206e-07,0.9993677876445354,25,0,10
34,9646,0.0014773039055567027,1.64044888526038e-11,1.3863268593068105e-06,0.9985213097511807,25,0,10
34,9647,0.0004450077797506504,1.1046775611851118e-11,8.760367416831186e-07,0.9995541161724618,25,0,10
34,9648,0.00046373328692154195,1.3723611792894807e-11,9.403436078210748e-07,0.9995353263557483,25,0,10
34,9649,0.0004832123548713103,1.2192413252239904e-11,9.001335076011173e-07,0.9995158874994303,25,0,10
34,9650,0.0004580253353974725,1.2161623355064053e-11,8.000981925105956e-07,0.9995411745542502,25,0,10
34,9651,0.0005375518845279517,1.2329465969813303e-11,9.777323914819599e-07,0.999461470370754,25,0,10
34,9652,0.00040390664083072897,1.0168291118457905e-11,7.104082617993662e-07,0.9995953829407412,25,0,10
34,9653,0.011205143601121483,1.888819509385124e-10,8.419704677054143e-05,0.9887106591632276,25,0,10
34,9654,0.011205192732598221,1.8829227546658485e-10,8.419259626943678e-05,0.9887106144828413,25,0,10
34,9655,0.011155375744092269,1.8517687139419066e-10,8.402235196127287e-05,0.9887606017187709,25,0,10
34,9656,0.0003591716988710824,5.4431306576331294e-12,5.255229248649702e-07,0.9996403027727624,25,0,10
34,9657,0.0006207373373432848,7.008263265713595e-12,2.37764210481324e-06,0.999376885013545,25,0,10
34,9658,0.0008632072602485383,9.974816631629256e-12,1.6784721429994828e-06,0.9991351142576348,25,0,10
34,9659,0.0006447842885849803,1.0967463125961084e-11,1.675501479698838e-06,0.9993535401989697,25,0,10
34,9660,0.0007119297768317878,1.9048734171500718e-11,1.2366588346277805e-06,0.9992868335452857,25,0,10
34,9661,0.0009617644183036074,2.0223308062198918e-11,1.499999936722356e-06,0.999036735561537,25,0,10
34,9662,0.0009366942314210916,1.8716472075214464e-11,1.444594413176883e-06,0.9990618611554501,25,0,10
34,9663,0.00086229602840789,1.3714350912363815e-11,1.2128297021212587e-06,0.9991364911281768,25,0,10
34,9664,0.0010992125311095446,1.6919563154795095e-11,1.3940307565842548e-06,0.9988993934212153,25,0,10
34,9665,0.0017932827642274751,1.9680891907775467e-11,1.9500436189271237e-06,0.9982047671724739,25,0,10
34,9666,0.0020313246261544284,2.0705643374787662e-11,2.756811783619882e-06,0.9979659185413574,25,0,10
34,9667,0.0006455489157150697,1.2343225886472738e-11,8.790191443236064e-07,0.999353572052799,25,0,10
34,9668,0.00048067741052793727,1.0387472455974301e-11,8.844360582144504e-07,0.9995184381430277,25,0,10
34,9669,0.000778255589134122,1.586670000173582e-11,1.2813901645616898e-06,0.9992204630048357,25,0,10
34,9670,0.000709854042470277,1.3182243072859076e-11,1.0968873835346507e-06,0.9992890490569651,25,0,10
34,9671,0.0007890634940152927,1.5464129947625273e-11,1.4385876068022918e-06,0.999209497902915,25,0,10
34,9672,0.0009087358878620933,2.2982736516415196e-11,1.8944733829063511e-06,0.9990893696157731,25,0,10
34,9673,0.0008397083001858369,2.3026269539267584e-11,1.8264784210897166e-06,0.999158465198368,25,0,10
34,9674,0.0007687961795139618,1.7548552007156176e-11,1.5223218486130347e-06,0.9992296814810904,25,0,10
34,9675,0.0007690954402541595,2.1160045777490705e-11,1.525955774561982e-06,0.9992293785828132,25,0,10
34,9676,0.0009613830305286318,1.7858420138312666e-11,1.8130251884205103e-06,0.999036803926427,25,0,10
34,9677,0.0011148832393882537,2.3695064021751008e-11,1.925415501906117e-06,0.9988831913214168,25,0,10
34,9678,0.0017732579077081691,2.5088557344303113e-11,2.215322268613044e-06,0.998224526744936,25,0,10
34,9679,0.0010295868036534711,2.177343548854828e-11,1.6606532741701678e-06,0.9989687525213,25,0,10
34,9680,0.001213318631342919,2.0154839749156583e-11,1.5420719308205524e-06,0.998785139276572,25,0,10
34,9681,0.0010650165531662663,2.0167087293459398e-11,1.562375691625201e-06,0.9989334210509757,25,0,10
34,9682,0.0006521736860819378,1.0226683193107396e-11,9.228663271400155e-07,0.9993469034373654,25,0,10
34,9683,0.0006648841954902713,1.0153368460918202e-11,9.214066184974115e-07,0.9993341943877394,25,0,10
34,9684,0.00041783232377369403,8.04818074474995e-12,7.413388842360934e-07,0.9995814263292957,25,0,10
34,9685,0.010719220351215837,1.4442350449458016e-10,1.1870382060396512e-05,0.9892689091223013,25,0,10
34,9686,0.011243974843736557,1.785272370567438e-10,1.3228561726133423e-05,0.9887427964160109,25,0,10
34,9687,0.0011990474580217845,4.318950161854984e-11,2.273783600033272e-06,0.9987986787151896,25,0,10
34,9688,0.0013435368332029396,5.12425677098979e-11,6.41399080819162e-06,0.9986500491247469,25,0,10
34,9689,0.0013382510326796838,5.1193612784631086e-11,6.410789917856715e-06,0.9986553381262094,25,0,10
34,9690,0.0012757938136317675,5.198780372076857e-11,5.788846075088632e-06,0.9987184172883061,25,0,10
34,9691,0.000953587297134696,1.2628765686202922e-11,1.3641672205131187e-06,0.9990450485230171,25,0,10
34,9692,0.0007032513793110785,1.1560123371424821e-11,1.126608972026058e-06,0.9992956220001576,25,0,10
34,9693,0.0009165188586984524,1.4686503058132593e-11,1.3257374324173652e-06,0.9990821553891834,25,0,10
34,9694,0.0010566195031728794,1.6857041334160458e-11,1.6449962633499657e-06,0.9989417354837077,25,0,10
34,9695,0.0007528862875026827,1.0420087057349965e-11,1.093219030177394e-06,0.9992460204830489,25,0,10
34,9696,0.0009670494895947884,9.79933454771092e-12,1.1591651151248605e-06,0.9990317913354927,25,0,10
34,9697,0.00038348722414505653,5.969052084175027e-12,5.700635526627618e-07,0.9996159427063348,25,0,10
34,9698,0.0008620245821667581,8.737882794595901e-12,9.717346058759102e-07,0.9991370036744911,25,0,10
34,9699,0.0008611754571500023,8.630101237178685e-12,9.375284030256973e-07,0.9991378870058183,25,0,10
34,9700,0.0006240352953982672,9.51416835635486e-12,8.462783871571255e-07,0.9993751184167016,25,0,10
34,9701,0.0037371066780270412,2.812378835770918e-10,0.00019600160821750236,0.9960668914325191,25,0,10
34,9702,0.004659660091692764,2.9467326811996613e-10,0.00019681914305058205,0.9951435204705844,25,0,10
34,9703,0.004206282935517464,2.858738392901079e-10,0.00019623098372310125,0.9955974857948869,25,0,10
34,9704,0.0019445041588764464,1.6830868899777132e-11,1.4623422017444435e-06,0.9980540334820921,25,0,10
34,9705,0.0008315612488193862,1.2934600428139446e-11,1.0305037840596096e-06,0.9991674082344629,25,0,10
34,9706,0.0006238438392126523,4.320734041417929e-11,9.401532147560056e-07,0.9993752159643663,25,0,10
34,9707,0.0006308683885119355,4.532485646698275e-11,1.0983910882261885e-06,0.9993680331750767,25,0,10
34,9708,0.0018547069370682997,1.1455782139644378e-10,7.636332987128705e-06,0.9981376566153872,25,0,10
34,9709,0.0025045956430719612,1.1406326433858931e-10,8.591181102553831e-06,0.9974868130617629,25,0,10
34,9710,0.0010628511424245833,1.3664586440622852e-11,1.8389280113517137e-06,0.9989353099159001,25,0,10
34,9711,0.0020428626866604,2.2445437114172496e-11,3.415715399647639e-06,0.9979537215754953,25,0,10
34,9712,0.002034497401022055,1.9190487260328822e-11,3.2258899469249804e-06,0.9979622766898418,25,0,10
34,9713,0.0014615876858498362,1.6037356250870977e-11,2.7886933073124773e-06,0.9985356236048066,25,0,10
34,9714,0.001467254672507974,1.722053855965623e-11,2.9563226970681883e-06,0.9985297889875762,25,0,10
34,9715,0.000424370654473441,9.607710172129566e-12,1.8254931305135141e-06,0.9995738038427899,25,0,10
34,9716,0.001330807415886074,1.6949798212797916e-11,2.6635136049653107e-06,0.9986665290535597,25,0,10
34,9717,0.0007983527308279917,9.942600619588292e-12,1.6410550384341086e-06,0.9992000062041926,25,0,10
34,9718,0.0013393123932964827,1.2506077897787542e-11,2.254126217690968e-06,0.9986584334679814,25,0,10
34,9719,0.0012356691239838115,1.4518310983824985e-11,1.8871506202903812e-06,0.9987624437108792,25,0,10
34,9720,0.0010844243019562739,1.4730789796460427e-11,1.615088947581039e-06,0.9989139605943665,25,0,10
34,9721,0.0012483413861832911,1.697037088317111e-11,2.0324186986812886e-06,0.9987496261781488,25,0,10
34,9722,0.0008978543073528911,1.3550900280470024e-11,1.322582318446962e-06,0.9991008230967793,25,0,10
34,9723,0.000938821363270196,1.2433413179915905e-11,1.1242508798008173e-06,0.9990600543734177,25,0,10
34,9724,0.010968435435298723,1.668365822219885e-10,9.998691757468312e-06,0.9890215657061099,25,0,10
34,9725,0.011593928273103564,1.684504384269202e-10,1.0899848824952364e-05,0.988395171709624,25,0,10
34,9726,0.01113684736426105,1.678877288379939e-10,1.0141422793268347e-05,0.9888530110450602,25,0,10
34,9727,0.0008563718646197697,1.3417213311004015e-11,1.2012727007239768e-06,0.9991424268492639,25,0,10
34,9728,0.0015315496945680982,1.5619133746880145e-11,1.6323822507994935e-06,0.9984668179075636,25,0,10
34,9729,0.0005823824610482473,8.641476876231055e-12,8.602659853676805e-07,0.9994167572643268,25,0,10
34,9730,0.0005846689368046181,8.162977301631068e-12,8.143379625919045e-07,0.9994145167170713,25,0,10
34,9731,0.0003516217035890844,6.9962209674467986e-12,8.110747091971873e-07,0.9996475672147075,25,0,10
34,9732,0.0006706576098484842,1.0919059624916125e-11,1.1594218956477896e-06,0.9993281829573384,25,0,10
34,9733,0.00044237408421902275,1.0455200350266524e-11,1.08214139926191e-06,0.9995565437639273,25,0,10
34,9734,0.010651166603224954,2.3894056179803122e-11,6.6909059773610695e-06,0.9893421424669038,25,0,10
34,9735,0.01070921929727817,2.6949875464824187e-11,7.012179997244486e-06,0.9892837684957752,25,0,10
34,9736,0.010704737646459501,2.1036111322838153e-11,6.451076707751554e-06,0.9892888112557979,25,0,10
34,9737,0.0010311530041064697,1.786942515519984e-11,1.727161912255531e-06,0.9989671198161129,25,0,10
34,9738,0.0014889551958791,1.9381705855978305e-11,2.7933224816881737e-06,0.9985082514622579,25,0,10
34,9739,0.0017777829223691566,2.0680048247473274e-11,3.898304401527469e-06,0.99821831875255,25,0,10
34,9740,0.0015368779026303779,2.038160675907182e-11,2.961137721838508e-06,0.9984601609392676,25,0,10
34,9741,0.0013763708448106598,1.3339427812230376e-11,2.248778747601251e-06,0.9986213803631031,25,0,10
34,9742,0.0012580625034078739,1.0777678266805553e-11,1.1171145862940164e-06,0.9987408203712291,25,0,10
34,9743,0.0012943537810316374,1.873064167800961e-10,2.6982692779832205e-06,0.9987029477623848,25,0,10
34,9744,0.001750478228803352,1.610026018742132e-11,1.625193888225584e-06,0.9982478965612088,25,0,10
34,9745,0.0012523727787185793,1.7805429753187532e-11,1.6335971191895458e-06,0.9987459936063584,25,0,10
34,9746,0.0014184177501513201,1.506277226321224e-11,1.3842619008464556e-06,0.9985801979728868,25,0,10
34,9747,0.001183366148231323,1.599632019004957e-11,1.3764861340158583e-06,0.9988152573496406,25,0,10
34,9748,0.0011881773812218183,1.6039679163336136e-11,1.425601519374951e-06,0.9988103970012212,25,0,10
34,9749,0.0011522663616758413,1.8030103190615794e-11,4.936125478922161e-06,0.9988427974948171,25,0,10
34,9750,0.0028009208422673047,2.771618440597616e-11,5.955706425232926e-06,0.9971931234235926,25,0,10
34,9751,0.0029369700256889415,2.083388147075776e-11,5.7290517095858435e-06,0.9970573009017688,25,0,10
34,9752,0.001572693803150063,1.651179482564846e-11,1.5026895523443196e-06,0.9984258034907867,25,0,10
34,9753,0.00112959194309025,1.3833387501906659e-11,1.1978959307411185e-06,0.998869210147147,25,0,10
34,9754,0.0006608857233091317,9.594816433017091e-12,8.436475937648824e-07,0.9993382706195034,25,0,10
34,9755,0.0007745658661197973,1.1696758285618228e-11,1.1267335366456547e-06,0.9992243073886479,25,0,10
34,9756,0.0005477425590485232,1.3678579437115042e-11,1.2131926570560971e-06,0.9994510442346173,25,0,10
34,9757,0.0004646101274792266,7.100061428201576e-11,9.137410342840325e-07,0.9995344760604873,25,0,10
34,9758,0.0006873425672557909,7.111525117478572e-11,1.0037907752297824e-06,0.999311653570854,25,0,10
34,9759,0.00037563492536616934,5.103903071560897e-12,5.523320689903439e-07,0.9996238127374617,25,0,10
34,9760,0.0005504724855206634,8.171577197899123e-12,7.082276868903465e-07,0.9994488192786222,25,0,10
34,9761,0.0005627741065894311,9.817038273903034e-12,8.487823164089365e-07,0.9994363771012788,25,0,10
34,9762,0.0003431059986553364,6.637075327258332e-12,6.426349321895436e-07,0.9996562513597764,25,0,10
34,9763,0.00035403120160283364,6.829881393348055e-12,6.413777596575369e-07,0.9996453274138084,25,0,10
34,9764,0.0006838535733863594,2.0498952465429295e-11,1.064037601664525e-06,0.9993150823685139,25,0,10
34,9765,0.003798423514710769,2.821488760217304e-11,5.318155770031281e-06,0.9961962583013062,25,0,10
34,9766,0.003804796358843979,2.8547803831044944e-11,5.33661581542322e-06,0.9961898669967948,25,0,10
34,9767,0.0037943948473554995,2.9462419226955136e-11,5.379483822928782e-06,0.9962002256393611,25,0,10
34,9768,0.004322463569180957,1.5250882985314614e-10,8.151329321897367e-06,0.9956693849489899,25,0,10
34,9769,0.004252896129730729,1.471981889370441e-10,7.945974229187482e-06,0.9957391577488433,25,0,10
34,9770,0.0045648948753408206,1.554545944286116e-10,9.177395458779398e-06,0.9954259275737475,25,0,10
34,9771,0.0011860811024787595,1.3885697113570166e-10,4.6553819117388275e-06,0.9988092633767535,25,0,10
34,9772,0.0011352463333005115,1.4139045997949897e-10,4.607331115128542e-06,0.9988601461941944,25,0,10
34,9773,0.0008755858793468055,2.523683321105814e-11,2.931897214469461e-06,0.9991214821982016,25,0,10
34,9774,0.0003900852613631484,1.6332000180714482e-11,8.479333771551783e-07,0.9996090667889284,25,0,10
34,9775,0.0006125532767694225,1.5761685211115853e-11,8.726984735159337e-07,0.9993865740089963,25,0,10
34,9776,0.0038110960204127274,1.2798181640171423e-11,3.5621846446618366e-06,0.9961853417821456,25,0,10
34,9777,0.0007781094504740188,1.640381300544257e-11,3.511658886278733e-06,0.9992183788742366,25,0,10
34,9778,0.0006391530153700478,1.4266400364996742e-11,3.222127328903309e-06,0.9993576248430355,25,0,10
34,9779,0.0007019684513225455,1.590864357156245e-11,3.361797314394447e-06,0.9992946697354558,25,0,10
34,9780,0.0005636753795094554,1.1418687488307491e-11,2.941007529378923e-06,0.9994333836015437,25,0,10
34,9781,0.0006737525658135384,1.5928163945696456e-11,3.317728983671013e-06,0.9993229296892759,25,0,10
34,9782,0.0008895540180445193,2.305510675712346e-11,3.5357332835604364e-06,0.9991069102256178,25,0,10
34,9783,0.0006147181700439032,1.7310967634548975e-11,6.05307816158922e-06,0.9993792287344847,25,0,10
34,9784,0.0006267938809038695,1.6498107663196806e-11,3.061461016681254e-06,0.9993701446415824,25,0,10
34,9785,0.000721620883090361,7.467922216651215e-11,2.6019201317120505e-06,0.9992757771220999,25,0,10
34,9786,0.0007068102106472959,7.615532577179169e-11,2.5452267994770796e-06,0.9992906444863994,25,0,10
34,9787,0.0005882854228589909,1.724377237541104e-11,8.686408891891947e-07,0.9994108459190092,25,0,10
34,9788,0.00042462977858226977,1.5632069747433235e-11,1.0001186147761127e-06,0.9995743700871718,25,0,10
34,9789,0.0013688502006460783,1.860253558236353e-11,2.147403832814547e-06,0.9986290023769194,25,0,10
34,9790,0.0008726486231672006,1.4224899619596311e-11,1.2349955755496682e-06,0.9991261163670333,25,0,10
34,9791,0.0013429999746236495,1.5248285295017928e-11,1.4219369198433548e-06,0.9986555780732099,25,0,10
34,9792,0.0010971667954574403,8.263270696011482e-12,1.0489015200147094e-06,0.9989017842947615,25,0,10
34,9793,0.0009136211367169358,9.43067101825909e-12,1.1505565750765453e-06,0.9990852282972799,25,0,10
34,9794,0.0008022933459402781,7.386428204572392e-12,8.285207306615134e-07,0.9991968781259446,25,0,10
34,9795,0.07580635817562544,6.524498430226914e-08,0.003705975756317035,0.9204876008230747,25,0,10
34,9796,0.07668263152789144,6.546798383653997e-08,0.003832398466068464,0.9194849045380578,25,0,10
34,9797,0.07623438687392826,6.546997274269999e-08,0.003832137194179,0.919933410461921,25,0,10
34,9798,0.0764717918168004,6.720684566855356e-08,0.003834686469406157,0.9196934545069491,25,0,10
34,9799,0.037025932584230065,7.040701732048315e-08,0.0038074668268094193,0.9591665301819446,25,0,10
34,9800,0.03727584465633541,7.040718682558508e-08,0.0037878766577606094,0.958936208278718,25,0,10
34,9801,0.03712899458457647,6.870185925304202e-08,0.003785627746396014,0.9590853089671693,25,0,10
34,9802,0.07479105937667851,6.525005428385026e-08,0.003704517792244143,0.9215043575810243,25,0,10
34,9803,0.07426727123505979,4.788163301200441e-07,0.0060730428299012795,0.91965920711871,25,0,10
34,9804,0.07426507061459767,4.78816282267377e-07,0.006073034433117002,0.9196614161360047,25,0,10
34,9805,0.07569039433368703,1.657457499510484e-08,0.0005974768135265533,0.9237121122782129,25,0,10
34,9806,0.0942543010479801,2.507176138469825e-06,0.004228464596667449,0.9015147271792149,25,0,10
34,9807,0.05839372730001061,2.4975581148368414e-06,0.003759752800218089,0.9378440223416581,25,0,10
34,9808,0.058065066758981716,2.49752387007026e-06,0.0037577467024631616,0.9381746890146866,25,0,10
34,9809,0.056289707208775644,2.497492051725327e-06,0.003752353870282955,0.939955441428891,25,0,10
34,9810,0.056435613871922995,2.4975514311331812e-06,0.0037544020816668755,0.9398074864949808,25,0,10
34,9811,0.11008754658220701,3.693624584015589e-09,0.006736959794519204,0.8831754899296511,25,0,10
34,9812,0.1415918758909687,2.0734265998827245e-05,0.015938762876003834,0.8424486269670295,25,0,10
34,9813,0.03905757778216367,3.2186642605373535e-10,0.047282014729163754,0.9136604071668097,25,0,10
34,9814,0.03935655942843578,3.2588743282232513e-10,0.047282538323545405,0.9133609019221344,25,0,10
34,9815,0.03878029071978436,2.5839503565364207e-10,0.04727976474495642,0.913939944276867,25,0,10
34,9816,0.038806454439957845,6.154789719999416e-11,0.015131642562292678,0.9460619029362018,25,0,10
34,9817,0.061239759104631156,4.3307828003020446e-10,0.0132025599110419,0.9255576805512482,25,0,10
34,9818,0.021545954710452123,1.0500303915125926e-10,0.013030428992261983,0.9654236161922833,25,0,10
34,9819,0.02137751308898615,1.1524782633766564e-10,0.0004265843390413193,0.9781959024567252,25,0,10
34,9820,0.021737882246394218,1.1087627186917141e-10,0.00010571895672240217,0.9781563986860082,25,0,10
34,9821,0.021480472490947262,8.433259826870001e-11,0.00010556888593668091,0.978413958538784,25,0,10
34,9822,0.0007008601479357289,2.460074403402084e-11,1.7129973228136838e-06,0.9992974268301412,25,0,10
34,9823,0.001561808665568605,2.0109184477676037e-11,1.8441881988105316e-06,0.9984363471261243,25,0,10
34,9824,0.0011498860380947308,2.284096829308637e-11,1.896421898772607e-06,0.9988482175171665,25,0,10
34,9825,0.001946262714428787,8.785252343158163e-11,7.989690602346627e-06,0.9980457475071174,25,0,10
34,9826,0.0019848771447655024,1.2143285645700882e-10,7.993513493346023e-06,0.9980071292203094,25,0,10
34,9827,0.0010039569827662732,5.2461038300567285e-11,5.10207764523245e-06,0.9989909408871285,25,0,10
34,9828,0.0007129425438451765,4.553007506408513e-11,4.484244427218697e-06,0.9992825731661981,25,0,10
34,9829,0.0006998602202974107,9.343689345074079e-12,3.909739174766344e-06,0.9992962300311846,25,0,10
34,9830,0.000590380011577246,1.1761502658236607e-11,3.824592092608473e-06,0.999405795384569,25,0,10
34,9831,0.0007624429158068475,1.6349020463012354e-11,4.290586595716051e-06,0.999233266481249,25,0,10
34,9832,0.0004870957772235638,1.0010977209322119e-11,7.973450151496544e-07,0.9995121068677516,25,0,10
34,9833,0.00043670146596046927,5.944522409974638e-12,6.185699532268684e-07,0.999562679958143,25,0,10
34,9834,0.00042848900542604985,1.051583016593395e-11,6.997346994709643e-07,0.9995708112493596,25,0,10
34,9835,0.0006863540355019629,1.0107251119157048e-11,8.798243546611792e-07,0.9993127661300372,25,0,10
34,9836,0.00040858914549965,9.53308715628988e-12,6.786650190542529e-07,0.9995907321799493,25,0,10
34,9837,0.0004775649652383827,1.0721294353114041e-11,1.0839903759244634e-06,0.9995213510336659,25,0,10
34,9838,0.0005125916527405791,1.8204832871363218e-11,1.447720758385108e-06,0.9994859606082972,25,0,10
34,9839,0.0004336202867870999,1.3885394053679644e-11,1.0959886521450475e-06,0.9995652837106763,25,0,10
34,9840,0.0013374922337932853,2.1094194350053865e-11,2.5271859099204022e-06,0.9986599805592042,25,0,10
34,9841,0.00043446719599165234,1.7343643511137452e-11,1.1714101918089401e-06,0.9995643613764743,25,0,10
34,9842,0.0004244594382546113,1.3109228867656936e-11,1.0978865502998192e-06,0.999574442662087,25,0,10
34,9843,0.0004704338722429666,9.626833834576104e-12,1.0992979000897667e-06,0.9995284668202312,25,0,10
34,9844,0.0004632331391597719,1.1619088037013351e-11,1.046997370164674e-06,0.9995357198518517,25,0,10
34,9845,0.0004732685183242659,1.1627473753046022e-11,1.0720987168801556e-06,0.9995256593713325,25,0,10
34,9846,0.001041271892293248,1.690214645876247e-11,1.5527369738041076e-06,0.9989571753538314,25,0,10
34,9847,0.0008341368803184829,1.7053371088369326e-11,1.349655369765144e-06,0.999164513447259,25,0,10
34,9848,0.0007063771565151422,1.3758610920991432e-11,9.86116761017196e-07,0.999292636712966,25,0,10
34,9849,0.0007204262857967591,1.0729469418504162e-11,9.87078994788329e-07,0.9992785866244802,25,0,10
34,9850,0.0013902605252467224,1.0665042957186363e-11,1.1879973185090407e-06,0.9986085514667706,25,0,10
34,9851,0.0007059215499188541,8.391645913424015e-12,8.1342853352323e-07,0.9992932650131574,25,0,10
34,9852,0.0003569495528925703,6.406124574764632e-12,5.386691268285508e-07,0.999642511771576,25,0,10
34,9853,0.0008592816767391146,7.53728315274753e-12,8.494544111722166e-07,0.999139868861314,25,0,10
34,9854,0.0008593600415167404,9.305824731034611e-12,9.26743564122846e-07,0.9991397132056146,25,0,10
34,9855,0.0003934655571279602,6.3880700313083805e-12,5.948163424463775e-07,0.9996059396201431,25,0,10
34,9856,0.00044854904997834055,8.256404353778507e-12,7.998097012036778e-07,0.9995506511320653,25,0,10
34,9857,0.0005098037377744458,9.195673396499434e-12,9.046549448206612e-07,0.9994892915980864,25,0,10
34,9858,0.0006706988784916241,1.4115633610854311e-11,3.430015345190163e-06,0.9993258710920486,25,0,10
34,9859,0.000668012249193226,1.2944080987387234e-11,3.3305690528862454e-06,0.9993286571688111,25,0,10
34,9860,0.0006641097063298944,1.2394332620753563e-11,3.3415959912587032e-06,0.9993325486852851,25,0,10
34,9861,0.0008883706302736522,1.5611317048346793e-11,3.5567815895387964e-06,0.9991080725725268,25,0,10
34,9862,0.0012913825194699885,1.819669341874347e-11,4.126159248195083e-06,0.9987044913030866,25,0,10
34,9863,0.001306285698229292,1.9477203578730346e-10,5.683929961640056e-06,0.9986880301770384,25,0,10
34,9864,0.001006851885675088,1.3485177796035131e-11,3.804519815502906e-06,0.9989893435810253,25,0,10
34,9865,0.0012244346506955295,1.5676664544358282e-11,3.823135355046666e-06,0.9987717421982745,25,0,10
34,9866,0.0015281495443333088,1.8782523270719404e-11,3.9036622729197684e-06,0.9984679467746134,25,0,10
34,9867,0.0011617832755634427,1.0808773261847555e-11,1.461077374929245e-06,0.9988367556362544,25,0,10
34,9868,0.0014669905572307418,1.0387950351126493e-11,1.3923156039891078e-06,0.9985316171167787,25,0,10
34,9869,0.0003852157557965856,5.451580619069647e-12,4.989957694817618e-07,0.9996142852429838,25,0,10
34,9870,0.0005938290926163719,6.879189622172466e-12,5.873181495966993e-07,0.9994055835823568,25,0,10
34,9871,0.004210338337299727,1.6280314162231212e-11,9.68143946001107e-06,0.9957799802069616,25,0,10
34,9872,0.003969787193387977,1.6233260543289867e-11,8.85717793592441e-06,0.9960213556124436,25,0,10
34,9873,0.004084750872483743,2.150009189896277e-11,9.154822641560065e-06,0.9959060942833744,25,0,10
34,9874,0.004378625535636965,1.6750143413768533e-11,8.918139113836897e-06,0.9956124563085003,25,0,10
34,9875,0.0011148225205645425,1.3363877104134267e-11,1.207007545095199e-06,0.9988839704585278,25,0,10
34,9876,0.0008713338972789368,1.0607242911113909e-11,8.482263066129815e-07,0.9991278178658086,25,0,10
34,9877,0.0008922944804051906,8.699462948495938e-12,8.853573080089202e-07,0.9991068201535885,25,0,10
34,9878,0.0008399981892666085,9.606127959636713e-12,8.765602391689108e-07,0.9991591252408888,25,0,10
34,9879,0.0009137165039741758,1.2330523990983495e-11,1.0080484886841689e-06,0.9990852754352071,25,0,10
34,9880,0.000603406524980039,6.981766382235713e-12,7.602360876886038e-07,0.9993958332319508,25,0,10
34,9881,0.002215039707584683,7.71312217157075e-11,3.6202468836524373e-06,0.9977813399684002,25,0,10
34,9882,0.0017320337515595464,9.61846658819061e-12,1.3096320687912971e-06,0.9982666566067532,25,0,10
34,9883,0.0004388161779367934,9.578165228776678e-12,8.364772067544413e-07,0.9995603473352785,25,0,10
34,9884,0.0006157423160321477,1.3324475304746972e-11,1.981808913136337e-06,0.9993822758617312,25,0,10
34,9885,0.0004354203934529208,9.653435743697541e-12,9.065286473466786e-07,0.9995636730682471,25,0,10
34,9886,0.0004228204772648856,1.3653610870889885e-11,8.977713504948839e-07,0.999576281737733,25,0,10
34,9887,0.0004863367864043416,1.4276608198128034e-11,9.737881910251816e-07,0.9995126894111293,25,0,10
34,9888,0.0036330758851962795,1.6785655765947253e-11,3.647646568300999e-06,0.9963632764514516,25,0,10
34,9889,0.0037852897330911584,1.011235119518944e-11,3.5140207772994406e-06,0.996211196236021,25,0,10
34,9890,0.004296139468715479,1.1764361117678996e-11,5.960003229071516e-06,0.9956979005162924,25,0,10
34,9891,0.003929199009242336,1.398533696187008e-11,5.87458920391373e-06,0.9960649263875702,25,0,10
34,9892,0.004227618229498861,2.1357206976808112e-11,4.2438561390494874e-06,0.9957681378930064,25,0,10
34,9893,0.0010743851742234288,5.027872204579431e-11,1.652691523090898e-06,0.9989239620839764,25,0,10
34,9894,0.0005527907765346607,1.2383201398148233e-11,1.1011811327357264e-06,0.9994461080299506,25,0,10
34,9895,0.0008836221968742264,1.0358545624140377e-11,1.0247342854558806e-06,0.9991153530584829,25,0,10
34,9896,0.0012866119748403823,1.321774355243422e-11,1.2056086397438853e-06,0.9987121824033038,25,0,10
34,9897,0.0008231297440429114,1.1459496688505552e-11,8.61336690538559e-07,0.9991760089078084,25,0,10
34,9898,0.0008760759050001818,1.0516863611718107e-11,9.179382336430725e-07,0.9991230061462509,25,0,10
34,9899,0.049808593764094376,1.26697623331262e-10,8.93201981113065e-05,0.9501020859110985,25,0,10
34,9900,0.10414586663547967,6.281847638140081e-10,0.00033077684636513186,0.8955233558899713,25,0,10
34,9901,0.0876026546101994,6.231633956644382e-10,0.00032650204812226225,0.9120708427185161,25,0,10
34,9902,0.11957906985125348,4.377635001944458e-09,0.00041866620054970444,0.880002259570562,25,0,10
34,9903,0.16332390104476846,1.0522284444311359e-08,0.0009874574888939212,0.8356886309440533,25,0,10
34,9904,0.19934708286988073,1.00637210625713e-08,0.0067187263832906696,0.7939341806831078,25,0,10
34,9905,0.19937138151792166,1.1514609587049088e-08,0.006346941056286145,0.7942816659111829,25,0,10
34,9906,0.40613594131201614,3.5955947763413026e-09,0.014748691433184196,0.5791153636592045,25,0,10
34,9907,0.36225582126381817,1.018358125789841e-08,0.01943230677462177,0.6183118617779783,25,0,10
34,9908,0.1907241890430302,5.537929223715033e-09,0.051734602133500424,0.757541203285541,25,0,10
34,9909,0.1207996275191245,3.90006119314907e-09,0.044111842534083914,0.8350885260467313,25,0,10
34,9910,0.22007215789679574,4.6429957087028214e-05,0.019990661880378166,0.7598907502657393,25,0,10
34,9911,0.2877740509913826,3.282353840618972e-07,0.00378356889172824,0.708442051881506,25,0,10
34,9912,0.19966810201671042,1.0868484104646557e-07,0.003273407397548695,0.7970583819009002,25,0,10
34,9913,0.12250690403051209,2.2218779682138052e-09,0.0009516618702882323,0.876541431877322,25,0,10
34,9914,0.07986275028469655,4.315300270618367e-10,0.00041680606837708067,0.9197204432153978,25,0,10
34,9915,0.08009972598656465,3.968864876907335e-10,0.0003551098355622445,0.919545163780988,25,0,10
34,9916,0.11403633482290082,2.1289956363681436e-09,0.004934786250522482,0.8810288767975814,25,0,10
34,9917,0.039078194472999005,1.275079956695705e-10,0.0005063964248928868,0.9604154089746008,25,0,10
34,9918,0.039515140639330586,1.285428753392166e-10,0.0001720126674531075,0.9603128465646741,25,0,10
34,9919,0.03960606267983322,1.3292537021822423e-10,0.00017173174310411603,0.9602222054441385,25,0,10
34,9920,0.03459599415065602,8.222309761807084e-11,8.745855561144745e-05,0.9653165472115107,25,0,10
34,9921,0.0004229500199280045,1.2801914770486993e-11,9.232376995748155e-07,0.9995761267295723,25,0,10
34,9922,0.0008348575462518198,1.749633785927298e-11,1.4162611239430952e-06,0.999163726175129,25,0,10
34,9923,0.0008551587140462667,2.3252660837246516e-11,1.4828315846488607e-06,0.9991433584311177,25,0,10
34,9924,0.0004425863655206644,1.9235253978284942e-11,9.325768103396445e-07,0.9995564810384358,25,0,10
34,9925,0.0007415084649692213,1.950307277594854e-11,1.193265380349932e-06,0.9992572982501486,25,0,10
34,9926,0.0004318498420145345,9.96812340656087e-12,7.081508495585671e-07,0.9995674419971685,25,0,10
34,9927,0.00041996217143591523,9.897389648658416e-12,7.022239849676088e-07,0.9995793355946826,25,0,10
34,9928,0.00048456707789680536,9.923815363774154e-12,3.1301978642919206e-06,0.9995123027143157,25,0,10
34,9929,0.0004742193041466752,9.892840515984389e-12,3.120683737765695e-06,0.9995226600022236,25,0,10
34,9930,0.0007826894663555856,1.3861949368754518e-11,1.2051664269287395e-06,0.999216105353357,25,0,10
34,9931,0.0013196036077728944,1.2066772689011272e-11,1.2219654941709377e-06,0.9986791744146675,25,0,10
34,9932,0.001376323677088283,1.2184437108392624e-11,1.3303528465323927e-06,0.9986223459578818,25,0,10
34,9933,0.0005606269816036763,6.227491900905358e-12,5.722010539860971e-07,0.9994388008111165,25,0,10
34,9934,0.00034069763527784784,9.843773677494505e-12,4.608036562366269e-07,0.999658841551224,25,0,10
34,9935,0.00086685549189165,1.013638824746731e-11,9.650987792371053e-07,0.9991321793991942,25,0,10
34,9936,0.0013979131668106959,1.3501607728999819e-11,1.4582618874480635e-06,0.9986006285578015,25,0,10
34,9937,0.0014090405171014,1.3987294270943792e-11,1.554836340642192e-06,0.9985894046325718,25,0,10
34,9938,0.0018672892704920249,1.682905935426728e-11,1.7843356879578231e-06,0.9981309263769919,25,0,10
34,9939,0.001788821221440955,1.631917161682451e-11,1.5653139815466211e-06,0.9982096134482596,25,0,10
34,9940,0.0018242729116591824,1.4491239167612969e-11,1.5074268892723198e-06,0.9981742196469612,25,0,10
34,9941,0.0018346275956244084,1.8000876573019444e-11,1.6406370782555177e-06,0.998163731749297,25,0,10
34,9942,0.0014669815165463218,2.5647156541191808e-11,1.9335919857016012e-06,0.9985310848658223,25,0,10
34,9943,0.0012129205239040024,2.3108054783332682e-11,1.742584768831809e-06,0.9987853368682208,25,0,10
34,9944,0.00046433677597493175,1.3502286312131292e-11,1.0675927948673186e-06,0.9995345956177295,25,0,10
34,9945,0.000578171837096229,8.333678595518107e-12,6.911846629099022e-07,0.999421136969909,25,0,10
34,9946,0.0005831043061986107,9.433036087907778e-12,6.938931102722936e-07,0.99941620179126,25,0,10
34,9947,0.000579398587827883,6.831558023590672e-12,6.369720490939116e-07,0.9994199644332932,25,0,10
34,9948,0.0021800576056159033,4.749294593745244e-11,8.949049757239263e-06,0.9978109932971349,25,0,10
34,9949,0.0032894710483657662,5.000240229067222e-11,9.534851418061854e-06,0.9967009940502146,25,0,10
34,9950,0.0023305515795032632,4.571401777030191e-11,8.885480390986832e-06,0.9976605628943925,25,0,10
34,9951,0.0021007122103712055,4.4912791154046044e-11,8.757540716729471e-06,0.9978905302040006,25,0,10
34,9952,0.0016886394022042005,2.061068170718797e-11,3.19524174898592e-06,0.9983081653354375,25,0,10
34,9953,0.0014956525566242709,1.5676458819764278e-11,1.3410287607980555e-06,0.9985030063989397,25,0,10
34,9954,0.0009466598043991583,1.653435082584882e-11,1.268238266132166e-06,0.9990520719408021,25,0,10
34,9955,0.0011796969328641295,1.9569189843027092e-10,1.9678852361108e-06,0.9988183349862093,25,0,10
34,9956,0.0009342292613148242,1.9235536216344535e-10,1.6094534977724472e-06,0.9990641610928336,25,0,10
34,9957,0.0013966820345487718,1.930579312729321e-10,1.8394885432666656e-06,0.998601478283851,25,0,10
34,9958,0.01630233254002901,2.2603781914455763e-09,0.0028281631893670497,0.9808695020102265,25,0,10
34,9959,0.01626298838092379,2.2279113495458134e-09,0.0028279352887597546,0.9809090741024056,25,0,10
34,9960,0.0011653234470832337,2.5629161014654175e-10,2.6675319974035144e-06,0.9988320087646282,25,0,10
34,9961,0.0010787739597945697,1.7150262663658188e-11,1.2423772603611906e-06,0.9989199836457958,25,0,10
34,9962,0.0013642363040953943,8.419256023667506e-11,1.7631905608149647e-06,0.998634000421152,25,0,10
34,9963,0.0014279716970644245,7.517177334921662e-11,1.516289146885694e-06,0.9985705119386171,25,0,10
34,9964,0.0012788008079131926,7.887521898540683e-11,1.6514693714169072e-06,0.99871954764384,25,0,10
34,9965,0.0013218374340708686,2.043014791370316e-11,1.6673087509332165e-06,0.9986764952367476,25,0,10
34,9966,0.0009998873394510338,1.3775935656191294e-11,1.2272307484161333e-06,0.9989988854160251,25,0,10
34,9967,0.0008196202929843896,1.4024504249005791e-11,1.6170091424712926e-06,0.9991787626838489,25,0,10
34,9968,0.0010659192403780998,1.9346692150093655e-10,4.172035531714186e-06,0.998929908530624,25,0,10
34,9969,0.0011311457869517022,1.960717715128841e-10,4.020537244712329e-06,0.9988648334797327,25,0,10
34,9970,0.0013226267175361116,2.0179238832589475e-10,4.512101133750413e-06,0.9986728609795388,25,0,10
34,9971,0.0016273994695576936,2.0499890388365377e-10,4.828339670458287e-06,0.9983677719857741,25,0,10
34,9972,0.0016236751105250555,2.432766474586532e-10,6.60655862775477e-06,0.9983697180875721,25,0,10
34,9973,0.0008944642425799499,1.7000436844125985e-11,1.6724480613354763e-06,0.9991038632923598,25,0,10
34,9974,0.0006587606951683311,1.4857020656500087e-11,1.1345284886197036e-06,0.999340104761487,25,0,10
34,9975,0.0005986392683434327,1.060789561773659e-11,9.12771960632883e-07,0.9994004479490893,25,0,10
34,9976,0.0005995675932101515,9.700267065381986e-12,8.644149661010361e-07,0.9993995679821244,25,0,10
34,9977,0.0004735557379118139,8.667411301253827e-12,9.397307528589712e-07,0.9995255045226689,25,0,10
34,9978,0.020508704604364762,2.8345745526979007e-11,8.128103912739621e-06,0.9794831672633778,25,0,10
34,9979,0.0037761366072348317,2.13782904387367e-11,6.533224745889103e-06,0.9962173301466422,25,0,10
34,9980,0.0005924441698865419,9.170793464996435e-12,8.096225170711392e-07,0.9994067461984261,25,0,10
34,9981,0.003949915412790371,1.7245552744706395e-10,1.5893616119866838e-05,0.9960341907986349,25,0,10
34,9982,0.004251645010615154,1.762852206706744e-10,1.702353216553354e-05,0.9957313312809347,25,0,10
34,9983,0.00377145291145673,1.745366050158597e-10,1.5871663366134262e-05,0.9962126752506418,25,0,10
34,9984,0.004113997135737297,1.7448871087099392e-10,1.672242763006862e-05,0.9958692802621453,25,0,10
34,9985,0.004701211412088999,2.365292343393947e-10,1.8684115603615845e-05,0.9952801042357795,25,0,10
34,9986,0.0010915855344616275,7.510387720034564e-11,2.9918796132927195e-06,0.9989054225108225,25,0,10
34,9987,0.0015279207574565377,7.952281052457106e-11,3.5145418476519425e-06,0.9984685646211732,25,0,10
34,9988,0.01099582355035018,1.1398319067898426e-11,3.787773482451626e-05,0.9889662987034279,25,0,10
34,9989,0.010850335435346414,1.4708478578260777e-11,3.79125050399374e-05,0.9891117520449054,25,0,10
34,9990,0.011372917100593051,2.0904543388543645e-11,3.840149566351942e-05,0.9885886813828394,25,0,10
34,9991,0.012038052974302991,1.8890724729194187e-11,3.868743611563104e-05,0.9879232595706914,25,0,10
34,9992,0.011115430595184496,1.6495520405772732e-11,3.826978847243132e-05,0.9888462995998482,25,0,10
34,9993,0.01160294201877649,2.0851674398135207e-11,3.877439011392412e-05,0.9883582835702585,25,0,10
34,9994,0.0018704690857901849,2.1998853602987097e-11,2.033989744526202e-06,0.9981274969024667,25,0,10
34,9995,0.001331453216155417,1.77427046883899e-11,1.614155494412156e-06,0.9986669326106079,25,0,10
34,9996,0.0013316249891595034,1.505351234252548e-11,1.430828317960201e-06,0.9986669441674705,25,0,10
34,9997,0.0010868286097953578,1.579823206286879e-11,1.2194269751697918e-06,0.9989119519474322,25,0,10
34,9998,0.0006815685450974176,1.5349430433768002e-11,1.1032000146955512e-06,0.9993173282395402,25,0,10
34,9999,0.0009122456926713761,1.5930447865613805e-11,1.2545599193041933e-06,0.9990864997314803,25,0,10
34,10000,0.0008023053121827352,1.7859233738999835e-11,1.428940226761398e-06,0.9991962657297329,25,0,10
