run,generation,degenerate,holistic,other,compositional,popsize,turnover_rounds,group_rounds
34,0,0.998604100340889,1.4265450615270749e-08,0.0013949126323002914,9.72761361585614e-07,25,10,20
34,1,0.9498558958269859,4.70540301919385e-06,0.035775754982400196,0.014363643787594164,25,10,20
34,2,0.8860792560655776,1.9695364704747387e-05,0.0995328999405524,0.014368148629164882,25,10,20
34,3,0.8816344168042994,1.0027484616683357e-07,0.10400021163604029,0.014365271284814653,25,10,20
34,4,0.8095133158901794,1.4204328829333838e-06,0.1904762198561184,9.043820819205915e-06,25,10,20
34,5,0.8726741451602343,1.817190186321553e-06,0.12731521590593836,8.82174364172914e-06,25,10,20
34,6,0.8798530519744344,6.400422326481254e-07,0.11958153414671324,0.0005647738366198853,25,10,20
34,7,0.8402762262059688,0.00022363187960601188,0.1589376741226424,0.0005624677917825285,25,10,20
34,8,0.9030146948179145,4.5842107270766275e-07,0.09641423932377874,0.0005706074372342306,25,10,20
34,9,0.9277209936545389,2.872036760140118e-06,0.07224968222935678,2.645207934398086e-05,25,10,20
34,10,0.9171275445732721,4.742605480894275e-06,0.06673013447644373,0.016137578344803075,25,10,20
34,11,0.8672480969362053,1.0313695922501022e-05,0.11658116380034107,0.016160425567531042,25,10,20
34,12,0.9138775871197526,4.333016115265878e-06,0.0861119555273022,6.12433682980589e-06,25,10,20
34,13,0.8324995175096852,7.111932937323565e-06,0.16747691434249096,1.6456214886065572e-05,25,10,20
34,14,0.8508707587008452,2.766598374904585e-05,0.1490829027742163,1.867254118941454e-05,25,10,20
34,15,0.8937452867840158,2.8323608983368134e-05,0.10621537263959954,1.1016967401710875e-05,25,10,20
34,16,0.8705999110975935,2.6035520603009103e-06,0.12763071144322474,0.0017667739071215713,25,10,20
34,17,0.8405934281723465,5.745187318410224e-06,0.1575838562255776,0.0018169704147575792,25,10,20
34,18,0.886628157209882,9.705019021410168e-07,0.11154305026251318,0.0018278220257028762,25,10,20
34,19,0.9103117471757822,1.0413509997296205e-06,0.08957639278067914,0.0001108186925391451,25,10,20
34,20,0.9044660067528716,9.547660458014422e-07,0.09542348646244728,0.00010955201863569441,25,10,20
34,21,0.8949991020072262,1.0980572358574865e-06,0.1048813698008278,0.00011843013471008493,25,10,20
34,22,0.9177721986069952,2.9930108578971547e-06,0.08215366823115154,7.114015099549044e-05,25,10,20
34,23,0.9259616170457798,8.191083338509112e-07,0.07396536515694238,7.219868894399075e-05,25,10,20
34,24,0.9170309215885194,8.761193302908365e-07,0.0828990200673796,6.918222477132761e-05,25,10,20
34,25,0.9255296170346284,8.832804226151897e-07,0.07440053194042703,6.896774452222463e-05,25,10,20
34,26,0.8945419727055759,3.394175222333503e-05,0.10535439092659354,6.969461560742891e-05,25,10,20
34,27,0.9069279561068936,3.296613710816556e-05,0.0929591605035669,7.991725243212371e-05,25,10,20
34,28,0.863171196437869,0.000619108279279001,0.13546438701180955,0.0007453082710431985,25,10,20
34,29,0.8906243100764486,0.0005876829873030088,0.10811611244668588,0.0006718944895628094,25,10,20
34,30,0.8549140427938652,0.0006097576105814685,0.14379266756592196,0.0006835320296316049,25,10,20
34,31,0.8980745358329527,0.0006065765852348769,0.10124950583907415,6.938174273857705e-05,25,10,20
34,32,0.9079981931149085,0.0006068357079925246,0.09132650750008532,6.846367701388352e-05,25,10,20
34,33,0.8823544561806891,0.0005938027268185667,0.11698299238161985,6.874871087319458e-05,25,10,20
34,34,0.884299996284156,0.0005936864837325398,0.11503337297547683,7.294425663495668e-05,25,10,20
34,35,0.8964276119696435,0.000593770020161035,0.10290629280295391,7.232520724193037e-05,25,10,20
34,36,0.8793711086619501,0.0005973059212807472,0.11996314299158263,6.844242518665732e-05,25,10,20
34,37,0.9078343870858439,0.0005973163274458946,0.09149990991432638,6.83866723836698e-05,25,10,20
34,38,0.886988032734147,0.0005965799237341345,0.11234681013883212,6.857720328676186e-05,25,10,20
34,39,0.9286589304633222,0.0005964353867898872,0.07065534295185982,8.929119802804638e-05,25,10,20
34,40,0.9282925160351588,0.0005964619992630049,0.07104170366652811,6.931829905017913e-05,25,10,20
34,41,0.9219363677710838,0.0005927794969078306,0.0756215868030175,0.001849265928990617,25,10,20
34,42,0.9318810730426043,0.0005927791890846108,0.0673425170069061,0.00018363076140486199,25,10,20
34,43,0.9213354490287781,0.0005941482056101552,0.07788610546880698,0.00018429729680496482,25,10,20
34,44,0.9160311093287455,0.0005929123471975054,0.08325419670437473,0.00012178161968236215,25,10,20
34,45,0.8837125769377792,0.0007501608560147018,0.11384362404967929,0.0016936381565267435,25,10,20
34,46,0.8933339441182707,0.001131010415971358,0.1038408603628668,0.0016941851028912983,25,10,20
34,47,0.8920174315081916,0.0011317333314524172,0.10515723414931072,0.0016936010110460828,25,10,20
34,48,0.8936052016713022,0.00205991391826437,0.10264112835332134,0.001693756057112532,25,10,20
34,49,0.8755163634785573,0.0009790122263001113,0.12180490274382376,0.0016997215513189024,25,10,20
34,50,0.9168087430096512,0.0005966197082178679,0.08088084731012651,0.001713789972004733,25,10,20
34,51,0.901805816823765,0.0005966240116090624,0.09590235901534937,0.0016952001492770452,25,10,20
34,52,0.9251796587100531,0.000596195662224293,0.07252811071958533,0.0016960349081375432,25,10,20
34,53,0.9342259608237569,0.0005928709267614045,0.06348771689502537,0.0016934513544566267,25,10,20
34,54,0.9409953034554609,0.0005929048222735791,0.05676945296323836,0.00164233875902745,25,10,20
34,55,0.9289475527242712,0.0005981241846500347,0.06881475864570713,0.0016395644453717634,25,10,20
34,56,0.9354105839175031,0.0005931896157598888,0.06235664878103815,0.001639577685698762,25,10,20
34,57,0.9412166539903098,0.0005929047302876287,0.056551278651439094,0.0016391626279635937,25,10,20
34,58,0.9407863746462397,0.0006080284310771892,0.05696779784963339,0.0016377990730500772,25,10,20
34,59,0.9068604359948738,0.0006025248004823044,0.09089918877363379,0.0016378504310104783,25,10,20
34,60,0.8835557415919982,0.0006032304340006386,0.11420282137232235,0.0016382066016780476,25,10,20
34,61,0.8835508951812068,0.0006032305138728439,0.11420766225964103,0.0016382120452784169,25,10,20
34,62,0.8807464216678486,0.0006030289015125651,0.11701206989284502,0.0016384795377934508,25,10,20
34,63,0.8813150464658465,0.0006030033271159493,0.1164401864933046,0.0016417637137322166,25,10,20
34,64,0.8855830691979412,0.0006030262298989487,0.1121674750831555,0.001646429489003784,25,10,20
34,65,0.8858323323944508,0.000602999387688383,0.11192186151136736,0.0016428067064928773,25,10,20
34,66,0.8883433006094136,0.0006029997287942073,0.10941091294739307,0.0016427867143980924,25,10,20
34,67,0.899382528542531,0.0006030727222717057,0.09837163853606355,0.0016427601991342072,25,10,20
34,68,0.9047492059195634,0.0006030589498903242,0.09306054357342386,0.0015871915571225386,25,10,20
34,69,0.9055435263415978,0.0006030579043672289,0.09226622772677336,0.0015871880272615812,25,10,20
34,70,0.9280060580753183,0.0006024204447585405,0.06980469139420978,0.0015868300857137705,25,10,20
34,71,0.9281649944253969,0.0006024189590910368,0.06964576242552101,0.0015868241899913494,25,10,20
34,72,0.9234224566758956,0.0006024210847831887,0.07438830691872604,0.0015868153205953206,25,10,20
34,73,0.8884248192139063,0.0006024224190619889,0.10938592602770301,0.0015868323393278788,25,10,20
34,74,0.8878612955585455,0.000602422806792987,0.10994940821466093,0.0015868734199997114,25,10,20
34,75,0.8915703875231241,0.0005947971047718253,0.10624783342302485,0.0015869819490784824,25,10,20
34,76,0.8902677552874911,0.000594842924249262,0.1075501619638792,0.0015872398243796345,25,10,20
34,77,0.894894030146987,0.0005949007682710593,0.1029232151291891,0.0015878539555524154,25,10,20
34,78,0.8916889205325209,0.0005949024959760479,0.10612806195836616,0.0015881150131360205,25,10,20
34,79,0.8927568046516748,0.000594880105531081,0.1050648342557909,0.001583480987002345,25,10,20
34,80,0.8895099876745136,0.000594884774357329,0.10831164147205254,0.0015834860790757618,25,10,20
34,81,0.8817351221594361,0.0005954459061718189,0.11608588007233583,0.0015835518620551908,25,10,20
34,82,0.8815286637056413,0.00059567710158179,0.11629208750516919,0.001583571687606581,25,10,20
34,83,0.8835645502364713,0.000595616627951156,0.11425653495761522,0.0015832981779611691,25,10,20
34,84,0.8716942451070534,0.000595623609474195,0.1237464263294626,0.003963704954008656,25,10,20
34,85,0.8722201951760957,0.0005956151219193649,0.12322106422764452,0.0039631254743393365,25,10,20
34,86,0.8838952282943485,9.506167425304344e-06,0.11213217979217724,0.003963085746047822,25,10,20
34,87,0.8838993135598835,9.504398727716747e-06,0.11212810137928825,0.003963080662099432,25,10,20
34,88,0.8755216106229865,9.283579873558588e-06,0.12050428473292568,0.003964821064213237,25,10,20
34,89,0.8782547588055443,9.287933672443416e-06,0.11777113278630251,0.003964820474479785,25,10,20
34,90,0.8774235404354053,9.299158515990753e-06,0.11860069515978974,0.003966465246288092,25,10,20
34,91,0.8777427842120002,9.29476948911124e-06,0.11828145196687327,0.003966469051636447,25,10,20
34,92,0.8786813034889938,9.293924873882052e-06,0.11735227444977614,0.0039571281363557816,25,10,20
34,93,0.8787745770506693,9.295495718777669e-06,0.1172588013446762,0.003957326108935159,25,10,20
34,94,0.8784284853667422,9.3012514489361e-06,0.11760505726066764,0.003957156121140698,25,10,20
34,95,0.8748786595355285,9.309953825760134e-06,0.12115486199768213,0.003957168512963203,25,10,20
34,96,0.8833357930045241,9.299565950422728e-06,0.11269949418030592,0.0039554132492188795,25,10,20
34,97,0.8736362011738844,9.23154755747373e-06,0.12239915816168644,0.003955409116871554,25,10,20
34,98,0.9084900529438339,9.23041809998003e-06,0.08754533565027531,0.00395538098779091,25,10,20
34,99,0.9090298575277772,9.222018810198415e-06,0.08700558143961594,0.003955339013796808,25,10,20
34,100,0.9390960321035741,7.980357002620183e-06,0.05694026244366477,0.003955725095759439,25,10,20
34,101,0.9447063562672277,7.977730842344017e-06,0.05290160959954775,0.0023840564023830148,25,10,20
34,102,0.9396712177494342,1.445918084754383e-06,0.05794327270676048,0.0023840636257210705,25,10,20
34,103,0.9394208817469597,1.4459000474036915e-06,0.058193602820608197,0.002384069532385218,25,10,20
34,104,0.9384587082139403,1.4611760982880774e-06,0.05915168770117313,0.0023881429087887476,25,10,20
34,105,0.9408950669223267,1.3947087526030794e-06,0.056715440185293835,0.002388098183627387,25,10,20
34,106,0.9399246932764558,1.3967523096255976e-06,0.05768579227968943,0.002388117691545457,25,10,20
34,107,0.9233575834210419,1.4133628083284297e-06,0.07425288999481496,0.0023881132213354264,25,10,20
34,108,0.9099953646668947,1.4116470472059966e-06,0.0876153709397194,0.0023878527463399553,25,10,20
34,109,0.9111124110452667,1.4136993377289696e-06,0.0864984558007656,0.002387719454631185,25,10,20
34,110,0.9091719857213459,1.4137678942181234e-06,0.08843887857617957,0.002387721934581622,25,10,20
34,111,0.9122098786326197,1.4078678426365153e-06,0.08540083543871407,0.002387878060824511,25,10,20
34,112,0.9122975084099393,1.4075738437900983e-06,0.0853132381806463,0.0023878458355714454,25,10,20
34,113,0.9122697506405625,1.4076552349653718e-06,0.08534098841874206,0.002387853285461232,25,10,20
34,114,0.8939937108502805,1.4159872763960858e-06,0.10361701300928089,0.0023878601531633127,25,10,20
34,115,0.8583981637064996,1.4023847721473417e-06,0.1392164454060861,0.0023839885026438047,25,10,20
34,116,0.8595392475739071,8.502233860143314e-07,0.13807646809356322,0.0023834341091452356,25,10,20
34,117,0.8558942751880357,8.647430766748505e-07,0.1417214098098875,0.002383450259001664,25,10,20
34,118,0.8494241755546499,1.1198665924108756e-06,0.14819124447818247,0.0023834601005767674,25,10,20
34,119,0.8119134510889028,2.5600945092923434e-06,0.18569377350595745,0.002390215310631544,25,10,20
34,120,0.8285470066613844,2.542308149769031e-06,0.16906023653976152,0.0023902144907048516,25,10,20
34,121,0.8378831228195984,2.5915474763360725e-06,0.15972390647949875,0.0023903791534275595,25,10,20
34,122,0.8386202554268456,2.5814915717023858e-06,0.15898827366670393,0.0023888894148796627,25,10,20
34,123,0.8340055131829165,2.5859675423066146e-06,0.16360212098251847,0.0023897798670235054,25,10,20
34,124,0.8706944650630996,2.584229875101774e-06,0.12691337860648377,0.0023895721005428357,25,10,20
34,125,0.8722281041211768,2.5921459415853106e-06,0.1253796443742309,0.0023896593586521585,25,10,20
34,126,0.8719973467964224,2.583547395057948e-06,0.1256104540762032,0.00238961557998065,25,10,20
34,127,0.8693203907405187,2.5873304638683975e-06,0.12828722481744767,0.0023897971115710227,25,10,20
34,128,0.8765385822415986,2.330149615283796e-06,0.12106932322272866,0.0023897643860585033,25,10,20
34,129,0.8770540380509724,2.32986701202986e-06,0.12055384557719054,0.0023897865048261133,25,10,20
34,130,0.8849644341843442,1.7694008089423402e-06,0.11264400210039369,0.0023897943144538907,25,10,20
34,131,0.8849521375142357,1.7696517085212439e-06,0.11265628780838474,0.0023898050256718605,25,10,20
34,132,0.876771531976819,1.8742115196831053e-06,0.12083617216813503,0.0023904216435274355,25,10,20
34,133,0.8798125822707147,1.862403495038536e-06,0.1177953970822411,0.002390158243550307,25,10,20
34,134,0.8719107326883941,2.768531355961958e-06,0.1255435830980937,0.0025429156821569782,25,10,20
34,135,0.8527181794708797,3.33613014577133e-06,0.14473495332611547,0.0025435310728592862,25,10,20
34,136,0.852633437683479,3.3528698938962537e-06,0.14481951544363883,0.0025436940029884207,25,10,20
34,137,0.8559605521025676,3.3385423279565837e-06,0.14149243760005098,0.0025436717550536042,25,10,20
34,138,0.8639167351067737,3.236602250935001e-06,0.13353697943848153,0.0025430488524943477,25,10,20
34,139,0.84619704270547,3.248679004706638e-06,0.15125665385127302,0.0025430547642526008,25,10,20
34,140,0.8470746014553068,3.2306763689746165e-06,0.15037925800064905,0.002542909867675525,25,10,20
34,141,0.8566101178870978,3.230921827340952e-06,0.14084373705084036,0.0025429141402343457,25,10,20
34,142,0.8573839876392501,3.2306004803458936e-06,0.14006984441527492,0.0025429373449945333,25,10,20
34,143,0.8562512193671707,3.23166722848287e-06,0.1404953308976199,0.0032502180679807122,25,10,20
34,144,0.8420451391178123,0.00021641545721954604,0.1544877101132352,0.0032507353117325766,25,10,20
34,145,0.8111270004376405,0.00026163954422459386,0.18536053719467843,0.003250822823457937,25,10,20
34,146,0.8021528869212955,0.00026238366689855524,0.19504118628129433,0.0025435431305130783,25,10,20
34,147,0.8194659750622958,0.00021715966529501542,0.17777340653611315,0.002543458736297391,25,10,20
34,148,0.8333320117174579,0.0002171596885757562,0.1639070768547339,0.002543751739232539,25,10,20
34,149,0.8276128765885088,0.0002171628486145633,0.16962612032436764,0.002543840238509646,25,10,20
34,150,0.8271694162220028,0.00021716265215209802,0.1700696283039229,0.0025437928219225565,25,10,20
34,151,0.8463166192244556,0.00021659570254560018,0.15092359136753564,0.0025431937054633215,25,10,20
34,152,0.8551163181307221,0.00021673646501765956,0.1421231952071307,0.002543750197130016,25,10,20
34,153,0.86382028606987,0.00021667912869303773,0.13341848995549538,0.002544544845942051,25,10,20
34,154,0.8638401453567794,0.00021667896943939415,0.13339863647854514,0.0025445391952363863,25,10,20
34,155,0.8643295597114732,0.00021667811972012456,0.13290923446350292,0.002544527705304252,25,10,20
34,156,0.8437158350471603,0.0002172402772687766,0.15056509723198824,0.005501827443583245,25,10,20
34,157,0.847743195076247,0.00021668398957011694,0.14949580321548006,0.0025443177187033823,25,10,20
34,158,0.8578426270900807,0.00021593859729067308,0.13939712359075787,0.0025443107218715393,25,10,20
34,159,0.857932986486434,0.0002159385728743262,0.13930700260484777,0.002544072335844678,25,10,20
34,160,0.8466437906589759,0.00021594079262173365,0.15050653933007824,0.002633729218324402,25,10,20
34,161,0.862495891385722,0.0002159339182130801,0.13474497396003354,0.0025432007360318217,25,10,20
34,162,0.8797779880744323,0.0002159217258288338,0.11746289481321154,0.0025431953865275064,25,10,20
34,163,0.8797031938708738,0.0002159224724385191,0.11753760704410221,0.002543276612585622,25,10,20
34,164,0.8948318820944822,0.0002159118310194166,0.104789337977477,0.00016286809702177268,25,10,20
34,165,0.894859522758649,0.00021591146837614253,0.10476170931323545,0.00016285645973960268,25,10,20
34,166,0.8982438673383375,0.00021504564070959356,0.10153069678288787,1.0390238065175223e-05,25,10,20
34,167,0.8973457727240326,0.00021489338782782686,0.10242950792542657,9.825962713196444e-06,25,10,20
34,168,0.8962110225361992,0.00021495762964084643,0.10356070007971034,1.3319754449708625e-05,25,10,20
34,169,0.9102936927033117,1.7738468137155361e-06,0.0896917277282871,1.2805721587444702e-05,25,10,20
34,170,0.8964620305669224,1.7738501892376342e-06,0.10352339788801507,1.2797694873218793e-05,25,10,20
34,171,0.8967225604999451,9.836437024635834e-06,0.1032550347184182,1.2568344612170523e-05,25,10,20
34,172,0.9050338941458249,9.850130563794277e-06,0.09494368511019927,1.257061341215476e-05,25,10,20
34,173,0.9052649304134128,9.849895941720013e-06,0.09471270310598506,1.2516584660554264e-05,25,10,20
34,174,0.905247001422711,9.84978871507484e-06,0.09473065473286621,1.249405570791893e-05,25,10,20
34,175,0.9043169766878014,9.854026509128865e-06,0.09565861868654812,1.4550599141377127e-05,25,10,20
34,176,0.9041717840771766,9.81024159001797e-06,0.0957015160163615,0.00011688966487200515,25,10,20
34,177,0.9015137353266458,9.811519199141433e-06,0.09835955520143164,0.00011689795272348761,25,10,20
34,178,0.912348692582109,9.810171309390971e-06,0.08752459764591691,0.00011689960066458324,25,10,20
34,179,0.912476590638842,9.810225278637952e-06,0.08739668409864919,0.00011691503723027874,25,10,20
34,180,0.9122648431035283,9.810430933604841e-06,0.08760841959448036,0.00011692687105775534,25,10,20
34,181,0.9120663070136349,9.810628175586427e-06,0.08780696278921417,0.0001169195689753792,25,10,20
34,182,0.9173104338767432,9.797721647809667e-06,0.08256026370349455,0.00011950469811437601,25,10,20
34,183,0.9064071496481547,9.87302960157722e-06,0.093463100549741,0.0001198767725029201,25,10,20
34,184,0.9075615247201473,9.902981320242928e-06,0.09230800132742292,0.00012057097110950734,25,10,20
34,185,0.8852634858522894,9.930943774837262e-06,0.11460175738777638,0.00012482581615950878,25,10,20
34,186,0.8854500522871759,9.930770652121824e-06,0.11441519047909289,0.0001248264630791731,25,10,20
34,187,0.8682004890707538,9.9561274530552e-06,0.13166477265342885,0.0001247821483638333,25,10,20
34,188,0.8668163765940983,1.017076074897384e-05,0.13304866642810767,0.00012478621704475022,25,10,20
34,189,0.8668103400950119,1.0161532482409165e-05,0.13315567885286742,2.3819519637914604e-05,25,10,20
34,190,0.8503787160401026,1.0143951309224652e-05,0.1495915363611245,1.9603647462858625e-05,25,10,20
34,191,0.861382239792992,1.0068579551220981e-05,0.13858847960376505,1.921202369114826e-05,25,10,20
34,192,0.8987815755007468,8.632463189899882e-06,0.10119726484650549,1.25271895572556e-05,25,10,20
34,193,0.8985318347127109,8.634702738157822e-06,0.10144697040063924,1.2560183911174377e-05,25,10,20
34,194,0.898526867351515,8.634800255085211e-06,0.10145193857028569,1.2559277943781141e-05,25,10,20
34,195,0.9311398947952866,0.0002888244968726363,0.06855825153511243,1.3029172728130584e-05,25,10,20
34,196,0.9312219499057385,0.0002888223842449583,0.06847622564588886,1.3002064127534907e-05,25,10,20
34,197,0.9300142074169352,0.00028886036159863504,0.06968392521746333,1.3007004002825616e-05,25,10,20
34,198,0.9263930517889726,0.0002888652056348692,0.07327028867504097,4.779433035177724e-05,25,10,20
34,199,0.926688743420397,0.0002888650855538441,0.07297460314064277,4.778835340640208e-05,25,10,20
34,200,0.926169449768203,0.00028886502615845194,0.07349301321068658,4.867199495178196e-05,25,10,20
34,201,0.921582577646908,0.00028902360528128225,0.0780789536738662,4.944507394423118e-05,25,10,20
34,202,0.926487112733791,0.00028886200200057535,0.07317535936992338,4.8665894284857324e-05,25,10,20
34,203,0.9264146397800733,0.0002888619177857304,0.07324783821564546,4.866008649522767e-05,25,10,20
34,204,0.9198028708443465,0.00029195745883010506,0.07943447049781377,0.00047070119900964916,25,10,20
34,205,0.9253077219318694,1.1760997319861069e-05,0.0741939602677983,0.000486556803012306,25,10,20
34,206,0.9325199520973245,1.1711558773313202e-05,0.06698194399409721,0.0004863923498046527,25,10,20
34,207,0.932456226409051,8.616074731580298e-06,0.0674709027160915,6.425480012573501e-05,25,10,20
34,208,0.9326463841044766,8.62228171063336e-06,0.06728153338589099,6.346022792175588e-05,25,10,20
34,209,0.9369881942119411,8.82360405733827e-06,0.06293950794454722,6.347423945415595e-05,25,10,20
34,210,0.9228980019649659,9.133113134461684e-06,0.07702883594501565,6.402897688398763e-05,25,10,20
34,211,0.9252024329356289,8.93483368814466e-06,0.0747244036979452,6.422853273769917e-05,25,10,20
34,212,0.926283220807814,8.872135158288254e-06,0.0736471466058839,6.0760451143537534e-05,25,10,20
34,213,0.921747789281588,9.156241031136465e-06,0.07818169299557735,6.136148180326776e-05,25,10,20
34,214,0.9212739478985127,9.3603784571774e-06,0.0786542890544525,6.240266857733376e-05,25,10,20
34,215,0.9212308236238165,9.366796464708691e-06,0.07869743511778847,6.23744619298943e-05,25,10,20
34,216,0.9147007187230123,9.362602508724818e-06,0.08522960235737889,6.031631709932514e-05,25,10,20
34,217,0.9091930890586071,9.358241250124806e-06,0.09073722092136656,6.0331778775560934e-05,25,10,20
34,218,0.91078848269027,9.326233969706458e-06,0.08914264138866511,5.954968709453831e-05,25,10,20
34,219,0.9048964192416159,9.328257377024721e-06,0.09503469991669082,5.955258431566571e-05,25,10,20
34,220,0.9038323608597562,9.348354071228089e-06,0.09609872961452684,5.956117164517551e-05,25,10,20
34,221,0.9179243641233452,9.040495026183363e-06,0.08200845783217824,5.813754944969635e-05,25,10,20
34,222,0.9220866207611224,9.187710825465758e-06,0.07784602012424423,5.817140380778355e-05,25,10,20
34,223,0.9221088218663042,9.180511248491547e-06,0.07782386148321666,5.8136139230473546e-05,25,10,20
34,224,0.9208013875681759,9.178646092247354e-06,0.0791290556999658,6.037808576568038e-05,25,10,20
34,225,0.9221861335372695,8.963899729338124e-06,0.07774453371551099,6.03688474895887e-05,25,10,20
34,226,0.9237806517747451,9.013229566337843e-06,0.07618461181458155,2.5723181106401947e-05,25,10,20
34,227,0.9243772812582869,9.005640721133585e-06,0.07559001489208338,2.3698208908313312e-05,25,10,20
34,228,0.9399909020133066,1.305882598740653e-05,0.05997234278807155,2.3696372634071347e-05,25,10,20
34,229,0.9216537955721548,2.3004466338177772e-05,0.07829950533383813,2.3694627668876828e-05,25,10,20
34,230,0.9212906432750708,2.3004464679440206e-05,0.0786626554168132,2.3696843436229795e-05,25,10,20
34,231,0.9151603017988867,2.2999164788456224e-05,0.08480868492268455,8.014113639551912e-06,25,10,20
34,232,0.9013873980454276,0.0018171505883226291,0.0967873398267788,8.111539470291239e-06,25,10,20
34,233,0.883749872832023,0.001816946501788326,0.11442605477490192,7.125891285602986e-06,25,10,20
34,234,0.8837495688643238,0.001816947737060294,0.1144263517448179,7.131653797097034e-06,25,10,20
34,235,0.8881601595889093,0.001808754070776089,0.11002404116713313,7.045173180783798e-06,25,10,20
34,236,0.8882247327372643,0.0018087509190153298,0.10995968014840768,6.836195312302283e-06,25,10,20
34,237,0.8927629552923563,0.0018087826898186869,0.10542191964020561,6.342377618995961e-06,25,10,20
34,238,0.882713970280871,0.0018085027233890846,0.11545863866489613,1.8888330843320824e-05,25,10,20
34,239,0.8846368040823271,0.0018084491218416845,0.11353599414987263,1.875264595804114e-05,25,10,20
34,240,0.8794809911285146,0.0018084715104097046,0.1186915145452944,1.9022815781515255e-05,25,10,20
34,241,0.8838479649953471,0.001808472242306905,0.11432446052851696,1.9102233829094407e-05,25,10,20
34,242,0.8851439299801198,0.0018228982493170465,0.11301427379930526,1.8897971257767662e-05,25,10,20
34,243,0.8851548244970734,0.0018231132461161974,0.11300567103654392,1.6391220266581002e-05,25,10,20
34,244,0.8841900601903177,0.0018231481767784128,0.11397038778954524,1.6403843358823585e-05,25,10,20
34,245,0.8841632249341376,0.0018231486898719065,0.11399722721681266,1.639915917821141e-05,25,10,20
34,246,0.8853771431787891,0.0018231494982195293,0.11278557738191956,1.4129941072126431e-05,25,10,20
34,247,0.8793007987563257,0.0018231488367084628,0.11886198699826876,1.406540869755456e-05,25,10,20
34,248,0.8788218279469568,0.0018231493341647684,0.11934095301249757,1.4069706381312481e-05,25,10,20
34,249,0.8796189521019073,0.0018230091059483087,0.11854400292538349,1.4035866761413233e-05,25,10,20
34,250,0.866960728234975,0.0018227949112117215,0.13120236495656123,1.4111897252262866e-05,25,10,20
34,251,0.8778470936216217,2.865397227295019e-05,0.12211015389489009,1.409851121564292e-05,25,10,20
34,252,0.8776186639007207,2.8657807504566682e-05,0.12233854921559847,1.4129076176659254e-05,25,10,20
34,253,0.8772760462435208,2.8659369780512804e-05,0.12268114047778235,1.4153908916605384e-05,25,10,20
34,254,0.8822809889769553,2.8638430218305787e-05,0.11767551162734965,1.4860965476890762e-05,25,10,20
34,255,0.8867930261393551,2.8720802208674027e-05,0.11316331155447384,1.4941503962550868e-05,25,10,20
34,256,0.8870049748564603,2.8722623744610277e-05,0.11295140850038962,1.4894019405401954e-05,25,10,20
34,257,0.8878346723805172,2.8711419257156285e-05,0.1121216622171895,1.4953983036292981e-05,25,10,20
34,258,0.8757855639724947,2.8701674053811355e-05,0.12416798999133195,1.774436211954892e-05,25,10,20
34,259,0.87622883876482,2.8700100147181244e-05,0.12372572625848305,1.6734876549738432e-05,25,10,20
34,260,0.8757725302940409,2.870045664052239e-05,0.12418124177773078,1.7527471587662784e-05,25,10,20
34,261,0.8850977897242354,2.8700319190222752e-05,0.11485599756482336,1.7512391750918588e-05,25,10,20
34,262,0.8860177523989431,2.8665450738516573e-05,0.11393606895425204,1.7513196066151263e-05,25,10,20
34,263,0.8853249267103629,2.458676380491736e-05,0.11193793439486806,0.002712552130963977,25,10,20
34,264,0.8847271000311507,2.4596161330555868e-05,0.1125357907525712,0.0027125130549474357,25,10,20
34,265,0.8688716035276439,2.4578499500362083e-05,0.1283912611400549,0.002712556832801129,25,10,20
34,266,0.8461212207557695,2.4578631655924147e-05,0.15114159715679365,0.002712603455781837,25,10,20
34,267,0.8464716198496355,2.4578803019532523e-05,0.1507911944935327,0.002712606853813054,25,10,20
34,268,0.8461155580677904,2.458508323635208e-05,0.15113577557121818,0.0027240812777553007,25,10,20
34,269,0.8466928139686182,2.4584015012725835e-05,0.15055853100347666,0.002724071012892652,25,10,20
34,270,0.8511615661523567,2.5185463523651045e-05,0.14608925723575056,0.0027239911483693956,25,10,20
34,271,0.8692631403477392,2.5185398585174666e-05,0.12798773681988518,0.0027239374337910643,25,10,20
34,272,0.8885871961884972,2.5187389477270152e-05,0.1086635937763333,0.0027240226456924973,25,10,20
34,273,0.8885991816885463,2.5193621108642993e-05,0.10865235187106188,0.0027232728192833934,25,10,20
34,274,0.8887061060441647,2.5186773142744574e-05,0.10855690603875924,0.002711801143933557,25,10,20
34,275,0.8887500484683208,2.5185195480373317e-05,0.10851299017817215,0.002711776158026882,25,10,20
34,276,0.8883431387604097,2.5181749544319568e-05,0.10891986377900781,0.0027118157110383343,25,10,20
34,277,0.8870639111011667,2.5175908733759485e-05,0.11019910743822244,0.002711805551877167,25,10,20
34,278,0.887083221125459,2.517580737545408e-05,0.11017981075988573,0.002711792307279924,25,10,20
34,279,0.8871280203336527,2.5178637962629293e-05,0.11013402490050977,0.0027127761278750977,25,10,20
34,280,0.8899836161801573,2.519678150911729e-05,0.10997343318300638,1.775385532710426e-05,25,10,20
34,281,0.8888667957617222,2.524587047012426e-05,0.11108574282130443,2.2215546503252805e-05,25,10,20
34,282,0.8856451129115858,2.52802787316217e-05,0.11430741312097444,2.219368870805577e-05,25,10,20
34,283,0.8533548239144031,2.5801687264322e-05,0.14659699765596923,2.237674236370561e-05,25,10,20
34,284,0.8529869622257713,2.5800101134969557e-05,0.1469650345456015,2.2203127492389114e-05,25,10,20
34,285,0.8532228625364148,2.5799676997069137e-05,0.14672913819853645,2.219958805193967e-05,25,10,20
34,286,0.8343699554752301,0.0001619214043826944,0.16544564621087487,2.2476909512287874e-05,25,10,20
34,287,0.8315441886408105,0.00016192666768583344,0.1682712570528794,2.2627638624736012e-05,25,10,20
34,288,0.798962161555983,0.00016312651985457173,0.20085210286395025,2.260906021243919e-05,25,10,20
34,289,0.7989489715997403,0.00016312662006501662,0.20086528206365195,2.2619716543103834e-05,25,10,20
34,290,0.8132910255859963,0.00016318542253601864,0.18653628874723044,9.50024423755663e-06,25,10,20
34,291,0.8126475293285091,0.000163178874120246,0.18717981355329935,9.478244071600568e-06,25,10,20
34,292,0.8226523467823554,0.00016317731294363615,0.17717515294001474,9.322964686601162e-06,25,10,20
34,293,0.8202248360355986,0.00016317908621863074,0.17960265857915797,9.326299025089268e-06,25,10,20
34,294,0.8095593310290881,0.00016318184780392744,0.1902681489802966,9.338142811713628e-06,25,10,20
34,295,0.8005656129014074,0.00016322108541178096,0.19926177680594218,9.389207239081804e-06,25,10,20
34,296,0.8030054156689629,0.0001632192842650198,0.19682198110936214,9.383937410791712e-06,25,10,20
34,297,0.7999079369318413,0.00016314581811817277,0.1998552278312086,7.368941883232764e-05,25,10,20
34,298,0.8024579073919124,0.0001631454113723871,0.19730180178895534,7.714540776077848e-05,25,10,20
34,299,0.8333690579920677,0.0001626313620240869,0.16639133635281256,7.697429309646164e-05,25,10,20
34,300,0.833360301323752,0.00016263126316846285,0.16640010345894285,7.696395413731077e-05,25,10,20
34,301,0.852971593283108,0.00015264750603126632,0.14679880640835688,7.695280250436349e-05,25,10,20
34,302,0.8526145534411975,0.00015264874023707183,0.14715578723929224,7.70105792737e-05,25,10,20
34,303,0.8520202880804836,0.00015264877641844366,0.14775005284983558,7.701029326295005e-05,25,10,20
34,304,0.8515677508647382,0.00015267795297979798,0.14820256004520732,7.70111370753497e-05,25,10,20
34,305,0.8485569811440498,0.0001520737608133886,0.15096971920473698,0.000321225890400641,25,10,20
34,306,0.8811034489566562,0.00015087141250855229,0.11842438631696092,0.00032129331387493397,25,10,20
34,307,0.8730953495310279,0.00015082776987401778,0.12643243900106804,0.00032138369803094106,25,10,20
34,308,0.8728853039632092,0.00015082976858831707,0.1266419664614566,0.0003218998067469813,25,10,20
34,309,0.8614178012634665,0.00015251524787898542,0.13810605689391134,0.0003236265947442878,25,10,20
34,310,0.8760666540759042,0.00015251440004186573,0.12346008074383905,0.0003207507802157173,25,10,20
34,311,0.8738185087549805,0.00015251635843806916,0.12595244909828227,7.652578830016793e-05,25,10,20
34,312,0.8735972320508942,0.00015251860830024322,0.12617370478451584,7.65445562908696e-05,25,10,20
34,313,0.8731416557208823,0.00015251698179383772,0.12662940364318123,7.642365414377816e-05,25,10,20
34,314,0.852609840645743,0.00015278943682697248,0.14716164095781759,7.572895961287201e-05,25,10,20
34,315,0.8569261216187116,0.00015277660824444974,0.14290978124074505,1.1320532299863362e-05,25,10,20
34,316,0.8572489584008602,0.00015277570778017942,0.14258698065283357,1.1285238526902407e-05,25,10,20
34,317,0.8550450230208385,1.665336557969595e-05,0.1449273097164686,1.101389711390629e-05,25,10,20
34,318,0.8584798693044143,1.6651832659438554e-05,0.14149259130545322,1.0887557473437681e-05,25,10,20
34,319,0.8583526580435074,1.6652023749609622e-05,0.14161979628950921,1.0893643234246053e-05,25,10,20
34,320,0.8633041140989505,1.661710921054014e-05,0.13666836616833689,1.0902623502269156e-05,25,10,20
34,321,0.8249790179647973,1.6638494415344005e-05,0.1749928983516062,1.1445189181039582e-05,25,10,20
34,322,0.8409663290926166,1.663843046295836e-05,0.159000801564318,1.6230912602214937e-05,25,10,20
34,323,0.8627216201532327,1.6364733275151687e-05,0.13724581913040057,1.6195983091582092e-05,25,10,20
34,324,0.8627796508696396,1.6362666787319468e-05,0.13718747596211162,1.6510501461490482e-05,25,10,20
34,325,0.9013396096504898,1.634886682817321e-05,0.09862803760929721,1.6003873384968862e-05,25,10,20
34,326,0.9051880631521201,1.63555823932022e-05,0.09477476036281228,2.0820902674598935e-05,25,10,20
34,327,0.9047650914102282,1.6355305219960483e-05,0.09519775775791305,2.0795526638984226e-05,25,10,20
34,328,0.8677809678457025,1.63547645827085e-05,0.1321816223519277,2.1055037786744797e-05,25,10,20
34,329,0.8672622649031009,1.6363969858724875e-05,0.13270023693140032,2.113419563994362e-05,25,10,20
34,330,0.8674844817587711,1.636178703014887e-05,0.13247804082919626,2.1115625002294118e-05,25,10,20
34,331,0.8598656424834035,1.6742887647385896e-05,0.14009647484263513,2.1139786313998406e-05,25,10,20
34,332,0.8597679922593496,1.6744398136272757e-05,0.14019409225355178,2.1171088962166844e-05,25,10,20
34,333,0.8599328130341851,1.6737182322634342e-05,0.14002928100030781,2.116878318426533e-05,25,10,20
34,334,0.8705343200536317,1.673621708385481e-05,0.12942757379622596,2.136993305801287e-05,25,10,20
34,335,0.8660104584351069,1.6737996213984884e-05,0.13395141836063768,2.13852080409872e-05,25,10,20
34,336,0.8661266087829143,1.673786234278597e-05,0.13383525862773746,2.139472700510402e-05,25,10,20
34,337,0.9028191907558976,1.673815680246334e-05,0.097142821831769,2.1249255531141493e-05,25,10,20
34,338,0.903307712321678,1.67375276964033e-05,0.0966591649279395,1.6385222686366898e-05,25,10,20
34,339,0.9024927083165024,2.2778128640159184e-06,0.09748862524330476,1.6388627329127975e-05,25,10,20
34,340,0.9026152582685038,2.2778753314179966e-06,0.09736607523918318,1.6388616981890697e-05,25,10,20
34,341,0.899795266945353,2.412161527572895e-06,0.1001642496083926,3.807128472661048e-05,25,10,20
34,342,0.8995731861270044,2.412153746229727e-06,0.10037555451765078,4.884720159845667e-05,25,10,20
34,343,0.8997587375873403,2.5457917545302153e-06,0.10018179072591873,5.692589498654355e-05,25,10,20
34,344,0.8946296029734182,2.726450216748257e-06,0.10530970085490149,5.796972146334853e-05,25,10,20
34,345,0.8965079156262667,2.6920705637078824e-06,0.10345303110268424,3.636120048499539e-05,25,10,20
34,346,0.8965475881582188,2.6948449876438397e-06,0.1034141723730225,3.554462377085984e-05,25,10,20
34,347,0.8953083729958891,2.6996276461393463e-06,0.1046526114434654,3.6315932999177795e-05,25,10,20
34,348,0.8953259522190394,2.6994846920584937e-06,0.10463503746534945,3.6310830918906715e-05,25,10,20
34,349,0.8968602683691332,2.6320773452465536e-06,0.10310076492774706,3.6334625774330786e-05,25,10,20
34,350,0.8981802286985707,2.6270875690783433e-06,0.10178164422268127,3.549999117876938e-05,25,10,20
34,351,0.8977203924053486,2.626152345257916e-06,0.1022414866934009,3.549474890502483e-05,25,10,20
34,352,0.89791411547511,2.6260914474642542e-06,0.10205853979943992,2.4718634002507516e-05,25,10,20
34,353,0.8954547983676896,2.4111196647684912e-06,0.10445967030273812,8.31202099074844e-05,25,10,20
34,354,0.8568192439408429,0.0011060088457027315,0.14199581650001247,7.893071344061711e-05,25,10,20
34,355,0.853031263869671,0.001107582576443839,0.14577746089872567,8.369265515810315e-05,25,10,20
34,356,0.8531642908105112,0.0011075805900095004,0.14564446295727168,8.366564220628103e-05,25,10,20
34,357,0.8529915302501078,0.0011075803929678125,0.14581722981496026,8.365954196298917e-05,25,10,20
34,358,0.852960079790996,0.0011075804505681823,0.14584868587688857,8.365388154601973e-05,25,10,20
34,359,0.8896689457182332,3.98783494943839e-06,0.11024366647228893,8.339997452826965e-05,25,10,20
34,360,0.9109079066795135,3.987023435611572e-06,0.08900471293797228,8.339335907916886e-05,25,10,20
34,361,0.9104302218225284,4.015315722231011e-06,0.08948221259699835,8.35502647515622e-05,25,10,20
34,362,0.9193736794090818,3.976325402749475e-06,0.08053878725899465,8.355700652157766e-05,25,10,20
34,363,0.9145275858401412,4.136276602589555e-06,0.0853847539825519,8.35239007046957e-05,25,10,20
34,364,0.9137924740696277,4.176384758372551e-06,0.08611992176455222,8.34277810619619e-05,25,10,20
34,365,0.9337498209990618,2.4784864531447795e-06,0.06616609553955158,8.160497493332996e-05,25,10,20
34,366,0.9322443907454838,2.3383455655288884e-06,0.06768323052263737,7.004038631286053e-05,25,10,20
34,367,0.9323171749406289,2.337824331288533e-06,0.06761050967802508,6.997755701440393e-05,25,10,20
34,368,0.9363691689882913,2.339400896639357e-06,0.06355844636445697,7.004524635489308e-05,25,10,20
34,369,0.9410293933266571,2.1793056564561495e-06,0.05889834499605289,7.008237163336781e-05,25,10,20
34,370,0.9414240371921174,2.0854934856873873e-06,0.05850166059843241,7.2216715964497e-05,25,10,20
34,371,0.9428858973634483,2.0812589652462117e-06,0.057039884669041745,7.213670854448925e-05,25,10,20
34,372,0.943130312730384,2.081604745533534e-06,0.056795297994129613,7.230767074075523e-05,25,10,20
34,373,0.9439675070803832,2.0723947020179388e-06,0.055958193469254326,7.222705566015412e-05,25,10,20
34,374,0.939507005824499,8.547606199510473e-06,0.060412215785117435,7.223078418361776e-05,25,10,20
34,375,0.9360192932435456,8.54926574774863e-06,0.06389991759548012,7.223989522640022e-05,25,10,20
34,376,0.9164781819672249,8.566823018050538e-06,0.083440884075382,7.236713437470987e-05,25,10,20
34,377,0.9158960143611735,8.567872660652653e-06,0.08402304195371829,7.237581244715377e-05,25,10,20
34,378,0.9125376244425426,8.798375155661437e-06,0.08738075595504297,7.282122725825421e-05,25,10,20
34,379,0.9209937590869537,8.414244143039477e-06,0.07892502254719193,7.280412171090248e-05,25,10,20
34,380,0.921936096580987,8.38603342555909e-06,0.07798287605601882,7.264132956816685e-05,25,10,20
34,381,0.9224453706327779,8.382943630812046e-06,0.07747368786566973,7.255855792109701e-05,25,10,20
34,382,0.9230238180062869,8.383200750478555e-06,0.07689523677071777,7.256202224455067e-05,25,10,20
34,383,0.9586848172804529,8.358205096654578e-06,0.04123431363849219,7.251087595821573e-05,25,10,20
34,384,0.9278811416113727,8.558714144797162e-06,0.07058726662065541,0.0015230330538266528,25,10,20
34,385,0.9277127749423839,8.557406533165458e-06,0.07075564727695562,0.0015230203741269702,25,10,20
34,386,0.9158106802609489,8.571406182897834e-06,0.08265763270502738,0.0015231156278405567,25,10,20
34,387,0.9236307519327093,2.096335550278868e-06,0.07484403475322396,0.001523116978516259,25,10,20
34,388,0.9235565487819991,2.0964669201820706e-06,0.07491823783612017,0.0015231169149603635,25,10,20
34,389,0.9285960894116794,2.0948039307053674e-06,0.0698777798491188,0.0015240359352708698,25,10,20
34,390,0.9241029977680205,2.2029543595178785e-06,0.07437024506310189,0.001524554214517991,25,10,20
34,391,0.9353876119615243,2.2063304433860886e-06,0.06308493141248421,0.0015252502955477427,25,10,20
34,392,0.9182894970325186,2.6045068604513492e-06,0.08018746011709371,0.0015204383435271978,25,10,20
34,393,0.9177172852300264,2.607265587553237e-06,0.08075912015180407,0.0015209873525820735,25,10,20
34,394,0.8833289191482284,3.843751147813768e-06,0.11514042224877251,0.0015268148518511626,25,10,20
34,395,0.8832920276321923,3.843759359867755e-06,0.1151754790994655,0.0015286495089820223,25,10,20
34,396,0.8857825806943825,2.2832066314627646e-06,0.11269118713147819,0.001523948967507722,25,10,20
34,397,0.8816122822029482,2.623634628449303e-06,0.11686109213559895,0.0015240020268243132,25,10,20
34,398,0.8861818645178721,2.4342729490363146e-06,0.11229221605123663,0.0015234851579421437,25,10,20
34,399,0.858309065320407,2.805255119621752e-06,0.14016459064310868,0.0015235387813644459,25,10,20
34,400,0.858478751478688,2.7897090082800725e-06,0.13999428077437184,0.0015241780379316072,25,10,20
34,401,0.8594374727803132,2.798640321306923e-06,0.1390355784389393,0.0015241501404261977,25,10,20
34,402,0.8599447873490537,2.7554005367488912e-06,0.13852813080221765,0.0015243264481919028,25,10,20
34,403,0.8778108053883674,2.8432004886561094e-06,0.12066198508801197,0.0015243663231321173,25,10,20
34,404,0.8740933773554416,3.038933726547066e-06,0.12437712609342992,0.0015264576174022217,25,10,20
34,405,0.8753724591166318,3.025884388519437e-06,0.12309811274477361,0.0015264022542063472,25,10,20
34,406,0.8618949500085713,3.1313580362521063e-06,0.13655823512177265,0.0015436835116199952,25,10,20
34,407,0.8749835912909738,3.02798925822695e-06,0.12348688499536156,0.0015264957244066595,25,10,20
34,408,0.8751182109322134,3.0279964756738106e-06,0.12335226440130313,0.0015264966700079072,25,10,20
34,409,0.875052884607423,3.041004919725267e-06,0.12341757378396168,0.0015265006036956365,25,10,20
34,410,0.8748772149007097,3.0393242487800277e-06,0.12359325504633631,0.0015264907287054145,25,10,20
34,411,0.8729364226643292,3.0237297082768177e-06,0.12553407540401174,0.001526478201950849,25,10,20
34,412,0.8721805651838279,3.0400531269504835e-06,0.12619505562745303,0.0016213391355923026,25,10,20
34,413,0.853041608449045,3.4369027879177976e-06,0.14533479895258766,0.001620155695579722,25,10,20
34,414,0.8485542736777663,3.4348482981961544e-06,0.14982268052841102,0.0016196109455250058,25,10,20
34,415,0.8472319267961474,3.4351598238250226e-06,0.1511450291908011,0.0016196088532283983,25,10,20
34,416,0.8476717801950325,3.4329270727813105e-06,0.15070527750568724,0.00161950937220822,25,10,20
34,417,0.8490476334789424,3.4324843774315444e-06,0.14932942676641406,0.001619507270266852,25,10,20
34,418,0.8492049234533564,3.4319690791026495e-06,0.14917230656171987,0.0016193380158453072,25,10,20
34,419,0.8491251605904886,3.4425794230370347e-06,0.1492528374157496,0.0016185594143397158,25,10,20
34,420,0.848884388677494,3.440772556678477e-06,0.149493822995955,0.0016183475539951573,25,10,20
34,421,0.8513823271536066,3.451235783603101e-06,0.14699385434870071,0.0016203672619099657,25,10,20
34,422,0.8519456124211822,3.449415247059939e-06,0.14643229617157252,0.0016186419919989481,25,10,20
34,423,0.8525976172146025,3.4390089035787855e-06,0.14578034114418112,0.0016186026323134395,25,10,20
34,424,0.8525830678541007,3.4391567207122215e-06,0.1457948792660855,0.0016186137230936174,25,10,20
34,425,0.8525784559022447,3.4389976354520738e-06,0.14579974065417356,0.001618364445946832,25,10,20
34,426,0.8795300098213371,3.081751146471821e-06,0.11882384486598355,0.0016430635615331856,25,10,20
34,427,0.8793934897089902,6.084622228424242e-06,0.11895705444785289,0.0016433712209289412,25,10,20
34,428,0.8794376728949147,6.084541115154039e-06,0.11891286978000806,0.001643372783962436,25,10,20
34,429,0.8775363330053032,7.15960626537867e-05,0.12219376267808006,0.00019830825396316716,25,10,20
34,430,0.8800760209981001,7.125185755961024e-05,0.11965431890858984,0.00019840823575078542,25,10,20
34,431,0.8775775637954815,7.00288702312141e-05,0.12215903327001958,0.0001933740642680671,25,10,20
34,432,0.8818917017978876,7.002879651081758e-05,0.11784489832964887,0.00019337107595301416,25,10,20
34,433,0.8821881623038381,7.002880653233926e-05,0.11754843930991064,0.0001933695797192461,25,10,20
34,434,0.8820845380003864,7.002874171197293e-05,0.11765207358264868,0.00019335967525334352,25,10,20
34,435,0.8759873788626205,7.00314459795143e-05,0.12374921768307616,0.00019337200832438115,25,10,20
34,436,0.8768387090290828,7.002379967851643e-05,0.1229226175976737,0.00016864957356518175,25,10,20
34,437,0.8769377675475957,7.002397543454823e-05,0.1228235539482742,0.00016865452869583019,25,10,20
34,438,0.8769206862536278,7.002407378957187e-05,0.12284064150969495,0.00016864816288787574,25,10,20
34,439,0.8677020901428388,7.064886048076483e-05,0.13205876424651383,0.00016849675016697581,25,10,20
34,440,0.8685046578326353,7.064828203610156e-05,0.1312561454049584,0.00016854848037044614,25,10,20
34,441,0.9053556136240916,7.064362409615681e-05,0.09440597149724236,0.00016777125457049353,25,10,20
34,442,0.9055997913580718,7.065251907232505e-05,0.09416160201965866,0.0001679541031978516,25,10,20
34,443,0.8987756999495494,7.065254908923739e-05,0.10098615776204109,0.00016748973932063322,25,10,20
34,444,0.9033084705973483,7.054403175469712e-05,0.09645401386625213,0.00016697150464505344,25,10,20
34,445,0.903179425297447,7.054419209011178e-05,0.09658299313355308,0.00016703737691000986,25,10,20
34,446,0.9351054968073567,4.832279577396993e-06,0.06472809955534417,0.00016157135772165503,25,10,20
34,447,0.9349311017128834,4.830184836169786e-06,0.06490252388360909,0.0001615442186713701,25,10,20
34,448,0.9323050517526563,4.834030302217371e-06,0.06747066339333731,0.000219450823704155,25,10,20
34,449,0.9327271883575208,4.830174690835625e-06,0.06704853450418359,0.00021944696360488004,25,10,20
34,450,0.9191026478806039,2.887721871847623e-06,0.08067504263473335,0.0002194217627913899,25,10,20
34,451,0.9189169087771545,2.894763114757584e-06,0.08086074091043219,0.0002194555492989076,25,10,20
34,452,0.9189382831907571,2.8887928000559236e-06,0.08084138618874284,0.00021744182770038294,25,10,20
34,453,0.9183557941480164,2.8933595787068696e-06,0.08142387464530668,0.00021743784709851583,25,10,20
34,454,0.9158942087283435,2.9089523291976896e-06,0.08386112119304474,0.00024176112628299462,25,10,20
34,455,0.9157994780222922,2.9620825999641366e-06,0.08395580166398123,0.00024175823112695767,25,10,20
34,456,0.9075445878316485,3.321156372391877e-06,0.09221030973354771,0.00024178127843187152,25,10,20
34,457,0.9075295882104539,3.321207597459561e-06,0.09222530909093923,0.00024178149100965323,25,10,20
34,458,0.90968079255343,3.2892539392230957e-06,0.09007404587561847,0.00024187231701255351,25,10,20
34,459,0.9097732538023818,3.289238280988673e-06,0.0899815759437313,0.0002418810156058562,25,10,20
34,460,0.9094241870804283,3.282152061462549e-06,0.09033088556954297,0.00024164519796750108,25,10,20
34,461,0.92726725421433,2.8890597313823203e-06,0.07248889954001063,0.00024095718592803233,25,10,20
34,462,0.9274230881917923,2.871675178577733e-06,0.07242773271272433,0.0001463074203048909,25,10,20
34,463,0.9265753463032219,2.8680333071680087e-06,0.07327516077770335,0.00014662488576741507,25,10,20
34,464,0.9325237166256417,2.868301249873072e-06,0.06732678631563382,0.0001466287574745845,25,10,20
34,465,0.9323979803110812,2.8695676554274845e-06,0.06745252125981731,0.0001466288614462076,25,10,20
34,466,0.9417587387129132,2.235074905059494e-06,0.058092300608980636,0.00014672560320130195,25,10,20
34,467,0.9414045838144867,2.2381124874199855e-06,0.058446429461925443,0.00014674861110065325,25,10,20
34,468,0.9494333269525004,1.8789556189295446e-06,0.05041806786917304,0.00014672622270783732,25,10,20
34,469,0.9226340274512508,1.7162450569013662e-06,0.07722104805965321,0.00014320824403897924,25,10,20
34,470,0.9228665923213865,1.7160206121687476e-06,0.07698848196645545,0.00014320969154570695,25,10,20
34,471,0.9181086030382497,1.7151532910401332e-06,0.08174602010245109,0.00014366170600815936,25,10,20
34,472,0.9180450409629052,1.6593315366121e-06,0.0818096002486112,0.00014369945694695066,25,10,20
34,473,0.9035432588210307,9.0471290333378e-06,0.09630392751975872,0.00014376653017747465,25,10,20
34,474,0.9026741210725636,9.058419684468043e-06,0.09716880054354558,0.00014801996420648136,25,10,20
34,475,0.9027600578196275,9.061756917567097e-06,0.09708286819727999,0.00014801222617495026,25,10,20
34,476,0.9025452611817597,9.058207174512599e-06,0.09729744978970604,0.00014823082135971284,25,10,20
34,477,0.9037873284920457,9.058531407743639e-06,0.09605559406131302,0.000148018915233631,25,10,20
34,478,0.9177650481194854,7.99687322086378e-06,0.08207921755098979,0.0001477374563038197,25,10,20
34,479,0.9174659463099323,8.047247046571305e-06,0.08237800363993443,0.0001480028030864298,25,10,20
34,480,0.9158167108324301,8.150193264162764e-06,0.08402690127721066,0.00014823769709489183,25,10,20
34,481,0.9089144001544738,8.160615466238568e-06,0.09092910907991573,0.00014833015014434372,25,10,20
34,482,0.9031411450045236,8.16676233909032e-06,0.09670143766645872,0.00014925056667848815,25,10,20
34,483,0.9031439953664306,8.165603302400239e-06,0.09669860104360485,0.00014923798666203626,25,10,20
34,484,0.9046223538689414,8.33955235844594e-06,0.09522006718790876,0.00014923939079145794,25,10,20
34,485,0.909394430452545,8.338366772947953e-06,0.0904484439542571,0.00014878722642508704,25,10,20
34,486,0.9094521335535097,8.338341438101878e-06,0.09039074447182148,0.00014878363323068272,25,10,20
34,487,0.9028963682727514,6.619062084927894e-05,0.09673632822903563,0.00030111287736356486,25,10,20
34,488,0.9038995252994486,6.619841320410145e-05,0.0957376833559437,0.0002965929314034738,25,10,20
34,489,0.9036143815158181,6.62021870591311e-05,0.09602290147232707,0.0002965148247954829,25,10,20
34,490,0.9107922649815801,6.619846584018612e-05,0.08890445817555195,0.00023707837702719326,25,10,20
34,491,0.9026072718983138,6.625612196794694e-05,0.09630779360266507,0.0010186783770531286,25,10,20
34,492,0.9040767089910758,8.398943256970072e-06,0.09499849638137406,0.0009163956842925953,25,10,20
34,493,0.9151504582019487,1.0093377070524003e-06,0.08393217754245957,0.0009163549178843558,25,10,20
34,494,0.914942562378414,1.0094014327688765e-06,0.0841400604737395,0.0009163677464137038,25,10,20
34,495,0.9051607983898156,1.3811231746594375e-05,0.09390893236468294,0.000916458013754532,25,10,20
34,496,0.8943022465891262,1.3816800753591772e-05,0.1047674371837826,0.000916499426338056,25,10,20
34,497,0.8839873206847025,1.5061315909925249e-05,0.1150808357129866,0.0009167822864016678,25,10,20
34,498,0.8948677081009043,1.5055694760258073e-05,0.10420049549595226,0.0009167407083836281,25,10,20
34,499,0.9064757705610644,2.2539679077845195e-06,0.09260531001078251,0.0009166654602446882,25,10,20
34,500,0.9274154538392971,2.550919179501515e-06,0.07166365698160022,0.000918338259923306,25,10,20
34,501,0.9260481505039625,2.6040316194440257e-06,0.07301348856690523,0.0009357568975130304,25,10,20
34,502,0.9277817851808705,2.5424437188976804e-06,0.07129737674278461,0.0009182956326263088,25,10,20
34,503,0.9350741865158619,2.530153667710355e-06,0.06400512171227082,0.0009181616181997036,25,10,20
34,504,0.9380671257745148,2.679176277237974e-06,0.061012027239823664,0.0009181678093843421,25,10,20
34,505,0.9382263141057727,2.678767432579137e-06,0.06085283431916718,0.0009181728076276399,25,10,20
34,506,0.9367075745938434,3.1381632055992768e-06,0.062248194066893345,0.00104109317605768,25,10,20
34,507,0.9369065733447692,3.1365492034688537e-06,0.06204921204952692,0.0010410780565002753,25,10,20
34,508,0.9368999378113341,3.1366188870916123e-06,0.062055847288634405,0.001041078281144401,25,10,20
34,509,0.9451537100269648,1.897533753512403e-06,0.05380356440250481,0.0010408280367763985,25,10,20
34,510,0.945484415466547,1.8826932876757151e-06,0.053472890723309255,0.0010408111168556606,25,10,20
34,511,0.9101626242103927,1.4108060129851098e-06,0.0887885597330903,0.0010474052505044574,25,10,20
34,512,0.9132079280502403,1.3906459846822685e-06,0.08576760030627711,0.001023080997498181,25,10,20
34,513,0.9232248091209234,1.0588591168151236e-06,0.07575272668573088,0.0010214053342291387,25,10,20
34,514,0.9232159097577902,1.0590654045535272e-06,0.07576161096057141,0.0010214202162339748,25,10,20
34,515,0.9303088935799593,9.608984891042743e-07,0.0687192786777726,0.0009708668437791189,25,10,20
34,516,0.9310410414070523,9.611133632689328e-07,0.06798708889000783,0.0009709085895766061,25,10,20
34,517,0.9665128356137955,9.386394316988472e-07,0.03251818807581783,0.0009680376709542295,25,10,20
34,518,0.9683167343653275,9.379194972382525e-07,0.030711149055099023,0.0009711786600755905,25,10,20
34,519,0.967825105441389,1.1429043111286344e-06,0.0312025515467294,0.0009712001075697565,25,10,20
34,520,0.9653538752819888,8.765765254293531e-07,0.03379644404529474,0.0008488040961903258,25,10,20
34,521,0.9650366493867718,8.803869675769418e-07,0.034120579881048704,0.0008418903452112156,25,10,20
34,522,0.964830546575824,8.854354280273718e-07,0.03432665680609641,0.0008419111826507632,25,10,20
34,523,0.9647859629527334,8.856652899835949e-07,0.034370838669662084,0.0008423127123137296,25,10,20
34,524,0.9675854869925761,8.852112423188071e-07,0.031571389939898935,0.0008422378562820796,25,10,20
34,525,0.9679693239720807,8.82147259419771e-07,0.031187770330060382,0.0008420235505990384,25,10,20
34,526,0.972003913918838,7.288248237818011e-07,0.027153357787589004,0.0008419994687486856,25,10,20
34,527,0.9752651585513199,7.252463057334644e-07,0.02395002869471032,0.0007840875076633705,25,10,20
34,528,0.9744449278876046,5.232265879631657e-07,0.024770479237523534,0.0007840696482833202,25,10,20
34,529,0.9618584372243291,5.288017464210279e-07,0.037356029643475896,0.0007850043304478762,25,10,20
34,530,0.9617163691268373,5.297877515500374e-07,0.03749810549041816,0.000784995594992164,25,10,20
34,531,0.9614214982957787,5.28293603094762e-07,0.03779206969231114,0.0007859037183063028,25,10,20
34,532,0.9612477924457515,5.289001403827162e-07,0.037965742762361476,0.0007859358917459317,25,10,20
34,533,0.9612745435199634,5.292403222536294e-07,0.03793898937806538,0.0007859378616482878,25,10,20
34,534,0.9733414703154665,5.432844227999704e-07,0.025872982679815647,0.000785003720294352,25,10,20
34,535,0.9730862450646951,5.465528235282397e-07,0.02612802538675945,0.0007851829957211459,25,10,20
34,536,0.9729549672079005,5.728501541087835e-07,0.0262588816863517,0.0007855782555927942,25,10,20
34,537,0.9728829436284845,5.252427313053539e-07,0.026330112460813123,0.0007864186679704502,25,10,20
34,538,0.9713019541646085,5.574032050509162e-07,0.027911029532730936,0.0007864588994548773,25,10,20
34,539,0.9634713504389861,1.4259535267865207e-05,0.03566157439062625,0.0008528156351191613,25,10,20
34,540,0.9637515904425683,1.4255723752043489e-05,0.03538131116850052,0.0008528426651786382,25,10,20
34,541,0.9639364492487978,1.4250875481462407e-05,0.03519643947001587,0.0008528604057043218,25,10,20
34,542,0.9644146311955268,1.4250706993580606e-05,0.03471921321701645,0.0008519048804625369,25,10,20
34,543,0.9643711569294219,1.4250863096453957e-05,0.034762712246818886,0.0008518799606621652,25,10,20
34,544,0.964311689389531,1.425163883578466e-05,0.03482218607827183,0.0008518728933609107,25,10,20
34,545,0.9552094681273817,1.458151052969456e-05,0.04392409399897278,0.0008518563631151189,25,10,20
34,546,0.954940899787945,1.4581291691147132e-05,0.04419268347829984,0.0008518354420632898,25,10,20
34,547,0.9590494545577735,1.4390512567326688e-05,0.040084855465539915,0.0008512994641187332,25,10,20
34,548,0.958482958454146,1.4407144035694641e-05,0.04065237026634282,0.0008502641354749466,25,10,20
34,549,0.9465627851011543,9.207026712644739e-05,0.052493530233585,0.0008516143981340031,25,10,20
34,550,0.9456913749142756,9.225373141372298e-05,0.05331592779519081,0.0009004435591198687,25,10,20
34,551,0.9429590738740778,9.226697254357738e-05,0.05604779061520706,0.0009008685381714162,25,10,20
34,552,0.9429970460416479,9.226595886366846e-05,0.05600982677258095,0.0009008612269073237,25,10,20
34,553,0.9439183991291117,9.208184292796739e-05,0.05513749662537064,0.0008520224025897041,25,10,20
34,554,0.9367814768835748,9.208992684643951e-05,0.05982727907948533,0.0032991541100929884,25,10,20
34,555,0.9486138762836174,1.4973483705897875e-05,0.04807146446121994,0.0032996857714566526,25,10,20
34,556,0.9488638419173782,1.479557507778131e-05,0.04782166981200417,0.003299692695539761,25,10,20
34,557,0.9489131833700146,1.4795318727267723e-05,0.04777273006138902,0.003299291249869048,25,10,20
34,558,0.9488593735526814,1.4795555361026453e-05,0.04782653135017899,0.0032992995417785785,25,10,20
34,559,0.9489113697356645,1.476834318716286e-05,0.04777495718970599,0.0032989047314423087,25,10,20
34,560,0.9485590183244202,1.4768652391183436e-05,0.048126782439443135,0.0032994305837453436,25,10,20
34,561,0.9485608493877848,1.4768610323107569e-05,0.048124951722993484,0.0032994302788985743,25,10,20
34,562,0.9485058250723827,1.4768543850875121e-05,0.04817996208495732,0.0032994442988091093,25,10,20
34,563,0.9489237780359255,1.4750191438838426e-05,0.04776202265158871,0.0032994491210467003,25,10,20
34,564,0.9486068071933126,1.475064787601861e-05,0.048078863882005135,0.0032995782768058856,25,10,20
34,565,0.9478058396014962,1.4877370909767101e-05,0.0488796931527275,0.0032995898748660324,25,10,20
34,566,0.9471788566325844,1.4868386277541467e-05,0.049506672480098095,0.003299602501039422,25,10,20
34,567,0.9496139750131312,1.485274227181014e-05,0.0470718663469645,0.003299305897632179,25,10,20
34,568,0.9454331441000263,1.6757939003637787e-05,0.052032311918241675,0.002517786042727758,25,10,20
34,569,0.9512967076365229,3.0595591486904787e-06,0.04624831969110186,0.0024519131132262075,25,10,20
34,570,0.9517564575508721,3.0754231590145106e-06,0.045788066075120336,0.0024524009508481116,25,10,20
34,571,0.9522137812825775,3.074732996096974e-06,0.04533086741003421,0.0024522765743917934,25,10,20
34,572,0.9577191925568852,3.0710006565610803e-06,0.03982632635660962,0.0024514100858484,25,10,20
34,573,0.9651106423390212,3.062915325696345e-06,0.03488193165150675,4.363094146164009e-06,25,10,20
34,574,0.9659981719620027,2.499161735395134e-06,0.03399664582557517,2.6830506865694664e-06,25,10,20
34,575,0.9327550776303449,7.227703871867216e-06,0.06723063039138072,7.064274401874398e-06,25,10,20
34,576,0.9102640015483823,7.2286431384444984e-06,0.08936776040266617,0.00036100940581238063,25,10,20
34,577,0.9100737608186934,7.236525414754414e-06,0.0895580081576663,0.0003609944982252595,25,10,20
34,578,0.913388799968573,9.907809865720082e-05,0.08603721895914411,0.00047490297362521054,25,10,20
34,579,0.9173294675372711,9.959514884776671e-05,0.08244775360477284,0.00012318370910786253,25,10,20
34,580,0.9174256973144073,9.959304154548632e-05,0.08235158772885297,0.00012312191519396994,25,10,20
34,581,0.9146098160673781,9.975700724768921e-05,0.08516729668010292,0.0001231302452710835,25,10,20
34,582,0.9267751031368064,9.779894467555726e-05,0.07300404207908547,0.0001230558394316995,25,10,20
34,583,0.9250779729631304,9.783953819351627e-05,0.07470097485993872,0.00012321263873667392,25,10,20
34,584,0.9246141820862086,9.784590461441157e-05,0.07514559564959528,0.00014237635958094525,25,10,20
34,585,0.9247847948147639,9.782979261164105e-05,0.07497546850514207,0.00014190688748165974,25,10,20
34,586,0.9269326594056965,9.782493057456962e-05,0.0728275297269994,0.00014198593672889504,25,10,20
34,587,0.9149224224097562,9.767525181801803e-05,0.08483792189655828,0.00014198044186740605,25,10,20
34,588,0.9160866141149642,9.767239019328501e-05,0.08367372124879148,0.00014199224605068768,25,10,20
34,589,0.9331598206905776,9.718901130435808e-05,0.06660325082577008,0.00013973947234725392,25,10,20
34,590,0.9422539807859103,9.685899587459918e-05,0.05750943846836754,0.0001397217498471063,25,10,20
34,591,0.9422566428643924,9.686004586741214e-05,0.057507226058388615,0.0001392710313508201,25,10,20
34,592,0.9432290982428237,9.698141479908082e-05,0.056534138848499726,0.00013978149387672246,25,10,20
34,593,0.9428212474016608,9.692458802201847e-05,0.056942049627978664,0.00013977838233765865,25,10,20
34,594,0.9422574629686138,9.692734298074636e-05,0.057505839710887026,0.00013976997751769755,25,10,20
34,595,0.9351937594558619,0.00010243664200951155,0.06454796960890531,0.00015583429322240262,25,10,20
34,596,0.9343757417881595,0.00010248217528219502,0.06536594267175842,0.00015583336479899887,25,10,20
34,597,0.9317121848098143,9.69717240674376e-05,0.06805134738309927,0.00013949608301816411,25,10,20
34,598,0.9167235633721208,9.725260778254946e-05,0.08305744900955152,0.00012173501054410401,25,10,20
34,599,0.9170175352878838,9.723299161183046e-05,0.08276332794183801,0.00012190377866528281,25,10,20
34,600,0.9167259193931276,9.723194839407912e-05,0.0830548808197842,0.00012196783869272773,25,10,20
34,601,0.9158782339772863,9.723235072656955e-05,0.08389822320967152,0.00012631046231471998,25,10,20
34,602,0.9162799823494994,9.722741289107643e-05,0.0834965066355065,0.00012628360210208435,25,10,20
34,603,0.9141716659346826,9.83503766779132e-05,0.0856034362645919,0.00012654742404744944,25,10,20
34,604,0.9144495893809694,9.834550979276602e-05,0.08532552520072498,0.00012653990851267742,25,10,20
34,605,0.9156674189937521,9.833020475486164e-05,0.08410793432727184,0.00012631647422088501,25,10,20
34,606,0.9156969360639206,9.833010439112431e-05,0.08407843247763071,0.00012630135405744373,25,10,20
34,607,0.9162140444096728,9.83297535317949e-05,0.08356133052069564,0.00012629531609931421,25,10,20
34,608,0.9163024198840755,9.833084891498966e-05,0.08347288406252927,0.0001263652044799561,25,10,20
34,609,0.9163312185774138,9.833081416059673e-05,0.0834440687541413,0.0001263818542838724,25,10,20
34,610,0.9158222909928666,9.847557128050135e-05,0.08395335175730768,0.00012588167854493101,25,10,20
34,611,0.9152292712409609,9.840916753107609e-05,0.08454612907264844,0.00012619051885937087,25,10,20
34,612,0.9164568301349074,9.836521057266392e-05,0.08331869484058896,0.00012610981393079668,25,10,20
34,613,0.9162856116936888,9.836527829004693e-05,0.08348990423468922,0.0001261187933316862,25,10,20
34,614,0.9162067407896518,9.836371711334433e-05,0.08357311188847817,0.00012178360475642767,25,10,20
34,615,0.9115601553773276,9.836048245818952e-05,0.08821981704673673,0.00012166709347725184,25,10,20
34,616,0.9211786040228195,9.836127802657961e-05,0.07860127172693324,0.00012176297222023286,25,10,20
34,617,0.9207543610477594,9.83641396304967e-05,0.07902548732950014,0.00012178748310961692,25,10,20
34,618,0.9210145668121344,9.83637819216515e-05,0.07876528285524402,0.00012178655069945162,25,10,20
34,619,0.9210441337228237,9.83664938683812e-05,0.07873569572136863,0.00012180406193891133,25,10,20
34,620,0.9207701036714795,9.836422051128743e-05,0.07900961372293355,0.00012191838507531409,25,10,20
34,621,0.9167940428106062,9.836759842566812e-05,0.08294922411519151,0.00015836547577647065,25,10,20
34,622,0.9121645845244215,9.845979057231989e-05,0.08734931818790172,0.0003876374971039458,25,10,20
34,623,0.9128675936303943,9.845920115057379e-05,0.08664644850495648,0.00038749866349833224,25,10,20
34,624,0.9138796511771277,9.845920690917401e-05,0.0856344035702298,0.00038748604573295706,25,10,20
34,625,0.9118763931561721,9.851933359256389e-05,0.08736741531372828,0.0006576721965068885,25,10,20
34,626,0.9118149678919774,9.851944149780107e-05,0.08742883509768797,0.0006576775688366457,25,10,20
34,627,0.911792713928992,9.851798858781849e-05,0.08745093183966691,0.0006578362427530052,25,10,20
34,628,0.9115091400968618,9.851796544083887e-05,0.08773417502640851,0.0006581669112887073,25,10,20
34,629,0.9106969922293121,9.851828861432547e-05,0.0885454733264168,0.0006590161556566074,25,10,20
34,630,0.9193160565014629,9.84451520470353e-05,0.08019219571630128,0.0003933026301885495,25,10,20
34,631,0.9344113310560506,9.81636937813013e-05,0.06509859826058884,0.000391906989578513,25,10,20
34,632,0.948875708576903,9.814925044936297e-05,0.05063427040487364,0.000391871767773696,25,10,20
34,633,0.9483600908627894,9.814445711259067e-05,0.051149855520024115,0.0003919091600736041,25,10,20
34,634,0.9352140384747919,9.815439151104626e-05,0.06429591902455094,0.0003918881091452794,25,10,20
34,635,0.9404501551534195,9.815419357791037e-05,0.05905980321802449,0.0003918874349775599,25,10,20
34,636,0.9405868013818146,9.815294456982031e-05,0.05892322900315563,0.00039181667045925,25,10,20
34,637,0.9424957980082465,9.814916453217948e-05,0.05701456104311421,0.00039149178410646573,25,10,20
34,638,0.9418434882360017,9.814916768200337e-05,0.0576672018348462,0.00039116076146932216,25,10,20
34,639,0.9437903827169959,9.808900066678214e-05,0.05599055284053,0.0001209754418065859,25,10,20
34,640,0.9438269688121121,9.809032007338214e-05,0.055953301659066534,0.00012163920874708863,25,10,20
34,641,0.9412112627843757,9.81958846896293e-05,0.05856531291676432,0.0001252284141694448,25,10,20
34,642,0.9414384278087163,9.819600413840017e-05,0.05833813847614845,0.00012523771099612468,25,10,20
34,643,0.9408081075321638,9.819789224829824e-05,0.05896832022273376,0.00012537435285313515,25,10,20
34,644,0.9359257204393988,9.822044622162864e-05,0.06385071976008408,0.0001253393542946913,25,10,20
34,645,0.9363507500182786,9.822046591561184e-05,0.06342593380126624,0.0001250957145386644,25,10,20
34,646,0.9322425235629939,9.82288605720975e-05,0.06750226269837736,0.0001569848780557252,25,10,20
34,647,0.9322752982099247,9.822627309717731e-05,0.06746950212855761,0.00015697338841956399,25,10,20
34,648,0.9139124706017987,9.82031245455847e-05,0.08583039344308313,0.0001589328305723137,25,10,20
34,649,0.9138759679550978,9.820302835322673e-05,0.0858668776156101,0.00015895140093861207,25,10,20
34,650,0.9148135637383561,9.820477992840561e-05,0.08492924261132881,0.00015898887038662206,25,10,20
34,651,0.9147414818121973,9.820588991963383e-05,0.08500134376636215,0.00015896853152082938,25,10,20
34,652,0.9147759110816176,9.820805802504723e-05,0.08496688382816683,0.00015899703219074413,25,10,20
34,653,0.9229543438328283,9.833026430453251e-05,0.07545189320606074,0.0014954326968057011,25,10,20
34,654,0.9229943287938568,9.833038027216532e-05,0.07541135569206175,0.0014959851338087599,25,10,20
34,655,0.9490710229156644,4.38451935481037e-06,0.049546406251518266,0.0013781863134629082,25,10,20
34,656,0.9491313852667651,4.381700274930157e-06,0.04948604867590585,0.0013781843570545907,25,10,20
34,657,0.9483652434124956,4.385362292500147e-06,0.05025198329321868,0.0013783879319934661,25,10,20
34,658,0.9502275028040956,3.2651245164778188e-06,0.04835671626216698,0.0014125158092211697,25,10,20
34,659,0.9502601599637379,3.2573408109471736e-06,0.048324617954924605,0.0014119647405269101,25,10,20
34,660,0.9507656621072975,6.311986805566575e-07,0.047822887014057035,0.0014108196799651382,25,10,20
34,661,0.9506741380589128,6.313500817806973e-07,0.04791432334258257,0.0014109072484233146,25,10,20
34,662,0.9508758540622283,6.279957056015529e-07,0.047712101392441565,0.0014114165496250226,25,10,20
34,663,0.9507635263096508,6.284736624740092e-07,0.04782440408121687,0.0014114411354705892,25,10,20
34,664,0.9507454595304593,6.280091906268526e-07,0.047842290059419666,0.0014116224009311528,25,10,20
34,665,0.950984341804495,6.279710552271475e-07,0.04760341237924387,0.001411617845206579,25,10,20
34,666,0.9638206653678333,6.937966388630174e-07,0.03476702080167806,0.001411620033849965,25,10,20
34,667,0.9742550694824648,5.70372878753602e-07,0.02567124070020174,7.31194444549429e-05,25,10,20
34,668,0.9580555843537407,2.952035308522511e-05,0.04184180830796972,7.308698520480523e-05,25,10,20
34,669,0.9591183591633751,2.9222167358257934e-05,0.04077937830806518,7.304036120141729e-05,25,10,20
34,670,0.9613780028723733,2.912436539661925e-05,0.03852325798649726,6.96147757326923e-05,25,10,20
34,671,0.9601318421359849,2.912941870011833e-05,0.03976682235708655,7.220608822818252e-05,25,10,20
34,672,0.9595748620060417,2.9131459259557094e-05,0.04032365636443352,7.235017026515337e-05,25,10,20
34,673,0.9574852049933383,2.9133954717409954e-05,0.042413904588388195,7.17564635562404e-05,25,10,20
34,674,0.9630021208818116,2.9128804615131395e-05,0.03689700213314803,7.174818042535923e-05,25,10,20
34,675,0.9624384821527218,2.9127526961028708e-05,0.03746130259215095,7.108772816670725e-05,25,10,20
34,676,0.9624577462621923,2.912740325399802e-05,0.037442044126626814,7.108220792714944e-05,25,10,20
34,677,0.9556275589743473,2.9138198222327222e-05,0.044256500077710086,8.680274972107735e-05,25,10,20
34,678,0.9554634866246116,2.9136034600916374e-05,0.04442060248030764,8.677486048077125e-05,25,10,20
34,679,0.9557108698672249,2.9129253056909752e-05,0.044173387257070484,8.661362264835623e-05,25,10,20
34,680,0.9617162048758542,2.9149804759570386e-05,0.038183601389802965,7.104392958370464e-05,25,10,20
34,681,0.9603939989300275,2.9154925114423248e-05,0.03950576523152272,7.108091333561282e-05,25,10,20
34,682,0.9632866184411705,2.9177257917738323e-05,0.03664495554030698,3.924876060502559e-05,25,10,20
34,683,0.9632967963845783,2.9177419738102357e-05,0.03663495043648173,3.907575920210585e-05,25,10,20
34,684,0.9630442412658815,2.918329002634072e-05,0.036886424016268814,4.0151427823699856e-05,25,10,20
34,685,0.9629148067203275,2.920387111357412e-05,0.03701584122214575,4.014818641356892e-05,25,10,20
34,686,0.9636758414017385,2.9172397616345564e-05,0.036254995091095206,3.99911095504489e-05,25,10,20
34,687,0.9629802245995152,2.9172833005807597e-05,0.036950618905209294,3.9983662269809075e-05,25,10,20
34,688,0.9637334969160685,2.923843351688884e-05,0.036199890491614976,3.737415879978268e-05,25,10,20
34,689,0.9529932154266265,2.9240611910466346e-05,0.04694008316260767,3.7460798856128035e-05,25,10,20
34,690,0.9491034464375369,2.9243228238942883e-05,0.05082985276082526,3.745757339912809e-05,25,10,20
34,691,0.9489794835076334,2.924825821947901e-05,0.05095379234421469,3.7475889932559905e-05,25,10,20
34,692,0.9486958189477873,2.925077168596405e-05,0.05123375800858452,4.1172271942457246e-05,25,10,20
34,693,0.9491732486686568,2.9255020538927045e-05,0.0507554560050888,4.204030571569321e-05,25,10,20
34,694,0.9480485015709913,2.9259535731921413e-05,0.051865798841814754,5.6440051462163376e-05,25,10,20
34,695,0.9480486024059438,2.9259511542017318e-05,0.051865696792506716,5.644129000740892e-05,25,10,20
34,696,0.9480571697809181,2.9259514437597646e-05,0.05185712769575471,5.644300888970717e-05,25,10,20
34,697,0.932942003243639,3.1820070112322175e-05,0.0669706881341175,5.5488552131112275e-05,25,10,20
34,698,0.9328765939329848,3.1820385315292074e-05,0.06703607450618972,5.55111755101241e-05,25,10,20
34,699,0.9361108404665133,3.183690051335223e-05,0.06380026649143901,5.70561415344542e-05,25,10,20
34,700,0.9362380441696548,3.181872761659052e-05,0.06367307648377826,5.706061895026351e-05,25,10,20
34,701,0.9338447817874613,3.292814487539139e-05,0.06606520875461169,5.7081313051590657e-05,25,10,20
34,702,0.9415281119765414,3.997394391937742e-06,0.05841080827753339,5.708235153317201e-05,25,10,20
34,703,0.9414699113270824,4.000686005120508e-06,0.05846881226204238,5.727572486992061e-05,25,10,20
34,704,0.9414154554151356,4.000754894513677e-06,0.05852325546331975,5.728836664997723e-05,25,10,20
34,705,0.9402008013608149,5.884183712597082e-06,0.05973682784911128,5.6486606361090734e-05,25,10,20
34,706,0.9407104479240964,5.8137133618828036e-06,0.059227237456522606,5.650090601886724e-05,25,10,20
34,707,0.9403365414799926,5.814300668942616e-06,0.05960104919922204,5.659502011634754e-05,25,10,20
34,708,0.9402196670944728,5.812770372043048e-06,0.05971748376221043,5.7036372944480413e-05,25,10,20
34,709,0.9449644791891881,5.790179929490512e-06,0.05497271122201556,5.701940886695273e-05,25,10,20
34,710,0.9460037453271967,5.930604970056938e-06,0.05394701858328327,4.330548455014827e-05,25,10,20
34,711,0.9476231047172314,5.890777448172656e-06,0.05232786059202179,4.314391329860332e-05,25,10,20
34,712,0.9477060414593863,5.890841455743112e-06,0.052244949126390675,4.311857276702729e-05,25,10,20
34,713,0.9109136056275163,5.914802889386552e-06,0.08903747689359948,4.3002675994524435e-05,25,10,20
34,714,0.9109065323720773,5.914763627062331e-06,0.08904455834582285,4.299451847235929e-05,25,10,20
34,715,0.9045394867946343,6.004641380359479e-06,0.09541251078928024,4.1997774705141744e-05,25,10,20
34,716,0.9069929379159966,4.920880141716713e-06,0.09296014959592476,4.199160793676898e-05,25,10,20
34,717,0.9183334376698147,4.916582832275836e-06,0.08161990843763692,4.1737309715933784e-05,25,10,20
34,718,0.9172898053703493,1.9650704492647785e-05,0.08264879287034159,4.1751054816358254e-05,25,10,20
34,719,0.9143580193272461,1.9650672359457952e-05,0.08554200994397973,8.032005641474858e-05,25,10,20
34,720,0.9140025399488699,1.967192493637881e-05,0.08589746630194312,8.03218242506808e-05,25,10,20
34,721,0.914120008873753,1.9669756104934737e-05,0.08578367081504078,7.665055510136467e-05,25,10,20
34,722,0.9130408569727632,1.8792866055510858e-05,0.08686349172171128,7.685843947002e-05,25,10,20
34,723,0.901287504671865,1.879149898742518e-05,0.09861644305795264,7.726077119478052e-05,25,10,20
34,724,0.8937301226178943,1.8925322962681964e-05,0.10617009691125019,8.085514789271721e-05,25,10,20
34,725,0.8921758729328392,1.8923236198181136e-05,0.10775870799227182,4.649583869101572e-05,25,10,20
34,726,0.8947213708221284,1.8936489259525942e-05,0.10525008407764246,9.608610969754659e-06,25,10,20
34,727,0.8950204348269841,1.8931614667684842e-05,0.10495197602014607,8.657538202425979e-06,25,10,20
34,728,0.8979906301904726,1.7940067573386605e-05,0.10198301628457455,8.413457379576403e-06,25,10,20
34,729,0.8962756246484298,1.8503280888286523e-05,0.1036979738822217,7.898188460344227e-06,25,10,20
34,730,0.8971540026938838,3.774008867168839e-06,0.10283432948182293,7.89381542636964e-06,25,10,20
34,731,0.8940282002517769,3.768174864465178e-06,0.1059596939268043,8.337646554635189e-06,25,10,20
34,732,0.8945408649281391,3.7681565907381457e-06,0.1054470408173191,8.32609795125765e-06,25,10,20
34,733,0.8919353975716722,3.813288445665218e-06,0.10804032157733703,2.0467562545386696e-05,25,10,20
34,734,0.895403244643923,3.8108006678137107e-06,0.10457313669434702,1.980786106245164e-05,25,10,20
34,735,0.885752839405625,4.177950174248278e-06,0.11422372803716836,1.9254607032976788e-05,25,10,20
34,736,0.8892648837939432,4.0252145043860015e-06,0.11071448605199671,1.660493955649181e-05,25,10,20
34,737,0.8879177839269762,4.0403632785436896e-06,0.11206150230708133,1.6673402664807376e-05,25,10,20
34,738,0.8876970479021028,4.03949927151478e-06,0.11228223392534618,1.6678673280329606e-05,25,10,20
34,739,0.8601459135798005,4.032202067063514e-06,0.13983423930659739,1.5814911535984668e-05,25,10,20
34,740,0.8594446913158802,4.032485479319754e-06,0.1405354556961255,1.582050251591456e-05,25,10,20
34,741,0.8604310552877956,4.03209136952933e-06,0.13954910495106984,1.5807669766006385e-05,25,10,20
34,742,0.8604949569096699,4.017023762674885e-06,0.13948522301793337,1.5803048634825145e-05,25,10,20
34,743,0.86075793830314,3.941254884157996e-06,0.13922232093977396,1.5799502202952657e-05,25,10,20
34,744,0.8626474592555882,3.9361912887161344e-06,0.13733284027072615,1.576428239782461e-05,25,10,20
34,745,0.8950309765209633,3.935774913920086e-06,0.10494946065273048,1.562705139240385e-05,25,10,20
34,746,0.8922823573595439,3.934381996691333e-06,0.10769943370625153,1.4274552208621043e-05,25,10,20
34,747,0.8928875041023783,4.707364012444085e-06,0.1070934189729385,1.4369560670928802e-05,25,10,20
34,748,0.9043978717434554,4.71827119725552e-06,0.0955834864812932,1.3923504053979964e-05,25,10,20
34,749,0.9015471226331446,4.718343133053216e-06,0.09843224154929782,1.591747442443488e-05,25,10,20
34,750,0.9015487982868742,4.718297668389001e-06,0.09843056541216758,1.591800328999326e-05,25,10,20
34,751,0.9044680142786105,4.717260393001674e-06,0.09551379072299392,1.3477738002634322e-05,25,10,20
34,752,0.9366514989914674,4.130891912294993e-06,0.06333090092757541,1.3469189045070941e-05,25,10,20
34,753,0.9352732668062395,4.158213734157479e-06,0.06470908557249949,1.3489407527048971e-05,25,10,20
34,754,0.9353814094035882,4.160709750554341e-06,0.06460053305190573,1.3896834755674449e-05,25,10,20
34,755,0.9285307357046325,4.168431255171044e-06,0.07145095633121978,1.4139532892741976e-05,25,10,20
34,756,0.9300510266166522,4.138411300124008e-06,0.06993085705813601,1.3977913911805202e-05,25,10,20
34,757,0.9367164332084648,3.924945631853316e-06,0.0632657483067058,1.3893539197803989e-05,25,10,20
34,758,0.9367418058695348,3.924873850547872e-06,0.06324037492270791,1.3894333907040699e-05,25,10,20
34,759,0.9389295452543891,3.9130406842425846e-06,0.061052971923633334,1.3569781293598226e-05,25,10,20
34,760,0.9389409384744667,3.912950473500177e-06,0.0610415742913099,1.3574283750254639e-05,25,10,20
34,761,0.9389567411911456,3.9130299648824266e-06,0.061025766846937016,1.3578931953040115e-05,25,10,20
34,762,0.928544433954825,4.124977129759522e-06,0.07143687738101077,1.4563687034708287e-05,25,10,20
34,763,0.9294984754260192,4.1210486546090714e-06,0.0704828556242751,1.454790105129514e-05,25,10,20
34,764,0.9295127875102089,4.12343725417164e-06,0.07046854751464511,1.4541537891938183e-05,25,10,20
34,765,0.9295096201522067,4.12345941783156e-06,0.0704717203090705,1.453607930513149e-05,25,10,20
34,766,0.9260968726949759,4.126958986261364e-06,0.07388445412687901,1.4546219159420838e-05,25,10,20
34,767,0.9283772129129182,4.1430299464950755e-06,0.07160400974420092,1.4634312934929532e-05,25,10,20
34,768,0.9283172301773832,4.143156767940704e-06,0.07166399395019246,1.4632715656833636e-05,25,10,20
34,769,0.9166933282488727,4.36582621897322e-06,0.0832876725635035,1.4633361405363242e-05,25,10,20
34,770,0.9185238962483673,3.6577660397412005e-06,0.08145798460453134,1.4461381062114467e-05,25,10,20
34,771,0.9184664999666399,3.657819421516904e-06,0.08151536428463664,1.4477929302517155e-05,25,10,20
34,772,0.9189191881188024,3.6466016797800638e-06,0.08106275319159834,1.4412087920089522e-05,25,10,20
34,773,0.9232786459122846,3.6009999821266607e-06,0.0767154964387161,2.2566490174228265e-06,25,10,20
34,774,0.9232857805557285,3.600914368239735e-06,0.07670836085311572,2.257676787786352e-06,25,10,20
34,775,0.9226506642516056,3.587830252620786e-06,0.0773434131760124,2.3347421299198563e-06,25,10,20
34,776,0.9209023050192742,3.5855269066417463e-06,0.07902972039748567,6.438905633393376e-05,25,10,20
34,777,0.9325918905476531,1.1763925738367872e-06,0.06729997066098202,0.00010696239879096741,25,10,20
34,778,0.930452192609294,1.1777831370944604e-06,0.06943960666728805,0.00010702294028096114,25,10,20
34,779,0.926236022170904,1.1706716510117204e-06,0.07365263856121851,0.00011016859622665319,25,10,20
34,780,0.9151732138225362,1.2039004423245355e-06,0.08471483855950986,0.00011074371751184622,25,10,20
34,781,0.92555589360289,1.00085344681709e-06,0.07433103005300884,0.00011207549065436572,25,10,20
34,782,0.9191560177245854,1.010135788068214e-06,0.08072962212748998,0.00011335001213672682,25,10,20
34,783,0.9202821922021434,9.91353332789882e-07,0.07960477590478844,0.0001120405397357248,25,10,20
34,784,0.9202813534992594,9.915407479090312e-07,0.07960561489704088,0.00011204006295207022,25,10,20
34,785,0.918654760891482,9.91363910349332e-07,0.0812322131912825,0.00011203455332548336,25,10,20
34,786,0.9310421967938562,5.179313876162924e-07,0.06884446137881381,0.0001128238959428201,25,10,20
34,787,0.9309618512899411,5.179136818498309e-07,0.06892480766132812,0.00011282313504929465,25,10,20
34,788,0.9278775394236055,6.108259147926877e-07,0.07200794252192416,0.00011390722855626425,25,10,20
34,789,0.9293585264751926,6.133268229545676e-07,0.07052693617020277,0.00011392402778208684,25,10,20
34,790,0.9295628334873414,6.105109789484651e-07,0.07032306265152316,0.00011349335015698498,25,10,20
34,791,0.8971735590739328,6.471844383621506e-07,0.10271229633921149,0.00011349740241763269,25,10,20
34,792,0.8955385079880216,7.090291770504531e-07,0.10433146310135145,0.00012931988145039537,25,10,20
34,793,0.8971252871152362,6.471870539125186e-07,0.10276055614345908,0.00011350955425124568,25,10,20
34,794,0.9002822885220334,5.542083176974612e-07,0.09960473555435242,0.00011242171529737816,25,10,20
34,795,0.9001347405544897,5.611069672684841e-07,0.09975228574998109,0.0001124125885629517,25,10,20
34,796,0.8992755241280327,9.437213389643543e-07,0.10061106895999916,0.00011246319063001566,25,10,20
34,797,0.9002177277573452,9.355729199572151e-07,0.09966895105457835,0.00011238561515729553,25,10,20
34,798,0.8998359887940819,1.0280686354847896e-06,0.10005058985595622,0.00011239328132666055,25,10,20
34,799,0.9003092536472022,6.454028002620329e-07,0.09957770806973659,0.00011239288026149253,25,10,20
34,800,0.8988793806335019,7.020811916955042e-07,0.10100667654218641,0.00011324074312026567,25,10,20
34,801,0.8997150216137504,6.828702200711789e-07,0.10017098534464551,0.00011331017138431697,25,10,20
34,802,0.8996992538937403,6.831134502303875e-07,0.1001867468733789,0.00011331611943100657,25,10,20
34,803,0.8993313858514307,6.929046364423268e-07,0.10055459186417867,0.0001133293797543832,25,10,20
34,804,0.8991853687501172,1.3056074749379124e-06,0.10069993647371954,0.00011338916868856174,25,10,20
34,805,0.8926805962104674,1.179954462546354e-06,0.10724752131962481,7.070251544550304e-05,25,10,20
34,806,0.8971558253561208,1.1769334497938183e-06,0.10277308892255423,6.990878787547016e-05,25,10,20
34,807,0.8968257179009826,1.1775972872865472e-06,0.10310319218862286,6.991231310757102e-05,25,10,20
34,808,0.9035791769346406,1.8192923996122913e-06,0.0963491310661114,6.987270684883414e-05,25,10,20
34,809,0.9047982575439858,1.1696671405340412e-06,0.09513070623945925,6.986654941512853e-05,25,10,20
34,810,0.8984933532442955,1.5080611020721938e-06,0.10143523435413368,6.990434046936735e-05,25,10,20
34,811,0.8951959289523512,1.4998818458736608e-06,0.10473206950917895,7.050165662443287e-05,25,10,20
34,812,0.8967061092891311,8.602546115770133e-07,0.10322259748326004,7.043297299798659e-05,25,10,20
34,813,0.8964011820567228,8.598155027303197e-07,0.10352751906692692,7.043906084808525e-05,25,10,20
34,814,0.8748771645640128,8.695247811173234e-07,0.12505132094386961,7.064496733664191e-05,25,10,20
34,815,0.8751075311287235,8.692355533754694e-07,0.12482112253335352,7.047710236957398e-05,25,10,20
34,816,0.8716350521650423,8.709599774889939e-07,0.12829359222181652,7.048465316364943e-05,25,10,20
34,817,0.8718718429512782,8.639161701859797e-07,0.12805682104710658,7.047208544514053e-05,25,10,20
34,818,0.8355073305086697,8.639130639275636e-07,0.16442132889549085,7.047668277547493e-05,25,10,20
34,819,0.8352701554809753,8.641570833722765e-07,0.1646584810566305,7.049930531076288e-05,25,10,20
34,820,0.8350581562519417,8.645849911182925e-07,0.16487047388853568,7.050527453122569e-05,25,10,20
34,821,0.8456671790180641,8.672779930807146e-07,0.15426477621573484,6.71774882081204e-05,25,10,20
34,822,0.8371973845236167,8.700341276640964e-07,0.16269214302410567,0.00010960241814994616,25,10,20
34,823,0.8378019193799642,8.700266225155335e-07,0.1620876172911372,0.00010959330227597039,25,10,20
34,824,0.8738309053844594,9.441059746902297e-07,0.1260582303949119,0.00010992011465395471,25,10,20
34,825,0.8752563770487549,8.8843071089347e-07,0.12462988855122482,0.00011284596930934341,25,10,20
34,826,0.8815152751272959,5.498735368983849e-07,0.11837131616285063,0.00011285883631666875,25,10,20
34,827,0.8833941559042348,5.479299361097953e-07,0.11655450090149427,5.0795264334761915e-05,25,10,20
34,828,0.8813734524664796,2.4858052018314845e-06,0.11857282166393376,5.124006438511188e-05,25,10,20
34,829,0.8710159589564804,2.6047703630186404e-06,0.12892681334702627,5.462292613057547e-05,25,10,20
34,830,0.8709100541308746,2.604871301213874e-06,0.12903271406179798,5.462693602625264e-05,25,10,20
34,831,0.8451176615455753,2.6372746898131314e-06,0.14184166886720626,0.013038032312528923,25,10,20
34,832,0.834196278148207,6.312451377142287e-07,0.15276521504307172,0.013037875563583996,25,10,20
34,833,0.8338508016525585,6.4081224905472e-07,0.15310938716097997,0.013039170374212691,25,10,20
34,834,0.8248252073164661,1.8109866595459386e-05,0.16211730238633668,0.013039380430602154,25,10,20
34,835,0.8372657535746229,1.7989340669752936e-05,0.1496803261162789,0.013035930968428876,25,10,20
34,836,0.8631819041799434,1.7959090615155216e-05,0.13672158995342346,7.85467760185048e-05,25,10,20
34,837,0.8617404690207099,1.795954165826282e-05,0.1381622635137199,7.930792391233882e-05,25,10,20
34,838,0.8616360835359703,1.7960680899711276e-05,0.138266630116277,7.932566685335181e-05,25,10,20
34,839,0.8715399661824591,1.7751880965701854e-05,0.12836382959756323,7.845233901221668e-05,25,10,20
34,840,0.8715621784711988,1.7751554015940288e-05,0.12834162386463427,7.844611015088784e-05,25,10,20
34,841,0.8729842257610465,1.7754380469157136e-05,0.12692003836333052,7.798149515374256e-05,25,10,20
34,842,0.8728988750041481,1.7754768977470103e-05,0.12703154454241028,5.182568446422767e-05,25,10,20
34,843,0.8729002572697425,1.775455478836544e-05,0.1270301630646738,5.1825110795188067e-05,25,10,20
34,844,0.8726160166477979,1.775451147468417e-05,0.12731441953756606,5.18093031614177e-05,25,10,20
34,845,0.8710962740899854,1.899910192298667e-05,0.1288298166132564,5.491019483532081e-05,25,10,20
34,846,0.8703978114951277,1.8995690642852404e-05,0.12953197548405782,5.121733017153065e-05,25,10,20
34,847,0.8735684615512767,1.8997576681461466e-05,0.12636128493804033,5.125593400140935e-05,25,10,20
34,848,0.8601868534646584,2.6668907793108296e-05,0.13973506349777076,5.141412977767881e-05,25,10,20
34,849,0.860174313972,2.666930104950875e-05,0.13974755450375112,5.146222319956173e-05,25,10,20
34,850,0.8734318608955988,2.6646680193182607e-05,0.12649002366731074,5.146875689719979e-05,25,10,20
34,851,0.8685019174163997,2.7078366391253082e-05,0.13141954107613205,5.146314107696683e-05,25,10,20
34,852,0.8689144342224356,2.706688341365429e-05,0.1310071043992521,5.139449489899779e-05,25,10,20
34,853,0.8685856154431885,2.7264691827484073e-05,0.13133455272322528,5.256714175905584e-05,25,10,20
34,854,0.8310073255031556,2.7303861366803753e-05,0.16891309892081982,5.227171465828103e-05,25,10,20
34,855,0.8357389995976273,2.6871522772433267e-05,0.1641818635984565,5.226528114461891e-05,25,10,20
34,856,0.831112793409696,2.6878064569046083e-05,0.16884979786957077,1.053065616408666e-05,25,10,20
34,857,0.8311718227776579,2.687634268360113e-05,0.1687910718838573,1.0228995801185227e-05,25,10,20
34,858,0.8299737589597737,2.7023837094678854e-05,0.16998306369021615,1.6153512915036852e-05,25,10,20
34,859,0.826970076178857,2.9497804997679236e-05,0.1729842458577744,1.6180158370859037e-05,25,10,20
34,860,0.8244558432170817,2.949312191383627e-05,0.17549977705499892,1.4886606005822666e-05,25,10,20
34,861,0.7874669447040793,2.9493290941511734e-05,0.2124766616999748,2.6900305003950187e-05,25,10,20
34,862,0.7869966425863083,2.9781892743569026e-05,0.21294666832638443,2.6907194563492638e-05,25,10,20
34,863,0.8131080274104514,2.980145938645682e-05,0.18684520345928132,1.69676708810832e-05,25,10,20
34,864,0.8125662078920962,2.9519825275645378e-05,0.18738723983070102,1.703245192741984e-05,25,10,20
34,865,0.8129097683564808,2.9518531561164925e-05,0.18704371522560248,1.6997886355648986e-05,25,10,20
34,866,0.8136823332212216,2.8201937940792813e-05,0.18627585034563768,1.3614495200170299e-05,25,10,20
34,867,0.8297196776648391,1.0721711252736948e-05,0.17025723204639567,1.2368577512284259e-05,25,10,20
34,868,0.8297023151751702,1.0721753030591495e-05,0.17027459388001454,1.2369191784837741e-05,25,10,20
34,869,0.8284625605806171,1.0726880168278087e-05,0.17151499807118087,1.1714468033707422e-05,25,10,20
34,870,0.8286918141734975,1.0724042716831377e-05,0.17128584937324604,1.161241053923152e-05,25,10,20
34,871,0.8208994529873241,1.052471262267306e-05,0.17907958132302254,1.044097703025181e-05,25,10,20
34,872,0.8238416207215223,1.0520909147746913e-05,0.17613711955529035,1.0738814039230752e-05,25,10,20
34,873,0.8240823717019434,1.0517821702508974e-05,0.17589638034686914,1.0730129484785868e-05,25,10,20
34,874,0.8333705721098242,6.987319312652938e-06,0.16661184139001076,1.0599180852257842e-05,25,10,20
34,875,0.8335077352239892,6.987220083691653e-06,0.16647468219215408,1.0595363772932346e-05,25,10,20
34,876,0.8339875803643492,6.999530436460946e-06,0.16599307581675793,1.234428845632577e-05,25,10,20
34,877,0.8341321619194997,6.998166976631658e-06,0.1658488038618496,1.2036051673963568e-05,25,10,20
34,878,0.8269711981720695,7.226373554735855e-06,0.17300951220108501,1.2063253290197182e-05,25,10,20
34,879,0.8278136337448905,7.2247088477477235e-06,0.1721670818635307,1.2059682730544885e-05,25,10,20
34,880,0.8157717077194548,7.465805222051365e-06,0.18420920188609397,1.1624589228801316e-05,25,10,20
34,881,0.8111097428851726,7.4648543399098014e-06,0.18887120119294332,1.1591067543806131e-05,25,10,20
34,882,0.8240484994768151,7.4595025594386385e-06,0.17593313625660795,1.090476401751489e-05,25,10,20
34,883,0.8280304854742956,3.568286304460535e-06,0.1719538775850157,1.2068654383940805e-05,25,10,20
34,884,0.8281247865816668,3.5631192968765173e-06,0.17185964901026612,1.2001288769772579e-05,25,10,20
34,885,0.8393780848103024,3.5442422539406654e-06,0.16060845317897748,9.917768465944333e-06,25,10,20
34,886,0.8391872674483141,3.546390676714261e-06,0.16079924377861882,9.94238239021695e-06,25,10,20
34,887,0.8390708632861279,3.550203624726264e-06,0.16091563411405732,9.952396189885107e-06,25,10,20
34,888,0.8299617197939559,3.88497713466168e-06,0.1700243307540828,1.0064474826538355e-05,25,10,20
34,889,0.8311472341701821,3.727901826198037e-06,0.1688447421305737,4.295797418150714e-06,25,10,20
34,890,0.8229357361980223,3.7547815893534237e-06,0.17705616609655656,4.3429238318219465e-06,25,10,20
34,891,0.8217511311802267,3.7814350141616733e-06,0.17823760437155048,7.483013208753384e-06,25,10,20
34,892,0.8216325099459024,3.782742326257848e-06,0.17835602407841317,7.683233358194387e-06,25,10,20
34,893,0.8245475447526374,1.3119336085967212e-06,0.17544347534993826,7.667963815848954e-06,25,10,20
34,894,0.8235935906293566,1.3105248111570857e-06,0.17639918747074165,5.9113750907835105e-06,25,10,20
34,895,0.8238631467505115,1.063991068480959e-06,0.17613074146151447,5.047796905653967e-06,25,10,20
34,896,0.8238605542378963,1.063991091458607e-06,0.1761333339762861,5.047794726150548e-06,25,10,20
34,897,0.8551479392585069,1.0225474374077028e-06,0.14484620198269216,4.836211363227292e-06,25,10,20
34,898,0.8505679644353924,1.218536477581207e-06,0.14942505592156197,5.761106567858406e-06,25,10,20
34,899,0.8510457072501338,1.2185379190100205e-06,0.14894731530492794,5.75890701890984e-06,25,10,20
34,900,0.8564556654135191,1.2199468838627855e-06,0.1435373447344016,5.769905194872557e-06,25,10,20
34,901,0.8565005153965666,1.22128954724929e-06,0.14349263495354886,5.628360336860448e-06,25,10,20
34,902,0.8649103620197178,8.955519419505407e-07,0.135082979648981,5.762779358775975e-06,25,10,20
34,903,0.8644759320825725,9.09357343051303e-07,0.13551735804744364,5.800512640581002e-06,25,10,20
34,904,0.8528684951839515,2.2492589221727048e-05,0.14710433078715962,4.681439666706335e-06,25,10,20
34,905,0.8652092504466756,8.858492763800186e-07,0.13478730138455494,2.5623194928554347e-06,25,10,20
34,906,0.8652099133396922,8.858524718545154e-07,0.13478663840936822,2.562398467405336e-06,25,10,20
34,907,0.8634955585361319,8.827525867552645e-07,0.13649562809011606,7.93062116508816e-06,25,10,20
34,908,0.861381386525662,8.862801487682365e-07,0.13858521890395928,3.250829022954385e-05,25,10,20
34,909,0.861445201761835,8.855301982641495e-07,0.13852140835892515,3.2504349041173655e-05,25,10,20
34,910,0.8491658943640809,9.131986189420171e-07,0.15080095117598233,3.224126131737869e-05,25,10,20
34,911,0.8553549574413642,8.822868997269606e-07,0.14461199013217182,3.217013956393498e-05,25,10,20
34,912,0.8547999617950517,8.830869240785215e-07,0.14515718277134357,4.197234668034373e-05,25,10,20
34,913,0.8312371896117959,5.516257175463277e-06,0.16871472607385918,4.2568057169864915e-05,25,10,20
34,914,0.8395357421863854,5.489272397146098e-06,0.1604162523453213,4.251619589626957e-05,25,10,20
34,915,0.8459878033015213,5.428357435107565e-06,0.15396349082163352,4.327751940999343e-05,25,10,20
34,916,0.8494718788468135,5.431506024323317e-06,0.15047942440179138,4.326524537065265e-05,25,10,20
34,917,0.8476078950893176,5.466489539510198e-06,0.15233745897867426,4.9179442468486476e-05,25,10,20
34,918,0.8572328827106275,5.2705985812934705e-06,0.142713586098338,4.8260592453129384e-05,25,10,20
34,919,0.856844051030672,5.267924413479603e-06,0.1431024894822015,4.819156271302681e-05,25,10,20
34,920,0.8563611657747036,5.255011973980983e-06,0.14358529921397484,4.827999934744536e-05,25,10,20
34,921,0.8885040789649818,5.218652966853183e-06,0.11141473278311248,7.596959893862495e-05,25,10,20
34,922,0.9259660552640179,5.181883322022188e-06,0.07395277634185687,7.598651080278401e-05,25,10,20
34,923,0.9030193608054964,5.209147711801509e-06,0.07950210175269269,0.01747332829409894,25,10,20
34,924,0.9032702792342369,5.210634538103002e-06,0.07925131548459348,0.017473194646631295,25,10,20
34,925,0.9064193112505297,5.212872619286404e-06,0.07612704139012505,0.017448434486725402,25,10,20
34,926,0.9126716498704087,5.213004978141022e-06,0.0698746737257653,0.017448463398847154,25,10,20
34,927,0.9143942788318279,5.18319256431813e-06,0.06815797365788626,0.017442564317721117,25,10,20
34,928,0.9144067464735648,5.183216154281636e-06,0.06814554425992997,0.017442526050350873,25,10,20
34,929,0.9067056660322667,5.183578979346216e-06,0.0758465427740169,0.017442607614736694,25,10,20
34,930,0.9066118685293599,5.184561376595537e-06,0.0759402234548251,0.017442723454438026,25,10,20
34,931,0.9028924227546423,6.8321287080855695e-06,0.07965636781918782,0.01744437729746146,25,10,20
34,932,0.9241543022350487,6.8376716254780125e-06,0.07581707384924213,2.1786244083505097e-05,25,10,20
34,933,0.9387605972721448,6.566849873489033e-06,0.06121114016730383,2.169571067765065e-05,25,10,20
34,934,0.9056396226226384,9.217250675067846e-06,0.09432950867119906,2.1651455486628798e-05,25,10,20
34,935,0.9055475110125818,9.28814462177261e-06,0.09442157752499486,2.162331780090228e-05,25,10,20
34,936,0.9056254612539011,9.28684702344602e-06,0.09434363381807664,2.1618080998322438e-05,25,10,20
34,937,0.9029706637758826,9.284019564105157e-06,0.096998270354293,2.1781850259563705e-05,25,10,20
34,938,0.9031704263222948,9.270168870951734e-06,0.09679856013919816,2.1743369635359123e-05,25,10,20
34,939,0.8757115826475448,9.309385787368617e-06,0.12424847082509205,3.063714157630318e-05,25,10,20
34,940,0.8671102533637742,9.310673396902746e-06,0.13251745659510303,0.00036297936772694805,25,10,20
34,941,0.8653264545143537,9.241693699404831e-06,0.1343013023585281,0.0003630014334196404,25,10,20
34,942,0.8630037763183276,9.242293424695176e-06,0.13662408225871173,0.00036289912953681814,25,10,20
34,943,0.8635166708483587,9.227550360281442e-06,0.13611127703907214,0.00036282456220953547,25,10,20
34,944,0.8428622171590402,5.726038814271959e-05,0.1567105733095479,0.0003699491432698396,25,10,20
34,945,0.8514335185723562,5.725913192351318e-05,0.1484716139620901,3.760833363090248e-05,25,10,20
34,946,0.850624887960688,5.7259717305628e-05,0.14928024210996768,3.761021203914623e-05,25,10,20
34,947,0.8741424994678191,5.2624570405287615e-05,0.125767855080313,3.702088146327191e-05,25,10,20
34,948,0.8742511878219434,5.261889357860406e-05,0.12565918550589614,3.700777858227298e-05,25,10,20
34,949,0.8757794914206208,5.2616858156804954e-05,0.1241309067042076,3.698501701535671e-05,25,10,20
34,950,0.8803102548265066,5.096881793921453e-05,0.11960355119979767,3.5225155756870376e-05,25,10,20
34,951,0.8790575859475165,5.097018495963786e-05,0.12085616822189327,3.527564563102839e-05,25,10,20
34,952,0.8814558933665866,5.096947584952271e-05,0.11846337020505807,2.9766952506356594e-05,25,10,20
34,953,0.8861393027843762,5.096445280579243e-05,0.1137799973930056,2.9735369812940032e-05,25,10,20
34,954,0.8788846166549736,5.099039913339277e-05,0.12103454535031805,2.9847595575497964e-05,25,10,20
34,955,0.8789675157510305,5.099132338794941e-05,0.1209507196676055,3.077325797658835e-05,25,10,20
34,956,0.8790557315731014,5.099365730694999e-05,0.1208624876867315,3.078708286084711e-05,25,10,20
34,957,0.87734735793537,5.099610840033463e-05,0.12256478725085616,3.685870537404445e-05,25,10,20
34,958,0.8753089327162289,5.0848357679278575e-05,0.12460405054166852,3.616838442386183e-05,25,10,20
34,959,0.8728218730834959,5.1046077326239005e-05,0.12709041635390128,3.666448527716696e-05,25,10,20
34,960,0.8723607925071455,5.104656680931668e-05,0.12755149766396376,3.6663262081817367e-05,25,10,20
34,961,0.8569083726990067,5.720720919365884e-05,0.142997445854395,3.69742374047947e-05,25,10,20
34,962,0.8579841701763417,5.720567284322279e-05,0.14192166186623245,3.696228458273461e-05,25,10,20
34,963,0.860067570229871,5.7206545563669674e-05,0.13983838941927706,3.683380528837726e-05,25,10,20
34,964,0.8600243466932916,5.720163107753899e-05,0.13988106558941715,3.738608621393464e-05,25,10,20
34,965,0.8606851960845527,5.719893973525982e-05,0.139229640578741,2.7964396971623086e-05,25,10,20
34,966,0.8607498691201418,5.71961908000358e-05,0.13916496842516468,2.7966263893831273e-05,25,10,20
34,967,0.8607090452688817,5.720100111724455e-05,0.1392057635919354,2.7990138065729762e-05,25,10,20
34,968,0.860603394231191,5.7201316300642826e-05,0.1393114069300443,2.799752246419502e-05,25,10,20
34,969,0.8882930577996057,5.7158450800617597e-05,0.11163070612006219,1.9077629531735925e-05,25,10,20
34,970,0.8876940045532719,5.716227386727622e-05,0.11220901242631161,3.982074654950246e-05,25,10,20
34,971,0.8666293220772054,5.752159684423262e-05,0.1332737337675422,3.942255840914143e-05,25,10,20
34,972,0.8628102900942285,5.764548142664941e-05,0.13709261479008522,3.944963426062863e-05,25,10,20
34,973,0.863360782442252,5.764273098855211e-05,0.1365628059191483,1.8768907612007944e-05,25,10,20
34,974,0.8575910719869916,5.805700473114861e-05,0.14230637657705192,4.449443122611556e-05,25,10,20
34,975,0.8517554749170233,5.819077116849551e-05,0.1481414341663931,4.490014541573915e-05,25,10,20
34,976,0.8532652231666771,5.8190758919985276e-05,0.14663777840678946,3.880766761436537e-05,25,10,20
34,977,0.8485683784571438,5.819678015738121e-05,0.15133502054388084,3.840421881892733e-05,25,10,20
34,978,0.8144416868483815,0.0007398345323208944,0.18478006866391283,3.840995538671657e-05,25,10,20
34,979,0.811684775529118,0.0007398482906918284,0.18753685653858604,3.851964160613776e-05,25,10,20
34,980,0.810521147260969,0.0007398508931612913,0.18869202505838867,4.6976787482802395e-05,25,10,20
34,981,0.8163640138425595,0.0007397190521664773,0.18284933147876786,4.693562650797718e-05,25,10,20
34,982,0.8159286250997801,0.000739726631910883,0.18328499680831942,4.665145999129659e-05,25,10,20
34,983,0.8167045563614592,0.0007397255130921583,0.1825090204474441,4.6697678005879986e-05,25,10,20
34,984,0.8234138069637505,0.0007397254340886655,0.17579978164634216,4.6685955819169924e-05,25,10,20
34,985,0.8261463709611582,0.0007397117773289308,0.17306733045577818,4.6586805735800045e-05,25,10,20
34,986,0.8245959676921945,0.0007396981649721996,0.1746182340308237,4.610011201030851e-05,25,10,20
34,987,0.8317977932522509,0.0007396721757495114,0.1674165494354032,4.5985136596832926e-05,25,10,20
34,988,0.8357717733481123,0.000739547853750485,0.16344220708983273,4.647170830484249e-05,25,10,20
34,989,0.8358240368729853,0.0007395480342770546,0.16339050901211974,4.59060806182266e-05,25,10,20
34,990,0.835922718372533,0.0007395479523326564,0.16329183384399337,4.589983114145614e-05,25,10,20
34,991,0.836590989524308,0.0007395467377804678,0.16262359964482134,4.5864093090610524e-05,25,10,20
34,992,0.8403026083309614,5.7908454277071515e-05,0.15958999547395564,4.9487740805994574e-05,25,10,20
34,993,0.8190454645838493,5.7908473772107126e-05,0.1808447979699907,5.182897238842479e-05,25,10,20
34,994,0.8237765114447866,5.790597342105726e-05,0.17611378909508502,5.179348670780747e-05,25,10,20
34,995,0.7903336582038348,5.868602077593871e-05,0.20945223865494866,0.00015541712044112905,25,10,20
34,996,0.798143591143201,5.8238798853180946e-05,0.20167090760553308,0.00012726245241327164,25,10,20
34,997,0.7936494454405439,5.8238399422808265e-05,0.2061637509267128,0.00012856523332089619,25,10,20
34,998,0.8154464627319571,5.823802772760621e-05,0.18436914392102075,0.00012615531929526476,25,10,20
34,999,0.8156358932875265,5.8247689304409484e-05,0.1841796810544779,0.0001261779686918129,25,10,20
34,1000,0.8149769756598036,5.8558679844907845e-05,0.18466055149455488,0.00030391416579721294,25,10,20
34,1001,0.8103555566881906,5.889458138367108e-05,0.18926031444804814,0.00032523428237829976,25,10,20
34,1002,0.8290808320951281,1.0858359422126417e-05,0.1705902068488103,0.0003181026966398769,25,10,20
34,1003,0.8608366414159737,1.0106065924306556e-05,0.1389387344423039,0.00021451807579778138,25,10,20
34,1004,0.8594511557823633,1.0184925761412761e-05,0.14031457977666326,0.00022407951521164786,25,10,20
34,1005,0.8597362845995319,1.0185135004458425e-05,0.14002945078708598,0.00022407947837710905,25,10,20
34,1006,0.864599522347297,9.839638860449003e-06,0.1351879050175915,0.00020273299625068547,25,10,20
34,1007,0.8802523248693009,3.69415171530853e-06,0.11954150702377371,0.0002024739552098331,25,10,20
34,1008,0.8786682634906066,3.6641583821598593e-06,0.1210992006215216,0.0002288717294891527,25,10,20
34,1009,0.892256677903505,2.9963313118304194e-06,0.1076890624736667,5.126329151669898e-05,25,10,20
34,1010,0.8874821191463711,3.149805636135923e-06,0.11246332494572817,5.140610226481501e-05,25,10,20
34,1011,0.8917986968939142,3.1452755000572156e-06,0.10814387173882099,5.4286091764797883e-05,25,10,20
34,1012,0.8916069030028672,3.145828360891341e-06,0.1083352383086021,5.471286016992866e-05,25,10,20
34,1013,0.8867498103603744,3.141951024447823e-06,0.11319235032900683,5.469735959443846e-05,25,10,20
34,1014,0.8813102303854083,3.1541286290684763e-06,0.11863018862513748,5.642686082469483e-05,25,10,20
34,1015,0.8817764602864082,3.1573192477560644e-06,0.11816395954919623,5.642284514716938e-05,25,10,20
34,1016,0.881900777022208,3.157592256317852e-06,0.1180396484630528,5.64169224823866e-05,25,10,20
34,1017,0.8827884139241681,3.164532973166488e-06,0.11715105714804036,5.736439481831063e-05,25,10,20
34,1018,0.9023791964312547,1.3126713781893674e-06,0.0975615869970815,5.790390028487839e-05,25,10,20
34,1019,0.9074793751839042,1.1602780738363801e-06,0.09246221400858678,5.7250529434763997e-05,25,10,20
34,1020,0.8945133789373245,1.1695139558070467e-06,0.10527952569462595,0.00020592585409301076,25,10,20
34,1021,0.8991651640905574,9.84886906637582e-07,0.1006279359746279,0.0002059150479074408,25,10,20
34,1022,0.8994117643244465,9.839831141162677e-07,0.10038175997821028,0.00020549171422829668,25,10,20
34,1023,0.90465476972367,9.837043412284697e-07,0.09513875521592728,0.00020549135606072255,25,10,20
34,1024,0.9046889396444715,9.805800055742282e-07,0.09510458771373408,0.00020549206178816903,25,10,20
34,1025,0.9128409739463109,1.1593338973340062e-06,0.08695376893740761,0.00020409778238314987,25,10,20
34,1026,0.9127989142751355,1.1553299381308163e-06,0.08699584174895557,0.0002040886459699484,25,10,20
34,1027,0.8954519935914996,1.5492781381642565e-06,0.10436847228205184,0.00017798484830921612,25,10,20
34,1028,0.9072572274286069,7.999623380898069e-07,0.09256082309418505,0.0001811495148689119,25,10,20
34,1029,0.908901322771941,7.512393286862531e-07,0.09092046930544148,0.0001774566832878282,25,10,20
34,1030,0.908985606633437,7.524321203820205e-07,0.09083618837881043,0.00017745255563118837,25,10,20
34,1031,0.9085583951856334,7.561518788906577e-07,0.0912634025163245,0.00017744614616237018,25,10,20
34,1032,0.8859000195045826,7.952119649471614e-07,0.11392497115693233,0.0001742141265198576,25,10,20
34,1033,0.8941925442171176,7.902054885511134e-07,0.10563311985114388,0.00017354572625006062,25,10,20
34,1034,0.9080844555984317,7.787989837790468e-07,0.09189835016793507,1.641543464916914e-05,25,10,20
34,1035,0.9081124258638575,7.801260676367723e-07,0.09187036161463195,1.6432395442223533e-05,25,10,20
34,1036,0.9082763975800531,7.798196955933617e-07,0.09170636039084039,1.6462209410378116e-05,25,10,20
34,1037,0.8998184447704283,1.05113331663923e-06,0.10011256919019866,6.793490605609875e-05,25,10,20
34,1038,0.8940782918227792,8.605086774622881e-07,0.10585506607600367,6.57815925395051e-05,25,10,20
34,1039,0.8910443208975003,8.903509980570958e-07,0.10888831543154259,6.647331995884463e-05,25,10,20
34,1040,0.899456009309897,6.191340266635741e-07,0.10052836714262371,1.5004413452640094e-05,25,10,20
34,1041,0.8867475065222233,6.281486139143376e-07,0.11323680529788811,1.5060031274411763e-05,25,10,20
34,1042,0.8732140026420141,6.285623168853994e-07,0.12676721119461945,1.8157601048924352e-05,25,10,20
34,1043,0.8726272946714028,6.373132027992971e-07,0.1273535832304426,1.8484784951189816e-05,25,10,20
34,1044,0.8730935278659417,6.303498188302856e-07,0.12688830210364085,1.753968059789551e-05,25,10,20
34,1045,0.8788925532219154,6.031441641773834e-07,0.12109107200991452,1.577162400515194e-05,25,10,20
34,1046,0.8987404479920056,2.3191655943204296e-07,0.10124395975870318,1.5360332731141808e-05,25,10,20
34,1047,0.89957772175097,1.5318409908791105e-07,0.10041633656475898,5.7885001714642135e-06,25,10,20
34,1048,0.8902610036296261,1.6256574648739955e-07,0.10973201126687954,6.822537747517297e-06,25,10,20
34,1049,0.8828739603289277,1.3125703483449851e-07,0.1171091998704884,1.6708543548904674e-05,25,10,20
34,1050,0.8765513240711016,3.0880517560485177e-06,0.12255516783668483,0.0008904200404579047,25,10,20
34,1051,0.8765141787303645,3.1313709986028548e-06,0.12259207418187609,0.0008906157167612058,25,10,20
34,1052,0.8746673282589819,3.168869714496976e-06,0.12443904183042508,0.0008904610408788218,25,10,20
34,1053,0.8807666971873666,2.1406148539828838e-07,0.11921633967633197,1.6749074816517783e-05,25,10,20
34,1054,0.8796758523709808,2.1516172211200587e-07,0.1203071732593465,1.675920795099967e-05,25,10,20
34,1055,0.8927474294260709,2.165890491973293e-07,0.10723853593582432,1.3818049055267358e-05,25,10,20
34,1056,0.8805377875425379,3.9148126087721403e-07,0.1194018043434207,6.001663278093467e-05,25,10,20
34,1057,0.8905097547673071,3.9125358014377985e-07,0.10942989181200087,5.9962167112319635e-05,25,10,20
34,1058,0.8936557565267402,3.911605430274687e-07,0.10628491285252566,5.8939460190949034e-05,25,10,20
34,1059,0.8900621546137271,4.165701187123001e-07,0.10987838183885966,5.9046977294905006e-05,25,10,20
34,1060,0.8901262712515035,4.1631798777009145e-07,0.10981425544755372,5.9056982955232344e-05,25,10,20
34,1061,0.9024524084106534,2.3984625867465264e-07,0.09753466004235277,1.2691700734792716e-05,25,10,20
34,1062,0.9014056448377581,2.408416757695753e-07,0.09858143515347802,1.2679167088174797e-05,25,10,20
34,1063,0.90153521707889,2.4077091062156556e-07,0.09845185841536791,1.2683734831511677e-05,25,10,20
34,1064,0.9245610641349312,2.017330290477614e-07,0.07542702132269818,1.1712809341811959e-05,25,10,20
34,1065,0.9247814635945949,2.0151613918739658e-07,0.07520653856056497,1.1796328701096744e-05,25,10,20
34,1066,0.9344195993084683,1.9234775208633722e-07,0.06556846833205959,1.174001172016193e-05,25,10,20
34,1067,0.9051072772683668,2.0931011145863045e-07,0.09488072916464857,1.178425687336764e-05,25,10,20
34,1068,0.9062873622361585,1.7914522925552434e-07,0.09370066715752187,1.1791461090426084e-05,25,10,20
34,1069,0.9060155455478686,1.8495454029587285e-07,0.09397185862276468,1.2410874826468321e-05,25,10,20
34,1070,0.9060285936662236,1.848474087227817e-07,0.09395882159949867,1.2399886869051116e-05,25,10,20
34,1071,0.8829139490556253,1.0109733855281e-06,0.11706879309645907,1.6246874529506436e-05,25,10,20
34,1072,0.8816969124870812,1.0359261708896346e-06,0.11828278808287954,1.9263503867928082e-05,25,10,20
34,1073,0.8815603894635669,1.0384045890319114e-06,0.11841931194689166,1.9260184951843258e-05,25,10,20
34,1074,0.8815754991171567,1.03839871499894e-06,0.1184042014216105,1.92610625171183e-05,25,10,20
34,1075,0.8816030205173628,1.0383789959653825e-06,0.11837676915539642,1.91719482441812e-05,25,10,20
34,1076,0.8815697609225137,9.941117002626095e-07,0.11841028233540102,1.8962630384282354e-05,25,10,20
34,1077,0.8917443156631542,1.004149605990385e-06,0.1082458855714999,8.794615739563504e-06,25,10,20
34,1078,0.9207054703594464,1.0037932342698391e-06,0.07928483467957484,8.691167744343122e-06,25,10,20
34,1079,0.9210843958824735,1.0030431884922156e-06,0.07890590071110896,8.700363228636789e-06,25,10,20
34,1080,0.8857657348131256,9.569446581864202e-07,0.1142247757645617,8.532477654123835e-06,25,10,20
34,1081,0.9231980520939321,9.588197618899583e-07,0.07679242072991882,8.568356387074088e-06,25,10,20
34,1082,0.9231239426064641,9.631206760034396e-07,0.07686655154171841,8.542731141317729e-06,25,10,20
34,1083,0.9248368419576972,9.381126506685193e-07,0.07515670015566096,5.519773990937198e-06,25,10,20
34,1084,0.9190793898355458,9.382199728180705e-07,0.08091412073284202,5.55121163923472e-06,25,10,20
34,1085,0.9175057394335211,9.81768541386688e-07,0.08247962013825225,1.3658659685332399e-05,25,10,20
34,1086,0.917484622918847,9.817789332256066e-07,0.08250070365757076,1.369164464902972e-05,25,10,20
34,1087,0.9175334147561063,9.816833125064853e-07,0.0824519292163923,1.3674344188964037e-05,25,10,20
34,1088,0.9155434784883717,9.846841086235272e-07,0.0844278698759012,2.7666951617758466e-05,25,10,20
34,1089,0.9217128331977886,9.755608551266967e-07,0.07825853376469422,2.7657476662004778e-05,25,10,20
34,1090,0.9132304359266216,1.7852827752534323e-05,0.08672399299786798,2.771824775750897e-05,25,10,20
34,1091,0.9132569733394902,1.7852475921139084e-05,0.08669746062948783,2.7713555100467522e-05,25,10,20
34,1092,0.9331400266259858,1.7990109012868244e-05,0.06681401690124819,2.796636375329411e-05,25,10,20
34,1093,0.9043539040057267,4.773616106989594e-05,0.0955704475072587,2.7912325944062637e-05,25,10,20
34,1094,0.9037091117298115,4.773521101414365e-05,0.09621525047766614,2.790258150783813e-05,25,10,20
34,1095,0.9022157797717145,4.774076416357927e-05,0.097707557523497,2.8921940624850413e-05,25,10,20
34,1096,0.9022329522801671,4.7740857595653e-05,0.09769041749502716,2.888936720999573e-05,25,10,20
34,1097,0.9011463313665642,4.779831250839242e-05,0.09877688633802297,2.898398290413481e-05,25,10,20
34,1098,0.9024853022958862,4.788258998428812e-05,0.09743884213295384,2.7972981175433862e-05,25,10,20
34,1099,0.9023448741871731,4.7883538335355205e-05,0.0975521202069244,5.512206756686313e-05,25,10,20
34,1100,0.9121182116457588,4.7730060056732935e-05,0.08777926458787472,5.479370630961854e-05,25,10,20
34,1101,0.9128269971666026,4.7716843304377015e-05,0.08707095247544507,5.433351464799795e-05,25,10,20
34,1102,0.9070055210960186,4.774779668456975e-05,0.09288876835650291,5.796275079431134e-05,25,10,20
34,1103,0.9123689537759908,4.772017928560953e-05,0.08752426344368049,5.9062601043481266e-05,25,10,20
34,1104,0.912679538319994,4.780421944033114e-05,0.08721360221952347,5.905524104248224e-05,25,10,20
34,1105,0.9130638454477623,4.779800197879144e-05,0.08682931511907009,5.9041431189027916e-05,25,10,20
34,1106,0.899871877606466,4.779990696249673e-05,0.10001976068261413,6.0561803957488024e-05,25,10,20
34,1107,0.8872655941243447,4.869861577484591e-05,0.11262511690669909,6.05903531821289e-05,25,10,20
34,1108,0.897201686517396,4.828458675311937e-05,0.10269325067168193,5.67782241701276e-05,25,10,20
34,1109,0.8970849798153351,4.82925259305309e-05,0.10280994802333186,5.677963540365788e-05,25,10,20
34,1110,0.9306723184083324,1.852986402479139e-05,0.06925240492200743,5.674680563509509e-05,25,10,20
34,1111,0.9307408243359646,1.852182123764506e-05,0.0691839086894273,5.674515337017283e-05,25,10,20
34,1112,0.9312249335649372,1.8521470973098887e-05,0.0686998980426006,5.664692148901092e-05,25,10,20
34,1113,0.9340954006029729,1.8533467962124323e-05,0.06582927463987998,5.679128918487751e-05,25,10,20
34,1114,0.9336641055155961,1.8529332207993067e-05,0.06626035876576881,5.7006386426740964e-05,25,10,20
34,1115,0.9320423693590884,1.8652608534670365e-05,0.06788174656842628,5.7231463950478765e-05,25,10,20
34,1116,0.9322933231815524,1.8650439605668148e-05,0.06763080811595384,5.721826288756743e-05,25,10,20
34,1117,0.9435748760742199,1.8245611365597293e-05,0.05634930754428549,5.757077012878819e-05,25,10,20
34,1118,0.9430856157686262,1.8250001265916388e-05,0.05683839183854606,5.774239156169164e-05,25,10,20
34,1119,0.9435141838627382,1.8246968611949106e-05,0.05641447259870128,5.30965699483039e-05,25,10,20
34,1120,0.9483639900049288,1.824765901698849e-05,0.05156466821584441,5.309412020942138e-05,25,10,20
34,1121,0.951014181182133,1.820296409727837e-05,0.04892259202542168,4.502382834767464e-05,25,10,20
34,1122,0.9530807116327026,1.8199158307394852e-05,0.04689722610450741,3.863104482475038e-06,25,10,20
34,1123,0.9538112690638257,1.819877744689728e-05,0.04616667648102009,3.855677707039561e-06,25,10,20
34,1124,0.9537064924977708,1.811463736052568e-05,0.04627153634047144,3.856524396979472e-06,25,10,20
34,1125,0.9537010180635249,1.811465396218406e-05,0.04627700591624457,3.8613662678143355e-06,25,10,20
34,1126,0.9540808775997286,1.8112878239464404e-05,0.04589793186471439,3.0776573170739217e-06,25,10,20
34,1127,0.9499102730450584,1.8116013947562798e-05,0.049613055930538844,0.0004585550104549414,25,10,20
34,1128,0.9435490419320018,1.822737196893378e-05,0.05556910192511304,0.0008636287709157332,25,10,20
34,1129,0.9432351337967428,1.8230974107278957e-05,0.0558830061385253,0.0008636290906240956,25,10,20
34,1130,0.939830451127517,1.810784271411499e-05,0.059288026365586166,0.0008634146641823302,25,10,20
34,1131,0.9406564223366537,1.8057407197265276e-05,0.05846119192178897,0.0008643283343597441,25,10,20
34,1132,0.9404535056590153,1.8062639250191986e-05,0.05866405917098108,0.0008643725307530014,25,10,20
34,1133,0.9404634260354535,1.8062614538575116e-05,0.05865415057861784,0.0008643607713895838,25,10,20
34,1134,0.9405251938069098,1.797281776119033e-05,0.05859248087524463,0.000864352500084094,25,10,20
34,1135,0.9404108308198584,1.797176812897141e-05,0.0587067014164607,0.0008644959955517153,25,10,20
34,1136,0.940328972737936,1.7972160351342058e-05,0.05878834291874566,0.0008647121829667218,25,10,20
34,1137,0.9313659031779791,1.1163070943150983e-06,0.0677655096031427,0.0008674709117839837,25,10,20
34,1138,0.9223264578064609,1.1512002318870245e-06,0.07680483996736333,0.0008675510259438951,25,10,20
34,1139,0.9347899459863476,1.1514398967745904e-06,0.0643038015546293,0.0009051010191263576,25,10,20
34,1140,0.9343858962770516,1.1513736732446907e-06,0.06470785490883091,0.0009050974404442608,25,10,20
34,1141,0.9351246621848541,1.1762623450049301e-06,0.06396917652294479,0.0009049850298564404,25,10,20
34,1142,0.9099336822495208,1.1583173332803811e-06,0.08196957409910662,0.008095585334039734,25,10,20
34,1143,0.9052769325405875,1.1588021650524895e-06,0.08662629987457324,0.008095608782675075,25,10,20
34,1144,0.9101028687392153,1.1379438740209593e-06,0.08184054524507016,0.00805544807184096,25,10,20
34,1145,0.9224400037122229,1.4338523345981734e-06,0.06950461065250949,0.008053951782933494,25,10,20
34,1146,0.9226866870224171,1.1381628234681361e-06,0.0692582111572781,0.008053963657481789,25,10,20
34,1147,0.913820399337565,1.1514987455695948e-06,0.07812256663791191,0.008055882525778052,25,10,20
34,1148,0.9134417422422616,1.163843128984859e-06,0.07850117187072636,0.008055922043883508,25,10,20
34,1149,0.9036510999479548,1.3887849181850562e-06,0.08829118928094032,0.008056321986187928,25,10,20
34,1150,0.9307310361513439,1.3880002760886029e-06,0.06816454085741841,0.0011030349909619739,25,10,20
34,1151,0.9305694462029345,1.3892707792110874e-06,0.06832529984594156,0.0011038646803451868,25,10,20
34,1152,0.9316301339237141,1.4345821529708982e-06,0.06726392990508845,0.0011045015890448768,25,10,20
34,1153,0.9318807853132703,1.4293547446064438e-06,0.0670133280195437,0.001104457312441609,25,10,20
34,1154,0.93235875155231,1.4292857051593624e-06,0.0665354308150152,0.0011043883469696995,25,10,20
34,1155,0.9266259802539071,1.4290104490136267e-06,0.07226845889502753,0.0011041318406167662,25,10,20
34,1156,0.9394440803699757,5.287140146940689e-07,0.05945129365345214,0.0011040972625576042,25,10,20
34,1157,0.9396849011654054,5.535658024055662e-07,0.05921046973290698,0.0011040755358854323,25,10,20
34,1158,0.9397294548133165,5.442374263162539e-07,0.059166723542953784,0.0011032774063037406,25,10,20
34,1159,0.9442116438038508,5.46775832508981e-07,0.054684531170330085,0.0011032782499866686,25,10,20
34,1160,0.9444660190998231,5.47002522961255e-07,0.05443007586588047,0.0011033580317737462,25,10,20
34,1161,0.9441704553072338,5.470115392059721e-07,0.05472563905798941,0.0011033586232380723,25,10,20
34,1162,0.9443113428679338,5.36429177937238e-07,0.0545845596335332,0.0011035610693553982,25,10,20
34,1163,0.9451192764075684,5.370260517871248e-07,0.054014033679739046,0.0008661528866409508,25,10,20
34,1164,0.9454036162898177,5.527442863040422e-07,0.053728976434091955,0.0008668545318041613,25,10,20
34,1165,0.9462051898846228,4.4328993390139877e-07,0.05333255276095872,0.00046181406448487854,25,10,20
34,1166,0.9462742159394735,4.923002689011313e-07,0.05326349971697558,0.00046179204328227434,25,10,20
34,1167,0.9455607986499978,6.118819576684707e-07,0.053976739200946415,0.00046185026709853944,25,10,20
34,1168,0.9554526705164365,3.868479132956586e-07,0.04408562919676729,0.00046131343888309873,25,10,20
34,1169,0.9553009045870059,3.876352591277347e-07,0.04423739262560797,0.0004613151521272483,25,10,20
34,1170,0.9553013872579648,3.8819141422001086e-07,0.04423685040158179,0.0004613741490394205,25,10,20
34,1171,0.9537362031359864,3.924527146316479e-07,0.04579775919380552,0.0004656452174937612,25,10,20
34,1172,0.9530560962916698,4.0484073058167713e-07,0.04647301009762403,0.00047048876997588066,25,10,20
34,1173,0.9540133452909791,2.8129334506760314e-07,0.04551611297674549,0.0004702604389306814,25,10,20
34,1174,0.9541112077323541,2.8139411771116607e-07,0.04541824689006618,0.0004702639834621062,25,10,20
34,1175,0.9520980071623165,2.7267991533236613e-07,0.04743635899347934,0.0004653611642889133,25,10,20
34,1176,0.9515272471451497,2.603423173490399e-07,0.04800781825898429,0.00046467425354873733,25,10,20
34,1177,0.9508434698708007,2.5965678739850346e-07,0.04869149111508955,0.0004647793573223253,25,10,20
34,1178,0.9397249519750563,2.7519453981405644e-07,0.059809982064153513,0.0004647907662505516,25,10,20
34,1179,0.9301702769558537,2.7505830521312447e-07,0.06936465291325936,0.0004647950725820572,25,10,20
34,1180,0.9355286839327767,2.7305646743460284e-07,0.06400594748405593,0.00046509552670012324,25,10,20
34,1181,0.924500698065425,2.730431261283682e-07,0.07503393288728684,0.00046509600416219004,25,10,20
34,1182,0.9225076449373217,2.598737205561746e-07,0.07702758384817368,0.00046451134078419684,25,10,20
34,1183,0.9233512787762551,2.5380086183043106e-07,0.07618398226222467,0.00046448516065859444,25,10,20
34,1184,0.9290919977746397,2.53866181485399e-07,0.07044325210799857,0.00046449625118050717,25,10,20
34,1185,0.9290177053633875,2.536821880352226e-07,0.07051787757221983,0.0004641633822048633,25,10,20
34,1186,0.898948495082161,2.504398423721888e-07,0.10058735834933166,0.0004638961286641818,25,10,20
34,1187,0.9079798437114175,2.038338521488861e-07,0.09155417092596738,0.00046578152876194793,25,10,20
34,1188,0.9056130156030613,2.0654466885152727e-07,0.09392096835006543,0.0004658095022036503,25,10,20
34,1189,0.9048573610556702,2.2655365412559076e-07,0.0946769061136629,0.0004655062770121498,25,10,20
34,1190,0.897293350998974,2.311589247246642e-07,0.10221996876185777,0.00048644908024326084,25,10,20
34,1191,0.8992329693618504,2.489652036842152e-07,0.10028024664358094,0.00048653502936478086,25,10,20
34,1192,0.8995043327395073,2.469392872987883e-07,0.10000912747889863,0.0004862928423070113,25,10,20
34,1193,0.8997298667201994,2.3328173260243166e-07,0.09978367663517294,0.00048622336289521793,25,10,20
34,1194,0.8976980511526049,2.3347044134624372e-07,0.10181548635357326,0.00048622902338060704,25,10,20
34,1195,0.8981873550993633,1.823998413275453e-07,0.10132627389601623,0.0004861886047791907,25,10,20
34,1196,0.8669844255562458,1.7592947988856075e-07,0.13252010552036422,0.0004952929939103494,25,10,20
34,1197,0.8443091777289773,7.591259117349415e-05,0.15511797583937073,0.0004969338404785431,25,10,20
34,1198,0.8441058183789933,7.591703374676181e-05,0.1553213272674785,0.0004969373197813979,25,10,20
34,1199,0.8450110940962116,7.591752980138955e-05,0.15441607913573413,0.0004969092382531411,25,10,20
34,1200,0.8695478674247212,1.8074242145860403e-07,0.12995668829244145,0.0004952635404161348,25,10,20
34,1201,0.8694880778933708,1.8082571684817486e-07,0.13001646426599175,0.0004952770149208334,25,10,20
34,1202,0.8803542950607288,1.8160571373897945e-07,0.11915165475730005,0.0004938685762576302,25,10,20
34,1203,0.8779798802634066,1.8148763578078496e-07,0.12152606629352533,0.0004938719554325816,25,10,20
34,1204,0.8771327619378957,1.9599658936216402e-07,0.12237314506509891,0.0004938970004165095,25,10,20
34,1205,0.9039619129303993,1.672845337963691e-07,0.09554302178060632,0.0004948980044609499,25,10,20
34,1206,0.8961927503667194,1.6760770492436516e-07,0.10332204954834553,0.0004850324772303393,25,10,20
34,1207,0.892901740652592,4.384593300343547e-07,0.10638150163221033,0.0007163192558675369,25,10,20
34,1208,0.8948127904176794,4.3469945525626524e-07,0.10447044319848184,0.0007163316843829339,25,10,20
34,1209,0.9020932786848119,6.27030191247319e-07,0.09721069881672711,0.0006953954682694524,25,10,20
34,1210,0.902066058994619,6.257633121803603e-07,0.09723791433608152,0.0006954009059872247,25,10,20
34,1211,0.9247179216386117,7.213076110514769e-07,0.07458619625377808,0.000695160799999565,25,10,20
34,1212,0.9244141672447712,7.213623435567279e-07,0.07488995114628078,0.0006951602466045772,25,10,20
34,1213,0.9243180520817721,7.215433170727523e-07,0.07498601097357957,0.0006952154013315071,25,10,20
34,1214,0.924747894225306,7.214410827635821e-07,0.07455619561367537,0.0006951887199359402,25,10,20
34,1215,0.9267739755160689,4.856355331838991e-07,0.07276143774225263,0.00046410110614532476,25,10,20
34,1216,0.9305734398688308,8.076478112476831e-07,0.06896264345428041,0.0004631090290779254,25,10,20
34,1217,0.9301213197620153,8.542610159070402e-07,0.0694158990455145,0.0004619269314546291,25,10,20
34,1218,0.9323591979601816,8.575480863914753e-07,0.06717693821230473,0.00046300627942760293,25,10,20
34,1219,0.911092716866281,8.574955927541146e-07,0.0884434244010588,0.00046300123706719107,25,10,20
34,1220,0.9094578798391636,6.607027169869934e-07,0.09007844946913353,0.000463009988985821,25,10,20
34,1221,0.9095047958096667,6.606543018464539e-07,0.09003154682497096,0.000462996711060326,25,10,20
34,1222,0.8784082572607756,1.5377570642994084e-06,0.12112248396195509,0.00046772102020493483,25,10,20
34,1223,0.8778792420493072,1.6342541923038655e-06,0.12165139614912475,0.0004677275473756119,25,10,20
34,1224,0.8636855319782601,1.6329866681595486e-06,0.13584511940623611,0.000467715628835558,25,10,20
34,1225,0.8634076477696074,1.6349904007748966e-06,0.13612250754660826,0.000468209693383558,25,10,20
34,1226,0.8691899289620143,1.6349607753889503e-06,0.13034020620369036,0.0004682298735201346,25,10,20
34,1227,0.8706948326521302,1.6308315636048528e-06,0.12883957738954985,0.0004639591267563198,25,10,20
34,1228,0.8817182740424009,1.6311164118232231e-06,0.11781614100471746,0.0004639538364698401,25,10,20
34,1229,0.8930056777902361,1.615692168918221e-06,0.10652875529765243,0.0004639512199424947,25,10,20
34,1230,0.8923442057744997,1.5233617622061239e-06,0.10718977883530759,0.00046449202843057294,25,10,20
34,1231,0.8942608530084972,1.5233452725867279e-06,0.1052731402960041,0.00046448335022575103,25,10,20
34,1232,0.8939816435674153,1.5212400909543424e-06,0.10555235174889037,0.000464483443603287,25,10,20
34,1233,0.8936199730650908,1.222409977043216e-06,0.10591421397073891,0.0004645905541932821,25,10,20
34,1234,0.8937340684637285,1.2223999537609419e-06,0.10580013637605065,0.00046457276026705993,25,10,20
34,1235,0.8565809069916108,1.1960728453620898e-06,0.14295333868487758,0.0004645582506662442,25,10,20
34,1236,0.8573637115453486,1.2057730291514805e-06,0.14217049424646624,0.00046458843515590024,25,10,20
34,1237,0.8585981887913648,1.2967014233469114e-06,0.1409311613435106,0.00046935316370079645,25,10,20
34,1238,0.8593866804577783,1.2929700312016802e-06,0.1401432198346721,0.00046880673751802446,25,10,20
34,1239,0.858481015744669,1.322681082810044e-06,0.1410487127113441,0.0004689488629038177,25,10,20
34,1240,0.8588656916254517,1.3231211427950263e-06,0.14066403028693367,0.0004689549664714448,25,10,20
34,1241,0.8573186451338869,1.3234406070305122e-06,0.14221072295359735,0.00046930847190815577,25,10,20
34,1242,0.849523006969344,1.1840453956163258e-06,0.15001158330367972,0.0004642256815800663,25,10,20
34,1243,0.8487784287208605,1.1839740099267223e-06,0.15075601269096855,0.0004643746141604438,25,10,20
34,1244,0.8476181157407866,1.1834132227128674e-06,0.15191618302884044,0.00046451781714948334,25,10,20
34,1245,0.84590904399337,1.1846789888733916e-06,0.1536253975567967,0.00046437377084392403,25,10,20
34,1246,0.8454457719698886,1.184676184068396e-06,0.15408867417776378,0.0004643691761631917,25,10,20
34,1247,0.8454578651704954,1.1864713820601154e-06,0.15407630193409358,0.0004646464240285428,25,10,20
34,1248,0.8445717734598733,1.2244924358518073e-06,0.15496205322867307,0.0004649488190172344,25,10,20
34,1249,0.8470505356148372,1.2229685131365404e-06,0.15248329974360156,0.00046494167304753884,25,10,20
34,1250,0.8465000095295013,1.2401067915696377e-06,0.15303380521638682,0.0004649451473199229,25,10,20
34,1251,0.8519345388869692,1.2617548925021105e-06,0.14742893935902826,0.0006352599991094263,25,10,20
34,1252,0.8520649957091989,1.2627900740738918e-06,0.1472982383829226,0.0006355031178039552,25,10,20
34,1253,0.8521654807140997,1.2607332417272354e-06,0.14719824327134592,0.0006350152813122335,25,10,20
34,1254,0.8519313192268763,1.263314623042962e-06,0.14743246856236067,0.0006349488961394597,25,10,20
34,1255,0.8534265458513832,1.2545658807759204e-06,0.1459374000062298,0.0006347995765055738,25,10,20
34,1256,0.8361815046518466,9.938285404783308e-06,0.16317269725918865,0.0006358598035597258,25,10,20
34,1257,0.8369654422399811,9.917279153740375e-06,0.1623888251089134,0.0006358153719514939,25,10,20
34,1258,0.8362439642105207,9.900216436155021e-06,0.16311025476263047,0.0006358808104123619,25,10,20
34,1259,0.8520334819989219,9.815519253527717e-06,0.14732081486088183,0.000635887620942429,25,10,20
34,1260,0.8527802291294286,9.90923590432867e-06,0.14657390069786833,0.0006359609367984617,25,10,20
34,1261,0.8530957303135124,9.907275004169527e-06,0.14625835728840708,0.0006360051230759087,25,10,20
34,1262,0.8532984054553571,9.908066096081002e-06,0.14605563940219263,0.0006360470763537281,25,10,20
34,1263,0.8532223846811352,9.909677695422694e-06,0.14613171802285665,0.0006359876183121387,25,10,20
34,1264,0.8495792819355829,9.908465400564087e-06,0.1497748134493191,0.000635996149696927,25,10,20
34,1265,0.8503435884190667,9.878706728471181e-06,0.14901063818890545,0.000635894685298947,25,10,20
34,1266,0.8366944621451846,1.015776133917573e-05,0.1626308961699864,0.0006644839234902944,25,10,20
34,1267,0.8284656025455898,1.011910406817591e-05,0.17086009950822936,0.0006641788421131634,25,10,20
34,1268,0.8313213265894209,1.0064005481363024e-05,0.168004628049249,0.0006639813558492792,25,10,20
34,1269,0.8312812063183778,1.0064061094862537e-05,0.16804474323353996,0.0006639863869880896,25,10,20
34,1270,0.8304194883181792,1.0066577493841033e-05,0.1689024156401078,0.0006680294642199434,25,10,20
34,1271,0.8311200327004461,1.0055213326793707e-05,0.16820189469304667,0.0006680173931810766,25,10,20
34,1272,0.8339116533144179,1.0380613779504112e-05,0.16540918773550087,0.0006687783363027237,25,10,20
34,1273,0.83357182170832,1.0380956863067365e-05,0.16574902256590446,0.0006687747689132177,25,10,20
34,1274,0.8425670963905065,1.0382473926725463e-05,0.15675352995070665,0.0006689911848598837,25,10,20
34,1275,0.8451492262376863,1.0408305278645886e-05,0.1546256365602613,0.00021472889677408042,25,10,20
34,1276,0.8755619984804534,1.0393520603070265e-05,0.1243831674345526,4.4440564390427224e-05,25,10,20
34,1277,0.8760105668881889,1.0393606808498658e-05,0.12393459192596186,4.4447579040347724e-05,25,10,20
34,1278,0.8753183968606496,1.044726275189323e-05,0.12462671407881469,4.4441797783369386e-05,25,10,20
34,1279,0.8591033148289062,1.0450153336783019e-05,0.14084168730936517,4.4547708391275664e-05,25,10,20
34,1280,0.8548681475348306,1.0124609444956603e-05,0.14507632587266892,4.540198305501045e-05,25,10,20
34,1281,0.8564872093083622,1.011723316989523e-05,0.1434572647924106,4.540866605707064e-05,25,10,20
34,1282,0.8568787632643458,1.0117708190515076e-05,0.14306563136623826,4.548766122485788e-05,25,10,20
34,1283,0.8569659850375118,1.011698719901513e-05,0.14297864020863266,4.525776665572804e-05,25,10,20
34,1284,0.8522498270978557,1.0134577769365925e-05,0.14769474006564706,4.5298258727608727e-05,25,10,20
34,1285,0.8357594435964094,1.0160107352612459e-05,0.16010612263598653,0.004124273660251173,25,10,20
34,1286,0.8325707734361874,1.0204682019054961e-05,0.16329555879881436,0.0041234630829796465,25,10,20
34,1287,0.8326057864712274,1.0207715624258195e-05,0.16326060983757237,0.004123395975576466,25,10,20
34,1288,0.8629072374965864,9.34049289774123e-06,0.13296175708567837,0.004121664924837426,25,10,20
34,1289,0.8824806554758942,9.321453829873666e-06,0.11746734617707705,4.267689319862702e-05,25,10,20
34,1290,0.8912836697265323,9.323276844015113e-06,0.10866595927036887,4.104772625414765e-05,25,10,20
34,1291,0.8895099281723446,9.344054705687563e-06,0.11043962795830504,4.1099814643966665e-05,25,10,20
34,1292,0.8889131891164925,9.48911281123289e-06,0.11103620236429951,4.111940639589292e-05,25,10,20
34,1293,0.906337502026826,8.05909119050691e-07,0.09362146504149087,4.022702256376349e-05,25,10,20
34,1294,0.9035244581850179,9.61518433551035e-07,0.09643428310235241,4.029719419550807e-05,25,10,20
34,1295,0.9031194863877855,9.746249156816714e-07,0.09683924193079649,4.029705650176938e-05,25,10,20
34,1296,0.9341018245426821,9.74936495362552e-07,0.06585689252130801,4.03079995143759e-05,25,10,20
34,1297,0.9388421859132847,9.017697013219285e-07,0.061116974441086235,3.993787592755016e-05,25,10,20
34,1298,0.9478013027881453,9.016839273130089e-07,0.05215819742257368,3.959810535340606e-05,25,10,20
34,1299,0.9427031254132382,8.077482138742299e-07,0.057256538290568273,3.9528547979238705e-05,25,10,20
34,1300,0.956165995095248,5.335502475520115e-07,0.04382278495272757,1.0686401776165877e-05,25,10,20
34,1301,0.9575918416650384,5.333560247568409e-07,0.042396932673104175,1.0692305832002139e-05,25,10,20
34,1302,0.9577082197880042,5.336025136761184e-07,0.04228062215165964,1.0624457821706148e-05,25,10,20
34,1303,0.9584481480723526,5.338924610425082e-07,0.041541023845790476,1.0294189395167706e-05,25,10,20
34,1304,0.9586143319668605,5.327586459922453e-07,0.041374889233253914,1.0246041238880271e-05,25,10,20
34,1305,0.9593117960284764,5.362909910583771e-07,0.040677381355795135,1.0286324737220986e-05,25,10,20
34,1306,0.9570771469982876,2.3645303471006542e-06,0.04290948416365732,1.1004307707527307e-05,25,10,20
34,1307,0.956850824341054,2.371150664151862e-06,0.043135308415651524,1.1496092630160928e-05,25,10,20
34,1308,0.9505381612867538,2.3772900669618515e-06,0.049447920823166264,1.1540600012816516e-05,25,10,20
34,1309,0.9284316673390833,2.429624223387967e-06,0.07143664571019605,0.00012925732649700088,25,10,20
34,1310,0.8989393988410993,2.470523870531943e-06,0.10062164413601296,0.00043648649901650334,25,10,20
34,1311,0.8905207087806966,2.529733962822606e-06,0.10903801082989839,0.0004387506554414045,25,10,20
34,1312,0.892425832868125,2.509131657296793e-06,0.10713301099232146,0.00043864700789557543,25,10,20
34,1313,0.9127598710264607,2.4041643645007575e-06,0.08691675583875692,0.00032096897041731506,25,10,20
34,1314,0.9126263024696769,2.3712661032785667e-06,0.08705049270013791,0.00032083356408154533,25,10,20
34,1315,0.9135834575134916,2.3712472023434682e-06,0.08609330159095953,0.00032086964834605506,25,10,20
34,1316,0.9131102333396734,2.371288309013901e-06,0.08656653488432889,0.0003208604876881453,25,10,20
34,1317,0.9130727076167549,2.3191496906786597e-06,0.08660631358905306,0.00031865964450092534,25,10,20
34,1318,0.9164666210762769,2.387431127131065e-06,0.08321231480934532,0.0003186766832503766,25,10,20
34,1319,0.9084262202287189,1.878838514390159e-05,0.09123696369195494,0.0003180276941819877,25,10,20
34,1320,0.9082577898831263,1.8789268116215264e-05,0.09140548349127921,0.0003179373574777887,25,10,20
34,1321,0.9117745559196854,1.862578824588893e-05,0.08788895866631805,0.000317859625750297,25,10,20
34,1322,0.9117330904801881,1.8625742093071284e-05,0.08793045334703076,0.00031783043068771006,25,10,20
34,1323,0.9062074770024239,1.8558418660659964e-05,0.09344279594114525,0.00033116863776979955,25,10,20
34,1324,0.9013608879537978,1.8540714606568217e-05,0.09828945424560397,0.00033111708599108466,25,10,20
34,1325,0.8664711066682781,1.947283661976479e-05,0.1331792115094733,0.00033020898562854977,25,10,20
34,1326,0.8663675453301767,1.947269515690459e-05,0.1332827878360976,0.0003301941385686413,25,10,20
34,1327,0.8669685935038917,1.9327529269751422e-05,0.13268191243597147,0.00033016653086687933,25,10,20
34,1328,0.8665909986288688,1.933232331241721e-05,0.13305947576416174,0.0003301932836569255,25,10,20
34,1329,0.8655786236281867,1.941652884041516e-05,0.13407216126889895,0.00032979857407360464,25,10,20
34,1330,0.8661044635964626,1.941598861785812e-05,0.13354632407767297,0.0003297963372464212,25,10,20
34,1331,0.872385419706356,1.9409372800813335e-05,0.12726542225529186,0.0003297486655513196,25,10,20
34,1332,0.8798931401221992,1.9402522192721554e-05,0.11975779770259337,0.00032965965301472134,25,10,20
34,1333,0.8793726279879607,1.982383134525902e-05,0.12027783925619548,0.00032970892449857807,25,10,20
34,1334,0.8789686276797656,1.9860908773814125e-05,0.12068147908221205,0.00033003232924857845,25,10,20
34,1335,0.8886292751716013,1.986124915486538e-05,0.11102089753904984,0.0003299660401941281,25,10,20
34,1336,0.8887469856197981,1.9859698702463122e-05,0.11090325109477367,0.0003299035867258482,25,10,20
34,1337,0.8887761042227729,1.9846784348079706e-05,0.11087821968257483,0.00032582931030461927,25,10,20
34,1338,0.8896499947039268,1.9868793031532966e-05,0.1100041500094227,0.00032598649361917126,25,10,20
34,1339,0.8895143256277387,1.9846971248084914e-05,0.11013998230671213,0.00032584509430142974,25,10,20
34,1340,0.8900333010558791,1.9855490518535084e-05,0.10962095903087768,0.0003258844227253661,25,10,20
34,1341,0.8898506670865897,1.985574667471911e-05,0.10980361401611986,0.00032586315061659647,25,10,20
34,1342,0.915141167621523,1.999364952590873e-05,0.08480864213253676,3.0196596414843595e-05,25,10,20
34,1343,0.897554498132032,1.9992594225320504e-05,0.10239541443692772,3.0094836815221494e-05,25,10,20
34,1344,0.8968265202135988,2.0031257598047163e-05,0.10312275039172576,3.0698137077622585e-05,25,10,20
34,1345,0.8949469831101442,2.003996019343911e-05,0.10499551214414649,3.746478551589565e-05,25,10,20
34,1346,0.8949081740697252,2.0055083167277586e-05,0.10503430286754518,3.7467979562211956e-05,25,10,20
34,1347,0.8991113360855578,1.987806718712967e-05,0.10084286972879822,2.591611845724701e-05,25,10,20
34,1348,0.8996332913853741,1.9458547511808036e-05,0.1003213838958986,2.5866171216196615e-05,25,10,20
34,1349,0.8883202732097456,1.9459510993331407e-05,0.11163207856983812,2.8188709422897053e-05,25,10,20
34,1350,0.8548667647132879,1.947176239497344e-05,0.14509229017146807,2.1473352848972292e-05,25,10,20
34,1351,0.8541984055871858,1.9473558645262545e-05,0.14576058384441265,2.153700975595305e-05,25,10,20
34,1352,0.854282891150173,1.947143849403947e-05,0.14567611231592323,2.1525095409634672e-05,25,10,20
34,1353,0.8537747413345679,1.9474380970374422e-05,0.1461836478838958,2.2136400565674207e-05,25,10,20
34,1354,0.8384159244486665,1.944888103241456e-05,0.1615427747557322,2.185191456840351e-05,25,10,20
34,1355,0.8489927798721416,1.9449731764544284e-05,0.15096793860963098,1.983178646281993e-05,25,10,20
34,1356,0.848942473975047,1.9449715091451903e-05,0.15101823075920534,1.9845550655912663e-05,25,10,20
34,1357,0.8845664221519692,1.8471867091004676e-05,0.11539527456075477,1.9831420184594032e-05,25,10,20
34,1358,0.8844733417048612,1.8458556087117138e-05,0.11548834341019601,1.985632885510213e-05,25,10,20
34,1359,0.8708925028905241,1.8480795175153248e-05,0.1290691070947964,1.9909219503970967e-05,25,10,20
34,1360,0.8846669880706134,1.8458993457636284e-05,0.11529466860079247,1.9884335136203746e-05,25,10,20
34,1361,0.8849247459500696,1.8443909801574525e-05,0.11503691154406902,1.9898596059112287e-05,25,10,20
34,1362,0.9187150142968988,1.844209228103232e-05,0.0812466487213645,1.989488945586675e-05,25,10,20
34,1363,0.9189008447747671,1.8441238205488597e-05,0.08106060615482998,2.0107832197870486e-05,25,10,20
34,1364,0.8982188890159415,1.887289502537442e-05,0.1017459796749701,1.625841406276233e-05,25,10,20
34,1365,0.8979561350342613,1.8872344225319122e-05,0.10200873414540952,1.6258476103562478e-05,25,10,20
34,1366,0.8971456302234978,1.8870649868136244e-05,0.10281927211476068,1.6227011872986924e-05,25,10,20
34,1367,0.8977757723273447,7.192394346182872e-07,0.10220730407092901,1.620436229094896e-05,25,10,20
34,1368,0.8979271657575538,7.187077841970954e-07,0.10205592962903744,1.6185905623790794e-05,25,10,20
34,1369,0.8979033607583307,7.18833842370873e-07,0.10207973623923096,1.6184168595062478e-05,25,10,20
34,1370,0.8929615793973411,7.130366638428182e-07,0.1069642090211879,7.349854480595367e-05,25,10,20
34,1371,0.8857184698683049,2.8416951371912434e-06,0.11420331244199494,7.537599456203695e-05,25,10,20
34,1372,0.8852712505347671,3.091063873314011e-06,0.11465000603707624,7.565236428230763e-05,25,10,20
34,1373,0.8840463052503974,3.125109417892837e-06,0.11587492053389409,7.56491062899246e-05,25,10,20
34,1374,0.884007197356337,3.12191077157163e-06,0.1159140594861738,7.56212467169261e-05,25,10,20
34,1375,0.8806914478771928,3.0310029390860095e-06,0.11918452547192254,0.00012099564794490529,25,10,20
34,1376,0.8678990723825938,1.7599378568684622e-05,0.13196258181040313,0.00012074642843422543,25,10,20
34,1377,0.8670194007946468,1.7614121987773477e-05,0.13284232153373174,0.00012066354963344612,25,10,20
34,1378,0.8657686954364584,1.932302190919154e-05,0.134091976154574,0.00012000538705770605,25,10,20
34,1379,0.86529965934367,1.9592741635762542e-05,0.13455942981962232,0.00012131809507122065,25,10,20
34,1380,0.8446130024346542,1.9609152240472644e-05,0.14944619797528222,0.005921190437822953,25,10,20
34,1381,0.840926362264012,1.960220683060336e-05,0.1530670989306243,0.005986936598532881,25,10,20
34,1382,0.836693381781365,1.9339067031577834e-05,0.15730163997921878,0.0059856391723844505,25,10,20
34,1383,0.8376874219664391,1.9338663447671702e-05,0.156307605306294,0.005985634063819178,25,10,20
34,1384,0.857886160778685,1.9331890948796803e-05,0.14190868487806602,0.00018582245229979802,25,10,20
34,1385,0.8589055920391102,1.933152163684669e-05,0.14088926191884907,0.00018581452040374605,25,10,20
34,1386,0.857975917084417,1.9493553659754637e-05,0.14177848362488482,0.00022610573703816663,25,10,20
34,1387,0.859860682830902,1.9492506760893054e-05,0.13989375432575912,0.0002260703365774948,25,10,20
34,1388,0.8587919565016187,2.0078541155151513e-05,0.14096184902816591,0.00022611592906004487,25,10,20
34,1389,0.8637085846083024,2.0071776858754915e-05,0.13604524412833088,0.00022609948650782752,25,10,20
34,1390,0.8639398352739179,2.0071169982076217e-05,0.1358140313019828,0.00022606225411679062,25,10,20
34,1391,0.8773290512192184,5.511765834698152e-06,0.12243939869263437,0.00022603832231196785,25,10,20
34,1392,0.8597513185390068,3.3733689262491597e-06,0.14001455203195298,0.00023075606011347275,25,10,20
34,1393,0.8497358138665063,1.6785219375842397e-06,0.150029616536772,0.0002328910747842963,25,10,20
34,1394,0.8167864601113561,9.476711417627965e-06,0.18296978003783257,0.00023428313939483393,25,10,20
34,1395,0.8128068594614516,9.509751243740138e-06,0.18696270688577601,0.00022092390152918338,25,10,20
34,1396,0.8139848079541641,9.471150038988537e-06,0.18578481474260097,0.00022090615319643925,25,10,20
34,1397,0.8139091452793287,9.471385384994479e-06,0.18586019393431055,0.00022118940097615698,25,10,20
34,1398,0.8150637606324461,8.875269368743954e-06,0.18470629197724203,0.00022107212094371636,25,10,20
34,1399,0.8150243030521679,8.865369603353735e-06,0.18474568090993915,0.0002211506682900972,25,10,20
34,1400,0.822378639674072,1.2636629722944932e-05,0.177387602956531,0.00022112073967442484,25,10,20
34,1401,0.855400914429482,4.83967418626598e-06,0.14437451670230877,0.00021972919402323462,25,10,20
34,1402,0.87002080308603,4.840354663942922e-06,0.12976103596651792,0.00021332059278826224,25,10,20
34,1403,0.8745449804607546,4.838817657917159e-06,0.12528249843437894,0.00016768228720897733,25,10,20
34,1404,0.8853063377673986,4.838256947122485e-06,0.11452137378691563,0.00016745018873857195,25,10,20
34,1405,0.8966636597113669,4.8588570337760775e-06,0.10316614761279416,0.00016533381880506177,25,10,20
34,1406,0.8965600527451367,4.860152607473934e-06,0.10326974997232266,0.00016533712993290186,25,10,20
34,1407,0.8971901041864342,4.8223596006511496e-06,0.10264024586821822,0.00016482758574674265,25,10,20
34,1408,0.8970493727842934,4.822591814692097e-06,0.10278098493115499,0.00016481969273652474,25,10,20
34,1409,0.892121635755809,9.369397157693498e-06,0.10770408712428128,0.00016490772275156283,25,10,20
34,1410,0.888842084447341,4.822671088840538e-06,0.11098826214607226,0.00016483073549765213,25,10,20
34,1411,0.8736452715406975,4.854975705840841e-06,0.1261850166543843,0.00016485682921217482,25,10,20
34,1412,0.9089942828662377,4.829766322908821e-06,0.09083613882653846,0.00016474854090077023,25,10,20
34,1413,0.9137936902417526,4.824049606803023e-06,0.08610262490431843,9.886080432197252e-05,25,10,20
34,1414,0.9221827560752491,4.823420535011878e-06,0.07771356068946365,9.885981475186086e-05,25,10,20
34,1415,0.9213392215528706,4.823709266288651e-06,0.0785570570617728,9.88976760899317e-05,25,10,20
34,1416,0.9183502546360265,4.792052380576582e-06,0.08154607815358669,9.887515800613176e-05,25,10,20
34,1417,0.8890604971757665,4.793334044163747e-06,0.11083584274889463,9.886674129499e-05,25,10,20
34,1418,0.9047585009080925,4.783904127511848e-06,0.09513759658215852,9.911860562145169e-05,25,10,20
34,1419,0.9046307672117413,4.784638308971378e-06,0.09526541701561657,9.903113433304583e-05,25,10,20
34,1420,0.9045139796075127,4.784022140958299e-06,0.09538220225882982,9.903411151660331e-05,25,10,20
34,1421,0.9258218368299991,4.350281486055045e-06,0.07407494899726232,9.886389125224624e-05,25,10,20
34,1422,0.9219724477710861,4.352068602944678e-06,0.07792430252581989,9.889763449073798e-05,25,10,20
34,1423,0.9212682149996296,4.352193430466155e-06,0.07862842093564754,9.90118712921027e-05,25,10,20
34,1424,0.9263420097549229,4.352444163385666e-06,0.073611933974466,4.1703826447424565e-05,25,10,20
34,1425,0.9265405747650545,4.3514925349946555e-06,0.07341336335415782,4.171038825240575e-05,25,10,20
34,1426,0.9269844647701739,4.35296084243968e-06,0.0729695664622604,4.1615806722918773e-05,25,10,20
34,1427,0.9265988659315476,4.3542244837418236e-06,0.0733551473604011,4.163248356734093e-05,25,10,20
34,1428,0.9294793281515032,4.366714963137189e-06,0.07047456387599267,4.174125754115919e-05,25,10,20
34,1429,0.9299478332306458,4.117159754918502e-06,0.0700065743312057,4.147527839369584e-05,25,10,20
34,1430,0.9203973636997553,4.138098093959079e-06,0.0795530088998356,4.548930231487578e-05,25,10,20
34,1431,0.9452562686437409,4.152692713994578e-06,0.0546935104397886,4.606822375672863e-05,25,10,20
34,1432,0.9460901717985725,4.151053045949865e-06,0.0538596311345747,4.604601380706428e-05,25,10,20
34,1433,0.9346833513801431,4.151828238152705e-06,0.06526641472356831,4.6082068050896885e-05,25,10,20
34,1434,0.9373278020145238,4.148893797085953e-06,0.06262173139553012,4.631769614927067e-05,25,10,20
34,1435,0.937332818863715,4.14889462722447e-06,0.0626167145359178,4.631770574040992e-05,25,10,20
34,1436,0.9372744887649873,4.148821487386885e-06,0.06267505083653677,4.6311576988887256e-05,25,10,20
34,1437,0.9142843045574994,4.258833122195287e-06,0.08566451126974674,4.692533963102012e-05,25,10,20
34,1438,0.9026615275044128,4.269499216902486e-06,0.09728540991361041,4.8793082759370116e-05,25,10,20
34,1439,0.9046729917648761,4.2756240098170824e-07,0.09527778381635148,4.8796856370581e-05,25,10,20
34,1440,0.9048646224741722,4.2738331611697156e-07,0.095086207223551,4.874291896007805e-05,25,10,20
34,1441,0.9059707969605024,4.0717229079361996e-07,0.09398016991511468,4.862595209123707e-05,25,10,20
34,1442,0.9209743479552439,3.767951729742014e-07,0.0789716489417388,5.362630784385333e-05,25,10,20
34,1443,0.9205561139127901,3.7283453211176876e-07,0.07938986371252214,5.364954015512097e-05,25,10,20
34,1444,0.920605899003356,3.7067280151785516e-07,0.07934036252453942,5.336779930270147e-05,25,10,20
34,1445,0.9318305075612416,3.7243727738415563e-07,0.06808835982745859,8.076017402198819e-05,25,10,20
34,1446,0.9324991860806588,4.068856172790793e-07,0.06741974948444274,8.06575492808082e-05,25,10,20
34,1447,0.9270246666540833,4.954577489580245e-07,0.0728939654001723,8.08724879949494e-05,25,10,20
34,1448,0.9259376167706671,4.929658052735514e-07,0.073980965377069,8.092488645820827e-05,25,10,20
34,1449,0.8908247487654962,4.935172020449865e-07,0.1090937492573511,8.100845995015557e-05,25,10,20
34,1450,0.8909505870230519,4.920132888094995e-07,0.10896793096879723,8.098999486134837e-05,25,10,20
34,1451,0.9259370606470475,5.04049893963664e-07,0.073981502748251,8.093255480737439e-05,25,10,20
34,1452,0.926163040651934,5.035744326986381e-07,0.07375555129611465,8.090447751872372e-05,25,10,20
34,1453,0.9255143880076042,6.387463143361454e-07,0.07440404089621967,8.09323498618009e-05,25,10,20
34,1454,0.923318670733577,6.622182362553341e-07,0.07659937542672621,8.129162146062822e-05,25,10,20
34,1455,0.9082710861344886,5.270587441319535e-07,0.09164701231561537,8.137449115200752e-05,25,10,20
34,1456,0.9019473701942192,5.886585688521788e-07,0.09797101722846659,8.102391874484718e-05,25,10,20
34,1457,0.8928696782883935,1.0165666485606359e-05,0.10704398264524592,7.617339987442721e-05,25,10,20
34,1458,0.8929299847319233,1.0165445545193398e-05,0.1069839593860935,7.589043643791709e-05,25,10,20
34,1459,0.8806291403938473,1.0761107078213478e-05,0.11928478952707489,7.530897199903096e-05,25,10,20
34,1460,0.8815608098804462,1.076019212884103e-05,0.11835300857806223,7.542134936215982e-05,25,10,20
34,1461,0.8816113036936214,1.0760243236069558e-05,0.11830250976917318,7.542629396875547e-05,25,10,20
34,1462,0.8900409154002251,1.0675249787600743e-05,0.10987298690928535,7.542244070117852e-05,25,10,20
34,1463,0.8901131296858361,1.0665948665129768e-05,0.10980080011248558,7.540425301249104e-05,25,10,20
34,1464,0.8907335160514637,1.05071309586248e-05,0.1092207732796095,3.520353796743438e-05,25,10,20
34,1465,0.9023158282455768,1.0532763820736309e-05,0.09763996289726268,3.367609333919837e-05,25,10,20
34,1466,0.901405012488722,1.0533935451284512e-05,0.09855067862951784,3.377494630835243e-05,25,10,20
34,1467,0.8858475543242891,1.1382062868011892e-05,0.11406908459725934,7.19790155832384e-05,25,10,20
34,1468,0.8944136050272583,1.1403036636515247e-05,0.10550063446232681,7.435747377840912e-05,25,10,20
34,1469,0.8787967012323423,1.1711011165264192e-05,0.12111720301846854,7.438473802335643e-05,25,10,20
34,1470,0.8776492959151138,1.1708687078656143e-05,0.12224899876412523,8.999663368194068e-05,25,10,20
34,1471,0.9129278268666166,1.1003018773266519e-05,0.08697119971375232,8.997040085798197e-05,25,10,20
34,1472,0.9133654919131132,1.1008811284346435e-05,0.08644662168873853,0.00017687758686403592,25,10,20
34,1473,0.9132662720970753,1.1008343535648484e-05,0.08654586521168857,0.00017685434770049695,25,10,20
34,1474,0.9263733284146641,1.022092899731129e-05,0.07347772464601021,0.0001387260103280515,25,10,20
34,1475,0.9222302530108708,1.0453939914002266e-05,0.07761944754880107,0.00013984550041406957,25,10,20
34,1476,0.922198824469081,1.0454513367058441e-05,0.07765077548743261,0.00013994553011908016,25,10,20
34,1477,0.920117055748764,1.0512164863896044e-05,0.07973212471809984,0.00014030736827211796,25,10,20
34,1478,0.9220740303754128,1.046024771603689e-05,0.07777554575122791,0.00013996362564309823,25,10,20
34,1479,0.9228538479181819,1.051213091278114e-05,0.07699471952339437,0.00014092042751091217,25,10,20
34,1480,0.9013203974987245,1.0308911299536087e-05,0.09852740875438576,0.0001418848355899555,25,10,20
34,1481,0.9068916048179197,1.0221507280680789e-05,0.09295642997130495,0.00014174370349411542,25,10,20
34,1482,0.9069998515398343,1.0168438675421095e-05,0.09284928398537358,0.00014069603611614078,25,10,20
34,1483,0.9069006968501674,1.0142971613275735e-05,0.09294678509312997,0.00014237508508898155,25,10,20
34,1484,0.9071456355334265,1.0108551771340607e-05,0.09270204267313133,0.00014221324167048267,25,10,20
34,1485,0.9155739477156745,1.0085062612022969e-05,0.08427120161103717,0.00014476561067591323,25,10,20
34,1486,0.9147721050629629,1.0084350901319317e-05,0.08507303825122504,0.0001447723349105194,25,10,20
34,1487,0.9398340750094877,1.029906026132467e-05,0.060012037214386395,0.00014358871586427603,25,10,20
34,1488,0.9400601064431972,1.028845053781379e-05,0.0597885503943347,0.00014105471192996978,25,10,20
34,1489,0.9401092825411494,1.0287933388113197e-05,0.05973946945384204,0.0001409600716201927,25,10,20
34,1490,0.9370951026354678,1.028720353958758e-05,0.06276927997378982,0.00012533018720269236,25,10,20
34,1491,0.9361728016680465,1.0044391433450585e-05,0.06369271445914303,0.00012443948137690793,25,10,20
34,1492,0.9353650904400389,1.0075675497654371e-05,0.0645003793312894,0.0001244545531740675,25,10,20
34,1493,0.9377901640289528,1.0015029435092477e-05,0.06207544292181894,0.00012437801979305366,25,10,20
34,1494,0.9379365183620237,1.0014955495654741e-05,0.0619289380085952,0.00012452867388526294,25,10,20
34,1495,0.9381218932916583,1.0011506147894328e-05,0.06174358911082458,0.0001245060913690378,25,10,20
34,1496,0.9381086359104627,1.0011649014449252e-05,0.06175683181033318,0.00012452063018942105,25,10,20
34,1497,0.9445993645755819,1.0000449760174998e-05,0.05526768611612819,0.00012294885852979216,25,10,20
34,1498,0.9409660015402886,1.0099960906035103e-05,0.058987430398561615,3.6468100243709645e-05,25,10,20
34,1499,0.9409371495325577,1.0100302007565762e-05,0.059016279227894645,3.64709375401399e-05,25,10,20
34,1500,0.940185668302263,1.0100060703910714e-05,0.059767763189778604,3.6468447254546275e-05,25,10,20
34,1501,0.9404388547224057,1.0098471265391142e-05,0.05954199269467663,9.05411165241685e-06,25,10,20
34,1502,0.9561138892148229,9.789918849463092e-06,0.04386730205546956,9.018810858288065e-06,25,10,20
34,1503,0.9513250415809398,9.795693863826396e-06,0.04865614189128107,9.02083391541975e-06,25,10,20
34,1504,0.9486297599917655,1.1977766982630563e-05,0.051350859955346405,7.4022859056031225e-06,25,10,20
34,1505,0.9528629041035777,1.1964107848201257e-05,0.04711795392353935,7.177865034959272e-06,25,10,20
34,1506,0.9543691287382707,1.1962620876054784e-05,0.0456117385606418,7.170080211589673e-06,25,10,20
34,1507,0.9551751728183067,1.1962331809290247e-05,0.0448056749383201,7.1899115641281175e-06,25,10,20
34,1508,0.9451683983200106,1.1999772896140392e-05,0.054812400330292534,7.201576800851696e-06,25,10,20
34,1509,0.9377050189224362,1.1995391916271302e-05,0.062275279617966986,7.706067680912878e-06,25,10,20
34,1510,0.9385156297796641,1.2003825345952401e-05,0.06146467821351073,7.688181479383042e-06,25,10,20
34,1511,0.9387846466619888,1.2003706928845884e-05,0.06119566690441078,7.682726671789682e-06,25,10,20
34,1512,0.938372094371577,1.203994313251542e-05,0.061607024722573164,8.840962717629013e-06,25,10,20
34,1513,0.9262987657232241,1.204001599362139e-05,0.07368036652866775,8.827732114710642e-06,25,10,20
34,1514,0.9220036429287174,1.2065894010208285e-05,0.07797525960078874,9.031576483558205e-06,25,10,20
34,1515,0.9220299994030657,1.2065714090412451e-05,0.07794890499831009,9.029884533722144e-06,25,10,20
34,1516,0.9219000526251669,1.2066519096296275e-05,0.07807877017659423,9.110679142564317e-06,25,10,20
34,1517,0.9219364245032728,1.206654509205403e-05,0.07804191094264272,9.59800899235017e-06,25,10,20
34,1518,0.9246913395619885,9.892905880937984e-06,0.0752894622879655,9.305244165171468e-06,25,10,20
34,1519,0.925251644423789,9.924961332638113e-06,0.0747293205894617,9.110025416608345e-06,25,10,20
34,1520,0.9244212563255936,9.892666205677829e-06,0.07553736860717492,3.148240102591797e-05,25,10,20
34,1521,0.9244479376352279,9.892656944928339e-06,0.07551084381350603,3.132589432115887e-05,25,10,20
34,1522,0.9286828064717638,9.787302347760761e-06,0.0712767255583746,3.068066751394934e-05,25,10,20
34,1523,0.9278414068999331,9.867222883481364e-06,0.07211786029927776,3.086557790576042e-05,25,10,20
34,1524,0.9371954212213468,2.879937911336661e-07,0.0627736130776403,3.067770722180777e-05,25,10,20
34,1525,0.9371452546431449,3.122195977401687e-07,0.06282369454531399,3.073859194338989e-05,25,10,20
34,1526,0.9482490033342743,3.125018748745371e-07,0.051719939763216406,3.0744400634908104e-05,25,10,20
34,1527,0.9517914375916964,2.9654534729715906e-07,0.04817723008996094,3.103577299598454e-05,25,10,20
34,1528,0.951868485943721,2.941530895706058e-07,0.0480999829116539,3.123699153586887e-05,25,10,20
34,1529,0.9496169390536431,4.377563174305729e-07,0.05034921723060111,3.340595943857304e-05,25,10,20
34,1530,0.9491683597153433,4.326194859585692e-07,0.050820184458642566,1.1023206528296404e-05,25,10,20
34,1531,0.9496619420131005,3.529866925736265e-07,0.05032686085165807,1.0844148549071613e-05,25,10,20
34,1532,0.9411876233995327,4.6254365808209326e-07,0.05877260045100732,3.9313605802035145e-05,25,10,20
34,1533,0.9414422446801697,4.259126113404774e-07,0.05851893971809008,3.8389689128938946e-05,25,10,20
34,1534,0.9524195263505354,4.2715161890424754e-07,0.047541657696638116,3.8388801208074725e-05,25,10,20
34,1535,0.9523895879306287,4.295499681040189e-07,0.04757185248704828,3.8130032355500877e-05,25,10,20
34,1536,0.9525487744052995,4.295407537338187e-07,0.04741266329375475,3.8132760192347554e-05,25,10,20
34,1537,0.9527755160136135,4.3241094178283607e-07,0.047186159987600985,3.789158784408113e-05,25,10,20
34,1538,0.9574313668832568,4.266223831440588e-07,0.04253031648818667,3.7890006173512695e-05,25,10,20
34,1539,0.9574052266944206,4.2772908523017066e-07,0.042557014618769644,3.733095772476275e-05,25,10,20
34,1540,0.9567061142600576,4.3318402695817395e-07,0.04325202323831955,4.142931759607303e-05,25,10,20
34,1541,0.9566408131067018,4.335306627971665e-07,0.043317315636228766,4.143772640678518e-05,25,10,20
34,1542,0.9561660285555917,4.1383053347853917e-07,0.04379046231887947,4.3095294995503475e-05,25,10,20
34,1543,0.954542110135861,4.3608757665091176e-07,0.04541436512914342,4.3088647419155245e-05,25,10,20
34,1544,0.9545622350367126,4.356878291047063e-07,0.04539429721701018,4.3032058448524236e-05,25,10,20
34,1545,0.9549100233853318,4.353987078038923e-07,0.045046515027204526,4.302618875609674e-05,25,10,20
34,1546,0.9593338593190195,2.969243639126545e-07,0.040625016768868705,4.082698774833993e-05,25,10,20
34,1547,0.9602480748875669,2.727103482369237e-07,0.03971082769150196,4.082471058327507e-05,25,10,20
34,1548,0.9625738032187526,2.744025949613554e-07,0.03738490183616214,4.102054249068853e-05,25,10,20
34,1549,0.9706282457898212,2.690318124393103e-07,0.029331877474772332,3.9607703594389364e-05,25,10,20
34,1550,0.9713553943764094,2.6911059716237325e-07,0.02860472500057344,3.961151242023837e-05,25,10,20
34,1551,0.9714777154672899,2.661991349361682e-07,0.02848241311528947,3.9605218286083014e-05,25,10,20
34,1552,0.9720307099219769,2.660484057120132e-07,0.027929381711006403,3.964231861133871e-05,25,10,20
34,1553,0.9718008310227675,3.5198056633242744e-07,0.028158946417386744,3.9870579279790534e-05,25,10,20
34,1554,0.9662236320804054,5.077878498629097e-07,0.03373602238047827,3.9837751267204044e-05,25,10,20
34,1555,0.9660691148484482,4.2951740735331424e-07,0.03389081928814395,3.963634600122179e-05,25,10,20
34,1556,0.9750359806858026,3.199723924686273e-07,0.024952526955915502,1.1172385889825291e-05,25,10,20
34,1557,0.970721599606091,0.0001688564358978438,0.02909830679519565,1.1237162815999257e-05,25,10,20
34,1558,0.9698192442770366,0.00016885202563820726,0.030000687810185483,1.1215887140160907e-05,25,10,20
34,1559,0.9660950343256876,0.00016885414613712304,0.03372488373933183,1.122778884397275e-05,25,10,20
34,1560,0.9658406456936943,0.00016885542321483496,0.033979249963358465,1.1248919732853191e-05,25,10,20
34,1561,0.9658121603211964,0.0001688581799686462,0.034007719141999106,1.1262356836226368e-05,25,10,20
34,1562,0.9751728789605272,0.00016883907535875968,0.024651139132580137,7.142831534236806e-06,25,10,20
34,1563,0.97344274966963,0.00016886023946117643,0.026382928288927722,5.4618019813575625e-06,25,10,20
34,1564,0.972519012247531,0.00016886511346567054,0.027306577977177598,5.544661825973753e-06,25,10,20
34,1565,0.9724666186221954,0.00016886470136211657,0.027358946828902928,5.569847539894769e-06,25,10,20
34,1566,0.9725902648547929,0.00016883210782261517,0.027235484443959967,5.418593424812793e-06,25,10,20
34,1567,0.9728841508363881,0.00016882462508535634,0.026940876394824297,6.148143702435202e-06,25,10,20
34,1568,0.9715789769740276,0.00016882487461675625,0.028246017487292316,6.180664063598938e-06,25,10,20
34,1569,0.9728212140418485,0.00016882271058633045,0.027003683615645757,6.2796319197033095e-06,25,10,20
34,1570,0.9713942029149853,0.00016889144341636765,0.027939023609561957,0.0004978820320365898,25,10,20
34,1571,0.9713897555930788,0.000168891458887922,0.02794347103977947,0.0004978819082540445,25,10,20
34,1572,0.9708471672796632,0.00016889287399035448,0.028486070693241414,0.0004978691531052027,25,10,20
34,1573,0.9748588638527945,3.734467714756585e-07,0.024642947990586923,0.0004978147098472445,25,10,20
34,1574,0.9747456904557145,3.720681857417281e-07,0.024756068086974864,0.0004978693891252141,25,10,20
34,1575,0.977106994116153,3.508105943071443e-07,0.022394876287211454,0.0004977787860414744,25,10,20
34,1576,0.9675678039661474,3.7658842276457837e-07,0.03193397346709368,0.0004978459783363183,25,10,20
34,1577,0.9678749180815679,3.718358661411686e-07,0.031626774160652016,0.000497935921914284,25,10,20
34,1578,0.9680687720761145,3.1234500691723187e-07,0.031923923011086666,6.992567792347109e-06,25,10,20
34,1579,0.9685893447298777,3.041671037770042e-07,0.03140460256928272,5.748533736155508e-06,25,10,20
34,1580,0.9686591503027305,3.032210277955243e-07,0.03133488801302095,5.658463221108389e-06,25,10,20
34,1581,0.9687832916375883,3.0388967243910075e-07,0.031210778241053925,5.6262316861000045e-06,25,10,20
34,1582,0.9687423083407234,3.0406328258607076e-07,0.03125167588262412,5.711713370568196e-06,25,10,20
34,1583,0.9633738248537397,3.0436560011993785e-07,0.03662013822571266,5.732554947728886e-06,25,10,20
34,1584,0.9639836793532893,2.999976305479627e-07,0.03599847098468015,1.754966440029703e-05,25,10,20
34,1585,0.9596996656407201,3.0453874065647783e-07,0.04028197951051421,1.805031002502979e-05,25,10,20
34,1586,0.9597592414278902,3.0415010003319435e-07,0.04022250765838385,1.7946763625955784e-05,25,10,20
34,1587,0.95895326407153,3.0099589782578396e-07,0.04102848354614781,1.7951386424273972e-05,25,10,20
34,1588,0.9591974175958611,3.0169398979162404e-07,0.04078434151885244,1.7939191296948922e-05,25,10,20
34,1589,0.9591846324369758,3.008061731508125e-07,0.040796836734437694,1.823002241346431e-05,25,10,20
34,1590,0.9610738526003327,3.200334873481995e-07,0.03890475416550396,2.1073200676362368e-05,25,10,20
34,1591,0.9616094804661093,3.1733709048729995e-07,0.038369092327636786,2.1109869163879308e-05,25,10,20
34,1592,0.9668759169581655,3.1707305005259177e-07,0.03310267765520848,2.108831357650141e-05,25,10,20
34,1593,0.9659257551075561,4.829385109370785e-07,0.034052253005539115,2.1508948394031885e-05,25,10,20
34,1594,0.9675194142389957,6.139343892473127e-07,0.032458497599450645,2.1474227164689808e-05,25,10,20
34,1595,0.9666645081891686,6.194836172730072e-07,0.033313481950805995,2.1390376408299542e-05,25,10,20
34,1596,0.9656513998146644,6.35762515361753e-07,0.034310079701604185,3.788472121621022e-05,25,10,20
34,1597,0.9671558303810633,6.313730918267746e-07,0.032805617410510475,3.792083533454406e-05,25,10,20
34,1598,0.9713998453741054,5.854135601398492e-07,0.028561263106288523,3.830610604613173e-05,25,10,20
34,1599,0.9717747296445133,5.793811523150051e-07,0.02818641850272211,3.8272471612606954e-05,25,10,20
34,1600,0.9726506477534747,5.792746379705823e-07,0.0273105214795755,3.825149231192635e-05,25,10,20
34,1601,0.9352705029867581,5.622691581320056e-07,0.06469069268976861,3.8242054315929607e-05,25,10,20
34,1602,0.903262403202774,0.0004874810562637674,0.09621187253443209,3.824320653022845e-05,25,10,20
34,1603,0.9044904153190747,0.00048747667046837454,0.09498431994057994,3.778806987696552e-05,25,10,20
34,1604,0.901547530835644,0.00048747960409193937,0.09760603622354584,0.00035895333671795475,25,10,20
34,1605,0.9017868843403127,0.0004874589222053204,0.09736974038510304,0.00035591635237848426,25,10,20
34,1606,0.907366553300192,0.00048727924471220283,0.09178982272507002,0.00035634473002541564,25,10,20
34,1607,0.9093943228322304,0.0004872926192146215,0.08976202614587586,0.00035635840267863775,25,10,20
34,1608,0.8868167769594234,0.0004873095656437052,0.1123395508880871,0.00035636258684498004,25,10,20
34,1609,0.8859915314690532,0.00048734642294022683,0.11316474158587406,0.0003563805221316551,25,10,20
34,1610,0.886193983981731,0.00048734595873975656,0.11296235691061701,0.0003563131489113654,25,10,20
34,1611,0.8815166148920746,0.0004873499114292439,0.11763966951055521,0.0003563656859401023,25,10,20
34,1612,0.8811964023498717,0.0004875247515000274,0.11795998791234377,0.000356084986283548,25,10,20
34,1613,0.8810351598782882,0.000487361321632539,0.11812142033073289,0.00035605846934550845,25,10,20
34,1614,0.8797518597706855,0.0004874520438753496,0.11940410368672516,0.00035658449871307416,25,10,20
34,1615,0.8766601804327686,0.000487452792206911,0.12249579500969174,0.00035657176533189906,25,10,20
34,1616,0.8765792687869778,0.0004874546605687167,0.1225766405289935,0.00035663602345910946,25,10,20
34,1617,0.8791032787111759,0.0004873515749271676,0.12005305338365915,0.0003563163302371506,25,10,20
34,1618,0.8798264898779145,0.0004873471243810222,0.11933035555518058,0.00035580744252347455,25,10,20
34,1619,0.8787685149404392,0.00048742636214749115,0.12038069876643165,0.0003633599309816066,25,10,20
34,1620,0.8786495905741919,0.00048742607463743323,0.12049998886280694,0.0003629944883637883,25,10,20
34,1621,0.8787005982342555,0.0004874126776500147,0.120449039626884,0.0003629494612105522,25,10,20
34,1622,0.8686901624577805,0.00048740923993621164,0.13078066040674666,4.176789553619848e-05,25,10,20
34,1623,0.868047917901471,0.00048740253949921034,0.13142298085749957,4.169870153008028e-05,25,10,20
34,1624,0.8810236624352598,0.000487402572781533,0.11844720006337166,4.173492858722842e-05,25,10,20
34,1625,0.9014433939035754,0.0004874255605913921,0.09802683708564366,4.2343450189269046e-05,25,10,20
34,1626,0.872041034130094,0.00048727318025863553,0.12740728431382242,6.440837582471594e-05,25,10,20
34,1627,0.8721167856691922,0.0004872733754976334,0.1273315356155308,6.440533977958988e-05,25,10,20
34,1628,0.8725322224635766,0.0004872730476488052,0.1269161266264596,6.43778623150864e-05,25,10,20
34,1629,0.8721609952482775,0.0004878012204427374,0.12728647618593492,6.472734534505337e-05,25,10,20
34,1630,0.8674786411870117,0.00048797237003258615,0.1319669795635829,6.640687937305285e-05,25,10,20
34,1631,0.8671482926310826,0.00048797291541646034,0.13229724560421208,6.648884928929146e-05,25,10,20
34,1632,0.8993657527521198,1.0538816195127598e-06,0.10056676516893777,6.642819732337964e-05,25,10,20
34,1633,0.8967949975088361,8.856595892605398e-07,0.1031394214336796,6.469539789570518e-05,25,10,20
34,1634,0.8963515824478218,8.848219790987106e-07,0.10358291986280876,6.461286739091105e-05,25,10,20
34,1635,0.8669381282372991,2.474845000513886e-06,0.13292062514566458,0.00013877177203629594,25,10,20
34,1636,0.8662856517679018,2.4819319476768232e-06,0.13358952483087394,0.0001223414692766606,25,10,20
34,1637,0.8681961098381702,2.3798207610885474e-06,0.13167970488550693,0.00012180545556154837,25,10,20
34,1638,0.8674746930481929,2.3781030838728696e-06,0.13240090607839444,0.00012202277032836351,25,10,20
34,1639,0.8566994702720855,3.562289977812962e-05,0.14314056657176896,0.0001243402563667807,25,10,20
34,1640,0.8565470182764217,3.509815726100942e-05,0.1432900107843914,0.00012787278192526635,25,10,20
34,1641,0.8606361779396146,3.5338912122248654e-05,0.13920024835653225,0.00012823479172991548,25,10,20
34,1642,0.8910102249223807,3.5285646362685195e-05,0.1088487419186236,0.00010574751263306351,25,10,20
34,1643,0.8910038661501999,3.528564543001131e-05,0.10885510069514977,0.00010574750922048582,25,10,20
34,1644,0.8914461152309029,3.528244266490951e-05,0.10841674016730363,0.00010186215912863573,25,10,20
34,1645,0.8914315486050968,3.528250948087089e-05,0.10843130607210644,0.00010186281331603574,25,10,20
34,1646,0.8900069249525511,3.67833241072723e-05,0.10984628236026149,0.00011000936308014117,25,10,20
34,1647,0.8586218401363755,3.82347347318901e-05,0.1412291517875738,0.00011077334131817357,25,10,20
34,1648,0.8585753729124425,3.823523115450571e-05,0.14127558636791446,0.00011080548848805675,25,10,20
34,1649,0.8595383575717602,3.819862345510126e-05,0.14031265024055664,0.00011079356422748859,25,10,20
34,1650,0.8626928513833451,3.819781901862581e-05,0.13715816225677363,0.00011078854086244071,25,10,20
34,1651,0.8663795218629329,3.819800195312362e-05,0.1334714796656327,0.00011080046948087461,25,10,20
34,1652,0.866655061230032,3.819557040070659e-05,0.1331959666652115,0.00011077653435540817,25,10,20
34,1653,0.8787770851016383,4.924686559820375e-06,0.12110960271138063,0.00010838750042100367,25,10,20
34,1654,0.8788311149684935,4.924355969982981e-06,0.12105557907498447,0.00010838160055163357,25,10,20
34,1655,0.87931312611643,4.9244245098298e-06,0.12057356877850949,0.00010838068055045913,25,10,20
34,1656,0.8599065948442685,4.695354652509465e-06,0.13997889811214706,0.00010981168893137024,25,10,20
34,1657,0.8634782452431473,4.695034036862887e-06,0.13640726288562185,0.00010979683719356792,25,10,20
34,1658,0.8622015336050911,4.751092468061217e-06,0.13768380166968577,0.00010991363275451678,25,10,20
34,1659,0.8632661170293235,4.672060236194801e-06,0.13662683094882072,0.00010237996161898826,25,10,20
34,1660,0.8632409306330375,4.671977530382993e-06,0.13665204279211113,0.00010235459732087728,25,10,20
34,1661,0.8633522801479622,4.670960192580749e-06,0.13655660502372016,8.644386812514601e-05,25,10,20
34,1662,0.8625811645946091,4.671915623419132e-06,0.13728904891558866,0.00012511457417878759,25,10,20
34,1663,0.8432873861115782,9.066321687239793e-06,0.15657793564609976,0.00012561192063420152,25,10,20
34,1664,0.8433847482111305,9.065983704833357e-06,0.15648061009530065,0.0001255757098634337,25,10,20
34,1665,0.8658398031431678,7.611802464870963e-06,0.1340277983831343,0.00012478667123308587,25,10,20
34,1666,0.8646352499379478,7.6256657836657075e-06,0.1352323275980166,0.00012479679825193573,25,10,20
34,1667,0.8544851086009903,7.639672890073665e-06,0.14538201724143632,0.0001252344846835943,25,10,20
34,1668,0.8697186666453081,7.640246047915339e-06,0.13014840671549952,0.0001252863931446747,25,10,20
34,1669,0.8673846942826412,7.640537408078313e-06,0.1324823577412511,0.0001253074386997115,25,10,20
34,1670,0.8719800732270943,1.0633729076825823e-05,0.12788417615210576,0.00012511689172334264,25,10,20
34,1671,0.871935656589072,1.0646012170293683e-05,0.12792878467597216,0.0001249127227858931,25,10,20
34,1672,0.8699734196340251,1.0680418277827179e-05,0.12989068633974404,0.00012521360795347022,25,10,20
34,1673,0.8697532127023987,1.0738319689112482e-05,0.1301108826821938,0.00012516629571839073,25,10,20
34,1674,0.8698503311437628,1.0751824616583412e-05,0.13001373140451783,0.00012518562710282932,25,10,20
34,1675,0.8939416614042606,9.1673966723932e-06,0.10599610467000034,5.3066529067447855e-05,25,10,20
34,1676,0.8953622941187414,9.161741963780308e-06,0.10457751266366679,5.10314756285015e-05,25,10,20
34,1677,0.8959910391882744,9.160698567083669e-06,0.10398663328348524,1.3166829673629606e-05,25,10,20
34,1678,0.8998100197007594,9.160736684309841e-06,0.10016765241816984,1.3167144386801825e-05,25,10,20
34,1679,0.889991151923285,9.161993075786817e-06,0.10998629332293203,1.3392760707366898e-05,25,10,20
34,1680,0.891088195893318,9.453910363663404e-06,0.10889699432622177,5.355870096767888e-06,25,10,20
34,1681,0.8932067451852573,9.413642527678884e-06,0.10677907730517487,4.763867040109496e-06,25,10,20
34,1682,0.8831656916566143,9.42015143996117e-06,0.11681923666437267,5.6515275727364135e-06,25,10,20
34,1683,0.8777735527216585,1.4610439730901698e-05,0.12220523604893066,6.600789679378506e-06,25,10,20
34,1684,0.8779802211285173,1.4610372857348528e-05,0.12199859080777625,6.577690848591995e-06,25,10,20
34,1685,0.878780369987283,1.4584471904970668e-05,0.12119856377380651,6.481767004820072e-06,25,10,20
34,1686,0.8851748341336247,9.393631989751186e-06,0.11481028806711917,5.484167266186414e-06,25,10,20
34,1687,0.8853577384362312,9.39347970069613e-06,0.11462738446913791,5.483614929948571e-06,25,10,20
34,1688,0.8853266728017114,9.393504423496895e-06,0.11465844834324596,5.485350618958955e-06,25,10,20
34,1689,0.8859064399067887,1.0597715371141114e-05,0.11407756035183621,5.402026003814685e-06,25,10,20
34,1690,0.885394647557728,1.0633285201734812e-05,0.11458789116514818,6.8279919219371135e-06,25,10,20
34,1691,0.885405047711709,1.0633265790364813e-05,0.11457749101747208,6.828005028456214e-06,25,10,20
34,1692,0.88787404198443,1.0589533966051093e-05,0.11210869090771046,6.677573893390785e-06,25,10,20
34,1693,0.8877850167081454,1.0591499839920797e-05,0.11219850071861981,5.8910733949072825e-06,25,10,20
34,1694,0.886641880904628,1.0608576745553492e-05,0.11334161926090973,5.891257716488301e-06,25,10,20
34,1695,0.8853443804891029,1.0553888592304786e-05,0.11463887377450276,6.191847801826954e-06,25,10,20
34,1696,0.9042384668748538,6.15978130044086e-06,0.09574957112527245,5.80221857320036e-06,25,10,20
34,1697,0.9040817247967012,6.16699707688488e-06,0.09590627528187314,5.832924348602691e-06,25,10,20
34,1698,0.9095501212117253,3.1594905685783986e-06,0.09044113539238667,5.583905319653886e-06,25,10,20
34,1699,0.9095393848874082,3.166440692119488e-06,0.09045185715691229,5.591514987480276e-06,25,10,20
34,1700,0.9086634394832481,3.3573347968015134e-06,0.09132753459114724,5.6685908079078495e-06,25,10,20
34,1701,0.9090157568835774,3.3721437907217277e-06,0.09096924962124539,1.1621351386453464e-05,25,10,20
34,1702,0.9082111405998667,3.378618755139912e-06,0.09177362125172003,1.1859529657905513e-05,25,10,20
34,1703,0.9083541256245968,3.378128239065612e-06,0.09163065963796636,1.1836609197513254e-05,25,10,20
34,1704,0.8955865525408235,3.386455697667978e-06,0.10439819492750597,1.1866075972651946e-05,25,10,20
34,1705,0.8974906413340272,3.3856602302043547e-06,0.10249417390421024,1.1799101532080778e-05,25,10,20
34,1706,0.8969252484917787,3.3798516223974254e-06,0.10304750814606717,2.3863510531540286e-05,25,10,20
34,1707,0.9340732957398786,3.3792686310128785e-06,0.06589944316232625,2.3881829164170474e-05,25,10,20
34,1708,0.9345258842105018,3.378850024336267e-06,0.06544717992281356,2.3557016660271942e-05,25,10,20
34,1709,0.9356425430096641,3.354802843345888e-06,0.06433055238845692,2.3549799035664207e-05,25,10,20
34,1710,0.9357053470254572,3.3555456148662402e-06,0.06426775227905689,2.354514987132633e-05,25,10,20
34,1711,0.9350566352116858,3.396285980683482e-06,0.06491640323398334,2.3565268350288566e-05,25,10,20
34,1712,0.9347716512822926,3.3987541541627196e-06,0.0652011220632278,2.3827900325568632e-05,25,10,20
34,1713,0.9352420795522136,3.208191314896578e-06,0.06473093673545628,2.377552101533616e-05,25,10,20
34,1714,0.9338045973382105,3.207884648183914e-06,0.06616853143821871,2.366333892282484e-05,25,10,20
34,1715,0.9336821214697815,3.2079473910561747e-06,0.06629100706089516,2.3663521932500657e-05,25,10,20
34,1716,0.9335697149301398,3.2083106133877976e-06,0.06640340745811468,2.3669301132367692e-05,25,10,20
34,1717,0.932948216920889,3.2153335516063407e-06,0.06698303347086243,6.5534274697385e-05,25,10,20
34,1718,0.9331071584754015,3.208116965482078e-06,0.06682414008098685,6.549332664652896e-05,25,10,20
34,1719,0.9330644012188768,3.2166982582614027e-06,0.06686680962162037,6.557246124481022e-05,25,10,20
34,1720,0.9447536893276528,3.246649801442913e-06,0.055162062110146994,8.100191239873326e-05,25,10,20
34,1721,0.9433560641487204,3.2476438601829188e-06,0.05655968646557229,8.100174184720291e-05,25,10,20
34,1722,0.9299022005328369,3.2471232334537387e-06,0.07001353761762685,8.101472630280928e-05,25,10,20
34,1723,0.9396230730736272,3.243160225195163e-06,0.06029334940809667,8.03343580512294e-05,25,10,20
34,1724,0.9434428361891913,3.2423742959443453e-06,0.05648590116972328,6.802026678957459e-05,25,10,20
34,1725,0.9356881041553377,3.4244216018138438e-06,0.06424185516999908,6.66162530618431e-05,25,10,20
34,1726,0.9356137201429323,3.4281932737796046e-06,0.06431622799781805,6.662366597639686e-05,25,10,20
34,1727,0.9355809625643219,3.428370590174271e-06,0.06434874131412317,6.686775096519942e-05,25,10,20
34,1728,0.9447965778602669,3.5526532103177494e-06,0.05513322002359938,6.66494629239413e-05,25,10,20
34,1729,0.9453301338822271,3.548134564745982e-06,0.05459981997450924,6.649800869927593e-05,25,10,20
34,1730,0.944321789634542,3.581868652762813e-06,0.055598185025658366,7.644347114724263e-05,25,10,20
34,1731,0.9269898104184925,4.111143722594235e-06,0.07297108325724645,3.4995180539295725e-05,25,10,20
34,1732,0.9277722825764982,4.111427676205842e-06,0.07218856033087526,3.504566495117997e-05,25,10,20
34,1733,0.9277798482401641,4.112518905725491e-06,0.07218099183560162,3.504740532927752e-05,25,10,20
34,1734,0.9281871812954438,4.1121636395518395e-06,0.07177368407564216,3.5022465275230464e-05,25,10,20
34,1735,0.9281109351866823,4.113055421765472e-06,0.07184856569067193,3.638606722475416e-05,25,10,20
34,1736,0.9279349423491072,4.114667675748726e-06,0.0720245318415843,3.6411141633417526e-05,25,10,20
34,1737,0.9279380949823074,4.113538196078444e-06,0.07202138527552679,3.6406203970441316e-05,25,10,20
34,1738,0.9183458696615407,6.259890146360655e-06,0.08160259269087708,4.52777574364381e-05,25,10,20
34,1739,0.918425843115221,6.259648807545677e-06,0.0815222987382747,4.559849769726522e-05,25,10,20
34,1740,0.8996118710754004,6.83030025666903e-05,0.10026777059487113,5.2055327162009495e-05,25,10,20
34,1741,0.8989723699952761,6.830094961533162e-05,0.10090325442612967,5.607462897913855e-05,25,10,20
34,1742,0.8992277249360447,6.829765439926724e-05,0.10064817624824134,5.580116131491293e-05,25,10,20
34,1743,0.908686582957938,6.615126652574207e-05,0.09120150634517053,4.575943036578898e-05,25,10,20
34,1744,0.8893036546405169,0.00015921145700835475,0.11007030660050743,0.0004668273019666724,25,10,20
34,1745,0.8885512440794803,0.00015926900135996826,0.11082282699020686,0.00046665992895215627,25,10,20
34,1746,0.8880554271803134,0.00015926900010493808,0.11131855600382229,0.00046674781575861425,25,10,20
34,1747,0.9064871810020766,9.672800621988217e-05,0.09295611645995777,0.00045997453174522943,25,10,20
34,1748,0.9029095221817633,9.673049416945276e-05,0.09653376472656947,0.00045998259749716367,25,10,20
34,1749,0.9030952337705141,9.673150959403649e-05,0.09634810159456228,0.0004599331253289265,25,10,20
34,1750,0.8951518100896674,9.692233689905167e-05,0.10426575858330883,0.0004855089901234244,25,10,20
34,1751,0.8950714293522679,9.692106446935533e-05,0.10434613567626559,0.00048551390699588657,25,10,20
34,1752,0.913761401278379,9.68823563799103e-05,0.08565628923941128,0.0004854271258293992,25,10,20
34,1753,0.9216238125372134,9.66722289610524e-05,0.07779397513094044,0.0004855401028850555,25,10,20
34,1754,0.9292215418428657,9.648143578538628e-05,0.0702046128278291,0.0004773638935197845,25,10,20
34,1755,0.9293334418650617,9.648133070141113e-05,0.07009271610918585,0.00047736069505099,25,10,20
34,1756,0.930840715993345,9.468098495374818e-05,0.0685874499335045,0.00047715308819701416,25,10,20
34,1757,0.9274350353166381,9.467998373877598e-05,0.07199317106340014,0.0004771136362230217,25,10,20
34,1758,0.928718491474413,9.464479463316799e-05,0.07071975259608093,0.0004671111348730443,25,10,20
34,1759,0.9336736993781574,9.464132908864885e-05,0.06576455654206441,0.0004671027506896726,25,10,20
34,1760,0.933023337614234,1.543418710132397e-06,0.06694456784379704,3.055112325900011e-05,25,10,20
34,1761,0.9326725037382698,1.487897310209876e-06,0.06729560518376933,3.0403180650614175e-05,25,10,20
34,1762,0.9324426085459651,1.4898166647490774e-06,0.06752567249238137,3.022914498880633e-05,25,10,20
34,1763,0.9321574989195256,1.4900052767840088e-06,0.06781076520403158,3.0245871166113747e-05,25,10,20
34,1764,0.920864624634575,1.4885716803160847e-06,0.07910351051453102,3.037627921382284e-05,25,10,20
34,1765,0.9154954378666847,1.6991439682700148e-06,0.08447240462763862,3.0458361708084314e-05,25,10,20
34,1766,0.9289511501822606,1.701283336145197e-06,0.07101672553973096,3.0422994672265968e-05,25,10,20
34,1767,0.9288041040990715,1.7041651209603666e-06,0.0711635833938872,3.060834192071597e-05,25,10,20
34,1768,0.9288500797303628,1.988280471136532e-06,0.07111730293472016,3.0629054446486214e-05,25,10,20
34,1769,0.9290158808897349,1.992336663010582e-06,0.07095145693813126,3.06698354713601e-05,25,10,20
34,1770,0.9282427359460784,1.9966537453315483e-06,0.07172436303751209,3.09043626644144e-05,25,10,20
34,1771,0.9282831368241762,1.9945735109718803e-06,0.07168396965358215,3.089894873104527e-05,25,10,20
34,1772,0.9284258990233618,1.9955828804115015e-06,0.07154120816161287,3.089723214485768e-05,25,10,20
34,1773,0.9403050782711858,1.9891956780527275e-06,0.05966220711722969,3.07254159062473e-05,25,10,20
34,1774,0.9400258806499159,1.989213188733511e-06,0.05994140522267208,3.072491422328604e-05,25,10,20
34,1775,0.94076249702973,1.9896323501980607e-06,0.05920480545364121,3.070788427843015e-05,25,10,20
34,1776,0.9410644797359532,1.9846885019298244e-06,0.05890306837383572,3.0467201709024495e-05,25,10,20
34,1777,0.9420592803690215,1.6985220960758705e-06,0.057908578721970555,3.0442386911676713e-05,25,10,20
34,1778,0.9398408520442741,1.7441089025344935e-06,0.06012688986132462,3.0513985498570327e-05,25,10,20
34,1779,0.9272417065446864,2.4576225061333968e-06,0.07272531322946768,3.0522603339688035e-05,25,10,20
34,1780,0.9263623913316649,2.4586560334603378e-06,0.07360066881585722,3.44811964442792e-05,25,10,20
34,1781,0.926956542293469,1.1975119897872506e-06,0.07300777205502657,3.4488139514471535e-05,25,10,20
34,1782,0.9270448442229389,1.1938702826641042e-06,0.0729194797669598,3.4482139818820306e-05,25,10,20
34,1783,0.9277559754762846,1.1534903224669526e-06,0.07220840393183706,3.446710155603256e-05,25,10,20
34,1784,0.9269234187187481,1.1990135169486868e-06,0.07304477398850379,3.060827923143643e-05,25,10,20
34,1785,0.9261381401674457,1.19927372856403e-06,0.07382975630808597,3.0904250740030295e-05,25,10,20
34,1786,0.9257235203136053,1.201902624391276e-06,0.07424096707411278,3.431070965783253e-05,25,10,20
34,1787,0.9068482742522365,3.4153520494843944e-06,0.09298975477850982,0.00015855561720424645,25,10,20
34,1788,0.9052889603388543,3.4663236386897526e-06,0.09455189330936081,0.00015568002814639318,25,10,20
34,1789,0.905015778288613,3.4649303904281366e-06,0.09482509569715485,0.00015566108384206515,25,10,20
34,1790,0.9049264078023801,3.465002541161955e-06,0.09491445077795813,0.00015567641712105833,25,10,20
34,1791,0.9066126107914984,3.41719447009263e-06,0.09322839180975981,0.00015558020427202432,25,10,20
34,1792,0.902895760888399,3.445079480529072e-06,0.09694376324740249,0.00015703078471821278,25,10,20
34,1793,0.9031095634995726,3.4387411832448838e-06,0.09673016809261498,0.00015682966662926162,25,10,20
34,1794,0.9003854051208018,3.444710042946559e-06,0.09940220089756382,0.00020894927159157022,25,10,20
34,1795,0.8926315195521204,0.00014512071989767844,0.1070143642230304,0.0002089955049514762,25,10,20
34,1796,0.8932300616276367,0.0001449951783630785,0.10641594960755694,0.0002089935864433733,25,10,20
34,1797,0.8936106176962479,0.00014499502019595456,0.10603539870894563,0.0002089885746105401,25,10,20
34,1798,0.8870719404905032,0.00014389974632698653,0.11257490734776635,0.00020925241540360048,25,10,20
34,1799,0.8869660661343175,0.000143899736497664,0.11268078383734798,0.00020925029183692902,25,10,20
34,1800,0.8906181466814286,0.00014389974797782934,0.10902869677131864,0.0002092567992749614,25,10,20
34,1801,0.8948553383632847,0.00014386432066507127,0.10479312665030648,0.00020767066574366218,25,10,20
34,1802,0.9153751387369531,0.0001438658920994738,0.08427331557283985,0.00020767979810782674,25,10,20
34,1803,0.9149051048355568,0.00014386982353784193,0.08466803507136518,0.0002829902695402881,25,10,20
34,1804,0.915340105434667,0.00014386841758710098,0.0843083463700888,0.0002076797776571596,25,10,20
34,1805,0.9351239026350652,0.00014383866019460558,0.06453242267377007,0.00019983603097026382,25,10,20
34,1806,0.9357189064947502,0.00014383983809710717,0.06393696132832209,0.0002002923388308698,25,10,20
34,1807,0.9586663153099587,0.00014141579724833312,0.04110332119798086,8.894769481211714e-05,25,10,20
34,1808,0.9593190670983125,0.00014141345904150783,0.04045058145270332,8.893798994245526e-05,25,10,20
34,1809,0.959460259798259,0.0001414133472993304,0.04030963227039476,8.869458404664548e-05,25,10,20
34,1810,0.9509545156193078,0.00014141904807138096,0.04878758711107592,0.00011647822154445049,25,10,20
34,1811,0.9631267255428387,9.409289226381558e-07,0.03675613429951665,0.00011619922872149673,25,10,20
34,1812,0.9517017363452187,9.403048100928637e-07,0.04818112873204036,0.00011619461793034668,25,10,20
34,1813,0.9498182389666845,8.561530568404377e-07,0.05006027238795679,0.00012063249230171928,25,10,20
34,1814,0.9340028533457159,8.553655316042969e-07,0.06587640486583857,0.0001198864229134981,25,10,20
34,1815,0.9502930622033291,8.546959845258749e-07,0.04958620297763276,0.0001198801230531835,25,10,20
34,1816,0.9498078903809893,8.550748159306224e-07,0.050071373708380024,0.00011988083581440167,25,10,20
34,1817,0.9527529322167966,8.097719851824127e-07,0.04712649400574288,0.00011976400547512586,25,10,20
34,1818,0.9526874277809637,8.141882713751376e-07,0.047191976037071696,0.00011978199369263462,25,10,20
34,1819,0.9530738190141639,8.136876322747445e-07,0.04680558841981495,0.00011977887838835624,25,10,20
34,1820,0.9528189008533243,8.118472414556682e-07,0.04705964644287309,0.00012064085656042232,25,10,20
34,1821,0.9307471391223462,0.00019203313105095552,0.06894010546905413,0.00012072227754840779,25,10,20
34,1822,0.9310871110215838,0.00019203309444854958,0.06861754239812541,0.00010331348584174449,25,10,20
34,1823,0.9310386087907203,0.00019203568018848438,0.06866602525798492,0.00010333027110602354,25,10,20
34,1824,0.9305089158799672,0.00019203618953136294,0.06919571624428704,0.00010333168621418602,25,10,20
34,1825,0.9306897543416554,0.00019203724047654557,0.06901493355874325,0.00010327485912452533,25,10,20
34,1826,0.934697177492983,0.00019201864473624978,0.0650119981105251,9.880575175529968e-05,25,10,20
34,1827,0.9346311848090747,0.00019201694332366244,0.06507800094579258,9.879730180889707e-05,25,10,20
34,1828,0.934232584159547,0.00019202613424496167,0.06547596640306455,9.9423303143405e-05,25,10,20
34,1829,0.9341842695409278,0.00019202909187439484,0.06552387769119,9.98236760077794e-05,25,10,20
34,1830,0.9469088818547665,0.0001913154601059799,0.05279999646465037,9.980622047711351e-05,25,10,20
34,1831,0.9457465087446518,0.0001931746179660384,0.053960495595538366,9.982104184361065e-05,25,10,20
34,1832,0.9398943657419939,0.00019317416724641944,0.05981143801658601,0.00010102207417343127,25,10,20
34,1833,0.9396013043027834,0.00019318391735901382,0.06010448317214698,0.00010102860771026526,25,10,20
34,1834,0.9391792345800424,0.000193191808029074,0.060525375358885365,0.00010219825304283187,25,10,20
34,1835,0.9428620442007106,0.00019318562109570272,0.05689891976135942,4.5850416833907014e-05,25,10,20
34,1836,0.9428457880620007,0.00019318563598778323,0.056915179979785825,4.5846322225272284e-05,25,10,20
34,1837,0.9424724798932032,0.00019321239705467858,0.05728837276595103,4.593494379083226e-05,25,10,20
34,1838,0.9427473804004971,0.00019320298382959753,0.057014122586604474,4.5294029068488485e-05,25,10,20
34,1839,0.9427895700623433,0.00019320360175636652,0.05697190553611577,4.5320799783977055e-05,25,10,20
34,1840,0.9425111082945259,0.000193328093266211,0.0572502159103726,4.534770183481384e-05,25,10,20
34,1841,0.9330460416246692,0.00019572293673956548,0.0667128795015344,4.535593705632627e-05,25,10,20
34,1842,0.9334422590349465,0.00019559789060428261,0.06631681632938788,4.5326745060873294e-05,25,10,20
34,1843,0.9309333156920553,0.0001956039608195324,0.06882565405631372,4.542629081082899e-05,25,10,20
34,1844,0.930410742804525,0.00019560791632319968,0.06934821046160639,4.543881754496667e-05,25,10,20
34,1845,0.9289933610528942,0.0001958605164161109,0.07076482089464932,4.595753603989571e-05,25,10,20
34,1846,0.9290521708892614,0.00019585799924757,0.07070602579745879,4.5945314031799216e-05,25,10,20
34,1847,0.9271236964344561,0.0001961164877207513,0.07266201566625713,1.817141156545672e-05,25,10,20
34,1848,0.9246964816288781,0.00019609522219386593,0.07508909379398263,1.8329354944772738e-05,25,10,20
34,1849,0.9361861353483607,4.874865939992448e-06,0.06379074077852763,1.8249007171256838e-05,25,10,20
34,1850,0.9363219556982486,4.874393019765817e-06,0.06365498114186727,1.81887668640389e-05,25,10,20
34,1851,0.9359842502664665,4.888200558489234e-06,0.06399171243073133,1.9149102243342433e-05,25,10,20
34,1852,0.9299645858501293,4.888057867611089e-06,0.07000920654958119,2.131954242134755e-05,25,10,20
34,1853,0.9407449847410434,4.621173875843291e-06,0.05922909843895123,2.1295646129380514e-05,25,10,20
34,1854,0.9409048673411121,4.607211436170867e-06,0.059070200440439355,2.0325007012340608e-05,25,10,20
34,1855,0.9293293464088166,4.61472020214194e-06,0.07064567370367594,2.0365167304999396e-05,25,10,20
34,1856,0.9185992563095696,4.617212151219297e-06,0.08134516642995004,5.096004832881573e-05,25,10,20
34,1857,0.9186246022624104,4.618774056252323e-06,0.0813196441529119,5.113481062128121e-05,25,10,20
34,1858,0.9205509533928741,4.565220877771145e-06,0.07939388253347938,5.059885276892843e-05,25,10,20
34,1859,0.920620947904515,4.565071606788088e-06,0.07932388810459602,5.059891928234144e-05,25,10,20
34,1860,0.919373327088714,4.565159427829624e-06,0.0805714490043591,5.065874749925487e-05,25,10,20
34,1861,0.9204689331357869,4.562416251422344e-06,0.07947559731770695,5.09071302548176e-05,25,10,20
34,1862,0.9105007836605629,4.672782759135163e-06,0.08944414837949374,5.039517718428958e-05,25,10,20
34,1863,0.9016794384203527,4.686092200061721e-06,0.09826383218551124,5.204330193559471e-05,25,10,20
34,1864,0.9016312788711076,4.688525072842522e-06,0.09831192970006761,5.210290375146074e-05,25,10,20
34,1865,0.9016905355828733,4.683905742255872e-06,0.09825388430808235,5.089620330192898e-05,25,10,20
34,1866,0.9028956454434234,4.683877030645611e-06,0.09706175853687936,3.791214266659557e-05,25,10,20
34,1867,0.8985663041660231,8.394100504195787e-06,0.10138745300148766,3.7848731985279404e-05,25,10,20
34,1868,0.8985714709847389,8.394021286934515e-06,0.10138228992477895,3.784506919528708e-05,25,10,20
34,1869,0.899104396305018,8.387667733300445e-06,0.10085053082706037,3.668520018856202e-05,25,10,20
34,1870,0.8946114249940865,8.428760328599017e-06,0.10522810931533769,0.00015203693024753832,25,10,20
34,1871,0.8772761938695878,9.382634811349562e-06,0.12255949734994454,0.00015492614565711332,25,10,20
34,1872,0.8880800408315191,9.381377428198223e-06,0.11178624136127098,0.00012433642978240087,25,10,20
34,1873,0.8785746375022694,9.387780014094244e-06,0.12129164430988724,0.00012433040782996603,25,10,20
34,1874,0.8775450191204404,9.403632841256027e-06,0.12231309276350431,0.00013248448321469348,25,10,20
34,1875,0.8775609249755629,9.404126408373223e-06,0.12229716410932047,0.0001325067887088956,25,10,20
34,1876,0.8776595159985301,9.399613286978992e-06,0.12219859671146598,0.00013248767671735824,25,10,20
34,1877,0.8776379726945397,9.401692999709889e-06,0.12222012648776996,0.00013249912469116693,25,10,20
34,1878,0.883564154734337,7.017108903430447e-06,0.11629614883478177,0.00013267932197773055,25,10,20
34,1879,0.8862347798361365,7.013832715594395e-06,0.11362577329429904,0.00013243303684871646,25,10,20
34,1880,0.8749790360299421,7.014248714795533e-06,0.124881508863858,0.00013244085748492272,25,10,20
34,1881,0.8840012222199136,7.034676335181158e-06,0.11585946984994347,0.00013227325380737063,25,10,20
34,1882,0.8935067345032773,7.034330496751376e-06,0.10635297963719399,0.0001332515290316779,25,10,20
34,1883,0.8935196375349004,7.04223685118844e-06,0.10634003085953551,0.00013328936871258453,25,10,20
34,1884,0.8817044577778655,7.0480448748875635e-06,0.11815503363840893,0.00013346053885029434,25,10,20
34,1885,0.881800835884563,7.0475195495812005e-06,0.11805867841938024,0.00013343817650682797,25,10,20
34,1886,0.8817967200377395,7.0473250872687215e-06,0.11806279410116424,0.0001334385360085039,25,10,20
34,1887,0.8798602148153545,7.0864283846298165e-06,0.11999889935750438,0.00013379939875635385,25,10,20
34,1888,0.8776240522349836,7.103912349545458e-06,0.12193953182011437,0.0004293120325522587,25,10,20
34,1889,0.8798618442083251,7.084815429650621e-06,0.11999744953238167,0.0001336214438635729,25,10,20
34,1890,0.8798940888408431,7.085243182253922e-06,0.1199651361278703,0.000133689788104151,25,10,20
34,1891,0.8739932366558808,7.085375493203493e-06,0.12586543967063674,0.00013423829798905155,25,10,20
34,1892,0.8767315867928894,7.069557447549382e-06,0.12312721656307725,0.00013412708658575012,25,10,20
34,1893,0.8823480767193985,3.3593318962355216e-06,0.11751443045193502,0.00013413349677021279,25,10,20
34,1894,0.8637169408598814,0.0001270493150148724,0.1360225223489538,0.0001334874761502439,25,10,20
34,1895,0.8252508890446072,0.00012783137752064692,0.17448777825072412,0.00013350132714842885,25,10,20
34,1896,0.8371083438726984,0.00012746812565506607,0.1626306165256533,0.00013357147599345076,25,10,20
34,1897,0.8591172638341802,0.00012746839009658448,0.140621693010745,0.00013357476497912816,25,10,20
34,1898,0.859215166521292,0.00012746711612788677,0.14052379639627324,0.00013356996630770157,25,10,20
34,1899,0.8606271123640081,0.0001274425990722186,0.13911198096327934,0.00013346407364096542,25,10,20
34,1900,0.8610860947139268,0.00012742713672447581,0.1386610824495526,0.00012539569979699,25,10,20
34,1901,0.8728369290380364,0.00012742283685661764,0.12691042542022785,0.00012522270487926423,25,10,20
34,1902,0.8728281297298224,0.00012742184001150693,0.12691920452297661,0.00012524390718967202,25,10,20
34,1903,0.8727828153152717,0.00012742240672148546,0.12696451841254236,0.00012524386546469352,25,10,20
34,1904,0.8724711612278496,0.0001274208275696161,0.12727615817160268,0.00012525977297833747,25,10,20
34,1905,0.8816788286548026,0.00012742495748746947,0.11806844820516275,0.00012529818254723675,25,10,20
34,1906,0.8798107541364557,0.00012745966006054562,0.11992577568976691,0.0001360105137170049,25,10,20
34,1907,0.8790518501867406,0.00012747564311217866,0.12068466622108355,0.00013600794906373832,25,10,20
34,1908,0.8790480556949156,0.00012748733741009083,0.12068852601122321,0.00013593095645115217,25,10,20
34,1909,0.87909257276976,0.0001274867860034331,0.12064400791020223,0.00013593253403432616,25,10,20
34,1910,0.8779823916664483,0.00012749711773954442,0.12175404667973862,0.00013606453607336398,25,10,20
34,1911,0.8689283073678062,0.00012750394804073533,0.13080799078827882,0.00013619789587510922,25,10,20
34,1912,0.859111358698165,0.00013015564851355253,0.14062262488059935,0.00013586077272292166,25,10,20
34,1913,0.8449737317055075,0.00013016008698087407,0.15476122138386902,0.00013488682364323263,25,10,20
34,1914,0.8534559448896885,0.0001301514834387391,0.14628027825293285,0.00013362537394027364,25,10,20
34,1915,0.8507773960306224,0.0001301518858636433,0.14895775681314344,0.0001346952703709143,25,10,20
34,1916,0.8565845614380723,0.00013015174689856872,0.14315015902157344,0.00013512779345619224,25,10,20
34,1917,0.8530613288066407,0.00013015746721520584,0.1466732145984748,0.0001352991276697427,25,10,20
34,1918,0.8527318385329515,0.00013016311217922837,0.1470025271846242,0.0001354711702455093,25,10,20
34,1919,0.8526810349972336,0.000130166519840985,0.14705303077603193,0.0001357677068939461,25,10,20
34,1920,0.853145139834489,0.00013016074371663639,0.14659951386115153,0.0001251855606432114,25,10,20
34,1921,0.8529961042592078,0.00013016369309781266,0.14674845116591206,0.00012528088178299167,25,10,20
34,1922,0.8879342307520401,0.00012938596142689394,0.11181051547307953,0.0001258678134535964,25,10,20
34,1923,0.8875728699319159,0.0001293943931794165,0.11217188838219778,0.00012584729270714135,25,10,20
34,1924,0.8877718377232405,0.00012937314898534225,0.11197307521153257,0.0001257139162415975,25,10,20
34,1925,0.8934667579003203,0.00012676598294010974,0.10628066199647751,0.00012581412026199478,25,10,20
34,1926,0.9080999485695785,0.00012682567424418686,0.09164735677151203,0.00012586898466519032,25,10,20
34,1927,0.9330369380003267,3.135787489028666e-06,0.06683460751897762,0.00012531869320647223,25,10,20
34,1928,0.9320058747862545,3.144930628113502e-06,0.06786566527093381,0.0001253150121833941,25,10,20
34,1929,0.9351696364476413,3.1359821396211443e-06,0.06470182355339239,0.0001254040168264911,25,10,20
34,1930,0.9589012650729296,2.17820659060515e-06,0.04097622489919257,0.00012033182128686947,25,10,20
34,1931,0.95940837557465,2.1784694650364403e-06,0.04046918000334588,0.00012026595253871754,25,10,20
34,1932,0.9595018277965061,2.173727974712055e-06,0.040375681676941715,0.00012031679857709936,25,10,20
34,1933,0.9591856537499812,2.1936170103903498e-06,0.04069010343230246,0.00012204920070542897,25,10,20
34,1934,0.9638036893590884,2.152680048484529e-06,0.03618744474989889,6.7132109636877e-06,25,10,20
34,1935,0.9658483498093031,2.1766588170990917e-06,0.03413925797245216,1.0215559427221591e-05,25,10,20
34,1936,0.9661241945598588,2.1687266191735585e-06,0.033863423379142193,1.0213334379577623e-05,25,10,20
34,1937,0.9689079341607468,2.1677516072172073e-06,0.03108075597430005,9.142113345434099e-06,25,10,20
34,1938,0.9703490905505106,2.140284797542729e-06,0.02964372925209513,5.039912596161919e-06,25,10,20
34,1939,0.9712410898893035,2.1327136519594507e-06,0.028751735041386266,5.042355657895733e-06,25,10,20
34,1940,0.9740075276156027,2.0564098108987504e-06,0.025985497856200013,4.918118386042754e-06,25,10,20
34,1941,0.9736270240901004,2.1565897610076375e-06,0.026365748947531693,5.070372606663596e-06,25,10,20
34,1942,0.9625971222306069,2.1567158645296438e-06,0.03739564758305959,5.0734704684963366e-06,25,10,20
34,1943,0.9728171174058174,2.4792716806989617e-06,0.027175282891978837,5.1204305227010685e-06,25,10,20
34,1944,0.9729086184545576,2.4771475994559836e-06,0.027083811144883743,5.09325295909221e-06,25,10,20
34,1945,0.9564224026294942,3.2192943866779224e-06,0.04356598053411394,8.397542004596477e-06,25,10,20
34,1946,0.9555532294975748,3.2190228482764083e-06,0.04443487138610459,8.680093471648358e-06,25,10,20
34,1947,0.955432088507829,3.2161831236255085e-06,0.044556050005561544,8.64530348499477e-06,25,10,20
34,1948,0.9557997545703597,3.1158994753217836e-06,0.044188555813548164,8.573716616176295e-06,25,10,20
34,1949,0.9572164490905669,3.0850394932097026e-06,0.04277201762788896,8.448242050118663e-06,25,10,20
34,1950,0.9565734771825879,3.0857299499057358e-06,0.04341470895902159,8.728128439884711e-06,25,10,20
34,1951,0.9569651593691273,3.077726566950436e-06,0.04302371724787415,8.045656430933117e-06,25,10,20
34,1952,0.9732274960622065,2.3279270898151647e-06,0.02676548412018823,4.691890514963167e-06,25,10,20
34,1953,0.9718890085663581,2.3133984507319485e-06,0.028103596195491232,5.081839699795824e-06,25,10,20
34,1954,0.9486929123471012,2.3761559654390896e-06,0.05086322922107713,0.00044148227585577555,25,10,20
34,1955,0.9480315031549936,2.3754212744462585e-06,0.051524481186262655,0.0004416402374687057,25,10,20
34,1956,0.9481118205045891,2.375205211010974e-06,0.05144416776932247,0.0004416365208770892,25,10,20
34,1957,0.9444146929081693,4.316794866442418e-06,0.05513855037288556,0.00044243992407847355,25,10,20
34,1958,0.949335174838141,2.311122378590875e-06,0.05022089250108084,0.0004416215383991553,25,10,20
34,1959,0.9500866846005718,2.3108549712248504e-06,0.04946954288172727,0.0004414616627292677,25,10,20
34,1960,0.9497593144629539,2.347565932757019e-06,0.04979687755857062,0.0004414604125423293,25,10,20
34,1961,0.9396169773442113,2.3542100180818615e-06,0.059939204054615,0.00044146439115546124,25,10,20
34,1962,0.939363728190095,3.19749051296405e-06,0.06019189339612963,0.0004411809232625858,25,10,20
34,1963,0.9398182210840731,3.199016462995694e-06,0.05973765070401571,0.0004409291954479648,25,10,20
34,1964,0.935249806977309,3.3602808306574856e-06,0.06430401071504108,0.00044282202681968053,25,10,20
34,1965,0.935263139638823,3.363088826489276e-06,0.06429075248802647,0.0004427447843243191,25,10,20
34,1966,0.9445987734366055,3.664406291093646e-06,0.05495479601062996,0.00044276614647339134,25,10,20
34,1967,0.9445005230503304,3.66515231554286e-06,0.05505309892597632,0.0004427128713776912,25,10,20
34,1968,0.9453182550214553,3.3587341572027596e-06,0.0542356883653789,0.0004426978790085669,25,10,20
34,1969,0.9438923215282701,3.3658703993015786e-06,0.05566081999961781,0.00044349260171279095,25,10,20
34,1970,0.9410742871613448,3.3957895133931102e-06,0.058076897456334944,0.0008454195928068965,25,10,20
34,1971,0.9432524279674199,3.407709004294694e-06,0.055898753857627506,0.0008454104659481786,25,10,20
34,1972,0.9434825834015715,3.406969541733182e-06,0.05566863286698272,0.0008453767619037765,25,10,20
34,1973,0.9479344798561735,3.248805294711472e-06,0.0512188168509301,0.0008434544876012906,25,10,20
34,1974,0.9447015809284703,3.2509148913881617e-06,0.05445158159070961,0.0008435865659284245,25,10,20
34,1975,0.9448521083838642,3.2270441539744455e-06,0.05430286818047967,0.0008417963915019274,25,10,20
34,1976,0.9450553582283756,3.2502677548721557e-06,0.05409961259398885,0.0008417789098806721,25,10,20
34,1977,0.9475668649702707,3.220455936865476e-06,0.05199005188550095,0.00043986268829160065,25,10,20
34,1978,0.9335925457870948,3.2681494561636475e-06,0.06596424640084521,0.00043993966260418775,25,10,20
34,1979,0.9343396142427358,3.2678750908924984e-06,0.06521745807006268,0.0004396598121110065,25,10,20
34,1980,0.9341083851279837,3.2674309775974368e-06,0.06544875650762584,0.0004395909334130542,25,10,20
34,1981,0.9340484596420285,3.2650611407090207e-06,0.0655087276802956,0.00043954761653513147,25,10,20
34,1982,0.9344433108417196,3.259136088866366e-06,0.06511431235978153,0.0004391176624098073,25,10,20
34,1983,0.9350644946444487,3.2581328722081283e-06,0.06449312948314354,0.00043911773953541776,25,10,20
34,1984,0.9299816735176475,3.3211163385978113e-06,0.06957562109610188,0.00043938426991198764,25,10,20
34,1985,0.9272035510448008,3.3211903202922472e-06,0.07235248787802023,0.00044063988685846123,25,10,20
34,1986,0.8921779519095354,4.8689701332578185e-06,0.10737640567272086,0.000440773447609966,25,10,20
34,1987,0.8933581024947871,4.920137704909758e-06,0.10619691030000174,0.00044006706750573173,25,10,20
34,1988,0.8876816629709539,4.978940550258565e-06,0.11187327451042264,0.00044008357807265904,25,10,20
34,1989,0.8671639297155166,4.9866439113231155e-06,0.11347485962757262,0.019356224012998906,25,10,20
34,1990,0.8675865917260286,4.986773208228589e-06,0.11305218868137225,0.01935623281939037,25,10,20
34,1991,0.870009572194045,4.997151533017964e-06,0.11062860297624902,0.01935682767817255,25,10,20
34,1992,0.8932123312243624,4.9349537353746196e-06,0.0878622843776156,0.018920449444286423,25,10,20
34,1993,0.8930160723563151,4.932280944246397e-06,0.08805855341932163,0.018920441943418975,25,10,20
34,1994,0.8792886426642603,5.244133449150753e-06,0.10178596489314656,0.01892014830914383,25,10,20
34,1995,0.880237156566553,3.384970292993571e-06,0.10083932499982261,0.018920133463331316,25,10,20
34,1996,0.8764745748864433,3.3845697750503014e-06,0.10460190812119191,0.01892013242258976,25,10,20
34,1997,0.8763700013580561,3.3849263768260574e-06,0.10470637276636838,0.018920240949198752,25,10,20
34,1998,0.9110096377118938,1.845881064142534e-06,0.07006744380533707,0.01892107260170536,25,10,20
34,1999,0.9229843924417932,2.0769308060414696e-06,0.05809176145615571,0.018921769171245054,25,10,20
34,2000,0.9210430607120472,2.0530770114601274e-06,0.06003270404430498,0.018922182166636423,25,10,20
34,2001,0.9226874670203938,2.070976645544562e-06,0.05838869008690475,0.018921771916056013,25,10,20
34,2002,0.9259579827159243,2.074048346053608e-06,0.05511802436276015,0.01892191887296972,25,10,20
34,2003,0.925845599509791,2.0744136187624843e-06,0.05523040459928211,0.018921921477308305,25,10,20
34,2004,0.9269594217297947,2.0538248364572005e-06,0.05411660888123757,0.018921915564131267,25,10,20
34,2005,0.9264345932338478,2.4849631044745688e-06,0.05464076889248479,0.018922152910562887,25,10,20
34,2006,0.931736605009632,2.2008179949898927e-06,0.049339961907862044,0.018921232264510892,25,10,20
34,2007,0.9321356858046306,1.367486460077637e-06,0.048872842157887834,0.018990104551021455,25,10,20
34,2008,0.9312353060015071,9.332023968489399e-07,0.04977391593166556,0.01898984486443083,25,10,20
34,2009,0.9304349310743477,8.975625346210027e-07,0.050574204208967834,0.01898996715415009,25,10,20
34,2010,0.9304727352019116,8.968480977273436e-07,0.05053644428616991,0.01898992366382099,25,10,20
34,2011,0.9298358115545965,8.975410555614244e-07,0.05117317608308016,0.018990114821268122,25,10,20
34,2012,0.9285349738904504,9.59149392662027e-07,0.052474468079008546,0.018989598881148664,25,10,20
34,2013,0.9271800154323903,9.588060222208277e-07,0.05382953287785584,0.0189894928837319,25,10,20
34,2014,0.9274910701972123,9.585637233106093e-07,0.053518479755549124,0.018989491483515464,25,10,20
34,2015,0.9225586043043422,9.548892368680896e-07,0.05851953681328916,0.018920903993131857,25,10,20
34,2016,0.9384675097982362,6.415030834586304e-07,0.04261104339603076,0.018920805302649696,25,10,20
34,2017,0.9412616700329756,5.285868306132995e-07,0.039816994803659266,0.018920806576534693,25,10,20
34,2018,0.9414738830810286,5.28263542263618e-07,0.03960480612309257,0.018920782532336693,25,10,20
34,2019,0.9424722674973323,5.370290169147324e-07,0.03860655122422492,0.018920644249426168,25,10,20
34,2020,0.9424691201969647,5.370712156980689e-07,0.03860969255749825,0.01892065017432156,25,10,20
34,2021,0.9415697039576352,5.611619445312652e-07,0.03950894363146934,0.01892079124895087,25,10,20
34,2022,0.942032958969446,5.580906257106438e-07,0.03904582716558381,0.018920655774344382,25,10,20
34,2023,0.9628044288739234,5.507134550557121e-07,0.03719049555269645,4.5248599251067286e-06,25,10,20
34,2024,0.9634987209540091,5.285059948169308e-07,0.03649622937161928,4.521168376710342e-06,25,10,20
34,2025,0.9630495206466925,5.301877575461891e-07,0.036944220591651346,5.7285738985124054e-06,25,10,20
34,2026,0.96281483856864,5.302639272011501e-07,0.03717892447079159,5.706696641108038e-06,25,10,20
34,2027,0.9431005777199656,9.610753500090738e-07,0.0568927081785849,5.753026099760332e-06,25,10,20
34,2028,0.9487106380530101,8.984120122539321e-07,0.05128272688842642,5.736646551403802e-06,25,10,20
34,2029,0.9488644564124111,8.984200393305518e-07,0.0511289090653655,5.736102184365361e-06,25,10,20
34,2030,0.9498118122591285,8.982749265993692e-07,0.050181912756999104,5.376708945942576e-06,25,10,20
34,2031,0.9489477832111735,1.912042863338632e-06,0.05104008268897003,1.0222056993200505e-05,25,10,20
34,2032,0.9484241294269324,1.918618397301356e-06,0.05156291980847408,1.1032146196245477e-05,25,10,20
34,2033,0.9482074548563947,1.91876402467876e-06,0.05177960539894457,1.1020980636077434e-05,25,10,20
34,2034,0.9483976973856687,1.9168288571982192e-06,0.05158950217482596,1.0883610648177097e-05,25,10,20
34,2035,0.9471119023029587,1.931454004430813e-06,0.052874461716717044,1.1704526319662007e-05,25,10,20
34,2036,0.9475189532405343,1.927202624745743e-06,0.05246819353486088,1.092602198004497e-05,25,10,20
34,2037,0.9364346523603421,2.2774742419683144e-06,0.0635523247227505,1.0745442665592326e-05,25,10,20
34,2038,0.9349430252132623,2.2715277138512565e-06,0.06504489906196376,9.804197059865714e-06,25,10,20
34,2039,0.9347686935904622,2.271523807993332e-06,0.06521923071290969,9.804172820108594e-06,25,10,20
34,2040,0.9348296645307063,2.2714926550333607e-06,0.06515828165714117,9.782319497398675e-06,25,10,20
34,2041,0.935044697473965,2.2675079260820394e-06,0.06494437019702338,8.664821085296529e-06,25,10,20
34,2042,0.9371363938073443,2.2621877435447864e-06,0.06285271943808264,8.624566829382989e-06,25,10,20
34,2043,0.9373746896136192,2.260691118112909e-06,0.06261369562160875,9.354073653793155e-06,25,10,20
34,2044,0.9362946451718994,2.2686228352064703e-06,0.06369371131297265,9.374892292594545e-06,25,10,20
34,2045,0.936409652766672,2.266541234803799e-06,0.06357871664698844,9.364045104685786e-06,25,10,20
34,2046,0.9376524618753312,2.266610066751106e-06,0.06233506675564389,1.0204758958089334e-05,25,10,20
34,2047,0.9377857918136183,2.267868274099696e-06,0.06220172730049409,1.0213017613287462e-05,25,10,20
34,2048,0.9385209904056481,2.2529815532888837e-06,0.061467354040591185,9.402572207089764e-06,25,10,20
34,2049,0.9388698435885428,2.252898948792993e-06,0.0611185090314024,9.394481105638106e-06,25,10,20
34,2050,0.9391021510430785,2.2528363636741223e-06,0.060886124241980644,9.471878576789794e-06,25,10,20
34,2051,0.9127208279539443,2.255285384712445e-06,0.0872670056367497,9.911123920741199e-06,25,10,20
34,2052,0.9128677547950342,2.2372505159370953e-06,0.08712008763945407,9.92031499531455e-06,25,10,20
34,2053,0.9182650776103348,2.239436024708722e-06,0.08172301158208364,9.67137155632172e-06,25,10,20
34,2054,0.9159866864510843,2.30209619430622e-06,0.08400133008533527,9.681367385599762e-06,25,10,20
34,2055,0.9250139050843869,1.9400780955329643e-06,0.07497475894786279,9.395889654495625e-06,25,10,20
34,2056,0.9252373869155777,1.9399062085493393e-06,0.0747532140873207,7.459090892629547e-06,25,10,20
34,2057,0.9250120261831036,1.932163975356013e-06,0.07497853291914423,7.5087337764161375e-06,25,10,20
34,2058,0.9260127484342041,1.9321070859070307e-06,0.07397776611585032,7.553342859648637e-06,25,10,20
34,2059,0.9253265438252583,1.987046877760098e-06,0.07466392505752725,7.544070336789611e-06,25,10,20
34,2060,0.9252374071192591,1.985742571096566e-06,0.07475305103313443,7.5561050352350145e-06,25,10,20
34,2061,0.9250157117359984,1.988702750105857e-06,0.07497472870008211,7.570861169337183e-06,25,10,20
34,2062,0.925366540399764,1.9886079128144393e-06,0.07462395146565366,7.51952666955274e-06,25,10,20
34,2063,0.920344258287847,9.746225931489665e-07,0.07965209568882163,2.6714007380739556e-06,25,10,20
34,2064,0.9207715853807602,9.784083933689911e-07,0.07922451943187973,2.9167789665390474e-06,25,10,20
34,2065,0.9208349420592826,9.688069047582304e-07,0.07916114051728088,2.94861653168574e-06,25,10,20
34,2066,0.9203483983381127,9.751448132209515e-07,0.07964641510549642,4.211411577425029e-06,25,10,20
34,2067,0.9200935254093597,2.6811879265448835e-06,0.07989939940789856,4.393994814705354e-06,25,10,20
34,2068,0.9404377651457181,2.7080967737345686e-06,0.05953988756009616,1.9639197411616042e-05,25,10,20
34,2069,0.9454304192591563,3.2320095380131076e-06,0.05454670299694274,1.9645734362649862e-05,25,10,20
34,2070,0.9461786016457893,3.2313522806946773e-06,0.05379872512359522,1.9441878334503608e-05,25,10,20
34,2071,0.9444403215488033,3.239928724669952e-06,0.05553697774690575,1.9460775565719357e-05,25,10,20
34,2072,0.9349898087449242,6.195726497609618e-06,0.06411094753292647,0.0008930479956514641,25,10,20
34,2073,0.9297369537412695,6.283931094210613e-06,0.06936360908670622,0.0008931532409297443,25,10,20
34,2074,0.9012465104715703,6.285033223190048e-06,0.09785404034386155,0.0008931641513443595,25,10,20
34,2075,0.9010796599164995,6.2880304783697295e-06,0.09802071419220196,0.0008933378608198599,25,10,20
34,2076,0.8955600124262493,6.557037141292229e-06,0.10352332386591226,0.0009101066706967334,25,10,20
34,2077,0.8975246650856705,6.4962793812713635e-06,0.10155869383768124,0.0009101447972666298,25,10,20
34,2078,0.9056207087400032,3.2194850320214034e-06,0.09433943748074597,3.663429421860902e-05,25,10,20
34,2079,0.9114109102627544,3.1227483099872406e-06,0.08855072328207562,3.524370685982754e-05,25,10,20
34,2080,0.899762005155071,3.122937255938811e-06,0.10019966298709601,3.5208920576844246e-05,25,10,20
34,2081,0.9019976916710872,3.122862742772178e-06,0.09796408713433946,3.5098331830438265e-05,25,10,20
34,2082,0.9028848496277895,3.068996840037051e-06,0.0970769754987357,3.5105876634831556e-05,25,10,20
34,2083,0.9057134647357516,3.0682051673493815e-06,0.0942486221603554,3.48448987257718e-05,25,10,20
34,2084,0.9112033317757466,2.7977481849518903e-06,0.08877580266574414,1.8067810324750722e-05,25,10,20
34,2085,0.9114154468074641,2.797944676749883e-06,0.08856369423014249,1.806101771686905e-05,25,10,20
34,2086,0.9114319298953626,2.800458517929736e-06,0.08854720522385395,1.806442226583643e-05,25,10,20
34,2087,0.9091303936292072,2.849628652312354e-06,0.09084703040387845,1.9726338262193877e-05,25,10,20
34,2088,0.8916821306667327,3.057242980156343e-06,0.10829204919291201,2.2762897375272513e-05,25,10,20
34,2089,0.8854553848465417,3.146343747395113e-06,0.11450698946712827,3.4479342582831996e-05,25,10,20
34,2090,0.8938764461362748,3.178110822294994e-06,0.10606216655191637,5.820920098750371e-05,25,10,20
34,2091,0.8941040177769705,3.1789381895290565e-06,0.10583454678725858,5.825649758179436e-05,25,10,20
34,2092,0.8933245078122363,3.1792543387758436e-06,0.10661390956085985,5.840337256577616e-05,25,10,20
34,2093,0.8984303441363615,3.4850213810730355e-06,0.10150798677994559,5.8184062312632834e-05,25,10,20
34,2094,0.8749761171227506,3.536028411727736e-06,0.12495513467069745,6.521217814037158e-05,25,10,20
34,2095,0.8726338725811656,3.659044006869082e-06,0.1273209351595697,4.1533215257840636e-05,25,10,20
34,2096,0.8705172973475281,3.659628665604846e-06,0.12943335575581344,4.568726799290166e-05,25,10,20
34,2097,0.8879705016053039,3.6628999135269812e-06,0.11198013060467737,4.57048901058804e-05,25,10,20
34,2098,0.8910021361897712,3.5012144738937844e-06,0.10894884705147295,4.551554428219255e-05,25,10,20
34,2099,0.8930687814094661,3.4521627380114022e-06,0.10688392398675922,4.384244103727157e-05,25,10,20
34,2100,0.8937544973386075,2.9293522522774637e-06,0.10619824855235219,4.4324756788387536e-05,25,10,20
34,2101,0.8949630544474032,1.222195113986468e-06,0.10499158689873642,4.4136458746842575e-05,25,10,20
34,2102,0.9100298489160914,7.979592461711898e-07,0.08992523943627141,4.4113688391984945e-05,25,10,20
34,2103,0.9099438251192018,8.167750972010091e-07,0.09001537954675559,3.9978558946256097e-05,25,10,20
34,2104,0.9208413340958467,8.155730824463561e-07,0.07911791315305627,3.993717801472866e-05,25,10,20
34,2105,0.9223339691254521,8.09699934528354e-07,0.07762490556064897,4.031561396444666e-05,25,10,20
34,2106,0.9223097756076575,8.094227419460129e-07,0.07764908954818421,4.032542141624708e-05,25,10,20
34,2107,0.9224730541193733,4.4291863250225074e-07,0.07748623484137042,4.026812062378896e-05,25,10,20
34,2108,0.922139091959233,4.921919908720361e-07,0.0778209269600035,3.9488888772612776e-05,25,10,20
34,2109,0.9391079600344066,3.724607289637601e-07,0.0608551974128476,3.6470092016862535e-05,25,10,20
34,2110,0.9363371014650548,3.9106047842775015e-07,0.06362602299738007,3.6484477086739965e-05,25,10,20
34,2111,0.9365921332851262,3.8997594490120473e-07,0.0633710409667152,3.6435772213749155e-05,25,10,20
34,2112,0.9424779761613945,3.0928232313279543e-07,0.05749511303172341,2.6601524559039297e-05,25,10,20
34,2113,0.9414248173149673,3.072543325443038e-07,0.05854828234673232,2.6593083967741805e-05,25,10,20
34,2114,0.9410939327261956,3.114524734651282e-07,0.05887908582942772,2.6669991903148818e-05,25,10,20
34,2115,0.9381898804999976,2.056611870400858e-06,0.061781242086659215,2.6820801472537633e-05,25,10,20
34,2116,0.9239101315535072,2.0709789624669687e-06,0.07606096232317695,2.6835144353107653e-05,25,10,20
34,2117,0.9218922747572345,2.0798553927114295e-06,0.07807900893062097,2.663645675173361e-05,25,10,20
34,2118,0.9339084201630459,2.0792262784021494e-06,0.06606286068845114,2.6639922224538696e-05,25,10,20
34,2119,0.9325080195551183,2.120868943508839e-06,0.0674586954008978,3.116417504038361e-05,25,10,20
34,2120,0.9308834745661432,2.177957042720594e-06,0.06908109208063393,3.325539618013713e-05,25,10,20
34,2121,0.9308397733347448,2.175760758356339e-06,0.06912479295444855,3.325795004828321e-05,25,10,20
34,2122,0.9315175424189052,2.181496965443059e-06,0.06844629552493178,3.39805591975939e-05,25,10,20
34,2123,0.9456753890391396,2.172190877927857e-06,0.05428844752643838,3.3991243544139744e-05,25,10,20
34,2124,0.9460638872074629,2.165597599197743e-06,0.05390066014766507,3.328704727267704e-05,25,10,20
34,2125,0.9456612631678558,2.1658359285617895e-06,0.05430328231232742,3.32886838881812e-05,25,10,20
34,2126,0.9453889252858021,2.164619180382567e-06,0.05457611597018558,3.279412483201168e-05,25,10,20
34,2127,0.9450629206056496,2.1663145658089484e-06,0.054902089637519344,3.282344226525717e-05,25,10,20
34,2128,0.9444538568482524,2.351352311077878e-06,0.05550997488484686,3.3816914589712466e-05,25,10,20
34,2129,0.9428659661657166,2.5418588283235e-06,0.0568348011778315,0.0002966907976235403,25,10,20
34,2130,0.942565036625716,2.547394682428008e-06,0.05713449605016253,0.00029791992943891917,25,10,20
34,2131,0.9456597255549646,2.4409033368580025e-06,0.054039899441956515,0.00029793409974205714,25,10,20
34,2132,0.9454849747885911,2.4425735388469076e-06,0.05421462242956572,0.0002979602083043792,25,10,20
34,2133,0.9453169036507326,2.4425840852230758e-06,0.05438268989399739,0.00029796387118481357,25,10,20
34,2134,0.9453380884930758,2.4408167505778547e-06,0.05436152793627425,0.000297942753899452,25,10,20
34,2135,0.946684423233089,2.399406417827037e-06,0.05301970388194602,0.0002934734785472295,25,10,20
34,2136,0.9496175826836135,6.526728654608662e-07,0.05008844322296291,0.0002933214205579575,25,10,20
34,2137,0.9504513553331215,6.492798464125507e-07,0.04925225544783445,0.00029573993919758,25,10,20
34,2138,0.9417861645791195,6.520832739666526e-07,0.057917494068953204,0.00029568926865330405,25,10,20
34,2139,0.9416298943598632,6.52141353042615e-07,0.05807256456357111,0.00029688893521263865,25,10,20
34,2140,0.9430429380144961,4.58301725699864e-07,0.05692258713776162,3.401654601650588e-05,25,10,20
34,2141,0.9436452333913218,4.119786937493287e-07,0.056320386295174225,3.3968334810098995e-05,25,10,20
34,2142,0.9401596555287692,3.582456509636029e-07,0.05981322214826483,2.6764077314808523e-05,25,10,20
34,2143,0.9288576548165092,3.5470364545537657e-07,0.07111531016421732,2.6680315628268346e-05,25,10,20
34,2144,0.9290387641587963,3.531822832034259e-07,0.07093422974566213,2.6652913258437886e-05,25,10,20
34,2145,0.9293099598207128,3.49834154502752e-07,0.07066274717856269,2.6943166570039008e-05,25,10,20
34,2146,0.935435356953963,3.2045463588754846e-07,0.06455314321599605,1.1179375404741458e-05,25,10,20
34,2147,0.9079007597996093,3.517142741072465e-07,0.09208752238953555,1.136609658161516e-05,25,10,20
34,2148,0.9086099366132783,3.3815350061135104e-07,0.09137875663884111,1.0968594380501199e-05,25,10,20
34,2149,0.9081734400097671,3.752113400214321e-07,0.09181548285830925,1.0701920583947695e-05,25,10,20
34,2150,0.9084139448740837,3.700381325003075e-07,0.09157739049281365,8.294594970626618e-06,25,10,20
34,2151,0.929315753108749,3.796622891623009e-07,0.07067495567338489,8.911555576572476e-06,25,10,20
34,2152,0.9293832365901774,3.53168397368614e-07,0.07060974055651104,6.669684913823244e-06,25,10,20
34,2153,0.8964709081831325,3.7749411151459635e-07,0.10352196430671907,6.750016037814384e-06,25,10,20
34,2154,0.89851068076301,1.2273876484828852e-06,0.10148129970407366,6.792145268344537e-06,25,10,20
34,2155,0.8869654901008461,1.2380693898806215e-06,0.11302647792389338,6.793905871559688e-06,25,10,20
34,2156,0.8871427967770285,1.2381257748220454e-06,0.1128491742943335,6.790802864314388e-06,25,10,20
34,2157,0.8870863493359308,1.2049202082980734e-06,0.11290459255618636,7.853187675791738e-06,25,10,20
34,2158,0.8874481360436647,1.1949500063842098e-06,0.11254461085156037,6.058154769596614e-06,25,10,20
34,2159,0.8874094282172115,1.1948544295465609e-06,0.11258330790441999,6.069023939707584e-06,25,10,20
34,2160,0.8896601856560038,1.2013932600247433e-06,0.11032965086801637,8.962082720308515e-06,25,10,20
34,2161,0.8894162537346468,1.2014879246847663e-06,0.1105735850425342,8.959734894707754e-06,25,10,20
34,2162,0.8900399977843705,1.2000253712029306e-06,0.10994987154943091,8.930640827615125e-06,25,10,20
34,2163,0.9231428708839938,1.1758527318385012e-06,0.07684713425997691,8.819003297023e-06,25,10,20
34,2164,0.9317224265004195,1.1884191537985706e-06,0.06827035087206357,6.03420836302492e-06,25,10,20
34,2165,0.9188615729278466,6.62373761216637e-07,0.08113055473190517,7.209966487245096e-06,25,10,20
34,2166,0.9185318442807846,6.651823546539869e-07,0.08146026553746089,7.224999400002549e-06,25,10,20
34,2167,0.9195057270562179,6.460530531665235e-07,0.08048650948175304,7.117408976045345e-06,25,10,20
34,2168,0.919480702808128,6.462355510242622e-07,0.08051149446655756,7.156489763635645e-06,25,10,20
34,2169,0.9107757066954038,1.0361167404147904e-06,0.08921538201120971,7.875176646403649e-06,25,10,20
34,2170,0.9113991882377196,1.0305272359139375e-06,0.0885931353396379,6.6458954070502495e-06,25,10,20
34,2171,0.911666926310296,1.024719523293507e-06,0.08832542519453718,6.62377564401936e-06,25,10,20
34,2172,0.9225549800739824,1.0461016157605264e-06,0.07743735239105906,6.621433342582486e-06,25,10,20
34,2173,0.9275076050356804,1.0396920217573473e-06,0.07248474632612056,6.608946177517601e-06,25,10,20
34,2174,0.9242766601323988,1.0456725474351473e-06,0.07451380707281938,0.0012084871222344873,25,10,20
34,2175,0.9237712879156023,1.0514388375222847e-06,0.07501916485047344,0.0012084957950872976,25,10,20
34,2176,0.9235725761466774,1.0513575298242046e-06,0.07521788099552545,0.0012084915002674224,25,10,20
34,2177,0.9202133307074314,1.1093973965107469e-06,0.078573724548031,0.0012118353471413054,25,10,20
34,2178,0.918862804799705,1.112346656656025e-06,0.07992406460012923,0.001212018253509285,25,10,20
34,2179,0.9276155933339583,1.1092941748131308e-06,0.071171292884209,0.0012120044876580039,25,10,20
34,2180,0.9202602696086863,1.1907017081168623e-06,0.07852741570082694,0.0012111239887783345,25,10,20
34,2181,0.9191170962266458,1.1967112267399817e-06,0.07967059810618558,0.0012111089559416813,25,10,20
34,2182,0.9199507590997691,1.1614076866340846e-06,0.07883677004282441,0.0012113094497198172,25,10,20
34,2183,0.9243751970746957,1.080137056039712e-06,0.07441276820667378,0.001210954581574661,25,10,20
34,2184,0.9320987140288785,7.857196804171093e-07,0.06633875570996206,0.001561744541479316,25,10,20
34,2185,0.9320114872293281,7.856699406764297e-07,0.06642598794652026,0.0015617391542111156,25,10,20
34,2186,0.9337206868699982,7.830486471326412e-07,0.06471696456054105,0.0015615655208136027,25,10,20
34,2187,0.933461320104962,9.039491174710491e-07,0.06497621529436444,0.0015615606515561806,25,10,20
34,2188,0.9367115127016674,9.045666676199334e-07,0.061726027663851823,0.0015615550678129894,25,10,20
34,2189,0.9057366609929727,2.969265331430699e-05,0.09266968739792754,0.001563958955785302,25,10,20
34,2190,0.9063130899116694,2.9692292805324688e-05,0.0920932599492145,0.001563957846310744,25,10,20
34,2191,0.906574389251026,2.9692504776311475e-05,0.09183195582672221,0.0015639624174753986,25,10,20
34,2192,0.9066843501104168,2.9692845132113566e-05,0.09172199672012389,0.0015639603243269907,25,10,20
34,2193,0.9065217751149965,2.9698659229353132e-05,0.09188456202710124,0.0015639641986728205,25,10,20
34,2194,0.9064739856518851,2.9707996318504747e-05,0.09193232778226154,0.0015639785695347565,25,10,20
34,2195,0.928058856130998,2.967425244555375e-05,0.0703476464909153,0.0015638231256409447,25,10,20
34,2196,0.9272537612650641,2.9684270062739406e-05,0.07115015550889542,0.001566398955977485,25,10,20
34,2197,0.9327758565921173,2.9702066626884722e-05,0.06562787630031704,0.0015665650409386167,25,10,20
34,2198,0.936143986328179,2.964409992853624e-05,0.06226282942312586,0.0015635401487662447,25,10,20
34,2199,0.9362668812998478,2.9603752240707493e-05,0.062492024861059994,0.001211490086851195,25,10,20
34,2200,0.9423249637282413,2.9707371665900745e-05,0.056434406363094824,0.001210922536997808,25,10,20
34,2201,0.9206265578860305,2.9753264012399644e-05,0.07812231852486844,0.001221370325088499,25,10,20
34,2202,0.9207250509507506,2.9747484854322085e-05,0.07800466950759646,0.0012405320567985118,25,10,20
34,2203,0.9294188373500947,2.9357827792863634e-05,0.06931209589374072,0.0012397089283716382,25,10,20
34,2204,0.9413390795973681,2.9305857349117568e-05,0.057398928322051,0.0012326862232318661,25,10,20
34,2205,0.9412972035457585,2.9305603518177705e-05,0.057440382999843796,0.0012331078508795263,25,10,20
34,2206,0.9408815312847878,2.932050323906694e-05,0.05785587751641698,0.0012332706955561611,25,10,20
34,2207,0.9417026804605355,2.931034989532293e-05,0.0570373208165308,0.0012306883730382777,25,10,20
34,2208,0.9089115444586722,2.9493450607199222e-05,0.0898276581841683,0.0012313039065523464,25,10,20
34,2209,0.9307506465260365,2.931032859025044e-05,0.06798934856181454,0.001230694583558705,25,10,20
34,2210,0.9307609747507243,2.9295458979605726e-05,0.06797920201091179,0.0012305277793841533,25,10,20
34,2211,0.89478683679678,2.919626676710453e-05,0.10395348483065783,0.0012304821057953924,25,10,20
34,2212,0.9263931558309614,2.9181989581184114e-05,0.07234718552287049,0.001230476656586859,25,10,20
34,2213,0.896154724443211,2.918259342231989e-05,0.10258208294197982,0.001234010021387475,25,10,20
34,2214,0.8960352959679669,2.9186482355093403e-05,0.10270148856228073,0.0012340289873974224,25,10,20
34,2215,0.9307324279224997,2.918587221138699e-05,0.0680078707777644,0.001230515427524628,25,10,20
34,2216,0.9335789028168868,2.9188585067524375e-05,0.06636151229713534,3.0396300910423062e-05,25,10,20
34,2217,0.9334926626163264,2.925152981877183e-05,0.06644768298920913,3.0402864645985562e-05,25,10,20
34,2218,0.9334792723900724,2.9188721099032285e-05,0.06646113737218784,3.040151664085054e-05,25,10,20
34,2219,0.931351471188057,2.9186442094651724e-05,0.06859069377659562,2.8648593252969777e-05,25,10,20
34,2220,0.9339682761794728,2.9180182072678466e-05,0.06597389157153956,2.8652066915206804e-05,25,10,20
34,2221,0.9335144752049516,2.91978696582128e-05,0.0664276645720906,2.8662353299839272e-05,25,10,20
34,2222,0.9326514119904082,2.9227894642126396e-05,0.06729068403839018,2.867607655953805e-05,25,10,20
34,2223,0.9326731677619662,2.9227970074827145e-05,0.06726912368629838,2.8480581660565218e-05,25,10,20
34,2224,0.9318697667310019,2.931386364856573e-05,0.06807241468656018,2.8504718789293917e-05,25,10,20
34,2225,0.9054052851684784,2.9401568558919223e-05,0.0758055768042896,0.0187597364586728,25,10,20
34,2226,0.9044234660715281,2.940126079108037e-05,0.07679084060376701,0.018756292063913514,25,10,20
34,2227,0.8990593040980712,2.9524027807869404e-05,0.08215423640538132,0.018756935468739536,25,10,20
34,2228,0.8984964197533601,2.951551500152159e-05,0.08271712334462453,0.018756941387013795,25,10,20
34,2229,0.898489414272712,2.9514518678748354e-05,0.0827241248314843,0.018756946377124776,25,10,20
34,2230,0.8990849599049188,2.933179073105521e-05,0.08212976895694345,0.018755939347406925,25,10,20
34,2231,0.8957451828871998,3.0680934054787046e-05,0.0851096837913474,0.0191144523873978,25,10,20
34,2232,0.8940032293985734,3.068579431341107e-05,0.08685038759755771,0.0191156972095554,25,10,20
34,2233,0.8998143126463184,3.0560043524092146e-05,0.08104112129937338,0.01911400601078418,25,10,20
34,2234,0.899277233204896,3.0568861629495755e-05,0.08153987407825738,0.019152323855217007,25,10,20
34,2235,0.8995241106568312,3.056855837634795e-05,0.0812929672930029,0.019152353491789332,25,10,20
34,2236,0.8991490191972656,3.0624648372022924e-05,0.08166795982191437,0.019152396332448057,25,10,20
34,2237,0.8965165111755389,3.054167834591507e-05,0.08430053618808403,0.01915241095803085,25,10,20
34,2238,0.8914167238922951,3.0484946364127856e-05,0.08940041170212285,0.01915237945921722,25,10,20
34,2239,0.8794206176997804,3.5128260643513276e-05,0.10138766129931032,0.019156592740265113,25,10,20
34,2240,0.8774640194865304,5.362162766461253e-05,0.10330746445565292,0.019174894430151485,25,10,20
34,2241,0.8769867399589963,5.3733133227934864e-05,0.10378491667382639,0.019174610233948793,25,10,20
34,2242,0.8784408877864397,5.36987912018177e-05,0.10233030756091016,0.0191751058614482,25,10,20
34,2243,0.8786985312789009,5.3698771416137525e-05,0.10207294739767082,0.019174822552012034,25,10,20
34,2244,0.8676525640904273,5.372409977922075e-05,0.11296179936932013,0.0193319124404729,25,10,20
34,2245,0.8682910890700865,5.371536583965672e-05,0.11236160106402665,0.019293594500046803,25,10,20
34,2246,0.8739668805782983,5.3715246142274216e-05,0.10668581404683558,0.019293590128723326,25,10,20
34,2247,0.8736708019229684,5.371883743913593e-05,0.10698092517658424,0.019294554063008028,25,10,20
34,2248,0.8738133616761917,5.3718696846573666e-05,0.10683840491204577,0.019294514714915906,25,10,20
34,2249,0.8762193249088921,5.372886649211409e-05,0.10443100170825356,0.019295944516361702,25,10,20
34,2250,0.8547146634610092,5.372874039628153e-05,0.1259356927267662,0.019295915071828082,25,10,20
34,2251,0.8668030548775582,4.908193105124558e-05,0.11385617157945305,0.019291691611937146,25,10,20
34,2252,0.8687892102559124,3.058837872082699e-05,0.11190681385632777,0.019273387509038856,25,10,20
34,2253,0.8690680873143066,3.047962212863618e-05,0.11162614049063958,0.019275292572925103,25,10,20
34,2254,0.8414590448090797,3.038569342237147e-05,0.13923519248272684,0.019275377014770643,25,10,20
34,2255,0.84020303295004,3.207635697098517e-05,0.1404894426119942,0.01927544808099437,25,10,20
34,2256,0.8406839355607096,3.206293903009517e-05,0.14001002179171324,0.019273979708546562,25,10,20
34,2257,0.8404364056011207,3.206960330072947e-05,0.14025794821021642,0.019273576585361787,25,10,20
34,2258,0.8508379648277961,3.2069659520964975e-05,0.1298559687448363,0.01927399676784607,25,10,20
34,2259,0.8502047469146632,3.2548721991629115e-05,0.13048866724024685,0.01927403712309792,25,10,20
34,2260,0.8519194025495449,3.254440115602716e-05,0.12877524656124292,0.019272806488055936,25,10,20
34,2261,0.8520696165161096,3.253736619063313e-05,0.1286250562909937,0.01927278982670575,25,10,20
34,2262,0.851287791242282,3.255908254919606e-05,0.12940680579284344,0.019272843882324812,25,10,20
34,2263,0.8520761104817168,3.255838290222098e-05,0.12861847917218813,0.019272851963192318,25,10,20
34,2264,0.8531398484210589,3.255919400905081e-05,0.12755447965140881,0.01927311273352247,25,10,20
34,2265,0.8747305882751354,3.255840490237646e-05,0.1059637606861171,0.019273092633844347,25,10,20
34,2266,0.874682015307684,3.2558619981077235e-05,0.10601232873432317,0.01927309733801109,25,10,20
34,2267,0.8747395611411426,3.255600305496396e-05,0.10595572811232681,0.019272154743475014,25,10,20
34,2268,0.8658372771519103,3.255594770316138e-05,0.11485801612448075,0.01927215077590545,25,10,20
34,2269,0.8649730294093462,3.256271540158378e-05,0.11572224397696662,0.019272163898285215,25,10,20
34,2270,0.8647297682299413,3.2792345755248536e-05,0.11596558743563717,0.01927185198866571,25,10,20
34,2271,0.8656591432428041,3.276827436065158e-05,0.11503630169344704,0.019271786789387676,25,10,20
34,2272,0.8699638197415939,3.1391207097006914e-05,0.11108993042826297,0.018914858623045497,25,10,20
34,2273,0.8589634167408611,3.770780537010393e-05,0.12224049468017334,0.01875838077359492,25,10,20
34,2274,0.8582523999167464,3.858496338147574e-05,0.12295070946114123,0.018758305658730042,25,10,20
34,2275,0.8650937042046545,3.858505667166045e-05,0.11610938545250629,0.018758325286166968,25,10,20
34,2276,0.8647855629114858,3.859046291392885e-05,0.11641676038444806,0.01875908624115158,25,10,20
34,2277,0.8648227498369974,3.859059440534694e-05,0.11637945297944724,0.018759206589149507,25,10,20
34,2278,0.8647452925660997,3.8590737311750345e-05,0.11645635783155743,0.018759758865030653,25,10,20
34,2279,0.8659345658617446,3.809385399586787e-05,0.11526763735869984,0.018759702925559268,25,10,20
34,2280,0.8786381697099671,3.8087047483172054e-05,0.1025640586506187,0.01875968459193041,25,10,20
34,2281,0.8787242466866496,3.808710076488177e-05,0.10247797337714788,0.0187596928354371,25,10,20
34,2282,0.8748214429182235,3.81122112373477e-05,0.10638066473457342,0.018759780135965017,25,10,20
34,2283,0.8747952232054947,3.813372800298379e-05,0.10640675567318375,0.018759887393318016,25,10,20
34,2284,0.8745697235400925,3.814921536152684e-05,0.10663223249000083,0.01875989475454439,25,10,20
34,2285,0.874484658690001,3.815360519838101e-05,0.10673574068714112,0.018741447017658782,25,10,20
34,2286,0.8746125982851884,3.815864170097329e-05,0.1066083489474055,0.01874089412570432,25,10,20
34,2287,0.9054184215788399,9.370496441121752e-06,0.07583371775533802,0.018738490169380596,25,10,20
34,2288,0.9054753744346999,9.370422552897234e-06,0.07577676433768672,0.018738490805060178,25,10,20
34,2289,0.9057178380406669,9.359958456251943e-06,0.07553451847992367,0.018738283520952796,25,10,20
34,2290,0.9011910852300201,9.896428801155063e-06,0.08006056125363761,0.018738457087540752,25,10,20
34,2291,0.8919425305288934,9.896405696530083e-06,0.08930919223453135,0.018738380830877997,25,10,20
34,2292,0.8916594641753238,9.903905665815361e-06,0.08959188527843631,0.01873874664057343,25,10,20
34,2293,0.8916717669956509,9.903296412278626e-06,0.08957960308548006,0.018738726622456098,25,10,20
34,2294,0.8915773867978632,9.908464942562294e-06,0.08967396522284575,0.01873873951434792,25,10,20
34,2295,0.8916007520911896,9.90838001485609e-06,0.08965062872090701,0.018738710807887863,25,10,20
34,2296,0.891307704317727,9.687349468667397e-06,0.0899425469015282,0.018740061431275684,25,10,20
34,2297,0.8877831807652962,9.638465505855764e-06,0.07935102363755066,0.03285615713164725,25,10,20
34,2298,0.8925978977944632,9.086126647229488e-06,0.07453705025826661,0.03285596582062293,25,10,20
34,2299,0.8926279066049122,9.086027995073574e-06,0.07450704977003302,0.03285595759705959,25,10,20
34,2300,0.8922988973146798,9.087727205096975e-06,0.07483604408428329,0.03285597087383155,25,10,20
34,2301,0.9201619318109951,9.06166307135938e-06,0.046972308662725455,0.032856697863207676,25,10,20
34,2302,0.9204598507698794,9.061714372891515e-06,0.04667480121656797,0.032856286299179555,25,10,20
34,2303,0.9204731524753239,9.061661377065925e-06,0.04666162445365132,0.03285616140964744,25,10,20
34,2304,0.927369311004652,9.108404645239013e-06,0.03976562979681543,0.032855950793887166,25,10,20
34,2305,0.927092227105314,9.108153628548097e-06,0.04004273119972786,0.0328559335413295,25,10,20
34,2306,0.9270217644151947,9.108369191410999e-06,0.040113194100774796,0.03285593311483906,25,10,20
34,2307,0.9263597282820061,9.110274872346453e-06,0.0407730509678063,0.03285811047531492,25,10,20
34,2308,0.8924716350789293,9.103422737883338e-06,0.07465712682158959,0.03286213467674263,25,10,20
34,2309,0.8920048313712888,9.104180153564577e-06,0.07509395796036354,0.03289210648819329,25,10,20
34,2310,0.8587276639521858,9.104715992260756e-06,0.10837112528781363,0.032892106044007025,25,10,20
34,2311,0.8588514814615235,9.099200839362679e-06,0.10824733543797019,0.03289208389966582,25,10,20
34,2312,0.8628082488052459,9.119705625606772e-06,0.10429064172469571,0.032891989764432285,25,10,20
34,2313,0.863263843711367,9.118996487549079e-06,0.10386501900161792,0.0328620182905272,25,10,20
34,2314,0.8626502001557873,9.115214590447098e-06,0.10447800192951197,0.03286268270010976,25,10,20
34,2315,0.8614865234696848,9.131685789974379e-06,0.10563782486658574,0.03286651997793877,25,10,20
34,2316,0.8613134478489434,9.136671455490593e-06,0.10581036291714949,0.0328670525624508,25,10,20
34,2317,0.8331808172129468,9.224971215608464e-06,0.13394275343252643,0.03286720438331027,25,10,20
34,2318,0.8058255679487548,9.270523326248384e-06,0.16129934533863005,0.03286581618928858,25,10,20
34,2319,0.8357086322759395,9.182246914280801e-06,0.1314165367751027,0.03286564870204265,25,10,20
34,2320,0.8353021877053857,9.180919448849122e-06,0.13150731582620542,0.033181315548958874,25,10,20
34,2321,0.8351603518763909,9.186339588066836e-06,0.13164910759417497,0.03318135418984492,25,10,20
34,2322,0.8345260480038778,9.205523835016204e-06,0.13228485975880147,0.033179886713484714,25,10,20
34,2323,0.8343583681221205,9.215980995317787e-06,0.13245251925928864,0.033179896637594304,25,10,20
34,2324,0.7985922710154353,9.210080367804708e-06,0.1682191624763064,0.03317935642789009,25,10,20
34,2325,0.830968000318193,9.210460731287447e-06,0.1358434377638474,0.03317935145722724,25,10,20
34,2326,0.8324053867581853,6.642954785644081e-06,0.1344086178309823,0.03317935245604617,25,10,20
34,2327,0.8348002149056155,6.595518036874292e-06,0.13201378683883483,0.033179402737512256,25,10,20
34,2328,0.8342726179057083,6.63214732240994e-06,0.13254190830388743,0.03317884164308152,25,10,20
34,2329,0.8245552486403122,6.6210521674476415e-06,0.1422624009252242,0.03317572938229581,25,10,20
34,2330,0.8466081590960728,2.7879476581468544e-07,0.12021644279939338,0.03317511930976764,25,10,20
34,2331,0.8182703773250307,3.4314945287508787e-07,0.1485541550494279,0.03317512447608831,25,10,20
34,2332,0.8184383839186096,3.4612748433250773e-07,0.14838613662627778,0.033175133327628156,25,10,20
34,2333,0.8183600299527174,3.4803260707635627e-07,0.1484644875578706,0.033175134456804686,25,10,20
34,2334,0.7853113774698542,1.5975866287224579e-06,0.18134695228071318,0.033340072662802964,25,10,20
34,2335,0.7870931211634923,1.5990706334016208e-06,0.17956520218228447,0.033340077583588486,25,10,20
34,2336,0.78677996099141,1.5991018362288854e-06,0.17986699997835817,0.03335143992839443,25,10,20
34,2337,0.7873822752902225,1.5960922581154236e-06,0.17926453352802368,0.033351595089494424,25,10,20
34,2338,0.7867758100230294,1.5490713827635226e-06,0.17987105743946208,0.03335158346612443,25,10,20
34,2339,0.7753253259442227,1.557118087278478e-06,0.19132084910571767,0.03335226783197143,25,10,20
34,2340,0.7767892912082344,1.5369420001822082e-06,0.19017266677018,0.03303650507958447,25,10,20
34,2341,0.777600612314467,1.5191647878970503e-06,0.18936372187846168,0.033034146642282686,25,10,20
34,2342,0.777198459988403,1.5191494196679242e-06,0.1897658748839217,0.033034145978254804,25,10,20
34,2343,0.7746852127238639,1.513737058208466e-06,0.19227977255565842,0.03303350098341934,25,10,20
34,2344,0.7751855745795837,1.5141961768873766e-06,0.1917792326586116,0.03303367856562828,25,10,20
34,2345,0.775262906153414,1.5123113188137425e-06,0.19170190406155832,0.03303367747370927,25,10,20
34,2346,0.7723326341383975,1.5104944302641298e-06,0.19463217158366852,0.03303368378350403,25,10,20
34,2347,0.7611549851127868,0.0005374891247318454,0.20525976755656505,0.03304775820591602,25,10,20
34,2348,0.7577574854967195,0.0005374917609412488,0.207757415221663,0.03394760752067572,25,10,20
34,2349,0.7433981926825289,0.0005374826586692887,0.22211739718460818,0.033946927474192756,25,10,20
34,2350,0.776969399059702,0.000537448360542996,0.22121333023844858,0.0012798223413059378,25,10,20
34,2351,0.7766913106034065,0.0005374562996257199,0.2214911798745986,0.0012800532223687542,25,10,20
34,2352,0.8041774500492945,0.000537356795911233,0.19400514262963908,0.0012800505251553478,25,10,20
34,2353,0.804239720479421,0.0005373668216006633,0.19394283765204923,0.0012800750469294966,25,10,20
34,2354,0.810945437315237,0.0005373662064550875,0.18813698152037633,0.0003802149579317686,25,10,20
34,2355,0.801071371884629,0.0005373676605959477,0.19801036390081506,0.0003808965539596808,25,10,20
34,2356,0.8009789764186358,0.0005373676006352747,0.19810276475070449,0.0003808912300240495,25,10,20
34,2357,0.8009815630916212,0.0005373675770332929,0.1981001783398087,0.00038089099153656406,25,10,20
34,2358,0.8119835004727566,0.0005373621005931655,0.1870989780114899,0.00038015941516048794,25,10,20
34,2359,0.8122971998416163,0.0005373568719198348,0.1867962037715255,0.00036923951493838034,25,10,20
34,2360,0.8231612282762631,1.3839453727422163e-06,0.17648068816784804,0.00035669961051585557,25,10,20
34,2361,0.8229145880343525,1.3842671000080675e-06,0.17672728671518176,0.0003567409833657314,25,10,20
34,2362,0.8487794616914125,1.3868632987033714e-06,0.15086678568029266,0.0003523657649954264,25,10,20
34,2363,0.8491351546578598,1.3897781319469466e-06,0.15051107843423886,0.0003523771297688209,25,10,20
34,2364,0.8491297771865796,1.386956490684722e-06,0.15051839548026813,0.00035044037666154027,25,10,20
34,2365,0.8460074613088763,6.885036197059596e-06,0.15361005074341405,0.0003756029115125071,25,10,20
34,2366,0.8455547748473919,6.885840196090402e-06,0.154062195377201,0.00037614393521087847,25,10,20
34,2367,0.845534265068371,6.885869663413192e-06,0.15408270348092348,0.0003761455810420306,25,10,20
34,2368,0.844133986438491,6.8834997704482634e-06,0.15548213782286538,0.00037699223887321053,25,10,20
34,2369,0.8521679262740303,6.880294234393786e-06,0.147448216338861,0.0003769770928744223,25,10,20
34,2370,0.851850888260969,6.909097667932063e-06,0.14776519830073276,0.00037700434063020374,25,10,20
34,2371,0.8519290635408582,6.886758593819645e-06,0.1476873999462085,0.00037664975433952114,25,10,20
34,2372,0.8519667397536144,6.886424382804929e-06,0.14765020527496553,0.00037616854703720863,25,10,20
34,2373,0.8151437251760337,6.886896287253298e-06,0.18447321385064352,0.0003761740770359778,25,10,20
34,2374,0.8151935005066174,6.888855379104316e-06,0.1844233666162363,0.00037624402176767986,25,10,20
34,2375,0.8149492235075212,6.899477981168228e-06,0.1846676284049682,0.00037624860952984113,25,10,20
34,2376,0.8133067441820188,6.893791654136552e-06,0.1863112392663763,0.00037512275995123923,25,10,20
34,2377,0.8228957983825379,6.891460842165608e-06,0.17670153354793322,0.00039577660868698376,25,10,20
34,2378,0.8206127946241518,6.895002597937207e-06,0.17898434934175023,0.00039596103150061376,25,10,20
34,2379,0.8200985167395101,6.9110472733977974e-06,0.17949401035936066,0.0004005618538566488,25,10,20
34,2380,0.8192760212508158,6.9130341450786405e-06,0.18033781633497295,0.00037924938006701444,25,10,20
34,2381,0.8198358455908474,6.904105424394637e-06,0.179779546828692,0.00037770347503693943,25,10,20
34,2382,0.8200171101226894,6.893489475423494e-06,0.17959830218437886,0.00037769420345711626,25,10,20
34,2383,0.8231022084677765,6.89212114273614e-06,0.17651338349217088,0.00037751591891052106,25,10,20
34,2384,0.8230071865198386,6.89327543512172e-06,0.17660840157275776,0.00037751863196922036,25,10,20
34,2385,0.855637757750855,6.894337247743543e-06,0.14397783356861946,0.0003775143432783721,25,10,20
34,2386,0.8565521811407065,6.88999062880392e-06,0.14324362007067826,0.0001973087979872993,25,10,20
34,2387,0.837278719516334,7.364754576661948e-06,0.162514268066427,0.00019964766266337885,25,10,20
34,2388,0.8349947371851233,7.384626609514389e-06,0.16479742803192493,0.0002004501563432171,25,10,20
34,2389,0.8346534020447299,7.55487607966063e-06,0.16513834165620764,0.00020070142298355025,25,10,20
34,2390,0.8628115194786584,7.508602919986741e-06,0.13698027617799555,0.00020069574042649578,25,10,20
34,2391,0.8630079081426196,7.526134920123941e-06,0.1367844253838606,0.00020014033860029368,25,10,20
34,2392,0.8998851698005113,7.525660592760012e-06,0.09990716961803107,0.0002001349208653132,25,10,20
34,2393,0.8626330000523956,9.840947819722477e-06,0.13715834858580464,0.0001988104139812241,25,10,20
34,2394,0.8621188848885737,9.838956165743578e-06,0.13767251547249645,0.00019876068276531274,25,10,20
34,2395,0.8625865615599357,9.838545190981227e-06,0.13720479322690776,0.00019880666796659503,25,10,20
34,2396,0.8681666796211374,8.584000749608594e-06,0.13171722875052905,0.00010750762758481811,25,10,20
34,2397,0.8678533484630866,8.584593214051548e-06,0.13203055171938635,0.00010751522431362367,25,10,20
34,2398,0.8623868880932294,8.750702684264885e-06,0.13749599990135827,0.00010836130272869707,25,10,20
34,2399,0.8245034457971514,8.749991134539084e-06,0.1753794452683271,0.00010835894338738462,25,10,20
34,2400,0.8301335047455943,9.516669239134352e-06,0.16974934525048863,0.00010763333467864517,25,10,20
34,2401,0.8358065557122967,9.351224964853243e-06,0.16407730223800582,0.00010679082473328225,25,10,20
34,2402,0.8365458363323686,9.332268076932002e-06,0.16334265840042478,0.00010217299913047441,25,10,20
34,2403,0.8294767143240976,9.496866990859563e-06,0.17041159040961482,0.00010219839929750953,25,10,20
34,2404,0.8293564856264776,9.497581960497276e-06,0.17053181158845812,0.00010220520310467053,25,10,20
34,2405,0.8294043309580268,9.497676423836315e-06,0.1704839662486526,0.00010220511689769018,25,10,20
34,2406,0.8291611139930878,9.499984356276774e-06,0.170727171668693,0.00010221435386392335,25,10,20
34,2407,0.8292973440607097,9.4974916950624e-06,0.17059072297528918,0.00010243547230697496,25,10,20
34,2408,0.8292619420245566,9.4976547220304e-06,0.1706245824079484,0.00010397791277383722,25,10,20
34,2409,0.8487220456769061,8.994138297126825e-06,0.15116734458396697,0.00010161560083045274,25,10,20
34,2410,0.8487145777005682,8.994209613517548e-06,0.15117479953416293,0.00010162855565603623,25,10,20
34,2411,0.8457252747593416,8.892905395568755e-06,0.15416367979541207,0.00010215253985144176,25,10,20
34,2412,0.8456165036364961,8.884689000019749e-06,0.15427240588396635,0.00010220579053813861,25,10,20
34,2413,0.8457126297962487,8.884813515482021e-06,0.15417626782199273,0.00010221756824341151,25,10,20
34,2414,0.8455616853403671,8.884546882266559e-06,0.15432737439710242,0.0001020557156483967,25,10,20
34,2415,0.8450542087180618,9.582508203686511e-06,0.1548341511864653,0.00010205758727003997,25,10,20
34,2416,0.8495293632547244,4.084376394697679e-06,0.15038964963739196,7.690273148954628e-05,25,10,20
34,2417,0.8497079619265401,4.086636384712224e-06,0.1502077146446369,8.0236792438827e-05,25,10,20
34,2418,0.8517169438851099,4.083410681815647e-06,0.14819885114094908,8.012156325979692e-05,25,10,20
34,2419,0.8501106982320503,4.088069204435288e-06,0.14980508596928976,8.012772945584706e-05,25,10,20
34,2420,0.8503006430277216,4.111218507500476e-06,0.14961515220119811,8.009355257344912e-05,25,10,20
34,2421,0.8287470366843465,4.122529968760567e-06,0.17116994565793003,7.88951277552799e-05,25,10,20
34,2422,0.8175914681601895,4.159256903958118e-06,0.18239904960813633,5.3229747701042565e-06,25,10,20
34,2423,0.8394604392071541,4.147215129565115e-06,0.1605304233544302,4.990223285690771e-06,25,10,20
34,2424,0.835977219409229,4.206388877531992e-06,0.16401214519802831,6.429003865042766e-06,25,10,20
34,2425,0.8365679948374038,4.187707585040615e-06,0.1634214215717371,6.3958832736185516e-06,25,10,20
34,2426,0.8366468256214099,3.401212277625434e-06,0.1633434435161735,6.3296501389068825e-06,25,10,20
34,2427,0.8367752706073348,3.4011809381980255e-06,0.16321500225461602,6.325957110746395e-06,25,10,20
34,2428,0.836949583199817,3.4012495523296185e-06,0.16304067838475134,6.337165879267471e-06,25,10,20
34,2429,0.8214326151418578,3.440460678144487e-06,0.17855762478681733,6.319610646698982e-06,25,10,20
34,2430,0.8163783997616432,4.580449624152146e-06,0.18361023263329523,6.787155437361165e-06,25,10,20
34,2431,0.8163065841024268,4.580412734962687e-06,0.18368204783356915,6.787651268838484e-06,25,10,20
34,2432,0.8107417223570408,3.971402946743743e-06,0.1892473053439252,7.000896087121052e-06,25,10,20
34,2433,0.8142060186601918,3.9124654581197816e-06,0.18578451056915796,5.558305192029005e-06,25,10,20
34,2434,0.8133261855640329,3.91158472125261e-06,0.1866643819077071,5.520943538665097e-06,25,10,20
34,2435,0.8150548488453747,3.906492110923077e-06,0.1849357327135089,5.511949005531104e-06,25,10,20
34,2436,0.8150279863086628,3.9068428600539e-06,0.1849625803472614,5.526501215615047e-06,25,10,20
34,2437,0.8149480319600461,3.914066965062141e-06,0.1850417561341426,6.297838846088218e-06,25,10,20
34,2438,0.813826710118645,3.9296506841665225e-06,0.1861629693158238,6.390914846668889e-06,25,10,20
34,2439,0.8356986533371564,5.694467761333064e-06,0.16428896001328266,6.692181799181393e-06,25,10,20
34,2440,0.8262122845285996,5.942660591746227e-06,0.17377508497530397,6.687835504152568e-06,25,10,20
34,2441,0.8249919519242487,5.942793382609546e-06,0.17499445667732402,7.648605044564887e-06,25,10,20
34,2442,0.8626531345328243,3.6255246761303016e-06,0.13733558725865336,7.652683846319546e-06,25,10,20
34,2443,0.8704795209751879,3.411377255496497e-06,0.1295034748750541,1.3592772502665968e-05,25,10,20
34,2444,0.8699362714258307,3.411920111818224e-06,0.13004671764560632,1.3599008451134281e-05,25,10,20
34,2445,0.8745906411333843,2.2752761981255907e-06,0.12539326193680295,1.3821653614635379e-05,25,10,20
34,2446,0.9024691845472439,2.274032564546406e-06,0.09751470328015549,1.3838140036247237e-05,25,10,20
34,2447,0.9022573814624711,2.2051826011730602e-06,0.09772629446163394,1.4118893294259118e-05,25,10,20
34,2448,0.8995301122539714,2.2007127402177806e-06,0.100386260950967,8.14260823218656e-05,25,10,20
34,2449,0.9001220267168704,2.2002630368332984e-06,0.09979435017566017,8.142284443304688e-05,25,10,20
34,2450,0.9012743273007142,2.1848257453534778e-06,0.09864215327896522,8.133459457560173e-05,25,10,20
34,2451,0.9010416140396537,2.2038723537515102e-06,0.09887483154217928,8.135054581384705e-05,25,10,20
34,2452,0.901250797480432,2.2037281008404956e-06,0.0986656615096493,8.133728181825665e-05,25,10,20
34,2453,0.9011973262394786,2.20601128527798e-06,0.09871893398888458,8.153376035202979e-05,25,10,20
34,2454,0.9178340642671897,3.999794988839968e-07,0.08208435600535362,8.117974795824412e-05,25,10,20
34,2455,0.9236251222733957,3.73408854523072e-07,0.07629333762547354,8.116669227690473e-05,25,10,20
34,2456,0.9253056618450692,3.388499570168938e-07,0.0746187956991895,7.52036057847077e-05,25,10,20
34,2457,0.9228665132634601,3.945470516350084e-07,0.07700756771019913,0.00012552447928910497,25,10,20
34,2458,0.9224156920448938,3.9518481137821626e-07,0.07745832508633296,0.0001255876839619978,25,10,20
34,2459,0.9220059509189186,4.304244645884114e-07,0.0778681091240979,0.00012550953251917656,25,10,20
34,2460,0.9245792931831432,3.746818625098271e-07,0.0753451888263887,7.514330860573482e-05,25,10,20
34,2461,0.962322545242296,3.7429182775814887e-07,0.037600299514510285,7.678095136628995e-05,25,10,20
34,2462,0.9621017270590718,5.668211089984107e-07,0.03782068457683476,7.702154298487173e-05,25,10,20
34,2463,0.961979044718388,5.68737587935812e-07,0.03794265374393864,7.773280008556866e-05,25,10,20
34,2464,0.9609977961819959,1.0026580706150845e-06,0.038923461240263475,7.773991967030196e-05,25,10,20
34,2465,0.9611641068939426,1.0026603968519166e-06,0.03875878371583388,7.610672982692576e-05,25,10,20
34,2466,0.9612807519912155,9.99086932058829e-07,0.03864286047538668,7.538844646578736e-05,25,10,20
34,2467,0.9616561689291697,9.95831985895646e-07,0.03826814727970332,7.468795914120065e-05,25,10,20
34,2468,0.9685979260275035,8.354562668613379e-07,0.031325460853070794,7.577766315910703e-05,25,10,20
34,2469,0.9684789662130071,8.288943568595226e-07,0.03144445751388929,7.574737874714722e-05,25,10,20
34,2470,0.9676531038671295,8.289370429333256e-07,0.03226973934935956,7.632784646819869e-05,25,10,20
34,2471,0.9662819283759084,8.81044148602466e-07,0.03313843276194253,0.000578757818000751,25,10,20
34,2472,0.9661435540427938,8.815655848298475e-07,0.0332779175597151,0.0005776468319065046,25,10,20
34,2473,0.9749815499528729,8.782337368931506e-07,0.024437698489153895,0.0005798733242364123,25,10,20
34,2474,0.9721865539989879,6.859551948028425e-07,0.027233110320987932,0.000579649724829576,25,10,20
34,2475,0.9717177958894392,6.913738857219869e-07,0.027701841273061977,0.0005796714636134413,25,10,20
34,2476,0.9715915571924906,6.736379790987309e-07,0.027825573115203145,0.0005821960543274555,25,10,20
34,2477,0.9717775828480923,6.49077970821704e-07,0.027639585050054576,0.0005821830238828489,25,10,20
34,2478,0.9717373587912387,6.441012081727821e-07,0.027679815880252902,0.0005821812273006359,25,10,20
34,2479,0.9723376308660447,6.433425188835148e-07,0.027081851290933087,0.0005798745005037183,25,10,20
34,2480,0.9734982572612562,5.910669078636443e-07,0.02642371256500071,7.743910683557102e-05,25,10,20
34,2481,0.9735605487193411,5.906916357592429e-07,0.026361637745881513,7.722284314197785e-05,25,10,20
34,2482,0.974666271870881,5.904413501531643e-07,0.025256874916731512,7.626277103796588e-05,25,10,20
34,2483,0.9736196704845722,5.951757176806756e-07,0.026297318031995896,8.241630771483664e-05,25,10,20
34,2484,0.9592986007609443,4.5848173217723184e-05,0.04057091572611084,8.46353397274664e-05,25,10,20
34,2485,0.9600533578863859,4.541837730573703e-05,0.039816589492107694,8.463424420122771e-05,25,10,20
34,2486,0.9621083552792407,4.541599036896702e-05,0.03776159550700102,8.463322338982006e-05,25,10,20
34,2487,0.9722436206897218,1.6702616258956482e-07,0.027673774323530825,8.243796058527069e-05,25,10,20
34,2488,0.9721612114005015,1.681614621470534e-07,0.02775604077053638,8.257966750037875e-05,25,10,20
34,2489,0.9708017774902058,1.3970031836617788e-07,0.02910942043096934,8.866237850695531e-05,25,10,20
34,2490,0.9705074576432591,1.760822046422353e-07,0.02940297474823701,8.939152629968993e-05,25,10,20
34,2491,0.9700647657650003,1.718571434567429e-07,0.02984560444411073,8.945793374592595e-05,25,10,20
34,2492,0.9695916006441061,1.7716192812040688e-07,0.03031897475028375,8.924744368222798e-05,25,10,20
34,2493,0.967877835837675,1.7532928843847564e-07,0.03203334677104778,8.86420619892456e-05,25,10,20
34,2494,0.9586683874115235,1.8673899101879826e-07,0.04124272404550408,8.870180398131208e-05,25,10,20
34,2495,0.959739854894423,1.864717324814035e-07,0.04017184025691279,8.811837693172608e-05,25,10,20
34,2496,0.9598501993649543,1.8649347753496667e-07,0.04006150129409267,8.811284747559762e-05,25,10,20
34,2497,0.9657337536478348,9.766655155578895e-08,0.03417824545240723,8.790323320650943e-05,25,10,20
34,2498,0.9678596788202527,9.17136687295938e-08,0.03205840456739269,8.182489868595621e-05,25,10,20
34,2499,0.967718316893724,9.180981457634973e-08,0.03219972803199991,8.18632644616283e-05,25,10,20
34,2500,0.9715413113760516,9.045264039743665e-08,0.028376738413561933,8.185975774619582e-05,25,10,20
34,2501,0.9715640799908931,8.983866100207415e-08,0.02835415553988736,8.167463055875738e-05,25,10,20
34,2502,0.9692674387371758,9.493827821799957e-08,0.030626626685333953,0.00010583963921214395,25,10,20
34,2503,0.9606034015336529,4.732031200709282e-07,0.03935423985120576,4.1885412021204274e-05,25,10,20
34,2504,0.9602774618389457,4.889374972443746e-07,0.03968009822458161,4.195099897548562e-05,25,10,20
34,2505,0.9600351611351957,4.926090985920423e-07,0.03992220313491211,4.214312079357614e-05,25,10,20
34,2506,0.9692757047415526,4.827229289255182e-07,0.03068173555566954,4.207697984885281e-05,25,10,20
34,2507,0.9695828301487265,4.817148779561303e-07,0.03037463583634656,4.20523000492002e-05,25,10,20
34,2508,0.9643866878918906,4.915629032074139e-07,0.035569188372669466,4.3632172536676554e-05,25,10,20
34,2509,0.9644213317627651,6.470533499001904e-07,0.03553364898560356,4.437219828139424e-05,25,10,20
34,2510,0.964739074467181,4.775652435017272e-07,0.03521686916677002,4.357880080543202e-05,25,10,20
34,2511,0.964615090245822,4.780430136943205e-07,0.03533531964900935,4.911206215467014e-05,25,10,20
34,2512,0.9601597716724206,4.9910789001847e-07,0.03977767039635442,6.205882333469133e-05,25,10,20
34,2513,0.9554952600990957,1.0164074071824873e-06,0.044438409439127746,6.531405436930419e-05,25,10,20
34,2514,0.9559698147858618,1.0159270152793213e-06,0.043963880364670596,6.528892245176995e-05,25,10,20
34,2515,0.9260897773210648,1.0163394066854702e-06,0.07384395383207802,6.525250745069402e-05,25,10,20
34,2516,0.9348256191789638,1.0064551920962182e-06,0.06511074682275102,6.262754309312232e-05,25,10,20
34,2517,0.907952197837449,9.466810944937616e-06,0.09197456070274963,6.377464885586828e-05,25,10,20
34,2518,0.9355199221917833,1.1503424682500397e-05,0.06440474803302003,6.382635051405369e-05,25,10,20
34,2519,0.9331904078343193,1.155681928122123e-05,0.06645334411179749,0.00034469123460189514,25,10,20
34,2520,0.9328859781384163,1.1555898750119527e-05,0.06675777496263399,0.00034469100019951466,25,10,20
34,2521,0.9274502461040949,1.1560483876470553e-05,0.07219349920087315,0.00034469421115549624,25,10,20
34,2522,0.9294799097507007,1.151780928191605e-05,0.07044447824650661,6.409419351075401e-05,25,10,20
34,2523,0.9202231586829555,1.2503126363575406e-05,0.07970020303270085,6.413515798015188e-05,25,10,20
34,2524,0.9195840005193385,1.2510922775390834e-05,0.08033746769082212,6.602086706401475e-05,25,10,20
34,2525,0.919398954762255,1.2574145247831471e-05,0.08052244585574803,6.602523674907157e-05,25,10,20
34,2526,0.9199480291214307,1.2575416921615329e-05,0.07997516639472176,6.422906692587557e-05,25,10,20
34,2527,0.9196067807341285,1.2576143466016556e-05,0.08031641237533392,6.423074707159644e-05,25,10,20
34,2528,0.9469059458185097,4.11211162224332e-06,0.05302703991960968,6.290215025822397e-05,25,10,20
34,2529,0.9492893824271492,7.102821408197633e-06,0.05064050275281023,6.301199863227908e-05,25,10,20
34,2530,0.9525377238699393,7.0999926333972395e-06,0.047397712093221356,5.7464044205906795e-05,25,10,20
34,2531,0.9614126303537626,6.128251405734446e-06,0.038521996356311844,5.9245038519549156e-05,25,10,20
34,2532,0.9616466402495472,6.063379042328019e-06,0.0382880660036206,5.9230367789432916e-05,25,10,20
34,2533,0.9613148119191064,6.070172867118423e-06,0.038619882401086034,5.923550694011346e-05,25,10,20
34,2534,0.9608333769585916,6.0803491364853715e-06,0.038984148360057265,0.00017639433221430592,25,10,20
34,2535,0.9607808573431548,6.081851709485366e-06,0.039036668960098185,0.00017639184503709032,25,10,20
34,2536,0.9612545174405533,6.081627538739005e-06,0.03856303780630162,0.00017636312560595673,25,10,20
34,2537,0.9584565433681785,6.08032689850175e-06,0.04136103567842058,0.0001763406265021832,25,10,20
34,2538,0.9591557295365182,4.044888271052577e-06,0.04066377424459822,0.00017645133061207653,25,10,20
34,2539,0.9591979095228708,4.045774080563173e-06,0.0406214986728141,0.00017654603023431554,25,10,20
34,2540,0.9584539849082944,4.045200918696941e-06,0.041370960300166876,0.00017100959061977703,25,10,20
34,2541,0.9580242465265788,1.141865993745038e-06,0.04101541692274067,0.0009591946846866699,25,10,20
34,2542,0.9428656070387766,5.383856390501204e-06,0.05616980022898977,0.0009592088758428854,25,10,20
34,2543,0.9459949695789674,5.292057941404359e-06,0.05382839537271906,0.0001713429903719816,25,10,20
34,2544,0.9465038900603754,5.281838734152063e-06,0.05343665443440077,5.4173666489546934e-05,25,10,20
34,2545,0.9493576370057418,5.271696656880919e-06,0.05060710180666728,2.9989490933913626e-05,25,10,20
34,2546,0.9420487991612682,5.2561042677446545e-06,0.057913913846784563,3.20308876794267e-05,25,10,20
34,2547,0.939587566264646,5.2573462582040845e-06,0.060378507458081904,2.8668931013756758e-05,25,10,20
34,2548,0.9431363030625941,9.554521165528788e-06,0.0568283416401554,2.580077608483791e-05,25,10,20
34,2549,0.936802103726359,1.0739690119718382e-05,0.06316104427506894,2.6112308452649717e-05,25,10,20
34,2550,0.9357451648697428,1.1840681810128474e-05,0.06421709741195614,2.5897036491075833e-05,25,10,20
34,2551,0.9356235508045238,1.1846187702167102e-05,0.06433868969025042,2.5913317523465614e-05,25,10,20
34,2552,0.9355845277005851,1.1845415863056869e-05,0.06437780830556358,2.5818577988039092e-05,25,10,20
34,2553,0.9380047975236339,1.1851959100417122e-05,0.061954216556908005,2.9133960357359277e-05,25,10,20
34,2554,0.9378519166986358,1.1951144137355998e-05,0.062106972965138736,2.9159192087834838e-05,25,10,20
34,2555,0.9354674463248778,1.192788063612165e-05,0.06448646818601221,3.415760847386223e-05,25,10,20
34,2556,0.9470685021539551,1.1610835693576235e-05,0.05288983045875699,3.0056551594255313e-05,25,10,20
34,2557,0.9417653425866068,1.050333461337328e-05,0.05819414622373869,3.0007855041005866e-05,25,10,20
34,2558,0.9408315066857476,1.052299641920016e-05,0.059127944760227764,3.0025557605631425e-05,25,10,20
34,2559,0.9404781710141316,1.0521700853126863e-05,0.059481429045476306,2.987823953893704e-05,25,10,20
34,2560,0.9408239984510408,1.052074686246722e-05,0.059135361969377895,3.011883271860468e-05,25,10,20
34,2561,0.943588011698784,1.050340612076735e-05,0.05637710351142295,2.4381383672060186e-05,25,10,20
34,2562,0.9439349848846191,1.0405589385593822e-05,0.05602998723163792,2.462229435716603e-05,25,10,20
34,2563,0.9440551420554145,1.0405555017461172e-05,0.05590983694729799,2.461544226976548e-05,25,10,20
34,2564,0.9451408059772659,1.037723385781353e-05,0.05482386168876344,2.4955100112496375e-05,25,10,20
34,2565,0.9451055714359312,1.0377527156088967e-05,0.05485955562159681,2.4495415315549823e-05,25,10,20
34,2566,0.945100450681095,1.0390094854921912e-05,0.05486404149458351,2.511772946625171e-05,25,10,20
34,2567,0.9566470910931066,1.0385888754381389e-05,0.04333239150428846,1.013151385035278e-05,25,10,20
34,2568,0.9632979594541253,1.038164276620844e-05,0.0366815275933035,1.0131309804746447e-05,25,10,20
34,2569,0.9633009745038872,1.0381706348757899e-05,0.036678513221316156,1.0130568447433243e-05,25,10,20
34,2570,0.9609391524634635,1.0373473550250937e-05,0.039043661262833804,6.812800152161552e-06,25,10,20
34,2571,0.9526897572825369,1.0611408708005984e-05,0.04729275757795794,6.873730797394208e-06,25,10,20
34,2572,0.9520794748005084,1.061478812762896e-05,0.047902894713267925,7.015698096193261e-06,25,10,20
34,2573,0.9520638502008676,1.0614864446225307e-05,0.04791851529126884,7.019643417499013e-06,25,10,20
34,2574,0.9547827751502937,1.061466465854185e-05,0.045199268074896215,7.342110151680469e-06,25,10,20
34,2575,0.9555540113607709,1.067614203574948e-05,0.044429461749734216,5.850747459301233e-06,25,10,20
34,2576,0.9554962231735423,1.0674332773434063e-05,0.044487514682517285,5.587811167234969e-06,25,10,20
34,2577,0.9555496254826344,1.0674175653009526e-05,0.04443411155436523,5.588787347447226e-06,25,10,20
34,2578,0.9540025725690753,1.2251677909166567e-05,0.04597945087937365,5.72487364210183e-06,25,10,20
34,2579,0.9483258477080883,1.2260678284899743e-05,0.051648313899530646,1.3577714096304108e-05,25,10,20
34,2580,0.9469968462721629,1.2303630273368573e-05,0.05297317833932248,1.7671758241471184e-05,25,10,20
34,2581,0.9503103385673576,1.2294635228067897e-05,0.049666880486270895,1.0486311143742879e-05,25,10,20
34,2582,0.950924382299619,1.2293548690863976e-05,0.0490529906364168,1.0333515273557664e-05,25,10,20
34,2583,0.9491374813837699,1.2297083101773714e-05,0.05081451089163034,3.571064149783683e-05,25,10,20
34,2584,0.9571961647892205,1.2067390753265799e-05,0.04275611937922941,3.564844079688455e-05,25,10,20
34,2585,0.9537572624119117,1.4299493018587643e-05,0.04619254629665994,3.5891798409816185e-05,25,10,20
34,2586,0.953185951576521,1.5337396381047464e-05,0.046762775548047114,3.593547905098561e-05,25,10,20
34,2587,0.9485452881060819,1.534187837735124e-05,0.05140339901120759,3.5971004333375494e-05,25,10,20
34,2588,0.9481376534218326,1.5342718161567107e-05,0.05181103414924459,3.596971076145245e-05,25,10,20
34,2589,0.9499540592978256,1.5455469300657025e-05,0.050019911489038255,1.0573743835315249e-05,25,10,20
34,2590,0.9500651211302567,1.5455517311353155e-05,0.04990885002174099,1.0573330690901556e-05,25,10,20
34,2591,0.9500786486413004,1.5443090844213975e-05,0.0498959499761024,9.958291752851863e-06,25,10,20
34,2592,0.9505793917727753,1.4405496301658303e-05,0.04939627501595891,9.927714964191783e-06,25,10,20
34,2593,0.9529703486276172,1.4408789810141354e-05,0.04700600708122999,9.235501342760226e-06,25,10,20
34,2594,0.9526509753781895,1.441071251213165e-05,0.047325373728849734,9.240180448742021e-06,25,10,20
34,2595,0.9531044552079009,1.4338197682648082e-05,0.04687273825090758,8.468343508986791e-06,25,10,20
34,2596,0.95304920747097,1.4335928188671364e-05,0.04692797757133594,8.479029505348663e-06,25,10,20
34,2597,0.9529697345187758,1.4336108042941182e-05,0.047007449496956503,8.479876224917028e-06,25,10,20
34,2598,0.9503391701582536,1.4225470531620428e-05,0.049637761362539716,8.843008674856157e-06,25,10,20
34,2599,0.9320350003581344,1.4243005653498876e-05,0.06794192104323545,8.835592976444847e-06,25,10,20
34,2600,0.930705369202755,1.4239300885706408e-05,0.06927156364295887,8.82785340047549e-06,25,10,20
34,2601,0.9310927831271977,1.4238548708060301e-05,0.06888416164601693,8.816678077458386e-06,25,10,20
34,2602,0.9296051764028727,1.42788093888244e-05,0.07037169162099342,8.853166745282556e-06,25,10,20
34,2603,0.9293874567844881,1.425628435572287e-05,0.07058946130636633,8.825624790097325e-06,25,10,20
34,2604,0.9291022749168948,1.4256446893696679e-05,0.07087463338308318,8.835253128597858e-06,25,10,20
34,2605,0.9284825843747455,1.4261058380821744e-05,0.07149430133056285,8.853236311119005e-06,25,10,20
34,2606,0.9338173505031824,1.3079282334512172e-05,0.06616101587449816,8.554339985214655e-06,25,10,20
34,2607,0.9340860564483677,1.3067079403806467e-05,0.06589415239890228,6.724073326638801e-06,25,10,20
34,2608,0.9351061610987589,1.3063749864139964e-05,0.06487404797671696,6.727174660358573e-06,25,10,20
34,2609,0.9350110509432622,1.3061974888243364e-05,0.06496918197062712,6.705111222930825e-06,25,10,20
34,2610,0.9335161472268263,1.3104176320690799e-05,0.06646397263550097,6.775961352450313e-06,25,10,20
34,2611,0.933909801798093,1.3113760090667166e-05,0.06607029841260632,6.7860292101237394e-06,25,10,20
34,2612,0.9523473396938112,1.3096101585479e-05,0.047632781545143284,6.782659460021683e-06,25,10,20
34,2613,0.9513416578335111,1.3093100790479092e-05,0.04863849055224377,6.758513454705668e-06,25,10,20
34,2614,0.9534632471314882,1.3091937095469141e-05,0.04651714899801844,6.511933397728359e-06,25,10,20
34,2615,0.9536929575455332,1.3049879889016678e-05,0.04628749124266653,6.501331911067472e-06,25,10,20
34,2616,0.9687761214101062,8.807817184279331e-06,0.03120858381564311,6.486957066043642e-06,25,10,20
34,2617,0.974448706300993,8.79818038878093e-06,0.02553605408213598,6.4414364822190595e-06,25,10,20
34,2618,0.9725273496586888,8.922855335301695e-06,0.027456780119229127,6.947366746497666e-06,25,10,20
34,2619,0.9720360102031088,8.838066143735555e-06,0.02793880939364501,1.634233710227736e-05,25,10,20
34,2620,0.96804392334109,8.901335615571136e-06,0.03193059345598446,1.6581867309899256e-05,25,10,20
34,2621,0.9660924624277996,8.898142014085779e-06,0.03388196352287682,1.667590730891526e-05,25,10,20
34,2622,0.9652105598358393,8.826286672811225e-06,0.03476418952255372,1.6424354933682025e-05,25,10,20
34,2623,0.9522709810418445,8.826994350726213e-06,0.04770388013329372,1.6311830510580507e-05,25,10,20
34,2624,0.9544412017892564,8.827150441835857e-06,0.04553346829553742,1.6502764763948182e-05,25,10,20
34,2625,0.9536003675399869,8.82699636306841e-06,0.04637431246625737,1.6492997392208714e-05,25,10,20
34,2626,0.9467070784392255,8.787332062147511e-06,0.05061618754101734,0.0026679466876946534,25,10,20
34,2627,0.9416697485489799,4.9916210411106235e-06,0.055657692382351416,0.002667567447627458,25,10,20
34,2628,0.9412447991505611,5.001726566091441e-06,0.056080500945070125,0.002669698177802444,25,10,20
34,2629,0.9386727999013975,5.001368639411343e-06,0.058652491498774814,0.002669707231188268,25,10,20
34,2630,0.9265344829311922,5.005065252920529e-06,0.07079085551499624,0.002669656488558176,25,10,20
34,2631,0.9148864366834889,5.0049139015296265e-06,0.08243888910602276,0.002669669296586563,25,10,20
34,2632,0.9095709646789154,5.006264528949968e-06,0.08775433611694629,0.0026696929396087697,25,10,20
34,2633,0.9115858025168222,4.949647455776875e-06,0.08573958677193484,0.002669661063786573,25,10,20
34,2634,0.9116588109791277,4.949766269934752e-06,0.08566656248325934,0.0026696767713423196,25,10,20
34,2635,0.9157591071321542,1.3516321571638358e-07,0.08157147046180264,0.0026692872428267156,25,10,20
34,2636,0.921689899060399,1.341479541063491e-07,0.07564068234731755,0.0026692844443289687,25,10,20
34,2637,0.9006069813483758,2.0780411319334767e-05,0.09670292083697998,0.0026693174033245045,25,10,20
34,2638,0.8998711798531056,2.0788042356696728e-05,0.09743871298107663,0.0026693191234607324,25,10,20
34,2639,0.9009937777698258,2.078805452563011e-05,0.09631611482154465,0.002669319354103696,25,10,20
34,2640,0.9128914554910074,2.0922153724771984e-05,0.08441831105163596,0.0026693113036315684,25,10,20
34,2641,0.912273758102516,2.0925449234124354e-05,0.08503597145524515,0.0026693449930043876,25,10,20
34,2642,0.9093276447376073,2.0943067567714877e-05,0.08798120982146385,0.002670202373361111,25,10,20
34,2643,0.9361161324906461,2.093700786700642e-05,0.06119272334759208,0.002670207153894703,25,10,20
34,2644,0.9374528048331251,2.0926263635815922e-05,0.059856109104241086,0.002670159798997795,25,10,20
34,2645,0.9372184501018601,2.0931414836989135e-05,0.060090410163936105,0.002670208319366717,25,10,20
34,2646,0.9372758602664484,2.0926147080053878e-05,0.060033300052902375,0.002669913533569066,25,10,20
34,2647,0.9430555002334441,2.0923267122950044e-05,0.054253679164702244,0.0026698973347308347,25,10,20
34,2648,0.9427680178108843,2.092357168234677e-05,0.05454116357720655,0.0026698950402269978,25,10,20
34,2649,0.9422487342448573,2.0923920869458872e-05,0.05506044674769307,0.0026698950865802185,25,10,20
34,2650,0.9426658209442219,2.0971538723057354e-05,0.05464334524937883,0.0026698622676760925,25,10,20
34,2651,0.942618384804814,2.097383210808631e-05,0.05469078873886009,0.002669852624217491,25,10,20
34,2652,0.9342647285986949,2.0983820769883118e-05,0.06263406941573123,0.0030802181648036248,25,10,20
34,2653,0.9246217067258958,2.169798221755545e-05,0.0722804799015513,0.003076115390335266,25,10,20
34,2654,0.923616324131702,2.1692116262148436e-05,0.07328671059177672,0.003075273160258992,25,10,20
34,2655,0.9231636815546403,2.1692593586309468e-05,0.07373932293914218,0.003075302912630864,25,10,20
34,2656,0.9230227226096871,2.1692592206359226e-05,0.07388028199342873,0.00307530280467764,25,10,20
34,2657,0.9206177889143106,2.1700578677984697e-05,0.07628493358610199,0.0030755769209091454,25,10,20
34,2658,0.90085082678469,2.172933724677138e-05,0.09646220832341423,0.002665235554648877,25,10,20
34,2659,0.9037625339466314,2.1764375106160245e-05,0.0935506784570562,0.002665023221206061,25,10,20
34,2660,0.903851264670299,2.1764453160786277e-05,0.09346193022263206,0.002665040653907993,25,10,20
34,2661,0.9082698469525861,1.118576822293049e-06,0.08906378373954647,0.0026652507310450696,25,10,20
34,2662,0.9076200989577701,1.1174002758047727e-06,0.0897135168672251,0.0026652667747286956,25,10,20
34,2663,0.9078646173549952,1.118106911030036e-06,0.0894687661972224,0.0026654983408711088,25,10,20
34,2664,0.9077810686664268,1.1160313115734798e-06,0.08955231653434352,0.0026654987679178904,25,10,20
34,2665,0.9032009164268706,1.1200641530616784e-06,0.09409053170214016,0.0027074318068360226,25,10,20
34,2666,0.9141401693332525,4.2194504245172495e-07,0.08315221819482656,0.0027071905268779223,25,10,20
34,2667,0.9234130656147488,4.2185796669581186e-07,0.07654065430704121,4.5858220242843515e-05,25,10,20
34,2668,0.9256124717475736,4.2236894541009193e-07,0.07438318868867089,3.9171948096557344e-06,25,10,20
34,2669,0.9281296156729631,4.323325401510363e-07,0.07186463894221902,5.313052277234053e-06,25,10,20
34,2670,0.9283563274221021,4.3197630410595463e-07,0.07163793638480534,5.304216788031928e-06,25,10,20
34,2671,0.9295171635950135,3.4381273823477486e-07,0.07047719357675035,5.299015497490496e-06,25,10,20
34,2672,0.9293777683412524,2.885758417681522e-07,0.07061671904263338,5.224040272047959e-06,25,10,20
34,2673,0.9294228592407956,2.8752841208872653e-07,0.07057186618033204,4.987050459876561e-06,25,10,20
34,2674,0.937851899294194,2.723760985796359e-07,0.062142831001255436,4.997328451627736e-06,25,10,20
34,2675,0.917505676491585,1.0481294290726654e-06,0.08248383313912219,9.442239863502113e-06,25,10,20
34,2676,0.9127762587208857,1.2909178904928397e-06,0.08721187017824661,1.0580182977052938e-05,25,10,20
34,2677,0.9145788655944768,1.2913892142997509e-06,0.08540959204023567,1.0250976072851562e-05,25,10,20
34,2678,0.8790345437798948,1.3188096952839637e-06,0.1209537557144731,1.0381695936217696e-05,25,10,20
34,2679,0.8793376912115689,1.3091320189550074e-06,0.12065274258458926,8.257071822436757e-06,25,10,20
34,2680,0.8664630789893623,1.1832245749186718e-06,0.13346866361872917,6.707416733376082e-05,25,10,20
34,2681,0.8312090526344547,2.6799707426338904e-06,0.16872120786509337,6.705952971172987e-05,25,10,20
34,2682,0.8316658929297922,2.6810637516308345e-06,0.16826479908705816,6.662691939983268e-05,25,10,20
34,2683,0.8316416825050407,2.681088300561212e-06,0.168289003768526,6.663263813468834e-05,25,10,20
34,2684,0.8507077443584411,4.6931354109017076e-06,0.14922512398968954,6.243851645879866e-05,25,10,20
34,2685,0.8444282197334008,5.112775625951428e-06,0.1555038451870356,6.28223039383617e-05,25,10,20
34,2686,0.8434087381658462,5.946422761022945e-06,0.15629921125006296,0.0002861041613303396,25,10,20
34,2687,0.8411931957573335,3.4016960199771385e-06,0.15851756698180153,0.00028583556484532125,25,10,20
34,2688,0.8415718022549812,3.3935085466440424e-06,0.15814037666676434,0.00028442756970820197,25,10,20
34,2689,0.8407164448288081,3.498721294279343e-06,0.15899342788970044,0.0002866285601974616,25,10,20
34,2690,0.8415143856225832,3.3940950818771014e-06,0.15819765611738326,0.00028456416495214375,25,10,20
34,2691,0.8386729909551305,3.4108586944797007e-06,0.16093054564126721,0.0003930525449097184,25,10,20
34,2692,0.8419849397949888,3.1772147613374384e-06,0.15761878033096768,0.0003931026592826777,25,10,20
34,2693,0.84293960994408,2.34048773583027e-06,0.1568854280405014,0.00017262152768317542,25,10,20
34,2694,0.8075884027940639,2.3648691681810067e-06,0.19185899162479378,0.0005502407119750537,25,10,20
34,2695,0.8063212119973118,2.4004400102349966e-06,0.19312602326736342,0.0005503642953158042,25,10,20
34,2696,0.8063007953855437,2.3994299039474877e-06,0.19314642576484176,0.0005503794197116402,25,10,20
34,2697,0.805081840805179,2.402023951210182e-06,0.1943649199209561,0.0005508372499146947,25,10,20
34,2698,0.7760519879094158,2.430947099809304e-06,0.22339481894212385,0.0005507622013609743,25,10,20
34,2699,0.7958407564251054,2.406607209956429e-06,0.20398366709792476,0.0001731698697605009,25,10,20
34,2700,0.8318523195850334,9.095980499866668e-07,0.16797360316501841,0.00017316765189989217,25,10,20
34,2701,0.8612670876266365,8.718919014504647e-07,0.13855870289397365,0.00017333758748886666,25,10,20
34,2702,0.8951356939914341,1.1494627430337187e-06,0.10468992417248112,0.00017323237334152276,25,10,20
34,2703,0.8949607702627763,1.143663768758358e-06,0.10486488511019337,0.00017320096326158788,25,10,20
34,2704,0.9021586324556548,8.962257838833161e-07,0.0976684235165814,0.00017204780197982336,25,10,20
34,2705,0.8966136066653055,8.995124508677583e-07,0.1032134851246977,0.00017200869754584994,25,10,20
34,2706,0.9132725577240595,8.990864607027454e-07,0.08655478287735484,0.00017176031212514403,25,10,20
34,2707,0.9152797979433259,5.909389728043793e-07,0.08454788697800442,0.00017172413969692053,25,10,20
34,2708,0.9204892571456412,5.521830661316442e-07,0.07933849076473316,0.00017169990655954533,25,10,20
34,2709,0.9203359746015607,5.525968398983929e-07,0.07949173397092311,0.00017173883067658413,25,10,20
34,2710,0.9169985474756871,5.663989169488167e-07,0.08282913552849407,0.00017175059690253201,25,10,20
34,2711,0.9181266544660198,7.028103264413844e-05,0.08163124385303,0.00017182064830664832,25,10,20
34,2712,0.9180880738551142,7.028079539568265e-05,0.08166983690209455,0.00017180844739625987,25,10,20
34,2713,0.9233034184775903,7.027835798297049e-05,0.0764544717747665,0.0001718313896605504,25,10,20
34,2714,0.937156052069733,7.027405851396779e-05,0.06266063509805447,0.00011303877369891368,25,10,20
34,2715,0.915758954347773,7.02827487513304e-05,0.08405762907320526,0.00011313383027090119,25,10,20
34,2716,0.9156852961741839,7.02827737542694e-05,0.08413128639756541,0.00011313465449679907,25,10,20
34,2717,0.9097239889478999,7.039014579261421e-05,0.0900925000683206,0.00011312083798750124,25,10,20
34,2718,0.9094655554044295,7.043709760013368e-05,0.09035066237436487,0.00011334512360582151,25,10,20
34,2719,0.9090287124366531,7.04397853911036e-05,0.09078657882822988,0.0001142689497263999,25,10,20
34,2720,0.9025952772679493,7.077539458796411e-05,0.09722198266269885,0.00011196467476435251,25,10,20
34,2721,0.8958316592470418,7.096293982449807e-05,0.10395852143923501,0.00013885637389930274,25,10,20
34,2722,0.8976347850733005,1.2464978830535063e-06,0.10222561899314163,0.0001383494356751213,25,10,20
34,2723,0.897638359354012,1.246365234671601e-06,0.10222204870592039,0.00013834557483334114,25,10,20
34,2724,0.8954534429870494,1.2617247387647747e-06,0.10440133513819483,0.00014396015001724198,25,10,20
34,2725,0.9016368675945742,1.1541825994316228e-06,0.09821791183494578,0.00014406638788088208,25,10,20
34,2726,0.9067489600518414,1.8237440358391998e-06,0.09310518100962667,0.00014403519449643554,25,10,20
34,2727,0.909928741027521,1.8259912369128927e-06,0.08992541216017465,0.0001440208210681892,25,10,20
34,2728,0.9135893515680183,1.5109956938236919e-06,0.08626550699956971,0.00014363043671897073,25,10,20
34,2729,0.935009589829163,1.552454668759077e-06,0.06484496586926974,0.00014389184689891286,25,10,20
34,2730,0.9176695419526308,0.001619312948289671,0.08056713785936255,0.00014400723971678934,25,10,20
34,2731,0.9206189714454383,0.0016192938547101568,0.077726215303002,3.551939684977004e-05,25,10,20
34,2732,0.9203621582293218,0.0016192967334447766,0.07798299597930923,3.5549057924241814e-05,25,10,20
34,2733,0.9207948490472976,0.0016193056112364201,0.07755030275369039,3.5542587775781795e-05,25,10,20
34,2734,0.9208960714568437,0.001619263664995911,0.07744933880581263,3.5326072347847514e-05,25,10,20
34,2735,0.8895478299390231,0.0016192817755993016,0.10879757145779732,3.5316827580793254e-05,25,10,20
34,2736,0.8523651236048283,0.0016198068906395054,0.14597974223544635,3.532726908622501e-05,25,10,20
34,2737,0.8817691021497609,0.0016198445674776032,0.11657575073736316,3.5302545398516174e-05,25,10,20
34,2738,0.8812142513166964,0.0016198441500884766,0.11713060661546593,3.529791774916776e-05,25,10,20
34,2739,0.8881610834183735,0.0016198511290925022,0.11013981554638669,7.924990614716118e-05,25,10,20
34,2740,0.8885707096528265,0.0016198156208946624,0.10973046962300108,7.900510327767807e-05,25,10,20
34,2741,0.8886500656696796,0.001619814752694595,0.10965128782818058,7.883174944505647e-05,25,10,20
34,2742,0.8755773469977955,0.001620872408690705,0.1227229342288249,7.884636468849613e-05,25,10,20
34,2743,0.8733723001768439,0.0016209009877663464,0.12492794917772969,7.884965766006146e-05,25,10,20
34,2744,0.871477294294742,0.001620941642562065,0.12682275189986542,7.901216283040834e-05,25,10,20
34,2745,0.8471572446638771,0.0016210086566694859,0.15112461638260632,9.713029684707046e-05,25,10,20
34,2746,0.8367873893365367,0.001621093027106499,0.1614861084262994,0.0001054092100566851,25,10,20
34,2747,0.8469197703164175,0.0016206626701559805,0.15135455062514147,0.0001050163882849719,25,10,20
34,2748,0.8842816698240691,0.0016201371443797848,0.11399323984392748,0.00010495318762340791,25,10,20
34,2749,0.8795229159256496,0.0016201088893827691,0.1187519813064365,0.00010499387853094201,25,10,20
34,2750,0.8433361228345069,0.0016200476139206254,0.15493884094149915,0.00010498861007341695,25,10,20
34,2751,0.8493129379359032,0.0016198596438340785,0.14898922981672866,7.79726035342211e-05,25,10,20
34,2752,0.8204373534364783,0.00162058005207968,0.1778591605123241,8.290599911687682e-05,25,10,20
34,2753,0.8194438961571652,0.0016205841723175552,0.17885214004682692,8.337962368899573e-05,25,10,20
34,2754,0.8203433926004337,0.0016205801539679776,0.1779531160882852,8.291115731191434e-05,25,10,20
34,2755,0.8203226805481671,0.0016205369253480403,0.17797340674426654,8.33757822176947e-05,25,10,20
34,2756,0.8363471638236751,0.0016198594806736502,0.16194965190879704,8.332478685390426e-05,25,10,20
34,2757,0.8350991591049646,0.0016203047656648977,0.16319707248001847,8.346364935192519e-05,25,10,20
34,2758,0.8350910311523131,0.001620304857877763,0.16320519568897904,8.346830082966045e-05,25,10,20
34,2759,0.8675124520088101,0.0016203051306998776,0.13078375523772778,8.348762276154702e-05,25,10,20
34,2760,0.8718587352438294,0.0016202979236105705,0.1264814403236642,3.952650889511617e-05,25,10,20
34,2761,0.8715729305635045,0.0016202990938776198,0.12676431383803438,4.2456504582993784e-05,25,10,20
34,2762,0.8846523370627415,0.001619238538976952,0.11368601353754336,4.241086073784383e-05,25,10,20
34,2763,0.8845071040257696,0.0016192423679542397,0.11383122432319909,4.2429283076610956e-05,25,10,20
34,2764,0.8849061212281006,0.001619248859617722,0.11343513006683076,3.9499845450507504e-05,25,10,20
34,2765,0.8852644678304395,0.0016192417780973086,0.11307677094681115,3.951944465141555e-05,25,10,20
34,2766,0.859062748309222,0.0016191487245617228,0.13928687653020932,3.122643600662906e-05,25,10,20
34,2767,0.8220624799005827,0.001619148086171877,0.17628716162646424,3.1210386779933406e-05,25,10,20
34,2768,0.8067142838769783,0.0016191077767704948,0.19163224936272896,3.4358983520534734e-05,25,10,20
34,2769,0.8066101214750572,0.0016191092026552672,0.19173582882020732,3.494050207857489e-05,25,10,20
34,2770,0.8075241788612095,0.0016190917635414458,0.1908219125477582,3.481682748940065e-05,25,10,20
34,2771,0.844695892261202,0.0016190911726906988,0.15365019847731462,3.481808879227347e-05,25,10,20
34,2772,0.8448689936184286,0.0016190907207757287,0.15347710518587465,3.4810474920681124e-05,25,10,20
34,2773,0.8369217985909205,0.0016190907605676474,0.16142282662579135,3.628402272006231e-05,25,10,20
34,2774,0.8534700056409287,0.0016191044518529731,0.14487455403969066,3.633586752756786e-05,25,10,20
34,2775,0.8450216692488661,1.3642139722451778e-06,0.1549403679535687,3.659858359275152e-05,25,10,20
34,2776,0.8554525143968601,1.5705017796341963e-06,0.14451173360660557,3.4181494754388896e-05,25,10,20
34,2777,0.8754558747267407,1.5605702221029796e-06,0.12450822973966746,3.43349633696017e-05,25,10,20
34,2778,0.8669302107689998,2.190251055459994e-06,0.12283994652482731,0.010227652455117286,25,10,20
34,2779,0.8571537507789535,2.1935554303741424e-06,0.13261633228215178,0.0102277233834641,25,10,20
34,2780,0.8676836776180562,2.1905528673660204e-06,0.1220864953699307,0.010227636459145522,25,10,20
34,2781,0.8713252282743986,1.369660449188454e-06,0.128526041349433,0.00014736071571909898,25,10,20
34,2782,0.8717381400786204,1.3688721053797758e-06,0.12811330544866714,0.0001471856006071715,25,10,20
34,2783,0.8747669367089105,1.3486970450059674e-06,0.12508462784619345,0.00014708674785104313,25,10,20
34,2784,0.9033533517808866,6.283957186625086e-07,0.09650386722100134,0.00014215260239381546,25,10,20
34,2785,0.9025390497033007,6.289294909988662e-07,0.09731806254976323,0.00014225881744532292,25,10,20
34,2786,0.9045388072140068,6.152537269773527e-07,0.09532337993333644,0.0001371975989299173,25,10,20
34,2787,0.9055827523160244,6.155791042570577e-07,0.09427928758549696,0.00013734451937424814,25,10,20
34,2788,0.9042980002833297,3.2565444008326137e-06,0.09556134720541837,0.00013739596685096532,25,10,20
34,2789,0.9047370523344205,3.2584308014417237e-06,0.09512230674012814,0.00013738249464986986,25,10,20
34,2790,0.9047490542442237,3.258457012953822e-06,0.0951102931151384,0.0001373941836248716,25,10,20
34,2791,0.8714118060280611,3.3529234746993595e-06,0.12720447461993803,0.001380366428525926,25,10,20
34,2792,0.871332960487774,3.6140263920115494e-06,0.12726199024775328,0.0014014352380808375,25,10,20
34,2793,0.8599003790560569,3.6133070100486968e-06,0.138800284577162,0.001295723059771146,25,10,20
34,2794,0.8544673164302816,3.823542130651376e-06,0.14423383821577837,0.001295021811809577,25,10,20
34,2795,0.8549376546169214,3.820833828435443e-06,0.14376442700492112,0.0012940975443290854,25,10,20
34,2796,0.8562454725984173,3.3758173123605964e-06,0.14245719588300687,0.0012939557012630646,25,10,20
34,2797,0.8819116882178332,3.3626604943711657e-06,0.11679136479423477,0.001293584327437274,25,10,20
34,2798,0.9064026887515291,3.2904343105849013e-06,0.09231855883150558,0.0012754619826545706,25,10,20
34,2799,0.9387166834464367,3.921161323839341e-06,0.06124327681775589,3.6118574483640606e-05,25,10,20
34,2800,0.9454143276351412,3.920779616230545e-06,0.05454568015272547,3.6071432516965034e-05,25,10,20
34,2801,0.9529060601035876,3.659305423637708e-06,0.04707674161677544,1.3538974213243527e-05,25,10,20
34,2802,0.9524336665761349,3.6593818769378734e-06,0.04754911383951081,1.356020247724749e-05,25,10,20
34,2803,0.9578743344477237,3.446447143415525e-06,0.04210865905846593,1.356004666652125e-05,25,10,20
34,2804,0.958629079168173,3.442070628903508e-06,0.04135392803758787,1.3550723609917366e-05,25,10,20
34,2805,0.9591412488047097,3.441924838026921e-06,0.04084228481343282,1.3024457019120235e-05,25,10,20
34,2806,0.9598370551023225,3.441598125232414e-06,0.04014649609397981,1.3007205572035971e-05,25,10,20
34,2807,0.9573135359615849,3.442525791042133e-06,0.042669817356140456,1.3204156483332932e-05,25,10,20
34,2808,0.9444615201155243,3.4613149253339237e-06,0.0555218233157076,1.3195253842612472e-05,25,10,20
34,2809,0.9445403552190385,3.4639063808085635e-06,0.05544299378784609,1.3187086734466119e-05,25,10,20
34,2810,0.9159861055983457,3.4712927206546844e-06,0.08399723750466638,1.3185604267110533e-05,25,10,20
34,2811,0.9169879019254162,2.743855324721279e-06,0.0829998081929873,9.546026271272028e-06,25,10,20
34,2812,0.9091718523988317,2.772775676398033e-06,0.0908157738452144,9.60098027776538e-06,25,10,20
34,2813,0.9088912217977072,2.7728285086172185e-06,0.09109639245522784,9.612918556073872e-06,25,10,20
34,2814,0.9222941443585597,2.775743395931275e-06,0.07769356309373775,9.51680430619842e-06,25,10,20
34,2815,0.9237373521852486,1.3085363203887286e-07,0.0762530700499691,9.446911149979275e-06,25,10,20
34,2816,0.9236667287751582,1.251289813090587e-07,0.07632369947096886,9.446624891186175e-06,25,10,20
34,2817,0.9307321823262172,9.634967410245306e-08,0.06925816935002027,9.55197408821906e-06,25,10,20
34,2818,0.9578137955520145,8.884761473630538e-08,0.042176562578010494,9.553022360095844e-06,25,10,20
34,2819,0.978145498830695,2.997413139485421e-07,0.02179844785499528,5.575357299554318e-05,25,10,20
34,2820,0.9812160022922758,2.869079008666013e-07,0.018727924375551,5.578642427224994e-05,25,10,20
34,2821,0.9812476709491569,2.868084111835402e-07,0.018696255839475477,5.578640295635325e-05,25,10,20
34,2822,0.9734475657693896,2.982873268059302e-07,0.026496326339562403,5.580960372110932e-05,25,10,20
34,2823,0.9743657217432161,2.980420258296464e-07,0.025578342876047277,5.563733871072505e-05,25,10,20
34,2824,0.974450299162742,2.979156189481877e-07,0.02549349796147468,5.5904960164116074e-05,25,10,20
34,2825,0.974549845683966,2.956387846798761e-07,0.025393645546334914,5.6213130914008657e-05,25,10,20
34,2826,0.9736793826587499,3.0937182651929163e-07,0.026260570217576374,5.97377518467339e-05,25,10,20
34,2827,0.9736967689890578,3.092742548022777e-07,0.026243191595522585,5.973014116425412e-05,25,10,20
34,2828,0.9738951042420306,3.1242801690596617e-07,0.026044849487248216,5.9733842703543156e-05,25,10,20
34,2829,0.9602466088028082,2.9936724029185717e-07,0.03969328426619906,5.9807563751949743e-05,25,10,20
34,2830,0.9603596117135921,2.9932994534467786e-07,0.03958027179633417,5.981716012805731e-05,25,10,20
34,2831,0.9603956029274993,2.9459163806055857e-07,0.039544296148492204,5.980633237005254e-05,25,10,20
34,2832,0.9534315858830253,3.016335639172918e-07,0.04650703538609115,6.107709731953219e-05,25,10,20
34,2833,0.9405481374477128,1.718971550937028e-05,0.059373048624605664,6.162421217226251e-05,25,10,20
34,2834,0.9284860760121281,1.7249883081134212e-05,0.07143298997012688,6.368413466386083e-05,25,10,20
34,2835,0.9282651862997561,1.7250018836015083e-05,0.07165388808200253,6.367559940521774e-05,25,10,20
34,2836,0.9285579131166064,1.7247474076969026e-05,0.07136116202511567,6.367738420106814e-05,25,10,20
34,2837,0.9359117066392415,1.7245800057629184e-05,0.06400735653816433,6.369102253662671e-05,25,10,20
34,2838,0.9190631651300045,1.725328303189124e-05,0.08083016172794139,8.94198590223286e-05,25,10,20
34,2839,0.913084879982607,1.725853282592607e-05,0.08680844132911092,8.942015545614976e-05,25,10,20
34,2840,0.9128761753569397,1.7257696970732106e-05,0.087017146245355,8.942070073458919e-05,25,10,20
34,2841,0.9128005162345274,1.7257742849753526e-05,0.08709279376454226,8.943225808055409e-05,25,10,20
34,2842,0.9130291495603045,1.7249951623267637e-05,0.08686403052618903,8.956996188345854e-05,25,10,20
34,2843,0.9241602531625399,1.718972774295531e-05,0.07573531262984319,8.724447987398333e-05,25,10,20
34,2844,0.9240107952305047,1.7190998077622634e-05,0.07588477021798547,8.724355343223897e-05,25,10,20
34,2845,0.9107884721190851,1.782009140511868e-05,0.07990215154218797,0.009291556247321643,25,10,20
34,2846,0.9126155140651545,1.782212700068166e-05,0.07807255022830964,0.009294113579535284,25,10,20
34,2847,0.8955309077187137,1.7612500478485884e-05,0.09520991408578969,0.009241565695017622,25,10,20
34,2848,0.8995586918855979,1.7339217039231583e-05,0.100386599485129,3.736941223323787e-05,25,10,20
34,2849,0.8998358889255303,1.733782954980507e-05,0.10010940397905715,3.736926586212283e-05,25,10,20
34,2850,0.9065122161865312,1.7336104072373845e-05,0.09343430750118722,3.614020820860926e-05,25,10,20
34,2851,0.9206362992552637,1.732680428543821e-05,0.07931030579265225,3.606814779824794e-05,25,10,20
34,2852,0.9192008942284282,1.7375978787176948e-05,0.08074574064501099,3.598914777334358e-05,25,10,20
34,2853,0.9247755875154944,1.737592978277174e-05,0.07517101664573328,3.60199089892151e-05,25,10,20
34,2854,0.9254621203798229,1.737728992211116e-05,0.07448454546197725,3.595686827761667e-05,25,10,20
34,2855,0.9208064089061869,1.7387741096845853e-05,0.07914020042895566,3.6002923760098395e-05,25,10,20
34,2856,0.920691728816461,1.7389831624674526e-05,0.07925467452587705,3.620682603686573e-05,25,10,20
34,2857,0.9212101794197968,1.7389991157249254e-05,0.07873626795686198,3.616263218360105e-05,25,10,20
34,2858,0.9213233113312812,1.737580041413151e-05,0.07862314856906809,3.616429923606893e-05,25,10,20
34,2859,0.9380523023175581,1.7372878409148295e-05,0.061919889025583104,1.0435778449121801e-05,25,10,20
34,2860,0.9372407371984633,1.7393967885780303e-05,0.06273143146813198,1.0437365518313372e-05,25,10,20
34,2861,0.9336734802106598,1.7395164603756957e-05,0.06629695093309178,1.21736916440517e-05,25,10,20
34,2862,0.9307102708962234,1.7392805140666142e-05,0.06926015374912256,1.2182549512746836e-05,25,10,20
34,2863,0.9306907780193733,1.739281915101503e-05,0.06928023818248573,1.1590978989537533e-05,25,10,20
34,2864,0.9310131990390592,1.739523066432636e-05,0.06895780217178263,1.1603558493778199e-05,25,10,20
34,2865,0.9312197771220712,1.7392735386307535e-05,0.06875122160552297,1.1608537019501138e-05,25,10,20
34,2866,0.9065724780829515,2.284158716965277e-05,0.09336377107458739,4.090925529154326e-05,25,10,20
34,2867,0.8840689580129942,2.2873453810244106e-05,0.11586493245466123,4.323607853536842e-05,25,10,20
34,2868,0.8748817147758078,6.011812807027336e-06,0.1250622895723661,4.998383901988365e-05,25,10,20
34,2869,0.8709800835707714,6.123029231384778e-06,0.1283490386616606,0.0006647547383370274,25,10,20
34,2870,0.8697150752590855,6.13000618329894e-06,0.12960761029152656,0.000671184443205093,25,10,20
34,2871,0.8693633753852745,6.125000202424618e-06,0.12995930612419962,0.0006711934903240611,25,10,20
34,2872,0.8687385328190897,6.121320448162006e-06,0.13058363643614632,0.000671709424316501,25,10,20
34,2873,0.8684037486396186,6.175480960760438e-06,0.13091831577655402,0.0006717601028675275,25,10,20
34,2874,0.8636119068320554,0.00017585167118897255,0.13554236911813067,0.0006698723786257572,25,10,20
34,2875,0.8644609574952633,0.00017585180255791258,0.13469382958478535,0.0006693611173942336,25,10,20
34,2876,0.8645710115960048,0.0001758556825489345,0.13458202050165916,0.0006711122197881124,25,10,20
34,2877,0.8641400732412718,0.00017585572270114065,0.13501293338250034,0.0006711376535277288,25,10,20
34,2878,0.8689026577891861,0.000175850632145495,0.1302501005140324,0.0006713910646364963,25,10,20
34,2879,0.874980434789582,0.00017585851913931946,0.12417235552191005,0.0006713511693689407,25,10,20
34,2880,0.8751659529813949,0.00017585638471254454,0.12398702226508267,0.0006711683688100778,25,10,20
34,2881,0.8746956830270273,0.00017585594249984807,0.1244573019557112,0.0006711590747617171,25,10,20
34,2882,0.874895463636157,0.0001758502302929653,0.1242619985279733,0.0006666876055767416,25,10,20
34,2883,0.8976623868797664,0.00017581778958966445,0.10149745237962257,0.0006643429510214971,25,10,20
34,2884,0.8979854268003106,0.00017581402013239694,0.10117442751377335,0.0006643316657836718,25,10,20
34,2885,0.8929891308830195,0.00017582472438184066,0.1061582895539595,0.0006767548386393575,25,10,20
34,2886,0.8927164535287626,0.0001758607205761721,0.1064308538918912,0.0006768318587701623,25,10,20
34,2887,0.8870470453467639,0.0001758701829576537,0.11210019294647862,0.0006768915237998837,25,10,20
34,2888,0.8787420202120273,0.00017600612957076065,0.12040424867976884,0.0006777249786333623,25,10,20
34,2889,0.8820912998397987,0.00017589323668411652,0.11767003883570426,6.276808781320635e-05,25,10,20
34,2890,0.8855751843480516,0.0001758936361893983,0.11418787296293646,6.10490528228533e-05,25,10,20
34,2891,0.8862893354049881,0.0001758934456939167,0.11347397667658622,6.079447273205299e-05,25,10,20
34,2892,0.8844532092922023,0.00017589761137772088,0.11530978623201514,6.110686440516967e-05,25,10,20
34,2893,0.8824207396877274,0.000176033140667371,0.11734097388948873,6.225328211675808e-05,25,10,20
34,2894,0.8825894891137256,0.00017603874098915951,0.11717217070039933,6.230144488622717e-05,25,10,20
34,2895,0.8847721050174562,0.0001760379474853039,0.1149366073265819,0.00011524970847679732,25,10,20
34,2896,0.9068596815311174,0.000176014047147404,0.09285635711500159,0.0001079473067337435,25,10,20
34,2897,0.9064832433200825,0.00017602276604519233,0.09323215904654805,0.00010857486732460162,25,10,20
34,2898,0.907745126827483,0.00017617258515477876,0.09203209649316171,4.660409420081692e-05,25,10,20
34,2899,0.9331306027545875,0.00017070980620367384,0.06668489287046836,1.3794568740640186e-05,25,10,20
34,2900,0.9272603511549512,0.0003412652537775507,0.07237095574406935,2.7427847202061008e-05,25,10,20
34,2901,0.9452296921389325,0.00017186670868895782,0.05457098430734659,2.7456845032324838e-05,25,10,20
34,2902,0.9452291800926822,0.00017170744827432028,0.05457494043320991,2.4172025833825054e-05,25,10,20
34,2903,0.9439571939260979,0.00017171121182533688,0.05578680877582017,8.428608625655195e-05,25,10,20
34,2904,0.9365779258826368,0.000174885494857705,0.06316260662746141,8.458199504417494e-05,25,10,20
34,2905,0.9326219470841806,0.0001747535183160826,0.06711842240320416,8.48769942992322e-05,25,10,20
34,2906,0.9353065366388574,4.2039066311263135e-06,0.06460379814393351,8.546131057800312e-05,25,10,20
34,2907,0.9355887248093622,4.198504059967406e-06,0.06432142935958235,8.564732699559004e-05,25,10,20
34,2908,0.9355532187272673,4.144801667331973e-06,0.06435628033921685,8.635613184872357e-05,25,10,20
34,2909,0.930763371774702,4.117385828752603e-06,0.0691452862696527,8.722456981653783e-05,25,10,20
34,2910,0.9283697902054557,4.126175225781469e-06,0.07153896613455109,8.711748476721019e-05,25,10,20
34,2911,0.9186891909860525,4.576464028684409e-06,0.08121938773696939,8.684481294981894e-05,25,10,20
34,2912,0.9210778745275899,4.56511016665078e-06,0.07883076439025886,8.679597198436607e-05,25,10,20
34,2913,0.92108212157342,4.5718083917822625e-06,0.0788257777269309,8.75288912577488e-05,25,10,20
34,2914,0.9276446796267428,4.282868586675469e-06,0.07226354207095764,8.749543371318136e-05,25,10,20
34,2915,0.9293124873531743,4.265574328365511e-06,0.0706558205729715,2.7426499526129422e-05,25,10,20
34,2916,0.9386148079210715,3.909714797266159e-06,0.06135398694224109,2.7295421890233142e-05,25,10,20
34,2917,0.9381569195945274,3.91207894367402e-06,0.06173890268144272,0.00010026564508640324,25,10,20
34,2918,0.935941732727244,3.983549301535287e-06,0.06395359323031476,0.00010069049313978649,25,10,20
34,2919,0.9198659394566927,3.912761863875158e-06,0.08003004715112885,0.00010010063031424712,25,10,20
34,2920,0.9219159008799018,3.908688441240656e-06,0.07798039683852166,9.979359313522386e-05,25,10,20
34,2921,0.9270743057921371,3.899578209485693e-06,0.07282204389414307,9.975073551030485e-05,25,10,20
34,2922,0.9274824552243908,3.899660168344677e-06,0.07241388765319517,9.975746224554969e-05,25,10,20
34,2923,0.9280492760000684,3.899347061432258e-06,0.07184707884322623,9.974580964392976e-05,25,10,20
34,2924,0.9238644081980685,3.898868878081409e-06,0.07603329755547908,9.839537757426147e-05,25,10,20
34,2925,0.9405971782408309,4.70870002385827e-06,0.05929974544005022,9.836761909517549e-05,25,10,20
34,2926,0.9407305746391801,4.701031443486495e-06,0.05916699848926312,9.772584011346072e-05,25,10,20
34,2927,0.9408139686947825,4.694143990992541e-06,0.05906355002369251,0.00011778713753398334,25,10,20
34,2928,0.9410913563668721,4.749055317499967e-06,0.058859034254079796,4.486032373074487e-05,25,10,20
34,2929,0.9497097846856002,4.295950398520744e-06,0.05024153205682395,4.438730717757397e-05,25,10,20
34,2930,0.9487729598321338,4.2895338153010005e-06,0.05117908215476607,4.366847928499971e-05,25,10,20
34,2931,0.915936122735327,4.313313093111888e-06,0.08401589283369444,4.3671117885939186e-05,25,10,20
34,2932,0.9159838888393976,4.314075958209802e-06,0.08396809522457824,4.3701860066353816e-05,25,10,20
34,2933,0.9260658524508101,4.310668618754789e-06,0.07388622284614912,4.3614034422049574e-05,25,10,20
34,2934,0.9584178122244551,4.2900359045113794e-06,0.04144241827080593,0.0001354794688352773,25,10,20
34,2935,0.9584322023900772,4.289895856721364e-06,0.04142803391565167,0.000135473798415095,25,10,20
34,2936,0.9613961289432819,4.135538284471419e-06,0.03846509006694303,0.00013464545149151038,25,10,20
34,2937,0.959640334048829,4.13846659284566e-06,0.040213021496270825,0.00014250598830821027,25,10,20
34,2938,0.9602766676676047,4.1381910373506615e-06,0.039576738720102714,0.0001424554212560862,25,10,20
34,2939,0.9603232000185247,4.150790926562931e-06,0.03962198009365659,5.066909689291156e-05,25,10,20
34,2940,0.944816971046263,4.168035047653205e-06,0.05483307662012773,0.0003457842985616013,25,10,20
34,2941,0.9265922960944818,7.572409935740991e-06,0.07305387637059925,0.00034625512498373144,25,10,20
34,2942,0.9265813045223952,7.572939179622829e-06,0.07308440665631526,0.0003267158821106397,25,10,20
34,2943,0.9130829139489198,7.570384675692504e-06,0.0865763989070669,0.0003331167593384292,25,10,20
34,2944,0.931982373911205,7.550156041695752e-06,0.06797302112943884,3.705480331517785e-05,25,10,20
34,2945,0.9295108848001392,7.642571836003163e-06,0.0704445463316806,3.692629634485938e-05,25,10,20
34,2946,0.9343695797274677,7.650425749571851e-06,0.06558389617163997,3.887367514350696e-05,25,10,20
34,2947,0.9376237838562862,7.650781554576488e-06,0.06232964206575689,3.892329640297824e-05,25,10,20
34,2948,0.9367389734590954,7.8604382688307e-06,0.06314628829012951,0.00010687781250675375,25,10,20
34,2949,0.941107887288352,4.685952517907955e-06,0.058780834885021366,0.00010659187410932648,25,10,20
34,2950,0.9572302056799937,4.91805509801243e-06,0.04267254268500095,9.23335799075879e-05,25,10,20
34,2951,0.9323961261463921,0.0003329131780369867,0.06717729745989018,9.366321568126151e-05,25,10,20
34,2952,0.9322980731414018,0.0003329131492776148,0.06727534662321545,9.366708610584318e-05,25,10,20
34,2953,0.921486698450541,0.0003329130720403891,0.0780864697551428,9.3918722276695e-05,25,10,20
34,2954,0.9323051983217334,0.0003329140204203773,0.06725451308519241,0.0001073745726542072,25,10,20
34,2955,0.9353015560238469,0.0003329103885680887,0.06425814743179208,0.00010738615579336995,25,10,20
34,2956,0.9354585047285738,0.000332905892004374,0.06410078422580172,0.00010780515362086127,25,10,20
34,2957,0.9614555846907187,4.116996226046921e-06,0.03843385669431744,0.00010644161873870321,25,10,20
34,2958,0.9612806193183898,5.6832462727203365e-06,0.038607272712009685,0.00010642472332868351,25,10,20
34,2959,0.9609675046887954,5.688073819110225e-06,0.03892011174410335,0.0001066954932829127,25,10,20
34,2960,0.9623052513345737,5.6873181096179665e-06,0.03758238672738462,0.00010667461993291162,25,10,20
34,2961,0.925124893996965,3.8894741920731415e-06,0.0747645542261445,0.00010666230269958593,25,10,20
34,2962,0.9243545427220087,3.89047143139987e-06,0.07553488910932483,0.00010667769723633313,25,10,20
34,2963,0.918071326919197,3.891623519403585e-06,0.08181809903269001,0.00010668242459485424,25,10,20
34,2964,0.9185102950682082,3.8873106294567764e-06,0.08137941555898041,0.00010640206218327459,25,10,20
34,2965,0.9086466882731095,3.971179649094158e-06,0.09124262152058059,0.0001067190266611604,25,10,20
34,2966,0.9099216344478012,3.970749972178547e-06,0.08996777290550051,0.0001066218967263717,25,10,20
34,2967,0.9278760516955243,5.710881800797326e-07,0.0720156834035357,0.00010769381276104048,25,10,20
34,2968,0.9293703515770345,5.766215518464516e-07,0.07052137293925582,0.00010769886215871824,25,10,20
34,2969,0.9295336627635088,5.765622632268243e-07,0.07035807438070052,0.00010768629352835767,25,10,20
34,2970,0.9298008901080814,5.719076766598731e-07,0.07009238917773346,0.0001061488065092944,25,10,20
34,2971,0.9297790978310486,5.600366530213871e-07,0.07011421625942041,0.00010612587287881306,25,10,20
34,2972,0.9145438328368649,5.613831053553226e-07,0.08534947853028252,0.0001061272497480332,25,10,20
34,2973,0.8802983499822696,5.869945635053675e-07,0.11959311660549962,0.00010794641766675647,25,10,20
34,2974,0.8804161370392173,5.855476158768424e-07,0.11947534350082752,0.0001079339123384591,25,10,20
34,2975,0.8712760302883653,6.010372106166199e-07,0.12861255462467358,0.00011081404974973116,25,10,20
34,2976,0.8859725253890472,5.996857223296535e-07,0.11391605472868832,0.00011082019654116648,25,10,20
34,2977,0.8858896963395639,6.002428792250983e-07,0.11399888091188803,0.0001108225056680284,25,10,20
34,2978,0.8827589829644016,1.151191508701248e-06,0.11713090572075055,0.0001089601233387891,25,10,20
34,2979,0.9199298507124654,1.1502418198206263e-06,0.07996003937593912,0.00010895966977651265,25,10,20
34,2980,0.9198995989559205,1.1501632413116672e-06,0.07999029674606302,0.0001089541347759637,25,10,20
34,2981,0.9201201915364213,1.2043441073332897e-06,0.07976948607409298,0.00010911804537890894,25,10,20
34,2982,0.9029802550905025,2.0034901172280823e-06,0.09686050902717619,0.00015723239220375741,25,10,20
34,2983,0.9033071271904085,1.944638620698662e-06,0.09653375515809133,0.00015717301287897657,25,10,20
34,2984,0.9034327885199622,1.9459404239351664e-06,0.09640753592407478,0.00015772961553863125,25,10,20
34,2985,0.9032057932226014,1.946208079655153e-06,0.09663367052277527,0.00015859004654343776,25,10,20
34,2986,0.9098986972357129,1.87522185229043e-06,0.0899405284575367,0.0001588990848977863,25,10,20
34,2987,0.9084566214729151,1.87518539710661e-06,0.09138260936321585,0.0001588939784718177,25,10,20
34,2988,0.9115309865999716,1.8620470120189612e-06,0.08830894889587002,0.000158202457146496,25,10,20
34,2989,0.9116560117859117,1.8620466184414006e-06,0.08818392381824314,0.00015820234922682902,25,10,20
34,2990,0.9091398170750644,1.8676456663164881e-06,0.09069951870391676,0.00015879657535248652,25,10,20
34,2991,0.9018980806675994,1.8746743888363155e-06,0.09793890291155569,0.00016114174645579817,25,10,20
34,2992,0.9024954199577941,1.6852599973591164e-06,0.09740971184297276,9.31829392356241e-05,25,10,20
34,2993,0.9020090088975463,1.6853281322204496e-06,0.0978961211800378,9.318459428333391e-05,25,10,20
34,2994,0.90217317990178,1.682587352273091e-06,0.09773253224681444,9.260526405302913e-05,25,10,20
34,2995,0.9020844518905825,1.6826100570461435e-06,0.0978209440635447,9.292143581533562e-05,25,10,20
34,2996,0.8939473988690907,1.1253567017634818e-06,0.10595865460307945,9.282117112807174e-05,25,10,20
34,2997,0.8935063981032049,1.2157737670665788e-06,0.10639924269510193,9.314342792600293e-05,25,10,20
34,2998,0.9040849957053492,2.9698148124986905e-06,0.09581884450105134,9.318997878651347e-05,25,10,20
34,2999,0.9180403771484135,2.943788644416224e-06,0.08100879091571672,0.0009478881472255792,25,10,20
34,3000,0.9181859597645157,2.9433825679065265e-06,0.08086364219222428,0.0009474546606924634,25,10,20
34,3001,0.9149372634064477,3.1009642798043287e-06,0.08411174526075435,0.000947890368518458,25,10,20
34,3002,0.9201950956475116,3.039361547487257e-06,0.0788748086054427,0.0009270563854981881,25,10,20
34,3003,0.9197654659595726,3.003742070273314e-06,0.07930472127266933,0.000926809025687772,25,10,20
34,3004,0.9204778513858599,3.0045855238181408e-06,0.07859234133057669,0.0009268026980395943,25,10,20
34,3005,0.9206644805039198,3.003566144709304e-06,0.07841943809905086,0.0009130778308845052,25,10,20
34,3006,0.9207779057044706,3.003590067103194e-06,0.07830632980610529,0.0009127608993568627,25,10,20
34,3007,0.9301796724892227,2.988060083959139e-06,0.06890751016136269,0.0009098292893307017,25,10,20
34,3008,0.9510451721789761,3.0195737244834684e-06,0.04889835656782421,5.345167947526325e-05,25,10,20
34,3009,0.9507958026640531,3.0448296543701566e-06,0.04914751249042972,5.364001586298064e-05,25,10,20
34,3010,0.9581311076906335,3.0375744697127854e-06,0.04181453201575371,5.1322719143032404e-05,25,10,20
34,3011,0.9519919620877763,3.037557608437255e-06,0.04795366601505793,5.1334339557408124e-05,25,10,20
34,3012,0.9512118264780517,3.0376238829618656e-06,0.04873379590639149,5.1339991673851405e-05,25,10,20
34,3013,0.9514582649273483,3.036803327966699e-06,0.04848738912743091,5.130914189316707e-05,25,10,20
34,3014,0.9552834387715217,3.031185610002732e-06,0.04466281461508182,5.07154277866509e-05,25,10,20
34,3015,0.9337209602695234,3.029970239194241e-06,0.06622529921918555,5.071054105195687e-05,25,10,20
34,3016,0.9338455908358408,3.0299733308517715e-06,0.06610066988928481,5.0709301543738925e-05,25,10,20
34,3017,0.9363531285718433,2.9364583642532793e-06,0.06359365332860452,5.0281641188068875e-05,25,10,20
34,3018,0.9418982719457795,2.936596924290125e-06,0.05804842014153363,5.037131576274451e-05,25,10,20
34,3019,0.9624215452917401,2.9501471108161577e-06,0.03726104530117195,0.0003144592599770685,25,10,20
34,3020,0.9623215606074599,2.9531066264123236e-06,0.037361050720432346,0.0003144355654810603,25,10,20
34,3021,0.9600035565666208,2.9900914473657e-06,0.03967882214696024,0.0003146311949714883,25,10,20
34,3022,0.9587523265561644,2.9755162894858033e-06,0.040924804476054025,0.0003198934514919854,25,10,20
34,3023,0.9596079002969763,3.275406361466674e-06,0.04007434721058559,0.0003144770860766463,25,10,20
34,3024,0.9290125961935091,4.369695418134829e-06,0.0703828121353926,0.0006002219756802334,25,10,20
34,3025,0.9287297103963958,5.374255896797624e-06,0.07066467065492038,0.000600244692786944,25,10,20
34,3026,0.92775507803909,5.375046273402537e-06,0.07163918919111549,0.0006003577235213084,25,10,20
34,3027,0.9269059406750487,5.359611175429602e-06,0.07248833580722522,0.0006003639065506066,25,10,20
34,3028,0.9263233184588456,5.366855906229453e-06,0.07305215045665142,0.0006191642285967515,25,10,20
34,3029,0.923787366849222,5.6533814015371575e-06,0.07558754117775476,0.0006194385916222019,25,10,20
34,3030,0.923544119092944,5.6897707327335266e-06,0.07583033010619303,0.0006198610301308607,25,10,20
34,3031,0.9265874540352844,5.696762667701569e-06,0.07278589147274296,0.0006209577293053714,25,10,20
34,3032,0.9271367229878075,5.696730782709432e-06,0.07223661350518884,0.0006209667762213483,25,10,20
34,3033,0.9278125497573615,5.386252342838329e-06,0.07156112601591387,0.0006209379743822692,25,10,20
34,3034,0.901014196411622,6.248481554070844e-06,0.09835854589421485,0.0006210092126098753,25,10,20
34,3035,0.8943411917502151,6.493118749220964e-06,0.10503132636575067,0.0006209887652858872,25,10,20
34,3036,0.8972040119178608,6.486198167233298e-06,0.1021695962261915,0.0006199056577812575,25,10,20
34,3037,0.8742106423532005,6.501688160761123e-06,0.12516288265209327,0.0006199733065453697,25,10,20
34,3038,0.8740494368726656,6.504231619732225e-06,0.12532408733722208,0.000619971558492513,25,10,20
34,3039,0.8745999742606889,6.471954604992341e-06,0.12477367796177967,0.0006198758229261019,25,10,20
34,3040,0.8629023125451519,5.609824426435245e-06,0.13622128114247567,0.0008707964879457008,25,10,20
34,3041,0.8460131242896086,5.616036451777701e-06,0.15310969803656532,0.0008715616373731415,25,10,20
34,3042,0.8575225063762862,4.529027500458588e-06,0.1418850929857918,0.000587871610420699,25,10,20
34,3043,0.8576837589137406,4.526487939093443e-06,0.14172383094043803,0.0005878836578813632,25,10,20
34,3044,0.8586812830995524,4.525154314614554e-06,0.14072642437059155,0.0005877673755405608,25,10,20
34,3045,0.8822333668152829,4.518468753713166e-06,0.11717434846430301,0.0005877662516592468,25,10,20
34,3046,0.8993557207479781,4.512223931203003e-06,0.10005362122992084,0.0005861457981703422,25,10,20
34,3047,0.8952573563829976,4.536887000571148e-06,0.10399012298296827,0.0007479837470336641,25,10,20
34,3048,0.8975066496991028,4.501748491679879e-06,0.10172614286592715,0.0007627056864780964,25,10,20
34,3049,0.8973979224280719,4.5142890407928366e-06,0.10183483636766236,0.000762726915224637,25,10,20
34,3050,0.8974826168373611,4.5158339601052205e-06,0.10175007453878361,0.0007627927898951353,25,10,20
34,3051,0.8985745112758518,4.46564515840933e-06,0.1006770657771873,0.0007439573018027213,25,10,20
34,3052,0.8948545288297587,4.473753520431248e-06,0.10435451417074607,0.0007864832459743521,25,10,20
34,3053,0.8912544595383574,4.478369423052209e-06,0.10795273503921562,0.000788327053003206,25,10,20
34,3054,0.8907559059156428,4.478965176204933e-06,0.10845124577062125,0.0007883693485586907,25,10,20
34,3055,0.8922145131805366,4.460332680997924e-06,0.10699255912213623,0.0007884673646451628,25,10,20
34,3056,0.8921158676524389,4.366970297756009e-06,0.10710645007000302,0.0007733153072592481,25,10,20
34,3057,0.8892118142461168,4.397150381135572e-06,0.11001033385644339,0.0007734547470574627,25,10,20
34,3058,0.8909676939370642,4.383737879807069e-06,0.1085186393213736,0.0005092830036815042,25,10,20
34,3059,0.8928357669408495,3.713496180349248e-06,0.1066991533110147,0.00046136625195509974,25,10,20
34,3060,0.9066327933404988,3.708040887974074e-06,0.09289572396907961,0.00046777464953308667,25,10,20
34,3061,0.9105809791243428,3.6845076434420995e-06,0.08910929293028012,0.0003060434377331284,25,10,20
34,3062,0.9117388921798399,3.6548739330407945e-06,0.08795141581825881,0.00030603712796759436,25,10,20
34,3063,0.9107805716147165,3.6716505953370746e-06,0.0889096422389915,0.0003061144956961911,25,10,20
34,3064,0.9106543566781147,3.672303418684631e-06,0.08903527408807908,0.00030669693038697684,25,10,20
34,3065,0.948886912266881,3.6731493326680585e-06,0.05105285384166259,5.656074212412459e-05,25,10,20
34,3066,0.9275038221547279,1.8305077159820944e-05,0.07242122619257503,5.6646575537637655e-05,25,10,20
34,3067,0.9328842576804529,1.830368786716554e-05,0.06704926563078469,4.8173000895386265e-05,25,10,20
34,3068,0.9328564553476238,1.7502571535738288e-05,0.06707788731715415,4.8154763686431733e-05,25,10,20
34,3069,0.9383672626392356,1.7266270666734536e-05,0.061567315390357445,4.815569974044107e-05,25,10,20
34,3070,0.9299522565590519,2.289698151500841e-05,0.06997701621486158,4.7830244571563835e-05,25,10,20
34,3071,0.9244678923987657,2.2986309217240754e-05,0.07546210160121769,4.7019690799470955e-05,25,10,20
34,3072,0.9389134052270236,2.280669829370388e-05,0.06101721596193874,4.657211274404593e-05,25,10,20
34,3073,0.9443549979446317,2.2773044294444113e-05,0.05557568372745008,4.6545283623785335e-05,25,10,20
34,3074,0.9443704563652305,2.2772856341664627e-05,0.055560226251817654,4.654452661010088e-05,25,10,20
34,3075,0.9441965517034783,2.2773848778485298e-05,0.05573397686300706,4.669758473630357e-05,25,10,20
34,3076,0.9449285194348249,2.2570391107801343e-05,0.05500221240745641,4.6697766610712645e-05,25,10,20
34,3077,0.9444235578094644,2.2589559298843953e-05,0.05550714023115091,4.6712400085841555e-05,25,10,20
34,3078,0.9421724118381022,2.2573494427145434e-05,0.05775832196539296,4.669270207771721e-05,25,10,20
34,3079,0.942295249974817,2.2570470315549583e-05,0.057635490351090585,4.6689203777089434e-05,25,10,20
34,3080,0.944110466474401,2.2554753588663783e-05,0.05582044566706739,4.653310494301997e-05,25,10,20
34,3081,0.9340116732119779,2.2766496710708356e-05,0.06591906006303955,4.650022827201911e-05,25,10,20
34,3082,0.9339762525225894,2.283783136060757e-05,0.06595440923246815,4.650041358194008e-05,25,10,20
34,3083,0.9419479215485687,1.7225249390792934e-05,0.05798811163851112,4.674156352944614e-05,25,10,20
34,3084,0.9429224886954732,1.722762890188392e-05,0.05701336428808336,4.6919387541472806e-05,25,10,20
34,3085,0.9429198450008224,1.719007365899282e-05,0.057016464079953665,4.650084556502875e-05,25,10,20
34,3086,0.9425275997480607,1.720982780059625e-05,0.057408574852723986,4.661557141467549e-05,25,10,20
34,3087,0.9452893589062299,1.7206627986314735e-05,0.054646819399489975,4.661506629386603e-05,25,10,20
34,3088,0.9451252386316809,1.720078209908052e-05,0.05457263621581623,0.0002849243704039363,25,10,20
34,3089,0.9171774204040866,2.3276464489926833e-05,0.0825146678676567,0.0002846352637667373,25,10,20
34,3090,0.9178770116695234,2.1622404214200578e-05,0.08178891693955154,0.00031244898671068164,25,10,20
34,3091,0.904202323869168,2.1612610444899927e-05,0.09546360897944636,0.0003124545409398884,25,10,20
34,3092,0.9041995148001767,2.162050877450398e-05,0.09546615290317925,0.0003127117878688255,25,10,20
34,3093,0.9053241158708738,2.1601345998234816e-05,0.09434155470465201,0.0003127280784754764,25,10,20
34,3094,0.8951928709393908,2.160593880327219e-05,0.10440939241234207,0.00037613070946315274,25,10,20
34,3095,0.8876782000249205,2.1605010399789364e-05,0.11192265212841392,0.00037754283626521715,25,10,20
34,3096,0.8876679761991884,2.158521276684782e-05,0.11193300049504774,0.0003774380929965609,25,10,20
34,3097,0.8877017289241939,2.1585138293690153e-05,0.11189925260387643,0.00037743333363541307,25,10,20
34,3098,0.8884854471891434,2.158552716914985e-05,0.11135390015347618,0.00013906713021069318,25,10,20
34,3099,0.9035667679380464,1.5495024063224178e-05,0.0962785918657503,0.00013914517213964149,25,10,20
34,3100,0.9036763633498164,1.5482840921744943e-05,0.09616901329353165,0.00013914051572962773,25,10,20
34,3101,0.9134958969885567,1.547918520502738e-05,0.08634955213273864,0.00013907169349935554,25,10,20
34,3102,0.9107473681082233,1.548291547356727e-05,0.08909806443144143,0.0001390845448611385,25,10,20
34,3103,0.9245570859487751,1.5483762036681675e-05,0.07528837076860916,0.0001390595205791086,25,10,20
34,3104,0.8892285868497081,1.5480245786623355e-05,0.1106187788861353,0.00013715401836965647,25,10,20
34,3105,0.8921527227688343,1.517341845101121e-05,0.1076952282658741,0.00013687554684049263,25,10,20
34,3106,0.8924009923333504,1.5170582002699215e-05,0.10744697720274626,0.00013685988190066924,25,10,20
34,3107,0.892773508935819,1.5114002557388227e-05,0.10707450930905033,0.00013686775257339755,25,10,20
34,3108,0.8998300685835526,1.5161913201852312e-05,0.10008074086437686,7.402863886871209e-05,25,10,20
34,3109,0.8987970258669917,1.5162641202352737e-05,0.10111372576859785,7.408572320804006e-05,25,10,20
34,3110,0.8986259502365512,1.5163828810958267e-05,0.10128450898352476,7.437695111286844e-05,25,10,20
34,3111,0.8762535683134384,1.516395185536844e-05,0.12365702494042714,7.424279427882848e-05,25,10,20
34,3112,0.8768911209999782,1.5062421649406738e-05,0.12304742973585742,4.638684251450543e-05,25,10,20
34,3113,0.8756738128283429,1.5064123300426831e-05,0.12426503338163015,4.608966672616923e-05,25,10,20
34,3114,0.8769516774823353,1.506125152196611e-05,0.12298718186764349,4.607939849895143e-05,25,10,20
34,3115,0.8768866464019552,1.5056591927916867e-05,0.12305222867586434,4.606833025200393e-05,25,10,20
34,3116,0.876878137073153,1.498542097431701e-05,0.12306080439749753,4.6073108374734585e-05,25,10,20
34,3117,0.8771668057371887,1.4984603927124805e-05,0.12277210218970577,4.6107469177817966e-05,25,10,20
34,3118,0.8842097179803952,1.4977021240006254e-05,0.11573087310914615,4.443188921844104e-05,25,10,20
34,3119,0.8827408085959949,1.5008859054816519e-05,0.11719434362327849,4.983892167161115e-05,25,10,20
34,3120,0.8825585764494313,1.501019494178598e-05,0.11737627023171157,5.01431239151439e-05,25,10,20
34,3121,0.9021322630605062,3.7769435787027613e-07,0.09781732272742598,5.003651770996129e-05,25,10,20
34,3122,0.9052838846434053,3.9889541964874974e-07,0.09470812404500852,7.592416166629579e-06,25,10,20
34,3123,0.9026710589445098,3.988148159353816e-07,0.09732096362735831,7.578613315809602e-06,25,10,20
34,3124,0.9022753194436675,4.344162723079552e-07,0.09771650003566261,7.746104397463546e-06,25,10,20
34,3125,0.9020531285915213,4.123112487368054e-07,0.09793880323222359,7.655865006226952e-06,25,10,20
34,3126,0.8908017858723564,4.136325235445697e-07,0.1091901477554993,7.652739620777664e-06,25,10,20
34,3127,0.886994365748226,4.25776956696639e-07,0.11299744561974318,7.762855074041115e-06,25,10,20
34,3128,0.8863942838354439,1.5004321829278637e-06,0.11360201720121549,2.1985311576075603e-06,25,10,20
34,3129,0.8658843207481989,1.5331770569152362e-06,0.13411042019123584,3.725883507939237e-06,25,10,20
34,3130,0.8658053999796756,1.5351019165826203e-06,0.13418933928749807,3.7256309099613398e-06,25,10,20
34,3131,0.8295539789928921,4.2851331954677733e-07,0.17015400368920847,0.0002915888045798441,25,10,20
34,3132,0.8425755195527204,4.3895627131581706e-07,0.15713243355410944,0.0002916079368989954,25,10,20
34,3133,0.8424171549317231,4.3904801586092884e-07,0.15729058022589562,0.00029182579436554866,25,10,20
34,3134,0.8535352436310016,4.379251730158404e-07,0.14617248163363705,0.0002918368101885664,25,10,20
34,3135,0.8563904723710429,3.8588050800009217e-07,0.14331785772749867,0.0002912840209506286,25,10,20
34,3136,0.8564921307158877,3.865418155082609e-07,0.14321632609478815,0.00029115664750881744,25,10,20
34,3137,0.8665961635208828,1.7508743698205842e-07,0.13311250538944835,0.0002911560022321992,25,10,20
34,3138,0.8665894398273548,1.7749735101917446e-07,0.13311922015716227,0.0002911625181323201,25,10,20
34,3139,0.8705259490359895,1.778875640350048e-07,0.1291827294160905,0.0002911436603564989,25,10,20
34,3140,0.8733850130114281,1.7641785630003103e-07,0.1263236740751823,0.0002911364955339096,25,10,20
34,3141,0.8739245812605863,1.4063784099156387e-07,0.1257843141653226,0.0002909639362506087,25,10,20
34,3142,0.8744655342908806,1.21862209985517e-07,0.1252438717081576,0.000290472138752478,25,10,20
34,3143,0.8747515374613024,1.219195357183841e-07,0.1249578777622305,0.0002904628569320068,25,10,20
34,3144,0.837983526553146,1.6981358085898805e-07,0.16172583960007014,0.00029046403320335536,25,10,20
34,3145,0.8375709545368388,1.9530823275850346e-07,0.16213838428700694,0.00029046586792155776,25,10,20
34,3146,0.8234407782592116,2.5786143844010263e-07,0.17626774423759436,0.00029121964175558233,25,10,20
34,3147,0.8193177083702284,2.994779512111837e-07,0.1803711123919485,0.0003108797598715373,25,10,20
34,3148,0.8192234473849296,3.0546735798923495e-07,0.18046541927042128,0.00031082787729067756,25,10,20
34,3149,0.8192764097165136,3.050391265284342e-07,0.18041246418888568,0.0003108210554737646,25,10,20
34,3150,0.8193300637969352,3.0257729163189343e-07,0.18035881139812765,0.00031082222764510517,25,10,20
34,3151,0.8194593469901013,2.970517076885641e-07,0.18022956166919557,0.0003107942889950539,25,10,20
34,3152,0.8193640807069429,2.9695410540541595e-07,0.18032483384897746,0.0003107884899739264,25,10,20
34,3153,0.8146481812450231,2.987531304503168e-07,0.18504076705199168,0.00031075294985435047,25,10,20
34,3154,0.8077761719115744,2.685660287309245e-05,0.1883471820808275,0.0038497894047250787,25,10,20
34,3155,0.8069682795605062,2.6857014799931107e-05,0.18915445638211512,0.0038504070425788217,25,10,20
34,3156,0.8066466319228692,2.687026237251185e-05,0.18947605240925283,0.003850445405505615,25,10,20
34,3157,0.8054223814155407,2.6887072838250532e-05,0.19069671953514658,0.003854011976474604,25,10,20
34,3158,0.8318432983147533,2.6873397564635193e-05,0.16427583514161434,0.003853993146068083,25,10,20
34,3159,0.8043891698339968,4.935278667013966e-05,0.19172713424678364,0.0038343431325496683,25,10,20
34,3160,0.8398261278428997,4.9619899269221284e-05,0.15657776488475642,0.0035464873730743337,25,10,20
34,3161,0.8714384959345507,2.710021591397845e-05,0.1249879085973318,0.0035464952522033903,25,10,20
34,3162,0.871552800561834,2.7097750299639098e-05,0.12487360898803024,0.0035464926998359713,25,10,20
34,3163,0.8717994350445214,2.7084568156067156e-05,0.12462702415588302,0.0035464562314392574,25,10,20
34,3164,0.8735563588657078,2.7061007957523228e-05,0.12287365584779222,0.003542924278542208,25,10,20
34,3165,0.8731547414710881,2.7059851327789066e-05,0.12327527631488187,0.0035429223627021283,25,10,20
34,3166,0.8755444355574652,2.7068441714403812e-05,0.12088557623431057,0.003542919766509659,25,10,20
34,3167,0.8872640201234947,2.7194945602115996e-05,0.10761590632423401,0.0050928786066688145,25,10,20
34,3168,0.8872784055746911,2.7193631172538112e-05,0.10760154175877037,0.005092859035365707,25,10,20
34,3169,0.9084377177136251,5.749459889489152e-07,0.0900089329662573,0.0015527743741282373,25,10,20
34,3170,0.9073001377212335,5.27444396517025e-07,0.09114654325996431,0.0015527915744054672,25,10,20
34,3171,0.9071064555795202,7.825519348741629e-07,0.09133996945747719,0.0015527924110678118,25,10,20
34,3172,0.9046003232163361,7.826054980409039e-07,0.09384610128768134,0.0015527928904844064,25,10,20
34,3173,0.908430265009213,7.820666362046422e-07,0.0900161460424707,0.0015528068816799121,25,10,20
34,3174,0.9111567878884895,7.820507744159682e-07,0.08728962362098053,0.0015528064397553856,25,10,20
34,3175,0.908515171464433,7.841018014234924e-07,0.08993065623351136,0.0015533882002540344,25,10,20
34,3176,0.9088787409641002,5.141113677439522e-07,0.08956697255040207,0.0015537723741298687,25,10,20
34,3177,0.9066844564281737,8.674615918054727e-07,0.09176028570811441,0.0015543904021198631,25,10,20
34,3178,0.8986482950073932,8.018105734862608e-06,0.09978887441449238,0.0015548124723793943,25,10,20
34,3179,0.92097541920143,7.984368355832302e-06,0.07746336823066766,0.0015532281995459798,25,10,20
34,3180,0.9208957771686509,7.984438206093597e-06,0.07754301892364134,0.0015532194695011179,25,10,20
34,3181,0.916429065015384,2.811086419673259e-05,0.08198978444652315,0.0015530396738958235,25,10,20
34,3182,0.9159786416357855,2.8188205184919587e-05,0.08244007335657376,0.0015530968024556812,25,10,20
34,3183,0.8969592280353058,6.732647147116984e-05,0.1014202675706166,0.0015531779226065066,25,10,20
34,3184,0.8982122995419826,4.720169745446896e-05,0.0989279855098128,0.002812513250750139,25,10,20
34,3185,0.8983202064636828,4.719930194273931e-05,0.09882008921617608,0.0028125050181984513,25,10,20
34,3186,0.8945865648765577,4.712216215720629e-05,0.10255357505066119,0.0028127379106238936,25,10,20
34,3187,0.8945417362184348,4.712216968109871e-05,0.10259840810416321,0.0028127335077208757,25,10,20
34,3188,0.89411394718483,4.7119238381075425e-05,0.10302620785879385,0.002812725717994997,25,10,20
34,3189,0.896277955596178,4.7121854011071786e-05,0.10086222092622377,0.0028127016235870938,25,10,20
34,3190,0.8983424932360335,4.719051310869125e-05,0.10005705065219395,0.0015532655986635645,25,10,20
34,3191,0.8994365658241067,4.718212831137853e-05,0.09896298313724865,0.0015532689103333074,25,10,20
34,3192,0.8947436262976914,4.7191938895850236e-05,0.10365585608406265,0.0015533256793500603,25,10,20
34,3193,0.8913997221342757,4.71841547071652e-05,0.10700016110724311,0.0015529326037738724,25,10,20
34,3194,0.8914504503968075,4.715822461981722e-05,0.10694947108947286,0.001552920289099893,25,10,20
34,3195,0.8913131220906217,4.715854520456711e-05,0.1070851193013374,0.0015546000628366302,25,10,20
34,3196,0.8923482583047866,4.715782882759107e-05,0.1060500348184279,0.0015545490479581753,25,10,20
34,3197,0.8858969743406326,4.716589610472489e-05,0.11250029281462086,0.0015555669486419204,25,10,20
34,3198,0.8857733313893051,4.716813449917187e-05,0.1126239190973145,0.0015555813788814864,25,10,20
34,3199,0.8870877230612407,4.7101311953431005e-05,0.11128566063950576,0.0015795149873003942,25,10,20
34,3200,0.8816734607279085,4.739090810626852e-05,0.1166987615100865,0.0015803868538991047,25,10,20
34,3201,0.902950280271455,4.739188185704587e-05,0.09542189752316364,0.0015804303235244731,25,10,20
34,3202,0.8993055600518077,4.752809167543262e-05,0.09887146419252855,0.001775447663988366,25,10,20
34,3203,0.9018376669702277,4.7526026958561894e-05,0.09633993315984174,0.0017748738429721842,25,10,20
34,3204,0.8975150984095922,4.8111040145433555e-05,0.10066186267820519,0.0017749278720574377,25,10,20
34,3205,0.9038049790204538,4.8107235944118984e-05,0.09437315188637392,0.0017737618572289024,25,10,20
34,3206,0.9031828518290997,4.811313714388847e-05,0.0949734676608624,0.0017955673728946018,25,10,20
34,3207,0.905875905835284,9.321203147561042e-06,0.09231864084505025,0.0017961321165184294,25,10,20
34,3208,0.9025039767519156,9.525117465320527e-06,0.09566393939876498,0.0018225587318543802,25,10,20
34,3209,0.9068219761029467,8.940086529927653e-06,0.0913465782088425,0.0018225056016812893,25,10,20
34,3210,0.9069079722785535,8.940168723981713e-06,0.09126058240904193,0.0018225051436809709,25,10,20
34,3211,0.9072623929622882,8.939777628716914e-06,0.09090783607316029,0.001820831186923181,25,10,20
34,3212,0.8994634461063897,8.640662827930106e-06,0.0987047522178025,0.0018231610129800318,25,10,20
34,3213,0.903501799873982,8.64043486288712e-06,0.0946666933440505,0.0018228663471049978,25,10,20
34,3214,0.9019630806117696,8.641563904155942e-06,0.09619346793644609,0.0018348098878804573,25,10,20
34,3215,0.9184866340743086,8.655569500022774e-06,0.0796699383732436,0.001834771982947484,25,10,20
34,3216,0.9174294802546098,8.681293897072586e-06,0.08072710152168015,0.0018347369298126696,25,10,20
34,3217,0.9118377472717644,8.922707459575604e-06,0.08628243224177712,0.001870897778999106,25,10,20
34,3218,0.9118727616746743,8.922769808767411e-06,0.08624741957060465,0.0018708959849125196,25,10,20
34,3219,0.9118581722934096,8.9232716479404e-06,0.0862619560630244,0.0018709483719184902,25,10,20
34,3220,0.9119063519817651,8.921185201080052e-06,0.08621378499435718,0.0018709418386770337,25,10,20
34,3221,0.9219163127482765,1.1629080057249554e-06,0.07621261909141888,0.0018699052522990526,25,10,20
34,3222,0.9177754585154234,3.1557941247130153e-05,0.08032251363467921,0.0018704699086503282,25,10,20
34,3223,0.9312031962129292,3.140118730637563e-05,0.0684448539950155,0.00032054860474909713,25,10,20
34,3224,0.9301348992757572,3.140218202931538e-05,0.06951302038062755,0.00032067816158619323,25,10,20
34,3225,0.9391189768238045,3.140209185906468e-05,0.060532176806167744,0.0003174442781687862,25,10,20
34,3226,0.9380321439721283,3.2254612649419673e-05,0.06161810832279602,0.00031749309242649454,25,10,20
34,3227,0.9438802327539174,3.201269327888479e-05,0.055806459536494935,0.0002812950163090006,25,10,20
34,3228,0.9436822741037563,3.201828980139003e-05,0.05600442332159294,0.00028128428484978566,25,10,20
34,3229,0.9437880625269344,3.201848136224098e-05,0.05589866597716122,0.00028125301454253533,25,10,20
34,3230,0.9408486963349432,3.202006406662852e-05,0.05883781752192539,0.000281466079065133,25,10,20
34,3231,0.9575031962432184,3.1673644395693964e-05,0.042184304642382396,0.00028082547000394647,25,10,20
34,3232,0.9573522548284563,3.167619055822219e-05,0.04233458833608987,0.0002814806448960624,25,10,20
34,3233,0.9585714906379087,3.167527407835741e-05,0.04111548229219558,0.00028135179581771316,25,10,20
34,3234,0.9277068031463164,3.169929668374487e-05,0.07197956343116427,0.0002819341258356253,25,10,20
34,3235,0.9314235209988742,3.1687057903212685e-05,0.06826296784491256,0.0002818240983101654,25,10,20
34,3236,0.9404189099978953,3.1686827768401e-05,0.05926760897503227,0.000281794199304046,25,10,20
34,3237,0.9336762889822289,3.1694814379818097e-05,0.06601021411778608,0.0002818020856049814,25,10,20
34,3238,0.9341422965441817,3.1694692136295555e-05,0.06554420660764848,0.0002818021560335341,25,10,20
34,3239,0.9341974058090193,3.169454999424861e-05,0.0654891069638087,0.0002817926771777494,25,10,20
34,3240,0.9341656598401422,3.169408876773805e-05,0.06552086292536599,0.00028178314572413244,25,10,20
34,3241,0.9289409044387297,3.1694157259048426e-05,0.07074561646397601,0.0002817849400353237,25,10,20
34,3242,0.9289429021406764,3.169415300789566e-05,0.07074361926508585,0.0002817844412299752,25,10,20
34,3243,0.928955423889773,3.169408167588192e-05,0.07073110232167908,0.0002817797068719513,25,10,20
34,3244,0.9305027947795463,3.1692949464055034e-05,0.06919567600982136,0.00026983626116822205,25,10,20
34,3245,0.9246861384975367,3.1698756441163966e-05,0.07503659226176057,0.0002455704842614812,25,10,20
34,3246,0.9281431727632098,3.169877270532474e-05,0.0715795564507168,0.0002455720133680558,25,10,20
34,3247,0.9292312041080387,3.169012352299523e-05,0.07051334929239869,0.0002237564760394458,25,10,20
34,3248,0.9299607007629611,3.1674781138867506e-05,0.06978388624723018,0.0002237382086698253,25,10,20
34,3249,0.9069914632663502,3.168235925891869e-05,0.09262230048489686,0.0003545538894948409,25,10,20
34,3250,0.906868204052566,3.168264255580836e-05,0.09274538796793882,0.0003547253369401386,25,10,20
34,3251,0.9067570637914488,3.1703425982837916e-05,0.09285650394000283,0.000354728842565873,25,10,20
34,3252,0.9132566526366045,3.169380728031782e-05,0.08635692699665011,0.00035472655946501325,25,10,20
34,3253,0.913912588450617,3.096714742585661e-05,0.08570179557742842,0.0003546488245287103,25,10,20
34,3254,0.9132526561870675,3.096732259207581e-05,0.08636172228948148,0.0003546542008587806,25,10,20
34,3255,0.9158504052745998,3.096138119881355e-05,0.08376414866670262,0.0003544846774985944,25,10,20
34,3256,0.9158269224751043,3.096160277883038e-05,0.08378762027903582,0.00035449564308087043,25,10,20
34,3257,0.91951916124363,5.667863684966344e-07,0.08012630531988302,0.00035396665011866164,25,10,20
34,3258,0.919509507956672,5.669952942904233e-07,0.08013595831202318,0.00035396673601072133,25,10,20
34,3259,0.9194014904554224,5.683197550058631e-07,0.08024397377563157,0.00035396744919106873,25,10,20
34,3260,0.9193492690164687,5.867186036820212e-07,0.08029617403904787,0.00035397022587993563,25,10,20
34,3261,0.9192557670260826,5.868079025700917e-07,0.08038938165477873,0.0003542645112362684,25,10,20
34,3262,0.9192771315589809,5.890779043416128e-07,0.08036801748763966,0.0003542618754754525,25,10,20
34,3263,0.919025893816571,5.900442260672079e-07,0.08061789026591333,0.00035562587328978997,25,10,20
34,3264,0.9199255668640265,5.600588119937846e-07,0.07971773436619142,0.0003561387109702926,25,10,20
34,3265,0.9199548825043439,5.590686028498361e-07,0.07968978470812606,0.0003547737189272946,25,10,20
34,3266,0.919774847557918,6.154371227510344e-07,0.07986977368022927,0.00035476332473005666,25,10,20
34,3267,0.9095350024828202,6.160115054761555e-07,0.09010951751369344,0.0003548639919810682,25,10,20
34,3268,0.9051239866661459,8.052128668711518e-07,0.09451910850371809,0.000356099617269164,25,10,20
34,3269,0.9052679601892857,8.051415091377889e-07,0.09437529377355819,0.00035594089564710315,25,10,20
34,3270,0.9022105476617083,1.3282578053068565e-06,0.09742985107723796,0.000358273003248541,25,10,20
34,3271,0.9020759400528746,1.315470254143529e-06,0.0975644701371097,0.00035827433976143514,25,10,20
34,3272,0.9153580314303582,7.915014619155662e-07,0.08428534273208343,0.0003558343360966689,25,10,20
34,3273,0.9129926218741657,7.945678953472873e-07,0.08664215693880589,0.000364426619133359,25,10,20
34,3274,0.9130977499219826,8.662941907395954e-07,0.08652332370270237,0.0003780600811243434,25,10,20
34,3275,0.9144424100523694,4.4753443773587105e-06,0.08537005830307645,0.0001830563001767114,25,10,20
34,3276,0.9144307669080928,4.507572663017201e-06,0.08538195287495651,0.00018277264428727516,25,10,20
34,3277,0.9111615191732835,7.3605387951358364e-06,0.08864834364935037,0.00018277663857059636,25,10,20
34,3278,0.9092273003339207,7.373620426693753e-06,0.09057549855954607,0.00018982748610590195,25,10,20
34,3279,0.9155354715579357,7.366056595718226e-06,0.0842673458764703,0.00018981650899766808,25,10,20
34,3280,0.9159123625383306,7.365874012342535e-06,0.08389097293329513,0.0001892986543613034,25,10,20
34,3281,0.9148537630000705,7.3666915464397335e-06,0.08494937021397736,0.0001895000944053352,25,10,20
34,3282,0.9140806154040262,7.171173831201776e-06,0.08574913669945321,0.0001630767226891558,25,10,20
34,3283,0.9447868625820444,7.1502872985898765e-06,0.05504349940681555,0.0001624877238416169,25,10,20
34,3284,0.9449721312030497,7.142207422562811e-06,0.05485822835627973,0.00016249823324817727,25,10,20
34,3285,0.9450784261299284,7.141970405375036e-06,0.05475195186784568,0.00016248003182065026,25,10,20
34,3286,0.9459515962920529,7.141343217110856e-06,0.053878979577340134,0.00016228278738985652,25,10,20
34,3287,0.9488839647772235,7.137278435052998e-06,0.05095521757182454,0.0001536803725169403,25,10,20
34,3288,0.9496111412316465,7.129265964159502e-06,0.0502008160268065,0.00018091347558306045,25,10,20
34,3289,0.9463942885723803,7.131777552569262e-06,0.05341761263643159,0.0001809670136355659,25,10,20
34,3290,0.9463860251003082,7.131968090125144e-06,0.05342588538225477,0.00018095754934667227,25,10,20
34,3291,0.9469682314783944,7.005549464511823e-06,0.05284380205617748,0.00018096091596348475,25,10,20
34,3292,0.94640668645498,6.987371306720196e-06,0.053405349281140685,0.00018097689257227757,25,10,20
34,3293,0.9490059569750039,6.97292724609074e-06,0.050813182766768744,0.00017388733098118388,25,10,20
34,3294,0.9485860979536546,6.9790369778291404e-06,0.05123302997853622,0.00017389303083123413,25,10,20
34,3295,0.9520247233312195,6.978712665075384e-06,0.04782163519984471,0.00014666275627065592,25,10,20
34,3296,0.9319565398592959,1.787613553568842e-05,0.06787895348443884,0.0001466305207292934,25,10,20
34,3297,0.9287452107390071,1.788044409506973e-05,0.07109010622096049,0.00014680259593748466,25,10,20
34,3298,0.9512895545071899,1.787103234790792e-05,0.04867660655478481,1.5967905677408037e-05,25,10,20
34,3299,0.9494680560105948,1.7797459454299414e-05,0.05051229886975839,1.8476601926338124e-06,25,10,20
34,3300,0.949289637728048,1.8072111266421443e-05,0.050690125474421394,2.164686264572941e-06,25,10,20
34,3301,0.9493853703007984,1.8069633545339203e-05,0.05059422200558596,2.3380600705113067e-06,25,10,20
34,3302,0.9357608558385988,1.8107294857316455e-05,0.06421193762717631,9.099239368126829e-06,25,10,20
34,3303,0.9387055149658842,1.5223592912931447e-05,0.06121739462415618,6.186681704709167e-05,25,10,20
34,3304,0.9381581138523307,1.522572709239167e-05,0.06176482405502301,6.183636555441348e-05,25,10,20
34,3305,0.9278506137595329,3.3362670565135886e-05,0.07194663869044315,0.0001693848794595378,25,10,20
34,3306,0.9257884299497221,3.336271620492041e-05,0.0739917691799083,0.00018643815416545073,25,10,20
34,3307,0.9257238325540892,3.337895483289833e-05,0.07405634909487076,0.0001864393962076736,25,10,20
34,3308,0.927442326025816,3.337919690157116e-05,0.0723374418963002,0.00018685288098272128,25,10,20
34,3309,0.9406729704093507,3.3341809748343185e-05,0.05911354254113763,0.00018014523976366242,25,10,20
34,3310,0.9418657699248705,2.9748113319305495e-05,0.057924293127227536,0.0001801888345830788,25,10,20
34,3311,0.9107931437333104,2.978345837688621e-05,0.08899685635193309,0.00018021645638073097,25,10,20
34,3312,0.9138659281871372,3.0555183069620364e-05,0.08592279768536121,0.0001807189444323693,25,10,20
34,3313,0.9074975816250892,3.0557545690615726e-05,0.09229114142512403,0.00018071940409668992,25,10,20
34,3314,0.9122480157858303,3.0372206288432076e-05,0.08754180768194635,0.00017980432593549432,25,10,20
34,3315,0.9086577115507707,3.0369734909852127e-05,0.09118483305459796,0.00012708565972199034,25,10,20
34,3316,0.9109137720139472,3.0388090902414713e-05,0.08892132064812276,0.00013451924702796437,25,10,20
34,3317,0.9112767474600844,3.011355787847522e-05,0.08855893531959681,0.00013420366244076815,25,10,20
34,3318,0.9113994881742394,3.0107459858779892e-05,0.0884362062659016,0.00013419810000046454,25,10,20
34,3319,0.9149606934257245,3.010734358904508e-05,0.08487501196438477,0.0001341872663019261,25,10,20
34,3320,0.9142387008574617,3.010732675644613e-05,0.08559700500389393,0.00013418681188792357,25,10,20
34,3321,0.9082685977688795,3.016766600744581e-05,0.09156353547513131,0.00013769908998189474,25,10,20
34,3322,0.8974860073688677,3.023454715599191e-05,0.10234631595617762,0.00013744212779872404,25,10,20
34,3323,0.897555836531337,3.023453558116085e-05,0.10227648689760883,0.00013744203547304653,25,10,20
34,3324,0.8964058647700942,3.023637763085943e-05,0.10342616310850904,0.00013773574376629968,25,10,20
34,3325,0.8954498204437783,2.9602662345415868e-05,0.1043833451593901,0.00013723173448654298,25,10,20
34,3326,0.8984964252779143,2.9467266340883922e-05,0.10133687338282903,0.0001372340729161715,25,10,20
34,3327,0.8991109070359137,2.9445684225075907e-05,0.10073002258131042,0.00012962469855110122,25,10,20
34,3328,0.8990244785686692,2.9501751830577434e-05,0.10081639620105368,0.00012962347844709522,25,10,20
34,3329,0.8933906053961945,2.960641801668296e-05,0.10644855453105713,0.00013123365473155906,25,10,20
34,3330,0.8949472288385149,2.9604223997453317e-05,0.10489228812532897,0.00013087881215921753,25,10,20
34,3331,0.8933545189236307,2.9611165444566983e-05,0.10648330969512301,0.00013256021580168885,25,10,20
34,3332,0.8927281666637845,2.9624196139964343e-05,0.10710956605499815,0.00013264308507740605,25,10,20
34,3333,0.8928861272670422,2.962354197661296e-05,0.1069517867830561,0.0001324624079252401,25,10,20
34,3334,0.912802648541665,1.8726035816829723e-05,0.08704615322979675,0.00013247219272123872,25,10,20
34,3335,0.9185876459561316,1.8548781263149097e-05,0.08126292040830924,0.0001308848542959111,25,10,20
34,3336,0.9184772816225777,1.8550167908742368e-05,0.08137327051342062,0.00013089769609284812,25,10,20
34,3337,0.9181852153055494,1.855133940293381e-05,0.08166512299455878,0.00013111036048854834,25,10,20
34,3338,0.9180995360120255,1.8556880813015796e-05,0.08175079173900804,0.0001311153681531121,25,10,20
34,3339,0.9487550693951259,1.8519663812213043e-05,0.051095337315383335,0.00013107362567846623,25,10,20
34,3340,0.951675663505946,1.852029916131031e-05,0.048174778261209125,0.00013103793368367394,25,10,20
34,3341,0.9534705521029662,1.8462565622692808e-05,0.04638345228096729,0.0001275330504439427,25,10,20
34,3342,0.9167301903009663,0.00010751494068956388,0.08303474846870991,0.0001275462896338414,25,10,20
34,3343,0.9167546170192074,0.00010751486168298019,0.08301032888475428,0.00012753923435487356,25,10,20
34,3344,0.9168615044600041,0.00010755927513026116,0.08290336553501788,0.00012757072984738056,25,10,20
34,3345,0.9190627441944033,0.00010755096244139313,0.08070383142997686,0.00012587341317830315,25,10,20
34,3346,0.9190671582063773,0.00010755095354115754,0.08069941743401562,0.00012587340606560625,25,10,20
34,3347,0.8815004632127632,0.00010876873308783947,0.11826490920289795,0.00012585885125089585,25,10,20
34,3348,0.8816360781919316,0.00010876739241732544,0.11812929917054177,0.00012585524510899446,25,10,20
34,3349,0.8726394956525851,0.00010876753199681681,0.12712587677538834,0.00012586004002914015,25,10,20
34,3350,0.8671644682174059,0.00010875191614727466,0.13260098601760778,0.0001257938488383723,25,10,20
34,3351,0.8673928538576096,0.00010875287008012765,0.13237264693065046,0.00012574634165923924,25,10,20
34,3352,0.8671391659260743,0.00010875294556547781,0.132626302983963,0.00012577814439654808,25,10,20
34,3353,0.8781049358157571,0.00010868529291874938,0.12166092126757783,0.0001254576237458041,25,10,20
34,3354,0.914864900327622,1.9645407826664016e-05,0.08498985263639376,0.00012560162815708153,25,10,20
34,3355,0.8776572836834882,1.964749267328685e-05,0.12218998570059446,0.00013308312324350775,25,10,20
34,3356,0.8725511354973966,1.9649105647305836e-05,0.12729616888881834,0.0001330465081375886,25,10,20
34,3357,0.8724038982973383,1.9649145880600556e-05,0.12744339950604064,0.00013305305074044044,25,10,20
34,3358,0.8597109355339186,1.964917809841701e-05,0.14013301639798714,0.00013639888999555713,25,10,20
34,3359,0.8686745083441951,1.9649322283461445e-05,0.13116943474749523,0.0001364075860261321,25,10,20
34,3360,0.861122563267484,1.968143629901755e-05,0.13872127744856677,0.00013647784765015273,25,10,20
34,3361,0.8381762278393495,1.9678301298807983e-05,0.15430661058925985,0.007497483270092189,25,10,20
34,3362,0.8382087985638974,1.9678015283949318e-05,0.1542740538468198,0.007497469573999201,25,10,20
34,3363,0.8302628442577432,1.9681432376998866e-05,0.16221999976251641,0.007497474547363613,25,10,20
34,3364,0.8191191227962069,1.9899958615006053e-05,0.17323784538018183,0.0076231318649967895,25,10,20
34,3365,0.8227217765596733,1.9900286747920306e-05,0.169650678300841,0.0076076448527377,25,10,20
34,3366,0.8403880745279835,1.8695665005967502e-05,0.15198548382789365,0.007607745979116234,25,10,20
34,3367,0.8382099323717802,0.0009727442462104057,0.1533352528907305,0.007482070491278292,25,10,20
34,3368,0.8376652968722257,0.0009727453147680063,0.15387989138832103,0.007482066424684483,25,10,20
34,3369,0.8378082297766904,0.0009727473557313362,0.1537371538392577,0.007481869028319526,25,10,20
34,3370,0.8266878169750406,0.000972764731915953,0.16476603188283828,0.007573386410205059,25,10,20
34,3371,0.8272344456020876,0.0009727638506439999,0.16421940105385566,0.0075733894934126075,25,10,20
34,3372,0.8331050873232742,0.0009727633113974217,0.1583487481200948,0.00757340124523268,25,10,20
34,3373,0.8452149760992489,0.0009727630318226429,0.14624206360249808,0.007570197266429628,25,10,20
34,3374,0.8507208083834332,0.0009825350488705657,0.14081953879912137,0.007477117768574186,25,10,20
34,3375,0.8730570343877413,0.0009825529041403687,0.12584429419998877,0.00011611850812882666,25,10,20
34,3376,0.8834917423786369,0.0009644166623901029,0.11553526194616928,8.579012803445057e-06,25,10,20
34,3377,0.8846575889665189,0.0009546663670481563,0.11437825934886002,9.485317572679338e-06,25,10,20
34,3378,0.8846525236032377,0.0009546663715773004,0.11438332459503103,9.485430153961756e-06,25,10,20
34,3379,0.9034380285241407,0.000954674235979488,0.0955977173973042,9.579842575224954e-06,25,10,20
34,3380,0.9034128355072342,0.0009546744600842496,0.09562289461450284,9.595418178321237e-06,25,10,20
34,3381,0.9018339329111853,0.0009546888166723067,0.09720176949527809,9.60877686383957e-06,25,10,20
34,3382,0.9021666992387991,0.0009546846886930118,0.09686934223686806,9.2738356394117e-06,25,10,20
34,3383,0.9022314124243717,0.0009546850819776109,0.09680462955453564,9.27293911472589e-06,25,10,20
34,3384,0.8974818521338277,0.0009546886388493356,0.10155392599228245,9.533235040558334e-06,25,10,20
34,3385,0.8974016508172867,0.0009546856017197245,0.10163411314498955,9.550436003764878e-06,25,10,20
34,3386,0.8970238582121556,0.0009546866853423381,0.10201189785292607,9.557249575872462e-06,25,10,20
34,3387,0.8969781802983902,0.0009546854925637624,0.10205756101994784,9.573189098008488e-06,25,10,20
34,3388,0.9335147064705903,0.0009546843393944145,0.0655273827578509,3.226432164178348e-06,25,10,20
34,3389,0.9338018495354169,0.0009546831155855745,0.06524024144835891,3.225900638508988e-06,25,10,20
34,3390,0.9340557905945454,0.0009546818204620301,0.06498630262066744,3.224964324926475e-06,25,10,20
34,3391,0.9385306390614975,0.0009546445325085122,0.060512380616304734,2.3357896892295454e-06,25,10,20
34,3392,0.9383058938828828,0.0009546445374351703,0.06069781982649318,4.164175318869502e-05,25,10,20
34,3393,0.9368629652377064,0.0009546443036833691,0.06214029121408406,4.209924452605581e-05,25,10,20
34,3394,0.9385910989768402,0.0009546367323722099,0.060412176628218746,4.2087662568773174e-05,25,10,20
34,3395,0.9383518430299043,0.0009546460834725249,0.06065131885235931,4.219203426372335e-05,25,10,20
34,3396,0.9385873928417234,0.0009546367317297597,0.06041588284284074,4.208758370591015e-05,25,10,20
34,3397,0.9372986610168627,0.0009546352233259336,0.06170454391234,4.215984747140885e-05,25,10,20
34,3398,0.9359823298903999,0.0009546018140285502,0.06302088987512565,4.217842044587868e-05,25,10,20
34,3399,0.9359889043458941,0.000954601853706821,0.06301431519324813,4.217860715088222e-05,25,10,20
34,3400,0.9361064880773222,0.0009546018293746815,0.06289675299764252,4.2157095660569604e-05,25,10,20
34,3401,0.9363214452755503,0.0009545905322493454,0.06268141986789519,4.254432430486753e-05,25,10,20
34,3402,0.9313097216376892,0.0009545949361006951,0.06769324422527828,4.2439200931713865e-05,25,10,20
34,3403,0.9298013919830064,0.000954648550586385,0.06920140408363093,4.255538277643227e-05,25,10,20
34,3404,0.9378144551879357,0.000954652746980067,0.061188290619297404,4.2601445786738125e-05,25,10,20
34,3405,0.9377462702154492,0.000954653177180464,0.0612564639755347,4.261263183540209e-05,25,10,20
34,3406,0.9385097352418024,0.0009546335153956863,0.060492980188736695,4.265105406495485e-05,25,10,20
34,3407,0.9399888987504302,0.0009546104568635457,0.05901384085232182,4.2649940384111494e-05,25,10,20
34,3408,0.9355751387952709,0.0009546136029738612,0.0634275895657004,4.265803605464165e-05,25,10,20
34,3409,0.9304353490494605,0.0009546375561434336,0.06856742972406117,4.258367033478867e-05,25,10,20
34,3410,0.9298063546619815,0.0009547111843697091,0.06919634474921196,4.25894044367215e-05,25,10,20
34,3411,0.9312910003202893,0.0009546602216007011,0.06771182696515833,4.2512492951542184e-05,25,10,20
34,3412,0.927674394483687,0.0009546688489403379,0.07132775078314543,4.318588422719796e-05,25,10,20
34,3413,0.9254371093030261,0.0009550735667797002,0.07356440277605034,4.341435414386293e-05,25,10,20
34,3414,0.9255545148689198,0.0009550739064436853,0.07344703617331425,4.3375051322322955e-05,25,10,20
34,3415,0.9257756804704108,0.0009550725513029808,0.07322643469124683,4.2812287039338386e-05,25,10,20
34,3416,0.9270482890717991,0.0009550721937076445,0.0719540999476435,4.2538786849911845e-05,25,10,20
34,3417,0.92678075770647,0.0009550825751879096,0.07222161458200627,4.2545136336009926e-05,25,10,20
34,3418,0.9312049779876886,0.0009550781757648,0.06779737294018127,4.257089636554943e-05,25,10,20
34,3419,0.9327961041254978,0.0009551712923313188,0.06620680483475039,4.191974742065521e-05,25,10,20
34,3420,0.92779963158161,0.0009547779562190488,0.07113362561581003,0.00011196484636097195,25,10,20
34,3421,0.9279046106446226,0.0009547824278899904,0.07102867413008909,0.00011193279739830834,25,10,20
34,3422,0.918169416874274,0.000954782994621325,0.08076380196813547,0.00011199816296915361,25,10,20
34,3423,0.9185990225607611,0.000954709350163039,0.0803343101340142,0.00011195795506142525,25,10,20
34,3424,0.9255129235599475,0.0009546850876740341,0.07342041388272195,0.00011197746965651262,25,10,20
34,3425,0.9343477471892807,0.000954686404968595,0.06458560149150724,0.0001119649142434527,25,10,20
34,3426,0.9385477858402015,0.0009556579366768463,0.06038233171384268,0.00011422450927884399,25,10,20
34,3427,0.945993137375728,1.4918714795976673e-06,0.053889867019478004,0.00011550373331454301,25,10,20
34,3428,0.9528892521877501,1.477803672407267e-06,0.04706406413207036,4.5205876507259926e-05,25,10,20
34,3429,0.9574207416938211,1.4789520766862474e-06,0.04253282199503853,4.495735906358958e-05,25,10,20
34,3430,0.9549947308386286,1.5060235195357474e-06,0.0449586643510774,4.509878677427898e-05,25,10,20
34,3431,0.9439026975228288,3.918235384288404e-06,0.05604787694872666,4.550729306014966e-05,25,10,20
34,3432,0.9417732361678837,3.920967687173883e-06,0.058177341656748996,4.550120768001335e-05,25,10,20
34,3433,0.9470383767663817,3.6685985759803482e-06,0.052913769862718854,4.418477232329292e-05,25,10,20
34,3434,0.9554161981337679,2.723444571818476e-06,0.044526905032586515,5.417338907374421e-05,25,10,20
34,3435,0.9554625646411787,2.7247748393955026e-06,0.04448052573529541,5.418484868645354e-05,25,10,20
34,3436,0.9211635396702467,1.4519213047753648e-05,0.07796374155651321,0.0008581995601920457,25,10,20
34,3437,0.9212877774747757,1.4548001465642774e-05,0.07784039246777294,0.0008572820559854791,25,10,20
34,3438,0.9257898363117216,1.454214133824543e-05,0.07333833721504933,0.0008572843318904399,25,10,20
34,3439,0.9274488278637547,1.4542908994512223e-05,0.07167932460547113,0.0008573046217792847,25,10,20
34,3440,0.9228908235281391,1.3086295489275053e-05,0.07610818736324317,0.0009879028131280444,25,10,20
34,3441,0.9246269705138955,1.2110498932352133e-05,0.0743753063571263,0.0009856126300452665,25,10,20
34,3442,0.9233343269034207,1.2131105553225694e-05,0.07566746600605004,0.0009860759849754884,25,10,20
34,3443,0.9214405126529102,1.2290619432102304e-05,0.07756112696688447,0.0009860697607727987,25,10,20
34,3444,0.9221952237551777,1.2288749855059046e-05,0.07680648140218174,0.0009860060927852523,25,10,20
34,3445,0.9262947433165134,1.2975716781589566e-05,0.07270624106459439,0.0009860399021103495,25,10,20
34,3446,0.9562823717321272,2.6113376453098916e-06,0.04353302821538894,0.00018198871483836063,25,10,20
34,3447,0.9563896309834508,2.606865397388845e-06,0.04342576910514396,0.00018199304600771617,25,10,20
34,3448,0.9535608959797591,2.6005693231516603e-06,0.04625452501797496,0.00018197843294236367,25,10,20
34,3449,0.9532137245545109,2.615944712529582e-06,0.04660154729757807,0.00018211220319818092,25,10,20
34,3450,0.9534543354062667,2.6145827225281828e-06,0.046361038041745066,0.00018201196926569442,25,10,20
34,3451,0.9535090070562766,2.6159159877286998e-06,0.04630645658852293,0.00018192043921278265,25,10,20
34,3452,0.953679310604553,2.615484031583397e-06,0.046136181626532935,0.00018189228488256918,25,10,20
34,3453,0.9533936218945717,2.615357473346607e-06,0.046421871793680076,0.00018189095427510312,25,10,20
34,3454,0.9509853232451411,2.618522740055625e-06,0.04886900401290392,0.00014305421921494057,25,10,20
34,3455,0.9528895123969106,2.454502159656987e-06,0.04696498142887087,0.000143051672058908,25,10,20
34,3456,0.9351200862168362,2.4615442284845194e-06,0.06473438975577268,0.00014306248316294401,25,10,20
34,3457,0.9348978149135899,2.463746958115008e-06,0.0649566498278919,0.0001430715115602842,25,10,20
34,3458,0.9350387290623207,2.4636451972629033e-06,0.0648157549261671,0.00014305236631527102,25,10,20
34,3459,0.9375400451845718,2.43650449446017e-06,0.06231461212537988,0.0001429061855538998,25,10,20
34,3460,0.9365657070586524,2.4576001348149383e-06,0.06328649607957497,0.0001453392616379376,25,10,20
34,3461,0.9377809734557775,2.4744499497348246e-06,0.062071268741669676,0.0001452833526031132,25,10,20
34,3462,0.9392177781384933,2.408559026434074e-06,0.060634746049978004,0.00014506725250246593,25,10,20
34,3463,0.9267347227223657,2.4159889890840528e-06,0.07311780464435025,0.00014505664429493459,25,10,20
34,3464,0.934500046099594,2.3835210974607604e-06,0.06535248710464342,0.00014508327466491406,25,10,20
34,3465,0.932582388451954,2.384456457569172e-06,0.0672697741134843,0.00014545297810406916,25,10,20
34,3466,0.9335171264974643,2.4246824374362435e-06,0.06631992847544332,0.00016052034465472486,25,10,20
34,3467,0.9297895210723159,2.4316650641292655e-06,0.07004642029223036,0.00016162697038960266,25,10,20
34,3468,0.9294170398613685,2.4498709004618345e-06,0.07040513750711677,0.00017537276061425601,25,10,20
34,3469,0.9298486065858684,2.420836494610925e-06,0.06997379419843867,0.00017517837919841327,25,10,20
34,3470,0.924373296582748,2.419767635582951e-06,0.07544912763579273,0.0001751560138233486,25,10,20
34,3471,0.9070306316781326,2.4226468814583202e-06,0.09279183944796628,0.00017510622701975354,25,10,20
34,3472,0.9090297518898638,2.3210028264799286e-06,0.09079283292005444,0.0001750941872549868,25,10,20
34,3473,0.8972647408954049,2.31082808250087e-06,0.10244756667350535,0.000285381603007392,25,10,20
34,3474,0.89715739658647,2.31256930942153e-06,0.10255476249286033,0.00028552835136036377,25,10,20
34,3475,0.8950528525533707,2.359724295607577e-06,0.10465290435268142,0.0002918833696519956,25,10,20
34,3476,0.8958029943806828,2.3524998799710657e-06,0.1039028131495719,0.0002918399698650935,25,10,20
34,3477,0.8990291921401982,2.3446737510472606e-06,0.10080383392344468,0.0001646292626059871,25,10,20
34,3478,0.8984042077843292,2.288710210105673e-06,0.10144435792174016,0.0001491455837204703,25,10,20
34,3479,0.9036442081319593,2.2821168430441104e-06,0.09620385126847329,0.00014965848272423593,25,10,20
34,3480,0.9012761441001048,2.28069102853661e-06,0.09858571615819624,0.00013585905067021903,25,10,20
34,3481,0.9026697676948889,2.2357938163833102e-06,0.09719847622656401,0.00012952028473035525,25,10,20
34,3482,0.9019909280019816,2.2356082281221794e-06,0.09787732863778707,0.0001295077520030662,25,10,20
34,3483,0.9073215390794452,2.2359638760467567e-06,0.09254671159203073,0.0001295133646480189,25,10,20
34,3484,0.9022192793652754,2.3532835260547295e-06,0.0976421916786129,0.000136175672585488,25,10,20
34,3485,0.9019926156202651,2.3540924353592498e-06,0.097868848784667,0.00013618150263290424,25,10,20
34,3486,0.9154105064519582,2.3530222590347386e-06,0.08445148139343417,0.00013565913234897287,25,10,20
34,3487,0.9199446773843082,9.226508406030382e-07,0.07991874322647954,0.00013565673837229996,25,10,20
34,3488,0.9245030563608287,8.284064761367327e-07,0.07536706038584562,0.00012905484685019178,25,10,20
34,3489,0.9243865694244411,8.349255197907866e-07,0.07548390453565064,0.00012869111438890615,25,10,20
34,3490,0.924010253961638,8.349525067071964e-07,0.07586021997312653,0.0001286911127293048,25,10,20
34,3491,0.9240602425970608,8.36272868939468e-07,0.07581021894088469,0.0001287021891862545,25,10,20
34,3492,0.9247639057145272,8.326836674780646e-07,0.07510658709021388,0.000128674511591992,25,10,20
34,3493,0.9248307183490327,8.313218806400346e-07,0.07503976869582234,0.00012868163326488002,25,10,20
34,3494,0.9247917974667115,8.313354809225315e-07,0.07507868953981979,0.0001286816579883395,25,10,20
34,3495,0.9250750457087008,8.317584859600126e-07,0.07479541683925617,0.0001287056935576948,25,10,20
34,3496,0.9243724474090834,8.320597283061424e-07,0.07549782776772776,0.00012889276346126857,25,10,20
34,3497,0.9244094819168136,8.335056165481178e-07,0.07546079468619073,0.00012888989137997708,25,10,20
34,3498,0.9281297213223837,8.266287242353263e-07,0.07174166916705883,0.00012778288183366816,25,10,20
34,3499,0.928802405832484,8.275624583265791e-07,0.07106895674450468,0.0001278098605535329,25,10,20
34,3500,0.935208036197678,8.265315650689594e-07,0.06466333089713816,0.00012780637361925446,25,10,20
34,3501,0.9350866575729867,8.256914675524549e-07,0.06478472228066134,0.00012779445488497152,25,10,20
34,3502,0.9477361985934533,8.277684134585172e-07,0.0522080692223836,5.4904415750110054e-05,25,10,20
34,3503,0.9190968318262176,8.638450865757818e-07,0.08084200364486119,6.030068383473923e-05,25,10,20
34,3504,0.9181630561595907,8.759737747298444e-07,0.08177551179965248,6.0556066982422336e-05,25,10,20
34,3505,0.8896306870986086,3.0972258053822296e-05,0.11027495752655049,6.338311678741744e-05,25,10,20
34,3506,0.8860614850833273,3.097222564744755e-05,0.11384418279960679,6.335989141871341e-05,25,10,20
34,3507,0.9009654385221176,3.1004941843995044e-05,0.0986787792919543,0.00032477724408421627,25,10,20
34,3508,0.9003194299517066,3.1003114271279337e-05,0.09932494675711628,0.0003246201769060014,25,10,20
34,3509,0.8754565436086145,3.104146706506362e-05,0.124187746216332,0.0003246687079885334,25,10,20
34,3510,0.8758544319893997,3.1040587623025814e-05,0.12378987051361438,0.0003246569093633397,25,10,20
34,3511,0.9015632286140655,3.100445444748341e-05,0.09808554482458548,0.0003202221069018764,25,10,20
34,3512,0.9015006423477305,3.100718798943107e-05,0.09814813005536592,0.0003202204089144034,25,10,20
34,3513,0.9023225462255318,3.098427474896781e-05,0.09732630139609019,0.0003201681036294362,25,10,20
34,3514,0.9023382393438937,3.09842037970819e-05,0.09731061306394356,0.0003201633883660232,25,10,20
34,3515,0.9018817928932069,3.0983542467293014e-05,0.09776708111994997,0.0003201424443761536,25,10,20
34,3516,0.901397447584277,3.098210947830938e-05,0.09825141873875597,0.0003201515674889347,25,10,20
34,3517,0.9017128912956635,3.096020756608157e-05,0.09794975273902333,0.00030639575774734403,25,10,20
34,3518,0.9017465024144063,3.0960406879021356e-05,0.0979161544846531,0.0003063826940618418,25,10,20
34,3519,0.9013398537698859,3.1012282834505986e-05,0.09832252314360496,0.0003066108036748013,25,10,20
34,3520,0.9204986490603158,3.100765670617334e-05,0.07902851428817578,0.00044182899480270176,25,10,20
34,3521,0.9139190669824003,3.10075297597123e-05,0.08560807652211803,0.0004418489657218433,25,10,20
34,3522,0.9149409828915929,3.0986457743580715e-05,0.0845886165079629,0.00043941414270093847,25,10,20
34,3523,0.915117745845373,3.099267472341902e-05,0.08441181172770827,0.0004394497521955873,25,10,20
34,3524,0.9162297208072984,3.098829845286619e-05,0.0832998480623699,0.00043944283187924226,25,10,20
34,3525,0.9174896189212126,3.029956450434804e-05,0.08204066771797196,0.0004394137963113915,25,10,20
34,3526,0.9174960112693534,3.033141566911268e-05,0.08207202553413874,0.0004016317808389692,25,10,20
34,3527,0.9210928463450583,3.033100418467469e-05,0.07847519184811486,0.0004016308026425876,25,10,20
34,3528,0.9137510354825893,3.038618390566885e-05,0.08581657422713723,0.0004020041063680932,25,10,20
34,3529,0.9201992933997687,3.0386294976602995e-05,0.07936832897494667,0.00040199133030838864,25,10,20
34,3530,0.8954561061560179,3.0388452706146046e-05,0.1042465529514729,0.0002669524398032498,25,10,20
34,3531,0.881890415541629,3.0464204840721393e-05,0.11781216232533534,0.0002669579281953175,25,10,20
34,3532,0.8806790069919053,3.0506093786219448e-05,0.11902339451287366,0.00026709240143502506,25,10,20
34,3533,0.8804465821967611,3.0462069846633588e-05,0.11925607622466713,0.0002668795087253508,25,10,20
34,3534,0.8799535795395093,3.046685834712524e-05,0.11974786799633699,0.00026808560580681486,25,10,20
34,3535,0.879602561187674,3.0466792848483416e-05,0.12009888954265437,0.0002680824768232025,25,10,20
34,3536,0.8799869586715603,3.046520183915711e-05,0.11971569347643378,0.0002668826501669248,25,10,20
34,3537,0.8920933683448701,3.038960583492353e-05,0.10760936637048603,0.00026687567880910693,25,10,20
34,3538,0.8873345172438589,3.7616330358364905e-05,0.11236082618147879,0.0002670402443041687,25,10,20
34,3539,0.8942244286934272,3.7577463733892584e-05,0.10547122587223887,0.0002667679706003967,25,10,20
34,3540,0.8851850544283344,3.7584366891001885e-05,0.11451038126037942,0.0002669799443953515,25,10,20
34,3541,0.8858179047808253,3.754280487319397e-05,0.11387771523683352,0.00026683717746810604,25,10,20
34,3542,0.8830689474015041,3.753829317919179e-05,0.1166254705578586,0.0002680437474585422,25,10,20
34,3543,0.846351434378576,3.75305741169274e-05,0.1533428360200828,0.0002681990272252689,25,10,20
34,3544,0.8428315694739463,3.7528517134620056e-05,0.1568626899062945,0.0002682121026254646,25,10,20
34,3545,0.8421964257438581,3.7532653684960395e-05,0.1574972796519342,0.0002687619505234606,25,10,20
34,3546,0.8417179295689654,3.7532874288525216e-05,0.15797577076858163,0.0002687667881653068,25,10,20
34,3547,0.8369868382029747,3.7522336887897235e-05,0.16270700953558279,0.0002686299245552683,25,10,20
34,3548,0.8468572880905085,3.751653658638329e-05,0.15283695349938967,0.0002682418735158536,25,10,20
34,3549,0.8467059031050544,3.751655925802748e-05,0.15298579128931855,0.00027078904636918395,25,10,20
34,3550,0.8467707130133775,3.752064100583376e-05,0.15292098183136793,0.0002707845142487379,25,10,20
34,3551,0.8762870317130427,7.41222694861991e-06,0.1234378541960991,0.0002677018639096941,25,10,20
34,3552,0.8774325376324527,7.752803450895416e-06,0.12229172473735775,0.0002679848267386502,25,10,20
34,3553,0.878318575628933,7.70868574377681e-06,0.12140582887121171,0.0002678868141116205,25,10,20
34,3554,0.878117892001601,7.696455928911602e-06,0.12160658883742537,0.00026782270504462346,25,10,20
34,3555,0.8780948666514524,7.696595210462745e-06,0.12162958393590916,0.00026785281742766067,25,10,20
34,3556,0.8779382828514523,7.69797023636504e-06,0.12178265105966672,0.0002713681186442912,25,10,20
34,3557,0.8741009947476628,8.104076469749421e-06,0.1256188254519314,0.0002720757239358872,25,10,20
34,3558,0.872991392021663,8.776888173914414e-06,0.12672773490880235,0.0002720961813605614,25,10,20
34,3559,0.8726263011830817,8.77675413916643e-06,0.1270928087294536,0.000272113333325381,25,10,20
34,3560,0.8621368090373288,8.808205578739488e-06,0.13758229697386626,0.000272085783225214,25,10,20
34,3561,0.8621567913540882,8.808175987168732e-06,0.13756231453052079,0.00027208593940272383,25,10,20
34,3562,0.8576331234348133,8.464121030647265e-06,0.14208464139895327,0.0002737710452018999,25,10,20
34,3563,0.8577043013434799,8.596817742705268e-06,0.142012514877235,0.00027458696154145193,25,10,20
34,3564,0.8578449907320832,8.603505075499831e-06,0.14187154622237869,0.00027485954046166074,25,10,20
34,3565,0.8582198636958647,8.603529208398368e-06,0.14149668356051856,0.0002748492144078076,25,10,20
34,3566,0.8517995143384841,7.92795131789072e-06,0.14791772487158916,0.00027483283860828766,25,10,20
34,3567,0.8540664364769264,1.0163143486258998e-05,0.145650011421692,0.00027338895789475663,25,10,20
34,3568,0.8503629476426577,1.015667405351347e-05,0.14935378368020671,0.00027311200308122635,25,10,20
34,3569,0.8703199957504766,1.0118698527845613e-05,0.12939679423125366,0.0002730913197416109,25,10,20
34,3570,0.8543682865030493,1.0495647963418083e-05,0.14560958487638406,1.1632972603003951e-05,25,10,20
34,3571,0.8575833943113592,8.260663496787416e-06,0.1423972349006842,1.1110124459028184e-05,25,10,20
34,3572,0.8532229906809179,8.381289495313352e-06,0.14588711469738277,0.0008815133322037086,25,10,20
34,3573,0.8531306611819619,8.381249307751255e-06,0.14597944875175142,0.0008815088169786409,25,10,20
34,3574,0.8902395271053523,8.344561949854507e-06,0.108870783545387,0.0008813447873107477,25,10,20
34,3575,0.8954307646079112,8.352001363927133e-06,0.10367955671001516,0.0008813266807096564,25,10,20
34,3576,0.9075538867553399,8.37011100415034e-06,0.09155658546759417,0.0008811576660618313,25,10,20
34,3577,0.9076746352665359,8.37588520427252e-06,0.09143931028222127,0.0008776785660386299,25,10,20
34,3578,0.9153085865128798,8.375488672187737e-06,0.08380536624962043,0.0008776717488274344,25,10,20
34,3579,0.9145015392013984,8.369735846716268e-06,0.08460495864856821,0.0008851324141866869,25,10,20
34,3580,0.9136875434194047,8.36620974767016e-06,0.0854189455291401,0.0008851448417075126,25,10,20
34,3581,0.9132492870624722,8.37392786582299e-06,0.08585607577728757,0.0008862632323743833,25,10,20
34,3582,0.913250020866882,8.37396982466421e-06,0.08585534170749286,0.0008862634558004706,25,10,20
34,3583,0.9124184095386733,8.37394493875158e-06,0.08668695154808129,0.0008862649683067831,25,10,20
34,3584,0.9177623418003411,8.358769198874636e-06,0.08134303197083222,0.0008862674596278568,25,10,20
34,3585,0.9182208570027914,8.352745206448069e-06,0.08088456180783915,0.0008862284441630605,25,10,20
34,3586,0.9091185100080588,8.734117478808812e-06,0.08998648372361562,0.0008862721508469856,25,10,20
34,3587,0.9129596703140248,8.32800730279983e-06,0.08614645587322575,0.0008855458054465543,25,10,20
34,3588,0.9166654396042779,1.1051422440789165e-06,0.08244788401774626,0.0008855712357317122,25,10,20
34,3589,0.9148674951933576,1.1790843982695104e-06,0.08424557956337625,0.0008857461588678685,25,10,20
34,3590,0.9183750091973637,1.1737092812269428e-06,0.0807380891044347,0.0008857279889201227,25,10,20
34,3591,0.9191191161254234,1.1825015301757063e-06,0.08000126086214093,0.0008784405109050069,25,10,20
34,3592,0.9188594720670186,1.1844237156571663e-06,0.08026082750071321,0.0008785160085522075,25,10,20
34,3593,0.9199202399265318,1.1250806125588419e-06,0.07919993906745149,0.0008786959254036043,25,10,20
34,3594,0.929383494457548,7.442225555132007e-07,0.06973699432016528,0.0008787669997308239,25,10,20
34,3595,0.9305862611142737,7.399442626768721e-07,0.06853425420478287,0.0008787447366802908,25,10,20
34,3596,0.9114197690679018,1.0396998136507411e-06,0.08766076114475102,0.0009184300875329252,25,10,20
34,3597,0.9114057420293866,1.0396004507275684e-06,0.08767479465738197,0.0009184237127800955,25,10,20
34,3598,0.9156018732842758,1.0385651414345238e-06,0.08434906154213782,4.802660844470166e-05,25,10,20
34,3599,0.9051250341054908,1.0646581429866127e-06,0.09480608444737552,6.7816788990671e-05,25,10,20
34,3600,0.9077161893468844,1.0627670579340743e-06,0.09221546997796422,6.727790809365137e-05,25,10,20
34,3601,0.907677224568357,1.054850781674481e-06,0.09225472881222889,6.699176863243028e-05,25,10,20
34,3602,0.9076284130732678,1.0550544582310389e-06,0.09230353256622369,6.699930605041556e-05,25,10,20
34,3603,0.9435292347356188,3.45826669799557e-07,0.05644295529941537,2.7464138295835236e-05,25,10,20
34,3604,0.9506586988433319,4.4860258195421335e-07,0.04933264214805348,8.21040603259275e-06,25,10,20
34,3605,0.945972471651643,5.566119239820633e-07,0.05401876049233576,8.21124409685105e-06,25,10,20
34,3606,0.9456587683090666,5.570869431023505e-07,0.05433245439198294,8.220212006874456e-06,25,10,20
34,3607,0.9456598099471417,5.57003430900171e-07,0.05433141849245929,8.214556967762985e-06,25,10,20
34,3608,0.945657719766529,5.571135544128075e-07,0.054333489713606097,8.233406310155935e-06,25,10,20
34,3609,0.9456464377040248,5.586166440910476e-07,0.05434477034072101,8.233338609725636e-06,25,10,20
34,3610,0.9419431972894066,5.617022041136788e-07,0.05804791677483494,8.324233554002524e-06,25,10,20
34,3611,0.945505775455348,5.674907656883844e-07,0.05448531934494967,8.337708936555038e-06,25,10,20
34,3612,0.9473978477940913,5.644863350130886e-07,0.05259335954288603,8.228176687417001e-06,25,10,20
34,3613,0.9452134625554733,7.402003217892e-07,0.05477448968410853,1.1307560096132353e-05,25,10,20
34,3614,0.9454805785704559,7.351306367015128e-07,0.05450737784137826,1.1308457528853948e-05,25,10,20
34,3615,0.9435885427951431,7.601235076770716e-07,0.056394866294586656,1.583078676226458e-05,25,10,20
34,3616,0.9418235511834346,7.606553866111975e-07,0.058159877260083946,1.581090109460785e-05,25,10,20
34,3617,0.946334402808719,6.336357412536304e-07,0.053649681767221014,1.5281788318313363e-05,25,10,20
34,3618,0.9456199156195844,1.137252067948639e-05,0.05435193468006291,1.677717967304734e-05,25,10,20
34,3619,0.9452733646181877,1.1365544626065065e-05,0.05469957128490769,1.5698552278348445e-05,25,10,20
34,3620,0.9454835163248443,1.140591988419785e-05,0.05448914160532155,1.593614994978531e-05,25,10,20
34,3621,0.9464226665437597,1.139261504888328e-05,0.053550353322864286,1.5587518327152573e-05,25,10,20
34,3622,0.9472723387382878,1.1392546383347571e-05,0.05270071726067301,1.55514546558087e-05,25,10,20
34,3623,0.9475675170083113,1.139535009518666e-05,0.052405517573594906,1.557006799854392e-05,25,10,20
34,3624,0.9486108435601879,1.140087171440661e-05,0.05136310682436963,1.4648743728016417e-05,25,10,20
34,3625,0.9487232916599122,1.140045826530365e-05,0.05125066140259916,1.4646479223175864e-05,25,10,20
34,3626,0.948271303770233,2.0081007880578693e-05,0.051693958221440434,1.4657000445897744e-05,25,10,20
34,3627,0.9490785371430035,2.008186121756547e-05,0.050886709275261816,1.4671720517182548e-05,25,10,20
34,3628,0.9508051377000684,2.0057475229848086e-05,0.049164611147098795,1.0193677603063878e-05,25,10,20
34,3629,0.9510777750047574,2.0065742482476816e-05,0.0488919191104908,1.0240142269357614e-05,25,10,20
34,3630,0.9523174873896096,2.00719842908527e-05,0.0476522321245182,1.0208501581398675e-05,25,10,20
34,3631,0.9409317955766814,2.0096027136730616e-05,0.05903793103100239,1.01773651796262e-05,25,10,20
34,3632,0.9456023507816141,1.9988001473194707e-05,0.05436748462218078,1.0176594731996905e-05,25,10,20
34,3633,0.9446169865508218,1.9995301676994408e-05,0.05535226553018089,1.0752617320405543e-05,25,10,20
34,3634,0.9446857200985543,1.9878922867114774e-05,0.05528364533396684,1.0755644611598221e-05,25,10,20
34,3635,0.9446436535753965,1.9879007510016305e-05,0.05532570107522798,1.0766341865456997e-05,25,10,20
34,3636,0.9395219371971458,1.983917475607317e-05,0.06044784276821219,1.0380859885956693e-05,25,10,20
34,3637,0.9383389538174023,1.128068155992182e-05,0.061639271372406615,1.0494128631347312e-05,25,10,20
34,3638,0.9381919911884913,1.1331420290603277e-05,0.06178576096373958,1.0916427478632658e-05,25,10,20
34,3639,0.9396506175030719,1.1204980753193845e-05,0.060316178485048576,2.1999031126448536e-05,25,10,20
34,3640,0.9366960866302521,1.1214636306321462e-05,0.06327016354029649,2.25351931454373e-05,25,10,20
34,3641,0.9378795873062112,1.1091185810427945e-05,0.062086909512847115,2.241199513137769e-05,25,10,20
34,3642,0.9407548675298625,1.1040495096489206e-05,0.05922706200632554,7.029968715651252e-06,25,10,20
34,3643,0.9408544230941629,1.1040367595208632e-05,0.059130053727344166,4.4828108976883326e-06,25,10,20
34,3644,0.9335768744787919,1.1036363632881338e-05,0.06640759710284,4.492054734760875e-06,25,10,20
34,3645,0.9337004924070356,1.1035292651997905e-05,0.06628398361321423,4.48868709781888e-06,25,10,20
34,3646,0.8959528984779687,0.0006897502958938808,0.10335145890175547,5.8923243814163105e-06,25,10,20
34,3647,0.897757435001607,0.0006897493165742793,0.10154677604106765,6.039640750547256e-06,25,10,20
34,3648,0.8698287251828506,0.0006897822276279911,0.12947554584069937,5.946748821710836e-06,25,10,20
34,3649,0.866636884759703,0.000689919901983909,0.13266728708192438,5.908256388606261e-06,25,10,20
34,3650,0.8658164693563986,0.0006897895757463368,0.1334885672564127,5.17381144259432e-06,25,10,20
34,3651,0.8680667905301097,0.000689652829504807,0.1312376961024486,5.860537936825467e-06,25,10,20
34,3652,0.8930309976175372,0.0006896402353572247,0.10627107484275727,8.287304348441982e-06,25,10,20
34,3653,0.8929848933604011,0.0006896436377562865,0.10631654979030487,8.913211537896228e-06,25,10,20
34,3654,0.890824362725139,0.0006896359577568585,0.10847629413183099,9.7071852732628e-06,25,10,20
34,3655,0.8909217446111158,0.0006896324134337575,0.10837953830581308,9.084669637453597e-06,25,10,20
34,3656,0.8908347556551428,0.0006896338574794772,0.1084666577401413,8.952747236569961e-06,25,10,20
34,3657,0.8937707422839436,0.0006896243957271298,0.10553104355951268,8.589760816854824e-06,25,10,20
34,3658,0.8937045815055115,0.0006896241971425114,0.10559718329348028,8.61100386592983e-06,25,10,20
34,3659,0.8938437638744978,0.000689622141259654,0.1054580279709453,8.586013297396572e-06,25,10,20
34,3660,0.8930032100673861,0.0006896229223144737,0.10629857969540468,8.587314894900356e-06,25,10,20
34,3661,0.8911344326024089,0.0006896311847016784,0.10816871540806744,7.220804822229339e-06,25,10,20
34,3662,0.8915746806899323,0.0006895798121603098,0.1077289853005197,6.754197387857151e-06,25,10,20
34,3663,0.8951271005920586,0.0006895721181436021,0.10417632538720632,7.001902591703204e-06,25,10,20
34,3664,0.8958871536245797,0.000678832886638491,0.10342854851471825,5.46497406397671e-06,25,10,20
34,3665,0.8951906176289464,0.0006789089981905083,0.10412502506647917,5.44830638465196e-06,25,10,20
34,3666,0.8943706088003627,0.0006789090340578551,0.1049450340158139,5.448149766301672e-06,25,10,20
34,3667,0.8866671339419124,0.0006789095257894262,0.1126485071189476,5.449413351235153e-06,25,10,20
34,3668,0.8507125658922842,0.0006789636065233531,0.14858609186887617,2.237863231718505e-05,25,10,20
34,3669,0.8506423102168816,0.0006789577989400941,0.1486587830242656,1.994895991337343e-05,25,10,20
34,3670,0.8586483443270925,0.0006789577165762868,0.1406527491290461,1.9948827286041154e-05,25,10,20
34,3671,0.8486863247719595,0.0006820055832467658,0.1505079329196897,0.00012373672510476724,25,10,20
34,3672,0.8482925777152716,0.0006820071336109227,0.15090166772640484,0.00012374742471365244,25,10,20
34,3673,0.8469482936059908,0.0006833052160841338,0.1522445021036154,0.00012389907431083696,25,10,20
34,3674,0.8849612381188616,4.586121165265546e-06,0.1149116800124597,0.00012249574751454522,25,10,20
34,3675,0.8856842885762874,4.607296911283909e-06,0.11418872622104334,0.00012237790575890078,25,10,20
34,3676,0.8681282479442433,4.604462552118955e-06,0.13173899457971427,0.00012815301349113962,25,10,20
34,3677,0.8681054196388704,4.604682588884428e-06,0.13176181679894441,0.00012815887959706252,25,10,20
34,3678,0.8524303822575603,4.596459805593919e-06,0.14743753011393942,0.00012749116869548957,25,10,20
34,3679,0.8475745165049302,4.751144324953456e-06,0.1522932323085047,0.00012750004224086053,25,10,20
34,3680,0.8791368027787088,4.712822958337885e-06,0.12073097185716936,0.00012751254116402706,25,10,20
34,3681,0.9114794536611391,4.968503782658586e-06,0.08840476476442025,0.0001108130706581168,25,10,20
34,3682,0.9113854680607776,4.969388233991572e-06,0.08849444776145815,0.00011511478953070811,25,10,20
34,3683,0.9122498575650592,4.967869137524202e-06,0.08763009860612316,0.00011507595968010065,25,10,20
34,3684,0.910528418486903,2.327481160469252e-05,0.08933293256703606,0.00011537413445623552,25,10,20
34,3685,0.9072802443344553,2.376174537001258e-05,0.09257917625930762,0.00011681766086709091,25,10,20
34,3686,0.9070990417229418,2.3763126005785785e-05,0.09275916757720187,0.00011802757385053373,25,10,20
34,3687,0.9071085566772843,2.3762931460961836e-05,0.09274982584248459,0.00011785454877028513,25,10,20
34,3688,0.9119672140551086,2.36072773764655e-05,0.08789133761493453,0.00011784105258062983,25,10,20
34,3689,0.9118272347513708,2.361062910182708e-05,0.08803123179221542,0.00011792282731233076,25,10,20
34,3690,0.9118012391818482,2.361068695444353e-05,0.08805664943173644,0.000118500699461224,25,10,20
34,3691,0.9117913509430473,2.36106869543374e-05,0.08806653087761053,0.0001185074923882592,25,10,20
34,3692,0.9111697688750237,2.3611131238181e-05,0.08868806082024068,0.00011855917349783605,25,10,20
34,3693,0.9145377191421143,2.3303072521603466e-05,0.08532063141377354,0.00011834637159109036,25,10,20
34,3694,0.9139859880814052,2.3323672452641476e-05,0.08587224109714504,0.00011844714899761305,25,10,20
34,3695,0.9167487192401161,2.2842679247604973e-05,0.0830514548699402,0.00017698321069654538,25,10,20
34,3696,0.916841947054577,2.284100274035642e-05,0.08295824495323802,0.00017696698944500997,25,10,20
34,3697,0.9164179919725671,2.2840893944400168e-05,0.08338273290906596,0.00017643422442281616,25,10,20
34,3698,0.9163818037285506,2.284082731750855e-05,0.0834176006662914,0.00017775477784095283,25,10,20
34,3699,0.9167629434793945,2.2842608980076737e-05,0.08303627751577251,0.00017793639585341053,25,10,20
34,3700,0.9170703628720059,2.276621119932476e-05,0.08272702609945647,0.0001798448173385921,25,10,20
34,3701,0.9192698190673058,2.1534470056447665e-05,0.0805289626436386,0.00017968381899956265,25,10,20
34,3702,0.9110497999714553,2.1833269750067643e-05,0.0887487333094641,0.00017963344933068337,25,10,20
34,3703,0.9117772256618528,2.1822482766449174e-05,0.08802133082327587,0.00017962103210503316,25,10,20
34,3704,0.9118409431790304,2.1822626321877627e-05,0.08795881158583599,0.00017842260881201422,25,10,20
34,3705,0.9119570498050652,2.1822621853735584e-05,0.08784273373457552,0.00017839383850595897,25,10,20
34,3706,0.9117767631810865,2.1825368639417086e-05,0.08802493828950933,0.00017647316076511388,25,10,20
34,3707,0.9121681424505436,2.182519509142532e-05,0.08763488606392233,0.0001751462904430357,25,10,20
34,3708,0.9159313618522146,2.182084028554728e-05,0.08387171233456453,0.00017510497293567618,25,10,20
34,3709,0.9163862933199987,2.181772305693446e-05,0.08347657293774992,0.00011531601919479746,25,10,20
34,3710,0.9163387134067592,2.1817833432225843e-05,0.08352412699643555,0.00011534176337329263,25,10,20
34,3711,0.9163215145383232,2.1818014076054626e-05,0.08354132382048088,0.0001153436271200924,25,10,20
34,3712,0.9183587037563636,2.1818066409795655e-05,0.08150409975165727,0.00011537842556952166,25,10,20
34,3713,0.9283271629962594,1.8770015660648154e-05,0.07164244302818484,1.162395989532072e-05,25,10,20
34,3714,0.9351070504412614,1.8742755527726693e-05,0.06486267021015997,1.153659305124385e-05,25,10,20
34,3715,0.930564607499953,1.8743788100923764e-05,0.06940510416409666,1.154454784996594e-05,25,10,20
34,3716,0.9301135471791109,1.874437299391783e-05,0.06986044777448627,7.2606734092888825e-06,25,10,20
34,3717,0.9348600506755902,1.8753197707171925e-05,0.0651139402286031,7.255898099847686e-06,25,10,20
34,3718,0.9349684745779825,1.8753273305936346e-05,0.06500551859273357,7.253555978193348e-06,25,10,20
34,3719,0.9490300722425927,1.876101026716949e-05,0.05092461056222545,2.6556184914926017e-05,25,10,20
34,3720,0.9491139019294016,1.8761135718669574e-05,0.05084080221126535,2.653472361459552e-05,25,10,20
34,3721,0.9457676415516396,1.8762857273211465e-05,0.05418668142970953,2.6914161377845237e-05,25,10,20
34,3722,0.945554146852799,2.1967011858158537e-05,0.05439692996126182,2.6956174081187305e-05,25,10,20
34,3723,0.9428667306735659,2.196397746328018e-05,0.057084540284985295,2.6765063985672177e-05,25,10,20
34,3724,0.9427244428682792,2.1963932429054957e-05,0.0572268389262241,2.6754273067768116e-05,25,10,20
34,3725,0.943022572119698,2.1975167958452968e-05,0.056928681472466824,2.6771239876802258e-05,25,10,20
34,3726,0.9424391051757357,2.21069955760317e-05,0.057511265356860825,2.752247182779054e-05,25,10,20
34,3727,0.9424624307574336,2.21052148311746e-05,0.05748816757057666,2.7296457158586415e-05,25,10,20
34,3728,0.9445323584547183,2.211277612379721e-05,0.05541665505993975,2.887370921833687e-05,25,10,20
34,3729,0.9515792091062528,2.1813588185788008e-05,0.04837007198640257,2.8905319158920038e-05,25,10,20
34,3730,0.9530977500246007,2.2006303109442987e-05,0.046850965996196425,2.9277676093414626e-05,25,10,20
34,3731,0.9540119339652828,2.2003910331632666e-05,0.04593685489307771,2.9207231307806998e-05,25,10,20
34,3732,0.9537047860026484,1.8798949998731166e-05,0.04624715324709773,2.926180025523091e-05,25,10,20
34,3733,0.9542446022546663,1.877844413895111e-05,0.045707456233224635,2.9163067970367712e-05,25,10,20
34,3734,0.9542630623938912,1.8778415291108613e-05,0.045689053243352255,2.9105947465534475e-05,25,10,20
34,3735,0.9601341326897859,1.859332101862393e-05,0.03981778402714718,2.948996204866549e-05,25,10,20
34,3736,0.9401745358450393,2.856815295064157e-07,0.05979601192310804,2.916655032341141e-05,25,10,20
34,3737,0.9404762395510976,2.7297344023391516e-07,0.059494355466547695,2.9132008914721237e-05,25,10,20
34,3738,0.9406888908776838,2.0416239162228886e-07,0.059281757377513795,2.9147582411123558e-05,25,10,20
34,3739,0.9407673372747248,2.0392702789198797e-07,0.0592033113436621,2.91474545854673e-05,25,10,20
34,3740,0.9408952357513417,2.0369080827963238e-07,0.059075433176418765,2.9127381431644273e-05,25,10,20
34,3741,0.9409369767757522,1.9494871127405594e-07,0.05903370160883414,2.9126666702754475e-05,25,10,20
34,3742,0.9408180033203203,1.94854199652279e-07,0.05915205323657299,2.974858890733338e-05,25,10,20
34,3743,0.9402371745538357,1.877176986393404e-07,0.05973446259007317,2.8175138392567524e-05,25,10,20
34,3744,0.9352227644744439,1.8959317799813534e-07,0.06474948331768617,2.7562614692123473e-05,25,10,20
34,3745,0.9351900265570243,1.8971151493763065e-07,0.06478220816917313,2.7575562287935376e-05,25,10,20
34,3746,0.9371674160716456,1.9299637603963352e-07,0.06282989059527368,2.5003367049031787e-06,25,10,20
34,3747,0.9381378623890521,1.9362418494289057e-07,0.061859270844973356,2.6731417898774102e-06,25,10,20
34,3748,0.9385814289853595,2.6688242834375073e-07,0.06141556557380797,2.738558404578746e-06,25,10,20
34,3749,0.938254885888641,2.704548456637576e-07,0.061742103533122775,2.740123390872748e-06,25,10,20
34,3750,0.9390427607238417,2.4731777908747824e-07,0.06095438990168214,2.6020566971028857e-06,25,10,20
34,3751,0.9390535701364905,2.473143916965731e-07,0.060943581112155976,2.6014369619575122e-06,25,10,20
34,3752,0.9387103744904323,2.584056172199915e-07,0.06128370425788884,5.6628460619213376e-06,25,10,20
34,3753,0.938663475175396,2.601595511581412e-07,0.06133026820266532,5.996462387730899e-06,25,10,20
34,3754,0.9398875558469694,2.489682568269685e-07,0.0601061383969255,6.056787848593067e-06,25,10,20
34,3755,0.9393262764718837,3.496404379593479e-07,0.060670299415124675,3.074472553950968e-06,25,10,20
34,3756,0.9395983618096387,3.562657871539458e-07,0.06039827987056312,3.002054011129315e-06,25,10,20
34,3757,0.9391432195656553,3.660443855378828e-07,0.06085340778996889,3.0065999904207915e-06,25,10,20
34,3758,0.9343214009944627,5.343777891439941e-07,0.06567488594638701,3.1786813612686524e-06,25,10,20
34,3759,0.9057930846295514,5.333777528416629e-07,0.09420322316612514,3.1588265705566753e-06,25,10,20
34,3760,0.9081728415938214,5.314958901033627e-07,0.09182387839849866,2.748511789540637e-06,25,10,20
34,3761,0.9111867920518961,3.658253681260307e-07,0.08881025326006639,2.5888626690906223e-06,25,10,20
34,3762,0.9111947239122813,3.6581450482994707e-07,0.0888023208029965,2.5894702171984422e-06,25,10,20
34,3763,0.911275625011311,3.672159211670935e-07,0.08872139324942463,2.614523342961845e-06,25,10,20
34,3764,0.9112938373624085,5.065264375161255e-07,0.08870304672789725,2.609383256335599e-06,25,10,20
34,3765,0.911412778592547,5.065587279944184e-07,0.08858410538643857,2.609462286309716e-06,25,10,20
34,3766,0.9062012217790703,5.338995191076284e-07,0.09379520590482476,3.0384165861366233e-06,25,10,20
34,3767,0.9061800080101746,5.365719058061033e-07,0.09381632547282372,3.1299450961357095e-06,25,10,20
34,3768,0.8860670845361195,5.369658000466887e-07,0.11392535398933823,7.024508742519258e-06,25,10,20
34,3769,0.8910400312460247,5.250559846405867e-07,0.1089528484142143,6.595283776711362e-06,25,10,20
34,3770,0.8885551034695753,4.2666027056712515e-06,0.11143404633360525,6.5835941137739654e-06,25,10,20
34,3771,0.8719299964779751,4.761125874413767e-06,0.1280547987093475,1.0443686802590961e-05,25,10,20
34,3772,0.8702781305424697,4.687428958953812e-06,0.12970688487091547,1.0297157655586185e-05,25,10,20
34,3773,0.8700856966341154,4.6864903890111195e-06,0.12989930357963048,1.0313295864659955e-05,25,10,20
34,3774,0.872537535406172,9.451705957041688e-07,0.12745118364132646,1.0335781905489625e-05,25,10,20
34,3775,0.8725561296794967,9.459407021401247e-07,0.12743258623114914,1.0338148651659463e-05,25,10,20
34,3776,0.8725431775989336,9.473971080591114e-07,0.12744555543608832,1.0319567869518258e-05,25,10,20
34,3777,0.8706340896592067,9.559301741273813e-07,0.12935465827299358,1.0296137625098864e-05,25,10,20
34,3778,0.8707177230022137,9.555928353619778e-07,0.129271061822076,1.025958287447575e-05,25,10,20
34,3779,0.8705575617555493,9.530833371993819e-07,0.12943015800890367,1.132715220945948e-05,25,10,20
34,3780,0.870453524571398,9.534680554832897e-07,0.1295356042201575,9.917740388655494e-06,25,10,20
34,3781,0.8728885796409207,9.483942657236637e-07,0.1271005834869482,9.888477864803675e-06,25,10,20
34,3782,0.8729936840998391,9.456184499449489e-07,0.12699548809971084,9.88218199945355e-06,25,10,20
34,3783,0.8913464814637315,9.586784964280343e-07,0.10864399118088983,8.568676881858494e-06,25,10,20
34,3784,0.8919829424593567,8.273532182698144e-07,0.10800841204964243,7.818137782115658e-06,25,10,20
34,3785,0.8923989453280525,8.270244161432495e-07,0.1075924097793666,7.817868163974604e-06,25,10,20
34,3786,0.8969247781421044,8.262001319635682e-07,0.10306656955949119,7.826098271482405e-06,25,10,20
34,3787,0.8969521667451662,8.261112812611761e-07,0.10303918217535589,7.824968195881918e-06,25,10,20
34,3788,0.9006722935932859,8.174143674421641e-07,0.09931908497088504,7.804021461022414e-06,25,10,20
34,3789,0.9170649072954771,3.240752016317869e-07,0.08293086409492505,3.904534395664092e-06,25,10,20
34,3790,0.9176660712468526,3.1944863210961155e-07,0.082330438950487,3.1703540279984845e-06,25,10,20
34,3791,0.9172627612194133,5.945305759276833e-07,0.08273220569071832,4.438559292216635e-06,25,10,20
34,3792,0.9169483242825132,5.945547062137633e-07,0.08304663077243585,4.450390344261199e-06,25,10,20
34,3793,0.9165440128352383,5.978458260199274e-07,0.08345090137051114,4.487948423827844e-06,25,10,20
34,3794,0.917241681702066,4.902092312174089e-07,0.08275340976070146,4.418328000677516e-06,25,10,20
34,3795,0.9173622165269996,4.868100516806695e-07,0.08263140821421472,5.888448733841249e-06,25,10,20
34,3796,0.9176792132276091,5.171220247548274e-07,0.0823105581296412,9.711520724788253e-06,25,10,20
34,3797,0.917683331611007,5.17164998632702e-07,0.08230643948109978,9.711742894552604e-06,25,10,20
34,3798,0.9179590758887635,5.139424106912349e-07,0.08203073017094446,9.679997881248017e-06,25,10,20
34,3799,0.9168375882846728,5.228179091754656e-07,0.08315216630328967,9.722594128352259e-06,25,10,20
34,3800,0.9177664993383555,5.231633695437517e-07,0.08222322109189442,9.756406380684305e-06,25,10,20
34,3801,0.9170815941982536,5.322853598677279e-07,0.08290765914561586,1.0214370771033092e-05,25,10,20
34,3802,0.9173014623203696,5.346875425840389e-07,0.08268778932160276,1.0213670485045521e-05,25,10,20
34,3803,0.9157848647138377,5.318376724725738e-07,0.08420439350269227,1.0209945797647511e-05,25,10,20
34,3804,0.915701742224785,5.793917350781885e-07,0.08428719855279918,1.0479830680989852e-05,25,10,20
34,3805,0.909467361134765,5.323143685702739e-07,0.09048080833205621,5.129821881030233e-05,25,10,20
34,3806,0.8969542318670832,1.1445846329935774e-06,0.10299145170992373,5.317183835989328e-05,25,10,20
34,3807,0.8929897671652671,3.877656065621982e-05,0.10691827134379643,5.3184930280124626e-05,25,10,20
34,3808,0.8877462169787372,3.877667043995236e-05,0.11216181503332655,5.3191317496171355e-05,25,10,20
34,3809,0.8881770303315689,3.877465338106101e-05,0.11173101936629357,5.3175648756498045e-05,25,10,20
34,3810,0.8804146242824558,3.8925935645275766e-05,0.11949698520685001,4.946457504889598e-05,25,10,20
34,3811,0.8746224477646374,4.447808142732955e-05,0.12527767626214498,5.539789179007845e-05,25,10,20
34,3812,0.8695716879079469,4.420347299412103e-05,0.1303300026034105,5.4106015647992274e-05,25,10,20
34,3813,0.8683265203150304,4.4220843017949055e-05,0.13157653462231464,5.272421963641132e-05,25,10,20
34,3814,0.8632291821216902,4.4225129239181644e-05,0.13662860910542485,9.798364364532572e-05,25,10,20
34,3815,0.8685816141542084,4.422604970154707e-05,0.13127604120268152,9.811859340805814e-05,25,10,20
34,3816,0.8691738468036287,4.411872276848533e-05,0.1306838981647054,9.813630889693022e-05,25,10,20
34,3817,0.9029615067364313,4.412347430516726e-05,0.09689618731451816,9.8182474745016e-05,25,10,20
34,3818,0.9117754011556505,4.3941825889178124e-05,0.0880826036879563,9.805333050351729e-05,25,10,20
34,3819,0.9118153422348118,4.3942611461266874e-05,0.08804264603141673,9.806912230977515e-05,25,10,20
34,3820,0.9124401522960932,4.413779893569672e-05,0.08741672500899159,9.898489597900917e-05,25,10,20
34,3821,0.9125164964466924,4.413775875571808e-05,0.08734038644923448,9.897934531675596e-05,25,10,20
34,3822,0.9171131663904287,4.41328222429372e-05,0.08274374630872508,9.895447860275336e-05,25,10,20
34,3823,0.9171046821558761,4.4134089028758806e-05,0.08275223468447504,9.894907061962043e-05,25,10,20
34,3824,0.9172479500479804,4.413439406899407e-05,0.08260911855751293,9.879700043716614e-05,25,10,20
34,3825,0.9174337459145885,4.4134415723875166e-05,0.0824234754118889,9.864425779854012e-05,25,10,20
34,3826,0.9186343669939318,4.412165726882692e-05,0.08122543535130174,9.607599749711848e-05,25,10,20
34,3827,0.9185332686520986,4.412400960302557e-05,0.0813265012466301,9.610609166766387e-05,25,10,20
34,3828,0.9187341629122391,4.412331847944497e-05,0.08112561891589527,9.60948533857875e-05,25,10,20
34,3829,0.9143391541963551,4.4153243562423365e-05,0.08551965895661308,9.70336034688402e-05,25,10,20
34,3830,0.8817326700144867,4.4201495503135714e-05,0.11812600563255703,9.712285745288874e-05,25,10,20
34,3831,0.8809562554294019,4.417301747541481e-05,0.1188988530677964,0.0001007184853261959,25,10,20
34,3832,0.8946622548177523,4.3561017540133596e-05,0.10519533959332797,9.884457137921729e-05,25,10,20
34,3833,0.8951674058615521,4.35582747532219e-05,0.10469029027445349,9.874558924069101e-05,25,10,20
34,3834,0.8951239040818432,4.3543141766895484e-05,0.10473378435311133,9.876842327808386e-05,25,10,20
34,3835,0.9007481638386996,4.354395249202255e-05,0.09910951521513428,9.877699367357595e-05,25,10,20
34,3836,0.9002785786991551,4.354571331519906e-05,0.09957909701260347,9.877857492583948e-05,25,10,20
34,3837,0.9067213814560269,4.354512082752834e-05,0.09317738140626325,5.7692016882047344e-05,25,10,20
34,3838,0.9062637187777505,4.355859318462628e-05,0.09363451982393939,5.820280512531161e-05,25,10,20
34,3839,0.9062608220987838,4.355859325609759e-05,0.09363741649645364,5.8202811506582665e-05,25,10,20
34,3840,0.9072082533374425,4.355644676797665e-05,0.09268998884238924,5.8201373400165694e-05,25,10,20
34,3841,0.937435986754742,4.365955669914368e-05,0.06246197214815157,5.8381540407429325e-05,25,10,20
34,3842,0.9399256782831003,6.051912616172381e-06,0.06000751920259277,6.07506016907928e-05,25,10,20
34,3843,0.9383485586937559,6.048284014244917e-06,0.061580338944434904,6.505407779536266e-05,25,10,20
34,3844,0.9397112205417796,6.024038948086358e-06,0.0602200858161198,6.266960315286312e-05,25,10,20
34,3845,0.9395073984770869,6.022815061335024e-06,0.06042392550402185,6.265320383008394e-05,25,10,20
34,3846,0.9393158155535866,6.029072120126992e-06,0.06061502836997078,6.312700432287286e-05,25,10,20
34,3847,0.9357029827960062,6.040059580167686e-06,0.06422775578218361,6.322136223038495e-05,25,10,20
34,3848,0.940316202178733,6.00646288257748e-06,0.0596155412831877,6.225007519713656e-05,25,10,20
34,3849,0.9364511212902883,6.108302030279267e-06,0.0634805236184519,6.224678923004547e-05,25,10,20
34,3850,0.9400760266770226,6.097233191190213e-06,0.05985572911385383,6.214697593276423e-05,25,10,20
34,3851,0.9400170629161931,6.096043546190712e-06,0.05991469442979119,6.214661047010555e-05,25,10,20
34,3852,0.9345773372447965,1.5259884524243184e-05,0.06530092108667834,0.00010648178400114227,25,10,20
34,3853,0.9335150281352543,1.5259932384032985e-05,0.06635832349695922,0.00011138843540281933,25,10,20
34,3854,0.9304310681290485,9.712269262645027e-06,0.0694537313866551,0.00010548821503439044,25,10,20
34,3855,0.9021320059819257,7.255131973534815e-05,0.09768990735885932,0.00010553533947978632,25,10,20
34,3856,0.8970623513548222,7.245216745210553e-05,0.10275893977600133,0.00010625670172430425,25,10,20
34,3857,0.8991369574998186,7.24511413461013e-05,0.10068521846443966,0.00010537289439566562,25,10,20
34,3858,0.8991470808592191,7.245240650400555e-05,0.10067502165493789,0.00010544507933917736,25,10,20
34,3859,0.900628508068402,7.243478851710285e-05,0.09919371467293367,0.0001053424701473414,25,10,20
34,3860,0.9008404025552617,7.242820369012258e-05,0.09898100851652876,0.0001061607245194731,25,10,20
34,3861,0.9012934872664715,7.242831134505022e-05,0.098527911294913,0.00010617312727076455,25,10,20
34,3862,0.9023666609883173,7.242825989373698e-05,0.09745964451169777,0.00010126624009127531,25,10,20
34,3863,0.900599422288505,7.243233638377006e-05,0.09922343080358173,0.00010471457152978819,25,10,20
34,3864,0.8654080407092261,7.245001058228667e-05,0.13441822753162413,0.00010128174856720653,25,10,20
34,3865,0.8653054786840656,7.245108350121362e-05,0.13452065930630774,0.00010141092612514532,25,10,20
34,3866,0.8642242832373603,7.947329688096258e-05,0.13559393492683205,0.00010230853892653656,25,10,20
34,3867,0.8681165298189526,7.936695444297382e-05,0.1317017369932889,0.00010236623331542677,25,10,20
34,3868,0.8681278218022266,7.936687662258767e-05,0.13169043953790008,0.00010237178325085671,25,10,20
34,3869,0.8626021667241218,7.936552612931318e-05,0.13721611351668303,0.00010235423306555713,25,10,20
34,3870,0.86305104078191,7.935228240389733e-05,0.13676770706788421,0.00010189986780175833,25,10,20
34,3871,0.8591850843009868,7.9641947874154e-05,0.14063334456200574,0.00010192918913311864,25,10,20
34,3872,0.8676601011656047,7.963985716972112e-05,0.13215835286200686,0.00010190611521882329,25,10,20
34,3873,0.8686527474815907,7.962648249520678e-05,0.13116917456123459,9.845147467972982e-05,25,10,20
34,3874,0.8810633298132163,7.992609241001441e-05,0.1187582771344202,9.84669599531507e-05,25,10,20
34,3875,0.8763744258412882,7.992442701524872e-05,0.12344731957795103,9.833015374541487e-05,25,10,20
34,3876,0.8762903884123235,7.992429941199828e-05,0.12353141443868816,9.827284957632063e-05,25,10,20
34,3877,0.8849920421720379,8.082656747988622e-05,0.11482894728747771,9.818397300470615e-05,25,10,20
34,3878,0.8814123176811254,8.091204772996154e-05,0.11838599906951609,0.00012077120162898216,25,10,20
34,3879,0.8815050594262243,8.091860778795358e-05,0.11829302373779749,0.00012099822819053832,25,10,20
34,3880,0.8814260753102513,8.09186864674977e-05,0.11837200230707845,0.00012100369620296041,25,10,20
34,3881,0.9052244050462457,7.996804388969279e-05,0.09457462349675452,0.00012100341311003329,25,10,20
34,3882,0.905283307785616,7.996188520378315e-05,0.0945157267914144,0.00012100353776599593,25,10,20
34,3883,0.9054089991260307,7.99617503909026e-05,0.09439005311958609,0.00012098600399253276,25,10,20
34,3884,0.8769026908506707,7.996167698160318e-05,0.12289638046630236,0.00012096700604569702,25,10,20
34,3885,0.8747717992691196,8.001238306843043e-05,0.12502687351649006,0.00012131483132242997,25,10,20
34,3886,0.8708723948960497,8.001315878123009e-05,0.1282442542247016,0.0008033377204681106,25,10,20
34,3887,0.8992376634364958,8.001268404139073e-05,0.0998789844700066,0.0008033394094563931,25,10,20
34,3888,0.9238582258431408,7.969123706586833e-05,0.07525875497995357,0.0008033279398394182,25,10,20
34,3889,0.9147155302479624,7.969577289157264e-05,0.08440140535696102,0.0008033686221847426,25,10,20
34,3890,0.903233384461252,7.055891601935616e-05,0.09593108485742956,0.0007649717652993216,25,10,20
34,3891,0.8978076666597496,7.065672000475771e-05,0.10132932378424203,0.0007923528360037968,25,10,20
34,3892,0.8977466441701475,7.065664128952926e-05,0.10139035690710461,0.000792342281458525,25,10,20
34,3893,0.8974461839284699,7.065992113959665e-05,0.10169084740016243,0.0007923087502280479,25,10,20
34,3894,0.8849129990960312,7.102055696898738e-05,0.11422347378589416,0.0007925065611056431,25,10,20
34,3895,0.8904504059846227,7.09158101569297e-05,0.10871355367185614,0.0007651245333641196,25,10,20
34,3896,0.8910154381580808,7.08650885005027e-05,0.10814892197444681,0.0007647747789715929,25,10,20
34,3897,0.8573812095604336,7.086545017005471e-05,0.1417819107906964,0.0007660141987002777,25,10,20
34,3898,0.8857603728993962,8.028062859256296e-06,0.113465413578111,0.0007661854596336579,25,10,20
34,3899,0.8718547524811453,7.944585321592041e-06,0.12739071255456927,0.0007465903789641347,25,10,20
34,3900,0.8718742444868931,7.94775581625894e-06,0.12736935080444245,0.0007484569528483889,25,10,20
34,3901,0.8900573611121159,7.935504150302156e-06,0.10918970801165626,0.0007449953720774336,25,10,20
34,3902,0.8896584199165015,7.933975537898338e-06,0.10958855348679217,0.000745092621168253,25,10,20
34,3903,0.888890837959742,7.934228911818336e-06,0.11035612387154851,0.0007451039397978529,25,10,20
34,3904,0.8857591153990374,7.972758723610256e-06,0.1134876562684402,0.0007452555737990322,25,10,20
34,3905,0.8737074179926316,7.98544134863026e-06,0.12553930235887326,0.0007452942071470287,25,10,20
34,3906,0.87774729032669,7.945682385049802e-06,0.12149963436885647,0.0007451296220690062,25,10,20
34,3907,0.8809749271139323,7.685293802831414e-06,0.11827214713591502,0.0007452404563504685,25,10,20
34,3908,0.8810534691533628,7.747020270857078e-06,0.1181951046919428,0.0007436791344241029,25,10,20
34,3909,0.8862555966118633,7.742438087597904e-06,0.1130382726261122,0.000698388323937326,25,10,20
34,3910,0.8540882434001403,7.743158903647768e-06,0.1452056233743726,0.000698390066583429,25,10,20
34,3911,0.8532861658259612,7.743129282009113e-06,0.1460077041449062,0.0006983868998505795,25,10,20
34,3912,0.837269481937317,7.714170113535396e-06,0.16202454226378976,0.0006982616287790601,25,10,20
34,3913,0.83911250658561,7.713672040499783e-06,0.1601858326179807,0.0006939471243680381,25,10,20
34,3914,0.8397000507243051,7.713379709353016e-06,0.15959861083729238,0.000693625058692633,25,10,20
34,3915,0.8508030097067563,7.355310060801804e-06,0.14849626932118584,0.0006933656619967203,25,10,20
34,3916,0.833604776255303,8.093024105543755e-06,0.1656941084616626,0.0006930222589281865,25,10,20
34,3917,0.833675731650981,8.092985699217862e-06,0.16562315302599542,0.000693022337323902,25,10,20
34,3918,0.83371336320397,8.092878810213003e-06,0.1655855339584081,0.0006930099588110309,25,10,20
34,3919,0.8335817998906099,8.092942952910341e-06,0.16571710862368966,0.0006929985427469648,25,10,20
34,3920,0.8499991816416341,7.285502053522566e-06,0.1493006376812322,0.0006928951750800011,25,10,20
34,3921,0.8499569959758629,7.285716338285688e-06,0.14934281739728572,0.0006929009105131656,25,10,20
34,3922,0.8874355503969809,7.285932875034463e-06,0.11186424019214188,0.0006929234780029793,25,10,20
34,3923,0.8881666234171601,7.2871693118140525e-06,0.1111331456647535,0.0006929437487752408,25,10,20
34,3924,0.8881218776318065,7.287192444541441e-06,0.11117787673725646,0.0006929584384931985,25,10,20
34,3925,0.881753393752635,7.6205352566352e-06,0.11754534712837135,0.0006936385837377848,25,10,20
34,3926,0.8974549998354333,7.620536671337714e-06,0.10184375436959708,0.0006936252582990039,25,10,20
34,3927,0.8826370496567414,7.636272049928237e-06,0.11665859278734489,0.0006967212838643725,25,10,20
34,3928,0.875874649858741,7.637278831829326e-06,0.12342046476026707,0.0006972481021602285,25,10,20
34,3929,0.8849171686063609,7.636306525520548e-06,0.11437798553254576,0.0006972095545679782,25,10,20
34,3930,0.8980696079567478,7.664459643086796e-06,0.10122851954557226,0.000694208038037339,25,10,20
34,3931,0.8973287853940287,7.69260553970128e-06,0.10196917483561255,0.0006943471648194867,25,10,20
34,3932,0.8890046413750409,7.69249400300385e-06,0.11029331920823739,0.000694346922719178,25,10,20
34,3933,0.8902639534513903,7.69966782663099e-06,0.10890449404088481,0.0008238528398985439,25,10,20
34,3934,0.89655310505096,7.693948651772407e-06,0.10274477297572282,0.0006944280246658892,25,10,20
34,3935,0.8711451078453741,8.672176791734814e-06,0.1288337767517673,1.244322606738022e-05,25,10,20
34,3936,0.8718212707685771,8.643210524759992e-06,0.12815779297819963,1.2293042699108405e-05,25,10,20
34,3937,0.8700394419323331,8.664994186717342e-06,0.12994074618276294,1.1146890717277228e-05,25,10,20
34,3938,0.8668014199250118,8.678025277508547e-06,0.1331782378209628,1.1664228748080975e-05,25,10,20
34,3939,0.8613065572337416,9.284458988490303e-06,0.13866928102778453,1.4877279484686848e-05,25,10,20
34,3940,0.8611927168999103,9.284316561424956e-06,0.13878312160063103,1.4877182896724606e-05,25,10,20
34,3941,0.8570934658733499,9.286290291081155e-06,0.14288236550633235,1.4882330026008125e-05,25,10,20
34,3942,0.8578023481593455,9.289123362057157e-06,0.14217347777451247,1.4884942779290527e-05,25,10,20
34,3943,0.8564961447630632,9.296204007284834e-06,0.1434807419594108,1.3817073518027918e-05,25,10,20
34,3944,0.8563720402641537,9.295402416631544e-06,0.14360483973594143,1.3824597487409595e-05,25,10,20
34,3945,0.8927583925560073,9.274829465611876e-06,0.10721859898074004,1.3733633787948415e-05,25,10,20
34,3946,0.8823919541334374,9.28568947587772e-06,0.11742364555185114,0.0001751146252361916,25,10,20
34,3947,0.881831639424138,9.302237159715243e-06,0.11798372361587858,0.00017533472282413542,25,10,20
34,3948,0.8819962659419978,9.298708762034009e-06,0.11781911487469904,0.00017532047454154356,25,10,20
34,3949,0.8807126124107194,9.297301706440971e-06,0.11910252247352014,0.00017556781405442774,25,10,20
34,3950,0.8903882691524879,9.31927000626569e-06,0.10942320741531399,0.00017920416219263516,25,10,20
34,3951,0.8884372207100961,9.321402566180436e-06,0.11137417812832247,0.00017927975901550693,25,10,20
34,3952,0.8881073495533535,9.32149221801014e-06,0.11170405614661101,0.0001792728078177289,25,10,20
34,3953,0.88941112254668,9.322935242725002e-06,0.11039975257097435,0.00017980194710323833,25,10,20
34,3954,0.8886072727010569,9.998579670746579e-06,0.11120294282207169,0.00017978589720086066,25,10,20
34,3955,0.8923519390106789,9.436892913263022e-06,0.1074623318394681,0.00017629225694049987,25,10,20
34,3956,0.892385553352903,9.640555466790929e-06,0.10741811891569596,0.00018668717593493413,25,10,20
34,3957,0.9212836491749421,8.667399400680386e-06,0.07851693754035032,0.0001907458853071719,25,10,20
34,3958,0.9210046366402581,8.689932385014881e-06,0.07879586892141707,0.00019080450594035267,25,10,20
34,3959,0.9189303350331965,8.695869830550544e-06,0.0808704803169528,0.00019048878002117856,25,10,20
34,3960,0.9221334956856271,8.690524017823387e-06,0.0776673059447092,0.00019050784564643566,25,10,20
34,3961,0.9284856000873191,1.664934325627555e-06,0.07132295670081473,0.0001897782775408652,25,10,20
34,3962,0.9286834933084505,1.6605351563302214e-06,0.0711291449757043,0.00018570118068920026,25,10,20
34,3963,0.9286732832322829,1.6606342830421937e-06,0.07113903177542583,0.00018602435800846282,25,10,20
34,3964,0.9307272115730756,1.6267813787335903e-06,0.06908880789259139,0.00018235375295450098,25,10,20
34,3965,0.9282849538645921,1.6518653958946453e-06,0.07119006283728276,0.0005233314327297338,25,10,20
34,3966,0.9283067277936848,1.6512597379943488e-06,0.07116835712770732,0.0005232638188701609,25,10,20
34,3967,0.9283805004647732,1.6497522388397561e-06,0.07109459257069234,0.00052325721229594,25,10,20
34,3968,0.9271980066814115,1.660617358967074e-06,0.07227655344280966,0.0005237792584201614,25,10,20
34,3969,0.9275927307283809,1.816706153093129e-06,0.07188167755721793,0.0005237750082483624,25,10,20
34,3970,0.9275228248516469,1.8208727404514878e-06,0.07195156251959345,0.0005237917560194846,25,10,20
34,3971,0.9281649475988196,1.9748962900091207e-06,0.07130980315688158,0.0005232743480090906,25,10,20
34,3972,0.9293699907792827,1.8886245745255024e-06,0.07010131838925851,0.0005268022068845464,25,10,20
34,3973,0.9297709727411899,1.6830238128161611e-06,0.06971094940122066,0.0005163948337769797,25,10,20
34,3974,0.9294933670992555,1.7021426016524327e-06,0.06998859183594469,0.0005163389221984792,25,10,20
34,3975,0.9254377054274143,1.3766695379155833e-06,0.07404481579749306,0.0005161021055549929,25,10,20
34,3976,0.9254767831267671,1.3780896571504342e-06,0.07400444489862423,0.0005173938849518559,25,10,20
34,3977,0.9249263853318384,1.3710171451602907e-06,0.07455439723533998,0.0005178464156767492,25,10,20
34,3978,0.9246184787794671,1.4111118170422666e-06,0.07486215334439214,0.0005179567643240906,25,10,20
34,3979,0.9255299125033852,1.4107308577421134e-06,0.07395074751187351,0.0005179292538839131,25,10,20
34,3980,0.928605559626212,1.3313042438846832e-06,0.07087872056492406,0.0005143885046204942,25,10,20
34,3981,0.9289951949454637,1.2912791104658906e-06,0.07048923157567914,0.0005142821997470441,25,10,20
34,3982,0.9293111352368324,1.2905208135318041e-06,0.0701733016598475,0.000514272582506936,25,10,20
34,3983,0.9234216579705038,1.2978689107119653e-06,0.07606296716115678,0.0005140769994289462,25,10,20
34,3984,0.9240620996618233,1.2911343048096438e-06,0.07542254659272404,0.0005140626111477244,25,10,20
34,3985,0.9246569743162041,1.2907971903376332e-06,0.07482814329855424,0.0005135915880514757,25,10,20
34,3986,0.9246970129378398,1.2909420888964723e-06,0.07478811366354003,0.0005135824565312509,25,10,20
34,3987,0.9255870692204524,1.2907595000755524e-06,0.07389804751713112,0.0005135925029163736,25,10,20
34,3988,0.9213009920737537,1.2960615864385356e-06,0.0781840927685441,0.000513619096115649,25,10,20
34,3989,0.9122466725200375,6.532270991827239e-06,0.08704604443426422,0.0007007507747066167,25,10,20
34,3990,0.9057512437395145,9.690385057493224e-06,0.09353833559190555,0.0007007302835228045,25,10,20
34,3991,0.8674644807888776,5.147978751948351e-05,0.13178337104813587,0.0007006683754662374,25,10,20
34,3992,0.8563765811652747,5.1419225459314484e-05,0.14286701433085594,0.0007049852784098387,25,10,20
34,3993,0.8563951702015861,5.141941254772543e-05,0.142848379446318,0.0007050309395481405,25,10,20
34,3994,0.8674591213081402,5.1411664773307304e-05,0.13178487486436333,0.0007045921627231204,25,10,20
34,3995,0.8841818752359006,5.138678271741557e-05,0.11506756096353515,0.0006991770178469008,25,10,20
34,3996,0.8775591879133597,5.1386755892351925e-05,0.12168820006559096,0.0007012252651572323,25,10,20
34,3997,0.9158387324854512,9.585824194664695e-06,0.08345036974044209,0.0007013119499119537,25,10,20
34,3998,0.9247426425245802,4.354847100692294e-06,0.07473874489006765,0.0005142577382510632,25,10,20
34,3999,0.9251915318644159,4.331032693999623e-06,0.07429000896883343,0.0005141281340563391,25,10,20
34,4000,0.9242437452467983,4.344538523540038e-06,0.07523777925662511,0.0005141309580529894,25,10,20
34,4001,0.9243421913535765,4.351509409811767e-06,0.07513868589876195,0.0005147712382516713,25,10,20
34,4002,0.9243203327785383,4.351457861903862e-06,0.075160843851204,0.0005144719123955982,25,10,20
34,4003,0.9243558718013394,4.350224928034802e-06,0.07512571017400246,0.0005140677997299069,25,10,20
34,4004,0.932494909688094,4.321259294338465e-06,0.06698584902911633,0.0005149200234950583,25,10,20
34,4005,0.9315959971977799,4.3235346356216965e-06,0.06788477655157171,0.0005149027160125135,25,10,20
34,4006,0.9241178272197798,4.456772442734937e-06,0.07450108595306078,0.0013766300547166039,25,10,20
34,4007,0.9245114231331492,4.455509341521845e-06,0.0741089525534426,0.001375168804066528,25,10,20
34,4008,0.9246947519541554,4.451215085375446e-06,0.0739257101315549,0.0013750866992042763,25,10,20
34,4009,0.9254224292943425,4.449581664375764e-06,0.07319775850444438,0.0013753626195485724,25,10,20
34,4010,0.9258797951124248,4.432884546891449e-06,0.07274148803957173,0.0013742839634564572,25,10,20
34,4011,0.9397427276234442,4.4089192499614155e-06,0.05904048260706246,0.0012123808502432563,25,10,20
34,4012,0.9438323214260836,4.403896070769856e-06,0.054950917262479144,0.0012123574153664867,25,10,20
34,4013,0.9431730274203061,4.403854217519154e-06,0.05561021805350471,0.0012123506719715958,25,10,20
34,4014,0.9492658654346863,4.409551271252803e-06,0.049519467366936916,0.0012102576471057192,25,10,20
34,4015,0.9495149870812708,4.4103276402194775e-06,0.04927035571789202,0.0012102468731971531,25,10,20
34,4016,0.9501291256793095,4.406934431676516e-06,0.04865673130739895,0.0012097360788597999,25,10,20
34,4017,0.9555305340847512,1.245836661806082e-06,0.04324762819095997,0.0012205918876269449,25,10,20
34,4018,0.9545178183159291,1.3119919120315816e-06,0.044260269772211834,0.0012205999199466893,25,10,20
34,4019,0.9544440361422386,1.3148307296736693e-06,0.0443340056396099,0.001220643387421487,25,10,20
34,4020,0.9546440972696492,1.3147235001195149e-06,0.04413394492515601,0.0012206430816944444,25,10,20
34,4021,0.9551608218838133,4.935283938904957e-07,0.043618034996876665,0.0012206495909159883,25,10,20
34,4022,0.9552044047637532,4.93337735786818e-07,0.043574452104982155,0.001220649793528509,25,10,20
34,4023,0.9496425546513362,4.996287002066573e-07,0.049136307346315806,0.0012206383736474312,25,10,20
34,4024,0.9494794976052213,4.99179754551252e-07,0.04929945832270596,0.0012205448923178351,25,10,20
34,4025,0.9492939439613829,4.992756285432704e-07,0.049485007052808824,0.0012205497101793763,25,10,20
34,4026,0.9490487559926035,5.066118898602626e-07,0.04972981379560793,0.0012209235998985296,25,10,20
34,4027,0.9471484742795286,5.067135757838991e-07,0.051630186817922814,0.0012208321889726646,25,10,20
34,4028,0.918793715804629,5.063604119590922e-07,0.0799848275096773,0.0012209503252814246,25,10,20
34,4029,0.9190562512985133,5.059906833783625e-07,0.07972231666508693,0.001220926045716042,25,10,20
34,4030,0.9190456960994987,5.059837238633361e-07,0.07973287497768727,0.0012209229390897772,25,10,20
34,4031,0.9198900077397079,4.3988478660234375e-07,0.0788886373813547,0.0012209149941505054,25,10,20
34,4032,0.9197624618050634,4.371051341982371e-07,0.07901580690984203,0.0012212941799599347,25,10,20
34,4033,0.9191561624296389,4.371422980386078e-07,0.07961573818886597,0.0012276622391966887,25,10,20
34,4034,0.9184674882914643,4.5764404894611185e-07,0.08030363884662328,0.0012284152178636217,25,10,20
34,4035,0.9169751012087067,5.582353426489783e-07,0.08180180418661892,0.0012225363693320846,25,10,20
34,4036,0.9171258991402382,5.582334737029993e-07,0.08165100626676727,0.0012225363595213885,25,10,20
34,4037,0.9172708050119902,3.5437374906513e-07,0.0815072356383983,0.0012216049758627134,25,10,20
34,4038,0.9173303159503388,3.5432336359941836e-07,0.08144772604316655,0.0012216036831312572,25,10,20
34,4039,0.9174063805128561,3.533128526107502e-07,0.08137166269484021,0.0012216034794513388,25,10,20
34,4040,0.917647083266419,3.5503588365087365e-07,0.0811308925834408,0.0012216691142563339,25,10,20
34,4041,0.9179143480929848,3.494210388247888e-07,0.08086364000592275,0.0012216624800537059,25,10,20
34,4042,0.9084810661926472,3.4925744135781745e-07,0.09029690594231674,0.0012216786075947205,25,10,20
34,4043,0.9145250211914007,3.3901443010789235e-07,0.08438640207609618,0.0010882377180733353,25,10,20
34,4044,0.9146033061334182,1.1162056827461044e-06,0.08430736277218724,0.0010882148887119158,25,10,20
34,4045,0.9429244440735232,1.1166320227914726e-06,0.05598634953053039,0.0010880897639240488,25,10,20
34,4046,0.9441059819925206,1.0365812567830268e-06,0.054805281930513594,0.0010876994957092281,25,10,20
34,4047,0.9510220609164466,1.202304187223928e-06,0.047888978220964384,0.0010877585584019292,25,10,20
34,4048,0.9623001363911751,1.2092947986812423e-06,0.03661536453858696,0.0010832897754393211,25,10,20
34,4049,0.9570549560907112,4.3220107355386944e-07,0.0418613106695636,0.0010833010386518762,25,10,20
34,4050,0.9589721914866522,4.3593620480813986e-07,0.03994406567525329,0.0010833069018897994,25,10,20
34,4051,0.9568309179786038,4.3540019217859976e-07,0.04208532759430354,0.0010833190269008946,25,10,20
34,4052,0.9618153659779862,4.354501639937281e-07,0.037100896535534195,0.0010833020363157184,25,10,20
34,4053,0.9664848125043766,4.352755732223889e-07,0.032431429709038256,0.0010833225110122285,25,10,20
34,4054,0.9662064502546509,4.3562273187863684e-07,0.0327097696582819,0.0010833444643354746,25,10,20
34,4055,0.9741632778924345,3.015021613761217e-07,0.025614780028188705,0.0002216405772158189,25,10,20
34,4056,0.9758841230523241,2.867862202441194e-07,0.024101474426903066,1.411573455284418e-05,25,10,20
34,4057,0.976117298714557,2.862600125193497e-07,0.023868301447121973,1.4113578308757478e-05,25,10,20
34,4058,0.9774855278681029,5.602811525111016e-07,0.02249991628284323,1.3995567901639808e-05,25,10,20
34,4059,0.9772901827249878,5.575700333906572e-07,0.022694039513857737,1.5220191121285702e-05,25,10,20
34,4060,0.9778645048995572,5.578122938905769e-07,0.022119699709632793,1.5237578516266894e-05,25,10,20
34,4061,0.9770257396603601,6.790410042790113e-07,0.022958341428878284,1.5239869757390745e-05,25,10,20
34,4062,0.9768188739508978,6.778920390633877e-07,0.02316636267379862,1.4085483264461334e-05,25,10,20
34,4063,0.9768106953590994,6.779151660406388e-07,0.023174541016314797,1.4085709419670522e-05,25,10,20
34,4064,0.9771109521785885,6.775760174325734e-07,0.022874279302349147,1.4090943045096597e-05,25,10,20
34,4065,0.9775062195695138,6.702040891670889e-07,0.022479392197658474,1.3718028738519705e-05,25,10,20
34,4066,0.9785473868187681,6.835042869311759e-07,0.02144891146753506,3.0182094098523886e-06,25,10,20
34,4067,0.9786976534558005,6.765050778631098e-07,0.021299285657010704,2.384382110850171e-06,25,10,20
34,4068,0.9770392266252871,6.953649354213936e-07,0.02280731269125904,0.0001527653185182139,25,10,20
34,4069,0.9773710134367256,6.777632624935364e-07,0.02247636120032377,0.0001519475996880997,25,10,20
34,4070,0.9772848631566424,6.778461654634962e-07,0.022562513120828208,0.00015194587636380272,25,10,20
34,4071,0.9724970708523909,7.321787919707229e-07,0.027349858484500618,0.0001523384843163305,25,10,20
34,4072,0.9780079200866578,7.31882224228999e-07,0.021839019393845516,0.00015232863727235443,25,10,20
34,4073,0.9788924377606898,7.113063163302145e-07,0.02095462120892047,0.00015222972407334876,25,10,20
34,4074,0.9788908653968257,7.113095956106974e-07,0.020956187933468016,0.00015223536011062252,25,10,20
34,4075,0.9842919827868144,7.048709148277409e-07,0.015555075931503872,0.0001522364107668925,25,10,20
34,4076,0.9728013162817871,6.871644372717257e-07,0.027017887889034524,0.0001801086647409654,25,10,20
34,4077,0.9728810619943579,6.872292897836056e-07,0.02693815219854234,0.00018009857780988572,25,10,20
34,4078,0.972905214454376,6.873375546888058e-07,0.026913986878912444,0.00018011132915665438,25,10,20
34,4079,0.9730419507311953,5.130654740486951e-07,0.026777222534476213,0.0001803136688546432,25,10,20
34,4080,0.9707996296586667,3.9813647855929943e-07,0.02901964255372217,0.00018032965113263928,25,10,20
34,4081,0.9672700839874087,8.953457875156028e-07,0.032549123784784306,0.00017989688201968618,25,10,20
34,4082,0.9666216785052585,9.102219357312424e-07,0.033194696058941375,0.00018271521386463367,25,10,20
34,4083,0.9661769112105624,9.072021420264426e-07,0.033639587331402265,0.00018259425589352385,25,10,20
34,4084,0.9661093688633684,9.079162350483142e-07,0.03370714928764048,0.00018257393275567907,25,10,20
34,4085,0.97820175382503,9.074932797121758e-07,0.021792936470306938,4.402211382919418e-06,25,10,20
34,4086,0.9788811353034836,1.0090285668635089e-06,0.021112957538215356,4.8981297337610895e-06,25,10,20
34,4087,0.9798000533741461,1.0237244051510005e-06,0.02019412009097619,4.802810472464324e-06,25,10,20
34,4088,0.9818509720065504,1.0232624355125841e-06,0.018143204743118556,4.799987895529491e-06,25,10,20
34,4089,0.9847932473189434,1.017031721591822e-06,0.015200944476067697,4.791173267333763e-06,25,10,20
34,4090,0.9838902345979395,1.0270967950763274e-06,0.016104258471866407,4.479833399062787e-06,25,10,20
34,4091,0.98403445811003,1.01226390621876e-06,0.01596020967720011,4.319948863793265e-06,25,10,20
34,4092,0.9837818259164516,1.0132496104349604e-06,0.016212810788516763,4.35004542131118e-06,25,10,20
34,4093,0.9682454318242795,1.0627230175003711e-06,0.03174916951847523,4.335934227694452e-06,25,10,20
34,4094,0.9683271462996241,1.062538272095156e-06,0.03166745500011596,4.3361619875842346e-06,25,10,20
34,4095,0.968354834449505,1.0647651193452588e-06,0.03163968784402489,4.412941350383319e-06,25,10,20
34,4096,0.9418245526301119,1.0266306674499827e-06,0.058162975019766666,1.1445719453784513e-05,25,10,20
34,4097,0.9418043173042812,1.0320074061388063e-06,0.058182573523509876,1.207716480241193e-05,25,10,20
34,4098,0.9414724224843362,1.0167679641824875e-06,0.05851447894299608,1.2081804703121032e-05,25,10,20
34,4099,0.9401147211410985,1.057615227389052e-06,0.05987183039248392,1.2390851189652406e-05,25,10,20
34,4100,0.9389553722239181,1.06181743453626e-06,0.0610311184795427,1.2447479104146287e-05,25,10,20
34,4101,0.9390321985049868,1.1054252505303273e-06,0.060954249209501654,1.2446860260806601e-05,25,10,20
34,4102,0.9390550915385506,1.1062384400949827e-06,0.060931368519726005,1.2433703283224074e-05,25,10,20
34,4103,0.9399530716360249,1.1169305740214452e-06,0.060033452382581995,1.2359050818878951e-05,25,10,20
34,4104,0.9557909949626702,1.0953178771300114e-06,0.04419360932511476,1.4300394337889188e-05,25,10,20
34,4105,0.9557922539376342,1.0953199959933286e-06,0.04419235022757475,1.4300514795036222e-05,25,10,20
34,4106,0.9547817889398412,1.0954402210995349e-06,0.04520281505793799,1.4300561999797884e-05,25,10,20
34,4107,0.9548064874309772,1.0889959525092906e-06,0.045181105190478396,1.1318382591853835e-05,25,10,20
34,4108,0.9280835306150341,1.0517268849774209e-06,0.0718083936402526,0.00010702401782846085,25,10,20
34,4109,0.9290832491470998,1.0358282566048306e-06,0.07080867311106057,0.00010704191358304661,25,10,20
34,4110,0.9302736433949333,9.918656328347489e-07,0.06961867349309783,0.0001066912463360314,25,10,20
34,4111,0.9175572406545508,2.2095175094732823e-06,0.08233169720485883,0.00010885262308185297,25,10,20
34,4112,0.9182047956094403,2.1682437368806806e-06,0.08168611795445718,0.00010691819236650242,25,10,20
34,4113,0.9160152623257487,2.168273949866705e-06,0.08386013736907462,0.0001224320312278246,25,10,20
34,4114,0.9158817894741624,2.168063747862719e-06,0.08399280897570334,0.00012323348638731946,25,10,20
34,4115,0.9168772193352264,2.16804322661143e-06,0.08299737995056496,0.0001232326709828647,25,10,20
34,4116,0.9170265915290843,2.1424679613169034e-06,0.08284803350147885,0.00012323250147646005,25,10,20
34,4117,0.8916033175631436,2.2358192453765227e-06,0.10827013535978264,0.00012431125782926908,25,10,20
34,4118,0.8914998054659309,2.2358463845424238e-06,0.10837364424518377,0.0001243144425019094,25,10,20
34,4119,0.8770115981137739,2.2367976615464326e-06,0.12287733448355591,0.00010883060501047915,25,10,20
34,4120,0.9056435372248169,2.2297519462770897e-06,0.09424900822424584,0.00010522479899236421,25,10,20
34,4121,0.9053687546390979,2.230110869663384e-06,0.09452377661289377,0.00010523863714018455,25,10,20
34,4122,0.9045317223822248,2.230094863496196e-06,0.09536079227433863,0.00010525524857457533,25,10,20
34,4123,0.9042876055670375,2.229548093905304e-06,0.09560494209457442,0.00010522279029576824,25,10,20
34,4124,0.9047289794803699,2.2245503262280122e-06,0.09516428818260375,0.00010450778670183689,25,10,20
34,4125,0.9313965612796177,2.2205230638647335e-06,0.06859207521340503,9.142983914177898e-06,25,10,20
34,4126,0.9295733261350718,2.2203654410400696e-06,0.07041522566206289,9.227837424654935e-06,25,10,20
34,4127,0.9215700840687531,2.2248639635913504e-06,0.07841828851156268,9.40255572107812e-06,25,10,20
34,4128,0.9157306753018044,2.2250415788125343e-06,0.08425770237657593,9.39728004192895e-06,25,10,20
34,4129,0.91015412754335,2.2319036665127596e-06,0.08983424669225087,9.393860733398663e-06,25,10,20
34,4130,0.9156713807686798,2.225112443121902e-06,0.08431698585038992,9.408268488527803e-06,25,10,20
34,4131,0.9153093775143414,2.2394164775651773e-06,0.08467891020273717,9.472866445002412e-06,25,10,20
34,4132,0.9316782801560386,2.2383695709600297e-06,0.06831004014020776,9.441334182945624e-06,25,10,20
34,4133,0.9395040643888983,2.235163662171664e-06,0.060484432219751916,9.26822768757605e-06,25,10,20
34,4134,0.9398415506406919,2.2353315644609e-06,0.060137378947088614,1.883508065521356e-05,25,10,20
34,4135,0.9398887657312771,2.2353271052204467e-06,0.06009011954903432,1.887939258326256e-05,25,10,20
34,4136,0.9289983003054418,2.233026265784413e-06,0.07098091975544675,1.8546912845716333e-05,25,10,20
34,4137,0.9292489949782792,2.2335841594227795e-06,0.07072878190388106,1.998953368035373e-05,25,10,20
34,4138,0.9349646634647247,2.2336204341860016e-06,0.06501213298247623,2.0969932364827588e-05,25,10,20
34,4139,0.9355450273659988,2.4536113272823807e-06,0.06443061733096793,2.1901691706010543e-05,25,10,20
34,4140,0.9321431088975628,2.4396374216947267e-06,0.06783311456318242,2.1336901833182375e-05,25,10,20
34,4141,0.9329082897719191,2.158516333654138e-06,0.06706791620508284,2.1635506664430567e-05,25,10,20
34,4142,0.9152009193882513,2.158750512451829e-06,0.08477532312890025,2.159873233608059e-05,25,10,20
34,4143,0.9148132106470502,2.1650594360163342e-06,0.08516215899408268,2.246529943116244e-05,25,10,20
34,4144,0.9271543877605032,9.471843142001115e-07,0.07282437424595273,2.0290809230245158e-05,25,10,20
34,4145,0.955562561486298,3.836466630276589e-07,0.04441782826053425,1.922660650511072e-05,25,10,20
34,4146,0.9539128487821585,1.2387084425306731e-06,0.046066517892204464,1.939461719489487e-05,25,10,20
34,4147,0.9501725715384454,1.6404332398385044e-06,0.049806365783171165,1.9422245144003863e-05,25,10,20
34,4148,0.9502297921798762,1.6403258448019675e-06,0.049749164743651215,1.9402750627873008e-05,25,10,20
34,4149,0.9499519986312851,1.6409894089360345e-06,0.049986885773821266,5.947460548499395e-05,25,10,20
34,4150,0.9498368392493708,1.656860462848952e-06,0.040880373653069915,0.009281130237096381,25,10,20
34,4151,0.9542356616536393,1.258257583724131e-06,0.036481960367465024,0.009281119721312124,25,10,20
34,4152,0.954168148275444,1.2625354210775618e-06,0.036549456886384196,0.009281132302750798,25,10,20
34,4153,0.9541776033958511,1.0439694718420786e-06,0.036541245852140934,0.009280106782536069,25,10,20
34,4154,0.9176771985591411,1.044509360771685e-06,0.07304155300707307,0.009280203924425015,25,10,20
34,4155,0.9153765940018728,1.0439081033818172e-06,0.07534211177427345,0.00928025031575016,25,10,20
34,4156,0.9161039959195942,1.0361774156475722e-06,0.07461560079880097,0.009279367104189125,25,10,20
34,4157,0.9159461590305524,1.0651638864598595e-06,0.07477481864295242,0.009277957162608302,25,10,20
34,4158,0.9154950228153986,1.1216431670969414e-06,0.07522589256532354,0.009277962976110476,25,10,20
34,4159,0.907955151793797,1.3183900767538893e-05,0.08267454566168446,0.009357118643750542,25,10,20
34,4160,0.9078949971744977,1.3183798193063161e-05,0.08255444522883895,0.009537373798469957,25,10,20
34,4161,0.907874529751878,1.3186825611189698e-05,0.08257490442926997,0.009537378993240656,25,10,20
34,4162,0.9468533841565001,1.3186847809534798e-05,0.04359619501417707,0.00953723398151335,25,10,20
34,4163,0.9475463829978072,1.3160794942814826e-05,0.04290301848967836,0.009537437717571571,25,10,20
34,4164,0.9582881111303461,1.3145024631272925e-05,0.04138286114221217,0.00031588270281047266,25,10,20
34,4165,0.9491459962808513,1.364355821038285e-05,0.05052447405681115,0.0003158861041267131,25,10,20
34,4166,0.9568743689330564,1.5710394215149186e-06,0.042887375418668106,0.0002366846088538642,25,10,20
34,4167,0.9507589863471886,1.5719435396934708e-06,0.0491829442746165,5.649743465482568e-05,25,10,20
34,4168,0.9513404360141517,1.573949051659646e-06,0.04860149324155891,5.649679523710543e-05,25,10,20
34,4169,0.9511534690472954,1.6951415907651003e-06,0.048788281882009725,5.655392910372638e-05,25,10,20
34,4170,0.9499530020377956,1.6979079801907476e-06,0.04999767676613373,4.7623288090220944e-05,25,10,20
34,4171,0.9504609453911221,1.6866181365088244e-06,0.049489732189100265,4.763580164096854e-05,25,10,20
34,4172,0.9503988766014251,1.686518258642491e-06,0.04955180583003428,4.763105028170033e-05,25,10,20
34,4173,0.9508399311696817,1.6301190780614914e-06,0.04911080989189659,4.762881934345763e-05,25,10,20
34,4174,0.9532442143357887,1.621359656214952e-06,0.046710352645562996,4.3811658992097624e-05,25,10,20
34,4175,0.9491520469566795,1.5072416825584414e-06,0.05080266868234809,4.377711928970611e-05,25,10,20
34,4176,0.947025237223507,3.6996447361310523e-06,0.05292704928928293,4.40138424741056e-05,25,10,20
34,4177,0.947205339926796,3.6700789074361255e-06,0.052746958845641644,4.403114865495087e-05,25,10,20
34,4178,0.9458842328266734,3.675154077108896e-06,0.05406761488539503,4.447713385454664e-05,25,10,20
34,4179,0.9439628818327002,3.7183065314450897e-06,0.05598169090725661,5.1708953511896705e-05,25,10,20
34,4180,0.9440505773038532,3.7254190706191136e-06,0.055894077926538506,5.1619350537809745e-05,25,10,20
34,4181,0.9442141712747231,4.042456600482092e-06,0.05572898699382782,5.279927484876494e-05,25,10,20
34,4182,0.9096335459235853,3.955574027245203e-06,0.09030972275834032,5.2775744047242264e-05,25,10,20
34,4183,0.947863938669435,3.95682024259512e-06,0.0520793225822024,5.2781928120345994e-05,25,10,20
34,4184,0.9567960308424831,3.544982354333367e-06,0.04314729758768929,5.312658747363125e-05,25,10,20
34,4185,0.971581520739858,3.544578632988903e-06,0.028361807899823403,5.312678168549676e-05,25,10,20
34,4186,0.9718431788737979,3.537293826910122e-06,0.028100181719373465,5.310211300180812e-05,25,10,20
34,4187,0.9715908359987557,3.6213083750418286e-06,0.028352386606081918,5.315608678710026e-05,25,10,20
34,4188,0.9716084376323103,3.621890786857207e-06,0.028335114815846794,5.282566105582558e-05,25,10,20
34,4189,0.9714086845874179,3.6264147277883906e-06,0.02853486051068317,5.282848717112359e-05,25,10,20
34,4190,0.9692024866760606,3.668177663689481e-06,0.030740733694247235,5.31114520283096e-05,25,10,20
34,4191,0.9693634077061462,3.588345019741037e-06,0.030579700379870886,5.3303568962957e-05,25,10,20
34,4192,0.9700744460998989,3.5885083857096576e-06,0.029868439859242795,5.352553247238644e-05,25,10,20
34,4193,0.9601212219037906,3.5886114099417025e-06,0.03982166794989195,5.352153490720045e-05,25,10,20
34,4194,0.9618770714461217,5.554020246791438e-06,0.038063767435002956,5.360709862821897e-05,25,10,20
34,4195,0.9614987848777985,5.738637842306962e-06,0.03844167418446749,5.380229989129246e-05,25,10,20
34,4196,0.9439691235750555,6.1174465477902255e-06,0.05597106112437974,5.369785401710724e-05,25,10,20
34,4197,0.9436317254570237,6.120214368244178e-06,0.05630847895328189,5.367537532623052e-05,25,10,20
34,4198,0.9432460798017488,6.1219904706952035e-06,0.056694063042479724,5.3735165300782177e-05,25,10,20
34,4199,0.9432697155074754,6.135266624762387e-06,0.05667065715355881,5.349207234096483e-05,25,10,20
34,4200,0.9418013974282092,6.276213494657042e-06,0.05813871484813105,5.361151016504969e-05,25,10,20
34,4201,0.9420346443439536,6.271646035361033e-06,0.057905472007623755,5.361200238704388e-05,25,10,20
34,4202,0.9420061926102349,6.271637181721438e-06,0.05793349006178972,5.4045690793502257e-05,25,10,20
34,4203,0.9434011951651959,6.12779386773262e-06,0.05653870985878888,5.3967182147365205e-05,25,10,20
34,4204,0.9428464599336607,4.061269468336773e-06,0.057050133373992645,9.93454228779666e-05,25,10,20
34,4205,0.9306549471477976,4.675711400126891e-06,0.06923814547487081,0.00010223166593132192,25,10,20
34,4206,0.9293230007092734,4.673420155698729e-06,0.07057002974787124,0.0001022961226995068,25,10,20
34,4207,0.9356581491537642,4.672319378023835e-06,0.06423593050637459,0.00010124802048341286,25,10,20
34,4208,0.9362561764790956,4.672641896667715e-06,0.06367795917081037,6.119170819765875e-05,25,10,20
34,4209,0.9354271865174095,4.6845826515391296e-06,0.06450684932742468,6.127957251446961e-05,25,10,20
34,4210,0.9380352528105229,3.981782878338819e-06,0.061899359837942224,6.140556865672086e-05,25,10,20
34,4211,0.9380516152457034,3.981136452763765e-06,0.06188322760251348,6.117601533045942e-05,25,10,20
34,4212,0.9383758188786657,3.96876864253228e-06,0.06155913968489764,6.10726677942163e-05,25,10,20
34,4213,0.938927574387497,4.846788602599581e-06,0.061006517622069864,6.106120183079728e-05,25,10,20
34,4214,0.938687902469843,4.846099126237511e-06,0.061246187747862314,6.106368316858231e-05,25,10,20
34,4215,0.9386284315931255,4.8441787670322795e-06,0.06130566578390623,6.105844420144891e-05,25,10,20
34,4216,0.9402581174513336,4.800744867661431e-06,0.059683260097689574,5.382170610953177e-05,25,10,20
34,4217,0.9257047863759805,4.821250586022774e-06,0.07423464105823177,5.5751315202047496e-05,25,10,20
34,4218,0.925623360597031,4.823991574037235e-06,0.07431631309801388,5.550231338167638e-05,25,10,20
34,4219,0.9400420446662683,4.436769609241375e-06,0.05989838900473075,5.5129559391816844e-05,25,10,20
34,4220,0.9390127672212507,4.397415342861555e-06,0.06092795666876947,5.4878694637195514e-05,25,10,20
34,4221,0.9414481550898647,4.270141506893496e-06,0.058538135546800346,9.439221828205809e-06,25,10,20
34,4222,0.9387590655105023,3.050636883080926e-06,0.06122863600850739,9.247844107568455e-06,25,10,20
34,4223,0.9359389743899712,3.0512067748982944e-06,0.06404827140832031,9.702994933662473e-06,25,10,20
34,4224,0.9364225025098459,3.04630608681516e-06,0.06356482710373951,9.624080327846869e-06,25,10,20
34,4225,0.9362063619665385,3.0747931197482116e-06,0.06372643567583114,6.412756451069605e-05,25,10,20
34,4226,0.9484140180414706,2.459725048894092e-06,0.05152229472931706,6.122750416349566e-05,25,10,20
34,4227,0.9490746277371099,2.4592083225091045e-06,0.050861685439499836,6.122761506779975e-05,25,10,20
34,4228,0.9490955182562445,2.459248514907368e-06,0.05084079339223066,6.122910301005123e-05,25,10,20
34,4229,0.9504706586676877,1.604198229986858e-06,0.0494666745497167,6.106258436597394e-05,25,10,20
34,4230,0.9516049709415959,7.274025966338785e-07,0.04833330669022157,6.0994965586036115e-05,25,10,20
34,4231,0.9500904195411606,7.284271961268602e-07,0.04984751140733445,6.134062430903403e-05,25,10,20
34,4232,0.9500789587501919,7.283940339614537e-07,0.04985896676745012,6.134608832422943e-05,25,10,20
34,4233,0.9272982584213537,7.285398589853785e-07,0.07263725892169832,6.37541170888216e-05,25,10,20
34,4234,0.9285098548088443,7.261642148506427e-07,0.07142616071950121,6.325830743969317e-05,25,10,20
34,4235,0.9161494107636652,7.338107492950825e-07,0.08378691045186924,6.294497371623355e-05,25,10,20
34,4236,0.9244527793598144,7.357093185891906e-07,0.0754834380381454,6.304689272181663e-05,25,10,20
34,4237,0.9243955258778107,7.951857695555589e-07,0.07554117104918438,6.250788723556466e-05,25,10,20
34,4238,0.947066971655653,7.951772174821568e-07,0.052872133429290924,6.009973783868066e-05,25,10,20
34,4239,0.9340256622608895,7.090578638987233e-07,0.06591389383669495,5.973484455165993e-05,25,10,20
34,4240,0.9340995983208705,7.089948538049748e-07,0.06583995987834337,5.9732805932318864e-05,25,10,20
34,4241,0.927278197321023,6.52436324065758e-07,0.07258789493361577,0.00013325530903716048,25,10,20
34,4242,0.927205756423672,6.524579598156302e-07,0.0726603194054119,0.0001332717129566251,25,10,20
34,4243,0.9283876285068784,3.339921551661756e-07,0.07147994510575974,0.00013209239520669617,25,10,20
34,4244,0.9270490484552864,3.340102987713291e-07,0.07281851831221868,0.0001320992221962684,25,10,20
34,4245,0.9269585436071704,3.563105177914057e-07,0.07290899979138986,0.0001321002909217556,25,10,20
34,4246,0.9270827574733805,3.5616286408317995e-07,0.07278479162342237,0.00013209474033288568,25,10,20
34,4247,0.9303135937227331,3.578906286607918e-07,0.06955205305179604,0.00013399533484225075,25,10,20
34,4248,0.9304653751676655,3.576741478998894e-07,0.06940026116820656,0.0001340059899799968,25,10,20
34,4249,0.9289570510241194,3.7191875458105845e-07,0.0709079392356016,0.0001346378215242895,25,10,20
34,4250,0.9303527838671755,3.720558181130078e-07,0.06951221561288813,0.00013462846411816474,25,10,20
34,4251,0.9301528401927022,3.8169638485598783e-07,0.06971214743148693,0.00013463067942606026,25,10,20
34,4252,0.9300056102808757,3.5985543049000706e-07,0.06985938357452294,0.00013464628917090064,25,10,20
34,4253,0.9370909570718748,3.5337306626387697e-07,0.06284758726574118,6.110228931784565e-05,25,10,20
34,4254,0.9370797490975366,3.5276236940258376e-07,0.06285894355291007,6.095458718420226e-05,25,10,20
34,4255,0.937204560972176,3.3539016093886634e-07,0.06273415037564835,6.095326201500754e-05,25,10,20
34,4256,0.9371468720881961,3.3535464214530765e-07,0.06279183874834043,6.095380882153917e-05,25,10,20
34,4257,0.9370868317642226,3.349032300690018e-07,0.06285190877218401,6.0924560363569784e-05,25,10,20
34,4258,0.9381083019188466,3.356072415433583e-07,0.06183076475391517,6.059771999661711e-05,25,10,20
34,4259,0.9384130034032339,3.363783097365875e-07,0.061526068481050696,6.059173740559972e-05,25,10,20
34,4260,0.9241552656701912,1.0754504008557807e-06,0.07578305851307814,6.060036632936315e-05,25,10,20
34,4261,0.9380900292323052,1.101522421943729e-06,0.06185056806062527,5.830118464715576e-05,25,10,20
34,4262,0.9381287488482948,1.1006895577530697e-06,0.06181202668111679,5.812378103022285e-05,25,10,20
34,4263,0.9364975941583659,1.1025249117207508e-06,0.06344316972948555,5.813358723651736e-05,25,10,20
34,4264,0.9363922413059452,1.102416116389535e-06,0.06354853038268203,5.8125895255993236e-05,25,10,20
34,4265,0.9492887545346869,1.249011188314165e-06,0.05065186455182239,5.813190230203791e-05,25,10,20
34,4266,0.9488819657516633,1.3661279821534963e-06,0.05102923460203569,8.743351831853553e-05,25,10,20
34,4267,0.9475549789702837,1.3850320125540417e-06,0.05235617878907223,8.745720863109942e-05,25,10,20
34,4268,0.9300715382965972,1.52444111819843e-06,0.06697429112427698,0.002952646138007731,25,10,20
34,4269,0.9401621263337038,6.265124588690067e-06,0.056878712730631296,0.002952895811075826,25,10,20
34,4270,0.954104369746216,6.254813539634243e-06,0.042936530475538345,0.002952844964705661,25,10,20
34,4271,0.9235302413746311,6.2549862994222914e-06,0.07351064669413859,0.002952856944930746,25,10,20
34,4272,0.9258336699450612,6.208224877248361e-06,0.07120639323470451,0.002953728595357052,25,10,20
34,4273,0.9260323753478613,6.092292600987073e-06,0.07103709365428534,0.00292443870525232,25,10,20
34,4274,0.9233491776035667,6.090773914133738e-06,0.07371853939551568,0.0029261922270032554,25,10,20
34,4275,0.9230260745832284,6.1008255182561975e-06,0.07404160512849126,0.002926219462761668,25,10,20
34,4276,0.924398365593002,6.104173368841398e-06,0.07266943686234366,0.002926093371285063,25,10,20
34,4277,0.9203039535841355,6.090398809136045e-06,0.07675940102863979,0.0029305549884150526,25,10,20
34,4278,0.9062158150230465,6.092991134823409e-06,0.09084757815336436,0.0029305138324548148,25,10,20
34,4279,0.9103190130312291,6.512317145697685e-06,0.08960524288314009,6.923176848571385e-05,25,10,20
34,4280,0.9104223260179036,6.510687648277611e-06,0.0895038314122793,6.733188216933531e-05,25,10,20
34,4281,0.910420692787612,6.5108174784055e-06,0.08950544294547665,6.735344943360545e-05,25,10,20
34,4282,0.9090383804249282,5.905393127023027e-06,0.09089235319881818,6.336098312702365e-05,25,10,20
34,4283,0.9093646080914634,5.9286624719711805e-06,0.09056683589360544,6.26273524596033e-05,25,10,20
34,4284,0.9095748237593376,5.9016667638705555e-06,0.09035683621512738,6.243835877145146e-05,25,10,20
34,4285,0.9112830695426077,5.902610878878781e-06,0.08864780236593693,6.322548057662452e-05,25,10,20
34,4286,0.8927097297480178,6.207362819254587e-06,0.10721943673033581,6.462615882755189e-05,25,10,20
34,4287,0.8911505022082422,6.298626004831294e-06,0.10877294225966942,7.025690608414489e-05,25,10,20
34,4288,0.8577621126184188,6.83281075645341e-06,0.1421583539569372,7.270061388946985e-05,25,10,20
34,4289,0.8716504036027598,6.834796323777291e-06,0.12827003215254393,7.272944837339432e-05,25,10,20
34,4290,0.9039997421514839,6.301048556089563e-06,0.09592364468753237,7.031211242824734e-05,25,10,20
34,4291,0.912479181614162,8.282236286754095e-07,0.08744994122033647,7.004894187352213e-05,25,10,20
34,4292,0.9125656249065187,8.291230337983558e-07,0.08736350542784947,7.004054259858236e-05,25,10,20
34,4293,0.8979723363195683,8.438829981433058e-07,0.10195675145823464,7.006833919958577e-05,25,10,20
34,4294,0.8978794355475013,9.72227691483735e-07,0.10204908833958688,7.050388522101513e-05,25,10,20
34,4295,0.9283013596286565,9.721695745255741e-07,0.07162716184030306,7.050636146596678e-05,25,10,20
34,4296,0.9433329009993079,9.851443206459975e-07,0.0565949077746309,7.120608174039787e-05,25,10,20
34,4297,0.9388392530977129,1.150143936603319e-06,0.061088394707756545,7.120205059357309e-05,25,10,20
34,4298,0.9386160545865416,1.1586802826880917e-06,0.06131156069593878,7.122603723636499e-05,25,10,20
34,4299,0.9384184479980872,1.2197143072465966e-06,0.06150910401306961,7.122827453555318e-05,25,10,20
34,4300,0.9353894173913753,2.5294621784627243e-06,0.06453668090611141,7.13722403342203e-05,25,10,20
34,4301,0.9312609789479798,2.633797469833413e-06,0.06866455567632056,7.18315782289729e-05,25,10,20
34,4302,0.945676539793876,2.647512999128552e-06,0.05424840685803273,7.240583509159282e-05,25,10,20
34,4303,0.9460313003187621,2.517638221826156e-06,0.05389438711620835,7.179492680701314e-05,25,10,20
34,4304,0.9330348905923322,9.769776936434341e-06,0.06688352469718833,7.18149335422801e-05,25,10,20
34,4305,0.9384828796839808,9.769721419747766e-06,0.06144036208127998,6.698851331888244e-05,25,10,20
34,4306,0.9381950528996011,9.769817164254888e-06,0.06172815913079619,6.701815243769317e-05,25,10,20
34,4307,0.9127079688285826,9.708778144332169e-06,0.08721519285897576,6.712953429694858e-05,25,10,20
34,4308,0.9262726149124326,2.460468126431149e-06,0.07365772112317669,6.720349626346003e-05,25,10,20
34,4309,0.9262428825982637,2.4617841113147146e-06,0.07368742934369031,6.722627393392068e-05,25,10,20
34,4310,0.9245736652161787,2.472598400108995e-06,0.07534197894405273,8.188324136777223e-05,25,10,20
34,4311,0.9227217072666908,2.483479194626752e-06,0.07719320675204586,8.260250206817293e-05,25,10,20
34,4312,0.9219043852733063,2.4704533553152726e-06,0.07801116934585481,8.197492748313893e-05,25,10,20
34,4313,0.9127329798235756,2.4586332457202828e-06,0.08719021535841848,7.434618475977909e-05,25,10,20
34,4314,0.8982293431815062,2.784693737176963e-06,0.10169352026765731,7.435185709962153e-05,25,10,20
34,4315,0.8988125078770806,2.5689810897423395e-06,0.10116458919666874,2.0333945161156355e-05,25,10,20
34,4316,0.9001439842886972,2.5671915842572877e-06,0.09983311591500103,2.0332604717951116e-05,25,10,20
34,4317,0.8994240317826422,2.5664745993717807e-06,0.10055304089418213,2.036084857679797e-05,25,10,20
34,4318,0.9024233721692554,2.397409475035653e-06,0.09755365378243795,2.057663883193714e-05,25,10,20
34,4319,0.9133682651788797,2.390355781705732e-06,0.08661582506092794,1.3519404410557678e-05,25,10,20
34,4320,0.8998760810844258,2.4098189593187335e-06,0.10010799156947103,1.351752714424098e-05,25,10,20
34,4321,0.8875273461460911,2.4080895624571533e-06,0.112456686312285,1.355945206214211e-05,25,10,20
34,4322,0.9008788251321689,2.4213055031182146e-06,0.09910518870213433,1.3564860194276232e-05,25,10,20
34,4323,0.8936312950625307,2.564048536111551e-06,0.10635252952737727,1.361136155669587e-05,25,10,20
34,4324,0.8954709290174873,2.5441645970548453e-06,0.10451362037947812,1.2906438438652823e-05,25,10,20
34,4325,0.8956315003303592,2.5442433485127317e-06,0.10435307427245624,1.2881153836866595e-05,25,10,20
34,4326,0.8898074534103972,2.650466342950125e-06,0.11017704623778604,1.2849885474574528e-05,25,10,20
34,4327,0.8956858127725272,2.652915036738567e-06,0.10430035697900139,1.1177333435575313e-05,25,10,20
34,4328,0.8827445222931292,2.664916963730944e-06,0.11724160081119221,1.1211978715780972e-05,25,10,20
34,4329,0.8784294679484005,2.66424388936224e-06,0.12155696476244944,1.090304526113295e-05,25,10,20
34,4330,0.8855149680856137,2.5134579557166367e-06,0.11447168115735595,1.0837299074944954e-05,25,10,20
34,4331,0.8866293486402437,2.504449459165132e-06,0.11335734230542263,1.080460487489478e-05,25,10,20
34,4332,0.8859566563762381,2.5046672938970686e-06,0.11402719983445665,1.3639122011666945e-05,25,10,20
34,4333,0.8859366459101541,2.5182033603809846e-06,0.11404661401813394,1.4221868352124328e-05,25,10,20
34,4334,0.865492061029678,2.544715266115086e-05,0.1344683309945098,1.41608231514128e-05,25,10,20
34,4335,0.8649242820120786,2.544771232930521e-05,0.13503610512612388,1.4165149468811564e-05,25,10,20
34,4336,0.8648157789945963,2.6472255972933178e-05,0.13514358387447808,1.4164874952642043e-05,25,10,20
34,4337,0.863446430001829,2.6472260114894813e-05,0.13651000734391128,1.709039414457044e-05,25,10,20
34,4338,0.8757033586697339,2.6458926473370647e-05,0.12425314917692276,1.703322687014929e-05,25,10,20
34,4339,0.8784540926090999,2.6501182607259194e-05,0.12150026448889743,1.9141719395581393e-05,25,10,20
34,4340,0.8451701846853148,2.792303791679088e-05,0.15478344582305417,1.8446453714055634e-05,25,10,20
34,4341,0.8609179944230508,2.7620494697080402e-05,0.13903729856220307,1.7086520048737545e-05,25,10,20
34,4342,0.8862896845227887,2.7620776936700366e-05,0.11366463566725449,1.8059033020010863e-05,25,10,20
34,4343,0.8822892098389756,2.762098282221201e-05,0.11766511003085295,1.8059147348970767e-05,25,10,20
34,4344,0.8827260819668062,2.762329880470633e-05,0.11722848387348206,1.7810860906879836e-05,25,10,20
34,4345,0.9020720926450732,4.692453711182909e-06,0.09790542624363946,1.7788657575760204e-05,25,10,20
34,4346,0.9159983751873609,4.672872252936398e-06,0.08397916603863789,1.7785901748245085e-05,25,10,20
34,4347,0.9201305393665332,4.567265559218358e-06,0.07984757579076676,1.731757714083523e-05,25,10,20
34,4348,0.9232633968766091,4.602700737990891e-06,0.07671466734196097,1.733308069225807e-05,25,10,20
34,4349,0.922236044424427,4.602999096864446e-06,0.0777448574378456,1.4495138630401806e-05,25,10,20
34,4350,0.92276331009436,4.602870521548961e-06,0.07721760378033295,1.448325478531836e-05,25,10,20
34,4351,0.9217501618225014,4.605801975870114e-06,0.07823072287015541,1.4509505367263046e-05,25,10,20
34,4352,0.9230492380597584,4.602683546806653e-06,0.07693161881511006,1.4540441584341855e-05,25,10,20
34,4353,0.9200650756165523,4.747299535287405e-06,0.07991560747754713,1.4569606364996053e-05,25,10,20
34,4354,0.882114801966899,4.74732089336024e-06,0.11786574890489167,1.4701807315505554e-05,25,10,20
34,4355,0.8798144331351296,1.2869173697019323e-05,0.1201594999297022,1.3197761470615293e-05,25,10,20
34,4356,0.8819710406082009,1.2724804476292064e-05,0.11800306504235296,1.3169544969369874e-05,25,10,20
34,4357,0.882019293972703,1.2817355415319482e-05,0.11795400172024807,1.3886951633124721e-05,25,10,20
34,4358,0.8823935174903313,1.2801895501393506e-05,0.11758038316842802,1.3297445738790436e-05,25,10,20
34,4359,0.8833892704496271,1.2799001897682966e-05,0.11658465561910193,1.3274929372694717e-05,25,10,20
34,4360,0.8845879955900045,1.2797723285990718e-05,0.11538595675002097,1.3249936688027574e-05,25,10,20
34,4361,0.8834732569033408,1.2815426445809839e-05,0.11650069788139669,1.3229788816341197e-05,25,10,20
34,4362,0.8869377673518436,1.2866134225427648e-05,0.11303615401426224,1.32124996682112e-05,25,10,20
34,4363,0.8869187950750167,1.2866160282965359e-05,0.1130551558627592,1.3182901940687429e-05,25,10,20
34,4364,0.8517080910985952,1.2848492249522766e-05,0.14826585893908967,1.3201470065062507e-05,25,10,20
34,4365,0.8543747595183784,1.2846269295415166e-05,0.14559921937555964,1.3174836765821007e-05,25,10,20
34,4366,0.8548870815854464,1.2849508229221271e-05,0.14508688803645542,1.3180869868239157e-05,25,10,20
34,4367,0.8549785833649584,1.2851461863414655e-05,0.14499538047288538,1.3184700292281281e-05,25,10,20
34,4368,0.8550711267854506,1.2851793415639926e-05,0.14490349815435824,1.2523266775040083e-05,25,10,20
34,4369,0.8546827827174254,1.285199802543131e-05,0.145291847188688,1.251809586053488e-05,25,10,20
34,4370,0.8419324856773734,1.2782424555784389e-05,0.15804778385273813,6.948045332438339e-06,25,10,20
34,4371,0.8422295849754968,1.2778936852483586e-05,0.15775069443488743,6.941652763002454e-06,25,10,20
34,4372,0.8423892758136732,1.2784369592304139e-05,0.15759097178257317,6.968034161156723e-06,25,10,20
34,4373,0.848891928649817,1.2650021043258432e-05,0.15108847851593282,6.94281320673082e-06,25,10,20
34,4374,0.8488855459946089,1.2650151229957179e-05,0.15109477554082043,7.028313340510411e-06,25,10,20
34,4375,0.848326291927702,1.2651240038820724e-05,0.15165300028503118,8.056547227973448e-06,25,10,20
34,4376,0.8519974387726867,4.49504224584055e-06,0.1479910883863794,6.977798688121186e-06,25,10,20
34,4377,0.8438548249545801,4.4981550450158665e-06,0.1561330378145052,7.639075869682482e-06,25,10,20
34,4378,0.8407930365319407,3.471172200839845e-06,0.1591958498323105,7.642463547819277e-06,25,10,20
34,4379,0.8437594900335254,3.4698664812271966e-06,0.15622929909934136,7.741000652063362e-06,25,10,20
34,4380,0.840601791181366,3.490099487507222e-06,0.15899598668926698,0.0003987320298794193,25,10,20
34,4381,0.84050376052614,3.4848743794590163e-06,0.1590939766759102,0.0003987779235703488,25,10,20
34,4382,0.8549836207049689,3.462825012772674e-06,0.14461420944725817,0.0003987070227602273,25,10,20
34,4383,0.8552031330066815,3.5113705859446364e-06,0.14439445464308365,0.0003989009796490495,25,10,20
34,4384,0.8556766729772094,3.5113481355345455e-06,0.14392385353356094,0.0003959621410940325,25,10,20
34,4385,0.8557659978554369,3.5113843418591898e-06,0.14383452207043654,0.0003959686897847297,25,10,20
34,4386,0.8564302561920155,3.5115081602897167e-06,0.14317025824797713,0.0003959740518466096,25,10,20
34,4387,0.8482785861182576,0.0001907734266089659,0.15113287775662196,0.00039776269851103175,25,10,20
34,4388,0.8848425624814628,0.00019077361967399526,0.11456889947850794,0.0003977644203546005,25,10,20
34,4389,0.8848524875405936,0.00019077371759924902,0.11455897633197583,0.0003977624098305654,25,10,20
34,4390,0.8849525951160341,0.00019077367191518417,0.1144594526546763,0.00039717855737383625,25,10,20
34,4391,0.8849927906740426,0.00019077335364056178,0.11441927753197186,0.0003971584403445418,25,10,20
34,4392,0.8879483576553823,0.0001893165254014264,0.11146437872859716,0.00039794709061872645,25,10,20
34,4393,0.8736086136599674,0.0001893390044964487,0.12580410264580816,0.0003979446897273163,25,10,20
34,4394,0.8701428792886068,0.0001893384055561773,0.12926885624650036,0.0003989260593360976,25,10,20
34,4395,0.8497679771003658,0.000194991397776992,0.1496054660282023,0.00043156547365512783,25,10,20
34,4396,0.8497389152639652,0.00019499168809430548,0.14963450578560475,0.00043158726233588407,25,10,20
34,4397,0.8516449410663445,0.00019500384229592982,0.14772944139169678,0.0004306136996628669,25,10,20
34,4398,0.8519539011838266,0.00019503164466096442,0.14742044718095987,0.00043061999055267095,25,10,20
34,4399,0.8513262747741968,0.00019524977471567756,0.1480477916116622,0.00043068383942552064,25,10,20
34,4400,0.851871427991061,0.0001952485936706509,0.14750366720631053,0.00042965620895797494,25,10,20
34,4401,0.8521688038279056,0.00019522064809948482,0.14720616639141496,0.00042980913258014626,25,10,20
34,4402,0.8519327483057844,0.00019522054595928735,0.1474422286939332,0.0004298024543234102,25,10,20
34,4403,0.850664481321201,0.00019526043975955177,0.14847773243480947,0.0006625258042302903,25,10,20
34,4404,0.8505187643817373,0.0001952646067683855,0.148623377332629,0.0006625936788656156,25,10,20
34,4405,0.8452719445230561,0.00019527057045600003,0.1492209502775025,0.005311834628985717,25,10,20
34,4406,0.8255389322178408,0.00019531215926588675,0.1689541172065493,0.005311638416344387,25,10,20
34,4407,0.8284086612627243,0.00019530143869038712,0.16608400879836246,0.005312028500223094,25,10,20
34,4408,0.8366553911458792,8.03933171055815e-06,0.15802641376197485,0.005310155760435638,25,10,20
34,4409,0.822808501381805,8.308352867280913e-05,0.17179306457711618,0.005315350512406075,25,10,20
34,4410,0.8228108603644801,8.30835426262725e-05,0.1717907096790231,0.005315346413870504,25,10,20
34,4411,0.8227940458100719,8.308376013982624e-05,0.17180768704553528,0.005315183384253142,25,10,20
34,4412,0.8145007983217405,8.311197725832637e-05,0.18009410038044554,0.00532198932055563,25,10,20
34,4413,0.8144406331549263,8.311288964878327e-05,0.18015425607859242,0.005321997876832689,25,10,20
34,4414,0.8478377033207848,8.167812785838916e-05,0.14675861621111552,0.00532200234024157,25,10,20
34,4415,0.8386143362752688,8.164526844136334e-05,0.15620400443124613,0.00510001402504392,25,10,20
34,4416,0.8521829159993896,6.618168380520056e-06,0.14271660346473883,0.005093862367491592,25,10,20
34,4417,0.8528271030817485,6.600940706322398e-06,0.14207244582887868,0.005093850148666912,25,10,20
34,4418,0.8527687398236999,6.604963832656317e-06,0.1421307937946494,0.005093861417818301,25,10,20
34,4419,0.853333837944765,6.603473736639413e-06,0.14156608559539013,0.005093472986108455,25,10,20
34,4420,0.8640104127345603,1.1102712086174635e-06,0.13090767768359476,0.005080799310636445,25,10,20
34,4421,0.8639695089665445,1.1145872592338683e-06,0.13094856044303582,0.005080816003160689,25,10,20
34,4422,0.8307219232873425,9.780148473923422e-06,0.1641874697757698,0.005080826788413964,25,10,20
34,4423,0.8637255793337748,1.110051941470114e-06,0.13119258947382992,0.005080721140453854,25,10,20
34,4424,0.8663191673265811,9.507099169986749e-07,0.12859749953778368,0.005082382425718313,25,10,20
34,4425,0.846663773313865,1.038404141649998e-05,0.1482434626277389,0.005082380016979834,25,10,20
34,4426,0.8505363280588096,1.0342930570712313e-05,0.1447620495619509,0.004691279448668637,25,10,20
34,4427,0.8422843272593354,1.039366311151531e-05,0.15301452597437046,0.00469075310318255,25,10,20
34,4428,0.8422984067650829,1.0392893270471241e-05,0.15300045625667824,0.004690744084968212,25,10,20
34,4429,0.8381301366067231,1.043525474180926e-05,0.15716879613782977,0.00469063200070487,25,10,20
34,4430,0.838913108742527,1.0307199151002792e-05,0.15638664345377815,0.004689940604543668,25,10,20
34,4431,0.8389615125751068,1.0307123681872618e-05,0.1563382444086438,0.0046899358925670855,25,10,20
34,4432,0.8681063966837849,1.857543477548517e-05,0.12718441170759542,0.004690616173843839,25,10,20
34,4433,0.8879226490904375,9.137980629666148e-06,0.10737761679650015,0.004690596132432599,25,10,20
34,4434,0.8930687527081203,9.131929490799156e-06,0.10688074995777595,4.136540461291761e-05,25,10,20
34,4435,0.8931558898735511,9.13010155266052e-06,0.10679335711483795,4.162291005819089e-05,25,10,20
34,4436,0.8925822181927924,9.130275382644606e-06,0.10736706767280739,4.1583859017510964e-05,25,10,20
34,4437,0.8925799250234305,9.130201349347947e-06,0.10736962007841899,4.1324696801105544e-05,25,10,20
34,4438,0.8930142151798703,9.130181302192988e-06,0.10693533017914922,4.1324459678148274e-05,25,10,20
34,4439,0.89180763746352,9.131027101324051e-06,0.10814191311190449,4.131839747422423e-05,25,10,20
34,4440,0.9055654441412057,9.11607939944511e-06,0.09438409876643432,4.134101296053938e-05,25,10,20
34,4441,0.9056629522026873,9.116134395438679e-06,0.09428657976565544,4.135189726188385e-05,25,10,20
34,4442,0.9056411950098756,9.114886627390363e-06,0.09430834028946779,4.134981402903561e-05,25,10,20
34,4443,0.9056282879324833,9.11503448169894e-06,0.0943212161149793,4.138091805538948e-05,25,10,20
34,4444,0.9031048280130092,9.248900266590846e-06,0.09684439145938725,4.1531627336998e-05,25,10,20
34,4445,0.90289168427763,9.248803630945114e-06,0.09705755075931735,4.151615942177368e-05,25,10,20
34,4446,0.9124878382412399,8.869140287810422e-07,0.08747044341466331,4.0831430067779053e-05,25,10,20
34,4447,0.9115992911438802,8.875131350521573e-07,0.08835897558792549,4.084575505909091e-05,25,10,20
34,4448,0.9115841231433212,8.830471829239212e-07,0.08837221399795603,4.2779811539804736e-05,25,10,20
34,4449,0.9115296489950718,8.837368492702008e-07,0.08842670972305733,4.2757545021433845e-05,25,10,20
34,4450,0.918751467446512,8.837253465734252e-07,0.08122677905505211,2.0869773089041344e-05,25,10,20
34,4451,0.9186017455686646,8.845343712959907e-07,0.08137646710860671,2.0902788357327072e-05,25,10,20
34,4452,0.9275329757063858,6.155730141008227e-07,0.07244552878003795,2.0879940562260026e-05,25,10,20
34,4453,0.9349540599393872,5.8835624914942e-07,0.06503127404110126,1.4077663262504031e-05,25,10,20
34,4454,0.9354483114214298,5.808912157709279e-07,0.06453706507709914,1.404261025550593e-05,25,10,20
34,4455,0.9354627145856809,5.732447070396682e-07,0.06453306717173436,3.6449978780419624e-06,25,10,20
34,4456,0.9353954022295068,5.779381500351231e-07,0.06460003182602118,3.988006322086727e-06,25,10,20
34,4457,0.9281347999958232,8.114645196070483e-07,0.07186075226155442,3.636278103306355e-06,25,10,20
34,4458,0.9279749822231801,8.115110865393294e-07,0.07202056426627916,3.6419994546345064e-06,25,10,20
34,4459,0.9279896399784734,8.11425217838025e-07,0.07200599201825454,3.5565780544251866e-06,25,10,20
34,4460,0.9280903710060183,8.097631649055073e-07,0.07190530200065524,3.517230161731445e-06,25,10,20
34,4461,0.9283812242469591,8.321708011680942e-07,0.07161442475074828,3.518831491550723e-06,25,10,20
34,4462,0.9276400560098955,8.15336241354061e-07,0.07235539167059792,3.736983265346812e-06,25,10,20
34,4463,0.9255762234501287,1.86756047726122e-06,0.07441995664174965,1.952347644591885e-06,25,10,20
34,4464,0.9235648172245563,1.7338084626557977e-06,0.07643164294572465,1.8060212566819752e-06,25,10,20
34,4465,0.9140093897715361,1.7347229527859156e-06,0.08598473442268992,4.14108282155913e-06,25,10,20
34,4466,0.9143320413813805,1.7251367989501464e-06,0.08566220125561438,4.032226206304661e-06,25,10,20
34,4467,0.9143113818525923,1.725147123006037e-06,0.08568286673417326,4.026266111475815e-06,25,10,20
34,4468,0.9134878987906621,1.7304952979329528e-06,0.08650523566506996,5.135048970172478e-06,25,10,20
34,4469,0.9134047593870062,1.7308567074919076e-06,0.08658837381295463,5.135943331802853e-06,25,10,20
34,4470,0.9134151275897715,1.7313252320555453e-06,0.08657500070745089,8.140377545088375e-06,25,10,20
34,4471,0.911547043185655,2.168390720462698e-06,0.08843628528427143,1.450313935266231e-05,25,10,20
34,4472,0.9310661550574639,2.0786627138470828e-06,0.06891711338385301,1.4652895968846413e-05,25,10,20
34,4473,0.9403988921709069,2.0779137543581448e-06,0.059586708293013047,1.2321622325792632e-05,25,10,20
34,4474,0.9299566985147849,2.0846099949389203e-06,0.07002885806721962,1.2358808000180182e-05,25,10,20
34,4475,0.9404486708394499,2.0850788969757047e-06,0.05953726935422054,1.1974727432424246e-05,25,10,20
34,4476,0.9405769448668031,2.0866060726828314e-06,0.05940900493582196,1.1963591302357622e-05,25,10,20
34,4477,0.9407457770232531,2.0862258504901928e-06,0.059240170694844725,1.1966056051762448e-05,25,10,20
34,4478,0.9404142140396943,2.279266816837117e-06,0.05957152865717772,1.1978036311331655e-05,25,10,20
34,4479,0.9397575803180832,2.2832683163370277e-06,0.060216750074361586,2.3386339239005064e-05,25,10,20
34,4480,0.9168370327257621,2.6810324903140825e-06,0.08313598408002251,2.4302161725093507e-05,25,10,20
34,4481,0.9168628654260723,2.680287683917335e-06,0.08311014920731673,2.4305078927060747e-05,25,10,20
34,4482,0.9225797877149425,2.449141857501488e-06,0.07739319839021074,2.4564752989352478e-05,25,10,20
34,4483,0.9261832632236751,2.4788806346955347e-06,0.07378968755407145,2.4570341618773638e-05,25,10,20
34,4484,0.9308170653533344,2.4789660211207367e-06,0.06915588343654536,2.4572244099424777e-05,25,10,20
34,4485,0.9282365695440724,2.927859221462977e-06,0.07173578587200759,2.4716724698842584e-05,25,10,20
34,4486,0.9284866055449024,2.9284444628505476e-06,0.07148572798043043,2.4738030204600766e-05,25,10,20
34,4487,0.9288800222493152,2.9235910508803376e-06,0.07109337951016562,2.367464946842549e-05,25,10,20
34,4488,0.9306909766035258,2.9236704917771784e-06,0.06928269978995873,2.339993602396748e-05,25,10,20
34,4489,0.9301412721202788,2.9239551903295705e-06,0.06983241044400136,2.3393480529851212e-05,25,10,20
34,4490,0.9286855583245791,2.935465594630419e-06,0.07128804682715785,2.345938266848202e-05,25,10,20
34,4491,0.9298206677855488,2.4989414421681133e-06,0.07015973587743632,1.7097395572951527e-05,25,10,20
34,4492,0.9323796491540128,1.446154754431432e-06,0.06760196195294826,1.6942738285088407e-05,25,10,20
34,4493,0.932228354944545,1.4471264859705171e-06,0.06775318715075858,1.7010778210829343e-05,25,10,20
34,4494,0.9328127925169915,1.4469344810296225e-06,0.06716875130883579,1.7009239692076e-05,25,10,20
34,4495,0.9482957259887388,1.1205948908419463e-06,0.05168616357681221,1.6989839558655093e-05,25,10,20
34,4496,0.9443308688950749,1.146560177172901e-06,0.05565034330906776,1.764123568083828e-05,25,10,20
34,4497,0.9412332224319252,1.2246427283841134e-06,0.05874781547755549,1.773744779147462e-05,25,10,20
34,4498,0.9363036129666689,2.512185405140057e-06,0.06367572255961644,1.8152288310094804e-05,25,10,20
34,4499,0.9358215757233759,2.512089356389949e-06,0.06415766033926873,1.8251847999477386e-05,25,10,20
34,4500,0.9352077029068111,2.514981644386541e-06,0.06477152830528601,1.8253806258974216e-05,25,10,20
34,4501,0.9015064788053677,2.562755906137984e-06,0.09847278731812212,1.817112060454662e-05,25,10,20
34,4502,0.8840851819300736,2.5807724145991915e-06,0.11589411574115083,1.8121556361370736e-05,25,10,20
34,4503,0.9167064607752564,2.533683412389148e-06,0.08326970077375381,2.130476757801189e-05,25,10,20
34,4504,0.9150265985064739,2.5352688195039653e-06,0.08494957224582808,2.1293978879263543e-05,25,10,20
34,4505,0.9172402066524752,2.1299689307439504e-06,0.08273647654582585,2.1186832768910596e-05,25,10,20
34,4506,0.9182037521978621,2.131625248569805e-06,0.08177293226661023,2.1183910279752092e-05,25,10,20
34,4507,0.9231814398317891,8.4399659146137e-07,0.07679695261006067,2.0763561559501314e-05,25,10,20
34,4508,0.9430151096483741,1.7247059397618774e-06,0.05696249835571615,2.0667289970577213e-05,25,10,20
34,4509,0.9094738356856322,1.8301737591209513e-06,0.09050350464853811,2.082949207097518e-05,25,10,20
34,4510,0.9092885590304113,1.787112561824131e-06,0.0906888537555678,2.0800101459592742e-05,25,10,20
34,4511,0.8892354204486721,1.5985022869763326e-06,0.11074177303010989,2.1208018931332207e-05,25,10,20
34,4512,0.8891363765634783,1.598292040409141e-06,0.11084378901542953,1.8236129051874594e-05,25,10,20
34,4513,0.9090264625010401,1.201213202772971e-06,0.09095448784392043,1.7848441836687198e-05,25,10,20
34,4514,0.9024476513590948,1.2026533718166246e-06,0.09753328524125277,1.7860746280784533e-05,25,10,20
34,4515,0.9033415485178553,1.201536992917811e-06,0.09663939877541758,1.7851169734211396e-05,25,10,20
34,4516,0.9032891592181039,1.20154874747903e-06,0.09669178479442504,1.78544387233337e-05,25,10,20
34,4517,0.8900413037472916,1.2019138512054409e-06,0.10993840366077257,1.9090678084498346e-05,25,10,20
34,4518,0.8900974596809923,1.2791605091623503e-06,0.10988214425821083,1.911690028788499e-05,25,10,20
34,4519,0.8897350314837772,1.2835366646400713e-06,0.11024456911519744,1.9115864360886552e-05,25,10,20
34,4520,0.8907160485951197,1.2897271274216648e-06,0.10926328244424463,1.9379233508282387e-05,25,10,20
34,4521,0.8881461499398722,1.3039448539723403e-06,0.11180290150091096,4.9644614362864375e-05,25,10,20
34,4522,0.8890676013921825,1.3033663774096298e-06,0.11088147195671422,4.962328472596069e-05,25,10,20
34,4523,0.8893992718669971,1.3066992232860176e-06,0.11054954236132049,4.987907245928926e-05,25,10,20
34,4524,0.893002450598258,1.3011189010965187e-06,0.10694691463891512,4.9333643926195876e-05,25,10,20
34,4525,0.896551398606897,1.2997852220814179e-06,0.10339864832046106,4.865328742026058e-05,25,10,20
34,4526,0.89810169940701,1.2954181277505336e-06,0.10184854685795688,4.8458316905535724e-05,25,10,20
34,4527,0.8975971005777231,1.2965302852593387e-06,0.1023530643210945,4.853857089738617e-05,25,10,20
34,4528,0.9045099609823994,1.2593084506120289e-06,0.09544028407908915,4.849563006104696e-05,25,10,20
34,4529,0.9048630520750955,1.2554000074120968e-06,0.09508749832873502,4.819419616212329e-05,25,10,20
34,4530,0.903489007220933,1.2939366021385642e-06,0.09644380617030246,6.589267216251246e-05,25,10,20
34,4531,0.9050343327247294,1.2741815181806786e-06,0.0949286153784267,3.577771532557564e-05,25,10,20
34,4532,0.934956620652034,1.1565571705879382e-06,0.06500666491782292,3.5557872972083644e-05,25,10,20
34,4533,0.9347435150395675,1.9740751780003867e-07,0.06522068177574482,3.560577716934724e-05,25,10,20
34,4534,0.9413866977658223,1.9425904488326398e-07,0.05857752035950142,3.55876156310765e-05,25,10,20
34,4535,0.9413781301256726,1.9418877625744929e-07,0.05858609087395099,3.5584811599798086e-05,25,10,20
34,4536,0.94189314193398,1.9309282825096025e-07,0.05807116314307815,3.550183011314695e-05,25,10,20
34,4537,0.9419251898177906,1.864906799012868e-07,0.058039098824904115,3.552486662497658e-05,25,10,20
34,4538,0.9433466730106277,1.4830485701435627e-07,0.05663536316452204,1.7815519992749947e-05,25,10,20
34,4539,0.9433268685626578,1.5308411616945264e-07,0.05665419659651856,1.878175670742049e-05,25,10,20
34,4540,0.9329209707268066,1.548737283797145e-07,0.06705684323710318,2.2031162361882714e-05,25,10,20
34,4541,0.9096720206684512,1.763519959038229e-07,0.09030568491941465,2.2118060137994276e-05,25,10,20
34,4542,0.9095768556737349,1.7655588052783943e-07,0.09040079895134462,2.2168819039738844e-05,25,10,20
34,4543,0.937555978275328,1.556051427796123e-07,0.06242179485771673,2.2071261812388327e-05,25,10,20
34,4544,0.9372581734208072,1.6852508625129665e-07,0.06271954846127178,2.2109592834816554e-05,25,10,20
34,4545,0.9389014051689344,8.93234910174812e-08,0.06107641751759799,2.2087989976212532e-05,25,10,20
34,4546,0.9386331644056014,9.580963661123662e-08,0.06134332615663781,2.3413628123960367e-05,25,10,20
34,4547,0.9271561092038163,1.0636050580185001e-07,0.07282010893102847,2.367550464919438e-05,25,10,20
34,4548,0.927754205087142,1.0249521829531549e-07,0.07223341926320687,1.2273154432641103e-05,25,10,20
34,4549,0.947972302964939,9.84145430742252e-08,0.05201573261185324,1.1866008664823382e-05,25,10,20
34,4550,0.958815993444166,8.799275979748398e-08,0.04117216058131309,1.1757981760920474e-05,25,10,20
34,4551,0.9573433288188758,8.639489606148749e-07,0.04264448211910725,1.132511305609635e-05,25,10,20
34,4552,0.9573428308567606,8.639460283843887e-07,0.04264498028312899,1.132491408201599e-05,25,10,20
34,4553,0.9571938361615635,8.663178783346831e-07,0.04279400705050347,1.1290470054618774e-05,25,10,20
34,4554,0.9560823976759345,8.668887072290432e-07,0.0439052484490912,1.148698626705027e-05,25,10,20
34,4555,0.9560805637828308,8.668890505409852e-07,0.043907082421866646,1.1486906252043908e-05,25,10,20
34,4556,0.9345638238424399,8.837916385321423e-07,0.06542376739382116,1.1524972100031988e-05,25,10,20
34,4557,0.955902690311844,8.687878132416256e-07,0.04408480914847515,1.1631751867586393e-05,25,10,20
34,4558,0.955884850956744,8.657363870086989e-07,0.0441025909797108,1.1692327157982133e-05,25,10,20
34,4559,0.9186589637549823,9.126229024202605e-07,0.08131642435467397,2.3699267441001956e-05,25,10,20
34,4560,0.9184353858871603,9.133969681423413e-07,0.08153986605475236,2.3834661118915536e-05,25,10,20
34,4561,0.9195051076287711,8.945647873216862e-07,0.08047023582276286,2.376198367839521e-05,25,10,20
34,4562,0.9196722596705268,8.945258884666481e-07,0.08030308361195272,2.376219163161512e-05,25,10,20
34,4563,0.9196541737283249,8.926792563953043e-07,0.08032129387975534,2.3639712663162047e-05,25,10,20
34,4564,0.9191946428819469,9.014162114687658e-07,0.0807795764671795,2.487923466189523e-05,25,10,20
34,4565,0.9025592348097501,4.745315958083862e-06,0.097410516350639,2.5503523652198236e-05,25,10,20
34,4566,0.8999432985691752,4.745519502544742e-06,0.10002645219024481,2.5503721076786974e-05,25,10,20
34,4567,0.9004328856654026,4.741493070277029e-06,0.09953775061183837,2.462222968817669e-05,25,10,20
34,4568,0.89973441734053,4.974240162308585e-06,0.10023596415132614,2.4644267981258403e-05,25,10,20
34,4569,0.8826835747398166,5.263425843205737e-06,0.11728481659600508,2.63452383349616e-05,25,10,20
34,4570,0.8842190555660846,5.263326231564729e-06,0.11575252464818417,2.315645949923531e-05,25,10,20
34,4571,0.8866959727581083,5.265737162454817e-06,0.1132755567290401,2.3204775688404588e-05,25,10,20
34,4572,0.885977138121912,5.335468465342933e-06,0.1139943102975364,2.3216112085696308e-05,25,10,20
34,4573,0.8855026387595388,5.335372357275576e-06,0.11446896306124742,2.3062806855596124e-05,25,10,20
34,4574,0.885348751834264,5.338717796619464e-06,0.11462123863593363,2.4670812005096496e-05,25,10,20
34,4575,0.8854796631161521,5.4661204325795125e-06,0.11449180451881816,2.3066244596397816e-05,25,10,20
34,4576,0.88593154518539,5.462998781647596e-06,0.11403993344178324,2.3058374044516702e-05,25,10,20
34,4577,0.868807835032534,5.149187525625587e-06,0.13116393112304625,2.308465689369277e-05,25,10,20
34,4578,0.8699629830433119,5.148281977662976e-06,0.13000899062887825,2.2878045831834147e-05,25,10,20
34,4579,0.8628561014076914,5.104117271920803e-06,0.13711647544735361,2.2319027682953732e-05,25,10,20
34,4580,0.8627071257800787,5.114542751579124e-06,0.1372494020930738,3.835758409577366e-05,25,10,20
34,4581,0.8711609864771899,5.111437529139683e-06,0.1287961822384079,3.771984687307515e-05,25,10,20
34,4582,0.8908197824124718,4.647327966303787e-06,0.10913792206350405,3.7648196057337977e-05,25,10,20
34,4583,0.909943292509539,4.783277078402506e-06,0.09001812567309754,3.379854028487924e-05,25,10,20
34,4584,0.9324847174822501,4.518741996773853e-06,0.06746781333727842,4.295043847421105e-05,25,10,20
34,4585,0.92876606924689,4.5124286856551384e-06,0.07118700194119594,4.2416383228121615e-05,25,10,20
34,4586,0.9288840999046478,4.51009388646933e-06,0.07106803726603289,4.335273543240879e-05,25,10,20
34,4587,0.9288052375228546,4.509906066756328e-06,0.07114788463542095,4.236793565729429e-05,25,10,20
34,4588,0.9292459208355119,4.485451747688522e-06,0.07072320988534275,2.638382739725114e-05,25,10,20
34,4589,0.9233244430836678,4.699012590373408e-06,0.07664460487671071,2.62530270305811e-05,25,10,20
34,4590,0.9274181884463646,4.698657098169606e-06,0.07255170414289512,2.540875364165528e-05,25,10,20
34,4591,0.9169047607008044,1.6112908129968937e-05,0.0830537095715917,2.5416819473385185e-05,25,10,20
34,4592,0.9061532814981946,1.648790890127722e-05,0.09380370079941505,2.652979348864415e-05,25,10,20
34,4593,0.9370593492562179,1.6447089374886574e-05,0.06290962406824309,1.4579586163897562e-05,25,10,20
34,4594,0.9373851856095851,1.631359272920646e-05,0.06258391951935034,1.4581278334985671e-05,25,10,20
34,4595,0.9372955458790533,1.6081365945095326e-05,0.06267380586938848,1.4566885612665226e-05,25,10,20
34,4596,0.9367956510996669,1.6081276082075808e-05,0.06317371934808454,1.4548276166148201e-05,25,10,20
34,4597,0.9363920976118062,1.6080155979761668e-05,0.06357735582823333,1.4466403979832122e-05,25,10,20
34,4598,0.9363860620249,1.6080209515423482e-05,0.06358339648380903,1.4461281774637868e-05,25,10,20
34,4599,0.9422853970546021,1.5865910423740813e-05,0.05768425298827143,1.4484046702081757e-05,25,10,20
34,4600,0.9427303359999182,1.5896149145528272e-05,0.05724964985725072,4.117993684969668e-06,25,10,20
34,4601,0.9427929236082919,1.5896319647000764e-05,0.05718603849752883,5.1415745319173656e-06,25,10,20
34,4602,0.9424382446349046,1.5896730501879444e-05,0.05754068003737072,5.17859722248975e-06,25,10,20
34,4603,0.9439014261363138,1.576321141706125e-05,0.05607733289682475,5.4777554439333335e-06,25,10,20
34,4604,0.9425562614066536,1.5763247819188495e-05,0.057422512157451505,5.46318807531915e-06,25,10,20
34,4605,0.9594323855391964,1.1919255848915701e-05,0.04055087927980804,4.815925146366052e-06,25,10,20
34,4606,0.9572955088910424,1.193536023776493e-05,0.04268344712101893,9.108627700401907e-06,25,10,20
34,4607,0.9569440307752848,1.1940764984007918e-05,0.043034649357808596,9.379101922234273e-06,25,10,20
34,4608,0.9567883414409019,1.1940936744656401e-05,0.04319033851127174,9.37911108154465e-06,25,10,20
34,4609,0.9565691415202242,1.1945680904036435e-05,0.043409005399542,9.907399329540328e-06,25,10,20
34,4610,0.9565148411871114,1.1954712162258589e-05,0.04346328808666447,9.91601406165803e-06,25,10,20
34,4611,0.9597339292488973,1.1938649548131702e-05,0.040248511717243536,5.620384310436086e-06,25,10,20
34,4612,0.9596300260222421,1.1948065321687595e-05,0.040352427541168724,5.598371266975675e-06,25,10,20
34,4613,0.9596096609565538,1.1948216985205333e-05,0.040372377170689804,6.013655770518669e-06,25,10,20
34,4614,0.9594779943754628,1.1948124672653372e-05,0.04050401677878713,6.040721076724059e-06,25,10,20
34,4615,0.959190679912347,1.1948748079166848e-05,0.040791748128679216,5.623210893896469e-06,25,10,20
34,4616,0.9575123267143328,1.1948872747333949e-05,0.042470100710574964,5.623702344581613e-06,25,10,20
34,4617,0.9580441372844379,1.1944690823075842e-05,0.041939540599796786,4.377424942060854e-06,25,10,20
34,4618,0.9580814154955395,1.1944047077280238e-05,0.04190227983601338,4.360621369860068e-06,25,10,20
34,4619,0.9686616506220633,1.1571467418759439e-05,0.03132295515703852,3.822753479166879e-06,25,10,20
34,4620,0.9687736346228212,1.1571633097274324e-05,0.03121107925166479,3.714492416515073e-06,25,10,20
34,4621,0.9681962749895514,1.1574717413775533e-05,0.03178842221260732,3.7280804272296897e-06,25,10,20
34,4622,0.9686550053917885,1.1571951069163826e-05,0.031330263685793835,3.1589713482389853e-06,25,10,20
34,4623,0.9772817587777076,2.395148252093687e-07,0.022711866035951486,6.135671515665213e-06,25,10,20
34,4624,0.9731202382104417,6.66344639021692e-07,0.02687279609656277,6.299348356572882e-06,25,10,20
34,4625,0.9785321477838874,6.604784371859449e-07,0.021460563982330216,6.6277553451090246e-06,25,10,20
34,4626,0.9782658762983708,5.902351397522459e-07,0.021726918664013398,6.614802476137034e-06,25,10,20
34,4627,0.9784208991325197,5.807191276092911e-07,0.021571911090030718,6.609058322235823e-06,25,10,20
34,4628,0.9786679386361214,5.80711490386499e-07,0.021324871963846328,6.608688542047533e-06,25,10,20
34,4629,0.9790139611222065,7.11710524993268e-07,0.02097869736077639,6.6298064922183844e-06,25,10,20
34,4630,0.9757042413293188,5.846087161935446e-07,0.02428855585638387,6.618205581409017e-06,25,10,20
34,4631,0.9748150862597796,5.868363912855759e-07,0.02517771899183658,6.607911992602851e-06,25,10,20
34,4632,0.9748844802766677,5.840025905825468e-07,0.025108319424596858,6.616296144972008e-06,25,10,20
34,4633,0.9669490578579074,5.898482916743568e-07,0.03304370379002835,6.6485037728930485e-06,25,10,20
34,4634,0.9666207901333962,7.571418069984055e-07,0.033371533024582505,6.919700214623064e-06,25,10,20
34,4635,0.9683010551474844,7.28038983218123e-07,0.03169129705023834,6.919763294020037e-06,25,10,20
34,4636,0.9608774587173069,1.0706921685120861e-05,0.0389787162145159,0.00013311814649210964,25,10,20
34,4637,0.960675571271332,1.0708919923541612e-05,0.0391805919793167,0.00013312782942797796,25,10,20
34,4638,0.9593189151770699,1.1320316787157316e-05,0.039323625635204966,0.0013461388709380922,25,10,20
34,4639,0.9591722943265217,1.1315090258008034e-05,0.039470244583995305,0.0013461459992247281,25,10,20
34,4640,0.9628226326639152,1.1506709369304487e-05,0.035819692972336184,0.0013461676543792239,25,10,20
34,4641,0.9583583184038282,1.089596480729106e-05,0.04149795677467687,0.00013282885668735317,25,10,20
34,4642,0.9583938034074891,1.0893798046564327e-05,0.041462494310636776,0.00013280848382728015,25,10,20
34,4643,0.9581062133310309,1.0896513004919712e-05,0.041732134799079564,0.00015075535688439652,25,10,20
34,4644,0.9564837432229953,1.0946855835370253e-05,0.04335454635246595,0.0001507635687029782,25,10,20
34,4645,0.9467327052522837,0.00030140819370463477,0.05281249478043757,0.0001533917735737551,25,10,20
34,4646,0.9471890031667672,0.0003012385001393712,0.05235694223562756,0.00015281609746551573,25,10,20
34,4647,0.9472077009041994,0.0003010445955291505,0.052338259694327,0.00015299480594418722,25,10,20
34,4648,0.955134320702537,0.000301038760196451,0.04441167740175634,0.00015296313550974762,25,10,20
34,4649,0.9575588606848886,0.0003009851574280504,0.04198721355815614,0.00015294059952689063,25,10,20
34,4650,0.9578654333307111,0.0003009838468209121,0.04168083735712278,0.00015274546534490636,25,10,20
34,4651,0.9480483811606405,0.0003009831459679079,0.05149788840751432,0.00015274728587700954,25,10,20
34,4652,0.9473901828897806,0.00030099598013790164,0.05215605762222363,0.00015276350785761955,25,10,20
34,4653,0.959237977137319,0.0002905873854232472,0.04044529255159951,2.6142925658224826e-05,25,10,20
34,4654,0.9696613879765327,0.00029058757364818925,0.030021873793684532,2.615065613446962e-05,25,10,20
34,4655,0.9622388173634511,0.00029058926884292997,0.03746175888020737,8.83448749852839e-06,25,10,20
34,4656,0.9581397301510723,0.00029058689492050403,0.041498641485010354,7.104146899676078e-05,25,10,20
34,4657,0.959708402975142,0.00029050499088172245,0.03993294217890731,6.814985506898288e-05,25,10,20
34,4658,0.9504915181154291,0.00029050500700792336,0.04914981866156924,6.815821599383596e-05,25,10,20
34,4659,0.9497559025946445,0.00029050664477741733,0.0498215468268704,0.00013204393370797773,25,10,20
34,4660,0.9502069022704285,0.0002905056232118779,0.04943432322923297,6.826887712693959e-05,25,10,20
34,4661,0.9497157455825941,0.0002905238583649347,0.04992372882530769,7.000173373368274e-05,25,10,20
34,4662,0.9585895714108777,0.00029052642689595694,0.04105050234656773,6.93998156588807e-05,25,10,20
34,4663,0.9586321180775045,0.00029052654025505374,0.0410082209207149,6.913446152584476e-05,25,10,20
34,4664,0.958457119110857,0.00029052944374541556,0.04118320504319722,6.914640220070142e-05,25,10,20
34,4665,0.9684131407856847,0.0002905709595702531,0.031226965003701024,6.932325104434388e-05,25,10,20
34,4666,0.9680729559006696,0.0002905777327643302,0.03156710956730214,6.935679926453675e-05,25,10,20
34,4667,0.9678855395538746,0.00029082066392978177,0.03175428509143785,6.935469075822972e-05,25,10,20
34,4668,0.9681698101617087,0.00029082415920334427,0.0314701089398596,6.925673922885151e-05,25,10,20
34,4669,0.9681510791277713,0.0002908241802765082,0.03148883879845662,6.925789349614536e-05,25,10,20
34,4670,0.9676604599867085,0.0002908585368237567,0.0318762204396036,0.00017246103686485446,25,10,20
34,4671,0.9312577171376079,0.00030154257666829273,0.06826845961978262,0.00017228066594189822,25,10,20
34,4672,0.9271007954079674,0.00030239886372899897,0.07242434607193403,0.00017245965637041353,25,10,20
34,4673,0.9274197527629962,0.0003023986899197834,0.07210540241136536,0.00017244613571967693,25,10,20
34,4674,0.9271931144059826,0.00030240212609173667,0.07233202189295294,0.00017246157497362045,25,10,20
34,4675,0.925300921458,0.0003024780245498767,0.0742236084966536,0.00017299202079756139,25,10,20
34,4676,0.9260468052182468,0.0003024610715497432,0.07347954718065115,0.0001711865295532246,25,10,20
34,4677,0.9263198576207344,0.0003022152294019386,0.07320674012091398,0.00017118702895073566,25,10,20
34,4678,0.9254592038232871,0.0003024177150486812,0.07406716981228191,0.00017120864938315148,25,10,20
34,4679,0.9254207259123294,0.0003024175099700315,0.07410565399311143,0.00017120258458998608,25,10,20
34,4680,0.9171650026898525,0.00030255341685455424,0.0823612457924638,0.00017119810082967296,25,10,20
34,4681,0.9172005499525452,0.00030254740015083403,0.08232574451964579,0.0001711581276585039,25,10,20
34,4682,0.9169507616571324,0.0003025410367983334,0.08257535338379368,0.0001713439222757695,25,10,20
34,4683,0.9186639790149544,0.0003024573537379937,0.08086271756421275,0.00017084606709521634,25,10,20
34,4684,0.9177918766407803,0.0003024676571865751,0.08173475527132087,0.00017090043071249324,25,10,20
34,4685,0.9015220687475299,0.0003024684474588461,0.09800455829546753,0.00017090450954410617,25,10,20
34,4686,0.9033150243958089,0.00030246826032517376,0.09621159445996706,0.0001709128838989535,25,10,20
34,4687,0.9031913709183796,0.00030246833182729195,0.0963352667990658,0.00017089395072745827,25,10,20
34,4688,0.891182097274979,0.0003024830129816854,0.10834008292199154,0.0001753367900474561,25,10,20
34,4689,0.8986065442350628,0.000302816015895662,0.10091530172578002,0.00017533802326175052,25,10,20
34,4690,0.9084992545445799,1.2350428189792004e-05,0.09131575310161395,0.00017264192561650558,25,10,20
34,4691,0.9126805593627171,1.2349774827679e-05,0.08713245658047775,0.00017463428197777352,25,10,20
34,4692,0.9129454595621012,1.2338042145935416e-05,0.08686756746186788,0.00017463493388528143,25,10,20
34,4693,0.9130552846525282,1.2337973538925286e-05,0.08675875541826818,0.000173621955664817,25,10,20
34,4694,0.9139860958893641,1.2337691697245509e-05,0.08582833440220534,0.00017323201673357308,25,10,20
34,4695,0.9137698188658412,1.2337788396477018e-05,0.0860446157353641,0.0001732276103984705,25,10,20
34,4696,0.912249054330044,1.7060594192638346e-06,0.08757601601500653,0.00017322359553069146,25,10,20
34,4697,0.8830366251079299,2.8835935985220418e-05,0.11676085804756689,0.0001736809085175776,25,10,20
34,4698,0.9016965439247303,6.919234956122009e-06,0.0981232960920302,0.00017324074828337823,25,10,20
34,4699,0.9349362431414484,6.8262059360281904e-06,0.06488354240313705,0.0001733882494791315,25,10,20
34,4700,0.9390713809089091,5.973989445092486e-06,0.060749399287294,0.00017324581435256874,25,10,20
34,4701,0.9390791443882384,5.972869610916704e-06,0.060741631000561375,0.0001732517415900984,25,10,20
34,4702,0.9385178480207338,5.973088620800604e-06,0.061302904371321354,0.00017327451932479848,25,10,20
34,4703,0.9277644216107788,1.2503990443563228e-05,0.07204982085228036,0.00017325354649829573,25,10,20
34,4704,0.9277573551736831,1.2504503560614994e-05,0.07205636570500931,0.0001737746177477974,25,10,20
34,4705,0.927650596885639,1.2504482168063269e-05,0.07216312516812576,0.00017377346406803433,25,10,20
34,4706,0.9236325518205531,1.2502760231035774e-05,0.07618170244085049,0.00017324297836616873,25,10,20
34,4707,0.9187742542916568,1.204769705760837e-05,0.08104046880901503,0.0001732292022709919,25,10,20
34,4708,0.9183140933724888,1.2047349524580062e-05,0.08149323363698135,0.0001806256410057473,25,10,20
34,4709,0.916646057352529,1.2045701633468277e-05,0.08315989464690127,0.00018200229893667433,25,10,20
34,4710,0.916833912321693,1.2045634296384772e-05,0.08297196741799137,0.0001820746260197394,25,10,20
34,4711,0.9158639865101306,1.2045912715137394e-05,0.0839418912313896,0.00018207634576493538,25,10,20
34,4712,0.9149613993962212,1.2306651906121455e-05,0.08484401849373206,0.0001822754581409074,25,10,20
34,4713,0.9113686714732673,1.230811523352736e-05,0.08843071521220025,0.00018830519929923358,25,10,20
34,4714,0.9188036135225589,5.780477122617802e-06,0.08100119297925502,0.00018941302106385897,25,10,20
34,4715,0.921018308417444,5.57605481486756e-06,0.0787866615127163,0.0001894540150252408,25,10,20
34,4716,0.9161597811792827,5.5794798019668724e-06,0.08364519222750726,0.0001894471134085046,25,10,20
34,4717,0.9167365603851917,5.579187025348517e-06,0.08306862164887001,0.00018923877891296174,25,10,20
34,4718,0.9286750305007944,5.579672622669472e-06,0.07113214372507995,0.00018724610150312168,25,10,20
34,4719,0.9292702595677664,5.542394290089733e-06,0.07064016773106696,8.403030687656986e-05,25,10,20
34,4720,0.9250671107017234,7.53961697850424e-06,0.07483854074898136,8.680893231690251e-05,25,10,20
34,4721,0.9235515738457835,7.633608647490883e-06,0.07635358886775222,8.720367781696945e-05,25,10,20
34,4722,0.9234055707545195,7.624135795431894e-06,0.07649965135540503,8.715375428058962e-05,25,10,20
34,4723,0.9244254284707237,7.622612159301337e-06,0.07547982175208719,8.712716503016459e-05,25,10,20
34,4724,0.9298709517915895,7.63187187825106e-06,0.07003436386323977,8.705247329301717e-05,25,10,20
34,4725,0.9306206411088611,7.372506718404431e-06,0.06928512609283648,8.686029158464318e-05,25,10,20
34,4726,0.9286909002274889,7.938535274383302e-06,0.0712764949067722,2.46663304649186e-05,25,10,20
34,4727,0.9323920894943996,7.937121102618477e-06,0.06758133652826541,1.863685623290943e-05,25,10,20
34,4728,0.9293605748433537,7.371140450418011e-06,0.07061342853804047,1.862547815597377e-05,25,10,20
34,4729,0.9291548650076225,7.381397130222939e-06,0.0708188033741938,1.895022105408948e-05,25,10,20
34,4730,0.9288081724308717,7.3720236581718096e-06,0.0711655421910956,1.8913354375227286e-05,25,10,20
34,4731,0.9298558732738098,7.372469406162917e-06,0.07011784497858853,1.8909278195977547e-05,25,10,20
34,4732,0.9325080314347463,7.432077350088382e-06,0.06746674176177285,1.779472613126212e-05,25,10,20
34,4733,0.9321499267874812,7.510417673137999e-06,0.06782458860578527,1.797418906091891e-05,25,10,20
34,4734,0.9320417709722922,7.619315390399828e-06,0.06793163507719935,1.8974635118486376e-05,25,10,20
34,4735,0.9286772174959119,7.676924202008354e-06,0.07129587888830076,1.9226691585672026e-05,25,10,20
34,4736,0.9377700740237094,7.67687639766474e-06,0.06220302573344671,1.9223366446713796e-05,25,10,20
34,4737,0.9351585806932345,7.675466962323615e-06,0.06479623857558515,3.750526421838074e-05,25,10,20
34,4738,0.9311309570560742,7.67554251355445e-06,0.06882371355871421,3.765384269843733e-05,25,10,20
34,4739,0.9319013127497737,7.613393222566393e-06,0.06805341690616692,3.7656950837253666e-05,25,10,20
34,4740,0.9157889366163693,7.914965088078591e-06,0.08407910734327993,0.00012404107526316357,25,10,20
34,4741,0.916510322918858,7.822533577673482e-06,0.08335797222192425,0.00012388232564043027,25,10,20
34,4742,0.9162229415596628,7.82841131599302e-06,0.08364513434625089,0.00012409568277104005,25,10,20
34,4743,0.9101051871697449,7.829308279079848e-06,0.0897630805351075,0.00012390298686870883,25,10,20
34,4744,0.9101088360918966,7.719062488008468e-06,0.08976051329789607,0.00012293154771954762,25,10,20
34,4745,0.8986579046848442,6.302777030177717e-06,0.10121267829555594,0.00012311424257001495,25,10,20
34,4746,0.9106335571098214,6.292250833290515e-06,0.08924145368060182,0.00011869695874349379,25,10,20
34,4747,0.9055596226461614,4.922512250761834e-05,0.09427518713033996,0.00011596510099100231,25,10,20
34,4748,0.9050338265380685,4.922995148934298e-05,0.09479916654295069,0.00011777696749140767,25,10,20
34,4749,0.8830064621050826,0.0004036678821246076,0.11647155784589154,0.00011831216690202805,25,10,20
34,4750,0.8810146969135375,0.0004036685055784713,0.11826328318392675,0.00031835139695813994,25,10,20
34,4751,0.8873413111821843,0.00040366229357468816,0.11193668337776899,0.0003183431464728543,25,10,20
34,4752,0.8820968091804268,0.00040438605094733724,0.11718040495638485,0.0003183998122413208,25,10,20
34,4753,0.9041218217583471,4.994824412788566e-05,0.09551033152573035,0.0003178984717945354,25,10,20
34,4754,0.9072992461748658,4.989205698121034e-05,0.09233321463183289,0.00031764713632010717,25,10,20
34,4755,0.9090815379750973,4.915542409766135e-05,0.09055170299394993,0.0003176036068551506,25,10,20
34,4756,0.9022948418502246,4.9159585278970594e-05,0.09733901211864548,0.000316986445850965,25,10,20
34,4757,0.8885234870425207,4.9664211757785925e-05,0.10916326133420315,0.002263587411518575,25,10,20
34,4758,0.8872021455742469,5.236389384307579e-05,0.11050040593005242,0.0022450846018574827,25,10,20
34,4759,0.8927415061497921,5.236006920013702e-05,0.10496103810184383,0.0022450956791637937,25,10,20
34,4760,0.8924816066923731,5.236444921444388e-05,0.10522090856766989,0.0022451202907423835,25,10,20
34,4761,0.8975561585116293,5.392719374671184e-05,0.10014478238996347,0.0022451319046602036,25,10,20
34,4762,0.8978149761780123,5.392611864149976e-05,0.09988597238171203,0.002245125321633782,25,10,20
34,4763,0.9141171414462006,5.4116988245719126e-05,0.0836701380447139,0.0021586035208395467,25,10,20
34,4764,0.9034620463211114,5.6751189748968626e-05,0.0942040708450612,0.002277131644077864,25,10,20
34,4765,0.9039541905897388,5.675049882152513e-05,0.09371933881928125,0.0022697200921580813,25,10,20
34,4766,0.9039989234482962,5.675040788282791e-05,0.0936746848929937,0.0022696412508272194,25,10,20
34,4767,0.9017079322124119,5.520379065750749e-05,0.0959671810400338,0.0022696829568968004,25,10,20
34,4768,0.9117621585843052,4.9990792368105076e-05,0.08591821263913829,0.0022696379841885862,25,10,20
34,4769,0.9100671477378433,4.999171239438687e-05,0.08761319321030603,0.0022696673394563146,25,10,20
34,4770,0.9019470583609889,5.005467384034562e-05,0.09573315969186877,0.0022697272733022814,25,10,20
34,4771,0.9037385043086708,5.0055007635865e-05,0.09394174338196075,0.002269697301732959,25,10,20
34,4772,0.901392352242263,5.037706666703651e-05,0.09628617996841092,0.002271090722659541,25,10,20
34,4773,0.8999512878799066,5.0377779818431206e-05,0.09772722074501447,0.0022711135952607274,25,10,20
34,4774,0.9207522772124748,6.863247784970364e-06,0.07696998543705014,0.002270874102690645,25,10,20
34,4775,0.9349054651026643,6.854879217222308e-06,0.06281682384080792,0.002270856177311334,25,10,20
34,4776,0.9353201141136932,6.283534900755159e-06,0.06240245542553506,0.002271146925871572,25,10,20
34,4777,0.9350951247273908,6.300392537936103e-06,0.06262763215899064,0.002270942721080828,25,10,20
34,4778,0.9306428443866112,6.311226861575409e-06,0.06701008566850161,0.0023407587180257765,25,10,20
34,4779,0.9210068646286698,7.109800594349332e-06,0.07664477556024704,0.0023412500104890276,25,10,20
34,4780,0.9231617553958645,7.108413583155289e-06,0.07468993925150036,0.002141196939052254,25,10,20
34,4781,0.9226251104549082,7.109056281179769e-06,0.07522423765241751,0.002143542836393533,25,10,20
34,4782,0.9320701108545414,6.6039380575586494e-06,0.06772769679587229,0.00019558841152935564,25,10,20
34,4783,0.9361371112210278,6.602378138627617e-06,0.06366022513963036,0.000196061261203644,25,10,20
34,4784,0.9359103155348436,6.601611205337024e-06,0.06388747497894832,0.0001956078750031974,25,10,20
34,4785,0.9119811919544466,6.601199711890412e-06,0.0878147555675483,0.00019745127829315446,25,10,20
34,4786,0.9107554223473469,6.603671632538138e-06,0.08904022137274437,0.00019775260827622316,25,10,20
34,4787,0.8762694616923153,6.604276170849535e-06,0.12352619886341883,0.00019773516809560424,25,10,20
34,4788,0.8745186152340432,6.614685071761179e-06,0.12527703529911274,0.00019773478177284001,25,10,20
34,4789,0.8737122834232685,6.615367566624781e-06,0.12608014117989044,0.0002009600292750888,25,10,20
34,4790,0.8852613597352658,3.981796355125327e-06,0.11465222710623948,8.243136214007061e-05,25,10,20
34,4791,0.8860284094824351,3.963515258042226e-06,0.11388521745095655,8.240955135064071e-05,25,10,20
34,4792,0.8893685957278683,1.255586800826444e-06,0.1105477751221385,8.237356319292642e-05,25,10,20
34,4793,0.8896378622391518,1.2555299328017855e-06,0.11027887290520384,8.20093257121034e-05,25,10,20
34,4794,0.8827656649633903,1.0481085391323202e-05,0.11713775583118297,8.609812003616365e-05,25,10,20
34,4795,0.8830887084005639,1.0480037812088685e-05,0.11681500384336146,8.580771826332145e-05,25,10,20
34,4796,0.8832878236258261,1.0479973671403919e-05,0.11661589845990525,8.579794059797012e-05,25,10,20
34,4797,0.8808437043650207,1.0493582579655237e-05,0.11906001832912282,8.578372327746165e-05,25,10,20
34,4798,0.8809224378025513,1.0491474967690736e-05,0.11898111204343342,8.595867904832485e-05,25,10,20
34,4799,0.8809098439318594,1.0491402544824998e-05,0.11899370616007962,8.595850551701683e-05,25,10,20
34,4800,0.8798510522576012,1.0495566455555822e-05,0.11985372676174416,0.00028472541419985003,25,10,20
34,4801,0.8754946121728472,1.055795357191293e-05,0.12419558821543221,0.0002992416581496449,25,10,20
34,4802,0.8738408688100074,1.0707592501969743e-05,0.1260479093709245,0.00010051422656681938,25,10,20
34,4803,0.884292930784807,1.4839831368463781e-06,0.11560913964692573,9.644558513130192e-05,25,10,20
34,4804,0.8817717091594721,1.4841448349463663e-06,0.11813024378841464,9.656290727906994e-05,25,10,20
34,4805,0.8734356013869541,1.4876270374986973e-06,0.12646554020487236,9.737078113698994e-05,25,10,20
34,4806,0.8815249769766459,1.4445876669002758e-06,0.11837626885698997,9.730957869810453e-05,25,10,20
34,4807,0.8839299802952161,1.444534939604376e-06,0.11597135056715244,9.722460269263641e-05,25,10,20
34,4808,0.8838245262881378,1.4441134298371802e-06,0.11607679990428188,9.722969415140256e-05,25,10,20
34,4809,0.8516814694502091,1.450969856334179e-06,0.1482199289163984,9.715066353677508e-05,25,10,20
34,4810,0.8606883304347218,1.3895919529400825e-06,0.13922356002634526,8.67199469804763e-05,25,10,20
34,4811,0.8609667055569742,1.3883712759107351e-06,0.13894921654312375,8.268952862669081e-05,25,10,20
34,4812,0.8610229278495427,1.388062707261007e-06,0.13889308637567507,8.259771207523456e-05,25,10,20
34,4813,0.861037570943019,1.39479003690896e-06,0.13887829835981727,8.27359071273783e-05,25,10,20
34,4814,0.8658664400442837,1.3847976857336826e-06,0.1341192537524737,1.2921405557154144e-05,25,10,20
34,4815,0.9021434606594266,1.373509413427658e-06,0.09784224495357038,1.2920877589447123e-05,25,10,20
34,4816,0.8919608618237024,1.3738038482713833e-06,0.10802806959177945,9.694780670191991e-06,25,10,20
34,4817,0.8908578356350338,1.4126991274704596e-06,0.1091309601738383,9.791492000598653e-06,25,10,20
34,4818,0.8919562933623416,1.373805715115279e-06,0.10803263794026298,9.694891680498392e-06,25,10,20
34,4819,0.9114648722540827,1.35002583120398e-06,0.08852408350664087,9.694213445498783e-06,25,10,20
34,4820,0.9060636172776707,1.3689893252325295e-06,0.09392484702009303,1.0166712911511809e-05,25,10,20
34,4821,0.9112771742556949,1.4849069944468274e-06,0.08871045267965594,1.0888157655316765e-05,25,10,20
34,4822,0.9139246168929871,1.3311856510270534e-06,0.08606297262238759,1.1079298974689735e-05,25,10,20
34,4823,0.9135887302577804,1.45383328247787e-06,0.0863981547918497,1.166111708802858e-05,25,10,20
34,4824,0.9137395568537262,1.452845476702013e-06,0.08624756087948061,1.1429421316775654e-05,25,10,20
34,4825,0.9143185424473517,1.4549179487942576e-06,0.08566857679492525,1.14258397747964e-05,25,10,20
34,4826,0.9146207296983474,1.4473387857984013e-06,0.08536822205258124,9.600910285711642e-06,25,10,20
34,4827,0.9089776886762292,1.6185912972274704e-06,0.09101178847793845,8.904254535308476e-06,25,10,20
34,4828,0.909092639359751,1.618348285908186e-06,0.09089687744892318,8.864843040256499e-06,25,10,20
34,4829,0.918380213383144,1.6136362044975621e-06,0.0816098948291416,8.278151510288395e-06,25,10,20
34,4830,0.918537121936973,1.5933449901619421e-06,0.08145287266459533,8.412053441845516e-06,25,10,20
34,4831,0.918709386824311,1.5933154719436957e-06,0.08128063998699284,8.379873224173377e-06,25,10,20
34,4832,0.918164430957545,1.2703498551495837e-06,0.08182672122556367,7.57746703690073e-06,25,10,20
34,4833,0.918493168464492,1.2689822696648165e-06,0.08149800711391142,7.555439327360305e-06,25,10,20
34,4834,0.9162691505202978,1.2670132176161162e-06,0.08372222110873145,7.3613577536665394e-06,25,10,20
34,4835,0.918764212246233,2.0761891083956423e-06,0.08122663271513574,7.078849523771137e-06,25,10,20
34,4836,0.9038109166069188,2.0007172965084623e-06,0.09617830000195438,8.78267383132167e-06,25,10,20
34,4837,0.9030903135021568,2.008429706600475e-06,0.09687648896110039,3.1189107037274466e-05,25,10,20
34,4838,0.9030259502263468,2.0085372779505018e-06,0.09694076897882718,3.1272257549119585e-05,25,10,20
34,4839,0.8960273875513727,2.092479860979182e-06,0.10271510473754658,0.001255415231220934,25,10,20
34,4840,0.8930038396608326,2.092484038195091e-06,0.10573863354070631,0.0012554343144239298,25,10,20
34,4841,0.8852818937029748,2.279899174726779e-06,0.11346037922984867,0.0012554471680019726,25,10,20
34,4842,0.8851619040153377,2.3739163109178952e-06,0.11358027073884559,0.0012554513295057993,25,10,20
34,4843,0.8830677564163498,2.3690464507837874e-06,0.11567463374805896,0.001255240789140593,25,10,20
34,4844,0.8773727184367222,2.6640104078984673e-06,0.12136761947350705,0.0012569980793626437,25,10,20
34,4845,0.9007179379588682,2.663476900709492e-06,0.09802432408933688,0.0012550744748940509,25,10,20
34,4846,0.9160805830583617,2.6167309638769633e-06,0.0826640099730612,0.0012527902376137496,25,10,20
34,4847,0.934432215244514,2.892837733749369e-06,0.06431164766921099,0.001253244248540987,25,10,20
34,4848,0.934221072786121,2.8964780226904947e-06,0.06451116746266733,0.0012648632731887908,25,10,20
34,4849,0.9247359263737998,2.9007232688131776e-06,0.07399654157308144,0.001264631329849712,25,10,20
34,4850,0.9273432847828902,2.8982226345507474e-06,0.07138918669953508,0.0012646302949400024,25,10,20
34,4851,0.9194317712543125,3.0281714177393302e-06,0.07930238492264124,0.0012628156516284758,25,10,20
34,4852,0.9101355324863536,3.15530302321834e-06,0.0885984691557466,0.0012628430548766534,25,10,20
34,4853,0.9061611044664954,3.2210603407409074e-06,0.09257247178436076,0.0012632026888029554,25,10,20
34,4854,0.9178831826842937,2.932645009089028e-06,0.08085071031180785,0.0012631743588897087,25,10,20
34,4855,0.912078653326201,3.106473254371865e-06,0.08667740743892635,0.0012408327616186589,25,10,20
34,4856,0.9121803169750885,3.1057226890563677e-06,0.08657573923430424,0.0012408380679182398,25,10,20
34,4857,0.9018196179473638,3.121860875349476e-06,0.09693696509315954,0.0012402950986014332,25,10,20
34,4858,0.910832899854091,3.0425264736903648e-06,0.08914728563913506,1.6771980300639423e-05,25,10,20
34,4859,0.9164797943330812,2.747422846789532e-06,0.08350244870285332,1.5009541218969926e-05,25,10,20
34,4860,0.8901734991597214,2.4711913680786307e-06,0.10980947165110506,1.4557997806376e-05,25,10,20
34,4861,0.8839646489883597,2.214777425032725e-06,0.11587749884746096,0.00015563738675516094,25,10,20
34,4862,0.88967775359219,2.034360357579786e-06,0.11014027521938771,0.00017993682806564858,25,10,20
34,4863,0.8989801929266698,1.9072335790306773e-06,0.10083799015720743,0.00017990968254496032,25,10,20
34,4864,0.8995199857429078,1.9054264829919314e-06,0.10029829188045782,0.00017981695015217646,25,10,20
34,4865,0.8994861137183503,1.9053617982028503e-06,0.10033216438279059,0.00017981653706172781,25,10,20
34,4866,0.8927538335635536,1.169157650108757e-05,0.10705524301026972,0.0001792318496764347,25,10,20
34,4867,0.8967438018141933,1.1625875476058473e-05,0.10306569667074875,0.00017887563958257722,25,10,20
34,4868,0.896511528894703,1.162723352255183e-05,0.10329796819659512,0.00017887567517998386,25,10,20
34,4869,0.8983835337979005,1.1628365147705973e-05,0.10142591287357111,0.00017892496338130624,25,10,20
34,4870,0.9001652439765411,1.0807304523369208e-05,0.09964462541570086,0.00017932330323508554,25,10,20
34,4871,0.8921450971025523,1.0163592144649912e-06,0.10767211022490737,0.00018177631332613403,25,10,20
34,4872,0.8921853778096434,1.0175155344713955e-06,0.10763188706344909,0.00018171761137331715,25,10,20
34,4873,0.9068221616244015,1.0184269055703403e-06,0.09299756669125628,0.00017925325743681878,25,10,20
34,4874,0.9066635515454327,1.0184652688605064e-06,0.0931666638793418,0.00016876610995687232,25,10,20
34,4875,0.9037560277016319,1.0212485300546994e-06,0.09607370333418722,0.00016924771565132913,25,10,20
34,4876,0.9128103676082511,1.018699881362909e-06,0.08701933364417076,0.00016928004769711655,25,10,20
34,4877,0.9122203522811908,1.0190709849533738e-06,0.08760935145770457,0.000169277190119904,25,10,20
34,4878,0.9084241519888416,1.177322017008387e-06,0.09140538931035802,0.00016928137878338616,25,10,20
34,4879,0.9168271491914146,3.806755454887138e-06,0.08299971271498813,0.000169331338142739,25,10,20
34,4880,0.9207718610237973,3.6461704934882187e-06,0.07905515804600745,0.00016933475970212853,25,10,20
34,4881,0.9203777471021793,3.6477030850310737e-06,0.07944922219675846,0.00016938299797753675,25,10,20
34,4882,0.9084048060204828,3.646342176102874e-06,0.09142215635115358,0.00016939128618788396,25,10,20
34,4883,0.9054450159863502,5.351092270507868e-06,0.09438051460628531,0.0001691183150935627,25,10,20
34,4884,0.9051616529000363,5.371105766258462e-06,0.09466380451261255,0.00016917148158462024,25,10,20
34,4885,0.9050225617222513,5.371112279175909e-06,0.09480288967548635,0.00016917748998295065,25,10,20
34,4886,0.9038652458033115,7.560977319285672e-06,0.09595778947059266,0.00016940374877627337,25,10,20
34,4887,0.9039559412219722,7.561000791407274e-06,0.09586709380737099,0.0001694039698653355,25,10,20
34,4888,0.8880868830061028,7.86265857062317e-06,0.11176018897596825,0.00014506535935813054,25,10,20
34,4889,0.8882378159286319,7.865166433006992e-06,0.1116082090911489,0.0001461098137859477,25,10,20
34,4890,0.8818914492688827,7.959833088804172e-06,0.11655807358058028,0.0015425173174477232,25,10,20
34,4891,0.8980565751669637,7.417446994585554e-06,0.10053499975760252,0.0014010076284390982,25,10,20
34,4892,0.8965431935925455,7.324687595784612e-06,0.10204820720164838,0.0014012745182103137,25,10,20
34,4893,0.8856361201685679,7.325083588911491e-06,0.11295510765748937,0.0014014470903538979,25,10,20
34,4894,0.8857559235088216,7.3248676145252566e-06,0.11283539180064177,0.0014013598229220441,25,10,20
34,4895,0.8866319463194638,7.32441345720205e-06,0.11195937215436462,0.0014013571127143003,25,10,20
34,4896,0.864936484154875,1.4545828509834019e-05,0.13358094673537255,0.001468023281242296,25,10,20
34,4897,0.864926537499754,1.454583443030064e-05,0.13359089205739777,0.00146802460841744,25,10,20
34,4898,0.8743989939607697,1.4540116674031106e-05,0.12411848571294684,0.0014679802096093978,25,10,20
34,4899,0.8756530742582442,1.4539564191215181e-05,0.12286126945968398,0.0014711167178804497,25,10,20
34,4900,0.8756839235139867,1.4539663115229323e-05,0.12283042535750223,0.001471111465395723,25,10,20
34,4901,0.8795330160298633,1.4527696674056184e-05,0.11898135768576518,0.001471098587697587,25,10,20
34,4902,0.8911768372258146,1.4532466631122354e-05,0.10733751954693262,0.0014711107606217657,25,10,20
34,4903,0.9200947939261788,1.4532163200419012e-05,0.07739730868013849,0.002493365230482514,25,10,20
34,4904,0.9290260335170835,1.4532104601788591e-05,0.06948847265390432,0.0014709617244104737,25,10,20
34,4905,0.9244474034243614,1.4577081812797286e-05,0.07279753399832821,0.0027404854954978996,25,10,20
34,4906,0.9458539894077138,7.355916548621986e-06,0.05146483054234972,0.002673824133387879,25,10,20
34,4907,0.945864964243284,7.357163178775131e-06,0.05145422861943325,0.002673449974104064,25,10,20
34,4908,0.9613734287361198,7.063935509893507e-06,0.03594274903443442,0.002676758293936208,25,10,20
34,4909,0.9593660973278726,7.0173455937980865e-06,0.03934715173329402,0.0012797335932395759,25,10,20
34,4910,0.948271824923342,7.014270665467461e-06,0.050444721855552176,0.0012764389504404386,25,10,20
34,4911,0.9596062099067969,6.963698617126449e-06,0.0391103677998282,0.0012764585947578364,25,10,20
34,4912,0.959627437489496,6.963437524744961e-06,0.03908921552086373,0.001276383552115732,25,10,20
34,4913,0.9378937784630716,4.141710250016627e-06,0.06082121799312632,0.0012808618335527827,25,10,20
34,4914,0.9495296074236441,4.133240802917367e-06,0.04918542624775924,0.0012808330877943344,25,10,20
34,4915,0.9494123216736832,4.128975740359731e-06,0.049302761983744406,0.0012807873668325622,25,10,20
34,4916,0.9497602923247576,4.1288621337220195e-06,0.048954799172847625,0.0012807796402616509,25,10,20
34,4917,0.9495475364732399,4.128861687063691e-06,0.04916755506434035,0.00128077960073329,25,10,20
34,4918,0.9501203108265084,4.1240123804257055e-06,0.0485948064706834,0.0012807586904283077,25,10,20
34,4919,0.9468620979636769,4.1670088967066814e-06,0.051852275817132636,0.001281459210294289,25,10,20
34,4920,0.9698225654116024,4.1581078078063475e-06,0.02889636514608969,0.0012769113345002304,25,10,20
34,4921,0.9698453789946265,4.155423980331946e-06,0.02887356096293935,0.0012769046184539306,25,10,20
34,4922,0.9669595704902637,4.162954919532219e-06,0.03175936933133566,0.001276897223481157,25,10,20
34,4923,0.9666460095620004,4.295703190617596e-06,0.03207279549050562,0.0012768992443032189,25,10,20
34,4924,0.966355648993396,4.2958551520451195e-06,0.03236313700308732,0.001276918148364666,25,10,20
34,4925,0.9616372847262974,4.303699420463319e-06,0.03708058964360811,0.001277821930673948,25,10,20
34,4926,0.9490649359825339,4.300782906067907e-06,0.04566186364152019,0.00526889959303988,25,10,20
34,4927,0.9470094212282767,4.3012260314240125e-06,0.04771212364319885,0.005274153902492858,25,10,20
34,4928,0.951734995065291,4.256206598857464e-06,0.0442561341745432,0.004004614553566693,25,10,20
34,4929,0.9444589942022326,4.27383303240146e-06,0.05153208179702606,0.004004650167708853,25,10,20
34,4930,0.9334848819336373,4.286676334246276e-06,0.06250958884899795,0.004001242541030261,25,10,20
34,4931,0.9335356752718081,4.2860274156479075e-06,0.06245882821307137,0.004001210487705047,25,10,20
34,4932,0.9324011081204903,4.302317645234421e-06,0.0635932635229696,0.004001326038894991,25,10,20
34,4933,0.9385172072386031,4.284744556573373e-06,0.057477240173624,0.004001267843216514,25,10,20
34,4934,0.9377132529187321,4.692607923417419e-06,0.05827786161292797,0.004004192860416658,25,10,20
34,4935,0.9376483955415246,4.692512050985877e-06,0.058342710507767244,0.004004201438657527,25,10,20
34,4936,0.9383959336196469,4.692296268355674e-06,0.057595180759702644,0.004004193324382477,25,10,20
34,4937,0.9377858885838529,4.663057227616662e-06,0.05819031530160501,0.004019133057315115,25,10,20
34,4938,0.9358508331427874,4.672625492268365e-06,0.06012538940150949,0.004019104830211263,25,10,20
34,4939,0.9320181945249536,2.4838644865616563e-06,0.0639574322346477,0.004021889375912885,25,10,20
34,4940,0.934671914850005,2.501177897796439e-06,0.061319321336549354,0.004006262635548514,25,10,20
34,4941,0.9345088227023461,2.503547441545608e-06,0.06148237591826785,0.004006297831945073,25,10,20
34,4942,0.934244283728748,2.5084273700717983e-06,0.06174572881123899,0.004007479032643622,25,10,20
34,4943,0.9362745533788435,2.506844734681789e-06,0.05972071161920298,0.004002228157219562,25,10,20
34,4944,0.9361560511510344,2.5112320764627808e-06,0.05983923947321293,0.004002198143677032,25,10,20
34,4945,0.9363280810325779,2.5063742023415356e-06,0.05966839517927862,0.004001017413941932,25,10,20
34,4946,0.9359278673955866,2.506400501493807e-06,0.06006860876942573,0.004001017434486819,25,10,20
34,4947,0.9364649176040785,2.496606914632957e-06,0.05953149440359264,0.004001091385415023,25,10,20
34,4948,0.926754035301322,2.497357890381324e-06,0.0692423286972368,0.004001138643551574,25,10,20
34,4949,0.9261441388269658,2.5134450075700153e-06,0.06985074742813133,0.004002600299896073,25,10,20
34,4950,0.9119809661953191,2.5231338163654006e-06,0.0840139096783175,0.004002600992548096,25,10,20
34,4951,0.8987196897764106,2.5188730048639427e-06,0.09727482068118125,0.004002970669403795,25,10,20
34,4952,0.890089045985232,2.521421369473521e-06,0.1059053233522933,0.004003109241105893,25,10,20
34,4953,0.8886418424677204,2.596637427484703e-06,0.10734843175848383,0.004007129136368784,25,10,20
34,4954,0.9027874471087248,2.587193326361097e-06,0.09320282197581463,0.004007143722134554,25,10,20
34,4955,0.9199003557172216,2.5823830891141534e-06,0.08008189411545161,1.5167784238278768e-05,25,10,20
34,4956,0.9203219369663431,2.1747471839854867e-06,0.07966364486918648,1.2243417286912201e-05,25,10,20
34,4957,0.9316787703862033,3.424853910206689e-07,0.06830894779107291,1.193933733283261e-05,25,10,20
34,4958,0.944677290715362,3.4690074074462973e-07,0.05527957393224252,4.278845165491991e-05,25,10,20
34,4959,0.9504917031265905,3.4580804755350194e-07,0.04946871676255045,3.923430281169845e-05,25,10,20
34,4960,0.9545555655806675,2.776557995292627e-07,0.045408891592912844,3.5265170620223416e-05,25,10,20
34,4961,0.9547848765500794,2.808160275407983e-07,0.045179541697604894,3.53009362882465e-05,25,10,20
34,4962,0.9546485381429052,2.8266183458751624e-07,0.04531592071677238,3.52584784877902e-05,25,10,20
34,4963,0.9550822954135831,2.8062696693548335e-07,0.04488215128635403,3.5272673095815125e-05,25,10,20
34,4964,0.9161503295287655,2.8054052630653434e-07,0.08381382303212019,3.5566898587903784e-05,25,10,20
34,4965,0.9149633415529916,2.6120029439800764e-07,0.08500088743462733,3.5509812086783956e-05,25,10,20
34,4966,0.9149988741394118,2.6119512113325805e-07,0.08496537376286874,3.5490902598559533e-05,25,10,20
34,4967,0.9158828770231041,2.6111461351803624e-07,0.0840813645076643,3.549735461843615e-05,25,10,20
34,4968,0.9154992397597027,1.3230827982462043e-07,0.08446497287610066,3.565505591734206e-05,25,10,20
34,4969,0.9154608053311929,1.3231450022834017e-07,0.0845034016658896,3.566068841791114e-05,25,10,20
34,4970,0.9158893628474674,1.2856238711974554e-07,0.08407500211914137,3.550647100487477e-05,25,10,20
34,4971,0.9158381244709894,1.286769395879059e-07,0.08412624059558091,3.550625649056432e-05,25,10,20
34,4972,0.9270618242618629,1.292555751624589e-07,0.07290251100407967,3.5535478482250726e-05,25,10,20
34,4973,0.9274419210162452,1.2902812403664885e-07,0.0725224151267987,3.553482883207349e-05,25,10,20
34,4974,0.9274694022172103,1.276146924741477e-07,0.0724941273593054,3.6342808791843935e-05,25,10,20
34,4975,0.9277945898081973,1.2986702667588448e-07,0.07216899501640561,3.6285308370623316e-05,25,10,20
34,4976,0.9167993312402912,1.1149415021380995e-05,0.08310103850994369,8.848083474378347e-05,25,10,20
34,4977,0.9167644539200042,1.11888356010373e-05,0.08312536289062132,9.899435377348504e-05,25,10,20
34,4978,0.9128075076636241,1.1198581088388863e-05,0.08708295115046803,9.834260481975063e-05,25,10,20
34,4979,0.922046594249933,1.3370040079051195e-05,0.07784165432310541,9.838138688257962e-05,25,10,20
34,4980,0.9000646603985772,2.427045520653015e-06,0.09988757049622189,4.5342059680927186e-05,25,10,20
34,4981,0.9013850395253731,2.4318523485038187e-07,0.09855610650882324,5.861078056965575e-05,25,10,20
34,4982,0.9010161803884915,2.435735687803639e-07,0.0989249025765647,5.867346137580679e-05,25,10,20
34,4983,0.8972298976744436,2.390432881853859e-07,0.10271125906511834,5.860421715096437e-05,25,10,20
34,4984,0.8974595002190235,2.3075824261285987e-07,0.10248168860236412,5.858042037070486e-05,25,10,20
34,4985,0.8681067856239134,8.304228100956758e-07,0.13183343510091045,5.8948852366977325e-05,25,10,20
34,4986,0.9064948302612157,8.311860603382254e-07,0.0934455582415918,5.8780311132762684e-05,25,10,20
34,4987,0.9063321005584751,1.0542609429169701e-06,0.09360858449840792,5.82606821746154e-05,25,10,20
34,4988,0.9038189625292087,4.069972555578685e-06,0.09611046302158492,6.650447665131197e-05,25,10,20
34,4989,0.9004736038764747,6.656677128213984e-06,0.09945304573549513,6.669371090221064e-05,25,10,20
34,4990,0.9007321363412398,6.656502587588437e-06,0.09919449163690536,6.671551926756657e-05,25,10,20
34,4991,0.9022018537925655,6.6464521357037755e-06,0.09772478487260441,6.671488269465914e-05,25,10,20
34,4992,0.9017439057685508,6.649659894318494e-06,0.09817907014794354,7.037442361154134e-05,25,10,20
34,4993,0.9017542384502865,6.650202961726753e-06,0.0981686115085324,7.049983821954899e-05,25,10,20
34,4994,0.9020506244528846,6.6500461370807805e-06,0.09787223129290906,7.049420806931288e-05,25,10,20
34,4995,0.8757470952079983,6.669449084077287e-06,0.1241890198880646,5.7215454852858164e-05,25,10,20
34,4996,0.8678990431196906,6.70825098285743e-06,0.13203677872402117,5.746990530510835e-05,25,10,20
34,4997,0.8672345414963109,6.705822029975906e-06,0.13270135551188925,5.7397169769754644e-05,25,10,20
34,4998,0.8671898065312216,6.704641438763422e-06,0.13274609804437718,5.7390782962043145e-05,25,10,20
34,4999,0.8677685210068669,6.701281376176897e-06,0.13217104988788653,5.372782387001516e-05,25,10,20
34,5000,0.8968018944524035,6.100615840150713e-06,0.10313863712064915,5.336781110650751e-05,25,10,20
34,5001,0.8970154479917,6.116337476011091e-06,0.10292482122610347,5.3614444720117644e-05,25,10,20
34,5002,0.8963543000338842,6.150559233292241e-06,0.10358605266847393,5.3496738408106515e-05,25,10,20
34,5003,0.8955852151055714,6.1570566744855075e-06,0.10435501755888929,5.3610278864347165e-05,25,10,20
34,5004,0.9289060875402632,6.082061318452966e-06,0.07103440274748314,5.342765093483331e-05,25,10,20
34,5005,0.9288693641534463,6.082675388075568e-06,0.07107054869518266,5.400447598253304e-05,25,10,20
34,5006,0.9314564005728937,3.027531181019795e-06,0.06850532523471077,3.524666121429961e-05,25,10,20
34,5007,0.9315084449127133,3.0258684647070854e-06,0.06845328522434647,3.524399447523965e-05,25,10,20
34,5008,0.9297773922486511,3.0675906419424215e-06,0.07018488514564829,3.4655015058714766e-05,25,10,20
34,5009,0.9211349336381854,3.132129825842318e-06,0.0788258608048505,3.60734271382329e-05,25,10,20
34,5010,0.9071117375847209,3.122211958166003e-06,0.09284696214391683,3.817805940443606e-05,25,10,20
34,5011,0.9071015742019317,3.1222782529648434e-06,0.092857125136922,3.8178382893511554e-05,25,10,20
34,5012,0.9058631656480997,3.1326405050860528e-06,0.09409545113701116,3.825057438433188e-05,25,10,20
34,5013,0.907123256672245,3.111315322840502e-06,0.09283538543688039,3.824657555186769e-05,25,10,20
34,5014,0.8897200621322285,4.4852884931982715e-06,0.11023715225843882,3.830032083910513e-05,25,10,20
34,5015,0.8902567531753995,4.464011857023801e-06,0.1097005698476628,3.821296508038069e-05,25,10,20
34,5016,0.9053272029201032,4.464095450745269e-06,0.09463246824908404,3.586473536227951e-05,25,10,20
34,5017,0.8967591030348564,5.009487423204171e-06,0.10319698065683738,3.890682088281871e-05,25,10,20
34,5018,0.8970749029093745,5.00828833219246e-06,0.1028812568540726,3.883194822032325e-05,25,10,20
34,5019,0.8970090566074925,5.008300167671318e-06,0.10294708949019439,3.884560214491928e-05,25,10,20
34,5020,0.9144148861817599,3.634405281083167e-06,0.0855427091947715,3.877021818767345e-05,25,10,20
34,5021,0.9034712221559253,3.6270534438344466e-06,0.09648641129477102,3.873949586010206e-05,25,10,20
34,5022,0.9032362664572819,3.641512175946195e-06,0.09672134899548133,3.874303506108279e-05,25,10,20
34,5023,0.9060920039848943,1.0434530997978752e-06,0.09386772815929524,3.922440271107782e-05,25,10,20
34,5024,0.9154591381658467,9.440676204310716e-07,0.084502140890909,3.7776875624305755e-05,25,10,20
34,5025,0.9142153828607009,9.72100953187199e-07,0.08574581742654704,3.7827611799192615e-05,25,10,20
34,5026,0.9153401518615516,9.378258421982901e-07,0.08462113659707753,3.777371552897699e-05,25,10,20
34,5027,0.9226571943156326,9.15477765581307e-07,0.07730422729768152,3.766290892029833e-05,25,10,20
34,5028,0.9219918992530931,9.004637135861874e-07,0.07796957810369994,3.762217949351306e-05,25,10,20
34,5029,0.9122983465695331,1.0828821812549814e-06,0.08766291808449139,3.765246379434756e-05,25,10,20
34,5030,0.9122932301728697,1.0864603187367318e-06,0.08766887982161765,3.680354519370534e-05,25,10,20
34,5031,0.9121651009123348,1.0863727327882892e-06,0.08779701350860171,3.6799206330589066e-05,25,10,20
34,5032,0.9123297415032213,1.0836711648465469e-06,0.08763236325433889,3.681157127498011e-05,25,10,20
34,5033,0.9122498377002519,1.0814525585733168e-06,0.08771228273610245,3.679811108712431e-05,25,10,20
34,5034,0.91314896114248,1.1046511388968846e-06,0.08681176319296996,3.817101341129366e-05,25,10,20
34,5035,0.907116264125352,1.1566603997842237e-06,0.09284439845557876,3.818075866999766e-05,25,10,20
34,5036,0.9130289100858284,1.1048899349110577e-06,0.08693179247610631,3.819254813046864e-05,25,10,20
34,5037,0.9227682972191079,9.221533497422736e-07,0.07719261914038478,3.8161487157723405e-05,25,10,20
34,5038,0.9232753535868621,8.931512342997012e-07,0.0766855154795651,3.823778233861125e-05,25,10,20
34,5039,0.9229648474419944,8.966134718263531e-07,0.07699598752685052,3.826841768338259e-05,25,10,20
34,5040,0.9219743455316268,9.221245968490217e-07,0.07798638908625638,3.834325751997692e-05,25,10,20
34,5041,0.9220627442638615,9.25351273127171e-07,0.07789798306221192,3.834732265343664e-05,25,10,20
34,5042,0.9236823821216443,9.20440070540484e-07,0.07627912449635739,3.7572941927751304e-05,25,10,20
34,5043,0.9277473182252587,9.181060253547897e-07,0.07221224241101004,3.952125770591866e-05,25,10,20
34,5044,0.9226386676871671,9.946485657510491e-07,0.07732074781505745,3.958984920965582e-05,25,10,20
34,5045,0.921945635361348,9.947518479362614e-07,0.07801377583002911,3.959405677514238e-05,25,10,20
34,5046,0.9544973245829947,9.356292882792041e-07,0.045462413818198016,3.932596951890479e-05,25,10,20
34,5047,0.9531971860260646,9.629111559841896e-07,0.046446213426024056,0.0003556376367552226,25,10,20
34,5048,0.9537205214686866,9.326685300802373e-07,0.04609071401589181,0.00018783184689149976,25,10,20
34,5049,0.9536568052675465,9.328996373697387e-07,0.04615443181778103,0.0001878300150350048,25,10,20
34,5050,0.953867320731562,9.328279767119364e-07,0.04594391201397464,0.00018783442648644108,25,10,20
34,5051,0.9536612772935925,9.354957163386067e-07,0.046150929911748975,0.000186857298942093,25,10,20
34,5052,0.9539498029982296,9.354546572205275e-07,0.045862404748283556,0.0001868567988294099,25,10,20
34,5053,0.9396101292442317,1.2684172359010742e-06,0.06020171660709831,0.00018688573143436828,25,10,20
34,5054,0.939730520434999,1.2682855130830413e-06,0.0600813316810843,0.00018687959840384068,25,10,20
34,5055,0.9399276091045491,1.303367325334683e-06,0.059884232601341826,0.00018685492678396774,25,10,20
34,5056,0.9305725943476395,1.3143403053733258e-06,0.06923920097973188,0.0001868903323231574,25,10,20
34,5057,0.930721344624538,1.3125032181245693e-06,0.0690909192474161,0.00018642362482766014,25,10,20
34,5058,0.9330456282850609,1.3139551202357575e-06,0.06676662711050445,0.00018643064931421838,25,10,20
34,5059,0.9274633138773423,1.314122472514197e-06,0.07234893846933425,0.00018643353085085655,25,10,20
34,5060,0.9273370343605962,1.3140310237795723e-06,0.0724752171532194,0.00018643445516050604,25,10,20
34,5061,0.9226469681373772,1.3181499961296467e-06,0.07714969863980438,0.000202015072822265,25,10,20
34,5062,0.9326311210690319,7.64689341579127e-07,0.06716919617765205,0.00019891806397465773,25,10,20
34,5063,0.9331506592792437,5.26479567771151e-07,0.06665081085730751,0.00019800338388123448,25,10,20
34,5064,0.9333644379263016,5.21899989062236e-07,0.06643704271539157,0.00019799745831787684,25,10,20
34,5065,0.9359552969266176,1.8803292620253725e-07,0.06384648691496225,0.00019802812549410233,25,10,20
34,5066,0.9360361399813318,1.8744980117281266e-07,0.0637653780483982,0.00019829452046892315,25,10,20
34,5067,0.9267432318430214,3.0655799748221543e-07,0.0730580625857315,0.00019839901324982955,25,10,20
34,5068,0.9240022478295496,3.0673916224283856e-07,0.07579898744200579,0.0001984579892824513,25,10,20
34,5069,0.8867030459760321,1.0566850742325127e-06,0.1130974148343486,0.00019848250454491942,25,10,20
34,5070,0.895991657277557,9.376290997936142e-07,0.10380903410403466,0.0001983709893081426,25,10,20
34,5071,0.8953169563147287,9.373887863247825e-07,0.10448398407821896,0.00019812221826556373,25,10,20
34,5072,0.903796740922163,1.8119429664548584e-06,0.0960031521437939,0.00019829499107671257,25,10,20
34,5073,0.9046026349040158,1.8112363260158943e-06,0.09519738872685572,0.0001981651328030185,25,10,20
34,5074,0.9047376497824466,1.7971259291261455e-06,0.09506239667293638,0.00019815641868853044,25,10,20
34,5075,0.9055191253222945,1.7971220519453885e-06,0.09428096764847851,0.000198109907175617,25,10,20
34,5076,0.9053045344631563,1.7932023040004624e-06,0.09449557303620486,0.00019809929833529573,25,10,20
34,5077,0.9053023687344212,1.7940917786779795e-06,0.09449759906723262,0.0001982381065679414,25,10,20
34,5078,0.9262018437286802,1.0868373705998183e-06,0.07359885541674123,0.00019821401720814224,25,10,20
34,5079,0.9248180304058891,1.0851546760077346e-06,0.07498269261460008,0.00019819182483519815,25,10,20
34,5080,0.9251277910262903,1.0958203955994547e-06,0.07467290261512732,0.00019821053818698157,25,10,20
34,5081,0.9278242492737308,1.0970147122353289e-06,0.07196838284813013,0.0002062708634271196,25,10,20
34,5082,0.9397038740520773,1.0943473059891636e-06,0.06008884536721482,0.00020618623340189042,25,10,20
34,5083,0.9396993209778829,1.0944185228470017e-06,0.06009339390644171,0.00020619069715252714,25,10,20
34,5084,0.9385749098356695,1.1212737535169926e-06,0.06121773386372687,0.00020623502685042025,25,10,20
34,5085,0.9347144836909621,1.1761665350515287e-06,0.06507730248289689,0.00020703765960595786,25,10,20
34,5086,0.9344682863478514,1.1780826837708963e-06,0.06531551799286744,0.00021501757659753943,25,10,20
34,5087,0.9344185988840052,1.1781352154095518e-06,0.06536521103962001,0.00021501194115919063,25,10,20
34,5088,0.9394709740105582,1.101534900461259e-06,0.060312993253607505,0.00021493120093377162,25,10,20
34,5089,0.9298138082450399,1.6910469568455871e-06,0.06996957557383462,0.00021492513416871095,25,10,20
34,5090,0.9291059829101428,1.6915390083145737e-06,0.07067741577922221,0.00021490977162666306,25,10,20
34,5091,0.9393110627566744,1.0484422039087252e-06,0.06047300487515721,0.00021488392596408175,25,10,20
34,5092,0.9363785811962612,1.062687100340022e-06,0.06340539461774482,0.00021496149889377807,25,10,20
34,5093,0.9369129671915277,1.063232914518617e-06,0.06287099295230225,0.0002149766232553192,25,10,20
34,5094,0.9307537931244926,1.0687371230525668e-06,0.06903017688426799,0.00021496125411625032,25,10,20
34,5095,0.9336859501056264,1.0550923174418645e-06,0.06609801229432201,0.0002149825077339689,25,10,20
34,5096,0.9333507239973926,1.7084354792083277e-07,0.06643432776092606,0.0002147773981331541,25,10,20
34,5097,0.9333082434242772,1.7242329534603688e-07,0.06647659746645176,0.00021498668597565005,25,10,20
34,5098,0.9330691320386612,1.7701078537134174e-07,0.06672227455428406,0.0002084163962694606,25,10,20
34,5099,0.9342535516714368,1.7648425168783122e-07,0.06568638489427257,5.9886950038745924e-05,25,10,20
34,5100,0.9352774857979638,1.4998402845616493e-07,0.06466246545083862,5.989876716878189e-05,25,10,20
34,5101,0.9349933581604517,1.5232141580297665e-07,0.06494678228670557,5.970723142661227e-05,25,10,20
34,5102,0.9354534877177357,1.5223739305821595e-07,0.06448667044348481,5.968960138629357e-05,25,10,20
34,5103,0.9367862195554827,1.530121893180017e-07,0.06315341988808024,6.020754424773525e-05,25,10,20
34,5104,0.9369430368317779,1.4793092776073064e-07,0.06299661125620837,6.020398108583672e-05,25,10,20
34,5105,0.9365913785170216,1.599036824626602e-07,0.06334855460708173,5.990697221418819e-05,25,10,20
34,5106,0.9271316202515599,7.085100409454337e-07,0.07280482295544427,6.284828295493707e-05,25,10,20
34,5107,0.9270352537010634,6.977841866142976e-07,0.07290122653410229,6.282198064777162e-05,25,10,20
34,5108,0.9270726751737806,6.975180831600777e-07,0.07286382141037193,6.280589776460806e-05,25,10,20
34,5109,0.9253199355800615,7.406850613936181e-07,0.07461650120466087,6.282253021611357e-05,25,10,20
34,5110,0.9252532062858129,7.405596583924575e-07,0.0746832303726207,6.282278190795248e-05,25,10,20
34,5111,0.9205891929447353,7.421046228332447e-07,0.07934725595472258,6.280899591920325e-05,25,10,20
34,5112,0.9211703268259699,7.421881146252385e-07,0.07876612094734813,6.281003856702778e-05,25,10,20
34,5113,0.9206719990662794,7.596210925145365e-07,0.07926433839224718,6.290292038074922e-05,25,10,20
34,5114,0.9157046946390427,7.668765465817305e-07,0.0842316180639769,6.292042043341845e-05,25,10,20
34,5115,0.9158203267032667,7.67014749034748e-07,0.08411596912753821,6.293715444567681e-05,25,10,20
34,5116,0.9158297840075283,7.669680484101462e-07,0.08410652499583718,6.29240285858819e-05,25,10,20
34,5117,0.916287882366137,7.495279373834357e-07,0.08364853658373456,6.283152219083855e-05,25,10,20
34,5118,0.9158227004419806,7.505337171992364e-07,0.08411258727137108,6.396175293102121e-05,25,10,20
34,5119,0.915844825449956,7.486769484919115e-07,0.08409046620239248,6.395967070279279e-05,25,10,20
34,5120,0.9169810568382896,7.462313645609284e-07,0.08296923094404723,4.896598629872159e-05,25,10,20
34,5121,0.9168432776562194,7.462934861518877e-07,0.08310700357801312,4.897247228130879e-05,25,10,20
34,5122,0.9089721458888138,1.2131602727794679e-06,0.0909784388082636,4.820214264976139e-05,25,10,20
34,5123,0.9088872620954218,1.2119253128050526e-06,0.09106344808836508,4.807789090002976e-05,25,10,20
34,5124,0.908674536489731,1.2113087185761525e-06,0.09127626271282141,4.798948872899538e-05,25,10,20
34,5125,0.9087092826293819,1.2202629620443272e-06,0.09124170069358463,4.779641407121054e-05,25,10,20
34,5126,0.9086562278770522,1.2209241409008961e-06,0.09129466799991301,4.7883198893688495e-05,25,10,20
34,5127,0.9106284375874693,2.684442395160575e-06,0.08930639012263004,6.248784750553487e-05,25,10,20
34,5128,0.9100106854202933,2.8504311893965785e-06,0.08992315991979297,6.330422872451799e-05,25,10,20
34,5129,0.9101148216252137,2.85040931591679e-06,0.08981906052143777,6.326744403269778e-05,25,10,20
34,5130,0.8868043578061805,2.8569442643650748e-06,0.11312737044986708,6.54147996873694e-05,25,10,20
34,5131,0.8868430316263577,2.74479475386468e-06,0.1130895112731162,6.471230577171996e-05,25,10,20
34,5132,0.8958411224937461,2.737526956840608e-06,0.10412280122185816,3.333875743824721e-05,25,10,20
34,5133,0.8917905182431918,2.737295990914906e-06,0.10817534801310794,3.139644770873056e-05,25,10,20
34,5134,0.884440093272014,2.2163968921261455e-06,0.11552632134221538,3.136898887785151e-05,25,10,20
34,5135,0.8843787430302996,2.2210631242378937e-06,0.11558766799763719,3.136790893807808e-05,25,10,20
34,5136,0.8833952088800038,2.2214906444755524e-06,0.11657129018180142,3.1279447549589826e-05,25,10,20
34,5137,0.8836497926689136,2.2609965854798004e-06,0.11631663137505038,3.131495944982325e-05,25,10,20
34,5138,0.8837544606041857,2.2562755215723016e-06,0.11621197884768984,3.130427260203252e-05,25,10,20
34,5139,0.8837664028478642,2.2568244579027307e-06,0.11619998804800312,3.135227967425784e-05,25,10,20
34,5140,0.8839632158585607,2.259368821038219e-06,0.11600315014293267,3.1374629685158855e-05,25,10,20
34,5141,0.8833850211347027,2.278777888844067e-06,0.11657409228642061,3.860780098745782e-05,25,10,20
34,5142,0.8828764251135275,2.429587538863676e-06,0.11708405572370131,3.708957523225653e-05,25,10,20
34,5143,0.8830886731253724,2.3818297060437973e-06,0.1168719797272479,3.6965317673158364e-05,25,10,20
34,5144,0.8706231595051378,3.0263547241219715e-06,0.1293373775611463,3.6436578991592383e-05,25,10,20
34,5145,0.8713709113954223,2.8696547869011168e-06,0.128589798806654,3.642014313660433e-05,25,10,20
34,5146,0.8715672851200157,2.8680040013882997e-06,0.1283934270036207,3.641987236219219e-05,25,10,20
34,5147,0.8715235857413691,2.8731587403344994e-06,0.12844508073838504,2.84603615054017e-05,25,10,20
34,5148,0.8874799692925991,2.8329021653577403e-06,0.11248867597745889,2.8521827776447722e-05,25,10,20
34,5149,0.8875197488924426,2.8323376069053446e-06,0.11244894587671835,2.847289323188092e-05,25,10,20
34,5150,0.8875423804803537,2.8296537429369873e-06,0.11242634976724558,2.8440098657433086e-05,25,10,20
34,5151,0.8916357742217949,2.8258286316329275e-06,0.10833297593280014,2.8424016773160474e-05,25,10,20
34,5152,0.8905069192767869,2.8197241455879295e-06,0.10946185256007412,2.840843899301005e-05,25,10,20
34,5153,0.8906393637177527,2.8220429047409446e-06,0.10932937533365421,2.843890568778976e-05,25,10,20
34,5154,0.8908444507577988,2.8220180975468844e-06,0.10912369569163351,2.9031532469529992e-05,25,10,20
34,5155,0.906865799104393,2.1758431923406622e-06,0.09310304864964782,2.897640276640902e-05,25,10,20
34,5156,0.904947032998842,2.175720676208911e-06,0.09502183666412739,2.8954616354207277e-05,25,10,20
34,5157,0.9053687987530397,2.1656108206376565e-06,0.09460103488982684,2.800074631251707e-05,25,10,20
34,5158,0.909451259376522,1.2014164333759353e-06,0.0905340590723082,1.3480134736116334e-05,25,10,20
34,5159,0.9160741366865605,6.51820933665268e-07,0.08391452461490104,1.0686877604445367e-05,25,10,20
34,5160,0.9168538299554436,6.316653564664399e-07,0.08314217839563165,3.359983568082434e-06,25,10,20
34,5161,0.9160524264329062,6.316104760288165e-07,0.08394357984348186,3.3621131356222434e-06,25,10,20
34,5162,0.9180602497315168,2.165464321898669e-06,0.08193398065643018,3.604147730849534e-06,25,10,20
34,5163,0.9157615434567441,2.1870531136660773e-06,0.084232616048252,3.6534418899933353e-06,25,10,20
34,5164,0.9175123183821767,2.193300596299268e-06,0.08248181678049306,3.6715367336668484e-06,25,10,20
34,5165,0.93782641688592,2.195048316722756e-06,0.06216771073601954,3.6773297438638575e-06,25,10,20
34,5166,0.9475311354063736,2.1922264315739303e-06,0.05246296256195276,3.709805242093794e-06,25,10,20
34,5167,0.9481464029296329,2.3224498421906787e-06,0.051845213667618587,6.06095290610688e-06,25,10,20
34,5168,0.9470238898097979,2.51020111400025e-06,0.05296665147557324,6.948513514756626e-06,25,10,20
34,5169,0.9465195883875542,2.5102217061558247e-06,0.05347095361192867,6.947778810851035e-06,25,10,20
34,5170,0.9419430801344923,2.517538014476506e-06,0.05804742291098099,6.979416512296529e-06,25,10,20
34,5171,0.9454616648861467,2.0179849989366787e-06,0.05452941906656536,6.898062289048978e-06,25,10,20
34,5172,0.9445683305245354,1.9920851332222895e-06,0.055422808247083,6.869143248762268e-06,25,10,20
34,5173,0.9342908585280298,2.387547353771176e-06,0.0656999260255156,6.8278991008423395e-06,25,10,20
34,5174,0.9393533252869034,2.382121300319949e-06,0.06063745713759409,6.8354542021054324e-06,25,10,20
34,5175,0.940620348111328,2.3830904806862427e-06,0.059370250892431295,7.0179057599527e-06,25,10,20
34,5176,0.9391020300436549,2.787530646920381e-06,0.06088825374176388,6.928683934332798e-06,25,10,20
34,5177,0.9389990062119771,2.787633034932954e-06,0.06099127200457432,6.9341504138285685e-06,25,10,20
34,5178,0.9421581097052553,2.786009413760044e-06,0.057832332449118985,6.771836212183392e-06,25,10,20
34,5179,0.9408457775458976,2.79802141411073e-06,0.0591444996517341,6.9247809542200925e-06,25,10,20
34,5180,0.9406460027364054,2.8017578816012354e-06,0.059344263954845974,6.931550866699301e-06,25,10,20
34,5181,0.9411446952112812,2.8018027089563007e-06,0.05884556526540689,6.937720602963912e-06,25,10,20
34,5182,0.9081348920219827,4.040885203389111e-05,0.09181702722909774,7.671896885235576e-06,25,10,20
34,5183,0.8940481243434374,4.0431723515654994e-05,0.10575160752910183,0.00015983640394480665,25,10,20
34,5184,0.8893626529623216,4.0429532385611685e-05,0.11043710977826975,0.00015980772702289318,25,10,20
34,5185,0.8871261639954926,4.04865806078575e-05,0.11267352659287524,0.0001598228310244408,25,10,20
34,5186,0.8754135034160734,4.04991648776933e-05,0.12438615955882179,0.000159837860227717,25,10,20
34,5187,0.8857857551490431,4.010289450706742e-05,0.11400577078591859,0.00016837117053111796,25,10,20
34,5188,0.8876121114603205,4.008218871587148e-05,0.11217948150065467,0.00016832485030891437,25,10,20
34,5189,0.8884292844220474,4.0082112374805696e-05,0.11136231610248505,0.0001683173630932715,25,10,20
34,5190,0.8886164195204515,4.008469112275485e-05,0.1110970971744556,0.0002463986139709323,25,10,20
34,5191,0.8620658025655803,4.0150195220394266e-05,0.13764752671955244,0.0002465205196478121,25,10,20
34,5192,0.8617582601331819,4.0143957158737027e-05,0.13795507415788463,0.00024652175177559943,25,10,20
34,5193,0.8636327872297781,4.009063316406207e-05,0.13608013359111246,0.0002469885459461648,25,10,20
34,5194,0.8503551000097864,0.00018300897863720995,0.14837211615584855,0.0010897748557286415,25,10,20
34,5195,0.8857586379502908,0.0001453452896963313,0.11300699200069016,0.0010890247593232285,25,10,20
34,5196,0.8865603092417687,0.0001453452819799894,0.11220532257157034,0.0010890229046813518,25,10,20
34,5197,0.8814396068015609,0.0001453539439373967,0.11724640591759117,0.0011686333369115814,25,10,20
34,5198,0.8832783422705238,0.00014516593814289835,0.11540877040478215,0.0011677213865518767,25,10,20
34,5199,0.8826646694612169,0.0001451670006887436,0.1160224391546218,0.0011677243834733058,25,10,20
34,5200,0.8862315071064368,0.0001432291145444865,0.11245764939890476,0.0011676143801145438,25,10,20
34,5201,0.8859661564837985,0.00014325118490028874,0.1127233316629229,0.0011672606683789189,25,10,20
34,5202,0.8866348617577454,0.0001432253388573291,0.11205478079565567,0.0011671321077421628,25,10,20
34,5203,0.8871523018142905,0.00014321372359763434,0.11153750537990796,0.001166979082204288,25,10,20
34,5204,0.8828507575551897,0.0001432168465093502,0.11583886826266358,0.0011671573356375397,25,10,20
34,5205,0.8787187432113285,0.00014332169842674232,0.1192539698355367,0.0018839652547080483,25,10,20
34,5206,0.878915077783693,0.00014331786215873143,0.11905765141223391,0.001883952941914376,25,10,20
34,5207,0.9022217633425743,0.00014331133783504807,0.0957531188317427,0.0018818064878480631,25,10,20
34,5208,0.928758472173411,0.00014324583580892046,0.0692165985982995,0.0018816833924801398,25,10,20
34,5209,0.9282560278248154,0.00014324636995671072,0.06971904409896001,0.0018816817062674309,25,10,20
34,5210,0.9283677032781498,0.00014438114847738199,0.0696030955689899,0.001884820004382455,25,10,20
34,5211,0.933777834641366,0.00014437232908693777,0.06428110183801995,0.0017966911915268606,25,10,20
34,5212,0.9335176539119423,0.0001443727481120087,0.06454125198191461,0.0017967213580308181,25,10,20
34,5213,0.9245211802231955,0.00014438370265926282,0.07353766025470744,0.0017967758194373266,25,10,20
34,5214,0.9288372654585302,0.00014438048414145945,0.06922176382064156,0.0017965902366863405,25,10,20
34,5215,0.9287669570665982,0.00014437990578164357,0.0692920430401089,0.0017966199875110412,25,10,20
34,5216,0.9275868717809308,0.00014528060717244851,0.07046564542273963,0.001802202189156717,25,10,20
34,5217,0.927453704331636,0.00014528071122870022,0.07059878766844663,0.0018022272886885893,25,10,20
34,5218,0.9261738951230278,0.00014616539657010273,0.07187771190054894,0.0018022275798531243,25,10,20
34,5219,0.9266907331592061,0.00014616106391209782,0.07143893142659102,0.0017241743502904943,25,10,20
34,5220,0.9184970091595939,0.0001461803060550536,0.07963252310833019,0.0017242874260206857,25,10,20
34,5221,0.9185886480680397,0.00014618189530958252,0.0795409128389276,0.0017242571977228293,25,10,20
34,5222,0.9183386554956963,0.0001461811875278425,0.07979093673238848,0.0017242265843873034,25,10,20
34,5223,0.9181349573497636,0.0001461797678303316,0.07999390929963425,0.0017249535827715604,25,10,20
34,5224,0.918332015300529,0.00014604915772449572,0.07979928216476763,0.0017226533769786015,25,10,20
34,5225,0.9186904361139563,0.00014604301536795387,0.07944088442526685,0.0017226364454085248,25,10,20
34,5226,0.9174627658998407,0.0001462488891701149,0.08062063043125331,0.0017703547797357222,25,10,20
34,5227,0.9289779101838019,0.0001462337107428118,0.06910546084434364,0.0017703952611112144,25,10,20
34,5228,0.928661680439626,0.0001462337708593808,0.06942169048271965,0.0017703953067946334,25,10,20
34,5229,0.9364185682300519,0.0001462371458498769,0.061659742454214704,0.0017754521698831937,25,10,20
34,5230,0.9367602962868653,0.0001462362933650721,0.061318012155440436,0.001775455264328453,25,10,20
34,5231,0.9363603190101394,0.00014623538254814527,0.061717846329159824,0.0017755992781517916,25,10,20
34,5232,0.9354348899389328,0.00014631574652774007,0.0626431928736722,0.0017756014408664424,25,10,20
34,5233,0.9354190215538633,0.00014631616576499398,0.06265905521126724,0.001775607069103752,25,10,20
34,5234,0.9355986539342931,0.00014632032235279023,0.06248008072131611,0.0017749450220374394,25,10,20
34,5235,0.9251666331747641,0.00014634578631956633,0.07281272469383239,0.0018742963450833574,25,10,20
34,5236,0.9295737545705799,0.0001463393865437238,0.06840563922132128,0.0018742668215544144,25,10,20
34,5237,0.9387319606021672,0.00014623479103616297,0.059964337476941985,0.0011574671298543197,25,10,20
34,5238,0.9576196074625521,0.00014620393110795682,0.04117373890802882,0.001060449698310833,25,10,20
34,5239,0.9585822705973499,0.00014620462869558646,0.04021122270335666,0.0010603020705976763,25,10,20
34,5240,0.9587021727477257,0.00014612649220607581,0.04007781451936487,0.001073886240702908,25,10,20
34,5241,0.9586823146580994,0.00014612589538561468,0.04009398399449748,0.0010775754520171944,25,10,20
34,5242,0.971936547768285,3.2055003415974076e-06,0.02782564302657843,0.00023460370479478138,25,10,20
34,5243,0.9707630622228255,3.20951207391053e-06,0.028999120420342087,0.00023460784475838484,25,10,20
34,5244,0.9674024574303209,3.2162603240948923e-06,0.032341246457400726,0.00025307985195421564,25,10,20
34,5245,0.9686368422225571,2.3315244557248962e-06,0.031107688955746237,0.00025313729724102917,25,10,20
34,5246,0.9801531139872126,2.310218199568998e-06,0.019743453541683567,0.00010112225290411638,25,10,20
34,5247,0.9788480553707883,2.3046434805139212e-06,0.021050807312322256,9.883267340877051e-05,25,10,20
34,5248,0.9768681591052535,2.305033368798101e-06,0.023030406877791624,9.912898358565924e-05,25,10,20
34,5249,0.9776942689109134,1.156302830283893e-06,0.022207816645339048,9.675814091670811e-05,25,10,20
34,5250,0.9794735203375788,1.160922570545971e-06,0.02042850925563469,9.680948421551809e-05,25,10,20
34,5251,0.9796622262221214,1.1609014642455561e-06,0.020239809206667028,9.680366974696199e-05,25,10,20
34,5252,0.9795892052022538,1.161554999174815e-06,0.020312833436729422,9.679980601725386e-05,25,10,20
34,5253,0.9792949341544062,1.1648059754793264e-06,0.02060704078319228,9.68602564260376e-05,25,10,20
34,5254,0.9777235107887478,1.2167295628981925e-06,0.022178310814320267,9.696166736876893e-05,25,10,20
34,5255,0.9769451040707406,1.2136228726921679e-06,0.022956610195012973,9.707211137328232e-05,25,10,20
34,5256,0.9676786373179981,1.2606681771253392e-06,0.03222187984369686,9.822217012782754e-05,25,10,20
34,5257,0.9673281080158297,1.260694990249958e-06,0.03257240910576117,9.822218341858644e-05,25,10,20
34,5258,0.9690719011130885,1.263892050228526e-06,0.03082869713562838,9.813785923278842e-05,25,10,20
34,5259,0.9691926457030435,1.2635848536745504e-06,0.0307079553909016,9.813532120093934e-05,25,10,20
34,5260,0.9694872192221378,1.2635451114258516e-06,0.03041338056485008,9.813666790059376e-05,25,10,20
34,5261,0.9680490148111154,1.311841684284012e-06,0.03183128332934437,0.00011839001785558146,25,10,20
34,5262,0.9651553933351791,1.3206301655698782e-06,0.034724876280002114,0.0001184097546531661,25,10,20
34,5263,0.9638715317882468,1.3206435291528466e-06,0.036008735308333525,0.00011841225989038964,25,10,20
34,5264,0.9640239440127841,1.3203764659403133e-06,0.035860028137963476,0.00011470747278610432,25,10,20
34,5265,0.9636589907967307,1.3920391968799189e-06,0.03622485417799717,0.0001147629860747216,25,10,20
34,5266,0.9636166172577545,1.4050341389012624e-06,0.03626062910176782,0.00012134860633848279,25,10,20
34,5267,0.9559900906037284,1.4115857188332194e-06,0.04388713175789281,0.0001213660526596122,25,10,20
34,5268,0.9587670282348353,1.4028571463933203e-06,0.04111013631169362,0.00012143259632415912,25,10,20
34,5269,0.9589097205177768,1.4028017323911893e-06,0.0409674389055303,0.00012143777495985324,25,10,20
34,5270,0.9533213136464497,7.215975490996453e-06,0.04655075096589775,0.0001207194121607713,25,10,20
34,5271,0.954744378296428,7.177257912946005e-06,0.04512780915309486,0.00012063529256385441,25,10,20
34,5272,0.9566943548747169,6.276116602148436e-06,0.04318431514881036,0.00011505385987044862,25,10,20
34,5273,0.9520492312296811,6.703219913894408e-06,0.04782848112312566,0.00011558442727853366,25,10,20
34,5274,0.9521490235820345,6.697352120106946e-06,0.04772876549442664,0.00011551357141798083,25,10,20
34,5275,0.9514240204991096,7.408665301252438e-06,0.048452957209028716,0.00011561362655975537,25,10,20
34,5276,0.9490041288405641,7.413798294664718e-06,0.05088620559844999,0.0001022517626907732,25,10,20
34,5277,0.9494388608456181,7.341237853363956e-06,0.050451609392542986,0.0001021885239852014,25,10,20
34,5278,0.949621583731925,7.338108059646766e-06,0.05026890480162114,0.00010217335839388247,25,10,20
34,5279,0.9508582438300557,6.627886712648836e-06,0.04903310750933052,0.00010202077390059098,25,10,20
34,5280,0.9579313741200352,1.3452862240552683e-06,0.04196283120400425,0.00010444938973632558,25,10,20
34,5281,0.9408592807654176,1.3230356287815911e-06,0.05904013204147314,9.926415748004032e-05,25,10,20
34,5282,0.9402737165814731,1.3188278852866832e-06,0.05962580096039429,9.916363024711697e-05,25,10,20
34,5283,0.9407364835718579,1.3184698564260951e-06,0.05916393706096196,9.826089732324338e-05,25,10,20
34,5284,0.9384758413890476,3.0202593592282718e-06,0.061425099120133476,9.603923145912973e-05,25,10,20
34,5285,0.9382976666562208,3.0202718551248063e-06,0.06160326823060892,9.604484131454957e-05,25,10,20
34,5286,0.9382553893451224,3.0203439100045066e-06,0.061645545255683706,9.60450552833675e-05,25,10,20
34,5287,0.9418255496514136,3.012877199047508e-06,0.05807562047620226,9.581699518475138e-05,25,10,20
34,5288,0.9415866915200786,3.0112642695124204e-06,0.05831447885916802,9.581835648346686e-05,25,10,20
34,5289,0.9100195182990595,3.002283194156119e-06,0.0899019002275962,7.557919014976426e-05,25,10,20
34,5290,0.9100100897667296,3.0024803254902124e-06,0.08991138385304025,7.552389990359765e-05,25,10,20
34,5291,0.9417035684908606,2.965178202387124e-06,0.05821795146252459,7.551486841195127e-05,25,10,20
34,5292,0.9394875171487469,8.937780555641558e-06,0.060391726241495025,0.00011181882920177336,25,10,20
34,5293,0.9372537563526596,8.937742351700943e-06,0.0626253659190452,0.00011193998594295067,25,10,20
34,5294,0.9351514770195319,1.0892981867461656e-05,0.06472547067684176,0.00011215932175857708,25,10,20
34,5295,0.9360787589803882,1.0894558300990585e-05,0.06379660296562643,0.00011374349568417747,25,10,20
34,5296,0.9356914456889756,1.0939112017618962e-05,0.06418383935919465,0.00011377583981199345,25,10,20
34,5297,0.9444695540658598,1.0891539350474394e-05,0.055406928721164254,0.00011262567362518619,25,10,20
34,5298,0.9355142484748147,1.0920445192560036e-05,0.0643609974801883,0.00011383359980414643,25,10,20
34,5299,0.936752945560943,1.0925487199701357e-05,0.06312171823329013,0.00011441071856691091,25,10,20
34,5300,0.9362212057855664,1.0922493577478552e-05,0.06365422284877097,0.00011364887208485156,25,10,20
34,5301,0.9475086088836432,1.1012909206642528e-05,0.052366693772787125,0.00011368443436268692,25,10,20
34,5302,0.9393888037337474,1.1566878631335417e-05,0.06048467346074849,0.00011495592687224871,25,10,20
34,5303,0.9394375770351354,1.1567059242364452e-05,0.06043588625939272,0.00011496964622910073,25,10,20
34,5304,0.9392589796348554,1.1575888457806276e-05,0.060614477252760285,0.00011496722392625166,25,10,20
34,5305,0.9390403067549578,1.1565988560548139e-05,0.06083255453517598,0.00011557272130575626,25,10,20
34,5306,0.9331223815381452,1.1623940957960214e-05,0.06675042703939406,0.00011556748150239472,25,10,20
34,5307,0.9337588535515952,1.1623822838347357e-05,0.06611450069234913,0.00011502193321708952,25,10,20
34,5308,0.9449190607959879,1.1595121148943714e-05,0.05495565610439243,0.00011368797847075188,25,10,20
34,5309,0.9430659361916858,5.6261196209912156e-06,0.05685103318432631,7.740450436683559e-05,25,10,20
34,5310,0.9300650852656234,6.64903264125678e-06,0.06985075591868078,7.750978305401336e-05,25,10,20
34,5311,0.930613191248206,6.6483417715338505e-06,0.06930326354663954,7.689686338240121e-05,25,10,20
34,5312,0.9276785073073424,6.652114418099278e-06,0.07223766226985077,7.717830838799464e-05,25,10,20
34,5313,0.9276263023880402,6.6527520912768265e-06,0.07228981256595692,7.723229391105033e-05,25,10,20
34,5314,0.9273583171208916,6.652742493216626e-06,0.07255780726431738,7.722287229752409e-05,25,10,20
34,5315,0.9269004003411488,6.654484517565614e-06,0.0730156535593321,7.729161500100519e-05,25,10,20
34,5316,0.9338946005554568,6.5520201969123046e-06,0.06602157915410527,7.726827024057382e-05,25,10,20
34,5317,0.9401894986405783,6.461467650478893e-06,0.05972680817040761,7.723172136338238e-05,25,10,20
34,5318,0.9400053237192849,6.461440237420765e-06,0.05991103484323361,7.717999724387793e-05,25,10,20
34,5319,0.9373606809933663,6.469299362599476e-06,0.06255542926554943,7.742044172124671e-05,25,10,20
34,5320,0.944526087527392,6.462827480419503e-06,0.055390002518610364,7.744712651716777e-05,25,10,20
34,5321,0.9437651163168443,6.464480541374307e-06,0.05606401987467567,0.00016439932793828164,25,10,20
34,5322,0.945017998452175,6.258504174731853e-06,0.05485906305227327,0.00011667999137665264,25,10,20
34,5323,0.9475331642744763,6.261879539370231e-06,0.052342997601965466,0.00011757624401870214,25,10,20
34,5324,0.9463557119761166,6.824346051504294e-06,0.0535198910248996,0.00011757265293216594,25,10,20
34,5325,0.916003623363863,6.817868596769976e-06,0.08387304995168222,0.00011650881585758879,25,10,20
34,5326,0.9155929664952276,6.819223343102124e-06,0.0842836798979591,0.00011653438346965716,25,10,20
34,5327,0.9145938612818699,7.396049100806061e-06,0.08528120221380066,0.00011754045522771184,25,10,20
34,5328,0.9461124404094535,7.3981140748770225e-06,0.05376264208927831,0.0001175193871929746,25,10,20
34,5329,0.9465274263142662,6.854995542007403e-06,0.053348177983475714,0.000117540706715773,25,10,20
34,5330,0.9463015164621135,6.864709340498556e-06,0.053574080855381935,0.00011753797316379134,25,10,20
34,5331,0.9416500884689241,4.909673036754932e-06,0.058227661731416455,0.00011734012662213418,25,10,20
34,5332,0.9468269048139938,5.623013882950487e-06,0.0530500992013761,0.00011737297074700649,25,10,20
34,5333,0.94959212148124,5.045348788241161e-06,0.050286575715144784,0.0001162574548267518,25,10,20
34,5334,0.9470960274566328,5.039853956780948e-06,0.05278849134359498,0.00011044134581522084,25,10,20
34,5335,0.9490007860541247,5.0335908607403515e-06,0.0508896318572699,0.0001045484977445801,25,10,20
34,5336,0.9490401287673056,5.0340850670881735e-06,0.050827394210447165,0.00012744293718024545,25,10,20
34,5337,0.9507000063679989,5.033523647196183e-06,0.049180122716482894,0.00011483739187117167,25,10,20
34,5338,0.9486798182136195,5.034369108353526e-06,0.05120029846834913,0.00011484894892312813,25,10,20
34,5339,0.9488114204167912,5.034787044005088e-06,0.05106870088855369,0.00011484390761122447,25,10,20
34,5340,0.9518722147773014,2.8044098439195957e-06,0.048009396853397605,0.00011558395945736328,25,10,20
34,5341,0.9552011932698571,2.8796344444074744e-06,0.04468001953294081,0.00011590756275809967,25,10,20
34,5342,0.9564225281428588,2.8601834398815164e-06,0.043458795234963425,0.00011581643873826271,25,10,20
34,5343,0.956107128617159,2.8549571006791858e-06,0.04379765330805552,9.236311768520957e-05,25,10,20
34,5344,0.9690628314831432,1.8369698755288345e-06,0.03084252248262166,9.280906435994437e-05,25,10,20
34,5345,0.9739031652143797,1.4031895495182853e-06,0.02600351197938349,9.1919616687798e-05,25,10,20
34,5346,0.9766686520087695,1.3953422998287036e-06,0.023238271330528595,9.168131840243206e-05,25,10,20
34,5347,0.9770260025480182,2.0837444156018054e-06,0.02288038643307032,9.152727449629446e-05,25,10,20
34,5348,0.9664265589607334,2.082647164907655e-06,0.03348013452663874,9.122386546326723e-05,25,10,20
34,5349,0.9667537967953941,1.315572521820395e-06,0.03315385008148732,9.103755059704977e-05,25,10,20
34,5350,0.9665351997060209,1.3161089779710024e-06,0.033372432336436914,9.105184856443669e-05,25,10,20
34,5351,0.9656660037855146,7.730723046838394e-07,0.03424347633750398,8.974680467689261e-05,25,10,20
34,5352,0.9671763106461462,6.21613755178838e-08,0.032733899022676476,8.972816980190694e-05,25,10,20
34,5353,0.9658246244456222,5.465362952991777e-07,0.0340850005786855,8.982843939708935e-05,25,10,20
34,5354,0.9466830639008673,1.8105849932137364e-06,0.05322516887020446,8.995664393506296e-05,25,10,20
34,5355,0.9463018135943488,1.810328459258231e-06,0.05360635425748682,9.002181970492155e-05,25,10,20
34,5356,0.9515071261835718,1.80110821738941e-06,0.04840064450823157,9.042819997900088e-05,25,10,20
34,5357,0.9512543850899192,1.8056252943345327e-06,0.04865338048396848,9.042880081783087e-05,25,10,20
34,5358,0.9302598526623101,1.8063579150565283e-06,0.0696477340483585,9.060693141620304e-05,25,10,20
34,5359,0.929441775303992,1.8073111183699522e-06,0.0704658052243268,9.06121605629797e-05,25,10,20
34,5360,0.9224688891599652,0.001314244168346669,0.07599042024293365,0.00022644642875468718,25,10,20
34,5361,0.9225440572452981,0.0013142415821912614,0.0759152772221271,0.00022642395038380655,25,10,20
34,5362,0.9222586349415297,0.0013142644840549431,0.07620069459219682,0.0002264059822183114,25,10,20
34,5363,0.9225309346341423,0.0013142630568650784,0.07601532170750787,0.00013948060148468897,25,10,20
34,5364,0.9221702375908284,0.0013142659881780535,0.07637602314660732,0.00013947327438629825,25,10,20
34,5365,0.9222043461295903,0.0013142658341878891,0.07634191883781388,0.00013946919840780554,25,10,20
34,5366,0.9237775217408047,0.0013137810445560374,0.0747693368176116,0.00013936039702785354,25,10,20
34,5367,0.9273511126184224,0.0013137864955038022,0.07119603991276928,0.00013906097330474438,25,10,20
34,5368,0.910236960238947,0.0013137953217999888,0.0883101343129524,0.00013911012630093796,25,10,20
34,5369,0.9040459617879013,0.0013137881525463633,0.09450110427622298,0.0001391457833296006,25,10,20
34,5370,0.9018074061264355,0.001313946256375924,0.09673957412001108,0.00013907349717773006,25,10,20
34,5371,0.9015330984138203,0.0013139515833253104,0.09701386475141606,0.00013908525143869682,25,10,20
34,5372,0.9098307712011448,0.00131431815413183,0.08871580889819271,0.00013910174653077427,25,10,20
34,5373,0.9098437569200825,0.0013143182419364308,0.08870281382754733,0.0001391110104336965,25,10,20
34,5374,0.9186711409408295,0.0013139425934382504,0.07987586744941826,0.00013904901631387636,25,10,20
34,5375,0.9383579126526855,0.001312678129085671,0.06019052321878499,0.00013888599944383213,25,10,20
34,5376,0.9383457591670112,0.0013126834879991938,0.0602026730087998,0.0001388843361897222,25,10,20
34,5377,0.9377990748688775,0.0013126849339703704,0.0607492568681263,0.0001389833290257095,25,10,20
34,5378,0.9003489460100572,0.0013126817110718227,0.09820023186608734,0.00013814041278376691,25,10,20
34,5379,0.9008018036772713,0.0013126809424493296,0.09774744120492512,0.00013807417535444886,25,10,20
34,5380,0.9003079561645684,0.0013126810849386085,0.09824128888309405,0.000138073867398939,25,10,20
34,5381,0.9032549370977455,0.0013126735935001786,0.09529515082601253,0.00013723848274200607,25,10,20
34,5382,0.9097034042064744,2.365166660073911e-07,0.09029495787773936,1.4013991203406589e-06,25,10,20
34,5383,0.9085469643706763,2.3717985487054794e-07,0.09144689545729454,5.902992174589224e-06,25,10,20
34,5384,0.9097523907017556,2.3603222783575384e-07,0.09024597197086463,1.4012951522393796e-06,25,10,20
34,5385,0.9097005822762567,2.360882293751829e-07,0.0902977764488691,1.4051866451087955e-06,25,10,20
34,5386,0.9097574605595494,2.3632886163387544e-07,0.09024082893060915,1.4741809800909233e-06,25,10,20
34,5387,0.9084663330349244,3.809481798429691e-07,0.09153169611069631,1.589906199695364e-06,25,10,20
34,5388,0.9075401991646437,3.812809954003164e-07,0.0924574809800493,1.9385743117975383e-06,25,10,20
34,5389,0.9077087371063172,3.739728911296392e-07,0.09228911260902416,1.7763117677334001e-06,25,10,20
34,5390,0.9073115328950118,9.780845106836563e-07,0.09268574831272475,1.7407077530148377e-06,25,10,20
34,5391,0.9078352856911271,9.79965433012862e-07,0.09216199547153395,1.738871906040438e-06,25,10,20
34,5392,0.9093449442418607,2.3136372214291686e-07,0.0906531724461061,1.6519483110882808e-06,25,10,20
34,5393,0.9076169410846805,2.6927753959780474e-06,0.09237857312383461,1.7930160890728167e-06,25,10,20
34,5394,0.9078748111985985,2.6852515493357993e-06,0.0921205016980974,2.001851754907156e-06,25,10,20
34,5395,0.9102042807769516,2.4956065123032084e-06,0.08979082625016088,2.3973663753743854e-06,25,10,20
34,5396,0.9330470178772398,2.7349645223655527e-06,0.06694675342634737,3.4937318903127597e-06,25,10,20
34,5397,0.9290666756486772,2.73448737081989e-06,0.07092719151193841,3.3983520132194796e-06,25,10,20
34,5398,0.9265522942413973,2.786096523990962e-06,0.0734414721542357,3.447507842779681e-06,25,10,20
34,5399,0.9268095877792315,2.781148885525505e-06,0.07318474085171307,2.8902201698463224e-06,25,10,20
34,5400,0.9266191979308804,5.076998224035388e-07,0.0733772274522202,3.0669170769607796e-06,25,10,20
34,5401,0.9170392450248331,5.143526968435662e-07,0.08295716483606527,3.0757864049277523e-06,25,10,20
34,5402,0.9495358569076419,5.37248513742704e-07,0.05046060611631442,2.9997275301550197e-06,25,10,20
34,5403,0.9230527748808978,5.36922220888381e-07,0.07694358546296111,3.1027339205609583e-06,25,10,20
34,5404,0.8986954161765779,7.638940237183544e-06,0.10129381583044327,3.1290527412593427e-06,25,10,20
34,5405,0.8953595508929287,7.638519705300278e-06,0.10462989849924816,2.912088117786007e-06,25,10,20
34,5406,0.8970680920761609,7.637734020847115e-06,0.10292136131005504,2.9088797628722096e-06,25,10,20
34,5407,0.8962356030999709,7.651580033709663e-06,0.10375057576425568,6.169555739483601e-06,25,10,20
34,5408,0.8968231013662715,7.647002442837655e-06,0.10316308738330171,6.164247983820822e-06,25,10,20
34,5409,0.8748311733098499,8.182134087969947e-06,0.12515437283136177,6.271724699863711e-06,25,10,20
34,5410,0.897124163582658,7.646894653401375e-06,0.10286202499674375,6.164525944645566e-06,25,10,20
34,5411,0.8816952052176419,7.643568904030157e-06,0.11829137788507121,5.773328382348386e-06,25,10,20
34,5412,0.8833283071141629,7.975252382268073e-06,0.11665793335482119,5.78427863295555e-06,25,10,20
34,5413,0.8845162435136874,7.97370053267203e-06,0.11547041520637727,5.367579402085685e-06,25,10,20
34,5414,0.8809497851404439,8.600134461352857e-06,0.11903558779965762,6.026925436517066e-06,25,10,20
34,5415,0.8804231216318767,8.606231735530749e-06,0.11956076020025504,7.511936131943231e-06,25,10,20
34,5416,0.8841252289374987,7.980304113866818e-06,0.1158594701882551,7.320570131598946e-06,25,10,20
34,5417,0.881454915973545,8.057458310755742e-06,0.11852943420121241,7.592366931203964e-06,25,10,20
34,5418,0.8781412372798333,8.062108594524864e-06,0.12184242264876585,8.277962805684838e-06,25,10,20
34,5419,0.8784682119602648,8.05073751618538e-06,0.12151847453032497,5.262771893443744e-06,25,10,20
34,5420,0.8776226025967483,8.052648493807973e-06,0.12235027205379433,1.9072700963042313e-05,25,10,20
34,5421,0.8932619317512667,8.05215315893106e-06,0.10671094802237707,1.9068073197285707e-05,25,10,20
34,5422,0.8937446833118731,8.05382142062788e-06,0.10622814260974174,1.912025696451884e-05,25,10,20
34,5423,0.8946171489390821,7.670450891308588e-06,0.10535612453398763,1.905607603882298e-05,25,10,20
34,5424,0.8945258056619135,7.670366420102764e-06,0.10544747383208154,1.9050139584791993e-05,25,10,20
34,5425,0.9141157776912986,7.66973921689111e-06,0.08585711053979786,1.9442029687025144e-05,25,10,20
34,5426,0.9135667653973979,7.673736315819398e-06,0.08640607141022111,1.9489456065276306e-05,25,10,20
34,5427,0.9134353055030126,7.676482414343294e-06,0.08653751185596442,1.9506158608767626e-05,25,10,20
34,5428,0.9133992268196868,7.677010695025575e-06,0.08657358898109183,1.950718852644002e-05,25,10,20
34,5429,0.9337992069929462,8.095892576280847e-07,0.06617941971307689,2.056370471933825e-05,25,10,20
34,5430,0.938322959032424,8.093625285938011e-07,0.061655669642851005,2.0561962196435716e-05,25,10,20
34,5431,0.9360418335445531,8.068976813206107e-07,0.06393745889575825,1.9900662007229643e-05,25,10,20
34,5432,0.9361381882040982,8.069256585843224e-07,0.06384107596364279,1.9928906600352797e-05,25,10,20
34,5433,0.9350992293216818,8.055636892046175e-07,0.0648801340739473,1.983104068149325e-05,25,10,20
34,5434,0.934991963604851,8.05498077279698e-07,0.06498741170430357,1.981919276787551e-05,25,10,20
34,5435,0.9355333314579591,8.475705586294616e-07,0.06444597379701737,1.9847174464674846e-05,25,10,20
34,5436,0.9322821614035263,9.588374850945936e-07,0.06769703262190298,1.9847137085463456e-05,25,10,20
34,5437,0.9319210533329015,1.0910620369552231e-06,0.06805804345437587,1.9812150685508704e-05,25,10,20
34,5438,0.9451292772612147,1.090285958410478e-06,0.05485035315612909,1.92792966979996e-05,25,10,20
34,5439,0.9444456374348031,1.107510226729244e-06,0.05553386160567488,1.9393449295269997e-05,25,10,20
34,5440,0.9358550082739095,1.1109045136855313e-06,0.06412571242119275,1.816840038408742e-05,25,10,20
34,5441,0.8992284753001928,1.1114013687483896e-06,0.10075214328581719,1.8270012621111055e-05,25,10,20
34,5442,0.9022298023647256,1.0006574357322779e-06,0.09775093577347534,1.8261204363060363e-05,25,10,20
34,5443,0.9022411766530581,9.967687143739347e-07,0.09773897871553132,1.8847862695925596e-05,25,10,20
34,5444,0.9021354291003082,9.96840310584258e-07,0.09784469828678001,1.8875772601095152e-05,25,10,20
34,5445,0.901873576732434,1.0039016867625651e-06,0.09810119294088171,2.422642499750927e-05,25,10,20
34,5446,0.903062210647733,1.0604596640495356e-06,0.09691181971881659,2.490917378624115e-05,25,10,20
34,5447,0.905821323618515,9.834125782157235e-07,0.09415305367892798,2.4639289978884145e-05,25,10,20
34,5448,0.9062907106146173,8.492706690981053e-07,0.09368380853397046,2.463158074302511e-05,25,10,20
34,5449,0.8848954260704981,8.491442083428763e-07,0.11507522464309196,2.850014220072117e-05,25,10,20
34,5450,0.8882732556661979,8.487713056852784e-07,0.11169680537805467,2.9090184441196038e-05,25,10,20
34,5451,0.8880387874222742,8.504647056746882e-07,0.11193126233010232,2.9099782917796817e-05,25,10,20
34,5452,0.8625561215746069,8.872100971762413e-07,0.13741371922165102,2.9271993644772922e-05,25,10,20
34,5453,0.8617406064380327,9.952010333863845e-07,0.13822930472509365,2.9093635840062708e-05,25,10,20
34,5454,0.882993248899458,9.958317156722323e-07,0.11698052474770762,2.523052111860082e-05,25,10,20
34,5455,0.8922026906315531,7.573072316374744e-07,0.10773762758051289,5.89244807018663e-05,25,10,20
34,5456,0.8902369340270159,8.146159669175195e-07,0.10970327348634083,5.897787067600034e-05,25,10,20
34,5457,0.8903434947541367,8.145447898364039e-07,0.10959674064090058,5.895006017250587e-05,25,10,20
34,5458,0.8900895915694317,8.22519671930217e-07,0.10985060346050358,5.898245039218846e-05,25,10,20
34,5459,0.8952049885553116,8.000296918911278e-07,0.10473526841760684,5.894299738891006e-05,25,10,20
34,5460,0.8949890827165369,8.00917635061567e-07,0.10495109813853096,5.901822729643503e-05,25,10,20
34,5461,0.8880789205781493,9.42753625205979e-07,0.11186112011116162,5.9016557063591624e-05,25,10,20
34,5462,0.8861535482772079,1.0316909810969868e-06,0.11378623679893925,5.918323287142171e-05,25,10,20
34,5463,0.8862658626120604,1.0309790496057633e-06,0.11367395947564576,5.914693324390376e-05,25,10,20
34,5464,0.8895598769869504,8.638788654740938e-07,0.11038022514975347,5.903398443041058e-05,25,10,20
34,5465,0.8829696038534094,8.648684551650589e-07,0.11697425484248627,5.527643564894325e-05,25,10,20
34,5466,0.883037732848197,8.638388322462553e-07,0.11690659221887077,5.4811094099475087e-05,25,10,20
34,5467,0.8825793267773375,8.618455217223277e-07,0.11739995871700375,1.9852660136853817e-05,25,10,20
34,5468,0.8781734339563531,1.1146385990328607e-06,0.11865301999044528,0.0031724314146024256,25,10,20
34,5469,0.882507145848636,8.604773975303019e-07,0.11747215041056924,1.9843263396988925e-05,25,10,20
34,5470,0.879227578103336,8.481741429634457e-07,0.12075058223533577,2.099148718477225e-05,25,10,20
34,5471,0.8761862181719547,8.543400618668746e-07,0.12379192268786124,2.1004800121778665e-05,25,10,20
34,5472,0.8822567438905256,1.108203060644595e-06,0.11772332873344588,1.8819172967427525e-05,25,10,20
34,5473,0.9062964613419922,1.0829533348522852e-06,0.09368373604866424,1.87196560078765e-05,25,10,20
34,5474,0.9068791503725344,1.0841688969606982e-06,0.09310096225195144,1.8803206616557437e-05,25,10,20
34,5475,0.9106917572422969,1.0664088885587524e-06,0.08928292258074165,2.4253768072420413e-05,25,10,20
34,5476,0.9031971581034999,1.0725803428127734e-06,0.09677751225859725,2.4257057559307264e-05,25,10,20
34,5477,0.9403519368150605,1.0721601793109002e-06,0.05962282107834598,2.416994641377025e-05,25,10,20
34,5478,0.9406616989680454,1.0641412718103782e-06,0.059313099275473,2.4137615209026954e-05,25,10,20
34,5479,0.9450374311806645,1.0766205563893368e-06,0.05493735821828544,2.4133980493204827e-05,25,10,20
34,5480,0.9450397874379438,1.076617789441294e-06,0.05493500162459863,2.413431966769525e-05,25,10,20
34,5481,0.9508643509051963,1.0750345921077727e-06,0.04911046295215758,2.4111108053811057e-05,25,10,20
34,5482,0.9607435344057338,1.0656963335652807e-06,0.039231202547048795,2.4197350883526223e-05,25,10,20
34,5483,0.9607435607675536,1.0656949297431991e-06,0.03923117650771558,2.419702980092449e-05,25,10,20
34,5484,0.9647006959759189,1.0219688630861375e-06,0.03528042675433387,1.785530088408377e-05,25,10,20
34,5485,0.9646749913774972,1.021902407239336e-06,0.03530672797849694,1.725874159821239e-05,25,10,20
34,5486,0.9643459487202343,1.4532308494874201e-06,0.03563514367995236,1.7454368963301937e-05,25,10,20
34,5487,0.9598161348574292,1.6019493357522656e-06,0.040164849115273266,1.7414077961382395e-05,25,10,20
34,5488,0.9597397210242774,1.6063969577671762e-06,0.040241258173842116,1.741440492245297e-05,25,10,20
34,5489,0.9598964488308236,1.6056825899312782e-06,0.040084526008424985,1.7419478160976214e-05,25,10,20
34,5490,0.9627725859597146,1.4579812036845182e-06,0.037208787011252194,1.716904782953562e-05,25,10,20
34,5491,0.9588035239949565,1.459511669862697e-06,0.041177843093978164,1.7173399395178368e-05,25,10,20
34,5492,0.9611771450621339,1.4625008234860128e-06,0.0388042281800294,1.7164257013298973e-05,25,10,20
34,5493,0.9598551566734844,2.064610593503654e-06,0.040125595699388984,1.7183016533167947e-05,25,10,20
34,5494,0.9609761395125253,2.05299493315236e-06,0.03900468270089069,1.712479165106668e-05,25,10,20
34,5495,0.956481397029914,2.1171690623536727e-06,0.04350472623450508,1.1759566518345868e-05,25,10,20
34,5496,0.9618755827137052,2.0510790439985007e-06,0.038119051843713433,3.3143635374529824e-06,25,10,20
34,5497,0.9511142506039275,2.0486036427571336e-06,0.048880422347477526,3.27844495215664e-06,25,10,20
34,5498,0.9531708773007717,2.031544740954206e-06,0.046823807196611604,3.2839578754731306e-06,25,10,20
34,5499,0.963495299132295,2.0546243717376062e-06,0.03649919408928831,3.452154044765867e-06,25,10,20
34,5500,0.9637965527636968,2.0530265260002418e-06,0.03619794998502778,3.444224749352487e-06,25,10,20
34,5501,0.9676199616031624,2.053047782596444e-06,0.0323757802082557,2.205140799021421e-06,25,10,20
34,5502,0.9673032395186965,2.078984313492581e-06,0.032686435208867895,8.246288121926703e-06,25,10,20
34,5503,0.9679382522516699,2.0706509302723444e-06,0.032045816823014925,1.3860274384704554e-05,25,10,20
34,5504,0.9720032827434119,1.8354913388249976e-06,0.027982106236400336,1.2775528848904236e-05,25,10,20
34,5505,0.9760675583616845,1.8340161520423098e-06,0.023917830940546038,1.2776681617200002e-05,25,10,20
34,5506,0.9751185120112038,1.8333928077783953e-06,0.02486687758050879,1.2777015479234986e-05,25,10,20
34,5507,0.9751272263465637,1.833386721131045e-06,0.02485816694267984,1.2773324035227942e-05,25,10,20
34,5508,0.9685536991964053,1.5504553770409844e-05,0.03141653012287828,1.4266126945905336e-05,25,10,20
34,5509,0.9640653377101057,1.5656460689721753e-05,0.03590471994270383,1.4285886500769487e-05,25,10,20
34,5510,0.9638262501608394,1.5657121659719512e-05,0.03614366604078372,1.4426676716895997e-05,25,10,20
34,5511,0.9616858184864799,1.5633566638305092e-05,0.03828387614204304,1.467180483864839e-05,25,10,20
34,5512,0.9666911734888382,1.5569491645325992e-05,0.03327818317648728,1.507384302911526e-05,25,10,20
34,5513,0.9662470972920636,1.5569068280013265e-05,0.03372236644960639,1.496719004980876e-05,25,10,20
34,5514,0.9667276427795364,1.513745040183136e-05,0.033242436049046586,1.4783721015047718e-05,25,10,20
34,5515,0.9673289929064339,1.5260908475115224e-05,0.03264096790896853,1.4778276122366637e-05,25,10,20
34,5516,0.9658408372713808,1.526109400602288e-05,0.03412908066061926,1.4820973993684319e-05,25,10,20
34,5517,0.9705689517317103,1.5111496217327207e-05,0.029401124207643455,1.4812564428678163e-05,25,10,20
34,5518,0.9707591779499637,1.5106764240739714e-05,0.029210910381110636,1.4804904684641915e-05,25,10,20
34,5519,0.9707750241585102,1.5106707462999764e-05,0.029195079049392763,1.4790084633497839e-05,25,10,20
34,5520,0.9592933323966497,4.040636058440323e-05,0.04065164276261655,1.461848014883241e-05,25,10,20
34,5521,0.9717494792092737,1.5082223402826424e-05,0.02822082637535324,1.4612191970082581e-05,25,10,20
34,5522,0.9755555199808676,1.4956581197498613e-05,0.024415152435379298,1.4371002555368237e-05,25,10,20
34,5523,0.9776962387268346,1.4825582890886802e-05,0.022274758209122583,1.417748115159642e-05,25,10,20
34,5524,0.9770867333585119,1.4825570556263713e-05,0.02288425437387297,1.4186697058586543e-05,25,10,20
34,5525,0.9771127511221684,1.4828050516813485e-05,0.022858240673704237,1.4180153610210707e-05,25,10,20
34,5526,0.9773979706851779,1.4826707325353809e-05,0.022578648175983203,8.554431513248563e-06,25,10,20
34,5527,0.9704258096542588,1.4827902128357865e-05,0.02955069277827931,8.669665333344304e-06,25,10,20
34,5528,0.9739088567514735,1.482567323100512e-05,0.02606761022157422,8.707353721059404e-06,25,10,20
34,5529,0.9737357636004199,1.4831627454095345e-05,0.026240467122743926,8.937649381619893e-06,25,10,20
34,5530,0.9799637352637689,1.163628360925073e-06,0.02002763570849568,7.465399374411234e-06,25,10,20
34,5531,0.9786275122407042,1.1717850486919034e-06,0.021195495862324557,0.00017582011192215834,25,10,20
34,5532,0.9794229947428954,9.084096500023548e-07,0.020400288637200704,0.00017580821025375455,25,10,20
34,5533,0.9787041992120024,7.863323164739516e-07,0.021119068610282708,0.00017594584539823188,25,10,20
34,5534,0.9798305751593116,1.8300653858096482e-07,0.01999340572776603,0.00017583610638357747,25,10,20
34,5535,0.9802356119096995,2.1597318963346007e-07,0.019587185006959926,0.00017698711015056259,25,10,20
34,5536,0.9764787289173682,2.1559851156008177e-07,0.023343851042094507,0.00017720444202535838,25,10,20
34,5537,0.9764744149128154,2.1559812631476068e-07,0.02334816514744402,0.00017720434161415675,25,10,20
34,5538,0.9756683511857835,2.1860215198220988e-07,0.024154218579822292,0.000177211632242235,25,10,20
34,5539,0.9763505118034081,2.1898242602960987e-07,0.023471743462439854,0.00017752575172583915,25,10,20
34,5540,0.9797310861154094,3.597948031475911e-07,0.02009007453859949,0.0001784795511878125,25,10,20
34,5541,0.9795490748000176,3.598055259491789e-07,0.02027208676811619,0.00017847862634034283,25,10,20
34,5542,0.9786727200203736,3.604786912942989e-07,0.021141460408666143,0.000185459092269063,25,10,20
34,5543,0.9779234530926786,3.717225582794014e-07,0.021890893055262525,0.00018528212950044126,25,10,20
34,5544,0.9776912751904107,3.7313249041033245e-07,0.022123063517317184,0.00018528815978161178,25,10,20
34,5545,0.9776468443704335,3.7079293782328105e-07,0.022167497234348285,0.00018528760228045185,25,10,20
34,5546,0.9789650186936893,3.3071211131409936e-07,0.020716457692027342,0.0003181929021720352,25,10,20
34,5547,0.982966517489879,3.469949712187117e-07,0.016715161479266456,0.00031797403588342037,25,10,20
34,5548,0.9822404838197607,4.0249004079597236e-07,0.017609334190380223,0.00014977949981820167,25,10,20
34,5549,0.9821273446054463,4.0265788311523156e-07,0.01772247264395104,0.0001497800927196423,25,10,20
34,5550,0.9818744614608167,3.837874008145766e-07,0.017975387727898105,0.00014976702388435996,25,10,20
34,5551,0.9822288051970502,3.8362242622608014e-07,0.01762105549116469,0.00014975568935879997,25,10,20
34,5552,0.9793399760976604,3.879477326156688e-07,0.020509338723037326,0.00015029723156988713,25,10,20
34,5553,0.9801033267500605,3.716963967080274e-07,0.019745594119535533,0.00015070743400730897,25,10,20
34,5554,0.9808303902029749,3.3325208613701287e-07,0.0191518807514409,1.7395793497934343e-05,25,10,20
34,5555,0.9762895625223461,3.382155820408196e-07,0.02369269314800731,1.7406114064673182e-05,25,10,20
34,5556,0.9796300000653013,3.3388350716487246e-07,0.02035280183765561,1.6864213535876776e-05,25,10,20
34,5557,0.981006262565447,3.3370057710887773e-07,0.018976556016302885,1.684771767295609e-05,25,10,20
34,5558,0.9830576017257866,2.7005277419980577e-07,0.01692543473944523,1.669348199422444e-05,25,10,20
34,5559,0.9830445148694256,2.7358599891436263e-07,0.016937495591494583,1.7715953080850012e-05,25,10,20
34,5560,0.9803459848772362,7.519937767043579e-07,0.019634129268315075,1.9133860671874798e-05,25,10,20
34,5561,0.9804117133868598,7.509647904360745e-07,0.01956883792855413,1.86977197955026e-05,25,10,20
34,5562,0.9804512563286942,7.512583363756883e-07,0.019529297620785483,1.869479218411414e-05,25,10,20
34,5563,0.9804779469394268,7.512511881952278e-07,0.019502634435870286,1.8667373515022462e-05,25,10,20
34,5564,0.9805753682041737,6.78200763742904e-07,0.01940597851565487,1.797507940794601e-05,25,10,20
34,5565,0.9732611755185496,8.07625334261441e-07,0.026718548944864626,1.9467911251897665e-05,25,10,20
34,5566,0.973363187930282,8.353157872414864e-07,0.02662448592629588,1.1490827635365605e-05,25,10,20
34,5567,0.9719124475900588,8.680624653363337e-07,0.028075156007380846,1.1528340095659526e-05,25,10,20
34,5568,0.971867116614826,8.678177566715232e-07,0.028120493066093544,1.1522501324207303e-05,25,10,20
34,5569,0.9715517884193443,1.0866872391209052e-06,0.028434556449139094,1.2568444277928598e-05,25,10,20
34,5570,0.9714259489720811,1.0871547030145764e-06,0.02856087330013836,1.209057307806044e-05,25,10,20
34,5571,0.9571546383533271,1.2333755503010183e-06,0.0428319334547797,1.2194816343382628e-05,25,10,20
34,5572,0.9564571100895671,1.234339088559823e-06,0.04352951242329863,1.2143148045838931e-05,25,10,20
34,5573,0.9561746188822303,1.209322178713783e-06,0.04381784720867393,6.324586917064541e-06,25,10,20
34,5574,0.9579168684333204,1.2083546907395113e-06,0.042075787838355326,6.13537363343376e-06,25,10,20
34,5575,0.9571405105841692,1.2084621967918583e-06,0.04285214964036338,6.131313270656111e-06,25,10,20
34,5576,0.9389765585469035,1.2085427895226209e-06,0.06101611454559808,6.118364709059257e-06,25,10,20
34,5577,0.9385985305809598,1.2099902638796962e-06,0.06139352711106824,6.732317708184214e-06,25,10,20
34,5578,0.9151977232327573,1.2441154864703088e-06,0.0847941701242915,6.862527463391457e-06,25,10,20
34,5579,0.9161261993952624,1.242593706070045e-06,0.08386632301093576,6.235000094573945e-06,25,10,20
34,5580,0.9162887016126351,1.2428285893774663e-06,0.08370381891541405,6.236643360325844e-06,25,10,20
34,5581,0.9196888126651669,1.10849284494502e-06,0.08030494073421515,5.138107773015119e-06,25,10,20
34,5582,0.920232776715261,1.08122864512592e-06,0.07975760445878591,8.537597307560902e-06,25,10,20
34,5583,0.9204620141618753,1.0823575281144177e-06,0.07952835456616136,8.548914434618454e-06,25,10,20
34,5584,0.9205187457346556,1.082470554103969e-06,0.07947161559254243,8.556202247098538e-06,25,10,20
34,5585,0.9198300935737674,1.082832838860163e-06,0.08016024942958985,8.57416380375539e-06,25,10,20
34,5586,0.9331793389846496,1.5167769741413693e-06,0.06680775811103383,1.1386127342327402e-05,25,10,20
34,5587,0.9332375416720504,1.5168152827406157e-06,0.06674956219568917,1.1379316977594245e-05,25,10,20
34,5588,0.9231547475187107,1.8131669643101486e-06,0.07681000857116377,3.34307431608815e-05,25,10,20
34,5589,0.9231519619651855,1.8557949261875444e-06,0.07681271073809338,3.3471501794793284e-05,25,10,20
34,5590,0.9216973794482018,1.4285379635166851e-06,0.07827066945961496,3.052255421953062e-05,25,10,20
34,5591,0.9217740877213069,1.424088679744131e-06,0.07819396608349635,3.052210651690723e-05,25,10,20
34,5592,0.9218479053949393,1.42144923299248e-06,0.07812016139805329,3.0511757774869054e-05,25,10,20
34,5593,0.9219347580368226,1.4213628601249986e-06,0.07803330496506092,3.0515635256655756e-05,25,10,20
34,5594,0.9237276798808817,9.461148377874088e-07,0.07617549669893482,9.587730534616136e-05,25,10,20
34,5595,0.9234121234486388,1.0017473434497753e-06,0.07648727783378217,9.959697023604613e-05,25,10,20
34,5596,0.9209634025471949,1.0442076417128477e-06,0.0789349589020806,0.0001005943430833691,25,10,20
34,5597,0.9186515128648213,1.0420002015624635e-06,0.0813133888733612,3.4056261616234014e-05,25,10,20
34,5598,0.90610177263485,1.080657721138245e-06,0.09385975104977257,3.7395657655849325e-05,25,10,20
34,5599,0.8994606191594786,1.2080538393470521e-06,0.1005039979862967,3.4174800385202324e-05,25,10,20
34,5600,0.9094891909275689,9.144819410132298e-07,0.09049774937659263,1.2145213897409651e-05,25,10,20
34,5601,0.9027483064408649,1.242185507779876e-06,0.09723824189393822,1.220947968901483e-05,25,10,20
34,5602,0.915845281000464,1.203703544356019e-06,0.08414473777625416,8.777519737781905e-06,25,10,20
34,5603,0.9247344860832644,7.801300814172092e-07,0.07523670330445889,2.8030482195894254e-05,25,10,20
34,5604,0.9246546177119228,7.811243776510496e-07,0.07531655612928223,2.804503441787816e-05,25,10,20
34,5605,0.9252251680867357,5.617848263867778e-07,0.07474724426566298,2.7025862775423573e-05,25,10,20
34,5606,0.9239886756084225,6.29903910841064e-07,0.07598447647145595,2.621801621123219e-05,25,10,20
34,5607,0.9228983339516403,6.331169551025258e-07,0.07707476295383123,2.62699775737274e-05,25,10,20
34,5608,0.9212438716441242,6.400992337534438e-07,0.078728216975839,2.7271280803403665e-05,25,10,20
34,5609,0.9225325153931376,6.167825483101938e-07,0.07743961307732133,2.7254746993049272e-05,25,10,20
34,5610,0.9227224618139824,6.167968030507414e-07,0.07724967054290538,2.725084630960357e-05,25,10,20
34,5611,0.9226565329795803,6.185994968635809e-07,0.0773155893340785,2.725908684474836e-05,25,10,20
34,5612,0.9189763929301654,6.257686351084659e-07,0.08099562576353016,2.7355537669419863e-05,25,10,20
34,5613,0.9189757224031757,6.253486833391716e-07,0.08099629540454678,2.7356843594044077e-05,25,10,20
34,5614,0.9189453163304511,6.173718758558011e-07,0.0810267305478734,2.733574979969462e-05,25,10,20
34,5615,0.9170616666467928,7.594057490302924e-07,0.082909867164308,2.770678315024361e-05,25,10,20
34,5616,0.9267232317232384,7.656170871399235e-07,0.0732482625213669,2.774013830772461e-05,25,10,20
34,5617,0.9251719666115199,7.596167724275832e-07,0.07477318452350902,5.408924819875185e-05,25,10,20
34,5618,0.9252796609055887,7.581134340797861e-07,0.07466594145376439,5.363952721313865e-05,25,10,20
34,5619,0.9273849353330196,6.159700487640978e-07,0.07256118173909139,5.326695784052732e-05,25,10,20
34,5620,0.926179017000037,6.156353286256327e-07,0.07376707142192611,5.329594270864672e-05,25,10,20
34,5621,0.9296874368484844,6.132717958320256e-07,0.07025890146900707,5.304841071292556e-05,25,10,20
34,5622,0.9297761122377843,6.186496038475583e-07,0.07017033350078669,5.293561182545463e-05,25,10,20
34,5623,0.9300965220447659,6.18272458983304e-07,0.06984993056608828,5.292911668700292e-05,25,10,20
34,5624,0.9284802486672724,6.204175817565415e-07,0.07146619223870757,5.293867643846091e-05,25,10,20
34,5625,0.931686878152949,6.195205604941858e-07,0.06828690392743228,2.5598399058574408e-05,25,10,20
34,5626,0.9353566553820716,5.123070380195142e-07,0.06461741929115618,2.5413019734707374e-05,25,10,20
34,5627,0.9274597692621731,4.6439585582221255e-07,0.07127780419828623,0.0012619621436851026,25,10,20
34,5628,0.9089658232870612,7.329877354821839e-07,0.08969915609081344,0.0013342876343896879,25,10,20
34,5629,0.913303779017658,7.259063219850107e-07,0.08536129838754919,0.0013341966884706056,25,10,20
34,5630,0.9137657037941628,7.254074719438532e-07,0.08489941125892896,0.001334159539436208,25,10,20
34,5631,0.9137775322951481,7.219376908917039e-07,0.0848875968444718,0.0013341489226890645,25,10,20
34,5632,0.9137901204180614,6.910292605256028e-07,0.08487395503132646,0.0013352335213517822,25,10,20
34,5633,0.9138053993383741,6.908668169852664e-07,0.08485868706173008,0.001335222733078902,25,10,20
34,5634,0.9131225125604149,6.929789212357043e-07,0.08554143897669401,0.0013353554839698378,25,10,20
34,5635,0.9204561542338281,7.16740712051456e-07,0.0782077153503126,0.0013354136751475175,25,10,20
34,5636,0.9203851781102288,7.168393831040986e-07,0.07827868720915467,0.001335417841233714,25,10,20
34,5637,0.9215663892983916,7.135767552314228e-07,0.07709755393606875,0.0013353431887846586,25,10,20
34,5638,0.9117235572430065,7.230913926976335e-07,0.08694036535297131,0.0013353543126293473,25,10,20
34,5639,0.8961578586435739,7.356205744696919e-07,0.10250371022192073,0.0013376955139306238,25,10,20
34,5640,0.8956140944751698,7.4681589202593e-07,0.10304696584722825,0.0013381928617093913,25,10,20
34,5641,0.9054587960948719,7.372802952730516e-07,0.09320229013700806,0.0013381764878244837,25,10,20
34,5642,0.9062150841557984,7.072497808111131e-07,0.09244612274186688,0.0013380858525536068,25,10,20
34,5643,0.9017911558769532,6.986524477056753e-07,0.09687006496976538,0.0013380805008334949,25,10,20
34,5644,0.9017810266336757,6.98726849000144e-07,0.09688018893834537,0.001338085701129796,25,10,20
34,5645,0.9034296571497137,6.964760126595948e-07,0.09523157146818234,0.0013380749060912535,25,10,20
34,5646,0.9032155747776547,6.98207025748639e-07,0.09544563980304645,0.0013380872122730459,25,10,20
34,5647,0.9035993709402166,6.409095233307975e-07,0.09506563026285302,0.001334357887406916,25,10,20
34,5648,0.9033756527754465,6.489403687949225e-07,0.09528911499787815,0.0013345832863064192,25,10,20
34,5649,0.9040665346603929,6.518125435947566e-07,0.09459819491033619,0.00133461861672728,25,10,20
34,5650,0.9039792171125977,6.591306378595283e-07,0.09468546702986344,0.001334656726900938,25,10,20
34,5651,0.8763009571869321,2.049551906204042e-05,0.12224935896905066,0.0014291883249558579,25,10,20
34,5652,0.9004923490457653,2.045845034815031e-05,0.09805814084922021,0.0014290516546671427,25,10,20
34,5653,0.8960243147145458,2.0446676477169973e-05,0.10252731199893474,0.0014279266100429907,25,10,20
34,5654,0.9126402416112981,2.0188899115830542e-05,0.08598231674904573,0.0013572527405406693,25,10,20
34,5655,0.9107317875866076,2.0317503726411073e-05,0.08788301729885588,0.001364877610810518,25,10,20
34,5656,0.910938496326652,2.0315853126898598e-05,0.0876763170275101,0.0013648707927114946,25,10,20
34,5657,0.9109093922668032,2.027834900599369e-05,0.0877196691018739,0.0013506602823172842,25,10,20
34,5658,0.9252323726835514,2.0337634895840866e-05,0.07339908107481226,0.0013482086067407384,25,10,20
34,5659,0.9242373834718276,2.0371019784324775e-05,0.07439403778818084,0.0013482077202073175,25,10,20
34,5660,0.9198923637548636,2.037145812523871e-05,0.07873906076709476,0.0013482040199165265,25,10,20
34,5661,0.9120427052518657,3.372427372852948e-05,0.08657546787374214,0.0013481026006637005,25,10,20
34,5662,0.9165660692507324,3.37209845326046e-05,0.08205212642482972,0.0013480833399053867,25,10,20
34,5663,0.9213511464364857,3.371737208764664e-05,0.07726706838532377,0.0013480678061028992,25,10,20
34,5664,0.9026884831108499,3.45196989243717e-05,0.09592891155338364,0.001348085636842423,25,10,20
34,5665,0.9087817237572837,3.3717656902345924e-05,0.08983648118975247,0.0013480773960617527,25,10,20
34,5666,0.9104108467960728,3.3646407413515985e-05,0.0882074516892433,0.0013480551072705877,25,10,20
34,5667,0.9153631600992722,3.364640281152748e-05,0.08325513930167178,0.0013480541962446677,25,10,20
34,5668,0.9424198450484849,1.3813459263638744e-05,0.05631283685743992,0.0012535046348119713,25,10,20
34,5669,0.9429603918175367,1.3802242004445002e-05,0.055772804283191334,0.001253001657267692,25,10,20
34,5670,0.9443106387330166,1.3791337431649185e-05,0.05442417121775394,0.0012513987117981488,25,10,20
34,5671,0.945523563686613,1.625359995228606e-05,0.05320819874683007,0.0012519839666048865,25,10,20
34,5672,0.9398974615079061,1.6255606802050484e-05,0.05883378824635474,0.0012524946389372484,25,10,20
34,5673,0.9397063997710123,1.62565842942888e-05,0.05902482958856818,0.001252514056125416,25,10,20
34,5674,0.9398067738507478,1.6257267371108523e-05,0.05892428788289769,0.0012526809989833335,25,10,20
34,5675,0.9399926496931201,1.6254553331179267e-05,0.05873841707507722,0.0012526786784716163,25,10,20
34,5676,0.943480752688771,1.3787557304158487e-05,0.05525337272417798,0.0012520870297471473,25,10,20
34,5677,0.94105717885755,1.3790627026251422e-05,0.05762885883856539,0.0013001716768586147,25,10,20
34,5678,0.9416187070858707,1.3770481181822711e-05,0.057072459852672654,0.001295062580274914,25,10,20
34,5679,0.9415989210206059,1.377074740644856e-05,0.05709224705866812,0.0012950611733200043,25,10,20
34,5680,0.9449600916074986,5.059013789658394e-07,0.05371911161446092,0.0013202908766618037,25,10,20
34,5681,0.9439526589167402,5.067421748917057e-07,0.054726530626477796,0.0013203037146076201,25,10,20
34,5682,0.9438765091228555,5.069665367386325e-07,0.05480267952292808,0.0013203043876799819,25,10,20
34,5683,0.9591362752899666,4.2533715321123834e-07,0.04078103077055884,8.226860232179394e-05,25,10,20
34,5684,0.9600476897056025,4.30825812136031e-07,0.03986961735561094,8.226211297487192e-05,25,10,20
34,5685,0.960109481459008,4.3063785928204234e-07,0.039807819748769374,8.226815436364316e-05,25,10,20
34,5686,0.960207155809782,4.2791435238890785e-07,0.03971017423237915,8.224204348663499e-05,25,10,20
34,5687,0.9608389213867393,4.1956547238726323e-07,0.03907812931944114,8.252972834711334e-05,25,10,20
34,5688,0.9611805456442979,3.258115989805268e-07,0.03874420705100373,7.492149309957748e-05,25,10,20
34,5689,0.9525121711832084,1.8327119248751761e-06,0.047410167190197826,7.58289146689627e-05,25,10,20
34,5690,0.9528087302147461,1.8343077669294422e-06,0.04709704277337731,9.239270410938648e-05,25,10,20
34,5691,0.9574318030655806,1.7387104543842993e-06,0.042499447912700834,6.701031126408972e-05,25,10,20
34,5692,0.9574186852301628,1.738785184372906e-06,0.04251256088180583,6.701510284735778e-05,25,10,20
34,5693,0.958002716549604,1.7385744828382858e-06,0.04192852513571413,6.701974019932594e-05,25,10,20
34,5694,0.9576644534492615,1.738796559922398e-06,0.04226678702567686,6.702072850203957e-05,25,10,20
34,5695,0.9652172204078511,1.1229826789704555e-06,0.03469394760089129,8.770900857913435e-05,25,10,20
34,5696,0.9602093764175668,1.1697548928491425e-06,0.03968888727824463,0.00010056654929651017,25,10,20
34,5697,0.9611093706111822,2.786723015998727e-07,0.03881137981606881,7.897090044804359e-05,25,10,20
34,5698,0.9277660094994447,3.243781481067871e-07,0.07217114870592051,6.251741648775277e-05,25,10,20
34,5699,0.9268540636142514,3.5643885691202845e-07,0.0730732601675283,7.23197793642696e-05,25,10,20
34,5700,0.9262006278577339,3.5463880401635076e-07,0.07368401178397078,0.00011500571949222027,25,10,20
34,5701,0.9287183147414275,3.5145986642786614e-07,0.0712144178156484,6.691598305859933e-05,25,10,20
34,5702,0.9287192446739962,3.5140015007810634e-07,0.071213503525844,6.690040001021756e-05,25,10,20
34,5703,0.9623986040317449,3.0377737130869145e-07,0.037534319341222526,6.67728496616786e-05,25,10,20
34,5704,0.9496768238857453,2.7657266810293423e-07,0.05025771353838941,6.518600319756977e-05,25,10,20
34,5705,0.9498452418397741,2.7719431727507374e-07,0.05008927876908114,6.520219682786731e-05,25,10,20
34,5706,0.9505037134344327,2.728154138693957e-07,0.04947348734498749,2.2526405166291133e-05,25,10,20
34,5707,0.9556003401674927,2.74891528166267e-07,0.044376354026289276,2.303091468991575e-05,25,10,20
34,5708,0.9660289964188532,2.3257725305560266e-06,0.033944664452790506,2.4013355826025307e-05,25,10,20
34,5709,0.9554087448403972,2.32193233874091e-06,0.04456593502822054,2.2998199043639486e-05,25,10,20
34,5710,0.955048187843298,2.3337749543169623e-06,0.04492641246196908,2.3065919778628112e-05,25,10,20
34,5711,0.9673442943208411,2.333999676610778e-06,0.03263030881175327,2.306286772932242e-05,25,10,20
34,5712,0.9658332891658594,2.405008708742021e-06,0.03414067081926384,2.3635006168290572e-05,25,10,20
34,5713,0.9654995916359808,2.4082523834411043e-06,0.034474360009574115,2.3640102061999518e-05,25,10,20
34,5714,0.966320973684751,2.406816984284267e-06,0.03365301158035438,2.3607917910743392e-05,25,10,20
34,5715,0.9773646563436635,2.4081192854095623e-06,0.022608879111802205,2.4056425249254828e-05,25,10,20
34,5716,0.9760903858385309,2.4094307132760155e-06,0.023883082973176963,2.412175757916597e-05,25,10,20
34,5717,0.9759618105624587,2.4140769635886573e-06,0.024011647548020428,2.4127812557571824e-05,25,10,20
34,5718,0.9756154261284878,2.4131386822945466e-06,0.024358426746164747,2.3733986665319218e-05,25,10,20
34,5719,0.9754168087698973,2.4137660150941923e-06,0.024556518482486144,2.4258981601623237e-05,25,10,20
34,5720,0.9754527377044638,2.4146662033940286e-06,0.024520884113533602,2.396351579949665e-05,25,10,20
34,5721,0.9769496208880546,2.3803505734630355e-06,0.023024040491623366,2.3958269748933033e-05,25,10,20
34,5722,0.9729535847482748,3.550998921969485e-07,0.027030999449144305,1.5060702689340026e-05,25,10,20
34,5723,0.9604529153562459,9.551242830451067e-07,0.0395311026384895,1.5026880982400832e-05,25,10,20
34,5724,0.9657812275781913,9.17442511471515e-07,0.03421317513064629,4.679848651744399e-06,25,10,20
34,5725,0.9658575825296009,9.169617930053674e-07,0.03413681836163008,4.682146976776129e-06,25,10,20
34,5726,0.9597113532100441,9.223226515692885e-07,0.040217639076097045,7.008539120805241e-05,25,10,20
34,5727,0.9585901685533671,9.223585426388678e-07,0.04133840967461047,7.049941348049948e-05,25,10,20
34,5728,0.9586452967105733,9.224032785131462e-07,0.04128327305234148,7.050783380742323e-05,25,10,20
34,5729,0.95656558184216,9.224493335585848e-07,0.04336299676358537,7.049894492183367e-05,25,10,20
34,5730,0.9574920935710748,8.8764834408326e-07,0.0424365323203932,7.048646018848299e-05,25,10,20
34,5731,0.9528470530422595,8.832177954494112e-07,0.04708156987725922,7.049386268625101e-05,25,10,20
34,5732,0.9588887068126988,8.822735473008506e-07,0.041105199128029526,5.211785724793551e-06,25,10,20
34,5733,0.9589436647736993,8.80456047953372e-07,0.04105024406257197,5.210707681090579e-06,25,10,20
34,5734,0.9590478945605558,1.893805547822162e-06,0.04094535706736843,4.854566528261518e-06,25,10,20
34,5735,0.9662064438053451,1.910063495669209e-06,0.03378700331721904,4.642813940527021e-06,25,10,20
34,5736,0.9448442771643024,1.8701150285827684e-06,0.05514929584250382,4.55687816537005e-06,25,10,20
34,5737,0.9394362133411185,1.8732850895304753e-06,0.0605100096420553,5.1903731736961254e-05,25,10,20
34,5738,0.9387330934003886,1.8733064265174458e-06,0.06121312395532625,5.190933785883442e-05,25,10,20
34,5739,0.9491050387409357,1.2611938954327249e-06,0.05084183018743473,5.1869877734406784e-05,25,10,20
34,5740,0.9500109528407031,2.477226268784808e-07,0.04993694118952747,5.1858247142848914e-05,25,10,20
34,5741,0.9501984199152856,2.481128941322719e-07,0.04974941894107834,5.191303074213071e-05,25,10,20
34,5742,0.9503203465702593,2.4801194613167103e-07,0.04962750365003239,5.190176776234721e-05,25,10,20
34,5743,0.9499770785458591,2.5398192133708114e-07,0.04997076370212187,5.190377009787117e-05,25,10,20
34,5744,0.9500537296619289,2.495234409780038e-07,0.04989424337312913,5.177744150109671e-05,25,10,20
34,5745,0.9491236204633424,2.492612275113717e-07,0.05082436791761964,5.1762357810294906e-05,25,10,20
34,5746,0.9498448226552015,2.525558785057122e-07,0.05010298573171884,5.193905720107905e-05,25,10,20
34,5747,0.9484691001021366,2.5293705717025823e-07,0.05147868813616073,5.195882464565585e-05,25,10,20
34,5748,0.9384191476291318,2.6505849121568095e-07,0.058579167051150495,0.003001420261226726,25,10,20
34,5749,0.9337488194284995,2.709423415733819e-07,0.0632496372324489,0.0030012723967097164,25,10,20
34,5750,0.9378996211481918,2.637599813473299e-07,0.05909884901504394,0.0030012660767828603,25,10,20
34,5751,0.9393495608236269,2.1202578991438972e-07,0.057649449518443745,0.0030007776321395773,25,10,20
34,5752,0.9391171514925951,2.0285124166687544e-07,0.05788437130823541,0.0029982743479278428,25,10,20
34,5753,0.9493184374400367,1.8983804201519527e-07,0.05063258098599248,4.879173592865905e-05,25,10,20
34,5754,0.9484338111525865,4.758904695503152e-07,0.051516881748720336,4.8831208223435714e-05,25,10,20
34,5755,0.948993928342091,4.7617898463843286e-07,0.05095669589035391,4.889958857033719e-05,25,10,20
34,5756,0.9558724184098308,3.443246890990881e-07,0.0440785415143643,4.8695751115297415e-05,25,10,20
34,5757,0.9608081387010357,3.487857820526298e-07,0.03919015286831258,1.3596448694583936e-06,25,10,20
34,5758,0.9606104670264287,3.5072688077022027e-07,0.03938761418872761,1.568057962554092e-06,25,10,20
34,5759,0.95070098804107,6.028193430532616e-07,0.04929679898076559,1.6101588211370155e-06,25,10,20
34,5760,0.9501467066745011,6.122999312410372e-07,0.04985123683560385,1.444189963626024e-06,25,10,20
34,5761,0.9504320191747976,6.085090649612343e-07,0.04956593222783437,1.440088302840616e-06,25,10,20
34,5762,0.9527679552187139,6.14266441706169e-07,0.04722997257258417,1.457942259953033e-06,25,10,20
34,5763,0.9464290980130117,8.817010539827388e-06,0.05356061124568951,1.4737307587302446e-06,25,10,20
34,5764,0.9483445260208573,8.816668200395606e-06,0.05164517353590492,1.4837750372663663e-06,25,10,20
34,5765,0.9302483750494608,8.839035997346864e-06,0.06974131827529945,1.4676392422428428e-06,25,10,20
34,5766,0.930019422204084,8.837113656047608e-06,0.06996922299738499,2.517684874607616e-06,25,10,20
34,5767,0.9300852572669914,8.838264506464265e-06,0.06990337101404098,2.5334544606473063e-06,25,10,20
34,5768,0.9237303732624721,8.914997593632496e-06,0.07625489303467224,5.818705261711512e-06,25,10,20
34,5769,0.9185716106051843,8.90734599711032e-06,0.0814136661514781,5.815897339247076e-06,25,10,20
34,5770,0.9132474851097158,8.919911721447005e-06,0.08673815900237533,5.435976186227759e-06,25,10,20
34,5771,0.9177472747591331,9.066153347759666e-06,0.08223823634793863,5.422739579512392e-06,25,10,20
34,5772,0.9177702313373404,9.065780494269924e-06,0.08221529222872742,5.410653437056364e-06,25,10,20
34,5773,0.9154607912673417,9.067804875685637e-06,0.08452479854696396,5.342380817863694e-06,25,10,20
34,5774,0.9214220559049334,8.991454475509629e-06,0.07856694988388042,2.0027567102617895e-06,25,10,20
34,5775,0.8873148204316605,8.991298948105012e-06,0.11267420981202356,1.978457367290422e-06,25,10,20
34,5776,0.8927329842739021,8.991213505923632e-06,0.1072560639256406,1.960586950538659e-06,25,10,20
34,5777,0.8929283974589614,8.844763128630363e-06,0.10706079679051307,1.960987396312179e-06,25,10,20
34,5778,0.8974401423804875,8.850672005340045e-06,0.10254959750129164,1.4094462150596534e-06,25,10,20
34,5779,0.887622170639843,8.847216530448421e-06,0.11236677231495552,2.209828670962489e-06,25,10,20
34,5780,0.8777913114827836,8.847385809565231e-06,0.12219665110030348,3.190031102860655e-06,25,10,20
34,5781,0.87842433009271,8.82972737147872e-06,0.12156376890531458,3.0712746033826963e-06,25,10,20
34,5782,0.8749708880880469,8.82665768213125e-06,0.12501718910156964,3.096152700584758e-06,25,10,20
34,5783,0.8748796147892783,8.825422276658476e-06,0.12510904343112456,2.516357320188184e-06,25,10,20
34,5784,0.8641742970706637,9.405402980848099e-06,0.135811076741859,5.220784495900896e-06,25,10,20
34,5785,0.8609435477017563,9.41095562293413e-06,0.13904092362382323,6.117718797106318e-06,25,10,20
34,5786,0.8611056578596582,9.42696892577415e-06,0.138877494727009,7.420444406414458e-06,25,10,20
34,5787,0.8709773106651646,9.428447470835642e-06,0.12900680670779074,6.454179573291105e-06,25,10,20
34,5788,0.870847851053751,9.429843309632999e-06,0.12913623061381457,6.488489124047391e-06,25,10,20
34,5789,0.8706961064757525,9.439219857448332e-06,0.12928568992488743,8.764379501810629e-06,25,10,20
34,5790,0.865904928468364,1.3145611281839947e-05,0.1340726437670378,9.282153315483783e-06,25,10,20
34,5791,0.8652123037721969,1.3184293979140213e-05,0.13476529850796426,9.213425858923512e-06,25,10,20
34,5792,0.8654191817463789,1.3182295523536821e-05,0.13455863175510044,9.004202996469088e-06,25,10,20
34,5793,0.8655349820174237,1.3176970482283361e-05,0.13444284748646795,8.993525625470849e-06,25,10,20
34,5794,0.8637400464482944,1.3177424179063591e-05,0.13623720276694398,9.573360581581518e-06,25,10,20
34,5795,0.8635854935064775,1.3177449557010526e-05,0.13639175488715483,9.574156809775341e-06,25,10,20
34,5796,0.8638859798498028,1.3174823696052163e-05,0.13609127288806866,9.572438431972655e-06,25,10,20
34,5797,0.829333210507466,1.2889371669592563e-05,0.17064436553874804,9.534582116359236e-06,25,10,20
34,5798,0.8292289464876701,1.2890661150548165e-05,0.17074807222243177,1.0090628747472454e-05,25,10,20
34,5799,0.8466085071856265,1.2961473523957663e-05,0.1533682003613209,1.0330979528546242e-05,25,10,20
34,5800,0.849827839814536,1.2956033240144348e-05,0.1501497702755419,9.433876681689194e-06,25,10,20
34,5801,0.8847058068164426,1.2956965810482948e-05,0.11527108407081586,1.015214693102836e-05,25,10,20
34,5802,0.8853873222917537,1.3366225572765794e-05,0.11458990066241904,9.410820254636984e-06,25,10,20
34,5803,0.8849840628420922,1.3365964631066878e-05,0.11499315998669923,9.411206577373558e-06,25,10,20
34,5804,0.8742489506437424,1.3329558571077552e-05,0.1257283027675664,9.417030119724999e-06,25,10,20
34,5805,0.8747700185120599,1.3328089466890205e-05,0.12520795162709855,8.701771374134125e-06,25,10,20
34,5806,0.8747865810968694,1.3327912221921368e-05,0.12519138765521445,8.703335693896838e-06,25,10,20
34,5807,0.8764971961302119,1.3317548840561958e-05,0.12348130128833228,8.185032614921176e-06,25,10,20
34,5808,0.9115841585934803,1.3323148730340012e-05,0.08839427308093867,8.245176850442993e-06,25,10,20
34,5809,0.9140327535051311,1.33228281021902e-05,0.08594625851395526,7.665152811307101e-06,25,10,20
34,5810,0.9305950446112397,1.3318382488037055e-05,0.06935093010882575,4.070689744632425e-05,25,10,20
34,5811,0.9221082680439572,1.359099474710539e-05,0.0778374315490576,4.0709412238119155e-05,25,10,20
34,5812,0.9225669448639043,1.3582732298465876e-05,0.07737952159650943,3.995080728783456e-05,25,10,20
34,5813,0.9223429663102267,1.3583258093238388e-05,0.07760354299193098,3.990743974908209e-05,25,10,20
34,5814,0.9329717300844151,1.300337706125264e-05,0.06697806650856115,3.720002996254182e-05,25,10,20
34,5815,0.9330392405244354,1.300337548701617e-05,0.0669105564751174,3.7199624960316836e-05,25,10,20
34,5816,0.9369400104060047,1.6173521535369442e-05,0.06300643406132621,3.7382011133835006e-05,25,10,20
34,5817,0.9418589439984695,1.2461317095915141e-05,0.05809174838029747,3.684630413720665e-05,25,10,20
34,5818,0.9416267225017654,1.2461333959307406e-05,0.05832397164020752,3.684452406804284e-05,25,10,20
34,5819,0.9417851236685447,1.2461387077228964e-05,0.05816556568565812,3.684925872006924e-05,25,10,20
34,5820,0.9482570359677731,4.258566607512692e-06,0.05170188009461173,3.682537100766782e-05,25,10,20
34,5821,0.9453184879577927,6.1850169397663e-06,0.05463849106709729,3.683595817047924e-05,25,10,20
34,5822,0.9284962203858466,6.214229007415418e-06,0.0714937429050348,3.822480111132238e-06,25,10,20
34,5823,0.9310596664597448,4.2911177283074054e-06,0.06889060275192345,4.543967060350654e-05,25,10,20
34,5824,0.9263292616814337,4.292254495217825e-06,0.073620795430131,4.565063393989813e-05,25,10,20
34,5825,0.9265113608680694,4.2730759004443e-06,0.07343804511042813,4.632094560174048e-05,25,10,20
34,5826,0.9268306470273423,4.269734341238809e-06,0.07315968745393912,5.3957843770768585e-06,25,10,20
34,5827,0.9128529017039593,4.275293629841165e-06,0.08713748985712519,5.333145286221191e-06,25,10,20
34,5828,0.8856237043892671,4.277121310830172e-06,0.11436658977647747,5.428712945651912e-06,25,10,20
34,5829,0.8564960376971752,1.886170467883584e-05,0.14347838034403884,6.720254107721079e-06,25,10,20
34,5830,0.8691191396001884,1.8859013386453672e-05,0.13085527639426783,6.724992157959134e-06,25,10,20
34,5831,0.8689291323273847,1.8859615946210808e-05,0.1310439507975002,8.057259169451765e-06,25,10,20
34,5832,0.8688111453868648,1.8866364045607914e-05,0.13116156784379576,8.420405294411678e-06,25,10,20
34,5833,0.8723527825832025,1.646286443413539e-05,0.1276224760142452,8.278538118390982e-06,25,10,20
34,5834,0.8719959111460237,1.6496671525541506e-05,0.1279791229990116,8.469183439362194e-06,25,10,20
34,5835,0.8798619810380589,1.6234859499274437e-05,0.12011329543316718,8.488669274865716e-06,25,10,20
34,5836,0.8846108214296656,1.6233640623984675e-05,0.11536467296132363,8.27196838695077e-06,25,10,20
34,5837,0.8714713449105083,1.623499482578764e-05,0.1285041093409053,8.310753761177564e-06,25,10,20
34,5838,0.8714758048696963,1.6234921274739334e-05,0.12849964927544286,8.310933586606022e-06,25,10,20
34,5839,0.8711882530506757,1.6234961035809825e-05,0.12878790387248468,7.608115804074939e-06,25,10,20
34,5840,0.8715196439800137,1.6235009865915637e-05,0.12845650861388863,7.612396232199169e-06,25,10,20
34,5841,0.89785445158413,1.6233218644133874e-05,0.1021218068499238,7.508347302413073e-06,25,10,20
34,5842,0.9105289760400084,1.6265279569312058e-05,0.08944720744122646,7.551239196491404e-06,25,10,20
34,5843,0.9104361904322389,1.6266248708379564e-05,0.08953933064144817,8.212677605249702e-06,25,10,20
34,5844,0.9093369424423206,1.9358786425296395e-05,0.09063549560660357,8.203164651440396e-06,25,10,20
34,5845,0.8978731093577303,1.9348314187325e-05,0.10210164618390452,5.896144178027871e-06,25,10,20
34,5846,0.9247002503489515,4.768972031656308e-06,0.0752903621747662,4.618504251062314e-06,25,10,20
34,5847,0.9184793361506074,4.7690168541174275e-06,0.08151117673921653,4.718093322438942e-06,25,10,20
34,5848,0.9308880577037054,4.800143384742444e-06,0.06845483577840421,0.000652306374505942,25,10,20
34,5849,0.9308928292330794,4.800101874886767e-06,0.06845006441224948,0.0006523062527965414,25,10,20
34,5850,0.9308533306342678,4.8000278773753635e-06,0.0684153112903253,0.0007265580475297084,25,10,20
34,5851,0.9374525983197372,4.804666374678276e-06,0.061816649776048144,0.0007259472378401514,25,10,20
34,5852,0.9361139743935147,4.847711710152045e-06,0.06315512312792233,0.000726054766852877,25,10,20
34,5853,0.9329298144191438,4.841093402344832e-06,0.06633941521525265,0.0007259292722013283,25,10,20
34,5854,0.9341585774155807,1.7484827745424444e-06,0.06511376392286133,0.0007259101787836093,25,10,20
34,5855,0.9339378038920286,1.7493141942763788e-06,0.0653341265665492,0.0007263202272280956,25,10,20
34,5856,0.9194019449810921,1.8000154903517448e-06,0.07985565079565686,0.0007406042077610379,25,10,20
34,5857,0.9202130373056165,1.7745136752568656e-06,0.07904471905992716,0.0007404691207812739,25,10,20
34,5858,0.8901899723810008,3.3828307778792004e-05,0.10903706655600455,0.000739132755216005,25,10,20
34,5859,0.8939601281974716,3.3832424385242474e-05,0.10526690470744744,0.0007391346706963347,25,10,20
34,5860,0.9035746921367676,3.341566415945951e-05,0.09565281850877357,0.0007390736903000153,25,10,20
34,5861,0.9190152260813491,1.693430147583001e-06,0.08024396274118288,0.0007391177473204257,25,10,20
34,5862,0.9193831980967917,1.6589780275559826e-06,0.07987622860752143,0.0007389143176596538,25,10,20
34,5863,0.9189617440044381,1.677947995359038e-06,0.08029825561133153,0.0007383224362352013,25,10,20
34,5864,0.9182995335534686,1.686445402666142e-06,0.08096042072425458,0.0007383592768750024,25,10,20
34,5865,0.9168298416368708,1.645282172855741e-06,0.08304499181021059,0.00012352127074652811,25,10,20
34,5866,0.9006784909703522,1.63500228807613e-06,0.09919442478382651,0.00012544924353410805,25,10,20
34,5867,0.9143572032742546,1.6253702248572949e-06,0.08551771987520519,0.00012345148031620503,25,10,20
34,5868,0.9142476425498615,1.6248261908123067e-06,0.08562625254633163,0.00012448007761685319,25,10,20
34,5869,0.9153331987555653,1.624256882343538e-06,0.08454070065299264,0.00012447633456059038,25,10,20
34,5870,0.9155139649241292,1.6229279424006922e-06,0.08436097857175184,0.00012343357617748305,25,10,20
34,5871,0.9271731495066708,1.6234648335856475e-06,0.0727017909751052,0.00012343605339091098,25,10,20
34,5872,0.9271394341451666,1.6235611021665137e-06,0.0727354969884572,0.0001234453052747335,25,10,20
34,5873,0.929570981825799,6.065188622730418e-07,0.07030493066950172,0.00012348098583759347,25,10,20
34,5874,0.9296404350143344,6.057011120931154e-07,0.07023548393494104,0.0001234753496131192,25,10,20
34,5875,0.9452552798416477,2.735521793302652e-07,0.05462101565442386,0.00012343095174916594,25,10,20
34,5876,0.9434333405587045,3.1039232127847507e-07,0.05644286642068966,0.00012348262828464147,25,10,20
34,5877,0.942958335456986,3.1035225575018383e-07,0.05691684416574585,0.00012451002501257427,25,10,20
34,5878,0.940866371891281,2.6822629752557963e-07,0.058551406873994176,0.0005819530084274722,25,10,20
34,5879,0.9413167245225806,2.6832777062075247e-07,0.05810208343834166,0.0005809237113072749,25,10,20
34,5880,0.944159379338336,2.7048951585556127e-07,0.05525933920273124,0.000581010969417085,25,10,20
34,5881,0.9302001958483979,2.374284319153866e-07,0.06921862233373828,0.0005809443894322105,25,10,20
34,5882,0.9279689907844184,8.161889281311475e-07,0.0714465255882451,0.0005836674384085988,25,10,20
34,5883,0.9298144513190363,2.4855898736090335e-07,0.06960429607328085,0.0005810040486958218,25,10,20
34,5884,0.9513644000042909,2.1710082628453786e-07,0.04805440064067308,0.0005809822542097428,25,10,20
34,5885,0.9484304407317901,2.273025939169873e-07,0.05098876045922801,0.0005805715063884452,25,10,20
34,5886,0.9447233814012737,2.2583332195938597e-07,0.05469557286852024,0.0005808198968843011,25,10,20
34,5887,0.9590454391349518,2.2576669644437365e-07,0.04037345938789777,0.0005808757104541265,25,10,20
34,5888,0.9530576028117598,2.3184328973650447e-07,0.04636078872562175,0.000581376619328937,25,10,20
34,5889,0.943697483251754,2.3354573514716786e-07,0.05571193053704516,0.0005903526654660524,25,10,20
34,5890,0.9437787429028615,2.3325765167824677e-07,0.055630672254320564,0.0005903515851665281,25,10,20
34,5891,0.9435537257880149,2.3796174346257874e-07,0.05585537828286959,0.0005906579673722786,25,10,20
34,5892,0.9234714146235347,2.3882622777464064e-07,0.07593766820134715,0.0005906783488901393,25,10,20
34,5893,0.9234725169595015,2.3882611065640723e-07,0.07593656588342973,0.0005906783309578069,25,10,20
34,5894,0.9227100697352482,2.48961367111122e-07,0.07669895609621474,0.0005907252071696712,25,10,20
34,5895,0.9232630998755073,2.4089731085442027e-07,0.07614597543063237,0.0005906837965491973,25,10,20
34,5896,0.9234000223098628,2.391301923955804e-07,0.07600917357275316,0.0005905649871913943,25,10,20
34,5897,0.9292697842993356,2.356357146061553e-07,0.07013969246956035,0.000590287595389185,25,10,20
34,5898,0.9286833882007594,2.5756161396283253e-07,0.0707257898815082,0.0005905643561181606,25,10,20
34,5899,0.9286913397531344,2.5693798864840905e-07,0.07071784132200097,0.0005905619868754744,25,10,20
34,5900,0.9285147012084519,2.594487459318782e-07,0.07096867357679425,0.0005163657660072856,25,10,20
34,5901,0.9284616686613739,2.594501996401273e-07,0.07102170602335249,0.0005163658650733383,25,10,20
34,5902,0.9319814223665637,2.593215096150897e-07,0.06750218461700543,0.0005161336949208391,25,10,20
34,5903,0.932226214448503,2.5713509651372917e-07,0.06725740399184468,0.0005161244245553917,25,10,20
34,5904,0.9293927174560195,2.3973144746273764e-07,0.07009003032202568,0.00051701249050699,25,10,20
34,5905,0.9296514183650652,2.403503836646595e-07,0.06983132157917339,0.000517019705377204,25,10,20
34,5906,0.9293356899016244,2.3043698826272995e-07,0.07014737326400187,0.0005167063973847168,25,10,20
34,5907,0.9292770370321252,2.3113069479471128e-07,0.07020584696625104,0.000516884870928334,25,10,20
34,5908,0.9290537331080226,2.3134417300027637e-07,0.07042915016736022,0.0005168853804435594,25,10,20
34,5909,0.9349724709519203,2.2518364348907676e-07,0.06451031036309103,0.0005169935013450435,25,10,20
34,5910,0.9333935638382037,2.484427298364726e-07,0.06608906510326866,0.0005171226157972343,25,10,20
34,5911,0.9349108474256699,2.1698472652527114e-07,0.06457232383399979,0.000516611755603293,25,10,20
34,5912,0.9359453192102872,1.869487561865532e-07,0.06353789102124226,0.0005166028197138011,25,10,20
34,5913,0.912523815134683,2.3477917275984128e-07,0.08695569845688383,0.0005202516292600995,25,10,20
34,5914,0.8965408769385202,1.6855887819186048e-05,0.10290922215809603,0.0005330450155653976,25,10,20
34,5915,0.8932515175731213,1.851813338016237e-05,0.10619489729284343,0.0005350670006560128,25,10,20
34,5916,0.9077377808128698,1.846716164945002e-05,0.09172297288826846,0.0005207791372131509,25,10,20
34,5917,0.8788784365881047,1.8491211399361933e-05,0.12057971452470433,0.0005233576757921728,25,10,20
34,5918,0.8791467667322543,1.848574370054349e-05,0.12031168511752018,0.0005230624065254414,25,10,20
34,5919,0.8419156656124529,1.8486259247751232e-05,0.15750148716946002,0.0005643609588395432,25,10,20
34,5920,0.8418108820016773,1.848627012934471e-05,0.15760627364884067,0.0005643580793528697,25,10,20
34,5921,0.8440767791298408,1.8492355733945497e-05,0.15534037086337388,0.0005643576510516301,25,10,20
34,5922,0.8568527099627683,1.8677162721702992e-06,0.14259297280773192,0.000552449513227833,25,10,20
34,5923,0.8765433837154204,1.971471220802981e-06,0.12290485190195319,0.0005497929114056304,25,10,20
34,5924,0.8766424829181371,1.9701079752891214e-06,0.12280575293733903,0.0005497940365486119,25,10,20
34,5925,0.8765952657601932,1.9695065854955867e-06,0.12285285869335849,0.0005499060398626598,25,10,20
34,5926,0.9087412037288787,2.3592166222405978e-06,0.09074619480477569,0.000510242249724035,25,10,20
34,5927,0.9085288435818818,2.3809827561776743e-06,0.09095839566246015,0.0005103797729025983,25,10,20
34,5928,0.9118828126016634,2.3770603670115594e-06,0.08760552926873846,0.00050928106923178,25,10,20
34,5929,0.9118253634949367,2.3771223615799946e-06,0.0876629855102795,0.0005092738724228396,25,10,20
34,5930,0.8989421363071582,2.432165911062807e-06,0.10054217267472856,0.0005132588522027537,25,10,20
34,5931,0.9023779064804518,2.43109038843812e-06,0.0971391568147797,0.00048050561438084155,25,10,20
34,5932,0.8808175747967683,2.425751176071745e-06,0.1186995329152869,0.00048046653676888913,25,10,20
34,5933,0.8810917657960583,2.425537979713063e-06,0.11842534262134738,0.00048046604461501473,25,10,20
34,5934,0.8811235860066107,2.4248284015110773e-06,0.11839370283858595,0.0004802863264022952,25,10,20
34,5935,0.8904503248375238,2.297070813897663e-06,0.1090676826978117,0.0004796953938514696,25,10,20
34,5936,0.8904652735822487,2.297175116704036e-06,0.1090527323177737,0.0004796969248618748,25,10,20
34,5937,0.8984240486484145,2.817592841895284e-06,0.10110232149525174,0.0004708122634925183,25,10,20
34,5938,0.8990326785861068,2.7958253165094928e-06,0.10049385089989046,0.00047067468868699065,25,10,20
34,5939,0.9188653458091202,2.7953992334377534e-06,0.08066104603938658,0.0004708127522603634,25,10,20
34,5940,0.9187466392762137,2.7959881173023077e-06,0.08077972720996045,0.0004708375257086727,25,10,20
34,5941,0.9283274952541928,3.333233130991178e-06,0.07120176657605812,0.00046740493661795896,25,10,20
34,5942,0.9266550653036721,4.115567759401186e-06,0.07287332041250513,0.0004674987160632344,25,10,20
34,5943,0.9264530001288637,4.115658812855742e-06,0.07307526551103606,0.000467618701287134,25,10,20
34,5944,0.9255939567499668,4.115146825851098e-06,0.07393436004732334,0.0004675680558837773,25,10,20
34,5945,0.895158681960429,4.229690633442138e-06,0.10436224442830841,0.00047484392062876,25,10,20
34,5946,0.8922538198180737,3.829463405807026e-06,0.10726701203674445,0.0004753386817758167,25,10,20
34,5947,0.8857775289990635,1.1806624878989739e-05,0.1137352262729159,0.0004754381031418596,25,10,20
34,5948,0.884408057851974,1.1808329543239967e-05,0.1150998774597098,0.0004802563587728238,25,10,20
34,5949,0.9062326817917749,1.1807755910170923e-05,0.09327525981045477,0.0004802506418598119,25,10,20
34,5950,0.9039870321466787,2.117420545753946e-05,0.09551154952968359,0.00048024411817981766,25,10,20
34,5951,0.9095880801930311,1.1687336842119822e-05,0.08985856695225382,0.0005416655178723408,25,10,20
34,5952,0.9162443204959878,3.70960965464706e-06,0.08321011256849818,0.0005418573258582535,25,10,20
34,5953,0.9157197504596575,3.718919862506887e-06,0.08373459716273743,0.000541933457741716,25,10,20
34,5954,0.9159169907768223,3.71886007520222e-06,0.08353735692451325,0.0005419334385883621,25,10,20
34,5955,0.928905077060546,3.66488160931223e-06,0.07055331020532014,0.0005379478525239192,25,10,20
34,5956,0.9305756664559725,3.6418161319944364e-06,0.06888282914251578,0.0005378625853792857,25,10,20
34,5957,0.9303500453093153,3.640602525934461e-06,0.06910844595585573,0.0005378681323025082,25,10,20
34,5958,0.9312850732627195,3.639029196720921e-06,0.06817824334335905,0.0005330443647243433,25,10,20
34,5959,0.931347293560098,3.638612837982781e-06,0.06811616964008596,0.0005328981869776244,25,10,20
34,5960,0.894816487598003,4.367259161955299e-06,0.10464290517270097,0.0005362399701333586,25,10,20
34,5961,0.8667581607586164,4.407278019352545e-06,0.132691705268351,0.0005457266950128954,25,10,20
34,5962,0.8701440433383343,2.7697822651930952e-06,0.12930928389840976,0.000543902980990681,25,10,20
34,5963,0.8699885609160988,2.868008058992683e-06,0.12946463499440594,0.0005439360814365462,25,10,20
34,5964,0.8698600954893182,2.8703854831524897e-06,0.12959277090570728,0.0005442632194918276,25,10,20
34,5965,0.8977929941901683,2.832186398414685e-06,0.10166935916641717,0.0005348144570163384,25,10,20
34,5966,0.9012572016715543,3.256143913624326e-05,0.0981770442825585,0.0005331926067513896,25,10,20
34,5967,0.9382812130469925,3.183020588418719e-05,0.06115727614534726,0.0005296806017753086,25,10,20
34,5968,0.9365274358801421,3.184777622986205e-05,0.06291094292074591,0.0005297734228814388,25,10,20
34,5969,0.9509451913100528,3.1267963548751404e-05,0.04849399722741588,0.0005295434989817888,25,10,20
34,5970,0.9493519382578584,3.126820093558049e-05,0.050087240511471814,0.0005295530297335201,25,10,20
34,5971,0.9494781225574361,3.126876069658497e-05,0.04996099205978421,0.0005296166220822729,25,10,20
34,5972,0.9366882137994956,3.132774998536299e-05,0.06270450903695994,0.0005759494135581905,25,10,20
34,5973,0.9382548240768611,3.054640610596175e-05,0.061138749793898176,0.0005758797231337629,25,10,20
34,5974,0.9508937942957313,3.0425290095601394e-05,0.048506528469078,0.0005692519450945672,25,10,20
34,5975,0.9506559352817758,3.042537651340682e-05,0.04874392213308229,0.000569717208628003,25,10,20
34,5976,0.9506032379460977,3.0423568123042137e-05,0.04879664720149554,0.0005696912842831887,25,10,20
34,5977,0.9481556275543821,3.0464954283713474e-05,0.05124039234201261,0.0005735151493214389,25,10,20
34,5978,0.9480292150691515,3.0464067056538706e-05,0.051366897299722145,0.0005734235640696986,25,10,20
34,5979,0.9481287687745699,3.0464152914710416e-05,0.05126734065769915,0.0005734264148163086,25,10,20
34,5980,0.9459644444464607,3.045639925265736e-05,0.05343262496340377,0.0005724741908828236,25,10,20
34,5981,0.9484472115364677,3.0505811635336183e-05,0.05140752373796242,0.00011475891393467009,25,10,20
34,5982,0.9492158091076653,3.050753405751879e-05,0.05070091292021283,5.277043806470484e-05,25,10,20
34,5983,0.9492251431898238,3.0507434039295232e-05,0.050691584505894206,5.276487024307022e-05,25,10,20
34,5984,0.9296063267846446,3.052466292671927e-05,0.0703110327455705,5.211580685839122e-05,25,10,20
34,5985,0.928019395661433,3.052677167606944e-05,0.07189826702598778,5.1810540903449364e-05,25,10,20
34,5986,0.9331842922856122,3.052760590664017e-05,0.0667333211022291,5.185900625257049e-05,25,10,20
34,5987,0.9329842290716965,3.052781221717714e-05,0.06693338676664597,5.1856349440772894e-05,25,10,20
34,5988,0.9334497082897439,3.0527615822544435e-05,0.0664683768085346,5.138728589917982e-05,25,10,20
34,5989,0.9512169946768839,3.0500270773573084e-05,0.048701099977706885,5.14050746359663e-05,25,10,20
34,5990,0.9511682706178959,3.050087817010232e-05,0.04874977021304387,5.145829089032659e-05,25,10,20
34,5991,0.9508089460032428,3.056998756904198e-05,0.049108988698430514,5.149531075775757e-05,25,10,20
34,5992,0.9463851932144152,3.061272471290358e-05,0.05353146268039252,5.2731380479643906e-05,25,10,20
34,5993,0.9405005586519362,3.0610255531997234e-05,0.05941535681670795,5.3474275824262915e-05,25,10,20
34,5994,0.9534037243574123,3.0454332997624606e-05,0.04655842307767219,7.398231918294236e-06,25,10,20
34,5995,0.9523983152584142,3.0455784204597878e-05,0.04756201052106673,9.218436314825294e-06,25,10,20
34,5996,0.9443155662998389,3.620278625591192e-05,0.05563834013445062,9.890779454928399e-06,25,10,20
34,5997,0.9440927787066247,3.621373611497797e-05,0.055861090044571515,9.917512689054066e-06,25,10,20
34,5998,0.9440950537641533,3.621373443691519e-05,0.05585881510191558,9.917399494578614e-06,25,10,20
34,5999,0.9417671845515754,3.6232172844535974e-05,0.05818402139635228,1.2561879228207325e-05,25,10,20
34,6000,0.9374514598815982,3.616423830388906e-05,0.06249972560635833,1.2650273739867854e-05,25,10,20
34,6001,0.9363111822590482,3.625784336416147e-05,0.06363977341077688,1.2786486811261088e-05,25,10,20
34,6002,0.9368975697346573,3.6170171962065695e-05,0.06305330746144029,1.295263194082732e-05,25,10,20
34,6003,0.9361302582625572,3.658582024614272e-05,0.06382022254475941,1.293337243777741e-05,25,10,20
34,6004,0.9349575550633987,3.6588368910227666e-05,0.06499472267813075,1.113388956087399e-05,25,10,20
34,6005,0.9365671891441656,3.65470330733441e-05,0.06338895037208578,7.313450675893166e-06,25,10,20
34,6006,0.9062223091801822,3.6543522742422407e-05,0.09373383002415979,7.317272916263939e-06,25,10,20
34,6007,0.9257892004514428,3.6545792301111325e-05,0.07416694424070408,7.309515552284242e-06,25,10,20
34,6008,0.9264096887707238,3.653886825421813e-05,0.07354678900684335,6.983354178738552e-06,25,10,20
34,6009,0.926166421730327,3.6127235482663305e-05,0.07379051783387751,6.933200312994942e-06,25,10,20
34,6010,0.9264212934556072,3.6025994338463504e-05,0.0735357592047823,6.9213452720268535e-06,25,10,20
34,6011,0.9201471093595925,3.60083478901284e-05,0.07981254391979405,4.338372723202345e-06,25,10,20
34,6012,0.9226576730878872,3.5967946349053784e-05,0.07730268341152319,3.675554240788749e-06,25,10,20
34,6013,0.9231518688409389,3.595871404124575e-05,0.07680856803655435,3.604408465453018e-06,25,10,20
34,6014,0.951609869918466,3.595942092677389e-05,0.048350581399968354,3.5892606392950276e-06,25,10,20
34,6015,0.9510624606756082,3.595978587561723e-05,0.04889798387910334,3.5956594131580997e-06,25,10,20
34,6016,0.9511203234518415,3.59597495358699e-05,0.04884011332202214,3.6034766005902644e-06,25,10,20
34,6017,0.9470455731928483,3.599661828691933e-05,0.052903316652952975,1.5113535912121941e-05,25,10,20
34,6018,0.9460580341602026,3.606440543980896e-05,0.053890747598105915,1.5153836251737886e-05,25,10,20
34,6019,0.9476520210733544,3.606222601240978e-05,0.052296775389623906,1.5141311009397085e-05,25,10,20
34,6020,0.947010010136963,3.60861476583032e-05,0.05293822635688769,1.5677358491087943e-05,25,10,20
34,6021,0.9498935148092309,3.608206152786032e-05,0.05005476195571437,1.5641173526984172e-05,25,10,20
34,6022,0.9497222039923391,3.6101415722807e-05,0.05022598926627803,1.5705325660279362e-05,25,10,20
34,6023,0.9496018774668826,3.610621316576505e-05,0.050346315171596906,1.5701148354925937e-05,25,10,20
34,6024,0.951353206742023,3.6104176343102954e-05,0.04859551190410872,1.5177177525303328e-05,25,10,20
34,6025,0.9487268898523117,3.651128447746409e-05,0.05122156796815564,1.5030895055322463e-05,25,10,20
34,6026,0.9538286920591956,3.651154449650504e-05,0.04612042416318855,1.4372233119146739e-05,25,10,20
34,6027,0.9523474379864154,3.6539575307421186e-05,0.04759781379753878,1.820864073830117e-05,25,10,20
34,6028,0.92089529215534,3.6535878221549447e-05,0.0790472924181577,2.0879548280534876e-05,25,10,20
34,6029,0.9213018507705274,3.6593386983260825e-05,0.07858552565661518,7.603018587393444e-05,25,10,20
34,6030,0.9190503741416933,3.663788659493644e-05,0.08083680147967344,7.618649203866294e-05,25,10,20
34,6031,0.9188878768891054,3.6633382758068045e-05,0.0809992969977412,7.619273039569258e-05,25,10,20
34,6032,0.905088786528939,3.6873679847171015e-05,0.09185212180397104,0.0030222179872435003,25,10,20
34,6033,0.9042015518783043,3.6546189146611316e-05,0.09273978063917569,0.003022121293373977,25,10,20
34,6034,0.9050531892345578,3.6546259898019364e-05,0.09188813698984603,0.003022127515698666,25,10,20
34,6035,0.9049436912277571,3.6546297052255534e-05,0.09199763344669398,0.0030221290284971718,25,10,20
34,6036,0.9061195733780759,6.426880767481787e-06,0.09085156221931337,0.0030224375218436002,25,10,20
34,6037,0.9060826282162033,6.4158571250904335e-06,0.09088858883851333,0.0030223670881587604,25,10,20
34,6038,0.9042976465852708,6.418840139263831e-06,0.09267227394637548,0.003023660628214728,25,10,20
34,6039,0.9116663985089305,6.766408856844653e-07,0.08530960035902733,0.0030233244911567047,25,10,20
34,6040,0.908423193037812,6.607471731993539e-07,0.08855272483252186,0.0030234213824929853,25,10,20
34,6041,0.9072990197332176,6.600772402367536e-07,0.0896769758576562,0.0030233443318862987,25,10,20
34,6042,0.9069659507595318,6.382727142348231e-07,0.08999984448270075,0.0030335664850534784,25,10,20
34,6043,0.8977367359522981,5.983969769447841e-07,0.09928431782480493,0.002978347825920299,25,10,20
34,6044,0.8996596766825844,5.98177216054237e-07,0.09736139190199415,0.002978333238205629,25,10,20
34,6045,0.9083953031683986,6.116791358970138e-07,0.08862569102306192,0.0029783941294037066,25,10,20
34,6046,0.9104397422643864,6.08270729182183e-07,0.08658124678199718,0.002978402682887426,25,10,20
34,6047,0.9097622037168251,1.031640239685013e-06,0.08725783840935795,0.002978926233577346,25,10,20
34,6048,0.9086265681222905,1.0329970013608616e-06,0.08839341220185966,0.0029789866788487098,25,10,20
34,6049,0.894433916524448,1.0431244638326987e-06,0.10258604277158151,0.002978997579506615,25,10,20
34,6050,0.8941415158891737,1.043504338408207e-06,0.10287803032875235,0.002979410277735064,25,10,20
34,6051,0.8943388424049012,1.04359348874195e-06,0.1026807006395509,0.0029794133620584333,25,10,20
34,6052,0.8952675050036152,1.0447021269575612e-06,0.10175210082207428,0.0029793494721830614,25,10,20
34,6053,0.8972137307729675,1.0463586524265255e-06,0.09980715248690344,0.002978070381476167,25,10,20
34,6054,0.8823215613209243,1.2761560868674538e-06,0.11469913329131788,0.0029780292316702083,25,10,20
34,6055,0.8826200878508839,1.2789520004627173e-06,0.11440063041814096,0.0029780027789738294,25,10,20
34,6056,0.8859751968593461,1.2028729592635333e-06,0.11104563061275417,0.0029779696549396646,25,10,20
34,6057,0.8877418675964067,1.202772062081222e-06,0.10927866856935121,0.0029782610621793496,25,10,20
34,6058,0.887556172272655,1.2038188876599708e-06,0.10946437631642672,0.002978247592030055,25,10,20
34,6059,0.8879592390662903,1.2011933320042455e-06,0.10906158815362152,0.0029779715867557276,25,10,20
34,6060,0.8720309616752516,1.2069378947294852e-06,0.12500060474064661,0.0029672266462070058,25,10,20
34,6061,0.8721871391527672,1.2021517545677975e-06,0.12484446333385472,0.0029671953616233885,25,10,20
34,6062,0.8820378717701169,1.1624273797042424e-06,0.11499377961948634,0.0029671861830167495,25,10,20
34,6063,0.8790406121182867,1.1818916154232815e-06,0.11797435538868607,0.0029838506014116233,25,10,20
34,6064,0.8789582012557011,1.1841291779743605e-06,0.11805673681701995,0.0029838777981007207,25,10,20
34,6065,0.8787886488560845,1.1678567845835212e-06,0.1182422682764121,0.002967915010718588,25,10,20
34,6066,0.886403515624482,1.2539275165004025e-06,0.11061194982896141,0.0029832806190399014,25,10,20
34,6067,0.8872187234596778,1.2498656252716655e-06,0.10979678012415323,0.0029832465505438065,25,10,20
34,6068,0.8807560280074415,1.3236395066192028e-06,0.11623973787447688,0.003002910478575335,25,10,20
34,6069,0.8809811123053143,1.3117387653661471e-06,0.11601470422961539,0.0030028717263051704,25,10,20
34,6070,0.8759433248942841,1.6834589650566269e-06,0.12105205775338669,0.003002933893364277,25,10,20
34,6071,0.8762670977485106,1.6770862031746487e-06,0.12072829996704262,0.0030029251982437322,25,10,20
34,6072,0.8849478710949807,1.5588896859562527e-06,0.11206746089883028,0.0029831091165032214,25,10,20
34,6073,0.8846301878924956,1.5706524772985301e-06,0.11238486713678184,0.002983374318245347,25,10,20
34,6074,0.8820997186432064,1.5738960543871207e-06,0.1149153575699072,0.002983349890832251,25,10,20
34,6075,0.8885410158263736,1.481738153588843e-06,0.108489500307028,0.0029680021284449742,25,10,20
34,6076,0.8902876710358774,1.0523515879995185e-06,0.1067419921241539,0.0029692844883808024,25,10,20
34,6077,0.8875695876592857,3.807746521984979e-06,0.10698837107619541,0.005438233517996866,25,10,20
34,6078,0.8776049657884788,3.9388047598574255e-06,0.116964473816841,0.005426621589920413,25,10,20
34,6079,0.8778285439082296,3.934768811166242e-06,0.11674092796606908,0.005426593356890042,25,10,20
34,6080,0.9088495406216982,3.91814566413893e-06,0.08572638469636433,0.005420156536273469,25,10,20
34,6081,0.9231270301209445,3.688674489154381e-06,0.07144913116199846,0.005420150042567882,25,10,20
34,6082,0.8917141677047296,3.265222494987396e-06,0.10285269168663361,0.005429875386142217,25,10,20
34,6083,0.8894648912714951,3.261184374359219e-06,0.10510271389159108,0.005429133652540158,25,10,20
34,6084,0.8868752589692142,3.2585066840471415e-06,0.10769056263872218,0.005430919885380228,25,10,20
34,6085,0.8873788693009768,3.2444626933218354e-06,0.1071872591759906,0.005430627060339762,25,10,20
34,6086,0.8917352717706755,3.2342808761708933e-06,0.10283225297446107,0.005429240973987287,25,10,20
34,6087,0.9236222995393736,3.246594953464887e-06,0.07095541878203447,0.0054190350836385345,25,10,20
34,6088,0.9258269575481824,3.24539960870286e-06,0.06874968570206608,0.005420111350142731,25,10,20
34,6089,0.9289613620317608,3.2432741282495445e-06,0.06561589248499967,0.005419502209111209,25,10,20
34,6090,0.9287234719516246,3.2475576325476497e-06,0.06585356816715357,0.005419712323589288,25,10,20
34,6091,0.9338568743231628,3.2638650634007044e-06,0.06072032536849806,0.005419536443275991,25,10,20
34,6092,0.9380422828708164,3.0624494382587017e-06,0.05653525507774673,0.005419399601998732,25,10,20
34,6093,0.9380743736092286,3.0623627202359342e-06,0.056503169302821885,0.005419394725229247,25,10,20
34,6094,0.9389591726394947,3.0592941220371692e-06,0.05561850598357463,0.005419262082808636,25,10,20
34,6095,0.9391555513465423,3.057538524494426e-06,0.055422820882988715,0.005418570231944447,25,10,20
34,6096,0.9334518464681969,3.0616891676770614e-06,0.061126278572409924,0.005418813270225649,25,10,20
34,6097,0.9190129341495268,3.0617843395222633e-06,0.07556518547803465,0.005418818588099077,25,10,20
34,6098,0.9187172615900181,3.0670847052004505e-06,0.07586079252820539,0.005418878797071806,25,10,20
34,6099,0.9176441741806559,3.0678013224570467e-06,0.07692957531792605,0.005423182700095996,25,10,20
34,6100,0.9175883213412576,3.0703228546167422e-06,0.07698539017704381,0.005423218158844235,25,10,20
34,6101,0.9176326663574186,3.0701483925349333e-06,0.07694104674029971,0.005423216753889248,25,10,20
34,6102,0.9157286493528879,3.076629968183717e-06,0.07884498189500348,0.005423292122140249,25,10,20
34,6103,0.9157177417383079,3.0768029136157296e-06,0.07885586798600326,0.005423313472774959,25,10,20
34,6104,0.907687103507016,3.37253230796071e-06,0.08688484751695336,0.005424676443722071,25,10,20
34,6105,0.9076917654412506,3.3726971182360637e-06,0.08688017187115679,0.005424689990473835,25,10,20
34,6106,0.9074599069214748,3.394744181792303e-06,0.08711207716909218,0.005424621165250688,25,10,20
34,6107,0.9156245594563083,3.4072625552244783e-06,0.07893987827918768,0.00543215500194847,25,10,20
34,6108,0.9159468806001052,3.4035368946395017e-06,0.07861762854343718,0.005432087319562535,25,10,20
34,6109,0.9160994915218912,3.399918633818455e-06,0.07846615877441378,0.005430949785060843,25,10,20
34,6110,0.9161964491024034,3.396656681367971e-06,0.07836922007770535,0.005430934163209579,25,10,20
34,6111,0.9160162521736619,3.396471566808192e-06,0.07855047864386709,0.0054298727109038485,25,10,20
34,6112,0.9160232110997896,3.3946345820825603e-06,0.07854360066012836,0.005429793605499576,25,10,20
34,6113,0.9147112311089443,3.4547811541335644e-06,0.07985547880823042,0.005429835301670885,25,10,20
34,6114,0.914802814139641,3.486548215438259e-06,0.07976390906989382,0.005429790242249269,25,10,20
34,6115,0.9094965436225647,3.4749585736525272e-06,0.08506866245529324,0.0054313189635680995,25,10,20
34,6116,0.9095577970404288,3.4753446554750244e-06,0.08500736741749357,0.005431360197421679,25,10,20
34,6117,0.9096008735418305,3.4743434222911304e-06,0.08496434120025592,0.005431310914490986,25,10,20
34,6118,0.9117438245217562,3.4638590886624914e-06,0.08282886767959852,0.005423843939556166,25,10,20
34,6119,0.9122122193305643,3.463484215024811e-06,0.08236099491028182,0.005423322274938464,25,10,20
34,6120,0.9024505401435658,3.7143830776156484e-06,0.0921214390192314,0.005424306454125355,25,10,20
34,6121,0.8764358013740334,3.7043872498558534e-06,0.11748665221380414,0.006073842024912739,25,10,20
34,6122,0.876828507015628,3.648032589053326e-06,0.11709401471326576,0.006073830238517457,25,10,20
34,6123,0.8735298883692689,6.408978801555946e-05,0.12033204364277275,0.006073978199942884,25,10,20
34,6124,0.8716437012506562,6.409288722945154e-05,0.12219100527853442,0.006101200583579347,25,10,20
34,6125,0.8772688290710201,6.408869276175726e-05,0.11656604053240475,0.006101041703812978,25,10,20
34,6126,0.8768985392052913,6.408851549712708e-05,0.11693629562842492,0.0061010766507863,25,10,20
34,6127,0.8674260336365955,6.443544047632114e-05,0.12640848505719574,0.006101045865731744,25,10,20
34,6128,0.8791778647751669,6.463838337759105e-05,0.11465643484877809,0.0061010619926769,25,10,20
34,6129,0.8790885536230105,6.46386846118066e-05,0.11474605833250814,0.0061007493598691466,25,10,20
34,6130,0.8793072679135999,6.463696444246987e-05,0.1145273646133459,0.006100730508611619,25,10,20
34,6131,0.8816825840174133,6.464143544165473e-05,0.11215203302345164,0.006100741523693201,25,10,20
34,6132,0.8816441708649339,6.466806701716956e-05,0.11219045840991937,0.006100702658129421,25,10,20
34,6133,0.8787517863293232,6.46702224568507e-05,0.11508284955694185,0.006100693891277927,25,10,20
34,6134,0.8711413634828657,6.434050752148177e-05,0.12269101908350924,0.006103276926103567,25,10,20
34,6135,0.8876838950535714,6.432361162280741e-05,0.10615102671563358,0.006100754619172056,25,10,20
34,6136,0.8929078777532723,6.411270723223591e-05,0.10092728949493238,0.006100720044563048,25,10,20
34,6137,0.8930096799286408,6.41101210671118e-05,0.10082553162162222,0.0061006783286700235,25,10,20
34,6138,0.8889544001139644,6.430168653660596e-05,0.1048805840092247,0.006100714190274426,25,10,20
34,6139,0.8836955365976473,6.431120671936996e-05,0.11013938624959005,0.006100765946043219,25,10,20
34,6140,0.8891249963358583,6.431075504452878e-05,0.10470984518544904,0.006100847723647852,25,10,20
34,6141,0.89286723307495,6.430157821343908e-05,0.10096750074298852,0.0061009646038477075,25,10,20
34,6142,0.8956789735799492,6.429951197679343e-05,0.09815574818121574,0.006100978726857861,25,10,20
34,6143,0.8956375260962258,6.429915583418968e-05,0.09819717995435473,0.006100994793584762,25,10,20
34,6144,0.9139630466074041,6.402414076846958e-05,0.07986426826451665,0.006108660987310789,25,10,20
34,6145,0.912520511712459,6.402507610367032e-05,0.08130680107041847,0.0061086621410188545,25,10,20
34,6146,0.9366469748762575,6.40220638775045e-05,0.0578342284966371,0.005454774563228047,25,10,20
34,6147,0.9407503235827543,6.380882978556796e-05,0.0537311149022552,0.005454752685204973,25,10,20
34,6148,0.9424474822070014,6.382084351496988e-05,0.052061164495265766,0.005427532454218001,25,10,20
34,6149,0.9450320435843923,3.3894345599311465e-06,0.04953713135682787,0.005427435624219855,25,10,20
34,6150,0.9449478445505882,3.391619094978553e-06,0.04962138706398503,0.005427376766331959,25,10,20
34,6151,0.9472164580436285,3.457440245027867e-06,0.04735261954146179,0.0054274649746648175,25,10,20
34,6152,0.947898502414796,3.39186310363932e-06,0.04667072938774647,0.0054273763343540135,25,10,20
34,6153,0.9480863827211446,3.3914951674065246e-06,0.04648285252696592,0.005427373256722059,25,10,20
34,6154,0.9481263603456577,3.391136215804909e-06,0.046442912403572685,0.005427336114553875,25,10,20
34,6155,0.9484696845705071,3.3910100533573413e-06,0.0460995867723526,0.005427337647086903,25,10,20
34,6156,0.9484247872673884,3.3909882388740966e-06,0.046144488956815916,0.005427332787556689,25,10,20
34,6157,0.9471176557088405,4.287240694488453e-06,0.04745064371698681,0.005427413333478187,25,10,20
34,6158,0.9484537930380368,3.390914978083641e-06,0.04611547981481534,0.0054273362321697405,25,10,20
34,6159,0.9485553178311171,3.388632672289018e-06,0.046013964869363475,0.005427328666847141,25,10,20
34,6160,0.9453190397498156,3.5437328328760258e-06,0.049249388142059036,0.005428028375292565,25,10,20
34,6161,0.9393122184936238,3.7479451806985164e-06,0.05525484224362272,0.005429191317572939,25,10,20
34,6162,0.9328955409945888,3.7488021053061168e-06,0.06167151318182535,0.005429197021480726,25,10,20
34,6163,0.906535611601883,3.5311897212105606e-06,0.0880328202438386,0.005428036964557006,25,10,20
34,6164,0.906679803352153,3.5311811920473383e-06,0.08788870704691869,0.005427958419736121,25,10,20
34,6165,0.9066068306800787,3.5314474202702936e-06,0.08796141433347979,0.005428223539020891,25,10,20
34,6166,0.9103813980099856,3.3762495097697436e-06,0.08418772919962687,0.005427496540877169,25,10,20
34,6167,0.9104890444945142,3.38078857997723e-06,0.08408005510491683,0.005427519611988484,25,10,20
34,6168,0.9026343675189727,3.3848578178093944e-06,0.09171703655976943,0.005645211063439439,25,10,20
34,6169,0.901469755442534,3.3771337882892986e-06,0.0928816574771068,0.005645209946570291,25,10,20
34,6170,0.9026200910298725,3.3154540742165684e-06,0.0917313995653283,0.005645193950724682,25,10,20
34,6171,0.9000548071005258,3.3712920106127884e-06,0.09429667673739443,0.00564514487006884,25,10,20
34,6172,0.9087349681519094,3.121083712539579e-06,0.08561775112342335,0.00564415964095445,25,10,20
34,6173,0.908742295097716,3.0552510612649816e-06,0.08561047782842966,0.005644171822792741,25,10,20
34,6174,0.908665483872101,3.056727624552281e-06,0.08568728048305033,0.005644178917223659,25,10,20
34,6175,0.9095620597407924,3.0583354639435185e-06,0.08477942199692316,0.0056554599268201075,25,10,20
34,6176,0.909522175106472,3.058579624619704e-06,0.08481932329795706,0.005655443015945849,25,10,20
34,6177,0.922321507818938,1.2737781142592652e-05,0.07739048512907416,0.00027526927084508217,25,10,20
34,6178,0.9544107516839656,1.2742481781028635e-05,0.04529907059519157,0.00027743523906140715,25,10,20
34,6179,0.9501717983086726,1.2742764044189903e-05,0.04953793531890712,0.00027752360837557714,25,10,20
34,6180,0.958748674604692,6.67423044763461e-08,0.04100866148078427,0.00024259717221909762,25,10,20
34,6181,0.9601882120971925,6.771797735976977e-08,0.039569109572021116,0.0002426106128090342,25,10,20
34,6182,0.9606595894163068,6.272369917268238e-08,0.039099900318633286,0.00024044754136068105,25,10,20
34,6183,0.9621208401466461,6.181371606746082e-08,0.037638650583613674,0.00024044745602425137,25,10,20
34,6184,0.9622631928139057,6.15696925556969e-08,0.03749629565193806,0.00024044996446371807,25,10,20
34,6185,0.9675349642737817,5.500040356915064e-08,0.032226073367287555,0.00023890735852701413,25,10,20
34,6186,0.9722994421997897,4.451866056244234e-08,0.027678190006341846,2.23232752076961e-05,25,10,20
34,6187,0.9714913619658554,4.902225399970115e-08,0.028486066522275044,2.252248961532497e-05,25,10,20
34,6188,0.9448669497591449,1.00706459091202e-06,0.05510932411596274,2.2719060301263844e-05,25,10,20
34,6189,0.9488476842738176,9.90174167943455e-07,0.05113761820636254,1.3707345651890917e-05,25,10,20
34,6190,0.9489593498207778,9.901241403988119e-07,0.0510259688919851,1.3691163096756827e-05,25,10,20
34,6191,0.9468174004655104,2.5020940034405987e-06,0.053166384742974325,1.3712697511894213e-05,25,10,20
34,6192,0.9484838623015225,2.5017104924314236e-06,0.05150009194521681,1.3544042768365671e-05,25,10,20
34,6193,0.9505666188481311,9.904988137885448e-07,0.049418814175042514,1.3576478012550207e-05,25,10,20
34,6194,0.9505251822313194,9.861844897091253e-07,0.04946025840575692,1.3573178433947829e-05,25,10,20
34,6195,0.9524099957661646,9.884936080278632e-07,0.04757551655327398,1.3499186953738576e-05,25,10,20
34,6196,0.9524851879014351,9.884326237352384e-07,0.047500324387453524,1.349927848783596e-05,25,10,20
34,6197,0.9498501375911609,1.1856080204828636e-06,0.05013511542988332,1.3561370935394614e-05,25,10,20
34,6198,0.9492657332074989,1.1864176185456268e-06,0.0507194281143096,1.3652260573069589e-05,25,10,20
34,6199,0.9122573910410684,1.202870738323455e-06,0.0877277767160601,1.362937213335984e-05,25,10,20
34,6200,0.9125736860252822,1.2129467294818434e-06,0.0874114354029645,1.3665625023821296e-05,25,10,20
34,6201,0.9126060802770148,1.2126972739107063e-06,0.08737904866694414,1.3658358767267144e-05,25,10,20
34,6202,0.9118612676051615,1.2295052735300093e-06,0.08812381068240523,1.3692207159584314e-05,25,10,20
34,6203,0.9044316191657401,1.226574165958316e-06,0.0955534578797423,1.3696380351587571e-05,25,10,20
34,6204,0.9291247674806326,2.8714987386092317e-07,0.07086144664184163,1.3498727652442526e-05,25,10,20
34,6205,0.9260081292916457,2.900020436055948e-07,0.07397611373390506,1.546697240621947e-05,25,10,20
34,6206,0.925940565573135,2.909943275468073e-07,0.07404367897960076,1.5464452937113905e-05,25,10,20
34,6207,0.9258881036650974,2.888589741233307e-07,0.07409614735995311,1.5460115975899407e-05,25,10,20
34,6208,0.9257119333069737,2.9519380358819293e-07,0.07427196349097162,1.580800825120759e-05,25,10,20
34,6209,0.9316201199475258,6.917197262720659e-07,0.06836332929546142,1.5859037286685738e-05,25,10,20
34,6210,0.9315320033157413,6.916243278525364e-07,0.06845145853616127,1.5846523769647896e-05,25,10,20
34,6211,0.9366059944953047,3.927385998927094e-07,0.06336897067323707,2.4642092858492928e-05,25,10,20
34,6212,0.9365797987221275,3.930268850045061e-07,0.06339516437512124,2.464387586606033e-05,25,10,20
34,6213,0.9371624304500874,3.92212352693555e-07,0.0628126246635687,2.4552673990925728e-05,25,10,20
34,6214,0.9368797270029928,3.8730300851535564e-07,0.06309535948957853,2.4526204420017963e-05,25,10,20
34,6215,0.9362439826350298,4.970678616258682e-07,0.06371372512174792,4.1795175360275314e-05,25,10,20
34,6216,0.9360001424484169,5.015500755711565e-07,0.06396881294898193,3.0543052525151867e-05,25,10,20
34,6217,0.9356179626804889,5.023423521502625e-07,0.06435089920448461,3.063577267365167e-05,25,10,20
34,6218,0.935815560942862,5.007079006892444e-07,0.0641531527565375,3.0785592699322047e-05,25,10,20
34,6219,0.9395955520829112,3.3556534857923282e-06,0.060366978716881056,3.4113546721486615e-05,25,10,20
34,6220,0.9403855845901394,3.3511621488611243e-06,0.059577142532606125,3.3921715105319574e-05,25,10,20
34,6221,0.9236153109338442,3.975964793527938e-06,0.07634675176465996,3.396133670206992e-05,25,10,20
34,6222,0.9241625630601935,3.972145495243735e-06,0.0757988067785223,3.465801578884738e-05,25,10,20
34,6223,0.9241771170766655,3.971813330308399e-06,0.07578425380103321,3.4657308970737135e-05,25,10,20
34,6224,0.9239869103048908,3.978586714168579e-06,0.0759745206011374,3.459050725749747e-05,25,10,20
34,6225,0.9419269887793565,3.337733327789291e-06,0.058035028084433754,3.4645402881648735e-05,25,10,20
34,6226,0.9421324624917732,3.3337589403342035e-06,0.05782954300690081,3.4660742385648734e-05,25,10,20
34,6227,0.9422766957518139,3.332751089042745e-06,0.05768546658493272,3.450491216412607e-05,25,10,20
34,6228,0.9800365237788189,3.2057390721323145e-06,0.019943035609123163,1.7234872985754735e-05,25,10,20
34,6229,0.9798704285195147,3.20796691732815e-06,0.020109110484421867,1.725302914595928e-05,25,10,20
34,6230,0.9682381435683409,3.2170251385658995e-06,0.03173974749616431,1.889191035622642e-05,25,10,20
34,6231,0.9682042984040953,3.21701388671826e-06,0.03177359849029862,1.888609171930672e-05,25,10,20
34,6232,0.9672149341051138,3.249419091511224e-06,0.032762937572147426,1.8878903647236718e-05,25,10,20
34,6233,0.970362936828318,3.2423824442822736e-06,0.029616902136927428,1.6918652310374275e-05,25,10,20
34,6234,0.9729477066321204,3.0444744714115043e-06,0.027032446445492533,1.680244791563072e-05,25,10,20
34,6235,0.9723591718193854,3.04950526206379e-06,0.027620961708879416,1.6816966473028e-05,25,10,20
34,6236,0.9741296308404853,2.9518571629190556e-06,0.025859479722694433,7.937579657517781e-06,25,10,20
34,6237,0.9720841430131258,3.016311893122448e-06,0.027904876084498795,7.96459048219324e-06,25,10,20
34,6238,0.9700280381606879,3.0153042893563886e-06,0.029960960855463827,7.985679558788482e-06,25,10,20
34,6239,0.9720533132845,2.9509967703166435e-06,0.027935743608069368,7.992110660194228e-06,25,10,20
34,6240,0.9722516342619838,2.9487517904982145e-06,0.02773745196126658,7.96502495891022e-06,25,10,20
34,6241,0.9773116692279182,2.950388034857494e-06,0.022678580731557426,6.799652489392519e-06,25,10,20
34,6242,0.9773658117192596,2.9496335596908417e-06,0.02262445722189041,6.781425290153843e-06,25,10,20
34,6243,0.9773982056544982,2.9494874457205425e-06,0.0225922976353161,6.547222739818079e-06,25,10,20
34,6244,0.977580790210083,2.942965241297345e-06,0.022410087680770976,6.1791439045840435e-06,25,10,20
34,6245,0.97757432238002,2.94304396301744e-06,0.02241655519515514,6.179380861849858e-06,25,10,20
34,6246,0.9802619809861508,8.702599046523975e-08,0.019735102685832204,2.8293020265699597e-06,25,10,20
34,6247,0.9802349058833286,8.679208377021739e-08,0.01976218378084383,2.8235437437543185e-06,25,10,20
34,6248,0.9803505744059663,8.562963348956515e-08,0.019646534263508923,2.805700891502019e-06,25,10,20
34,6249,0.9756785118831357,8.380076331719238e-08,0.024318629030556895,2.7752855440880258e-06,25,10,20
34,6250,0.97923668908394,7.936791274078485e-08,0.02076037693586914,2.8546122781737447e-06,25,10,20
34,6251,0.9783486686155359,7.899491078260579e-08,0.021648397504367037,2.8548851863895448e-06,25,10,20
34,6252,0.978354606136156,7.759648478334319e-08,0.021642469927965795,2.8463393935331664e-06,25,10,20
34,6253,0.9782797908309298,7.765099320970799e-08,0.021717287414605296,2.8441034716170898e-06,25,10,20
34,6254,0.9505019457112133,8.040299675596459e-08,0.032141706905093964,0.017356266980696127,25,10,20
34,6255,0.9503725462647898,8.028856912902822e-08,0.03227108590127155,0.017356287545369383,25,10,20
34,6256,0.9400249389018097,6.708606276790115e-08,0.04261577554436863,0.017359218467758893,25,10,20
34,6257,0.9399450692121971,6.714382778278898e-08,0.04269564496291547,0.017359218681059576,25,10,20
34,6258,0.9409003404782686,5.5853298395557775e-08,0.04174006085596596,0.01735954281246692,25,10,20
34,6259,0.9404237673606736,5.595217712385651e-08,0.04221662902448613,0.01735954766266331,25,10,20
34,6260,0.9514743198085688,2.3125763135686584e-07,0.031167518857227763,0.01735793007657207,25,10,20
34,6261,0.9513712782493733,2.3625479063773386e-07,0.03127057150069209,0.017357913995144036,25,10,20
34,6262,0.9482940045264888,2.9933398619701576e-07,0.03434656395598259,0.017359132183542215,25,10,20
34,6263,0.9489992312302925,2.9427445658973125e-07,0.03364135765384792,0.01735911684140292,25,10,20
34,6264,0.9488353225399586,2.9426213768306813e-07,0.033805267222173765,0.01735911597572977,25,10,20
34,6265,0.9489160447281089,2.9420439751035476e-07,0.03372454530672996,0.01735911576076335,25,10,20
34,6266,0.9489533270057515,2.940736804799136e-07,0.03368729488150994,0.017359084039057983,25,10,20
34,6267,0.9509687059751275,2.94347723318912e-07,0.031671838418094636,0.017359161259054755,25,10,20
34,6268,0.950889378366957,2.972529775432045e-07,0.031750865249652906,0.017359459130412733,25,10,20
34,6269,0.9441514784478378,0.00012079192340796884,0.038368240817990215,0.017359488810764104,25,10,20
34,6270,0.9429188872288634,0.00012160096595041013,0.03959718665574867,0.017362325149437304,25,10,20
34,6271,0.9275198403873003,0.00020709761394437806,0.05455793427178721,0.017715127726968417,25,10,20
34,6272,0.9276253472339516,0.00020709847977182255,0.05445190953960808,0.017715644746668917,25,10,20
34,6273,0.9265533608097957,0.00020709864964949296,0.055523892962164936,0.017715647578390236,25,10,20
34,6274,0.9171511230721419,0.00020712047259277447,0.06002860455993893,0.022613151895326974,25,10,20
34,6275,0.9173182235373477,0.0002071204316198249,0.05986153660817983,0.0226131194228532,25,10,20
34,6276,0.9135910062229562,0.00020712369513997477,0.0635793643037704,0.02262250577813404,25,10,20
34,6277,0.9412116367111971,0.0002125636698359945,0.058155290113731856,0.0004205095052353991,25,10,20
34,6278,0.9409786077338685,0.00021256333139384098,0.05838841438622718,0.0004204145485108374,25,10,20
34,6279,0.9308672500094717,0.0002125626884902224,0.06849884117786396,0.0004213461241748778,25,10,20
34,6280,0.9313146691458972,0.00021256451168158154,0.06805146863043263,0.0004212977119893152,25,10,20
34,6281,0.931258927661376,0.00021253478879579925,0.06810757933735898,0.0004209582124700644,25,10,20
34,6282,0.930562880660271,0.00021258332788331107,0.06880345915798397,0.00042107685386267375,25,10,20
34,6283,0.9318156874352819,0.0002117745050808032,0.06755429606544054,0.0004182419941976808,25,10,20
34,6284,0.935514774639497,0.00021152738418651115,0.06385670092921353,0.0004169970471038623,25,10,20
34,6285,0.9253327781656803,0.00021166849420999482,0.07403864792514481,0.00041690541496573026,25,10,20
34,6286,0.924639955057889,0.00021168063916614143,0.0747314025352597,0.00041696176768596605,25,10,20
34,6287,0.9253493715188391,0.00021166833316149016,0.0740220554271406,0.0004169047208598671,25,10,20
34,6288,0.924200856888154,0.00021166957459326982,0.0751679666012445,0.00041950693600866206,25,10,20
34,6289,0.9240759785063188,0.0002142572490206181,0.07529027714110663,0.0004194871035544929,25,10,20
34,6290,0.9276182830918175,0.00021425402801097092,0.07175730202934165,0.0004101608508306471,25,10,20
34,6291,0.9203635718878396,0.00021426419492690058,0.07901069872679549,0.00041146519043869386,25,10,20
34,6292,0.9211310636508138,0.00021426381888601061,0.07824321833556351,0.00041145419473733754,25,10,20
34,6293,0.9212162305781298,0.0002142639623358155,0.0781581069936362,0.0004113984658986617,25,10,20
34,6294,0.9210455048639229,0.00021426699060886063,0.07832881108638283,0.0004114170590858195,25,10,20
34,6295,0.9210385462990819,0.000214266986594736,0.07833576869554604,0.00041141801877783214,25,10,20
34,6296,0.9212504680592708,0.00021426798762752222,0.07812635643991522,0.0004089075131869125,25,10,20
34,6297,0.8929222891997043,0.00021426813494864039,0.10644774908735677,0.00041569357799077847,25,10,20
34,6298,0.8928336551947206,0.0002142672237393476,0.1065369214915016,0.00041515609003892485,25,10,20
34,6299,0.890647772518941,0.00021426653836281978,0.10872289041727243,0.00041507052542406295,25,10,20
34,6300,0.894882104004806,0.0002092700321844089,0.10449157549457323,0.0004170504684370882,25,10,20
34,6301,0.8920082777570582,0.00020924159179782004,0.10736208130298185,0.00042039934816260607,25,10,20
34,6302,0.8909439042456563,0.00020924179934586832,0.10842645087380123,0.0004204030811971303,25,10,20
34,6303,0.8905380325655788,0.0002092419591973456,0.1088323043124361,0.0004204211627878479,25,10,20
34,6304,0.8967076639728461,8.874995866886155e-05,0.10278315530374488,0.0004204307647401882,25,10,20
34,6305,0.8804118482957034,8.874409827797272e-05,0.11776021127250898,0.0017391963335093407,25,10,20
34,6306,0.8770173175085829,8.874965127391819e-05,0.12115416177317717,0.0017397710669661967,25,10,20
34,6307,0.8938698386383718,3.2617070061673918e-06,0.10474359838463582,0.0013833012699858444,25,10,20
34,6308,0.8937530782635925,3.265328657682921e-06,0.10485994723586485,0.0013837091718845182,25,10,20
34,6309,0.8775306614149572,3.854509236350028e-06,0.12107970596499332,0.001385778110812446,25,10,20
34,6310,0.8808774419986237,3.848365990671203e-06,0.11768321711443591,0.0014354925209490506,25,10,20
34,6311,0.8810186670957169,3.8458891116042274e-06,0.11754194475485408,0.0014355422603168446,25,10,20
34,6312,0.8510138350544697,3.880543105814435e-06,0.11859825895777142,0.030384025444652542,25,10,20
34,6313,0.8513757200373588,3.880380499328237e-06,0.11823639170585111,0.03038400787629022,25,10,20
34,6314,0.8609065791315652,3.965905991466328e-06,0.10863608293854958,0.030453372023893106,25,10,20
34,6315,0.8612585688117512,3.965762605915033e-06,0.10828417148936544,0.030453293936276757,25,10,20
34,6316,0.8584815445921022,3.987025017113294e-06,0.11105550185358977,0.030458966529290577,25,10,20
34,6317,0.8430183370996417,3.9879190881740815e-06,0.1265158332718129,0.030461841709456358,25,10,20
34,6318,0.836229716546324,4.012087315281578e-06,0.13330443504597475,0.030461836320385093,25,10,20
34,6319,0.836234673536457,4.012067153575899e-06,0.13329947922294377,0.030461835173445157,25,10,20
34,6320,0.8365213367359999,3.931829332231019e-06,0.13308314698930424,0.030391584445363082,25,10,20
34,6321,0.8354281967267088,3.940667851827708e-06,0.1341743873249861,0.030393475280452678,25,10,20
34,6322,0.8357747312750861,3.9407541073164186e-06,0.1338278528407034,0.03039347513010247,25,10,20
34,6323,0.8359303559140518,3.94099740478212e-06,0.13367212181795135,0.0303935812705913,25,10,20
34,6324,0.8421401775180403,7.903072857579574e-06,0.1274583041321755,0.030393615276925988,25,10,20
34,6325,0.8420144818856602,7.903202332528565e-06,0.12758397656688422,0.030393638345122254,25,10,20
34,6326,0.8425851044437528,1.984770915432029e-05,0.1270032986690952,0.030391749177996932,25,10,20
34,6327,0.8439641649684474,1.9847945512783497e-05,0.12562415988949177,0.030391827196547344,25,10,20
34,6328,0.847147691043438,1.5878101945007872e-05,0.12244466052788043,0.03039177032673583,25,10,20
34,6329,0.8473575197565301,1.5878142853760514e-05,0.12228513324877012,0.03034146885184547,25,10,20
34,6330,0.8127030253168945,0.0006571982902065888,0.1563037321371308,0.030336044255767365,25,10,20
34,6331,0.839401326345992,0.0006575893953892202,0.12961183134872517,0.030329252909893457,25,10,20
34,6332,0.8330653485510713,0.0006456360090970065,0.13595974815418677,0.030329267285644685,25,10,20
34,6333,0.832812693910401,0.0006456392139498652,0.13621240866848003,0.030329258207168877,25,10,20
34,6334,0.8315157107862704,0.000645640917901303,0.1375092868899387,0.030329361405889457,25,10,20
34,6335,0.8323069662149792,0.000645176792948478,0.13676938881310366,0.030278468178968444,25,10,20
34,6336,0.8310488600428869,0.0006451788123035158,0.1380262759779657,0.030279685166843685,25,10,20
34,6337,0.8371806925368699,0.0006456227791521683,0.13189175171536913,0.030281932968608687,25,10,20
34,6338,0.833582503577472,0.0006457366845232865,0.13549021793752422,0.030281541800480337,25,10,20
34,6339,0.8237067719133218,0.0007167582956827124,0.14529477591291567,0.030281693878079684,25,10,20
34,6340,0.8236157923998131,0.0007167582888598164,0.14538583899625496,0.03028161031507199,25,10,20
34,6341,0.823713220608297,0.000716758186494373,0.14528842761916735,0.030281593586041166,25,10,20
34,6342,0.8224609580311438,0.0007167594334967219,0.14654027538147427,0.030282007153885352,25,10,20
34,6343,0.8263789917033003,0.0007269347598647813,0.14256010425988377,0.03033396927695153,25,10,20
34,6344,0.8262436076558763,0.0007269358552616115,0.14269548745714844,0.030333969031714016,25,10,20
34,6345,0.8261261411308882,0.0007269373938750492,0.14281291238035185,0.03033400909488543,25,10,20
34,6346,0.8387338792685264,0.0007269373614510407,0.13020804580196274,0.0303311375680598,25,10,20
34,6347,0.8486093269563731,0.0006559157843213528,0.12040376108501738,0.030330996174288426,25,10,20
34,6348,0.8478121205466601,0.0006559189112049672,0.12119988548008197,0.030332075062053397,25,10,20
34,6349,0.8547641231226177,0.0006559190973618713,0.11424789511671037,0.030332062663310348,25,10,20
34,6350,0.8539483416756808,0.000655948673992578,0.11506360514178494,0.030332104508541815,25,10,20
34,6351,0.853660717103899,0.000655948605796412,0.11535037806805484,0.030332956222249866,25,10,20
34,6352,0.8537500076857907,0.0006559489938171328,0.1152610866527631,0.03033295666762924,25,10,20
34,6353,0.8470275668122618,0.0006559602533441378,0.1219844523972136,0.030332020537180857,25,10,20
34,6354,0.8453370425545913,0.0006559609322301313,0.12367497396918148,0.030332022543997476,25,10,20
34,6355,0.847060854838221,0.0006555709111268135,0.12195155134345585,0.030332022907196516,25,10,20
34,6356,0.8450781078572637,0.0006556088527143119,0.12393425075865667,0.030332032531365582,25,10,20
34,6357,0.8155876181746359,0.0006556097213594488,0.1531318452781787,0.030624926825826106,25,10,20
34,6358,0.8152880478799592,0.0006460898157849535,0.15349299743749933,0.0305728648667566,25,10,20
34,6359,0.8155715559189279,0.0006434985957152094,0.1532120855563774,0.030572859928979557,25,10,20
34,6360,0.8145355078746137,0.0006434710560024408,0.15424815167829026,0.030572869391093768,25,10,20
34,6361,0.8182221064343337,0.0006433538851979991,0.15056168756295693,0.030572852117511536,25,10,20
34,6362,0.8179126904133119,0.0006433704523549474,0.15087109850686561,0.03057284062746784,25,10,20
34,6363,0.817141302150943,0.000643390836673917,0.1516423902458499,0.030572916766533363,25,10,20
34,6364,0.847860722335643,0.000643389213745286,0.12121585080037316,0.030280037650238557,25,10,20
34,6365,0.8664501473761967,8.5735902922654e-06,0.10326095630953327,0.03028032272397752,25,10,20
34,6366,0.8658613685671461,8.569504863912783e-06,0.10384978289471505,0.03028027903327451,25,10,20
34,6367,0.8554835652030138,8.569595475059946e-06,0.11422757377805043,0.030280291423460913,25,10,20
34,6368,0.8555335814150941,8.56951957731347e-06,0.1141775578102706,0.030280291255058114,25,10,20
34,6369,0.8540443256168777,8.62757997541237e-06,0.11566687390225415,0.030280172900892865,25,10,20
34,6370,0.8540023199470216,8.625432204770799e-06,0.1157083688475754,0.03028068577319836,25,10,20
34,6371,0.8547188560854504,8.631154345895644e-06,0.11495784007328869,0.030314672686915126,25,10,20
34,6372,0.8491654778560032,0.00023248309791678548,0.12031059455924367,0.03029144448683674,25,10,20
34,6373,0.8238595562347154,0.0002339738712899895,0.12247946365969473,0.05342700623430014,25,10,20
34,6374,0.8238977051348567,0.00023397141745499492,0.12244133510755839,0.05342698834013,25,10,20
34,6375,0.8237690780377007,0.0002339715119443344,0.12256995620642114,0.05342699424393396,25,10,20
34,6376,0.8238022034183135,0.0002339813491271966,0.12253401244948213,0.05342980278307723,25,10,20
34,6377,0.8256926038772064,0.0002339504041702839,0.12064371780190684,0.053429727916716435,25,10,20
34,6378,0.8407176425295805,0.00023244460472240933,0.12646706394669974,0.032582848918997674,25,10,20
34,6379,0.8417549295919754,0.00023243722176321925,0.1254308609331449,0.032581772253116696,25,10,20
34,6380,0.8103715753680585,0.00023241700515346263,0.15681432192060688,0.032581685706180856,25,10,20
34,6381,0.8114422081007217,0.00023257751050776234,0.1557433947626473,0.03258181962612286,25,10,20
34,6382,0.8434726440758266,0.0002325787209384495,0.12371296034002466,0.0325818168632105,25,10,20
34,6383,0.8448486608110393,0.00023257440708845953,0.12233738036328541,0.032581384418587225,25,10,20
34,6384,0.8551778763494525,0.00023257408456135245,0.11200817221308038,0.032581377352906206,25,10,20
34,6385,0.8559200538823457,0.00023839538568211444,0.11123260570503778,0.03260894502693493,25,10,20
34,6386,0.8559181022330483,0.0002384028846591559,0.11123455097017251,0.03260894391212038,25,10,20
34,6387,0.856217145730297,0.00023840711229944185,0.11093545342394483,0.032608993733458956,25,10,20
34,6388,0.8571125515372807,0.0002383959608207802,0.11004287202725656,0.03260618047464223,25,10,20
34,6389,0.8410264961511433,0.00023930000703040226,0.12612705925040138,0.03260714459142475,25,10,20
34,6390,0.8409281597647476,0.000239299989972621,0.1262254447533746,0.032607095491905366,25,10,20
34,6391,0.8432343387840006,0.00023347545536990755,0.12395233746339099,0.03257984829723862,25,10,20
34,6392,0.8423696795554639,0.00023347144235500022,0.12481181562875435,0.03258503337342693,25,10,20
34,6393,0.8402072341798964,0.0002334784549691702,0.12697424842479144,0.03258503894034308,25,10,20
34,6394,0.8588323922839594,0.0002269475582515662,0.10835616138327099,0.032584498774518175,25,10,20
34,6395,0.8595082275421575,0.00022647953766821916,0.10768282511696116,0.03258246780321316,25,10,20
34,6396,0.8596501522981842,0.00022647127359182284,0.10754123762310258,0.03258213880512145,25,10,20
34,6397,0.8595896755089094,0.00022647140873230227,0.107601930499175,0.03258192258318335,25,10,20
34,6398,0.8657255449257566,0.0002256971720455795,0.10146678329725324,0.03258197460494434,25,10,20
34,6399,0.8661924079219075,0.00022567245208720402,0.10099981214608567,0.032582107479919416,25,10,20
34,6400,0.8662477202280013,0.00022567194972592097,0.10094504003679888,0.03258156778547371,25,10,20
34,6401,0.8662503675387729,0.00022567207333622558,0.10094237877181678,0.03258158161607385,25,10,20
34,6402,0.8660937038581522,0.00022567243446490113,0.10109904043095304,0.03258158327642948,25,10,20
34,6403,0.8537691410305811,0.00022567723529080412,0.11342153824635576,0.03258364348777236,25,10,20
34,6404,0.8536749720045463,0.00022566964188150258,0.11351571975134987,0.03258363860222193,25,10,20
34,6405,0.8528320277153131,0.00022567405396663624,0.1143497406512086,0.032592557579511475,25,10,20
34,6406,0.8437026731444814,0.00022566845260909546,0.12348116862612273,0.032590489776786614,25,10,20
34,6407,0.8661433717234952,0.0002256840281317184,0.10220238213098537,0.03142856211738768,25,10,20
34,6408,0.8641051649650124,0.00022568370804387,0.10424061057535546,0.03142854075158807,25,10,20
34,6409,0.8623895989063308,0.00022511893338294793,0.10595882216820034,0.031426459992086334,25,10,20
34,6410,0.8710101634381725,1.2596905459025834e-06,0.09757288036497636,0.031415696506305414,25,10,20
34,6411,0.8668735550876302,1.3481342706250704e-06,0.10170734373802506,0.03141775304007479,25,10,20
34,6412,0.8883256761179652,1.3133242358661087e-06,0.10915748536721064,0.0025155251905888388,25,10,20
34,6413,0.8792951186628514,1.3193295302580318e-06,0.11818828231157269,0.0025152796960461023,25,10,20
34,6414,0.8984354859519348,1.4224056908155983e-06,0.09904653739250856,0.0025165542498661523,25,10,20
34,6415,0.8973850399950024,1.4344121062350744e-06,0.10009760790983822,0.002515917683053585,25,10,20
34,6416,0.8976134021507525,1.4184318001499202e-06,0.09986927025768413,0.0025159091597636023,25,10,20
34,6417,0.9024701608309331,1.3154731360353354e-06,0.0950133535479951,0.0025151701479357792,25,10,20
34,6418,0.9007486633507401,1.3147629844444084e-06,0.0967347808509383,0.0025152410353373443,25,10,20
34,6419,0.9014251508103286,1.3143988354184512e-06,0.09606355170091171,0.002509983089924511,25,10,20
34,6420,0.9015762207381383,1.3128760410536538e-06,0.09591248648643826,0.0025099798993827105,25,10,20
34,6421,0.9260609599109881,3.982103212612822e-07,0.07142982768500133,0.0025088141936892116,25,10,20
34,6422,0.9208804839076618,3.9816498598161806e-07,0.0766103187807246,0.0025087991466276765,25,10,20
34,6423,0.934463123741765,3.930701161492067e-07,0.06531983924099419,0.00021664394712454405,25,10,20
34,6424,0.9262559224753738,4.120565729164079e-07,0.07346566931550018,0.0002779961525530589,25,10,20
34,6425,0.9235266815311064,4.1050423951437807e-07,0.07619492346754761,0.00027798449710635364,25,10,20
34,6426,0.9255973667293744,4.1638787134383e-07,0.07412420948268322,0.0002780074000708661,25,10,20
34,6427,0.9179779402808967,9.332211143710091e-07,0.08174307231248681,0.00027805418550263573,25,10,20
34,6428,0.9255348207805674,9.165695471134004e-07,0.07424800533038677,0.00021625731949872514,25,10,20
34,6429,0.9253470398854786,9.206376071771004e-07,0.07443577262963952,0.00021626684727459245,25,10,20
34,6430,0.9295816086933084,8.32292908922014e-07,0.07020333811431714,0.00021422089946531806,25,10,20
34,6431,0.9259644622998292,1.7541941405100106e-06,0.07365165589435882,0.0003821276116713828,25,10,20
34,6432,0.9431202063762271,1.7381868854739197e-06,0.056431519372211074,0.0004465360646761684,25,10,20
34,6433,0.9167326534932413,1.7386336893890288e-06,0.08281908753931452,0.00044652033375487205,25,10,20
34,6434,0.9244384707453689,1.2218308256097545e-06,0.07511383958425895,0.00044646783954638427,25,10,20
34,6435,0.923842232879589,1.2160926672493285e-06,0.0755830345546632,0.0005735164730803215,25,10,20
34,6436,0.932535742893225,1.210620807239288e-06,0.06688948903860537,0.0005735574473620518,25,10,20
34,6437,0.9326905775905701,1.2105231099449624e-06,0.0667346734562253,0.0005735384300945333,25,10,20
34,6438,0.9352641601819398,3.176695716848943e-07,0.06432986813676678,0.00040565401172171065,25,10,20
34,6439,0.9439968189419826,9.770713697292405e-07,0.05563784748118781,0.00036435650545921716,25,10,20
34,6440,0.9420957215782415,9.774772476961773e-07,0.05753835881258975,0.0003649421319204251,25,10,20
34,6441,0.9418568386226086,9.787450731368458e-07,0.05777696038398578,0.0003652222483318897,25,10,20
34,6442,0.9427467000226234,9.761985018572704e-07,0.05688698401940773,0.00036533975946633076,25,10,20
34,6443,0.942854058982617,9.757890808114201e-07,0.05677963240551928,0.000365332822782179,25,10,20
34,6444,0.9396469740833521,9.810249335935811e-07,0.059985615790488375,0.0003664291012252118,25,10,20
34,6445,0.9405521937946812,9.716523061277763e-07,0.05908062346938899,0.00036621108362332454,25,10,20
34,6446,0.9264114774272301,9.550565754267453e-07,0.07337948806756224,0.000208079448632243,25,10,20
34,6447,0.9271071184820707,9.465174700419982e-07,0.0727482456132129,0.00014368938724643385,25,10,20
34,6448,0.9228195471536954,9.768470564189098e-07,0.0770354744870469,0.00014400151220135497,25,10,20
34,6449,0.9201351571638999,9.756161591270406e-07,0.07971974658358649,0.00014412063635448218,25,10,20
34,6450,0.9207724506077335,9.727897216019411e-07,0.07908253787315206,0.00014403872939306567,25,10,20
34,6451,0.9206779740793338,9.708800761714543e-07,0.0791759684085738,0.00014508663201626766,25,10,20
34,6452,0.9257803008252301,9.710863744966902e-07,0.0740736407475668,0.00014508734082846253,25,10,20
34,6453,0.9278881824519237,9.641546444992014e-07,0.07196512513975002,0.00014572825368165215,25,10,20
34,6454,0.9277234885592754,9.696847724933332e-07,0.07212921675689345,0.00014632499905858386,25,10,20
34,6455,0.9259685142717383,1.0290183433219883e-06,0.07388477824781484,0.00014567846210339933,25,10,20
34,6456,0.9259457855435207,4.1121495203070855e-07,0.07391289009025674,0.00014091315127051198,25,10,20
34,6457,0.925865966352285,4.1261007518070484e-07,0.07399269161562641,0.00014092942201327494,25,10,20
34,6458,0.9516761714517032,4.121483621252891e-07,0.04818247719381052,0.00014093920612387697,25,10,20
34,6459,0.9519533822310303,4.1219156447992394e-07,0.04790526503562567,0.00014094054177952051,25,10,20
34,6460,0.9524855741189227,4.091429139316555e-07,0.04737308266081089,0.0001409340773520577,25,10,20
34,6461,0.9462488404660347,4.147695067575691e-07,0.05361000896648635,0.00014073579797184075,25,10,20
34,6462,0.951831476979576,4.0803272860217285e-07,0.04802914701310232,0.0001389679745926907,25,10,20
34,6463,0.9518587351271184,4.0794755319078037e-07,0.04800189020451619,0.0001389667208119344,25,10,20
34,6464,0.9519351748825887,4.0780986893127577e-07,0.04792545155445475,0.00013896575308708646,25,10,20
34,6465,0.9498351161571152,4.1098057726497485e-07,0.05002485799820154,0.0001396148641056267,25,10,20
34,6466,0.9501307510073529,4.1109049643600635e-07,0.04972922250629461,0.00013961539585591678,25,10,20
34,6467,0.9389842768409206,4.245451361637156e-07,0.060874834618913506,0.00014046399502948588,25,10,20
34,6468,0.9411594663643256,4.213384049769542e-07,0.05870029754963262,0.00013981474763665778,25,10,20
34,6469,0.9402543835212994,4.838852314539091e-07,0.0596053086634994,0.0001398239299694572,25,10,20
34,6470,0.9402614397564192,4.838569035686631e-07,0.059598258177665925,0.0001398182090111088,25,10,20
34,6471,0.9401722750676659,4.881633765210015e-07,0.05968739550360402,0.00013984126535343462,25,10,20
34,6472,0.945604487177116,4.2861439774729893e-07,0.05425558175243925,0.0001395024560470301,25,10,20
34,6473,0.9414326018908976,3.7375062162672185e-07,0.05839955465100658,0.00016746970747390504,25,10,20
34,6474,0.9442471058875967,3.740088082704654e-07,0.05558541399951551,0.00016710610407917316,25,10,20
34,6475,0.9441725236787896,3.752871009448111e-07,0.055659317709784946,0.00016778332432415576,25,10,20
34,6476,0.9435938460119754,3.9860304442457485e-07,0.05623795541262746,0.00016779997235250127,25,10,20
34,6477,0.9412396476183581,3.98699131654429e-07,0.05859281768504468,0.00016713599746517069,25,10,20
34,6478,0.9407488880958578,3.992933045206501e-07,0.059083434838523886,0.000167277772313744,25,10,20
34,6479,0.9416950042051896,5.856468642024354e-06,0.05813168512542635,0.00016745420074172726,25,10,20
34,6480,0.9551423859358964,5.854667488942149e-06,0.04468430411803749,0.0001674552785768547,25,10,20
34,6481,0.9657866527415028,5.843017960242759e-06,0.034040894243738004,0.00016660999679895416,25,10,20
34,6482,0.9663060364019792,5.841219382602455e-06,0.033521515756053756,0.00016660662258438273,25,10,20
34,6483,0.9669614244706232,5.817875004752266e-06,0.03286616268344242,0.00016659497092976676,25,10,20
34,6484,0.9642335291119799,5.766038317489003e-06,0.03559412798925498,0.00016657686044792066,25,10,20
34,6485,0.963821848861313,5.7664086846024515e-06,0.036005712170387845,0.0001666725596149168,25,10,20
34,6486,0.9637318715856766,5.767480598342677e-06,0.03609567400084587,0.00016668693287950017,25,10,20
34,6487,0.9600206697009658,0.0005624714120711535,0.0391780144887675,0.0002388443981959588,25,10,20
34,6488,0.9637634768031883,0.000562460626403524,0.03543521880984925,0.0002388437605593767,25,10,20
34,6489,0.9636171519071318,0.0005624645064766863,0.035581529143790286,0.00023885444260153055,25,10,20
34,6490,0.967926597851801,0.0005624662215339117,0.0312980247805577,0.00021291114610734322,25,10,20
34,6491,0.9551602121779894,0.0005624668014115323,0.04419012035959497,8.720066100465546e-05,25,10,20
34,6492,0.9549347721367729,0.0005624714731243326,0.044415557480023134,8.719891007996064e-05,25,10,20
34,6493,0.9559316375098506,0.0005624709207255815,0.04341879390879646,8.709766062763652e-05,25,10,20
34,6494,0.9577623530274415,0.0005624706508190021,0.041588130066676963,8.704625506289945e-05,25,10,20
34,6495,0.9533171899059808,0.0005624736401299467,0.04603328953747255,8.704691641770968e-05,25,10,20
34,6496,0.9531297935608884,0.0005624694594771303,0.04622071221448275,8.702476515250054e-05,25,10,20
34,6497,0.9532379409942116,0.0005622501332395374,0.04611293690964763,8.687196290204655e-05,25,10,20
34,6498,0.9530972886575637,0.000562627330753377,0.04625318069204191,8.690331964160224e-05,25,10,20
34,6499,0.9576342686612956,0.0005626242749745882,0.041716226221446454,8.688084228371709e-05,25,10,20
34,6500,0.9576940995932237,0.0005626231689462612,0.0416564109311391,8.686630669108955e-05,25,10,20
34,6501,0.9653599710472777,0.0005626232835546397,0.033990539159950706,8.686650921722369e-05,25,10,20
34,6502,0.9636678847603265,0.0005626271795893877,0.03568248363495961,8.700442512478833e-05,25,10,20
34,6503,0.9637084924625157,0.0005626222105091354,0.03564190265924058,8.698266773486198e-05,25,10,20
34,6504,0.9641429183055322,0.0005626230199258713,0.03520749977308395,8.695890145816668e-05,25,10,20
34,6505,0.9647812544882639,0.0005626301779956208,0.034567522508833666,8.859282490701507e-05,25,10,20
34,6506,0.9664053985997212,0.0005626286333281608,0.03294342695379762,8.854581315315408e-05,25,10,20
34,6507,0.9664086216938395,0.0005626287262189638,0.03294019916877653,8.855041116491726e-05,25,10,20
34,6508,0.9645652551945727,0.0005626295025451,0.03478355690294308,8.855839993920201e-05,25,10,20
34,6509,0.9646767169566195,0.0005626294606284692,0.03467209501403469,8.855856871760716e-05,25,10,20
34,6510,0.9648386263286329,0.0005622496351591068,0.03451059627442048,8.85277617876926e-05,25,10,20
34,6511,0.9650441579124547,0.0005622616033737,0.034304983881868485,8.859660230337149e-05,25,10,20
34,6512,0.9599333712487599,0.0005626220807356338,0.03931667801572812,0.00018732865477617835,25,10,20
34,6513,0.9598219863905486,0.0005626242023347773,0.03942793892660867,0.00018745048050778162,25,10,20
34,6514,0.9644578843196575,0.0005622632318272321,0.03489111389668651,8.873855182849676e-05,25,10,20
34,6515,0.9643892230665643,0.0005622583830424451,0.0349603529349315,8.81656154617349e-05,25,10,20
34,6516,0.9644032189336709,0.0005622461424042145,0.03494644406712815,8.809085679664281e-05,25,10,20
34,6517,0.965132962726131,0.0005622046429102557,0.03414646754646554,0.00015836508449308868,25,10,20
34,6518,0.9512584007384451,0.0005626177649050214,0.04802060689596991,0.0001583746006795154,25,10,20
34,6519,0.9385036264597879,0.0005638443192551544,0.06077772110381081,0.0001548081171455963,25,10,20
34,6520,0.9162930753394615,0.0005638548723825329,0.08298826381122203,0.00015480597693361795,25,10,20
34,6521,0.9160582130749135,0.0005639930514197542,0.08322295989518158,0.00015483397848475522,25,10,20
34,6522,0.917314128663043,0.0005640059257953525,0.08196655378706504,0.00015531162409641332,25,10,20
34,6523,0.9175450366798408,0.0005640052469882204,0.08173566996551193,0.00015528810765869823,25,10,20
34,6524,0.9210215468857668,7.304902543662541e-06,0.07887580133015745,9.534688153215912e-05,25,10,20
34,6525,0.9207451545834126,7.305308043789197e-06,0.07915212882844515,9.541128009851585e-05,25,10,20
34,6526,0.9205119406362209,7.305297319128243e-06,0.07938533804413211,9.541602232778632e-05,25,10,20
34,6527,0.9206675465967565,7.304897129457024e-06,0.07922979606489677,9.535244121715395e-05,25,10,20
34,6528,0.9259919202779118,1.8422547473085692e-06,0.07391099079762886,9.52466697120224e-05,25,10,20
34,6529,0.9260328902495627,1.8420238512338558e-06,0.07387002689379761,9.524083278852624e-05,25,10,20
34,6530,0.9261584122731104,1.8372298678252125e-06,0.07374450368100384,9.524681601816645e-05,25,10,20
34,6531,0.9258895747724124,1.8392444311991923e-06,0.07401330804481887,9.527793833758777e-05,25,10,20
34,6532,0.9264751649776636,1.8354577755190208e-06,0.07343663749754852,8.636206701240993e-05,25,10,20
34,6533,0.9282020838007967,1.8346910849079611e-06,0.07170972668774636,8.635482037204434e-05,25,10,20
34,6534,0.928435349581065,1.834532358007389e-06,0.07154693221950818,1.5883667068715512e-05,25,10,20
34,6535,0.9282528077409944,1.8345543831952256e-06,0.0717295400981839,1.5817606438550494e-05,25,10,20
34,6536,0.9284055193770753,1.860342037043763e-06,0.07156977242934345,2.284785154424652e-05,25,10,20
34,6537,0.9282944994982035,1.859292149450637e-06,0.0716808646637287,2.2776545918305736e-05,25,10,20
34,6538,0.9284104521438947,1.8593799854090183e-06,0.0715648050596881,2.288341643182667e-05,25,10,20
34,6539,0.9228129226005167,2.055852920514275e-06,0.07716245557257669,2.2565973986094015e-05,25,10,20
34,6540,0.9343017744791422,2.0675251364639676e-06,0.06567156786961612,2.4590126105193785e-05,25,10,20
34,6541,0.9338422132001718,2.068625343897075e-06,0.06613110261845156,2.4615556032677167e-05,25,10,20
34,6542,0.9093942497988334,0.0018660041146620334,0.08869069095707856,4.905512942642838e-05,25,10,20
34,6543,0.9080683810601061,0.0018660137098092686,0.09001426028288705,5.1344947197828176e-05,25,10,20
34,6544,0.9076721260124198,0.0018660186758242539,0.0904104628959334,5.13924158229806e-05,25,10,20
34,6545,0.904945693090899,0.0018661136784388869,0.0931359532189427,5.224001171996195e-05,25,10,20
34,6546,0.8888466715305495,0.001866740007924102,0.10923325183654396,5.333662498277064e-05,25,10,20
34,6547,0.9131798999632552,2.8045167678446896e-06,0.08678840442653403,2.8891093443174034e-05,25,10,20
34,6548,0.9257423409716469,1.5647426597989044e-06,0.07422435284457567,3.174144111757373e-05,25,10,20
34,6549,0.9262496548644719,1.5637474382169693e-06,0.0737170587644416,3.17226236483754e-05,25,10,20
34,6550,0.9223998629880306,1.496122883377188e-06,0.07755568726368497,4.295362540111723e-05,25,10,20
34,6551,0.92325210547082,1.594093296357376e-06,0.07670655797957145,3.974245631218673e-05,25,10,20
34,6552,0.9212563533350832,1.5945617563946256e-06,0.07870224651834426,3.980558481597954e-05,25,10,20
34,6553,0.9198089109825063,1.5944910033936302e-06,0.08014968348001349,3.9811046476364595e-05,25,10,20
34,6554,0.9240812707812976,1.5236210365198086e-06,0.0758886579637991,2.854763386660473e-05,25,10,20
34,6555,0.9150674253974423,1.6031396453099246e-06,0.08490237122586143,2.8600237050542e-05,25,10,20
34,6556,0.9154015308941642,1.5768229444286587e-06,0.08457546335159534,2.14289312957557e-05,25,10,20
34,6557,0.9145556355298362,1.5770320204545297e-06,0.0854214746681937,2.1312769949529052e-05,25,10,20
34,6558,0.9147917850711542,1.5770760230393045e-06,0.08518532488867957,2.131296414324624e-05,25,10,20
34,6559,0.9141659127197752,1.5816771136211008e-06,0.08581118648992066,2.131911319059924e-05,25,10,20
34,6560,0.9142426730144778,1.5796639483466783e-06,0.08573548779746097,2.0259524112863776e-05,25,10,20
34,6561,0.9152121597371861,1.6678483600036552e-06,0.08476884072226012,1.733169219381922e-05,25,10,20
34,6562,0.9223974712299294,1.5913824816816606e-06,0.07758363827886362,1.7299108725415774e-05,25,10,20
34,6563,0.9253827808838101,1.4914209023523552e-06,0.07459932270702484,1.6404988262952044e-05,25,10,20
34,6564,0.9202277805328696,1.577669887595044e-06,0.07975418219243927,1.6459604803655694e-05,25,10,20
34,6565,0.9203342488698154,1.5776706145372422e-06,0.07964770876127121,1.646469829909864e-05,25,10,20
34,6566,0.9176753279104577,1.5927009566065333e-06,0.08230660456625834,1.6474822327496382e-05,25,10,20
34,6567,0.9225206322886679,1.591518173080491e-06,0.0774613920670554,1.6384126103759363e-05,25,10,20
34,6568,0.9213496532866269,1.5917715180554912e-06,0.07863232381693556,1.6431124919371335e-05,25,10,20
34,6569,0.9168171753670716,3.3716520018923836e-06,0.08317165149800773,7.801482918627313e-06,25,10,20
34,6570,0.9167125506459561,3.3716667340425084e-06,0.08327628229084687,7.795396462905978e-06,25,10,20
34,6571,0.9130003753593751,3.35563941059361e-06,0.08698851617504928,7.75282616521035e-06,25,10,20
34,6572,0.9126690663107527,3.3556440915651773e-06,0.08731980997805323,7.768067102464018e-06,25,10,20
34,6573,0.9134999648508757,3.3553345539832576e-06,0.0864888992907979,7.780523772522853e-06,25,10,20
34,6574,0.9132527515952339,3.363656389769265e-06,0.08673609381228169,7.790936094716436e-06,25,10,20
34,6575,0.893376540351356,5.0568491700504254e-05,0.10656492314459033,7.968012353106868e-06,25,10,20
34,6576,0.8905335365060658,3.362343888266887e-06,0.10945521354461916,7.887605426932806e-06,25,10,20
34,6577,0.8896542343994729,3.3627070661267157e-06,0.11033451003887322,7.892854588076606e-06,25,10,20
34,6578,0.8895667581310015,3.3534597980740263e-06,0.11042200507155886,7.88333764189522e-06,25,10,20
34,6579,0.8857658410771875,3.3582732766885066e-06,0.11422109996640949,9.700683126708685e-06,25,10,20
34,6580,0.8998511379673024,2.9451492625264214e-06,0.1001362258893522,9.690994083011107e-06,25,10,20
34,6581,0.9177644542025001,3.1638854942757e-06,0.08222287556944158,9.506342563602224e-06,25,10,20
34,6582,0.9222841736454565,3.036072264120374e-06,0.07770327602630381,9.514255975364627e-06,25,10,20
34,6583,0.9267765124450699,1.2625015756704853e-06,0.07321554033260798,6.684720746316852e-06,25,10,20
34,6584,0.927281044484878,9.050009692580366e-06,0.07270232632925229,7.579176177228812e-06,25,10,20
34,6585,0.9257909445044841,9.054415994037386e-06,0.0741923960524825,7.605027039410653e-06,25,10,20
34,6586,0.9114140055043994,9.056409784940042e-06,0.08856907892334447,7.859162471503731e-06,25,10,20
34,6587,0.9123625121990306,9.056038908837987e-06,0.08762057702827876,7.854733782074038e-06,25,10,20
34,6588,0.9008955299865032,9.063346649126346e-06,0.09908752554944822,7.881117399665503e-06,25,10,20
34,6589,0.9023515589538295,9.056364191773794e-06,0.09763057121709634,8.813464882832067e-06,25,10,20
34,6590,0.9037659415396111,9.059113716778746e-06,0.09618439806264939,4.0601284023161794e-05,25,10,20
34,6591,0.9248840717146277,9.048644873574937e-06,0.07506622690154245,4.06527389565109e-05,25,10,20
34,6592,0.9225729258523299,8.96699138077334e-06,0.07737747121182914,4.063594446061439e-05,25,10,20
34,6593,0.9273226203673646,8.747517250092567e-06,0.07262799510718476,4.0637008201111195e-05,25,10,20
34,6594,0.9268403400496734,8.751057721515618e-06,0.07310942988205886,4.147901054673089e-05,25,10,20
34,6595,0.9270005278393437,8.74217307075203e-06,0.07294974881205561,4.098117553061443e-05,25,10,20
34,6596,0.9096475831557785,9.649264786068011e-06,0.09030173356365827,4.1034015777650766e-05,25,10,20
34,6597,0.9136986714897349,9.644391224586836e-06,0.08625248237395286,3.920174508805596e-05,25,10,20
34,6598,0.9199164684277004,9.644595609812023e-06,0.08003468858957792,3.919838711252199e-05,25,10,20
34,6599,0.9197408983446413,9.650840839328116e-06,0.08021005928721588,3.9391527304018656e-05,25,10,20
34,6600,0.9168890672176796,9.65323412155918e-06,0.08306272893641925,3.855061178026423e-05,25,10,20
34,6601,0.9181792257294199,9.648967143901004e-06,0.08177258129070542,3.854401273148955e-05,25,10,20
34,6602,0.9108364124251354,9.876038683773317e-06,0.08911232827658752,4.13832595943979e-05,25,10,20
34,6603,0.9148431884748323,9.8425137595963e-06,0.08510554458483875,4.142442657050681e-05,25,10,20
34,6604,0.9161121958785013,9.73224848808215e-06,0.08383680768130232,4.126419170950567e-05,25,10,20
34,6605,0.9161834416725272,9.732439181609568e-06,0.08376555227817237,4.127361012004149e-05,25,10,20
34,6606,0.9060608973170615,9.973966150635916e-06,0.09388782295397377,4.1305762815058154e-05,25,10,20
34,6607,0.9188397356870622,9.725642130295594e-06,0.08110926230263146,4.127636817731196e-05,25,10,20
34,6608,0.9137965968077115,9.736154388769543e-06,0.08613936912957558,5.4297908325256094e-05,25,10,20
34,6609,0.9015684893776386,0.00015737113678634243,0.09821983498954552,5.430449603028846e-05,25,10,20
34,6610,0.9015370561532753,0.00015737129474282206,0.09825124682859514,5.4325723387520315e-05,25,10,20
34,6611,0.9107886366682135,0.000157364773197051,0.08899993046150831,5.40680970816506e-05,25,10,20
34,6612,0.9264295216055219,0.00015673979478582968,0.07335904515209873,5.4693447593537856e-05,25,10,20
34,6613,0.9272335873811626,0.00014895216554220716,0.07256369103035976,5.3769422935472613e-05,25,10,20
34,6614,0.9261990986106383,0.00014895251268512972,0.07359816370284512,5.378517383172024e-05,25,10,20
34,6615,0.9178806420730681,0.00014923667667291417,0.08191631560098625,5.38056492725659e-05,25,10,20
34,6616,0.9227718146773347,0.00014922690704075606,0.0770381648140566,4.079360156782657e-05,25,10,20
34,6617,0.9314604454350633,0.00014899016267789773,0.06835490077434171,3.5663627917235176e-05,25,10,20
34,6618,0.9312826400784624,0.00014898861476756733,0.06856429745340543,4.073853364743339e-06,25,10,20
34,6619,0.9311145181595982,0.0001489909412672411,0.06873233461155309,4.156287581505781e-06,25,10,20
34,6620,0.9285121830034222,0.00014898879141170995,0.07133467939692271,4.148808243131228e-06,25,10,20
34,6621,0.9304989987128321,0.00014810233853464308,0.06934854589590965,4.353052723038522e-06,25,10,20
34,6622,0.9349548671053937,0.000148101928206166,0.06489268156568379,4.349400716089678e-06,25,10,20
34,6623,0.9348121303252678,0.00014810462794988063,0.06503542536145471,4.339685327077575e-06,25,10,20
34,6624,0.9346299958706404,0.00014810468655358309,0.065214249140947,7.650301858504285e-06,25,10,20
34,6625,0.9344304782988507,0.00014810659367792952,0.06541347136074051,7.94374673073333e-06,25,10,20
34,6626,0.9348412835240301,0.00014809996450048299,0.06500289015835035,7.726353118813477e-06,25,10,20
34,6627,0.934805277193147,0.0001480995111518992,0.065029513523972,1.710977172884868e-05,25,10,20
34,6628,0.9258942077476991,0.00014864763201125224,0.0737998698630334,0.00015727475725591536,25,10,20
34,6629,0.9256160210887222,0.00014864785540893681,0.07407801439150045,0.00015731666436805597,25,10,20
34,6630,0.9261589056292964,0.00014864752347442628,0.07353846167438846,0.0001539851728403635,25,10,20
34,6631,0.9381044579762855,1.0146721036585318e-06,0.061740248690868464,0.00015427866074198266,25,10,20
34,6632,0.9426374465663094,1.0144749022191876e-06,0.05720820563309398,0.00015333332569378346,25,10,20
34,6633,0.9421394511945884,9.945033959425875e-07,0.0577064729390416,0.00015308136297346192,25,10,20
34,6634,0.9416808771180766,1.0008631518580214e-06,0.058165329083158766,0.00015279293561214682,25,10,20
34,6635,0.9478835278598073,7.173189276801527e-07,0.051962993550214186,0.00015276127105026788,25,10,20
34,6636,0.9482122021377992,7.142027490672948e-07,0.05163433685026777,0.00015274680918337627,25,10,20
34,6637,0.9218655797080157,7.144677866538088e-07,0.07798095855302066,0.0001527472711761268,25,10,20
34,6638,0.9251520414394065,7.085585099858171e-07,0.07469450875122272,0.00015274125085991226,25,10,20
34,6639,0.9220271451518189,7.108415011188665e-07,0.07781939187220532,0.0001527521344737454,25,10,20
34,6640,0.924253784566439,7.09505911675454e-07,0.07559273843292276,0.00015276749472592044,25,10,20
34,6641,0.9152782112621091,7.874694148849391e-07,0.0845677069935735,0.00015329427490193897,25,10,20
34,6642,0.9157161156575251,7.896545554511374e-07,0.08412981014871664,0.0001532845392022768,25,10,20
34,6643,0.916607790017086,7.11459313320726e-07,0.08323838892348061,0.00015310960011903074,25,10,20
34,6644,0.9151492149267814,7.102649623113487e-07,0.08469694851152532,0.000153126296730051,25,10,20
34,6645,0.9071765237057516,7.406902162830653e-06,0.09265789932338869,0.0001581700686957423,25,10,20
34,6646,0.90372529146239,7.355182871486215e-06,0.09610762137082193,0.0001597319839159617,25,10,20
34,6647,0.9037251405125414,7.352907990939413e-06,0.09610782945405662,0.00015967712541045117,25,10,20
34,6648,0.9019713855451192,7.354871670241045e-06,0.09786159875248983,0.00015966083072016236,25,10,20
34,6649,0.9037288033106938,9.192714793279717e-06,0.09610234908167797,0.0001596548928344465,25,10,20
34,6650,0.9026124261351163,9.314890885072313e-06,0.09721845000070015,0.0001598089732978545,25,10,20
34,6651,0.9116948860036093,8.77098772782913e-06,0.0882772461817176,1.9096826944587417e-05,25,10,20
34,6652,0.9113691517839055,8.771226052467678e-06,0.08860296533280895,1.911165723244504e-05,25,10,20
34,6653,0.9115199976784183,8.764006820938352e-06,0.08845213780133784,1.910051342242472e-05,25,10,20
34,6654,0.9070288256247372,8.840764505890787e-06,0.09294323452680209,1.9099083954366894e-05,25,10,20
34,6655,0.911995146301599,8.849433212036979e-06,0.0879395026318196,5.650163336926431e-05,25,10,20
34,6656,0.9133116615514476,8.849076289250532e-06,0.08659365534684373,8.583402541936711e-05,25,10,20
34,6657,0.9134647139303186,8.849232127695418e-06,0.0864406255778347,8.581125971879544e-05,25,10,20
34,6658,0.8769523958747497,8.89300696970935e-06,0.12295291042852956,8.580068975037292e-05,25,10,20
34,6659,0.8738675585578752,9.059568416821562e-06,0.12603562392870743,8.775794499984172e-05,25,10,20
34,6660,0.876571151301339,9.070389942158322e-06,0.12336298477751076,5.679353120762918e-05,25,10,20
34,6661,0.8815938507964864,8.990201747996663e-06,0.11834033480057597,5.682420118914699e-05,25,10,20
34,6662,0.8972441831511087,8.995309614450837e-06,0.10268992000223236,5.6901537044041436e-05,25,10,20
34,6663,0.8965704971649445,1.0568788279335643e-05,0.10336200080224822,5.693324452739117e-05,25,10,20
34,6664,0.9065171782339757,1.0490404370268286e-05,0.09341595315256024,5.637820909325281e-05,25,10,20
34,6665,0.9063673955193763,1.0490149755534597e-05,0.09356576055292748,5.63537779402084e-05,25,10,20
34,6666,0.8981427430675204,8.991230996206822e-06,0.10179196912543112,5.6296576051774435e-05,25,10,20
34,6667,0.9271291417019489,2.487614558706729e-06,0.07281621175561415,5.215892787797479e-05,25,10,20
34,6668,0.9303527641605472,2.4838384317421364e-06,0.06959258960171595,5.2162399304778424e-05,25,10,20
34,6669,0.9349591280793028,2.295370572043246e-06,0.06498670879615863,5.186775396632354e-05,25,10,20
34,6670,0.897115568942656,2.3219131743455906e-06,0.10283023641656816,5.187272760199114e-05,25,10,20
34,6671,0.8959459438232255,2.321013118362717e-06,0.10399954015581768,5.2195007838855356e-05,25,10,20
34,6672,0.8950353313213586,2.8432185109108117e-06,0.10490704435263444,5.4781107496490634e-05,25,10,20
34,6673,0.8951448661709999,2.8430128877446427e-06,0.10479752798547494,5.47628306381717e-05,25,10,20
34,6674,0.9318108790428322,2.7995085176578485e-06,0.06813156143415902,5.4760014490892384e-05,25,10,20
34,6675,0.9328131470635231,2.6791421489815336e-06,0.06712903534234466,5.51384519828945e-05,25,10,20
34,6676,0.9335885146807503,2.670580003989126e-06,0.06635368301085025,5.513172839508233e-05,25,10,20
34,6677,0.9372608934428355,8.326641204597879e-07,0.0626831414005966,5.513249244710032e-05,25,10,20
34,6678,0.937319510413359,9.034513887473373e-07,0.06262428960690887,5.529652834299811e-05,25,10,20
34,6679,0.9190093192357185,1.791491617547194e-05,0.08092676586422685,4.599998387911478e-05,25,10,20
34,6680,0.9186133348649147,1.7918887256397303e-05,0.08132165853293045,4.7087714898034974e-05,25,10,20
34,6681,0.9085479087791356,1.807593652809309e-05,0.09135180248722369,8.22127971121564e-05,25,10,20
34,6682,0.8938627554955496,1.857710765580546e-05,0.10603634865431295,8.231874248139571e-05,25,10,20
34,6683,0.8971280400623255,1.8719363256143808e-05,0.10277090667613799,8.233389828022542e-05,25,10,20
34,6684,0.9001817850758874,1.8719538545936214e-05,0.09971716165826741,8.233372729908708e-05,25,10,20
34,6685,0.9008492736076533,1.8714722806646493e-05,0.09904976632424521,8.22453452945068e-05,25,10,20
34,6686,0.8995690889176388,1.8715641923926676e-05,0.10032994573192067,8.224970851648419e-05,25,10,20
34,6687,0.9019820335377383,1.855001325636722e-05,0.09791912580296984,8.029064603528142e-05,25,10,20
34,6688,0.9022538127034333,1.8549460890601442e-05,0.09764740933442102,8.022850125495518e-05,25,10,20
34,6689,0.9022683994228597,1.8549437213334006e-05,0.09763282698099793,8.022415892889455e-05,25,10,20
34,6690,0.902694769306023,1.8547963961944898e-05,0.09720819572584649,7.848700416863256e-05,25,10,20
34,6691,0.9033758289298999,1.8547797507813407e-05,0.0965271497877364,7.847348485602736e-05,25,10,20
34,6692,0.903046727997459,1.8545661971383727e-05,0.09685622546507572,7.850087549386661e-05,25,10,20
34,6693,0.9034852812571628,1.8546124931916932e-05,0.0964176611377575,7.851148014781062e-05,25,10,20
34,6694,0.941297449432941,1.851979482020001e-05,0.05860553005587593,7.850071636249799e-05,25,10,20
34,6695,0.9404325084860852,1.8537065171897585e-05,0.05947013398519926,7.882046354324469e-05,25,10,20
34,6696,0.9398357514656073,1.8544946243190798e-05,0.060067354371097136,7.834921705210207e-05,25,10,20
34,6697,0.9398590853378991,1.854492247981785e-05,0.06004402283659957,7.834690302108664e-05,25,10,20
34,6698,0.9398393920381154,1.8545453495651706e-05,0.06006359852438347,7.846398400457639e-05,25,10,20
34,6699,0.9362499641087377,1.854712994986763e-05,0.0636523283904163,7.916037089523145e-05,25,10,20
34,6700,0.9360069703321916,1.8595352433742987e-05,0.0638950163552462,7.941796012763277e-05,25,10,20
34,6701,0.9094371595056978,1.859627620636255e-05,0.09046505875138498,7.91854667115009e-05,25,10,20
34,6702,0.9094170550014732,1.8596432800202984e-05,0.09048513401027987,7.921455544714136e-05,25,10,20
34,6703,0.9074744574331749,1.8633348087899944e-05,0.09242768347490231,7.922574383540363e-05,25,10,20
34,6704,0.9075273675413009,1.8632907398573157e-05,0.0923748019272748,7.9197624026182e-05,25,10,20
34,6705,0.9255986365866232,1.6215254911204022e-06,0.07432059536163091,7.914652625423312e-05,25,10,20
34,6706,0.9229466595861854,1.6669335450299243e-06,0.07697233164748592,7.934183278356299e-05,25,10,20
34,6707,0.9150680078937506,4.9514313633922475e-06,0.08484767570793389,7.936496695256857e-05,25,10,20
34,6708,0.9430118009313339,4.9502738331091395e-06,0.05690396713843527,7.928165639703227e-05,25,10,20
34,6709,0.9554605852733451,4.449037810202336e-06,0.044455794812682504,7.917087616177122e-05,25,10,20
34,6710,0.9550506550673131,5.032358681527079e-06,0.04486467726991604,7.96353040888022e-05,25,10,20
34,6711,0.9578608700635886,4.938101595146748e-06,0.04205490681137107,7.928502344462203e-05,25,10,20
34,6712,0.9537456110458894,4.938284618536344e-06,0.04615855835047051,9.089231902100613e-05,25,10,20
34,6713,0.9577387760456585,4.940464869639882e-06,0.04217291677170294,8.336671776838179e-05,25,10,20
34,6714,0.9640754843860202,4.712286192109101e-06,0.03583644733431026,8.335599347704621e-05,25,10,20
34,6715,0.9667203423179805,4.712102478544064e-06,0.03319227899220955,8.266658733103092e-05,25,10,20
34,6716,0.9509656745121958,4.727642781201836e-06,0.048943408527188155,8.618931783389019e-05,25,10,20
34,6717,0.9515195926831033,4.721498904138843e-06,0.04842669148944549,4.899432854654394e-05,25,10,20
34,6718,0.9516759316285243,4.719208601000446e-06,0.04827049968731724,4.884947555684324e-05,25,10,20
34,6719,0.9396135444179617,4.741917093899684e-06,0.06033275632716697,4.8957337777260256e-05,25,10,20
34,6720,0.9516539001357021,4.719740518583758e-06,0.048292508627530976,4.887149624789995e-05,25,10,20
34,6721,0.9513636016410828,4.719491543704887e-06,0.04858280892924914,4.8869938124062844e-05,25,10,20
34,6722,0.9520774944658541,4.703048987309177e-06,0.04786464215481079,5.316033034745427e-05,25,10,20
34,6723,0.9347422393898341,4.715483798136434e-06,0.06519983299130307,5.32121350647248e-05,25,10,20
34,6724,0.9358533953404696,4.122514782293224e-06,0.06408979012224608,5.269202250170496e-05,25,10,20
34,6725,0.9397705588582997,3.965541773609993e-06,0.0602079075874558,1.7568012470746822e-05,25,10,20
34,6726,0.9398515420946274,3.964566290401985e-06,0.060126940401482705,1.7552937599367334e-05,25,10,20
34,6727,0.9295748680106922,3.893747197352299e-06,0.0702631534234319,0.00015808481867864637,25,10,20
34,6728,0.9287987935393903,3.894019851910789e-06,0.07104383392928865,0.00015347851146914053,25,10,20
34,6729,0.9401291868804589,3.893779787363907e-06,0.059854188822603904,1.273051714996986e-05,25,10,20
34,6730,0.9409805593115579,3.3751305958802157e-06,0.05900591265507356,1.015290277270931e-05,25,10,20
34,6731,0.9407933635908363,3.396547941032597e-06,0.05919314345634291,1.0096404879852174e-05,25,10,20
34,6732,0.9419433499482678,3.389787113578909e-06,0.05804324742744098,1.001283717770888e-05,25,10,20
34,6733,0.942663576202227,3.3878202909324474e-06,0.057323136455016056,9.899522466269578e-06,25,10,20
34,6734,0.9429404089170521,3.387761264838952e-06,0.057046338124519286,9.86519716417806e-06,25,10,20
34,6735,0.9506918648377563,1.0491657299777944e-07,0.049298361426247134,9.668819423689826e-06,25,10,20
34,6736,0.9505790013219133,1.0495799433822446e-07,0.04941121966255832,9.674057534194567e-06,25,10,20
34,6737,0.9678476640471323,9.662779645534242e-08,0.03214263274498168,9.60658008936783e-06,25,10,20
34,6738,0.9557426319402709,1.242055086329263e-07,0.04424447918490849,1.2764669312045574e-05,25,10,20
34,6739,0.9548167741719934,6.753840339205111e-07,0.04516973597516805,1.281446880473947e-05,25,10,20
34,6740,0.9548192324597933,6.753784673936462e-07,0.04516727808793902,1.281407380043094e-05,25,10,20
34,6741,0.9665038769318087,6.476992713045849e-07,0.033485851801386766,9.623567533087534e-06,25,10,20
34,6742,0.9663157232062286,6.523890848430753e-07,0.03367367134851465,9.953056171746136e-06,25,10,20
34,6743,0.9666518036687755,6.522569475172031e-07,0.033337595291474086,9.948782802606853e-06,25,10,20
34,6744,0.9560348641422888,6.753896122596443e-07,0.04395824487230527,6.215595793692252e-06,25,10,20
34,6745,0.9560101683829045,6.757577132367438e-07,0.04398336907372556,5.786785656558928e-06,25,10,20
34,6746,0.9569529173975901,6.754084011341736e-07,0.043040627677346066,5.779516662500925e-06,25,10,20
34,6747,0.9747508916004739,6.598151794640665e-07,0.025246192698569484,2.255885776916082e-06,25,10,20
34,6748,0.9709891999765791,6.7602027321812755e-06,0.02900131006950505,2.729751183448897e-06,25,10,20
34,6749,0.9709872011984809,6.760208426768605e-06,0.029003275504053586,2.763089038265831e-06,25,10,20
34,6750,0.9495192074489505,7.676549080409923e-06,0.05046305215815777,1.006384381059246e-05,25,10,20
34,6751,0.9555167750008959,7.679987801025177e-06,0.04446548163690687,1.0063374395236644e-05,25,10,20
34,6752,0.9489268775406318,1.2811771243544223e-05,0.05104398109562882,1.6329592495230232e-05,25,10,20
34,6753,0.9489744702754238,1.2811769879000506e-05,0.050996396187508904,1.6321767187116246e-05,25,10,20
34,6754,0.9484152479994339,1.282699510747517e-05,0.0515545834698167,1.7341535640900953e-05,25,10,20
34,6755,0.9484472472585058,1.289778232891286e-05,0.05152251273398915,1.734222517499285e-05,25,10,20
34,6756,0.9484233378873328,1.2898096068297412e-05,0.051546403969478544,1.7360047119192442e-05,25,10,20
34,6757,0.9485180059239812,1.2898026502782044e-05,0.05145174504644847,1.7351003066486616e-05,25,10,20
34,6758,0.9485824003532966,1.2894032233089806e-05,0.05138735425126387,1.735136320528432e-05,25,10,20
34,6759,0.9484773446013176,1.2894141389617769e-05,0.05149240577632071,1.735548097087844e-05,25,10,20
34,6760,0.9459536003792073,1.3074194942279611e-05,0.05401524150405475,1.8083921794844864e-05,25,10,20
34,6761,0.9409457389848209,1.3102701186483568e-05,0.058302410068474676,0.0007387482455170341,25,10,20
34,6762,0.9409838969769896,1.3102641284804208e-05,0.05826425777422184,0.0007387426075028622,25,10,20
34,6763,0.9483395439160095,7.39843023286867e-06,0.050920606573671215,0.0007324510800854188,25,10,20
34,6764,0.9465426683650285,7.398722470232637e-06,0.05268866963551891,0.0007612632769813877,25,10,20
34,6765,0.9457146910806329,7.42600453139548e-06,0.05351664245096477,0.0007612404638700694,25,10,20
34,6766,0.9467178968967858,7.408136627119383e-06,0.05251339526152598,0.0007612997050602424,25,10,20
34,6767,0.946541991167614,7.4079811908689506e-06,0.0526889818399484,0.0007616190112458752,25,10,20
34,6768,0.9595151612701487,6.796392035906438e-06,0.039723164737332485,0.0007548776004826395,25,10,20
34,6769,0.9593808129338978,6.801290518429651e-06,0.039857508420808735,0.0007548773547750399,25,10,20
34,6770,0.9558417227067476,6.8047505127595595e-06,0.04339576830692444,0.0007557042358151525,25,10,20
34,6771,0.948750807258878,1.318919746604417e-05,0.05048001022165792,0.0007559933219979055,25,10,20
34,6772,0.9487835996432061,1.317603699060542e-05,0.05044729821912603,0.0007559261006772112,25,10,20
34,6773,0.9484368341431147,1.3176336923151614e-05,0.05079378977674099,0.0007561997432212142,25,10,20
34,6774,0.9468054743985951,1.3172482662778104e-05,0.05240463711159995,0.0007767160071421848,25,10,20
34,6775,0.9469285374890296,1.3172448508367398e-05,0.05228185058429089,0.0007764394781711482,25,10,20
34,6776,0.9412960836098714,1.3124169059197683e-05,0.05863631730592698,5.447491514209153e-05,25,10,20
34,6777,0.9320090600999376,1.665946831766389e-05,0.06791950102301071,5.477940873383961e-05,25,10,20
34,6778,0.9173746377551041,1.710275337996914e-05,0.08255346740354395,5.479208797186035e-05,25,10,20
34,6779,0.9252516840987236,1.3623208243895154e-05,0.07468019980464455,5.4492888387752644e-05,25,10,20
34,6780,0.9253558757592721,1.3624909859516727e-05,0.07457603519538156,5.4464135486622795e-05,25,10,20
34,6781,0.9049550437109498,1.3683047799000583e-05,0.09497671405141883,5.455918983248273e-05,25,10,20
34,6782,0.900153885377433,1.6183135618549892e-05,0.09980405324686697,2.5878240081011368e-05,25,10,20
34,6783,0.9000209056699231,1.6183258411525665e-05,0.09993708831712268,2.582275454238038e-05,25,10,20
34,6784,0.9044009120619825,1.596690810898587e-05,0.09555805879920751,2.5062230700919477e-05,25,10,20
34,6785,0.9047755854563876,1.596727796171961e-05,0.09518175717558622,2.669009006478822e-05,25,10,20
34,6786,0.8916360250649147,1.5902085776870657e-05,0.10832125794402142,2.6814905287644637e-05,25,10,20
34,6787,0.8904946192327242,1.5902534796706643e-05,0.10946255527724727,2.6922955232489226e-05,25,10,20
34,6788,0.8552608492248666,1.5920960396149902e-05,0.14469633078412936,2.689903060863323e-05,25,10,20
34,6789,0.8554432624248772,1.5918924467548668e-05,0.14451391258023796,2.6906070417874324e-05,25,10,20
34,6790,0.8552936270191503,1.592295065950583e-05,0.14466379898493945,2.6651045251446805e-05,25,10,20
34,6791,0.8523065299046404,1.592678125550844e-05,0.14532732882423302,0.002350214489871822,25,10,20
34,6792,0.852089539534224,1.5930133874347224e-05,0.14554432044793064,0.002350209883971643,25,10,20
34,6793,0.8650024641180281,1.5924686183177575e-05,0.13263152187995153,0.00235008931583793,25,10,20
34,6794,0.86457811434911,1.5963527747448765e-05,0.1330529512970102,0.002352970826132874,25,10,20
34,6795,0.8442397756037319,1.596269606258844e-05,0.1533907896774714,0.002353472022735036,25,10,20
34,6796,0.8359264132115644,1.925720615701397e-05,0.16168840156492859,0.0023659280173508905,25,10,20
34,6797,0.8310398198606666,1.9258309375408217e-05,0.16657497866191573,0.002365943168043677,25,10,20
34,6798,0.8390667748587556,1.895350147511477e-05,0.15854889238974346,0.002365379250026011,25,10,20
34,6799,0.8392185158228996,1.895262023886984e-05,0.1583986844581417,0.0023638470987200717,25,10,20
34,6800,0.839093492582179,1.895644269880196e-05,0.15852368027632896,0.002363870698793619,25,10,20
34,6801,0.8595847650875821,1.8954882020591514e-05,0.1380286109557112,0.0023676690746865597,25,10,20
34,6802,0.8633957649707252,1.2858658244470935e-05,0.13422426345787988,0.002367112913150557,25,10,20
34,6803,0.8443727542995478,1.3155818688730658e-05,0.15324696769614699,0.0023671221856169868,25,10,20
34,6804,0.8437817957574368,1.3181383849839475e-05,0.15383790565035615,0.0023671172083572943,25,10,20
34,6805,0.8788412079794612,1.3163145035691311e-05,0.11877851176606079,0.0023671171094424705,25,10,20
34,6806,0.8792628110687402,1.3159013637843696e-05,0.11835801146898844,0.0023660184486338108,25,10,20
34,6807,0.8795002714864661,1.3155581531780162e-05,0.11812056106642592,0.0023660118655764112,25,10,20
34,6808,0.8999256438955825,1.3097386080561594e-05,0.09769533829205834,0.002365920426278978,25,10,20
34,6809,0.9001603685453528,1.3093475222604783e-05,0.09746063775817587,0.0023659002212491937,25,10,20
34,6810,0.899474578164414,1.3113045626572044e-05,0.09814641623120121,0.0023658925587585564,25,10,20
34,6811,0.9006578856708771,1.3060168235210636e-05,0.09696314789158673,0.0023659062693013864,25,10,20
34,6812,0.900665895353426,1.3056191333941488e-05,0.09695509057067332,0.002365957884567252,25,10,20
34,6813,0.9001830502864715,1.3065548116293292e-05,0.09743791098485889,0.0023659731805537156,25,10,20
34,6814,0.8967809449561406,6.800759639009916e-06,0.10084343259435967,0.0023688216898607862,25,10,20
34,6815,0.9113435400704885,6.35393126525097e-06,0.08628129208149908,0.0023688139167473464,25,10,20
34,6816,0.9114140448343291,6.3479236571760325e-06,0.08621073677950278,0.002368870462511122,25,10,20
34,6817,0.910940467882272,6.349217356724911e-06,0.08668279702420739,0.0023703858761640493,25,10,20
34,6818,0.9295216942365319,6.0525285315254005e-06,0.06810176250473023,0.002370490730206793,25,10,20
34,6819,0.9486864790628832,2.7472967504994523e-06,0.04895308696115171,0.002357686679215115,25,10,20
34,6820,0.9448122573806812,5.0691162657065435e-06,0.05282469756455249,0.002357975938501269,25,10,20
34,6821,0.9394633253130438,5.075960486751912e-06,0.05811200489033915,0.0024195938361307617,25,10,20
34,6822,0.936556918879429,5.075434984747913e-06,0.06101851339110862,0.002419492294477665,25,10,20
34,6823,0.9356979710565305,5.0747477590669995e-06,0.06187746836152261,0.0024194858341877413,25,10,20
34,6824,0.9405872311533484,5.073600317455704e-06,0.056988233777755436,0.0024194614685786237,25,10,20
34,6825,0.9437447984715611,2.835453427959598e-06,0.05383308585760846,0.002419280217402846,25,10,20
34,6826,0.9435056890709786,2.831012314782097e-06,0.05639525235447852,9.622756222777189e-05,25,10,20
34,6827,0.9427729960032006,2.750835631856714e-06,0.05712799728475188,9.625587641533518e-05,25,10,20
34,6828,0.9390779262738068,2.790587586633511e-06,0.06082273498824097,9.654815036515687e-05,25,10,20
34,6829,0.9402071609988198,2.775091519220564e-06,0.05969351449312951,9.65494165311933e-05,25,10,20
34,6830,0.9438199223369065,2.7350664966184453e-06,0.05608108487258048,9.625772401593806e-05,25,10,20
34,6831,0.9432560398409511,3.1846042431876854e-06,0.056644142972184196,9.663258262149377e-05,25,10,20
34,6832,0.9453743650648215,3.4305901814055802e-06,0.054525571040192754,9.663330480402118e-05,25,10,20
34,6833,0.9482607618226271,3.422282089060678e-06,0.051690677440006175,4.513845527736419e-05,25,10,20
34,6834,0.9486354504159021,3.416504826732065e-06,0.051316008197465984,4.5124881804889216e-05,25,10,20
34,6835,0.9584226119124094,3.14746812071273e-06,0.04152916002279625,4.508059667357486e-05,25,10,20
34,6836,0.9451649262138809,8.524074961731113e-06,0.054756187780440196,7.036193071692273e-05,25,10,20
34,6837,0.9467350309088498,8.52047149277943e-06,0.0531862234760988,7.022514355847964e-05,25,10,20
34,6838,0.9412999074491682,6.041028292444904e-06,0.0586234956106876,7.055591185139306e-05,25,10,20
34,6839,0.953035629542301,6.020747633653401e-06,0.04688822255982026,7.012715024471661e-05,25,10,20
34,6840,0.9533070301391392,6.023011192249786e-06,0.04661682314839911,7.012370126932915e-05,25,10,20
34,6841,0.9358577253873195,6.045257845875655e-06,0.06406532762437506,7.0901730459551e-05,25,10,20
34,6842,0.9488888052973337,6.68507923991278e-07,0.051064906145029315,4.562004971291265e-05,25,10,20
34,6843,0.9494902988054534,2.1430797340513358e-07,0.05046427364443714,4.521324213592393e-05,25,10,20
34,6844,0.9201493693361223,3.541376525306026e-05,0.07011019884255783,0.009705018056066704,25,10,20
34,6845,0.9206453932724687,3.541329775601305e-05,0.06961425114878113,0.009704942280994,25,10,20
34,6846,0.9200979982597325,3.54136188108335e-05,0.07016162573740851,0.009704962384048,25,10,20
34,6847,0.9215964935962953,3.541452442721853e-05,0.06866139268720611,0.00970669919207146,25,10,20
34,6848,0.9224645993741983,3.5414059846333005e-05,0.06779340012645943,0.009706586439495983,25,10,20
34,6849,0.9211368313342612,3.543075383841102e-05,0.06911570303515692,0.00971203487674345,25,10,20
34,6850,0.915420631054282,3.5432769159168535e-05,0.07483133406469421,0.009712602111864716,25,10,20
34,6851,0.9147009006105401,3.543060425879444e-05,0.07555106313487622,0.009712605650325059,25,10,20
34,6852,0.9146866592316263,3.543176522580488e-05,0.07556530193392007,0.009712607069227795,25,10,20
34,6853,0.944318021428017,2.3169799431093242e-07,0.055628977265596596,5.276960839195017e-05,25,10,20
34,6854,0.9461007999938653,2.3081770514356048e-07,0.053847934556196256,5.103463223335098e-05,25,10,20
34,6855,0.9514508625360341,2.726629954086476e-07,0.048492576881005965,5.628791996456333e-05,25,10,20
34,6856,0.9523604150077537,2.725775161035306e-07,0.047583026227748855,5.628618698142056e-05,25,10,20
34,6857,0.962767052002104,1.5356850258754447e-07,0.03717949932115798,5.32951082356737e-05,25,10,20
34,6858,0.9630922291941854,1.5360589359070353e-07,0.03685433545650714,5.3281743414063125e-05,25,10,20
34,6859,0.9685710870844908,1.5627657608771583e-07,0.03137598125498744,5.277538394595638e-05,25,10,20
34,6860,0.9687860046589489,1.4335008563451512e-07,0.031161033260379462,5.281873058625858e-05,25,10,20
34,6861,0.9857603386688328,1.1847532694791825e-07,0.014187501914517182,5.2040941323004214e-05,25,10,20
34,6862,0.9828696191273693,1.222203152268536e-07,0.01707814226786871,5.2116384446625915e-05,25,10,20
34,6863,0.9848776358132935,1.2768062289400537e-07,0.015079443411243279,4.279309484011339e-05,25,10,20
34,6864,0.9850353332746076,1.3179926622623987e-07,0.014921788941559305,4.274598456672249e-05,25,10,20
34,6865,0.9857103800368457,1.249467711457379e-07,0.014247537007595526,4.1958008787297543e-05,25,10,20
34,6866,0.9859778745603879,1.2456617127325234e-07,0.013980100430393202,4.1900443047437166e-05,25,10,20
34,6867,0.9859476421721122,1.2572049084130223e-07,0.014010411594869704,4.1820512526943e-05,25,10,20
34,6868,0.9740075268287834,1.4073023924464467e-07,0.0259547391666958,3.759327428127861e-05,25,10,20
34,6869,0.9748150043413957,1.4181729705112537e-07,0.025147255985700567,3.759785560649653e-05,25,10,20
34,6870,0.9752776197229214,1.0263298268245939e-07,0.02468736435993608,3.491328415947102e-05,25,10,20
34,6871,0.9725999768317876,1.6402172672029305e-06,0.02735722467675661,4.115827418851586e-05,25,10,20
34,6872,0.9740926175185431,1.6199187902620558e-06,0.02587006334401514,3.569921865129494e-05,25,10,20
34,6873,0.9755212323591868,7.665186703485917e-07,0.024448501774469264,2.9499347673501788e-05,25,10,20
34,6874,0.9859027516930126,7.513864868532778e-07,0.014066771794936204,2.9725125563980906e-05,25,10,20
34,6875,0.9599442286448461,7.504473712842278e-07,0.04002520025259249,2.9820655189718132e-05,25,10,20
34,6876,0.9560963826134987,7.528014665414259e-07,0.04383814721612718,6.471736890725565e-05,25,10,20
34,6877,0.949701834522824,7.553773956044772e-07,0.050232521562940884,6.488853683975694e-05,25,10,20
34,6878,0.9491655544717499,7.554481392451654e-07,0.050768800991768594,6.488908834303948e-05,25,10,20
34,6879,0.949226640186376,7.554344271451254e-07,0.050707711623771815,6.48927554255038e-05,25,10,20
34,6880,0.9518767933213651,7.476556719987636e-07,0.048057581900786246,6.48771221770678e-05,25,10,20
34,6881,0.9531712235667478,7.391439750856783e-07,0.04676965375806907,5.83835312086007e-05,25,10,20
34,6882,0.9406188895188606,1.0030224092074414e-06,0.059298356558568216,8.175090016233652e-05,25,10,20
34,6883,0.9381748500005884,1.0026106013422021e-06,0.06174251140020799,8.163598860262614e-05,25,10,20
34,6884,0.9383104572482404,1.0036998127210357e-06,0.06160833086290114,8.020818904619045e-05,25,10,20
34,6885,0.9395298451802865,1.0048406115212814e-06,0.06038878471855383,8.036526054865709e-05,25,10,20
34,6886,0.9395615930072094,1.1997292900016484e-06,0.060340492775423395,9.671448807758557e-05,25,10,20
34,6887,0.9399933064109232,1.2006195495505651e-06,0.059908655657055984,9.68373124717361e-05,25,10,20
34,6888,0.9399205429140189,1.2619149281401214e-06,0.059981341093581025,9.685407747238611e-05,25,10,20
34,6889,0.9321191480494465,1.2737009721125134e-06,0.06778206938120153,9.750886838056914e-05,25,10,20
34,6890,0.9281591113734171,1.2812679455128696e-06,0.07174209993179026,9.750742684756982e-05,25,10,20
34,6891,0.927958589417847,1.2811282139900173e-06,0.07194264008687655,9.748936706291442e-05,25,10,20
34,6892,0.9252824705944218,1.286486877675158e-06,0.07461685663487405,9.938628382690398e-05,25,10,20
34,6893,0.8905194924292879,1.2838106904719092e-05,0.10936425847579398,0.00010341098801402476,25,10,20
34,6894,0.8903319561411389,1.2838106860225876e-05,0.10953407202487102,0.00012113372713040571,25,10,20
34,6895,0.8903306326726202,1.2837252687132682e-05,0.10953543448621923,0.00012109558847390497,25,10,20
34,6896,0.8987366127678145,2.4946698148516593e-05,0.10111950562186597,0.00011893491217146363,25,10,20
34,6897,0.9048276496840082,2.4947018947795095e-05,0.09498964109129618,0.0001577622057483295,25,10,20
34,6898,0.9048089066380329,2.494689222504603e-05,0.09500842843724651,0.00015771803249608294,25,10,20
34,6899,0.9035439220194321,2.5050529422465227e-05,0.09627342349354047,0.00015760395760547989,25,10,20
34,6900,0.9052265149178801,2.5049431563228588e-05,0.09461135356475558,0.0001370820858015906,25,10,20
34,6901,0.9064912275031459,2.4365521567474612e-05,0.09334736843132031,0.00013703854396686428,25,10,20
34,6902,0.906422038204417,2.5176321976613696e-05,0.09341566296574046,0.00013712250786643618,25,10,20
34,6903,0.8784364616438317,2.522194646769274e-05,0.12140114739908026,0.00013716901062117167,25,10,20
34,6904,0.8810467716648831,2.521743340600398e-05,0.11879284755210318,0.00013516334960859603,25,10,20
34,6905,0.8813167467818748,2.5217441803693465e-05,0.1185228777922955,0.000135157984026759,25,10,20
34,6906,0.8810294931640849,2.5218298672772635e-05,0.11881011975384498,0.0001351687833983134,25,10,20
34,6907,0.8811034903351123,2.5219939530832823e-05,0.11873632388907261,0.00013496583628490238,25,10,20
34,6908,0.8811480958251505,2.5223718143141564e-05,0.11870944576668664,0.00011723469002020472,25,10,20
34,6909,0.8810976219625721,2.5163601864037025e-05,0.11875998973079349,0.00011722470477118977,25,10,20
34,6910,0.8810591566134454,2.5163514700563934e-05,0.11879848578356914,0.0001171940882859958,25,10,20
34,6911,0.8810215692873339,2.516634959504458e-05,0.11883606953079465,0.00011719483227722098,25,10,20
34,6912,0.8802932608897086,2.516638325415188e-05,0.11956437799365881,0.00011719473337917109,25,10,20
34,6913,0.8755835544636406,2.535340665027295e-05,0.12427383673264275,0.00011725539706682022,25,10,20
34,6914,0.8756913518803554,2.5356316913675812e-05,0.12420448357235575,7.88082303754657e-05,25,10,20
34,6915,0.8741337319824762,2.535734348019956e-05,0.12575739703520658,8.35136388372733e-05,25,10,20
34,6916,0.8592175873337098,2.547212095777409e-05,0.1406668034377072,9.01371076258042e-05,25,10,20
34,6917,0.8455157352973143,2.5279385509554336e-05,0.15441985500788916,3.913030928768165e-05,25,10,20
34,6918,0.8455042970695118,2.528059592638799e-05,0.15442741773211144,4.30046024511114e-05,25,10,20
34,6919,0.8458844733134769,2.5278314270674694e-05,0.15404723492832761,4.301344392531994e-05,25,10,20
34,6920,0.8632124674215538,2.5272632263866596e-05,0.13671948129008732,4.2778656095423605e-05,25,10,20
34,6921,0.8633144831272734,2.5270897648854645e-05,0.13661753905266077,4.2706922417306614e-05,25,10,20
34,6922,0.8769869971013597,2.5006577705489025e-05,0.12296876406741603,1.9232253519342145e-05,25,10,20
34,6923,0.8766279148468787,2.500624675945927e-05,0.12332784560032951,1.9233306032864578e-05,25,10,20
34,6924,0.845209754300687,2.5036851704055805e-05,0.1547493694615654,1.5839386043989075e-05,25,10,20
34,6925,0.8434262738834526,2.5031463683170905e-05,0.15653337413520352,1.5320517661235955e-05,25,10,20
34,6926,0.8433700818992232,2.502704891672883e-05,0.1565893420704535,1.5548981407085492e-05,25,10,20
34,6927,0.8526574506926619,2.483238062009908e-05,0.1473022332487476,1.5483677971073078e-05,25,10,20
34,6928,0.8476027520158164,2.4915420420883817e-05,0.15235636456142695,1.5968002336482397e-05,25,10,20
34,6929,0.8475016355032748,2.4915598311086667e-05,0.1524574802363608,1.596866205388815e-05,25,10,20
34,6930,0.8625259229651538,2.4826362498443164e-05,0.1374396938403466,9.556832001987328e-06,25,10,20
34,6931,0.8623900867779342,2.482983833095908e-05,0.137575324518889,9.758864846770274e-06,25,10,20
34,6932,0.8940507694997301,2.4818581365965167e-05,0.10591502762676902,9.384292135332344e-06,25,10,20
34,6933,0.888697278969889,2.4871367036455868e-05,0.11126183458441119,1.601507866370668e-05,25,10,20
34,6934,0.888542238412155,2.4867900977454076e-05,0.1114170904272443,1.5803259623749393e-05,25,10,20
34,6935,0.8886756814172105,2.487117876306707e-05,0.1112838714563689,1.5575947658032422e-05,25,10,20
34,6936,0.8898764951819303,2.4870201716565266e-05,0.11008775517062563,1.0879445727791538e-05,25,10,20
34,6937,0.8901690922491526,2.4869387423841315e-05,0.10979516840939346,1.0869954030222981e-05,25,10,20
34,6938,0.9194093400716796,2.4822440921639325e-05,0.08055505052473175,1.0786962666786906e-05,25,10,20
34,6939,0.9163009876339996,2.487028677442948e-05,0.08366304676327879,1.1095315947676763e-05,25,10,20
34,6940,0.9194821133965333,2.4822204165337218e-05,0.08048225337428973,1.0811025011928594e-05,25,10,20
34,6941,0.9173750700707893,2.4867890922822988e-05,0.08258923706857102,1.0824969716852971e-05,25,10,20
34,6942,0.9197702811078975,2.4778953086843495e-05,0.08019013546273954,1.4804476276404103e-05,25,10,20
34,6943,0.9206567480398082,2.4763949197370294e-05,0.07930788159037751,1.0606420616837743e-05,25,10,20
34,6944,0.9467129958945764,1.1037755767620525e-06,0.05327714841842055,8.751911426588427e-06,25,10,20
34,6945,0.9200614295776923,1.5319436604912938e-06,0.07992828126092162,8.75721772569977e-06,25,10,20
34,6946,0.9204618891143173,1.5318603555605543e-06,0.07952782956977235,8.749455554757009e-06,25,10,20
34,6947,0.9193592640891634,1.5340296207835622e-06,0.08063037530428904,8.826576926989965e-06,25,10,20
34,6948,0.9193358933880695,1.5341422288377022e-06,0.08065374572341545,8.826746286235525e-06,25,10,20
34,6949,0.9190180171842636,1.5326737989117725e-06,0.08097159134019105,8.858801746456386e-06,25,10,20
34,6950,0.9176087366956299,1.471090221034487e-06,0.08238122023567404,8.571978474554009e-06,25,10,20
34,6951,0.917669386025633,1.4699667487039718e-06,0.08232057952181591,8.564485801931776e-06,25,10,20
34,6952,0.9023010277288784,1.4707327752320122e-06,0.09768907935035656,8.422187989406287e-06,25,10,20
34,6953,0.9027324568569213,1.4691199333126952e-06,0.09725771725109109,8.356772053940396e-06,25,10,20
34,6954,0.934902060534287,1.4373473340649661e-06,0.06508862130860747,7.880809771194485e-06,25,10,20
34,6955,0.9350193690412546,1.4371599019273422e-06,0.06497040269077359,8.791108069613382e-06,25,10,20
34,6956,0.9251407294117082,1.437687685973705e-06,0.07484907503274268,8.757867862847318e-06,25,10,20
34,6957,0.9317075829324167,1.0104220295196118e-06,0.0682825782653351,8.828380218519454e-06,25,10,20
34,6958,0.93294473114653,1.0102015749455305e-06,0.06704545802071225,8.800631182606698e-06,25,10,20
34,6959,0.9328523854024862,1.0103628693136914e-06,0.06713778865925754,8.815575386967213e-06,25,10,20
34,6960,0.948131306518928,1.0109077733945143e-06,0.05185882187027755,8.860703020760826e-06,25,10,20
34,6961,0.9459289246411086,8.222944842651404e-06,0.05405403013021881,8.822283829510011e-06,25,10,20
34,6962,0.9456605350943361,8.267624938758642e-06,0.05432230173622898,8.895544495961508e-06,25,10,20
34,6963,0.9453617312016577,8.27168869997392e-06,0.054621106391553736,8.890718088457728e-06,25,10,20
34,6964,0.9440645697673407,8.924330762112279e-06,0.05591763801495045,8.867886946652686e-06,25,10,20
34,6965,0.944128662104957,8.923214596345664e-06,0.055853308471571224,9.106208875243306e-06,25,10,20
34,6966,0.9402650648419829,8.494954145488952e-06,0.05971630083374965,1.0139370122017338e-05,25,10,20
34,6967,0.9403392009997097,8.494802750356087e-06,0.059642447519331156,9.85667820879334e-06,25,10,20
34,6968,0.9404985559562853,8.493378058694412e-06,0.05948308384335355,9.866822302591147e-06,25,10,20
34,6969,0.960564279036684,8.4925665752898e-06,0.039417431583645066,9.796813095391046e-06,25,10,20
34,6970,0.9605587785302098,8.49270111395159e-06,0.03942293698175435,9.791786921621324e-06,25,10,20
34,6971,0.9626970226315068,8.491775597497883e-06,0.037285079168847324,9.406424048218486e-06,25,10,20
34,6972,0.962676270101547,8.491655785714202e-06,0.03730583617575303,9.402066914053834e-06,25,10,20
34,6973,0.9625525836160641,1.696241800677607e-05,0.03742104490538952,9.409060539435604e-06,25,10,20
34,6974,0.9530581399199198,1.698137138105094e-05,0.046915079793684596,9.798915014297645e-06,25,10,20
34,6975,0.9338546347489275,8.648747668909148e-06,0.06396233379379669,0.0021743827096069577,25,10,20
34,6976,0.9326450350083512,8.650800340456811e-06,0.06517175747809041,0.0021745567132178817,25,10,20
34,6977,0.9238922737183484,8.657116022136277e-06,0.07392406543125692,0.0021750037343728447,25,10,20
34,6978,0.9241170578970268,8.657350627268055e-06,0.07369927946235895,0.002175005289986935,25,10,20
34,6979,0.9241452215787685,8.657339939188337e-06,0.07367111803155078,0.002175003049741423,25,10,20
34,6980,0.9243630904045426,8.657190992613997e-06,0.07345419161661101,0.0021740607878539776,25,10,20
34,6981,0.9243454666510128,8.654369235112251e-06,0.07347122238604255,0.0021746565937094853,25,10,20
34,6982,0.9273092009025646,1.3970715154597524e-06,0.07051472167504258,0.0021746803508772474,25,10,20
34,6983,0.9317686668490142,1.379786095630058e-06,0.06606189502698387,0.0021680583379063813,25,10,20
34,6984,0.9317058856670356,1.3800562427304757e-06,0.06612466949840692,0.0021680647783148535,25,10,20
34,6985,0.927121872652483,1.537396730914729e-06,0.07070798668038802,0.0021686032703980436,25,10,20
34,6986,0.9264470114543513,1.5484620508146783e-06,0.07138283949831516,0.002168600585282624,25,10,20
34,6987,0.8993429089025853,2.9865719071008937e-06,0.09848245581727866,0.002171648708228299,25,10,20
34,6988,0.9037737536762536,2.9842024758009128e-06,0.09404913459927787,0.002174127521992074,25,10,20
34,6989,0.9039897003250066,2.984021754529124e-06,0.09383320031036113,0.0021741153428770283,25,10,20
34,6990,0.9041952126061452,3.1246860323453888e-06,0.09362685639879573,0.002174806309026014,25,10,20
34,6991,0.9155862377416029,3.1237223595448062e-06,0.08223583300249833,0.002174805533538913,25,10,20
34,6992,0.9159178348346386,3.124993892793928e-06,0.08190421739888727,0.0021748227725809353,25,10,20
34,6993,0.9524755103907342,1.669081891503148e-06,0.0453514167060564,0.0021714038213177093,25,10,20
34,6994,0.949614175817707,1.6736476259670391e-06,0.048212315242044605,0.0021718352926223816,25,10,20
34,6995,0.9471177029280753,9.409797126347562e-07,0.05070958558317006,0.0021717705090421,25,10,20
34,6996,0.9475280816544773,9.29908525782906e-07,0.05029921443551024,0.002171774001486752,25,10,20
34,6997,0.9473949951862327,9.367960000946924e-07,0.05043197644394151,0.002172091573825769,25,10,20
34,6998,0.9474802997688317,9.013326962601297e-07,0.05034266115294846,0.002176137745523654,25,10,20
34,6999,0.9116962733468575,3.32505589749576e-06,0.08612425986536902,0.00217614173187568,25,10,20
34,7000,0.9114595463240288,3.273283208667707e-06,0.08633208932641141,0.002205091066350723,25,10,20
34,7001,0.9113961486169544,3.2743840570526287e-06,0.08639540071673438,0.00220517628225398,25,10,20
34,7002,0.9095195265019441,3.1991538076359554e-06,0.0882721212773796,0.002205153066868544,25,10,20
34,7003,0.9035150171632842,3.201649715115477e-06,0.09424638197129383,0.0022353992157067596,25,10,20
34,7004,0.9034349403589849,3.2082404880077185e-06,0.09432640482280377,0.0022354465777232524,25,10,20
34,7005,0.9027540413141236,3.20749213515891e-06,0.09500729779631689,0.0022354533974242217,25,10,20
34,7006,0.9055312915875429,3.2075909972895246e-06,0.09223047308844061,0.0022350277330191724,25,10,20
34,7007,0.9064531391522844,3.207414234612313e-06,0.09131268131535002,0.002230972118131122,25,10,20
34,7008,0.9063346601878635,3.208904190258693e-06,0.09143115366748644,0.0022309772404599804,25,10,20
34,7009,0.9067660503762669,3.2079925029018865e-06,0.09099982075900154,0.0022309208722289804,25,10,20
34,7010,0.8971260145390315,3.19890096248647e-06,0.1006382813682741,0.0022325051917320335,25,10,20
34,7011,0.8963645033878146,3.199323946166063e-06,0.10139967832491802,0.002232618963321299,25,10,20
34,7012,0.8956377069348176,3.199924196921504e-06,0.10212645820954354,0.002232634931441823,25,10,20
34,7013,0.8968616072817623,3.199459127818601e-06,0.10090258140679359,0.002232611852316275,25,10,20
34,7014,0.897766894900943,3.1990804378384395e-06,0.09999731053048669,0.0022325954881324806,25,10,20
34,7015,0.8981438596690241,3.154736106224051e-06,0.09962044786329098,0.0022325377315782825,25,10,20
34,7016,0.8874249893105142,3.0583391224606003e-06,0.11250380399052475,6.814835983873654e-05,25,10,20
34,7017,0.8870530896517081,3.05458296897781e-06,0.11287572877310056,6.812699222233838e-05,25,10,20
34,7018,0.8873957496258993,3.0696342577164407e-06,0.11256262129149094,3.85594483521647e-05,25,10,20
34,7019,0.8874428332911919,3.069443656165415e-06,0.11251556157587075,3.853568928125481e-05,25,10,20
34,7020,0.8913833737977949,3.066061646210284e-06,0.10857496396992417,3.859617063495983e-05,25,10,20
34,7021,0.8904722545781886,3.0590219882741117e-06,0.1094862539094439,3.843249037967754e-05,25,10,20
34,7022,0.8901927980310722,3.059426299304807e-06,0.10976564178106481,3.850076156417891e-05,25,10,20
34,7023,0.890585528133551,2.9551176629613356e-06,0.10937237639885694,3.9140349929713727e-05,25,10,20
34,7024,0.8955883960352137,2.872352656898441e-06,0.10437007076679025,3.866084533985167e-05,25,10,20
34,7025,0.8994796676733529,2.7147434214134862e-06,0.1004795016677932,3.811591543313333e-05,25,10,20
34,7026,0.8993053444279292,2.7315458030072674e-06,0.10065378393496303,3.814009130538466e-05,25,10,20
34,7027,0.9002743731965802,2.731163996278827e-06,0.09968482957565306,3.806606377098892e-05,25,10,20
34,7028,0.9006363990601065,2.731273485754926e-06,0.09932272311684859,3.814654955972516e-05,25,10,20
34,7029,0.9009862534616279,2.7306825959743937e-06,0.09897293774145592,3.807811432074735e-05,25,10,20
34,7030,0.9010231824100197,2.7303118240731557e-06,0.0989360808566308,3.800642152610314e-05,25,10,20
34,7031,0.9010272020679388,2.7300093742825673e-06,0.09893206659605142,3.800132663588166e-05,25,10,20
34,7032,0.8994480634503471,2.732368017072483e-06,0.10051093497279552,3.826920884085555e-05,25,10,20
34,7033,0.8990215650799708,2.737376573359467e-06,0.10093814475391466,3.7552789541640626e-05,25,10,20
34,7034,0.8835584613930788,2.747768931362829e-06,0.1162750937824721,0.00016369705551808527,25,10,20
34,7035,0.8669276702237211,2.9622819625481167e-06,0.13290539583220068,0.00016397166211589616,25,10,20
34,7036,0.8564943059166297,3.3880080154339786e-06,0.14333997214570918,0.00016233392964612965,25,10,20
34,7037,0.8564625149861195,3.3900210873224613e-06,0.1433716794336716,0.00016241555912181683,25,10,20
34,7038,0.8610862090055379,2.963822858449395e-06,0.13874840658456913,0.00016242058703481988,25,10,20
34,7039,0.8611041860648331,2.962766223414728e-06,0.13873044094049225,0.00016241022845145612,25,10,20
34,7040,0.8571367436182638,3.605790925693084e-06,0.1426971435137646,0.00016250707704614276,25,10,20
34,7041,0.8576779711539786,3.6037107229187826e-06,0.1421559168129609,0.00016250832233775331,25,10,20
34,7042,0.8571924568164303,3.6095150328399215e-06,0.1426442589794602,0.00015967468907661646,25,10,20
34,7043,0.8573261550867565,3.6073761016410493e-06,0.14251066031579673,0.00015957722134521922,25,10,20
34,7044,0.8358841623597858,0.00038713143457597783,0.16356853240141114,0.00016017380422682606,25,10,20
34,7045,0.841142060941317,0.00038712991495861,0.15833872798238643,0.00013208116133870752,25,10,20
34,7046,0.8565558240539515,0.0003871197734501992,0.1430511361114384,5.920061160169435e-06,25,10,20
34,7047,0.8722897207806013,0.00038711924816707625,0.12731725329881835,5.9066724135826286e-06,25,10,20
34,7048,0.8720868268769704,0.00038715832848725435,0.1275201094218814,5.905372661247728e-06,25,10,20
34,7049,0.8755436436985589,0.00038694429213274547,0.12406387983034207,5.532178966082724e-06,25,10,20
34,7050,0.8750839275081325,0.0003869587711646552,0.124523516924606,5.59679609662054e-06,25,10,20
34,7051,0.8743201867341566,0.00038696754516263676,0.1252872374216106,5.6082990697945364e-06,25,10,20
34,7052,0.8712810966567982,0.00038701651188087055,0.12832614928342712,5.737547893420301e-06,25,10,20
34,7053,0.872094183763931,0.000387017196349303,0.12751580267695992,2.996362759323146e-06,25,10,20
34,7054,0.8735383816242198,0.0003869867352888151,0.12607140182534665,3.2298151442539297e-06,25,10,20
34,7055,0.8736309618643527,0.0003869893482631301,0.12597882330622975,3.2254811540955126e-06,25,10,20
34,7056,0.8727967268660406,0.00038698907697313595,0.12681306364664016,3.2204103458168035e-06,25,10,20
34,7057,0.8775366066906123,0.00038634605362250713,0.12207392349969752,3.1237560674259606e-06,25,10,20
34,7058,0.9079172252630301,0.0003862999099784023,0.09169355338512691,2.9214418645654186e-06,25,10,20
34,7059,0.903093581036447,0.00038631159518779154,0.09651717767203577,2.929696329425364e-06,25,10,20
34,7060,0.8724015851887004,0.0003863129062780067,0.12719271221980752,1.9389685214225224e-05,25,10,20
34,7061,0.8673099790613599,0.0003863103877713747,0.13228433041646978,1.938013439945965e-05,25,10,20
34,7062,0.8623336203844878,0.00038633274051771624,0.1372603828899653,1.9663985029546097e-05,25,10,20
34,7063,0.8623381574205378,0.00038633393605336805,0.137255828498787,1.968014462250258e-05,25,10,20
34,7064,0.8623891854658093,0.00038633258788102335,0.1372047980733532,1.9683872957394205e-05,25,10,20
34,7065,0.8655690780757236,0.00038633268511273404,0.13402300290506378,2.1586334100932053e-05,25,10,20
34,7066,0.8653845396833388,0.0003863335677611721,0.13420747855231904,2.16481965817858e-05,25,10,20
34,7067,0.8657456266584725,0.00038593201763833347,0.13384560735954487,2.283396434538094e-05,25,10,20
34,7068,0.9005978900688153,0.0003839098668070478,0.09899655567624326,2.1644388134884335e-05,25,10,20
34,7069,0.8932025347574339,0.00038426757937187246,0.10621297910418949,0.00020021855900532095,25,10,20
34,7070,0.8813026048056287,0.0003842835986251892,0.1181129101454979,0.0002002014502488891,25,10,20
34,7071,0.8762564360416677,0.0003843775603758425,0.12315892314163436,0.00020026325632269815,25,10,20
34,7072,0.8571484149453518,0.0003843580260378354,0.14213002617384835,0.0003372008547632491,25,10,20
34,7073,0.8575637699640092,0.0003843555055734166,0.14171467917367728,0.0003371953567414178,25,10,20
34,7074,0.858625412248186,0.0003843528652994948,0.1407901985633689,0.00020003632314692383,25,10,20
34,7075,0.8642982928173282,0.00038434387050582876,0.13511520681317857,0.00020215649898870237,25,10,20
34,7076,0.8632865929404295,0.0003843048098988628,0.13612692492734524,0.00020217732232758064,25,10,20
34,7077,0.8447167087890943,0.000384328873263832,0.15450647046911423,0.00039249186852863364,25,10,20
34,7078,0.8449187203122334,0.00038432123870263033,0.15430444892294232,0.0003925095261226903,25,10,20
34,7079,0.8399018315743362,0.00038441222601518665,0.159321327596316,0.00039242860333353694,25,10,20
34,7080,0.8475883500457472,0.0003840557279716365,0.1518095154922627,0.00021807873401934053,25,10,20
34,7081,0.8502510718257903,0.00038402197781887233,0.14914728936852506,0.00021761682786656085,25,10,20
34,7082,0.8566603513496992,0.00038401407485330255,0.14274018263797436,0.00021545193747413252,25,10,20
34,7083,0.8700970862517872,0.00038401789181292777,0.12930349764834415,0.00021539820805681142,25,10,20
34,7084,0.8700876566404803,0.0003840178922787515,0.12931292715644366,0.00021539831079815406,25,10,20
34,7085,0.869064357652826,0.0003843632598863591,0.130335886651586,0.000215392435702316,25,10,20
34,7086,0.8689017395606891,0.00038436328504857684,0.13049849654584028,0.00021540060842267723,25,10,20
34,7087,0.8689635657329469,0.00038434647285494507,0.13043671102735124,0.0002153767668472526,25,10,20
34,7088,0.8689788147341612,0.00038492358168359497,0.13042522379605748,0.0002110378880979783,25,10,20
34,7089,0.8695366396240095,0.0003849223587678418,0.1298674352806014,0.00021100273662145498,25,10,20
34,7090,0.8908232570925283,1.4002512681364604e-06,0.10896493026598861,0.00021041239021512024,25,10,20
34,7091,0.9045743664258973,1.3999028381363825e-06,0.09521387864936935,0.00021035502189495142,25,10,20
34,7092,0.9043328874066064,1.4031592652535922e-06,0.0954552899812543,0.000210419452873517,25,10,20
34,7093,0.9087454167522718,1.3115294281932623e-06,0.09104253188339775,0.00021073983490199855,25,10,20
34,7094,0.9070219931919137,2.6875117823148386e-06,0.0927642896545197,0.00021102964178394888,25,10,20
34,7095,0.9060842085177909,2.7000054473274404e-06,0.09370199958095662,0.00021109189580482263,25,10,20
34,7096,0.9080781945287191,2.6996435623912977e-06,0.09170991712057487,0.00020918870714346468,25,10,20
34,7097,0.8810404398607639,2.727105076160793e-06,0.09371123387740407,0.02524559915675557,25,10,20
34,7098,0.8719944661757149,2.8970742799175846e-06,0.1027559172304192,0.025246719519585903,25,10,20
34,7099,0.8641382666208572,3.226072698145492e-06,0.11060024518320467,0.02525826212323978,25,10,20
34,7100,0.8683148374315232,3.2953500309801916e-06,0.10642328957461995,0.025258577643825858,25,10,20
34,7101,0.8683604469966548,3.3348454043235867e-06,0.10637761293285038,0.02525860522509041,25,10,20
34,7102,0.869565421976588,1.9642160003022825e-06,0.10517351973922112,0.025259094068190487,25,10,20
34,7103,0.8612006146495677,1.4023528675677303e-05,0.11352702571769034,0.025258336104066265,25,10,20
34,7104,0.8869955072944049,1.3997620402609804e-05,0.11276436992812862,0.00022612515706372342,25,10,20
34,7105,0.8866961126097282,1.3958262743264814e-05,0.11306361355122506,0.00022631557630328688,25,10,20
34,7106,0.8546237715655753,0.00021448392882235788,0.14490559590993737,0.0002561485956645301,25,10,20
34,7107,0.8546348823302811,0.00021448739319194457,0.14489424305420515,0.00025638722232167665,25,10,20
34,7108,0.85454390966459,0.00021448822840095444,0.14498521378854898,0.0002563883184598618,25,10,20
34,7109,0.8645812483619292,0.0002143098084466891,0.13494903880391987,0.0002554030257041119,25,10,20
34,7110,0.8641488978464104,0.00021431679649784613,0.13538136492680494,0.0002554204302869132,25,10,20
34,7111,0.8669230162691929,0.00021409915652332925,0.13260818272118377,0.0002547018530999669,25,10,20
34,7112,0.86680225950411,0.0002135175352250271,0.13272959577966795,0.00025462718099700525,25,10,20
34,7113,0.8764887478974382,0.00021342398049520512,0.12304319667780271,0.00025463144426381157,25,10,20
34,7114,0.876467167866528,0.00021342519020829708,0.12306472424736896,0.000254682695894474,25,10,20
34,7115,0.9080641599270617,0.00021342386119256704,0.09148419438151692,0.00023822183022856617,25,10,20
34,7116,0.908469432361139,0.00021342181614670029,0.09107906432837927,0.00023808149433474364,25,10,20
34,7117,0.9084580836520679,0.0002134218196053485,0.09109019769021133,0.0002382968381152779,25,10,20
34,7118,0.8783009003355973,0.00021342829372051494,0.12124761733613619,0.00023805403454611748,25,10,20
34,7119,0.8785731242315383,0.00021342250425645314,0.12097545317921282,0.00023800008499232723,25,10,20
34,7120,0.8789785322748869,0.0002134184319672005,0.12056956348192145,0.0002384858112242969,25,10,20
34,7121,0.8809104557383945,0.00021341440154699874,0.11864223542446192,0.00023389443559640157,25,10,20
34,7122,0.8855169293225861,0.00021339926245523628,0.11411172937909163,0.00015794203586650456,25,10,20
34,7123,0.8850055097898468,0.00021348392988988597,0.11460839669468945,0.0001726095855733203,25,10,20
34,7124,0.8852152997143489,0.00021340044678650253,0.11441334408258758,0.00015795575627643537,25,10,20
34,7125,0.88312657781252,0.0002134194169018664,0.11650204234865429,0.00015796042192325183,25,10,20
34,7126,0.877512414232201,0.00021341956766315792,0.12211617682133577,0.00015798937879955754,25,10,20
34,7127,0.8815088949189719,0.00021310014852318065,0.11813150302982095,0.00014650190268348335,25,10,20
34,7128,0.884031964388444,0.0002130945221950913,0.11560875591655648,0.00014618517280378865,25,10,20
34,7129,0.8858512264223815,0.00021309505205311386,0.11378951585591972,0.00014616266964514175,25,10,20
34,7130,0.8723913053268225,0.00023049495115782707,0.1272325705324334,0.0001456291895855288,25,10,20
34,7131,0.9026846135930958,0.0002304850281414662,0.09693927694081919,0.00014562443794300287,25,10,20
34,7132,0.9022574141758336,0.00023049426718781005,0.09736575058312785,0.0001463409738501888,25,10,20
34,7133,0.90230401725919,0.00023048839197578548,0.09731902509093024,0.000146469257903689,25,10,20
34,7134,0.915681187096217,0.00023047983355483894,0.0840562006620012,3.2132408226611135e-05,25,10,20
34,7135,0.9149677911312034,0.00023048763015804622,0.0847666610562449,3.5060182393017485e-05,25,10,20
34,7136,0.9047863282426697,0.00023066453889259233,0.09494740844475391,3.559877368314475e-05,25,10,20
34,7137,0.918245696716393,0.00023065094796038545,0.08148810878796371,3.554354768271064e-05,25,10,20
34,7138,0.9179233356463316,0.00023065280834068887,0.08180977066259162,3.624088273597186e-05,25,10,20
34,7139,0.9178715262230379,0.00023065488066476212,0.08186156017764837,3.625871864875641e-05,25,10,20
34,7140,0.9313467280260471,0.00021325486919450558,0.06840391119188992,3.6105912868168786e-05,25,10,20
34,7141,0.9415282181380746,0.00021307779898068656,0.05822323027990969,3.547378303464573e-05,25,10,20
34,7142,0.93632320494481,0.0002130779139262142,0.06342719592854511,3.6521212718360645e-05,25,10,20
34,7143,0.9364440580512239,0.00021307794466675315,0.0633063431014306,3.652090267862396e-05,25,10,20
34,7144,0.9364982475659847,0.000213075204374949,0.06325061691153118,3.806031810909335e-05,25,10,20
34,7145,0.9370432953967439,0.00021307361458410302,0.0627056065333123,3.8024455359422316e-05,25,10,20
34,7146,0.9363406034582592,0.00021307479972998815,0.0634082753742395,3.8046367771070137e-05,25,10,20
34,7147,0.9414049235275301,0.00021310281189243981,0.058344711292424745,3.7262368152319404e-05,25,10,20
34,7148,0.9411294773121311,0.00021310276678705188,0.05862015785883853,3.7262062242976876e-05,25,10,20
34,7149,0.9394556145195597,0.0002130993931836532,0.06029438429855949,3.6901788696951184e-05,25,10,20
34,7150,0.9399186442419818,0.00021309622333596934,0.05983219999645892,3.6059538223123474e-05,25,10,20
34,7151,0.9447921483146547,0.0002130968851580601,0.05495507655124096,3.967824894628665e-05,25,10,20
34,7152,0.9444974572977624,0.00021309805746291263,0.055249761424992584,3.968321978205254e-05,25,10,20
34,7153,0.9440840621174418,0.00021312096962159758,0.05565711042290124,4.570649003545364e-05,25,10,20
34,7154,0.9435884600152022,0.00021312108426141196,0.0561526948698475,4.572403068894725e-05,25,10,20
34,7155,0.9435953744018423,0.00021312099668110038,0.05614580285249775,4.570174897884523e-05,25,10,20
34,7156,0.9587124153565317,1.304931352809979e-05,0.04125785847763736,1.6676852302799803e-05,25,10,20
34,7157,0.9587075782772227,1.3048078910167643e-05,0.04126267913516393,1.6694508703214762e-05,25,10,20
34,7158,0.9588866318963096,1.3059441668642053e-05,0.04108356776021961,1.6740901802004825e-05,25,10,20
34,7159,0.97722532322973,1.2604044656985175e-05,0.022746384986620592,1.5687738992288987e-05,25,10,20
34,7160,0.9722318406296906,1.272802881156838e-05,0.02773972805632063,1.5703285177189116e-05,25,10,20
34,7161,0.9772231229230952,1.2604151847744714e-05,0.02274856832052282,1.5704604534099396e-05,25,10,20
34,7162,0.9618771972879507,2.4340142104693e-05,0.038068736643888136,2.9725926056542682e-05,25,10,20
34,7163,0.9626389995986554,2.433947305580183e-05,0.03731057133576372,2.608959252530539e-05,25,10,20
34,7164,0.9538924847295356,2.934219893746794e-05,0.04605097914951963,2.7193922007466613e-05,25,10,20
34,7165,0.9538530336408074,2.934094636512787e-05,0.0460904831725482,2.7142240279102745e-05,25,10,20
34,7166,0.955509820941345,2.933600816218012e-05,0.04443411326800148,2.672978249131715e-05,25,10,20
34,7167,0.9538501328281305,2.9374646940538928e-05,0.04609347508990893,2.701743501992891e-05,25,10,20
34,7168,0.9543728031790037,2.935089797198119e-05,0.04557687644822238,2.0969474801932527e-05,25,10,20
34,7169,0.9521896740177644,2.977607231337045e-05,0.047757164186140164,2.3385723781931264e-05,25,10,20
34,7170,0.9334723264905689,2.9782047157340757e-05,0.06647466419393147,2.3227268342519266e-05,25,10,20
34,7171,0.9279239266257093,2.9446446985106272e-05,0.07202339122069532,2.3235706610181795e-05,25,10,20
34,7172,0.9193933773603311,5.79790680291075e-05,0.06923337348917723,0.011315270082462622,25,10,20
34,7173,0.9281795652263954,4.591452578348667e-05,0.060459155340488575,0.011315364907332369,25,10,20
34,7174,0.9221796161630763,4.611495535204867e-05,0.0664587887435444,0.011315480138027103,25,10,20
34,7175,0.9353034147626242,0.0001819566005210137,0.05319906708616961,0.011315561550685003,25,10,20
34,7176,0.9347217799195296,0.000182715331743901,0.05377971094933545,0.011315793799390668,25,10,20
34,7177,0.9343378220609214,0.00018271620105085668,0.05416310483309495,0.01131635690493246,25,10,20
34,7178,0.934366768862532,0.00018271624249499186,0.05413571151414305,0.011314803380829887,25,10,20
34,7179,0.9358754698521671,0.0001826990483529397,0.052626927834421605,0.011314903265058116,25,10,20
34,7180,0.922640896937107,0.0002034316265809972,0.06581826572867518,0.011337405707636578,25,10,20
34,7181,0.9225437647658998,0.00020343152020363102,0.06591541415364856,0.011337389560247997,25,10,20
34,7182,0.92909503280965,0.00020323008408231548,0.05936445924956391,0.011337277856703852,25,10,20
34,7183,0.9294733126497253,0.00020322844456730253,0.058986255788362515,0.011337203117344959,25,10,20
34,7184,0.9452411131945351,0.00019148547944623548,0.04324423561608852,0.0113231657099298,25,10,20
34,7185,0.9451731480669854,0.00019149252708038322,0.04331218079708124,0.011323178608852603,25,10,20
34,7186,0.9450730050231337,0.00019149132466777705,0.0434123224120849,0.011323181240113176,25,10,20
34,7187,0.9261420803627186,0.0001918641270682732,0.06224827100758547,0.011417784502627116,25,10,20
34,7188,0.9324518857220923,0.0001583277647136224,0.06726510276628511,0.00012468374690849602,25,10,20
34,7189,0.932990794306265,0.0001582451017646359,0.06672646492836538,0.00012449566360470634,25,10,20
34,7190,0.9518509540168527,0.00015789853062878677,0.04796125387493494,2.9893577583360456e-05,25,10,20
34,7191,0.9518651289223407,0.00015789857976121688,0.04794588992700486,3.108257089308529e-05,25,10,20
34,7192,0.9524164347212579,0.00015789855959777555,0.04739458414515889,3.10825739853036e-05,25,10,20
34,7193,0.9628744284621706,0.00015790000396015053,0.036936477790409594,3.119374345940369e-05,25,10,20
34,7194,0.9747825769657643,0.00013713336226701847,0.025071883514047336,8.406157921164912e-06,25,10,20
34,7195,0.9657406624385096,0.00013742093524003548,0.034113429500912465,8.487125337582652e-06,25,10,20
34,7196,0.9635209720688662,0.00013773119021155613,0.03633516630864774,6.130432274167797e-06,25,10,20
34,7197,0.9587836451957744,0.00013773160067436692,0.04107211427452251,6.508929028284201e-06,25,10,20
34,7198,0.9589347952880103,0.0001377320009555637,0.040920795444421974,6.677266612064614e-06,25,10,20
34,7199,0.959269052104283,0.0001377205483122649,0.040586613676184234,6.6136712203394824e-06,25,10,20
34,7200,0.9592614938256705,0.00013772050831941513,0.040594178608919194,6.6070570906424e-06,25,10,20
34,7201,0.9576415815983655,0.00013740581336120646,0.04221388818992373,7.12439834914175e-06,25,10,20
34,7202,0.9575906625002584,0.00013740677915461202,0.042264531364817275,7.399355769498234e-06,25,10,20
34,7203,0.9438870832806044,0.0001719518045539648,0.05593357098207883,7.393932762128611e-06,25,10,20
34,7204,0.9570478401970202,0.00013740401359523793,0.04280714744326721,7.608346117030985e-06,25,10,20
34,7205,0.9600111956533656,0.00013740229779736685,0.039844028696217386,7.373352619421795e-06,25,10,20
34,7206,0.9536262156485606,0.0001551011846706089,0.046211935770031146,6.747396737129902e-06,25,10,20
34,7207,0.955773582498363,0.00015467509888467007,0.04406742240240203,4.320000349950224e-06,25,10,20
34,7208,0.9616065001957138,2.4936936733693854e-05,0.038364302550595614,4.260316956661702e-06,25,10,20
34,7209,0.9605844696995838,2.4942047781952e-05,0.039386318636273336,4.269616360723726e-06,25,10,20
34,7210,0.960685483940728,2.4942149420884173e-05,0.039285300270334333,4.273639516501278e-06,25,10,20
34,7211,0.9587804855483502,2.6394287252317637e-05,0.041188837227190724,4.282937206153592e-06,25,10,20
34,7212,0.9546856990551581,2.6397469675815267e-05,0.045283133702701116,4.7697724642771014e-06,25,10,20
34,7213,0.9183594564110561,0.010898815004719143,0.07071466473019777,2.7063854026016266e-05,25,10,20
34,7214,0.9184799157590505,0.010892705610904177,0.07060030595426754,2.707267577681429e-05,25,10,20
34,7215,0.917551728696115,0.010892678119343566,0.07152877770303158,2.681548150881027e-05,25,10,20
34,7216,0.9241795654106031,0.010892670753922527,0.06490097428659991,2.6789548873649497e-05,25,10,20
34,7217,0.9241859571944191,0.010892677440660003,0.06489576538157188,2.559998334824432e-05,25,10,20
34,7218,0.9242639071744395,0.010892676457017948,0.06481784601857793,2.557034996377791e-05,25,10,20
34,7219,0.9240883328279232,0.010892676253906653,0.06499357159474366,2.54193234255181e-05,25,10,20
34,7220,0.9224735386851671,0.010892696285570628,0.0666083381134277,2.5426915833726937e-05,25,10,20
34,7221,0.9588001115290606,2.0283960464740274e-05,0.0411765008180261,3.103692448060531e-06,25,10,20
34,7222,0.9566967056224875,2.0379369995854446e-05,0.043279758749188504,3.156258327673844e-06,25,10,20
34,7223,0.9557130422430863,1.9624298550106556e-05,0.04424008145229927,2.7252006064046684e-05,25,10,20
34,7224,0.9556339339423516,1.962434633758854e-05,0.0443191885301422,2.7253181168239954e-05,25,10,20
34,7225,0.9556318756136679,1.9617616148481732e-05,0.04432123513125233,2.7271638930994616e-05,25,10,20
34,7226,0.9611125119818803,1.961568393889503e-05,0.03884112734935677,2.6744984823814943e-05,25,10,20
34,7227,0.9611695569320398,1.961563506889768e-05,0.03878408360427671,2.6743828614503978e-05,25,10,20
34,7228,0.9414063862040136,5.8162880861307306e-05,0.05850844279369474,2.70081214296324e-05,25,10,20
34,7229,0.9249239952327328,5.8162384180747785e-05,0.07499079479614078,2.7047586944452775e-05,25,10,20
34,7230,0.9227413698172741,5.821824916075286e-05,0.0771733657255433,2.7046208021127608e-05,25,10,20
34,7231,0.9230560337688621,5.821776139522398e-05,0.07685870293919014,2.7045530552047675e-05,25,10,20
34,7232,0.921670554212475,5.837642279059757e-05,0.078244036035347,2.703332938713398e-05,25,10,20
34,7233,0.9222921797780377,5.837232630117128e-05,0.07762243861349936,2.700928216139473e-05,25,10,20
34,7234,0.94137633908853,1.9818793611915824e-05,0.058577091891815265,2.675022604259497e-05,25,10,20
34,7235,0.9424739015059891,1.8368827390564056e-05,0.0574809743696647,2.6755296955455265e-05,25,10,20
34,7236,0.9421422832278747,1.8371219921884754e-05,0.057812480122365104,2.686542983807689e-05,25,10,20
34,7237,0.9572106407341766,1.9351132551447234e-05,0.042742489325449225,2.7518807822579957e-05,25,10,20
34,7238,0.9561817634078713,1.9353684313287828e-05,0.043771188291801245,2.7694616014229477e-05,25,10,20
34,7239,0.9523060909809421,1.9441112422851162e-05,0.047646084762524535,2.8383144110904883e-05,25,10,20
34,7240,0.960886852450415,1.9129583662618266e-05,0.039065320441077626,2.869752484529234e-05,25,10,20
34,7241,0.9526858973369986,1.9154000788722003e-05,0.04722358545895508,7.136320325745695e-05,25,10,20
34,7242,0.9525724644714108,1.916390762878198e-05,0.04733700571475714,7.136590620290092e-05,25,10,20
34,7243,0.9525341973691066,1.91640929016812e-05,0.04737498803418536,7.16505038054318e-05,25,10,20
34,7244,0.9528399458066212,1.916162826383842e-05,0.04706935717561117,7.15353895028737e-05,25,10,20
34,7245,0.9535384640121315,1.9165636192807772e-05,0.04637098935973066,7.138099194434522e-05,25,10,20
34,7246,0.961153823322009,1.9075346041501354e-05,0.03875686252559464,7.023880635475917e-05,25,10,20
34,7247,0.9633903968684033,1.3854025889447632e-06,0.036537126853534,7.10908754735075e-05,25,10,20
34,7248,0.9646813849541976,1.3852060379175362e-06,0.03524609521378066,7.113462598335422e-05,25,10,20
34,7249,0.9646498813272446,1.3851781421409713e-06,0.03527549534884992,7.323814576293415e-05,25,10,20
34,7250,0.9642851986161284,1.4925930158322053e-06,0.035640048032916115,7.326075793920189e-05,25,10,20
34,7251,0.963667716854201,1.6840305364797388e-06,0.036257068356485955,7.353075877623387e-05,25,10,20
34,7252,0.9630346782495961,1.6854267942386397e-06,0.03688997738772795,7.365893588141332e-05,25,10,20
34,7253,0.962759103461243,1.6856105294507778e-06,0.03716578801755798,7.342291066931202e-05,25,10,20
34,7254,0.9620623471303813,1.72147734831083e-06,0.03786226286465641,7.366852761373929e-05,25,10,20
34,7255,0.9583867042345802,1.704939226425228e-06,0.04149903444776733,0.00011255637842577017,25,10,20
34,7256,0.9605583718220838,1.7021262220137016e-06,0.03935169291939442,8.823313229917203e-05,25,10,20
34,7257,0.9610254341553284,1.7020301110594385e-06,0.03888463078046401,8.823303409588641e-05,25,10,20
34,7258,0.9614214812841669,1.5946041136270044e-06,0.03848871535972084,8.820875199793958e-05,25,10,20
34,7259,0.9612156137416694,1.594745481689604e-06,0.03869457977962675,8.821173322141204e-05,25,10,20
34,7260,0.9611565231654222,1.5947330063499936e-06,0.03875367387315872,8.820822841185664e-05,25,10,20
34,7261,0.9613086060400584,1.589279426138446e-06,0.03860159751178615,8.82071687285841e-05,25,10,20
34,7262,0.9693391648808722,1.4121196006003521e-06,0.030613668063570708,4.575493595593038e-05,25,10,20
34,7263,0.971458016548527,8.403200491164578e-07,0.02849169503010641,4.944810131727703e-05,25,10,20
34,7264,0.9715340615293853,8.30292367092027e-07,0.028415582745226854,4.952543302054212e-05,25,10,20
34,7265,0.9635600609726014,1.5754456753500393e-06,0.03638295966928935,5.540391243378667e-05,25,10,20
34,7266,0.9630457101875242,7.444672777793372e-07,0.03690189236368277,5.165298151512711e-05,25,10,20
34,7267,0.9635403921994268,7.398334493805099e-07,0.0364072663284132,5.1601638710487416e-05,25,10,20
34,7268,0.9676001904915111,7.138593512310641e-07,0.032386653639555944,1.2442009581521319e-05,25,10,20
34,7269,0.9678156903787531,7.145729689416265e-07,0.03217115851624055,1.2436532037224467e-05,25,10,20
34,7270,0.9721635130009687,7.053705892666271e-07,0.0278242431040325,1.1538524409582565e-05,25,10,20
34,7271,0.9722152509692572,2.9734555898735696e-07,0.027777305622653098,7.1460625308059284e-06,25,10,20
34,7272,0.9720535126425954,2.983708698035172e-07,0.02793881099911023,7.377987424698906e-06,25,10,20
34,7273,0.9727709225374724,1.0607595315218753e-07,0.027221696729117287,7.274657457308458e-06,25,10,20
34,7274,0.9693984280321711,4.1611346550314647e-07,0.030593198506306568,7.95734805677406e-06,25,10,20
34,7275,0.9606984154137281,9.191346467866505e-07,0.039292445071614085,8.220380011132105e-06,25,10,20
34,7276,0.9605353653525462,9.193210520543463e-07,0.0394554791682003,8.236158201497233e-06,25,10,20
34,7277,0.9597471555285262,9.191909275619816e-07,0.040243689319266994,8.235961279254793e-06,25,10,20
34,7278,0.9598968968211858,9.190531137485612e-07,0.040096070190162925,6.113935537467067e-06,25,10,20
34,7279,0.9598786238298654,9.1875871948688e-07,0.04011434354375682,6.113867657996419e-06,25,10,20
34,7280,0.9596145077369546,9.283361086909738e-07,0.040378160657311486,6.403269625194062e-06,25,10,20
34,7281,0.9607815694359801,9.101647904012079e-07,0.03921110954378395,6.410855445529958e-06,25,10,20
34,7282,0.9607758477832626,9.102722657350798e-07,0.03921683124910257,6.4106953690651e-06,25,10,20
34,7283,0.9242785438604517,1.6782106015610093e-06,0.07571295503949552,6.822889451069632e-06,25,10,20
34,7284,0.9231344037526125,1.6710880008093428e-06,0.07682902062172758,3.490453765856747e-05,25,10,20
34,7285,0.9237625610804163,1.7104638250639475e-06,0.07620070230337607,3.502615238208811e-05,25,10,20
34,7286,0.9138484988154844,1.3952729101178837e-06,0.08611368322133928,3.6422690266006495e-05,25,10,20
34,7287,0.900895660348703,2.0360794581760877e-06,0.09906587604063798,3.642753120136839e-05,25,10,20
34,7288,0.8996254843705667,2.0402950595011464e-06,0.10033596768633384,3.6507648040463584e-05,25,10,20
34,7289,0.9001914393489824,2.039430672701745e-06,0.09976996846677216,3.655275357306134e-05,25,10,20
34,7290,0.8999659887122762,2.0431154376151487e-06,0.09999561499894684,3.635317333945471e-05,25,10,20
34,7291,0.9059940035958534,1.5798800318441496e-06,0.09396814297493115,3.62735491837293e-05,25,10,20
34,7292,0.9045470403674112,1.58066875774168e-06,0.09541532840718149,3.6050556649424555e-05,25,10,20
34,7293,0.903153385383971,5.474002993004142e-05,0.09675127380526495,4.060078083387888e-05,25,10,20
34,7294,0.8944420025386529,7.588329530584712e-05,0.10544205459606486,4.005956997656378e-05,25,10,20
34,7295,0.8946011580516365,7.588190658211584e-05,0.10528302853135899,3.9931510422524885e-05,25,10,20
34,7296,0.8960162078632146,2.2722436535413547e-05,0.10392569847897168,3.5371221278372616e-05,25,10,20
34,7297,0.8960222803475645,2.2722384523882418e-05,0.10391962721841697,3.537004949483404e-05,25,10,20
34,7298,0.8957016872311993,2.272201379358881e-05,0.10424026216272392,3.5328592283603704e-05,25,10,20
34,7299,0.8955449496268603,2.272777562415887e-05,0.10439594985020323,3.6372747312671635e-05,25,10,20
34,7300,0.8954951912749016,2.2728541497758332e-05,0.1044456073809442,3.64728026566295e-05,25,10,20
34,7301,0.8967611636120041,2.2674183747225253e-05,0.10317947580244186,3.668640180684358e-05,25,10,20
34,7302,0.8972324847119582,2.2674278243443134e-05,0.10270812904596821,3.671196383010595e-05,25,10,20
34,7303,0.8964473990378552,2.267419284174987e-05,0.10349321800540802,3.6708763895094046e-05,25,10,20
34,7304,0.894395890946948,2.270077235952663e-05,0.10554003799013462,4.137029055785693e-05,25,10,20
34,7305,0.9250580069089618,2.193506914991771e-05,0.0748777096622509,4.234835963759164e-05,25,10,20
34,7306,0.9248332264925762,2.1935242894295632e-05,0.07510249956733726,4.233869719252098e-05,25,10,20
34,7307,0.9254975388355282,2.1944026041974236e-05,0.07439510796029201,8.540917813814877e-05,25,10,20
34,7308,0.9372679359218717,2.1941580637403882e-05,0.06265498553701025,5.513696048083518e-05,25,10,20
34,7309,0.9088584887413609,2.194487857797748e-05,0.09106398089925839,5.558548080281896e-05,25,10,20
34,7310,0.90611197274549,2.1980138043546093e-05,0.09349616503758494,0.0003698820788817034,25,10,20
34,7311,0.9026022243979119,2.2242752677237853e-05,0.09700552287905939,0.0003700099703513317,25,10,20
34,7312,0.9030601411801428,2.2231575540011284e-05,0.09654869325092424,0.0003689339933929759,25,10,20
34,7313,0.9034414965543669,2.2236897903819038e-05,0.09616712541391667,0.0003691411338122622,25,10,20
34,7314,0.9271295763069102,1.0927805762658925e-06,0.07250208536455667,0.0003672455479567531,25,10,20
34,7315,0.9240747905884754,1.3433269859490541e-06,0.07555661611980667,0.0003672499647319617,25,10,20
34,7316,0.9241449747583842,1.3433737976534053e-06,0.07548638977326888,0.00036729209454927614,25,10,20
34,7317,0.9236795013992062,1.3464007968657122e-06,0.07595176127925368,0.00036739092074309504,25,10,20
34,7318,0.923724581625519,1.346332029045336e-06,0.07590712096735273,0.0003669510750992011,25,10,20
34,7319,0.9521079793189426,1.3430013476110161e-06,0.04752415410071062,0.0003665235789996013,25,10,20
34,7320,0.9443307874204149,1.3056699460498473e-06,0.05561327895550592,5.462795413355812e-05,25,10,20
34,7321,0.9445248762650251,1.3055472783704929e-06,0.05541918386372896,5.463432396785658e-05,25,10,20
34,7322,0.9462334185680605,1.2954347548954184e-06,0.053710711398319864,5.457459886494439e-05,25,10,20
34,7323,0.9594600469562792,6.543090383286359e-07,0.04048473449258629,5.456424209645946e-05,25,10,20
34,7324,0.9620192224725846,6.144826885543525e-07,0.037925785400499595,5.43776442276296e-05,25,10,20
34,7325,0.9676403103936922,6.731711303785388e-07,0.03230599968286032,5.3016752317459986e-05,25,10,20
34,7326,0.9611898393761684,6.897191869911592e-07,0.03875204234357063,5.742856107456889e-05,25,10,20
34,7327,0.9610995681162882,6.932304282185514e-07,0.03884235776197718,5.738089130704939e-05,25,10,20
34,7328,0.945718202319253,7.222114640949417e-07,0.05422224817555192,5.882729373099213e-05,25,10,20
34,7329,0.9458548587555821,7.140480950230183e-07,0.05412885497748381,1.557221883913679e-05,25,10,20
34,7330,0.9190254641464025,7.140631492326522e-07,0.08095823385114359,1.5587939304652557e-05,25,10,20
34,7331,0.9180016285331889,7.313007066224513e-07,0.08198195352210429,1.5686644000047776e-05,25,10,20
34,7332,0.9181051006058947,7.472467675323433e-07,0.08187830820460004,1.5843942737842246e-05,25,10,20
34,7333,0.918411058444657,6.86412201958262e-07,0.08157227763207979,1.597751106124133e-05,25,10,20
34,7334,0.9155554411939129,6.966379344042961e-07,0.08442785946667702,1.6002701475450518e-05,25,10,20
34,7335,0.8865714369699457,8.188660438959508e-07,0.11340223837063819,2.550579337298718e-05,25,10,20
34,7336,0.8927093226782834,8.024841173213155e-07,0.107268733049724,2.11417878755495e-05,25,10,20
34,7337,0.8926708302119601,8.024272437525778e-07,0.10730725087387503,2.1116486921446305e-05,25,10,20
34,7338,0.8916910184839993,8.361556520684091e-07,0.10828682628051153,2.1319079837319553e-05,25,10,20
34,7339,0.8916995487182262,8.357421405606865e-07,0.10827829791714551,2.1317622488093535e-05,25,10,20
34,7340,0.891599490381396,8.356557323393708e-07,0.1083785191884485,2.11547744235983e-05,25,10,20
34,7341,0.8917403420196527,8.34326311262109e-07,0.10823772750571896,2.1096148317298302e-05,25,10,20
34,7342,0.8931349400086402,8.254718587460425e-07,0.1065869708359901,0.000277263683511089,25,10,20
34,7343,0.8857515669201702,8.383832673365657e-07,0.1139691136606273,0.0002784810359352317,25,10,20
34,7344,0.8885303885021449,5.882843189609312e-07,0.11119054643029942,0.00027847678323689276,25,10,20
34,7345,0.8959379814036632,6.069866245614238e-07,0.10378413344369873,0.0002772781660137768,25,10,20
34,7346,0.8980162884592869,3.065137820536969e-07,0.10170622363641373,0.00027718139051723876,25,10,20
34,7347,0.8967424844271815,6.094473943987039e-07,0.10297842518851558,0.0002784809369087179,25,10,20
34,7348,0.8966816670550467,6.101513688345737e-07,0.10303923801759675,0.00027848477598773366,25,10,20
34,7349,0.8967421083886669,6.101042526171158e-07,0.10297879711799107,0.0002784843890895763,25,10,20
34,7350,0.8966260133037061,6.087004099830367e-07,0.10309490565588166,0.0002784723400024647,25,10,20
34,7351,0.922551872378919,6.226850061159031e-07,0.07716873660124549,0.0002787683348292975,25,10,20
34,7352,0.9108232002730303,6.243289127411164e-07,0.08915327726269309,2.2898135363577786e-05,25,10,20
34,7353,0.9110633162794183,6.228157254605553e-07,0.08891276287810258,2.3298026753427618e-05,25,10,20
34,7354,0.9240611646858286,6.33025548695022e-07,0.07591520063015522,2.300165846746161e-05,25,10,20
34,7355,0.9163179244476929,6.341989497924183e-07,0.08365843871296283,2.3002640394644e-05,25,10,20
34,7356,0.9315765352062089,6.060792444485568e-07,0.06840122425247909,2.1634462067655283e-05,25,10,20
34,7357,0.9316484467155633,6.117117966786958e-07,0.06832934704281966,2.1594529820197643e-05,25,10,20
34,7358,0.9318992042314256,5.98185901388686e-07,0.06807863704928355,2.156053338957393e-05,25,10,20
34,7359,0.9334287986180376,5.969892041879684e-07,0.06654922329112992,2.1381101628172197e-05,25,10,20
34,7360,0.9271190295019425,1.679835955520964e-06,0.07285784887136065,2.1441790741224686e-05,25,10,20
34,7361,0.9240602682015597,1.675298752914285e-06,0.07591577920533105,2.2277294356198725e-05,25,10,20
34,7362,0.9393340961782874,1.6738572498022848e-06,0.06064546922963362,1.8760734828980874e-05,25,10,20
34,7363,0.9378276827635051,1.6749848543195012e-06,0.06215177148262131,1.887076901955503e-05,25,10,20
34,7364,0.9408216004423161,5.687047331835248e-07,0.059159009542876936,1.8821310074103527e-05,25,10,20
34,7365,0.9417336604810042,5.420616382802097e-07,0.058251643283850275,1.4154173507564902e-05,25,10,20
34,7366,0.9402731641307241,1.3014229582848724e-06,0.059711488084654166,1.404636166352579e-05,25,10,20
34,7367,0.9425950713859528,1.8296096365508645e-06,0.05738903149173002,1.406751268071917e-05,25,10,20
34,7368,0.9357847559566362,2.1527531594614796e-06,0.06419756180937014,1.5529480834115742e-05,25,10,20
34,7369,0.9364117987069791,2.135324974146993e-06,0.06357064350675642,1.5422461290154853e-05,25,10,20
34,7370,0.9508308689141558,1.8173615191745557e-06,0.04915333659560727,1.3977128717951247e-05,25,10,20
34,7371,0.9501035039584902,1.8292889216535996e-06,0.049878400200448196,1.626655213993494e-05,25,10,20
34,7372,0.9490044198484737,1.8401450798794674e-06,0.05097747103127353,1.626897517265973e-05,25,10,20
34,7373,0.9452742566363288,1.8690890765527608e-06,0.05470647179161231,1.7402482982283688e-05,25,10,20
34,7374,0.945497531312649,1.8651840335500271e-06,0.05448380688435505,1.6796618962301037e-05,25,10,20
34,7375,0.9453384177432368,1.8659658931524529e-06,0.0546428450655324,1.6871225338126222e-05,25,10,20
34,7376,0.945454528358718,1.865878214689767e-06,0.0545267405419172,1.6865221150636715e-05,25,10,20
34,7377,0.9477408357443661,1.5334597771823432e-06,0.052242318067369495,1.5312728488185013e-05,25,10,20
34,7378,0.9484743566453345,1.5326796165732642e-06,0.05150887523678224,1.5235438267355991e-05,25,10,20
34,7379,0.9489557154579893,1.530734791403751e-06,0.05102752000165363,1.523380556621513e-05,25,10,20
34,7380,0.9479502558914298,1.5468926486393885e-06,0.05203293045413659,1.5266761785649802e-05,25,10,20
34,7381,0.9488202119407654,1.5360485214769203e-06,0.0511629874500063,1.5264560707277553e-05,25,10,20
34,7382,0.9486161292812314,1.546105371814064e-06,0.05136610799662336,1.621661677400167e-05,25,10,20
34,7383,0.9476631486086103,1.5706076375787674e-06,0.05225749844069867,7.778234305408313e-05,25,10,20
34,7384,0.9458290583715919,1.5784374218982049e-06,0.05409147353539038,7.788965559634952e-05,25,10,20
34,7385,0.9696425152064713,1.4523029988296437e-06,0.03028769409978317,6.833839074736338e-05,25,10,20
34,7386,0.9694776196952789,1.4546032378744108e-06,0.030452548323445884,6.83773780380236e-05,25,10,20
34,7387,0.9659166554339061,1.749862048987452e-06,0.03401255497638302,6.903972766239421e-05,25,10,20
34,7388,0.9575397075660432,1.466120662704141e-06,0.04238987543516256,6.895087813244838e-05,25,10,20
34,7389,0.9587728579825565,1.6273203904040569e-06,0.04115147134278135,7.404335427254142e-05,25,10,20
34,7390,0.9595358116607352,1.62790960001858e-06,0.040388505039034114,7.405539063157755e-05,25,10,20
34,7391,0.9596433967468979,1.6267766766404314e-06,0.04028095010353644,7.402637288977083e-05,25,10,20
34,7392,0.946018056823661,1.6206555546281943e-06,0.05396773860919217,1.2583911592743836e-05,25,10,20
34,7393,0.9496217104178213,1.6470441721821007e-06,0.05036489445276202,1.1748085244910155e-05,25,10,20
34,7394,0.9494826187183715,1.6464629466395798e-06,0.050503964756181394,1.1770062500934715e-05,25,10,20
34,7395,0.9359526173767189,1.6305805502767586e-06,0.06403401179608541,1.1740246645574959e-05,25,10,20
34,7396,0.9357823699438238,1.6323832250620639e-06,0.06420425506453784,1.1742608413517157e-05,25,10,20
34,7397,0.9357248090857045,8.552878278884778e-07,0.06425205023116663,2.228539530115797e-05,25,10,20
34,7398,0.9359236758263555,8.55515199619906e-07,0.06405316666960474,2.230198884047988e-05,25,10,20
34,7399,0.937384521605821,8.544040827410935e-07,0.06259236114114468,2.2262848952169337e-05,25,10,20
34,7400,0.9493122498164417,8.43032473556726e-07,0.05066519144259786,2.1715708487560636e-05,25,10,20
34,7401,0.9491192795379287,8.487542212929566e-07,0.050857760034903096,2.2111672947688204e-05,25,10,20
34,7402,0.9483743978956312,8.617947858432372e-07,0.05160245223037535,2.2288079208520098e-05,25,10,20
34,7403,0.9485526636148378,8.599269343205673e-07,0.05142420204401785,2.2274414210741827e-05,25,10,20
34,7404,0.9478346678856547,8.614894612732019e-07,0.052142259196681584,2.221142820311814e-05,25,10,20
34,7405,0.9508602876276481,1.7492386975288437e-06,0.04911583678861508,2.2126345040165694e-05,25,10,20
34,7406,0.9497740570744887,1.7495062048627621e-06,0.050201412654968275,2.2780764339129504e-05,25,10,20
34,7407,0.9496583518660873,1.779271035754474e-06,0.050317144109705225,2.2724753172615704e-05,25,10,20
34,7408,0.9506073358132181,1.7789921572497668e-06,0.04936882691426714,2.2058280358341324e-05,25,10,20
34,7409,0.9508026513108931,1.7788925093515867e-06,0.049173506853437264,2.2062943161038957e-05,25,10,20
34,7410,0.9512390776469705,1.7796285443933205e-06,0.04873742978157734,2.1712942908520243e-05,25,10,20
34,7411,0.9512452314180186,1.7795005106171493e-06,0.04873128556347244,2.17035179991014e-05,25,10,20
34,7412,0.9516115371699755,1.779413435762002e-06,0.04836497883415466,2.1704582434598402e-05,25,10,20
34,7413,0.9658920706809573,1.825130009907697e-06,0.03408437432513542,2.172986389791658e-05,25,10,20
34,7414,0.9659246198531862,1.8252074555006483e-06,0.03405184540472785,2.1709534630932087e-05,25,10,20
34,7415,0.9595192514940982,1.8486786663707055e-06,0.04045698932244649,2.191050478963335e-05,25,10,20
34,7416,0.965217963601038,1.822186266182041e-06,0.034758503263519896,2.1710949176605028e-05,25,10,20
34,7417,0.9661804460788277,1.8207649239997828e-06,0.033795698405893415,2.2034750355569965e-05,25,10,20
34,7418,0.9697074905519812,1.8204203867282114e-06,0.03026865387424789,2.203515338455027e-05,25,10,20
34,7419,0.9691756470964353,1.813974099746547e-06,0.030800514736874184,2.2024192591122613e-05,25,10,20
34,7420,0.9685162373560152,1.8159900555876792e-06,0.03145976596397557,2.2180689953928636e-05,25,10,20
34,7421,0.9676625906228105,1.798982965093506e-06,0.032313439304598505,2.2171089626284874e-05,25,10,20
34,7422,0.9685706735612416,1.7771357053456535e-06,0.03140290620105587,2.464310199737221e-05,25,10,20
34,7423,0.9684802377358217,1.7771353897916165e-06,0.031493151803792634,2.4833324995717246e-05,25,10,20
34,7424,0.9673296763480218,2.969554915613568e-06,0.03264241410090889,2.493999615356992e-05,25,10,20
34,7425,0.9676804455837122,2.970757830885301e-06,0.032291646544472294,2.4937113984389813e-05,25,10,20
34,7426,0.9643063090271978,2.972347561065853e-06,0.035666088364687376,2.463026055354891e-05,25,10,20
34,7427,0.966779713903924,2.7821193803146444e-06,0.03319918439508268,1.8319581612798926e-05,25,10,20
34,7428,0.9585813390806298,2.7703658757152827e-06,0.04139983715124532,1.605340224914796e-05,25,10,20
34,7429,0.9583004843773933,2.946865669770919e-06,0.041679529769524805,1.7038987412159766e-05,25,10,20
34,7430,0.9575851346542321,3.0052611217123934e-06,0.04239486053195278,1.6999552693419708e-05,25,10,20
34,7431,0.9570589949723137,3.012175009983976e-06,0.042920986482450595,1.7006370225679672e-05,25,10,20
34,7432,0.9575512523634379,3.010031418003945e-06,0.0424312905994287,1.4447005715449551e-05,25,10,20
34,7433,0.9581001587447201,3.009138922226023e-06,0.04188255279494088,1.4279321416768552e-05,25,10,20
34,7434,0.9589368671069066,2.9804368209067437e-06,0.041045880987686884,1.4271468585548958e-05,25,10,20
34,7435,0.9575986801642287,3.0018180783173777e-06,0.0423816486452027,1.6669372490578373e-05,25,10,20
34,7436,0.9576397682620985,3.0050547072285362e-06,0.04234027207615292,1.695460704145391e-05,25,10,20
34,7437,0.9547520468285251,3.0025783940796393e-06,0.045228013521549204,1.6937071531829533e-05,25,10,20
34,7438,0.9565412053035797,3.002533326365848e-06,0.043438860798527885,1.693136456619586e-05,25,10,20
34,7439,0.9564326264594317,3.005208426872927e-06,0.04354670904812345,1.7659284018146114e-05,25,10,20
34,7440,0.9566365677782419,2.9996073744726185e-06,0.04334316363718648,1.726897719733198e-05,25,10,20
34,7441,0.9508949539640834,4.435561234721041e-06,0.049083198044643124,1.741243003899836e-05,25,10,20
34,7442,0.9505127855313108,4.437811175661347e-06,0.04946608107009614,1.6695587417561836e-05,25,10,20
34,7443,0.9507139727395137,4.437839713459631e-06,0.04926485421677408,1.6735203998814424e-05,25,10,20
34,7444,0.9576907040581821,4.440134287523831e-06,0.04228321730655991,2.1638500970557517e-05,25,10,20
34,7445,0.9581182961309151,4.434014686900669e-06,0.04185546132763823,2.1808526759727172e-05,25,10,20
34,7446,0.9588929019440599,4.414978033930632e-06,0.04108102696410017,2.16561138058111e-05,25,10,20
34,7447,0.9234109465496617,2.825354609434689e-05,0.07653910852033693,2.169138390722083e-05,25,10,20
34,7448,0.9142251869055239,2.8256839853917875e-05,0.08572485447433367,2.170178028842748e-05,25,10,20
34,7449,0.91421520949411,2.8253684916400365e-05,0.08573511950544688,2.1417315526648874e-05,25,10,20
34,7450,0.9101143877264516,2.8192523078933782e-05,0.08983575859994453,2.1661150524857052e-05,25,10,20
34,7451,0.910765886117741,2.8181976907887545e-05,0.08918522327255492,2.070863279605129e-05,25,10,20
34,7452,0.9102658452264696,2.819289616322283e-05,0.08968525563081711,2.0706246550050393e-05,25,10,20
34,7453,0.9101517468020718,2.819288883533907e-05,0.0897993282503134,2.0732058779340144e-05,25,10,20
34,7454,0.8803329646883946,3.2794671547438424e-05,0.11932555029946933,0.00030869034058766595,25,10,20
34,7455,0.8877172726414463,3.280654224272264e-05,0.11193723079242464,0.00031269002388524807,25,10,20
34,7456,0.8895984113530513,3.2804280049086554e-05,0.11006101905834399,0.0003077653085545311,25,10,20
34,7457,0.9035743526871604,3.2789669939727216e-05,0.09608369743747035,0.00030916020542846797,25,10,20
34,7458,0.9038851512558161,3.2788373086340994e-05,0.09577291981683964,0.0003091405542567735,25,10,20
34,7459,0.9039965081102614,3.2788310716221414e-05,0.09566159261366111,0.0003091109653601515,25,10,20
34,7460,0.9031318061198215,3.189631621185618e-05,0.09652714043213584,0.00030915713182979676,25,10,20
34,7461,0.9031137703039479,3.189627138823319e-05,0.09654517746623277,0.00030915595843006435,25,10,20
34,7462,0.8742910184937662,3.2244501741582755e-05,0.12527327730161203,0.000403459702879302,25,10,20
34,7463,0.8729577851650409,3.224545216755958e-05,0.1266065070211294,0.0004034623616613298,25,10,20
34,7464,0.8733412817603674,3.2234521193171774e-05,0.12622304865603962,0.00040343506239884515,25,10,20
34,7465,0.8729158077183186,3.224302659721282e-05,0.12659700995852677,0.0004549392965562606,25,10,20
34,7466,0.8739334557101783,3.105329650085739e-05,0.12558067626941016,0.0004548147239094136,25,10,20
34,7467,0.880395484146888,2.962334084830223e-05,0.11907911634767882,0.0004957761645838376,25,10,20
34,7468,0.8512794511326027,2.9628370316867023e-05,0.14803813107061997,0.0006527894264598773,25,10,20
34,7469,0.8522149393036722,2.913959453987873e-05,0.14710296131531547,0.0006529597864717479,25,10,20
34,7470,0.8210420918233293,3.0979811178543555e-05,0.178273796140186,0.0006531322253070501,25,10,20
34,7471,0.8175282359395656,3.170357457102721e-05,0.18178694029241185,0.0006531201934525231,25,10,20
34,7472,0.8537165271728626,7.864034739363272e-06,0.14562224710293528,0.0006533616894620149,25,10,20
34,7473,0.8570519234128051,7.8645573269347e-06,0.14228686170288193,0.0006533503269859557,25,10,20
34,7474,0.8525515237003849,7.853766963772688e-06,0.14678775060620597,0.000652871926445161,25,10,20
34,7475,0.8500744158202292,7.926655162262444e-06,0.14926452498902232,0.0006531325355859414,25,10,20
34,7476,0.8490891068153391,7.98568924914646e-06,0.15024976578648294,0.0006531417089284344,25,10,20
34,7477,0.8212423670400775,8.01913582299742e-06,0.17809648642943504,0.0006531273946649632,25,10,20
34,7478,0.8213022260358259,8.018527600757291e-06,0.1780369127228696,0.0006528427137040399,25,10,20
34,7479,0.8205225620541508,8.08008622654398e-06,0.17881604771746987,0.0006533101421531207,25,10,20
34,7480,0.8581725308171593,8.046334180713755e-06,0.14116613330174393,0.0006532895469156877,25,10,20
34,7481,0.8588129538865945,7.986803413364787e-06,0.1405257865053318,0.0006532728046601618,25,10,20
34,7482,0.8598633647719842,7.986448896561977e-06,0.13947258403421495,0.0006560647449039164,25,10,20
34,7483,0.8543194246644668,7.986582785705505e-06,0.14501652370685855,0.0006560650458888278,25,10,20
34,7484,0.8543148669603748,7.986584064305932e-06,0.1450210813874852,0.0006560650680753903,25,10,20
34,7485,0.8543238082168803,7.986559351765245e-06,0.14501214615883978,0.00065605906492794,25,10,20
34,7486,0.8585475270706407,7.987311799771787e-06,0.1407882113559682,0.0006562742615910028,25,10,20
34,7487,0.8584377379026026,7.987605210171e-06,0.14089817855473613,0.0006560959374510436,25,10,20
34,7488,0.8571746135038777,8.020833798756995e-06,0.14216125910941582,0.000656106552907781,25,10,20
34,7489,0.8559955203032292,8.119949577107712e-06,0.14339189106883438,0.0006044686783593405,25,10,20
34,7490,0.8558708260342449,8.077427379902465e-06,0.14351660535357277,0.0006044911848024509,25,10,20
34,7491,0.8591594304106525,7.354377903370444e-06,0.1402277633946813,0.0006054518167628979,25,10,20
34,7492,0.8591567028410035,7.354590914916058e-06,0.14023048975483798,0.0006054528132438257,25,10,20
34,7493,0.8590584213639485,7.356181866140603e-06,0.14032872957648132,0.0006054928777044208,25,10,20
34,7494,0.8484028641296243,7.33391561691473e-06,0.15098430970808532,0.0006054922466738694,25,10,20
34,7495,0.8501221706835272,7.3279660803847475e-06,0.14930611300520577,0.0005643883451866633,25,10,20
34,7496,0.849641607478391,7.3268499352535325e-06,0.1497866594885779,0.0005644061830959712,25,10,20
34,7497,0.8187978737240093,7.3272629505440575e-06,0.18063038888002633,0.0005644101330145201,25,10,20
34,7498,0.8161691268987242,7.325204730818467e-06,0.1832593864459077,0.0005641614506379854,25,10,20
34,7499,0.8077528222572329,7.337023565081823e-06,0.19167501660452857,0.0005648241146740653,25,10,20
34,7500,0.8085640180747191,7.278526740331598e-06,0.19086436193408057,0.0005643414644605198,25,10,20
34,7501,0.8364704231507656,6.96639092325517e-06,0.1630525317128376,0.0004700787454746253,25,10,20
34,7502,0.8364745429918721,6.973358342730684e-06,0.16304836919873317,0.0004701144510528626,25,10,20
34,7503,0.8369342291782205,7.010397303082441e-06,0.1625886727992476,0.0004700876252295811,25,10,20
34,7504,0.8339194072875575,7.00844335359777e-06,0.1655883209809729,0.0004852632881167792,25,10,20
34,7505,0.8419814541559236,6.997836455401388e-06,0.15752650797594078,0.00048504003168029213,25,10,20
34,7506,0.8424004247596547,6.9961547580312975e-06,0.15710753997309262,0.000485039112494828,25,10,20
34,7507,0.84293817860486,6.994223636088278e-06,0.156570764125009,0.0004840630464951743,25,10,20
34,7508,0.8451961992446101,6.997387735022691e-06,0.15427327614999845,0.0005235272176566853,25,10,20
34,7509,0.8457657223497573,6.790344447775037e-06,0.15370496396029673,0.0005225233454981076,25,10,20
34,7510,0.8456044879984165,6.79019162985844e-06,0.15386618192922685,0.0005225398807269231,25,10,20
34,7511,0.8420963214260392,6.884691560310538e-06,0.1573655590446638,0.0005312348377368183,25,10,20
34,7512,0.8395156841429458,6.858820453424106e-06,0.15994620208537952,0.0005312549512214837,25,10,20
34,7513,0.8395370027491948,6.913552871144083e-06,0.15992633688410832,0.00052974681382582,25,10,20
34,7514,0.8453898289319858,6.903003417397537e-06,0.15407344746914656,0.0005298205954502593,25,10,20
34,7515,0.8461801928032263,6.9019385941265086e-06,0.153293762030446,0.0005191432277334131,25,10,20
34,7516,0.8765122021584422,6.907785120898586e-06,0.12296172369516781,0.0005191663612689502,25,10,20
34,7517,0.8780097507192063,6.837906161866155e-06,0.1214562206531284,0.0005271907215031759,25,10,20
34,7518,0.8777843561248548,6.840215295073008e-06,0.12168157430896308,0.0005272293508867321,25,10,20
34,7519,0.8834412606572983,6.867428838703794e-06,0.11602470361868239,0.0005271682951801821,25,10,20
34,7520,0.8756063763375418,1.1274632929126658e-05,0.12385480709330698,0.0005275419362217357,25,10,20
34,7521,0.8766658707544908,1.1273889005408541e-05,0.12279544437643539,0.0005274109800681912,25,10,20
34,7522,0.8706222067181807,6.652919071579986e-06,0.12913408302466078,0.00023705733808658685,25,10,20
34,7523,0.8683963787760942,6.6545061322769054e-06,0.13135990213477344,0.00023706458299963576,25,10,20
34,7524,0.8682141922459458,6.655929602925407e-06,0.13154185918578531,0.00023729263866574402,25,10,20
34,7525,0.8681120731968506,6.655930435634596e-06,0.13164397431681032,0.0002372965559032777,25,10,20
34,7526,0.8685266423624782,6.656106104215882e-06,0.13122946350091252,0.00023723803050479177,25,10,20
34,7527,0.8643832294048914,6.656683669737205e-06,0.13537264044045988,0.00023747347097869266,25,10,20
34,7528,0.8647333967633635,6.633041946270611e-06,0.1350223894338655,0.00023758076082442013,25,10,20
34,7529,0.864627589968687,6.631417773514728e-06,0.13512816506667533,0.00023761354686369584,25,10,20
34,7530,0.8635698251144832,6.8221066927156586e-06,0.13618482731305057,0.00023852546577302,25,10,20
34,7531,0.892693930937379,6.812911143289625e-06,0.10721775042247957,8.150572899773112e-05,25,10,20
34,7532,0.9030630455559819,2.3897923601021786e-06,0.09685344659853028,8.111805312729045e-05,25,10,20
34,7533,0.9396029401121759,2.3888833569081988e-06,0.060313508193554154,8.116281091291221e-05,25,10,20
34,7534,0.9334847860900165,2.4426027504641276e-06,0.06643155204850786,8.121925872556706e-05,25,10,20
34,7535,0.9341346524049388,2.4413964752132283e-06,0.06578172388947319,8.118230911310174e-05,25,10,20
34,7536,0.9349052927120056,2.383459379383129e-06,0.06501116683345386,8.115699516164377e-05,25,10,20
34,7537,0.9180128125130929,2.445692323344763e-06,0.08190355690759948,8.118488698412127e-05,25,10,20
34,7538,0.918248207115371,2.4470559002700535e-06,0.08166822725148334,8.111857724528519e-05,25,10,20
34,7539,0.908527842905514,2.411134954387457e-06,0.09130787872431548,0.00016186723521588307,25,10,20
34,7540,0.9088923852122518,2.405797639279783e-06,0.09094309284559728,0.000162116144511408,25,10,20
34,7541,0.9093131532939621,2.403227091878145e-06,0.09053060664444335,0.00015383683450267928,25,10,20
34,7542,0.9132146482131874,2.321803795687754e-06,0.08664091506419566,0.00014211491882099007,25,10,20
34,7543,0.9152071872859235,2.3069773703315994e-06,0.08465239818576478,0.00013810755094102614,25,10,20
34,7544,0.9312829344853136,2.2581823188229504e-06,0.06857665434261316,0.00013815298975448516,25,10,20
34,7545,0.930617617353565,2.256400526346559e-06,0.06924197004400125,0.00013815620190756842,25,10,20
34,7546,0.9305916481039023,2.25656623961521e-06,0.0692679520300755,0.00013814329978281776,25,10,20
34,7547,0.9304222560197724,2.319826843251423e-06,0.06943751941879767,0.0001379047345868455,25,10,20
34,7548,0.9614449249621632,4.795044912133696e-07,0.03841685373076798,0.00013774180257750902,25,10,20
34,7549,0.9617253265322693,3.8913655316322615e-07,0.03813170739635619,0.0001425769348210798,25,10,20
34,7550,0.9607749804353337,3.9186246354445526e-07,0.0390820424140574,0.0001425852881452508,25,10,20
34,7551,0.960368959980636,4.0172162166339523e-07,0.03948814428335919,0.00014249401438305414,25,10,20
34,7552,0.9599519901157259,4.034036717763425e-07,0.0399051057882931,0.00014250069230909066,25,10,20
34,7553,0.9605898601071415,3.979114056783621e-07,0.039267243259837145,0.00014249872161532014,25,10,20
34,7554,0.9608353456227963,3.9755684706277305e-07,0.039021810486046936,0.00014244633430912095,25,10,20
34,7555,0.95781297494309,3.8466253885552503e-07,0.04202635552770869,0.00016028486666198687,25,10,20
34,7556,0.9580368921657006,3.203851619973335e-07,0.0418025354494106,0.00016025199972642543,25,10,20
34,7557,0.9222673525681833,0.0006894351261913619,0.07688296221351265,0.00016025009211247085,25,10,20
34,7558,0.922263420991365,0.000689598356264695,0.07688692061713541,0.00016006003523497334,25,10,20
34,7559,0.9305342289517042,0.0006899862234798359,0.0686946863829886,8.109844182751392e-05,25,10,20
34,7560,0.9297758282823665,0.0006899864008766195,0.0694523320766061,8.185324015099592e-05,25,10,20
34,7561,0.9315910650553942,0.0006895985678537195,0.0676393104485196,8.002592823242255e-05,25,10,20
34,7562,0.9670981518402647,4.905007697926352e-07,0.0328202226537729,8.11350051923034e-05,25,10,20
34,7563,0.9671399114261083,4.894776742816619e-07,0.03277956440537208,8.003469084473678e-05,25,10,20
34,7564,0.9658740327312308,5.208159937325375e-07,0.034026041292186934,9.940516058767266e-05,25,10,20
34,7565,0.9650796263363485,9.729536698576564e-07,0.03481994799453972,9.945271544110021e-05,25,10,20
34,7566,0.9652447634721447,9.673203213352465e-07,0.03465482227460581,9.944693292736253e-05,25,10,20
34,7567,0.9661385338302582,7.816527778886479e-07,0.0337621229064912,9.856161047206089e-05,25,10,20
34,7568,0.9326345517595361,7.771072621805165e-07,0.06732075293786578,4.391819533587409e-05,25,10,20
34,7569,0.9331740992102924,7.748608080209513e-07,0.06678122030225475,4.390562664484328e-05,25,10,20
34,7570,0.9329314751325309,7.818257085460202e-07,0.06702381890638814,4.392413537225548e-05,25,10,20
34,7571,0.929787823381431,1.5695898133857638e-06,0.07016304604313592,4.756098561964769e-05,25,10,20
34,7572,0.9300730130221142,1.391713732467528e-06,0.06987804618325687,4.754908089628196e-05,25,10,20
34,7573,0.9290799347096232,1.5036314858597942e-06,0.0691756603187114,0.0017429013401796315,25,10,20
34,7574,0.9376756367314643,1.4474231440563982e-06,0.06058004276793276,0.0017428730774590895,25,10,20
34,7575,0.9002724830875153,0.00910621406752932,0.08887791798654568,0.0017433848584085113,25,10,20
34,7576,0.904715601386154,0.00044471581844248874,0.09309665414244696,0.0017430286529549945,25,10,20
34,7577,0.9040802819653563,0.00044473780108693925,0.09373187015445764,0.0017431100790978474,25,10,20
34,7578,0.9000505429350097,0.0004447381927227535,0.09776065974089003,0.001744059131377078,25,10,20
34,7579,0.8989913892605134,0.00044472959027895125,0.09881940018262972,0.0017444809665772352,25,10,20
34,7580,0.8953970207488715,0.00044657860157029693,0.10163924739701574,0.002517153252541644,25,10,20
34,7581,0.8954478775081794,0.0004465785252367551,0.10158840256542537,0.002517141401157375,25,10,20
34,7582,0.8919580913719041,0.0004465834172742774,0.10507814643615669,0.0025171787746641984,25,10,20
34,7583,0.8961866730049208,0.00044658354574772687,0.10085014724482166,0.0025165962045089916,25,10,20
34,7584,0.9319982227595602,0.000445825970966872,0.06503481696301709,0.002521134306456173,25,10,20
34,7585,0.9358132358406571,0.00044582524619054056,0.06123772800693357,0.0025032109062191107,25,10,20
34,7586,0.934719381317547,0.00044583195643857243,0.0623314421928682,0.0025033445331465775,25,10,20
34,7587,0.9347327862344682,0.0004458313903106803,0.06231803870616218,0.0025033436690592675,25,10,20
34,7588,0.9276958832191761,0.0004460408063934881,0.06935465045834911,0.0025034255160815066,25,10,20
34,7589,0.9284992218644933,0.00044601777751454775,0.06855142038937878,0.00250333996861338,25,10,20
34,7590,0.9284680905568051,0.0004460177600110215,0.06858255375257176,0.0025033379306122925,25,10,20
34,7591,0.9205113125889364,0.00044602328256006067,0.07653926490808287,0.0025033992204207445,25,10,20
34,7592,0.9207400398637686,0.00044602072763754607,0.07631054916341663,0.0025033902451768726,25,10,20
34,7593,0.9025681036322288,0.0004461816155697388,0.09448225069886633,0.0025034640533346583,25,10,20
34,7594,0.9070228341615604,0.00044608539941216614,0.08971103225066555,0.0028200481883614405,25,10,20
34,7595,0.9067607339233078,0.0004460857086692082,0.08997254525667638,0.002820635111346275,25,10,20
34,7596,0.8972391237655678,0.0004465091963707624,0.09951314560446464,0.00280122143359649,25,10,20
34,7597,0.8969623809767695,0.00044650931432255544,0.09978989298670222,0.002801216722205348,25,10,20
34,7598,0.8985072910148882,0.0004464920956616166,0.09824990890988271,0.00279630797956713,25,10,20
34,7599,0.8980854533101039,0.00044659316108978887,0.0986716229281641,0.002796330600641887,25,10,20
34,7600,0.8995067455249081,0.00044656554642297783,0.09725848918234493,0.002788199746323512,25,10,20
34,7601,0.8966465787479194,0.00044656436939472915,0.10011870244798557,0.002788154434699883,25,10,20
34,7602,0.8968040395913455,0.00044656429252554463,0.09996124216452125,0.002788153951607283,25,10,20
34,7603,0.8990602985558706,0.00044656455647494966,0.09770432517424187,0.0027888117134126527,25,10,20
34,7604,0.8941940605279742,0.00044656386159372315,0.10257059394218243,0.002788781668249876,25,10,20
34,7605,0.8942344496936947,0.0004465623426934037,0.10253022261683029,0.0027887653467818622,25,10,20
34,7606,0.8920223029682165,0.0004465652720903401,0.10470652459489047,0.002824607164802738,25,10,20
34,7607,0.8944167436607497,0.0004449138912030213,0.10308635039678478,0.002051992051262441,25,10,20
34,7608,0.8937131213630791,0.00044491629010204,0.10378563722450933,0.0020563251223096077,25,10,20
34,7609,0.8936420292856805,0.00044491464964592357,0.10386088451405728,0.002052171550616361,25,10,20
34,7610,0.8944366316609493,0.00044491569183467396,0.1030664339351419,0.002052018712074125,25,10,20
34,7611,0.8957605985029601,0.0004444634176795037,0.10174297554515263,0.002051962534207897,25,10,20
34,7612,0.8959899306676068,0.00044446031664634574,0.10154867045821592,0.0020169385575309973,25,10,20
34,7613,0.8960431743852824,0.000444458561860308,0.10149545698986893,0.002016910062988422,25,10,20
34,7614,0.8631404849773235,0.0004446099898633271,0.13207692967476226,0.004337975358051155,25,10,20
34,7615,0.8665905314653322,0.0004446097953023729,0.1286269239310798,0.004337934808285958,25,10,20
34,7616,0.8666232576316537,0.0004446097831435503,0.12859419254988771,0.004337940035315153,25,10,20
34,7617,0.8612676807555607,0.0004666954838379587,0.13392579510665956,0.0043398286539417215,25,10,20
34,7618,0.8627749279516699,0.00046669812498425535,0.13241367923540173,0.004344694687944069,25,10,20
34,7619,0.866214754858029,0.00046715846252652475,0.1289702922771699,0.004347794402274592,25,10,20
34,7620,0.8687789076484114,0.0004451326968500602,0.12642880235743081,0.004347157297307553,25,10,20
34,7621,0.8673267877805393,0.00044514491699303724,0.12788159814829775,0.004346469154170257,25,10,20
34,7622,0.8548211379917464,0.00044473591514165584,0.14022177223461466,0.0045123538584982414,25,10,20
34,7623,0.859932803279592,0.00044462373799737795,0.13680541734016735,0.0028171556422440435,25,10,20
34,7624,0.8583401236107343,0.00044463710033603734,0.1383975656903505,0.002817673598579923,25,10,20
34,7625,0.8584797769424836,0.0004446330982014815,0.13825804642655026,0.0028175435327656034,25,10,20
34,7626,0.8779415138817355,1.375748721048366e-06,0.11923956190460556,0.002817548464938609,25,10,20
34,7627,0.8858368558959442,1.3702071264520374e-06,0.11134429140899182,0.0028174824879383213,25,10,20
34,7628,0.8889429736094163,1.3690600227979044e-06,0.10823816542119925,0.002817491909362223,25,10,20
34,7629,0.8886435637794766,1.4061632127737586e-06,0.10853680694431535,0.002818223112995595,25,10,20
34,7630,0.9032315655552641,7.877000494921998e-07,0.09395258455300269,0.0028150621916842714,25,10,20
34,7631,0.9012298889569067,1.4538328321749392e-06,0.09595419147116611,0.0028144657390951518,25,10,20
34,7632,0.9316035656946052,4.444127673851834e-06,0.0678838559050913,0.0005081342726291389,25,10,20
34,7633,0.9339718056674765,4.3843041030821095e-06,0.06551682649502398,0.0005069835333960272,25,10,20
34,7634,0.9392612788557346,4.384440200230766e-06,0.060227348204767994,0.0005069884992969631,25,10,20
34,7635,0.9407936934695763,3.749702894467205e-05,0.0587021046086173,0.00046670489286160715,25,10,20
34,7636,0.9304721144977964,3.748553302915203e-05,0.06902370929827073,0.0004666906709038805,25,10,20
34,7637,0.932417281394172,3.7485561827925414e-05,0.0670793558313762,0.0004658772126240892,25,10,20
34,7638,0.9336025835969066,3.73742869229477e-05,0.06621082105639431,0.00014922105977644706,25,10,20
34,7639,0.9355747981954495,3.72599092939005e-05,0.06423925866303395,0.00014868323222292572,25,10,20
34,7640,0.9361164803807437,3.7257271249472535e-05,0.06369756124825034,0.00014870109975678264,25,10,20
34,7641,0.9379829453146635,3.6595982044044864e-05,0.06182887994062719,0.00015157876266550823,25,10,20
34,7642,0.9379975042534983,3.659592687092419e-05,0.06181432148019336,0.00015157833943772015,25,10,20
34,7643,0.9381866421152507,3.6558777431164385e-05,0.061625946792180974,0.00015085231513720944,25,10,20
34,7644,0.9476127855139304,3.801954841720152e-05,0.052192151049370014,0.00015704388828251516,25,10,20
34,7645,0.9430509903912303,3.8028411498789215e-05,0.05671255858998415,0.00019842260728649295,25,10,20
34,7646,0.941266196875144,3.8044275982184815e-05,0.05849719140768725,0.00019856744118639725,25,10,20
34,7647,0.9344994036115531,3.846215424823004e-05,0.06526364872176214,0.00019848551243635556,25,10,20
34,7648,0.9347395188260503,3.845815747824989e-05,0.0650264646898053,0.00019555832666593912,25,10,20
34,7649,0.9364116084546618,3.8442335564095556e-05,0.06335453583165666,0.00019541337811745618,25,10,20
34,7650,0.9382418161496637,3.8440438009267546e-05,0.06152430683204762,0.00019543658027931294,25,10,20
34,7651,0.9385908574338983,3.826869590753679e-05,0.06117534704351558,0.00019552682667882024,25,10,20
34,7652,0.9385028614947493,3.826891641771624e-05,0.06126334832935304,0.00019552125948023278,25,10,20
34,7653,0.937538282803296,3.826986939546409e-05,0.06222790541553549,0.00019554191177337466,25,10,20
34,7654,0.9350505179002669,3.85213333631886e-05,0.06471531883894595,0.0001956419274241931,25,10,20
34,7655,0.9399245820959067,3.851262416606878e-05,0.059882646776712296,0.0001542585032152013,25,10,20
34,7656,0.9123432613704439,3.852017221106234e-05,0.087462920759442,0.00015529769790451796,25,10,20
34,7657,0.8860532179980217,3.852521161174981e-05,0.11375297150885062,0.0001552852815168514,25,10,20
34,7658,0.9119740099113084,3.852230479135899e-05,0.08783215719991881,0.0001553105839829188,25,10,20
34,7659,0.880161185765788,3.955675675220644e-05,0.11930206233584036,0.0004971951416201963,25,10,20
34,7660,0.8809320710981762,3.955180680273046e-05,0.11853118572293232,0.0004971913720893958,25,10,20
34,7661,0.8956614547621891,3.95404017971815e-05,0.10380199314617228,0.0004970116898425578,25,10,20
34,7662,0.8956035855304709,3.954421640500288e-05,0.10385936167337467,0.0004975085797502086,25,10,20
34,7663,0.902509243699047,3.91263370110214e-05,0.09695413494573593,0.0004974950182070734,25,10,20
34,7664,0.8996063293727912,4.058322461350237e-05,0.09985557144855951,0.0004975159540366506,25,10,20
34,7665,0.9315272285580113,3.9548681501702966e-05,0.06827759011154358,0.0001556326489432942,25,10,20
34,7666,0.9314411176926484,3.954851055047566e-05,0.06836323894129322,0.00015609485550792282,25,10,20
34,7667,0.9306304788268398,3.955437278328635e-05,0.06917127552138397,0.00015869127899306514,25,10,20
34,7668,0.9579823636126074,3.956731455353965e-05,0.041820310823198856,0.00015775824964039725,25,10,20
34,7669,0.9511772100050219,3.956830397614855e-05,0.048625455164952334,0.0001577665260498212,25,10,20
34,7670,0.953724199227588,3.931709767407196e-05,0.04607884013761039,0.0001576435371275137,25,10,20
34,7671,0.9538053581551945,3.9313160109332904e-05,0.0459977089576587,0.00015761972703763716,25,10,20
34,7672,0.9536649496909935,3.931345191639111e-05,0.04613642367262312,0.00015931318446709526,25,10,20
34,7673,0.9482161627586139,3.932606567118499e-05,0.05158459427608661,0.00015991689962820265,25,10,20
34,7674,0.9485858749017246,3.932235379384134e-05,0.051217213243356416,0.0001575895011250143,25,10,20
34,7675,0.9486873113972734,3.930181770728499e-05,0.051115911648295785,0.00015747513672348263,25,10,20
34,7676,0.9554506232749965,3.930092815355818e-05,0.04435260363525312,0.0001574721615967993,25,10,20
34,7677,0.941208155038973,3.9523433433386636e-05,0.05859482298497361,0.00015749854261978255,25,10,20
34,7678,0.9405816881801262,3.965603510062267e-05,0.059221593602085794,0.00015706218268728042,25,10,20
34,7679,0.940289143445067,3.969791737232396e-05,0.05951152624590431,0.00015963239165587523,25,10,20
34,7680,0.9401470052151679,3.969923623071059e-05,0.059653664287392,0.00015963126120929687,25,10,20
34,7681,0.9229755198203798,3.9696381660872984e-05,0.07681450154228107,0.0001702822556786096,25,10,20
34,7682,0.9230322597220644,3.9695381232244644e-05,0.07675777149909539,0.0001702733976084161,25,10,20
34,7683,0.8882619524964619,3.6553516662796985e-05,0.11154632303572835,0.0001551709511476965,25,10,20
34,7684,0.8886442069911935,3.655149670075301e-05,0.11116433814206203,0.00015490337004442936,25,10,20
34,7685,0.8885288940759883,3.655143424539402e-05,0.11127965175208172,0.00015490273768503985,25,10,20
34,7686,0.8646123069979019,3.655240808562421e-05,0.13519623857747573,0.00015490201653694768,25,10,20
34,7687,0.8635453858812615,3.6551860367475204e-05,0.13626523171303898,0.00015283054533230328,25,10,20
34,7688,0.8661681049209392,3.525654009051196e-05,0.13364379377387434,0.00015284476509640782,25,10,20
34,7689,0.8687291235060411,3.387159080277532e-05,0.13109025949451353,0.0001467454086430453,25,10,20
34,7690,0.8693505586286285,3.3794899857450464e-05,0.13046904878944576,0.00014659768206877225,25,10,20
34,7691,0.8925474457716283,3.3796181346041936e-05,0.10727208858881486,0.0001466694582110907,25,10,20
34,7692,0.8920981015369334,3.379659928972035e-05,0.1077155673492241,0.00015253451455273022,25,10,20
34,7693,0.9105558627039955,3.379666927379702e-05,0.08926890540150179,0.00014143522522939032,25,10,20
34,7694,0.9050814549784334,3.370824887623646e-05,0.09474300942493022,0.00014182734776048571,25,10,20
34,7695,0.904794612621596,3.370847113942521e-05,0.09502964720698442,0.00014203170028030665,25,10,20
34,7696,0.90576293510045,3.368319803966527e-05,0.09406149257282866,0.00014188912868181154,25,10,20
34,7697,0.9060815498160466,3.368258384356653e-05,0.09374289988836836,0.00014186771174170694,25,10,20
34,7698,0.9061618319225458,3.368356950437441e-05,0.09366259880575356,0.00014188570219635257,25,10,20
34,7699,0.9068041070870058,3.3683534241614674e-05,0.09302036224960192,0.00014184712915086018,25,10,20
34,7700,0.9066647993586778,3.3685195143075907e-05,0.09315905567312267,0.0001424597730566057,25,10,20
34,7701,0.8874601832120089,3.4054811451188974e-05,0.11236642914914541,0.00013933282739490957,25,10,20
34,7702,0.9246857148549816,3.4054440143166796e-05,0.075140870074546,0.0001393606303292678,25,10,20
34,7703,0.9343829816763083,3.36696594170463e-05,0.06544401605430751,0.00013933260996724795,25,10,20
34,7704,0.9344460220764925,3.364907233631432e-05,0.065386131250206,0.00013419760096569077,25,10,20
34,7705,0.9406682833730886,3.360481446399734e-05,0.05916432719518733,0.00013378461726026164,25,10,20
34,7706,0.940964603199221,3.3604568036637284e-05,0.05886821254714006,0.00013357968560249854,25,10,20
34,7707,0.9409617502723084,3.360564234871105e-05,0.058871080425772854,0.0001335636595700565,25,10,20
34,7708,0.9408980534933735,3.362017417295041e-05,0.058934748783678825,0.00013357754877476918,25,10,20
34,7709,0.9401558239109565,3.361980617852362e-05,0.059668341505205905,0.0001422147776591879,25,10,20
34,7710,0.9404681669547722,3.361739014447525e-05,0.05935602858655226,0.00014218706853136968,25,10,20
34,7711,0.9501297712888359,3.363039874901104e-05,0.04969404321480827,0.00014255509760680225,25,10,20
34,7712,0.9491156141164103,3.414928251005143e-05,0.050707590986916046,0.00014264561416366413,25,10,20
34,7713,0.948446579095459,3.415219340362623e-05,0.051376611587518134,0.0001426571236193241,25,10,20
34,7714,0.9489297681451815,4.2489816779911907e-05,0.050885064237145235,0.00014267780089340356,25,10,20
34,7715,0.9716565131962489,9.32889491910204e-06,0.02831711061562842,1.7047293203550626e-05,25,10,20
34,7716,0.9768694599007601,9.317831058510723e-06,0.023104766201129473,1.6456067051801882e-05,25,10,20
34,7717,0.9774462097787476,9.316188394903776e-06,0.022528035656123456,1.6438376733834498e-05,25,10,20
34,7718,0.9774760481049285,9.317500580508342e-06,0.022445589464508555,6.904492998242356e-05,25,10,20
34,7719,0.9772089990548841,9.316072487208486e-06,0.022711457061969517,7.022781065915179e-05,25,10,20
34,7720,0.9910510436551426,9.109936388267822e-06,0.008865047281417083,7.479912705207767e-05,25,10,20
34,7721,0.9806164559426359,0.0001517873008713402,0.019156636651445215,7.5120105047675e-05,25,10,20
34,7722,0.9788683016653534,0.00015178639693217547,0.02090518092161404,7.473101610036834e-05,25,10,20
34,7723,0.9791352064437089,0.00015178514505059037,0.020638280944058104,7.47274671824779e-05,25,10,20
34,7724,0.9641551714914531,0.00015179820284140863,0.03553736438547701,0.00015566592022849674,25,10,20
34,7725,0.9645681472189028,0.00015178313668864538,0.03512867609889326,0.00015139354551542517,25,10,20
34,7726,0.9635352471438807,0.00015178375107612388,0.03616157457537331,0.00015139452966993376,25,10,20
34,7727,0.9632931077857725,0.0001517844864481295,0.03640935838484547,0.00014574934293389965,25,10,20
34,7728,0.9637536964236314,0.00015162263009387111,0.03594897187371269,0.00014570907256194435,25,10,20
34,7729,0.963653229455472,0.0001516238487230733,0.03604942820889408,0.00014571848691068392,25,10,20
34,7730,0.9606981771775304,0.00015296160143337588,0.03899881112115951,0.0001500500998765972,25,10,20
34,7731,0.9605731203331044,0.00015303267175904563,0.039123767204511356,0.0001500797906250956,25,10,20
34,7732,0.9606475897507546,0.00015303266333670186,0.039049301762815535,0.00015007582309296583,25,10,20
34,7733,0.9497703634960075,0.00015305304651051872,0.04992392052982309,0.00015266292765916603,25,10,20
34,7734,0.9369070420716112,0.00015305866842682496,0.06263459428367384,0.0003053049762886874,25,10,20
34,7735,0.9364543329299244,0.00015305854129645126,0.06308730525224378,0.0003053032765358666,25,10,20
34,7736,0.9371072452554224,0.00014472425103972058,0.062442162744061704,0.0003058677494764359,25,10,20
34,7737,0.9240328111610826,0.00014498558804368634,0.07551633842686101,0.0003058648240129471,25,10,20
34,7738,0.922087714307798,0.00014498716410404512,0.0774610354565111,0.00030626307158696257,25,10,20
34,7739,0.9200407518546065,0.00014499416802024565,0.07950822089515631,0.00030603308221710193,25,10,20
34,7740,0.9365568380078354,0.00014498285866916554,0.06307332792533116,0.0002248512081642932,25,10,20
34,7741,0.9369425252837048,0.00014498389473389286,0.06268763578607234,0.00022485503548883357,25,10,20
34,7742,0.9128605557554104,2.2670688006011352e-06,0.08691301708035272,0.0002241600954363653,25,10,20
34,7743,0.9150839595908802,2.2567301797890775e-06,0.08468999359172619,0.0002237900872139627,25,10,20
34,7744,0.9149729350900866,4.494813470515204e-06,0.08479893548696855,0.00022363460947458956,25,10,20
34,7745,0.8939740970992399,4.79048325708668e-06,0.10579734128903731,0.00022377112846541465,25,10,20
34,7746,0.8940973742089565,4.7869452539522645e-06,0.10567454645685974,0.00022329238892939248,25,10,20
34,7747,0.8946174646078542,4.824080896449301e-06,0.10515439817280309,0.00022331313844596457,25,10,20
34,7748,0.8947630025134643,4.823764191206123e-06,0.10500885424230677,0.00022331948003773323,25,10,20
34,7749,0.8947526331061704,4.824164633241205e-06,0.10501923343872548,0.00022330929047057165,25,10,20
34,7750,0.8947149282785546,4.824273490653708e-06,0.1050569346156992,0.00022331283225521286,25,10,20
34,7751,0.8944146714208892,4.824840244013539e-06,0.10535715554302301,0.00022334819584346737,25,10,20
34,7752,0.8943416853826635,4.824866565148308e-06,0.10543013683019846,0.00022335292057265824,25,10,20
34,7753,0.8625740944869738,4.306579081146335e-06,0.13719833324205072,0.0002232656918947818,25,10,20
34,7754,0.8625098456718887,4.310114401175612e-06,0.13726256705670523,0.00022327715700531134,25,10,20
34,7755,0.8478384437494878,4.310722455814188e-06,0.151942610258366,0.00021463526969048695,25,10,20
34,7756,0.8472334658866552,4.332752602274144e-06,0.15254878114303158,0.00021342021771071165,25,10,20
34,7757,0.8456996497259094,2.9837038205944924e-06,0.15408829715090652,0.00020906941936354165,25,10,20
34,7758,0.8458672776043269,2.9911021828194266e-06,0.15391851383000327,0.00021121746348680588,25,10,20
34,7759,0.849142758577625,3.065709085558016e-06,0.1506420693169705,0.00021210639631827975,25,10,20
34,7760,0.8492421393709115,3.065216857709852e-06,0.15054271373078337,0.0002120816814468316,25,10,20
34,7761,0.8490335440304989,3.0682424632407218e-06,0.15075109518567223,0.00021229254136517626,25,10,20
34,7762,0.8419281738690677,2.998515341112535e-06,0.15785651413110519,0.00021231348448612106,25,10,20
34,7763,0.8235926214320074,3.691911445985635e-06,0.17609619036911908,0.000307496287427105,25,10,20
34,7764,0.8365196361715147,3.4302507409831863e-06,0.16316938711644913,0.00030754646129485004,25,10,20
34,7765,0.8360884556601114,3.43019453688488e-06,0.1636005680912089,0.0003075460541423335,25,10,20
34,7766,0.8578363164503652,3.133360575628181e-06,0.14185336130730375,0.0003071888817554034,25,10,20
34,7767,0.8572678390718806,3.133389240669942e-06,0.142421839237291,0.00030718830158792815,25,10,20
34,7768,0.8756437740798273,2.4371462124378765e-06,0.124141617381323,0.0002121713926372897,25,10,20
34,7769,0.9105429292189556,2.4365197835531106e-06,0.0892424588969984,0.00021217536426235476,25,10,20
34,7770,0.9090478861361021,2.4826173992368608e-06,0.0907243820089961,0.00022524923750262438,25,10,20
34,7771,0.9091066077360331,2.48253283493985e-06,0.09066565857204684,0.00022525115908502796,25,10,20
34,7772,0.9089739756936274,2.4847040092183348e-06,0.09079829217556287,0.0002252474268006963,25,10,20
34,7773,0.9085814195182915,2.477860570112527e-06,0.09119299393315983,0.0002231086879786526,25,10,20
34,7774,0.909908855070868,2.4364735770491098e-06,0.0898788370464526,0.0002098714091024995,25,10,20
34,7775,0.9092185091897153,2.438000340869426e-06,0.09056907511848655,0.00020997769145745984,25,10,20
34,7776,0.9083254702934908,2.4398028398945576e-06,0.09146198551806378,0.0002101043856057117,25,10,20
34,7777,0.9084575324369201,2.439309347894115e-06,0.09132993158292722,0.00021009667080492097,25,10,20
34,7778,0.9087176864629916,2.4361802127093345e-06,0.09106999266086117,0.00020988469593443806,25,10,20
34,7779,0.9087323295111706,2.4360837989973573e-06,0.0910553502928585,0.00020988411217179537,25,10,20
34,7780,0.9082701883804346,2.4423875487589723e-06,0.09151742935163258,0.00020993988038408624,25,10,20
34,7781,0.907145628854881,2.524505301388735e-06,0.0926344465655577,0.00021740007425975118,25,10,20
34,7782,0.904682928751801,3.678301437563725e-06,0.09509078488735019,0.0002226080594111727,25,10,20
34,7783,0.9075265518455135,2.524110079354963e-06,0.09225353364336368,0.00021739040104341617,25,10,20
34,7784,0.9073030359512344,2.527922049902114e-06,0.09247655043270536,0.00021788569401024556,25,10,20
34,7785,0.9075876537482829,2.527450586714384e-06,0.0921919789543751,0.0002178398467553194,25,10,20
34,7786,0.9098122074870222,2.4490453187558812e-06,0.08996597359307122,0.00021936987458780945,25,10,20
34,7787,0.9099087035566978,2.4491494810128713e-06,0.08986946152184715,0.0002193857719738927,25,10,20
34,7788,0.924382924409314,2.448984244827336e-06,0.07539522902434724,0.000219397582094141,25,10,20
34,7789,0.9024308050364848,3.134399944942602e-06,0.0973352179555547,0.0002308426080158442,25,10,20
34,7790,0.9040589150946594,9.790051116553046e-07,0.09570917717752071,0.00023092872270830342,25,10,20
34,7791,0.9013658207341828,9.797943696186118e-07,0.09840209251349051,0.0002311069579570936,25,10,20
34,7792,0.8853084263622911,9.89962046502615e-07,0.11445746154630151,0.00023312212936013686,25,10,20
34,7793,0.8852381216869357,9.91103608257228e-07,0.11452777750816874,0.00023310970128667902,25,10,20
34,7794,0.8851993757883985,9.934399923533598e-07,0.11456651055875162,0.00023312021285689958,25,10,20
34,7795,0.8856037596404414,9.818575825989117e-07,0.11416216669533054,0.00023309180664473616,25,10,20
34,7796,0.9151725129536789,1.027877171108408e-06,0.08459336460342572,0.00023309456572358437,25,10,20
34,7797,0.9149699189200733,1.02803675956796e-06,0.08479591419048256,0.00023313885268387888,25,10,20
34,7798,0.9160086125252611,1.0269363706139257e-06,0.08375724701427491,0.00023311352409269577,25,10,20
34,7799,0.9163856552173343,9.401155704002592e-07,0.08338027651554308,0.00023312815155163556,25,10,20
34,7800,0.917874776484993,9.383053614896083e-07,0.08189128388437485,0.0002330013252701995,25,10,20
34,7801,0.8915399124638305,9.663479398156895e-07,0.10822611735527662,0.00023300383295213955,25,10,20
34,7802,0.9118028700266427,2.8085998572053047e-07,0.08797529967703684,0.0002215494363339045,25,10,20
34,7803,0.9148550714229491,2.3534748048320775e-07,0.08492308519917807,0.00022160803039162697,25,10,20
34,7804,0.9191237536536941,2.3419050096362364e-07,0.08065443944659556,0.00022157270920876361,25,10,20
34,7805,0.9181752776722254,2.49189031353866e-07,0.08160288821957595,0.00022158491916666082,25,10,20
34,7806,0.9195455768632144,2.5996724469700205e-07,0.08023257530606,0.0002215878634803605,25,10,20
34,7807,0.9182591001174252,5.44756817746684e-07,0.08151016469465729,0.0002301904310991559,25,10,20
34,7808,0.9183110888120626,5.44351346827093e-07,0.08146061422821756,0.0002277526083727912,25,10,20
34,7809,0.9303176912085708,5.422693977565997e-07,0.0694072947895021,0.0002744717325293962,25,10,20
34,7810,0.9298898986269069,5.703682195428062e-07,0.06983503646319911,0.0002744945416743785,25,10,20
34,7811,0.9275770950438436,5.756212412018189e-07,0.07214780337426042,0.000274525960654372,25,10,20
34,7812,0.9237460738596712,5.581977669703178e-07,0.07597882938342686,0.00027453855913457973,25,10,20
34,7813,0.9224682627145756,7.643223279547581e-07,0.07723972014522985,0.0002912528178662893,25,10,20
34,7814,0.9224136650766367,7.64909993705526e-07,0.07729430472512952,0.00029126528823982065,25,10,20
34,7815,0.9216396340182209,1.999888805520903e-06,0.07806742601714149,0.0002909400758321739,25,10,20
34,7816,0.9142354760540546,2.0510295525014647e-06,0.0854635997311322,0.00029887318526041666,25,10,20
34,7817,0.9080034306409224,2.047392420872287e-06,0.091696075496636,0.00029844647002073523,25,10,20
34,7818,0.9113162964765688,2.057471309312317e-06,0.08838312539182519,0.00029852066029647855,25,10,20
34,7819,0.9226626196922117,2.0868909721451227e-06,0.07699698320886864,0.0003383102079475306,25,10,20
34,7820,0.936807183995428,2.0571521553192833e-06,0.06289918863289781,0.00029157021951978327,25,10,20
34,7821,0.9366270372955057,2.057272413450748e-06,0.0630793028070031,0.00029160262507851685,25,10,20
34,7822,0.9500480489116537,2.0474991783365902e-06,0.04986355446858152,8.634912058713156e-05,25,10,20
34,7823,0.9499798804413965,2.0479395211900463e-06,0.0499316112227522,8.646039633072388e-05,25,10,20
34,7824,0.9486087040563362,2.790684008516507e-06,0.051301978962814375,8.652629684149852e-05,25,10,20
34,7825,0.9187075593439501,2.7547190633132792e-06,0.05075974799248621,0.03052993794450113,25,10,20
34,7826,0.9258713916347022,2.7035860698217854e-06,0.043603902697785336,0.03052200208144326,25,10,20
34,7827,0.9274069535952327,2.19479701012673e-06,0.0420688588794374,0.030521992728320364,25,10,20
34,7828,0.9174937134879904,1.9853083567077334e-06,0.051999030963081,0.030505270240572507,25,10,20
34,7829,0.9158971943528451,2.5360246698860443e-06,0.05359473056814238,0.030505539054343236,25,10,20
34,7830,0.9132713448702074,2.5371952673402213e-06,0.056220509754111046,0.03050560818041463,25,10,20
34,7831,0.9175301298338262,2.5265207211322773e-06,0.0519617708648974,0.030505572780555858,25,10,20
34,7832,0.9167625319022155,2.56540900979421e-06,0.05272931334960511,0.030505589339170306,25,10,20
34,7833,0.9164439558725573,2.5698326315808175e-06,0.053047409382802134,0.030506064912009415,25,10,20
34,7834,0.916662239161305,2.532424611203565e-06,0.052826769963207364,0.030508458450876855,25,10,20
34,7835,0.9155509413692995,2.5318837734966266e-06,0.05393811607576723,0.030508410671159936,25,10,20
34,7836,0.916763849318151,2.5317625279172378e-06,0.05272521828529923,0.030508400634022093,25,10,20
34,7837,0.9065719342731181,2.5436014638447595e-06,0.06291707815179924,0.030508443973618862,25,10,20
34,7838,0.9037936450271935,2.5465084498391692e-06,0.06569532602479257,0.030508482439564184,25,10,20
34,7839,0.9021532032461095,2.5703260051615613e-06,0.06734314966157305,0.030501076766312373,25,10,20
34,7840,0.9021890837521986,2.5703080108475626e-06,0.0673072737097984,0.030501072229991807,25,10,20
34,7841,0.9049629501028066,2.5671027004791953e-06,0.06490745937444262,0.030127023420050025,25,10,20
34,7842,0.8912925198681323,2.037525315494101e-06,0.07857857571560889,0.030126866890943148,25,10,20
34,7843,0.8878230964333866,2.065551462552581e-06,0.08204843970788202,0.030126398307268588,25,10,20
34,7844,0.8917204042967498,2.0330424455417517e-06,0.07815117691413692,0.030126385746667723,25,10,20
34,7845,0.8628813774874894,9.043692916921647e-06,0.10507777410476059,0.03203180471483297,25,10,20
34,7846,0.8741116269335433,9.043517915313834e-06,0.09384752300308069,0.03203180654545985,25,10,20
34,7847,0.8848986376684338,9.021947003264556e-06,0.0830631313271621,0.03202920905740001,25,10,20
34,7848,0.8874910920879806,9.021071421273283e-06,0.08047080944895478,0.03202907739164274,25,10,20
34,7849,0.887579118188446,9.020989786883066e-06,0.08038278737598321,0.032029073445783374,25,10,20
34,7850,0.8895531015587919,8.736643812423652e-06,0.07841780642360391,0.03202035537379156,25,10,20
34,7851,0.8923957860620804,8.633634535148854e-06,0.07557463997292911,0.03202094033045511,25,10,20
34,7852,0.8905717728107735,8.868574129653818e-06,0.07738207902414913,0.03203727959094778,25,10,20
34,7853,0.879409316117775,8.868739190680032e-06,0.08854464092174913,0.032037174221284784,25,10,20
34,7854,0.9062856133933564,0.00011192034430076459,0.06347076084392618,0.030131705418416616,25,10,20
34,7855,0.9070715173627752,0.00011167138027870773,0.06268517537126045,0.0301316358856857,25,10,20
34,7856,0.8684401885706619,0.00011169343478457467,0.10131647990836648,0.030131638086186983,25,10,20
34,7857,0.8649047711040221,0.00011384848811625381,0.10483969942292579,0.030141680984935908,25,10,20
34,7858,0.8649144358416772,0.00011384859796094581,0.104830035202853,0.03014168035750887,25,10,20
34,7859,0.8631204075939877,0.00012052419003914086,0.10661740436997821,0.03014166384599455,25,10,20
34,7860,0.8656207324790557,1.0460951616007772e-05,0.10422664819786133,0.030142158371466627,25,10,20
34,7861,0.8714420865484485,8.300663639644035e-06,0.09841747536089336,0.030132137427017744,25,10,20
34,7862,0.8696917644719526,8.389327520996515e-06,0.10016771999060324,0.030132126209922797,25,10,20
34,7863,0.8707087536899073,8.350385712725751e-06,0.09915078922258401,0.03013210670179558,25,10,20
34,7864,0.871809135777789,8.327549556551018e-06,0.09805042671301739,0.030132109959637058,25,10,20
34,7865,0.9104009679917848,8.305923159898313e-06,0.05945860554807182,0.030132120536982988,25,10,20
34,7866,0.9126970290621671,8.305852361573539e-06,0.057163042905480674,0.03013162217999023,25,10,20
34,7867,0.9105634196347704,8.310909332124151e-06,0.05928128733605303,0.030146982119844012,25,10,20
34,7868,0.9097145032557016,8.31443332350299e-06,0.06012949576931253,0.03014768654166186,25,10,20
34,7869,0.9096650154479345,8.314460432654138e-06,0.060178903648202275,0.03014776644343001,25,10,20
34,7870,0.907308067157973,1.6792691752970674e-06,0.06254243421210692,0.03014781936074431,25,10,20
34,7871,0.9069754867710135,1.6877060101838847e-06,0.06287505800791546,0.030147767515060347,25,10,20
34,7872,0.9182859261399251,1.687119071497186e-06,0.05156450892180696,0.03014787781919615,25,10,20
34,7873,0.9182262152289999,1.6870199095748891e-06,0.0516242098143145,0.030147887936775686,25,10,20
34,7874,0.9126272654283095,1.6929851852053954e-06,0.05722217154986971,0.030148870036635134,25,10,20
34,7875,0.9107303876679496,1.6931455638494103e-06,0.05908548747948131,0.030182431707004784,25,10,20
34,7876,0.9108915540614865,1.693604171480924e-06,0.05892440833384076,0.030182344000500797,25,10,20
34,7877,0.8901996441862026,1.6948913748610114e-06,0.0796163115797641,0.030182349342657865,25,10,20
34,7878,0.8905916628418546,1.686028384630644e-06,0.07922434105255623,0.030182310077203876,25,10,20
34,7879,0.8662006445580464,1.6491548204894036e-06,0.10361552126052985,0.030182185026603466,25,10,20
34,7880,0.8669634095440757,1.650701599659544e-06,0.10285344532158955,0.03018149443273502,25,10,20
34,7881,0.8669391627108327,1.6511076632682542e-06,0.10287769595856211,0.030181490222942097,25,10,20
34,7882,0.8602120510324603,1.6511457210446334e-06,0.10334124556563724,0.03644505225618126,25,10,20
34,7883,0.8633329118461769,1.641090604363144e-06,0.10022016971919781,0.036445277344020616,25,10,20
34,7884,0.8464323215907228,1.648111358572096e-06,0.11713637422245896,0.03642965607545929,25,10,20
34,7885,0.8460334172442074,1.647540973203494e-06,0.11774344666379444,0.03622148855102457,25,10,20
34,7886,0.8309015512303108,1.625038282865583e-06,0.13287537572913038,0.036221448002275926,25,10,20
34,7887,0.8460075472928734,1.603929179347072e-06,0.11776952976837737,0.03622131900956984,25,10,20
34,7888,0.8449889202250824,1.608855687758263e-06,0.11878814055368617,0.03622133036554356,25,10,20
34,7889,0.8452094973843225,4.965742291893098e-07,0.11856863917163254,0.0362213668698158,25,10,20
34,7890,0.8449889592292766,5.456965190231525e-07,0.11976431842131988,0.035246176652884174,25,10,20
34,7891,0.8254730184442676,5.630702516558306e-07,0.1392826588582655,0.03524375962721478,25,10,20
34,7892,0.8253826033437046,5.63086034335274e-07,0.13937306273154518,0.03524377083871544,25,10,20
34,7893,0.8254339902842502,5.634306563022789e-07,0.13932161184057285,0.035243834444520214,25,10,20
34,7894,0.8211774409557335,9.057494591437434e-07,0.14357744677712514,0.03524420651768154,25,10,20
34,7895,0.8212486621288572,9.059377391097444e-07,0.14350626601725783,0.035244165916145494,25,10,20
34,7896,0.8193175598605944,1.1238605419449703e-06,0.1454366330696529,0.035244683209210294,25,10,20
34,7897,0.811898246062471,1.036750216137548e-06,0.1528559911155796,0.03524472607173267,25,10,20
34,7898,0.8293419478879703,1.0269465619894523e-06,0.13541186851503872,0.03524515665042883,25,10,20
34,7899,0.8576840974823214,1.0502562555698392e-06,0.1070696477687433,0.03524520449267989,25,10,20
34,7900,0.8306625769035914,7.365215627364889e-07,0.13409184021705323,0.035244846357792486,25,10,20
34,7901,0.8562034902020084,7.36654964616449e-07,0.10855093225152317,0.03524484089150432,25,10,20
34,7902,0.8539247144802602,7.620658908682474e-07,0.11082953073120796,0.03524499272264142,25,10,20
34,7903,0.8584116518922287,5.2422886545788e-07,0.10635922222603825,0.03522860165286818,25,10,20
34,7904,0.8583991100288109,5.276301715986422e-07,0.10637175333708951,0.035228609003928414,25,10,20
34,7905,0.858478315486848,5.288178713163712e-07,0.10629256551448016,0.03522859018080088,25,10,20
34,7906,0.8897480865519504,5.006180093437976e-07,0.07502283120014658,0.03522858162989394,25,10,20
34,7907,0.8967186619798581,4.538158151364328e-07,0.10109187257589584,0.0021890116284312504,25,10,20
34,7908,0.9022946650351019,4.4802488552545964e-07,0.0955168375356577,0.00218804940435493,25,10,20
34,7909,0.902219020706342,4.4789610956125854e-07,0.09559241304465298,0.0021881183528957232,25,10,20
34,7910,0.9022813189531276,4.477773328984381e-07,0.09553013029483555,0.0021881029747042526,25,10,20
34,7911,0.9024961628377766,4.487450927690007e-07,0.09531466396892492,0.0021887244482059207,25,10,20
34,7912,0.8871266697022929,4.5002017090159636e-07,0.1103003869148778,0.0025724933626585845,25,10,20
34,7913,0.8870499583277914,4.5659688114605385e-07,0.11037709033934537,0.002572494735982261,25,10,20
34,7914,0.8893117165300711,2.3523399164894293e-07,0.10811612582256892,0.0025719224133684765,25,10,20
34,7915,0.8902768247492929,2.366723906400151e-07,0.10718456340076708,0.0025383751775495873,25,10,20
34,7916,0.888158174585205,2.3423720182414198e-07,0.10930322465972699,0.002538366517866345,25,10,20
34,7917,0.8892894298432539,2.333504970020038e-07,0.10817239312644926,0.002537943679799983,25,10,20
34,7918,0.8890297104050682,1.1055492723677963e-07,0.1084322549660969,0.002537924073907678,25,10,20
34,7919,0.8891424410920983,1.1070189692604033e-07,0.10831962455164268,0.0025378236543620648,25,10,20
34,7920,0.8891276111367982,1.1071441568376105e-07,0.10833445434549904,0.002537823803287026,25,10,20
34,7921,0.8825279461728655,2.6117695760926194e-07,0.11493391630477917,0.0025378763453978697,25,10,20
34,7922,0.8828035539382725,2.5555590526720476e-07,0.11465897051123151,0.0025372199945904277,25,10,20
34,7923,0.8827686027663738,2.564677647352613e-07,0.11469389387048019,0.002537246895381001,25,10,20
34,7924,0.882573561632219,2.5780867408589704e-07,0.11488954180205885,0.0025366387570476216,25,10,20
34,7925,0.9031359201553549,2.5715176851958807e-07,0.0943271853219793,0.0025366373708969915,25,10,20
34,7926,0.8970960841515637,2.77246068866097e-07,0.10036494669477791,0.0025386919075893704,25,10,20
34,7927,0.8970121028630679,2.7178962283575717e-07,0.100446581538611,0.0025410438086978827,25,10,20
34,7928,0.8970800995143775,2.7156142010504224e-07,0.10037850547663385,0.002541123447568225,25,10,20
34,7929,0.8974495223513159,2.743905903929896e-07,0.10000789169675378,0.0025423115613395974,25,10,20
34,7930,0.8982555713911033,3.1376707281259084e-07,0.09920166165049657,0.002542453191326962,25,10,20
34,7931,0.8982268659828457,3.1655126894528496e-07,0.09923045187516896,0.002542365590715823,25,10,20
34,7932,0.8991686829165835,3.1610373014591366e-07,0.09828867086565159,0.002542330114034309,25,10,20
34,7933,0.8985412172913432,3.9273837784879086e-07,0.09890371063441045,0.002554679335868095,25,10,20
34,7934,0.9227603032387419,4.4042177426140506e-07,0.0768363770234056,0.00040287931607853246,25,10,20
34,7935,0.9209299211952494,3.0115071621939124e-07,0.07866570692353872,0.00040407073049598285,25,10,20
34,7936,0.9118247623243501,4.0836273262652713e-07,0.08772841643601823,0.00044641287689884497,25,10,20
34,7937,0.9095197902595088,4.1484016623435003e-07,0.09003420620132553,0.0004455886989993348,25,10,20
34,7938,0.9092781895896461,4.1617399389925515e-07,0.09027579105637418,0.00044560317998560664,25,10,20
34,7939,0.9241250329624873,5.631841775200833e-07,0.0758125205035514,6.188334978416198e-05,25,10,20
34,7940,0.9244734326658032,5.212282012762069e-07,0.07546421427413504,6.183183186098378e-05,25,10,20
34,7941,0.9178836154319676,5.422490183179133e-07,0.0820539870535022,6.185526551204753e-05,25,10,20
34,7942,0.9244401253520717,5.222588332309841e-07,0.07549750761070731,6.18447783887191e-05,25,10,20
34,7943,0.9243682582069798,5.844728232077424e-07,0.07556968511084304,6.147220935456447e-05,25,10,20
34,7944,0.9243593958757317,5.845475942588745e-07,0.07557854754365129,6.147203302328774e-05,25,10,20
34,7945,0.9354563547963997,5.757876372989451e-07,0.06448339028746444,5.9679128499129064e-05,25,10,20
34,7946,0.9339227217105378,6.033200534793653e-07,0.06601687171789974,5.9803251509846725e-05,25,10,20
34,7947,0.9331992713880676,6.801934150386613e-07,0.06674023372789152,5.981469062635717e-05,25,10,20
34,7948,0.9418963237056696,5.773875917934155e-07,0.058085609729817016,1.748917692196237e-05,25,10,20
34,7949,0.9419322323579334,5.697849145293486e-07,0.0580488018576139,1.8395999538432924e-05,25,10,20
34,7950,0.9418932343255986,5.708847969741854e-07,0.058087788018366,1.8406771238773433e-05,25,10,20
34,7951,0.9385535705114991,7.536398697466457e-07,0.06142689228940408,1.8783559227661543e-05,25,10,20
34,7952,0.9392465338597629,6.763484336909315e-07,0.06073395235786941,1.8837433934511695e-05,25,10,20
34,7953,0.9375601314011297,6.778663150859699e-07,0.062420433923573854,1.8756808981807742e-05,25,10,20
34,7954,0.945347951509646,6.277201728515918e-07,0.054631227675936964,2.0193094244579586e-05,25,10,20
34,7955,0.9431241441895257,5.688548991682881e-07,0.05685508180327958,2.0205152295820673e-05,25,10,20
34,7956,0.9433937133106265,4.4161128227145965e-07,0.056584683775049216,2.1161303042155043e-05,25,10,20
34,7957,0.941564572908097,5.074579664346846e-07,0.05841334574931427,2.157388462239676e-05,25,10,20
34,7958,0.9256654561016943,5.169194832934837e-07,0.07431217663948315,2.185033933970358e-05,25,10,20
34,7959,0.9257602255419108,5.16319828884752e-07,0.0742174111226016,2.1847015659247092e-05,25,10,20
34,7960,0.9280519941543462,4.238114301823353e-07,0.07192616811826512,2.1413915959012942e-05,25,10,20
34,7961,0.9304184031190634,5.601100072054649e-07,0.06956006737673533,2.09693941945069e-05,25,10,20
34,7962,0.9303656850553556,5.602629447154623e-07,0.0696121903030661,2.1564378634274574e-05,25,10,20
34,7963,0.9319387860992719,5.742719507593574e-07,0.06803907351952446,2.1566109253430104e-05,25,10,20
34,7964,0.9279027541406579,5.591445750636701e-07,0.07195326839774584,0.00014341831702159124,25,10,20
34,7965,0.9212344571503621,5.597647123050021e-07,0.07862156404570476,0.00014341903922107,25,10,20
34,7966,0.9211402886708194,5.630901956193661e-07,0.0787156659473454,0.00014348229163993421,25,10,20
34,7967,0.920973012685953,5.627529896537891e-07,0.07888292735920058,0.00014349720185697888,25,10,20
34,7968,0.9208391642257889,5.643934216518018e-07,0.07901482931716104,0.00014544206362866342,25,10,20
34,7969,0.91696998617018,4.182072007841818e-07,0.08288412293758479,0.00014547268503432007,25,10,20
34,7970,0.9035120117479866,4.195957744685575e-07,0.09620743873646057,0.0002801299197785106,25,10,20
34,7971,0.9030297055361953,4.1988657891491635e-07,0.09668812286123663,0.000281751715989106,25,10,20
34,7972,0.9019174231869199,4.344309330674918e-07,0.09780025451227192,0.0002818878698752836,25,10,20
34,7973,0.8963238819204454,4.3398672371564803e-07,0.10337377679383981,0.00030190729899051536,25,10,20
34,7974,0.9124893034397558,4.227041740077283e-07,0.08720869604204956,0.00030157781402061256,25,10,20
34,7975,0.8758322117436752,1.0972145481305427e-06,0.12368434968836739,0.00048234135340919775,25,10,20
34,7976,0.8760148919709707,1.095290774065525e-06,0.12349973742360291,0.0004842753146522029,25,10,20
34,7977,0.8816520810818176,1.085274619949303e-06,0.11798452919831055,0.00036230444525145054,25,10,20
34,7978,0.9014367219891204,1.0675229408030615e-06,0.09819990421365533,0.00036230627428290673,25,10,20
34,7979,0.9036178164424414,1.0659012859635766e-06,0.0960186654358479,0.0003624522204242485,25,10,20
34,7980,0.9037372101053982,1.0654947502312074e-06,0.09589929375340096,0.0003624306464501219,25,10,20
34,7981,0.8999724274227177,2.6462535472851716e-06,0.09965712348979155,0.00036780283394291887,25,10,20
34,7982,0.906462451149824,2.6469501394612843e-06,0.09316709195660332,0.00036780994343280413,25,10,20
34,7983,0.9068177013890418,2.647466976850826e-06,0.09281313784398523,0.0003665132999954768,25,10,20
34,7984,0.9071517543002183,2.6478619445241123e-06,0.09247917890235743,0.00036641893547934235,25,10,20
34,7985,0.9073503011584352,2.6469846378778928e-06,0.09228065256464289,0.00036639929228390324,25,10,20
34,7986,0.909899531655297,2.702070692721907e-06,0.0897504185384156,0.0003473477355945823,25,10,20
34,7987,0.9090779434334489,2.7145667239411e-06,0.09057183394086916,0.000347508058957917,25,10,20
34,7988,0.9086023015993675,2.7146552598038394e-06,0.0910471418289221,0.0003478419164504576,25,10,20
34,7989,0.9107600806833434,2.7116515981261874e-06,0.08888936527986019,0.00034784238519843555,25,10,20
34,7990,0.9113513539310081,2.6366033763036675e-06,0.08831251819041544,0.0003334912752003497,25,10,20
34,7991,0.9150319684722287,1.0543706322681651e-06,0.08464139308150596,0.0003255840756330864,25,10,20
34,7992,0.9134403649229432,1.0740339211201367e-06,0.08623389167225345,0.0003246693708823625,25,10,20
34,7993,0.9139194709943763,1.0995615314290208e-06,0.08575467808225065,0.00032475136184161187,25,10,20
34,7994,0.9140349944013976,1.0994759684401303e-06,0.08563916038946068,0.00032474573317339286,25,10,20
34,7995,0.9142856295849449,1.107345783596211e-06,0.08538833969950675,0.00032492336976496893,25,10,20
34,7996,0.914142591508991,1.1144857945488113e-06,0.08553153190449246,0.0003247621007220001,25,10,20
34,7997,0.9140516124053452,1.1178181493928446e-06,0.08562249705055251,0.000324772725952984,25,10,20
34,7998,0.9112557550475836,1.2607307681093963e-06,0.08841818675985542,0.00032479746179301316,25,10,20
34,7999,0.8829075144538769,1.2693270858030346e-06,0.09906187879206332,0.018029337426974105,25,10,20
34,8000,0.8860559434468444,1.2096878245968653e-06,0.09591454551876243,0.018028301346568944,25,10,20
34,8001,0.8885739470210778,1.06554517024635e-06,0.09339375048862934,0.01803123694512304,25,10,20
34,8002,0.8758217832713696,1.044447067865511e-06,0.1061481590492736,0.018029013232289174,25,10,20
34,8003,0.8703515378177268,1.047008731633562e-06,0.11161840945456562,0.018029005718976265,25,10,20
34,8004,0.8740957390097088,1.0340106105581895e-06,0.10787451798282795,0.018028708996853007,25,10,20
34,8005,0.8741132651645438,1.0370331183238167e-06,0.10785698401087357,0.018028713791464843,25,10,20
34,8006,0.8802774994496939,1.3297922946981931e-06,0.10167320247882954,0.01804796827918245,25,10,20
34,8007,0.8766680137294206,1.458361041508176e-06,0.10528267774804415,0.018047850161494343,25,10,20
34,8008,0.8773322995300387,1.4430550977755652e-06,0.1046184084075758,0.018047849007287894,25,10,20
34,8009,0.8773421266504323,1.4429251363299936e-06,0.10460858640176497,0.018047844022666612,25,10,20
34,8010,0.8776299857503926,1.422779823195004e-06,0.10432164138849616,0.01804695008128822,25,10,20
34,8011,0.8684078251664831,5.647988246040543e-06,0.11217851143747792,0.01940801540779304,25,10,20
34,8012,0.8624320336899597,5.6493887677614836e-06,0.11815393264586145,0.019408384275411493,25,10,20
34,8013,0.8624527691602474,5.6492970136756235e-06,0.11813320424118738,0.019408377301551944,25,10,20
34,8014,0.8582250233454667,5.643735042781552e-06,0.12233964347890673,0.01942968944058392,25,10,20
34,8015,0.8584743032190647,5.640531145982501e-06,0.1220903761075218,0.019429680142267685,25,10,20
34,8016,0.8581791647304384,5.644055329104892e-06,0.12238550546223506,0.01942968575199763,25,10,20
34,8017,0.854431251884744,5.359825110357644e-06,0.12610215307492345,0.019461235215222666,25,10,20
34,8018,0.8477465775727723,5.378698901875982e-06,0.13278710485236447,0.019460938875961578,25,10,20
34,8019,0.8434497547405277,5.3853559997073e-06,0.1370838986166492,0.019460961286823467,25,10,20
34,8020,0.8432421485526218,5.3854057953665206e-06,0.13729147559174565,0.019460990449837314,25,10,20
34,8021,0.8487787601141634,5.386277523609406e-06,0.1317530425781369,0.01946281103017623,25,10,20
34,8022,0.8842906424358903,4.720638968576985e-06,0.09625780810277956,0.019446828822361796,25,10,20
34,8023,0.8843135386827641,4.803963936229499e-06,0.09623498008178726,0.019446677271512683,25,10,20
34,8024,0.883560891723883,4.790772672813146e-06,0.09698708117623561,0.019447236327208673,25,10,20
34,8025,0.8851034580841498,4.782309830552231e-06,0.09560998091482052,0.019281778691199083,25,10,20
34,8026,0.8913137445859393,4.7783717759119306e-06,0.0894000802578784,0.01928139678440628,25,10,20
34,8027,0.8906872254206591,4.782586049145341e-06,0.09002616512759606,0.019281826865695507,25,10,20
34,8028,0.890257191329941,4.700565895929341e-06,0.09045577060270955,0.01928233750145347,25,10,20
34,8029,0.8899426765556937,4.700808147839667e-06,0.09077027510231458,0.01928234753384361,25,10,20
34,8030,0.8896809635635811,4.702821969156048e-06,0.09103198831082729,0.019282345303622318,25,10,20
34,8031,0.8896929122652069,4.7028449850001865e-06,0.0910200379080015,0.019282346981806423,25,10,20
34,8032,0.8988240784038254,4.800286495345959e-07,0.08325415363276267,0.017921287934762147,25,10,20
34,8033,0.9030310640657675,4.734834147756749e-07,0.0790471714459868,0.017921291004830933,25,10,20
34,8034,0.9021950420511275,4.7108702539939115e-07,0.07988352506564607,0.01792096179620078,25,10,20
34,8035,0.8828101075719428,4.5845393225357594e-07,0.09926830919399715,0.017921124780127914,25,10,20
34,8036,0.891492203683195,5.847507230160011e-07,0.09063509069753105,0.017872120868550972,25,10,20
34,8037,0.9180479927870366,5.784879485749492e-07,0.06407951309545994,0.017871915629554747,25,10,20
34,8038,0.9190041442565474,7.461005017660627e-07,0.06307732650472356,0.0179177831382273,25,10,20
34,8039,0.9191585473920603,7.424653560187403e-07,0.06292293359337252,0.01791777654921113,25,10,20
34,8040,0.9196579550373565,7.403417194199488e-07,0.062423549921104556,0.017917754699819502,25,10,20
34,8041,0.9187491085840691,7.406882264022718e-07,0.06333239658078953,0.017917754146915002,25,10,20
34,8042,0.9225730033277689,7.47229546816725e-07,0.05952976234062086,0.017896487102063374,25,10,20
34,8043,0.9227136736535243,7.474353479092509e-07,0.05938907919869667,0.017896499712430968,25,10,20
34,8044,0.9175030817082711,7.488633024608867e-07,0.06460070249220802,0.017895466936218126,25,10,20
34,8045,0.9205693692966108,5.432417877725421e-07,0.06153510590314419,0.017894981558457323,25,10,20
34,8046,0.9103077100268615,5.522416536192649e-07,0.071797001017819,0.017894736713666003,25,10,20
34,8047,0.9324947820854581,5.557315757225921e-07,0.049744389652023345,0.01776027253094271,25,10,20
34,8048,0.9320777928346768,5.550406979481676e-07,0.05016144374850009,0.01776020837612494,25,10,20
34,8049,0.9318656263794678,5.593267005412069e-07,0.05037360204011392,0.017760212253717624,25,10,20
34,8050,0.9319190910567233,5.595763696251672e-07,0.05032010729653957,0.017760242070367253,25,10,20
34,8051,0.9317532637485522,5.599557168556057e-07,0.05048589208153701,0.017760284214193702,25,10,20
34,8052,0.9323033173022623,5.390996328720468e-07,0.04993592445927418,0.017760219138830337,25,10,20
34,8053,0.9319180078926432,5.369974964707738e-07,0.05032420692411676,0.017757248185743223,25,10,20
34,8054,0.9218425583697674,5.370767458269125e-07,0.060399617408727596,0.017757287144759087,25,10,20
34,8055,0.9189977752992271,5.32939200710973e-07,0.0632300693250067,0.01777162243656548,25,10,20
34,8056,0.9178770993329897,5.556499604983335e-07,0.0643506449177118,0.01777170009933821,25,10,20
34,8057,0.919609282842273,5.354518295703801e-07,0.06261850516743862,0.01777167653845917,25,10,20
34,8058,0.9178029220275699,5.743323957926763e-07,0.06439298347114117,0.017803520168893125,25,10,20
34,8059,0.9154647514511959,5.733248006682094e-07,0.06673084746018412,0.017803827763819394,25,10,20
34,8060,0.9094280098500057,2.0665340312766715e-05,0.07274727444598629,0.017804050363695294,25,10,20
34,8061,0.9058750641422258,2.0700361076668427e-05,0.07529302225353456,0.018811213243162882,25,10,20
34,8062,0.9077551516920644,2.0677222648274612e-05,0.0734130401345538,0.018811130950733567,25,10,20
34,8063,0.9078539210292881,2.0677057391077698e-05,0.0733142832189922,0.018811118694328652,25,10,20
34,8064,0.9091071091302022,2.0675110577951968e-05,0.07202702391897929,0.018845191840240628,25,10,20
34,8065,0.9095692451458164,2.0675167864100307e-05,0.07156488757051478,0.018845192115804918,25,10,20
34,8066,0.9097859897268294,2.0675845445188597e-05,0.07134808859959724,0.01884524582812832,25,10,20
34,8067,0.9098371034553303,2.06752321830877e-05,0.0712970231038545,0.01884519820863241,25,10,20
34,8068,0.9151693066236475,2.0668982708973908e-05,0.06596561435032783,0.018844410043316055,25,10,20
34,8069,0.9172960582331986,2.067957675936941e-05,0.06387114870084946,0.018812113489192716,25,10,20
34,8070,0.911548480453153,2.10816141561572e-05,0.06961786304992765,0.018812574882763257,25,10,20
34,8071,0.9111517472231041,2.1083164166199746e-05,0.07001458194702802,0.01881258766570187,25,10,20
34,8072,0.9103528029487923,2.109670658584905e-05,0.07081351037453733,0.018812589970084722,25,10,20
34,8073,0.9100470990407168,2.109713868528937e-05,0.07111921422634879,0.0188125895942491,25,10,20
34,8074,0.9118176616361744,2.0965038839136056e-05,0.06935057988986494,0.018810793435121476,25,10,20
34,8075,0.9073007426064964,2.0991280575177705e-05,0.0738660200225188,0.01881224609040959,25,10,20
34,8076,0.9074756372252853,2.0990641768889727e-05,0.07372533099353708,0.018778041139408716,25,10,20
34,8077,0.9128763732731351,2.2079697268209537e-05,0.0683239222173227,0.018777624812274317,25,10,20
34,8078,0.9174874211466961,2.204659481365453e-05,0.06371439114006719,0.018776141118423198,25,10,20
34,8079,0.9266012123643321,2.2613624365783682e-05,0.05460004197279913,0.018776132038502927,25,10,20
34,8080,0.8972958091736767,2.3165268655007894e-05,0.08390608533427775,0.018774940223390577,25,10,20
34,8081,0.8973185187484013,2.316525243099133e-05,0.0838833710720365,0.018774944927131047,25,10,20
34,8082,0.8979024794310859,2.316203222437955e-05,0.08329945251984641,0.018774906016843017,25,10,20
34,8083,0.8978859166693224,2.3162261917574512e-05,0.08331601200441804,0.01877490906434188,25,10,20
34,8084,0.8963557211867988,2.2597687559887582e-05,0.08481098174777857,0.01881069937786254,25,10,20
34,8085,0.8812400944459223,2.525738942885629e-06,0.09994687144553042,0.018810508369604313,25,10,20
34,8086,0.8807578547110299,2.5259371348267076e-06,0.10042903889518444,0.018810580456650988,25,10,20
34,8087,0.8783665270973909,2.5899686796099897e-06,0.1028195406925685,0.018811342241361034,25,10,20
34,8088,0.8752390794633298,3.101288436803465e-06,0.10580583674137257,0.018951982506860903,25,10,20
34,8089,0.8767327139498156,3.1017229455615473e-06,0.10431214097505136,0.018952043352187378,25,10,20
34,8090,0.8803896382436465,3.3772793463963306e-06,0.10065510824758535,0.01895187622942155,25,10,20
34,8091,0.8823569887506113,3.3770509301827625e-06,0.09872349686063446,0.018916137337823907,25,10,20
34,8092,0.8725930732200404,2.8714011300845286e-06,0.10862854460449506,0.018775510774333773,25,10,20
34,8093,0.8993068175175076,2.3222821347747276e-06,0.08191504670499591,0.018775813495361445,25,10,20
34,8094,0.8991934991716682,2.3234987275390005e-06,0.082028205404104,0.018775971925500054,25,10,20
34,8095,0.9015728924631122,2.193271971068733e-06,0.07964897446068302,0.018775939804233754,25,10,20
34,8096,0.900413362217573,2.540473133924215e-06,0.08181530747053767,0.01776878983875554,25,10,20
34,8097,0.9010902143455426,2.540173166602465e-06,0.08113852459242173,0.017768720888869098,25,10,20
34,8098,0.9141578083174455,2.4181804192037523e-06,0.06807060760973989,0.01776916589239542,25,10,20
34,8099,0.9148995289100995,2.4495725885005523e-06,0.0673288574612377,0.017769164056074132,25,10,20
34,8100,0.9147353685714595,2.279893596938261e-06,0.06753904688335283,0.017723304651590693,25,10,20
34,8101,0.9015581288304649,2.279210885550142e-06,0.0659530742260547,0.03248651773259484,25,10,20
34,8102,0.9014934287666718,2.2789075916291803e-06,0.06601783072894266,0.032486461596794226,25,10,20
34,8103,0.89825171012231,2.331862434953188e-06,0.06925917124126514,0.03248678677399004,25,10,20
34,8104,0.898256546688154,2.331778375616376e-06,0.06925433444015063,0.03248678709331994,25,10,20
34,8105,0.8990459220657858,2.3315090201057425e-06,0.06846490678901597,0.03248683963617839,25,10,20
34,8106,0.8617239376122591,2.3387288305415915e-06,0.10578688180571165,0.03248684185319841,25,10,20
34,8107,0.8618229765382146,2.291068988332002e-06,0.10568789500622172,0.03248683738657524,25,10,20
34,8108,0.8609665208070628,2.31049688044061e-06,0.1065443398853906,0.032486828810666085,25,10,20
34,8109,0.8472322984179614,2.5876482773582116e-06,0.12027849901554342,0.03248661491821751,25,10,20
34,8110,0.8476802681503848,1.0966751571190499e-06,0.11983206022271096,0.03248657495174731,25,10,20
34,8111,0.8312019788404172,5.993392787291211e-06,0.13631929615010155,0.03247273161669423,25,10,20
34,8112,0.8328178823976187,5.998182949849434e-06,0.1347034362315744,0.03247268318785755,25,10,20
34,8113,0.8374222695775909,5.8231961914208075e-06,0.1300996733438729,0.03247223388234574,25,10,20
34,8114,0.8374341254634866,5.861114468255692e-06,0.1300875849963161,0.0324724284257295,25,10,20
34,8115,0.8351079452475237,5.801903031964842e-06,0.13239903810977752,0.03248721473966683,25,10,20
34,8116,0.8633283089565289,5.803370509049265e-06,0.12188315733606313,0.014782730336899195,25,10,20
34,8117,0.8858192983519634,5.9382907683643105e-06,0.09935418569884875,0.014820577658419525,25,10,20
34,8118,0.8853895481479076,5.952832275688574e-06,0.09978391516801663,0.014820583851800245,25,10,20
34,8119,0.882491079191423,6.021758224697689e-06,0.1026819600892353,0.014820938961116985,25,10,20
34,8120,0.8841650977353068,6.01987063762509e-06,0.10100817485550147,0.014820707538554105,25,10,20
34,8121,0.883455256317251,6.0205027591835645e-06,0.10171796646217857,0.014820756717811268,25,10,20
34,8122,0.867729643492327,6.030107608826611e-06,0.11744351928954117,0.014820807110522687,25,10,20
34,8123,0.8681167784860073,6.019489922025582e-06,0.11705648229885797,0.014820719725212303,25,10,20
34,8124,0.8684877337670315,6.0181060737545144e-06,0.11668553519475663,0.014820712932137825,25,10,20
34,8125,0.8841421739891403,6.007376255095098e-06,0.11579374584549998,5.8072789104430354e-05,25,10,20
34,8126,0.887054383230508,5.955573310733119e-06,0.11288187797440545,5.7783221775562025e-05,25,10,20
34,8127,0.8870503861090085,5.955634352922222e-06,0.11288587513983821,5.778311680020667e-05,25,10,20
34,8128,0.9037871320981357,5.672460696343705e-06,0.09614951137060551,5.768407056241785e-05,25,10,20
34,8129,0.9041284774799212,5.67260682093124e-06,0.09579929856613811,6.655134711976775e-05,25,10,20
34,8130,0.9042255547145213,5.672549714984408e-06,0.09570222777926286,6.654495650086447e-05,25,10,20
34,8131,0.8862459300657942,5.659974321556164e-06,0.11367967037900904,6.873958087513253e-05,25,10,20
34,8132,0.8867413121466957,5.521698923735232e-06,0.11322214896903832,3.101718534201661e-05,25,10,20
34,8133,0.9028584914390979,5.648995018600709e-06,0.09710486912958136,3.099043630180712e-05,25,10,20
34,8134,0.9028488308205331,5.5958882360909885e-06,0.09711481904672065,3.0754244509481303e-05,25,10,20
34,8135,0.9030779162306092,5.595047173955927e-06,0.09688468901823385,3.179970398232425e-05,25,10,20
34,8136,0.9027637744359427,5.594368466781778e-06,0.09719883114902096,3.1800046569003435e-05,25,10,20
34,8137,0.8746466302015561,6.43845444992618e-06,0.12531508739452982,3.184394946426142e-05,25,10,20
34,8138,0.8735073072536723,6.4387623602269505e-06,0.12645439971567926,3.18542682882391e-05,25,10,20
34,8139,0.8710264044449195,6.511209952416818e-06,0.12893390982692238,3.3174518205604436e-05,25,10,20
34,8140,0.8858608292434974,1.6360840460760437e-06,0.11410180902233909,3.572565011751171e-05,25,10,20
34,8141,0.8837393566213783,1.56848355777353e-06,0.11622372004318436,3.535485187963738e-05,25,10,20
34,8142,0.8841262458397202,1.5672487631097253e-06,0.11583683817853144,3.53487329853036e-05,25,10,20
34,8143,0.8831072054488566,1.5776889350403966e-06,0.1168542730400051,3.6943822203094395e-05,25,10,20
34,8144,0.8826987322907752,1.5782982386275434e-06,0.11726070761460143,3.898179638428725e-05,25,10,20
34,8145,0.9144583791269214,3.515998333127244e-07,0.08550238992025878,3.887935298588587e-05,25,10,20
34,8146,0.9154845980528455,3.369520478104792e-07,0.08447625866990009,3.880632520612727e-05,25,10,20
34,8147,0.9153585756387354,3.3554640110093073e-07,0.08460244375108017,3.864506378326949e-05,25,10,20
34,8148,0.8924365110321473,3.3670919887115587e-07,0.10752451076488649,3.864149376735261e-05,25,10,20
34,8149,0.8922511891765608,3.373168191086472e-07,0.10770983091975678,3.8642586863413816e-05,25,10,20
34,8150,0.8925774610276455,3.2679184149005624e-07,0.1073851598275912,3.705235292191176e-05,25,10,20
34,8151,0.8857531105348283,2.116379533394768e-06,0.11420309253709572,4.1680548542876745e-05,25,10,20
34,8152,0.8904825277161399,2.1099134613824662e-06,0.10948911986345948,2.6242506939631034e-05,25,10,20
34,8153,0.8957983894107338,2.1092526653601707e-06,0.10417320623842188,2.6295098179317752e-05,25,10,20
34,8154,0.8815544414794497,2.1176826111392583e-06,0.11841715860957878,2.628222836058457e-05,25,10,20
34,8155,0.8818268291255716,2.1205007216923214e-06,0.11814478379364074,2.6266580066159638e-05,25,10,20
34,8156,0.8816396053346587,1.9798514656895593e-06,0.11833201750506316,2.639730881280025e-05,25,10,20
34,8157,0.8825067868329955,1.9782176498238487e-06,0.11746565419917498,2.5580750179912286e-05,25,10,20
34,8158,0.8822046863709029,1.979112265616553e-06,0.11776774787722229,2.55866396095214e-05,25,10,20
34,8159,0.8825511349532691,1.979616144017914e-06,0.11743021457494014,1.6670855647162655e-05,25,10,20
34,8160,0.8823842054410213,1.982036403263795e-06,0.1175969379444186,1.6874578157213742e-05,25,10,20
34,8161,0.8835101215437898,1.9816865228297874e-06,0.11647102740940136,1.6869360286458237e-05,25,10,20
34,8162,0.8955794867859581,1.9702280899782645e-06,0.10440167519073279,1.6867795219760456e-05,25,10,20
34,8163,0.8954128201264113,1.9823229287814245e-06,0.10456836888876035,1.682866190000072e-05,25,10,20
34,8164,0.8866642026223119,4.425148504613564e-05,0.11327421096282128,1.7334929820854596e-05,25,10,20
34,8165,0.8864209886872929,4.436771024247993e-05,0.1135193399341375,1.5303668327540854e-05,25,10,20
34,8166,0.8717703018670463,4.436864790973137e-05,0.12816998886369044,1.534062135419653e-05,25,10,20
34,8167,0.8718449403422218,4.433082339315552e-05,0.12809559393575545,1.5134898630350772e-05,25,10,20
34,8168,0.8708788728073117,4.4345294375444387e-05,0.12906161407877023,1.5167819543584633e-05,25,10,20
34,8169,0.8678302163034914,4.438376825880607e-05,0.13210945312328845,1.5946804962214644e-05,25,10,20
34,8170,0.8682584287897237,4.4325208703990735e-05,0.13166578964995806,3.145635161511703e-05,25,10,20
34,8171,0.8713790108699442,2.056123117849114e-06,0.12858795416990126,3.0978837037536275e-05,25,10,20
34,8172,0.8724090888199957,2.055656990543445e-06,0.12755788732456652,3.0968198447966677e-05,25,10,20
34,8173,0.873948123388609,2.0548425189251583e-06,0.12601901097688914,3.0810791983611455e-05,25,10,20
34,8174,0.873775971973476,1.997022894392231e-06,0.1262061932018857,1.583780174465841e-05,25,10,20
34,8175,0.8738159149700886,2.056853399224854e-06,0.12616618962427587,1.583855223707146e-05,25,10,20
34,8176,0.8715725848922428,2.1965245621593553e-06,0.12673214066732488,0.0016930779158708725,25,10,20
34,8177,0.8704415072068616,5.4330524556588296e-06,0.12786000286495314,0.0016930568757303381,25,10,20
34,8178,0.8749421476344272,5.449387313601488e-06,0.12335918661851603,0.0016932163597437088,25,10,20
34,8179,0.8592062769051638,5.446955652420542e-06,0.13896757185451122,0.0018207042846734437,25,10,20
34,8180,0.8916624302592838,5.423775642840306e-06,0.10651158653124294,0.0018205594338311787,25,10,20
34,8181,0.8902542925481728,5.411160736847102e-06,0.10791974763303575,0.0018205486580552361,25,10,20
34,8182,0.9060801935808027,1.1176322294877079e-05,0.09208768529651207,0.0018209448003905894,25,10,20
34,8183,0.904673695613906,1.1265999648136764e-05,0.0934819124166538,0.0018331259697923691,25,10,20
34,8184,0.9065391220022085,8.01475738756821e-06,0.09161972518012869,0.0018331380602755068,25,10,20
34,8185,0.9079199457408142,7.988583277764945e-06,0.0902395940636241,0.0018324716122839904,25,10,20
34,8186,0.9082356442037923,7.98769300928067e-06,0.08992390238701026,0.0018324657161883989,25,10,20
34,8187,0.9160001139883004,6.198097206864657e-06,0.08216585079597744,0.0018278371185155963,25,10,20
34,8188,0.9218196338200232,6.1980054424938946e-06,0.07634635948739951,0.00182780868713474,25,10,20
34,8189,0.9197893617198425,6.20068193242322e-06,0.07837664638835647,0.0018277912098687047,25,10,20
34,8190,0.9135953716513856,6.243000966304143e-06,0.08450526595190284,0.0018931193957457651,25,10,20
34,8191,0.8948779390429489,6.244586344091317e-06,0.10322291542834539,0.001892900942362526,25,10,20
34,8192,0.8948690836039556,6.2464014558698214e-06,0.10323176099274424,0.0018929090018451364,25,10,20
34,8193,0.8934505113249814,6.265633383095739e-06,0.10464812064052957,0.0018951024011066458,25,10,20
34,8194,0.8936417780152668,6.265774954945361e-06,0.1044568757652314,0.0018950804445475836,25,10,20
34,8195,0.8798341635926306,6.27726714565145e-06,0.11826174472142949,0.0018978144187945366,25,10,20
34,8196,0.8824451990042751,6.137108409009983e-06,0.11732863150346731,0.0002200323838487147,25,10,20
34,8197,0.8981416555425998,6.1369827071339e-06,0.10175979869726551,9.240877742838782e-05,25,10,20
34,8198,0.8979703479121153,6.139609753967105e-06,0.10192077120330051,0.00010274127483115458,25,10,20
34,8199,0.917086252895645,6.132416754626444e-06,0.08280706739056094,0.00010054729703987615,25,10,20
34,8200,0.9176515519374776,6.131609936092348e-06,0.08224309890745779,9.921754512899984e-05,25,10,20
34,8201,0.918062081893957,6.131148128507399e-06,0.08183263824999537,9.914870791957433e-05,25,10,20
34,8202,0.9176853380976473,6.156829910970996e-06,0.08220930565460227,9.919941783971972e-05,25,10,20
34,8203,0.8935641195051176,7.491356231950009e-06,0.1063319207301048,9.646840854555361e-05,25,10,20
34,8204,0.8914817485001392,7.473511858150024e-06,0.10841645025259967,9.432773540253667e-05,25,10,20
34,8205,0.8910696768113939,7.475511949608842e-06,0.10882795158170928,9.489609494680924e-05,25,10,20
34,8206,0.8899609858072077,7.476200706270259e-06,0.10965787140296385,0.0003736665891215149,25,10,20
34,8207,0.8914763241072522,7.4639813427272535e-06,0.10814265566734278,0.0003735562440617507,25,10,20
34,8208,0.8903686504795064,7.71583584952094e-06,0.1092489019056956,0.0003747317789481459,25,10,20
34,8209,0.9081588092029534,7.703021731012068e-06,0.09145875084524993,0.0003747369300649766,25,10,20
34,8210,0.9089262893998873,7.70245371852574e-06,0.0909700299570056,9.597818938796195e-05,25,10,20
34,8211,0.9231916507328858,7.70650345109543e-06,0.07670273356430551,9.790919935761759e-05,25,10,20
34,8212,0.9234085729381506,7.711453033191567e-06,0.07648586564784933,9.784996096677098e-05,25,10,20
34,8213,0.9235324803919217,7.709044112862304e-06,0.07636347563523825,9.63349287272405e-05,25,10,20
34,8214,0.9599743260022321,6.363073809569089e-06,0.03992296843297929,9.634249097926069e-05,25,10,20
34,8215,0.9597264707058771,6.346893529019003e-06,0.040170347199961355,9.683520063260861e-05,25,10,20
34,8216,0.9580908426778998,6.346564553606982e-06,0.0418059718171919,9.683894035473159e-05,25,10,20
34,8217,0.9577188132852847,6.347308941852487e-06,0.042178000897560824,9.683850821247563e-05,25,10,20
34,8218,0.9572013509452932,6.347350813341653e-06,0.04269546307797028,9.683862592320922e-05,25,10,20
34,8219,0.9562922174401461,6.350797215117787e-06,0.04360424528995311,9.718647268587082e-05,25,10,20
34,8220,0.9579415501326661,6.352225290384028e-06,0.04195490974122734,9.718790081610871e-05,25,10,20
34,8221,0.9576735427420193,6.3538820812511046e-06,0.04222264566786964,9.745770802970046e-05,25,10,20
34,8222,0.9477476622063233,6.357260468020181e-06,0.052149593411403974,9.638712180495649e-05,25,10,20
34,8223,0.9485419018102683,6.357868070945158e-06,0.051355255243201794,9.64850784590292e-05,25,10,20
34,8224,0.9414799351835828,6.3626016569532584e-06,0.0584172718451158,9.643036964444671e-05,25,10,20
34,8225,0.9417035113346037,6.35332119345321e-06,0.05819424798216935,9.588736203349811e-05,25,10,20
34,8226,0.9416359772646462,6.350973513551355e-06,0.0582617775927851,9.589416905546219e-05,25,10,20
34,8227,0.941964412303555,6.351111410084567e-06,0.0579333320527543,9.5904532280694e-05,25,10,20
34,8228,0.9492174194085012,6.3451229288378145e-06,0.05068037282644191,9.586264212814644e-05,25,10,20
34,8229,0.9510193381338794,6.346243593031518e-06,0.04887845576526524,9.585985726244311e-05,25,10,20
34,8230,0.9515162727810406,6.34056697304548e-06,0.04838153275791843,9.585389406793944e-05,25,10,20
34,8231,0.9515416961159556,6.340397704909133e-06,0.04835610756374427,9.585592259523351e-05,25,10,20
34,8232,0.9512502425656464,6.344075348582382e-06,0.048647370990490185,9.604236851504705e-05,25,10,20
34,8233,0.9472497225527823,6.3507086393530845e-06,0.05263554690345076,0.00010837983512790088,25,10,20
34,8234,0.9468391851971418,6.263414127832343e-06,0.0526725841173684,0.00048196727136232213,25,10,20
34,8235,0.948940208945613,6.203226297758902e-06,0.05057161736610653,0.00048197046198296964,25,10,20
34,8236,0.9550915460530023,6.193824557170737e-06,0.04443262096833691,0.0004696391541039563,25,10,20
34,8237,0.9646373435401734,6.190547192658017e-06,0.03488494092297403,0.0004715249896601168,25,10,20
34,8238,0.9632208270326791,6.191664916103421e-06,0.03630145081962739,0.0004715304827775734,25,10,20
34,8239,0.9637064402779373,6.191585154369966e-06,0.035817662002458256,0.00046970613445013057,25,10,20
34,8240,0.963575538894607,6.192348726444242e-06,0.03594840665265958,0.0004698621040070705,25,10,20
34,8241,0.9632068341861694,6.195761496079524e-06,0.03631708604212491,0.0004698840102098072,25,10,20
34,8242,0.9702522411249151,4.301661720859053e-07,0.029277780231921936,0.00046954847699133046,25,10,20
34,8243,0.9742141271593355,1.026756301853603e-05,0.025309065365966908,0.0004665399116793132,25,10,20
34,8244,0.974542912172238,1.0268343569649673e-05,0.024980260672894897,0.0004665588112979338,25,10,20
34,8245,0.9736801331835154,1.0027812218472701e-05,0.025842739644417717,0.00046709935984841155,25,10,20
34,8246,0.9690144788840468,1.0154867750531452e-05,0.030480340584481538,0.000495025663721225,25,10,20
34,8247,0.9723924657806593,1.015367217475837e-05,0.027102399965165988,0.0004949805819998909,25,10,20
34,8248,0.9537115280754862,1.0166627928213453e-05,0.0457834997423571,0.0004948055542285307,25,10,20
34,8249,0.9539189950479505,1.016516190000607e-05,0.045576285980867146,0.0004945538092823898,25,10,20
34,8250,0.9523409430405821,1.0166112706709983e-05,0.04715413745495032,0.0004947533917609444,25,10,20
34,8251,0.9540716306850977,1.0166528082964012e-05,0.045421969812376096,0.0004962329744431299,25,10,20
34,8252,0.9537543651510303,1.0165926749777766e-05,0.04573508877148717,0.0005003801507329979,25,10,20
34,8253,0.9531860658361402,1.0169223646872942e-05,0.04630338951076151,0.0005003754294516924,25,10,20
34,8254,0.9497866280635092,1.0176001540194654e-05,0.049702823402623296,0.0005003725323270486,25,10,20
34,8255,0.9501173949118968,1.017132194990241e-05,0.04937388952981156,0.0004985442363417407,25,10,20
34,8256,0.9497263482557008,1.0171375349884932e-05,0.04976482204594733,0.0004986583230018429,25,10,20
34,8257,0.9499500328824955,1.0165917918815253e-05,0.049541336380790425,0.000498464818795144,25,10,20
34,8258,0.9503822123743799,1.0163813020478066e-05,0.04910973051043551,0.0004978933021640758,25,10,20
34,8259,0.9517478400165189,1.0163235660207354e-05,0.0477440238299848,0.0004979729178361701,25,10,20
34,8260,0.9378112556411249,1.0514228777951398e-05,0.061680061023601594,0.000498169106495236,25,10,20
34,8261,0.937493969780925,1.112624095192228e-05,0.06199679548434033,0.0004981084937823691,25,10,20
34,8262,0.9237761886083983,1.1186268045523407e-05,0.06467269696630261,0.011539928157253167,25,10,20
34,8263,0.921719976187906,1.1250535337718278e-05,0.06672842189724097,0.011540351379514978,25,10,20
34,8264,0.9229885511581796,1.1267590508301695e-05,0.06545575473289297,0.01154442651841877,25,10,20
34,8265,0.9171925656322847,1.1357503009795774e-05,0.07125124575581437,0.011544831108890896,25,10,20
34,8266,0.9198101950183785,1.132273847041355e-05,0.0686988238133417,0.011479658429809273,25,10,20
34,8267,0.9160943640405742,1.1346061253550054e-05,0.07242491467446575,0.011469375223706365,25,10,20
34,8268,0.9125983826514507,1.5260915273886619e-06,0.0759307616449527,0.011469329612068676,25,10,20
34,8269,0.912644292495931,1.526287008888079e-06,0.07588485870763512,0.01146932250942444,25,10,20
34,8270,0.9292900986199166,1.1022092375707852e-06,0.059240975445983154,0.011467823724862367,25,10,20
34,8271,0.9310686173569926,1.1472624288513794e-06,0.05784802283294463,0.011082212547633578,25,10,20
34,8272,0.9348745438179124,1.1221586068918778e-06,0.05404216882230491,0.01108216520117558,25,10,20
34,8273,0.9390318646653416,1.0837177606564418e-06,0.04988426187844598,0.011082789738451386,25,10,20
34,8274,0.9385725600915954,1.0831461064636923e-06,0.050343552330299086,0.011082804431998756,25,10,20
34,8275,0.9379032439968304,1.0679311430642853e-06,0.051016945061412286,0.011078743010613927,25,10,20
34,8276,0.9349182977521775,1.1867890636577743e-06,0.054001462378716364,0.011079053080042105,25,10,20
34,8277,0.9349488586265738,1.1863249361596215e-06,0.053970986654717515,0.011078968393772226,25,10,20
34,8278,0.902279431530406,1.2216888268486533e-06,0.0866403261041679,0.011079020676598567,25,10,20
34,8279,0.8698043073800946,1.1032164940051525e-06,0.11911588138220469,0.011078708021206035,25,10,20
34,8280,0.8701682923991138,4.905563562307221e-07,0.11875249229380834,0.011078724750720834,25,10,20
34,8281,0.8699818585750266,4.965148406008364e-07,0.11893890237693684,0.011078742533194965,25,10,20
34,8282,0.8767092225144135,3.546405784830844e-07,0.11224134872580194,0.011049074119204976,25,10,20
34,8283,0.8760451178626267,4.0461325202303735e-07,0.11273901551711223,0.011215462007007517,25,10,20
34,8284,0.8759652995048082,4.0014037868655787e-07,0.11281885796552123,0.011215442389290588,25,10,20
34,8285,0.8797974035509775,3.926512376849236e-07,0.10898691085299901,0.011215292944784747,25,10,20
34,8286,0.8829564234129567,3.263381296889675e-07,0.10582832808768743,0.011214922161225091,25,10,20
34,8287,0.8828354277446402,3.2633810726974295e-07,0.10594932375770096,0.011214922159550538,25,10,20
34,8288,0.8678604736092868,3.590931773442614e-07,0.12092421427100425,0.011214953026529967,25,10,20
34,8289,0.8694993512368646,2.9989788543712325e-07,0.13027102438767346,0.00022932447757525884,25,10,20
34,8290,0.869756585210987,2.9735842669944e-07,0.13001424580871931,0.00022887162186573665,25,10,20
34,8291,0.8817449360355003,2.965062967786273e-07,0.118082088689645,0.00017267876855649875,25,10,20
34,8292,0.8800051382340638,3.011620236405454e-07,0.11982188470597885,0.0001726758979324741,25,10,20
34,8293,0.8763515298582288,3.6055681490932256e-07,0.1234750940230677,0.0001730155618873237,25,10,20
34,8294,0.8702110284655908,2.420746632480057e-06,0.12961365859769264,0.00017289219008269108,25,10,20
34,8295,0.8697910892120102,2.4591127873011183e-06,0.1297246896678392,0.0004817620073620762,25,10,20
34,8296,0.8659635166361689,2.4620762444865534e-06,0.13355202200001304,0.0004819992875725761,25,10,20
34,8297,0.8700344825087345,1.418035630297675e-06,0.12948155304947156,0.0004825464061626579,25,10,20
34,8298,0.869818909609704,1.4226069870082753e-06,0.12969694952687022,0.0004827182564378395,25,10,20
34,8299,0.8547444521994122,2.0856644590027157e-06,0.14507982117079662,0.0001736409653312682,25,10,20
34,8300,0.8603430767571755,2.0826717030074348e-06,0.13948144357403217,0.00017339699708845496,25,10,20
34,8301,0.8337236707457006,2.0824505567720377e-06,0.1661008520807302,0.00017339472301217357,25,10,20
34,8302,0.8368995499090761,2.0243532616553627e-06,0.16292529509731662,0.0001731306403453965,25,10,20
34,8303,0.85316698734163,1.3203673404700419e-06,0.14665851979117853,0.0001731724998499045,25,10,20
34,8304,0.8532416541929909,1.3194315920935443e-06,0.14658387246280558,0.00017315391261053502,25,10,20
34,8305,0.8506934051154151,1.3285775651212107e-06,0.14913210706070332,0.0001731592463156355,25,10,20
34,8306,0.8389826623683398,2.7553856406309353e-06,0.160836528000831,0.0001780542451886617,25,10,20
34,8307,0.8393203456530434,2.754062504634415e-06,0.16049892778162458,0.00017797250282753214,25,10,20
34,8308,0.8376802974097276,2.7594580126102328e-06,0.16213902587637627,0.00017791725588327942,25,10,20
34,8309,0.8637150745485022,2.760725653883144e-06,0.13610398032968857,0.00017818439615486994,25,10,20
34,8310,0.8554371282667147,2.763826120062947e-06,0.1443811248567662,0.00017898305039832355,25,10,20
34,8311,0.8661745667516447,1.4415207412074482e-06,0.13364950658790029,0.0001744851397132711,25,10,20
34,8312,0.8993138202400612,1.4100618678709876e-06,0.10051043689333497,0.00017433280473599352,25,10,20
34,8313,0.8989527797329429,1.415130575941334e-06,0.1008710624032097,0.00017474273327166352,25,10,20
34,8314,0.8813154895927334,1.6067941445490306e-06,0.11850809456737457,0.00017480904574703273,25,10,20
34,8315,0.8803840026656797,1.6520452973535377e-06,0.11943462565788372,0.0001797196311390285,25,10,20
34,8316,0.8796627034101578,1.6497379081662547e-06,0.12015597795807578,0.00017966889385812783,25,10,20
34,8317,0.8777836797681069,1.5647147545446777e-06,0.12203546625333614,0.00017928926380241853,25,10,20
34,8318,0.877684698834172,1.5606688279356962e-06,0.12213446505398004,0.0001792754430199632,25,10,20
34,8319,0.8762725212232598,1.5620075344568532e-06,0.12354661444137652,0.00017930232782931564,25,10,20
34,8320,0.87516977348328,2.4115622808076466e-06,0.12464524483885935,0.00018257011558000835,25,10,20
34,8321,0.8753525735063015,2.3077585019897494e-06,0.12446065603750067,0.00018446269769585168,25,10,20
34,8322,0.8752129110492761,2.3078440758455037e-06,0.12460031107228167,0.0001844700343663212,25,10,20
34,8323,0.8768793541979266,2.3023077627836376e-06,0.1229338726735795,0.00018447082073105265,25,10,20
34,8324,0.884439705137778,2.2964549585775357e-06,0.11537353427560719,0.00018446413165603266,25,10,20
34,8325,0.8844845716668615,2.5645426999077404e-06,0.11532842304993343,0.00018444074050513715,25,10,20
34,8326,0.8833355321121639,2.3635929933211377e-06,0.1164776573962261,0.00018444689861651567,25,10,20
34,8327,0.8941306479506821,2.481328823752203e-06,0.1056824820063431,0.00018438871415051304,25,10,20
34,8328,0.8925606361931621,3.3433841255333105e-06,0.1072514520392594,0.00018456838345249792,25,10,20
34,8329,0.8925668323415337,3.3433149872189424e-06,0.10724525666755966,0.00018456767591895631,25,10,20
34,8330,0.8937373558783741,3.271659714520719e-06,0.10606666905740508,0.0001927034045057879,25,10,20
34,8331,0.8918134522602377,3.2718758157128087e-06,0.10799056278417445,0.00019271307977177435,25,10,20
34,8332,0.8930656199246215,3.270624507608566e-06,0.10673843912261007,0.00019267032826038506,25,10,20
34,8333,0.8928074008395818,3.2706487314598173e-06,0.10699683268186116,0.00019249582982515398,25,10,20
34,8334,0.8928351020838834,3.271016033445193e-06,0.10696908558334185,0.00019254131674084545,25,10,20
34,8335,0.9116015619837949,3.257439997931464e-06,0.08820263483031318,0.0001925457458938999,25,10,20
34,8336,0.9112938759197909,3.2570598044880625e-06,0.08851036828875564,0.00019249873164897146,25,10,20
34,8337,0.9114538563511401,3.2569763825809744e-06,0.08835038824792664,0.0001924984245504499,25,10,20
34,8338,0.911420248619748,3.2568819873019898e-06,0.08838400179575073,0.00019249270251363792,25,10,20
34,8339,0.9158598254176371,3.02191852387095e-06,0.08394203084103077,0.00019512182280798183,25,10,20
34,8340,0.9158273154541645,3.0217475210756673e-06,0.08397514535955647,0.00019451743875780784,25,10,20
34,8341,0.9085326755101736,3.037503889949207e-06,0.09126944551196069,0.00019484147397558443,25,10,20
34,8342,0.9083128835971259,3.0370697537119045e-06,0.09149153103309704,0.00019254830002310305,25,10,20
34,8343,0.8890101468477524,3.0281788325680584e-06,0.11079134383028226,0.00019548114313287527,25,10,20
34,8344,0.8826269222060259,3.0285607540605983e-06,0.11717458637805661,0.00019546285516266928,25,10,20
34,8345,0.8827475782283384,3.028560713716462e-06,0.11705393035478664,0.00019546285616088753,25,10,20
34,8346,0.8827979297317249,3.029692242989415e-06,0.11701037371301558,0.0001886668630160426,25,10,20
34,8347,0.8903293124197811,3.1303106944670086e-06,0.10947897960822629,0.00018857766129781178,25,10,20
34,8348,0.8905534210323832,3.130216553476844e-06,0.10925487688363626,0.00018857186742697965,25,10,20
34,8349,0.8699698657419488,3.1504638028327163e-06,0.12983600184943137,0.00019098194481727556,25,10,20
34,8350,0.8638148837815877,3.3097515084151197e-06,0.13599046293769637,0.0001913435292077632,25,10,20
34,8351,0.8639214030058286,3.309734766919362e-06,0.13588394940211646,0.00019133785728818936,25,10,20
34,8352,0.8642362948732994,3.25873174599928e-06,0.13573458941795516,2.5856976999601468e-05,25,10,20
34,8353,0.8441517136887022,3.283514025109235e-06,0.1557949232316637,5.0079565609914305e-05,25,10,20
34,8354,0.8445312172779853,3.3009128920926025e-06,0.15541539467374446,5.0087135379056974e-05,25,10,20
34,8355,0.843928332050147,3.3782356544929775e-06,0.1560182012329082,5.00884812909911e-05,25,10,20
34,8356,0.8455709930408801,3.338382987176812e-06,0.1543805043480172,4.5164228115859505e-05,25,10,20
34,8357,0.84555233820672,3.338468529312448e-06,0.1543991530816512,4.5170243099916556e-05,25,10,20
34,8358,0.8517826104602193,3.178402387141116e-06,0.14816942808200237,4.4783055391714586e-05,25,10,20
34,8359,0.8713946607984638,3.309391649736793e-06,0.12856018881562548,4.184099426165849e-05,25,10,20
34,8360,0.8715924711047068,3.428270456974868e-06,0.12836166634428653,4.243428055033509e-05,25,10,20
34,8361,0.8717312413876486,3.301856770790007e-06,0.1282234190721694,4.2037683411819795e-05,25,10,20
34,8362,0.8917317081505738,3.2837414175258133e-06,0.10824680728196143,1.820082604818571e-05,25,10,20
34,8363,0.898411058907606,3.2784086875470606e-06,0.10156743730091695,1.822538279024111e-05,25,10,20
34,8364,0.8911992635169277,3.48750352768913e-06,0.10877717992368123,2.0069055864557436e-05,25,10,20
34,8365,0.8921114385953488,3.643100679044749e-06,0.10786485115270265,2.0067151269901332e-05,25,10,20
34,8366,0.8914849561804193,3.6432779694191372e-06,0.10849132123550423,2.0079306107376292e-05,25,10,20
34,8367,0.8907695629690386,5.264835799582472e-06,0.10920509086406063,2.0081331101563975e-05,25,10,20
34,8368,0.9122328998567553,5.242024357742837e-06,0.08774444235601217,1.741576287473494e-05,25,10,20
34,8369,0.9119237914092616,5.243052684800294e-06,0.08805353581605332,1.74297219999364e-05,25,10,20
34,8370,0.9115851744425675,5.169818066690761e-06,0.08839484730099746,1.4808438367829867e-05,25,10,20
34,8371,0.9122167288412334,5.151928778030473e-06,0.08776331954890662,1.4799681081462499e-05,25,10,20
34,8372,0.9122295264736283,5.151980752273248e-06,0.0877505181748412,1.4803370777452512e-05,25,10,20
34,8373,0.9120493051445052,5.154226586028615e-06,0.08793070588771743,1.483474119064834e-05,25,10,20
34,8374,0.9105320319102295,5.167548673579649e-06,0.0894435529943827,1.9247546713592465e-05,25,10,20
34,8375,0.90935388721835,5.197924627032675e-06,0.09062165893310871,1.9255923913584803e-05,25,10,20
34,8376,0.9077829772036249,5.217788437481727e-06,0.09219246337895028,1.934162898722596e-05,25,10,20
34,8377,0.908950223468687,3.4659157778057783e-06,0.09102140382663279,2.490678890203743e-05,25,10,20
34,8378,0.9097379604855995,3.46581029747236e-06,0.09023366998968388,2.490371441874241e-05,25,10,20
34,8379,0.9108142939902883,3.4392599276480575e-06,0.08915736575020887,2.490099957466164e-05,25,10,20
34,8380,0.9110257584827177,3.4393113338116e-06,0.08894590998855956,2.4892217388510545e-05,25,10,20
34,8381,0.9104203398857608,3.4393897713767466e-06,0.08955131069297874,2.4910031488690267e-05,25,10,20
34,8382,0.8819721871803204,3.436918380193278e-06,0.11800071746212769,2.3658439172454777e-05,25,10,20
34,8383,0.8740684411393496,3.541865853312056e-06,0.12585997401393492,6.804298086313855e-05,25,10,20
34,8384,0.8757041950017492,5.864460483888786e-06,0.12422210402691743,6.783651085021466e-05,25,10,20
34,8385,0.8441588411096161,5.897121705867067e-06,0.155771860914599,6.340085407929932e-05,25,10,20
34,8386,0.8424816815254523,5.901294874922676e-06,0.15744884534326034,6.357183641270516e-05,25,10,20
34,8387,0.8169520701712035,4.837975479936396e-06,0.18298020794304024,6.288391027700884e-05,25,10,20
34,8388,0.8166717919759029,4.837940529098865e-06,0.18326048595016664,6.288413340202413e-05,25,10,20
34,8389,0.8165469966291314,4.83917725984487e-06,0.18338521992224407,6.294427136516519e-05,25,10,20
34,8390,0.8185098861545849,4.8316314088609565e-06,0.18142213416085007,6.314805315688562e-05,25,10,20
34,8391,0.8186316186513918,4.83161496146547e-06,0.18130046762727148,6.308210637595412e-05,25,10,20
34,8392,0.8184746960764457,4.831840611344276e-06,0.18146250439061318,5.7967692330986475e-05,25,10,20
34,8393,0.8176020711471896,4.8366614468082955e-06,0.18233509041571053,5.800177565425405e-05,25,10,20
34,8394,0.8176366518911931,4.836259249689723e-06,0.182300517768287,5.799408127079685e-05,25,10,20
34,8395,0.8505757700367697,4.788275708290884e-06,0.14936144915843802,5.79925290842037e-05,25,10,20
34,8396,0.8500774434861501,4.7895191269968135e-06,0.1498597809348917,5.7986059831375894e-05,25,10,20
34,8397,0.8501661032404659,4.795355805334829e-06,0.14977110129003865,5.80001136901958e-05,25,10,20
34,8398,0.8487955657344629,4.835847594213898e-06,0.15114156596136746,5.803245657557593e-05,25,10,20
34,8399,0.8488727701360875,4.835085962793782e-06,0.15106456769000004,5.782708794960627e-05,25,10,20
34,8400,0.884162023410156,4.758147488870615e-06,0.11577539083998271,5.782760237228388e-05,25,10,20
34,8401,0.884575323527576,4.811838776306294e-06,0.1153616633126042,5.8201321043439765e-05,25,10,20
34,8402,0.8843277066480754,4.757985263775482e-06,0.11560840863298084,5.912673367993255e-05,25,10,20
34,8403,0.8839961065066194,4.766355215091931e-06,0.11593997924604756,5.9147892117781566e-05,25,10,20
34,8404,0.8832096400646563,5.04778270045931e-06,0.11672552275285622,5.978939978680781e-05,25,10,20
34,8405,0.8839598028205728,5.070914460375834e-06,0.11598079879159214,5.4327473374603374e-05,25,10,20
34,8406,0.8840012237114627,1.8854536606197524e-06,0.11594255470819856,5.433612667793074e-05,25,10,20
34,8407,0.8856590066050384,1.884322831442512e-06,0.11428468054127446,5.442853085531763e-05,25,10,20
34,8408,0.8859550160548557,1.8785798545855563e-06,0.11398870241125804,5.440295403134614e-05,25,10,20
34,8409,0.8593346154555929,1.8886208103075815e-06,0.14060756776365188,5.592815994467542e-05,25,10,20
34,8410,0.8582726285801624,1.9796978305924045e-06,0.14165670131273853,6.869040926827032e-05,25,10,20
34,8411,0.8847760079589293,1.969373197514919e-06,0.11515511991342436,6.690275444858643e-05,25,10,20
34,8412,0.9017907264934848,1.622110960481549e-06,0.09814260160800277,6.50497875518853e-05,25,10,20
34,8413,0.8733254431905995,1.6423532372443788e-06,0.12660257533849148,7.03391176724036e-05,25,10,20
34,8414,0.8721190399872343,1.6464868599980258e-06,0.12780856154591982,7.075197998633965e-05,25,10,20
34,8415,0.8802909337672591,1.5415290175526175e-06,0.119681260678792,2.6264024931577203e-05,25,10,20
34,8416,0.8812411892617185,1.3871049613698539e-06,0.11873106350023736,2.6360133082798642e-05,25,10,20
34,8417,0.8815999548074188,1.3802342520535453e-06,0.11837272280229737,2.594215603160949e-05,25,10,20
34,8418,0.8998642462039896,1.3915476854126527e-06,0.10007925607758157,5.5106170743288456e-05,25,10,20
34,8419,0.9002184636421966,1.3811387446282402e-06,0.0997251508920136,5.500432704523152e-05,25,10,20
34,8420,0.8997306275317424,1.3809942425585378e-06,0.10021299263386999,5.499884014509891e-05,25,10,20
34,8421,0.9090469274784934,1.3767677923112661e-06,0.09089775250318576,5.39432505284634e-05,25,10,20
34,8422,0.9090370101598114,1.3757636740434509e-06,0.09090766846295101,5.394561356318612e-05,25,10,20
34,8423,0.9081869606374217,1.3933833339577269e-06,0.09175370360092597,5.794237831805307e-05,25,10,20
34,8424,0.9072520934699442,1.3996789093660228e-06,0.09268856096559386,5.794588555227142e-05,25,10,20
34,8425,0.907507812830985,1.3914827758895096e-06,0.09243286985852901,5.792582770968917e-05,25,10,20
34,8426,0.9089515298705565,1.3008701001098035e-06,0.09100198528588552,4.51839734575237e-05,25,10,20
34,8427,0.9154313265280928,1.0112462048273624e-06,0.08452364740066366,4.401482503824873e-05,25,10,20
34,8428,0.9069432002958169,1.215566480185742e-06,0.09299680211018405,5.878202751848954e-05,25,10,20
34,8429,0.9069546252655029,1.2154102370326584e-06,0.0929853824252997,5.877689896002858e-05,25,10,20
34,8430,0.8684709002158284,2.2766951254887216e-06,0.1314680567257454,5.876636330141276e-05,25,10,20
34,8431,0.868534807256135,2.2753134545162568e-06,0.13140130786904597,6.160956136531086e-05,25,10,20
34,8432,0.8371210303259654,2.2743409325719838e-06,0.16281508572626677,6.160960683635188e-05,25,10,20
34,8433,0.8363833024449818,2.271992231346952e-06,0.16355257075919535,6.185480359281268e-05,25,10,20
34,8434,0.8366257999669341,2.271722537778021e-06,0.16331294277613106,5.898553439849597e-05,25,10,20
34,8435,0.8447333141161848,2.074257528905936e-06,0.1552203770581182,4.4234568168851665e-05,25,10,20
34,8436,0.8455857315034363,2.0564703486948755e-06,0.15437197419654344,4.023782967227795e-05,25,10,20
34,8437,0.8455625601356205,2.0568257603643523e-06,0.15439505103334222,4.033200527769581e-05,25,10,20
34,8438,0.8458860312485615,2.0498365809623903e-06,0.15407158992609993,4.0328988758378705e-05,25,10,20
34,8439,0.8466312900218,2.045930448721505e-06,0.15332666454761523,3.999950013694288e-05,25,10,20
34,8440,0.846150331985035,2.0765684638848638e-06,0.15380759315310283,3.9998293399026305e-05,25,10,20
34,8441,0.846521925754087,2.0777897890533236e-06,0.15343194030444057,4.4056151684042754e-05,25,10,20
34,8442,0.846693686498305,2.0774974596790903e-06,0.15326025270612814,4.398329810788986e-05,25,10,20
34,8443,0.8184990345255,1.1510959707790773e-05,0.1814447124581648,4.4742056628206444e-05,25,10,20
34,8444,0.8178318346833577,1.1511186077509602e-05,0.18211189579098444,4.475833958095427e-05,25,10,20
34,8445,0.8177431603192206,1.1513971393566631e-05,0.18220058103893233,4.4744670454224484e-05,25,10,20
34,8446,0.8189735090514333,1.1505360651644106e-05,0.18097027920915285,4.470637876280083e-05,25,10,20
34,8447,0.8456384574667254,1.1561371730918958e-05,0.15430478536089604,4.51958006479865e-05,25,10,20
34,8448,0.8410408956757689,1.1565711885480152e-05,0.15890644978878135,4.108882356447516e-05,25,10,20
34,8449,0.8401787540117499,1.1749411687484234e-05,0.15976824710371162,4.124947285130446e-05,25,10,20
34,8450,0.8397326546716691,1.1750759209759622e-05,0.16021432125143306,4.127331768855615e-05,25,10,20
34,8451,0.8443413635482334,1.1745040683573459e-05,0.1556056521252624,4.123928582112565e-05,25,10,20
34,8452,0.8445810155268647,1.1744843906887339e-05,0.1553660075691136,4.123206011483801e-05,25,10,20
34,8453,0.8456302703220018,1.1744349031069536e-05,0.1543167609513818,4.1224377585146076e-05,25,10,20
34,8454,0.8342788312217609,1.1754604015235578e-05,0.16566546586017794,4.394831404620493e-05,25,10,20
34,8455,0.8726911008684146,1.069312154845155e-05,0.12724973338173387,4.847262830320483e-05,25,10,20
34,8456,0.8542893883308504,1.1084061170439346e-05,0.14565107196176982,4.845564620955401e-05,25,10,20
34,8457,0.8671808956748053,3.496140012676822e-05,0.13270894853522958,7.519438983831866e-05,25,10,20
34,8458,0.8677963777051987,3.496079359243786e-05,0.1320947626230179,7.389887819070758e-05,25,10,20
34,8459,0.8685026417001354,3.4961299571505975e-05,0.1313883346733505,7.406232694229446e-05,25,10,20
34,8460,0.8538577446967481,3.549431769642628e-05,0.14590368175380733,0.00020307923174770214,25,10,20
34,8461,0.8513368706476698,3.5493001948733025e-05,0.14842454837356894,0.0002030879768120162,25,10,20
34,8462,0.8426554679726533,3.549387853589579e-05,0.15710567861670743,0.0002033595321031493,25,10,20
34,8463,0.8424812783779673,3.5491000739981186e-05,0.15727986131387825,0.00020336930741416786,25,10,20
34,8464,0.8264732123591386,3.5514040745257705e-05,0.1732878997508817,0.0002033738492333108,25,10,20
34,8465,0.8209699757076591,3.546424748549358e-05,0.17879125528207396,0.00020330476278041562,25,10,20
34,8466,0.8370485947092173,3.544122551587065e-05,0.16271265208146132,0.00020331198380486566,25,10,20
34,8467,0.8398374049367527,3.458592763806079e-05,0.15992796829059935,0.0002000408450091633,25,10,20
34,8468,0.8399764532368189,3.458782967350571e-05,0.15978851964843,0.00020043928507688447,25,10,20
34,8469,0.8310264917617844,3.459840302280466e-05,0.16860716757771887,0.00033174225747306435,25,10,20
34,8470,0.8306046238141515,3.4596387075817334e-05,0.16902941435979188,0.000331365438980014,25,10,20
34,8471,0.8106687957859884,1.071917110601633e-05,0.18901584994116077,0.0003046351017429303,25,10,20
34,8472,0.8082065591364633,1.071232320176098e-05,0.1914456181364501,0.0003371104038846704,25,10,20
34,8473,0.8240733372904866,1.0692083139437324e-05,0.1755841112599898,0.00033185936638533537,25,10,20
34,8474,0.8123419772611463,1.069885538940469e-05,0.18731548670701553,0.0003318371764502451,25,10,20
34,8475,0.8212508722224935,1.0688957348594093e-05,0.1785375460222608,0.000200892797898271,25,10,20
34,8476,0.8399592896299803,1.0310839287608863e-05,0.15982832638190098,0.0002020731488304543,25,10,20
34,8477,0.824167481267713,1.109501797757109e-05,0.17552807982806848,0.0002933438862420376,25,10,20
34,8478,0.8218598976532577,1.1080153660520535e-05,0.17783685339628136,0.0002921687968013477,25,10,20
34,8479,0.8375205796708579,1.029742457667465e-05,0.16226820637056516,0.00020091653400115722,25,10,20
34,8480,0.842832690830994,1.0297399023152265e-05,0.1569561236922907,0.0002008880776911887,25,10,20
34,8481,0.8427212195328242,1.0297300229439904e-05,0.15707211923298467,0.00019636393396058727,25,10,20
34,8482,0.8456637770128564,1.0297861140175345e-05,0.15412956671061662,0.00019635841538566585,25,10,20
34,8483,0.8434385874822293,1.0321896655326619e-05,0.1563539422940989,0.00019714832701548353,25,10,20
34,8484,0.8454912137166023,1.0307996221999562e-05,0.1543017987698711,0.00019667951730360501,25,10,20
34,8485,0.8456731558491787,1.0306523840235516e-05,0.15411987921192935,0.00019665841505074136,25,10,20
34,8486,0.845267624676209,1.0302555122990762e-05,0.15452549837705779,0.0001965743916092814,25,10,20
34,8487,0.8451676508731424,1.030216855219221e-05,0.15462580714523105,0.00019623981307337186,25,10,20
34,8488,0.8456242856443119,1.029584361230438e-05,0.15416942211570706,0.00019599639636776748,25,10,20
34,8489,0.837697727733334,1.3921073704993219e-05,0.1621358434220535,0.00015250777090813095,25,10,20
34,8490,0.8584115540735203,1.0291095693216325e-05,0.14144389225770684,0.00013426257307848827,25,10,20
34,8491,0.8585396775835676,1.0291298603496281e-05,0.14131480374482513,0.00013522737300266285,25,10,20
34,8492,0.8585577017789529,1.0303804310172673e-05,0.1412966557669045,0.00013533864983145496,25,10,20
34,8493,0.8596012828371457,1.0246891259344428e-05,0.1402536250937165,0.00013484517787741617,25,10,20
34,8494,0.8597655181123912,1.024591246317927e-05,0.14008937503920585,0.00013486093593874932,25,10,20
34,8495,0.8974651549845405,1.0247224327306299e-05,0.10238974271212094,0.00013485507901115398,25,10,20
34,8496,0.8786558245300804,1.025294421959119e-05,0.12119488446579676,0.00013903805990248206,25,10,20
34,8497,0.8791083852506021,1.0222406417162028e-05,0.12074235292950605,0.00013903941347424644,25,10,20
34,8498,0.8795757961251007,1.0228860827026004e-05,0.12027492798710464,0.0001390470269671141,25,10,20
34,8499,0.8794100531674609,1.0261231135763944e-05,0.12043809974500518,0.00014158585639783213,25,10,20
34,8500,0.8934478643687069,9.729019870053854e-06,0.10652978937456405,1.2617236859174682e-05,25,10,20
34,8501,0.8929221201309921,9.757621301521315e-06,0.10705549530523994,1.2626942466600485e-05,25,10,20
34,8502,0.8891368138123148,9.86888156629012e-06,0.11083989887710953,1.3418429009284155e-05,25,10,20
34,8503,0.8895273352112839,9.836075696206441e-06,0.11045198993858511,1.0838774435137418e-05,25,10,20
34,8504,0.8894572879150308,9.829814579448324e-06,0.11052207855169056,1.080371869971874e-05,25,10,20
34,8505,0.8927016971033461,9.750186774001686e-06,0.10727852143457478,1.003127530551953e-05,25,10,20
34,8506,0.904687524691315,9.74236004214437e-06,0.0952926435912193,1.0089357423705715e-05,25,10,20
34,8507,0.904445815355018,9.76713884895239e-06,0.09553419565218586,1.0221853947245904e-05,25,10,20
34,8508,0.9047564029134891,9.769078120512405e-06,0.09522376154281688,1.0066465573491231e-05,25,10,20
34,8509,0.9049112779242663,9.74435092925397e-06,0.09506903138025828,9.946344546239415e-06,25,10,20
34,8510,0.9050194803130341,9.745947889039633e-06,0.09496088021451754,9.893524559366979e-06,25,10,20
34,8511,0.904871945310635,9.746077758017691e-06,0.09510841191207949,9.896699527526802e-06,25,10,20
34,8512,0.9046892822945732,9.754249686849952e-06,0.09529104222244632,9.921233293805212e-06,25,10,20
34,8513,0.9031744690343072,9.798559393107895e-06,0.09674712317509257,6.860923120736354e-05,25,10,20
34,8514,0.8820813070076015,9.87241793534871e-06,0.11784021533544875,6.860523901469269e-05,25,10,20
34,8515,0.8860535166230877,1.0699879359461435e-05,0.1138672260632705,6.855743428260905e-05,25,10,20
34,8516,0.8860039777821777,1.0699566624446746e-05,0.11391693645626581,6.83861949322449e-05,25,10,20
34,8517,0.8859978593992573,1.095200249197724e-05,0.11392289401814416,6.829458010670897e-05,25,10,20
34,8518,0.8870816753866904,1.0908910244703896e-05,0.11289779334189558,9.622361169671355e-06,25,10,20
34,8519,0.8869149314316114,1.0911075176172907e-05,0.11306453768349042,9.619809722186164e-06,25,10,20
34,8520,0.883258210605949,1.0908982336928616e-05,0.11672124610074061,9.63431097370576e-06,25,10,20
34,8521,0.9107859116008141,1.4616506221187207e-06,0.08920376965889801,8.857089665856911e-06,25,10,20
34,8522,0.9005036120367855,1.1651638352722181e-05,0.09947502974974118,9.706575120757655e-06,25,10,20
34,8523,0.9002078895672503,1.1651661961023264e-05,0.09977074185857589,9.716912212728443e-06,25,10,20
34,8524,0.9023457323602693,1.2228920189252621e-05,0.09763651245850453,5.526261036818111e-06,25,10,20
34,8525,0.9028187871507071,1.2226487413568414e-05,0.09716356170755898,5.424654320328088e-06,25,10,20
34,8526,0.9028192983738549,1.2226693786529877e-05,0.0971630502364761,5.424695882431917e-06,25,10,20
34,8527,0.8956266127535311,1.2230438793148638e-05,0.10435572097173146,5.435835944299584e-06,25,10,20
34,8528,0.9124653195817118,1.1663287996253393e-05,0.08751756359017268,5.453540119198811e-06,25,10,20
34,8529,0.9248067930967092,1.1667406743632077e-05,0.07517611397696901,5.425519578193029e-06,25,10,20
34,8530,0.9355500779230707,1.4760963213007708e-06,0.06444389172004734,4.554260560539581e-06,25,10,20
34,8531,0.9465064377489162,1.466009754750309e-06,0.053486898625759324,5.197615569670154e-06,25,10,20
34,8532,0.946284458698304,1.4509208408327075e-06,0.05370875606009468,5.334320760068278e-06,25,10,20
34,8533,0.9454110645675406,1.4532902349941065e-06,0.05458213113129074,5.351010933190985e-06,25,10,20
34,8534,0.9266120055657816,1.5427067998604752e-06,0.07338090750913447,5.544218284227664e-06,25,10,20
34,8535,0.927135614167047,1.5602732691621327e-06,0.07285725260168568,5.572957998264616e-06,25,10,20
34,8536,0.9355031495070478,1.556671758938352e-06,0.06448973165112752,5.5621700657621975e-06,25,10,20
34,8537,0.9355742530768834,1.5527691227311095e-06,0.06441864263035915,5.551523635007281e-06,25,10,20
34,8538,0.9356026842353441,1.5527706280430436e-06,0.06439021838165919,5.544612368601092e-06,25,10,20
34,8539,0.9356857564924776,1.5525956296194607e-06,0.06430714238734261,5.54852454999575e-06,25,10,20
34,8540,0.9357876588758978,1.552700055712479e-06,0.0642052332474364,5.555176609938653e-06,25,10,20
34,8541,0.935391111304413,1.7954379240375525e-06,0.06460153835633015,5.554901332794419e-06,25,10,20
34,8542,0.9344529967781896,1.7936632294087658e-06,0.06553964681551915,5.562743061716085e-06,25,10,20
34,8543,0.9348622040194645,1.5509209201193714e-06,0.0651306825498233,5.562509791939336e-06,25,10,20
34,8544,0.9350180574172033,1.5507478688539706e-06,0.06497484358003268,5.548254895115106e-06,25,10,20
34,8545,0.9390027548486007,1.5504759441288674e-06,0.060990163929304765,5.53074615019678e-06,25,10,20
34,8546,0.934309379215215,1.540253079999458e-06,0.06568271834417873,6.36218752615164e-06,25,10,20
34,8547,0.9318688766770903,1.5350656479113593e-06,0.06812324461970312,6.343637558652448e-06,25,10,20
34,8548,0.9402420158392233,1.5257811466253747e-06,0.05975012048543325,6.337894196872607e-06,25,10,20
34,8549,0.9289715269910113,2.1333385978623517e-06,0.0710209821511456,5.357519245563922e-06,25,10,20
34,8550,0.8977219465926334,2.135769632722089e-06,0.1022705589480391,5.35868969514676e-06,25,10,20
34,8551,0.8619258303474183,2.130961572816722e-06,0.13806665716084898,5.3815301591323505e-06,25,10,20
34,8552,0.8677785977599086,4.55415609892215e-06,0.13221152662166674,5.321462324679519e-06,25,10,20
34,8553,0.8680082947726946,4.2893965867593795e-06,0.1319820905842547,5.325246462821199e-06,25,10,20
34,8554,0.8677675251543918,4.289583900574827e-06,0.13222285832812902,5.326933577615291e-06,25,10,20
34,8555,0.8594360998659699,4.379104237213937e-06,0.14055350871888797,6.012310904290891e-06,25,10,20
34,8556,0.8692393751686188,3.867266724235606e-06,0.1294893158708998,0.0012674416937566843,25,10,20
34,8557,0.8695699554994671,3.867099055978478e-06,0.12916153100032843,0.0012646464011480765,25,10,20
34,8558,0.8752279039976948,3.778530127011609e-06,0.1235043387913466,0.0012639786808313841,25,10,20
34,8559,0.8753508416672717,3.778037017770653e-06,0.12338141021492417,0.0012639700807864304,25,10,20
34,8560,0.8698793588370954,3.776480227464684e-06,0.12885289020276008,0.0012639744799170652,25,10,20
34,8561,0.8697934032886522,3.854310698423859e-06,0.128938764598825,0.0012639778018244605,25,10,20
34,8562,0.8701445602424355,3.8808688608615076e-06,0.12858756942468144,0.0012639894640224033,25,10,20
34,8563,0.8678917961503086,3.917617003754254e-06,0.13084004336092198,0.0012642428717656654,25,10,20
34,8564,0.867910728215774,3.917308739605814e-06,0.13082208171407447,0.0012632727614120395,25,10,20
34,8565,0.8703353528650674,3.914406007610038e-06,0.1283974608043939,0.0012632719245314296,25,10,20
34,8566,0.8705489480841888,3.914533587867405e-06,0.1281838777318994,0.0012632596503241633,25,10,20
34,8567,0.870544049826988,3.9146569671591865e-06,0.12818875654035133,0.0012632789756940569,25,10,20
34,8568,0.9068503572648987,3.915961553904801e-06,0.09188189009104372,0.0012638366825042525,25,10,20
34,8569,0.9126540113477533,3.820042446110618e-06,0.08733973870414567,2.4299056546696276e-06,25,10,20
34,8570,0.9110564484231465,3.823227266352096e-06,0.08893729621348218,2.4321361048770836e-06,25,10,20
34,8571,0.9108420908725424,3.8292728975580085e-06,0.08915163291216503,2.446942394672276e-06,25,10,20
34,8572,0.9116913177577206,3.826725733322581e-06,0.08830243342082653,2.422095719209672e-06,25,10,20
34,8573,0.9139265961777968,3.826483260095513e-06,0.08606700840312025,2.56893582261402e-06,25,10,20
34,8574,0.913876663287202,3.7178793678196473e-06,0.08611708398305266,2.5348503772426025e-06,25,10,20
34,8575,0.91388968181249,3.7178267528348868e-06,0.08610406578818919,2.5345725678125853e-06,25,10,20
34,8576,0.9237266971169781,2.8254084952641384e-06,0.07626793281402999,2.5446604964665206e-06,25,10,20
34,8577,0.9245517443821331,2.8253753700940273e-06,0.07544289960312164,2.5306393752780764e-06,25,10,20
34,8578,0.9246754143488265,2.8254487499479546e-06,0.0753192074356792,2.5527667444130675e-06,25,10,20
34,8579,0.9241096422307108,2.9688866228978143e-06,0.07588478083001976,2.6080526467324743e-06,25,10,20
34,8580,0.8960117145944967,3.0010074456108263e-06,0.10398323492772084,2.0494703372510118e-06,25,10,20
34,8581,0.8894901254369618,3.0294069115838208e-06,0.11048327439083191,2.357076529502449e-05,25,10,20
34,8582,0.9082930885127299,2.9397850189086837e-06,0.09168059374623322,2.3377956018250374e-05,25,10,20
34,8583,0.8720855355435859,2.9650614519993047e-06,0.12788814603625145,2.3353358712920402e-05,25,10,20
34,8584,0.872334533670986,2.964860859377644e-06,0.12763914702982102,2.335443833578769e-05,25,10,20
34,8585,0.8937272214190015,2.9525345047531316e-06,0.10624481249876769,2.5013547726193725e-05,25,10,20
34,8586,0.8890291715977557,2.9527736552267683e-06,0.11094283325417625,2.5042374412803745e-05,25,10,20
34,8587,0.8824812276937916,2.981895550626799e-06,0.11749070735730789,2.5083053350110947e-05,25,10,20
34,8588,0.888486048217377,2.955010075021704e-06,0.11150718664583988,3.8101267081601397e-06,25,10,20
34,8589,0.8778329260971218,2.9552770035975674e-06,0.12216029615359794,3.8224722769779055e-06,25,10,20
34,8590,0.8773729348173669,2.955956205960022e-06,0.1226203117495911,3.7974768361202447e-06,25,10,20
34,8591,0.8750554503953117,2.956345719491281e-06,0.12493766103855083,3.93222041882278e-06,25,10,20
34,8592,0.8512725471872322,2.961764528077959e-06,0.14863705841416852,8.743263407208387e-05,25,10,20
34,8593,0.8508771763157078,2.972575788868076e-06,0.14903233921619236,8.751189231168381e-05,25,10,20
34,8594,0.85083548076552,2.81214704831344e-06,0.1490638445154069,9.786257202580527e-05,25,10,20
34,8595,0.8471279833077506,2.814292463241162e-06,0.1527713259861288,9.78764136585562e-05,25,10,20
34,8596,0.8495572687729297,2.8116485402203906e-06,0.15034205277948323,9.78667990478046e-05,25,10,20
34,8597,0.8497460143750084,2.8067727379228806e-06,0.15015332175290147,9.785709935312292e-05,25,10,20
34,8598,0.8663806258862445,2.791060099133466e-06,0.13352038214883077,9.620090482654768e-05,25,10,20
34,8599,0.8900017910604603,2.785847467374727e-06,0.10998302595339972,1.2397138672750901e-05,25,10,20
34,8600,0.9161354080277647,2.754332920939687e-06,0.08384943699291454,1.2400646399809394e-05,25,10,20
34,8601,0.9176801449404111,2.7541788412783342e-06,0.0823047052425817,1.2395638165929849e-05,25,10,20
34,8602,0.9196339251218113,2.7177955724592186e-06,0.08035072693814314,1.2630144473307515e-05,25,10,20
34,8603,0.9282418196041388,2.728722529095013e-06,0.07174152754552203,1.3924127810456279e-05,25,10,20
34,8604,0.9177237493502285,2.7374516271136418e-06,0.08225955916019152,1.3954037953068465e-05,25,10,20
34,8605,0.9022206927543139,6.097538752395437e-06,0.09775936117063909,1.3848536294949381e-05,25,10,20
34,8606,0.9098874777260169,6.088891330516947e-06,0.09009208801018934,1.4345372463855925e-05,25,10,20
34,8607,0.9111719584056595,6.0887460738043e-06,0.0888180141509601,3.938697307247148e-06,25,10,20
34,8608,0.9097153383901828,1.0641843465641404e-05,0.09026999059896218,4.029167389857138e-06,25,10,20
34,8609,0.9097997312705155,1.0641864386836048e-05,0.09018558412603861,4.042739059400331e-06,25,10,20
34,8610,0.9096658720931505,1.0641537547612188e-05,0.0903197140254879,3.7723438143778374e-06,25,10,20
34,8611,0.9081824625923335,1.0696997901490752e-05,0.0918005804732081,6.2599365573038785e-06,25,10,20
34,8612,0.9130602621541424,1.0696808275087869e-05,0.08692281627506765,6.224762515228728e-06,25,10,20
34,8613,0.9075382399714818,1.0710015209295458e-05,0.09244485050747983,6.199505828994572e-06,25,10,20
34,8614,0.8967478771305971,1.0678387154973011e-05,0.10323306108247382,8.383399773619462e-06,25,10,20
34,8615,0.8907374893612388,1.068114087533258e-05,0.10924282179872796,9.00769915776761e-06,25,10,20
34,8616,0.891159399738873,1.0669266605820129e-05,0.10882251015868052,7.4208358404100865e-06,25,10,20
34,8617,0.9020504068320406,1.0669644489810343e-05,0.09793003586389772,8.887659571488307e-06,25,10,20
34,8618,0.911123381609545,1.0687929743991495e-05,0.0888570087198825,8.921740828484773e-06,25,10,20
34,8619,0.9157036575095674,1.0778887802884857e-05,0.0842758669099968,9.696692632818008e-06,25,10,20
34,8620,0.9180742808029387,1.0776096630855335e-05,0.08190525434306663,9.688757363608764e-06,25,10,20
34,8621,0.9198419873442921,1.0721818310945609e-05,0.08014058119699849,6.709640398415594e-06,25,10,20
34,8622,0.9139745848907141,1.0727538710634162e-05,0.0860079604596246,6.727110950500374e-06,25,10,20
34,8623,0.9130943325350103,1.0741981946149139e-05,0.08688812939457716,6.796088466213574e-06,25,10,20
34,8624,0.9129374562617292,1.0742020066890796e-05,0.0870450128504047,6.788867799060232e-06,25,10,20
34,8625,0.8840522030698149,1.0775652574698319e-05,0.11593039443736684,6.6268402436182224e-06,25,10,20
34,8626,0.9136687828619273,8.337428205434286e-06,0.08631624665836111,6.633051506234513e-06,25,10,20
34,8627,0.9124340846277703,8.33865946068254e-06,0.08755084102994524,6.735682823497618e-06,25,10,20
34,8628,0.9125581895952348,8.340212925255147e-06,0.08742638235506649,7.087836773242156e-06,25,10,20
34,8629,0.9129320485671103,8.33873942327082e-06,0.0870527751292726,6.8375641933727695e-06,25,10,20
34,8630,0.9129338031234066,8.337783530468456e-06,0.08705100816654282,6.850926519598824e-06,25,10,20
34,8631,0.9070457328621297,8.32341883539945e-06,0.09293916130282531,6.7824162089237496e-06,25,10,20
34,8632,0.9128678296610879,8.316211908494788e-06,0.08711707155207074,6.782574932524864e-06,25,10,20
34,8633,0.9168629618370504,8.544740940845366e-06,0.08312168577094065,6.807651067879096e-06,25,10,20
34,8634,0.9156286716280586,8.583179944955494e-06,0.08435259420936186,1.0150982634571587e-05,25,10,20
34,8635,0.9152169240564545,8.586684171440551e-06,0.08476424231304985,1.0246946324200062e-05,25,10,20
34,8636,0.9156569642602496,8.623165597265574e-06,0.08432410199388002,1.0310580273201583e-05,25,10,20
34,8637,0.9154202480606556,8.710756606005371e-06,0.0845601424213511,1.089876138757632e-05,25,10,20
34,8638,0.9152837009067121,8.71055784372075e-06,0.08469670488877327,1.0883646671245004e-05,25,10,20
34,8639,0.9148615727533699,8.712055874528114e-06,0.08511932331182565,1.0391878930155981e-05,25,10,20
34,8640,0.9158931435078244,8.606622894926293e-06,0.08408865447027355,9.595399007277626e-06,25,10,20
34,8641,0.9159439957601246,8.606593043565597e-06,0.08403782128869032,9.576358141570755e-06,25,10,20
34,8642,0.9112741056581486,1.230109104909635e-05,0.08868960094152094,2.3992309281182435e-05,25,10,20
34,8643,0.8975809778612923,1.2491060361329829e-05,0.10159342445953617,0.0008131066188101509,25,10,20
34,8644,0.88866641005836,1.2794056873931818e-05,0.11050625958411399,0.0008145363006516961,25,10,20
34,8645,0.8665315544951528,3.48365263577715e-05,0.1326191445808965,0.0008144643975929461,25,10,20
34,8646,0.8902902621537817,3.457451237343292e-05,0.10886072920478787,0.0008144341290566884,25,10,20
34,8647,0.896794265635291,3.4545572313456075e-05,0.10235668909142077,0.0008144997009744623,25,10,20
34,8648,0.9137491618852198,1.2493069436485472e-05,0.08542378451092882,0.0008145605344143262,25,10,20
34,8649,0.9264348944152997,1.2303376114389583e-05,0.07352733130450485,2.5470904080358457e-05,25,10,20
34,8650,0.9250158277275433,1.2370656025032449e-05,0.07494596413129916,2.5837485131661714e-05,25,10,20
34,8651,0.9247218168816527,1.3845404139239222e-05,0.07523859917748482,2.5738536722526645e-05,25,10,20
34,8652,0.9216563487626631,1.3845588503895224e-05,0.07830408800745736,2.5717641374669122e-05,25,10,20
34,8653,0.921805438201526,1.3845575442713444e-05,0.07815498500634552,2.5731216684886832e-05,25,10,20
34,8654,0.9096828258092519,1.614120267139036e-05,0.08969520762056928,0.0006058253675069126,25,10,20
34,8655,0.9076804499506592,1.61552255619108e-05,0.09169804249419601,0.0006053523295823282,25,10,20
34,8656,0.9092227394539795,1.6154379787672724e-05,0.09015567967899399,0.000605426487238363,25,10,20
34,8657,0.9139008932188976,1.2459885696452703e-05,0.08549563646360825,0.0005910104317970037,25,10,20
34,8658,0.9145060693171881,1.2406519664847481e-05,0.08489080582957995,0.0005907183335666417,25,10,20
34,8659,0.9164854885290741,1.2343540066020659e-05,0.08291485381740943,0.0005873141134501427,25,10,20
34,8660,0.9163878309147414,1.2343805497195527e-05,0.08301247979859744,0.000587345481163729,25,10,20
34,8661,0.9147006682106767,1.2410020858658094e-05,0.08469941387657248,0.0005875078918918672,25,10,20
34,8662,0.915043673926355,1.2408250900777382e-05,0.0843601832905029,0.0005837345322411415,25,10,20
34,8663,0.9138106511604853,1.2409477581475237e-05,0.08559319498909515,0.0005837443728380617,25,10,20
34,8664,0.9229517651160153,1.2106624986418827e-05,0.07645379878077818,0.0005823294782197909,25,10,20
34,8665,0.923513832546018,1.2104517460205102e-05,0.07589171119980331,0.0005823517367181288,25,10,20
34,8666,0.9250670062266129,1.2015658940989087e-05,0.07433930549983367,0.0005816726146125328,25,10,20
34,8667,0.8991412541569967,0.0006378747602238889,0.09957760671198318,0.0006432643707956609,25,10,20
34,8668,0.8991263576619529,0.0006378747582755754,0.0995925034930825,0.0006432640866884182,25,10,20
34,8669,0.8989158505862765,0.0006378747533780098,0.09980303558011283,0.0006432390802320142,25,10,20
34,8670,0.8611817471064152,0.0006333214080842319,0.13754180021380852,0.0006431312716914399,25,10,20
34,8671,0.8611696928202704,0.0006333233469057368,0.1375536584565222,0.0006433253763008334,25,10,20
34,8672,0.8619181405094618,0.0006333242595560845,0.1368048128180738,0.0006437224129075453,25,10,20
34,8673,0.8390848872892572,0.0006310296389908289,0.1602121176336566,7.196543809529758e-05,25,10,20
34,8674,0.8389921962271397,0.0006310299737866275,0.1603048215439535,7.195225512002423e-05,25,10,20
34,8675,0.8352582695416815,0.0006311247159908686,0.16403836305594313,7.224268638440235e-05,25,10,20
34,8676,0.8354873192314055,0.000631304826900709,0.16380953028594095,7.184565575276333e-05,25,10,20
34,8677,0.8517640065866979,0.0006277621000622621,0.14753642414897797,7.180716426169328e-05,25,10,20
34,8678,0.8502630422621267,0.0006277613219594232,0.14903740317290956,7.179324300409618e-05,25,10,20
34,8679,0.8476107661327786,0.0006277589800810859,0.151688618178824,7.285670831620007e-05,25,10,20
34,8680,0.8503203638369367,0.0006262838301478749,0.1489805313117872,7.282102112849503e-05,25,10,20
34,8681,0.855586540511677,0.0006262832007285031,0.1437123965784224,7.477970917214081e-05,25,10,20
34,8682,0.847737599035773,0.0006262968101172341,0.1515599716820303,7.613247207967679e-05,25,10,20
34,8683,0.847587258863972,0.0006263021007242233,0.15171027926989575,7.61597654082159e-05,25,10,20
34,8684,0.8478401197026283,0.000626300582614726,0.15145777238538785,7.58073293693372e-05,25,10,20
34,8685,0.8532576468627167,0.0006275793630559624,0.1460389410554512,7.583271877667975e-05,25,10,20
34,8686,0.8534205761734377,0.0006275793624500625,0.14587601170429473,7.583275981806113e-05,25,10,20
34,8687,0.8532703213082804,0.0006275800470059102,0.1460163707210226,8.572792369150695e-05,25,10,20
34,8688,0.8563625966741085,0.0006275800498948949,0.14292409242896192,8.573084703503352e-05,25,10,20
34,8689,0.8560588023057228,0.0006275800520406288,0.14322789477699535,8.572286524169327e-05,25,10,20
34,8690,0.8562001453719461,0.0006275748024866413,0.1430865846240924,8.5695201475381e-05,25,10,20
34,8691,0.8347737920127477,0.0006275748035255804,0.16451278226874622,8.585091498089781e-05,25,10,20
34,8692,0.8422262833780795,0.0006276294518289934,0.15706037320902771,8.571396106406259e-05,25,10,20
34,8693,0.8807712839314941,0.0006276298344089914,0.11851399443192896,8.709180216802041e-05,25,10,20
34,8694,0.9027235695580427,2.0346339842041993e-06,0.09724895636797866,2.5439439994063832e-05,25,10,20
34,8695,0.9017341482390987,3.534985873252754e-06,0.0982466416967703,1.5675078257407104e-05,25,10,20
34,8696,0.9023139253556035,3.4630355224933946e-06,0.09766694942282303,1.5662186050591203e-05,25,10,20
34,8697,0.9019101889845443,3.462661439263688e-06,0.09807061720447172,1.5731149544491715e-05,25,10,20
34,8698,0.9018994645099003,3.4627577665032477e-06,0.0980813399564288,1.573277590411749e-05,25,10,20
34,8699,0.9012731924534597,2.184045804020465e-06,0.09870890681551833,1.5716685217750623e-05,25,10,20
34,8700,0.8950919420710409,2.183551798794457e-06,0.10489041050585853,1.546387130153443e-05,25,10,20
34,8701,0.891232804091278,2.1925787934040784e-06,0.10874952249569399,1.5480834234811352e-05,25,10,20
34,8702,0.8905903232345045,2.1288732359938242e-06,0.10937384627047467,3.370162178522032e-05,25,10,20
34,8703,0.893566553538848,2.1238691481681873e-06,0.1064160199289848,1.5302663019534488e-05,25,10,20
34,8704,0.8932164320127199,2.1243032694024576e-06,0.10676609959270547,1.5344091305850136e-05,25,10,20
34,8705,0.8899893502053918,2.1309105471465685e-06,0.10999302862830942,1.549025575216396e-05,25,10,20
34,8706,0.9130329587304797,2.1306268677509944e-06,0.08694958050812937,1.533013452340809e-05,25,10,20
34,8707,0.9163666517835598,2.1247830056735166e-06,0.08361604077171625,1.518266171849404e-05,25,10,20
34,8708,0.9163641714533216,2.124854184287067e-06,0.08361850636900017,1.5197323494076053e-05,25,10,20
34,8709,0.9106003876601183,2.1327595540417204e-06,0.08938227194886901,1.5207631458935322e-05,25,10,20
34,8710,0.9053680628324323,2.140193110811382e-06,0.09461504352282478,1.475345163249056e-05,25,10,20
34,8711,0.908318735701662,2.1390755444084306e-06,0.09166553078675202,1.3594436042128839e-05,25,10,20
34,8712,0.9137766431691651,2.131360309611332e-06,0.08620760950532338,1.3615965202270078e-05,25,10,20
34,8713,0.8829960343342418,0.0005448304770857407,0.11644563281395293,1.3502374720229639e-05,25,10,20
34,8714,0.8831249335346435,0.0005448304199675003,0.11631875413951867,1.1481905871094248e-05,25,10,20
34,8715,0.8868276358954535,0.0005448223439084544,0.11261607493927266,1.1466821366050263e-05,25,10,20
34,8716,0.8867841171099713,0.0005448222331968142,0.1126596070869368,1.1453569895672371e-05,25,10,20
34,8717,0.8868072316661743,0.0005446446496960678,0.11263560445565618,1.2519228473819111e-05,25,10,20
34,8718,0.8932028101446366,0.000544645123976775,0.10623470201161034,1.7842719776559867e-05,25,10,20
34,8719,0.8914000449683619,0.0005445537538013071,0.10803784108636001,1.756019147713155e-05,25,10,20
34,8720,0.8892538828776343,0.0005447025592080975,0.11018294904425235,1.8465518905673483e-05,25,10,20
34,8721,0.8892311228757876,0.0005447026261613942,0.11020578105865633,1.8393439394827748e-05,25,10,20
34,8722,0.8902678305065755,0.0005432036276436261,0.10917069660428444,1.826926149678772e-05,25,10,20
34,8723,0.9005884209588253,0.0005432069084970239,0.09885009226234594,1.8279870332163163e-05,25,10,20
34,8724,0.9001806157264717,0.0005432122236004415,0.0992578588032062,1.8313246721866074e-05,25,10,20
34,8725,0.900008097615208,0.0005432200057182432,0.09943111598228903,1.756639678489216e-05,25,10,20
34,8726,0.9000681282078642,0.0005432150685250728,0.09937111852355646,1.753820005439393e-05,25,10,20
34,8727,0.9000743716412432,0.0005432155336250041,0.09936323754946369,1.917527566886524e-05,25,10,20
34,8728,0.9078312606107047,0.0005432020660300557,0.09160766800702196,1.7869316243923353e-05,25,10,20
34,8729,0.9086297284241615,0.000543202154947214,0.09080920917305074,1.786024784153536e-05,25,10,20
34,8730,0.9086324683092643,0.0005432019946817213,0.0908064853500471,1.7844346007701797e-05,25,10,20
34,8731,0.9080758572625858,0.0005432018820779867,0.09136315066404838,1.7790191288686904e-05,25,10,20
34,8732,0.9127742189311371,0.0005429232923130925,0.08666508611139977,1.7771665150614434e-05,25,10,20
34,8733,0.9198274586055349,0.0005659161352957755,0.07959527919168079,1.1346067488669322e-05,25,10,20
34,8734,0.9196795480289407,0.0005658795346629423,0.07974330444687756,1.1267989518870672e-05,25,10,20
34,8735,0.9197782130239384,0.0005658776332772668,0.07964464256131565,1.1266781469103157e-05,25,10,20
34,8736,0.9198434537912072,0.0005658775034420857,0.07957940215762763,1.1266547723257014e-05,25,10,20
34,8737,0.9196664140059733,0.0005658777443501383,0.07975646152230949,1.1246727367063545e-05,25,10,20
34,8738,0.9201246246646781,0.0005658661492817453,0.0792985868842987,1.0922301741413875e-05,25,10,20
34,8739,0.9471237537563485,0.0005428863041884205,0.05232401720011886,9.342739344215655e-06,25,10,20
34,8740,0.9469108671331082,0.0005428868598180096,0.05253684909522063,9.396911853011265e-06,25,10,20
34,8741,0.9478501942227247,0.0005428728554435913,0.05159786277151315,9.070150318416226e-06,25,10,20
34,8742,0.9480729269993224,0.0005428818446068546,0.051375098791736525,9.092364334009978e-06,25,10,20
34,8743,0.9472863980437641,0.0005429075967264983,0.052159776674164056,1.0917685345203756e-05,25,10,20
34,8744,0.9467196820577,0.0005429097188873697,0.05271273334625096,2.467487716154293e-05,25,10,20
34,8745,0.9384190886066461,0.000542912427853185,0.061013326306578256,2.467265892229547e-05,25,10,20
34,8746,0.9383783626476824,0.0005429124520350554,0.061054050566479334,2.4674333803134806e-05,25,10,20
34,8747,0.937500511237618,0.0005430208611236299,0.06193335055814675,2.311734311163625e-05,25,10,20
34,8748,0.926268247038537,0.0005430225084225549,0.07316293607085005,2.5794382190751558e-05,25,10,20
34,8749,0.9185310773924301,0.0005477152399587349,0.08086352029982695,5.7687067784332006e-05,25,10,20
34,8750,0.9183150425592518,0.0005477154665115011,0.0810792223681132,5.801960612356063e-05,25,10,20
34,8751,0.9185212603583589,0.0005477149272492619,0.0808729994788512,5.802523554064032e-05,25,10,20
34,8752,0.9282578912116874,0.0005477141218434045,0.07113396116667625,6.0433499793315196e-05,25,10,20
34,8753,0.9360334690961138,0.0005430276599782345,0.06339508409050805,2.841915339999981e-05,25,10,20
34,8754,0.9417299896126362,0.000543023801768255,0.057698576897325514,2.8409688270199293e-05,25,10,20
34,8755,0.9250601060900194,0.0005430426993427275,0.07437233668263057,2.4514528007675125e-05,25,10,20
34,8756,0.925049982297878,0.0005430463911199398,0.07438242758155447,2.4543729447741585e-05,25,10,20
34,8757,0.9180506628594196,0.0005431885311438808,0.08138158573808424,2.456287135238296e-05,25,10,20
34,8758,0.9185977543224431,0.0005433301683459545,0.08083616214471943,2.275336449172718e-05,25,10,20
34,8759,0.9551744342351567,6.23904290666403e-07,0.04480298766674767,2.1954193804980514e-05,25,10,20
34,8760,0.91776477418937,6.256347972315305e-07,0.08221181945806992,2.278071776388594e-05,25,10,20
34,8761,0.939861424846015,9.834278560346795e-07,0.06011531533361733,2.2276392511754387e-05,25,10,20
34,8762,0.9396104242448547,9.839657140273689e-07,0.06036150377682139,2.7088012609941407e-05,25,10,20
34,8763,0.939978190491753,9.825746959166198e-07,0.05999373212016946,2.7094813381717538e-05,25,10,20
34,8764,0.9562192079593163,1.065591783998321e-06,0.04375368680488004,2.603964401969373e-05,25,10,20
34,8765,0.9554594024689536,9.65546649817428e-07,0.04451397701429997,2.565497009671823e-05,25,10,20
34,8766,0.9556262835578281,9.657563003864476e-07,0.0443471008694685,2.564981640331528e-05,25,10,20
34,8767,0.9468360384491131,1.3742670374680097e-06,0.053136282037277355,2.6305246572542403e-05,25,10,20
34,8768,0.9471762803272508,1.3674824678402587e-06,0.05279607274212633,2.6279448155656486e-05,25,10,20
34,8769,0.9472613059770097,1.3717273641898913e-06,0.05271103422123441,2.628807439249551e-05,25,10,20
34,8770,0.9364666234798819,1.3760523431515002e-06,0.06350424040795798,2.776005981795171e-05,25,10,20
34,8771,0.936541973138685,1.3761557993898794e-06,0.06342890064870815,2.7750056808308905e-05,25,10,20
34,8772,0.9364275841870352,1.3776122326564633e-06,0.06354328776811907,2.7750432613932355e-05,25,10,20
34,8773,0.9143895222099014,3.0720258747702084e-06,0.08558024966623254,2.7156097992188324e-05,25,10,20
34,8774,0.9143618679386266,3.0702497701659348e-06,0.08560791126251134,2.715054909279022e-05,25,10,20
34,8775,0.912313960980984,4.757727863625188e-06,0.0876589106679135,2.2370623239584396e-05,25,10,20
34,8776,0.9122030193254053,4.7577234911344715e-06,0.08776985996053906,2.236299056542754e-05,25,10,20
34,8777,0.912122112659552,4.777392383929119e-06,0.0878507372426172,2.2372705447773594e-05,25,10,20
34,8778,0.9126784365032126,4.775449478656043e-06,0.08730816157842285,8.626468886806203e-06,25,10,20
34,8779,0.9167292670113835,4.626956516752011e-06,0.08325839306963832,7.712962461873566e-06,25,10,20
34,8780,0.9236664755409817,4.4849376615790726e-06,0.07632134104662094,7.69847473640489e-06,25,10,20
34,8781,0.9251181342537734,4.484215206947701e-06,0.07487470103706481,2.6804939551472247e-06,25,10,20
34,8782,0.9206018122856204,4.6461360085254235e-06,0.07939047196274544,3.0696156259815507e-06,25,10,20
34,8783,0.9214715217959484,3.0496005546778268e-06,0.07852225350804018,3.175095457026436e-06,25,10,20
34,8784,0.9300720347183767,3.0437025147922695e-06,0.06992173950437161,3.1820747372654967e-06,25,10,20
34,8785,0.93462277358214,2.8818926599584424e-06,0.0653712489008458,3.0956243546518127e-06,25,10,20
34,8786,0.9346658675848054,2.8815511332972914e-06,0.06532818139370154,3.0694703599423993e-06,25,10,20
34,8787,0.9343516831936478,2.881354358429613e-06,0.06564242802165768,3.007430336389984e-06,25,10,20
34,8788,0.9344330267360416,2.8802077680153273e-06,0.06556108728527187,3.005770918733431e-06,25,10,20
34,8789,0.9350236679865318,2.71306415543344e-06,0.06497062380481271,2.9951445001041584e-06,25,10,20
34,8790,0.9352853302628844,2.712422068752868e-06,0.06470901466488074,2.9426501660884697e-06,25,10,20
34,8791,0.9364357017725382,2.671682105425811e-06,0.06355879599164012,2.8305537162590213e-06,25,10,20
34,8792,0.9287752168989276,2.6838380873998028e-06,0.07121919998285327,2.899280131848969e-06,25,10,20
34,8793,0.9278059949587647,2.9054037824837144e-06,0.07218722799109782,3.871646354980719e-06,25,10,20
34,8794,0.9385842457833512,2.897006638158484e-06,0.061409947418615586,2.9097913951826668e-06,25,10,20
34,8795,0.9355451448616497,2.9009550858138494e-06,0.0644481899081014,3.7642751630479322e-06,25,10,20
34,8796,0.9345497298027674,2.9064284106054458e-06,0.0654382349091508,9.128859671356772e-06,25,10,20
34,8797,0.9352205509662704,2.907985230158e-06,0.06476283300778438,1.3708040715146246e-05,25,10,20
34,8798,0.9330562812927714,2.9092028531070642e-06,0.06692709761016143,1.371189421424298e-05,25,10,20
34,8799,0.9334137899080784,2.9101889032999083e-06,0.06656959406509605,1.3705837922602128e-05,25,10,20
34,8800,0.9348671391526746,2.9067813638782547e-06,0.06511627552430219,1.367854165927908e-05,25,10,20
34,8801,0.9284198108787184,2.909358054992387e-06,0.07156360468302998,1.3675080196536419e-05,25,10,20
34,8802,0.9284607468327551,2.909083977486e-06,0.07152267199680386,1.3672086463377316e-05,25,10,20
34,8803,0.9246212969915838,3.0605318406319442e-06,0.07536195521455558,1.3687262019791936e-05,25,10,20
34,8804,0.9282656447837,2.916586617254572e-06,0.07171775014288548,1.3688486797105267e-05,25,10,20
34,8805,0.9051903920600469,3.502122879293117e-06,0.0947907865273254,1.5319289748176353e-05,25,10,20
34,8806,0.9051814573575233,3.5021568676124743e-06,0.09479972101253574,1.531947307325204e-05,25,10,20
34,8807,0.9044605004269515,3.501932357505692e-06,0.09552067948709299,1.5318153597740336e-05,25,10,20
34,8808,0.9042602327461214,3.501835351764763e-06,0.09572092710277234,1.533831575426455e-05,25,10,20
34,8809,0.9041582053745636,3.511594276247372e-06,0.09582348929401947,1.4793737140557848e-05,25,10,20
34,8810,0.8965028153967549,3.7355685114681772e-06,0.10347862556843923,1.4823466294582452e-05,25,10,20
34,8811,0.8907470257767617,3.874081238518834e-06,0.10923430360724186,1.4796534758251105e-05,25,10,20
34,8812,0.9216019293439872,1.8892541485852021e-06,0.07838146020592199,1.4721195942415696e-05,25,10,20
34,8813,0.9288327284752386,2.4831546445406683e-06,0.07115003544988258,1.4752920234442821e-05,25,10,20
34,8814,0.9287250573254506,1.649497941281846e-06,0.07125860474430866,1.4688432299493034e-05,25,10,20
34,8815,0.9265991254939506,2.0234412865755983e-06,0.07338411507466297,1.4735990099866926e-05,25,10,20
34,8816,0.9340599394890994,2.011527441391564e-06,0.06592337978350078,1.4669199958491306e-05,25,10,20
34,8817,0.9312766708572177,0.00011292597148002832,0.06859586961562948,1.453355567259608e-05,25,10,20
34,8818,0.9314736246594849,0.00011292572712337457,0.06839891796954878,1.45316438427915e-05,25,10,20
34,8819,0.9165154845645829,0.00011361385781958628,0.0833580313467382,1.2870230859282597e-05,25,10,20
34,8820,0.9032705921775527,0.00011316459223380948,0.09660340245789772,1.2840772316183898e-05,25,10,20
34,8821,0.8955339544878315,0.00011324085002613522,0.10433335497060532,1.9449691537285667e-05,25,10,20
34,8822,0.8952665394047203,0.00011324104272330154,0.10460102064789972,1.9198904656863244e-05,25,10,20
34,8823,0.8952660486598829,0.00011324099340882428,0.10460151012266512,1.9200224043764697e-05,25,10,20
34,8824,0.9334778749162608,0.00011191905645466585,0.06639090182793433,1.9304199349783463e-05,25,10,20
34,8825,0.9331156728455541,0.00011192313974822992,0.06675162688339596,2.077713130143333e-05,25,10,20
34,8826,0.94183621273946,0.00011191927363339285,0.05803108744928833,2.0780537617884802e-05,25,10,20
34,8827,0.9417873532053282,0.00011191936083549466,0.05807994233420463,2.0785099631327902e-05,25,10,20
34,8828,0.940512479192128,0.00011170197739142378,0.05935599311316084,1.9825717319519763e-05,25,10,20
34,8829,0.9059327800386724,0.00011282873857032055,0.09393457390718525,1.9817315572119522e-05,25,10,20
34,8830,0.8720112200575112,0.00011283002701750725,0.12785611202289235,1.9837892579777447e-05,25,10,20
34,8831,0.8872869207419157,0.00011250649694871731,0.11258071070874065,1.9862052395767108e-05,25,10,20
34,8832,0.8902815091997206,1.5918458589673576e-06,0.10969721779106995,1.9681163351200002e-05,25,10,20
34,8833,0.881046441851742,2.143425174358542e-06,0.11893011884032888,2.1295882755543663e-05,25,10,20
34,8834,0.8807471952767513,2.143495234582493e-06,0.11922935469128836,2.1306536726210987e-05,25,10,20
34,8835,0.8763375001465485,2.1522923617946828e-06,0.12363902561459877,2.1321946491451222e-05,25,10,20
34,8836,0.8759857466603989,2.1546485368175096e-06,0.12399078165791302,2.1317033151886156e-05,25,10,20
34,8837,0.8781300194674759,2.150432986915407e-06,0.12184652559404384,2.1304505493870213e-05,25,10,20
34,8838,0.8779118980822352,2.1507097385582277e-06,0.1220646497425441,2.130146548273814e-05,25,10,20
34,8839,0.8779414151243556,2.1508603605536654e-06,0.12203486858030438,2.1565434980113585e-05,25,10,20
34,8840,0.9117945785747635,2.1491131474956822e-06,0.08818172918008708,2.1543132002188365e-05,25,10,20
34,8841,0.9116598557711602,2.1504838341528247e-06,0.08831644192676258,2.1551818243439043e-05,25,10,20
34,8842,0.9116766560455809,2.150216085582026e-06,0.08829964184950084,2.155188883296707e-05,25,10,20
34,8843,0.9118045416225711,2.1152786673484623e-06,0.08817140494223198,2.1938156529810515e-05,25,10,20
34,8844,0.8944869576534102,2.11556208333532e-06,0.10548899801998815,2.1928764518759973e-05,25,10,20
34,8845,0.8945574744771355,2.1135154791845758e-06,0.10541922326306713,2.1188744318726202e-05,25,10,20
34,8846,0.8948969159371885,2.113138412052385e-06,0.10507978705063242,2.1183873767462542e-05,25,10,20
34,8847,0.8951416720353492,2.113042188322966e-06,0.10483503284974235,2.1182072720377417e-05,25,10,20
34,8848,0.8951128523640424,2.113098788501683e-06,0.10486384176194713,2.119277522252709e-05,25,10,20
34,8849,0.8952607502754606,2.113099953620043e-06,0.10471594375951408,2.1192865072062926e-05,25,10,20
34,8850,0.8956430988549403,2.1023587314464324e-06,0.10434356792129376,1.1230865035312342e-05,25,10,20
34,8851,0.8923489428214009,2.119120071306138e-06,0.10763767879227931,1.1259266249011611e-05,25,10,20
34,8852,0.9053136421611648,2.3617124366845606e-06,0.09467271547255164,1.1280653847086375e-05,25,10,20
34,8853,0.9058724841258433,2.358323651397161e-06,0.09411532772731207,9.82982319352034e-06,25,10,20
34,8854,0.901623307985547,2.89227567000025e-06,0.09836175323459477,1.2046504188396182e-05,25,10,20
34,8855,0.9014975626584689,2.897615446400904e-06,0.0984874441481375,1.2095577947475163e-05,25,10,20
34,8856,0.9013435047736165,2.897826701314335e-06,0.09864086437562192,1.2733024060080944e-05,25,10,20
34,8857,0.9007510175238168,2.9050227862164745e-06,0.09923334373417232,1.2733719224554914e-05,25,10,20
34,8858,0.895730311707944,2.897627133618089e-06,0.10425406579701693,1.2724867905319433e-05,25,10,20
34,8859,0.8888799765354356,2.9059741159051487e-06,0.1111043811734155,1.273631703295353e-05,25,10,20
34,8860,0.8889350694383338,2.9048751050064863e-06,0.11104936799512251,1.2657691438804281e-05,25,10,20
34,8861,0.8887454490615699,2.902883037289699e-06,0.11123909300812801,1.2555047264921304e-05,25,10,20
34,8862,0.8931564105813983,2.89403627592637e-06,0.10682815144393476,1.2543938391195608e-05,25,10,20
34,8863,0.8929373154592015,2.902350278262937e-06,0.10704653274710477,1.3249443415896697e-05,25,10,20
34,8864,0.8918537700899277,2.8922914497667e-06,0.10813009399239712,1.324362622595567e-05,25,10,20
34,8865,0.8926035386168287,2.8951856393519006e-06,0.10737962700333718,1.3939194195121514e-05,25,10,20
34,8866,0.8829984670414517,3.17759565750978e-05,0.11695319674662921,1.656025534420884e-05,25,10,20
34,8867,0.8829393763564152,3.1777096975503505e-05,0.1170122957899355,1.6550756674084622e-05,25,10,20
34,8868,0.8857871147950647,3.1775776131811516e-05,0.11416513451356955,1.597491523394868e-05,25,10,20
34,8869,0.8860215086597324,3.177339496667241e-05,0.11393074368605724,1.5974259243606234e-05,25,10,20
34,8870,0.899828549419864,3.172464925613066e-05,0.10012116488901893,1.8561041860405083e-05,25,10,20
34,8871,0.8991254769248349,3.1786783034215204e-05,0.10082431397984155,1.842231228894585e-05,25,10,20
34,8872,0.8974160065921839,3.1501268896383494e-05,0.1009545988554044,0.0015978932835147713,25,10,20
34,8873,0.9024813528050012,3.150100150034638e-05,0.095889261077514,0.0015978851159840007,25,10,20
34,8874,0.9022273132382577,3.149833111442047e-05,0.09614398537973179,0.0015972030508956264,25,10,20
34,8875,0.9089833207194934,3.148998409388693e-05,0.08938799748662969,0.0015971918097829635,25,10,20
34,8876,0.9090966879450272,3.1489956293403896e-05,0.08927460993636924,0.0015972121623100378,25,10,20
34,8877,0.914888164927257,3.1241927147569555e-05,0.08506506865446925,1.5524491125990353e-05,25,10,20
34,8878,0.9119089744243086,3.1316249371309324e-05,0.08804443198477233,1.527734154773207e-05,25,10,20
34,8879,0.8936095740788261,3.076153546644015e-05,0.10634600838314025,1.3656002566929863e-05,25,10,20
34,8880,0.8919477647749625,3.389679493887681e-05,0.10800456564470581,1.3772785392551755e-05,25,10,20
34,8881,0.8921281522154177,3.406867627778887e-05,0.1078240000277546,1.3779080549784194e-05,25,10,20
34,8882,0.8917645451267703,3.406390313395326e-05,0.10818559829166144,1.579267843422208e-05,25,10,20
34,8883,0.9199867206785529,3.406329927164047e-05,0.07996342329510425,1.5792727071660078e-05,25,10,20
34,8884,0.920425849677097,3.3884420642744326e-05,0.07952448788703091,1.5778015229616166e-05,25,10,20
34,8885,0.9205955017975819,3.387817314826353e-05,0.07935552886004374,1.5091169226588238e-05,25,10,20
34,8886,0.9159097943686183,3.3976421831517126e-05,0.08404116123259754,1.506797695303331e-05,25,10,20
34,8887,0.9157871557948966,3.397706978317429e-05,0.08416376459057145,1.5102544749327253e-05,25,10,20
34,8888,0.915946493241461,3.397646713502948e-05,0.08400446899882821,1.5061292576099124e-05,25,10,20
34,8889,0.9135214592937482,5.874567770382604e-06,0.08645650435508948,1.6161783392240658e-05,25,10,20
34,8890,0.9134921719271045,6.360763721550821e-06,0.08648567271226532,1.5794596908813272e-05,25,10,20
34,8891,0.9128121601851973,6.360937958809706e-06,0.08716565989123576,1.5818985608260507e-05,25,10,20
34,8892,0.9294918095626755,6.362497856913947e-06,0.0704859836481122,1.5844291355838384e-05,25,10,20
34,8893,0.9297053692059001,6.362522400333284e-06,0.07027243293947591,1.5835332223978813e-05,25,10,20
34,8894,0.9292460016565434,6.370064201684895e-06,0.07073239127543297,1.5237003822141827e-05,25,10,20
34,8895,0.929545572317931,6.369915430865655e-06,0.07043283141772455,1.522634891385499e-05,25,10,20
34,8896,0.9346176680889176,3.216356804731948e-06,0.06536404139541807,1.5074158859954429e-05,25,10,20
34,8897,0.934717925717562,3.217502930603089e-06,0.06526377357034426,1.508320916322539e-05,25,10,20
34,8898,0.9317665021974918,3.2188485546962934e-06,0.0682149541592475,1.5324794706087684e-05,25,10,20
34,8899,0.9219269353440555,3.5761032755627044e-06,0.07805416297523687,1.532557743231748e-05,25,10,20
34,8900,0.9264679095976363,3.4779590862887133e-06,0.07351328381551117,1.532862776641555e-05,25,10,20
34,8901,0.9363248228773131,3.1202752394772184e-06,0.06365672589708511,1.533095036230763e-05,25,10,20
34,8902,0.9318935120290115,3.126118182425534e-06,0.06808800744952603,1.53544032801363e-05,25,10,20
34,8903,0.931529978417401,3.1276385715443578e-06,0.06845134499187971,1.5548952147625766e-05,25,10,20
34,8904,0.9242609026478692,3.3589147499895875e-06,0.07568713559122024,4.860284616071055e-05,25,10,20
34,8905,0.8965870999487202,5.36219584372676e-06,0.10335900012300875,4.853773242723711e-05,25,10,20
34,8906,0.8965024143206827,5.360131900615547e-06,0.10344370637545125,4.851917196546794e-05,25,10,20
34,8907,0.9025895523048186,3.292597699036685e-06,0.09735870957800317,4.844551947917432e-05,25,10,20
34,8908,0.9056092910340402,3.291731450281938e-06,0.09433922025182928,4.819698268060431e-05,25,10,20
34,8909,0.8954550016892907,3.291079313419523e-06,0.1044935270476675,4.818018372831841e-05,25,10,20
34,8910,0.906814521160183,2.5120044255733537e-06,0.09313850268224869,4.446415314281042e-05,25,10,20
34,8911,0.9081263467370277,2.50996733981408e-06,0.09182670738797466,4.443590765786015e-05,25,10,20
34,8912,0.9079110019999171,2.5030877223782137e-06,0.09204208462654907,4.441028581128376e-05,25,10,20
34,8913,0.907271302632147,2.5311957601355815e-06,0.09268113717561195,4.5028996480988426e-05,25,10,20
34,8914,0.9280438316715771,2.531331121869577e-06,0.07190851642140139,4.5120575900253086e-05,25,10,20
34,8915,0.949758178690663,1.1627503345409423e-06,0.05019554938403001,4.5109174972666826e-05,25,10,20
34,8916,0.9465558136229489,6.764148462479872e-07,0.05339911183530582,4.4398126899080264e-05,25,10,20
34,8917,0.9514795668401583,6.774219532857148e-07,0.04847665104385999,4.3104694028599543e-05,25,10,20
34,8918,0.9592258096244675,6.01238045713956e-07,0.04073707766394998,3.651147353715294e-05,25,10,20
34,8919,0.9647475092196538,4.2516162458513845e-07,0.03521559773180621,3.646788691556301e-05,25,10,20
34,8920,0.9524633791517637,6.361550284453253e-07,0.047499940756345664,3.604393686241755e-05,25,10,20
34,8921,0.9532005858765761,6.373912365227042e-07,0.04676273566596739,3.6041066220188834e-05,25,10,20
34,8922,0.9562737392482252,5.654946682529792e-07,0.04368968538728013,3.600986982639766e-05,25,10,20
34,8923,0.9544584194085409,6.43020109040211e-07,0.04550453838725099,3.6399184099116785e-05,25,10,20
34,8924,0.9286899189177177,6.505189228080274e-06,0.07126719201659841,3.6383876456062315e-05,25,10,20
34,8925,0.92850195439359,6.516047211577613e-06,0.07145514627569192,3.638328350684629e-05,25,10,20
34,8926,0.913250239902782,6.717558498368743e-06,0.07626825694908007,0.010474785589639865,25,10,20
34,8927,0.9110283321311863,6.488531355869794e-06,0.07852344054071056,0.01044173879674739,25,10,20
34,8928,0.9110111425643229,6.4874285566417644e-06,0.07854062808203438,0.010441741925085917,25,10,20
34,8929,0.9081060385873575,6.926038176185416e-06,0.08144512315231084,0.010441912222155488,25,10,20
34,8930,0.906566807098761,6.934350283547016e-06,0.08298201936217765,0.010444239188777656,25,10,20
34,8931,0.9052894748442972,6.927074558159661e-06,0.08424619067017235,0.0104574074109722,25,10,20
34,8932,0.9035509827903109,6.927151335256249e-06,0.08598468091799924,0.01045740914035451,25,10,20
34,8933,0.9018855695558317,7.006482663876145e-06,0.0876499967197023,0.010457427241801858,25,10,20
34,8934,0.901621991576482,7.007612263189745e-06,0.08791356765723637,0.010457433154017955,25,10,20
34,8935,0.9018311342599855,7.00624619865852e-06,0.08770461091392462,0.010457248579890624,25,10,20
34,8936,0.9016338401924894,6.997162260865845e-06,0.08790190135822556,0.01045726128702363,25,10,20
34,8937,0.9031079220133464,6.99770950153263e-06,0.08642658973393334,0.010458490543218185,25,10,20
34,8938,0.902418553498045,7.091932368638312e-06,0.08711483026246643,0.010459524307119338,25,10,20
34,8939,0.895550255514643,7.190361236816965e-06,0.09397710754852762,0.010465446575592136,25,10,20
34,8940,0.874584929020399,6.988850623335016e-06,0.12538087871921305,2.72034097641208e-05,25,10,20
34,8941,0.8743447111534696,6.998309621547336e-06,0.12562104482690592,2.7245710002505808e-05,25,10,20
34,8942,0.8743308680969898,6.995153711403304e-06,0.12563490647201672,2.7230277281745015e-05,25,10,20
34,8943,0.8747726986390784,6.993385761073918e-06,0.12519309170301582,2.721627214427862e-05,25,10,20
34,8944,0.874860244981192,6.993336907184038e-06,0.1251055474552217,2.7214226678710244e-05,25,10,20
34,8945,0.8876021940227097,6.7545494405563305e-06,0.11236396585005905,2.7085577790278153e-05,25,10,20
34,8946,0.8819167478187024,8.441395549784136e-06,0.11791974923982453,0.00015506154592292458,25,10,20
34,8947,0.881718678812652,8.44331086615374e-06,0.11811987397876705,0.00015300389771424257,25,10,20
34,8948,0.8561597361423487,0.000931411766480233,0.14275444491723016,0.00015440717394124554,25,10,20
34,8949,0.8834928542146919,0.0009255450086414211,0.11542720498011513,0.00015439579655167018,25,10,20
34,8950,0.8895611118864512,0.0009254879260423129,0.10936484891487912,0.00014855127262755513,25,10,20
34,8951,0.892391957809126,0.0009254867352485843,0.1065340047723142,0.0001485506833115295,25,10,20
34,8952,0.8914766885892726,0.0009255185415490956,0.10744815688739592,0.00014963598178255585,25,10,20
34,8953,0.8910134239874853,0.0009255186579347516,0.10791141501709556,0.00014964233748474579,25,10,20
34,8954,0.891216862647704,0.000925519318818514,0.10770795221280735,0.0001496658206706379,25,10,20
34,8955,0.8968090659329391,0.0009238325237598912,0.10224539396190888,2.1707581392508898e-05,25,10,20
34,8956,0.8967296031971749,0.0009238285689590777,0.10232320296005874,2.3365273807603144e-05,25,10,20
34,8957,0.8968944944848868,0.0009238273154983231,0.10215833276126031,2.3345438355221755e-05,25,10,20
34,8958,0.8982325271899887,0.0009261430132937961,0.10081835329485019,2.297650186762867e-05,25,10,20
34,8959,0.8995349416467168,0.0009262125370329819,0.09951510604982677,2.3739766423832976e-05,25,10,20
34,8960,0.9014071645914613,0.0009257866554038519,0.0976396791958035,2.7369557331690644e-05,25,10,20
34,8961,0.9017379288391763,0.0009257844117161115,0.09730885802189804,2.7428727209989782e-05,25,10,20
34,8962,0.9016579571685434,0.0009257880215626732,0.09738883416188736,2.7420648007006498e-05,25,10,20
34,8963,0.9013992966915926,0.000925790941645244,0.09764748930697525,2.742305978734824e-05,25,10,20
34,8964,0.8964165770451253,0.0009257253223693097,0.1026302512873169,2.7446345188380732e-05,25,10,20
34,8965,0.9321755611478777,0.0009257255898858845,0.06687075841361093,2.7954848625394837e-05,25,10,20
34,8966,0.9324146943536387,0.0009257258688214609,0.06663350124028494,2.6078537254769413e-05,25,10,20
34,8967,0.9380957479255705,0.0009256993649763454,0.06095351233531389,2.5040374139183624e-05,25,10,20
34,8968,0.9360685585682351,0.0009256908828583239,0.06298073245501407,2.5018093892237996e-05,25,10,20
34,8969,0.9360151637267485,0.0009256907299767487,0.06303417949066521,2.496605260946475e-05,25,10,20
34,8970,0.936046724619229,0.0009256909181022234,0.0630026133484613,2.4971114207256755e-05,25,10,20
34,8971,0.9320280366755036,0.0009257015106912107,0.06702086384696164,2.5397966843246625e-05,25,10,20
34,8972,0.9318029539794184,0.0009255535191614207,0.06724686675897373,2.4625742445976815e-05,25,10,20
34,8973,0.9408322992541485,0.000925551429421272,0.05821752962984654,2.4619686583321334e-05,25,10,20
34,8974,0.9132298816116902,0.0009731115116277918,0.08576928166098519,2.7725215696606077e-05,25,10,20
34,8975,0.9119852098725617,0.0009730968043175364,0.08701771089542508,2.398242769551217e-05,25,10,20
34,8976,0.9122010276707881,0.0009730931749520457,0.08680187281911769,2.400633514209274e-05,25,10,20
34,8977,0.8962166042807647,0.0009742080401558212,0.1027849793828734,2.4208296205830452e-05,25,10,20
34,8978,0.8963693464849497,0.000974207999535581,0.10263224571877522,2.419979673905448e-05,25,10,20
34,8979,0.8942522377717725,0.000974206888237306,0.10434147134041391,0.00043208399957590614,25,10,20
34,8980,0.8957350762363089,0.0009742056711440197,0.10285865018236423,0.0004320679101825249,25,10,20
34,8981,0.8984719445990269,0.0009742071869403735,0.10013698120412495,0.00041686700990715953,25,10,20
34,8982,0.8840459281280044,0.0009745096917321447,0.11456123297033997,0.00041832920992299294,25,10,20
34,8983,0.8831360324207654,0.0009745407619997469,0.1152266901952489,0.0006627366219855394,25,10,20
34,8984,0.8875281251333577,5.1603789986672704e-05,0.11175892544007025,0.0006613456365846228,25,10,20
34,8985,0.8855526003934098,4.9214370934420644e-05,0.11373680909279342,0.000661376142861559,25,10,20
34,8986,0.8858956310470459,4.921438622613313e-05,0.11339441445750596,0.0006607401092208876,25,10,20
34,8987,0.9137535423587996,1.6530997850513184e-06,0.08558849272239215,0.0006563118190223648,25,10,20
34,8988,0.9136992502307498,1.653010483162992e-06,0.08564280220193837,0.0006562945568277839,25,10,20
34,8989,0.9042717576805304,1.963578922544961e-06,0.09501912905903794,0.0007071496815083872,25,10,20
34,8990,0.9040048615832208,1.9669111784065418e-06,0.09528602004194676,0.0007071514636530673,25,10,20
34,8991,0.9131861299987202,1.6841817360834407e-06,0.08615554579158358,0.0006566400279593967,25,10,20
34,8992,0.8844046070209282,2.953647509599542e-06,0.11492862901170017,0.0006638103198606728,25,10,20
34,8993,0.8842255515220827,3.0255540444939918e-06,0.11510714730371921,0.0006642756201521166,25,10,20
34,8994,0.8583816509345503,3.1094132644161957e-06,0.14094792579266233,0.0006673138595224729,25,10,20
34,8995,0.8675140743320032,2.0515670491052326e-06,0.13052931448448216,0.0019545596164652155,25,10,20
34,8996,0.8884228431781291,2.0200831205695552e-06,0.10962058880001718,0.0019545479387324685,25,10,20
34,8997,0.887148046794893,2.021126707843329e-06,0.11089528176646157,0.001954650311937021,25,10,20
34,8998,0.8837111216511113,2.1989994186102595e-06,0.11473821086998819,0.001548468479480975,25,10,20
34,8999,0.8796890698008777,2.313168689995701e-06,0.11875751866510209,0.0015510983653293756,25,10,20
34,9000,0.8776688278148808,2.3795646599910127e-06,0.12077722906777458,0.0015515635526842913,25,10,20
34,9001,0.883742574729951,2.4041452649091275e-06,0.11470335270229005,0.0015516684224940736,25,10,20
34,9002,0.8831368213524833,2.9947692182635997e-06,0.11530848713982968,0.0015516967384687894,25,10,20
34,9003,0.8793905188923596,2.9949689445015224e-06,0.1190541691485644,0.0015523169901314226,25,10,20
34,9004,0.8802276145338733,2.9236527778520933e-06,0.11821715972333648,0.0015523020900124656,25,10,20
34,9005,0.8802996858517936,2.923621791202447e-06,0.1181450898073302,0.0015523007190850037,25,10,20
34,9006,0.8841293749188219,2.914010027674281e-06,0.11431579961369615,0.0015519114574542429,25,10,20
34,9007,0.8854165751253608,2.9142684670066596e-06,0.11302869565916981,0.0015518149470024362,25,10,20
34,9008,0.8892602890739266,2.799134946836236e-06,0.10911297192043282,0.0016239398706937018,25,10,20
34,9009,0.9017070759623664,2.5405951445994135e-06,0.09666690915602212,0.0016234742864666826,25,10,20
34,9010,0.9318723272906895,1.278998824248182e-06,0.06651107688446162,0.0016153168260243456,25,10,20
34,9011,0.932062890639087,1.2789591616666246e-06,0.0663205139136132,0.0016153164881378274,25,10,20
34,9012,0.9350520259299366,1.1651555702669203e-06,0.06333411738794294,0.0016126915265496978,25,10,20
34,9013,0.9235939720989869,1.1778958575309784e-06,0.07479043277834732,0.0016144172268079307,25,10,20
34,9014,0.923649865757997,1.1778978185612052e-06,0.07473453880253329,0.001614417541650775,25,10,20
34,9015,0.9245171323226501,1.1439946476470766e-06,0.07411170298305367,0.0013700206996484596,25,10,20
34,9016,0.9182238844705701,4.54354770041208e-06,0.08040194712516702,0.0013696248565623023,25,10,20
34,9017,0.882369397179758,4.557071819166725e-06,0.11625559733780638,0.0013704484106164183,25,10,20
34,9018,0.8504620576992885,4.556141499986652e-06,0.14816104988873255,0.001372336270478012,25,10,20
34,9019,0.8569450670707033,4.534716853895677e-06,0.14167815504023845,0.00137224317220333,25,10,20
34,9020,0.8699616354182318,4.557803798289423e-06,0.12866229619932587,0.0013715105786433648,25,10,20
34,9021,0.8696992066271831,4.571946569417392e-06,0.12892470340291243,0.0013715180233343682,25,10,20
34,9022,0.8746852980674589,4.539816933242096e-06,0.12522584976304846,8.43123525587897e-05,25,10,20
34,9023,0.8758966319079391,4.50263135565399e-06,0.12401465536352058,8.421009718391789e-05,25,10,20
34,9024,0.8781899046362921,4.4361401765183476e-06,0.12172177180849454,8.388741503603716e-05,25,10,20
34,9025,0.8944120876409092,4.496570181947483e-06,0.10549957591299089,8.383987591805478e-05,25,10,20
34,9026,0.8944124767860839,4.4929727809238935e-06,0.10549918679324984,8.384344788538041e-05,25,10,20
34,9027,0.9194080416642355,4.409124441717091e-06,0.08050671258750804,8.083662381471737e-05,25,10,20
34,9028,0.9193301015240454,4.4147045461832704e-06,0.08058487971868555,8.060405272306851e-05,25,10,20
34,9029,0.9192475004516137,4.414718266227167e-06,0.08066748235333171,8.06024767884162e-05,25,10,20
34,9030,0.9210663524616146,4.415372229089588e-06,0.07884868093404158,8.055123211443883e-05,25,10,20
34,9031,0.9168063744922617,4.520557859347367e-06,0.08307462775635063,0.00011447719352808583,25,10,20
34,9032,0.9171203828565706,4.506414645252291e-06,0.08276064103897048,0.00011446968981357409,25,10,20
34,9033,0.9215572317952493,4.373247997010715e-06,0.07835820046493219,8.019449182127451e-05,25,10,20
34,9034,0.9236940944142189,4.306805342512497e-06,0.0762218697895295,7.972899090855812e-05,25,10,20
34,9035,0.9361050809798942,9.024754177602491e-07,0.0638145418018509,7.947474283661296e-05,25,10,20
34,9036,0.9312989663024887,1.13017866674592e-06,0.06862042770198543,7.947581685871829e-05,25,10,20
34,9037,0.9314667066369405,1.0607584990563537e-06,0.06845293615735529,7.929644720485364e-05,25,10,20
34,9038,0.9317259609614578,1.0572900458660508e-06,0.06819370582969558,7.927591880044176e-05,25,10,20
34,9039,0.9312819377118591,1.061694617000091e-06,0.06863768923511257,7.93113584111685e-05,25,10,20
34,9040,0.9315002389053199,1.054593619354944e-06,0.0684194557406954,7.925076036528633e-05,25,10,20
34,9041,0.9420637651323893,1.062203075559956e-06,0.05785653065140816,7.8642013126764e-05,25,10,20
34,9042,0.9419165373755699,1.070574063237447e-06,0.05800371507139941,7.867697896713169e-05,25,10,20
34,9043,0.975535649137005,1.0767210443840082e-06,0.024384318345654177,7.895579629599428e-05,25,10,20
34,9044,0.9759987059690495,1.0765241335561118e-06,0.023921283236272593,7.893427054374977e-05,25,10,20
34,9045,0.9759962412664066,1.0975616352488796e-06,0.023923733103801675,7.892806815600383e-05,25,10,20
34,9046,0.9758646770185007,1.0975893153156534e-06,0.024055291055518704,7.893433666489445e-05,25,10,20
34,9047,0.9755236469350786,1.1020431217208187e-06,0.024396305640920827,7.894538087818881e-05,25,10,20
34,9048,0.9734752628209395,1.135353671316915e-06,0.026439873198723433,8.372862666516401e-05,25,10,20
34,9049,0.9735129217496474,1.137914920735916e-06,0.026401995339356218,8.394499607532172e-05,25,10,20
34,9050,0.9742412065492441,1.1400969694669983e-06,0.025673153670182892,8.449968360331742e-05,25,10,20
34,9051,0.9599645667101098,1.1402576829499832e-06,0.0399497717428155,8.452128939161691e-05,25,10,20
34,9052,0.9601498238116258,1.1319441116575438e-06,0.03976455757583178,8.448666843053991e-05,25,10,20
34,9053,0.955268314828216,1.1335454384667934e-06,0.04464606233773382,8.448928861192263e-05,25,10,20
34,9054,0.9551541044311113,1.1325912192007798e-06,0.044760268210961414,8.449476670847605e-05,25,10,20
34,9055,0.9540137849687795,1.0931888648939677e-06,0.045900992298121085,8.412954423497361e-05,25,10,20
34,9056,0.9517402068788641,1.1460438328687325e-06,0.048174418893795236,8.422818350819741e-05,25,10,20
34,9057,0.9518234218951409,1.146094381617485e-06,0.04809120160890721,8.423040157063845e-05,25,10,20
34,9058,0.9539846370971442,1.0932988677611718e-06,0.04593013715198917,8.413245199925465e-05,25,10,20
34,9059,0.9536078131993694,1.0847740893417586e-06,0.04630690511363177,8.419691291018681e-05,25,10,20
34,9060,0.9537555144320591,1.0824991891659057e-06,0.04615977855346107,8.362451529119932e-05,25,10,20
34,9061,0.9537401601406285,1.0825033730367488e-06,0.046175132070544474,8.362528545436068e-05,25,10,20
34,9062,0.9679416201049534,1.082924850113945e-06,0.03197363179207587,8.366517812068711e-05,25,10,20
34,9063,0.9672439830746942,4.932563089238584e-07,0.032671881724172826,8.364194482418918e-05,25,10,20
34,9064,0.9656196688902365,5.06264166760341e-07,0.03429680920845006,8.301563714675706e-05,25,10,20
34,9065,0.9666496479604132,4.932005869971552e-07,0.03326805935712344,8.1799481876587e-05,25,10,20
34,9066,0.9734802699988682,4.289695541196013e-07,0.026437522111556592,8.177892002129695e-05,25,10,20
34,9067,0.9785447008545454,4.113188731075427e-07,0.02137310654599598,8.178128058572834e-05,25,10,20
34,9068,0.9783710070681044,4.101962192772656e-07,0.021546796736044264,8.17859996322285e-05,25,10,20
34,9069,0.9803170972076819,3.7666814229857814e-07,0.01960551694500361,7.700917917254137e-05,25,10,20
34,9070,0.9803127515352158,3.765382077979591e-07,0.019609858449692315,7.701347688438505e-05,25,10,20
34,9071,0.9820268599239038,3.141557028923723e-07,0.01796946880258402,3.3571178094448974e-06,25,10,20
34,9072,0.979522671405824,3.519599107506181e-07,0.02047352528733109,3.4513469343933398e-06,25,10,20
34,9073,0.9797432513006673,3.479610386887783e-07,0.02025279588913147,3.6048491629508504e-06,25,10,20
34,9074,0.9800635909752416,3.3821317803570656e-07,0.01993214028040377,3.930531176965617e-06,25,10,20
34,9075,0.9761862573046538,3.4187541608026207e-07,0.02380853714987615,4.863670054080528e-06,25,10,20
34,9076,0.9747484917766804,3.129686469737962e-07,0.025246084843942952,5.11041072957897e-06,25,10,20
34,9077,0.9636910680535968,3.1741331610726036e-07,0.036303532438884734,5.082094202472415e-06,25,10,20
34,9078,0.9637538379128212,3.214388263195377e-07,0.03624076458021007,5.076068142526516e-06,25,10,20
34,9079,0.9681491182991623,1.0022413996819873e-07,0.03184573440100706,5.047075690541199e-06,25,10,20
34,9080,0.971538495688424,1.1427551665183889e-07,0.02845632780188216,5.062234176957644e-06,25,10,20
34,9081,0.9712760200277204,1.165367420478503e-07,0.028718439147228093,5.424288309309361e-06,25,10,20
34,9082,0.963062842390316,7.67857945210123e-06,0.03689087410572518,3.860492450645348e-05,25,10,20
34,9083,0.9629413509075598,7.67452570893765e-06,0.03701236987985169,3.8604686879283633e-05,25,10,20
34,9084,0.94388513184597,7.673656311504991e-06,0.05606842383832904,3.877065938926677e-05,25,10,20
34,9085,0.9434019929349989,7.677265671805101e-06,0.05655154451636072,3.878528296838849e-05,25,10,20
34,9086,0.9471072821361021,7.674481594594902e-06,0.05284638880841321,3.865457388999065e-05,25,10,20
34,9087,0.9472106967364355,7.673786735647699e-06,0.052742267146374824,3.9362330453923055e-05,25,10,20
34,9088,0.9471369613575946,7.674049720280002e-06,0.05281601139983197,3.935319285293347e-05,25,10,20
34,9089,0.9472146918456333,7.66984925103695e-06,0.052738287286127186,3.93510189884527e-05,25,10,20
34,9090,0.9468524598823145,7.685290096321297e-06,0.05310060736499153,3.924746259773387e-05,25,10,20
34,9091,0.9469334932469613,7.68209439206566e-06,0.05301990716970919,3.891748893777773e-05,25,10,20
34,9092,0.9387644347612921,7.687084067164013e-06,0.06118921343487366,3.866471976726208e-05,25,10,20
34,9093,0.9273302596028268,8.509285564188835e-06,0.07258447709025245,7.67540213568403e-05,25,10,20
34,9094,0.9263846163139726,8.503748691794033e-06,0.07353080439054704,7.607554678880848e-05,25,10,20
34,9095,0.9184099811054218,1.4056804376727261e-05,0.08149940936511473,7.655272508708592e-05,25,10,20
34,9096,0.8829850624771701,1.4054532985264857e-05,0.11692425116834043,7.663182150510617e-05,25,10,20
34,9097,0.8828228446980401,1.4211495398904335e-05,0.11708630508052631,7.663872603555002e-05,25,10,20
34,9098,0.8832370412558465,1.4195757471351315e-05,0.1166721720759448,7.65909107383959e-05,25,10,20
34,9099,0.8839544600565661,1.4189333171472193e-05,0.11595695209210946,7.43985181538756e-05,25,10,20
34,9100,0.8753070772613475,1.419322297433619e-05,0.12460373169747925,7.499781819966267e-05,25,10,20
34,9101,0.8753613565013149,1.4193234355616318e-05,0.12454945061591827,7.499964841178201e-05,25,10,20
34,9102,0.8839874426922001,6.578480444278523e-06,0.11596430345413714,4.167537321929095e-05,25,10,20
34,9103,0.8840477261101843,6.421741550559231e-06,0.11590410451628262,4.1747631983170506e-05,25,10,20
34,9104,0.8822883939276545,6.420320531042331e-06,0.11766289569896918,4.229005284608569e-05,25,10,20
34,9105,0.882277588710575,6.4205917043777915e-06,0.11767365969745339,4.233100026813065e-05,25,10,20
34,9106,0.8916411768808298,6.419967543545198e-06,0.10831002894850657,4.23742031208251e-05,25,10,20
34,9107,0.8918041145438695,6.419671679306415e-06,0.10814717776785245,4.2288016599553714e-05,25,10,20
34,9108,0.8759254673854342,6.415719521348641e-06,0.12402448430529597,4.3632589749668614e-05,25,10,20
34,9109,0.9113434889548236,6.416102018879998e-06,0.08860652061466061,4.35743284976443e-05,25,10,20
34,9110,0.9040962912915318,6.548508632988185e-06,0.095853556909309,4.360329052703278e-05,25,10,20
34,9111,0.9280234722443105,6.547874671276228e-06,0.07192654828431602,4.343159670256489e-05,25,10,20
34,9112,0.9280391930057269,6.548147110886841e-06,0.07191082160612354,4.343724103897207e-05,25,10,20
34,9113,0.9394801252346261,5.727806114332316e-06,0.06050903502161731,5.111937642373463e-06,25,10,20
34,9114,0.9395740903746689,5.726334876994677e-06,0.060415091682384015,5.0916080703188015e-06,25,10,20
34,9115,0.9265218792071039,5.724878482776755e-06,0.07346766524505165,4.730669361166363e-06,25,10,20
34,9116,0.9223980346952318,5.753073434654175e-06,0.07759182104150196,4.391189831178346e-06,25,10,20
34,9117,0.9257243975217707,5.724529164389192e-06,0.07426590103828588,3.976910778543933e-06,25,10,20
34,9118,0.9365861837260056,5.727723397164993e-06,0.06340559238742614,2.496163170980238e-06,25,10,20
34,9119,0.9368449178282345,5.727568596452818e-06,0.06314686277597349,2.4918271956584323e-06,25,10,20
34,9120,0.9246092777636727,6.662764243722867e-06,0.07537706721032038,6.992261763468216e-06,25,10,20
34,9121,0.9230520816308286,6.679761083539447e-06,0.07693378869565598,7.449912431931378e-06,25,10,20
34,9122,0.9089829455867892,6.68947552953813e-06,0.09100290389983055,7.4610378512731855e-06,25,10,20
34,9123,0.9111287007436677,6.729328290390656e-06,0.08885766235911019,6.907568932238504e-06,25,10,20
34,9124,0.9078760570599704,6.730289978828184e-06,0.0921102887202675,6.923929783950302e-06,25,10,20
34,9125,0.8896233524074577,7.326780652957125e-06,0.1103623432109919,6.977600897914191e-06,25,10,20
34,9126,0.8974507506979524,7.33454267904363e-06,0.1025354947855233,6.419973845813035e-06,25,10,20
34,9127,0.8873004675549288,7.352762263046497e-06,0.11268621525955366,5.964423254774121e-06,25,10,20
34,9128,0.9014445600060506,7.342118310915433e-06,0.09854217699357182,5.920882067440169e-06,25,10,20
34,9129,0.9013485037931717,7.342483899623099e-06,0.0986382157745021,5.93794842665064e-06,25,10,20
34,9130,0.8708728366800165,7.721385603551554e-06,0.12911350698472948,5.934949650621261e-06,25,10,20
34,9131,0.8945883870889773,6.779607344409047e-06,0.10540341115789487,1.4221457837312417e-06,25,10,20
34,9132,0.9130420017051145,6.185988315148846e-06,0.08694856496046349,3.2473461072418036e-06,25,10,20
34,9133,0.9171470425785135,6.812723043692045e-06,0.08284291424345107,3.2304549920612964e-06,25,10,20
34,9134,0.9171310665526876,6.816086646214674e-06,0.08286074645640705,1.3709042594967765e-06,25,10,20
34,9135,0.9175823019892114,6.809267954883496e-06,0.082409557248566,1.3314942681905202e-06,25,10,20
34,9136,0.9215852042474986,1.4837966038377846e-06,0.07841200915085343,1.3028050442856205e-06,25,10,20
34,9137,0.9332093873458441,1.4489662985453011e-06,0.06678784322580912,1.32046204841896e-06,25,10,20
34,9138,0.9336605462767049,1.4743634868911633e-06,0.06633550920274117,2.470157067143865e-06,25,10,20
34,9139,0.93202330826727,8.466038706445002e-07,0.06797333885705865,2.5062718009949933e-06,25,10,20
34,9140,0.9344581340362188,8.444097709827354e-07,0.06553798825327424,3.0333007359968524e-06,25,10,20
34,9141,0.9378838424998739,6.180286164802082e-07,0.06211295242932225,2.5870421875889393e-06,25,10,20
34,9142,0.9378298749505565,6.184810892375637e-07,0.062166896760241966,2.6098081125738692e-06,25,10,20
34,9143,0.9370583395152612,6.195840586842968e-07,0.06293840956803672,2.6313326435647444e-06,25,10,20
34,9144,0.9368512134114265,6.359653095709246e-07,0.06314541841474607,2.7322085182692007e-06,25,10,20
34,9145,0.9370889298119708,7.905014128332996e-06,0.06290030380204929,2.8613718519120494e-06,25,10,20
34,9146,0.949972115088715,7.904415934127944e-06,0.05001712344700221,2.8570483490932315e-06,25,10,20
34,9147,0.9465324008078706,7.88976638187123e-06,0.05345619511725807,3.514308489734221e-06,25,10,20
34,9148,0.9462461836129641,7.887698928142693e-06,0.053742756592306186,3.172095801838506e-06,25,10,20
34,9149,0.9319982440912306,7.887799561356703e-06,0.06799044640166871,3.4217075394908697e-06,25,10,20
34,9150,0.9132193157602483,8.479368029626358e-06,0.08676876729416647,3.437577555534815e-06,25,10,20
34,9151,0.9129174275713176,8.574612406018547e-06,0.08707053435487967,3.4634613966122686e-06,25,10,20
34,9152,0.9130432357713003,8.574203975348527e-06,0.08694475675738098,3.433267343181184e-06,25,10,20
34,9153,0.913100728767721,8.585412466873471e-06,0.08688714151815322,3.5443016588599358e-06,25,10,20
34,9154,0.9300998820429345,8.636399593144836e-06,0.06988710596405007,4.375593422152945e-06,25,10,20
34,9155,0.9284010475194543,8.638419977129661e-06,0.07158594670638929,4.367354179100025e-06,25,10,20
34,9156,0.9285000539697308,8.642793721954222e-06,0.07148685260532997,4.450631217381267e-06,25,10,20
34,9157,0.9319124724601326,1.4764549026422126e-06,0.0680804959048449,5.555180119804463e-06,25,10,20
34,9158,0.9624008880475341,1.0982852841063227e-06,0.03759250866302511,5.505004156737152e-06,25,10,20
34,9159,0.9633372115683175,1.0858475172827302e-06,0.03665624052750378,5.462056661406871e-06,25,10,20
34,9160,0.9643818664733627,1.083644688172651e-06,0.03561160770351345,5.44217843558587e-06,25,10,20
34,9161,0.9642013243866967,1.0834646438412437e-06,0.03579215207188076,5.440076778567696e-06,25,10,20
34,9162,0.9635440413073647,1.1090785744565405e-06,0.03644934224136654,5.507372694168187e-06,25,10,20
34,9163,0.9505643583821549,2.1516112302219817e-06,0.04942802862901234,5.461377602594011e-06,25,10,20
34,9164,0.9525818397214882,1.5092845197706733e-06,0.04741202510842907,4.625885562746418e-06,25,10,20
34,9165,0.9530755148140727,1.483243994147163e-06,0.046919576890294495,3.4250516387889224e-06,25,10,20
34,9166,0.9524313535296147,1.5880376790227158e-06,0.047563601860995154,3.456571711249612e-06,25,10,20
34,9167,0.9523629641855687,1.5880463410598521e-06,0.047632000731503546,3.4470365868409908e-06,25,10,20
34,9168,0.9558799388028438,1.5863130978852675e-06,0.044115790072331504,2.6848117265627777e-06,25,10,20
34,9169,0.9562586736561991,1.6461895721727383e-06,0.043737125678596736,2.5544756319804445e-06,25,10,20
34,9170,0.9558907065100424,1.6474291857320001e-06,0.0441050564651923,2.589595579538527e-06,25,10,20
34,9171,0.9555066099193411,1.826607361557874e-06,0.04448831976238837,3.243710908758378e-06,25,10,20
34,9172,0.956044368148224,1.8031491970404179e-06,0.043950241471821735,3.587230757046701e-06,25,10,20
34,9173,0.9512354012085534,1.9005382405476014e-06,0.048758170332318065,4.527920887858996e-06,25,10,20
34,9174,0.9513536863906967,1.9003484187533447e-06,0.04864015603007001,4.257230814443518e-06,25,10,20
34,9175,0.9652101413487739,8.559842076317978e-07,0.034784747473716716,4.255193301753159e-06,25,10,20
34,9176,0.9651513127896151,8.563136632984383e-07,0.03484356788539926,4.2630113224076624e-06,25,10,20
34,9177,0.9648659511931101,8.625640512465606e-07,0.035128909964271475,4.276278567126857e-06,25,10,20
34,9178,0.9633043022822005,8.894499775427226e-07,0.03656066878904304,0.00013413947877894883,25,10,20
34,9179,0.9589775232437,9.442755859305801e-07,0.04087226373797443,0.00014926874273959214,25,10,20
34,9180,0.9630988364448015,8.874919743121755e-07,0.03676604690842734,0.00013422915479677154,25,10,20
34,9181,0.9633829106239901,8.861467044443506e-07,0.036482009811791435,0.00013419341751404337,25,10,20
34,9182,0.944910481352353,8.522638502802842e-07,0.05495446479267497,0.00013420159112135626,25,10,20
34,9183,0.9448189813861009,8.549529929519484e-07,0.05504634036978174,0.00013382329112403602,25,10,20
34,9184,0.9383823649228491,9.28617699050433e-07,0.06041868492865889,0.0011980215307926566,25,10,20
34,9185,0.9388796829619167,7.489632604158268e-07,0.05992222358806117,0.001197344486761484,25,10,20
34,9186,0.9389559590720526,7.516484568766153e-07,0.0598459665836632,0.0011973226958270388,25,10,20
34,9187,0.9391165131208383,7.486498948608827e-07,0.05968542072661294,0.0011973175026536464,25,10,20
34,9188,0.9391769206226874,7.486249933927109e-07,0.059624697664654794,0.0011976330876641399,25,10,20
34,9189,0.9381174669009067,8.185803066626271e-07,0.06066503565405941,0.0012166788647269692,25,10,20
34,9190,0.933541998698327,4.392311880503292e-05,0.06521638692542112,0.0011976912574468313,25,10,20
34,9191,0.9332731174873358,4.40746074619321e-05,0.06548511306566313,0.0011976948395390772,25,10,20
34,9192,0.9326027895268578,4.4085947582986255e-05,0.06615539404711338,0.0011977304784458382,25,10,20
34,9193,0.9348589298896708,4.389293369524991e-05,0.06390072821334009,0.00119644896329378,25,10,20
34,9194,0.9340947337618012,4.389477736794666e-05,0.06466465310466755,0.0011967183561632916,25,10,20
34,9195,0.9525694496445776,4.388664051238624e-05,0.04618995754776634,0.00119670616714335,25,10,20
34,9196,0.9443623724875683,4.389836614125676e-05,0.05439544738529368,0.0011982817609965898,25,10,20
34,9197,0.9432616688657244,4.393076354132739e-05,0.055496113672667956,0.0011982866980661407,25,10,20
34,9198,0.9432882834776314,4.393076528824635e-05,0.05546949902394805,0.0011982867331320275,25,10,20
34,9199,0.9338547913837186,4.3928125228827935e-05,0.06490299709957202,0.0011982833914806915,25,10,20
34,9200,0.9337555184708323,4.394144753925615e-05,0.06476502564614323,0.001435514435485472,25,10,20
34,9201,0.9298830074767862,4.6986016957054413e-05,0.06863442522851923,0.0014355812777375999,25,10,20
34,9202,0.917712033559705,4.700048179007081e-05,0.08080515636913604,0.0014358095893685925,25,10,20
34,9203,0.9258123816394813,4.699202674178865e-05,0.07270637271265323,0.0014342536211238073,25,10,20
34,9204,0.9266199476551646,4.6980722755772285e-05,0.07189885399189744,0.001434217630182359,25,10,20
34,9205,0.925663319287564,4.6909127275616534e-05,0.07285555655359467,0.00143421503156582,25,10,20
34,9206,0.9106772082614374,4.690881249699236e-05,0.0878421671953993,0.0014337157306659597,25,10,20
34,9207,0.9095392260468378,4.716451580347907e-05,0.08897858495378118,0.0014350244835773947,25,10,20
34,9208,0.9109276472896329,4.717391224194092e-05,0.08759016248364519,0.0014350163144796846,25,10,20
34,9209,0.9118691679674873,4.717431854623066e-05,0.08664866005307548,0.0014349976608906856,25,10,20
34,9210,0.9117821430807086,4.7177004472374517e-05,0.08673566841621834,0.0014350114986002992,25,10,20
34,9211,0.9121645923712031,4.69335638234233e-05,0.08632189918185024,0.0014665748831229008,25,10,20
34,9212,0.9010012747801914,4.717975396839426e-05,0.09739982151760486,0.0015517239482346768,25,10,20
34,9213,0.8996038411180339,4.718869968460032e-05,0.09879720833343818,0.0015517618488429348,25,10,20
34,9214,0.90613852437244,4.711666373858194e-05,0.0933266046985663,0.00048775426525493907,25,10,20
34,9215,0.9069220488861437,4.709121731707589e-05,0.09254308968027411,0.00048777021626487575,25,10,20
34,9216,0.9084035066173766,4.712807804699219e-05,0.09106090427570351,0.0004884610288727022,25,10,20
34,9217,0.8980930490209399,4.7123912004059515e-05,0.1013713416522724,0.0004884854147833041,25,10,20
34,9218,0.8982597209254024,4.712375745836266e-05,0.10120495906975657,0.00048819624738209375,25,10,20
34,9219,0.9134797231859754,4.712514824885186e-05,0.08598468403860408,0.0004884676271712106,25,10,20
34,9220,0.9136141643353973,4.712238429279472e-05,0.08585025496933345,0.0004884583109760537,25,10,20
34,9221,0.9139243308474785,4.7085878541201e-05,0.08554080713933536,0.0004877761346445415,25,10,20
34,9222,0.8968989234345518,4.707098654687638e-05,0.10256636484198361,0.0004876407369172952,25,10,20
34,9223,0.8961740954008464,4.713425496134924e-05,0.10329080516552205,0.0004879651786698263,25,10,20
34,9224,0.8959123043845892,4.7131824562247664e-05,0.10355252157529642,0.000488042215551953,25,10,20
34,9225,0.8961906355733522,4.7129743023349386e-05,0.10327426637103301,0.00048796831259135886,25,10,20
34,9226,0.8960005004188584,4.719075698231101e-05,0.1034643463510945,0.000487962473064674,25,10,20
34,9227,0.8962291319626374,4.713049005097874e-05,0.10323578455364317,0.00048795299366835376,25,10,20
34,9228,0.8930395629925664,4.393451873069615e-05,0.10642788161203696,0.0004886208766657675,25,10,20
34,9229,0.8928039411817381,4.3940524384818374e-05,0.10666344158305853,0.0004886767108184326,25,10,20
34,9230,0.8922450493053903,4.3939034410764176e-05,0.10722245564893022,0.0004885560112684877,25,10,20
34,9231,0.8932813954807303,4.4404146814319135e-05,0.10618638478850677,0.0004878155839483933,25,10,20
34,9232,0.9187580055509172,4.7240222001976794e-05,0.08069364459777213,0.0005011096293088096,25,10,20
34,9233,0.9067709200961669,4.737059649707889e-05,0.09159514353131062,0.0015865657760258222,25,10,20
34,9234,0.907569448929709,4.734637831806013e-05,0.09091887420927906,0.0014643304826940544,25,10,20
34,9235,0.8971198947163667,4.7548508568000016e-05,0.10136822637995702,0.001464330395107862,25,10,20
34,9236,0.9075153949145464,4.7407110438313715e-05,0.09209119792811274,0.0003460000469025688,25,10,20
34,9237,0.9095983126503845,4.733180341418751e-05,0.0900081369300406,0.00034621861616073346,25,10,20
34,9238,0.9198775865190097,4.699062086792384e-05,0.07981432780756642,0.0002610950525557128,25,10,20
34,9239,0.9203469876818495,4.698870351881077e-05,0.07934527365261838,0.00026074996201316385,25,10,20
34,9240,0.9199161754469987,4.699106351284684e-05,0.07977607414003506,0.0002607593494533187,25,10,20
34,9241,0.9199265521596243,4.699181630467172e-05,0.07976569096427054,0.0002607650598004417,25,10,20
34,9242,0.9198635107077031,4.699190378266451e-05,0.07982874070043643,0.0002607566880774402,25,10,20
34,9243,0.919726919748777,4.699199293738058e-05,0.07996532020440489,0.00026076805388056,25,10,20
34,9244,0.9143524912225125,4.72087842586897e-05,0.08533897634060858,0.0002613236526199007,25,10,20
34,9245,0.9214984537517599,4.720854822148651e-05,0.07819375773373563,0.00026057996628254756,25,10,20
34,9246,0.9212223316260776,4.715648226608229e-05,0.07846992166917996,0.0002605902224762885,25,10,20
34,9247,0.916745771214558,4.7391072018712866e-05,0.082945684784418,0.0002611529290050602,25,10,20
34,9248,0.9171757289990501,4.738847219447575e-05,0.08252219679291431,0.00025468573584114636,25,10,20
34,9249,0.9215519577289879,4.672069705907864e-05,0.07814686874187318,0.0002544528320795867,25,10,20
34,9250,0.9215314542719812,4.672054522564365e-05,0.07816737692231177,0.0002544482604810779,25,10,20
34,9251,0.9317668062959978,4.672024132962971e-05,0.06793206916095773,0.0002544043017147106,25,10,20
34,9252,0.9317521231015232,4.6720419653956855e-05,0.06794675256845008,0.00025440391037263453,25,10,20
34,9253,0.9281768089621594,4.6751361503403825e-05,0.0715220938590071,0.0002543458173302806,25,10,20
34,9254,0.9338476672694942,3.576983420920207e-06,0.06589445427229149,0.0002543014747938197,25,10,20
34,9255,0.9383755753868447,3.345353699347803e-06,0.061367333722068304,0.0002537455373883787,25,10,20
34,9256,0.9421553689321855,3.3085902366621084e-06,0.05758755791221258,0.0002537645653658205,25,10,20
34,9257,0.9421316164983353,3.3086092388140218e-06,0.05761130557978901,0.00025376931263706943,25,10,20
34,9258,0.933238866143257,3.3181732895271233e-06,0.0665031839970054,0.0002546316864483419,25,10,20
34,9259,0.9322289283746297,3.3277062912364297e-06,0.06751311090187041,0.0002546330172088506,25,10,20
34,9260,0.9177299879524348,3.3381714942395077e-06,0.08201192104404505,0.000254752832026271,25,10,20
34,9261,0.9273610999997346,3.3359005931005496e-06,0.07237962606183324,0.0002559380378393205,25,10,20
34,9262,0.925401109037822,3.336328731925979e-06,0.07433963365963245,0.0002559209738139534,25,10,20
34,9263,0.9187574589763695,3.347328525756548e-06,0.08098383798372519,0.0002553557113799377,25,10,20
34,9264,0.9194958777387405,3.3471140411069338e-06,0.08024516150096486,0.0002556136462533179,25,10,20
34,9265,0.9195824392612814,3.346925427573743e-06,0.08015862204768612,0.00025559176560484303,25,10,20
34,9266,0.9195146314662925,3.347258075344258e-06,0.08022642500020424,0.0002555962754276279,25,10,20
34,9267,0.9145581820927832,3.5758017155086586e-06,0.08518247865607094,0.00025576344942989846,25,10,20
34,9268,0.9142705687192465,3.584078741177228e-06,0.08547037939536459,0.00025546780664730705,25,10,20
34,9269,0.9115648833719774,3.5806703502233775e-06,0.08739808754408351,0.0010334484135883753,25,10,20
34,9270,0.9110989091413785,3.6008657317646857e-06,0.0878638892850033,0.0010336007078857526,25,10,20
34,9271,0.9150830917666238,3.3730156830400977e-06,0.08387393983842653,0.001039595379266225,25,10,20
34,9272,0.8976466440769733,3.3722746658099373e-06,0.10131039456584374,0.00103958908251682,25,10,20
34,9273,0.9011114190261506,5.358706426814715e-07,0.09786182932850253,0.0010262157747040377,25,10,20
34,9274,0.9010710369943391,5.369221556458844e-07,0.09790837002804192,0.001020056055463108,25,10,20
34,9275,0.8827250324537309,5.499175191395064e-07,0.11625434180407362,0.001020075824676522,25,10,20
34,9276,0.8827310626086193,5.500756704029895e-07,0.11624830708400316,0.0010200802317071294,25,10,20
34,9277,0.8825445233648161,5.597121109754113e-07,0.1164317868782059,0.0010231300448670464,25,10,20
34,9278,0.8875798448557995,3.400988935397221e-07,0.11139681604294109,0.0010229990023660307,25,10,20
34,9279,0.8879079319683708,3.309978497650567e-07,0.11106956374225783,0.001022173291521558,25,10,20
34,9280,0.8907833514484897,3.4213575780889844e-07,0.10819391311874753,0.001022393297004979,25,10,20
34,9281,0.8927763145227542,3.429723890873851e-07,0.1062007265689231,0.0010226159359335572,25,10,20
34,9282,0.8880956355968408,3.47403003755217e-07,0.11088070691363457,0.0010233100865209533,25,10,20
34,9283,0.8841470873151362,5.045737956311394e-07,0.11482864506281025,0.0010237630482584472,25,10,20
34,9284,0.8844580927720852,5.03499106270393e-07,0.11451771209648039,0.001023691632328497,25,10,20
34,9285,0.8971823896701868,5.385048993451163e-07,0.10176726278020504,0.0010498090447094142,25,10,20
34,9286,0.9084689251289312,5.665978323314714e-07,0.09048089728990875,0.0010496109833275959,25,10,20
34,9287,0.910719223689704,5.651956680966916e-07,0.08823061475300838,0.0010495963616193012,25,10,20
34,9288,0.9080779180029819,6.1300793328226926e-06,0.09086663380503276,0.0010493181126524386,25,10,20
34,9289,0.9051342097431221,9.57511783070081e-06,0.09380688505422247,0.0010493300848247581,25,10,20
34,9290,0.9030328695636471,1.8415025780733406e-05,0.09589768370104408,0.0010510317095280507,25,10,20
34,9291,0.9173784956509426,1.841395007613011e-05,0.08155210522203533,0.0010509851769453212,25,10,20
34,9292,0.9173059205050517,1.8414265255041527e-05,0.08162467925809462,0.0010509859715980656,25,10,20
34,9293,0.9205684364402991,1.508290272250683e-05,0.07836550763586381,0.0010509730211142108,25,10,20
34,9294,0.9270463200464151,1.5082301826050683e-05,0.07188751036024142,0.0010510872915167845,25,10,20
34,9295,0.9318061647514021,1.5029773950500972e-05,0.06712775395539561,0.0010510515192512788,25,10,20
34,9296,0.9316965996220895,1.7976913678131206e-05,0.0672343827684006,0.0010510406958313214,25,10,20
34,9297,0.9213838544281885,1.7981702112686553e-05,0.07748975097146098,0.0011084128982372173,25,10,20
34,9298,0.9116083535691902,2.437303901439523e-05,0.08725834241605561,0.0011089309757393016,25,10,20
34,9299,0.9112416223446386,2.425737357487921e-05,0.08762519396775996,0.0011089263140261914,25,10,20
34,9300,0.9200332288264883,2.4256823026471112e-05,0.07883361848236081,0.001108895868124007,25,10,20
34,9301,0.9245534738441653,2.4058839065917446e-05,0.07434033914301352,0.001082128173755032,25,10,20
34,9302,0.9242495732626428,2.405922995140459e-05,0.07464388189617552,0.001082485611230073,25,10,20
34,9303,0.9241803554957868,2.4128893897440257e-05,0.07471303504288285,0.0010824805674326662,25,10,20
34,9304,0.9295729701680661,1.53155875743259e-05,0.06933090144333168,0.0010808128010274696,25,10,20
34,9305,0.9298478031029452,1.5317483043678366e-05,0.06905722786596588,0.0010796515480450295,25,10,20
34,9306,0.9292316284164195,1.5313588107291643e-05,0.0696737864781714,0.001079271517301548,25,10,20
34,9307,0.9134365985176558,1.5623415686799706e-05,0.08546849645621586,0.0010792816104407289,25,10,20
34,9308,0.9139719414561884,1.5622714551103814e-05,0.08493351201204571,0.0010789238172138945,25,10,20
34,9309,0.9138069406229444,1.5623558674808658e-05,0.08509850785336562,0.0010789279650144797,25,10,20
34,9310,0.9144757518026267,1.5595944352317067e-05,0.08442982018466905,0.0010788320683510187,25,10,20
34,9311,0.9140253878073785,1.587549337358733e-05,0.08565667253240068,0.0003020641668461817,25,10,20
34,9312,0.9471674569744777,1.5565926898643858e-05,0.05251492545812404,0.0003020516404992358,25,10,20
34,9313,0.9471178572039208,1.5565565198395594e-05,0.052564526514918226,0.0003020507159621265,25,10,20
34,9314,0.9318984676769699,1.3215565031925926e-05,0.06778594436784903,0.0003023723901483509,25,10,20
34,9315,0.8999853371088073,1.3219870313206873e-05,0.09969905914668012,0.00030238387419816967,25,10,20
34,9316,0.9014080819051031,1.3207485296979418e-05,0.09851351472239284,6.519588720603122e-05,25,10,20
34,9317,0.9016735329646179,1.3206925600428797e-05,0.0982482734160066,6.498669377453048e-05,25,10,20
34,9318,0.8949994408304335,1.3216661257256313e-05,0.1049198007508152,6.754175749295672e-05,25,10,20
34,9319,0.8627935689232179,1.3217301211963426e-05,0.13712569172838823,6.752204718204181e-05,25,10,20
34,9320,0.8725745654347077,6.828100518926081e-06,0.12735161108149481,6.699538327868252e-05,25,10,20
34,9321,0.8726925039324803,6.758246274013021e-06,0.12723373678374053,6.700103750530781e-05,25,10,20
34,9322,0.8740343339302932,6.75819398882693e-06,0.1258919473087858,6.696056693230562e-05,25,10,20
34,9323,0.8698212302043555,7.07628902244586e-06,0.130104500535632,6.719297099043187e-05,25,10,20
34,9324,0.8837683883020557,6.47832849186002e-06,0.116153597507183,7.153586227003475e-05,25,10,20
34,9325,0.8833187284832804,6.517417059962618e-06,0.1166032093554942,7.154474416601666e-05,25,10,20
34,9326,0.890453314875913,6.507718353797017e-06,0.10947117980359082,6.899760214295396e-05,25,10,20
34,9327,0.9007253600362227,6.50383892498281e-06,0.09925589383341887,1.2242291434116252e-05,25,10,20
34,9328,0.9009697105664943,6.4649292284423505e-06,0.09901158736690585,1.2237137372078732e-05,25,10,20
34,9329,0.9008835874469245,6.464252437783345e-06,0.09909771510066236,1.2233199975818585e-05,25,10,20
34,9330,0.9009977643643325,6.462209319105386e-06,0.09898353726727752,1.2236159071423032e-05,25,10,20
34,9331,0.8992617770728215,6.4861223650344795e-06,0.10071941191655291,1.2324888261096005e-05,25,10,20
34,9332,0.9001198935478267,6.4795606333310175e-06,0.099860788085747,1.2838805793522883e-05,25,10,20
34,9333,0.8966264345830806,6.483956593043263e-06,0.10334406503039859,2.3016429928117864e-05,25,10,20
34,9334,0.901372801381544,6.479684543819771e-06,0.09859837920732312,2.233972658959997e-05,25,10,20
34,9335,0.901249823667655,6.482595180750021e-06,0.09872135409179048,2.2339645374319233e-05,25,10,20
34,9336,0.9044320831944523,6.693760435057305e-06,0.0955488908671472,1.2332177965957529e-05,25,10,20
34,9337,0.8937403482508777,6.699851932021657e-06,0.10621432095239179,3.863094479896631e-05,25,10,20
34,9338,0.9132153368647594,6.69677700798717e-06,0.0867392228863668,3.8743471866504615e-05,25,10,20
34,9339,0.9238522918313059,6.694453139459859e-06,0.07612828529642894,1.2728419125593177e-05,25,10,20
34,9340,0.9238933360246268,6.739062378561608e-06,0.07608747297187451,1.2451941120153989e-05,25,10,20
34,9341,0.9243194717100267,6.735719366600274e-06,0.07566139497992153,1.2397590685296238e-05,25,10,20
34,9342,0.9241967104313494,6.522572903042656e-06,0.07578449430369937,1.2272692048328425e-05,25,10,20
34,9343,0.9241816993966049,6.521540487885153e-06,0.07579928903517327,1.2490027733735483e-05,25,10,20
34,9344,0.9246733996588781,6.501024164322452e-06,0.07530774785391021,1.2351463047097043e-05,25,10,20
34,9345,0.9247538468200172,6.495713776109231e-06,0.07522737796652848,1.227949967788104e-05,25,10,20
34,9346,0.9240590398151264,6.542603057022763e-06,0.07592214961113734,1.2267970679047462e-05,25,10,20
34,9347,0.9147400607199616,6.452878267503619e-06,0.08524112686357699,1.2359538193759874e-05,25,10,20
34,9348,0.914945027376293,6.45302078744851e-06,0.08503613886636079,1.238073655857757e-05,25,10,20
34,9349,0.9137780011406236,6.44352576002853e-06,0.08619882211509931,1.6733218517073777e-05,25,10,20
34,9350,0.916997198746857,6.167340339525043e-06,0.08297950347091264,1.713044189116397e-05,25,10,20
34,9351,0.9151258508186786,6.169474229293856e-06,0.08485081351446964,1.7166192622553017e-05,25,10,20
34,9352,0.9166757572459177,6.150930489591809e-06,0.0833010123601019,1.7079463490854695e-05,25,10,20
34,9353,0.9126338156897837,5.63087659598085e-06,0.08720992578662815,0.0001506276469919015,25,10,20
34,9354,0.9085621380009457,9.294662466238112e-06,0.09127927381038121,0.00014929352620659788,25,10,20
34,9355,0.9083827462510805,9.298295143274083e-06,0.09145860138858791,0.00014935406518807017,25,10,20
34,9356,0.8990013973602358,9.686800654585307e-06,0.10074724555542999,0.00024167028367925322,25,10,20
34,9357,0.9081761616535718,9.298024058854425e-06,0.09166521739369857,0.00014932292867057855,25,10,20
34,9358,0.9089129136908265,9.297490334734442e-06,0.09092853778697585,0.00014925103186252676,25,10,20
34,9359,0.9076386282180134,9.867115679108012e-06,0.09220204137393967,0.000149463292367445,25,10,20
34,9360,0.9071901030291015,9.893610650902572e-06,0.09264990523136717,0.0001500981288802649,25,10,20
34,9361,0.9069571994318983,9.892284557112387e-06,0.09288211578623808,0.00015079249730610031,25,10,20
34,9362,0.9391961387480932,9.89161112432099e-06,0.06064316604289969,0.00015080359788279728,25,10,20
34,9363,0.9399900212078692,9.315962081828317e-06,0.059850094124679405,0.0001505687053694534,25,10,20
34,9364,0.9399349322209902,9.315525166855788e-06,0.059905190460079964,0.00015056179376299482,25,10,20
34,9365,0.9389092754716845,9.315419196012329e-06,0.060930862597075856,0.00015054651204361166,25,10,20
34,9366,0.9396025906509756,5.830452496183719e-06,0.06024138008822149,0.0001501988083067693,25,10,20
34,9367,0.9379715315680245,5.910292504754012e-06,0.06187236132583254,0.00015019681363825614,25,10,20
34,9368,0.9443536847448875,6.000582395844691e-06,0.055490061044141156,0.00015025362857572428,25,10,20
34,9369,0.9398635444689242,5.999201189566422e-06,0.059943204935502266,0.00018725139438423535,25,10,20
34,9370,0.9391292362081061,6.056814808926871e-06,0.06067791339267361,0.00018679358441167515,25,10,20
34,9371,0.9391499935906404,6.0567715936701445e-06,0.06065716716819201,0.00018678246957414376,25,10,20
34,9372,0.9555589914337308,6.057367604981804e-06,0.04438194109367315,5.301010499101895e-05,25,10,20
34,9373,0.9550589527222213,6.056664685366671e-06,0.04488259566716604,5.2394945927309816e-05,25,10,20
34,9374,0.9401752282746064,6.437406300295659e-06,0.0597658854281294,5.244889096424947e-05,25,10,20
34,9375,0.9529699641327564,6.43825050800915e-06,0.04697081099812051,5.278661861532568e-05,25,10,20
34,9376,0.9276151819698432,6.431718622497963e-06,0.07232571048333725,5.2675828197032215e-05,25,10,20
34,9377,0.9277871356093442,6.426671881614618e-06,0.07215373588918057,5.270182959359595e-05,25,10,20
34,9378,0.9281726340783105,6.398070061386154e-06,0.07176890897025892,5.205888136914505e-05,25,10,20
34,9379,0.9281793741149734,6.398176681179534e-06,0.07176218952080904,5.2038187536255756e-05,25,10,20
34,9380,0.9211839335002054,6.402718689009298e-06,0.07875718510694893,5.247867415667115e-05,25,10,20
34,9381,0.9199493022572206,7.622979064329278e-06,0.07999060291810642,5.2471845608551666e-05,25,10,20
34,9382,0.9198951248240529,7.631073383129748e-06,0.08004524044459065,5.200365797315305e-05,25,10,20
34,9383,0.9126833627020352,2.144934970573497e-06,0.08725921043655652,5.528192643829907e-05,25,10,20
34,9384,0.9126814679637261,2.144971898495977e-06,0.08726106238101783,5.532468335807865e-05,25,10,20
34,9385,0.9256930852146301,1.798904501217651e-06,0.07424883943597704,5.6276444891302585e-05,25,10,20
34,9386,0.9258258512720201,1.7962720525701407e-06,0.074116522462074,5.5829993852957035e-05,25,10,20
34,9387,0.9287503840474339,3.5008129707571715e-06,0.07119000972128943,5.61054183057174e-05,25,10,20
34,9388,0.927408704254678,1.7964975114584746e-06,0.07253222949770419,5.726975010603038e-05,25,10,20
34,9389,0.9273903446821563,1.796510124069057e-06,0.07255060693476652,5.7251872952935454e-05,25,10,20
34,9390,0.9297955723962048,1.8049703571217563e-06,0.0701461109036905,5.651172974748161e-05,25,10,20
34,9391,0.9392558215236998,1.7248255567197207e-06,0.06069002468234799,5.2428968395046824e-05,25,10,20
34,9392,0.9346240835177956,1.727392193708868e-06,0.06532174868458257,5.244040542801971e-05,25,10,20
34,9393,0.9343521916986607,1.7334373900237452e-06,0.0655936594180567,5.241544589241251e-05,25,10,20
34,9394,0.93364524474547,1.7347442886275218e-06,0.06630059282829824,5.2427681942978776e-05,25,10,20
34,9395,0.9358643992592387,1.6745087034598744e-06,0.06408162981132937,5.229642072844991e-05,25,10,20
34,9396,0.9382893392212192,1.5922985876243247e-06,0.0616567856971247,5.2282783068563706e-05,25,10,20
34,9397,0.9385417868732628,3.749313964029116e-07,0.06140083281077497,5.7005384565672656e-05,25,10,20
34,9398,0.9393277638236878,4.5873233889818965e-07,0.06061789406905145,5.3883374921921084e-05,25,10,20
34,9399,0.9444502470315228,4.56313206761584e-07,0.055495425193345306,5.38714619249276e-05,25,10,20
34,9400,0.9439854042908563,4.719780169138636e-07,0.05596022279156553,5.3900939561370324e-05,25,10,20
34,9401,0.9696843761169102,4.678620344380884e-07,0.030261299622226265,5.385639882925397e-05,25,10,20
34,9402,0.9702304554867399,3.809962918480833e-07,0.02971682659110693,5.233692586144672e-05,25,10,20
34,9403,0.9633237410242294,8.569571549318703e-07,0.036623025481579356,5.237653703624183e-05,25,10,20
34,9404,0.9652057539083819,8.545796968883109e-07,0.03474106455725048,5.232695467059647e-05,25,10,20
34,9405,0.9620596798993524,8.189798141638165e-07,0.03788576277662684,5.373834420642595e-05,25,10,20
34,9406,0.9677665610034577,3.3693713903973595e-07,0.03217940354214409,5.369851725913789e-05,25,10,20
34,9407,0.9677445297611272,3.3693706498253386e-07,0.03220143619169467,5.369711011283239e-05,25,10,20
34,9408,0.9697497404667567,3.590644308340474e-07,0.030196173187725637,5.372728108682839e-05,25,10,20
34,9409,0.9702757608328976,3.590798255116762e-07,0.029670146931250505,5.3733156026380626e-05,25,10,20
34,9410,0.9701676971933579,3.421353349778949e-07,0.029778194396877476,5.376627442958679e-05,25,10,20
34,9411,0.9700092312083306,3.4646416562103975e-07,0.02997369047129659,1.673185620699032e-05,25,10,20
34,9412,0.9691573996122881,3.6419065615169225e-07,0.03082440136160932,1.7834835446326546e-05,25,10,20
34,9413,0.9593833963789724,5.026966181781586e-07,0.0405973721606089,1.872876380014298e-05,25,10,20
34,9414,0.9595363198492086,5.02618343978193e-07,0.04044448456624655,1.8692966200578438e-05,25,10,20
34,9415,0.9435764604851338,5.065716569438126e-07,0.05640425549433014,1.8777448879544503e-05,25,10,20
34,9416,0.9435505706186283,5.069788650096024e-07,0.056430141069400426,1.8781333106618764e-05,25,10,20
34,9417,0.9521252822834408,3.703730186859367e-07,0.047856402937107675,1.794440643281207e-05,25,10,20
34,9418,0.9479906795083335,3.7484887794224295e-07,0.05199777792105562,1.1167721733196304e-05,25,10,20
34,9419,0.9481200882748295,3.749229967811484e-07,0.051868370002619485,1.116679955452244e-05,25,10,20
34,9420,0.9484031774467526,3.5194041430026405e-07,0.05158534233595878,1.112827687482796e-05,25,10,20
34,9421,0.9536776825098865,3.482492617443983e-07,0.04631271136059729,9.257880254894996e-06,25,10,20
34,9422,0.9421020320370278,6.333650517042144e-07,0.057812723371816074,8.461122610489084e-05,25,10,20
34,9423,0.9424769998197948,6.253306266164812e-07,0.057438213589668746,8.416125991037299e-05,25,10,20
34,9424,0.9432557978381259,5.647012804852374e-07,0.056659500228396054,8.413723219823376e-05,25,10,20
34,9425,0.941137044638155,1.0446233930716672e-06,0.05877802050684127,8.389023161098474e-05,25,10,20
34,9426,0.940980587939774,1.0448979531005625e-06,0.058934477561793326,8.388960047987971e-05,25,10,20
34,9427,0.9406752630891536,1.0531723001859329e-06,0.05923984290056874,8.384083797765116e-05,25,10,20
34,9428,0.941588212902803,1.051339902326489e-06,0.05833140404336909,7.933171392553218e-05,25,10,20
34,9429,0.9408713059366995,1.0517160488608216e-06,0.05904829925606272,7.934309118883121e-05,25,10,20
34,9430,0.9410670332616631,1.053964104923245e-06,0.05885259585288087,7.931692135105301e-05,25,10,20
34,9431,0.9423616226530789,1.0557624587900332e-06,0.05755757943251587,7.974215194657235e-05,25,10,20
34,9432,0.9400198528967274,1.0832890715302273e-06,0.059899294915460664,7.976889874032467e-05,25,10,20
34,9433,0.9424026015377356,1.0559650833602603e-06,0.05751659903267989,7.974346450109821e-05,25,10,20
34,9434,0.9337052687678904,1.2997950485553574e-06,0.0662128950580869,8.053637897413002e-05,25,10,20
34,9435,0.9344187312794529,1.2985415203514088e-06,0.06549944483593013,8.052534309642336e-05,25,10,20
34,9436,0.9408179993430127,9.923423131557409e-07,0.05910104573987073,7.996257480303517e-05,25,10,20
34,9437,0.9354867235903958,9.952317668776365e-07,0.06443181356038546,8.046761745152634e-05,25,10,20
34,9438,0.9350793964750633,1.003534809068579e-06,0.06483909836960808,8.050162051924082e-05,25,10,20
34,9439,0.9350900490711558,1.0012904956410836e-06,0.06482847067815001,8.047896019828393e-05,25,10,20
34,9440,0.9351095152614445,1.001063568172468e-06,0.06480900639118391,8.047728380317037e-05,25,10,20
34,9441,0.9269049554942284,9.596840570502813e-07,0.07301387466444922,8.021015726521302e-05,25,10,20
34,9442,0.925952238982588,9.66827036481762e-07,0.07396534564212906,8.144854824623958e-05,25,10,20
34,9443,0.9203628947629025,2.8006923754871398e-06,0.07955406055063459,8.024399408710068e-05,25,10,20
34,9444,0.9207105227415165,2.791946011119517e-06,0.07920644308704994,8.024222542212694e-05,25,10,20
34,9445,0.9200807330078901,2.7920485394632628e-06,0.07983623248059826,8.024246297209379e-05,25,10,20
34,9446,0.9264066615561517,2.784665335672171e-06,0.07351094393338277,7.960984512995527e-05,25,10,20
34,9447,0.9267900503671613,2.6111050922467218e-06,0.0731281776431752,7.916088457126439e-05,25,10,20
34,9448,0.9270244044938692,2.6149639512849183e-06,0.07289371866450244,7.926187767723516e-05,25,10,20
34,9449,0.9174567506104965,2.997511679348035e-06,0.08246096303093699,7.928884688718205e-05,25,10,20
34,9450,0.9165915614475592,3.0186621910014494e-06,0.08332624613259919,7.917375765075918e-05,25,10,20
34,9451,0.9120652544477781,2.0840796864082197e-05,0.0878170006468667,9.690410849074766e-05,25,10,20
34,9452,0.9075330967735381,2.1427859404018378e-05,0.09234821728839052,9.72580786670915e-05,25,10,20
34,9453,0.9153697498805715,2.1479233264928395e-05,0.08451140353529168,9.736735087157677e-05,25,10,20
34,9454,0.9154663280942564,2.147854539088208e-05,0.08441489205353032,9.730130682199276e-05,25,10,20
34,9455,0.9152981484186822,2.1478843517993637e-05,0.08458306499708523,9.73077407139431e-05,25,10,20
34,9456,0.9182227773341577,2.1206432660397855e-05,0.08173400730330121,2.2008929880350376e-05,25,10,20
34,9457,0.9212056766131809,3.15532590424107e-05,0.07873746732129251,2.530280648388636e-05,25,10,20
34,9458,0.9201969343472068,3.158683480686576e-05,0.0797437317583404,2.774705964558224e-05,25,10,20
34,9459,0.9201295440785648,3.159666367108231e-05,0.0798110319543807,2.782730338292509e-05,25,10,20
34,9460,0.9236932347034669,3.141485701862235e-05,0.07624731123335574,2.8039206158300247e-05,25,10,20
34,9461,0.9257629900636504,2.0481262656956968e-05,0.07419193544318495,2.4593230507416418e-05,25,10,20
34,9462,0.9258725416159692,2.047971822003587e-05,0.07408260619334704,2.437247246341763e-05,25,10,20
34,9463,0.9264937718609678,2.0488540949043725e-05,0.07346143205392477,2.430754415781681e-05,25,10,20
34,9464,0.9263544125743731,2.0488663443623902e-05,0.07360079059140112,2.4308170781881982e-05,25,10,20
34,9465,0.9351877069216359,2.0244846706001405e-05,0.0647685127549836,2.3535476674121843e-05,25,10,20
34,9466,0.9349688875821177,2.024487976562136e-05,0.06498731462412279,2.355291399332014e-05,25,10,20
34,9467,0.9350972637686799,2.024478625561243e-05,0.06485893376243189,2.3557682632035698e-05,25,10,20
34,9468,0.9353770018049044,2.0236598721329727e-05,0.06457922311075091,2.3538485622924283e-05,25,10,20
34,9469,0.9404788812541228,2.0232382018254062e-05,0.05947827241238204,2.2613951476383957e-05,25,10,20
34,9470,0.9399169973171263,2.023975606180785e-05,0.06004014305274286,2.2619874068540983e-05,25,10,20
34,9471,0.9360463205345799,2.031017649950387e-05,0.06387557190300941,5.779738591061326e-05,25,10,20
34,9472,0.9357505503639894,2.072030867776848e-05,0.06417093550624912,5.7793821083280354e-05,25,10,20
34,9473,0.9353039437105027,2.085478442928807e-05,0.06461734060439735,5.7860900670176724e-05,25,10,20
34,9474,0.9355039459916177,2.0854103312306898e-05,0.06441755234105195,5.764756401773442e-05,25,10,20
34,9475,0.9398933751636095,2.0782019507261744e-05,0.06006280597285481,2.303684402792818e-05,25,10,20
34,9476,0.9547460823440962,9.86495719889765e-06,0.045238909707224356,5.142991479992182e-06,25,10,20
34,9477,0.9544828626122285,9.857340309085428e-06,0.04550221754296785,5.062504494030998e-06,25,10,20
34,9478,0.9599401764228461,8.020213371816007e-06,0.040039144827338766,1.265853644308046e-05,25,10,20
34,9479,0.9595798795812999,8.03600958418943e-06,0.04039942149995899,1.2662909156864061e-05,25,10,20
34,9480,0.9607704739990612,8.02169069401707e-06,0.039216448539331185,5.0557709134419155e-06,25,10,20
34,9481,0.9498474365660718,8.021654174213172e-06,0.050139488101900914,5.053677853150124e-06,25,10,20
34,9482,0.9495927142461378,8.063576667517119e-06,0.050393516275738764,5.705901455887394e-06,25,10,20
34,9483,0.95103998707379,7.976837035991249e-06,0.04894884131030114,3.1947788725943273e-06,25,10,20
34,9484,0.9512418049351523,7.977071275074815e-06,0.04874702437167251,3.1936219000226154e-06,25,10,20
34,9485,0.9522193193919241,7.955844131527274e-06,0.0477695764675615,3.1482963828810085e-06,25,10,20
34,9486,0.9470041310224273,1.6209394083025015e-05,0.052975658129167984,4.001454321374082e-06,25,10,20
34,9487,0.9469328208365656,1.621032471083668e-05,0.05304695569523751,4.013143485843813e-06,25,10,20
34,9488,0.9474627721680869,1.621880771165442e-05,0.0525182281535371,2.780870664337665e-06,25,10,20
34,9489,0.9571617652944036,1.5835140401384268e-05,0.04281965572963659,2.7438355583081513e-06,25,10,20
34,9490,0.9683545190921617,1.5836273370541297e-05,0.03162687976568283,2.7648687852651033e-06,25,10,20
34,9491,0.9681786472379474,1.542556361303683e-05,0.03180317208558004,2.7551128598589997e-06,25,10,20
34,9492,0.9674341306651186,1.541314307822678e-05,0.03254760353840999,2.8526533934723996e-06,25,10,20
34,9493,0.967894280946272,1.5412769715228303e-05,0.03208745620483898,2.850079174083909e-06,25,10,20
34,9494,0.9678352348940646,1.527890030812399e-05,0.03214661871290787,2.8674927195339565e-06,25,10,20
34,9495,0.9675009012804366,1.5279124707143023e-05,0.03248093784462017,2.8817502361433607e-06,25,10,20
34,9496,0.9726517809248786,1.5276424977992922e-05,0.02732962419713266,3.3184530109463455e-06,25,10,20
34,9497,0.9727382768130468,1.5274909560266575e-05,0.027243365715239647,3.0825621534958795e-06,25,10,20
34,9498,0.9773018006906957,8.380649635313126e-06,0.022686709747237185,3.1089124318404874e-06,25,10,20
34,9499,0.9772369192559606,8.358578224473428e-06,0.022747979819953357,6.742345861693814e-06,25,10,20
34,9500,0.9769662704694284,8.36282139045487e-06,0.023018431096984645,6.9356121967823255e-06,25,10,20
34,9501,0.9424657647382539,2.4302030574945284e-05,0.05750298839376277,6.9448374084201175e-06,25,10,20
34,9502,0.9296018340326043,8.233012991491661e-05,0.070303972894687,1.1862942793606313e-05,25,10,20
34,9503,0.9259019426867564,8.248750498444204e-05,0.07400380917785776,1.1760630401297906e-05,25,10,20
34,9504,0.9258617150198256,8.248682898746534e-05,0.07404410330700378,1.1694844183412566e-05,25,10,20
34,9505,0.92621412945793,8.247200215842422e-05,0.07369177977149133,1.161876842027321e-05,25,10,20
34,9506,0.9262768345742662,8.246724979041945e-05,0.07362964700872515,1.1051167218106225e-05,25,10,20
34,9507,0.9258529674153331,8.246786848366451e-05,0.07405346794516363,1.1096771019443895e-05,25,10,20
34,9508,0.9259835022733424,8.246870458857315e-05,0.0739228911740681,1.1137848000910047e-05,25,10,20
34,9509,0.9262361557366324,8.245311215269266e-05,0.07367018422436251,1.12069268524339e-05,25,10,20
34,9510,0.8930066991963218,8.245323128410669e-05,0.10689964851068058,1.1199061714613228e-05,25,10,20
34,9511,0.8800322323389494,8.24539266303776e-05,0.11985297789320798,3.2335841213201075e-05,25,10,20
34,9512,0.8548081508856166,8.247316873794612e-05,0.14449917808197352,0.0006101978636732455,25,10,20
34,9513,0.84934960912728,8.24743282928763e-05,0.14995665239199424,0.0006112641524337348,25,10,20
34,9514,0.8472296973807206,8.243522064206032e-05,0.15207724294645192,0.0006106244521865651,25,10,20
34,9515,0.8604188211813966,8.246463251354565e-05,0.13891124405941238,0.0005874701266788404,25,10,20
34,9516,0.8583792301825568,8.536349721235622e-05,0.14094770230107162,0.0005877040191604753,25,10,20
34,9517,0.8670198911851622,8.535081870313228e-05,0.13230710226026643,0.0005876557358691338,25,10,20
34,9518,0.8667690670930907,8.535087844320473e-05,0.13255792690313128,0.0005876551253356336,25,10,20
34,9519,0.8725816757738027,8.534745447494616e-05,0.12674638902651916,0.0005865877452041114,25,10,20
34,9520,0.9070819021223377,6.94086041924556e-05,0.0922620215237939,0.0005866677496769225,25,10,20
34,9521,0.9119411956944581,6.924802403775147e-05,0.08740288986522521,0.0005866664162791628,25,10,20
34,9522,0.9167338312351262,6.1009409912934296e-05,0.08261928123191183,0.0005858781230494975,25,10,20
34,9523,0.9070513351057556,6.1024774930022756e-05,0.09230173545946588,0.0005859046598492884,25,10,20
34,9524,0.9070436016222103,6.1024877696137954e-05,0.09230945406484495,0.0005859194352492954,25,10,20
34,9525,0.9064296003163412,6.103257957196336e-05,0.092923178750563,0.0005861883535245105,25,10,20
34,9526,0.9033349607051124,6.109446482936525e-05,0.09601775990604994,0.0005861849240085935,25,10,20
34,9527,0.9033699345867376,6.109434903473442e-05,0.0959827962918197,0.0005861747724084478,25,10,20
34,9528,0.9008008319178117,6.109774400140118e-05,0.0985511867816148,0.0005868835565723879,25,10,20
34,9529,0.9005722418376715,6.109351304176442e-05,0.09877997432846308,0.0005866903208239224,25,10,20
34,9530,0.9100818022473937,6.107832723763718e-05,0.08927045295581877,0.0005866664695501731,25,10,20
34,9531,0.8905832103163496,6.110274195997713e-05,0.1087689953298528,0.0005866916118383251,25,10,20
34,9532,0.9157753216369818,6.10825767153099e-05,0.08415517845601844,8.417330285141585e-06,25,10,20
34,9533,0.9119313501344993,6.108853868222827e-05,0.08799822991345724,9.331413361668204e-06,25,10,20
34,9534,0.9072700961535838,6.790949353087469e-05,0.09265260735830416,9.386994581072807e-06,25,10,20
34,9535,0.9059266235633302,6.89866451664006e-05,0.09399493170150336,9.458090000006073e-06,25,10,20
34,9536,0.9059965054754406,6.899418599782357e-05,0.09392498863670214,9.511701859577407e-06,25,10,20
34,9537,0.8957522969822992,6.901022264085109e-05,0.10416919559087107,9.497204188577012e-06,25,10,20
34,9538,0.8990998466930219,6.901275657160392e-05,0.10082080801904399,1.0332531362257566e-05,25,10,20
34,9539,0.8979201818807246,6.90252247033009e-05,0.10200189401136958,8.89888320241468e-06,25,10,20
34,9540,0.8982204841694781,6.902410556085964e-05,0.10170160959002753,8.882134933046006e-06,25,10,20
34,9541,0.8960268478584248,6.907810685063761e-05,0.10389506304719211,9.01098753184671e-06,25,10,20
34,9542,0.8977779836701513,6.800121310363771e-05,0.1021450582061962,8.95691054834672e-06,25,10,20
34,9543,0.9003672942145385,6.794701325793042e-05,0.09955574974727155,9.009024931488156e-06,25,10,20
34,9544,0.8940673262975863,6.112796535745145e-05,0.10586190983799718,9.635899058636368e-06,25,10,20
34,9545,0.8632584478550115,6.209866026952032e-05,0.1366642654965963,1.5187988122270137e-05,25,10,20
34,9546,0.8954547887295908,6.209743020202362e-05,0.10446792427229683,1.5189567909714027e-05,25,10,20
34,9547,0.8955034003879683,6.20969246923411e-05,0.10441936905534233,1.5133631996423659e-05,25,10,20
34,9548,0.8941221514558841,6.208472232886505e-05,0.10580062731477657,1.5136507009797966e-05,25,10,20
34,9549,0.8950956069512813,6.207625641654935e-05,0.10482892724608496,1.3389546216425856e-05,25,10,20
34,9550,0.9124386488577747,6.474262557684798e-05,0.08748272672751937,1.3881789128205894e-05,25,10,20
34,9551,0.9151834685724751,6.473933423599152e-05,0.08473860158902775,1.3190504260600192e-05,25,10,20
34,9552,0.9163275821013636,6.473941724173491e-05,0.08359447597846179,1.3202502932180597e-05,25,10,20
34,9553,0.9140626475556951,6.481295568940972e-05,0.0858571179228219,1.5421565793113956e-05,25,10,20
34,9554,0.9159354231739281,6.6591418587445e-05,0.0839824734115199,1.5511995964035868e-05,25,10,20
34,9555,0.9285609020366468,8.563561395663088e-06,0.07141989705950531,1.0637342451214853e-05,25,10,20
34,9556,0.9286822295153258,8.5723098408301e-06,0.07129856042443404,1.0637750398481607e-05,25,10,20
34,9557,0.9385406839939506,8.558518714015637e-06,0.06144012010630907,1.0637381025574858e-05,25,10,20
34,9558,0.9383522887784475,8.558827694300614e-06,0.061628513432075545,1.0638961782393547e-05,25,10,20
34,9559,0.9018218586809615,8.609981796282747e-06,0.09815889985126348,1.0631485979651627e-05,25,10,20
34,9560,0.904290003331526,8.567376070653825e-06,0.09569101114683211,1.0418145572102716e-05,25,10,20
34,9561,0.9040748201056426,8.567498315694441e-06,0.0959061898236796,1.0422572363139014e-05,25,10,20
34,9562,0.9059421328948062,5.880607914886321e-06,0.09404203755482535,9.9489424544069e-06,25,10,20
34,9563,0.9057520289885298,4.0994356164226115e-06,0.09423408504515915,9.786530695544022e-06,25,10,20
34,9564,0.9056828734970602,4.0992686829441186e-06,0.09430324015887188,9.787075386071813e-06,25,10,20
34,9565,0.9144140194387412,4.128731704266919e-06,0.08557276294228552,9.08888726935538e-06,25,10,20
34,9566,0.9475221177101,4.121756538952015e-06,0.0524647298974608,9.030635900529787e-06,25,10,20
34,9567,0.9477635516728113,4.121502585704496e-06,0.052223339440351346,8.987384251760858e-06,25,10,20
34,9568,0.9477505591159602,4.121405355722116e-06,0.052236336866288424,8.982612395662616e-06,25,10,20
34,9569,0.9693146940462981,3.1507343668759038e-06,0.030678736907496975,3.4183118386318496e-06,25,10,20
34,9570,0.9631255942977817,3.2944486785469558e-06,0.036866380913037386,4.730340502865228e-06,25,10,20
34,9571,0.9614284796332879,3.3006186466314528e-06,0.038549644706690984,1.8575041374746867e-05,25,10,20
34,9572,0.9547845613007385,3.424843133688926e-06,0.0451933985357415,1.8615320386072778e-05,25,10,20
34,9573,0.9548739093688403,3.4247306713955246e-06,0.04510406818430897,1.859771617954691e-05,25,10,20
34,9574,0.9609917647618568,3.3583094385810856e-06,0.03898762286128951,1.725406741530797e-05,25,10,20
34,9575,0.9541935976361776,3.401432374284838e-06,0.04578497766488625,1.8023266561799245e-05,25,10,20
34,9576,0.9577098136749789,3.3584002370011306e-06,0.04226881108077086,1.8016844013633206e-05,25,10,20
34,9577,0.9597427521457595,3.285780120050803e-06,0.04023801975133763,1.5942322783337484e-05,25,10,20
34,9578,0.9600223613681567,3.285730116528248e-06,0.039958415201860685,1.593769986645481e-05,25,10,20
34,9579,0.9615965234115609,3.3256259923971596e-06,0.03838416047383698,1.599048861025405e-05,25,10,20
34,9580,0.9615217031716904,3.3253985667362203e-06,0.03845877364860381,1.6197781139502302e-05,25,10,20
34,9581,0.9611053449661674,3.32886032826707e-06,0.038875101675841066,1.6224497663620474e-05,25,10,20
34,9582,0.9643700389378274,4.302818067777806e-07,0.035613534835574626,1.599594479181365e-05,25,10,20
34,9583,0.9623030611132196,4.631103508350632e-07,0.03768023965181113,1.623612461878609e-05,25,10,20
34,9584,0.9528788260395351,4.632818075901394e-07,0.04253099701119248,0.004589713667464647,25,10,20
34,9585,0.9537066469754584,4.995740477140313e-07,0.04170302413536936,0.004589829315124492,25,10,20
34,9586,0.9534507015697369,4.980781146103028e-07,0.04195921161331486,0.0045895887388334704,25,10,20
34,9587,0.9552383948178025,4.6990649305453176e-07,0.040171534075312695,0.004589601200391842,25,10,20
34,9588,0.957046407450706,4.696688408714362e-07,0.04293689871731913,1.622416313365264e-05,25,10,20
34,9589,0.9574510206685872,4.694471837279761e-07,0.042532285853471026,1.6224030757851065e-05,25,10,20
34,9590,0.9581322713357117,4.6220632742476794e-07,0.04185110313662335,1.616332133731614e-05,25,10,20
34,9591,0.9581360385540287,4.6225352907043893e-07,0.041847332844567244,1.6166347874739873e-05,25,10,20
34,9592,0.957628061924371,5.139528001575824e-07,0.04235518341360803,1.624070922054936e-05,25,10,20
34,9593,0.9313313771284092,7.189828758018985e-07,0.06865164046672001,1.6263421994738612e-05,25,10,20
34,9594,0.9281877441245976,7.971931336698113e-07,0.07178786541748836,2.3593264780196398e-05,25,10,20
34,9595,0.92668019206352,8.143004824033942e-07,0.07329537750267741,2.3616133320051758e-05,25,10,20
34,9596,0.9361965683206591,6.294038895161671e-07,0.06377922216801096,2.358010744012498e-05,25,10,20
34,9597,0.9361416596517693,6.328229887413363e-07,0.06377856393978604,7.914358545565786e-05,25,10,20
34,9598,0.9369482320746968,5.613457127598566e-07,0.06297211470663686,7.90918729535649e-05,25,10,20
34,9599,0.9516588769241789,5.416871295110161e-07,0.04826149208316546,7.908930552591955e-05,25,10,20
34,9600,0.9513447625259519,5.798854999782265e-07,0.04857543691779486,7.922067075328358e-05,25,10,20
34,9601,0.9522577736109125,1.299388546727329e-06,0.047661998233136146,7.892876740479923e-05,25,10,20
34,9602,0.9533617595479046,1.2811370560218222e-06,0.046558049767267955,7.890954777149196e-05,25,10,20
34,9603,0.9534217940454459,1.3287629167368103e-06,0.04655333007723522,2.3547114402142853e-05,25,10,20
34,9604,0.9528933320347615,1.3310916111661474e-06,0.04707498534883588,3.0351524791446564e-05,25,10,20
34,9605,0.9533464008552737,1.2779052840487266e-06,0.04662183735931068,3.0483880131635486e-05,25,10,20
34,9606,0.9599112915516931,1.1539292663303193e-06,0.04005708359394914,3.047092509128767e-05,25,10,20
34,9607,0.9591770399955898,1.1685370964978712e-06,0.040788882673925005,3.2908793388609216e-05,25,10,20
34,9608,0.9592292993161018,1.1685086861778766e-06,0.04073662918664108,3.290298857073694e-05,25,10,20
34,9609,0.9540844437717304,1.167513482782105e-06,0.0458817121847852,3.267653000146868e-05,25,10,20
34,9610,0.9531882959669623,1.2173089140606248e-06,0.04677551047280233,3.497625132091503e-05,25,10,20
34,9611,0.9552737543755524,1.2167145053799512e-06,0.04469005363559524,3.497527434660971e-05,25,10,20
34,9612,0.957100057566095,1.1627529220987298e-06,0.042863946788724315,3.483289225849991e-05,25,10,20
34,9613,0.9570659127167127,1.1641474907200681e-06,0.04289806267355687,3.486046223950855e-05,25,10,20
34,9614,0.9573514708800336,1.1091038184867468e-06,0.04261281922772595,3.4600788421732e-05,25,10,20
34,9615,0.9574636327813403,1.095058323387183e-06,0.04249369821920298,4.157394113289138e-05,25,10,20
34,9616,0.9556903678515448,1.0964591133193835e-06,0.04426683442280937,4.170126653206631e-05,25,10,20
34,9617,0.9557004545591095,1.1015712878636163e-06,0.044256685988708314,4.1757880894219365e-05,25,10,20
34,9618,0.9560420398148776,1.0542631416869565e-06,0.04391531896961263,4.158695236785539e-05,25,10,20
34,9619,0.9558150533849915,1.0543450916354977e-06,0.04414230084438753,4.159142552895702e-05,25,10,20
34,9620,0.9548557222842113,1.677099923003983e-06,0.04509809435232115,4.450626354438903e-05,25,10,20
34,9621,0.9548483808122731,1.6769911358052197e-06,0.04510543634516101,4.450585142990811e-05,25,10,20
34,9622,0.9556635944830848,1.6275176608905651e-06,0.044292510423909484,4.226757534469598e-05,25,10,20
34,9623,0.9557136433588479,1.6319918159245801e-06,0.04424245347042037,4.227117891562851e-05,25,10,20
34,9624,0.9557934316855793,1.6324757213848966e-06,0.04416265806119935,4.227777749995383e-05,25,10,20
34,9625,0.9600869144834651,1.5510888630768344e-06,0.03987660433650904,3.493009116271938e-05,25,10,20
34,9626,0.9602578408431104,1.5506889309765393e-06,0.03970569651571431,3.491195224420123e-05,25,10,20
34,9627,0.9601269633939574,1.5529438010151788e-06,0.03983660499367262,3.487866856880556e-05,25,10,20
34,9628,0.9601516332935036,1.581035498555193e-06,0.03981211768546021,3.4667985537603646e-05,25,10,20
34,9629,0.9597436014848703,1.581468217759159e-06,0.04022014112715659,3.467591975547973e-05,25,10,20
34,9630,0.9509151947239869,1.6582355087220769e-06,0.04906184196213875,2.13050783658939e-05,25,10,20
34,9631,0.9487331736154867,1.6689374144984628e-06,0.05124363146513659,2.1525981962516167e-05,25,10,20
34,9632,0.9547582025944144,1.6275566600484539e-06,0.04521917396179834,2.099588712749091e-05,25,10,20
34,9633,0.9548998643107152,1.6273514453401026e-06,0.04507756179126142,2.0946546578084116e-05,25,10,20
34,9634,0.948664142891493,1.5084642933885762e-06,0.05128032486662427,5.4023777588979555e-05,25,10,20
34,9635,0.9486833511703244,7.815525249699751e-07,0.05126181125137154,5.405602577872223e-05,25,10,20
34,9636,0.9435326503248266,7.790600489965859e-07,0.056412501755192766,5.406885993147924e-05,25,10,20
34,9637,0.943529955232118,7.791412092753856e-07,0.05641519112789037,5.407449878230374e-05,25,10,20
34,9638,0.9438969923952772,7.787743708439786e-07,0.05605663651441466,4.559231593716469e-05,25,10,20
34,9639,0.9436447889345487,7.769266980178293e-07,0.05630902757622065,4.540656253269667e-05,25,10,20
34,9640,0.9383280840142604,7.788631387902403e-07,0.06162596798373873,4.5169138862462064e-05,25,10,20
34,9641,0.9386626069832903,7.748429136618066e-07,0.06129148621558935,4.51319582069553e-05,25,10,20
34,9642,0.9388610901960124,7.747980322571704e-07,0.06109300952653869,4.512547941686323e-05,25,10,20
34,9643,0.9279176322540702,7.705523338298697e-07,0.07203640808836606,4.5189105230341494e-05,25,10,20
34,9644,0.9333395861235347,7.668771005300387e-07,0.06661448133148602,4.5165667879521015e-05,25,10,20
34,9645,0.9386931163571375,7.668119478529083e-07,0.06126099098978286,4.51258411323017e-05,25,10,20
34,9646,0.9385086067575118,7.669366066274826e-07,0.0614455207682662,4.510553761609269e-05,25,10,20
34,9647,0.936318224873466,7.457611857084013e-07,0.06360575037532877,7.52789900200176e-05,25,10,20
34,9648,0.9421176151490784,7.422690512333199e-07,0.05780632318369535,7.531939817541396e-05,25,10,20
34,9649,0.9397625064704264,1.1631383913465804e-06,0.060161018194728945,7.531219645395032e-05,25,10,20
34,9650,0.9398854070897821,1.1630916533464842e-06,0.06003901209876048,7.441771980486232e-05,25,10,20
34,9651,0.9340958862937285,1.1300181564287722e-05,0.06581800067608945,7.481284861899849e-05,25,10,20
34,9652,0.933753680998134,1.1294959857608801e-05,0.06616020207020533,7.482197180402448e-05,25,10,20
34,9653,0.9331403649935439,1.1211154317673721e-05,0.0667736700588226,7.475379331693182e-05,25,10,20
34,9654,0.9336766710014947,1.1208816517792556e-05,0.06624417188303426,6.794829895411595e-05,25,10,20
34,9655,0.9357907598394256,1.1204990916474072e-05,0.06415946602914654,3.85691405122466e-05,25,10,20
34,9656,0.9356356465282787,1.1204061893242906e-05,0.06431457427613291,3.857513369597211e-05,25,10,20
34,9657,0.9242869904199512,1.120506138865711e-05,0.0756631497209415,3.865479771932007e-05,25,10,20
34,9658,0.9265357602712476,1.1195172093292083e-05,0.0734144387121119,3.86058445479553e-05,25,10,20
34,9659,0.9263043742462199,1.1196859619205986e-05,0.07364527779665778,3.915109750385665e-05,25,10,20
34,9660,0.9081985021609872,1.1195528851891093e-05,0.09175114358346356,3.915872669854965e-05,25,10,20
34,9661,0.899696699892253,1.119540770837846e-05,0.10025293638395752,3.916831608218075e-05,25,10,20
34,9662,0.8996774797317246,1.1195730415048367e-05,0.1002721458396715,3.917869818960821e-05,25,10,20
34,9663,0.8995901987209309,1.1196236762664312e-05,0.10035941199269015,3.9193049617048584e-05,25,10,20
34,9664,0.8995840680171403,1.119625135215442e-05,0.10036554235371106,3.919337779717786e-05,25,10,20
34,9665,0.8998660091746067,1.1195037925957529e-05,0.10008427913910527,3.8516648362884765e-05,25,10,20
34,9666,0.8994848138890452,1.124078586839476e-05,0.10046621178346889,3.7733541618219986e-05,25,10,20
34,9667,0.8993366254590426,1.1242063974099513e-05,0.10061438787739388,3.774459959040933e-05,25,10,20
34,9668,0.8992312631068157,1.1242107264949242e-05,0.10071970734948636,3.778743643405762e-05,25,10,20
34,9669,0.8972895380361683,1.1176750937684783e-05,0.10266080208027084,3.8483132623344894e-05,25,10,20
34,9670,0.8871727623268262,1.1182982821691456e-05,0.11277750329012609,3.8551400226499475e-05,25,10,20
34,9671,0.8872100364982893,1.1185381802786998e-05,0.11274024902750082,3.8529092407596064e-05,25,10,20
34,9672,0.8871115927154876,1.1183223811328912e-05,0.11283870907333853,3.8514987363054006e-05,25,10,20
34,9673,0.8869600756031762,1.1193056106936039e-05,0.11298964282151835,3.908851919888291e-05,25,10,20
34,9674,0.8856881579244277,1.1216847683010785e-05,0.1142613969882711,3.92282396187488e-05,25,10,20
34,9675,0.8856498669888164,1.1216498030938257e-05,0.11429956838264346,3.934813050967425e-05,25,10,20
34,9676,0.9023284990820778,1.1216383888618242e-05,0.09762102576822873,3.925876580478758e-05,25,10,20
34,9677,0.9024989710444686,1.1216297571289098e-05,0.09745058904502514,3.922361293484424e-05,25,10,20
34,9678,0.8968510301706439,1.1177486735089216e-05,0.10309722445197378,4.0567890647332795e-05,25,10,20
34,9679,0.8982696655155432,1.1184203927809023e-05,0.1016787166468683,4.0433633660762415e-05,25,10,20
34,9680,0.8912597276560112,1.1290209868570334e-05,0.10866257048649944,6.641164762073473e-05,25,10,20
34,9681,0.8858059475679895,1.1402697261505212e-05,0.1141145844755335,6.806525921612005e-05,25,10,20
34,9682,0.885652256995711,1.140341388013848e-05,0.11426798851568297,6.835107472655011e-05,25,10,20
34,9683,0.8853860830164798,1.1412444899458894e-05,0.11453413883553833,6.836570308304979e-05,25,10,20
34,9684,0.8967576854276635,1.1411430395209337e-05,0.10316262018927488,6.828295266625328e-05,25,10,20
34,9685,0.90552030675867,1.1411441480316327e-05,0.0944000093463356,6.827245351369998e-05,25,10,20
34,9686,0.9023503662415214,1.140361475490134e-05,0.0975705383000003,6.7691843723012e-05,25,10,20
34,9687,0.9062710921407856,1.0983369141386618e-05,0.09365034051555972,6.758397451319419e-05,25,10,20
34,9688,0.886487338552982,1.0989041005388817e-05,0.11343227603782022,6.939636819242994e-05,25,10,20
34,9689,0.8866102677265956,1.1001611284989251e-05,0.11330932546726645,6.940519485305297e-05,25,10,20
34,9690,0.8918572978811161,1.1019923285252791e-05,0.10806224398389926,6.943821169935261e-05,25,10,20
34,9691,0.8917744349839921,1.1020043414578135e-05,0.10814509652607583,6.944844651763706e-05,25,10,20
34,9692,0.8921771900249079,1.1010915426204837e-05,0.10774236027307038,6.943878659569591e-05,25,10,20
34,9693,0.8817579671995344,1.101093923426631e-05,0.1181618794628584,6.914239837340982e-05,25,10,20
34,9694,0.8813750354114215,1.1033995170753273e-05,0.11854463192885088,6.929866455732406e-05,25,10,20
34,9695,0.8804971443166784,1.1068014532732786e-05,0.11942234698968564,6.944067910371937e-05,25,10,20
34,9696,0.8787663823659361,1.105964635863576e-05,0.12114894595069074,7.361203701499281e-05,25,10,20
34,9697,0.8798425736924489,1.1104860736394415e-05,0.12007270620164785,7.361524516680827e-05,25,10,20
34,9698,0.8751175665063902,1.1090006397631974e-05,0.12466523714039442,0.00020610634681791608,25,10,20
34,9699,0.8799154150765358,1.1060161143548997e-05,0.11999984845229207,7.367631002854567e-05,25,10,20
34,9700,0.8798484598666039,1.1027651911777627e-05,0.12006698290360546,7.352957787888233e-05,25,10,20
34,9701,0.8805814008963335,1.1027796611320866e-05,0.11933410281572235,7.346849133291967e-05,25,10,20
34,9702,0.8788555506505739,1.1028800816699532e-05,0.12105185228058112,8.156826802844227e-05,25,10,20
34,9703,0.8802989740828466,1.1027582800760666e-05,0.11961653936389731,7.34589704553243e-05,25,10,20
34,9704,0.8802520834008678,1.1034630896994039e-05,0.11966354205833647,7.333990989891012e-05,25,10,20
34,9705,0.8908430327333784,1.1063318727909692e-05,0.10907249388422761,7.34100636661131e-05,25,10,20
34,9706,0.8914733934816184,1.1062324068472132e-05,0.10844212307724735,7.342111706574799e-05,25,10,20
34,9707,0.8941384460491167,1.129051182403338e-05,0.10577681711642006,7.344632263916296e-05,25,10,20
34,9708,0.8938336436847699,1.1290555586800496e-05,0.10607872632358592,7.633943605740404e-05,25,10,20
34,9709,0.8928170611242575,1.1738212284613352e-05,0.10709577144509094,7.542921836694284e-05,25,10,20
34,9710,0.8978544709447946,1.6387273082053193e-06,0.10206878597810648,7.510434979048625e-05,25,10,20
34,9711,0.8981782166173693,1.6381813444353615e-06,0.10174505918230721,7.508601897890592e-05,25,10,20
34,9712,0.9176209045708328,1.6327724229105638e-06,0.082304189716146,7.327294059822439e-05,25,10,20
34,9713,0.8804282190928086,1.6466236341285627e-06,0.11929133748796626,0.0002787967955909448,25,10,20
34,9714,0.8642963865710384,1.6445842911339686e-06,0.13542449605371837,0.00027747279095278657,25,10,20
34,9715,0.8650895695181522,1.414216878253503e-06,0.1346315722254153,0.0002774440395549954,25,10,20
34,9716,0.8662391713103937,9.995730061950628e-07,0.1334841553298962,0.0002756737867047056,25,10,20
34,9717,0.8727472453620561,4.578240710334028e-07,0.1270127316973551,0.00023956511651888987,25,10,20
34,9718,0.8811058113932008,4.5917473896440586e-07,0.11865414505007245,0.00023958438198823037,25,10,20
34,9719,0.8836354024595066,4.568325197353288e-07,0.11612456399938777,0.0002395767085862886,25,10,20
34,9720,0.8824187390333122,4.5774060181615894e-07,0.11734122121620905,0.00023958200987736567,25,10,20
34,9721,0.8817513594929097,5.150061299673675e-07,0.11803452068375783,0.00021360481720337628,25,10,20
34,9722,0.8814916690507758,5.155126266870352e-07,0.11829419541508665,0.00021362002151178547,25,10,20
34,9723,0.8815069394216778,5.135540079867925e-07,0.11827892414672556,0.00021362287758952073,25,10,20
34,9724,0.8785977449830065,4.842986397620099e-07,0.12118835902351172,0.00021341169484295305,25,10,20
34,9725,0.890461604709309,4.6742408941650087e-07,0.10932567075379439,0.0002122571128077708,25,10,20
34,9726,0.8635321796395944,5.193577915152588e-07,0.13625491704115567,0.00021238396145789706,25,10,20
34,9727,0.865243274825618,5.465941747482791e-07,0.13454792537675012,0.0002082532034565332,25,10,20
34,9728,0.8476666664586895,6.152304656429315e-07,0.15212290523198763,0.00020981307885676678,25,10,20
34,9729,0.8486218727028717,5.784992639610418e-07,0.15116754797644738,0.0002100008214164362,25,10,20
34,9730,0.8805931361372221,5.06783371019983e-07,0.11919649827465406,0.00020985880475207576,25,10,20
34,9731,0.9130685714539714,4.93010889462955e-07,0.08692659539989618,4.340135243369145e-06,25,10,20
34,9732,0.9101395375334594,4.945259563137609e-07,0.08985507685666047,4.891083924280618e-06,25,10,20
34,9733,0.9157224222756533,3.809192950054711e-07,0.08427397424821952,3.222556832763216e-06,25,10,20
34,9734,0.9156411581621243,3.807550158249786e-07,0.08435523960935783,3.2214735026085235e-06,25,10,20
34,9735,0.9144441983153324,4.261606954324889e-07,0.08545289889099612,0.00010247663297653245,25,10,20
34,9736,0.915876037190419,3.8131394159527185e-07,0.08412019595076277,3.385544877291648e-06,25,10,20
34,9737,0.9236161131619696,2.2285473632286174e-07,0.0763802703160551,3.393667239268715e-06,25,10,20
34,9738,0.9237479853833362,2.2180364622733602e-07,0.07624869536963574,3.0974433820759867e-06,25,10,20
34,9739,0.9237498587944272,2.2181619488145154e-07,0.07624682193206102,3.0974573171624584e-06,25,10,20
34,9740,0.9238252548681705,2.2180051184053895e-07,0.07617143414703874,3.089184279345065e-06,25,10,20
34,9741,0.924206302096055,2.171291851584164e-07,0.07579046702133875,3.0137534213031427e-06,25,10,20
34,9742,0.9144411321642866,2.472201195670432e-07,0.08555447972845111,4.140887142594233e-06,25,10,20
34,9743,0.9092819897521279,4.4683145695250054e-07,0.09071351111271717,4.052303697771353e-06,25,10,20
34,9744,0.9096260477920945,4.464732799926025e-07,0.09036901903748701,4.4866971386226905e-06,25,10,20
34,9745,0.9092690398841604,4.4655610838476907e-07,0.09072545914863632,5.054411094939081e-06,25,10,20
34,9746,0.9044168198110628,4.5312040612886475e-07,0.0955767876165029,5.939452028437643e-06,25,10,20
34,9747,0.9093490931398682,4.549164830527258e-07,0.09064450416963162,5.9477740174031395e-06,25,10,20
34,9748,0.9099437300929512,4.1281064991540743e-07,0.09005010893091599,5.748165483435494e-06,25,10,20
34,9749,0.9095014171731358,4.17654215507079e-07,0.0904923939241414,5.77124850748783e-06,25,10,20
34,9750,0.909515449076112,4.175001226470958e-07,0.09047836775155785,5.7656722078932625e-06,25,10,20
34,9751,0.9124988895437304,4.1817158327623287e-07,0.08749498120576174,5.7110789254454546e-06,25,10,20
34,9752,0.9095185367717559,1.931040725449461e-07,0.09047469532339453,6.5748007775088244e-06,25,10,20
34,9753,0.8827578124813968,2.453672515826199e-07,0.11723531015566886,6.631995682701864e-06,25,10,20
34,9754,0.8915666500207925,2.434849139590413e-07,0.10842730938738955,5.79710690411257e-06,25,10,20
34,9755,0.891559091833382,2.4342258459367824e-07,0.10843486765221842,5.7970918150991024e-06,25,10,20
34,9756,0.8946024995121161,2.4151090059117635e-07,0.1053920404220103,5.218554973253295e-06,25,10,20
34,9757,0.8940336777786692,2.469944605105553e-07,0.10595820521995916,7.870006911447203e-06,25,10,20
34,9758,0.8941263126891386,2.5077588003757264e-07,0.1058655484157888,7.88811919266873e-06,25,10,20
34,9759,0.8943333019861278,2.1975259356201838e-07,0.10565857547183817,7.902789440687281e-06,25,10,20
34,9760,0.9163913784237898,2.1393620178247803e-07,0.08360051223191707,7.895408091395323e-06,25,10,20
34,9761,0.9038348397221305,2.12560744761973e-07,0.09615670668237782,8.241034746910867e-06,25,10,20
34,9762,0.9031621980723021,2.0842728081264547e-07,0.096829288234736,8.305265681089614e-06,25,10,20
34,9763,0.9147009004685949,2.389355443513045e-07,0.08529092810862103,7.93248723984395e-06,25,10,20
34,9764,0.9144563601671054,2.4000268668602705e-07,0.08553545434847337,7.945481734603242e-06,25,10,20
34,9765,0.9143425433119658,2.4234521712140503e-07,0.08564926125174675,7.953091070320532e-06,25,10,20
34,9766,0.9009341688245116,2.3381620338219307e-07,0.09905773294780032,7.864411484790497e-06,25,10,20
34,9767,0.9149666546289016,2.36277062981562e-07,0.08502524326428816,7.86582974716597e-06,25,10,20
34,9768,0.9150815581202097,2.3380461548893987e-07,0.08491035540076021,7.852674414537085e-06,25,10,20
34,9769,0.9138632850015529,2.3658771725209075e-07,0.08612458106764079,1.1897343089058668e-05,25,10,20
34,9770,0.9138750815407016,2.368842599036272e-07,0.08611141435604308,1.3267218995336122e-05,25,10,20
34,9771,0.9098179996278444,2.4602302596939775e-07,0.09016987128595702,1.1883063172429786e-05,25,10,20
34,9772,0.9095638739171693,2.454329428198625e-07,0.0904239640169825,1.191663290516689e-05,25,10,20
34,9773,0.9185894349719927,6.716677509767646e-06,0.0813537374302557,5.011092024159388e-05,25,10,20
34,9774,0.918572318961756,6.717696183899212e-06,0.08137085266592918,5.011067613088114e-05,25,10,20
34,9775,0.9455020531885762,6.7217628257353905e-06,0.054442161575092865,4.9063473505134103e-05,25,10,20
34,9776,0.9455974976402928,7.835056608344797e-06,0.05434542379498666,4.924350811222805e-05,25,10,20
34,9777,0.9456635644160355,7.835006865899009e-06,0.054279345338850433,4.925523824827349e-05,25,10,20
34,9778,0.9459595267660541,7.834327012157285e-06,0.0539838754796404,4.8763427293440126e-05,25,10,20
34,9779,0.9396643123865656,8.052295725960559e-06,0.060281168474810035,4.646684289836683e-05,25,10,20
34,9780,0.9352011451979882,8.114965407973724e-06,0.06474334217067476,4.739766592912152e-05,25,10,20
34,9781,0.9349154713412301,8.10557653352071e-06,0.06502919105258387,4.7232029652552445e-05,25,10,20
34,9782,0.9337794447994173,8.101863293521294e-06,0.06616516226804711,4.729106924208327e-05,25,10,20
34,9783,0.9337923228709244,8.100874401548021e-06,0.06615228423245713,4.729202221707187e-05,25,10,20
34,9784,0.9331939187984821,8.103647271809022e-06,0.06675067986966476,4.729768458118205e-05,25,10,20
34,9785,0.9332044208593812,8.10362125205421e-06,0.06674020094258169,4.727457678503014e-05,25,10,20
34,9786,0.940030040158361,7.880263570710329e-06,0.05991515604919544,4.6923528872752075e-05,25,10,20
34,9787,0.9483338259777162,1.3404599247530655e-06,0.051657645173036976,7.188389322090707e-06,25,10,20
34,9788,0.9480485384577861,1.3408555183066297e-06,0.051942656212937456,7.464473758115154e-06,25,10,20
34,9789,0.9479061053314132,1.3412483873167728e-06,0.0520850443185063,7.509101693123574e-06,25,10,20
34,9790,0.9478568441108053,1.3412743961187105e-06,0.05213430158218157,7.513032617081752e-06,25,10,20
34,9791,0.948685118984252,1.3111420955553363e-06,0.05130605922984405,7.510643808421505e-06,25,10,20
34,9792,0.948775626859788,1.3184786391829655e-06,0.05121579859068693,7.256070885974542e-06,25,10,20
34,9793,0.9499270425241966,3.562086414181585e-06,0.050062214445452294,7.180943936986427e-06,25,10,20
34,9794,0.9481848484135768,3.5315152739095078e-06,0.0509435323035335,0.0008680877676159439,25,10,20
34,9795,0.9471500941268096,3.5323770148568807e-06,0.05197828424457634,0.0008680892515994609,25,10,20
34,9796,0.9488984538991797,2.4217441020207317e-06,0.05023121135426027,0.0008679130024581265,25,10,20
34,9797,0.9480491282125274,2.421551602318984e-06,0.051080528285068344,0.0008679219508019549,25,10,20
34,9798,0.948119428648749,1.8335969286208818e-07,0.051012450901139726,0.0008679370904184406,25,10,20
34,9799,0.9474732534827317,1.8239520180646963e-07,0.05139314973595517,0.0011334143861111915,25,10,20
34,9800,0.9510281072687373,1.7799968072468397e-07,0.047838787691192125,0.0011329270403897906,25,10,20
34,9801,0.9511353137224045,1.7870071360537016e-07,0.04799712303148567,0.0008673845453962363,25,10,20
34,9802,0.9512551133547861,1.8573820628338707e-07,0.04787729049783414,0.0008674104091735793,25,10,20
34,9803,0.9489001770878019,1.864934627426609e-07,0.05023222974417461,0.0008674066745607773,25,10,20
34,9804,0.9533176928725067,1.2623401928147138e-07,0.04581571683114425,0.0008664640623298515,25,10,20
34,9805,0.9533342828742463,1.262005531148645e-07,0.045799433124911554,0.0008661578002890223,25,10,20
34,9806,0.9541729908153184,1.2916158458521668e-07,0.04496109721399795,0.0008657828090991513,25,10,20
34,9807,0.958410752310173,1.2265408537516667e-07,0.040723339467390846,0.0008657855683507125,25,10,20
34,9808,0.9579715250631657,1.2261659170050635e-07,0.04116255819430061,0.0008657941259419087,25,10,20
34,9809,0.9581255527850923,1.2190565585266325e-07,0.041008648751313645,0.000865676557937961,25,10,20
34,9810,0.9480698736117086,1.526234059033973e-07,0.05106422709349791,0.0008657466713875182,25,10,20
34,9811,0.9484091209052885,1.4850725132184235e-07,0.05072499460747507,0.0008657359799851123,25,10,20
34,9812,0.9485978695832554,1.4608195960396505e-07,0.050536249905451316,0.0008657344293336619,25,10,20
34,9813,0.9496054885206988,1.452426722583121e-07,0.049528630979391766,0.0008657352572371663,25,10,20
34,9814,0.9494962094365071,1.4608552973787834e-07,0.04963791393408597,0.0008657305438769175,25,10,20
34,9815,0.9498233968712863,1.4098083883383803e-07,0.04931075362481109,0.0008657085230637324,25,10,20
34,9816,0.9491808159423739,1.4527866139848152e-07,0.04995274405370341,0.0008662947252611964,25,10,20
34,9817,0.9490107003178326,1.526817812206616e-07,0.05012287883824253,0.0008662681621434485,25,10,20
34,9818,0.949311823727119,1.518146579813802e-07,0.04982176253906641,0.0008662619191563974,25,10,20
34,9819,0.9480093596241679,1.461901625596201e-07,0.051117904661553186,0.00087258952411643,25,10,20
34,9820,0.9479910591328459,1.466881401551774e-07,0.05113618038753775,0.0008726137914762267,25,10,20
34,9821,0.9483417184515649,1.535230017122291e-07,0.05078608198511952,0.0008720460403138826,25,10,20
34,9822,0.9506369831390838,1.5276906385851032e-07,0.04849081766601308,0.0008720464258390926,25,10,20
34,9823,0.9514574958955322,1.7691069041871907e-07,0.047674129565626486,0.0008681976281507732,25,10,20
34,9824,0.9515104150950269,1.7177259189722035e-07,0.04762122611995587,0.0008681870124253148,25,10,20
34,9825,0.951313673750906,1.7278870168882885e-07,0.04781713529278412,0.0008690181676083288,25,10,20
34,9826,0.9505856273632501,1.7009620056590353e-07,0.048545123344403,0.0008690791961464112,25,10,20
34,9827,0.9507640333277549,1.703917934609826e-07,0.04836670095289297,0.0008690953275583456,25,10,20
34,9828,0.9502785111784797,1.72523838584403e-07,0.04885222068035337,0.000869095617328056,25,10,20
34,9829,0.9483484821472359,2.1579135674825614e-07,0.05078611543387963,0.0008651866275275299,25,10,20
34,9830,0.9424192820508659,2.239688116836336e-07,0.05671530742206366,0.0008651865582587409,25,10,20
34,9831,0.9425017568731048,2.1436488357510488e-07,0.0566328485204131,0.0008651802415987217,25,10,20
34,9832,0.9144675293584714,2.6660616818161016e-07,0.08466681686625872,0.0008653871691014378,25,10,20
34,9833,0.9189288304649017,2.851023883802628e-07,0.08020548041615885,0.0008654040165509923,25,10,20
34,9834,0.9189615686223732,2.900465528405314e-07,0.08017291692268481,0.0008652244083892833,25,10,20
34,9835,0.9192124399342626,2.891903072388591e-07,0.0799220559691577,0.0008652149062723534,25,10,20
34,9836,0.9192250387726548,2.890932240046231e-07,0.07990944237970588,0.0008652297544151959,25,10,20
34,9837,0.9154875915481306,3.3329016014074695e-07,0.0836468342714399,0.0008652408902690874,25,10,20
34,9838,0.9038797826546587,3.4359036600178944e-07,0.09525294996603609,0.0008669237889388589,25,10,20
34,9839,0.9052513474903128,3.170648412111931e-07,0.09388110403240814,0.0008672314124376273,25,10,20
34,9840,0.8999229671727039,3.723100565916327e-07,0.0992080590707216,0.0008686014465178863,25,10,20
34,9841,0.8902367141692565,3.3245994902524066e-07,0.1088957373716486,0.000867215999145933,25,10,20
34,9842,0.8908430252795776,3.3621499898522054e-07,0.10828947473418747,0.0008671637712359088,25,10,20
34,9843,0.8887095069227903,3.3731041353988685e-07,0.1102244591003954,0.0010656966664007556,25,10,20
34,9844,0.8884398183171731,3.4726154738354197e-07,0.1104949260966292,0.0010649083246500118,25,10,20
34,9845,0.8890503796597536,3.459412839870158e-07,0.10988437768847877,0.00106489671048316,25,10,20
34,9846,0.8890915576264614,3.4823336072984906e-07,0.10984317463228567,0.0010649195078916006,25,10,20
34,9847,0.8892060812765871,5.454822873596536e-07,0.10992693195523547,0.0008664412858894452,25,10,20
34,9848,0.8843842526883949,5.49872649057082e-07,0.114748691559709,0.0008665058792462165,25,10,20
34,9849,0.8843795690376143,5.49852877544273e-07,0.11475336518941759,0.0008665159200897543,25,10,20
34,9850,0.8771556307788049,6.536882457452317e-07,0.12044990651439737,0.002393809018551381,25,10,20
34,9851,0.8750504084710183,6.554522834302858e-07,0.12255485470937448,0.0023940813673240585,25,10,20
34,9852,0.8755276323834101,6.44428784156002e-07,0.12207768478295933,0.0023940384048467163,25,10,20
34,9853,0.8794079770781933,6.163822115440722e-07,0.11972497107804828,0.0008664354615462069,25,10,20
34,9854,0.8794535230623335,6.086254423110938e-07,0.11967945460931556,0.0008664137029082297,25,10,20
34,9855,0.8785049028504937,6.098603071415705e-07,0.12062796958658314,0.0008665177026161727,25,10,20
34,9856,0.878001981306805,6.107750190447073e-07,0.12113088057925556,0.0008665273389209894,25,10,20
34,9857,0.8787508919533538,6.483718424154368e-07,0.12038206503714996,0.0008663946376539505,25,10,20
34,9858,0.8779740994830055,6.482497136094625e-07,0.12115858494628658,0.0008666673209948136,25,10,20
34,9859,0.8806976652065289,6.04763714257526e-07,0.11843489560790157,0.0008668344218547375,25,10,20
34,9860,0.8808187125528992,6.053405502916622e-07,0.11831381981835186,0.0008668622881981047,25,10,20
34,9861,0.8903754525998437,5.937886267745945e-07,0.10875728692293425,0.0008666666885950685,25,10,20
34,9862,0.91727839517922,5.367471636974248e-07,0.08185449240776668,0.0008665756658493263,25,10,20
34,9863,0.9195090798297434,3.383647648741767e-07,0.07962406154602553,0.0008665202594658125,25,10,20
34,9864,0.9195061765437448,3.3842444303949366e-07,0.07962693732274947,0.0008665477090625041,25,10,20
34,9865,0.9199362284854898,3.205585776802057e-07,0.07919689575095554,0.0008665552049768459,25,10,20
34,9866,0.9201376417031376,3.1525765135174396e-07,0.07899547621976445,0.0008665668194464666,25,10,20
34,9867,0.8820590283072908,1.3232722718853938e-05,0.11704906207811934,0.0008786768918717915,25,10,20
34,9868,0.8728998019466091,2.0582312324369465e-05,0.12619936028135412,0.0008802554597128968,25,10,20
34,9869,0.8724293574806364,2.0650685011235656e-05,0.12666970160678168,0.000880290227571195,25,10,20
34,9870,0.8728033104759249,2.0642948962681574e-05,0.1262957883250979,0.0008802582500148494,25,10,20
34,9871,0.8763408302169534,2.0566966787408375e-05,0.1227583593330453,0.0008802434832141594,25,10,20
34,9872,0.8753403976586327,2.0598444256229187e-05,0.12375874306016865,0.0008802608369426901,25,10,20
34,9873,0.8606136783122109,2.059862009161715e-05,0.13848548347392886,0.0008802395937691182,25,10,20
34,9874,0.8601537455558566,2.141946046202684e-05,0.13894475572267095,0.0008800792610107738,25,10,20
34,9875,0.8290567704477408,2.1416265381760143e-05,0.1709027590072215,1.9054279657188046e-05,25,10,20
34,9876,0.8428042434468449,2.141840609456787e-05,0.15715528993673245,1.904821032797666e-05,25,10,20
34,9877,0.8443000390798473,2.059612295718984e-05,0.15566044659165762,1.891820553782049e-05,25,10,20
34,9878,0.8491544928898095,2.0591718841419054e-05,0.15080606246425515,1.8852927093724637e-05,25,10,20
34,9879,0.8491672903416773,2.0591715615669963e-05,0.15079326533364154,1.8852609065423152e-05,25,10,20
34,9880,0.8485686150874635,2.0592706476665477e-05,0.15139193652212854,1.8855683931052798e-05,25,10,20
34,9881,0.8462511240777938,2.059542493330866e-05,0.15370839054707727,1.988995019544693e-05,25,10,20
34,9882,0.8485661005115475,2.059207210673174e-05,0.1513942427469933,1.906466935233661e-05,25,10,20
34,9883,0.8493054802244443,2.059014104349477e-05,0.15065488154310042,1.9048091411699287e-05,25,10,20
34,9884,0.8485414155147256,2.0590391117180392e-05,0.15141894551588211,1.9048578275131042e-05,25,10,20
34,9885,0.8488937171848554,2.0588962223109385e-05,0.15106668217588543,1.9011677036045474e-05,25,10,20
34,9886,0.8436697612410914,2.05926253279082e-05,0.15629062895667115,1.9017176909726463e-05,25,10,20
34,9887,0.8435340096483023,2.0563511108983224e-05,0.155634798061806,0.0008106287787828545,25,10,20
34,9888,0.8441475180191789,2.0563342312633435e-05,0.15502129522238145,0.0008106234161272114,25,10,20
34,9889,0.8441310471488209,2.0563520867242217e-05,0.15503775369303605,0.0008106356372758248,25,10,20
34,9890,0.8426902325382994,2.0538874131026578e-05,0.1564786337235697,0.0008105948639999742,25,10,20
34,9891,0.8435945653691254,2.0536306749150838e-05,0.1555743034590039,0.0008105948651218624,25,10,20
34,9892,0.8404378549864174,2.0631544189410354e-05,0.15872669035113804,0.0008148231182552577,25,10,20
34,9893,0.8403543152168739,2.0632876332933653e-05,0.15881022325663027,0.0008148286501630724,25,10,20
34,9894,0.8394232707271023,2.0634001467061735e-05,0.15974120741975936,0.0008148878516712693,25,10,20
34,9895,0.8396020864861259,2.0632669518110936e-05,0.15956239894116098,0.0008148819031949824,25,10,20
34,9896,0.8397990393409915,2.0624398198867046e-05,0.15936551398424587,0.0008148222765635303,25,10,20
34,9897,0.8460680833093044,1.3329668361636928e-05,0.15310321610900035,0.00081537091333366,25,10,20
34,9898,0.8504829892434459,1.3273454091405277e-05,0.14868772523997031,0.0008160120624923457,25,10,20
34,9899,0.8625950524741642,1.326065237272462e-05,0.1365773724458593,0.0008143144276038701,25,10,20
34,9900,0.862602756231723,1.3260553161988983e-05,0.13656968003707523,0.0008143031780398349,25,10,20
34,9901,0.865904276232271,1.3165214231576606e-05,0.13327241475273607,0.0008101438007615367,25,10,20
34,9902,0.8672158333707332,1.3096110276205124e-05,0.13196113984481506,0.000809930674175688,25,10,20
34,9903,0.8668073113075588,1.3132644457152874e-05,0.1323694125468098,0.0008101435011742243,25,10,20
34,9904,0.8669198462315602,1.313203543991831e-05,0.13225708315438617,0.0008099385786139604,25,10,20
34,9905,0.8696221968210912,1.3089059003929881e-05,0.12955713031324453,0.0008075838066603798,25,10,20
34,9906,0.8696205236105767,1.3088985443876898e-05,0.12955880538288284,0.0008075820210967099,25,10,20
34,9907,0.8748417782816813,1.3085344262216823e-05,0.12433755976248609,0.0008075766115705744,25,10,20
34,9908,0.8749419297252794,1.3085430093236017e-05,0.12423740198865092,0.000807582855976633,25,10,20
34,9909,0.8742914919683693,1.3085434564403706e-05,0.12489088528206108,0.0008045373150050722,25,10,20
34,9910,0.8662266749001192,1.3272202050978256e-05,0.13374628788277143,1.376501505835932e-05,25,10,20
34,9911,0.8665342723316997,1.3274938960681558e-05,0.1334387522033494,1.3700525990246522e-05,25,10,20
34,9912,0.8627436697684607,1.371685143260351e-05,0.13722514073582148,1.7472644284973156e-05,25,10,20
34,9913,0.8654105874958072,1.3680709395401062e-05,0.13455847349248312,1.725830231389704e-05,25,10,20
34,9914,0.8651674491094445,1.3683556415211926e-05,0.13480157485748032,1.7292476659722895e-05,25,10,20
34,9915,0.8631307454651953,1.3693399788200177e-05,0.1368381288487886,1.743228622774465e-05,25,10,20
34,9916,0.8621214842864643,1.3693640683439148e-05,0.13784727977769948,1.754229515262323e-05,25,10,20
34,9917,0.8620262392090268,1.369487538782437e-05,0.1379425184405994,1.7547474985898798e-05,25,10,20
34,9918,0.8616100884065742,1.3710999881479079e-05,0.13835865125814575,1.75493353984245e-05,25,10,20
34,9919,0.8617314427144036,1.3706822331707063e-05,0.1382373188828997,1.7531580364706243e-05,25,10,20
34,9920,0.8603136549152388,1.3706901654382778e-05,0.13965498551105557,1.765267205109831e-05,25,10,20
34,9921,0.8601898221237776,1.3706942693936571e-05,0.13977879540554497,1.7675527983270242e-05,25,10,20
34,9922,0.8468237433425857,1.3706436036326583e-05,0.1531444625223144,1.8087699063720368e-05,25,10,20
34,9923,0.8455287459669715,1.3265471767650586e-05,0.15444297042775373,1.5018133507187414e-05,25,10,20
34,9924,0.8454891695849233,1.326546586676267e-05,0.15448255828605448,1.5006663155703946e-05,25,10,20
34,9925,0.8455488012576915,1.3265348384170846e-05,0.15442292618911382,1.5007204810682608e-05,25,10,20
34,9926,0.8320392737208779,2.8231524261480763e-05,0.16791745650704062,1.5038247820635092e-05,25,10,20
34,9927,0.8300403375406628,2.8243762863280755e-05,0.1699164397521023,1.4978944372361174e-05,25,10,20
34,9928,0.8069507197651643,2.8227792618988224e-05,0.19300607534548075,1.4977096736798453e-05,25,10,20
34,9929,0.8071064177696928,2.823258429517741e-05,0.1928503445841279,1.5005061884855167e-05,25,10,20
34,9930,0.8058341379069666,2.8247707089492053e-05,0.19412248858802045,1.5125797924504854e-05,25,10,20
34,9931,0.8412200370453453,1.532601937055086e-05,0.1587616142092477,3.02272603682963e-06,25,10,20
34,9932,0.8417121075592533,1.5328115169296713e-05,0.15827027595468462,2.2883708932780624e-06,25,10,20
34,9933,0.8396652451204002,1.532999844547848e-05,0.1603171227861893,2.302094965749832e-06,25,10,20
34,9934,0.8037691256135606,1.5311704623868404e-05,0.1962133999461743,2.162735640830067e-06,25,10,20
34,9935,0.8166825716299846,1.5312698269717796e-05,0.18330036582237144,1.7498493750009495e-06,25,10,20
34,9936,0.8167342725704816,1.5314292576899488e-05,0.18324868343003314,1.7297069096330677e-06,25,10,20
34,9937,0.8258318951524123,1.5125286002557981e-05,0.17415210087866698,8.786829192214901e-07,25,10,20
34,9938,0.7993973733544218,1.520846378022015e-05,0.20058121370085047,6.204480947283992e-06,25,10,20
34,9939,0.7994922515851942,1.5203975993916155e-05,0.20048634784508731,6.196593724412511e-06,25,10,20
34,9940,0.8223945954781758,1.5212976259972432e-05,0.1775839830130203,6.208532544808499e-06,25,10,20
34,9941,0.8279317698098901,1.5208925874455139e-05,0.1720468119693171,6.20929491927399e-06,25,10,20
34,9942,0.8278882331887972,1.520752863703765e-05,0.17209035253331567,6.206749251057399e-06,25,10,20
34,9943,0.8542940342111873,1.5124353313471412e-05,0.14568997431328082,8.671222188620355e-07,25,10,20
34,9944,0.8562774720125185,1.5112159704468109e-05,0.14370655851629047,8.573114871137684e-07,25,10,20
34,9945,0.8542521249758237,1.511681162701103e-05,0.14567811801020125,5.464020234864303e-05,25,10,20
34,9946,0.8552337446217355,1.511649086542903e-05,0.14469661501784709,5.4523869552132955e-05,25,10,20
34,9947,0.8539535557657387,1.511997913122547e-05,0.14597678220430554,5.4542050824639596e-05,25,10,20
34,9948,0.8347355514803568,1.5141949532604863e-05,0.16519290971652942,5.6396853581935135e-05,25,10,20
34,9949,0.8366831496797638,1.5205119201953275e-05,0.1632452680364686,5.6377164566394744e-05,25,10,20
34,9950,0.8367624886364928,1.520532051463259e-05,0.16316588433456983,5.642170842346887e-05,25,10,20
34,9951,0.8363192107347254,1.5305585492625045e-05,0.1636628398933732,2.6437864094343756e-06,25,10,20
34,9952,0.8362564542376486,1.5308009907450626e-05,0.16372556360863716,2.6741438073641167e-06,25,10,20
34,9953,0.8364721182738063,1.5306479383436598e-05,0.16350970590223768,2.8693445733710542e-06,25,10,20
34,9954,0.8361078676060536,1.5307323481647712e-05,0.16387107365180584,5.751418659722562e-06,25,10,20
34,9955,0.851260080666712,1.5338287695698503e-05,0.14872052160155566,4.059444036698563e-06,25,10,20
34,9956,0.8477278353626216,1.5281609850920802e-05,0.15225280176239223,4.081265135562889e-06,25,10,20
34,9957,0.8846424936530696,1.5283313778620063e-05,0.1153376383601445,4.584673007366128e-06,25,10,20
34,9958,0.8852406630545435,1.528290865700652e-05,0.1147394622670725,4.591769726915666e-06,25,10,20
34,9959,0.9207165920712361,1.528234336568628e-05,0.07926365623747826,4.46934792026314e-06,25,10,20
34,9960,0.8847130480861647,1.5282667630490707e-05,0.11526719852329538,4.470722909217898e-06,25,10,20
34,9961,0.8853551458815719,1.5281922029420016e-05,0.11462814050785207,1.4316885462394015e-06,25,10,20
34,9962,0.8846676287754528,1.5299027216819737e-05,0.11531478440062369,2.2877967064972347e-06,25,10,20
34,9963,0.8693258493326178,1.532402188726198e-05,0.13065630656914892,2.5200763457733757e-06,25,10,20
34,9964,0.8718414529633064,1.5219112911723279e-05,0.12814081614159809,2.511782183685323e-06,25,10,20
34,9965,0.8704181028101418,1.5226220280662381e-05,0.1295641168558147,2.554113762446611e-06,25,10,20
34,9966,0.8360100441583548,1.5226574581388205e-05,0.16397199860449763,2.7306625668509123e-06,25,10,20
34,9967,0.8364309482184987,1.5220765570062295e-05,0.16355074021795374,3.090797978089431e-06,25,10,20
34,9968,0.8405389705096397,1.5213975471180465e-05,0.15944274578676623,3.0697281232914273e-06,25,10,20
34,9969,0.8695541116654708,1.5186258164342004e-05,0.13042787746387466,2.8246124901157837e-06,25,10,20
34,9970,0.8674184266059634,1.5237365618896985e-05,0.13256348763291867,2.8483954992132363e-06,25,10,20
34,9971,0.8714255635024105,1.5184735517334852e-05,0.12855656020809872,2.691553973392727e-06,25,10,20
34,9972,0.8730013885569918,1.5179906805120857e-05,0.12698077965004165,2.6518861612275826e-06,25,10,20
34,9973,0.8368041257305721,1.5201640354721177e-05,0.16317802022502886,2.6524040438510595e-06,25,10,20
34,9974,0.8370009351577979,1.5201446305117148e-05,0.16298122122510403,2.6421707925233154e-06,25,10,20
34,9975,0.8382481142640017,1.5199221623118594e-05,0.16173404264889776,2.6438654767615905e-06,25,10,20
34,9976,0.836766200953927,1.637515148591452e-05,0.16321476658454884,2.6573100381863567e-06,25,10,20
34,9977,0.8385093962948191,1.6368050080047595e-05,0.16147170099705688,2.5346580436151492e-06,25,10,20
34,9978,0.8352013739567483,1.6463653789002826e-05,0.1647795258241053,2.6365653572968943e-06,25,10,20
34,9979,0.8366571443489816,1.646193777907965e-05,0.16332375690701958,2.6368062196731618e-06,25,10,20
34,9980,0.8365610278406568,1.6460575714608258e-05,0.1634198925864225,2.618997206087024e-06,25,10,20
34,9981,0.8657140751852507,1.644413463165162e-05,0.1342668222334704,2.6584466470404096e-06,25,10,20
34,9982,0.8663500557810915,1.642472820124219e-05,0.1336312276682225,2.291822484570192e-06,25,10,20
34,9983,0.8551283918866825,1.6466566586857063e-05,0.1448240794607469,3.1062085983386916e-05,25,10,20
34,9984,0.8553773975752754,1.6463401115267823e-05,0.14457508984210657,3.1049181502451124e-05,25,10,20
34,9985,0.8556280253736466,1.6463449082013175e-05,0.14432444415860543,3.106701866574237e-05,25,10,20
34,9986,0.8543314224762336,1.6432250916098765e-05,0.1456210684476398,3.1076825210141456e-05,25,10,20
34,9987,0.8543789747031262,1.6431763796646386e-05,0.14557356219191728,3.103134115979008e-05,25,10,20
34,9988,0.8319917987335677,1.70444256765333e-05,0.16796012456061013,3.103228014571534e-05,25,10,20
34,9989,0.8319127978201826,1.704418036885239e-05,0.1680391401911773,3.101780827159161e-05,25,10,20
34,9990,0.8326337639397433,1.7044116131583755e-05,0.16731817602120724,3.1015922918104896e-05,25,10,20
34,9991,0.8317844073739009,1.7054358137950282e-05,0.1681675021912604,3.1036076700770436e-05,25,10,20
34,9992,0.8321206027813475,1.705443304473952e-05,0.16783126471956059,3.1078066047141006e-05,25,10,20
34,9993,0.8321827256993631,1.7054402196612457e-05,0.16776914582437616,3.107407406383004e-05,25,10,20
34,9994,0.8323323281778516,1.7072882335953776e-05,0.16762007229040027,3.052664941199732e-05,25,10,20
34,9995,0.8328886198925614,1.7074518822679076e-05,0.1670637200093244,3.058557929138607e-05,25,10,20
34,9996,0.8328876031053539,1.7071278385665146e-05,0.16706511174539057,3.021387086977465e-05,25,10,20
34,9997,0.8232056575262264,1.7064325387715563e-05,0.17674700600158896,3.0272146796746312e-05,25,10,20
34,9998,0.8411431134526859,1.6460055057290675e-05,0.15881015441128707,3.0272080969649718e-05,25,10,20
34,9999,0.8413660451451489,1.6461814137584944e-05,0.15858721517122723,3.02778694864684e-05,25,10,20
34,10000,0.8541281253800922,1.650346203975779e-05,0.14582504039961214,3.0330758256204393e-05,25,10,20
