run,generation,degenerate,holistic,other,compositional,popsize,turnover_rounds,group_rounds
17,0,0.015625000000000003,0.06250000000000001,0.8906250000000001,0.03125000000000001,25,30,20
17,1,0.039196309662052065,0.04477640457165382,0.8976522236632654,0.018375062103028167,25,30,20
17,2,0.02232709722500471,0.0710228152601905,0.896957264516324,0.009692822998476134,25,30,20
17,3,0.02274636863105796,0.1634736552929786,0.7720485873273318,0.04173138874862589,25,30,20
17,4,0.013293116482248948,0.31961622434767706,0.6281739078247988,0.03891675134527193,25,30,20
17,5,0.00943585446916005,0.33945857565316856,0.6134123110083852,0.037693258869288974,25,30,20
17,6,0.009423053061836039,0.46403594455837294,0.5263375571510904,0.00020344522870254138,25,30,20
17,7,0.009591147362149582,0.562306253244833,0.42750976868159674,0.0005928307114195163,25,30,20
17,8,0.008297718476137748,0.5431952454507943,0.44826448359009885,0.0002425524829742066,25,30,20
17,9,0.00877609321866011,0.5034278789239269,0.48520063400033975,0.002595393857084532,25,30,20
17,10,0.008577319577397921,0.5090565612686204,0.47960804093966614,0.002758078214319997,25,30,20
17,11,0.008549198191844153,0.6350736923880792,0.35398472494563843,0.0023923844744459673,25,30,20
17,12,0.00858639369303098,0.520895802599026,0.46809119601716204,0.0024266076907753327,25,30,20
17,13,0.008286385826669325,0.4570675328148205,0.534403960213252,0.00024212114524865542,25,30,20
17,14,0.008419370025161074,0.3534680723652941,0.6269915619863469,0.01112099562319551,25,30,20
17,15,0.008568221946415546,0.444631039024081,0.5324275812381848,0.014373157791322482,25,30,20
17,16,0.008713196451233456,0.6039847569070481,0.38143799243021836,0.00586405421150086,25,30,20
17,17,0.00859020038412318,0.5683044109213405,0.4174398635577347,0.005665525136812024,25,30,20
17,18,0.008108163881356337,0.7331376196813767,0.2547235551873954,0.004030661249871844,25,30,20
17,19,0.008113779858072158,0.695253552229594,0.29625702405469556,0.00037564385763630604,25,30,20
17,20,0.0026801308239696115,0.6467582277808881,0.35042258962511424,0.0001390517700322174,25,30,20
17,21,0.00267873916481127,0.6390329918672678,0.35810099289849506,0.00018727606941754384,25,30,20
17,22,0.0027110326709327104,0.7357898920235048,0.2611008901957239,0.0003981851098364736,25,30,20
17,23,0.0027220903240534246,0.7354457219040722,0.2607077523436686,0.0011244354282083256,25,30,20
17,24,0.0026967419103878297,0.7372378771845197,0.25966562899462026,0.00039975191047575615,25,30,20
17,25,0.0032773544914038843,0.5957621227134487,0.40053760243801784,0.0004229203571360383,25,30,20
17,26,0.002704898147564175,0.635959295627186,0.3609179056776574,0.00041790054759299983,25,30,20
17,27,0.0026922257631483886,0.6786546017862731,0.3182601810283046,0.00039299142227738925,25,30,20
17,28,0.0026894264724922064,0.6023815279587348,0.3945624017106213,0.00036664385815120986,25,30,20
17,29,0.002714322506732015,0.5449038127975662,0.452007674997535,0.0003741896981722925,25,30,20
17,30,0.002695804682734552,0.4701307377215705,0.5266766120046309,0.0004968455910612664,25,30,20
17,31,0.002698071322579928,0.4701872014854561,0.5265164469987993,0.0005982801931628197,25,30,20
17,32,0.002717124270942955,0.5039458953721072,0.4918317221513481,0.0015052582056011067,25,30,20
17,33,0.003010903101823812,0.5248395830422438,0.4712075544970506,0.0009419593588789077,25,30,20
17,34,0.0027214983409499403,0.4651743912181459,0.5312509716353752,0.000853138805528668,25,30,20
17,35,0.002832244868664148,0.4670274692933517,0.5294812541071644,0.0006590317308201089,25,30,20
17,36,0.002704128355329129,0.5634951344672064,0.43294179689152834,0.0008589402859389817,25,30,20
17,37,0.002737266935368919,0.5268228814679743,0.46974529882706023,0.000694552769601559,25,30,20
17,38,0.002709835309782709,0.4949876306051291,0.501434441574903,0.0008680925101855107,25,30,20
17,39,0.00273168402969898,0.556642977779434,0.439400966164758,0.001224372026115242,25,30,20
17,40,0.002879002494871065,0.44513560132242236,0.5500129077610556,0.0019724884216523225,25,30,20
17,41,0.002850725974400077,0.48400722194233564,0.5115214642353402,0.0016205878479216343,25,30,20
17,42,0.0028497627743341363,0.45020865593476406,0.5173311628963452,0.029610418394553348,25,30,20
17,43,0.0027144345486549894,0.4457455109114562,0.5187190580052061,0.03282099653467806,25,30,20
17,44,0.0026838967823582622,0.5460400937551185,0.45069073041916313,0.0005852790433546819,25,30,20
17,45,0.0026651686917911806,0.584749131807465,0.412283941361605,0.0003017581391300677,25,30,20
17,46,0.0027101369860184615,0.4768995999205072,0.5200437236463191,0.0003465394471419541,25,30,20
17,47,0.0026529633551676183,0.4940222586253066,0.5030353372771632,0.0002894407423628649,25,30,20
17,48,0.002659688362403333,0.5315462815469648,0.4654827917721912,0.000311238318436422,25,30,20
17,49,0.0026616025965588972,0.5019687008122292,0.4950628987230226,0.00030679786818318787,25,30,20
17,50,0.003930813016939127,0.6123812198273559,0.3833303360613131,0.0003576310943912352,25,30,20
17,51,0.0026491804971269417,0.6795654890899274,0.3175002466991375,0.00028508371381019937,25,30,20
17,52,0.0026520802987950133,0.6135895296766618,0.3834772451614999,0.00028114486304560015,25,30,20
17,53,0.0026489410149704673,0.6409263380034729,0.35615399383863505,0.00027072714292392786,25,30,20
17,54,0.002649021972429184,0.6409261003862209,0.35615413991655254,0.00027073772479923046,25,30,20
17,55,0.002649418536020168,0.5210540065812306,0.476024209951037,0.00027236493171988146,25,30,20
17,56,0.0026497032512810877,0.5404546121921497,0.4566147782800089,0.00028090627655936014,25,30,20
17,57,0.002654614629784133,0.5411315320692163,0.455923663934783,0.00029018936621213776,25,30,20
17,58,0.002661943143245744,0.540183554786837,0.45676399074279284,0.00039051132712189567,25,30,20
17,59,0.002654328121853802,0.5797943204934451,0.41725674119051687,0.00029461019417664633,25,30,20
17,60,0.0026543330034270425,0.5996394273648228,0.39741149262732306,0.00029474700441789475,25,30,20
17,61,0.002654408425064359,0.5996320340387702,0.39741849256283357,0.0002950649733231109,25,30,20
17,62,0.002661338747579659,0.5577652340357898,0.43927704888544056,0.0002963783311804113,25,30,20
17,63,0.0026549509320488844,0.560053182952439,0.4369916800070338,0.00030018610847720495,25,30,20
17,64,3.81025321399132e-05,0.5662961356187298,0.43334112313199313,0.00032463871713390817,25,30,20
17,65,3.7953725362374956e-05,0.6058252705091344,0.3938125925087908,0.0003241832567098279,25,30,20
17,66,3.8100992429064083e-05,0.605905682361946,0.3937317376784149,0.00032447896720402407,25,30,20
17,67,5.6071556599001385e-05,0.6059910325765675,0.39358789385283105,0.0003650020140007832,25,30,20
17,68,5.615467221559852e-05,0.5660532027636663,0.4335258095025953,0.0003648330615211225,25,30,20
17,69,5.6154671481095734e-05,0.566053478247788,0.4335255340435599,0.00036483303716781213,25,30,20
17,70,5.161610895622547e-05,0.566104580004292,0.4334921298562355,0.0003516740305135673,25,30,20
17,71,5.1617458644369707e-05,0.5660649249636364,0.43353178349127036,0.00035167408644612896,25,30,20
17,72,5.125980794288323e-05,0.5866042532740567,0.4130023468593827,0.0003421400586136858,25,30,20
17,73,3.815479515922532e-05,0.5865384264137838,0.41311212511499157,0.00031129367605607535,25,30,20
17,74,3.336240502801959e-05,0.5867224363322293,0.4129428775103357,0.00030132375240437046,25,30,20
17,75,3.3362405833871923e-05,0.5867225114585704,0.4129428778154445,0.00030124832014771156,25,30,20
17,76,3.8268077123826775e-05,0.5867734963150703,0.41287699980103104,0.00031123580677002246,25,30,20
17,77,3.826541799887279e-05,0.5861192274487563,0.41353156331916674,0.0003109438140783788,25,30,20
17,78,3.867135994623115e-05,0.5861073340776939,0.4135430363350151,0.0003109582273458966,25,30,20
17,79,4.435542089027187e-05,0.626792537206152,0.3728355171004376,0.00032759027252257574,25,30,20
17,80,3.509679560280325e-05,0.5861643521458471,0.41348262379723477,0.0003179272613159073,25,30,20
17,81,3.5020036165499225e-05,0.5862666234568724,0.4133805045827001,0.0003178519242608432,25,30,20
17,82,3.493454343361291e-05,0.6262686287066631,0.3733784436603223,0.0003179930895836748,25,30,20
17,83,3.4857569164022026e-05,0.6262573634990294,0.3733895379114194,0.0003182410203953088,25,30,20
17,84,5.551793601798587e-05,0.6230282216644254,0.37658513348809936,0.0003311269114615252,25,30,20
17,85,3.9543412801219616e-05,0.6227562089265745,0.3768769646344039,0.0003272830262268692,25,30,20
17,86,5.291459293830177e-05,0.6229090061626705,0.3767012795952563,0.00033679964914063126,25,30,20
17,87,4.336376416775764e-05,0.6268396494506757,0.37280315215382104,0.00031383463133745267,25,30,20
17,88,5.25687887022356e-05,0.5865119064457491,0.41311222774911927,0.0003232970164344929,25,30,20
17,89,5.256881339631495e-05,0.5865090309470465,0.41311509751441716,0.00032330272514513483,25,30,20
17,90,5.4084654011571095e-05,0.5813710763316895,0.41831916792419954,0.00025567109010624024,25,30,20
17,91,4.963810072173968e-05,0.6201223964596819,0.37958189587700125,0.0002460695626004197,25,30,20
17,92,4.9714867346405085e-05,0.6201165379439325,0.379587525439134,0.00024622174959453035,25,30,20
17,93,4.966070883106131e-05,0.6201214632331703,0.37958264511626105,0.0002462309417471796,25,30,20
17,94,6.364918784317236e-05,0.5803297609127549,0.41894072061232707,0.0006658692870828693,25,30,20
17,95,5.046466352998889e-05,0.5801982978330994,0.4190943394833018,0.0006568980200768828,25,30,20
17,96,4.691809595331442e-05,0.6201551417426724,0.37914114312951097,0.0006567970318784446,25,30,20
17,97,5.709602536153575e-05,0.5802798817761383,0.4189721889938223,0.000690833204687266,25,30,20
17,98,5.131338684926574e-05,0.6404421250821337,0.3588407876340866,0.0006657738969374566,25,30,20
17,99,5.139148224135059e-05,0.6404411534357846,0.3588412919525791,0.0006661631294047624,25,30,20
17,100,5.595351490034135e-05,0.6387050186781617,0.36055986191931233,0.0006791658876334393,25,30,20
17,101,5.6113354255215816e-05,0.6386960787750686,0.36056848162384947,0.0006793262468345462,25,30,20
17,102,5.603201622027004e-05,0.6386992433867664,0.36056556175836185,0.000679162838659425,25,30,20
17,103,5.6186795939597306e-05,0.6386880565166377,0.3605762828530262,0.000679473834404124,25,30,20
17,104,5.171079537518988e-05,0.6396980488308596,0.35958384811861427,0.0006663922551561684,25,30,20
17,105,5.1710764943186136e-05,0.6396986928895515,0.3595832041507557,0.0006663921947548478,25,30,20
17,106,6.0432655785039296e-05,0.6382481170646223,0.3610241659873539,0.0006672842922419881,25,30,20
17,107,5.151238426502306e-05,0.6403671696864471,0.35891553811710813,0.0006657798121788519,25,30,20
17,108,5.2105242434448476e-05,0.6408798986582603,0.3583795996016751,0.0006883964976289435,25,30,20
17,109,5.338953175855932e-05,0.6019496500940565,0.3973221034728972,0.0006748569012863034,25,30,20
17,110,5.1605637955521477e-05,0.6354931203773198,0.3637791991644205,0.0006760748203008571,25,30,20
17,111,4.7205162895475476e-05,0.6361287248452282,0.3626666570242125,0.0011574129676604997,25,30,20
17,112,4.715204271978548e-05,0.6417319216366443,0.3570662139368595,0.0011547123837771383,25,30,20
17,113,4.9073093874968945e-05,0.602031258902227,0.396756149954236,0.0011635180496601205,25,30,20
17,114,4.722264616604548e-05,0.6417228863546829,0.3570750556416869,0.0011548353574623341,25,30,20
17,115,4.7145859725894246e-05,0.6417329020525208,0.35706526864385923,0.001154683443892436,25,30,20
17,116,0.00010559660662305296,0.6020514579506271,0.3964163212763024,0.0014266241664452237,25,30,20
17,117,5.533545401840752e-05,0.6018763289599584,0.3969088819726951,0.0011594536133247054,25,30,20
17,118,3.808579570509925e-05,0.6217571962446328,0.37705979091867575,0.001144927040986916,25,30,20
17,119,3.8010644596569186e-05,0.6218306498513769,0.3769864872473482,0.001144852256678661,25,30,20
17,120,3.7614592707828485e-05,0.6224272825101316,0.3763950033958979,0.001140099501265588,25,30,20
17,121,3.7539190261878126e-05,0.622430745127768,0.376391766962351,0.0011399487196224192,25,30,20
17,122,4.034565381313899e-05,0.6222037645715495,0.37661545193857754,0.0011404378360655215,25,30,20
17,123,4.050620418440701e-05,0.6215494419200892,0.3772696005119721,0.0011404513637604384,25,30,20
17,124,4.043272146749047e-05,0.621548444385706,0.37727042097872726,0.0011407019141052995,25,30,20
17,125,3.563481387131141e-05,0.6215295645096482,0.3773035489300808,0.0011312517464090318,25,30,20
17,126,3.5636171041901964e-05,0.6215283067023079,0.37730480427879043,0.0011312528478696624,25,30,20
17,127,4.026333738623227e-05,0.6407754021258236,0.3580416665254472,0.0011426680113441898,25,30,20
17,128,4.018794271029892e-05,0.6407789160567466,0.3580383814944736,0.0011425145060715489,25,30,20
17,129,4.018926472365496e-05,0.6407777626231931,0.3580396090154643,0.0011424390966228725,25,30,20
17,130,4.003596319332376e-05,0.640777779390469,0.35804005357390767,0.0011421310724350495,25,30,20
17,131,3.987495601610195e-05,0.6407775227104794,0.3580404884694478,0.001142113864061256,25,30,20
17,132,3.9875074095458915e-05,0.6407264208356264,0.3580915873002091,0.0011421167900739233,25,30,20
17,133,3.98764398332276e-05,0.6407232043821837,0.3580948010266485,0.0011421181513400441,25,30,20
17,134,3.987646366679731e-05,0.640720831300904,0.3580971740626774,0.001142118172757541,25,30,20
17,135,3.987914438342274e-05,0.6407322974886124,0.35808570120499544,0.0011421221620153748,25,30,20
17,136,3.9803706822402906e-05,0.6407196388340612,0.358098586097867,0.0011419713612558875,25,30,20
17,137,3.9880726928439356e-05,0.640719421975329,0.3580939594352268,0.0011467378625221786,25,30,20
17,138,3.9971570941913946e-05,0.6407408127519507,0.35807684179054944,0.0011423738865645322,25,30,20
17,139,3.981179169612485e-05,0.6787478761572813,0.32007032573472566,0.0011419863163044663,25,30,20
17,140,3.973063908366856e-05,0.6787725738812281,0.3200458701777944,0.001141825301897917,25,30,20
17,141,4.0306942919810174e-05,0.6787954925908992,0.320012366329536,0.0011518341366501352,25,30,20
17,142,4.0467978796824635e-05,0.678782474887208,0.32002474880724796,0.0011523083267521734,25,30,20
17,143,4.047068320463918e-05,0.6787804361537171,0.3200267834165586,0.0011523097465247537,25,30,20
17,144,4.054741876661234e-05,0.6787759045699902,0.320030850531569,0.0011526974796785073,25,30,20
17,145,4.055435729894441e-05,0.6787681480114384,0.3200385849755161,0.0011527126557507215,25,30,20
17,146,3.593111330517983e-05,0.6994783781646946,0.2993443855203729,0.0011413052016303734,25,30,20
17,147,2.2217938007733614e-05,0.6987695203555659,0.3000943745250084,0.0011138871814179256,25,30,20
17,148,2.163218099047334e-05,0.6987465524137648,0.3001277947485324,0.001104020656712472,25,30,20
17,149,2.1875387917859035e-05,0.6987982886163696,0.2949473966708271,0.006232439324886274,25,30,20
17,150,2.1869882728495995e-05,0.6988010007377186,0.29494477512167694,0.006232354257876853,25,30,20
17,151,2.1948311100337058e-05,0.6987992064384564,0.29494648368234766,0.0062323615680958235,25,30,20
17,152,2.178596050477613e-05,0.6988128663229205,0.2949334616322315,0.006231886084343991,25,30,20
17,153,2.1860102617125505e-05,0.6987967347696314,0.29494952727338025,0.006231877854372827,25,30,20
17,154,2.185742008055143e-05,0.6987994605748353,0.2949468069683611,0.006231875036724958,25,30,20
17,155,2.1779343210333217e-05,0.6988069787016903,0.2949397546882714,0.006231487266829291,25,30,20
17,156,2.1780706741328903e-05,0.6988067944828739,0.2949396990597938,0.006231725750592299,25,30,20
17,157,2.2014553975428945e-05,0.6987190915204664,0.29502717319179433,0.0062317207337650405,25,30,20
17,158,2.209129421803196e-05,0.6986907491371859,0.2950555211341792,0.006231638434418041,25,30,20
17,159,2.2095647856480374e-05,0.6986872566484108,0.2950588456824876,0.006231802021246572,25,30,20
17,160,2.2204529192884394e-05,0.698046881843273,0.27634644717568774,0.025584466451851872,25,30,20
17,161,2.2204510690850315e-05,0.6980468109352997,0.27634644274601966,0.02558454180799562,25,30,20
17,162,2.212775299392611e-05,0.6980742836070403,0.2763192003478592,0.02558438829211272,25,30,20
17,163,2.2129109134051132e-05,0.6980730263587844,0.2763205303079088,0.02558431422417804,25,30,20
17,164,2.1893354101303027e-05,0.6981645431465602,0.276229637333862,0.025583926165481725,25,30,20
17,165,2.1890291086845998e-05,0.6981674213721801,0.2762269272058152,0.025583761130922766,25,30,20
17,166,2.1888819714946743e-05,0.6982194941968254,0.27617486013573833,0.025583756847727165,25,30,20
17,167,2.1890173334847878e-05,0.6982176243546675,0.2761767245497502,0.025583760922253403,25,30,20
17,168,2.1890174680030574e-05,0.6982168520465654,0.2761774227382619,0.025583835040498625,25,30,20
17,169,2.1888838153955265e-05,0.6982167856809263,0.2761774916961633,0.025583833784762408,25,30,20
17,170,2.196423289212448e-05,0.6982140851634863,0.27617989620750566,0.02558405439612179,25,30,20
17,171,2.212589206510387e-05,0.6981397253510206,0.2762494837126342,0.025588665044285683,25,30,20
17,172,2.2202664023441703e-05,0.6981329902195218,0.27625598999297873,0.025588817123481693,25,30,20
17,173,2.2125947523454655e-05,0.6981371121896577,0.27625209812367457,0.025588663739149923,25,30,20
17,174,2.2360865062028157e-05,0.6981194085661449,0.276269098386835,0.025589132181964652,25,30,20
17,175,2.2125944129247156e-05,0.6981370426274668,0.276252090962523,0.025588740465887487,25,30,20
17,176,2.2127268972275757e-05,0.6981357945991137,0.27625341047269364,0.025588667659227043,25,30,20
17,177,2.2131703124918523e-05,0.6981334940838729,0.2762556949960953,0.025588679216913303,25,30,20
17,178,2.198137479022883e-05,0.6981457887402133,0.2762436945175805,0.025588535367419216,25,30,20
17,179,2.662886330378339e-05,0.6981528499987318,0.2762226941751785,0.025597826962789127,25,30,20
17,180,2.646560547667097e-05,0.6982280633768522,0.27615217710333,0.0255932939143444,25,30,20
17,181,2.6461262441467788e-05,0.7340683572801981,0.24031183202219197,0.02559334943517168,25,30,20
17,182,3.1051123499037966e-05,0.7344526038888017,0.23992269319464565,0.02559365179305641,25,30,20
17,183,3.5738696389578946e-05,0.7351245527269584,0.23922309891198862,0.025616609664665092,25,30,20
17,184,3.1140729691076405e-05,0.7366827381547894,0.23766982746078505,0.02561629365473614,25,30,20
17,185,3.12133585727244e-05,0.7366812663583235,0.237671003302613,0.025616516980491895,25,30,20
17,186,3.106756190849986e-05,0.7703195905168104,0.20403310176878037,0.025616240152498655,25,30,20
17,187,3.099085042136465e-05,0.7703239356202259,0.20402898947521161,0.025616084054139076,25,30,20
17,188,3.075874787435412e-05,0.7695682332821842,0.20479386246808495,0.025607145501854885,25,30,20
17,189,3.0755640316742485e-05,0.7695681296432234,0.2047938986761704,0.025607216040287758,25,30,20
17,190,3.0835089011762817e-05,0.7688261603451262,0.20553570643034885,0.025607298135510884,25,30,20
17,191,3.083502260991931e-05,0.7729551121555457,0.20140676024273788,0.025607292579105025,25,30,20
17,192,3.0835007633731055e-05,0.7729571689954028,0.20140454978880065,0.025607446208162396,25,30,20
17,193,3.083378896885396e-05,0.7729575101060834,0.20140436463522757,0.025607291469720486,25,30,20
17,194,3.075566881233084e-05,0.7736986170789032,0.20066349202537,0.0256071352269146,25,30,20
17,195,3.0841213372681365e-05,0.7729748597316072,0.20138705704315568,0.02560724201186521,25,30,20
17,196,3.084001074431183e-05,0.7729753651779835,0.20138639065112657,0.025607404160146258,25,30,20
17,197,3.091547311536505e-05,0.7729708361168726,0.20139069334956922,0.025607555060442936,25,30,20
17,198,3.091418976061407e-05,0.7729721933615502,0.2013893398094944,0.025607552639194783,25,30,20
17,199,3.083743408179966e-05,0.7729770139638112,0.20138466867914492,0.02560747992296196,25,30,20
17,200,3.083599854365481e-05,0.772986714240757,0.20137497407153457,0.025607475689164327,25,30,20
17,201,3.091270724212277e-05,0.7729824279020991,0.20137910702438666,0.0256075523662722,25,30,20
17,202,3.091135397137547e-05,0.7729842852348078,0.2013772537275287,0.025607549683691996,25,30,20
17,203,3.0982518642368604e-05,0.772984572439404,0.20137675572095304,0.025607689321000084,25,30,20
17,204,3.098246721462294e-05,0.7729853029396854,0.20137602802052768,0.025607686572572286,25,30,20
17,205,3.09838050656063e-05,0.7729832619001984,0.2013778321285147,0.02560792216622148,25,30,20
17,206,3.0907055575566305e-05,0.7729909308237053,0.2013703894144367,0.025607772706282183,25,30,20
17,207,2.0056169267074037e-05,0.7727943748640176,0.20712609082743286,0.020059478139288604,25,30,20
17,208,1.997065858574114e-05,0.7735171868433032,0.20640354375202738,0.020059298746089096,25,30,20
17,209,1.9969351743042938e-05,0.7735172766575462,0.20640345651264183,0.020059297478074063,25,30,20
17,210,2.0121103671582938e-05,0.7735069036428602,0.20641322193429035,0.020059753319182753,25,30,20
17,211,2.0044449957992063e-05,0.7735110643206808,0.2064092897502102,0.020059601479156003,25,30,20
17,212,2.0041749383466644e-05,0.7735127720638243,0.20640751198227608,0.02005967420452093,25,30,20
17,213,1.996497581721613e-05,0.7938451346248062,0.18607530168982367,0.020059598709557286,25,30,20
17,214,1.996489469175926e-05,0.7938439418741953,0.18607649194700213,0.020059601284115054,25,30,20
17,215,1.9695859785186816e-05,0.7938305020589718,0.1661259193704373,0.040023882710810615,25,30,20
17,216,1.9695800835615264e-05,0.7938298675080534,0.16612647748281575,0.04002395920830013,25,30,20
17,217,1.9694446304211315e-05,0.7938313292393064,0.16612531995916718,0.040023656355226735,25,30,20
17,218,1.9698140353509526e-05,0.7938320797006623,0.16612447067077737,0.040023751488212966,25,30,20
17,219,1.985295841477645e-05,0.7938237622458453,0.166132171586209,0.04002421320953386,25,30,20
17,220,1.9849324204091646e-05,0.7944839569950993,0.16547189297428147,0.04002430070641789,25,30,20
17,221,1.9847958606193876e-05,0.7944867540665855,0.16546902190025975,0.0400243760745515,25,30,20
17,222,1.992469999206052e-05,0.794481050192533,0.16547449966130984,0.04002452544616761,25,30,20
17,223,2.4710570777904693e-05,0.7940612457897157,0.16587995173683506,0.04003409190267461,25,30,20
17,224,2.4710549252272023e-05,0.7940227853274685,0.16591840819950726,0.04003409592377479,25,30,20
17,225,2.4707819960419294e-05,0.7940228526042015,0.16591513555701398,0.040037304018827005,25,30,20
17,226,2.478322716507621e-05,0.7940215538501831,0.16591628624248891,0.04003737668016583,25,30,20
17,227,2.4859936780680432e-05,0.794016621045498,0.16592106562493497,0.04003745339278954,25,30,20
17,228,2.5013719696939203e-05,0.7939452835605927,0.1659919443086345,0.040037758411076346,25,30,20
17,229,2.5023667142549223e-05,0.7939399987542727,0.16599712503453176,0.040037852544054,25,30,20
17,230,2.5167752403146377e-05,0.7998602435313183,0.16006734185093488,0.040047246865346206,25,30,20
17,231,2.5169036980484605e-05,0.7998610416840976,0.1600665397717465,0.04004724950717824,25,30,20
17,232,2.524583305850768e-05,0.7998827383300836,0.1600446180478898,0.04004739778897064,25,30,20
17,233,3.926268700917374e-05,0.8375231799214703,0.12236268508273636,0.04007487230878539,25,30,20
17,234,3.91873187302121e-05,0.8375241528523522,0.12236201633361626,0.04007464349530209,25,30,20
17,235,3.9110525184894146e-05,0.837535221531182,0.12235117673897714,0.04007449120465584,25,30,20
17,236,3.9111846169345054e-05,0.8375339625885215,0.12235228090263126,0.04007464466267849,25,30,20
17,237,3.918730631000927e-05,0.8374893497530752,0.12239650249482442,0.040074960445791126,25,30,20
17,238,3.9032486333804515e-05,0.8374971905802405,0.12238927958286025,0.04007449735056623,25,30,20
17,239,3.903245606254806e-05,0.8374979066752823,0.12238856490144537,0.04007449596721061,25,30,20
17,240,3.902821429484483e-05,0.8374862511116787,0.1222291112583355,0.04024560941569111,25,30,20
17,241,3.903097313910304e-05,0.8374814512876244,0.12223374795104036,0.040245769788196294,25,30,20
17,242,2.5175938327852008e-05,0.8390809211271535,0.12067546671186002,0.04021843622265771,25,30,20
17,243,2.5258145174124523e-05,0.8390690754625667,0.12068722305536494,0.040218443336893256,25,30,20
17,244,2.5259524757187224e-05,0.8390702230669589,0.12068630285134706,0.040218214556935576,25,30,20
17,245,2.526087829206596e-05,0.839068839237283,0.12068768394330831,0.04021821594111641,25,30,20
17,246,2.5260898985205124e-05,0.8390653443692367,0.12069118007005246,0.040218214661725885,25,30,20
17,247,2.502801212178266e-05,0.83907974738994,0.1206774743178215,0.04021775028011694,25,30,20
17,248,2.4952595660516443e-05,0.8390833350494824,0.12067418961143646,0.040217522743420345,25,30,20
17,249,2.0193915522741095e-05,0.8384117150803314,0.1213735129247221,0.04019457807942242,25,30,20
17,250,2.0196628818499354e-05,0.8384057280893452,0.12137949454299711,0.04019458073883819,25,30,20
17,251,2.034148037231946e-05,0.8383999431232632,0.12138476027061622,0.04019495512574791,25,30,20
17,252,1.5846216041935058e-05,0.838736771569261,0.12107005527493797,0.040177326939758826,25,30,20
17,253,1.5770733886587002e-05,0.8387811378618275,0.12102608160737313,0.04017700979691113,25,30,20
17,254,1.576930382472655e-05,0.8387855318284764,0.1210215343606744,0.04017716450702273,25,30,20
17,255,1.568904143727583e-05,0.8394818463433217,0.12032529707021393,0.04017716754502503,25,30,20
17,256,1.569591589660146e-05,0.8394817956455785,0.12033421862707817,0.04016828981144547,25,30,20
17,257,1.5694663870891286e-05,0.8394570627013741,0.12035910436581729,0.04016813826893641,25,30,20
17,258,1.5697353889572563e-05,0.839480092743445,0.12033607072218432,0.04016813918047972,25,30,20
17,259,1.5697321881394266e-05,0.8394453108564999,0.12037086078302134,0.04016813103859554,25,30,20
17,260,1.5697314631231817e-05,0.8394454947367876,0.12037060300349553,0.040168204945083816,25,30,20
17,261,1.5621865742258998e-05,0.8394511144074532,0.12036520828688894,0.040168055439914106,25,30,20
17,262,1.57095360645139e-05,0.8394454279293057,0.12053670283058004,0.04000215970405242,25,30,20
17,263,1.570403766634704e-05,0.8394456376903637,0.12052991622381569,0.04000874204815655,25,30,20
17,264,1.5778863956356377e-05,0.8387480243374309,0.12122746083561772,0.04000873596299352,25,30,20
17,265,1.570212774396479e-05,0.8387532224603924,0.12122241753804444,0.040008657873817965,25,30,20
17,266,1.570078280895054e-05,0.8387552118560049,0.12122058429896086,0.04000850306222395,25,30,20
17,267,1.5791041524831162e-05,0.8387552247363053,0.12121990979143651,0.0400090744307315,25,30,20
17,268,0.00027381062664670624,0.8388645823723782,0.12075251211430521,0.040109094886672,25,30,20
17,269,0.00027396677719645606,0.8388537624289011,0.12076294171119537,0.04010932908270894,25,30,20
17,270,0.0002739654283335194,0.8388576808610171,0.12075902336104172,0.040109330349609354,25,30,20
17,271,0.0002738856659730574,0.8389292385867257,0.12068762427544845,0.04010925147185463,25,30,20
17,272,0.0002738857451130247,0.8388982006054357,0.12071827144200797,0.04010964220744542,25,30,20
17,273,0.00027389143891387097,0.8388343069618375,0.12077801622791978,0.04011378537132987,25,30,20
17,274,2.5164414087554225e-05,0.8388930029796655,0.12069970296640464,0.04038212963984431,25,30,20
17,275,2.5164410051492454e-05,0.8389299241617216,0.12066278186988066,0.04038212955834835,25,30,20
17,276,2.516440592136446e-05,0.8389300871291391,0.12066254348136754,0.04038220498357388,25,30,20
17,277,2.547400475524449e-05,0.838914973501733,0.12067665017491092,0.04038290231860319,25,30,20
17,278,2.5474058263330294e-05,0.8389142485922042,0.12067737090813907,0.040382906441395645,25,30,20
17,279,2.5552160354040246e-05,0.8389072433013369,0.12068421869460837,0.04038298584370348,25,30,20
17,280,2.554804545165384e-05,0.8389087742846587,0.12068262202448146,0.04038305564541101,25,30,20
17,281,2.55481016191126e-05,0.8389096806044865,0.12068178827724468,0.04038298301665251,25,30,20
17,282,2.554814906375469e-05,0.8388942295468165,0.12069723785256346,0.040382984451559106,25,30,20
17,283,2.562489668046044e-05,0.8388892028146206,0.12070187821086491,0.04038329407783591,25,30,20
17,284,3.4673445725418974e-05,0.8385354198219075,0.12103741967299879,0.040392487059369236,25,30,20
17,285,3.467344786972229e-05,0.8385353403053704,0.12103742374688588,0.0403925624998748,25,30,20
17,286,3.4595392988318276e-05,0.8385412524827227,0.12103190054214412,0.04039225158214567,25,30,20
17,287,3.451858990457702e-05,0.8385590256309097,0.12101435525600014,0.040392100523185766,25,30,20
17,288,3.451995715091181e-05,0.838557160414538,0.12101621221728182,0.04039210741102882,25,30,20
17,289,2.9734055463240995e-05,0.8389783873156097,0.1206093377140751,0.04038254091485172,25,30,20
17,290,2.988871010928873e-05,0.838971096305543,0.12061633205363112,0.040382682930715605,25,30,20
17,291,2.98873871705779e-05,0.8389712398580658,0.12061619117003286,0.04038268158473015,25,30,20
17,292,2.973121895219976e-05,0.8389823711224059,0.1206055269434745,0.04038237071516662,25,30,20
17,293,2.9572093465478193e-05,0.8390553677194958,0.12053737655063154,0.04037768363640606,25,30,20
17,294,2.026668098550139e-05,0.8388876640054633,0.12108511015359,0.04000695915996125,25,30,20
17,295,2.0266660022638874e-05,0.8388882482638994,0.12108460406020717,0.04000688101587103,25,30,20
17,296,2.0267238740106783e-05,0.8388877161969224,0.12108811448464316,0.040003902079694134,25,30,20
17,297,2.0115144829191486e-05,0.8388947407052728,0.12108154625674424,0.04000359789315357,25,30,20
17,298,2.019318694710622e-05,0.8389045694079188,0.12107149282687205,0.04000374457826188,25,30,20
17,299,2.0423366095317887e-05,0.8388925742337343,0.12108271933937624,0.040004283060793844,25,30,20
17,300,2.0257686267098517e-05,0.8388933239360954,0.12108270940330065,0.04000370897433915,25,30,20
17,301,2.0180960781796936e-05,0.8388947448821917,0.12108151459131523,0.04000355956571301,25,30,20
17,302,1.1132355153905625e-05,0.8392780450253398,0.12071661653733017,0.03999420608217834,25,30,20
17,303,1.1054263910440208e-05,0.8392842964591584,0.12071059797875346,0.0399940512981793,25,30,20
17,304,2.0107047285633592e-05,0.8390595826143317,0.12092111440827485,0.03999919593010949,25,30,20
17,305,1.5934965971719734e-05,0.8389971988967158,0.12098335967727655,0.04000350646003774,25,30,20
17,306,1.601170925298792e-05,0.8389916383619834,0.12098869673709761,0.04000365319166743,25,30,20
17,307,1.609714648744205e-05,0.8389321257977242,0.12103910662059629,0.04001267043519359,25,30,20
17,308,1.6098439688819524e-05,0.8389316078003158,0.12103970148655474,0.04001259227344195,25,30,20
17,309,1.6099715059850073e-05,0.8389291886112475,0.12104195912970768,0.04001275254398643,25,30,20
17,310,1.6101123992219795e-05,0.8388780754091002,0.12109306427514095,0.04001275919176801,25,30,20
17,311,1.6177857988180334e-05,0.8388739786473175,0.12109693503602087,0.040012908458674216,25,30,20
17,312,1.6332612104574962e-05,0.8381993094364097,0.12177075603972856,0.04001360191175801,25,30,20
17,313,1.6715682308856162e-05,0.8382110427877056,0.12175827877695626,0.0400139627530294,25,30,20
17,314,1.6785507527731382e-05,0.8382001389189785,0.12177789389909742,0.04000518167439644,25,30,20
17,315,1.678555212946939e-05,0.8381988204958573,0.12177921223541092,0.0400051817166023,25,30,20
17,316,1.6701750605795738e-05,0.8382646982999536,0.12171366246104758,0.04000493748839259,25,30,20
17,317,1.6468633822702617e-05,0.8383211710996705,0.12165821457306814,0.04000414569343755,25,30,20
17,318,1.6469954284826464e-05,0.8383184363805449,0.12166071503924358,0.040004378625925624,25,30,20
17,319,1.6469903373726577e-05,0.8383179849809034,0.1216611694034191,0.04000437571230378,25,30,20
17,320,1.7100848208479662e-05,0.8390064886954366,0.12094864714406983,0.04002776331228935,25,30,20
17,321,1.694900425782244e-05,0.8390118447579306,0.12094320680894004,0.04002799942887489,25,30,20
17,322,1.695041135136031e-05,0.8389899119458949,0.12096513806743163,0.040027999575324984,25,30,20
17,323,1.6947671520658574e-05,0.8389940213254193,0.12096103548991335,0.04002799551314966,25,30,20
17,324,1.6716194600253365e-05,0.8390063897566159,0.12094943959343851,0.040027454455348395,25,30,20
17,325,1.6878000516584378e-05,0.8388741182822868,0.12107686663736716,0.04003213707983264,25,30,20
17,326,1.6722726356296464e-05,0.8389453687911762,0.12100623645856999,0.040031672023900275,25,30,20
17,327,1.672683792311369e-05,0.838940708787534,0.12101088419896533,0.040031680175580266,25,30,20
17,328,1.681647721654357e-05,0.8389120693710735,0.12103964519304927,0.040031468958663524,25,30,20
17,329,1.6660354667954026e-05,0.8396378797756343,0.12031468684690463,0.04003077302279563,25,30,20
17,330,1.1931435084988053e-05,0.839923426270596,0.1200435606937185,0.04002108160060135,25,30,20
17,331,1.1934133316244601e-05,0.8399428476004311,0.12002412992369692,0.0400210883425564,25,30,20
17,332,1.1932719797259181e-05,0.8399448924920664,0.12002201246676279,0.040021162321374364,25,30,20
17,333,1.1931384122666742e-05,0.8399460462569518,0.12002086270682046,0.04002115965210632,25,30,20
17,334,1.1930060779269639e-05,0.8399484884434787,0.12001850951544966,0.040021071980293525,25,30,20
17,335,1.161909679815087e-05,0.8399672624115696,0.12000074511099347,0.04002037338064037,25,30,20
17,336,1.1619069885148026e-05,0.8399662711505438,0.12000165691598212,0.04002045286359061,25,30,20
17,337,1.1694471261658652e-05,0.839962332571169,0.12000536794668491,0.04002060501088625,25,30,20
17,338,1.1771197689144505e-05,0.8399574250356693,0.12001004393668245,0.040020759829960915,25,30,20
17,339,1.1772521383958941e-05,0.8399553123718191,0.12001192514565127,0.04002098996114732,25,30,20
17,340,1.192867905161944e-05,0.839946022359757,0.12002082476009886,0.04002122420109355,25,30,20
17,341,1.183767265970718e-05,0.8399784018531623,0.11998848262171105,0.040021277852467764,25,30,20
17,342,1.1914402037386335e-05,0.839974483307428,0.11999224895725855,0.040021353333276916,25,30,20
17,343,1.1837697013312272e-05,0.8399785812611611,0.11998845933420668,0.04002112170761974,25,30,20
17,344,1.1915798316807342e-05,0.8399727489363782,0.11999405735495715,0.04002127791034857,25,30,20
17,345,1.1915784150563135e-05,0.8399722675834309,0.11999453334077606,0.040021283291643506,25,30,20
17,346,1.199114489710317e-05,0.8399724167685335,0.11999669409270747,0.04001889799386243,25,30,20
17,347,0.0004006055596714616,0.8393782639663933,0.11981419694479932,0.04040693352913543,25,30,20
17,348,0.0004005288460498777,0.8393779584370792,0.11981097676423508,0.0404105359526354,25,30,20
17,349,0.00040053017633541265,0.8393778843781117,0.1198114147040301,0.04041017074152238,25,30,20
17,350,0.0004046805816484569,0.8393729111335526,0.11981228039545674,0.040410127889342104,25,30,20
17,351,0.0004046806260519623,0.8393722707585036,0.11981299205554284,0.0404100565599018,25,30,20
17,352,0.0004046792957144387,0.8393724146468542,0.11981285210943353,0.040410053947998896,25,30,20
17,353,0.00040468067054292775,0.8393689202000967,0.11981634118072809,0.04041005794863335,25,30,20
17,354,0.0004047560477023542,0.8393655610028954,0.11981954968369718,0.0404101332657058,25,30,20
17,355,0.0004047601109827998,0.8393604246740912,0.11982436940624851,0.04041044580867885,25,30,20
17,356,0.00040468470956481396,0.8393631478777405,0.11982187365428462,0.04041029375841092,25,30,20
17,357,0.00040954740546837417,0.8389599708103497,0.12020643969209739,0.04042404209208608,25,30,20
17,358,0.00040947219197234224,0.8389616324697244,0.12020485459371592,0.04042404074458398,25,30,20
17,359,0.0004093968488878011,0.8369591279486969,0.12220766454380973,0.04042381065860302,25,30,20
17,360,0.000409240753593876,0.8369663359973422,0.12220092478141381,0.04042349846764731,25,30,20
17,361,0.00040923798495360166,0.8369672180907357,0.12220005234137739,0.04042349158293101,25,30,20
17,362,0.00040444657783702946,0.8373699582644012,0.1218157091875031,0.040409885970256146,25,30,20
17,363,0.0003999994448491464,0.8373630045068998,0.12182496334260039,0.040412032705648464,25,30,20
17,364,0.00040000076557373984,0.8373610701858618,0.12182666609472324,0.040412262953837555,25,30,20
17,365,0.00039999803346540546,0.8373644047306433,0.12182364543836303,0.04041195179752543,25,30,20
17,366,0.00039999670509845625,0.8373665064016207,0.12182154652753446,0.04041195036574365,25,30,20
17,367,0.0003999967501719096,0.8366040938857568,0.12258396018270677,0.04041194918136173,25,30,20
17,368,0.00039992135212900084,0.8366090949502326,0.12257903045883208,0.040411953238803255,25,30,20
17,369,0.0003999213661256749,0.8366049969176333,0.12258297087956653,0.04041211083667184,25,30,20
17,370,0.0003999190767875313,0.836604526608336,0.12257152439127728,0.04042402992359932,25,30,20
17,371,0.00039984231834843683,0.8366095801139865,0.12256669979107515,0.04042387777659015,25,30,20
17,372,0.0003998423254879424,0.8366098562076668,0.12256665664626612,0.040423644820579474,25,30,20
17,373,0.0003998423110338986,0.83661021603973,0.1225664503414289,0.040423491307807195,25,30,20
17,374,0.0003998409576036992,0.8366102873803632,0.1225648586971814,0.04042501296485119,25,30,20
17,375,0.00039984096449850916,0.8366105236400863,0.12256462241751855,0.04042501297789631,25,30,20
17,376,0.0003998339825348763,0.8367331937141601,0.12244633105181636,0.04042064125148853,25,30,20
17,377,0.000399758754234306,0.8367231908402654,0.12245648145649848,0.040420568949002054,25,30,20
17,378,0.0003997588885214138,0.8366858181923987,0.12249384825497488,0.04042057466410464,25,30,20
17,379,0.0003997588992063607,0.8366464674900752,0.12253303993761243,0.04042073367310572,25,30,20
17,380,0.0003997630045529628,0.8366434032155309,0.1225357903048261,0.04042104347509023,25,30,20
17,381,0.00039976287064661753,0.8366810563802631,0.122498218330657,0.04042096241843336,25,30,20
17,382,0.0003997587578321047,0.8366848303277696,0.12249476374585619,0.04042064716854225,25,30,20
17,383,0.0003997587551848738,0.8366430723505835,0.12253644622244708,0.04042072267178534,25,30,20
17,384,0.00039984239857339133,0.8379314964924582,0.12124761770423381,0.04042104340473526,25,30,20
17,385,0.00039968892460900507,0.8379400051585693,0.12123957212857267,0.04042073378824988,25,30,20
17,386,0.00039961775945533364,0.8379372446889626,0.12124239319354285,0.04042074435804,25,30,20
17,387,0.0003996958298338635,0.8379716324431483,0.12120761646917963,0.04042105525783893,25,30,20
17,388,0.0003996971532125378,0.835970176002083,0.12320906894096062,0.040421057903744534,25,30,20
17,389,0.0003996204472110721,0.8156621591436424,0.14351731396762588,0.040420906441520535,25,30,20
17,390,0.00039954922466316954,0.8156633614945338,0.14351648835158803,0.040420600929216254,25,30,20
17,391,0.00039954767844112564,0.8156798737421955,0.14350005620233935,0.04042052237702534,25,30,20
17,392,0.00039954631168617397,0.8156828414519259,0.14349701581199137,0.0404205964243969,25,30,20
17,393,0.00039954906600907637,0.8156784862783453,0.14350143955305217,0.040420525102593995,25,30,20
17,394,0.0003995476698260732,0.8164426960923553,0.1427371572152616,0.04042059902255707,25,30,20
17,395,0.00039946396463192953,0.817161433017829,0.14201867000212318,0.040420433015415966,25,30,20
17,396,0.00039953939781387887,0.8171579361051782,0.14202194330703874,0.04042058118997003,25,30,20
17,397,0.00040005310007291343,0.8174607546587971,0.1416654529961841,0.04047373924494587,25,30,20
17,398,0.0004000517701196301,0.8174609677817384,0.14166524121427232,0.040473739233870064,25,30,20
17,399,0.0004002038750575605,0.8194524845620341,0.13967326811915498,0.040474043443753674,25,30,20
17,400,0.00040020530588212187,0.8194472100837884,0.1396785396631638,0.04047404494716609,25,30,20
17,401,0.00040020526944884013,0.8397619089318631,0.1193638416227921,0.04047404417589544,25,30,20
17,402,0.0004001272813210947,0.8397267781566913,0.11939865534802609,0.04047443921396117,25,30,20
17,403,0.0004001286720341283,0.8397230713755992,0.11940236065426768,0.04047443929809853,25,30,20
17,404,0.0004001328306404111,0.8397216620964456,0.1194036792920309,0.04047452578088277,25,30,20
17,405,1.1041505709059125e-05,0.8397294214432433,0.12019613597984038,0.04006340107120671,25,30,20
17,406,1.1042847383027998e-05,0.8397269054686837,0.12019872464237899,0.04006332704155349,25,30,20
17,407,1.104282483440771e-05,0.839728346819335,0.12019728059129359,0.0400633297645364,25,30,20
17,408,1.1044167399142028e-05,0.8397258578146751,0.12019983956078863,0.04006325845713612,25,30,20
17,409,1.0968699512385982e-05,0.8397312795862399,0.12019464419412419,0.04006310752012216,25,30,20
17,410,1.0970226908019882e-05,0.8390191146314255,0.12090680453976396,0.04006311060190097,25,30,20
17,411,1.0968920346307529e-05,0.8390184119701186,0.12090758522042125,0.040063033889112136,25,30,20
17,412,1.0892197281304394e-05,0.8390247844940003,0.12090151817889722,0.04006280512981923,25,30,20
17,413,1.5996743112678482e-05,0.8390467252489744,0.1208605804341729,0.040076697573739085,25,30,20
17,414,1.6001176503023773e-05,0.8389996230332486,0.1209075160979584,0.04007685969228897,25,30,20
17,415,1.6002614298336354e-05,0.8389665085964231,0.12093157867881352,0.04008591011046381,25,30,20
17,416,1.6003936436072168e-05,0.8389664391104774,0.12093157010422433,0.04008598684886123,25,30,20
17,417,1.6003934022513913e-05,0.8389661977290191,0.12093181007647544,0.04008598826048319,25,30,20
17,418,1.6080683586226187e-05,0.838962241972948,0.12093553834829837,0.04008613899516738,25,30,20
17,419,1.607516890205462e-05,0.8389654525377354,0.12093233620103698,0.04008613609232559,25,30,20
17,420,1.615055319465713e-05,0.8389624130380305,0.12093530436972574,0.040086132039049135,25,30,20
17,421,1.6304018967004384e-05,0.8389549571104513,0.12094229730013868,0.04008644157044236,25,30,20
17,422,1.6302749726071638e-05,0.8389554001123769,0.12094185680313671,0.04008644033475889,25,30,20
17,423,1.6302829452122367e-05,0.8389562852972401,0.12094112896356558,0.04008628290974097,25,30,20
17,424,1.630420010009276e-05,0.8389559027575225,0.12094150472206103,0.04008628832031496,25,30,20
17,425,1.630287321919085e-05,0.8389954131417968,0.12090208184143242,0.04008620214354999,25,30,20
17,426,1.63782697459393e-05,0.8389910300719837,0.12090624143862953,0.0400863502196392,25,30,20
17,427,1.637825196368197e-05,0.8389914775012269,0.12090579670377519,0.0400863475430325,25,30,20
17,428,1.577962212225486e-05,0.8386881299530582,0.12091975284191114,0.04037633758290653,25,30,20
17,429,1.5774163473487495e-05,0.8386918594512944,0.12091611638547352,0.04037624999975711,25,30,20
17,430,1.5774188921204406e-05,0.8386905587150989,0.12091734169703004,0.04037632539894807,25,30,20
17,431,1.971861625634521e-05,0.8396655847768222,0.12027608390988781,0.04003861269703186,25,30,20
17,432,1.9875413126849477e-05,0.8397024087124787,0.12023886737437138,0.040038848500021464,25,30,20
17,433,1.99569632642156e-05,0.8741467308242263,0.08579382965741948,0.04003948255508668,25,30,20
17,434,1.995561898270906e-05,0.8741465145039783,0.08579405140494552,0.04003947847209108,25,30,20
17,435,1.9955619671246612e-05,0.8741475978493399,0.08579304345049979,0.04003940308048721,25,30,20
17,436,1.9958372556617495e-05,0.8721441347410882,0.08779649960351088,0.04003940728284278,25,30,20
17,437,2.003376760950082e-05,0.8721408132725653,0.08779959486490733,0.04003955809491561,25,30,20
17,438,2.02638667972447e-05,0.8728412393452172,0.08709840157053045,0.040040095217452804,25,30,20
17,439,2.0187076795839024e-05,0.8728472183900452,0.08709265280160271,0.040039941731553244,25,30,20
17,440,2.0025912221763583e-05,0.8728572128970329,0.08708321313319388,0.04003954805754852,25,30,20
17,441,2.002582089450445e-05,0.8728799507958938,0.08706968199062139,0.04003034139258779,25,30,20
17,442,2.0102592867163693e-05,0.8728734558053989,0.08707594803586786,0.04003049356586386,25,30,20
17,443,2.0108030690542885e-05,0.8728721311913356,0.08707741249541569,0.040030348282556055,25,30,20
17,444,2.921450495886565e-05,0.872406944995984,0.0875238544659251,0.04003998603312982,25,30,20
17,445,2.897595298642277e-05,0.8778303653398245,0.08210176641351412,0.040038892293672905,25,30,20
17,446,4.1636737554784736e-05,0.8777398942385162,0.08217444493759571,0.040044024086332355,25,30,20
17,447,4.171206187676237e-05,0.877734567180013,0.08217915830180729,0.04004456245630183,25,30,20
17,448,4.1787470053931385e-05,0.8776932124605927,0.082220199184525,0.040044800884827335,25,30,20
17,449,4.186449508278076e-05,0.8776484489191465,0.08226471527991679,0.04004497130585309,25,30,20
17,450,2.526743670055017e-05,0.8767658087718521,0.08266709907495327,0.04054182471649168,25,30,20
17,451,2.519060752322539e-05,0.876814103948738,0.0826195085945135,0.04054119684922262,25,30,20
17,452,2.5190612064467425e-05,0.8768133822872564,0.08262015086898046,0.040541276231696476,25,30,20
17,453,2.503715293351787e-05,0.8768216069448591,0.08261231113075708,0.040541044771447945,25,30,20
17,454,2.4960448098519273e-05,0.8768264482238506,0.08260769455589399,0.04054089677215449,25,30,20
17,455,2.5194591098594777e-05,0.8768110849575264,0.08262212122155878,0.04054159922981326,25,30,20
17,456,3.4138995642121155e-05,0.8766170684148092,0.08280671522025361,0.04054207736929258,25,30,20
17,457,3.421299857399028e-05,0.8786153389783042,0.08080814329946616,0.040542304723653014,25,30,20
17,458,3.873636306328489e-05,0.8785035936559502,0.08091496772100726,0.04054270225997784,25,30,20
17,459,3.363191662146781e-05,0.8784812788882195,0.08096818808411953,0.04051690111103732,25,30,20
17,460,3.363266054880237e-05,0.8785473162381477,0.08139953028645701,0.040019520814845076,25,30,20
17,461,3.363120123574311e-05,0.8785503763975383,0.08139670550258721,0.04001928689863796,25,30,20
17,462,3.355580675984104e-05,0.8785792681855636,0.08136812753336438,0.0400190484743113,25,30,20
17,463,4.6998400170910514e-05,0.8781388507715571,0.08178567210149748,0.04002847872677318,25,30,20
17,464,5.165177226676997e-05,0.8778511284621914,0.08205951376212979,0.04003770600341126,25,30,20
17,465,5.1575064254112414e-05,0.8778541341328194,0.0820567327367443,0.04003755806618143,25,30,20
17,466,5.1575039227025355e-05,0.8778550037670116,0.08205579050742266,0.040037630686338053,25,30,20
17,467,5.157775330071143e-05,0.8778549379178524,0.08205810388101172,0.04003538044783543,25,30,20
17,468,5.157765341346387e-05,0.8778593344892736,0.08205370757403242,0.04003538028328053,25,30,20
17,469,5.1650281127470514e-05,0.8778565758235324,0.08205624698397637,0.04003552691136367,25,30,20
17,470,5.14186548607786e-05,0.8778693307464132,0.08204426663216173,0.04003498396656453,25,30,20
17,471,4.2386224326705246e-05,0.8783458614726988,0.08158617851315336,0.04002557378982154,25,30,20
17,472,4.23848672801006e-05,0.8783467260038722,0.0815852426479625,0.04002564648088528,25,30,20
17,473,4.238355380059671e-05,0.8783470304681527,0.0815876915151966,0.040022894462850296,25,30,20
17,474,4.230953885037303e-05,0.8783495686998701,0.0815851505333999,0.04002297122787983,25,30,20
17,475,4.246162790687564e-05,0.878342771613453,0.08159164354113456,0.04002312321750545,25,30,20
17,476,4.73455282879993e-05,0.8780465668953348,0.08187296601635312,0.04003312156002389,25,30,20
17,477,4.7345528445471885e-05,0.8780460174690533,0.08187344005220724,0.040033196950293906,25,30,20
17,478,4.246162678274582e-05,0.8783369298365596,0.08159741120132472,0.040023197335332876,25,30,20
17,479,4.238760253757816e-05,0.8783396222905854,0.08159502025865091,0.04002296984822518,25,30,20
17,480,3.34432135208755e-05,0.8785331562338448,0.08141090614679866,0.040022494405834996,25,30,20
17,481,3.351860614812527e-05,0.8785148413800344,0.0814289948703944,0.04002264514342146,25,30,20
17,482,3.359668146859527e-05,0.8785083417298266,0.08143510279538652,0.04002295879331671,25,30,20
17,483,3.352263769273739e-05,0.8784987511771098,0.08144476469643332,0.04002296148876268,25,30,20
17,484,3.3522635896257365e-05,0.8784983718424353,0.08144521944565522,0.04002288607601165,25,30,20
17,485,3.3599344188864504e-05,0.8784947421276401,0.0814486177293776,0.04002304079879113,25,30,20
17,486,3.3598025126759674e-05,0.8784944347738073,0.08144892641716357,0.04002304078390014,25,30,20
17,487,3.359669422024035e-05,0.8784945547125211,0.08144873237267854,0.04002311622057772,25,30,20
17,488,3.351859345855395e-05,0.8784995888474151,0.08144385849571613,0.04002303406340881,25,30,20
17,489,3.351993430747373e-05,0.8785035944625261,0.08143992566834068,0.04002295993482433,25,30,20
17,490,3.3519939380474485e-05,0.8785177243427671,0.08142571498400902,0.04002304073384173,25,30,20
17,491,3.344884463458151e-05,0.8785187602419477,0.08142481683054424,0.04002297408287179,25,30,20
17,492,3.344746755402203e-05,0.8785184477073659,0.08142034064142843,0.04002776418365008,25,30,20
17,493,3.352796972023356e-05,0.8785022773958983,0.08143626810050585,0.04002792653387445,25,30,20
17,494,3.3451173150076364e-05,0.8785088581841591,0.08142984087485844,0.04002784976783114,25,30,20
17,495,3.352795929997374e-05,0.8785006457551268,0.08143766132722847,0.04002816495834367,25,30,20
17,496,3.352793176487659e-05,0.8785019264765875,0.08143645612851177,0.040028089463134874,25,30,20
17,497,4.6894477169195766e-05,0.8779254722372059,0.0819765452056821,0.040051088079941885,25,30,20
17,498,4.681919406826193e-05,0.8779255311855891,0.08197640125579156,0.04005124836454997,25,30,20
17,499,4.689597958004036e-05,0.8779187099411376,0.08198299351431786,0.04005140056496348,25,30,20
17,500,4.237252984525072e-05,0.8780311208367003,0.08187542969348492,0.04005107693996876,25,30,20
17,501,4.23739042773438e-05,0.8780289248844438,0.08187762287104107,0.04005107834023715,25,30,20
17,502,3.764379993988818e-05,0.8783219480319825,0.08159878866496918,0.04004161950310821,25,30,20
17,503,3.764374987721274e-05,0.87832392612062,0.08159681070168562,0.04004161942781653,25,30,20
17,504,3.7487579912871476e-05,0.8783344933669288,0.08158686535413315,0.04004115369902479,25,30,20
17,505,3.748755981646628e-05,0.8783473238651084,0.08157388005481475,0.04004130852025861,25,30,20
17,506,3.7724369736382854e-05,0.8783561656447678,0.08087984818137467,0.04072626180412018,25,30,20
17,507,3.749810483078961e-05,0.8783473855336856,0.08157227442745162,0.04004284193403111,25,30,20
17,508,3.749813018905513e-05,0.8783482452237799,0.08157133653408509,0.04004292011194432,25,30,20
17,509,3.750080473405613e-05,0.8783093011807415,0.08161027534669425,0.04004292266782811,25,30,20
17,510,3.750223128179014e-05,0.8783074028712596,0.08161224475053333,0.040042850146922875,25,30,20
17,511,3.7500798226146575e-05,0.878310609568318,0.08160942995145709,0.04004245968199618,25,30,20
17,512,3.750079885627736e-05,0.8783106566207808,0.08160945693563043,0.04004238564472991,25,30,20
17,513,3.7267893972685166e-05,0.8783271893744893,0.08159385849587075,0.040041684235665655,25,30,20
17,514,3.726652648067428e-05,0.8783284244665067,0.08159262596627329,0.04004168304073704,25,30,20
17,515,3.7269255483962374e-05,0.8783237747642544,0.08159726899754617,0.04004168698271318,25,30,20
17,516,2.3829440060394244e-05,0.8787597145692375,0.08118403796661883,0.0400324180240813,25,30,20
17,517,2.406743676098551e-05,0.8787454642262671,0.08119749464076863,0.040032973696201256,25,30,20
17,518,2.406472873622526e-05,0.878745314284293,0.08119757589685764,0.040033045090111206,25,30,20
17,519,2.4064728812232494e-05,0.8787466881269586,0.0811962034248347,0.04003304371939258,25,30,20
17,520,2.3825403232429597e-05,0.8787618206392038,0.08118186594530201,0.04003248801225985,25,30,20
17,521,2.382269363501809e-05,0.8787644538001499,0.08117946975008068,0.04003225375613278,25,30,20
17,522,2.38240136845585e-05,0.8787646084304823,0.08118031492051246,0.04003125263531939,25,30,20
17,523,2.382539002886451e-05,0.8787455235400894,0.08119939981786278,0.04003125125201763,25,30,20
17,524,2.382404033321039e-05,0.8787476711574463,0.0811972536017381,0.04003125120048123,25,30,20
17,525,2.3899414389354847e-05,0.878741746115353,0.08120295256973455,0.040031401900521936,25,30,20
17,526,2.3983096820497756e-05,0.8787380931159318,0.08120627708149296,0.04003164670575358,25,30,20
17,527,2.4215976137028932e-05,0.8786852891617754,0.0812583851131628,0.04003210974892355,25,30,20
17,528,2.4214551584638972e-05,0.8786874917499559,0.08125618952434625,0.04003210417411235,25,30,20
17,529,2.429567081470464e-05,0.8786788211996995,0.08126461278964255,0.04003227033984249,25,30,20
17,530,2.4369687764625385e-05,0.8786770018134642,0.08126643496568527,0.040032193533086124,25,30,20
17,531,2.4293416494931306e-05,0.8786532011572848,0.08128601845831286,0.040036486967907695,25,30,20
17,532,2.4216708137981416e-05,0.8786608172329222,0.08127886955848368,0.040036096500456135,25,30,20
17,533,2.8889386373108567e-05,0.8785358508666353,0.0813986953031828,0.040036564443808736,25,30,20
17,534,2.9047002602433387e-05,0.8785222609882396,0.0814118837029319,0.04003680830622608,25,30,20
17,535,2.904850127926658e-05,0.8785191155946954,0.08141525910036229,0.04003657680366371,25,30,20
17,536,3.376920829451504e-05,0.8781432179861183,0.08177257783865757,0.04005043496693042,25,30,20
17,537,3.384725899498437e-05,0.8781366904092214,0.08177887802177437,0.04005058431000998,25,30,20
17,538,3.376770498920702e-05,0.8781465988666929,0.08176920399592703,0.04005042943239168,25,30,20
17,539,3.376643824853221e-05,0.8781465278203545,0.08176931845962762,0.04005038728176985,25,30,20
17,540,2.9047073744558567e-05,0.8785204447425763,0.08141397772670715,0.04003653045697269,25,30,20
17,541,2.8889459202727764e-05,0.878534108879753,0.08140079047193041,0.040036211189114435,25,30,20
17,542,2.8892167261670948e-05,0.8785204365044534,0.08141445451126599,0.04003621681701965,25,30,20
17,543,2.8814067173306308e-05,0.8785313075498596,0.0814037408619183,0.04003613752104924,25,30,20
17,544,2.8809792333816445e-05,0.878531660105041,0.08140355474040747,0.04003597536221764,25,30,20
17,545,2.8726088213125626e-05,0.878537307353871,0.08139831143216121,0.04003565512575413,25,30,20
17,546,2.8648009221213217e-05,0.8785442140729538,0.08139155950174193,0.04003557841608243,25,30,20
17,547,2.8724724038114296e-05,0.8785399003322558,0.08139564439825275,0.040035730545452335,25,30,20
17,548,2.8648012870909726e-05,0.8785421662496651,0.08139351822770276,0.04003566750976088,25,30,20
17,549,2.8647966482882947e-05,0.8785426356739015,0.0813930515657118,0.040035664793903344,25,30,20
17,550,2.405203810191542e-05,0.8786469449063271,0.08129365407669695,0.04003534897887382,25,30,20
17,551,2.3972454320070202e-05,0.8786914839202072,0.08124936479112863,0.04003517883434486,25,30,20
17,552,2.4049034915818442e-05,0.8786527094773575,0.08128791483722253,0.04003532665050489,25,30,20
17,553,2.404768116502306e-05,0.8786909913383499,0.08124963703749684,0.040035323942989004,25,30,20
17,554,2.4124503292869116e-05,0.8786743428718734,0.08126519668285852,0.04003633594197537,25,30,20
17,555,2.4049112662232807e-05,0.8787146144712042,0.08122514983960713,0.04003618657652643,25,30,20
17,556,1.0525353881887256e-05,0.8793131541736646,0.08066344689109405,0.04001287358135929,25,30,20
17,557,1.0523987950409126e-05,0.8793305996058548,0.08064599732994378,0.040012879076251784,25,30,20
17,558,1.0678884898629243e-05,0.8793184849036366,0.08065748967833825,0.040013346533127214,25,30,20
17,559,1.542415046026054e-05,0.879317648364712,0.08065503730517061,0.040011890179658775,25,30,20
17,560,1.550094471822224e-05,0.8793095412887069,0.08066260302019794,0.040012354746379104,25,30,20
17,561,1.5419845129250344e-05,0.8793257246599124,0.08064666563844533,0.04001218985651564,25,30,20
17,562,1.541853002800672e-05,0.8793267971066752,0.08064574661294951,0.040012037750349394,25,30,20
17,563,1.5415847796257575e-05,0.8793387136112895,0.080633756050262,0.04001211449065395,25,30,20
17,564,1.5420045477162947e-05,0.8793285099407373,0.08064387576382964,0.040012194249957604,25,30,20
17,565,1.5345931311934465e-05,0.8793469624607465,0.08062564560868828,0.04001204599925499,25,30,20
17,566,2.0059217378120518e-05,0.8782784621097969,0.08167574366862178,0.04002573500420507,25,30,20
17,567,2.0060545743168932e-05,0.878278764188573,0.08167544032316083,0.04002573494252459,25,30,20
17,568,2.013728739339577e-05,0.8782694745698302,0.08168449961233151,0.04002588853044651,25,30,20
17,569,2.0220837549984187e-05,0.8781762379576847,0.0817772561282724,0.04002628507649473,25,30,20
17,570,2.0220849537920605e-05,0.8781755110875872,0.08177783080494226,0.0400264372579338,25,30,20
17,571,2.0383403030174475e-05,0.8781688494310979,0.08178424174866145,0.04002652541721129,25,30,20
17,572,2.0307993172333827e-05,0.8781831609085629,0.08177100954054933,0.040025521557716465,25,30,20
17,573,2.0307991343518557e-05,0.8781829719448231,0.08177119714140113,0.04002552292243305,25,30,20
17,574,2.033863095058225e-05,0.8782110371775727,0.08172479582079319,0.04004382837068381,25,30,20
17,575,2.03335890028321e-05,0.8782067212312126,0.08172897352726252,0.04004397165252267,25,30,20
17,576,2.0332227633927646e-05,0.8782099803188885,0.0817257171289845,0.04004397032449424,25,30,20
17,577,2.0174709355306438e-05,0.8782217822955406,0.08171438765820929,0.04004365533689625,25,30,20
17,578,2.0172025486863863e-05,0.878222306169915,0.08171379375159361,0.04004372805300585,25,30,20
17,579,2.017331767771149e-05,0.8782223800065719,0.08171418416851953,0.04004326250723202,25,30,20
17,580,2.0018027827063415e-05,0.878297983675786,0.08164333746769412,0.04003866082869372,25,30,20
17,581,2.0019436418433604e-05,0.8782602148730398,0.08168125564155462,0.040038510048987924,25,30,20
17,582,1.9860541100809995e-05,0.8783600852231942,0.08158209292698483,0.040037961308721434,25,30,20
17,583,1.970566359178346e-05,0.8783719807148952,0.08157081853327602,0.04003749508823787,25,30,20
17,584,1.9865661282720582e-05,0.8782172207970038,0.08170765764663836,0.04005525589507584,25,30,20
17,585,1.98670312303051e-05,0.87821612131145,0.08170890650840375,0.04005510514891661,25,30,20
17,586,1.9942448860542115e-05,0.878216266785497,0.08171405574094034,0.040049735024702965,25,30,20
17,587,2.0016470082548817e-05,0.8782146486917535,0.08171545172418644,0.040049883113978516,25,30,20
17,588,2.0016477580197634e-05,0.8782146801843947,0.08171518728113762,0.040050116056888525,25,30,20
17,589,2.001653060701911e-05,0.8782136028243045,0.08171626174005268,0.040050118905036625,25,30,20
17,590,2.001384975936918e-05,0.8782525068412838,0.08167736160381565,0.04005011770514178,25,30,20
17,591,2.0410518571262174e-05,0.8767141592290355,0.08270839884803509,0.04055703140435857,25,30,20
17,592,2.0410542445653824e-05,0.8767121470571644,0.08271002578563434,0.04055741661475611,25,30,20
17,593,2.9457484410385877e-05,0.8763467737880309,0.08305692743441219,0.04056684129314676,25,30,20
17,594,2.9458876404057404e-05,0.8763429167736219,0.08306078563335598,0.0405668387166188,25,30,20
17,595,2.95342516007463e-05,0.8763384314216636,0.08306504892656301,0.040566985400173984,25,30,20
17,596,2.9535601651967123e-05,0.8763366807211905,0.0830667996881646,0.04056698398899477,25,30,20
17,597,4.569249765399209e-05,0.8765587565364262,0.08115563526629758,0.04223991569962394,25,30,20
17,598,2.9732501747620417e-05,0.8821404056870512,0.07702188122106814,0.04080798059013464,25,30,20
17,599,2.9732506091016157e-05,0.8821404259542385,0.07702193630206369,0.04080790523760855,25,30,20
17,600,2.9732508237827514e-05,0.8821392631902851,0.07702309898927838,0.040807905312199654,25,30,20
17,601,2.9658427356676146e-05,0.8821448856707558,0.07701778079333532,0.04080767510855201,25,30,20
17,602,2.9659744058353052e-05,0.8821452800611077,0.07701978123774005,0.04080527895709367,25,30,20
17,603,2.494385576350492e-05,0.8832275069444308,0.07595603178565301,0.04079151741415317,25,30,20
17,604,2.4943593224030793e-05,0.883228200163527,0.07595534333659684,0.04079151290665276,25,30,20
17,605,2.4868268585259258e-05,0.8832258517435045,0.07595791780182554,0.040791362186085076,25,30,20
17,606,2.4791554900241357e-05,0.8832311452516777,0.0759527750345078,0.040791288158914585,25,30,20
17,607,2.4396382058182778e-05,0.8847645045199354,0.07492648573722388,0.040284613360782255,25,30,20
17,608,2.4480178009458346e-05,0.8847285315049137,0.07496213667661215,0.040284851640464775,25,30,20
17,609,2.432156598647737e-05,0.8848820739278921,0.07482651090203554,0.04026709360408529,25,30,20
17,610,2.4322961611406227e-05,0.8848788299430558,0.07482975344111016,0.040267093654221923,25,30,20
17,611,2.432428959976135e-05,0.8848774968932315,0.0748311618893152,0.040267016927852846,25,30,20
17,612,2.4246211851827742e-05,0.8848768748843628,0.07482264847757503,0.040276230426209404,25,30,20
17,613,2.432286199375748e-05,0.8848730218753453,0.07482619762723053,0.040276457635430044,25,30,20
17,614,2.4479201249593525e-05,0.8848151697263776,0.07488342543372675,0.04027692563864577,25,30,20
17,615,2.4482354225035626e-05,0.8840579455593368,0.0756407278751141,0.04027684421132358,25,30,20
17,616,2.4406962627622304e-05,0.8840614276461545,0.07563747059252347,0.04027669479869439,25,30,20
17,617,2.425360724782912e-05,0.8840863159049644,0.07561311696403229,0.04027631352375552,25,30,20
17,618,2.4329059829459936e-05,0.8840400025775961,0.07565920393409592,0.040276464428478646,25,30,20
17,619,2.432771818988424e-05,0.8840423304694792,0.07565680198267494,0.04027653982965585,25,30,20
17,620,2.4326319755727867e-05,0.8840460889890118,0.07565296823438952,0.04027661645684267,25,30,20
17,621,2.4326341130577346e-05,0.8840453705705871,0.07565368259680282,0.04027662049147884,25,30,20
17,622,2.4324989200108937e-05,0.8840468425707926,0.07565244351621979,0.0402763889237867,25,30,20
17,623,2.4323786262211105e-05,0.8840527953569043,0.0756463340891231,0.04027654676770956,25,30,20
17,624,2.448250103015439e-05,0.8839764200948007,0.0757225477433689,0.040276549660799334,25,30,20
17,625,2.4559201538079987e-05,0.8839704864852145,0.0757282512982629,0.04027670301498321,25,30,20
17,626,2.4638975081877007e-05,0.8847241334712453,0.07497451360438184,0.040276713949290006,25,30,20
17,627,2.4638969454969396e-05,0.8847253443197935,0.07497330966286649,0.040276707047884476,25,30,20
17,628,2.4637981695608107e-05,0.8846011747735679,0.07509747543229563,0.04027671181244062,25,30,20
17,629,1.9852816299568118e-05,0.8845729114430264,0.07514875697990067,0.04025847876077351,25,30,20
17,630,1.9777334276124322e-05,0.8846198128670077,0.07510192298229783,0.04025848681641867,25,30,20
17,631,1.977733588843122e-05,0.8846198130453437,0.07510377709677502,0.0402566325219931,25,30,20
17,632,1.9852660731133698e-05,0.8846164393683245,0.07510693148505428,0.040256776485890385,25,30,20
17,633,2.333927045094643e-05,0.8787567223613776,0.08119999561073095,0.04001994275744113,25,30,20
17,634,2.3337955060356894e-05,0.8787587043313074,0.08119817116805761,0.0400197865455752,25,30,20
17,635,2.8133139410649325e-05,0.8783597612971198,0.08157855280050902,0.04003355276296162,25,30,20
17,636,2.8134325419991242e-05,0.878356289224589,0.08158218156144753,0.04003339488854454,25,30,20
17,637,2.813432778343587e-05,0.8783568350068738,0.08158171247001239,0.04003331819533188,25,30,20
17,638,2.8061825502128634e-05,0.8783565635387742,0.0815821150545802,0.04003325958114516,25,30,20
17,639,3.333715936248744e-05,0.8786237427347808,0.0812685283211276,0.04007439178473045,25,30,20
17,640,3.3338524721122806e-05,0.8786209412826858,0.08127133113461758,0.04007438905797727,25,30,20
17,641,3.33385275260808e-05,0.8786208269168556,0.08127152224718236,0.0400743123084377,25,30,20
17,642,3.3338586243418514e-05,0.8778803147102268,0.08201210839751034,0.040074238306021234,25,30,20
17,643,3.33399235323699e-05,0.8778789143627279,0.08201351021811938,0.04007423549562202,25,30,20
17,644,3.334092105231995e-05,0.8780024393933666,0.08188983547746774,0.04007438420811406,25,30,20
17,645,4.083519501664251e-05,0.8780372194494471,0.0800017977238356,0.04192014763170136,25,30,20
17,646,3.178537011807397e-05,0.8784066256090807,0.07965087271222814,0.041910716308573986,25,30,20
17,647,3.1940136133818976e-05,0.8783700173240512,0.07968725711273841,0.04191078542707774,25,30,20
17,648,3.201687470404264e-05,0.8783508128654873,0.07970638910779973,0.04191078115200983,25,30,20
17,649,3.2089225565119165e-05,0.878383498855361,0.07967348741130187,0.041910924507772326,25,30,20
17,650,3.208651163801893e-05,0.8783859589545099,0.07967141515818948,0.04191053937566263,25,30,20
17,651,3.208640625472083e-05,0.8791275045540808,0.07892987369045451,0.041910535349209875,25,30,20
17,652,3.208503838699742e-05,0.8791286952557924,0.07892868439910192,0.04191053530671871,25,30,20
17,653,3.201127292999408e-05,0.8791182135597174,0.07893946138814867,0.04191031377920422,25,30,20
17,654,2.840262549406795e-05,0.879443726555709,0.08045226811308659,0.04007560270570902,25,30,20
17,655,2.4834234686997144e-05,0.8790876314592108,0.08082216713095303,0.04006536717514817,25,30,20
17,656,2.475178428952908e-05,0.8791070083939018,0.08080310679483463,0.04006513302697184,25,30,20
17,657,3.168986180126522e-05,0.888175347969389,0.07116154009591488,0.040631422072894996,25,30,20
17,658,3.1765228383517317e-05,0.8881739431342964,0.07116255983932147,0.0406317317979987,25,30,20
17,659,3.1841939376334175e-05,0.8881717151116604,0.07116456032775152,0.04063188262121205,25,30,20
17,660,3.663027899090412e-05,0.8878122382021246,0.07150974880285946,0.040641382716025284,25,30,20
17,661,3.6553560843118875e-05,0.8878177214022424,0.07150449445865101,0.040641230578263396,25,30,20
17,662,3.6554887962636325e-05,0.8878143957345057,0.07150781747326795,0.04064123190426368,25,30,20
17,663,3.655757791542658e-05,0.8878134323205912,0.071508779645914,0.04064123045557912,25,30,20
17,664,3.663275989179639e-05,0.8871176025982507,0.07220446197930235,0.04064130266255516,25,30,20
17,665,3.1838974508555044e-05,0.8875155143621123,0.0718251112658835,0.0406275353974953,25,30,20
17,666,3.183897778702109e-05,0.887514836713176,0.07182578486617974,0.04062753944285702,25,30,20
17,667,2.75990601667994e-05,0.8872552470246065,0.07212512601861368,0.040592027896612176,25,30,20
17,668,2.529264728573677e-05,0.887247741254991,0.07175351374783996,0.0409734523498822,25,30,20
17,669,2.529261870230382e-05,0.8872633446590104,0.07173776107989467,0.04097360164239162,25,30,20
17,670,2.5217249961035905e-05,0.8872648424781662,0.07173647986750357,0.04097346040436782,25,30,20
17,671,2.5220016906691944e-05,0.887261797556365,0.0717392875315979,0.04097369489512854,25,30,20
17,672,2.5218657306583344e-05,0.8872619814260218,0.071739101165007,0.04097369875166296,25,30,20
17,673,1.805871047541813e-05,0.8781900854095079,0.08137812989252152,0.04041372598749672,25,30,20
17,674,2.4682595664394984e-05,0.8781975610131283,0.08175798723678122,0.04001976915442585,25,30,20
17,675,2.4681264955918018e-05,0.8781995853934697,0.08175611903023855,0.0400196143113345,25,30,20
17,676,2.483876710307706e-05,0.8781524550415222,0.08180285623762895,0.04001984995374443,25,30,20
17,677,2.4838757652332384e-05,0.8781528638365995,0.08180260097644494,0.04001969642930229,25,30,20
17,678,1.9970764245839685e-05,0.8785324707007736,0.08143744342186425,0.04001011511311548,25,30,20
17,679,1.996942040241476e-05,0.8785338139974196,0.08143610410938346,0.04001011247279372,25,30,20
17,680,2.0044788031095317e-05,0.8785330240418543,0.08143666666357259,0.04001026450654038,25,30,20
17,681,2.0044755393840287e-05,0.8785344370485944,0.08143525511527644,0.04001026308073463,25,30,20
17,682,2.0043372592964465e-05,0.8785350795496264,0.08143484844584319,0.04001002863193658,25,30,20
17,683,2.0127056718075446e-05,0.8785113449368249,0.08145849237430794,0.040010035632148354,25,30,20
17,684,2.0044106855497662e-05,0.8785174239161491,0.08145243950379141,0.040010092473202974,25,30,20
17,685,2.0197552372831743e-05,0.8785100193705746,0.08145930425739714,0.04001047881965444,25,30,20
17,686,1.1150864178866752e-05,0.8784958519279346,0.0814922717349674,0.04000072547291781,25,30,20
17,687,1.1226230843899267e-05,0.8784929366244576,0.08149495685231313,0.04000088029238446,25,30,20
17,688,1.1381097635310247e-05,0.8784821176460098,0.08150531385289601,0.04000118740345819,25,30,20
17,689,1.1304380201574719e-05,0.8784862077547346,0.08150145663506786,0.040001031229995244,25,30,20
17,690,1.1304335977738178e-05,0.8784868915688374,0.08150085105070168,0.040000953044482375,25,30,20
17,691,1.1144264223688947e-05,0.8785646133964065,0.08142329624752057,0.040000946091847914,25,30,20
17,692,1.1067577073092885e-05,0.8785681656653006,0.08142005075532076,0.04000071600230393,25,30,20
17,693,1.1300468853929068e-05,0.8785541549365824,0.08143336276183911,0.04000118183272301,25,30,20
17,694,1.130044166923626e-05,0.8785540780897663,0.08143127406489796,0.04000334740366578,25,30,20
17,695,1.1206577374792573e-05,0.8785539445966102,0.08143838455078128,0.03999646427523477,25,30,20
17,696,1.1281907931097685e-05,0.8785507488211236,0.08144135835376025,0.039996610917185885,25,30,20
17,697,1.112701990772207e-05,0.8785622807655179,0.08143028977359544,0.03999630244097954,25,30,20
17,698,1.1283193565648114e-05,0.8785513800671378,0.08144072197506606,0.03999661476423123,25,30,20
17,699,1.128456024373182e-05,0.8785487241590818,0.08144337385393433,0.03999661742674091,25,30,20
17,700,1.1125586886107962e-05,0.8785356154466111,0.08145688074698018,0.039996378219523274,25,30,20
17,701,1.1203686801528458e-05,0.8785286387961923,0.08146346698602606,0.039996690530980025,25,30,20
17,702,1.1205053334828696e-05,0.8785794961123752,0.0814126083125641,0.03999669052172577,25,30,20
17,703,1.1203695031941679e-05,0.8785798588986751,0.08141224681176006,0.03999669059453286,25,30,20
17,704,1.12023863956075e-05,0.8785798283542369,0.08141235670334288,0.03999661255602431,25,30,20
17,705,1.1359603388665307e-05,0.8787156078419032,0.07950571332734334,0.04176731922736574,25,30,20
17,706,1.1359626960127819e-05,0.8787156886377745,0.07950829841193333,0.041764653323332866,25,30,20
17,707,1.1125389847074483e-05,0.8787535067310744,0.07947118041176536,0.04176418746731391,25,30,20
17,708,1.1126721538930581e-05,0.8787530901240911,0.07947159833655738,0.04176418481781313,25,30,20
17,709,1.1125354966342027e-05,0.8787566333984413,0.07946805649103056,0.04176418475556198,25,30,20
17,710,1.0971957458890696e-05,0.8794376580184613,0.07878709564036843,0.0417642743837113,25,30,20
17,711,1.0896582195549009e-05,0.8791207077959525,0.0791042719629112,0.041764123658940645,25,30,20
17,712,1.0899377979422933e-05,0.8791178402250874,0.07910705287250222,0.04176420752443135,25,30,20
17,713,1.0737956558940534e-05,0.8790157238950997,0.08098037654531468,0.03999316160302652,25,30,20
17,714,1.0818783387397441e-05,0.8789832348491744,0.08101238692719162,0.03999355944024672,25,30,20
17,715,1.089558572241212e-05,0.8789834584489473,0.08101897044327816,0.03998667552205276,25,30,20
17,716,1.0896918258899957e-05,0.878980748541573,0.0810217543185514,0.039986600221617055,25,30,20
17,717,1.1129862895469377e-05,0.8789681899112969,0.08103384705683501,0.0399868331689728,25,30,20
17,718,1.1131216367053088e-05,0.878966832641627,0.08103520028933962,0.03998683585266699,25,30,20
17,719,1.4372490953443744e-05,0.8789650027997031,0.0810297261903572,0.039990898518985823,25,30,20
17,720,1.4447878910544695e-05,0.8789616370021862,0.08103294133754023,0.03999097378136303,25,30,20
17,721,1.4449249995831458e-05,0.8789589870982109,0.08103574196852201,0.0399908216832713,25,30,20
17,722,1.4376617464642026e-05,0.8789592705925187,0.08103537199508427,0.03999098079493182,25,30,20
17,723,1.4375279992862473e-05,0.8792827269621004,0.0807119195683185,0.03999097818958763,25,30,20
17,724,1.4375278265603816e-05,0.8792813374689465,0.08071330892205289,0.03999097833073442,25,30,20
17,725,1.4147913196245e-05,0.8792885558695182,0.08070654453487412,0.03999075168241109,25,30,20
17,726,1.406419978832667e-05,0.8793126003898528,0.080682593527158,0.0399907418832008,25,30,20
17,727,1.4062867135326109e-05,0.8793153434579986,0.08067985455316018,0.039990739121705816,25,30,20
17,728,1.3909428983737346e-05,0.8793237287584001,0.08067192814828512,0.03999043366432977,25,30,20
17,729,1.3909404946805678e-05,0.879323558219615,0.08067210152340243,0.03999043085203386,25,30,20
17,730,1.3833984705015008e-05,0.8793234168291708,0.08067716018243506,0.03998558900368764,25,30,20
17,731,1.3831275396137203e-05,0.879325612605073,0.08067489724211394,0.03998565887741554,25,30,20
17,732,1.3832604193572729e-05,0.8793264760481573,0.08067387917930414,0.03998581216834351,25,30,20
17,733,1.3831267850377822e-05,0.8793272620522881,0.08067301645099505,0.039985890228865444,25,30,20
17,734,1.3838472768463738e-05,0.8792912739717302,0.0807042308781733,0.039990656677326195,25,30,20
17,735,1.067424086369008e-05,0.8792883362138514,0.08065846515525095,0.040042524390032384,25,30,20
17,736,3.074627242807311e-05,0.8826755303554549,0.07643392181313038,0.040859801558987156,25,30,20
17,737,3.0743422180188534e-05,0.8827091002615138,0.07640511259141342,0.040855043724893035,25,30,20
17,738,3.12445712737706e-05,0.882720487390851,0.0759712196004662,0.04127704843740965,25,30,20
17,739,3.4046537761439165e-05,0.8793869597962474,0.08015456651884534,0.04042442714714393,25,30,20
17,740,3.404922617550562e-05,0.8793851918870572,0.08015609747294676,0.04042466141381848,25,30,20
17,741,3.4124596590613005e-05,0.8793830840852555,0.08015789436389775,0.040424896954254406,25,30,20
17,742,3.3813573015871775e-05,0.8794011899138975,0.08014064206356458,0.04042435444952051,25,30,20
17,743,3.381222655668831e-05,0.879403707403792,0.08013858520425295,0.040423895165396836,25,30,20
17,744,3.381088589610994e-05,0.8794065374602724,0.08013576606971956,0.04042388558411079,25,30,20
17,745,3.3233380607702376e-05,0.8794164045240263,0.08054885569721434,0.040001506398148576,25,30,20
17,746,3.323466960861314e-05,0.8794149723807854,0.08055020718457373,0.04000158576502923,25,30,20
17,747,3.323601131292954e-05,0.87941214037108,0.08055287889801582,0.04000174471958811,25,30,20
17,748,4.225485358034623e-05,0.879237366367437,0.08071839998668223,0.040001978792297166,25,30,20
17,749,4.24208356475835e-05,0.877888330099946,0.08206688190005317,0.04000236716434981,25,30,20
17,750,4.2497584517619856e-05,0.8778832401725128,0.08207182239848601,0.04000243984448078,25,30,20
17,751,4.249479704011021e-05,0.8778862705882914,0.0820688031783659,0.040002431436299696,25,30,20
17,752,4.249479238545922e-05,0.8778862642301019,0.08206880955040181,0.040002431427108395,25,30,20
17,753,4.249482440959069e-05,0.8778847742268503,0.08207022390940791,0.040002507039329664,25,30,20
17,754,4.2405524707459344e-05,0.8792697293398161,0.0806859895249127,0.04000187561056113,25,30,20
17,755,4.240684556798955e-05,0.8792698163275751,0.08068597806887402,0.040001798757980385,25,30,20
17,756,4.752470116272117e-05,0.8793705042775377,0.08050158467471659,0.04008038634658055,25,30,20
17,757,4.783696611725464e-05,0.8793527493107054,0.08051832477601949,0.04008108894715551,25,30,20
17,758,4.783696641700449e-05,0.8793522853036412,0.080518790082746,0.0400810876471938,25,30,20
17,759,4.783843402403324e-05,0.8793509896272517,0.08052000285086582,0.04008116908785657,25,30,20
17,760,4.783976875506031e-05,0.879334337969355,0.08053664776555557,0.04008117449633184,25,30,20
17,761,4.271756738212001e-05,0.8792109444869998,0.08074362946889689,0.04000270847672018,25,30,20
17,762,4.2716244550221615e-05,0.8792107817756784,0.08074372055727425,0.04000278142249654,25,30,20
17,763,4.2717613532184155e-05,0.8792071055811721,0.08074746953596575,0.04000270726932941,25,30,20
17,764,4.271756159338959e-05,0.8792069465241142,0.08073557021405867,0.040014765700233025,25,30,20
17,765,4.279298207835831e-05,0.8792029086976251,0.08073953930164436,0.04001475901865182,25,30,20
17,766,4.2792976196085535e-05,0.879201423353774,0.08074094522690195,0.04001483844312721,25,30,20
17,767,4.286975780028065e-05,0.8791589545977087,0.08078318515287242,0.04001499049161892,25,30,20
17,768,3.392498870951369e-05,0.8793287590825013,0.08062240464880975,0.0400149112799797,25,30,20
17,769,1.0979549617672213e-05,0.8792753638817038,0.08071932290992542,0.0399943336587538,25,30,20
17,770,1.1217716943427143e-05,0.8796162375408262,0.08037788846814813,0.03999465627408227,25,30,20
17,771,1.1212033973012123e-05,0.8796186033756225,0.08037553427390831,0.03999465031649767,25,30,20
17,772,1.113667791478996e-05,0.8796195926418799,0.08037477105044298,0.039994499629763244,25,30,20
17,773,1.1061245551149016e-05,0.8796249775804038,0.08036984929197226,0.03999411188207369,25,30,20
17,774,1.106125258073099e-05,0.8796394671543589,0.08035513350740492,0.03999433808565577,25,30,20
17,775,1.1055725877576804e-05,0.8796462525840087,0.08034859406130486,0.039994097628808956,25,30,20
17,776,1.1054371464072434e-05,0.8796483726400371,0.08034647679196065,0.039994096196538,25,30,20
17,777,1.09789984722163e-05,0.8796502619222296,0.08034481360511707,0.03999394547418098,25,30,20
17,778,1.105844906125496e-05,0.8796426642735233,0.08035217022725195,0.03999410705016396,25,30,20
17,779,1.1057028421620391e-05,0.8796440799330503,0.08035076549010739,0.03999409754842264,25,30,20
17,780,1.1213105614285596e-05,0.8796330381122585,0.0803614203020523,0.039994328480077,25,30,20
17,781,1.1055615085058434e-05,0.8796448036579223,0.08035012183998232,0.03999401888701213,25,30,20
17,782,1.0977538976365698e-05,0.8796399992787022,0.0803550836374148,0.039993939544908666,25,30,20
17,783,1.0979082204214425e-05,0.8796392070196083,0.08035587405623724,0.039993939841952125,25,30,20
17,784,1.1135226611537158e-05,0.8796233731667311,0.08037123949954562,0.03999425210711344,25,30,20
17,785,1.1133976698426893e-05,0.8796233765733595,0.08037105897625439,0.039994430473688974,25,30,20
17,786,1.1133945228684396e-05,0.8796248919204157,0.0803696192479403,0.03999435488641634,25,30,20
17,787,1.1054530628162327e-05,0.8796310073512565,0.08036373936108204,0.03999419875703459,25,30,20
17,788,1.1055866120721217e-05,0.8796299991395274,0.08036481626596333,0.03999412872839031,25,30,20
17,789,1.1210622718193098e-05,0.8796219019388795,0.08037245603584084,0.03999443140256329,25,30,20
17,790,1.121189880791216e-05,0.8796209739151358,0.0803733842250389,0.03999442996101916,25,30,20
17,791,1.1209013626180825e-05,0.8796211852199634,0.08037310079871457,0.03999450496769738,25,30,20
17,792,1.120764022791391e-05,0.879626141221387,0.08036814757125736,0.03999450356712916,25,30,20
17,793,1.5578603879746554e-05,0.8799092575503161,0.04414856319871261,0.07592660064709401,25,30,20
17,794,1.5345704867930015e-05,0.8799673210735253,0.04409119697782995,0.07592613624377917,25,30,20
17,795,1.5345730007711788e-05,0.879965698422823,0.04409305115263736,0.07592590469453425,25,30,20
17,796,1.5345725765783432e-05,0.8799655168410025,0.04409323274764687,0.0759259046855874,25,30,20
17,797,1.0979122184646003e-05,0.8799432954009676,0.040409720198740465,0.0796360052781099,25,30,20
17,798,1.0979124711976556e-05,0.8799395268018391,0.040413564161071926,0.07963592991237962,25,30,20
17,799,1.0979118557854575e-05,0.8799406614155041,0.04041243228153785,0.07963592718440292,25,30,20
17,800,1.0903755802743814e-05,0.8799401920477239,0.04041320442257711,0.07963569977389909,25,30,20
17,801,1.0831126766978245e-05,0.8799426541125538,0.040411043818085794,0.0796354709425944,25,30,20
17,802,1.0831104186547717e-05,0.8799413716345675,0.040412176944849436,0.07963562031639718,25,30,20
17,803,1.0831023385343612e-05,0.8799414423520391,0.04041049342235515,0.07963723320222145,25,30,20
17,804,1.082651325638464e-05,0.8796803795004225,0.04034095267091223,0.0799678413154106,25,30,20
17,805,1.082653454619074e-05,0.8796803068581525,0.0403420700930415,0.07996679651426156,25,30,20
17,806,1.082521308859557e-05,0.8796825890229872,0.04033986729629866,0.07996671846762723,25,30,20
17,807,1.0823874942358439e-05,0.8796850301244001,0.04033765915221097,0.07996648684844676,25,30,20
17,808,1.083092377989069e-05,0.8796367115886659,0.04038588396335778,0.07996657352419648,25,30,20
17,809,1.0830901515105341e-05,0.8796508190481105,0.04037170227101555,0.07996664777935904,25,30,20
17,810,1.0909036255786037e-05,0.8796488631933742,0.04037334696667304,0.07996688080369714,25,30,20
17,811,1.0829533634645467e-05,0.8796548927712946,0.04036755459479411,0.07996672310027679,25,30,20
17,812,1.0832236225895721e-05,0.8796495091390177,0.040372931513149066,0.07996672711160788,25,30,20
17,813,1.0754131823215959e-05,0.8796548453183803,0.04036782962301505,0.07996657092678204,25,30,20
17,814,1.075416031569876e-05,0.879653121147004,0.040369555080162316,0.07996656961251845,25,30,20
17,815,1.0755504155238827e-05,0.8796517659791087,0.040370907587750124,0.07996657092898624,25,30,20
17,816,1.0756922428527184e-05,0.8796442365827741,0.0403784340999107,0.07996657239488685,25,30,20
17,817,1.0754178281465275e-05,0.8796493848317894,0.04037321730683355,0.07996664368309578,25,30,20
17,818,1.0906277689225632e-05,0.8796454827923651,0.04037666033191461,0.07996695059803115,25,30,20
17,819,1.0908991443544134e-05,0.8796419102475219,0.04038007256212689,0.07996710819890776,25,30,20
17,820,1.0910451048827178e-05,0.8796436811757015,0.04037829728909706,0.07996711108415275,25,30,20
17,821,1.067622301638214e-05,0.8796561113437502,0.040366640975342885,0.07996657145789074,25,30,20
17,822,1.0752964295407858e-05,0.879650550295228,0.040371817013392944,0.07996687972708401,25,30,20
17,823,1.0750229383149938e-05,0.8796549717881724,0.04036763263246256,0.07996664534998224,25,30,20
17,824,1.0751584341932102e-05,0.8796527350501562,0.04036994076383599,0.07996657260166637,25,30,20
17,825,1.0674845135594428e-05,0.8796581223582703,0.04036493439468759,0.07996626840190693,25,30,20
17,826,1.0674870510775929e-05,0.879658018835142,0.040364966502152606,0.07996633979219454,25,30,20
17,827,1.0676220132001068e-05,0.8796563095314458,0.04036667310230779,0.079966341146115,25,30,20
17,828,1.0672164697796683e-05,0.8796597173783733,0.04036273324197464,0.07996687721495462,25,30,20
17,829,1.0672091709306602e-05,0.8796635014634855,0.040359493555099706,0.07996633288970584,25,30,20
17,830,1.0517280455512995e-05,0.8796734506304373,0.04034993201846074,0.07996610007064688,25,30,20
17,831,1.0595351192085097e-05,0.8796656916199875,0.04035753349396712,0.07996617953485365,25,30,20
17,832,1.0595394385909279e-05,0.8796646074620914,0.04035862165984496,0.07996617548367797,25,30,20
17,833,1.0504442547159717e-05,0.8791234970433685,0.04089987726152064,0.07996612125256387,25,30,20
17,834,1.0504467022407417e-05,0.8791221296405384,0.04090116919244964,0.07996619669998997,25,30,20
17,835,1.0581200014114428e-05,0.8791176018854376,0.04090554348041972,0.07996627343412926,25,30,20
17,836,1.0657902707733924e-05,0.8791154843769674,0.040907276036931825,0.07996658168339363,25,30,20
17,837,1.0656641728089646e-05,0.8791159541919208,0.04090695678987268,0.0799664323764791,25,30,20
17,838,1.9682228486873795e-05,0.8775731226101291,0.04242684695385677,0.07998034820752792,25,30,20
17,839,1.9682230688553487e-05,0.8775731225021537,0.04242592314606416,0.0799812721210945,25,30,20
17,840,1.9683576605933933e-05,0.8775570662675267,0.0424419765935372,0.0799812735623317,25,30,20
17,841,1.970217890576839e-05,0.8780746923779498,0.04192443143645096,0.07998117400669467,25,30,20
17,842,1.9700822583460844e-05,0.8780768289534495,0.04192229895187493,0.07998117127209328,25,30,20
17,843,1.9864957815069667e-05,0.8791787688060307,0.04082437970185801,0.07997698653429745,25,30,20
17,844,1.986499546031251e-05,0.879176077513528,0.04082707227485107,0.07997698521616191,25,30,20
17,845,1.986498984300086e-05,0.8791792139218536,0.04082370294583313,0.07997721814247048,25,30,20
17,846,1.9866341929993267e-05,0.8791793715584653,0.04086930422562119,0.0799314578739836,25,30,20
17,847,1.9866351817078677e-05,0.8791787891314153,0.04086973042103211,0.0799316140957355,25,30,20
17,848,1.0913299005968355e-05,0.8794730164920823,0.040584918685059417,0.07993115152385252,25,30,20
17,849,1.0988573399236304e-05,0.8794674146602803,0.040590294635240304,0.07993130213108011,25,30,20
17,850,1.098151962955059e-05,0.8795301262358596,0.04052759874527372,0.07993129349923724,25,30,20
17,851,1.0981521841398165e-05,0.8795313052362198,0.040526421031127906,0.07993129221081183,25,30,20
17,852,1.10582277484382e-05,0.8795280896471942,0.04052932692155065,0.07993152520350728,25,30,20
17,853,1.1059534010527741e-05,0.8795269054945072,0.04053027511972579,0.07993175985175685,25,30,20
17,854,1.1217114579027924e-05,0.8795279216013249,0.040545801397574806,0.07991505988652144,25,30,20
17,855,1.1395459397272138e-05,0.8951738354020862,0.02464102307747829,0.08017374606103837,25,30,20
17,856,1.139410425733341e-05,0.8951762888930943,0.024638573723547722,0.08017374327910008,25,30,20
17,857,1.1469498220976924e-05,0.8951720769389039,0.024642481434792755,0.0801739721280815,25,30,20
17,858,1.123555990462603e-05,0.8953160936855897,0.02450803867946681,0.080164632075038,25,30,20
17,859,1.1235559458213141e-05,0.8953165832623408,0.024507550479777467,0.08016463069842239,25,30,20
17,860,1.1161736696627311e-05,0.8953204792185858,0.024503796481686293,0.08016456256303003,25,30,20
17,861,1.1163009217608408e-05,0.8953182767985318,0.024506001793830938,0.08016455839841832,25,30,20
17,862,1.11630617241502e-05,0.8953177182026838,0.024506557488233428,0.08016456124735823,25,30,20
17,863,1.1087742709122138e-05,0.8953209762733135,0.024503452636783118,0.08016448334719381,25,30,20
17,864,1.1010984548738338e-05,0.8953258094677762,0.0244988510043879,0.08016432854328755,25,30,20
17,865,1.0928577763201425e-05,0.8953602414862699,0.02446465995552765,0.0801641699804382,25,30,20
17,866,1.0929896137266413e-05,0.8953592876948264,0.024465527623011952,0.08016425478602333,25,30,20
17,867,1.5648997886853268e-05,0.8950161001537447,0.024794788572594796,0.08017346227577271,25,30,20
17,868,1.5648950108565018e-05,0.8950180933368107,0.02479264204171285,0.080173615671366,25,30,20
17,869,1.565028273348122e-05,0.8950158712408499,0.024794706433477188,0.08017377204293774,25,30,20
17,870,1.5577935278905833e-05,0.8949724219097951,0.024838372756750667,0.08017362739817414,25,30,20
17,871,1.5576615644329574e-05,0.8949880079240031,0.024822788125643123,0.08017362733470745,25,30,20
17,872,1.5499874464336322e-05,0.8949920057579444,0.024819015082121004,0.08017347928546878,25,30,20
17,873,1.5653412684073144e-05,0.8949852061093481,0.024825513026561552,0.08017362745140467,25,30,20
17,874,1.100967454270044e-05,0.8953255845203656,0.024499068403547986,0.08016433740154234,25,30,20
17,875,1.1015277553846885e-05,0.89528982812386,0.024530438965856417,0.08016871763272784,25,30,20
17,876,1.1090669335395097e-05,0.8952868176321764,0.024533375450584156,0.08016871624790217,25,30,20
17,877,1.1090697118820593e-05,0.8952858588954868,0.02453433684507795,0.08016871356231439,25,30,20
17,878,1.565777104264609e-05,0.8949448022121146,0.024857357311466113,0.08018218270537465,25,30,20
17,879,1.5657763083837088e-05,0.8949448007884153,0.024815059512013557,0.08022448193648592,25,30,20
17,880,1.5656445524879085e-05,0.8949457500515535,0.024814189576115413,0.08022440392680456,25,30,20
17,881,1.5656442195867387e-05,0.894945667469904,0.02481419678464385,0.08022447930325458,25,30,20
17,882,1.565661135288473e-05,0.8949090440997951,0.024850813811629874,0.08022448547722051,25,30,20
17,883,1.5658032905908685e-05,0.8949082551661411,0.024851589810502946,0.08022449699044844,25,30,20
17,884,1.5582652039352176e-05,0.8949124472616138,0.02484769915426808,0.08022427093207694,25,30,20
17,885,1.5507254874893552e-05,0.8949161107678144,0.024844261863573816,0.08022412011373517,25,30,20
17,886,1.550702871108507e-05,0.8949534876506555,0.024806891447885032,0.08022411387274646,25,30,20
17,887,1.550704538195399e-05,0.8949541105196255,0.024806112327796184,0.08022427010719495,25,30,20
17,888,1.5582431821928093e-05,0.8949444346590346,0.02481556067160378,0.08022442223753842,25,30,20
17,889,1.5163075405271191e-05,0.9188837201704836,0.0011357037580928277,0.07996541299601727,25,30,20
17,890,1.5241127952852495e-05,0.9188873607589269,0.0011318303445465232,0.07996556776857275,25,30,20
17,891,1.5243798040787028e-05,0.9188836966938403,0.0011356400652549998,0.07996541944286256,25,30,20
17,892,1.5167068482935637e-05,0.918888231849585,0.001131333632077407,0.07996526744985379,25,30,20
17,893,1.0450686781928213e-05,0.9192329871766708,0.0008050624248971372,0.07995149971164914,25,30,20
17,894,1.0450789205049275e-05,0.9192073738305251,0.0008306715772957759,0.07995150380297297,25,30,20
17,895,1.0449340324682566e-05,0.9192080914305089,0.000830042479755118,0.07995141674941043,25,30,20
17,896,1.0444960911186394e-05,0.9192240968726453,0.0008140501526223237,0.07995140801382047,25,30,20
17,897,1.0443627267730057e-05,0.9192244565545691,0.0008136945407685157,0.0799514052773941,25,30,20
17,898,1.0521738489135813e-05,0.9191815851571531,0.0008563301873276353,0.07995156291702923,25,30,20
17,899,1.0755161368500425e-05,0.9192020747623854,0.0008397518522734242,0.07994741822397193,25,30,20
17,900,1.083187080542237e-05,0.9191980982950851,0.0008435008113327927,0.07994756902277582,25,30,20
17,901,1.0592821291209328e-05,0.9192154313798262,0.0008268767038003276,0.07994709909508138,25,30,20
17,902,1.0435238349830831e-05,0.9192144907413656,0.0008136816771738465,0.07996139234310987,25,30,20
17,903,1.0435259030449323e-05,0.9192143183912578,0.0008139307753450328,0.0799613155743654,25,30,20
17,904,1.0671699400201342e-05,0.9190338091681057,0.0009848677829539217,0.07997065134953861,25,30,20
17,905,1.5388740049617987e-05,0.918648751404755,0.0013426968658339982,0.07999316298935995,25,30,20
17,906,1.5396873958987502e-05,0.9185855725810864,0.001405396858100331,0.07999363368685289,25,30,20
17,907,1.5395588638204454e-05,0.9185869136516425,0.0014040582722581096,0.0799936324874599,25,30,20
17,908,1.531752370135624e-05,0.9185908433054766,0.001400283396822579,0.07999355577399833,25,30,20
17,909,1.5242135865717113e-05,0.9185936714765766,0.0013977607605362868,0.07999332562702034,25,30,20
17,910,1.5161131727170712e-05,0.9185993188398985,0.0013924372415167246,0.07999308278685631,25,30,20
17,911,1.5161209233856721e-05,0.9185847716237951,0.0014070542343207143,0.0799930129326487,25,30,20
17,912,1.5161460021789326e-05,0.918540377998388,0.0014515139564942286,0.07999294658509531,25,30,20
17,913,1.5162780474567046e-05,0.9185397479732706,0.001452141366004501,0.07999294788024972,25,30,20
17,914,1.5163873780446415e-05,0.9185825119714599,0.0014093867323197215,0.07999293742243939,25,30,20
17,915,1.5317471760471785e-05,0.9185829030239228,0.001434621866870365,0.07996715763744529,25,30,20
17,916,1.5316154597047902e-05,0.9185835285287771,0.001433998963999657,0.07996715635262511,25,30,20
17,917,1.5312069680767614e-05,0.9185867483525045,0.001430790021840488,0.07996714955597298,25,30,20
17,918,1.538882370886153e-05,0.918580656533355,0.001436652759770769,0.0799673018831641,25,30,20
17,919,1.545999127207529e-05,0.9185808930596316,0.0014361233579526403,0.07996752359114231,25,30,20
17,920,1.5222195097903207e-05,0.9187233687360681,0.0013033034218001855,0.07995810564703251,25,30,20
17,921,1.5222137927565708e-05,0.9187238634612445,0.0013028088929122824,0.07995810550791432,25,30,20
17,922,1.5215289890663297e-05,0.9188076628309904,0.0012194899203745626,0.07995763195874261,25,30,20
17,923,1.5293368287196706e-05,0.9188019632397298,0.0012249566944366203,0.07995778669754477,25,30,20
17,924,1.5293346599270695e-05,0.9188040922822215,0.0012228208823368521,0.07995779348884124,25,30,20
17,925,2.009705677087599e-05,0.9185174723222959,0.001494948204055663,0.07996748241687672,25,30,20
17,926,2.009840177614798e-05,0.9185171778295644,0.0014952440713020276,0.07996747969735682,25,30,20
17,927,2.009707446852773e-05,0.9185183551311488,0.0014941474772613955,0.07996740031712052,25,30,20
17,928,1.5296162183678038e-05,0.9187899643255988,0.0012370212508424946,0.07995771826137434,25,30,20
17,929,1.5296161725799227e-05,0.9187885594595031,0.0012385028950039755,0.07995764148376638,25,30,20
17,930,1.5296122532278226e-05,0.9187923468594835,0.0012345621049511218,0.07995779491303245,25,30,20
17,931,1.52974878549014e-05,0.9187894397917316,0.0012374664238465401,0.0799577962965658,25,30,20
17,932,1.537423424796005e-05,0.91878641237511,0.001240418632875185,0.07995779475776568,25,30,20
17,933,1.5375552164601274e-05,0.9187864615101955,0.0012402887884061483,0.07995787414923324,25,30,20
17,934,1.5450966503699545e-05,0.918742076202136,0.0012845192180574497,0.0799579536133023,25,30,20
17,935,1.5450968495826085e-05,0.9187410822432301,0.001285514493317464,0.0799579522949561,25,30,20
17,936,1.537562333102529e-05,0.9187446229639036,0.0012820436236438046,0.07995795778912086,25,30,20
17,937,1.0660029300270302e-05,0.9191278299536143,0.0009259882984741889,0.07993552171861079,25,30,20
17,938,1.066005027845471e-05,0.9191264107259669,0.0009273279829543213,0.07993560124079972,25,30,20
17,939,1.0658761759395483e-05,0.9191279350278456,0.0009258021719554412,0.07993560403843901,25,30,20
17,940,1.0731363197765148e-05,0.919120128295903,0.0009333113233762217,0.07993582901752216,25,30,20
17,941,1.0731330946701033e-05,0.9191210251680694,0.0009324185759132659,0.07993582492506966,25,30,20
17,942,1.072998339778084e-05,0.919153952354163,0.0008994187006493739,0.07993589896178815,25,30,20
17,943,1.0653272279506424e-05,0.9191991688698445,0.0008545131080232714,0.0799356647498512,25,30,20
17,944,1.0651848579689955e-05,0.9191997892220332,0.0008537380668854418,0.07993582086250023,25,30,20
17,945,1.0575099464683068e-05,0.9192073328507081,0.0008463479951311158,0.07993574405469452,25,30,20
17,946,1.057641729082912e-05,0.919206005977037,0.0008476681784145866,0.07993574942725618,25,30,20
17,947,1.0737630604661516e-05,0.9191942673941944,0.0008589217757711716,0.07993607319942886,25,30,20
17,948,1.0661032040313894e-05,0.9192061001760288,0.0008473986613573114,0.07993584013057266,25,30,20
17,949,1.0663700913716511e-05,0.9192041082880972,0.0008493838180877367,0.07993584419290073,25,30,20
17,950,1.0659593035226767e-05,0.9192451454627992,0.0008083590133230781,0.07993583593084136,25,30,20
17,951,1.0660889895384681e-05,0.9192419044434904,0.0008115973936594041,0.07993583727295393,25,30,20
17,952,1.0737592424613176e-05,0.9192762071359398,0.0007771385968427484,0.07993591667479173,25,30,20
17,953,1.0660848897333522e-05,0.9192678252817633,0.0007855985328755721,0.07993591533646295,25,30,20
17,954,1.066217220369908e-05,0.9192679033417968,0.0007841396799339868,0.07993729480606451,25,30,20
17,955,1.0665116428865034e-05,0.9192651197795461,0.0007870706693685358,0.07993714443465537,25,30,20
17,956,1.0740506253933467e-05,0.9192624678883018,0.0007894991538501716,0.07993729245159305,25,30,20
17,957,1.0663967743609258e-05,0.9192655282167919,0.0007866643077299406,0.07993714350773372,25,30,20
17,958,1.0659703052965474e-05,0.9192703626272164,0.0007819194362467138,0.07993705823348296,25,30,20
17,959,1.0661039077731153e-05,0.9192692098692585,0.0007829160495995142,0.07993721304206326,25,30,20
17,960,1.5447802110796416e-05,0.9188605097467106,0.0011770308901560198,0.07994701156102207,25,30,20
17,961,1.5521807513890922e-05,0.9188594860675938,0.001178062848611605,0.07994692927628025,25,30,20
17,962,1.5520464364132525e-05,0.9188593298525326,0.0011775833295769938,0.0799475663535257,25,30,20
17,963,1.5521837428221957e-05,0.9188569853239262,0.001179614054479751,0.07994787878416502,25,30,20
17,964,1.5758930843671085e-05,0.9187639054030312,0.0012677715273061384,0.07995256413881871,25,30,20
17,965,1.560683170263692e-05,0.9187708467861913,0.0012610561194426218,0.07995249026266324,25,30,20
17,966,1.0820090347393798e-05,0.919178278082666,0.0008679071847226793,0.0799429946422638,25,30,20
17,967,1.081869429129922e-05,0.9191823319185404,0.0008641671760556488,0.0799426822111125,25,30,20
17,968,1.0818673262369363e-05,0.9191821106617059,0.000864384434611754,0.07994268623041964,25,30,20
17,969,1.0818665034917949e-05,0.9191834534724853,0.0008630416547617904,0.07994268620771759,25,30,20
17,970,1.081729669084509e-05,0.919186693253614,0.0008600375664992153,0.07994245188319546,25,30,20
17,971,1.0743293693132036e-05,0.919169797192274,0.0008769171526614583,0.07994254236137104,25,30,20
17,972,1.0744654168338247e-05,0.9191680587543578,0.0008787295582231802,0.07994246703324992,25,30,20
17,973,1.0747382786322971e-05,0.9191634825904691,0.0008830659098986166,0.07994270411684497,25,30,20
17,974,1.0508945464893257e-05,0.9192581974283195,0.0007931994710977107,0.07993809415511713,25,30,20
17,975,1.0424470185359894e-05,0.9192653564413064,0.0007862952758613024,0.07993792381264622,25,30,20
17,976,1.0349097963669544e-05,0.919267061772687,0.0007848173363618597,0.07993777179298674,25,30,20
17,977,1.035194254835113e-05,0.9192676487543437,0.0007842999732002445,0.07993769932990688,25,30,20
17,978,1.035321935146331e-05,0.9192797970969028,0.0007719198691298613,0.07993792981461537,25,30,20
17,979,1.0200984262133249e-05,0.9192796443701385,0.0007484085621894897,0.07996174608340917,25,30,20
17,980,1.0200985550892994e-05,0.9192801296932959,0.0007479259728492564,0.07996174334830336,25,30,20
17,981,1.0200981157952973e-05,0.9192916997686694,0.0007365080579194004,0.07996159119225292,25,30,20
17,982,1.019675315507027e-05,0.9192938317391469,0.0007345422908344165,0.07996142921686326,25,30,20
17,983,1.0351572699094224e-05,0.919285813410479,0.0007419426939597442,0.07996189232286201,25,30,20
17,984,1.0352913061102374e-05,0.9192827072275214,0.000745047526289601,0.07996189233312757,25,30,20
17,985,1.0351852741697182e-05,0.9192501975028029,0.0007778001609576106,0.07996165048349757,25,30,20
17,986,1.042868914934472e-05,0.9192444913292377,0.0007833524810097868,0.07996172750060251,25,30,20
17,987,1.0503804431961335e-05,0.9192909729251073,0.0007364113589902821,0.07996211191146978,25,30,20
17,988,1.0503782607300624e-05,0.9192918635621887,0.0007357540236755621,0.07996187863152765,25,30,20
17,989,1.0428318563920349e-05,0.9192952442500558,0.0007324396069282406,0.07996188782445146,25,30,20
17,990,1.938346076947918e-05,0.9191403767234368,0.0008778773348735006,0.0799623624809197,25,30,20
17,991,1.9306726134202254e-05,0.9191449959933817,0.0008734895623845665,0.0799622077180992,25,30,20
17,992,1.9309439857645147e-05,0.9191423046473562,0.000876017943974563,0.07996236796881105,25,30,20
17,993,1.9383491108728504e-05,0.9191392365818742,0.0008789392065942485,0.07996244072042223,25,30,20
17,994,1.9457572470578398e-05,0.9191321545158416,0.0008860293746951241,0.07996235853699203,25,30,20
17,995,1.9380833689838306e-05,0.9191377223984284,0.0008808452897850933,0.07996205147809612,25,30,20
17,996,3.2808291814734535e-05,0.9186779648832109,0.0013176106062213972,0.07997161621875257,25,30,20
17,997,3.273563504068516e-05,0.9186837619445385,0.0013117230930511357,0.07997177932736917,25,30,20
17,998,3.280972757447534e-05,0.9186708174348734,0.0013244454685343498,0.0799719273690171,25,30,20
17,999,3.288901625623198e-05,0.9187050056961118,0.0012900246948636894,0.07997208059276734,25,30,20
17,1000,4.66736154676592e-05,0.9178845866467401,0.0020695494156798924,0.07999919032211135,25,30,20
17,1001,3.772117976812822e-05,0.9180354762098156,0.0019280840829290628,0.07999871852748648,25,30,20
17,1002,3.772118026412285e-05,0.9180337238806353,0.001929760895223866,0.07999879404387551,25,30,20
17,1003,4.231442403473225e-05,0.9180338808749682,0.00203596976816104,0.07988783493283493,25,30,20
17,1004,4.2391234935609264e-05,0.9180306199461922,0.0020390002627997754,0.07988798855607143,25,30,20
17,1005,4.2467793859779026e-05,0.9180266901271139,0.0020426223108050696,0.0798882197682205,25,30,20
17,1006,4.25403821697138e-05,0.9180249407870444,0.002044077031094679,0.07988844179969098,25,30,20
17,1007,4.2539086535870924e-05,0.91802622709441,0.002042716486024037,0.07988851733303005,25,30,20
17,1008,4.2539110458113434e-05,0.9173073071798525,0.002761325354370268,0.07988882835531905,25,30,20
17,1009,4.253499441647854e-05,0.9173117817433583,0.002757170190963915,0.07988851307126157,25,30,20
17,1010,4.2613076283486404e-05,0.9180260123891877,0.0020427847192920324,0.07988858981523717,25,30,20
17,1011,4.2691156380379066e-05,0.9180184300836028,0.0020502177990246832,0.07988866096099251,25,30,20
17,1012,5.190177547629463e-05,0.9175606027758524,0.002489241570891667,0.07989825387778023,25,30,20
17,1013,5.1901781122671065e-05,0.917560086811596,0.0024897562695920224,0.07989825513769,25,30,20
17,1014,5.6502160154216415e-05,0.917405799237908,0.0026390422907222348,0.07989865631121629,25,30,20
17,1015,5.634735259038919e-05,0.9174185838181511,0.002626720741410515,0.0798983480878489,25,30,20
17,1016,4.2918562222335844e-05,0.9178796725050712,0.002188628321799697,0.07988878061090705,25,30,20
17,1017,4.284309889244818e-05,0.9178937334120353,0.0021747923860860516,0.07988863110298676,25,30,20
17,1018,4.276498054186374e-05,0.9179004167562188,0.0021681898462736714,0.07988862841696599,25,30,20
17,1019,3.816591866524817e-05,0.9180556037904201,0.002018077228443924,0.07988815306247134,25,30,20
17,1020,3.8165920485535916e-05,0.9180552836028817,0.0020183192841799038,0.0798882311924535,25,30,20
17,1021,3.808920939499812e-05,0.918060701867356,0.0020131285070689726,0.07988808041618008,25,30,20
17,1022,3.809062811572854e-05,0.9180599561695023,0.0020137959471086308,0.07988815725527335,25,30,20
17,1023,3.357549663175272e-05,0.9180600334691538,0.0019118716701951456,0.07999451936401915,25,30,20
17,1024,3.357552020484199e-05,0.9180582429123042,0.00191366350253069,0.07999451806496008,25,30,20
17,1025,3.357416789669055e-05,0.9180595234091407,0.0019125392189068937,0.07999436320405585,25,30,20
17,1026,3.349474838958111e-05,0.9180665426439246,0.001905985826656939,0.07999397678102847,25,30,20
17,1027,3.3649556550608756e-05,0.9180568011785543,0.0019152642619442287,0.07999428500295055,25,30,20
17,1028,2.444030663572736e-05,0.9185094954007321,0.0014814475705565084,0.07998461672207519,25,30,20
17,1029,2.4436204570091753e-05,0.9185091734379554,0.0014767062049986044,0.07998968415247579,25,30,20
17,1030,2.4511664430677872e-05,0.9185033508631704,0.0014823805764773571,0.07998975689592147,25,30,20
17,1031,2.4744608777462447e-05,0.9184529448471811,0.001532164422909564,0.07999014612113171,25,30,20
17,1032,2.4666455727516085e-05,0.9184585670138083,0.00152669990816792,0.07999006662229627,25,30,20
17,1033,2.466654433880826e-05,0.918448523259979,0.001536743418218931,0.07999006677746295,25,30,20
17,1034,2.451039871525894e-05,0.9184584421136198,0.0015274451460052449,0.07998960234165951,25,30,20
17,1035,2.466404312114895e-05,0.9184464694835985,0.001538960881498473,0.07998990559178154,25,30,20
17,1036,2.4665359729360983e-05,0.9184450494915601,0.0015403782003303645,0.07998990694837997,25,30,20
17,1037,2.4663825779059178e-05,0.918446959634122,0.0015386272827787287,0.07998974925731979,25,30,20
17,1038,2.4661097624136944e-05,0.9184518844672017,0.0015337092120887286,0.07998974522308429,25,30,20
17,1039,2.4661071178135522e-05,0.9184512422145578,0.0015343528697860506,0.07998974384447739,25,30,20
17,1040,2.4662438507957432e-05,0.9184491726075662,0.0015364197449865868,0.0799897452089386,25,30,20
17,1041,2.490177750732032e-05,0.9183104010895435,0.0016747832721911566,0.07998991386075756,25,30,20
17,1042,2.964676079036228e-05,0.9181287453997133,0.0018512276442606654,0.07999038019523512,25,30,20
17,1043,1.578671911170626e-05,0.9189545245685331,0.0010668033665899913,0.07996288534576476,25,30,20
17,1044,1.5786706362874582e-05,0.8986243779509085,0.021396943227130084,0.07996289211559757,25,30,20
17,1045,1.5863433354693202e-05,0.8986212228361907,0.02140009975493544,0.07996281397551849,25,30,20
17,1046,1.578665607258864e-05,0.8986493119195518,0.021372313771999715,0.07996258765237511,25,30,20
17,1047,1.5553791294848732e-05,0.8986980912635427,0.02132415758258364,0.07996219736257791,25,30,20
17,1048,1.5399007003845033e-05,0.898707353644351,0.021315356861945946,0.07996189048669851,25,30,20
17,1049,1.5400372309696712e-05,0.8987040024476788,0.021318469871238803,0.07996212730877163,25,30,20
17,1050,1.0655362936684867e-05,0.8988867793417564,0.02114083028416737,0.0799617350111381,25,30,20
17,1051,1.0654042165888973e-05,0.8988892197055094,0.021138624177656228,0.07996150207466711,25,30,20
17,1052,1.9698146530452912e-05,0.898481592379915,0.021527629047247872,0.07997108042630532,25,30,20
17,1053,1.9698166224340827e-05,0.9188114952200533,0.0011977302979616542,0.07997107631575963,25,30,20
17,1054,2.0012022169187677e-05,0.9185838626776689,0.0013982399249428533,0.07999788537521817,25,30,20
17,1055,2.0012021779540293e-05,0.9185840229929848,0.0013980028572665884,0.07999796212796782,25,30,20
17,1056,2.001476916064139e-05,0.918580976299114,0.0014010413810865855,0.0799979675506381,25,30,20
17,1057,2.0016172523543214e-05,0.9185337995934916,0.0014482919781817782,0.0799978922558023,25,30,20
17,1058,1.9939415411245282e-05,0.9185384462962668,0.0014438754981855122,0.07999773879013537,25,30,20
17,1059,1.99393994278257e-05,0.918539983970993,0.0014421020361005976,0.07999797459347796,25,30,20
17,1060,2.8984528804830374e-05,0.9181233035673985,0.001839923167552685,0.08000778873624306,25,30,20
17,1061,2.9059954806422848e-05,0.9181197908065455,0.0018432082758051307,0.08000794096284176,25,30,20
17,1062,2.9061320773938805e-05,0.9181175955362901,0.001845476252597297,0.08000786689033773,25,30,20
17,1063,2.906130734932463e-05,0.918119226363529,0.001843692005237958,0.08000802032388257,25,30,20
17,1064,2.921608081582582e-05,0.9181101468252423,0.0018523017702145404,0.08000833532372631,25,30,20
17,1065,2.0248950630376944e-05,0.9185219890847361,0.0014590068149131703,0.07999875514971942,25,30,20
17,1066,2.0249010671855485e-05,0.9184642839945323,0.0015167130953873543,0.07999875389940775,25,30,20
17,1067,2.0414556228055817e-05,0.9183859298236284,0.0015902707646169877,0.08000338485552584,25,30,20
17,1068,2.0101443934570043e-05,0.9185252412447976,0.001451201649600127,0.08000345566166671,25,30,20
17,1069,1.1058715679664794e-05,0.9189294575647527,0.0010656090436559542,0.07999387467591072,25,30,20
17,1070,1.1216479986621481e-05,0.9188914549325957,0.0011034451555811979,0.07999388343183553,25,30,20
17,1071,1.5939334442827894e-05,0.9185438696715346,0.0014368659308231762,0.08000332506319864,25,30,20
17,1072,1.5785902120643312e-05,0.9185490981209797,0.0014321812909264132,0.08000293468597246,25,30,20
17,1073,1.5862688145346527e-05,0.9185394390183506,0.0014412989624492756,0.08000339933105387,25,30,20
17,1074,1.578725172894634e-05,0.9185467000324253,0.001434577976128375,0.08000293473971641,25,30,20
17,1075,1.586532491674161e-05,0.9185438825189871,0.001437161222345633,0.08000309093374953,25,30,20
17,1076,1.5868054302206203e-05,0.9185415548664612,0.0014394806628659884,0.08000309641636999,25,30,20
17,1077,1.130132183893497e-05,0.9188797992882216,0.001114782935950271,0.07999411645398852,25,30,20
17,1078,1.1298565312387843e-05,0.918882571022739,0.001112020814919203,0.07999410959702892,25,30,20
17,1079,1.1134382269037092e-05,0.9189207479557188,0.0010788720095053774,0.07998924565250613,25,30,20
17,1080,1.1056305960308035e-05,0.918927531535921,0.001072474791766872,0.07998893736635115,25,30,20
17,1081,1.1056128625936757e-05,0.9189250334008975,0.001074819264418598,0.07998909120605738,25,30,20
17,1082,1.0904067198349444e-05,0.9189308278406351,0.0010693245792496797,0.07998894351291633,25,30,20
17,1083,1.0904043621302055e-05,0.9189310236646467,0.001069054714259922,0.07998901757747148,25,30,20
17,1084,1.090406122243765e-05,0.9189316195507454,0.0010684587766260926,0.07998901761140557,25,30,20
17,1085,1.0744980953832006e-05,0.918973119387546,0.0010271281548071309,0.0799890074766929,25,30,20
17,1086,1.0746344703180696e-05,0.9189710840248023,0.001029232117105393,0.07998893751338915,25,30,20
17,1087,1.0746320510838344e-05,0.9189680122318723,0.0010319229511474095,0.07998931849646956,25,30,20
17,1088,1.0746383649147648e-05,0.9189663477178347,0.0010334269431028081,0.07998947895541454,25,30,20
17,1089,1.0744960900653374e-05,0.9190138391499105,0.0009859397295894424,0.07998947615960056,25,30,20
17,1090,1.0743633110857877e-05,0.9190161042009153,0.0009835992574352486,0.07998955290853935,25,30,20
17,1091,1.0740921365307741e-05,0.9190170661580238,0.0009829539688266022,0.079989238951785,25,30,20
17,1092,1.0740945174101499e-05,0.9190159400787989,0.000984154041135077,0.0799891649348927,25,30,20
17,1093,1.0740900283891923e-05,0.9190174669891533,0.0009824710468293843,0.07998932106373474,25,30,20
17,1094,1.0740868782694376e-05,0.9190209330324123,0.0009790037741801442,0.07998932232462608,25,30,20
17,1095,1.0815104255788426e-05,0.9189995022368691,0.000999974243336757,0.07998970841553872,25,30,20
17,1096,1.0738131242680397e-05,0.9190249887560279,0.0009748027543572406,0.07998947035837277,25,30,20
17,1097,1.0891529466157752e-05,0.9189809061862966,0.0010183455430228187,0.07998985674121495,25,30,20
17,1098,1.0891520177034686e-05,0.9189811265901343,0.0010181278788436823,0.0799898540108455,25,30,20
17,1099,1.0891495981968798e-05,0.918984823254662,0.0010146629030439631,0.07998962234631236,25,30,20
17,1100,1.0892882908415912e-05,0.9189815988612514,0.0010176502107625339,0.07998985804507813,25,30,20
17,1101,1.0814668782228097e-05,0.9189875439657342,0.001011938355523223,0.07998970300996064,25,30,20
17,1102,1.089005941446489e-05,0.9189848039940895,0.0010144535023869062,0.07998985244410953,25,30,20
17,1103,1.089008826582965e-05,0.9189718491617117,0.0010274081993330436,0.0799898525506896,25,30,20
17,1104,1.1043741969198318e-05,0.9189351082203978,0.001063686833245035,0.07999016120438794,25,30,20
17,1105,1.1042368755608197e-05,0.9189374408950782,0.0010612815199605042,0.07999023521620546,25,30,20
17,1106,1.1040984135507453e-05,0.9189798013083409,0.0010187691346306518,0.07999038857289315,25,30,20
17,1107,1.1039642548849125e-05,0.9189810714720464,0.0010176564998689165,0.07999023238553617,25,30,20
17,1108,1.1116332406182678e-05,0.9189758839609151,0.0010226933471741135,0.07999030635950528,25,30,20
17,1109,1.119173622560473e-05,0.9189727594996229,0.001025745080235871,0.0799903036839163,25,30,20
17,1110,1.1194446968241399e-05,0.918968639611549,0.001029858254092318,0.07999030768739133,25,30,20
17,1111,1.1195788280896692e-05,0.9189664752483487,0.0010317896523813477,0.07999053931098969,25,30,20
17,1112,1.111899434189643e-05,0.9189729491081268,0.0010254707337995549,0.07999046116373235,25,30,20
17,1113,1.127521338302134e-05,0.9189469164200686,0.001050954286734669,0.07999085407981435,25,30,20
17,1114,1.572355678002938e-05,0.9188535593145248,0.0011396913525722919,0.07999102577612369,25,30,20
17,1115,1.540967929693256e-05,0.9190822029586577,0.000938246080859277,0.07996414128118592,25,30,20
17,1116,1.540835296353749e-05,0.9190828071808889,0.0009377966265966779,0.07996398783955061,25,30,20
17,1117,1.0883298296231573e-05,0.9191808023806339,0.0008446474876574656,0.07996366683341213,25,30,20
17,1118,1.0884665712728218e-05,0.9191779054281493,0.0008475403623300723,0.07996366954380764,25,30,20
17,1119,1.0885996030820503e-05,0.9191739765119844,0.0008515447135451445,0.07996359277843915,25,30,20
17,1120,1.0964123932996388e-05,0.9191683596565455,0.0008568491107668191,0.07996382710875419,25,30,20
17,1121,1.0809231749006295e-05,0.919194330489064,0.0008313467613177555,0.07996351351786889,25,30,20
17,1122,1.0809220684554045e-05,0.9191975593058663,0.0008279645360098457,0.0799636669374389,25,30,20
17,1123,1.0576330874156597e-05,0.9192488288106725,0.0007774718930947698,0.07996312296535843,25,30,20
17,1124,1.0654573386925786e-05,0.9192482837940434,0.0007771461757301322,0.07996391545683937,25,30,20
17,1125,1.0651967451071017e-05,0.9192489486125685,0.0007764878482108958,0.07996391157176963,25,30,20
17,1126,1.0653286384476586e-05,0.9192480070946502,0.000777428198162962,0.0799639114208026,25,30,20
17,1127,1.0653282920817648e-05,0.9192480182419698,0.000777417085363087,0.07996391138974622,25,30,20
17,1128,1.0733101916964142e-05,0.9191994161173043,0.0008259320834352621,0.07996391869734365,25,30,20
17,1129,1.0809841024729127e-05,0.9191998011515439,0.0008307382639215398,0.07995865074350968,25,30,20
17,1130,1.0972269859009331e-05,0.9191898353237146,0.000840220822522012,0.07995897158390418,25,30,20
17,1131,1.0972265958676817e-05,0.9191898194642857,0.0008401612890802464,0.07995904698067449,25,30,20
17,1132,1.0896851893594807e-05,0.9192505944704582,0.0007794576735065083,0.07995905100413997,25,30,20
17,1133,1.089553403159433e-05,0.9192500979532545,0.0007800280524068666,0.07995897846030525,25,30,20
17,1134,1.0818823985911572e-05,0.9192542073611907,0.0007763763010097382,0.07995859751381205,25,30,20
17,1135,1.0817501769300151e-05,0.9192551891715417,0.0007755464310943071,0.07995844689559253,25,30,20
17,1136,1.0817478949888284e-05,0.9192568707000784,0.0007738717696881197,0.07995844005128135,25,30,20
17,1137,1.081747340121102e-05,0.9192557280109175,0.0007751693043702877,0.07995828521130868,25,30,20
17,1138,1.0817474308775871e-05,0.9185202237000251,0.0015107490423278403,0.07995820978333609,25,30,20
17,1139,1.089423427603565e-05,0.9185182741199693,0.0015124710837985168,0.07995836056195317,25,30,20
17,1140,1.0817540542921895e-05,0.9185178919184842,0.0015126462204815383,0.07995864432048823,25,30,20
17,1141,1.081888018392403e-05,0.9185163173456401,0.0015142168462441566,0.0799586469279287,25,30,20
17,1142,1.0665232756888479e-05,0.9185496231648201,0.00148137333800218,0.07995833826441799,25,30,20
17,1143,1.067095683052124e-05,0.9185406665950733,0.001490229144071743,0.07995843330402158,25,30,20
17,1144,1.0665257939998295e-05,0.9185492355803169,0.0014818349596536695,0.07995826420208664,25,30,20
17,1145,1.074064841771622e-05,0.9185462106377629,0.0014846337536643251,0.07995841496015225,25,30,20
17,1146,1.081740690378044e-05,0.9185397197412709,0.001490897067850825,0.07995856578397169,25,30,20
17,1147,1.0817501679288186e-05,0.918533312012171,0.0014967618597695482,0.07995910862637708,25,30,20
17,1148,1.553453674807463e-05,0.9181775938387831,0.0018382475469390619,0.07996862407752645,25,30,20
17,1149,1.55372510511974e-05,0.9181718372053949,0.0018436109341148468,0.07996901460943585,25,30,20
17,1150,1.5538862661437346e-05,0.9173501098937621,0.0026654020798002943,0.07996894916377294,25,30,20
17,1151,1.5537590701920812e-05,0.9173502538452893,0.0026654922516497577,0.07996871631235615,25,30,20
17,1152,1.5389297450896533e-05,0.917357999275773,0.00265804216244542,0.07996856926432794,25,30,20
17,1153,1.5312512804260595e-05,0.917364972490773,0.00265129790756045,0.07996841708885948,25,30,20
17,1154,2.0042492458734906e-05,0.9170832429793896,0.0029189995436865648,0.07997771498446288,25,30,20
17,1155,2.0128583491850405e-05,0.9164359471801403,0.0035663651022741806,0.07997755913409142,25,30,20
17,1156,2.0128605244144446e-05,0.9164355665375641,0.0035668211140439665,0.07997748374314587,25,30,20
17,1157,2.005189898384073e-05,0.9164387704760785,0.0035638459473227623,0.07997733167761337,25,30,20
17,1158,2.0131597280204026e-05,0.916368657423724,0.0036333366982214373,0.0799778742807731,25,30,20
17,1159,2.0050480904714118e-05,0.9164390986383748,0.0035633698015549616,0.07997748107916419,25,30,20
17,1160,2.0049091472011766e-05,0.9164440973923361,0.003558298367043954,0.07997755514914634,25,30,20
17,1161,2.0049106659145834e-05,0.9164422885391036,0.003560263275041844,0.07997739907919385,25,30,20
17,1162,2.020798215531833e-05,0.9163365462891122,0.003665603553432109,0.07997764217529889,25,30,20
17,1163,2.03641325181541e-05,0.9163237371614241,0.0036779456019146372,0.07997795310414163,25,30,20
17,1164,2.0207961576476228e-05,0.9163370306641518,0.003665119216467959,0.07997764215780227,25,30,20
17,1165,2.013233233150061e-05,0.9171610880734907,0.002841220025975872,0.07997755956820035,25,30,20
17,1166,2.0132332452709482e-05,0.9171614254168,0.002840796235862739,0.07997764601488272,25,30,20
17,1167,2.013367131333329e-05,0.9171615856317098,0.002837061985996724,0.07998121871097848,25,30,20
17,1168,2.0133643821176054e-05,0.917161558202841,0.00283709223907489,0.07998121591426134,25,30,20
17,1169,2.0133646395976958e-05,0.9178959806307632,0.0021026711251230443,0.07998121459771639,25,30,20
17,1170,1.9976124921362493e-05,0.9180000141640532,0.0019991122569901552,0.07998089745403396,25,30,20
17,1171,2.0129579912431728e-05,0.9179920902434181,0.00200657451326123,0.0799812056634069,25,30,20
17,1172,2.0052874020622587e-05,0.9179952435047055,0.0020036512281287437,0.07998105239314365,25,30,20
17,1173,2.0051512734641605e-05,0.9179996434862293,0.0019996404806354724,0.07998066452039905,25,30,20
17,1174,2.005008521506592e-05,0.91800727846196,0.0019923988997767148,0.07998027255304677,25,30,20
17,1175,2.0048669256593878e-05,0.9180152978622084,0.001984925029704732,0.07997972843882863,25,30,20
17,1176,1.5566895594839256e-05,0.9182352884278094,0.0017783832899371564,0.07997076138665728,25,30,20
17,1177,1.5481206189491428e-05,0.9182405805950816,0.0017731906166531342,0.07997074758207434,25,30,20
17,1178,1.548122723489257e-05,0.9182382507800348,0.0017756738733719073,0.07997059411935771,25,30,20
17,1179,1.5479897589454605e-05,0.9182394487262355,0.0017745554110989367,0.07997051596507523,25,30,20
17,1180,1.0833854023946195e-05,0.9184891798092916,0.0015387588038912484,0.0799612275327924,25,30,20
17,1181,1.0835219456159093e-05,0.918431326670047,0.0015966104672857076,0.07996122764321005,25,30,20
17,1182,1.0833866763166658e-05,0.9184326789652586,0.0015952622062960673,0.07996122496168107,25,30,20
17,1183,1.091620684294698e-05,0.9184329274876893,0.001601030047510814,0.07995512625795594,25,30,20
17,1184,1.0913479985379036e-05,0.9184367920282562,0.0015970201983533452,0.07995527429340397,25,30,20
17,1185,1.0914843031101376e-05,0.918433179779107,0.0016006298699767212,0.07995527550788412,25,30,20
17,1186,1.0914800312058142e-05,0.9184330248355791,0.0016006418004685357,0.07995541856363926,25,30,20
17,1187,1.0914777008144694e-05,0.9184340457085785,0.001599620925635506,0.07995541858877703,25,30,20
17,1188,1.0914755404168555e-05,0.9184345280210069,0.0015991400015184288,0.07995541722206939,25,30,20
17,1189,1.1075345992563965e-05,0.91833968985477,0.0016844574174819085,0.07996477738175439,25,30,20
17,1190,1.1075368832242068e-05,0.9183381405066371,0.001686005398606072,0.07996477872592381,25,30,20
17,1191,1.1074040732483236e-05,0.9183389573531732,0.0016853419847825647,0.07996462662131087,25,30,20
17,1192,2.0125862323511555e-05,0.9179699866079593,0.0020358335305003853,0.07997405399921587,25,30,20
17,1193,2.012749373186607e-05,0.9179691943940657,0.0020363102348978706,0.07997436787730358,25,30,20
17,1194,1.9971217864550706e-05,0.917968887351998,0.002029233795513523,0.07998190763462273,25,30,20
17,1195,2.0207790696417017e-05,0.9178258560784132,0.0021715555594488505,0.07998238057144,25,30,20
17,1196,2.028450684415333e-05,0.9178208657267909,0.002176238989112477,0.07998261077725093,25,30,20
17,1197,2.028453543280379e-05,0.9178205911352063,0.0021765135179323044,0.07998261081142717,25,30,20
17,1198,2.0361301161495167e-05,0.9178115300601555,0.002184955161747348,0.07998315347693424,25,30,20
17,1199,2.028458466162954e-05,0.9178170539672269,0.00217966140153805,0.0799830000465721,25,30,20
17,1200,1.1234066825747782e-05,0.9181850828244089,0.0018301956052300722,0.07997348750353372,25,30,20
17,1201,1.1234113849043982e-05,0.9181850829167938,0.0018304210033960402,0.07997326196595958,25,30,20
17,1202,1.11603374244105e-05,0.9174592953675151,0.0025564309528868455,0.07997311334217178,25,30,20
17,1203,1.116039207316793e-05,0.9174584458026027,0.002557202268761659,0.0799731915365607,25,30,20
17,1204,1.1159049708963157e-05,0.9175144170049552,0.002501154350097096,0.07997326959523697,25,30,20
17,1205,1.1160424105157963e-05,0.9174725245053537,0.0025335749081884977,0.0799827401623509,25,30,20
17,1206,1.1159086135966469e-05,0.9174729780224777,0.002532888308134513,0.07998297458325149,25,30,20
17,1207,1.1075048117124324e-05,0.9174678990951961,0.002538218498452734,0.07998280735823361,25,30,20
17,1208,1.1151760465975099e-05,0.9174610477487541,0.002544843652874136,0.0799829568379044,25,30,20
17,1209,1.098739664818881e-05,0.9181218062149432,0.0018848863029080989,0.07998232008549845,25,30,20
17,1210,1.098183624864923e-05,0.9181657175659517,0.001840991632298082,0.07998230896549953,25,30,20
17,1211,1.1059907738307247e-05,0.9181202227553424,0.0018862577635159878,0.07998245957340135,25,30,20
17,1212,1.1059914647146547e-05,0.9181205270255269,0.0018874048152816513,0.07998100824454235,25,30,20
17,1213,1.1059961021670839e-05,0.9181171640229236,0.0018910047760150853,0.07998077124003791,25,30,20
17,1214,1.1059956745013345e-05,0.9181169791214,0.0018911116337407847,0.0799808492881123,25,30,20
17,1215,1.1059935215050601e-05,0.9181167370177037,0.0018911235268751609,0.07998107952020411,25,30,20
17,1216,1.1061309037706983e-05,0.9181130014454065,0.0018946247004851136,0.07998131254506907,25,30,20
17,1217,1.1300308743046102e-05,0.9179245033895045,0.002082341050219838,0.07998185525153188,25,30,20
17,1218,1.1375682635759075e-05,0.9179246527928794,0.0020859033249058232,0.07997806819957845,25,30,20
17,1219,1.1459274364880014e-05,0.917859147028169,0.0021510857107492204,0.07997830798671585,25,30,20
17,1220,1.137697603306868e-05,0.9179240435258561,0.002086588064325737,0.07997799143378397,25,30,20
17,1221,1.1136596642328667e-05,0.918077944542739,0.0019335549151476342,0.07997736394546981,25,30,20
17,1222,1.1052741690943319e-05,0.9181681845758071,0.0018526066997906934,0.07996815598271036,25,30,20
17,1223,1.105578415373659e-05,0.8978896479274272,0.022131127906766457,0.0799681683816522,25,30,20
17,1224,1.0820491965484628e-05,0.8980264946507286,0.021994911441461998,0.0799677734158435,25,30,20
17,1225,1.08205340067439e-05,0.8980276749781705,0.021993731178294222,0.07996777330952895,25,30,20
17,1226,1.0820512392152675e-05,0.8980286106828139,0.02199310107715918,0.07996746772763527,25,30,20
17,1227,1.089585032211704e-05,0.8980673236546072,0.021963631234653523,0.0799581492604179,25,30,20
17,1228,1.5977318420838633e-05,0.8974998967399125,0.022507307240691436,0.07997681870097585,25,30,20
17,1229,1.6132075373647574e-05,0.8974914638401081,0.022515355395072986,0.0799770486894456,25,30,20
17,1230,1.598134782152658e-05,0.8974974141222782,0.022509548882622358,0.07997705564727825,25,30,20
17,1231,1.6136522379224095e-05,0.8974281137596419,0.022573862899520666,0.07998188681845832,25,30,20
17,1232,1.605980934691457e-05,0.8974317190838629,0.022570485069185135,0.07998173603760524,25,30,20
17,1233,1.0979666699220051e-05,0.898034968500219,0.021991062196363435,0.0799629896367184,25,30,20
17,1234,1.0902907137903147e-05,0.8980794820966189,0.021946625366910014,0.07996298962933318,25,30,20
17,1235,1.0826100451413625e-05,0.8980830488257862,0.02194313414949006,0.07996299092427318,25,30,20
17,1236,1.0752038919194798e-05,0.8980652060687113,0.021961589594156113,0.0799624522982137,25,30,20
17,1237,1.0516833855299119e-05,0.8982067984421542,0.02182062577302383,0.07996205895096695,25,30,20
17,1238,1.0516832856855319e-05,0.8982068027800422,0.021820621414943172,0.07996205897215733,25,30,20
17,1239,1.051823369080266e-05,0.8981889835308877,0.0218384364368261,0.07996206179859498,25,30,20
17,1240,1.0518235737202345e-05,0.8982295718227106,0.02179792358081446,0.07996198636073698,25,30,20
17,1241,1.0518283513022168e-05,0.8982288737308295,0.02179831192916285,0.07996229605649395,25,30,20
17,1242,1.0516992932619126e-05,0.8980392574129514,0.021988229285770537,0.07996199630834498,25,30,20
17,1243,1.0514055360065308e-05,0.8987695040104364,0.021258139971807064,0.07996184196239592,25,30,20
17,1244,1.0438711417269945e-05,0.8987692032405366,0.02127684857624328,0.07994350947180279,25,30,20
17,1245,1.0438694683434762e-05,0.8987709940167139,0.021275057779382593,0.07994350950922009,25,30,20
17,1246,1.0516795404179406e-05,0.8987646220318011,0.02128104201451309,0.07994381915828166,25,30,20
17,1247,1.0515447109538529e-05,0.8987670818335203,0.021278583611768424,0.07994381910760173,25,30,20
17,1248,1.0512668116124066e-05,0.8987667580171403,0.02127508007224104,0.07994764924250236,25,30,20
17,1249,1.0518266589263975e-05,0.8987640862152482,0.021277730787725973,0.0799476647304366,25,30,20
17,1250,1.0516561779387716e-05,0.9190432006206687,0.000998623674689383,0.0799476591428621,25,30,20
17,1251,1.059195658097331e-05,0.9190395427674859,0.0010023664328029645,0.07994749884312949,25,30,20
17,1252,1.0739821158206931e-05,0.9190344070891989,0.0010071381953105612,0.07994771489433186,25,30,20
17,1253,1.0583272802666562e-05,0.9191099312769866,0.0009366003810949786,0.07994288506911476,25,30,20
17,1254,1.0583293108134225e-05,0.9191098333611067,0.0009366981795429309,0.07994288516624111,25,30,20
17,1255,1.0584619833774924e-05,0.9191087381413742,0.0009377907626543461,0.07994288647613661,25,30,20
17,1256,1.0583200707875977e-05,0.9192985472409613,0.0007479971199686008,0.0799428724383611,25,30,20
17,1257,1.0584659675376479e-05,0.9192954274062116,0.0007508755046277108,0.07994311242948403,25,30,20
17,1258,1.0429904113241726e-05,0.9193042928282218,0.0007425484172590846,0.07994272885040461,25,30,20
17,1259,1.0429873138352553e-05,0.9193069775302071,0.0007398624620239928,0.07994273013462905,25,30,20
17,1260,1.0429911111146195e-05,0.9193061172502808,0.0007407254129459036,0.07994272742566051,25,30,20
17,1261,1.0428576198558653e-05,0.9193069856604394,0.0007400118802285758,0.07994257388313139,25,30,20
17,1262,1.0428380030392025e-05,0.9193082768605666,0.0007387974387393764,0.07994249732066226,25,30,20
17,1263,1.0428355651879956e-05,0.9193091643154188,0.0007378359470134667,0.07994257138191453,25,30,20
17,1264,1.0503626920223604e-05,0.9193232696944174,0.0007235033389668047,0.07994272333969416,25,30,20
17,1265,1.0355759431811709e-05,0.9193265266854866,0.0007206145307645179,0.07994250302431614,25,30,20
17,1266,1.0357119932790876e-05,0.9193245367955718,0.0007227538426929591,0.0799423522418011,25,30,20
17,1267,1.0358393682525478e-05,0.91928615965811,0.0007613588151439883,0.07994212313306209,25,30,20
17,1268,1.0359739153791319e-05,0.9192827415295044,0.0007647770004033735,0.07994212173093762,25,30,20
17,1269,1.0354139585375359e-05,0.9192880824406764,0.0007595283076207164,0.07994203511211662,25,30,20
17,1270,1.0277425103456395e-05,0.919291269402528,0.0007565701199460358,0.07994188305242156,25,30,20
17,1271,1.0277479596455875e-05,0.9193285032970364,0.0007190289146148513,0.07994219030875141,25,30,20
17,1272,1.4865349647393005e-05,0.9191115948818738,0.000930563194993464,0.07994297657348386,25,30,20
17,1273,1.4863980687590895e-05,0.9191158275380507,0.0009263319514174304,0.07994297652984274,25,30,20
17,1274,1.4942165436662254e-05,0.9191084530313699,0.0009334732761585472,0.07994313152703326,25,30,20
17,1275,1.4943542154636212e-05,0.9191084531254694,0.0009427134930233074,0.07993388983935117,25,30,20
17,1276,1.4943513841043922e-05,0.919109365038714,0.0009418070752776734,0.07993388437216556,25,30,20
17,1277,1.0588811592071523e-05,0.9191782099068159,0.0008643284056871253,0.07994687287590317,25,30,20
17,1278,1.0587450222969063e-05,0.9191411872458857,0.0009011249710264092,0.07994710033286367,25,30,20
17,1279,1.0586135143970023e-05,0.9191396194098793,0.0009026173350777253,0.0799471771198978,25,30,20
17,1280,1.0584797645823322e-05,0.9191405711042303,0.0009015941873693439,0.07994724991075364,25,30,20
17,1281,1.0582115810586538e-05,0.919143559602596,0.0008986083505934477,0.0799472499309992,25,30,20
17,1282,2.401730895947431e-05,0.9187000199593974,0.0013191435549813732,0.07995681917666123,25,30,20
17,1283,2.87389462958876e-05,0.9183538983613991,0.0016511029703845286,0.07996625972192005,25,30,20
17,1284,2.874030155170285e-05,0.9183525414774338,0.0016523791208124378,0.07996633910020164,25,30,20
17,1285,2.8738900415532155e-05,0.9183524571421837,0.0016271055787306144,0.0799916983786699,25,30,20
17,1286,2.8904081289266456e-05,0.9183378065893807,0.0016412606733298436,0.07999202865599948,25,30,20
17,1287,2.890272763907678e-05,0.9183401646413547,0.0016389094229827621,0.07999202320802204,25,30,20
17,1288,2.882596690989523e-05,0.9183477740742109,0.0016316877669830853,0.0799917121918946,25,30,20
17,1289,2.8827278806863427e-05,0.9183467555657211,0.0016327077260762386,0.07999170942939417,25,30,20
17,1290,2.882736700224667e-05,0.9183464645521237,0.0016329942081141815,0.07999171387275789,25,30,20
17,1291,2.890129083714702e-05,0.9183467391423967,0.0016326568489416777,0.07999170271782276,25,30,20
17,1292,2.890133646601319e-05,0.9183433826031763,0.0016356240814527955,0.07999209197890299,25,30,20
17,1293,2.8901319645197382e-05,0.9183814223509441,0.0015976651839525629,0.07999201114545597,25,30,20
17,1294,3.121371618215769e-05,0.8981620653912316,0.02180791828374029,0.07999880260884364,25,30,20
17,1295,3.129045019383514e-05,0.8981581658528147,0.021811585001342546,0.07999895869564652,25,30,20
17,1296,2.65701287960043e-05,0.8985034098474541,0.021480500587520525,0.079989519436227,25,30,20
17,1297,2.6571463778307537e-05,0.8985025363397439,0.021481371412390367,0.07998952078408479,25,30,20
17,1298,4.434750334018824e-05,0.8979220035988017,0.02203459056126611,0.07999905833658932,25,30,20
17,1299,4.434750136047297e-05,0.897921980738807,0.022034613354954796,0.07999905840487513,25,30,20
17,1300,4.434889681309846e-05,0.8979222946408697,0.022038949324598715,0.07999440713771545,25,30,20
17,1301,4.4348883165907644e-05,0.8979224719685023,0.022038773264337876,0.07999440588399094,25,30,20
17,1302,4.434617021410801e-05,0.8979252501753205,0.022036232077243097,0.07999417157721997,25,30,20
17,1303,4.442692252715495e-05,0.8979157272234143,0.0220455184578168,0.07999432739623967,25,30,20
17,1304,4.4505038175078294e-05,0.8979093943389935,0.022051460963345114,0.07999463965948421,25,30,20
17,1305,4.450506420901122e-05,0.8979086639496591,0.022052188525089753,0.07999464246104006,25,30,20
17,1306,4.903006451759654e-05,0.8978012015285975,0.02215472835894404,0.07999504004793924,25,30,20
17,1307,4.926158220899088e-05,0.8977880562503215,0.022167334044750908,0.07999534812271666,25,30,20
17,1308,4.926849518929162e-05,0.8977294771215186,0.02222573987401534,0.07999551450927513,25,30,20
17,1309,4.926846908943879e-05,0.8977301952912522,0.022225024509523014,0.07999551173013361,25,30,20
17,1310,4.926844484045909e-05,0.8977304919137653,0.022224803329750537,0.0799954363116422,25,30,20
17,1311,4.688613699749808e-05,0.9179376238169479,0.0020270631727884545,0.07998842687326536,25,30,20
17,1312,3.36101173146659e-05,0.9183003317364417,0.0016779940271483202,0.07998806411909523,25,30,20
17,1313,3.352781136064257e-05,0.9183615516035337,0.0016170202426446117,0.07998790034246087,25,30,20
17,1314,3.352643421049367e-05,0.9183615501610903,0.0016080211292829377,0.07999690227541616,25,30,20
17,1315,2.9001455069555788e-05,0.9184686296299854,0.0015057873802549106,0.07999658153468978,25,30,20
17,1316,2.9076845101347867e-05,0.9184642036060778,0.0015099872352528027,0.07999673231356794,25,30,20
17,1317,2.9076778083173467e-05,0.9184638183236412,0.00150674675448519,0.08000035814379007,25,30,20
17,1318,2.9077080801026724e-05,0.9184609373977206,0.0015096198274896526,0.08000036569398823,25,30,20
17,1319,2.900025905401216e-05,0.9184666738017294,0.001504111124960839,0.08000021481425565,25,30,20
17,1320,2.8923526853928e-05,0.9184346060572536,0.0015364090418624296,0.08000006137403005,25,30,20
17,1321,2.8922184498844268e-05,0.9184368482922785,0.0015341708572888134,0.08000005866593415,25,30,20
17,1322,2.8915358944767403e-05,0.9184565126431388,0.0015144502014636544,0.08000012179645269,25,30,20
17,1323,2.891812195678886e-05,0.9184524357827444,0.0015182871488445282,0.0800003589464541,25,30,20
17,1324,2.8837286460963222e-05,0.9184634291198592,0.0015075322545693715,0.08000020133911036,25,30,20
17,1325,2.8766092588515436e-05,0.9184602802154207,0.0015107398069153018,0.08000021388507561,25,30,20
17,1326,2.876622037006298e-05,0.918459771174414,0.0015113263909712204,0.08000013621424458,25,30,20
17,1327,2.8762040696167546e-05,0.9184664643585296,0.001504649906970571,0.08000012369380366,25,30,20
17,1328,2.876201672676659e-05,0.9184302608053012,0.0015410110789322116,0.07999996609903948,25,30,20
17,1329,2.8759433308419964e-05,0.9184201298055639,0.0015511485043657625,0.07999996225676144,25,30,20
17,1330,2.875666886712886e-05,0.9184216835003097,0.0015499130168095748,0.07999964681401348,25,30,20
17,1331,2.8759830207486837e-05,0.9184169771008089,0.001554456684969126,0.07999980638401444,25,30,20
17,1332,2.8832460480518602e-05,0.9184181369661683,0.001553464043967546,0.07999956652938361,25,30,20
17,1333,2.8910584560766362e-05,0.9183719706943974,0.0015993930524393213,0.07999972566860268,25,30,20
17,1334,2.872105997062124e-05,0.9180834586605312,0.00188814821846744,0.07999967206103122,25,30,20
17,1335,3.332127742517646e-05,0.9180840812011313,0.001965628465421155,0.07991696905602287,25,30,20
17,1336,3.3321257257642396e-05,0.9180839994192362,0.0019657857427168787,0.07991689358078985,25,30,20
17,1337,3.3279235373852554e-05,0.9183851302329888,0.0016649515718864312,0.07991663895975142,25,30,20
17,1338,1.5501859901682086e-05,0.9189664154582806,0.0011111347789346468,0.07990694790288369,25,30,20
17,1339,1.55019180619887e-05,0.9189622083556991,0.0011154952959503035,0.0799067944302895,25,30,20
17,1340,1.5740021126632235e-05,0.9188194521493989,0.001253261592368124,0.07991154623710733,25,30,20
17,1341,1.5656274955368082e-05,0.9188948124464754,0.0011870420485908743,0.07990248922997836,25,30,20
17,1342,1.5657616776170826e-05,0.9189302837769496,0.001151569385374676,0.07990248922089925,25,30,20
17,1343,1.565901125657002e-05,0.9189289265536693,0.0011527728418719227,0.07990264159320198,25,30,20
17,1344,1.56590357751248e-05,0.9189286892580459,0.0011530087865107075,0.07990264291966817,25,30,20
17,1345,1.5735802223202968e-05,0.9189232570310018,0.0011581298995497983,0.07990287726722511,25,30,20
17,1346,1.5736061425519144e-05,0.9189200907688329,0.0011612171041245883,0.07990295606561702,25,30,20
17,1347,1.5735750595603325e-05,0.9190548018391257,0.0010398154007403495,0.07988964700953825,25,30,20
17,1348,1.5661678188085244e-05,0.9190597950153776,0.0010348141598764003,0.07988972914655827,25,30,20
17,1349,1.5660308624304568e-05,0.9190599958324056,0.0010348476873785397,0.07988949617159194,25,30,20
17,1350,1.5735715136889957e-05,0.9190536191334011,0.0010408373819111687,0.07988980776955114,25,30,20
17,1351,1.5661702386073485e-05,0.9190433629817889,0.0010513157974559647,0.07988965951836975,25,30,20
17,1352,1.5663034881116017e-05,0.9190453770540927,0.001049688269901978,0.07988927164112519,25,30,20
17,1353,0.00024956465224302535,0.9146850868757995,0.005151338662176445,0.07991400980978151,25,30,20
17,1354,1.5584957305420185e-05,0.9190877125196683,0.0010075856419346173,0.07988911688109213,25,30,20
17,1355,1.5739792180697426e-05,0.9170750381305287,0.0030197969228303373,0.07988942515446076,25,30,20
17,1356,1.573844993969577e-05,0.9170750876312875,0.0030197487547518704,0.07988942516402121,25,30,20
17,1357,1.573843556141929e-05,0.9170742249947523,0.0030206112974590486,0.07988942527222762,25,30,20
17,1358,1.5578412299201008e-05,0.9172106957180088,0.002888900283590804,0.07988482558610152,25,30,20
17,1359,1.558122832032485e-05,0.9172093472287789,0.0028902430236670156,0.07988482851923406,25,30,20
17,1360,1.5427760513241632e-05,0.9192173408456789,0.0008823932830677751,0.0798848381107405,25,30,20
17,1361,1.542496580037724e-05,0.9192182214940107,0.0008815169747232747,0.07988483656546609,25,30,20
17,1362,1.534819666441452e-05,0.9192248150520457,0.0008751523286585429,0.07988468442263114,25,30,20
17,1363,1.534558618557052e-05,0.9185369139496815,0.0015629617341094532,0.07988477873002346,25,30,20
17,1364,1.5346825681847538e-05,0.9192264589350018,0.0008735124898550504,0.07988468174946126,25,30,20
17,1365,1.5468227442952396e-05,0.9192492837017361,0.001178133705487621,0.07955711436533314,25,30,20
17,1366,1.546958135868793e-05,0.9192494925671976,0.0011779208034347912,0.07955711704800877,25,30,20
17,1367,1.5544962803733545e-05,0.9192479509189098,0.0011793899373915497,0.07955711418089495,25,30,20
17,1368,1.5622914620722905e-05,0.919279271156968,0.0011478344282425746,0.07955727150016884,25,30,20
17,1369,1.5625666884045894e-05,0.9192774271002613,0.001149668855055492,0.07955727837779919,25,30,20
17,1370,1.562534470788086e-05,0.9192849654154591,0.0011422096902052906,0.07955719954962748,25,30,20
17,1371,1.562266061827548e-05,0.9192688229312371,0.0011583602294707668,0.07955719417867363,25,30,20
17,1372,1.554868907131618e-05,0.919271146079902,0.0011562575742891257,0.0795570476567374,25,30,20
17,1373,1.578030685948181e-05,0.9192455875365101,0.0011810391712718986,0.07955759298535839,25,30,20
17,1374,1.5867346599940178e-05,0.9192473730018332,0.0011789886606132704,0.07955777099095333,25,30,20
17,1375,1.586583876149886e-05,0.9192616454985072,0.0011647204607880884,0.07955776820194295,25,30,20
17,1376,1.586460522160434e-05,0.9192615715627467,0.0011647994674036741,0.07955776436462794,25,30,20
17,1377,1.5864559953243464e-05,0.919262756915384,0.001163541488357982,0.07955783703630494,25,30,20
17,1378,1.5790507393742686e-05,0.9192652828049048,0.0011611650804809607,0.07955776160722074,25,30,20
17,1379,1.5796920895234386e-05,0.9192332395334943,0.0011931845254266667,0.07955777902018416,25,30,20
17,1380,1.5798293949105803e-05,0.9192299517164929,0.0011964709179345169,0.07955777907162374,25,30,20
17,1381,1.5798263481141815e-05,0.9192312824915124,0.0011951375409551812,0.0795577817040512,25,30,20
17,1382,1.1076642811839582e-05,0.9192078381293574,0.0008135763928529018,0.07996750883497791,25,30,20
17,1383,1.1153385522955288e-05,0.9192082956848145,0.0008182171345162219,0.07996233379514643,25,30,20
17,1384,1.115308166248067e-05,0.9192110952688023,0.0008153500193623311,0.07996240163017375,25,30,20
17,1385,1.0989261385900294e-05,0.9192540723621899,0.0007728697841401936,0.07996206859228437,25,30,20
17,1386,1.0987950358905522e-05,0.9192580134312597,0.0007692424409108973,0.07996175617747064,25,30,20
17,1387,1.0987973021898668e-05,0.9192578751673578,0.0007693846961757582,0.07996175216344477,25,30,20
17,1388,1.106762312641251e-05,0.9192582760833707,0.0007735854896430932,0.0799570708038603,25,30,20
17,1389,1.1064931924713503e-05,0.919260949369457,0.0007711477819922197,0.07995683791662692,25,30,20
17,1390,1.0832027178102361e-05,0.9192755332166794,0.0007571050512894782,0.07995652970485415,25,30,20
17,1391,1.0835065462971394e-05,0.9192600718565803,0.0007713323087334524,0.07995776076922448,25,30,20
17,1392,1.0836564315201404e-05,0.9192589520464497,0.0007724476808927285,0.07995776370834345,25,30,20
17,1393,1.0748193450367768e-05,0.9192608561308319,0.0007702606860703545,0.0799581349896479,25,30,20
17,1394,1.074819473836837e-05,0.9192571090578576,0.0007740104009894898,0.0799581323464149,25,30,20
17,1395,1.0824898017158236e-05,0.9192542398803372,0.0007764918750333475,0.07995844334661256,25,30,20
17,1396,1.0750862549896591e-05,0.9192537875085739,0.0007738835914662808,0.07996157803741032,25,30,20
17,1397,1.0826276040094785e-05,0.9192502149292135,0.0007771532080370505,0.07996180558670997,25,30,20
17,1398,1.0749542139549431e-05,0.9192538626542861,0.0007737369695767994,0.07996165083399803,25,30,20
17,1399,1.0824933126826356e-05,0.9192506483420172,0.0007767278741716742,0.07996179885068452,25,30,20
17,1400,1.0823463771757244e-05,0.9192514691329202,0.0007759101056200061,0.07996179729768844,25,30,20
17,1401,1.0822254597006962e-05,0.9192676069181283,0.0007597611708859641,0.07996180965638922,25,30,20
17,1402,1.0822263752744855e-05,0.919264640699422,0.0007627273147448416,0.0799618097220798,25,30,20
17,1403,1.0897691601678939e-05,0.9192612156063764,0.0007660013967848326,0.07996188530523654,25,30,20
17,1404,1.1060130679793991e-05,0.9192533249509143,0.0007733306501752099,0.0799622842682302,25,30,20
17,1405,1.1060163897716643e-05,0.9185403085822395,0.0014863469162673703,0.07996228433759489,25,30,20
17,1406,1.106150794149355e-05,0.9185252389560614,0.0015014906156949304,0.07996220892030172,25,30,20
17,1407,1.1223319694966688e-05,0.9184636546985183,0.0015623583085147422,0.0799627636732715,25,30,20
17,1408,1.1233078142137047e-05,0.9163757914090138,0.0036447459165571505,0.07996822959628648,25,30,20
17,1409,1.131112609127435e-05,0.9163695107780577,0.0036508747528733493,0.0799683033429772,25,30,20
17,1410,1.586399910940255e-05,0.9159902813957719,0.004016367816344566,0.07997748678877376,25,30,20
17,1411,1.5864000553871228e-05,0.9159898104461345,0.00401683484270236,0.07997749071060967,25,30,20
17,1412,1.5862679302053635e-05,0.9159896783906986,0.004016894096098859,0.0799775648339007,25,30,20
17,1413,1.5700091588910988e-05,0.91603892184975,0.003968225126447472,0.07997715293221348,25,30,20
17,1414,1.5776848049915115e-05,0.9160338102918277,0.0039731091785477485,0.07997730368157457,25,30,20
17,1415,1.577958545714863e-05,0.9160303305714679,0.003976653379428774,0.07997723646364624,25,30,20
17,1416,1.577120482200442e-05,0.9160980767509106,0.003909163399709212,0.07997698864455824,25,30,20
17,1417,1.5697129904391672e-05,0.9161085874668723,0.003899498159182466,0.07997621724404096,25,30,20
17,1418,1.569718113594111e-05,0.9161088615384401,0.003899221191241503,0.07997622008918256,25,30,20
17,1419,1.5697199673301252e-05,0.9161064628465415,0.003901385556131097,0.07997645439765419,25,30,20
17,1420,1.5694486175989372e-05,0.9161082763915793,0.003899503300695847,0.07997652582154888,25,30,20
17,1421,1.5771254062191287e-05,0.9141003604261602,0.005907191662603711,0.0799766766571744,25,30,20
17,1422,1.577547844779947e-05,0.9140616904408273,0.005946003662210684,0.07997653041851491,25,30,20
17,1423,1.569737745790809e-05,0.9140668953353639,0.005940958938268636,0.07997644834891067,25,30,20
17,1424,1.5697342759448566e-05,0.9140676774098346,0.005940179637189997,0.07997644561021573,25,30,20
17,1425,1.5776747476897523e-05,0.9147734736817634,0.005233984887151452,0.07997676468360818,25,30,20
17,1426,1.5843730594201992e-05,0.9168558307647666,0.003156874560206008,0.07997145094443318,25,30,20
17,1427,1.5920464388183883e-05,0.9168500456862521,0.003162506202706879,0.07997152764665275,25,30,20
17,1428,1.599853622333496e-05,0.9168446983628891,0.0031674575748202025,0.07997184552606737,25,30,20
17,1429,1.5998513172738988e-05,0.9168460056735626,0.0031662271166497465,0.07997176869661514,25,30,20
17,1430,1.5843684032720058e-05,0.9168577847845534,0.0031549110277853936,0.07997146050362866,25,30,20
17,1431,1.57628656486795e-05,0.9168984106267434,0.0031143702663284038,0.07997145624127983,25,30,20
17,1432,1.576142004505576e-05,0.9169005884884583,0.0031122022248995466,0.07997144786659749,25,30,20
17,1433,1.5684677018491813e-05,0.9169053838290928,0.003107560427146714,0.07997137106674237,25,30,20
17,1434,2.911822258914799e-05,0.9164623707258229,0.0035275667155268238,0.07998094433606154,25,30,20
17,1435,2.9118133865762393e-05,0.9164657654140019,0.0035244866538012005,0.07998062979833154,25,30,20
17,1436,3.364478159431931e-05,0.9163890848330256,0.003596256850468174,0.07998101353491269,25,30,20
17,1437,2.9120652699304597e-05,0.9164666556101396,0.00352360237852924,0.07998062135863264,25,30,20
17,1438,2.9045495767660185e-05,0.9164676109111989,0.0035226368768178583,0.07998070671621642,25,30,20
17,1439,2.9045474790460193e-05,0.9164681084683578,0.003522216283578956,0.07998062977327383,25,30,20
17,1440,1.56120055127752e-05,0.9169097788876315,0.0031035524485926347,0.07997105665826418,25,30,20
17,1441,1.5611991881836997e-05,0.9169114562588938,0.0031018724329250815,0.07997105931630023,25,30,20
17,1442,1.0896761683031235e-05,0.9173015315057743,0.00272601914654331,0.0799615525860006,25,30,20
17,1443,1.1134636148090707e-05,0.9171303454513244,0.0028790682541877427,0.07997945165834111,25,30,20
17,1444,1.1132848163034267e-05,0.9171342890326452,0.0028754354257188963,0.07997914269347473,25,30,20
17,1445,1.1287650413254839e-05,0.9171269566329522,0.002882459623526768,0.07997929609310978,25,30,20
17,1446,1.1284915191328373e-05,0.917126346659987,0.002883077800007804,0.07997929062481622,25,30,20
17,1447,1.1286331157360328e-05,0.9171250102141508,0.0028843292681046406,0.07997937418658965,25,30,20
17,1448,1.1287722511928811e-05,0.9164064995089238,0.003602442334172159,0.0799797704343942,25,30,20
17,1449,1.1288948611152975e-05,0.916403469315414,0.00360532064046161,0.07997992109551513,25,30,20
17,1450,1.136434580406201e-05,0.9163986547030492,0.0036098254386437113,0.07998015551250473,25,30,20
17,1451,1.1209548645736861e-05,0.9164029814499055,0.003606194539979144,0.0799796144614713,25,30,20
17,1452,1.1208316613197059e-05,0.916403272482884,0.003605985345167906,0.07997953385533652,25,30,20
17,1453,1.1206928204049816e-05,0.9171218065427404,0.0028878489861305784,0.07997913754292654,25,30,20
17,1454,2.0259030346745835e-05,0.9167678508822108,0.00322323981795087,0.07998865026949326,25,30,20
17,1455,2.0414310316571716e-05,0.9166935233134219,0.003297104311739298,0.07998895806452344,25,30,20
17,1456,2.0418478880753116e-05,0.9186674832177346,0.0013232866832111354,0.07998881162017427,25,30,20
17,1457,2.0345849869313846e-05,0.9186714637967844,0.0013195240413836626,0.07998866631196339,25,30,20
17,1458,2.0343157334720927e-05,0.9186715312138162,0.0013184295338012114,0.07998969609504936,25,30,20
17,1459,2.034454704854834e-05,0.9186728438722824,0.0013168798253789806,0.07998993175529097,25,30,20
17,1460,2.049935405687631e-05,0.918663075759336,0.0013261807489542796,0.07999024413765374,25,30,20
17,1461,2.042267620134903e-05,0.9186677157332863,0.0013218517625478076,0.07999000982796528,25,30,20
17,1462,1.1367839291850201e-05,0.9190239795239511,0.0009841623496606535,0.07998049028709726,25,30,20
17,1463,1.1370770171327778e-05,0.9190090152129797,0.0009990437281503816,0.0799805702886994,25,30,20
17,1464,1.1370709950178662e-05,0.9190107634755321,0.0009972956763768344,0.07998057013814173,25,30,20
17,1465,1.1369371786115907e-05,0.9190121639653817,0.0009960554102343502,0.0799804112525984,25,30,20
17,1466,1.1373676125003398e-05,0.91900954151575,0.0009985120364603105,0.07998057277166562,25,30,20
17,1467,1.1370970409219518e-05,0.9190108750932557,0.0009974154653277947,0.07998033847100817,25,30,20
17,1468,1.5584353335803187e-05,0.918927282373469,0.0010770218051117538,0.07998011146808404,25,30,20
17,1469,1.5580296356462777e-05,0.9189312313307448,0.0010730027808391331,0.07998018559206059,25,30,20
17,1470,1.549929295425306e-05,0.9189309005102317,0.0010674617973933124,0.07998613839942173,25,30,20
17,1471,1.5586833438801513e-05,0.9187361807797731,0.0012438958660231673,0.08000433652076643,25,30,20
17,1472,1.566786868161328e-05,0.9187220442793184,0.0012578661929754343,0.08000442165902619,25,30,20
17,1473,1.566786881095248e-05,0.9187220075011382,0.0012579783588870274,0.08000434627116493,25,30,20
17,1474,1.5741662815232604e-05,0.9187236403351993,0.0012565201555983728,0.08000409784638819,25,30,20
17,1475,1.5744296478216594e-05,0.9187215718938819,0.0012584271200965602,0.0800042566895444,25,30,20
17,1476,1.574300729712078e-05,0.918716975272975,0.001262865988587245,0.0800044157311422,25,30,20
17,1477,1.5742971649528292e-05,0.9187187652318142,0.001261150150933052,0.0800043416456045,25,30,20
17,1478,1.574302783685593e-05,0.9187056518477751,0.0012742633615578749,0.08000434176283149,25,30,20
17,1479,1.5743053846954204e-05,0.9187049178238255,0.0012749987015321614,0.08000434042079668,25,30,20
17,1480,1.5901668629608656e-05,0.9186417061841449,0.0013342819934235894,0.08000811015380237,25,30,20
17,1481,1.5746858354623027e-05,0.9186514492575529,0.001325006000128603,0.08000779788396475,25,30,20
17,1482,1.5746752332647553e-05,0.9186582004171326,0.0013183400415850127,0.08000771278895055,25,30,20
17,1483,1.5748045213221922e-05,0.918657221280829,0.001319160423990275,0.0800078702499682,25,30,20
17,1484,1.567130440133165e-05,0.9186644033711449,0.0013121318130228721,0.08000779351143202,25,30,20
17,1485,1.55071892770867e-05,0.9188614522986219,0.0011335861103009435,0.07998945440180068,25,30,20
17,1486,1.5508488662267898e-05,0.9188740117912747,0.001120870541406594,0.07998960917865706,25,30,20
17,1487,1.5509831613030626e-05,0.9188427260504503,0.0011520000826885281,0.079989764035249,25,30,20
17,1488,1.5346669163952302e-05,0.9189232478381634,0.0010765659026306547,0.0799848395900429,25,30,20
17,1489,1.542348072569698e-05,0.918919179152381,0.0010804835759247401,0.07998491379096943,25,30,20
17,1490,1.5423484709932552e-05,0.918918962480966,0.0010807002557815103,0.07998491377854357,25,30,20
17,1491,1.542350903305259e-05,0.9189186258278574,0.0010810342414498296,0.07998491642166063,25,30,20
17,1492,1.542362389274099e-05,0.9189177898637534,0.0010818682395169555,0.07998491827283795,25,30,20
17,1493,1.53468430403845e-05,0.9189221237145143,0.0010777607155294487,0.07998476872691682,25,30,20
17,1494,2.4395958580260727e-05,0.9185423299438628,0.0014388270875401773,0.07999444701001815,25,30,20
17,1495,2.4398510167894294e-05,0.9185351200448012,0.0014454192741743307,0.07999506217085814,25,30,20
17,1496,2.440259586777492e-05,0.9185281513940747,0.001451835571023283,0.07999561043903641,25,30,20
17,1497,2.4399603638273916e-05,0.9185444010947785,0.001435671632803324,0.07999552766878094,25,30,20
17,1498,2.4399570486404025e-05,0.9185443998056958,0.001446483768379865,0.07998471685543881,25,30,20
17,1499,2.4398226561563e-05,0.9185463234459135,0.001444643581797683,0.07998463474572817,25,30,20
17,1500,2.4399543798875092e-05,0.9185443634588824,0.0014466749964661574,0.07998456200085322,25,30,20
17,1501,2.4319825027529708e-05,0.9185647139901983,0.0014264882061953779,0.07998447797857912,25,30,20
17,1502,2.4319848599923572e-05,0.9185623418333151,0.0014287040934580207,0.07998463422462726,25,30,20
17,1503,2.4171912594925955e-05,0.918486457211041,0.0015045710789746297,0.07998479979739016,25,30,20
17,1504,2.417194075440502e-05,0.9184864585489869,0.0015055067691924905,0.07998386274106697,25,30,20
17,1505,2.4248693594084865e-05,0.9184867724465638,0.001504638136170597,0.07998434072367216,25,30,20
17,1506,2.42487387326606e-05,0.918484846198533,0.00150656429584149,0.07998434076689363,25,30,20
17,1507,3.3303725163900366e-05,0.9181308726948846,0.0018421145540953407,0.07999370902585694,25,30,20
17,1508,3.330649257280841e-05,0.9181310430644695,0.001882323877285421,0.0799533265656731,25,30,20
17,1509,3.322976248018278e-05,0.9181307303869746,0.0018706655813862463,0.07996537426915985,25,30,20
17,1510,3.3155705035266764e-05,0.9181331467729618,0.001868235617901205,0.07996546190410145,25,30,20
17,1511,3.323110628820846e-05,0.9181292936234772,0.0018719353578822212,0.07996553991235242,25,30,20
17,1512,3.3228249542502914e-05,0.9181529375723266,0.0018477492806684428,0.0799660848974614,25,30,20
17,1513,3.299037467284011e-05,0.9183241097186106,0.0016947140811819418,0.07994818582553351,25,30,20
17,1514,3.3067093757608956e-05,0.9183243426434319,0.0017002015471591857,0.07994238871565007,25,30,20
17,1515,3.314833925564637e-05,0.9183228949094588,0.0017015550070974784,0.07994240174418671,25,30,20
17,1516,3.7877102979787116e-05,0.9180397507874046,0.00197043923894017,0.07995193287067394,25,30,20
17,1517,3.788104807588372e-05,0.9180364302460017,0.0019735152293794077,0.07995217347654159,25,30,20
17,1518,3.7953439506952216e-05,0.9180320092090675,0.0019778747014200172,0.07995216265000399,25,30,20
17,1519,3.835178371360544e-05,0.9180930160799988,0.0019160602548239376,0.07995257188146226,25,30,20
17,1520,3.8270516900499194e-05,0.9180956702186193,0.0019135004071064732,0.07995255885737261,25,30,20
17,1521,3.8270494867577585e-05,0.9180974238897245,0.0019119811931257952,0.07995232442228117,25,30,20
17,1522,3.85889262819192e-05,0.9180745055567553,0.0019340211028449883,0.07995288441411647,25,30,20
17,1523,3.84336220966502e-05,0.9181486845030885,0.0018603079951826393,0.07995257387963148,25,30,20
17,1524,3.391062997320137e-05,0.9182492092771155,0.0017647025152198938,0.07995217757769113,25,30,20
17,1525,3.3909243034491346e-05,0.9182563380846487,0.0017578122237142959,0.0799519404486021,25,30,20
17,1526,3.390075349230066e-05,0.918184648072801,0.0018206999675747812,0.0799607512061319,25,30,20
17,1527,3.3897980397823476e-05,0.9181844789785533,0.0017797777657366282,0.080001845275312,25,30,20
17,1528,3.389799062456135e-05,0.9181830503989139,0.001781204919324275,0.0800018466911371,25,30,20
17,1529,3.389823234388863e-05,0.9181701188224867,0.0017942881564769308,0.08000169478869212,25,30,20
17,1530,3.3896917200154635e-05,0.9181668580594511,0.0017971650767743996,0.08000207994657388,25,30,20
17,1531,3.382314554491882e-05,0.918166467935161,0.0017978573221479693,0.08000185159714601,25,30,20
17,1532,3.382287254008538e-05,0.9181774711996944,0.0017867012990758038,0.08000200462868966,25,30,20
17,1533,3.3899528323416904e-05,0.9181734798204216,0.0017903859666636892,0.08000223468459086,25,30,20
17,1534,3.389546525049674e-05,0.9181784402119585,0.001785743470886587,0.08000192085190391,25,30,20
17,1535,3.3970927329912974e-05,0.9174622191997689,0.002501739389257103,0.08000207048364354,25,30,20
17,1536,3.397094930286265e-05,0.9174619765680155,0.002501981979125401,0.08000207050355583,25,30,20
17,1537,3.389420008331702e-05,0.9174699461058163,0.0024944824496815686,0.08000167724441802,25,30,20
17,1538,3.3817417583129084e-05,0.9181863155583175,0.0017783407531508334,0.08000152627094774,25,30,20
17,1539,3.389120524524607e-05,0.9181852841481662,0.0017791507530764766,0.08000167389351134,25,30,20
17,1540,3.404774979607814e-05,0.9180947186578979,0.001864730121572297,0.08000650347073295,25,30,20
17,1541,3.412446717117223e-05,0.9180888931837364,0.001870329411397309,0.08000665293769467,25,30,20
17,1542,3.41217834751424e-05,0.9180940369842997,0.0018654225454210226,0.08000641868680368,25,30,20
17,1543,3.404505110572033e-05,0.9180859432314942,0.0018738231672554683,0.08000618855014423,25,30,20
17,1544,3.4120464235553745e-05,0.9180821685772483,0.0018775278054654553,0.08000618315305039,25,30,20
17,1545,3.415393479179219e-05,0.9179069673310167,0.002034669516800193,0.08002420921739115,25,30,20
17,1546,3.415391147502171e-05,0.9179074565732368,0.0020341802984671685,0.08002420921682062,25,30,20
17,1547,3.407860213904016e-05,0.9179040168071293,0.002037218368662491,0.08002468622206886,25,30,20
17,1548,3.407994602684908e-05,0.9179025205721115,0.002038558470389365,0.08002484101147207,25,30,20
17,1549,3.408127551458284e-05,0.9179025987217293,0.0020394671620866706,0.08002385284066942,25,30,20
17,1550,2.9359657222713942e-05,0.9182597419669364,0.0017055463295630956,0.08000535204627768,25,30,20
17,1551,2.9359708879391294e-05,0.9182604392261954,0.0017048516685449003,0.08000534939638011,25,30,20
17,1552,2.913906642048234e-05,0.917268513027185,0.002697439748101148,0.08000490815829264,25,30,20
17,1553,2.9225038583580855e-05,0.9172415161720755,0.0027237123817053684,0.08000554640763503,25,30,20
17,1554,2.906234513013954e-05,0.9172760300321162,0.0026901515101500854,0.08000475611260305,25,30,20
17,1555,2.8905807491626602e-05,0.9173672404622678,0.0026038517678153472,0.08000000196242457,25,30,20
17,1556,2.898117924822733e-05,0.917363279301327,0.0026075935767837246,0.08000014594264057,25,30,20
17,1557,2.8981156618668812e-05,0.917363428660842,0.0026073688303473565,0.08000022135219155,25,30,20
17,1558,2.8981379411223992e-05,0.9173633613364705,0.002607505027618613,0.08000015225649952,25,30,20
17,1559,2.8981436252727657e-05,0.917359542145393,0.0026113254342084087,0.08000015098414485,25,30,20
17,1560,2.8979938493510917e-05,0.9173595371128159,0.002612331371502411,0.07999915157718712,25,30,20
17,1561,2.9060842093966765e-05,0.9173230783527586,0.002648782195724464,0.07999907860942257,25,30,20
17,1562,2.9060864744605196e-05,0.9173512485614546,0.0026207654096959826,0.07999892516410469,25,30,20
17,1563,2.906228468646881e-05,0.9173528085901492,0.002619046226502249,0.07999908289866213,25,30,20
17,1564,2.906217841818442e-05,0.9173585573204665,0.00261377195997384,0.0799986085411424,25,30,20
17,1565,2.9060827103525026e-05,0.9173618943178377,0.0026108255074303362,0.07999821934762949,25,30,20
17,1566,2.9137540110826834e-05,0.9173574828830158,0.002614930073519706,0.0799984495033547,25,30,20
17,1567,2.9140218325651224e-05,0.9173576416738163,0.0026161681088882256,0.0799970499989707,25,30,20
17,1568,2.9141618231534272e-05,0.9173469081432686,0.002626272654585779,0.07999767758391499,25,30,20
17,1569,2.9046558027197885e-05,0.9176446166696249,0.0023288492375449117,0.07999748753480343,25,30,20
17,1570,2.9045206047815915e-05,0.9176471210573354,0.0023263476316947545,0.07999748610492154,25,30,20
17,1571,2.9045311795614613e-05,0.917604978519997,0.002368252768350045,0.07999772339985704,25,30,20
17,1572,2.9046631560741844e-05,0.9176049609653458,0.0023680347452324935,0.07999795765786029,25,30,20
17,1573,2.8888994037885145e-05,0.917646415122737,0.0023269735543240584,0.07999772232890054,25,30,20
17,1574,2.881222862534084e-05,0.9176400601935475,0.0023334819519470838,0.07999764562587952,25,30,20
17,1575,2.8809459174377342e-05,0.9176419947882124,0.0023318640114733057,0.07999733174113904,25,30,20
17,1576,2.8739539028543237e-05,0.9176417122685078,0.0023323377313227314,0.0799972104611399,25,30,20
17,1577,2.8740829421106906e-05,0.9176389945244935,0.00233481729295737,0.07999744735312697,25,30,20
17,1578,2.874083904280907e-05,0.9176418839366111,0.0023320786614365774,0.07999729656290865,25,30,20
17,1579,2.8895583251607256e-05,0.9176366437966621,0.002336857222970698,0.07999760339711463,25,30,20
17,1580,2.8896929372097583e-05,0.9176330874985535,0.0023404122474397528,0.07999760332463372,25,30,20
17,1581,2.8894236267160064e-05,0.917642462636293,0.002331588009305387,0.07999705511813392,25,30,20
17,1582,2.8740765478707103e-05,0.9176507656999872,0.0023235917828192056,0.07999690175171455,25,30,20
17,1583,2.88188377323589e-05,0.9176528317730327,0.0023211369903477015,0.0799972123988869,25,30,20
17,1584,2.889553941786346e-05,0.9176579256988018,0.0023165132012633585,0.07999666556051681,25,30,20
17,1585,2.897228271404068e-05,0.9176527695639948,0.002321592728200298,0.07999666542509078,25,30,20
17,1586,2.897367507549487e-05,0.917651289669505,0.002322991667511223,0.0799967449879082,25,30,20
17,1587,2.864519694414041e-05,0.9176706350219177,0.002304708431864003,0.07999601134927388,25,30,20
17,1588,2.864385618114837e-05,0.9176710504509561,0.002304220354025792,0.07999608533883737,25,30,20
17,1589,2.9032844532390217e-05,0.9176485107560572,0.0023255944067101138,0.07999686199270055,25,30,20
17,1590,2.9109614188290994e-05,0.91763806053948,0.0023358170086639884,0.07999701283766776,25,30,20
17,1591,2.9110958427129423e-05,0.917635752740345,0.002337967274466235,0.07999716902676174,25,30,20
17,1592,2.9190637724248097e-05,0.9176106831938259,0.002362722289189412,0.07999740387926088,25,30,20
17,1593,2.9183865150222355e-05,0.9176106655669568,0.0023584406233734517,0.08000170994451984,25,30,20
17,1594,2.9181260400863697e-05,0.9176144491092632,0.0023546552659379745,0.08000171436439847,25,30,20
17,1595,2.9105866075809654e-05,0.9176183460883977,0.002350983095348977,0.08000156495017792,25,30,20
17,1596,3.3165852911353935e-05,0.9175295443848015,0.0024362583792531967,0.0800010313830344,25,30,20
17,1597,2.4188966532690078e-05,0.9178771736242523,0.0021068948513493627,0.07999174255786658,25,30,20
17,1598,2.411085521301214e-05,0.9178849238764782,0.0020996896770564093,0.0799912755912538,25,30,20
17,1599,2.4032752718952845e-05,0.9178910434200348,0.0020937263626480086,0.07999119746459955,25,30,20
17,1600,1.950567661971837e-05,0.9180073596852135,0.0019822610218664227,0.07999087361630174,25,30,20
17,1601,1.942779869997392e-05,0.9180121840163461,0.001977657883916763,0.07999073030103805,25,30,20
17,1602,1.9425063920194483e-05,0.9180120194457051,0.0019746021617379414,0.07999395332863787,25,30,20
17,1603,2.4153782066459292e-05,0.9177272485085557,0.0022451862162557166,0.08000341149312332,25,30,20
17,1604,3.320866324457437e-05,0.9177462010119016,0.002578131094091522,0.07964245923076314,25,30,20
17,1605,2.41537571548422e-05,0.9177272430319335,0.0022444540612542698,0.08000414914965838,25,30,20
17,1606,2.4156472067934802e-05,0.9177229606943139,0.0022484212495950213,0.08000446158402344,25,30,20
17,1607,2.4233128637590417e-05,0.917717815537966,0.0022533460411895876,0.08000460529220695,25,30,20
17,1608,2.43098714528624e-05,0.9177182732676037,0.002257855925109983,0.07999956093583378,25,30,20
17,1609,2.4233126296971016e-05,0.9177178140905595,0.0022523866295411678,0.08000556615360249,25,30,20
17,1610,2.42317841973603e-05,0.9177206997144076,0.002249736556040603,0.08000533194535457,25,30,20
17,1611,2.4233202023564703e-05,0.9177207979862054,0.0022534840330469836,0.0800014847787243,25,30,20
17,1612,2.4385351946326813e-05,0.9177014782398062,0.00227264857874628,0.08000148782950126,25,30,20
17,1613,1.533754716908345e-05,0.9180798050048169,0.0019128958385994294,0.07999196160941513,25,30,20
17,1614,1.5414260064544774e-05,0.9180752467923127,0.0019172252344795751,0.07999211371314247,25,30,20
17,1615,1.54897652499043e-05,0.9180715071350254,0.0019207341703956372,0.07999226892932872,25,30,20
17,1616,1.549111064479856e-05,0.9180667847025075,0.0019254553592462978,0.07999226882760056,25,30,20
17,1617,1.548842170049502e-05,0.9180687623365819,0.0019237147425547507,0.07999203449916152,25,30,20
17,1618,2.0016717337764736e-05,0.9179892534465371,0.0019983742076703378,0.07999235562845347,25,30,20
17,1619,2.0016640251912776e-05,0.9180292311901098,0.001958711877899368,0.07999204029173748,25,30,20
17,1620,2.001664442395579e-05,0.9187439184920473,0.0012440218946586238,0.07999204296887003,25,30,20
17,1621,1.9939928014717657e-05,0.918750629344666,0.0012375385660496265,0.07999189216126965,25,30,20
17,1622,1.993857578127815e-05,0.9187544555126189,0.001233636984197815,0.07999196892740187,25,30,20
17,1623,1.9937239291580527e-05,0.9187558453982657,0.001232322402624772,0.0799918949598179,25,30,20
17,1624,1.993856991587208e-05,0.9187541336773518,0.001234108163988504,0.07999181958874414,25,30,20
17,1625,2.0015315934691763e-05,0.9187484167540191,0.001239441373409358,0.07999212655663725,25,30,20
17,1626,2.0015368300324202e-05,0.9187459434775511,0.0012416062068628644,0.0799924349472865,25,30,20
17,1627,2.001535998403949e-05,0.9187120595836941,0.0012754900767644876,0.07999243497955756,25,30,20
17,1628,2.457822719008444e-05,0.9183501640949607,0.001623706132673117,0.08000155154517632,25,30,20
17,1629,2.4501601179791283e-05,0.9183499639875556,0.0016240498590308103,0.0800014845522333,25,30,20
17,1630,2.442476509952925e-05,0.918353751785178,0.0016204940983887562,0.08000132935133297,25,30,20
17,1631,2.4580959884951673e-05,0.9183543753280555,0.0016307911139542535,0.07999025259810433,25,30,20
17,1632,2.4504241706173784e-05,0.9183176464809221,0.0016678994701830668,0.07998994980718768,25,30,20
17,1633,2.4394030954204573e-05,0.9184982274033421,0.0015056056585749744,0.07997177290712729,25,30,20
17,1634,1.974204768410577e-05,0.9187791764287964,0.0012386900733671962,0.07996239145015109,25,30,20
17,1635,1.974350295892079e-05,0.9187799771465036,0.0012378026260753349,0.07996247672446043,25,30,20
17,1636,1.9743506562630398e-05,0.9180412795523537,0.0019767316847745676,0.07996224525630834,25,30,20
17,1637,1.966664117531792e-05,0.9180456427254609,0.0019726814019935916,0.0799620092313694,25,30,20
17,1638,1.9666641523051845e-05,0.9180458596076033,0.0019726961019000833,0.07996177764897265,25,30,20
17,1639,1.966525901858375e-05,0.9180472520560212,0.0019713065278418544,0.0799617761571182,25,30,20
17,1640,1.9667749034369635e-05,0.9180466265517149,0.001971935632308125,0.07996177006694212,25,30,20
17,1641,1.9592337086745403e-05,0.9180875992519546,0.0019309575987456738,0.07996185081221287,25,30,20
17,1642,1.959507575591719e-05,0.9188255126349486,0.001193036116577709,0.0799618561727175,25,30,20
17,1643,1.967037267967806e-05,0.9188257213817062,0.0011941805922583036,0.07996042765335618,25,30,20
17,1644,1.9748364512199245e-05,0.9188252124030438,0.0011945419026348693,0.07996049732980931,25,30,20
17,1645,1.9748358903556168e-05,0.9188245047238993,0.0011951755046646227,0.07996057141253261,25,30,20
17,1646,1.9667315086345503e-05,0.9188509364433471,0.001169063637471452,0.07996033260409524,25,30,20
17,1647,1.9667316789161472e-05,0.9188509773219046,0.0011690227313571069,0.07996033262994913,25,30,20
17,1648,1.9590603894247875e-05,0.9188553191615019,0.0011649097075046586,0.07996018052709931,25,30,20
17,1649,1.4949719804625196e-05,0.9192338665682991,0.0008001250783140855,0.07995105863358204,25,30,20
17,1650,1.5026593847358325e-05,0.9192316340302672,0.0008022750173145082,0.0799510643585709,25,30,20
17,1651,1.5103349827084722e-05,0.919225576948444,0.0008081004835609075,0.07995121921816783,25,30,20
17,1652,1.5026594294989949e-05,0.9192316082356318,0.0008023008092263996,0.0799510643608467,25,30,20
17,1653,1.5026603945385545e-05,0.9192339371084448,0.0007999717309074959,0.0799510645567015,25,30,20
17,1654,1.5025273700061604e-05,0.9192346517281174,0.0007991816370040216,0.07995114136117805,25,30,20
17,1655,1.4948579410702807e-05,0.9192342777084939,0.0008326922805895101,0.07991808143150511,25,30,20
17,1656,1.4948549360196053e-05,0.9192369372414795,0.0008299547645000816,0.07991815944465966,25,30,20
17,1657,1.502528566927093e-05,0.91923233045262,0.0008343326681645671,0.07991831159354595,25,30,20
17,1658,1.5025293519544039e-05,0.9192326660278618,0.0008340752341731092,0.07991823344444518,25,30,20
17,1659,1.4869075311798657e-05,0.9192321153235238,0.0008541276564438305,0.07989888794471998,25,30,20
17,1660,1.487040486456443e-05,0.9192312475383894,0.0008550654051431157,0.0798988166516023,25,30,20
17,1661,1.4870402569328108e-05,0.9192325712602828,0.000853740328003403,0.07989881800914352,25,30,20
17,1662,1.4945770780198747e-05,0.9192300292298441,0.0008563659610235054,0.0798986590383504,25,30,20
17,1663,1.5100588220309078e-05,0.9192206097455095,0.0008651662487920727,0.07989912341747626,25,30,20
17,1664,1.533215308895661e-05,0.919205964484985,0.0008791250972598235,0.07989957826466437,25,30,20
17,1665,1.5408887990285052e-05,0.9192018880746443,0.0008830507493517145,0.07989965228801181,25,30,20
17,1666,1.5410199592810087e-05,0.9192426203118427,0.0008421678496813361,0.07989980163888084,25,30,20
17,1667,1.541153198733782e-05,0.9192404072118666,0.0008444523850523123,0.07989972887109158,25,30,20
17,1668,3.3082829763334986e-05,0.9189133081222787,0.0011531113663554495,0.07990049768160003,25,30,20
17,1669,3.30841696013773e-05,0.9189109450478975,0.0011553207913868454,0.07990064999111174,25,30,20
17,1670,3.308553574149043e-05,0.9189195420794499,0.0011466402085973893,0.07990073217620894,25,30,20
17,1671,3.3010049173760574e-05,0.9189255291827806,0.0011409619334917017,0.07990049883455208,25,30,20
17,1672,3.77370364520237e-05,0.9186058944204682,0.001446336953411844,0.07991003158966652,25,30,20
17,1673,3.7660270207485376e-05,0.9185750681391812,0.001477316724327524,0.07990995486628184,25,30,20
17,1674,3.7660354766229626e-05,0.8885971432622535,0.031455244087869524,0.07990995229510837,25,30,20
17,1675,3.766180758661456e-05,0.888595290488467,0.03145724584441817,0.07990980185952569,25,30,20
17,1676,3.766180758216106e-05,0.888590743118906,0.031461713698932844,0.07990988137457619,25,30,20
17,1677,3.766046755064333e-05,0.8885925218291078,0.03146008988326959,0.07990972782006954,25,30,20
17,1678,3.774140842212685e-05,0.8885711097553542,0.03148094660345623,0.07991020223276467,25,30,20
17,1679,1.9989185024102997e-05,0.8889026568875906,0.031167931666444684,0.07990942226093797,25,30,20
17,1680,1.998781245472912e-05,0.8889070972050962,0.031163650228468617,0.07990926475397937,25,30,20
17,1681,1.9987815255932455e-05,0.8889053483185566,0.03116539910622326,0.07990926475996296,25,30,20
17,1682,1.9987793295190687e-05,0.8889074084903362,0.031163488428032394,0.07990911528833465,25,30,20
17,1683,1.99878390943898e-05,0.8889041277180152,0.031166775939484484,0.07990910850340416,25,30,20
17,1684,1.9987805531164684e-05,0.8889045040659832,0.031166475195488225,0.07990903293299546,25,30,20
17,1685,2.9036099731633448e-05,0.8884975772235557,0.03155484637189783,0.0799185403048138,25,30,20
17,1686,2.911285083805648e-05,0.888498184247319,0.03152384026899185,0.07994886263285016,25,30,20
17,1687,2.9111639372879124e-05,0.8884998486995752,0.03152217565885672,0.07994886400219456,25,30,20
17,1688,2.9425366645046948e-05,0.8882843549129652,0.031723834603133626,0.07996238511725569,25,30,20
17,1689,2.9581458598313225e-05,0.8876062104290108,0.03240150933810613,0.07996269877428436,25,30,20
17,1690,2.9585558108808428e-05,0.8875697710987942,0.03243785977535243,0.07996278356774421,25,30,20
17,1691,2.9896522488000364e-05,0.8875511546230075,0.032455543477304796,0.07996340537719851,25,30,20
17,1692,2.5091433240911856e-05,0.8878771456736996,0.03214396966627443,0.07995379322678402,25,30,20
17,1693,2.50147266609305e-05,0.8878860227137241,0.032135398267702675,0.07995356429191115,25,30,20
17,1694,2.50147496467261e-05,0.8878854267959084,0.03213606686266191,0.07995349159178163,25,30,20
17,1695,2.0565878840479178e-05,0.8879590314810152,0.03206707465025589,0.07995332798988836,25,30,20
17,1696,2.0489145832853995e-05,0.8879631891924804,0.03206314444485451,0.07995317721683229,25,30,20
17,1697,2.0489046959529747e-05,0.8879606933195744,0.03206564078789254,0.0799531768455732,25,30,20
17,1698,2.0489072413865946e-05,0.8879604403473915,0.032065893699703585,0.07995317688049099,25,30,20
17,1699,2.048907249715109e-05,0.8879602338714072,0.03206586860929247,0.07995340844680311,25,30,20
17,1700,2.04096916936776e-05,0.8886343041317086,0.03139203923942079,0.07995324693717705,25,30,20
17,1701,2.0409714760916328e-05,0.8886705690176826,0.03135584972393719,0.07995317154361876,25,30,20
17,1702,2.0409710289411147e-05,0.8886704178024238,0.0313560737293357,0.07995309875795044,25,30,20
17,1703,2.5349015455434025e-05,0.8881590365179342,0.031843833003597236,0.07997178146301265,25,30,20
17,1704,3.286509653526537e-05,0.8785010660604372,0.04136342048309467,0.08010264835993253,25,30,20
17,1705,3.286371384199985e-05,0.8784988658190445,0.04136547137393068,0.08010279909318259,25,30,20
17,1706,3.254983501114748e-05,0.8787154874582181,0.0411627657786585,0.0800891969281122,25,30,20
17,1707,3.254850241178496e-05,0.8787233021954005,0.041155107214194145,0.08008904208799363,25,30,20
17,1708,4.17386652530872e-05,0.8785104479204549,0.0413578718675722,0.0800899415467217,25,30,20
17,1709,4.166328170119365e-05,0.87851313287653,0.041355336282551176,0.08008986755921826,25,30,20
17,1710,4.1509822289206505e-05,0.8785202714955546,0.04134881148623466,0.08008940719592308,25,30,20
17,1711,4.151114306933075e-05,0.8785194161815884,0.04134966685325759,0.08008940582208572,25,30,20
17,1712,4.1511170793314004e-05,0.8785198759750419,0.04134920950121112,0.08008940335295472,25,30,20
17,1713,4.1512474579359126e-05,0.8785178440898816,0.041351079923847255,0.08008956351169287,25,30,20
17,1714,4.143302855200608e-05,0.8785247120986028,0.04134467910260234,0.08008917577024365,25,30,20
17,1715,4.143034012402928e-05,0.8785277609343016,0.04134156160146404,0.08008924712411114,25,30,20
17,1716,4.1430355108048464e-05,0.8785282942356153,0.04134102686912046,0.0800892485401579,25,30,20
17,1717,4.14303368781628e-05,0.8785292623409876,0.04134006153498275,0.08008924578715332,25,30,20
17,1718,4.142772633230173e-05,0.8785305260999999,0.04133880560728373,0.08008924056638628,25,30,20
17,1719,4.150572504291688e-05,0.878518509895108,0.041350589187143315,0.0800893951927078,25,30,20
17,1720,4.166192048113356e-05,0.8785076292229246,0.041360846470432436,0.080089862386164,25,30,20
17,1721,4.158520137291499e-05,0.8785119575824976,0.041356745517477575,0.08008971169865457,25,30,20
17,1722,4.173998220194233e-05,0.8785036147925829,0.041364626657969736,0.08009001856724851,25,30,20
17,1723,4.166038611605241e-05,0.8785232782654103,0.04134551454994967,0.08008954679852744,25,30,20
17,1724,4.158095138262223e-05,0.8785260436929616,0.04134314494718991,0.08008923040846928,25,30,20
17,1725,3.6641649045095335e-05,0.879035955348869,0.04085685798492209,0.08007054501716619,25,30,20
17,1726,2.9128538003705527e-05,0.8787016842049331,0.04132942628444318,0.07993976097262297,25,30,20
17,1727,2.9517557154009573e-05,0.8786773130151804,0.04135255236648886,0.07994061706117964,25,30,20
17,1728,2.9521987270445515e-05,0.878675531691897,0.04135432145839326,0.07994062486244122,25,30,20
17,1729,2.9517600246827823e-05,0.8786671437725372,0.041362873655939075,0.07994046497127898,25,30,20
17,1730,2.95191130193261e-05,0.878663383780833,0.04136655470159372,0.0799405424045557,25,30,20
17,1731,2.9517744670771416e-05,0.8786684354342376,0.04136142902687647,0.0799406177942155,25,30,20
17,1732,2.959297960466017e-05,0.8786672840813532,0.04136243165741805,0.07994069128162434,25,30,20
17,1733,2.9517549505879884e-05,0.8786668235057707,0.04135576998960624,0.07994788895511733,25,30,20
17,1734,2.9518850506038387e-05,0.8786659841087667,0.04135660947531391,0.07994788756541384,25,30,20
17,1735,2.959423556243613e-05,0.8786618122859052,0.041360714136812964,0.0799478793417201,25,30,20
17,1736,2.9594183371652672e-05,0.8786710390961686,0.04135133529930222,0.07994803142115829,25,30,20
17,1737,2.959552405797181e-05,0.8786711224007362,0.04132210973279348,0.07997717234241283,25,30,20
17,1738,3.4122642861959964e-05,0.8785927632694179,0.04139562098620522,0.07997749310151542,25,30,20
17,1739,3.4126812816288036e-05,0.8785872442396772,0.04140096672530019,0.079977662222207,25,30,20
17,1740,3.40500536198695e-05,0.8785951547066696,0.04139328518886459,0.07997751005084636,25,30,20
17,1741,3.405142130056117e-05,0.8785572573124415,0.04143117982756484,0.07997751143869358,25,30,20
17,1742,2.500450159404741e-05,0.8789291544712795,0.04107775883292084,0.07996808219420601,25,30,20
17,1743,2.4693606965842694e-05,0.87894429074229,0.041063320949438056,0.07996769470130664,25,30,20
17,1744,2.4690944587530236e-05,0.8789826772400299,0.04102486298929197,0.07996776882609105,25,30,20
17,1745,2.476632362585049e-05,0.8789799031717994,0.04102741087315803,0.07996791963141744,25,30,20
17,1746,1.5651544194399843e-05,0.8791903090318074,0.04082686574513971,0.07996717367885942,25,30,20
17,1747,1.565423212628012e-05,0.8791830160322796,0.04083415205194479,0.07996717768365015,25,30,20
17,1748,2.4925136961363816e-05,0.8786873741080491,0.041301825380030806,0.07998587537495971,25,30,20
17,1749,2.476897508322669e-05,0.8786992997328709,0.04129036821596323,0.07998556307608239,25,30,20
17,1750,2.476898157940013e-05,0.8786990413439456,0.04126367900368874,0.08001251067078498,25,30,20
17,1751,2.5006130679787613e-05,0.8785989461450806,0.04135891890801809,0.08001712881622013,25,30,20
17,1752,2.4930740295887485e-05,0.8786029130087273,0.04135517819270114,0.08001697805827428,25,30,20
17,1753,2.4853945934329246e-05,0.8786104737455155,0.04134823686922591,0.08001643543932307,25,30,20
17,1754,2.4929359247177797e-05,0.8786107012917774,0.0413515066693456,0.08001286267962852,25,30,20
17,1755,2.4929351753960884e-05,0.8786090762227893,0.04135305634450627,0.0800129380809497,25,30,20
17,1756,2.4853980593180868e-05,0.8786086941465489,0.04134981600898047,0.08001663586387651,25,30,20
17,1757,2.4856832784118206e-05,0.8785885049603358,0.04136539227430875,0.08002124593257041,25,30,20
17,1758,2.5011616568196477e-05,0.8785805029783204,0.04137285315022736,0.08002163225488344,25,30,20
17,1759,2.5010086777116383e-05,0.8785995210939284,0.04135852343835112,0.08001694538094277,25,30,20
17,1760,2.517275537245723e-05,0.878583966313367,0.041373435260902675,0.08001742567035754,25,30,20
17,1761,2.5172731456831643e-05,0.8785841808111049,0.041373222132049144,0.08001742432538922,25,30,20
17,1762,2.517138016307536e-05,0.8785861791094282,0.04137122791170165,0.08001742159870702,25,30,20
17,1763,2.5017933649836752e-05,0.8785938094225163,0.04136405793855476,0.08001711470527877,25,30,20
17,1764,2.5019451211953863e-05,0.8786253495122649,0.04133258601113657,0.08001704502538595,25,30,20
17,1765,2.5019470873449846e-05,0.8786237230693625,0.041334208376702535,0.08001704908306091,25,30,20
17,1766,2.4933516059826494e-05,0.8786356477844858,0.04132269927536342,0.08001671942409055,25,30,20
17,1767,2.4933544764263684e-05,0.8786353886368685,0.0413229583133591,0.08001671950500824,25,30,20
17,1768,2.493491770291051e-05,0.8786332629407606,0.0413248469491786,0.08001695519235794,25,30,20
17,1769,2.493354605713136e-05,0.8786398922872762,0.041318221646297566,0.08001695252036894,25,30,20
17,1770,2.4929295572413765e-05,0.8786183852907961,0.041339746727212294,0.08001693868641904,25,30,20
17,1771,2.4774511225119848e-05,0.8786268188840891,0.04133177339979469,0.08001663320489134,25,30,20
17,1772,2.477036890997876e-05,0.8786318786349717,0.04132688416486366,0.08001646683125566,25,30,20
17,1773,2.4770387989952264e-05,0.8786315194555213,0.04132716388270466,0.08001654627378528,25,30,20
17,1774,2.4770403015453538e-05,0.8786287419576466,0.041329705631929954,0.08001678200740855,25,30,20
17,1775,2.9448591000975477e-05,0.8785157952614112,0.041437654819627426,0.08001710132796083,25,30,20
17,1776,2.9682848191129587e-05,0.8784997881091472,0.04145303458719449,0.08001749445546742,25,30,20
17,1777,2.5231143119783385e-05,0.8785756585455077,0.04138186120843417,0.0800172491029383,25,30,20
17,1778,2.4994044877367232e-05,0.878672594105886,0.041289852239034947,0.08001255961020115,25,30,20
17,1779,2.475976225064158e-05,0.8786900151786615,0.04127306398849469,0.08001216107059253,25,30,20
17,1780,2.4759736658411237e-05,0.8786929313915808,0.04127007647392678,0.08001223239783363,25,30,20
17,1781,2.476248914983052e-05,0.8786613063319574,0.0413017767735,0.08001215440539221,25,30,20
17,1782,2.4762531106800575e-05,0.8786613118910721,0.041302214965218444,0.08001171061260244,25,30,20
17,1783,2.476546713759754e-05,0.8786173278041152,0.04134618885398234,0.08001171787476447,25,30,20
17,1784,2.484089340491401e-05,0.8786104786425626,0.0413528117114649,0.08001186875256718,25,30,20
17,1785,2.4762792235090387e-05,0.8786233777506659,0.04134014548891826,0.08001171396818078,25,30,20
17,1786,2.4765667286846914e-05,0.8785218448330637,0.04144166964660348,0.08001171985304614,25,30,20
17,1787,2.48451548097258e-05,0.8785406046111756,0.04158763566823243,0.07984691456578237,25,30,20
17,1788,2.929517186893129e-05,0.8784634035908165,0.04166021512349778,0.07984708611381633,25,30,20
17,1789,2.921980015899631e-05,0.8784677310242767,0.041656113851157174,0.07984693532440618,25,30,20
17,1790,2.9294941980603845e-05,0.8785065427699363,0.04161692460758069,0.07984723768050143,25,30,20
17,1791,2.9296285552522975e-05,0.878505578528436,0.04161765728528872,0.0798474679007221,25,30,20
17,1792,2.929353299363751e-05,0.8785372692901804,0.04158597071263989,0.07984746646418538,25,30,20
17,1793,2.9452964447118324e-05,0.8785354796237079,0.04158789876587287,0.07984716864597177,25,30,20
17,1794,2.945164764216435e-05,0.878535995224669,0.04158761599639373,0.07984693713129501,25,30,20
17,1795,2.4926375338680666e-05,0.8786173153135697,0.04151114315418129,0.0798466151569101,25,30,20
17,1796,2.4771655150521565e-05,0.8786115876007297,0.041517177414930176,0.07984646332918915,25,30,20
17,1797,2.4849759025091198e-05,0.8786035216721381,0.041524696605046235,0.07984693196379025,25,30,20
17,1798,2.4847024218617716e-05,0.8786375605483588,0.04149074385066075,0.07984684857676083,25,30,20
17,1799,2.4770336862889473e-05,0.8786412376125202,0.041487296966835195,0.07984669508378149,25,30,20
17,1800,2.484839131292165e-05,0.8786364749145545,0.041491825454168685,0.07984685123996359,25,30,20
17,1801,2.484706298610795e-05,0.8786629923893092,0.04146530797230997,0.07984685257539488,25,30,20
17,1802,2.4847062899340993e-05,0.878662040792922,0.041466259663855906,0.07984685248032304,25,30,20
17,1803,2.484692808528761e-05,0.8786574311155719,0.04147086713676273,0.07984685481958002,25,30,20
17,1804,2.4846902771519546e-05,0.8786586353407205,0.04146966433396533,0.07984685342254251,25,30,20
17,1805,2.4771485982692515e-05,0.8786647980623932,0.04146372786264913,0.07984670258897465,25,30,20
17,1806,2.0091950647773478e-05,0.8787792382166079,0.04135428518941698,0.07984638464332726,25,30,20
17,1807,2.0096317542472506e-05,0.8786692176054892,0.04146413574338539,0.07984655033358455,25,30,20
17,1808,2.001687063852513e-05,0.8786788224065266,0.0414550022178975,0.07984615850493917,25,30,20
17,1809,2.0016846573610373e-05,0.8786795398241033,0.04145428624179338,0.07984615708753165,25,30,20
17,1810,2.0092072488896203e-05,0.8787614418736466,0.04137192712539863,0.07984653892846788,25,30,20
17,1811,2.0016671374471994e-05,0.8787642836533681,0.04136923749772239,0.07984646217753685,25,30,20
17,1812,2.0015350464334474e-05,0.8787646274224032,0.041368816920106584,0.0798465403070276,25,30,20
17,1813,2.0014019886535586e-05,0.878764466215503,0.04138211547557202,0.07983340428904011,25,30,20
17,1814,1.9937311325475083e-05,0.8787607660931765,0.041385424903332364,0.07983387169216732,25,30,20
17,1815,1.986483817799299e-05,0.8787711347920506,0.04137550656568385,0.07983349380408925,25,30,20
17,1816,1.994155721655903e-05,0.8787665592227688,0.0413798545997133,0.07983364462030282,25,30,20
17,1817,1.9866235671170126e-05,0.8787656254816804,0.04138101435517379,0.0798334939274777,25,30,20
17,1818,2.4459181231802668e-05,0.8786746130558265,0.04146712633395575,0.07983380142898898,25,30,20
17,1819,2.4535958244666756e-05,0.8786665649228891,0.04147471121404591,0.07983418790482275,25,30,20
17,1820,2.4612706402870136e-05,0.8786619374562495,0.041479107113719105,0.07983434272363088,25,30,20
17,1821,2.461263437684546e-05,0.8786663379873151,0.04147470537966211,0.07983434399864826,25,30,20
17,1822,2.461393076059195e-05,0.8786640745862168,0.041476966213103955,0.0798343452699205,25,30,20
17,1823,2.4537173146669337e-05,0.8786689444451616,0.04147232660117126,0.07983419178052235,25,30,20
17,1824,2.4613940876332343e-05,0.8786596567541826,0.041481460778060114,0.07983426852688238,25,30,20
17,1825,2.4542698876590063e-05,0.8786622339402463,0.041479097293683216,0.07983412606719525,25,30,20
17,1826,2.4623821974716215e-05,0.8786409261022701,0.04150031260134459,0.0798341374744118,25,30,20
17,1827,2.462520868158313e-05,0.8786347940101489,0.04150597184792226,0.07983460893324851,25,30,20
17,1828,2.4783159454423406e-05,0.8785494486075082,0.04158188222958721,0.07984388600345145,25,30,20
17,1829,2.4858504543605386e-05,0.8785540858269205,0.04157763845015527,0.07984341721838174,25,30,20
17,1830,1.5743718154906072e-05,0.8790425583493008,0.04111658818715251,0.07982510974539213,25,30,20
17,1831,1.5746437288743147e-05,0.8790266617092277,0.04113247241323848,0.07982511944024523,25,30,20
17,1832,1.5746351228087058e-05,0.8790293121873205,0.04113013319222603,0.07982480826922582,25,30,20
17,1833,1.5834663165069698e-05,0.8790299246030608,0.04000543465313199,0.08094880608064299,25,30,20
17,1834,1.591146903486918e-05,0.8790248065677246,0.04001016617757894,0.08094911578566258,25,30,20
17,1835,1.5907098181420403e-05,0.8791344846191577,0.039900655502481064,0.08094895278018031,25,30,20
17,1836,1.575085170290402e-05,0.8791588326880688,0.039876933761715264,0.08094848269851465,25,30,20
17,1837,1.5820161913813108e-05,0.8791586911483659,0.04101531468977398,0.07981017399994796,25,30,20
17,1838,1.5662063320189275e-05,0.8791621667632907,0.041012005046155854,0.07981016612723402,25,30,20
17,1839,1.5586662888016335e-05,0.8791665376974886,0.04100786031280555,0.07981001532681842,25,30,20
17,1840,1.5588014970099542e-05,0.8791666435261871,0.041007750452345795,0.07981001800649708,25,30,20
17,1841,1.55867422480005e-05,0.8791680712372805,0.041006399270786205,0.0798099427496852,25,30,20
17,1842,1.550862090739e-05,0.8791742057846278,0.04100057851871577,0.07980970707574851,25,30,20
17,1843,1.8347908263967673e-05,0.8792082252805244,0.024484765815167907,0.09628866099604431,25,30,20
17,1844,2.292304857582353e-05,0.8787718069241589,0.024916125005215076,0.0962891450220508,25,30,20
17,1845,2.292441979502666e-05,0.878769056977108,0.024918717208546742,0.0962893013945508,25,30,20
17,1846,2.2923098449818116e-05,0.8787698811928294,0.02491781897367705,0.09628937673504452,25,30,20
17,1847,2.2923097250829437e-05,0.8787704908243977,0.02491713662509083,0.09628944945326198,25,30,20
17,1848,2.2921754372268584e-05,0.8787743668464896,0.02491349769013749,0.09628921370900236,25,30,20
17,1849,2.2921747832203507e-05,0.8787742405863554,0.024913696646522737,0.09628914101929137,25,30,20
17,1850,2.2923330902781674e-05,0.8787040912991341,0.024970195434116448,0.09630278993584784,25,30,20
17,1851,1.8326146282469103e-05,0.8788010840531274,0.024877960499092727,0.0963026293014992,25,30,20
17,1852,1.840417269028825e-05,0.8787956301453914,0.024883033165383338,0.09630293251653674,25,30,20
17,1853,2.3135192522646776e-05,0.8784730382720012,0.02519143335857316,0.0963123931769052,25,30,20
17,1854,2.3210562662237552e-05,0.8784715688006857,0.025192676719476056,0.09631254391717753,25,30,20
17,1855,2.3137933669365e-05,0.8784705255580715,0.025193937897176978,0.09631239861108364,25,30,20
17,1856,1.8561449788829033e-05,0.878906734060292,0.02476294470809676,0.0963117597818237,25,30,20
17,1857,1.856150119330904e-05,0.8789052843681777,0.024764391481262783,0.09631176264936742,25,30,20
17,1858,1.8404916889230642e-05,0.8789863950049867,0.024692476141559373,0.0963027239365665,25,30,20
17,1859,1.8404935614844408e-05,0.8789846455176081,0.02469422559766613,0.09630272394911263,25,30,20
17,1860,1.84845568457577e-05,0.8789754202640419,0.025312278805439976,0.09569381637367352,25,30,20
17,1861,1.8561346339409477e-05,0.878961684672812,0.025325234595899245,0.09569451938495047,25,30,20
17,1862,0.0001776055978962136,0.8798874829037722,0.015500215727176659,0.10443469577115515,25,30,20
17,1863,0.0001727991937025442,0.8802121859487056,0.015189775640931246,0.10442523921666048,25,30,20
17,1864,0.00017280051519213385,0.8802091748581813,0.015192705989758016,0.1044253186368683,25,30,20
17,1865,0.0001727933806592121,0.8802490935056063,0.01516637766039181,0.10441173545334223,25,30,20
17,1866,0.00017279342903972472,0.8802437833092196,0.01517176305913314,0.10441166020260667,25,30,20
17,1867,0.00017279211065154547,0.8802087425227246,0.01520688584600367,0.10441157952061926,25,30,20
17,1868,0.00017279218327655423,0.8802125876782931,0.0152032785635011,0.10441134157492828,25,30,20
17,1869,0.00017752070247422386,0.8799266128987117,0.015474686908586872,0.1044211794902266,25,30,20
17,1870,0.00017751799625279687,0.8799273167879901,0.015473981509156685,0.10442118370660033,25,30,20
17,1871,0.00017751799410476864,0.8799621740127873,0.015439199755164515,0.10442110823794325,25,30,20
17,1872,0.00017751664746091115,0.8799642463846418,0.015437282385087696,0.10442095458280967,25,30,20
17,1873,0.00017743988933203617,0.8799731512735681,0.01542923266046506,0.10442017617663446,25,30,20
17,1874,0.00017743983998064425,0.8799731520823252,0.015414528353733475,0.10443487972396019,25,30,20
17,1875,0.00017743986180556554,0.8799775454353584,0.015410059492825185,0.10443495521001019,25,30,20
17,1876,0.00017744121903768434,0.8800134561022196,0.01537421887337445,0.10443488380536779,25,30,20
17,1877,0.00017744122391613788,0.8800146251234877,0.015373059445064088,0.10443487420753172,25,30,20
17,1878,0.00017743848321036783,0.8800171754858341,0.01537028433276394,0.1044351016981912,25,30,20
17,1879,0.00017751386461672426,0.8800152743747371,0.015372115519083674,0.10443509624156219,25,30,20
17,1880,0.0001730182964184632,0.8802712436464007,0.015129627476812967,0.10442611058036759,25,30,20
17,1881,0.0001730169583826011,0.8802761080720173,0.015124765742162654,0.10442610922743757,25,30,20
17,1882,0.00017787897954546023,0.8797944588138846,0.015592066483655465,0.1044355957229142,25,30,20
17,1883,0.00017795436372961449,0.879763613897898,0.01562269219566647,0.10443573954270591,25,30,20
17,1884,1.5908813371065837e-05,0.8788031541792595,0.0020053190580884635,0.119175617949281,25,30,20
17,1885,1.590879901773977e-05,0.8788029236353018,0.0020055523377793373,0.11917561522790139,25,30,20
17,1886,1.5910124861361256e-05,0.8787997345575609,0.0020088142489558,0.11917554106862202,25,30,20
17,1887,1.5908793669143577e-05,0.8788020182656403,0.002007004591279461,0.1191750683494123,25,30,20
17,1888,1.5984210071827102e-05,0.8787943141702392,0.002014482463618782,0.11917521915607134,25,30,20
17,1889,1.5985574713090825e-05,0.8787946239615286,0.002016640310787542,0.11917275015297188,25,30,20
17,1890,1.5907455608265445e-05,0.8788415868781473,0.001969910239345842,0.1191725954268995,25,30,20
17,1891,1.5675917740817536e-05,0.8788528924695106,0.001959218304868027,0.11917221330788078,25,30,20
17,1892,1.567457619660153e-05,0.8788533432827892,0.001959001672550563,0.1191719804684639,25,30,20
17,1893,1.55991778785617e-05,0.8788581088471942,0.0019543759981316246,0.1191719159767958,25,30,20
17,1894,1.559487992462424e-05,0.8788495031807517,0.0012024940283755212,0.11993240791094825,25,30,20
17,1895,2.0312619680504265e-05,0.8784809702444426,0.0015482171034362743,0.11995050003244077,25,30,20
17,1896,2.038796739945865e-05,0.8784795128275883,0.0015495257216277516,0.11995057348338442,25,30,20
17,1897,2.0390672103567723e-05,0.8784796297410326,0.0015491718827449108,0.11995080770411905,25,30,20
17,1898,2.039094558881683e-05,0.8784793314839788,0.0015482188395626705,0.1199520587308697,25,30,20
17,1899,2.5112856818576738e-05,0.8781322917452344,0.0018767529522248838,0.11996584244572235,25,30,20
17,1900,2.5186876536811595e-05,0.8781314423319376,0.0018773775893127353,0.11996599320221257,25,30,20
17,1901,2.0324900889177538e-05,0.8786077972347407,0.001415364291616177,0.11995651357275396,25,30,20
17,1902,2.033059389872214e-05,0.8785434515740259,0.0014797709047319942,0.11995644692734354,25,30,20
17,1903,2.024816418950062e-05,0.8786125931997298,0.0014107997865526448,0.11995635884952809,25,30,20
17,1904,2.0249212556301565e-05,0.8786128172106296,0.0014113738373456137,0.11995555973946867,25,30,20
17,1905,2.9275398709847595e-05,0.8784189605093893,0.0015956459877090148,0.119956118104192,25,30,20
17,1906,2.9272712588619503e-05,0.8784187977931261,0.0015929410430757282,0.11995898845120959,25,30,20
17,1907,2.9272723591067232e-05,0.8784187976858174,0.001593929901281028,0.11995799968931055,25,30,20
17,1908,2.9272703517939512e-05,0.8784195790195404,0.0015931512967880597,0.11995799698015398,25,30,20
17,1909,2.92727752005332e-05,0.8784187176033578,0.0015939371975985466,0.11995807242384351,25,30,20
17,1910,2.934965200885824e-05,0.8783994083105384,0.0016130172292837582,0.1199582248081695,25,30,20
17,1911,2.927291673111736e-05,0.878404733555212,0.0016079208429700894,0.11995807268508728,25,30,20
17,1912,2.462903235266237e-05,0.8787508531700717,0.0012800728702491687,0.1199444449273269,25,30,20
17,1913,2.462905715336911e-05,0.8787508573090764,0.0012805786585798808,0.11994393497519061,25,30,20
17,1914,2.4626351704103847e-05,0.8787530599750089,0.0012786116726488592,0.11994370200063825,25,30,20
17,1915,2.4626315888074505e-05,0.8787530585793678,0.0012771283804027692,0.1199451867243414,25,30,20
17,1916,2.462635821183674e-05,0.8787531289543251,0.0012924009143584015,0.11992984377310476,25,30,20
17,1917,2.462492321889873e-05,0.8787538257129768,0.0012917828417948354,0.11992976652201012,25,30,20
17,1918,2.4548221011080713e-05,0.8787566048196461,0.001289235212289628,0.11992961174705372,25,30,20
17,1919,2.4710665253487208e-05,0.8787366960092176,0.0013085827037874176,0.11993001062174244,25,30,20
17,1920,2.4710750768650792e-05,0.8787362636719621,0.0013090172336603487,0.11993000834360971,25,30,20
17,1921,1.576149007217647e-05,0.8789056305764713,0.001148998886224017,0.11992960904723343,25,30,20
17,1922,1.576017429108689e-05,0.8789115575699833,0.0011430852426318019,0.11992959701309473,25,30,20
17,1923,1.576149163748359e-05,0.8789061559014003,0.001148248768976526,0.11992983383798661,25,30,20
17,1924,1.560529486682228e-05,0.8789052981551687,0.0011347299471005901,0.11994436660286467,25,30,20
17,1925,1.104100894956057e-05,0.8792670076152502,0.000795450930168411,0.11992650044563222,25,30,20
17,1926,1.1043735471044436e-05,0.87926417873636,0.0007982703057076533,0.11992650722246151,25,30,20
17,1927,1.0968347236052107e-05,0.8792692776403414,0.0007933989364833897,0.11992635507593943,25,30,20
17,1928,1.0969713381926172e-05,0.879265975453757,0.0007967010160110709,0.11992635381685003,25,30,20
17,1929,1.0968351543614234e-05,0.8792678832336389,0.0007947959517708669,0.11992635246304648,25,30,20
17,1930,1.1045060363214666e-05,0.8792623158333975,0.0008000577489868079,0.11992658135725254,25,30,20
17,1931,1.1045035837749658e-05,0.8792669315153216,0.0007954474972195108,0.1199265759516213,25,30,20
17,1932,1.1044967966837658e-05,0.8792669338079879,0.000780162296241338,0.11994185892780398,25,30,20
17,1933,1.096689697407018e-05,0.8792705345772247,0.0007768738077280782,0.11994162471807329,25,30,20
17,1934,1.0969532636252645e-05,0.8792691685015968,0.0007783087428461699,0.11994155322292084,25,30,20
17,1935,1.0889764559198164e-05,0.8792875140736074,0.0007601323579534607,0.11994146380387924,25,30,20
17,1936,1.0895401713535593e-05,0.8792881534319821,0.0007594016369129617,0.11994154952939078,25,30,20
17,1937,1.089666977220126e-05,0.8792881021598958,0.0007593010332822929,0.11994170013704909,25,30,20
17,1938,1.0896694914672598e-05,0.8792881035377266,0.0007595446985869744,0.11994145506877128,25,30,20
17,1939,1.0821304677170412e-05,0.8792900648037011,0.0007578122727141573,0.11994130161890693,25,30,20
17,1940,1.082263714735985e-05,0.879290554999878,0.0007572369774790233,0.11994138538549506,25,30,20
17,1941,1.066018808141901e-05,0.8793106942423187,0.0007376604623170244,0.11994098510728224,25,30,20
17,1942,1.0738533998148805e-05,0.8792731215427432,0.0007750007661533866,0.11994113915710505,25,30,20
17,1943,1.0812539475191574e-05,0.8792741368313188,0.0007741542824690312,0.11994089634673676,25,30,20
17,1944,1.0811174530148433e-05,0.8792777361866005,0.000770557651807207,0.11994089498706184,25,30,20
17,1945,1.1045403863887328e-05,0.8792664127457127,0.0007811784270954186,0.1199413634233275,25,30,20
17,1946,1.1044085831610202e-05,0.8792672255908122,0.0007805216485450554,0.11994120867481045,25,30,20
17,1947,1.1044082555367915e-05,0.8792665195782163,0.0007812250000944808,0.11994121133913307,25,30,20
17,1948,1.080848077892923e-05,0.8792825068110695,0.0007659419027732954,0.11994074280537748,25,30,20
17,1949,1.0730403233320615e-05,0.8792889788050954,0.0007598567141502939,0.11994043407751961,25,30,20
17,1950,1.5454766832776776e-05,0.8789426027644773,0.001091995594637382,0.11994994687405112,25,30,20
17,1951,1.5532865898302983e-05,0.8789368586737605,0.001097506758424997,0.11995010170191561,25,30,20
17,1952,2.0145754788800937e-05,0.8788513940016268,0.0011778536834024583,0.1199506065601813,25,30,20
17,1953,2.0069043586670796e-05,0.8788552216464932,0.0011741767033908255,0.11995053260652862,25,30,20
17,1954,2.0069039699365747e-05,0.878855149387656,0.0011741735666729188,0.11995060800597095,25,30,20
17,1955,2.007173101741224e-05,0.8788513606090658,0.00117772399366556,0.11995084366625053,25,30,20
17,1956,2.0071771574204167e-05,0.8788509981510007,0.0011780862061490296,0.11995084387127557,25,30,20
17,1957,2.0073168146657008e-05,0.8788414774076476,0.0011876822026258805,0.11995076722157924,25,30,20
17,1958,2.0073086919007876e-05,0.8788421874766145,0.001186971274190145,0.11995076816227568,25,30,20
17,1959,1.9838881191449106e-05,0.8788719354499085,0.001158310964632937,0.11994991470426719,25,30,20
17,1960,1.9840223808363393e-05,0.8788704099778414,0.0011596802463927172,0.11995006955195782,25,30,20
17,1961,1.984295300497531e-05,0.8788703440362707,0.0011619362393455446,0.11994787677137929,25,30,20
17,1962,1.984034568899908e-05,0.8788691780964629,0.0011631005489627793,0.11994788100888537,25,30,20
17,1963,1.9917097588235486e-05,0.8788649670923918,0.0011669249326209693,0.11994819087739855,25,30,20
17,1964,1.984036587062601e-05,0.8788694934925685,0.0011625532961785088,0.11994811284538144,25,30,20
17,1965,1.984315919955204e-05,0.8788695750131993,0.0011730053257125353,0.119937576501888,25,30,20
17,1966,1.9844549335495703e-05,0.8788556863394089,0.0011868897815688136,0.11993757932968617,25,30,20
17,1967,1.9843234424989833e-05,0.8788555416496819,0.0011873467709575159,0.11993726834493523,25,30,20
17,1968,1.9840317196894367e-05,0.8788540743571253,0.0011888945969628674,0.1199371907287145,25,30,20
17,1969,1.9840361793588042e-05,0.878853544277949,0.001189424540461685,0.11993719081979463,25,30,20
17,1970,1.9840335038559433e-05,0.8788544391641037,0.0011885311551964135,0.11993718934566036,25,30,20
17,1971,1.984303023957797e-05,0.8788546835138383,0.0012099834139308826,0.11991549004199027,25,30,20
17,1972,1.9845743383038734e-05,0.8788507891301769,0.0012134832828318474,0.11991588184360666,25,30,20
17,1973,1.984698667058187e-05,0.8788507383572103,0.001213532976804696,0.11991588167931293,25,30,20
17,1974,1.9844274098433914e-05,0.8788516163161141,0.001212665870982881,0.11991587353880324,25,30,20
17,1975,1.984288633331153e-05,0.8788516121346015,0.00121174987376565,0.11991679510529836,25,30,20
17,1976,1.9842818429883785e-05,0.878860785305446,0.0012025769332606445,0.11991679494286299,25,30,20
17,1977,1.984285386552108e-05,0.8788539636166881,0.0012092420713372338,0.11991695145810866,25,30,20
17,1978,1.984009164068467e-05,0.8788555545988601,0.0012080471025789309,0.11991655820691983,25,30,20
17,1979,1.5148887325242411e-05,0.8789768218653434,0.0010918982920332452,0.11991613095529786,25,30,20
17,1980,1.5148883848556082e-05,0.8789768865636921,0.0010919090366540497,0.11991605551580506,25,30,20
17,1981,1.5073501597090958e-05,0.8782850971314814,0.001783923147994048,0.11991590621892718,25,30,20
17,1982,1.4996739171679147e-05,0.8782907319557018,0.0017786736503893042,0.11991559765473615,25,30,20
17,1983,1.4996708249301195e-05,0.8782926638522893,0.001776584281448617,0.11991575515801214,25,30,20
17,1984,1.4995401137995392e-05,0.8782914257971648,0.0017778181061598932,0.11991576069553675,25,30,20
17,1985,1.4919819166309613e-05,0.8783129854593846,0.0017565658636722525,0.11991552885777507,25,30,20
17,1986,1.0195546259275711e-05,0.8786600317094354,0.0014237578899482508,0.11990601485435531,25,30,20
17,1987,1.0118681066089061e-05,0.8786810386809805,0.0014029034053142696,0.11990593923263779,25,30,20
17,1988,1.0118698525359002e-05,0.8786786678740099,0.0014052727666488427,0.1199059406608144,25,30,20
17,1989,1.0120067148636193e-05,0.878676362091487,0.0014075839436123285,0.11990593389775077,25,30,20
17,1990,1.0121436199426085e-05,0.878673336633596,0.0014106079868679395,0.11990593394333521,25,30,20
17,1991,1.0121414268157735e-05,0.8786736571443947,0.0014103642050027304,0.1199058572363328,25,30,20
17,1992,1.0121368693663483e-05,0.8786741206608086,0.0014098254152186266,0.11990593255527798,25,30,20
17,1993,1.0121341575906972e-05,0.8786780590485467,0.0014059638949148183,0.11990585571496151,25,30,20
17,1994,1.012141992388567e-05,0.8786511293990784,0.001432893453638573,0.11990585572735883,25,30,20
17,1995,1.0121386167507627e-05,0.8786530081563262,0.0014310121297963227,0.11990585832770978,25,30,20
17,1996,1.0044675817097597e-05,0.878658591113488,0.0014257347789915777,0.11990562943170367,25,30,20
17,1997,1.0043308996755048e-05,0.8786582740219301,0.0014051470299861035,0.11992653563908774,25,30,20
17,1998,1.0041961653664766e-05,0.8786596440921075,0.0014037728026937344,0.1199265411435457,25,30,20
17,1999,1.0040624265271963e-05,0.8786771932370017,0.001386149492797876,0.11992661664593562,25,30,20
17,2000,1.0040671083513248e-05,0.8786771906609555,0.0013880772408217162,0.11992469142714014,25,30,20
17,2001,1.0118726177473797e-05,0.8786844623825614,0.001380572726080502,0.11992484616518158,25,30,20
17,2002,1.0270819434818126e-05,0.8786780293461676,0.0013865508183095953,0.11992514901608914,25,30,20
17,2003,1.0346233437480824e-05,0.879370166258604,0.000694189154303216,0.11992529835365628,25,30,20
17,2004,1.0344902524839682e-05,0.8793702416560701,0.0006935413932932952,0.11992587204811268,25,30,20
17,2005,1.042153033687492e-05,0.8793690989372343,0.0006944623579073389,0.11992601717452209,25,30,20
17,2006,1.0577695215005715e-05,0.8793656530900542,0.000697590699176267,0.11992617851555487,25,30,20
17,2007,1.0577632670994592e-05,0.8793647620466589,0.0006984078567148929,0.11992625246395543,25,30,20
17,2008,1.057763471246965e-05,0.8793646839584558,0.0006984375137782102,0.11992630089305384,25,30,20
17,2009,1.0654337251137592e-05,0.8793610725975601,0.0007018188130383249,0.11992645425215054,25,30,20
17,2010,1.0577579106535216e-05,0.8793647863567833,0.0006983353036843989,0.11992630076042593,25,30,20
17,2011,1.0578914819640487e-05,0.8793646352146226,0.0006918107462181361,0.11993297512433944,25,30,20
17,2012,1.0502205171071995e-05,0.8793684307714281,0.0006881672193825353,0.11993289980401797,25,30,20
17,2013,1.0424141522412835e-05,0.8793738179980026,0.0006830127887773372,0.11993274507169777,25,30,20
17,2014,1.0424118497189683e-05,0.8793707509921482,0.0006860798873418097,0.11993274500201276,25,30,20
17,2015,1.0499509038347675e-05,0.8793711387479197,0.0006879350109376244,0.11993042673210433,25,30,20
17,2016,1.0498117424521053e-05,0.8793789074293937,0.0006801690863769117,0.11993042536680493,25,30,20
17,2017,1.0730975303287207e-05,0.8793630807666527,0.0006953053990750456,0.11993088285896925,25,30,20
17,2018,1.0731021364639119e-05,0.8793625274233438,0.0006958559350817474,0.11993088562021059,25,30,20
17,2019,1.073102189698835e-05,0.8793637278855243,0.0006946527557092812,0.11993088833687018,25,30,20
17,2020,1.0574869351229577e-05,0.879333140469096,0.0007254755255569527,0.11993080913599626,25,30,20
17,2021,1.0574909137364965e-05,0.8793325099381236,0.0007260304182170343,0.11993088473452204,25,30,20
17,2022,1.0651605128711735e-05,0.8793297723189062,0.0007286146282296489,0.11993096144773524,25,30,20
17,2023,1.0574878540192615e-05,0.8792979950417332,0.0007603889536417738,0.11993104112608463,25,30,20
17,2024,1.065157597049788e-05,0.8792937220164445,0.0007644332799406064,0.11993119312764416,25,30,20
17,2025,1.057614785705385e-05,0.879293487667238,0.000797326498346669,0.11989860968655813,25,30,20
17,2026,1.065288137323914e-05,0.8792888848077716,0.0008016991566527692,0.11989876315420223,25,30,20
17,2027,1.0654216733532793e-05,0.879287905459117,0.0008026004262045444,0.1198988398979447,25,30,20
17,2028,1.0652891692461457e-05,0.8792878260644739,0.0007648339136099368,0.11993668713022357,25,30,20
17,2029,1.0651578089141329e-05,0.8792889989995166,0.0007637390117514336,0.11993661041064253,25,30,20
17,2030,1.0652975328351562e-05,0.879277831579024,0.0007749049581399105,0.11993661048750776,25,30,20
17,2031,1.0653045495052981e-05,0.8792769779838353,0.000775678982710133,0.11993668998795946,25,30,20
17,2032,1.0576324263545211e-05,0.8792812755247581,0.0007715335977244976,0.11993661455325387,25,30,20
17,2033,1.0576324321077164e-05,0.8792811648452036,0.0007715675751277315,0.11993669125534787,25,30,20
17,2034,1.0583764832080126e-05,0.8792807654832897,0.0007719499758781906,0.11993670077600019,25,30,20
17,2035,1.0586527844838764e-05,0.8792763247508233,0.0007762291311272238,0.1199368595902048,25,30,20
17,2036,1.0513879118196879e-05,0.879261960915832,0.0007908109383762862,0.11993671426667366,25,30,20
17,2037,1.0513858902633882e-05,0.8792620840284759,0.000790765943128118,0.1199366361694934,25,30,20
17,2038,1.075096737886805e-05,0.8791597887100564,0.0008925813090296989,0.11993687901353545,25,30,20
17,2039,1.0907453705966559e-05,0.8399357062643438,0.04011213754145678,0.11994124874049408,25,30,20
17,2040,1.083070796925271e-05,0.8399411133958407,0.040106957977630246,0.11994109791856011,25,30,20
17,2041,1.0830677206615964e-05,0.8399779710489941,0.04007033206005335,0.11994086621374606,25,30,20
17,2042,1.0907412318159259e-05,0.8399726246068977,0.040075448274415094,0.11994101970636921,25,30,20
17,2043,1.571225722099044e-05,0.8399916182668891,0.04034611484914625,0.11964655462674241,25,30,20
17,2044,1.5710938278096878e-05,0.8399929982363872,0.040344737609197184,0.11964655321613624,25,30,20
17,2045,1.571225204806534e-05,0.8400017642642601,0.040335734617269754,0.11964678886642117,25,30,20
17,2046,1.5709560967178123e-05,0.8400044673011553,0.04033303825791751,0.11964678487995989,25,30,20
17,2047,1.578626048200028e-05,0.8399985284701387,0.04033882518071759,0.11964686008866195,25,30,20
17,2048,2.0430038395936024e-05,0.8396594862678782,0.04066393476267056,0.11965614893105549,25,30,20
17,2049,2.050540710467221e-05,0.8396567439167064,0.040666450911413035,0.11965629976477642,25,30,20
17,2050,2.065886678826387e-05,0.8396484354811444,0.04067429633017884,0.11965660932188812,25,30,20
17,2051,2.051619116679171e-05,0.8389558885320014,0.041355786096521824,0.11966780918031002,25,30,20
17,2052,2.0678571237745837e-05,0.8389431271965243,0.04136783283274366,0.11966836139949388,25,30,20
17,2053,2.067992776362145e-05,0.8389418555253723,0.041368948315835624,0.11966851623102841,25,30,20
17,2054,2.0517555170844298e-05,0.8389536779220274,0.04135783780395154,0.11966796671885026,25,30,20
17,2055,2.067233635876716e-05,0.838943635533409,0.04136741724165183,0.1196682748885805,25,30,20
17,2056,2.067091566267715e-05,0.8389547224557912,0.0413563331641504,0.11966827346439661,25,30,20
17,2057,2.067232839524542e-05,0.8389512756914413,0.0413599222606602,0.119668129719504,25,30,20
17,2058,2.0672292972220368e-05,0.838949311814129,0.04136172720678179,0.11966828868611878,25,30,20
17,2059,2.0596900601222027e-05,0.8389524193655312,0.041358692451220154,0.11966829128264911,25,30,20
17,2060,2.0751679782422852e-05,0.8389530371342705,0.04136798145543654,0.1196582297305121,25,30,20
17,2061,2.0511381465724955e-05,0.838970182658494,0.04135154742616226,0.11965775853387937,25,30,20
17,2062,2.059237524889472e-05,0.8389665690277915,0.04135507021273603,0.11965776838422469,25,30,20
17,2063,2.5396046551368787e-05,0.8386811315095767,0.04162640784377822,0.11966706460009499,25,30,20
17,2064,2.0676878407247497e-05,0.8382950248108411,0.042026676025015836,0.11965762228573709,25,30,20
17,2065,2.0676868559183787e-05,0.8382955336271429,0.042026171298952676,0.11965761820534661,25,30,20
17,2066,2.075202288250122e-05,0.8382896449782204,0.04203168232355971,0.11965792067533884,25,30,20
17,2067,2.075761087340622e-05,0.8381952098981208,0.042103816679204646,0.1196802158118024,25,30,20
17,2068,2.0604168631517622e-05,0.8381946715961824,0.042097324172126374,0.11968740006306083,25,30,20
17,2069,2.0601592931267678e-05,0.838197277143582,0.04209473065075977,0.11968739061272798,25,30,20
17,2070,2.0679646934030705e-05,0.8381896563838839,0.042102195375642484,0.11968746859353951,25,30,20
17,2071,1.5875025923667435e-05,0.8381707531298779,0.04186912880000306,0.11994424304419528,25,30,20
17,2072,1.572021804003207e-05,0.8381821753628101,0.04185840253075007,0.11994370188840017,25,30,20
17,2073,1.5636549347361716e-05,0.8382767534178701,0.04176399759463477,0.1199436124381477,25,30,20
17,2074,1.579135316603598e-05,0.838267778480118,0.04177250814248508,0.11994392202423125,25,30,20
17,2075,1.5790038806407106e-05,0.8389972302764529,0.041042983542556734,0.11994399614218411,25,30,20
17,2076,2.0594826266074742e-05,0.8387126154997966,0.04131341438264946,0.1199533752912883,25,30,20
17,2077,3.374470270344133e-05,0.8362104350656432,0.043734577268979564,0.12002124296267448,25,30,20
17,2078,3.374470499507402e-05,0.8362103451828218,0.043734591735313376,0.1200213183768698,25,30,20
17,2079,3.3667962050225896e-05,0.8362166473317001,0.043728517074389156,0.12002116763185969,25,30,20
17,2080,3.3669278059721785e-05,0.8361777568365539,0.0437674761973307,0.12002109768805487,25,30,20
17,2081,3.366903160288696e-05,0.8361777404736546,0.04372937383901696,0.12005921665572475,25,30,20
17,2082,3.3669054883376414e-05,0.8361770933466097,0.04373002226708781,0.12005921533141832,25,30,20
17,2083,3.847389550266208e-05,0.8358926096303897,0.04400024642225439,0.12006867005185223,25,30,20
17,2084,3.8321818839948186e-05,0.8358978449797282,0.04399524119000672,0.1200685920114241,25,30,20
17,2085,3.8320466676725935e-05,0.8358992559909438,0.04399391090494543,0.12006851263743287,25,30,20
17,2086,3.816429403619609e-05,0.8359100596404047,0.04398350166336863,0.12006827440218946,25,30,20
17,2087,4.274475918956619e-05,0.8356280407772384,0.04425132466610994,0.12007788979746133,25,30,20
17,2088,4.274782188911205e-05,0.835592429878495,0.04428700183800939,0.1200778204616057,25,30,20
17,2089,4.274777416372932e-05,0.8355935939433101,0.0442858377777101,0.12007782050481522,25,30,20
17,2090,4.762999533505757e-05,0.8353066343329502,0.04455830713228592,0.12008742853942811,25,30,20
17,2091,4.7628624785085734e-05,0.8353108931505954,0.044554438910998556,0.12008703931362008,25,30,20
17,2092,4.7628619456071675e-05,0.8353109147326954,0.04455441739955856,0.12008703924828923,25,30,20
17,2093,4.7629033140566504e-05,0.8353083106110362,0.04455701460889834,0.12008704574692439,25,30,20
17,2094,4.762905442262084e-05,0.8353082393231933,0.044557778046739965,0.12008635357564336,25,30,20
17,2095,4.777416255928761e-05,0.8353689419270911,0.044508062222577784,0.12007522168776971,25,30,20
17,2096,4.77711230469781e-05,0.8354026820631879,0.04447441184145008,0.12007513497231267,25,30,20
17,2097,4.784663202618694e-05,0.8342510322057634,0.045625836479859426,0.12007528468234925,25,30,20
17,2098,4.784264031762625e-05,0.834268744241168,0.04560812833889925,0.12007528477961339,25,30,20
17,2099,4.783432126192917e-05,0.8343654154430881,0.04553391799058181,0.12005283224506667,25,30,20
17,2100,4.783018956945231e-05,0.8343654849969555,0.045529948449937685,0.12005673636353605,25,30,20
17,2101,6.134295679119037e-05,0.8339231791541664,0.04594916693977754,0.12006631094926344,25,30,20
17,2102,6.134292299773412e-05,0.8339243539359908,0.04594806346498724,0.12006623967602273,25,30,20
17,2103,6.13416122265305e-05,0.8339242759089935,0.045945571057353266,0.12006881142142577,25,30,20
17,2104,4.826999684332013e-05,0.8364094535277387,0.043541326916883234,0.12000094955853369,25,30,20
17,2105,4.354192042334987e-05,0.8366879455512495,0.04327686538790429,0.11999164714042193,25,30,20
17,2106,4.354307066935766e-05,0.8366889450266943,0.04327586373389562,0.11999164816874014,25,30,20
17,2107,4.3544414256516394e-05,0.8366891753486904,0.04327775408548647,0.11998952615156581,25,30,20
17,2108,4.354675810023882e-05,0.8366862582240142,0.043280743863105924,0.1199894511547787,25,30,20
17,2109,4.3546769697035084e-05,0.8366860292367826,0.04327970844098004,0.11999071555253928,25,30,20
17,2110,4.354678971802222e-05,0.8366858720773592,0.04327993975657168,0.11999064137635063,25,30,20
17,2111,3.87412766973834e-05,0.8369310857032716,0.043048905236840185,0.11998126778319061,25,30,20
17,2112,3.866454169439583e-05,0.8369370460681881,0.04304317235616631,0.11998111703395085,25,30,20
17,2113,4.345201653780722e-05,0.8364885748494346,0.0434684096948281,0.11999956343919896,25,30,20
17,2114,4.337662253098942e-05,0.8365301623404495,0.043427133499566846,0.11999932753745216,25,30,20
17,2115,4.361370372502562e-05,0.8364294029772865,0.043522971448001775,0.12000401187098611,25,30,20
17,2116,3.8826218430761614e-05,0.8368775501608632,0.043097985475715125,0.1199856381449904,25,30,20
17,2117,3.8826259511707605e-05,0.8368765578233074,0.04309897623540482,0.11998563968177546,25,30,20
17,2118,3.402271235967349e-05,0.8371594166601581,0.04283037574881587,0.11997618487866558,25,30,20
17,2119,3.402271533864928e-05,0.8371581504123821,0.042831567769707285,0.11997625910257115,25,30,20
17,2120,3.409941633772232e-05,0.8371537172576555,0.04283585160224026,0.11997633172376553,25,30,20
17,2121,3.409944580545953e-05,0.8371543130401414,0.0428352585467951,0.11997632896725703,25,30,20
17,2122,3.417481819904356e-05,0.8371523357042808,0.04283693178489671,0.11997655769262233,25,30,20
17,2123,3.425155544066403e-05,0.837148203249833,0.04284091091511521,0.11997663427960999,25,30,20
17,2124,3.425152902778964e-05,0.8371482499515518,0.04284086563908842,0.11997663288033067,25,30,20
17,2125,3.4251511716948716e-05,0.837147053198492,0.0428420651110709,0.11997663017871868,25,30,20
17,2126,3.4091166685861934e-05,0.83724297050869,0.042750837657814095,0.11997210066680872,25,30,20
17,2127,3.4088433597819436e-05,0.8372483391347223,0.04274547737349205,0.11997209505818672,25,30,20
17,2128,3.4011725276648665e-05,0.8372532161171203,0.04274090594636554,0.11997186621123629,25,30,20
17,2129,3.89281218122418e-05,0.8366406812855804,0.04333869279682213,0.11998169779578388,25,30,20
17,2130,5.229339117974646e-05,0.8366418625420114,0.04357250265056134,0.11973334141624643,25,30,20
17,2131,5.22179044616473e-05,0.837815395370156,0.04239920038475979,0.11973318634062181,25,30,20
17,2132,5.221925376384066e-05,0.8378154790255582,0.042398885248767,0.1197334164719104,25,30,20
17,2133,5.229465015458369e-05,0.8378108491948801,0.04240328886485822,0.11973356729010655,25,30,20
17,2134,5.229331202315449e-05,0.8378131863366285,0.042400950375673804,0.11973356997567393,25,30,20
17,2135,5.230042301394048e-05,0.8374523889982127,0.04275692210597851,0.11973838847279428,25,30,20
17,2136,5.229772089579984e-05,0.8374540886689502,0.0427553840092205,0.11973822960093303,25,30,20
17,2137,5.2290587494617356e-05,0.8378147192924407,0.04239958036040382,0.11973340975966046,25,30,20
17,2138,5.2368808390278766e-05,0.8377771037232482,0.04243688553061264,0.11973364193774842,25,30,20
17,2139,5.236879469963016e-05,0.8377778254192592,0.04243608853969184,0.11973371724634886,25,30,20
17,2140,5.2293373325418196e-05,0.8377813044000869,0.04243283443007975,0.11973356779650755,25,30,20
17,2141,5.213859097618109e-05,0.8377882997557711,0.04242622531785081,0.11973333633540119,25,30,20
17,2142,4.730445012376998e-05,0.8383992024525692,0.041830210236680154,0.11972328286062604,25,30,20
17,2143,4.722746244065711e-05,0.8588372621071859,0.021396667806022722,0.11971884262434912,25,30,20
17,2144,4.2500921902814454e-05,0.8590823244945264,0.021165782301299507,0.11970939228226916,25,30,20
17,2145,4.2500898281271486e-05,0.8590847442358098,0.021163365254004463,0.11970938961190228,25,30,20
17,2146,4.24241393780298e-05,0.8590905264488117,0.02115781057603494,0.11970923883577328,25,30,20
17,2147,4.242415137498213e-05,0.8590920022679343,0.021156335996455822,0.11970923758423319,25,30,20
17,2148,4.2348641455789976e-05,0.8591277621022273,0.02112087845384582,0.11970901080246935,25,30,20
17,2149,4.234865043272422e-05,0.8591277595055453,0.021121403889276663,0.11970848795474381,25,30,20
17,2150,4.2502080124072505e-05,0.8591284514132264,0.021128846048410525,0.11970020045823775,25,30,20
17,2151,4.234730420298309e-05,0.8590517853193468,0.021205885567734,0.11969998180871494,25,30,20
17,2152,4.6794781130378024e-05,0.8589546476315781,0.021298406853752824,0.11970015073353743,25,30,20
17,2153,5.158159336170427e-05,0.8585283876038481,0.021693002130590396,0.11972702867219885,25,30,20
17,2154,5.1744193451212885e-05,0.858515498228619,0.021705327007379194,0.11972743057054978,25,30,20
17,2155,5.174421795595482e-05,0.8585151159160337,0.02170563116591993,0.11972750870008969,25,30,20
17,2156,5.174418881209928e-05,0.858530361321004,0.021690389935348907,0.11972750455483418,25,30,20
17,2157,5.17455800916156e-05,0.8585209849262374,0.0216997648513982,0.11972750464227197,25,30,20
17,2158,5.17428934770091e-05,0.8585216861111497,0.021698996263491067,0.1197275747318817,25,30,20
17,2159,5.1742923472684295e-05,0.8585054482773877,0.021715306653609323,0.11972750214552956,25,30,20
17,2160,5.15881784513154e-05,0.8585048292101988,0.021707773078738505,0.11973580953261069,25,30,20
17,2161,4.7065320186177536e-05,0.858605976059431,0.02161131663219191,0.11973564198819033,25,30,20
17,2162,4.706664009943885e-05,0.8585667453274796,0.021650550186183684,0.11973563784623668,25,30,20
17,2163,4.698334018896907e-05,0.8780274850060511,0.002190132566906461,0.11973539908685313,25,30,20
17,2164,4.68283826087458e-05,0.8780506896917308,0.0021670858410361596,0.11973539608462345,25,30,20
17,2165,4.68297390373538e-05,0.8780495895428421,0.0021681833136177257,0.11973539740450213,25,30,20
17,2166,5.1625396236927094e-05,0.8776829003713289,0.0025163063074971847,0.11974916792493634,25,30,20
17,2167,5.162399500289227e-05,0.8776848442498608,0.002514447399966755,0.11974908435516879,25,30,20
17,2168,5.615452560677981e-05,0.8775825290228536,0.0026119047337635182,0.11974941171777537,25,30,20
17,2169,5.599832141721186e-05,0.8775863247753308,0.002608269299739517,0.11974940760351167,25,30,20
17,2170,5.599968105399538e-05,0.8775786677704761,0.0026159990395394593,0.11974933350892938,25,30,20
17,2171,5.607500283597624e-05,0.8775825565421495,0.0026118841819094737,0.11974948427310411,25,30,20
17,2172,5.6077777176890604e-05,0.8775750042538669,0.002619581687386243,0.11974933628156903,25,30,20
17,2173,5.607499751869914e-05,0.877583026082421,0.002611414640342625,0.11974948427971671,25,30,20
17,2174,5.607499313335491e-05,0.8776687111166439,0.002525819081435568,0.11974939480878635,25,30,20
17,2175,5.6076305487578156e-05,0.8776687930999282,0.0025259539833021004,0.11974917661128119,25,30,20
17,2176,4.27110074470268e-05,0.8776675391288637,0.002293183796376833,0.11999656606731152,25,30,20
17,2177,3.818466841042304e-05,0.8777663189170933,0.0021990957872295167,0.11999640062726606,25,30,20
17,2178,3.838060595048111e-05,0.8777470512590761,0.0022172447351604327,0.11999732339981257,25,30,20
17,2179,3.853410214206305e-05,0.8777378828395712,0.002225952760600382,0.11999763029768604,25,30,20
17,2180,3.853412135442799e-05,0.8777374223502956,0.0022264105254491077,0.11999763300290064,25,30,20
17,2181,3.8534120824224216e-05,0.877737418212881,0.0022255758965369584,0.11999847176975756,25,30,20
17,2182,3.3745989128535164e-05,0.8781642317608093,0.0018303583091284473,0.11997166394093323,25,30,20
17,2183,3.3745995976551296e-05,0.8781663605148836,0.0018282295336977104,0.11997166395544162,25,30,20
17,2184,3.3583395341320384e-05,0.878180234470331,0.0018149954641728753,0.11997118667015436,25,30,20
17,2185,3.358066804348869e-05,0.8781817325382717,0.0018134974745215257,0.11997118931916256,25,30,20
17,2186,3.3579396964716596e-05,0.8782369373617287,0.0017582157244104332,0.11997126751689559,25,30,20
17,2187,3.829542211772552e-05,0.8779056270888025,0.002071125132535447,0.11998495235654413,25,30,20
17,2188,3.8373512514627675e-05,0.8778979534428113,0.0020783303221699966,0.11998534272250375,25,30,20
17,2189,3.837481040997768e-05,0.877894638757953,0.002081494321025119,0.11998549211061166,25,30,20
17,2190,3.82199759510374e-05,0.8779085405905689,0.002068289879156442,0.11998494955432339,25,30,20
17,2191,3.821863149899361e-05,0.8779084572173104,0.002066957901117529,0.11998636625007285,25,30,20
17,2192,3.8372109630135656e-05,0.8779047171425749,0.002070232108428522,0.11998667863936613,25,30,20
17,2193,3.837342647032214e-05,0.8779045907304999,0.0020703546179765262,0.11998668122505247,25,30,20
17,2194,3.836788106170571e-05,0.8779091339958702,0.0020659060073529713,0.11998659211571383,25,30,20
17,2195,3.8444647984815145e-05,0.8779095217348823,0.002071797617291323,0.1199802359998402,25,30,20
17,2196,3.3787526533604186e-05,0.8781936726523064,0.001801912284662702,0.11997062753649569,25,30,20
17,2197,2.899433814684859e-05,0.878567514413684,0.0014467056646554053,0.11995678558351211,25,30,20
17,2198,2.9071086442536512e-05,0.8785621968727644,0.0014517889402646863,0.11995694310052674,25,30,20
17,2199,2.899566372950149e-05,0.8785618897834467,0.0014472499951154979,0.11996186455770662,25,30,20
17,2200,1.5483025851969376e-05,0.8790045133737749,0.0010277133663180787,0.11995229023405356,25,30,20
17,2201,1.548166173771735e-05,0.8790065369399918,0.0010256925220811794,0.11995228887618785,25,30,20
17,2202,2.020492222177689e-05,0.8786588946108567,0.0013591664415946519,0.11996173402532534,25,30,20
17,2203,2.028604177153571e-05,0.8786590002122188,0.001407432044743073,0.11991328170126518,25,30,20
17,2204,2.036548867745294e-05,0.8786505083476716,0.0014157610099682285,0.11991336515368109,25,30,20
17,2205,2.029009919935569e-05,0.8786531070223592,0.00141345977134996,0.1199131431070905,25,30,20
17,2206,2.0290098823194915e-05,0.8786534229778412,0.0014132218929122213,0.11991306503042251,25,30,20
17,2207,2.029148664401787e-05,0.8786527986940339,0.0014138432396936578,0.11991306657962761,25,30,20
17,2208,2.0292828753373638e-05,0.8786515964505507,0.0014149647983939925,0.11991314592230287,25,30,20
17,2209,2.029141718084165e-05,0.8786526600880629,0.0014139028468597528,0.1199131456478974,25,30,20
17,2210,2.0368124537879692e-05,0.8786455335710963,0.0014208665177425405,0.11991323178662444,25,30,20
17,2211,1.5646236004968937e-05,0.8789895191536428,0.0010910466002048119,0.11990378801014863,25,30,20
17,2212,1.56503743670047e-05,0.8789871559717614,0.001093474064906211,0.11990371958896695,25,30,20
17,2213,1.572711213205829e-05,0.8789826627277969,0.0010976563578410949,0.11990395380223112,25,30,20
17,2214,1.572425112056194e-05,0.8789844775777276,0.0010957006857026076,0.11990409748545039,25,30,20
17,2215,1.5725573266535546e-05,0.8789817627860134,0.0010985731267228883,0.11990393851399855,25,30,20
17,2216,1.596400436815188e-05,0.8789912153954176,0.0011910345349532719,0.11980178606526212,25,30,20
17,2217,1.5727000266334206e-05,0.8789817658501606,0.0011259987912552287,0.11987650835831876,25,30,20
17,2218,1.564594464895664e-05,0.878981667401778,0.0010780689064773643,0.11992461774709674,25,30,20
17,2219,1.549111716069294e-05,0.8789884346510465,0.0010717632776656037,0.11992431095412762,25,30,20
17,2220,1.549667334542603e-05,0.8789857630172674,0.0010743454151741839,0.11992439489421353,25,30,20
17,2221,1.5421311694414962e-05,0.8789903103779989,0.0010697994212506272,0.11992446888905653,25,30,20
17,2222,1.542269758312343e-05,0.8789920555564015,0.0010682037071850052,0.11992431803883066,25,30,20
17,2223,1.5424049483346037e-05,0.8789647112483868,0.0010955453056616469,0.11992431939646794,25,30,20
17,2224,1.5428310673360622e-05,0.8789589449154096,0.0011011427233395498,0.11992448405057708,25,30,20
17,2225,2.0233356737991626e-05,0.8786684910421549,0.0013771801187960637,0.11993409548231104,25,30,20
17,2226,2.0155259597722258e-05,0.8786390638145373,0.0014068416132662672,0.11993393931259888,25,30,20
17,2227,2.0153895411440047e-05,0.8786408402956742,0.0014052240614782733,0.1199337817474367,25,30,20
17,2228,2.0152518027890132e-05,0.8786421075542286,0.0014039608886531115,0.11993377903909104,25,30,20
17,2229,2.007714453142604e-05,0.8786450512936257,0.0014012404803275913,0.11993363108151592,25,30,20
17,2230,2.0075793726150056e-05,0.8786831499497678,0.0013631431594366935,0.11993363109706984,25,30,20
17,2231,2.007579524966562e-05,0.8786854490753266,0.0013607687643159589,0.11993370636510829,25,30,20
17,2232,2.015116858013945e-05,0.8786824091013123,0.0013635086626625015,0.11993393106744576,25,30,20
17,2233,2.015565696130279e-05,0.8786797516117573,0.0013661526870480001,0.11993394004423433,25,30,20
17,2234,2.0154342240408248e-05,0.878681043698415,0.0013647932925589636,0.11993400866678634,25,30,20
17,2235,2.0155682786554193e-05,0.8786806653716188,0.0013652457006632054,0.11993393324493214,25,30,20
17,2236,1.995979999279816e-05,0.8786976772609075,0.0013493497090674932,0.11993301323003352,25,30,20
17,2237,1.9959776270067086e-05,0.8786988522049184,0.0013481762070985373,0.1199330118117142,25,30,20
17,2238,1.9961056112782678e-05,0.8786989313822575,0.001347768865642772,0.11993333869598813,25,30,20
17,2239,1.9959714871550295e-05,0.8786983500577351,0.0013483515423917327,0.11993333868500285,25,30,20
17,2240,1.5165481637139637e-05,0.8790578600878842,0.001007404812251048,0.11991956961822853,25,30,20
17,2241,1.523648123263784e-05,0.8790604151235959,0.001004792936093321,0.1199195554590791,25,30,20
17,2242,2.003096641065884e-05,0.8786911525836416,0.0013554164549508313,0.11993339999499796,25,30,20
17,2243,2.0107648946538636e-05,0.8786871124343909,0.0013592305281166723,0.11993354938854693,25,30,20
17,2244,2.0107611636421058e-05,0.878686247352347,0.0013602491456944745,0.11993339589032317,25,30,20
17,2245,2.003087953598867e-05,0.8786905450317272,0.001356178920563874,0.11993324516817379,25,30,20
17,2246,2.0032185743026646e-05,0.878689155292182,0.0013573412865622043,0.11993347123551384,25,30,20
17,2247,2.0111323204819107e-05,0.8786112489875774,0.0014344723241914335,0.11993416736502745,25,30,20
17,2248,2.0111229959955918e-05,0.8786159215174778,0.0014297987032986386,0.11993416854926486,25,30,20
17,2249,2.0195654547859116e-05,0.8786097784472138,0.0014356804219170661,0.11993434547632247,25,30,20
17,2250,2.01956647015433e-05,0.8786092880856189,0.0014361679906075109,0.11993434825907347,25,30,20
17,2251,2.0117567524363744e-05,0.8786161618392068,0.0014295298510584645,0.11993419074221162,25,30,20
17,2252,2.0117581898534804e-05,0.8786157276448252,0.0014299653011574734,0.11993418947212019,25,30,20
17,2253,2.0116277736087812e-05,0.8786175530148991,0.0014282959638177667,0.11993403474354805,25,30,20
17,2254,2.0116206964979567e-05,0.8786185857567278,0.0014272688462685548,0.11993402919003972,25,30,20
17,2255,2.003123310739626e-05,0.8787014843912815,0.0013450848031870985,0.1199333995724253,25,30,20
17,2256,2.0029889128754032e-05,0.8787036918802806,0.0013428045919679635,0.11993347363862378,25,30,20
17,2257,2.0103579542444972e-05,0.8785756468110071,0.001466039950946056,0.11993820965850556,25,30,20
17,2258,2.0178972333989405e-05,0.878569603098674,0.0014718561609523208,0.11993836176804078,25,30,20
17,2259,2.0173418361571394e-05,0.8785727621045035,0.0014687879897006967,0.11993827648743535,25,30,20
17,2260,1.993996423799651e-05,0.8787091451250495,0.0013373910307784972,0.11993352387993501,25,30,20
17,2261,1.99413219073123e-05,0.8787095143001218,0.0013367875950064073,0.11993375678296568,25,30,20
17,2262,1.994000075938305e-05,0.8787105775172273,0.001335651632208174,0.11993383084980663,25,30,20
17,2263,2.00154049392515e-05,0.8787066670494764,0.0013392564949503125,0.1199340610506358,25,30,20
17,2264,2.018049339366975e-05,0.8785974529804272,0.0014389311993394825,0.11994343532684089,25,30,20
17,2265,2.033391522065268e-05,0.8785979103353818,0.0014892928812144973,0.11989246286818397,25,30,20
17,2266,2.0487390482896772e-05,0.8785901303531867,0.001496765921452337,0.11989261633487876,25,30,20
17,2267,2.048871105668948e-05,0.8785895589290681,0.001497411438306994,0.11989254092156906,25,30,20
17,2268,2.048871101773801e-05,0.8785895307738819,0.0014974395932632583,0.11989254092183801,25,30,20
17,2269,2.0490068133260964e-05,0.8785879802094602,0.0014990559918997854,0.11989247373050806,25,30,20
17,2270,2.0488804490346923e-05,0.8785883590070099,0.0014986769911028517,0.11989247519739823,25,30,20
17,2271,2.0491506691793023e-05,0.8785865643433141,0.001500541755690459,0.11989240239430529,25,30,20
17,2272,2.049163971177697e-05,0.8785612982163239,0.001525882794156561,0.11989232734980933,25,30,20
17,2273,2.049291561808933e-05,0.8785606738898609,0.0015263538042008759,0.11989247939032183,25,30,20
17,2274,2.0491572123364445e-05,0.8785623766964751,0.0015248852168362591,0.11989224651456672,25,30,20
17,2275,2.0492915555872215e-05,0.8785609000206783,0.0015261276808899082,0.11989247938287736,25,30,20
17,2276,2.0490205860299705e-05,0.8785631435670536,0.0015241197810349422,0.11989224644605251,25,30,20
17,2277,2.0490162304279258e-05,0.8785641352785108,0.0015231350281266912,0.11989223953105953,25,30,20
17,2278,2.0490186090100095e-05,0.8785626629106971,0.0015245306379272924,0.11989231626528692,25,30,20
17,2279,2.0643634172922355e-05,0.8785545951717673,0.0015322133932039795,0.11989254780085722,25,30,20
17,2280,2.0643715152388476e-05,0.8785540995494485,0.001532781494150754,0.11989247524124946,25,30,20
17,2281,1.5854804958740767e-05,0.8789193931364926,0.0011860306541040505,0.11987872140444553,25,30,20
17,2282,1.5928816091391192e-05,0.8789173517795983,0.0011877704340296615,0.11987894897028151,25,30,20
17,2283,1.592881683863792e-05,0.8789172596915352,0.001187941935962171,0.11987886955566501,25,30,20
17,2284,1.585347350409387e-05,0.8789193056213008,0.0011862782749115922,0.11987856263028458,25,30,20
17,2285,1.1049771899504998e-05,0.8792077861846999,0.0009122128478305856,0.11986895119557117,25,30,20
17,2286,1.1049641401734373e-05,0.8792331437193894,0.0008868558033753797,0.11986895083583476,25,30,20
17,2287,1.1282522880528705e-05,0.8790953042717758,0.0010239146830822634,0.11986949852226259,25,30,20
17,2288,1.1282468887805261e-05,0.8790977788970811,0.0010217512606332893,0.11986918737339869,25,30,20
17,2289,1.128381031742703e-05,0.8790964041207365,0.0010231233580695696,0.11986918871087739,25,30,20
17,2290,1.1283945411261335e-05,0.8790956397321551,0.0010238090305472148,0.11986926729188721,25,30,20
17,2291,2.0261913108665635e-05,0.8787472995167745,0.0013538819752100856,0.11987855659490751,25,30,20
17,2292,2.0337297426868943e-05,0.8787435556141908,0.0013574751304991513,0.11987863195788365,25,30,20
17,2293,2.0183812306862735e-05,0.8787518409791981,0.0013494994797663693,0.11987847572872899,25,30,20
17,2294,2.0105669681531e-05,0.8787572513209037,0.001344250858942129,0.11987839215047177,25,30,20
17,2295,2.0104338955505915e-05,0.8787583157030231,0.0013432674063644007,0.11987831255165625,25,30,20
17,2296,2.0104341318452254e-05,0.8787583377744095,0.0013432466968183456,0.11987831118745426,25,30,20
17,2297,2.0180934758416806e-05,0.878753657570136,0.00134769974630954,0.11987846174879667,25,30,20
17,2298,2.018366717821631e-05,0.8787521537401325,0.0013491981210966147,0.11987846447159324,25,30,20
17,2299,2.0338421106411403e-05,0.8787410074542538,0.0013596498989344283,0.11987900422570613,25,30,20
17,2300,2.0338445147179908e-05,0.878765312237416,0.0013353450913271957,0.1198790042261104,25,30,20
17,2301,2.0339811212318425e-05,0.8787590546846096,0.0013415999169451834,0.11987900558723362,25,30,20
17,2302,2.0341143369559206e-05,0.8787595756466008,0.0013410749555030446,0.11987900825452717,25,30,20
17,2303,2.0417854909931297e-05,0.8787565146045282,0.001343905794870297,0.11987916174569258,25,30,20
17,2304,2.0417886409517575e-05,0.8787549055657629,0.0013455147399877476,0.11987916180784093,25,30,20
17,2305,2.026305198144893e-05,0.8787665566283881,0.0013345611360390025,0.11987861918359237,25,30,20
17,2306,2.0416585010616853e-05,0.878757201114232,0.0013434520494259889,0.11987893025133262,25,30,20
17,2307,2.0413850204821807e-05,0.8787204360501852,0.0013801457994568563,0.11987900430015441,25,30,20
17,2308,2.057364101071422e-05,0.8787114464736873,0.0013886572591617868,0.11987932262614176,25,30,20
17,2309,2.0501231521459013e-05,0.8787007238564926,0.0013995207052324198,0.11987925420675474,25,30,20
17,2310,2.0735563977639492e-05,0.8786811232774597,0.001418571719215289,0.11987956943934863,25,30,20
17,2311,2.058477182975517e-05,0.8786873961387,0.0014127565825973875,0.11987926250687439,25,30,20
17,2312,2.0587604303229162e-05,0.8787241707987549,0.0013760487590037246,0.1198791928379395,25,30,20
17,2313,2.051228147258013e-05,0.8787242298099004,0.0013758306511718534,0.11987942725745641,25,30,20
17,2314,2.051090637532418e-05,0.8787243090989536,0.0013484251127262204,0.11990675488194592,25,30,20
17,2315,2.058766520324789e-05,0.8787181994286756,0.0013541492204375413,0.11990706368568492,25,30,20
17,2316,2.0510929549447674e-05,0.8787232212648187,0.0013492795124751128,0.11990698829315778,25,30,20
17,2317,2.051217118976138e-05,0.8787358542296693,0.0013367205565848073,0.11990691304255723,25,30,20
17,2318,2.0512226258570954e-05,0.8787348362407508,0.001337739700607477,0.11990691183238429,25,30,20
17,2319,2.0510964278518855e-05,0.8787351104480641,0.0013373885249249949,0.11990699006273349,25,30,20
17,2320,2.043557599656701e-05,0.8787397113634874,0.0013330138447832799,0.11990683921573392,25,30,20
17,2321,2.0679972971136652e-05,0.8786683186734006,0.0014041316399623308,0.11990686971366714,25,30,20
17,2322,2.0679972998218474e-05,0.8786683173748845,0.00140413558897948,0.11990686706313916,25,30,20
17,2323,2.0766471282132837e-05,0.878660921541759,0.0014112881274688082,0.11990702385949085,25,30,20
17,2324,2.0766440277450986e-05,0.878660336113661,0.001411946390072863,0.11990695105598928,25,30,20
17,2325,2.0689784538527636e-05,0.8786642418704597,0.001408347369579834,0.11990672097542276,25,30,20
17,2326,2.076248155067583e-05,0.8786636675599812,0.0014086228189991782,0.11990694713947007,25,30,20
17,2327,2.0847637405328892e-05,0.8785495357913924,0.0015224242967196476,0.11990719227448342,25,30,20
17,2328,2.0847566756823634e-05,0.8585161596248918,0.02155603495818889,0.1199069578501624,25,30,20
17,2329,2.1004726846571755e-05,0.858516710181429,0.021567278641754166,0.11989500644997034,25,30,20
17,2330,2.077186982088648e-05,0.8586162849978031,0.02146817454557545,0.11989476858680127,25,30,20
17,2331,2.061475791861386e-05,0.8586158907667767,0.02146047964859895,0.11990301482670639,25,30,20
17,2332,2.0692783212809106e-05,0.8586124391006255,0.021463778055307615,0.11990309006085488,25,30,20
17,2333,0.0001687473946923159,0.8540987714677541,0.02581039944891615,0.11992208168863845,25,30,20
17,2334,0.00016867066638308966,0.8540986152864444,0.025763830034776548,0.1199688840123967,25,30,20
17,2335,0.00016867196375555386,0.8540987659232271,0.025765691095169053,0.11996687101784877,25,30,20
17,2336,0.00016859520334811554,0.8541079396788989,0.025756672143041063,0.11996679297471138,25,30,20
17,2337,0.00016859648391243814,0.8541074041674481,0.025757284567521403,0.11996671478111741,25,30,20
17,2338,0.00016851698826184132,0.8541173569594869,0.025747724177162087,0.11996640187508845,25,30,20
17,2339,0.00016851562010045638,0.8541171241142251,0.025744584589014935,0.1199697756766586,25,30,20
17,2340,0.00017323191691763186,0.8537704907849856,0.02607288358109772,0.11998339371699852,25,30,20
17,2341,0.0001733140983679888,0.8536902995805447,0.02615276028499466,0.11998362603609233,25,30,20
17,2342,0.00017322758049559864,0.8536991045940396,0.026144201209275745,0.11998346661618847,25,30,20
17,2343,0.00016420693152240643,0.8520285599840942,0.027833220153879217,0.119974012930504,25,30,20
17,2344,0.0001642056247804605,0.852028473207065,0.02783330955211115,0.11997401161604347,25,30,20
17,2345,0.00016420690485317824,0.8520274800475081,0.027834146703280868,0.11997416634435808,25,30,20
17,2346,0.00016412175034246696,0.8521413800365376,0.02772065511669576,0.1199738430964245,25,30,20
17,2347,0.00016395922918453656,0.852153019654039,0.027709424982229128,0.11997359613454746,25,30,20
17,2348,0.0001638824894542947,0.8521581423348233,0.02770460920439769,0.11997336597132537,25,30,20
17,2349,0.00016388251368803123,0.8521574200022318,0.02770533014551034,0.11997336733857039,25,30,20
17,2350,0.00016372773476213347,0.852164944564935,0.027698268522592148,0.11997305917771126,25,30,20
17,2351,0.00016325039218663246,0.8522543841298484,0.027609571135926558,0.11997279434203889,25,30,20
17,2352,0.0001723007534699152,0.8518796369535795,0.027965680152543092,0.11998238214040807,25,30,20
17,2353,0.0001722951799068539,0.8518835599955947,0.027961777970362235,0.11998236685413632,25,30,20
17,2354,0.00017229413384047673,0.8511162812626445,0.028729213343469628,0.11998221126004557,25,30,20
17,2355,0.00016757496838257387,0.8514642812697495,0.028399711146298766,0.11996843261556896,25,30,20
17,2356,0.00017241057102823274,0.8507465480363336,0.02910293714191809,0.1199781042507198,25,30,20
17,2357,0.000172410540832884,0.8507464738543851,0.02910189789195358,0.1199792177128281,25,30,20
17,2358,0.00017241058363328597,0.8507454165370709,0.029102948351315994,0.11997922452797928,25,30,20
17,2359,0.00017720402524939744,0.8503588513881057,0.029470726926800882,0.11999321765984301,25,30,20
17,2360,0.0001771259259701987,0.8503584625628906,0.029465281938643267,0.11999912957249488,25,30,20
17,2361,0.00017712458591671678,0.850358122968681,0.029465547473348116,0.11999920497205281,25,30,20
17,2362,0.00016807427843436616,0.8507325895682158,0.029109716110755045,0.11998962004259349,25,30,20
17,2363,0.00016807563380879587,0.850732674251209,0.02911195080064,0.11998729931434095,25,30,20
17,2364,0.0001680769889517493,0.8507315024331749,0.0291130418645121,0.11998737871335996,25,30,20
17,2365,0.00016808120102912403,0.8507255574517594,0.029119051030079016,0.11998731031713072,25,30,20
17,2366,0.0001633196020889548,0.8514415249227549,0.028417599041234216,0.11997755643392015,25,30,20
17,2367,0.00016328694029593308,0.8534640271641071,0.02639504033259315,0.11997764556300243,25,30,20
17,2368,0.00016328424389190133,0.8534657315645208,0.026393267228985443,0.11997771696260066,25,30,20
17,2369,0.00016311920856225664,0.8535373080780368,0.026331225927100407,0.11996834678629989,25,30,20
17,2370,0.00016800400948017454,0.8531716530887479,0.0266823744048915,0.11997796849687999,25,30,20
17,2371,0.00016800265380205896,0.8531728577774861,0.026681250451146693,0.11997788911756482,25,30,20
17,2372,0.0001680013803186654,0.8531727812677126,0.026681151978218864,0.11997806537374954,25,30,20
17,2373,0.0001680781473948941,0.85316582695426,0.0266877925269678,0.11997830237137679,25,30,20
17,2374,0.00016807529258264863,0.8531695595819088,0.026684064405951658,0.11997830071955656,25,30,20
17,2375,0.0001680752534219832,0.8531762696826789,0.026677354374542078,0.11997830068935661,25,30,20
17,2376,2.472697934765651e-05,0.8384631895185854,0.04154336922787872,0.11996871427418743,25,30,20
17,2377,2.472826197443069e-05,0.838464913792902,0.04154164786247059,0.11996871008265245,25,30,20
17,2378,2.472690542344525e-05,0.8384660683073557,0.04154049474857157,0.11996871003864885,25,30,20
17,2379,2.4725540783281143e-05,0.8384663049305918,0.04154034038310021,0.1199686291455244,25,30,20
17,2380,2.4803658785087815e-05,0.8384597312348854,0.04154668111939884,0.11996878398693045,25,30,20
17,2381,1.9842145499104363e-05,0.8388297533122003,0.04119139434444618,0.11995901019785403,25,30,20
17,2382,1.976676782727264e-05,0.838831844405327,0.04118937711897464,0.11995901170787078,25,30,20
17,2383,1.976813477927423e-05,0.8388291806485111,0.04119211355624843,0.11995893766046038,25,30,20
17,2384,1.9768104875041724e-05,0.8388306964079265,0.041190673282690674,0.1199588622045069,25,30,20
17,2385,1.977082130512793e-05,0.8388296885574598,0.04119136597348311,0.11995917464775122,25,30,20
17,2386,2.476533634336482e-05,0.8382046348342537,0.041779768511970045,0.11999083131743184,25,30,20
17,2387,2.476529254025361e-05,0.8382065476392387,0.04177785848504878,0.11999082858317121,25,30,20
17,2388,2.476393679532246e-05,0.8382088184292799,0.0417755944061995,0.11999082322772386,25,30,20
17,2389,1.997320918025739e-05,0.8385924548161562,0.04141073784470298,0.1199768341299592,25,30,20
17,2390,1.9973215731513494e-05,0.8385923967443141,0.041410795943494644,0.11997683409645907,25,30,20
17,2391,1.9971907491371446e-05,0.8385927465355546,0.04141044873240243,0.11997683282455116,25,30,20
17,2392,1.9970540907942416e-05,0.8386327026251181,0.041370803848655734,0.11997652298531784,25,30,20
17,2393,1.9892426875169146e-05,0.8386374683130942,0.04136611891652778,0.11997652034350251,25,30,20
17,2394,1.9892102708102567e-05,0.8394070594594989,0.04059645181115814,0.11997659662663439,25,30,20
17,2395,2.0044263299436087e-05,0.839399585349586,0.04060377106367124,0.119976599323443,25,30,20
17,2396,2.012094728610547e-05,0.8393999621137077,0.04060839869978719,0.11997151823921894,25,30,20
17,2397,1.5127742258958744e-05,0.8400233664734706,0.04002171831656232,0.11993978746770895,25,30,20
17,2398,1.5207137558238141e-05,0.8400151601068154,0.04002969060531438,0.1199399421503132,25,30,20
17,2399,1.5283938837805606e-05,0.8400104963978084,0.0400342008261097,0.11994001883724527,25,30,20
17,2400,1.5286650977876617e-05,0.8400082289064383,0.04003646162347989,0.11994002281910543,25,30,20
17,2401,1.5286602780549076e-05,0.8400458371991606,0.0399988574686508,0.11994001872940921,25,30,20
17,2402,1.5286608386330642e-05,0.8400455856713666,0.03999910760948159,0.1199400201107666,25,30,20
17,2403,1.9931468641633993e-05,0.8398252039253491,0.040205319554716394,0.11994954505129286,25,30,20
17,2404,2.033295633475003e-05,0.8391006946640601,0.04091495440130877,0.11996401797829655,25,30,20
17,2405,2.033427743309133e-05,0.8391008945439316,0.040914671048185615,0.1199641001304495,25,30,20
17,2406,2.0178079009820813e-05,0.8391110590512492,0.0409048983554281,0.11996386451431242,25,30,20
17,2407,2.009860590329863e-05,0.8391205207110788,0.040895672421176386,0.1199637082618411,25,30,20
17,2408,2.0183646743685644e-05,0.838395854766293,0.0416200707379656,0.11996389084899742,25,30,20
17,2409,2.0183662816582012e-05,0.8383957028350959,0.04162077083337883,0.11996334266870891,25,30,20
17,2410,2.0188148718628548e-05,0.8383821345174546,0.041634170894058006,0.11996350643976919,25,30,20
17,2411,2.018505607915528e-05,0.8383924522040368,0.04162401870259707,0.11996334403728744,25,30,20
17,2412,2.0186673893440558e-05,0.8383923052183796,0.04162240712865988,0.11996510097906735,25,30,20
17,2413,2.0187992454401577e-05,0.8383916985784995,0.04162301245790407,0.11996510097114216,25,30,20
17,2414,2.0186725315370227e-05,0.8383922792637596,0.04162258771000004,0.11996494630092519,25,30,20
17,2415,2.0190782961978988e-05,0.8383876080007515,0.041626942443527826,0.11996525877276004,25,30,20
17,2416,2.0113839791014996e-05,0.8383872973771647,0.04162320442438225,0.11996938435866346,25,30,20
17,2417,2.4626755638668304e-05,0.8377151019390581,0.04228603587616072,0.11997423542914396,25,30,20
17,2418,2.4628034509726984e-05,0.8377151765654655,0.04228596286633681,0.11997423253368913,25,30,20
17,2419,2.4630791809460975e-05,0.8377138198340636,0.0422871565535578,0.11997439282056932,25,30,20
17,2420,2.4626724479450194e-05,0.8377168693889843,0.04228434818280773,0.11997415570372885,25,30,20
17,2421,2.4624010377153513e-05,0.8377198474548777,0.042281376841735385,0.11997415169300998,25,30,20
17,2422,2.4622591099850737e-05,0.8377199212971712,0.042280859693137184,0.11997459641859225,25,30,20
17,2423,3.0700500171020894e-05,0.8381518809145867,0.041799162970749926,0.12001825561449221,25,30,20
17,2424,3.062375666129971e-05,0.8381570639856932,0.041794284094406615,0.120018028163239,25,30,20
17,2425,3.5232866632649064e-05,0.8381579621707642,0.04188805896143648,0.11991874600116657,25,30,20
17,2426,2.011918145598557e-05,0.8532253930744459,0.026893090145266578,0.11986139759883205,25,30,20
17,2427,2.0120532723675767e-05,0.8532243610564527,0.026894204432344037,0.1198613139784798,25,30,20
17,2428,2.012207048661797e-05,0.8532137172649805,0.02690468618405468,0.11986147448047836,25,30,20
17,2429,2.0126237813614355e-05,0.8532105832798667,0.026907421150869425,0.11986186933145061,25,30,20
17,2430,2.0201608433080904e-05,0.8532077949673212,0.02690982579970699,0.11986217762453892,25,30,20
17,2431,2.0200440610729773e-05,0.8531716007197163,0.02694602076523207,0.11986217807444129,25,30,20
17,2432,1.55899954886816e-05,0.8531707724670352,0.02685092456899859,0.11996271296847796,25,30,20
17,2433,1.558579697690142e-05,0.8531754855014629,0.026846457163151326,0.11996247153840914,25,30,20
17,2434,1.5591346849466558e-05,0.8531775839300009,0.026844653104943484,0.1199621716182065,25,30,20
17,2435,1.559134439321553e-05,0.8531766814919679,0.026845548767816925,0.1199621783958225,25,30,20
17,2436,1.559265623398334e-05,0.8531738558724973,0.026848224990168416,0.11996232648110093,25,30,20
17,2437,1.5592657261316694e-05,0.8531738571284561,0.026853459122273972,0.11995709109200899,25,30,20
17,2438,1.551594166190971e-05,0.8531776381265973,0.026849906920625676,0.11995693901111518,25,30,20
17,2439,1.5514583216735445e-05,0.8531787299260691,0.026848819171243616,0.11995693631947038,25,30,20
17,2440,1.5516147148770164e-05,0.8531564555912132,0.026871165533496107,0.11995686272814167,25,30,20
17,2441,1.5670945173715604e-05,0.8531438806433225,0.02688327878189123,0.11995716962961256,25,30,20
17,2442,1.574756444514171e-05,0.8531722210479125,0.026854711353557947,0.11995732003408469,25,30,20
17,2443,1.5747576640414865e-05,0.8531695510019829,0.026857381388659007,0.11995732003271793,25,30,20
17,2444,1.5748927040918733e-05,0.8531682147372837,0.026858714948835686,0.11995732138683948,25,30,20
17,2445,1.574901783177664e-05,0.8531674539105487,0.02685947682851077,0.11995732024310855,25,30,20
17,2446,2.0462374785234092e-05,0.8527976149749701,0.027215406772184987,0.11996651587805936,25,30,20
17,2447,2.0462353986034253e-05,0.8527964260565841,0.027216675249583364,0.11996643633984609,25,30,20
17,2448,2.0462334768822386e-05,0.8527963451773732,0.027209928944436888,0.11997326354342044,25,30,20
17,2449,2.0465050397691247e-05,0.8527962507381637,0.02721001788235479,0.1199732663290833,25,30,20
17,2450,2.046508552971561e-05,0.8527929129613803,0.027213355576542107,0.11997326637654737,25,30,20
17,2451,2.0463746067865307e-05,0.8527941917103778,0.02721223293713436,0.11997311160641966,25,30,20
17,2452,2.0377361754701534e-05,0.8535215174865449,0.026485177449042944,0.11997292770265683,25,30,20
17,2453,2.0375916879480726e-05,0.8535422015645096,0.02646449100169428,0.11997293151691568,25,30,20
17,2454,2.9791034642739174e-05,0.838062660637476,0.04192526729942315,0.11998228102845608,25,30,20
17,2455,2.9715575557817683e-05,0.8380663835849971,0.0419217720532355,0.11998212878620829,25,30,20
17,2456,2.971557401660428e-05,0.8380700064336379,0.04191830275112199,0.11998197524122309,25,30,20
17,2457,3.456513327001364e-05,0.8375382849675954,0.042422532950880186,0.12000461694825437,25,30,20
17,2458,3.44828229475022e-05,0.8375415507010693,0.0424193591905712,0.12000460728541192,25,30,20
17,2459,3.456233534357853e-05,0.8375267362213091,0.04243393662370586,0.12000476481964142,25,30,20
17,2460,3.456242453818363e-05,0.8374679231644674,0.042479098363002094,0.12001841604799264,25,30,20
17,2461,3.4562413270552374e-05,0.8374719690980652,0.042474972975833115,0.12001849551283195,25,30,20
17,2462,3.4410378754117815e-05,0.8374814975165898,0.04246590066042151,0.12001819144423585,25,30,20
17,2463,3.4410289863946936e-05,0.8374814870205957,0.042465911424067186,0.12001819126547442,25,30,20
17,2464,3.441031155977264e-05,0.8374812638402115,0.04246613460923178,0.12001819123899767,25,30,20
17,2465,3.417000853745033e-05,0.8381942515700586,0.04176753639385113,0.12000404202755355,25,30,20
17,2466,3.41698660909023e-05,0.838195514280217,0.04176627956825505,0.12000403628543742,25,30,20
17,2467,3.416852355117577e-05,0.8381936709791004,0.041768126942950526,0.12000403355439843,25,30,20
17,2468,3.4244020484237014e-05,0.8381924567744622,0.04176911194841497,0.12000418725663926,25,30,20
17,2469,3.424519479255738e-05,0.8382005156336806,0.041760978101795396,0.1200042610697322,25,30,20
17,2470,3.4245194079664525e-05,0.8382005826952422,0.04176113856191235,0.12000403354876639,25,30,20
17,2471,3.424383369589118e-05,0.838201246871862,0.041760481184762284,0.12000402810968039,25,30,20
17,2472,3.424383123361698e-05,0.8382021133112488,0.04175953802180432,0.12000410483571372,25,30,20
17,2473,3.447977301836142e-05,0.8381165155530875,0.04184457987803177,0.12000442479586287,25,30,20
17,2474,3.447980443806298e-05,0.8381152070342582,0.041845888374299624,0.1200044247870049,25,30,20
17,2475,3.44811249455346e-05,0.8381151357743194,0.04184819715321901,0.12000218594751694,25,30,20
17,2476,3.448520210389322e-05,0.8381125770304441,0.04185082176633621,0.12000211600111683,25,30,20
17,2477,3.448652824642485e-05,0.8381111385489713,0.04185225893496106,0.12000211598782203,25,30,20
17,2478,3.4648914064642266e-05,0.8367265058410474,0.04323638859588768,0.12000245664900122,25,30,20
17,2479,3.4573499645800275e-05,0.836715125226331,0.04324807491633411,0.12000222635768969,25,30,20
17,2480,2.972532026960937e-05,0.8372464952103063,0.042744111274881494,0.11997966819454253,25,30,20
17,2481,2.9725339477555263e-05,0.83724598331805,0.04274462315109509,0.11997966819137691,25,30,20
17,2482,2.9723975502052288e-05,0.8372622818099309,0.042728327358091706,0.11997966685647489,25,30,20
17,2483,2.9880641927961743e-05,0.8371729227553806,0.04281277414078204,0.11998442246190937,25,30,20
17,2484,2.5241303998304114e-05,0.8375419392188596,0.042457750313356836,0.11997506916378539,25,30,20
17,2485,2.531802398597895e-05,0.8375364375894659,0.04246302303653897,0.11997522135000917,25,30,20
17,2486,2.5397393509020536e-05,0.8375786381803438,0.04243438604914647,0.11996157837700089,25,30,20
17,2487,1.5801719450024807e-05,0.8375239104124946,0.042508776269137016,0.11995151159891858,25,30,20
17,2488,1.1148608776640971e-05,0.8378198070221708,0.04222714637586451,0.11994189799318836,25,30,20
17,2489,1.1071796096576691e-05,0.8378243933325844,0.04222278917200811,0.11994174569931149,25,30,20
17,2490,1.1147211214820858e-05,0.8377816796719029,0.04226511071197168,0.11994206240491093,25,30,20
17,2491,1.11499422632125e-05,0.837778286835621,0.042268341685786186,0.11994222153633037,25,30,20
17,2492,1.1148640081139502e-05,0.8377781129814028,0.042268515430585706,0.11994222294793123,25,30,20
17,2493,2.0199339436285124e-05,0.837407229522887,0.04262075819230438,0.11995181294537247,25,30,20
17,2494,2.019799858976729e-05,0.8374073341789529,0.042620657583222206,0.11995181023923542,25,30,20
17,2495,2.0195251495101568e-05,0.837420165914547,0.0426073708765956,0.11995226795736275,25,30,20
17,2496,2.0192494713925806e-05,0.8374238522569607,0.04260369140987282,0.11995226383845312,25,30,20
17,2497,2.011260111432595e-05,0.8375068281989592,0.04252539881553284,0.11994766038439432,25,30,20
17,2498,2.00359084788051e-05,0.8375132782029866,0.042519177494034055,0.1199475083945013,25,30,20
17,2499,2.0112596100812584e-05,0.8375080397626331,0.04252418854053078,0.11994765910073608,25,30,20
17,2500,2.4764317066532354e-05,0.837265134626575,0.04275299702267546,0.11995710403368355,25,30,20
17,2501,2.4764323268737424e-05,0.8372659468701262,0.042752184760995335,0.11995710404560976,25,30,20
17,2502,2.476703184133442e-05,0.8372661852347071,0.04276926202186501,0.11993978571158652,25,30,20
17,2503,2.4921814104130528e-05,0.8372573906208303,0.042777592287709255,0.11994009527735688,25,30,20
17,2504,3.812236560031224e-05,0.8384147128332916,0.04160678523319652,0.11994037956791181,25,30,20
17,2505,3.812083817926476e-05,0.838414825669735,0.04160667177409809,0.11994038171798771,25,30,20
17,2506,3.804410639425631e-05,0.8384207679348186,0.041600882926835565,0.11994030503195197,25,30,20
17,2507,3.80413930104293e-05,0.8384206049387254,0.04158378104005319,0.11995757262821162,25,30,20
17,2508,3.804277644064137e-05,0.8384190664005806,0.04158531684966074,0.11995757397331845,25,30,20
17,2509,3.804002306546369e-05,0.8384229845173103,0.041581560620335356,0.11995741483928878,25,30,20
17,2510,3.804281235978867e-05,0.8384229981768243,0.041586370118335714,0.11995258889248031,25,30,20
17,2511,2.8993549612849205e-05,0.8380705041614073,0.04195749917671398,0.11994300311226563,25,30,20
17,2512,2.88387442169474e-05,0.8380793715037342,0.041949170220876575,0.11994261953117201,25,30,20
17,2513,2.8759301653227794e-05,0.8373813834537998,0.04264739381037615,0.11994246343417168,25,30,20
17,2514,2.876099632526068e-05,0.8373460728748605,0.042682930842484174,0.11994223528633124,25,30,20
17,2515,2.8763803835029066e-05,0.8373238705139656,0.042705201582402694,0.11994216409979806,25,30,20
17,2516,2.8759695851893803e-05,0.8373238540134688,0.0426973748907516,0.11995001139992895,25,30,20
17,2517,2.8599093538111706e-05,0.8374090674373187,0.042612489958412006,0.11994984351073237,25,30,20
17,2518,2.8522456182788836e-05,0.8374095394127804,0.042612560373902444,0.11994937775713518,25,30,20
17,2519,2.8522480418362287e-05,0.8373713029716814,0.04265079681274254,0.119949377735159,25,30,20
17,2520,2.852245488073959e-05,0.8373724553074254,0.0426495718249054,0.11994945041278954,25,30,20
17,2521,2.8529813628960732e-05,0.8373641425047554,0.04265747935553841,0.11994984832607809,25,30,20
17,2522,2.3799914488510546e-05,0.8376523504550265,0.04238376440496327,0.11994008522552278,25,30,20
17,2523,2.3798560718139134e-05,0.8376531456647679,0.042382896405301844,0.11994015936921303,25,30,20
17,2524,2.3721855221484497e-05,0.8376555949447373,0.042380678613096655,0.11994000458694484,25,30,20
17,2525,2.3798518876852896e-05,0.8376496776357005,0.04238636730210312,0.11994015654332006,25,30,20
17,2526,2.3798542530992138e-05,0.8376496077754823,0.042387570153926225,0.11993902352806136,25,30,20
17,2527,2.3798518397833254e-05,0.8376503195011137,0.042386626873199953,0.11993925510728966,25,30,20
17,2528,2.379984479127016e-05,0.838361939077692,0.04167500608107705,0.11993925499644036,25,30,20
17,2529,2.3801218841058093e-05,0.8383590386445755,0.041677903714607376,0.11993925642197661,25,30,20
17,2530,2.4114183538295588e-05,0.8383951352394016,0.04163220560450838,0.11994854497255308,25,30,20
17,2531,2.4112726530835055e-05,0.8383747532071824,0.04165259200776873,0.11994854205851874,25,30,20
17,2532,2.3951585930145174e-05,0.8383857970974643,0.041642030240812374,0.11994822107579386,25,30,20
17,2533,2.3954275777052983e-05,0.838385799637373,0.04164553112895794,0.11994471495789247,25,30,20
17,2534,2.4029693074630737e-05,0.8383801435183699,0.04165096097240047,0.11994486581615565,25,30,20
17,2535,2.402700304224752e-05,0.8383801409591072,0.04164840113095036,0.11994743090690071,25,30,20
17,2536,2.3753889896735377e-05,0.8383503805862101,0.041687605804812414,0.11993825971908095,25,30,20
17,2537,2.3679837529621378e-05,0.8383901408482585,0.041647827899323274,0.11993835141488854,25,30,20
17,2538,2.3916140112204485e-05,0.8384183368776209,0.04161891759954946,0.11993882938271742,25,30,20
17,2539,2.3994147966801732e-05,0.8384163304577947,0.041620688625906344,0.11993898676833249,25,30,20
17,2540,2.3994151277208345e-05,0.8384163291266966,0.041620885513520826,0.11993879120850538,25,30,20
17,2541,2.414896008780943e-05,0.8384170183639442,0.04162756361342855,0.11993126906253931,25,30,20
17,2542,2.4150382345158237e-05,0.838410648957999,0.041633932817542615,0.11993126784211264,25,30,20
17,2543,2.4149043250809816e-05,0.8384112168971619,0.041633600498697854,0.11993103356088865,25,30,20
17,2544,2.398945052056281e-05,0.8384198487572463,0.04162545277817208,0.11993070901406025,25,30,20
17,2545,2.3914063018654234e-05,0.8384235540195162,0.041621743369638316,0.11993078854782598,25,30,20
17,2546,2.3914027426725792e-05,0.8384247190184412,0.041620578431080135,0.11993078852305077,25,30,20
17,2547,2.3909595334426682e-05,0.8384632592564847,0.04158205290450278,0.11993077824367732,25,30,20
17,2548,2.3990105889770248e-05,0.8383947923351761,0.04165027826854833,0.11993093929038436,25,30,20
17,2549,2.3985472526622836e-05,0.8383994294365451,0.041645731234113026,0.1199308538568141,25,30,20
17,2550,2.3986790012095666e-05,0.8383588669241285,0.041686293810095025,0.119930852475763,25,30,20
17,2551,2.3985449589667912e-05,0.838360751685312,0.0416844103994041,0.11993085246569299,25,30,20
17,2552,2.3836322942967968e-05,0.8383194233012721,0.04172610814783039,0.11993063222795337,25,30,20
17,2553,1.0548800163823348e-05,0.838540922536142,0.04151821442649811,0.1199303142371954,25,30,20
17,2554,1.0625533445526291e-05,0.8385762471518718,0.04148265956199229,0.11993046775268962,25,30,20
17,2555,1.0625455960359934e-05,0.8385787105487469,0.04148019637313356,0.11993046762215794,25,30,20
17,2556,1.05487417855617e-05,0.8385841018072834,0.04147495985899126,0.11993038959193743,25,30,20
17,2557,1.0550084033920617e-05,0.8385832991762296,0.04147583531454737,0.11993031542518684,25,30,20
17,2558,1.0625518176251845e-05,0.8385780353012889,0.04148087016951961,0.1199304690110131,25,30,20
17,2559,1.0619863603084321e-05,0.8386257902696869,0.04143321005890592,0.11993037980780191,25,30,20
17,2560,1.0544529470830446e-05,0.8386323594994474,0.041426868237781446,0.11993022773329817,25,30,20
17,2561,1.0621385126280732e-05,0.8386332974006564,0.041476674870614356,0.11987940634360078,25,30,20
17,2562,1.0622703721009307e-05,0.8386334522122985,0.04147800568772462,0.1198779193962539,25,30,20
17,2563,1.0622617727769047e-05,0.8393553403411866,0.04075596706255209,0.1198780699785313,25,30,20
17,2564,1.0622620656968473e-05,0.8393553454611614,0.040755963257522246,0.11987806866065713,25,30,20
17,2565,1.0702393521931953e-05,0.8386339827857341,0.041477093537312076,0.11987822128342959,25,30,20
17,2566,1.0701042832664844e-05,0.8386359193503712,0.041475159748973034,0.11987821985782182,25,30,20
17,2567,1.054628093135489e-05,0.8386353043423014,0.04146714500771522,0.11988700436905089,25,30,20
17,2568,1.0625890708568196e-05,0.8386324593929819,0.04146990613404803,0.11988700858226027,25,30,20
17,2569,3.279822408933751e-05,0.8380571429154715,0.04201320157312366,0.11989685728731407,25,30,20
17,2570,3.2722738518371555e-05,0.8380564406563126,0.04196594409704006,0.11994489250812772,25,30,20
17,2571,1.0551748404512458e-05,0.838630528223278,0.04142372144494405,0.11993519858337198,25,30,20
17,2572,1.0395952869135224e-05,0.8386986177588631,0.04135610063974902,0.11993488564851751,25,30,20
17,2573,1.0317522224566182e-05,0.8394165657622746,0.04063822478522644,0.119934891930273,25,30,20
17,2574,1.0405048246333877e-05,0.8382480347106184,0.04180656297731205,0.1199349972638219,25,30,20
17,2575,1.0405136009075282e-05,0.8381889671723891,0.04186555471080153,0.11993507298079914,25,30,20
17,2576,1.0405154453763636e-05,0.8382451462172821,0.04180937574617989,0.1199350728820831,25,30,20
17,2577,1.040518528903131e-05,0.8382453351393999,0.0418091881733743,0.1199350715019357,25,30,20
17,2578,1.5330294521712476e-05,0.8382583973327931,0.04178115561019191,0.11994511676249274,25,30,20
17,2579,1.533163728285806e-05,0.8382571634888634,0.04178238677205238,0.11994511810180054,25,30,20
17,2580,1.533166832533726e-05,0.8382553252716175,0.04178414677549386,0.11994519628456198,25,30,20
17,2581,1.5330310508128074e-05,0.8382563451380133,0.04178320771034799,0.11994511684112989,25,30,20
17,2582,1.5326114719275744e-05,0.8382554507512161,0.041783959678985766,0.11994526345507779,25,30,20
17,2583,1.5328855044399365e-05,0.8382519301357323,0.04178723946092632,0.119945501548296,25,30,20
17,2584,1.532752776525788e-05,0.8382531393517094,0.04178611920950697,0.11994541391101722,25,30,20
17,2585,1.540565045698387e-05,0.8381728642630256,0.04186510466066501,0.11994662542585141,25,30,20
17,2586,1.5643223186811913e-05,0.8379926053540357,0.042035794053029714,0.1199559573697472,25,30,20
17,2587,2.468448921175393e-05,0.8375825331868461,0.042427242105416776,0.11996554021852501,25,30,20
17,2588,2.9327090101594123e-05,0.8384611370303477,0.0415343311993021,0.11997520468024817,25,30,20
17,2589,2.9558994595370273e-05,0.8383866230075081,0.04160830436485094,0.1199755136330457,25,30,20
17,2590,2.9560315916994047e-05,0.8383868614426621,0.0416245317230438,0.11995904651837674,25,30,20
17,2591,3.4351043391350805e-05,0.8384141393084461,0.042010594490466735,0.11954091515769528,25,30,20
17,2592,3.4352255546814706e-05,0.8384155056753199,0.042009146339458715,0.11954099572967446,25,30,20
17,2593,3.547953275743608e-05,0.8386575532505289,0.04168844023795307,0.1196185269787601,25,30,20
17,2594,3.54808540044659e-05,0.8386343403980575,0.041711647897195815,0.11961853085074176,25,30,20
17,2595,3.547812912342576e-05,0.838638586153276,0.04170764191346813,0.1196182938041323,25,30,20
17,2596,3.547676185537675e-05,0.838643221913646,0.041703008837259,0.11961829248723996,25,30,20
17,2597,3.563207340278174e-05,0.8385481416195213,0.041797620562677135,0.1196186057443987,25,30,20
17,2598,3.555267632065765e-05,0.8386279207638548,0.04171912944184379,0.11961739711798103,25,30,20
17,2599,3.123188534562287e-05,0.8386966319548828,0.041655039172515666,0.11961709698725674,25,30,20
17,2600,3.14676218797429e-05,0.8385998373068883,0.04174691473369495,0.11962178033753816,25,30,20
17,2601,3.1467618522358116e-05,0.8386009672680337,0.04174594096090619,0.11962162415253827,25,30,20
17,2602,3.1466248938978657e-05,0.8386007271918673,0.0417291637075309,0.11963864285166302,25,30,20
17,2603,3.154164133816017e-05,0.8385976235942978,0.04173219470481228,0.11963864005955241,25,30,20
17,2604,3.1464918036658475e-05,0.8386019180677674,0.04172812756609304,0.11963848944810408,25,30,20
17,2605,4.0418854102611544e-05,0.8384470229674607,0.04187359683341309,0.11963896134502452,25,30,20
17,2606,4.042158470960275e-05,0.8384440270620103,0.04187658457099177,0.11963896678228907,25,30,20
17,2607,3.562948185450727e-05,0.8384165161958529,0.04148774812678486,0.12006010619550837,25,30,20
17,2608,3.539236323333085e-05,0.8385149317834152,0.04139425305472372,0.1200554227986288,25,30,20
17,2609,3.546771391332771e-05,0.8385115547650187,0.0413975588152877,0.12005541870578126,25,30,20
17,2610,4.8716064875716086e-05,0.8381843032444158,0.041711407501684006,0.12005557318902563,25,30,20
17,2611,4.8713338372369816e-05,0.8381872034481532,0.04170851540187574,0.12005556781159996,25,30,20
17,2612,4.87887366890609e-05,0.8381837537354364,0.04171173892004082,0.12005571860783493,25,30,20
17,2613,4.405995888551687e-05,0.8384709182917576,0.04143891541489522,0.12004610633446205,25,30,20
17,2614,4.406004631661577e-05,0.8384709187768169,0.04143983295878859,0.12004518821807826,25,30,20
17,2615,4.405872814470475e-05,0.8384708448999642,0.0414401661397396,0.12004493023215153,25,30,20
17,2616,4.40600924116673e-05,0.8384697688979134,0.041441238119001564,0.12004493289067326,25,30,20
17,2617,4.4061413297910216e-05,0.838469693408067,0.04144406963827547,0.12004217554035955,25,30,20
17,2618,4.4060092395399025e-05,0.8384954166567791,0.04141827633231631,0.1200422469185092,25,30,20
17,2619,4.406147845850676e-05,0.8384931569881438,0.041420378376705716,0.12004240315669192,25,30,20
17,2620,4.406148346178531e-05,0.8384927894136172,0.04142082001141268,0.1200423290915081,25,30,20
17,2621,4.390474303189611e-05,0.8385923535189164,0.041321727466799886,0.12004201427125126,25,30,20
17,2622,4.3829345663879596e-05,0.8385975143128276,0.04131679284142369,0.12004186350008472,25,30,20
17,2623,4.382923551095579e-05,0.8385975111608179,0.04131562671854047,0.12004303288513059,25,30,20
17,2624,4.3830618187445406e-05,0.8385942951423302,0.04131899217003826,0.12004288206944452,25,30,20
17,2625,4.3830640656179005e-05,0.8385924760741978,0.04132080860025748,0.12004288468488859,25,30,20
17,2626,4.375387979145046e-05,0.8385980005962561,0.04131543742122091,0.12004280810273203,25,30,20
17,2627,4.3755200348278776e-05,0.8385966175477938,0.041316662950244644,0.12004296430161386,25,30,20
17,2628,4.375385597433441e-05,0.8385969815689625,0.04131622485982598,0.12004303971523797,25,30,20
17,2629,4.375259244267059e-05,0.8385970561389884,0.041327062509244145,0.12003212875932542,25,30,20
17,2630,2.5783737129944662e-05,0.8392650702458176,0.04068652841860124,0.12002261759845108,25,30,20
17,2631,2.5786413232727666e-05,0.8392652342564543,0.0406768042348667,0.12003217509544611,25,30,20
17,2632,2.5555878725925488e-05,0.8393406482714955,0.04060208176859183,0.12003171408118693,25,30,20
17,2633,2.555587416812399e-05,0.8393407700083786,0.040602035613906844,0.12003163850354653,25,30,20
17,2634,2.5554523165259635e-05,0.839343152345119,0.040599883488990074,0.12003140964272585,25,30,20
17,2635,2.555588508904342e-05,0.8393395122941074,0.04060321104152902,0.12003172077927432,25,30,20
17,2636,2.5479118025689026e-05,0.8393451399370584,0.040598044989333414,0.12003133595558121,25,30,20
17,2637,2.5483132894639913e-05,0.8393426363634598,0.040600540634124466,0.12003133986951914,25,30,20
17,2638,2.5650141472817697e-05,0.8393233527935772,0.04061863149144379,0.12003236557350412,25,30,20
17,2639,2.5651867965788207e-05,0.8393167115256578,0.04062511272714347,0.12003252387923072,25,30,20
17,2640,2.548343193513076e-05,0.8393359603267807,0.040606982795346136,0.12003157344593582,25,30,20
17,2641,2.5483433031968705e-05,0.8393358794459219,0.040605824563866216,0.1200328125571775,25,30,20
17,2642,2.5482029969236024e-05,0.8393356408809433,0.040602272444419475,0.12003660464466549,25,30,20
17,2643,2.5480643247094577e-05,0.839337042896269,0.04060087458838435,0.1200366018720971,25,30,20
17,2644,1.652667772234892e-05,0.8394903433363288,0.04045692461508061,0.12003620537086598,25,30,20
17,2645,1.6528007937316137e-05,0.8394765792788087,0.04047076143779531,0.12003613127545658,25,30,20
17,2646,1.6532140493579475e-05,0.8394712421517564,0.04047570169043563,0.12003652401731259,25,30,20
17,2647,1.653622578089306e-05,0.8394663306395332,0.040480295215079065,0.12003683791960501,25,30,20
17,2648,1.6534911708984564e-05,0.8394670727117302,0.04047948035152744,0.12003691202503156,25,30,20
17,2649,1.661029832356171e-05,0.8394522115005907,0.04049442252918637,0.12003675567189749,25,30,20
17,2650,1.653361379279548e-05,0.8394558485240212,0.04049101284319977,0.12003660501898464,25,30,20
17,2651,1.6532287483631126e-05,0.839468003136594,0.04047885951370141,0.12003660506221941,25,30,20
17,2652,1.660909319123147e-05,0.8394682375960426,0.04048399921307696,0.12003115409768769,25,30,20
17,2653,1.668902499221648e-05,0.8394611231171412,0.04049088344514032,0.12003130441272504,25,30,20
17,2654,1.6691714141742405e-05,0.8191078290133524,0.06084394057363211,0.12003153869887204,25,30,20
17,2655,1.6614968029171488e-05,0.8191140227847116,0.06083782353097962,0.12003153871627831,25,30,20
17,2656,1.6691677189647314e-05,0.8191100330415583,0.06084165987813342,0.12003161540311756,25,30,20
17,2657,1.66916979794525e-05,0.8191102633307651,0.06084248951144324,0.12003055545981127,25,30,20
17,2658,1.676846769182572e-05,0.8191046649980036,0.060847854854623004,0.1200307116796805,25,30,20
17,2659,1.6765740289650215e-05,0.8191085645058781,0.06084427189992019,0.12003039785391138,25,30,20
17,2660,1.6765739686284103e-05,0.8191086292003246,0.06084428264036748,0.1200303224196219,25,30,20
17,2661,1.6764444013393294e-05,0.8191084006017522,0.060842893687492225,0.12003194126674228,25,30,20
17,2662,1.6761776353398853e-05,0.8191104606408705,0.06084084309431693,0.12003193448845943,25,30,20
17,2663,1.6761767367203134e-05,0.8191114322829424,0.06083987159851095,0.12003193435118024,25,30,20
17,2664,1.676176673371725e-05,0.8191130453131747,0.060838255760592076,0.12003193715950015,25,30,20
17,2665,1.668590009153576e-05,0.8191127460241155,0.08118099397231288,0.09968957410347835,25,30,20
17,2666,1.6684530099075443e-05,0.8191246659771966,0.08116907671164343,0.09968957278105832,25,30,20
17,2667,3.020314642310545e-05,0.7995393199519052,0.10073163944196956,0.09969883745970064,25,30,20
17,2668,3.0276885241996456e-05,0.7995441093365402,0.10072669978838208,0.0996989139898343,25,30,20
17,2669,2.433790411752149e-05,0.7999708898765076,0.100393541688397,0.09961123053097533,25,30,20
17,2670,2.441463685019828e-05,0.7999657656908306,0.10039835894558945,0.09961146072672705,25,30,20
17,2671,2.4340647685426824e-05,0.7999701752682207,0.1003941713104081,0.09961131277368318,25,30,20
17,2672,2.426124518551342e-05,0.7999715843380044,0.10039245646362323,0.09961169795318424,25,30,20
17,2673,2.426121857631867e-05,0.7999716570853256,0.10039171518084339,0.09961236651525242,25,30,20
17,2674,2.4262516668852795e-05,0.7999708314245778,0.10039246146099835,0.09961244459775241,25,30,20
17,2675,2.4261201870002096e-05,0.7999738040262571,0.10038964507751842,0.09961228969435205,25,30,20
17,2676,2.4184490475803558e-05,0.7999731196367605,0.10039054584759388,0.09961215002516727,25,30,20
17,2677,1.0664025220436946e-05,0.7999905702995747,0.10039617603415885,0.0996025896410429,25,30,20
17,2678,1.0665340666375006e-05,0.7999893651158397,0.10039714970686717,0.09960281983662429,25,30,20
17,2679,1.089822073045734e-05,0.7999717422445292,0.10041407939545706,0.09960328013928027,25,30,20
17,2680,1.0899534826665287e-05,0.7999706068745985,0.10041521623228075,0.0996032773582913,25,30,20
17,2681,1.090101058371925e-05,0.7999581341603016,0.10042790809200827,0.09960305673710353,25,30,20
17,2682,1.0900957086243518e-05,0.7999581325661319,0.10042762388943945,0.09960334258733954,25,30,20
17,2683,1.0661944083988937e-05,0.8001461407956708,0.10024918689956223,0.09959401036068005,25,30,20
17,2684,1.0740000982086507e-05,0.8001372065123086,0.10025788837920045,0.0995941651075067,25,30,20
17,2685,1.5472367831156535e-05,0.7998492322994628,0.10053167488295583,0.0996036204497477,25,30,20
17,2686,1.5472368177112536e-05,0.7998538844593301,0.10052711183393857,0.0996035313385518,25,30,20
17,2687,1.548041701560978e-05,0.7998046454492322,0.10056036276133935,0.09961951137240924,25,30,20
17,2688,1.5478951238669034e-05,0.7998058671809868,0.10055922385241405,0.09961943001535699,25,30,20
17,2689,1.532816596689505e-05,0.7991169053638452,0.10118737448843723,0.09968039198174793,25,30,20
17,2690,2.0040613622261392e-05,0.7987203934889581,0.10156990706833206,0.09968965882908495,25,30,20
17,2691,2.8879077243171443e-05,0.7987319986667947,0.12116183061933886,0.08007729163662095,25,30,20
17,2692,2.4071314720650088e-05,0.7990232142059916,0.12088502897844533,0.08006768550083974,25,30,20
17,2693,2.407268613003053e-05,0.7990187877698227,0.12088945267183016,0.0800676868722145,25,30,20
17,2694,2.4072693171019823e-05,0.7990186997691177,0.1208895406465535,0.08006768689115525,25,30,20
17,2695,2.8600637872896952e-05,0.7989384279075123,0.1209649635637255,0.08006800789088646,25,30,20
17,2696,2.852255965529154e-05,0.7989471486498604,0.12095647299649587,0.08006785579398543,25,30,20
17,2697,2.8522570459729702e-05,0.7989465874136075,0.12095718907713396,0.08006770093879602,25,30,20
17,2698,2.8521160577112988e-05,0.7989536817896028,0.12095064161496019,0.08006715543485718,25,30,20
17,2699,2.851977184616444e-05,0.7989559248577582,0.12094848080630012,0.08006707456409373,25,30,20
17,2700,2.8521091273012653e-05,0.7989553276558026,0.12094892324518147,0.08006722800774158,25,30,20
17,2701,2.852241053376826e-05,0.7989544650202304,0.1209496324529146,0.08006738011631997,25,30,20
17,2702,2.8597889979191652e-05,0.7989486289659484,0.12095539019301088,0.08006738295106013,25,30,20
17,2703,2.8595226807605195e-05,0.7989525714019153,0.1209514516767919,0.08006738169448409,25,30,20
17,2704,2.859390713889691e-05,0.7989530108442172,0.1209510135244358,0.08006738172420652,25,30,20
17,2705,2.859389924744367e-05,0.7989529979743071,0.12095095096698287,0.080067457159461,25,30,20
17,2706,2.8593953118840995e-05,0.798953002086554,0.12095171405473507,0.08006668990559128,25,30,20
17,2707,2.8596743965884542e-05,0.7989497352245044,0.1209546674334379,0.08006700059809096,25,30,20
17,2708,2.8590633825973344e-05,0.7989495505563292,0.12096973828628207,0.08005212052356082,25,30,20
17,2709,2.8746782037236603e-05,0.7989503258950463,0.12097991256535569,0.08004101475755832,25,30,20
17,2710,2.874546234416612e-05,0.7989522813346775,0.12097789098770133,0.0800410822152743,25,30,20
17,2711,3.341564051699867e-05,0.7988110160532372,0.12111433071954383,0.08004123758669919,25,30,20
17,2712,4.483511103062849e-05,0.7989636954458723,0.1194907044749613,0.08150076496813256,25,30,20
17,2713,4.491318513791166e-05,0.7989578440509582,0.11949632436348921,0.08150091840041213,25,30,20
17,2714,4.476248216673338e-05,0.7989655895977675,0.11948903366658613,0.08150061425347689,25,30,20
17,2715,4.476250793243358e-05,0.7989649461327036,0.11948974977931431,0.08150054158004716,25,30,20
17,2716,4.4849266474890694e-05,0.7989652204244974,0.0802555709216088,0.12073435938741879,25,30,20
17,2717,4.484605014851842e-05,0.798968663386891,0.08025212527136731,0.1207343652915934,25,30,20
17,2718,4.4772322354465845e-05,0.7989442205646863,0.08027709637521387,0.12073391073774571,25,30,20
17,2719,4.9549867626826676e-05,0.7981349872776141,0.08108121771569422,0.12073424513906306,25,30,20
17,2720,3.83632297254234e-05,0.7980011239096326,0.08274515683935502,0.11921535602128566,25,30,20
17,2721,3.8448342307569444e-05,0.7979311772030266,0.0828147703327404,0.11921560412192354,25,30,20
17,2722,3.8448370477842254e-05,0.7979315511628203,0.0828143222834857,0.1192156781832137,25,30,20
17,2723,3.836021357768251e-05,0.7979310457420499,0.08208086169102635,0.1199497323533435,25,30,20
17,2724,3.8358833928839206e-05,0.7979309566507617,0.08207709863276402,0.11995358588254282,25,30,20
17,2725,3.3642254569263185e-05,0.798332299166062,0.08169013096080313,0.11994392761856339,25,30,20
17,2726,2.495771102717339e-05,0.7983216157260336,0.08170932676743993,0.11994409979550177,25,30,20
17,2727,2.5116524179476593e-05,0.7982457090421606,0.08178483544822152,0.11994433898543931,25,30,20
17,2728,2.5115128883431504e-05,0.7982455093534824,0.08178503934386101,0.11994433617377426,25,30,20
17,2729,2.0587209775553253e-05,0.7983250636142355,0.08171033529771014,0.11994401387828038,25,30,20
17,2730,2.058704126794374e-05,0.7983347486996152,0.0817005669795724,0.11994409727954547,25,30,20
17,2731,2.059010254677654e-05,0.7983113707644104,0.08172392726308242,0.11994411186996176,25,30,20
17,2732,2.058879780724069e-05,0.7983008715294234,0.0817344290621135,0.1199441106106571,25,30,20
17,2733,2.0432627426448436e-05,0.7983000921842128,0.08172379142870062,0.11995568375966087,25,30,20
17,2734,2.043397021645711e-05,0.7982990827706294,0.08172479948338877,0.1199556837757658,25,30,20
17,2735,2.043523747922969e-05,0.7982991665110885,0.08172471556430468,0.11995568268712833,25,30,20
17,2736,2.0432506762055598e-05,0.798301274571972,0.08172261709119263,0.11995567583007315,25,30,20
17,2737,2.067425127627159e-05,0.7982684452218826,0.08175433336208465,0.11995654716475787,25,30,20
17,2738,2.0675581986032233e-05,0.7982677992668404,0.08175497664803162,0.11995654850314351,25,30,20
17,2739,2.058736032625382e-05,0.7982557160645787,0.08176778369856198,0.11995591287653447,25,30,20
17,2740,2.0429887009264687e-05,0.7982847192265816,0.08173917855959102,0.11995567232681971,25,30,20
17,2741,2.521773472187301e-05,0.7978754611825196,0.08213407306023038,0.11996524802252959,25,30,20
17,2742,2.9773315558545526e-05,0.7975768243637716,0.08241904581012012,0.1199743565105514,25,30,20
17,2743,2.9846017683220995e-05,0.7975740568240629,0.08242190358307258,0.11997419357518285,25,30,20
17,2744,2.51299307862998e-05,0.7979461401779245,0.0820641217408297,0.11996460815046098,25,30,20
17,2745,2.536786618755884e-05,0.7979559560902534,0.08220384553889636,0.11981483050466435,25,30,20
17,2746,2.5364821572169088e-05,0.7979791000182864,0.08218072053649095,0.1198148146236522,25,30,20
17,2747,2.5364794588458476e-05,0.79797959328158,0.08218022733014754,0.11981481459368566,25,30,20
17,2748,3.0158589041264632e-05,0.7976040431573398,0.08253288386944455,0.11983291438417576,25,30,20
17,2749,3.0158633340881948e-05,0.7976020640159078,0.0825350163869081,0.11983276096384421,25,30,20
17,2750,3.0161321982684833e-05,0.7976019952665466,0.0825396807736876,0.11982816263778426,25,30,20
17,2751,3.464498552846844e-05,0.7976065085678538,0.0825180521860792,0.11984079426053942,25,30,20
17,2752,4.369657298656876e-05,0.7972178500682919,0.08288808138912974,0.11985037196959242,25,30,20
17,2753,4.369925418045731e-05,0.7971769114339806,0.08292901467195023,0.11985037463988837,25,30,20
17,2754,4.361607644021019e-05,0.7971676337358657,0.08279778098518965,0.11999096920250396,25,30,20
17,2755,4.353931784081897e-05,0.7971735643791686,0.08279207796758048,0.1199908183354095,25,30,20
17,2756,4.346384690323247e-05,0.7971800631741185,0.08278580963622954,0.11999066334274838,25,30,20
17,2757,4.346382095784864e-05,0.7971803120541044,0.08278556081935654,0.11999066330557975,25,30,20
17,2758,3.8672840132967553e-05,0.7975540650617604,0.08243476979027854,0.11997249230782643,25,30,20
17,2759,3.867148065000143e-05,0.7975565731526325,0.08243226438574075,0.11997249098097536,25,30,20
17,2760,3.874953165261675e-05,0.797526235309955,0.08246236533115918,0.11997264982723194,25,30,20
17,2761,3.8826280037103495e-05,0.797521703929284,0.08246651299933996,0.11997295679133783,25,30,20
17,2762,3.8900288253717076e-05,0.7975591725866038,0.0824288235989017,0.11997310352623972,25,30,20
17,2763,3.423010967510319e-05,0.7976865902901578,0.08230654257644046,0.119972637023725,25,30,20
17,2764,3.4305541926895724e-05,0.7976800209643797,0.08231265135767574,0.11997302213601689,25,30,20
17,2765,2.9517694008013295e-05,0.7980898767277982,0.08191715509919678,0.11996345047899575,25,30,20
17,2766,2.054290167613504e-05,0.7984699488820409,0.0815556437709204,0.11995386444536121,25,30,20
17,2767,2.0464780605646175e-05,0.7984814655278636,0.08154428469808014,0.11995378499344916,25,30,20
17,2768,2.0386731578800792e-05,0.7985240801110974,0.08150190434011068,0.11995362881721189,25,30,20
17,2769,2.0386727325900053e-05,0.7985231843189693,0.08150280144927023,0.11995362750443359,25,30,20
17,2770,2.0386765839539664e-05,0.7985227091848942,0.08150327646762605,0.1199536275816391,25,30,20
17,2771,2.0390872246860707e-05,0.7985179693789256,0.08150807800367582,0.11995356174515084,25,30,20
17,2772,2.047053491732388e-05,0.7985185901613324,0.08155292048163336,0.11990801882211559,25,30,20
17,2773,2.0623955038574956e-05,0.7985263041285693,0.0815446681134233,0.11990840380296765,25,30,20
17,2774,2.062260815249389e-05,0.7985272104542231,0.08154376847361142,0.11990839846401176,25,30,20
17,2775,2.062126495069762e-05,0.7985282750057617,0.0815426311746265,0.11990847255466003,25,30,20
17,2776,2.0621242693256596e-05,0.7985728975562033,0.08149800851493103,0.11990847268617158,25,30,20
17,2777,2.0621168050559204e-05,0.7985739027510932,0.08149677335532263,0.1199087027255326,25,30,20
17,2778,2.5062474902358627e-05,0.7977088468967886,0.0823569221736007,0.11990916845470787,25,30,20
17,2779,2.5062522830568493e-05,0.7977060535936623,0.08235994962839181,0.11990893425511452,25,30,20
17,2780,2.5062476700616533e-05,0.7977065620425218,0.08235944129343173,0.11990893418734487,25,30,20
17,2781,2.4985669090354376e-05,0.7977168314704159,0.08234940089366985,0.11990878196682273,25,30,20
17,2782,2.4985692804679777e-05,0.7977157128722997,0.08235059487675533,0.1199087065581393,25,30,20
17,2783,2.4978414069623164e-05,0.7977155307774769,0.08231507701411245,0.11994441379434034,25,30,20
17,2784,2.513321948095171e-05,0.7977061457900958,0.08232392084912661,0.11994480014129616,25,30,20
17,2785,2.0420160350789505e-05,0.7976831150337621,0.0823999522509869,0.11989651255489947,25,30,20
17,2786,2.042197347603799e-05,0.7976872502563238,0.08239864601725166,0.11989368175294969,25,30,20
17,2787,2.034389605937917e-05,0.7976870160630632,0.08239377079873118,0.11989886924214778,25,30,20
17,2788,1.5489820722108053e-05,0.7985008282171144,0.08158522731097168,0.11989845465119434,25,30,20
17,2789,1.549113768589588e-05,0.7984997961334461,0.08158633218279768,0.1198983805460729,25,30,20
17,2790,1.5499358640788432e-05,0.7976073804270608,0.08247865085781524,0.11989846935648575,25,30,20
17,2791,1.5419740322612786e-05,0.7976068405195376,0.08243429389011547,0.11994344585002643,25,30,20
17,2792,1.526628808216315e-05,0.7976146163307657,0.08242705649610439,0.11994306088504975,25,30,20
17,2793,1.1055066455015327e-05,0.7984644613269195,0.08158134189963631,0.11994314170699077,25,30,20
17,2794,1.1130471964807378e-05,0.7984561510549032,0.08158942600322983,0.11994329246990254,25,30,20
17,2795,1.1211488266430034e-05,0.7984505142234449,0.08159465673328244,0.11994361755500642,25,30,20
17,2796,1.5757946699400542e-05,0.798468918026265,0.08150355765771922,0.12001176636931643,25,30,20
17,2797,1.5834704116513983e-05,0.7984692264483572,0.08150579025347923,0.12000914859404574,25,30,20
17,2798,1.5836105361002904e-05,0.7984622097559664,0.08151280538593053,0.12000914875274045,25,30,20
17,2799,1.5912839341130866e-05,0.7984624371697718,0.08151741367122836,0.12000423631965723,25,30,20
17,2800,1.583751510545614e-05,0.7984580675275132,0.08152200930916337,0.12000408564821631,25,30,20
17,2801,1.5758066813800027e-05,0.7984577551467212,0.0815156190210658,0.1200108677653976,25,30,20
17,2802,1.57581762995839e-05,0.7984590832394188,0.08151428535280711,0.12001087323147341,25,30,20
17,2803,1.1055071290142252e-05,0.7984356119327042,0.08162059926814857,0.11993273372785548,25,30,20
17,2804,1.1050768007139089e-05,0.7984366213762921,0.08161976710994874,0.11993256074575065,25,30,20
17,2805,1.169575663857327e-05,0.7980730012040919,0.08197757629612237,0.11993772674314496,25,30,20
17,2806,1.169577712208591e-05,0.7980736729202177,0.08197682375750032,0.11993780754515772,25,30,20
17,2807,1.1769820914441722e-05,0.7980716609118151,0.0819787630876112,0.11993780617965691,25,30,20
17,2808,1.2080763939701872e-05,0.7980534319689309,0.0819960618240344,0.1199384254430918,25,30,20
17,2809,1.2004029514457836e-05,0.7980575547082601,0.08199217197061674,0.11993826929160553,25,30,20
17,2810,1.1928592906959867e-05,0.7980574024773409,0.0819886463808401,0.11994202254890919,25,30,20
17,2811,1.1928594273078563e-05,0.7980573997902642,0.0819886645003972,0.11994200711506268,25,30,20
17,2812,1.6495652751252753e-05,0.7977220060405885,0.08231043650283323,0.11995106180382364,25,30,20
17,2813,1.1773807120163838e-05,0.7980666687229232,0.08197985857582711,0.11994169889412609,25,30,20
17,2814,1.1766877229345305e-05,0.7989584613341286,0.08108816309011602,0.11994160869852259,25,30,20
17,2815,1.1766900740751369e-05,0.7989582071463742,0.08108841449022418,0.11994161146265739,25,30,20
17,2816,1.1846411556806048e-05,0.7989590719094443,0.08110080515873089,0.11992827652026467,25,30,20
17,2817,1.1691557838527668e-05,0.7990049222238086,0.08105542208552247,0.11992796413282723,25,30,20
17,2818,1.1690413062084259e-05,0.7990047740310442,0.0410993316884506,0.15988420386744098,25,30,20
17,2819,1.1767187767164262e-05,0.7989985717883276,0.04110514733913668,0.15988451368476658,25,30,20
17,2820,1.1768530148938666e-05,0.798997133416721,0.04110642821273955,0.15988466984038846,25,30,20
17,2821,1.1772738048384281e-05,0.7989947881008022,0.04110868410475889,0.1598847550563887,25,30,20
17,2822,1.1926150261565176e-05,0.7989941570375327,0.041108775528419274,0.159885141283785,25,30,20
17,2823,1.1924793108928268e-05,0.7989971887582966,0.041105745209106044,0.15988514123948677,25,30,20
17,2824,1.1278437957378308e-05,0.7993620867639781,0.040746817076734686,0.1598798177213282,25,30,20
17,2825,1.1278443549363672e-05,0.799362856334294,0.040746124268088685,0.15987974095406607,25,30,20
17,2826,2.0328076412640517e-05,0.7989733468765459,0.04111684379575234,0.15988948125128769,25,30,20
17,2827,2.0330567124065073e-05,0.7989735002786241,0.04110490610128931,0.15990126305296104,25,30,20
17,2828,2.0329274220868324e-05,0.7989722463950756,0.041106158536711436,0.159901265793991,25,30,20
17,2829,2.0329274235104936e-05,0.798971241103879,0.041107396767834946,0.15990103285405002,25,30,20
17,2830,2.2286543923194408e-05,0.8106919254355168,0.028616108416742957,0.16066967960381626,25,30,20
17,2831,2.2204178985407878e-05,0.8107261691079541,0.028581804742094326,0.16066982197096508,25,30,20
17,2832,2.2128803618007834e-05,0.8107279826417969,0.028580211879871587,0.16066967667471246,25,30,20
17,2833,2.221109747273756e-05,0.81072838512015,0.028619747313430807,0.16062965646894578,25,30,20
17,2834,2.0808413919510695e-05,0.7990080075666195,0.04111026871348575,0.15986091530597477,25,30,20
17,2835,2.08082018650787e-05,0.7990089358993339,0.041109343935214315,0.15986091196358618,25,30,20
17,2836,2.0883719512263524e-05,0.799003272037481,0.04111478261472652,0.15986106162828034,25,30,20
17,2837,2.0963178970396963e-05,0.7989946681230361,0.04112268422883448,0.15986168446915885,25,30,20
17,2838,2.0886382156291858e-05,0.7990021993490797,0.041115851294210685,0.1598610629745533,25,30,20
17,2839,2.0884931099984876e-05,0.7990032024812075,0.04111485522103933,0.1598610573666529,25,30,20
17,2840,2.0808167096423667e-05,0.7990109226836992,0.041107362545754346,0.15986090660344981,25,30,20
17,2841,2.080684976454452e-05,0.7990108432873663,0.04110601165341894,0.15986233820944976,25,30,20
17,2842,2.0806854851354973e-05,0.7990125045721532,0.04110435174671643,0.15986233682627854,25,30,20
17,2843,2.0808170110933337e-05,0.7990114210304534,0.04110543134348335,0.1598623394559518,25,30,20
17,2844,2.096701156075947e-05,0.7990027359051921,0.04111363994358221,0.15986265713966477,25,30,20
17,2845,2.065877358654094e-05,0.7990189574737991,0.04109834178968324,0.15986204196293044,25,30,20
17,2846,2.0658685156844195e-05,0.7990198797886029,0.04109741557762746,0.1598620459486121,25,30,20
17,2847,2.0654711300579112e-05,0.7989814097294158,0.04113597309494673,0.15986196246433632,25,30,20
17,2848,2.065495206766662e-05,0.7989813367178694,0.04113812908818048,0.15985987924188183,25,30,20
17,2849,2.0654971751064614e-05,0.798981152289346,0.04113831617439701,0.1598598765645056,25,30,20
17,2850,3.361000614439132e-05,0.7990003908685531,0.041083980580242166,0.1598820185450602,25,30,20
17,2851,3.824138277946113e-05,0.7990233195614406,0.04143483675500812,0.1595036023007714,25,30,20
17,2852,3.831542629021773e-05,0.7990211607585666,0.04143669540774269,0.15950382840740007,25,30,20
17,2853,3.831408295260503e-05,0.7990097429081818,0.04144811726141513,0.15950382574745012,25,30,20
17,2854,3.831547085328142e-05,0.79900358378975,0.041454274788438994,0.15950382595095777,25,30,20
17,2855,2.4807260617703628e-05,0.7989841963594426,0.0415084981622069,0.15948249821773344,25,30,20
17,2856,2.480860745518562e-05,0.7989809629396525,0.04151173160495892,0.15948249684793372,25,30,20
17,2857,2.4807246174014426e-05,0.7989875595340635,0.04150513522293473,0.15948249799682804,25,30,20
17,2858,2.9939750571989837e-05,0.7990194339573984,0.04145915824897299,0.15949146804305703,25,30,20
17,2859,3.0015158101992276e-05,0.7989763829394887,0.04150174746151371,0.1594918544408955,25,30,20
17,2860,3.0326101274881297e-05,0.7989564007532883,0.04152072002030243,0.15949255312513494,25,30,20
17,2861,3.056164894449439e-05,0.7989826033376127,0.04149404769849771,0.15949278731494548,25,30,20
17,2862,3.063574102540508e-05,0.7989827583060256,0.04154140030396875,0.15944520564898093,25,30,20
17,2863,3.0405664477696042e-05,0.7989848294265783,0.04154009760645806,0.15944466730248671,25,30,20
17,2864,3.0481034230481624e-05,0.7989133357061567,0.04161136384873413,0.1594448194108792,25,30,20
17,2865,3.063719714395191e-05,0.7988995733688915,0.04162442819004558,0.1594453612439197,25,30,20
17,2866,2.1587613984713012e-05,0.7992897387669916,0.04125305259518699,0.15943562102383738,25,30,20
17,2867,2.158895824272267e-05,0.7992873375851091,0.041255373024035966,0.15943570043261296,25,30,20
17,2868,2.1588838535266963e-05,0.7992873345895717,0.04128995453449266,0.1594011220374008,25,30,20
17,2869,2.143403650684518e-05,0.7992974028781029,0.041280427433507016,0.15940073565188373,25,30,20
17,2870,2.1510786315423895e-05,0.7992925538348475,0.04128504889775152,0.15940088648108566,25,30,20
17,2871,2.1434007773795295e-05,0.7992979221527347,0.041279909497573944,0.15940073434191795,25,30,20
17,2872,2.1432845100881152e-05,0.7992849278226299,0.041292671627770644,0.15940096770449888,25,30,20
17,2873,1.6455288657033264e-05,0.7992533891274758,0.04133851017532209,0.1593916454085454,25,30,20
17,2874,1.6615810066719564e-05,0.7991938576000635,0.04139748084800363,0.15939204574186658,25,30,20
17,2875,1.654054935978657e-05,0.7991971296208927,0.04139451402145892,0.15939181580828796,25,30,20
17,2876,1.6461162442884834e-05,0.79920484740088,0.04138726792550749,0.159391423511169,25,30,20
17,2877,2.420600001214578e-05,0.7992468967103582,0.0449129959088833,0.15581590138074541,25,30,20
17,2878,2.4205902480040544e-05,0.7992468987465827,0.04487658434736914,0.15585231100356708,25,30,20
17,2879,2.4131803494946545e-05,0.7992497662129753,0.04487393920036406,0.15585216278316472,25,30,20
17,2880,2.869042116333253e-05,0.7989032738032762,0.04520682907173934,0.1558612067038201,25,30,20
17,2881,2.8457619010971183e-05,0.7989041851384805,0.045206699795258244,0.15586065744724867,25,30,20
17,2882,2.837951376449615e-05,0.798910033077204,0.045201164385331116,0.15586042302369887,25,30,20
17,2883,2.845468014786029e-05,0.7989213771865341,0.04518983041650779,0.15586033771680863,25,30,20
17,2884,2.8529921868149906e-05,0.7988814849740073,0.045229496657937365,0.15586048844618555,25,30,20
17,2885,2.868470080094367e-05,0.7988721390835668,0.045238302752316766,0.15586087346331404,25,30,20
17,2886,1.62275121806374e-05,0.7988069161341831,0.041324200951848286,0.1598526554017863,25,30,20
17,2887,1.8628581919854394e-05,0.7989571246058991,0.04116484208055131,0.15985940473162835,25,30,20
17,2888,1.8549160428243892e-05,0.7989738096627845,0.04114839104056005,0.1598592501362262,25,30,20
17,2889,1.8631234321305304e-05,0.7982762412174164,0.04184556362254089,0.15985956392572068,25,30,20
17,2890,1.8554538163339466e-05,0.7982793375823921,0.041842689165901795,0.15985941871354128,25,30,20
17,2891,1.8629939585918605e-05,0.7982762369570922,0.041845716992531826,0.1598594161107884,25,30,20
17,2892,1.8473698211654808e-05,0.7982750639622644,0.04182894148191941,0.15987752085760343,25,30,20
17,2893,1.367945393964577e-05,0.7986320799326789,0.04148623218825447,0.15986800842512552,25,30,20
17,2894,2.7122896647509762e-05,0.7986510746151536,0.04188784832211268,0.1594339541660841,25,30,20
17,2895,2.7124444212088357e-05,0.7986256182168028,0.041913302637192895,0.15943395470179042,25,30,20
17,2896,2.7122997506546058e-05,0.7986264678327721,0.041912384818651,0.1594340243510684,25,30,20
17,2897,2.711760771233908e-05,0.7993197511853434,0.04121926588392822,0.15943386532301407,25,30,20
17,2898,2.456296504159584e-05,0.7991692948935493,0.04137882802030826,0.15942731412109767,25,30,20
17,2899,2.4484888985519138e-05,0.7991371473089991,0.04141121127334447,0.15942715652866718,25,30,20
17,2900,1.1041468883011815e-05,0.7991182279764375,0.04100900710993973,0.15986172344473648,25,30,20
17,2901,1.0964761959281473e-05,0.7991216324348694,0.041005831472943975,0.15986157133022436,25,30,20
17,2902,1.096603842634187e-05,0.7991356418304697,0.040991820966918315,0.1598615711641834,25,30,20
17,2903,1.1042766831927012e-05,0.7991249547742924,0.041001885946077135,0.15986211651279628,25,30,20
17,2904,1.0964723053770947e-05,0.7991320811852599,0.04099530712604675,0.1598616469656374,25,30,20
17,2905,1.985558288041037e-05,0.7980213612369811,0.04208779191860361,0.15987099126153265,25,30,20
17,2906,1.969806370364444e-05,0.7980685128725592,0.04204111012531363,0.15987067893842144,25,30,20
17,2907,1.9622749190271327e-05,0.7980588725483564,0.0420509767604153,0.1598705279420362,25,30,20
17,2908,1.9784485285356095e-05,0.7980772708852958,0.042150308282238036,0.1597526363471785,25,30,20
17,2909,1.962971011257511e-05,0.7980860946340463,0.042142021531192224,0.1597522541246465,25,30,20
17,2910,1.970777999128454e-05,0.7980808816162219,0.04214699759785012,0.15975241300593437,25,30,20
17,2911,1.9554393470897082e-05,0.798085196902608,0.04214314795306533,0.15975210075085344,25,30,20
17,2912,1.9551612931982268e-05,0.7980917886785995,0.04213648098579318,0.15975217872267314,25,30,20
17,2913,1.99417496268246e-05,0.7976782430194777,0.04251393951678181,0.15978787571411163,25,30,20
17,2914,1.9943091949597088e-05,0.7976758742488432,0.04251630151899689,0.15978788114020834,25,30,20
17,2915,1.9941749407763717e-05,0.7976807306083492,0.04251137235229655,0.15978795528994455,25,30,20
17,2916,1.1052218140645718e-05,0.798790933042727,0.04141947780653913,0.15977853693259145,25,30,20
17,2917,1.1370399762090684e-05,0.7984129028050547,0.041770114925398054,0.1598056118697846,25,30,20
17,2918,1.1367699979416625e-05,0.7984162964961031,0.041766726594698156,0.159805609209219,25,30,20
17,2919,1.1369037070801163e-05,0.7984152540858146,0.041767770331085724,0.1598056065460284,25,30,20
17,2920,1.1369040553146615e-05,0.7984843777048846,0.0416986467249531,0.15980560652960862,25,30,20
17,2921,1.1293614271944254e-05,0.7984839870907708,0.04164944613065671,0.15985527316429965,25,30,20
17,2922,1.129656318670767e-05,0.7985071204329702,0.04162630821778032,0.1598552747860621,25,30,20
17,2923,1.1053771369533453e-05,0.7988821451725319,0.041278450403988295,0.1598283506521096,25,30,20
17,2924,1.1130272197549812e-05,0.7988810736106281,0.041279286117964824,0.1598285099992088,25,30,20
17,2925,1.1131688839886413e-05,0.7988782395626606,0.04128212009900942,0.1598285086494894,25,30,20
17,2926,1.1128951873410279e-05,0.7988817897890494,0.04127857666483102,0.1598285045942453,25,30,20
17,2927,1.1130036494338433e-05,0.7989220147933332,0.041238429049084944,0.15982842612108622,25,30,20
17,2928,2.0035750559153566e-05,0.798953733209227,0.04052863321550195,0.16049759782470993,25,30,20
17,2929,2.0037063464719836e-05,0.7989519757640912,0.04053038802016355,0.1604975991522786,25,30,20
17,2930,2.003977902569974e-05,0.7969485887528688,0.04253384627382794,0.16049752519427582,25,30,20
17,2931,2.0115205201907302e-05,0.7969488931512876,0.04253761407043019,0.16049337757307863,25,30,20
17,2932,2.0115247949846686e-05,0.7969488972875495,0.042540473350162304,0.16049051411433737,25,30,20
17,2933,1.995756025609175e-05,0.796930511224313,0.042444508265479935,0.16060502294995,25,30,20
17,2934,1.995326022065637e-05,0.7969308398235262,0.04244420028042142,0.16060500663583066,25,30,20
17,2935,1.9954630296661586e-05,0.7969104104427758,0.04246438531722673,0.16060524960969982,25,30,20
17,2936,2.8556138776902085e-05,0.7938799325760977,0.04546893828151597,0.16062257300360855,25,30,20
17,2937,2.8479416216434605e-05,0.7958860780194893,0.04346302305280675,0.16062241951148665,25,30,20
17,2938,2.870821881573362e-05,0.7958869917632039,0.043473744847290774,0.16061055517068873,25,30,20
17,2939,2.894739732236641e-05,0.7958815274362538,0.04347872508002915,0.16061080008639247,25,30,20
17,2940,2.88721912938906e-05,0.795882830336338,0.04347756950968633,0.1606107279626796,25,30,20
17,2941,2.8870746279961937e-05,0.7958853423936183,0.043475139978682416,0.16061064688141713,25,30,20
17,2942,2.8795396680274614e-05,0.7958899302823619,0.04347077945882395,0.16061049486213186,25,30,20
17,2943,2.880084393874413e-05,0.7957852214079324,0.04357501620879622,0.1606109615393304,25,30,20
17,2944,2.8795376094058272e-05,0.7958913505233963,0.043469357909139576,0.1606104961913679,25,30,20
17,2945,2.8480780904001526e-05,0.795900337658385,0.04346108251617508,0.16061009904453372,25,30,20
17,2946,2.85604321388687e-05,0.7958426014085828,0.043518274677955465,0.1606105634813207,25,30,20
17,2947,2.817163636559651e-05,0.796255011315577,0.04314203282625392,0.1605747842218015,25,30,20
17,2948,2.817029443508059e-05,0.7962553856142377,0.043141507741779245,0.16057493634954606,25,30,20
17,2949,2.817027732982837e-05,0.7962553830072341,0.04314177265827502,0.1605746740571589,25,30,20
17,2950,2.832505717612853e-05,0.7962559238713426,0.04314771809340817,0.1605680329780709,25,30,20
17,2951,2.8558143097537448e-05,0.7962403156165339,0.04316262855855446,0.16056849768181203,25,30,20
17,2952,2.863354206758025e-05,0.7962405420451136,0.043202920884582524,0.16052790352823365,25,30,20
17,2953,2.8708892800522545e-05,0.7962374193006576,0.04320581623242579,0.16052805557411312,25,30,20
17,2954,2.8708882721601025e-05,0.796237152298169,0.04320608328793021,0.160528055531176,25,30,20
17,2955,2.8785593037109003e-05,0.7962392682449193,0.04320373857966578,0.16052820758237474,25,30,20
17,2956,2.85527161980901e-05,0.7962383434955609,0.043189788405032736,0.16054331538320504,25,30,20
17,2957,2.8476000260010793e-05,0.7962419514807013,0.04318640515666038,0.16054316736237514,25,30,20
17,2958,2.847734475113448e-05,0.7962404774688905,0.04318788054350053,0.16054316464285473,25,30,20
17,2959,2.8477320814133843e-05,0.796201383440016,0.04322697461974088,0.1605431646194268,25,30,20
17,2960,2.8322363339894637e-05,0.7962096108005972,0.04321921210794235,0.16054285472811813,25,30,20
17,2961,2.8400365617554704e-05,0.7962099955155263,0.04322408562656729,0.1605375184922865,25,30,20
17,2962,2.8324986040263395e-05,0.7962134362060893,0.043220871074742456,0.16053736773312585,25,30,20
17,2963,2.8329432914117656e-05,0.796192348958703,0.04324186790176518,0.1605374537066161,25,30,20
17,2964,2.816893994476851e-05,0.7962643740009131,0.043170402238066743,0.16053705482107408,25,30,20
17,2965,2.816893995610606e-05,0.7962644467000127,0.043170159687009414,0.16053722467302026,25,30,20
17,2966,2.1802972503216973e-05,0.8150591856330841,0.024561931853235536,0.16035707954117612,25,30,20
17,2967,1.3200143717197884e-05,0.8180898543004111,0.021557190798805127,0.1603397547570654,25,30,20
17,2968,1.3200181163281515e-05,0.8180917113029444,0.021555332263845223,0.16033975625204572,25,30,20
17,2969,1.319897313956456e-05,0.8181416734411155,0.02150529542566305,0.1603398321600802,25,30,20
17,2970,1.3275707324467693e-05,0.8181375486410135,0.021509191369397093,0.16033998428226318,25,30,20
17,2971,1.3274365467581112e-05,0.818140431187752,0.021506311503693764,0.16033998294308474,25,30,20
17,2972,1.0737845480646919e-05,0.7993141525108055,0.04081936620060475,0.15985574344310646,25,30,20
17,2973,1.074054935725409e-05,0.799278563658651,0.04085501848849202,0.15985567730349712,25,30,20
17,2974,1.0741703815297276e-05,0.7992593053493073,0.04087435147061609,0.15985560147625913,25,30,20
17,2975,1.0742725176201415e-05,0.7992598841678245,0.04087934973234905,0.15985002337464851,25,30,20
17,2976,1.05906498209602e-05,0.7992594295516652,0.04087164820642372,0.1598583315920884,25,30,20
17,2977,1.0589242187596956e-05,0.799298919336509,0.040832169459647336,0.15985832196165423,25,30,20
17,2978,1.0434490066050183e-05,0.7992983057131127,0.040823858561921444,0.15986740123489804,25,30,20
17,2979,1.0357594981039581e-05,0.7993025629449467,0.0408198307426244,0.1598672487174464,25,30,20
17,2980,1.0356247295502629e-05,0.7993450534314462,0.04077726753426078,0.15986732278699622,25,30,20
17,2981,2.3716402061218423e-05,0.7989780364265491,0.0411218166492886,0.15987643052209968,25,30,20
17,2982,1.9326257508565115e-05,0.7990334523052843,0.04107077831428716,0.15987644312291846,25,30,20
17,2983,1.9250890932589775e-05,0.7990331613906061,0.04107129535148531,0.15987629236697468,25,30,20
17,2984,1.9399929148804735e-05,0.7990460805377837,0.04105800350157529,0.15987651603149078,25,30,20
17,2985,1.9397221923653158e-05,0.7990458419712564,0.041057351182227364,0.15987740962459096,25,30,20
17,2986,1.932195042772319e-05,0.7990359343862028,0.04106748195763176,0.1598772617057376,25,30,20
17,2987,1.9324629351443705e-05,0.7990350260046868,0.04106816968249575,0.1598774796834653,25,30,20
17,2988,1.932765105948951e-05,0.7990467353403414,0.041056769622311216,0.1598771673862873,25,30,20
17,2989,1.932765725987066e-05,0.7990459868693044,0.041057442656453176,0.159877242816982,25,30,20
17,2990,1.932620841337101e-05,0.7990600495128423,0.04104338162147751,0.15987724265726616,25,30,20
17,2991,1.932754791343596e-05,0.7990572036002463,0.04104622354087877,0.1598772453109611,25,30,20
17,2992,1.9328865539394912e-05,0.7990574751469314,0.041045953473892526,0.15987724251363628,25,30,20
17,2993,1.9398786243066387e-05,0.7990626161581937,0.04104075035296433,0.15987723470259776,25,30,20
17,2994,1.9398756714115786e-05,0.7990626957225289,0.041041193447312024,0.15987671207344417,25,30,20
17,2995,1.9398758317612608e-05,0.799064045357377,0.04103984377842704,0.15987671210587806,25,30,20
17,2996,1.0424489200620661e-05,0.799430328241999,0.04069196919964271,0.15986727806915757,25,30,20
17,2997,1.0422750623402427e-05,0.7994376125913608,0.04068468732634501,0.1598672773316707,25,30,20
17,2998,1.0422747884494448e-05,0.799437689318577,0.04069628046571389,0.15985560746782476,25,30,20
17,2999,1.0498144272049987e-05,0.7993962844575758,0.040737459233545256,0.15985575816460698,25,30,20
17,3000,1.0499493623853675e-05,0.7993950170814056,0.04073879935580272,0.15985568406916792,25,30,20
17,3001,1.0654273693952562e-05,0.7993850830177618,0.040748267708929496,0.15985599499961456,25,30,20
17,3002,1.0576209596942052e-05,0.7993881764325343,0.04074541115555828,0.15985583620231011,25,30,20
17,3003,1.0578927217924605e-05,0.7993478157428174,0.04078577049567342,0.15985583483429075,25,30,20
17,3004,1.5294997645621252e-05,0.7989691591767267,0.0411458659457888,0.15986967987983827,25,30,20
17,3005,1.529367726306621e-05,0.7989684477246353,0.04114657859457168,0.1598696800035296,25,30,20
17,3006,1.5293654241971783e-05,0.7989688078746668,0.04114606505424688,0.15986983341684288,25,30,20
17,3007,1.5218311911688039e-05,0.798968742085459,0.04111013555443525,0.15990590404819283,25,30,20
17,3008,1.9817352120390768e-05,0.7988526141041801,0.041221343633739284,0.15990622490995932,25,30,20
17,3009,1.9817392165982543e-05,0.7988153324171599,0.04125862102194082,0.1599062291687331,25,30,20
17,3010,1.9743370493252584e-05,0.7987785790026674,0.041295597872943415,0.15990607975389565,25,30,20
17,3011,1.9742010870457653e-05,0.7987434289836777,0.041330750574565894,0.15990607843088547,25,30,20
17,3012,1.9667960046553906e-05,0.7987466720680783,0.04132772968945983,0.15990593028241484,25,30,20
17,3013,1.966670181660603e-05,0.7987464394411351,0.041322772499173634,0.15991112135787422,25,30,20
17,3014,1.9668072549486975e-05,0.7987407109721463,0.04132842003587928,0.1599112009194245,25,30,20
17,3015,1.9666725426853083e-05,0.7987413402304249,0.041327793400653616,0.15991119964349335,25,30,20
17,3016,1.9822873740986068e-05,0.7987420402775249,0.04133732190545782,0.15990081494327504,25,30,20
17,3017,1.9822831632846576e-05,0.7987453003267514,0.04133405512537146,0.15990082171624317,25,30,20
17,3018,1.98228897927622e-05,0.7967458851676819,0.04333354113575794,0.15990075080676727,25,30,20
17,3019,1.9977676178337804e-05,0.7967465044366244,0.04333094551876639,0.15990257236843072,25,30,20
17,3020,1.5260248762757057e-05,0.7971254391956432,0.04297049917700879,0.15988880137858505,25,30,20
17,3021,1.5186284078164932e-05,0.7971269261265677,0.04296931092844361,0.15988857666091008,25,30,20
17,3022,1.5186263258341343e-05,0.7971636448051107,0.042932596538343935,0.1598885723932865,25,30,20
17,3023,1.0663994104567744e-05,0.7972683663969583,0.04283256460619392,0.15988840500274268,25,30,20
17,3024,1.066531456799468e-05,0.7972675917220263,0.04283333666794694,0.15988840629545764,25,30,20
17,3025,1.0743405968635374e-05,0.7952966927132753,0.04480345746942911,0.15988910641132603,25,30,20
17,3026,1.058857633035461e-05,0.7952960720571289,0.04479456984067248,0.1598987695258673,25,30,20
17,3027,1.0587186510030893e-05,0.7953350582563995,0.04475558641946851,0.15989876813762144,25,30,20
17,3028,1.0587184198850675e-05,0.7953350540177426,0.04475510069771924,0.1598992581003389,25,30,20
17,3029,1.0589889603011625e-05,0.7953697384693612,0.04472040829872781,0.15989926334230772,25,30,20
17,3030,1.0591273849759994e-05,0.7953631183681782,0.044727025641048204,0.15989926471692362,25,30,20
17,3031,1.0746199854659228e-05,0.7953532864634457,0.044736469348735756,0.15989949798796327,25,30,20
17,3032,1.0666738756621819e-05,0.795323557522615,0.04476643801803451,0.15989933772059312,25,30,20
17,3033,1.0666721497507082e-05,0.7953431330469297,0.044746861316435876,0.1598993389151355,25,30,20
17,3034,1.0743382677048653e-05,0.7973381633626393,0.04275152992325184,0.15989956333143068,25,30,20
17,3035,1.5534361417201407e-05,0.7969502930504676,0.04312502728768111,0.15990914530043243,25,30,20
17,3036,1.538071825941787e-05,0.7969592109446363,0.04311664860263384,0.15990875973446886,25,30,20
17,3037,1.5380740338751528e-05,0.7969592165400003,0.04311762146089422,0.15990778125876498,25,30,20
17,3038,1.5456130477693963e-05,0.7969569421698955,0.04311967235375683,0.15990792934586825,25,30,20
17,3039,1.5380739937775445e-05,0.7969594339633838,0.043117406731880255,0.1599077785647965,25,30,20
17,3040,1.537810461285693e-05,0.7969602740808029,0.043116570504669174,0.15990777730991337,25,30,20
17,3041,1.5452125851424734e-05,0.7969963127484967,0.043080231586759075,0.1599080035388914,25,30,20
17,3042,1.5450852620390302e-05,0.7970343278720777,0.04304221763438145,0.15990800364091898,25,30,20
17,3043,1.5448221511379662e-05,0.7970390280317603,0.04303744713489396,0.15990807661183337,25,30,20
17,3044,1.5603027396340482e-05,0.7970313241063876,0.0430446894315301,0.15990838343468522,25,30,20
17,3045,1.552629274811553e-05,0.7970260316430298,0.043050213365286805,0.15990822869893456,25,30,20
17,3046,1.5526354390132132e-05,0.797025373209313,0.04305071266657296,0.15990838776972305,25,30,20
17,3047,1.545094395005027e-05,0.7970336885945342,0.04304262351221691,0.1599082369492977,25,30,20
17,3048,1.5452307598535873e-05,0.7970255851294452,0.04305072567369523,0.15990823688926098,25,30,20
17,3049,1.5297430226603027e-05,0.7990390602474836,0.04103826041991446,0.15990738190237452,25,30,20
17,3050,1.5294740175601213e-05,0.7990428222998655,0.04103450374453239,0.1599073792154259,25,30,20
17,3051,1.0580512438798413e-05,0.7994266848857101,0.0406646277162698,0.15989810688558065,25,30,20
17,3052,1.050376174382987e-05,0.7994287242308179,0.0406629747836265,0.15989779722381106,25,30,20
17,3053,1.050243619965761e-05,0.7994300833599931,0.040661618307200824,0.15989779589660608,25,30,20
17,3054,1.0501116745375667e-05,0.799432249389135,0.040659453589271005,0.15989779590484898,25,30,20
17,3055,1.0425751101393102e-05,0.799336537554564,0.040755469497171216,0.15989756719716333,25,30,20
17,3056,1.0423038387670098e-05,0.79934424431325,0.040748002503002125,0.15989733014535987,25,30,20
17,3057,1.0269573580711493e-05,0.7993437030476733,0.0407389299926205,0.1599070973861251,25,30,20
17,3058,1.0346404273363069e-05,0.7993324839915968,0.04074991858054025,0.15990725102358938,25,30,20
17,3059,1.0269605679599171e-05,0.7993423956311713,0.040740005635998805,0.15990732912715003,25,30,20
17,3060,1.0345016362559814e-05,0.7993368326953355,0.040745334274372526,0.15990748801392918,25,30,20
17,3061,1.0498467201039336e-05,0.7993294976587856,0.04075221162719266,0.1599077922468211,25,30,20
17,3062,1.0495649732191836e-05,0.7993393531021178,0.0407424277011508,0.15990772354700156,25,30,20
17,3063,1.049732951740321e-05,0.7993221881069043,0.04075958726450444,0.15990772729907549,25,30,20
17,3064,1.0495975567362212e-05,0.7993222038007051,0.04075965787011211,0.15990764235361732,25,30,20
17,3065,1.0493113171978947e-05,0.7993466342329796,0.040735230991500046,0.15990764166235016,25,30,20
17,3066,1.049300822723847e-05,0.7993471360597156,0.0407347307601926,0.1599076401718664,25,30,20
17,3067,1.0650579259481188e-05,0.7993479993969814,0.04075823964430428,0.15988311037945624,25,30,20
17,3068,1.0580669173769421e-05,0.7993452807642667,0.04076062937937166,0.15988350918718963,25,30,20
17,3069,1.0580474573011318e-05,0.7993432494303463,0.04076234167398672,0.15988382842109577,25,30,20
17,3070,1.0573727745444231e-05,0.7993502615224406,0.0407558129963393,0.15988335175347637,25,30,20
17,3071,1.958823063146366e-05,0.7991454964441951,0.04095109811878056,0.1598838172063944,25,30,20
17,3072,1.9588205147097355e-05,0.7991459114542946,0.040950609074771896,0.15988389126578786,25,30,20
17,3073,1.9589591601802962e-05,0.7991546062290678,0.040941832193137365,0.1598839719861945,25,30,20
17,3074,1.9589591577487553e-05,0.7991555945229973,0.0409410836900211,0.1598837321954057,25,30,20
17,3075,1.9588239767103052e-05,0.7992573854567679,0.040839294333318905,0.15988373197014774,25,30,20
17,3076,2.424139828322761e-05,0.79926168254809,0.04080844713500667,0.15990562891862176,25,30,20
17,3077,2.424276333933368e-05,0.7992601057498702,0.04081002667244858,0.15990562481434414,25,30,20
17,3078,2.4164814100969523e-05,0.799262363021061,0.040808003269608074,0.15990546889523208,25,30,20
17,3079,2.4007275150386137e-05,0.799261579619704,0.040786087454076574,0.15992832565107137,25,30,20
17,3080,1.4991496578571248e-05,0.7994692316317198,0.0405879125476942,0.15992786432401013,25,30,20
17,3081,1.4992837527776613e-05,0.7994681088989992,0.04058903132766887,0.1599278669358063,25,30,20
17,3082,1.4995515492740304e-05,0.799467271357204,0.04058993761599068,0.15992779551131414,25,30,20
17,3083,1.4995539119409119e-05,0.799466991281974,0.04059021631786715,0.15992779686104108,25,30,20
17,3084,1.9783447185686928e-05,0.7990158351614812,0.04102283896389435,0.15994154242744021,25,30,20
17,3085,1.9938261867338728e-05,0.7990049724336354,0.04103315780857156,0.15994193149592761,25,30,20
17,3086,1.9938264201756634e-05,0.7990049153038727,0.04103314067038842,0.15994200576153894,25,30,20
17,3087,1.9783568461983144e-05,0.7990118233482929,0.04102661860559084,0.15994177447765703,25,30,20
17,3088,2.0094183659980153e-05,0.7990217578360794,0.041220220858895595,0.15973792712136775,25,30,20
17,3089,2.9047311563011415e-05,0.7988676144175899,0.04136494458893711,0.15973839368191275,25,30,20
17,3090,2.881338740913338e-05,0.7988579799284028,0.04117528901258169,0.1599379176716092,25,30,20
17,3091,2.8814754209013357e-05,0.7988542363942898,0.04117903114172923,0.15993791770977497,25,30,20
17,3092,2.8813384647939612e-05,0.7988620439767942,0.04117114815057814,0.1599379944879828,25,30,20
17,3093,2.394859784911925e-05,0.7993204329091722,0.040731446528090916,0.15992417196489073,25,30,20
17,3094,2.394868704172629e-05,0.7993203552899527,0.0407310065000882,0.15992468952292074,25,30,20
17,3095,2.394861010929479e-05,0.7993204329548287,0.04073121490179993,0.15992440353326548,25,30,20
17,3096,2.394860757802267e-05,0.7993197328178177,0.040731915070747506,0.15992440350385978,25,30,20
17,3097,2.3947244359498435e-05,0.7993233847040435,0.04072819043685252,0.15992447761474754,25,30,20
17,3098,2.394713680562268e-05,0.7993256363559227,0.040726015817986363,0.15992440068928832,25,30,20
17,3099,2.39469966255397e-05,0.7993255509253769,0.040726069248463795,0.15992443282953628,25,30,20
17,3100,2.3952496334389245e-05,0.7993195983303876,0.04073169430281928,0.1599247548704612,25,30,20
17,3101,2.402920305636572e-05,0.7986022751550937,0.04144886277448841,0.15992483286736398,25,30,20
17,3102,2.393033847509225e-05,0.7986070319711485,0.04144844220053371,0.15992059548984497,25,30,20
17,3103,2.3931673475052214e-05,0.7986065624697036,0.04144897900925863,0.15992052684756455,25,30,20
17,3104,2.3776863842200094e-05,0.7986174112939111,0.041438674047605525,0.15992013779464276,25,30,20
17,3105,2.377687597894222e-05,0.7986160400979923,0.041440115179511156,0.15992006784651921,25,30,20
17,3106,2.3776863489002872e-05,0.7986177242783792,0.041438439210983224,0.15992005964715014,25,30,20
17,3107,2.3776864609721198e-05,0.798617093512057,0.04143891780683555,0.15992021181649926,25,30,20
17,3108,2.377688596331252e-05,0.798617099050329,0.04143942802917578,0.1599196960345339,25,30,20
17,3109,2.377683340430987e-05,0.7986178168412588,0.04143871306507307,0.15991969326026428,25,30,20
17,3110,2.377555221192696e-05,0.7986199807231373,0.04143687266141092,0.15991937106323978,25,30,20
17,3111,2.3771368694143063e-05,0.7986244321303549,0.041432821589497563,0.15991897491145324,25,30,20
17,3112,2.3694632296073363e-05,0.7986240470213928,0.041427172193052135,0.159925086153259,25,30,20
17,3113,2.3695908470189225e-05,0.7986235841609676,0.04142755456320076,0.15992516536736126,25,30,20
17,3114,2.3934340767937222e-05,0.7984810740526926,0.04156506791323013,0.15992992369330924,25,30,20
17,3115,2.3933139374813895e-05,0.7984705152147058,0.04157569486320727,0.1599298567827123,25,30,20
17,3116,2.3934557195238948e-05,0.79846597134255,0.04158031129171065,0.15992978280854395,25,30,20
17,3117,2.4009939044715088e-05,0.7984661217659295,0.04158232849412784,0.15992753980089833,25,30,20
17,3118,2.400995452813921e-05,0.7984657799913054,0.041582516774184126,0.1599276932799825,25,30,20
17,3119,1.5211542407759984e-05,0.7986107022270993,0.04144640056366325,0.15992768566682977,25,30,20
17,3120,1.528828143742554e-05,0.7986054964323372,0.04145137881125318,0.159927836474972,25,30,20
17,3121,1.5286917680445745e-05,0.7986078343943995,0.04144903541651147,0.1599278432714084,25,30,20
17,3122,1.5284211092949603e-05,0.798610948839508,0.04144592772097675,0.15992783922842274,25,30,20
17,3123,1.543903743599145e-05,0.7985992208318504,0.041457113087858384,0.15992822704285642,25,30,20
17,3124,1.544035996758403e-05,0.7985973583727667,0.04145897280603274,0.15992822846123414,25,30,20
17,3125,1.5437680016865217e-05,0.7985972473189356,0.04145908920706796,0.15992822579397997,25,30,20
17,3126,2.0158144963217177e-05,0.7986247199828849,0.041788174995306744,0.15956694687684536,25,30,20
17,3127,2.0158063952497265e-05,0.798625004407746,0.04178789224333677,0.15956694528496407,25,30,20
17,3128,2.015667694474596e-05,0.7985898831466182,0.0418231710604951,0.15956678911594138,25,30,20
17,3129,2.0232112694684627e-05,0.7985479186189923,0.04186506279941513,0.15956678646889721,25,30,20
17,3130,2.0232090688841936e-05,0.7985481539020125,0.041864827535929565,0.15956678647136802,25,30,20
17,3131,2.015667069111136e-05,0.7985520613429605,0.04186099287684994,0.15956678910949706,25,30,20
17,3132,2.0081218259044152e-05,0.798594950125737,0.04181817696292873,0.15956679169307392,25,30,20
17,3133,2.9033985117663453e-05,0.7984412521677986,0.04196236975026792,0.15956734409681458,25,30,20
17,3134,2.8879131353589812e-05,0.7984524099208713,0.04195168060249482,0.15956703034527941,25,30,20
17,3135,2.8955867202536733e-05,0.7984469649555878,0.04195697074627592,0.15956710843093272,25,30,20
17,3136,2.8960474718848992e-05,0.7984203040680258,0.041983060624128925,0.15956767483312514,25,30,20
17,3137,2.896047527422147e-05,0.7984193335294577,0.04198402831932198,0.1595676776759445,25,30,20
17,3138,2.9037153666633715e-05,0.7984146151679827,0.041988519272034584,0.15956782840631417,25,30,20
17,3139,2.896041965997926e-05,0.7991322821579306,0.04127108260682045,0.15956767481558726,25,30,20
17,3140,2.872469846389668e-05,0.799271763437946,0.041136358370749804,0.15956315349283925,25,30,20
17,3141,2.880008747643427e-05,0.7992694386176903,0.04113837902872279,0.15956338226610936,25,30,20
17,3142,2.8800117798646277e-05,0.7992677470757483,0.04114014859481205,0.1595633042116399,25,30,20
17,3143,2.904234341472649e-05,0.7992732190977903,0.0412897840631426,0.1594079544956515,25,30,20
17,3144,2.9119139855345824e-05,0.7992737579024903,0.04129725033516299,0.15939987262249058,25,30,20
17,3145,2.904517949547448e-05,0.7992701126310926,0.041301118905712225,0.1593997232836989,25,30,20
17,3146,2.8804298235837634e-05,0.7992648720614511,0.041153532499267016,0.15955279114104517,25,30,20
17,3147,2.9038688713082118e-05,0.7992550893508795,0.04116292311668243,0.15955294884372406,25,30,20
17,3148,2.903737038653447e-05,0.7992558911233452,0.04116227611775173,0.1595527953885154,25,30,20
17,3149,2.911825715873645e-05,0.7992822301498582,0.04113530425010141,0.15955334734288054,25,30,20
17,3150,2.911547990332773e-05,0.7992911699055091,0.041126371407328506,0.15955334320725786,25,30,20
17,3151,2.9112791559215142e-05,0.7992932252443247,0.04112447900881944,0.15955318295529533,25,30,20
17,3152,2.9190800516819973e-05,0.7992933070326296,0.04112634194110079,0.15955116022575133,25,30,20
17,3153,2.9036011943131737e-05,0.7993017279509412,0.041118462062177404,0.159550773974937,25,30,20
17,3154,3.383375624998828e-05,0.7988895311404427,0.04151627304671743,0.15956036205658847,25,30,20
17,3155,3.383644644441623e-05,0.7988884848477976,0.04151708652100797,0.1595605921847487,25,30,20
17,3156,3.360342833653434e-05,0.7988956343888778,0.04151032630292266,0.15956043587986193,25,30,20
17,3157,3.368309119543312e-05,0.7988892046345079,0.04151651432778296,0.15956059794651262,25,30,20
17,3158,2.4731657652760467e-05,0.7989976348622357,0.041417438559132796,0.15956019492097737,25,30,20
17,3159,2.465497140232865e-05,0.7990032704498928,0.04141195618174882,0.15956011839695539,25,30,20
17,3160,2.0032457380054052e-05,0.798979307833303,0.04145835367979554,0.15954230602952305,25,30,20
17,3161,2.0109198492588207e-05,0.7989744809492677,0.041462949018613963,0.15954246083362658,25,30,20
17,3162,2.0187264594017017e-05,0.7989687750283391,0.0414683452716279,0.15954269243543998,25,30,20
17,3163,2.0107761779291315e-05,0.7989576463674571,0.0414797112256129,0.1595425346451512,25,30,20
17,3164,2.0109129180673432e-05,0.7989527961467054,0.041484554675219394,0.15954254004889504,25,30,20
17,3165,1.995566554288178e-05,0.7989521796205536,0.041477285109468714,0.1595505796044352,25,30,20
17,3166,1.9952954709117092e-05,0.7989558148256508,0.04147365666587702,0.1595505755537637,25,30,20
17,3167,1.987625191138999e-05,0.7989555121620121,0.04147107793249525,0.15955353365358224,25,30,20
17,3168,1.9874931397445016e-05,0.7989555876018549,0.04146975187103471,0.15955478559571404,25,30,20
17,3169,1.9948305475428633e-05,0.7989554410441164,0.04145721124718053,0.15956739940322875,25,30,20
17,3170,1.5149230837498486e-05,0.7993689893665761,0.04105805413520579,0.15955780726738136,25,30,20
17,3171,1.042875316131485e-05,0.79934151799997,0.04072873005561558,0.15991932319125388,25,30,20
17,3172,1.0430063699856582e-05,0.7993429556299745,0.040727291139781165,0.15991932316654464,25,30,20
17,3173,1.0429920068216689e-05,0.7993591893621236,0.040711061866111536,0.15991931885169705,25,30,20
17,3174,1.0429882423338194e-05,0.7993590317797975,0.04070799000849751,0.15992254832928177,25,30,20
17,3175,1.0283978456825643e-05,0.7992841422422763,0.040783313375541724,0.15992226040372573,25,30,20
17,3176,1.028529100152464e-05,0.7992840611650375,0.0407854638938503,0.15992018965011096,25,30,20
17,3177,1.028528292814307e-05,0.7992842492115502,0.04078520185778376,0.1599202636477384,25,30,20
17,3178,1.0285263354179966e-05,0.799285920657787,0.04078353316131709,0.15992026091754255,25,30,20
17,3179,1.0283943871565377e-05,0.7992873466109687,0.04078218790461098,0.159920181540549,25,30,20
17,3180,1.9261970714075254e-05,0.7989386689386996,0.04111259872542363,0.15992947036516303,25,30,20
17,3181,1.926336683427833e-05,0.7988942332579697,0.04115703153681272,0.1599294718383838,25,30,20
17,3182,1.9263320740272617e-05,0.7988942054756336,0.04115713087215937,0.1599294003314669,25,30,20
17,3183,1.933868951078451e-05,0.7988943499539494,0.04115668484253978,0.15992962651399897,25,30,20
17,3184,1.93386829721118e-05,0.7988936561261731,0.041157382729421876,0.15992962246143194,25,30,20
17,3185,1.93400121018097e-05,0.7988927375664915,0.04115829734876431,0.15992962507264136,25,30,20
17,3186,1.9415414502264502e-05,0.7988902151948233,0.04116059216806004,0.1599297772226134,25,30,20
17,3187,1.933600428116028e-05,0.7988995813514382,0.04115178160932675,0.159929301034953,25,30,20
17,3188,1.933739756493655e-05,0.7988989273238164,0.04115243147905467,0.1599293037995633,25,30,20
17,3189,1.9486249200986133e-05,0.7989165090365011,0.04113511388275857,0.1599288908315387,25,30,20
17,3190,1.9415154690176615e-05,0.7989157673083653,0.04113591744437484,0.1599289000925692,25,30,20
17,3191,2.8465471711204937e-05,0.7985640509155177,0.04146937387148714,0.15993810974128336,25,30,20
17,3192,3.7511293524434034e-05,0.7982960905567833,0.04171894590478722,0.1599474522449049,25,30,20
17,3193,3.7588091579264103e-05,0.7982421457703585,0.04177272884507354,0.1599475372929886,25,30,20
17,3194,3.758670913017038e-05,0.7982435455155082,0.04177133190055578,0.1599475358748056,25,30,20
17,3195,3.7431919891535654e-05,0.7982509830898423,0.04176435600147111,0.15994722898879477,25,30,20
17,3196,3.7507260790353165e-05,0.798289955923357,0.041725155850711924,0.15994738096514063,25,30,20
17,3197,3.7431912333698925e-05,0.7982902543280979,0.04172469568416173,0.15994761807540653,25,30,20
17,3198,3.75917770741403e-05,0.7982910484487747,0.04173461419479503,0.1599367455793561,25,30,20
17,3199,3.7433303644982475e-05,0.7982903353158711,0.04173687315276703,0.1599353582277169,25,30,20
17,3200,3.743462176477683e-05,0.7982901548693491,0.041737127771896844,0.1599352827369892,25,30,20
17,3201,3.743584628573529e-05,0.7983009071949703,0.041726305946164714,0.15993535101257897,25,30,20
17,3202,3.743718912466016e-05,0.7982996697921999,0.04172746247651346,0.15993543054216164,25,30,20
17,3203,2.838251661287705e-05,0.798639287060671,0.04140634032165091,0.1599259901010649,25,30,20
17,3204,1.9404687166325146e-05,0.7989873962184209,0.04107633151685494,0.15991686757755738,25,30,20
17,3205,1.9406045501326817e-05,0.798986919739903,0.04107672720981472,0.15991694700478132,25,30,20
17,3206,1.9407363514209754e-05,0.7989868794921372,0.04107653039268231,0.15991718275166678,25,30,20
17,3207,1.940599300648203e-05,0.7989887310253704,0.0410749118819676,0.1599169510996556,25,30,20
17,3208,1.9481407322638887e-05,0.7990301765997322,0.04103338809834943,0.1599169538945967,25,30,20
17,3209,1.9405992515512263e-05,0.7990364337005955,0.04102753037317229,0.15991662993371755,25,30,20
17,3210,1.9411782590046268e-05,0.7990070559491669,0.04105221128909539,0.15992132097914696,25,30,20
17,3211,1.4797976927650005e-05,0.7984558259513368,0.04161717963947317,0.1599121964322618,25,30,20
17,3212,1.950936268923544e-05,0.7980433723889776,0.042011172602289586,0.15992594564604298,25,30,20
17,3213,1.9512042342091007e-05,0.7980537809855162,0.04200075508186286,0.1599259518902781,25,30,20
17,3214,1.9511976890109767e-05,0.7981033564896717,0.04195118794283121,0.15992594359060577,25,30,20
17,3215,1.958868976051273e-05,0.7981007220792222,0.041953594861539704,0.15992609436947647,25,30,20
17,3216,1.9588841045703702e-05,0.7980990549802245,0.04195517897883043,0.15992617719989818,25,30,20
17,3217,1.9743663736536548e-05,0.7981000736031505,0.04265257185598911,0.1592276108771224,25,30,20
17,3218,1.9742338018614016e-05,0.7981003275325613,0.04265239858988653,0.15922753153953254,25,30,20
17,3219,1.974102138836187e-05,0.7980994982887453,0.042653381263769885,0.1592273794260958,25,30,20
17,3220,1.9739630065251653e-05,0.7981047100846332,0.04264856140250684,0.15922698888279405,25,30,20
17,3221,1.9664260448903492e-05,0.7981083322787083,0.04264516529142108,0.15922683816942107,25,30,20
17,3222,1.9662924928619744e-05,0.7981094678917857,0.04264426677071394,0.15922660241257122,25,30,20
17,3223,1.9742413598034797e-05,0.7988219706861542,0.04193128865490727,0.15922699824534026,25,30,20
17,3224,1.9743779165243715e-05,0.7988222077771298,0.041929283876236095,0.15922876456746837,25,30,20
17,3225,1.974376969791144e-05,0.7988222103135497,0.04192949981885987,0.15922854609789203,25,30,20
17,3226,1.5224712490733557e-05,0.7990109480751717,0.04174599199263162,0.1592278352197054,25,30,20
17,3227,1.53001554314736e-05,0.7990048236721731,0.04175189138920471,0.1592279847831899,25,30,20
17,3228,1.5376895041788253e-05,0.7989640271928112,0.04179230562849226,0.1592282902836539,25,30,20
17,3229,1.585189491987606e-05,0.798963997235357,0.04180448447583036,0.15921566639389,25,30,20
17,3230,1.5851936694172233e-05,0.7989653854981641,0.04180309067755931,0.15921567188757943,25,30,20
17,3231,1.6009426072878e-05,0.7989550296891101,0.04181281782897815,0.15921614305583567,25,30,20
17,3232,1.6009444833110822e-05,0.7989548464818321,0.04181300219272455,0.15921614188060754,25,30,20
17,3233,1.6009456561234953e-05,0.7989524810157319,0.041815364785929586,0.15921614474177517,25,30,20
17,3234,1.6084805039028072e-05,0.798949380267362,0.04181815303818245,0.15921638188941434,25,30,20
17,3235,1.6084859754474435e-05,0.7989492242643563,0.04182038947868412,0.15921430139720266,25,30,20
17,3236,1.6162938336422128e-05,0.7989437995243301,0.04182557728695221,0.15921446025037903,25,30,20
17,3237,2.506025514771323e-05,0.7989615032039898,0.041449352596835576,0.15956408394402455,25,30,20
17,3238,1.624436411213656e-05,0.7989434931356773,0.041130920813437735,0.15990934168677046,25,30,20
17,3239,2.1279911994667096e-05,0.7986512970709492,0.04140838509273042,0.159919037924323,25,30,20
17,3240,2.127856458267166e-05,0.7986546157938315,0.0414049964304342,0.15991910921114882,25,30,20
17,3241,2.1278537546126994e-05,0.7986911265349739,0.04136863921894671,0.15991895570853035,25,30,20
17,3242,2.1201756191375362e-05,0.7986965412674287,0.04136345896910385,0.1599187980072728,25,30,20
17,3243,2.1203141912592002e-05,0.7986951415911444,0.04136469679567686,0.15991895847126292,25,30,20
17,3244,1.6167484023511053e-05,0.7989864910053369,0.041088153758650214,0.15990918775198623,25,30,20
17,3245,1.60126930889553e-05,0.7989972019095876,0.04107790725283031,0.15990887814449004,25,30,20
17,3246,1.6250973288596634e-05,0.7988801333678665,0.041189899711540384,0.1599137159473014,25,30,20
17,3247,1.624650149652728e-05,0.7989101493336649,0.04116465609924072,0.1599089480655948,25,30,20
17,3248,2.0442376703381008e-05,0.7992046990637349,0.0401909197837001,0.1605839387758589,25,30,20
17,3249,2.043969661760309e-05,0.7992074782380485,0.04018807459409327,0.16058400747123816,25,30,20
17,3250,2.043972567779809e-05,0.7992070058211624,0.040188546969868184,0.16058400748328927,25,30,20
17,3251,0.000345103372617834,0.7989644956208457,0.03862264824284195,0.16206775276369412,25,30,20
17,3252,0.00034510337441348576,0.7989643949065006,0.038622750319442345,0.162067751399643,25,30,20
17,3253,0.00035422571247166246,0.798576254391281,0.038992258918715945,0.16207726097753092,25,30,20
17,3254,0.0003542271062408428,0.7985381929171623,0.03903031885707065,0.16207726111952567,25,30,20
17,3255,0.00035854118883431226,0.7987959246780214,0.03878148001055296,0.16206405412259087,25,30,20
17,3256,0.0003585425161541496,0.7987955875900127,0.03878188718852539,0.16206398270530736,25,30,20
17,3257,0.00034941881136344404,0.7991858092263051,0.03841022476677035,0.1620545471955608,25,30,20
17,3258,0.0003405539131485809,0.7992566964916942,0.03833968917639587,0.16206306041876106,25,30,20
17,3259,0.0003405525795479435,0.7992577169197419,0.038338517872403985,0.1620632126283062,25,30,20
17,3260,0.0003405512224769882,0.7992591972405849,0.03833719389659838,0.16206305764033938,25,30,20
17,3261,0.000345258008176958,0.7992816699525888,0.03870833072838289,0.16166474131085107,25,30,20
17,3262,0.00034525803045734734,0.7992814538168811,0.03870854549898107,0.16166474265368008,25,30,20
17,3263,0.0003452593538198821,0.7992798689035934,0.03871012634596434,0.1616647453966222,25,30,20
17,3264,0.0003403149379572886,0.7992564495866072,0.03832676839771874,0.16207646707771647,25,30,20
17,3265,0.00034031626904262315,0.7992547032755359,0.038328587422514056,0.16207639303290708,25,30,20
17,3266,0.00034047390616135764,0.7992880898896005,0.03829503487331288,0.1620764013309251,25,30,20
17,3267,0.00034055539023511986,0.798264947435906,0.03931707318141646,0.16207742399244146,25,30,20
17,3268,0.00034055538425397275,0.7982630774751869,0.03931894176634469,0.16207742537421369,25,30,20
17,3269,0.00034040051307231855,0.7983428077174197,0.03924810421724071,0.16206868755226617,25,30,20
17,3270,0.0003403992854132347,0.7983430492252525,0.0392460639463045,0.16207048754302872,25,30,20
17,3271,1.0987048722753703e-05,0.7982915656742143,0.04178529709832612,0.15991215017873442,25,30,20
17,3272,1.0911683782854182e-05,0.7982964642356184,0.04178071105837268,0.1599119130222234,25,30,20
17,3273,1.0676200912746972e-05,0.798382409772232,0.041699832011386204,0.15990708201546666,25,30,20
17,3274,1.0750161713025793e-05,0.7984068878256595,0.04167521009636614,0.15990715191625893,25,30,20
17,3275,1.0825706031126389e-05,0.798399854366999,0.04168170565975399,0.15990761426721428,25,30,20
17,3276,1.075033071458031e-05,0.798402714177254,0.041679071999055115,0.15990746349297486,25,30,20
17,3277,1.075165577371182e-05,0.7983966589574165,0.04168512324319786,0.15990746614361065,25,30,20
17,3278,1.07858712184689e-05,0.7983966245666388,0.041660143576283296,0.1599324459858578,25,30,20
17,3279,1.0628380543838093e-05,0.7984069927227577,0.041650404080605864,0.15993197481609076,25,30,20
17,3280,1.070513202251196e-05,0.7984000527281826,0.04165719052208559,0.15993205161770782,25,30,20
17,3281,1.070381445476674e-05,0.7984009533767267,0.04165628983349829,0.15993205297531932,25,30,20
17,3282,1.542276942163146e-05,0.7980017646935309,0.042028266796857734,0.15995454574018872,25,30,20
17,3283,1.549817246586673e-05,0.7980032105002686,0.04202659343642537,0.1599546978908397,25,30,20
17,3284,1.549209475143773e-05,0.7990223303349074,0.04100827198316417,0.1599539055871765,25,30,20
17,3285,1.549209470409481e-05,0.7990224039960157,0.04100827505244544,0.15995382885683532,25,30,20
17,3286,1.5490722113671643e-05,0.7990228007962127,0.04102135612288484,0.15994035235878906,25,30,20
17,3287,1.5483690845811575e-05,0.799027569992769,0.041016911549016155,0.15994003476736907,25,30,20
17,3288,1.5483616269857652e-05,0.7990274068284371,0.04101638549797551,0.15994072405731746,25,30,20
17,3289,1.5483617011495618e-05,0.7990273329665405,0.041056624931201206,0.15990055848524717,25,30,20
17,3290,1.5408259695525984e-05,0.7990273568534082,0.04105682721156796,0.15990040767532862,25,30,20
17,3291,2.0038357177277274e-05,0.7986205345732194,0.04144945227077404,0.15990997479882918,25,30,20
17,3292,2.011503760136887e-05,0.7986190675617383,0.041450849600312305,0.1599099678003469,25,30,20
17,3293,2.9246711115513565e-05,0.7982633615339461,0.041787829919946604,0.15991956183499054,25,30,20
17,3294,2.924678100570913e-05,0.7982549370101717,0.04179625695056918,0.1599195592582519,25,30,20
17,3295,3.3879073635535974e-05,0.7978230808530873,0.04221437851786389,0.1599286615554118,25,30,20
17,3296,3.38790748233211e-05,0.7774783112632753,0.06255914464483381,0.15992866501706612,25,30,20
17,3297,3.387769531633357e-05,0.7774782303376604,0.06255869661313053,0.15992919535389166,25,30,20
17,3298,0.00010300924716085454,0.7600123847120198,0.0778962420054315,0.16198836403538708,25,30,20
17,3299,0.0001030105806446386,0.7599747194656498,0.07793405812805285,0.16198821182565162,25,30,20
17,3300,3.3880370744131515e-05,0.7578139872063845,0.08222308572849689,0.15992904669437372,25,30,20
17,3301,3.4116226851487366e-05,0.7575213676716939,0.08249755896601098,0.1599469571354424,25,30,20
17,3302,3.8972851078938646e-05,0.7570494327670858,0.08295500921890961,0.15995658516292466,25,30,20
17,3303,3.4265021363458174e-05,0.757486797510248,0.08253191965617374,0.15994701781221357,25,30,20
17,3304,2.9408222058808306e-05,0.7579601617417983,0.08207304901831547,0.15993738101782648,25,30,20
17,3305,2.9331455828338617e-05,0.7579660039674866,0.08206736031159403,0.15993730426509015,25,30,20
17,3306,2.92559959194217e-05,0.7579778811553212,0.08205570678546323,0.15993715606329506,25,30,20
17,3307,2.925456308557309e-05,0.7579798020113165,0.08205379424425667,0.1599371491813405,25,30,20
17,3308,2.9334071695598633e-05,0.7579530139183158,0.08207565874497197,0.15994199326501587,25,30,20
17,3309,2.933407140006099e-05,0.7579530111527001,0.08207491947404627,0.159942735301853,25,30,20
17,3310,2.976930949959919e-05,0.7584792030371115,0.08153223872294652,0.15995878893044224,25,30,20
17,3311,2.9766620415317783e-05,0.7585176186081618,0.08149382850394002,0.1599587862674827,25,30,20
17,3312,2.9765253830721087e-05,0.7585191771025803,0.08149220002411943,0.15995885761946946,25,30,20
17,3313,3.4596654262569915e-05,0.7578206805773766,0.08216324112945754,0.1599814816389024,25,30,20
17,3314,2.991871708881298e-05,0.7585097845649483,0.08150105550438363,0.15995924121357918,25,30,20
17,3315,2.5132401909073285e-05,0.7588622398368878,0.08116295653682366,0.15994967122437947,25,30,20
17,3316,2.5135160019026593e-05,0.7588580370008868,0.08116715102830659,0.1599496768107881,25,30,20
17,3317,2.5059778039978884e-05,0.7588232801869154,0.08120213667797758,0.159949523357068,25,30,20
17,3318,2.538069280434331e-05,0.7587479557299431,0.08127713112587547,0.1599495324513776,25,30,20
17,3319,2.538069449984105e-05,0.7587479612678477,0.08129099206957939,0.15993566596807407,25,30,20
17,3320,2.5225911446500647e-05,0.7587544804231208,0.08128493997995542,0.1599353536854784,25,30,20
17,3321,2.9583396976650433e-05,0.7588165470113475,0.08122728184066177,0.15992658775101418,25,30,20
17,3322,2.9582077203524185e-05,0.7588199794998683,0.08122384792535031,0.15992659049757788,25,30,20
17,3323,2.9703678903432936e-05,0.7588207334715789,0.08054396640683027,0.16060559644268824,25,30,20
17,3324,2.970235474198583e-05,0.7588217681763132,0.08054286025753993,0.16060566921140493,25,30,20
17,3325,2.5437108420464037e-05,0.7587544346925306,0.08061029962042461,0.16060982857862383,25,30,20
17,3326,2.5361754267243875e-05,0.7587598525693926,0.0806051063876328,0.1606096792887063,25,30,20
17,3327,2.536175508595274e-05,0.758759112954773,0.08060577059024072,0.160609754699899,25,30,20
17,3328,2.55976645169332e-05,0.7586422153147203,0.08072228089544671,0.16060990612531395,25,30,20
17,3329,2.5594875548864386e-05,0.758701075653439,0.08066342478465936,0.16060990468634975,25,30,20
17,3330,2.5518166190464445e-05,0.7587053759924635,0.0806594328691253,0.16060967297221823,25,30,20
17,3331,2.5518072646188278e-05,0.7587109115941982,0.0806537426707327,0.1606098276624215,25,30,20
17,3332,2.5081491670753725e-05,0.778013351261993,0.06136780289263473,0.16059376435370115,25,30,20
17,3333,2.5081520185877733e-05,0.77801392231376,0.06136738384376056,0.16059361232229333,25,30,20
17,3334,2.50814436115652e-05,0.7780146360482385,0.06136667041167398,0.1605936120964756,25,30,20
17,3335,2.5082859077259225e-05,0.7780115215766666,0.06136963198119309,0.16059376358306235,25,30,20
17,3336,2.508420050626918e-05,0.7780111246994929,0.06135564116441411,0.1606081499355863,25,30,20
17,3337,2.5084176831897147e-05,0.7780111190471698,0.06131466027433308,0.1606491365016646,25,30,20
17,3338,2.5085738730582776e-05,0.7772695174346609,0.06205632730258162,0.1606490695240253,25,30,20
17,3339,2.4847076777439364e-05,0.777407900700674,0.061923096065839005,0.16064415615670774,25,30,20
17,3340,2.485015512532398e-05,0.7774079966864593,0.061958061985495805,0.16060909117291783,25,30,20
17,3341,2.5007904075809048e-05,0.7773116623119363,0.06204075772922782,0.16062257205475913,25,30,20
17,3342,2.014146905170445e-05,0.7777348282298465,0.06163621161657498,0.16060881868452598,25,30,20
17,3343,1.997971374401175e-05,0.7778366488150289,0.06154803774324836,0.1605953337279779,25,30,20
17,3344,1.9980988069840253e-05,0.7778349624581099,0.06154972428604813,0.16059533226777123,25,30,20
17,3345,2.4696268326478165e-05,0.7778583024336087,0.06192363365194313,0.16019336764612088,25,30,20
17,3346,2.4697681015960466e-05,0.7778477878157247,0.06193421678090349,0.16019329772235466,25,30,20
17,3347,2.4699010940425634e-05,0.7778485725443258,0.06193342945667988,0.16019329898805434,25,30,20
17,3348,2.485244397450147e-05,0.7778778879018441,0.06190365382505315,0.16019360582912867,25,30,20
17,3349,2.4853970181258394e-05,0.7778651653428245,0.06191637182762769,0.16019360885936643,25,30,20
17,3350,2.485528749078971e-05,0.7778736588103172,0.061907646859493765,0.16019383904269816,25,30,20
17,3351,2.453303210551695e-05,0.777950173362523,0.06183145682531506,0.16019383678005736,25,30,20
17,3352,2.4687890767493864e-05,0.777937828455913,0.06184334264927105,0.16019414100404972,25,30,20
17,3353,2.4690548715316608e-05,0.777934954973808,0.061845905193347636,0.16019444928412988,25,30,20
17,3354,2.4855099907358304e-05,0.7979891481896996,0.041782026114270024,0.16020397059612335,25,30,20
17,3355,2.485638467911596e-05,0.7979889967444143,0.003271400406452699,0.19871474646445397,25,30,20
17,3356,2.4857758719202404e-05,0.7979845538233932,0.003275841922255771,0.1987147464956316,25,30,20
17,3357,2.4696401823574907e-05,0.7979835002488792,0.0025193931742165552,0.19947241017508033,25,30,20
17,3358,1.9981158493422905e-05,0.7979602427918664,0.002147416020395727,0.19987236002924413,25,30,20
17,3359,2.0057849405170675e-05,0.7979604742133171,0.0021846161578010217,0.19983485177947619,25,30,20
17,3360,2.0134576975015316e-05,0.7979608549542886,0.002189317600307066,0.1998296928684289,25,30,20
17,3361,2.005915751692825e-05,0.7979603957994076,0.002188985862447824,0.19983055918062728,25,30,20
17,3362,2.0057762173536487e-05,0.797966057240613,0.0021833271164196973,0.19983055788079324,25,30,20
17,3363,2.477951647916344e-05,0.7976100794043421,0.0025208062790152068,0.1998443348001628,25,30,20
17,3364,2.4776414325042185e-05,0.7976099847666716,0.0024842969312485657,0.19988094188775435,25,30,20
17,3365,2.470107173622847e-05,0.7976101437671774,0.002453249618047301,0.1999119055430387,25,30,20
17,3366,2.4624337653274857e-05,0.7976126178080487,0.0024510098661588396,0.19991174798813882,25,30,20
17,3367,2.462849072673027e-05,0.7976080689460274,0.002455236681056465,0.19991206588218907,25,30,20
17,3368,2.462842088937861e-05,0.797598343279382,0.0024649666239998235,0.19991206167572845,25,30,20
17,3369,2.4465203182094824e-05,0.7976859903357386,0.0023870027772478395,0.19990254168383093,25,30,20
17,3370,2.462000601673312e-05,0.7976757754704273,0.002396754629154403,0.19990284989440105,25,30,20
17,3371,2.462000396637007e-05,0.7976757753697096,0.0023915960165177396,0.19990800860980568,25,30,20
17,3372,3.3520160646088294e-05,0.7973323096192887,0.002716948833314735,0.19991722138674994,25,30,20
17,3373,3.8309415902819056e-05,0.7969428383811102,0.0030922095637952417,0.19992664263919116,25,30,20
17,3374,3.838617616963046e-05,0.7969398215538187,0.003094916547185482,0.19992687572282558,25,30,20
17,3375,3.8386173781177994e-05,0.7969396851889767,0.003094899456427252,0.1999270291808143,25,30,20
17,3376,3.838768082135931e-05,0.7969271317592923,0.0031075238402328282,0.19992695671965305,25,30,20
17,3377,3.838635826585707e-05,0.7969278800706312,0.0031069275720592092,0.19992680599904328,25,30,20
17,3378,2.9337275920190173e-05,0.7972774501170344,0.0027758391153926863,0.1999173734916521,25,30,20
17,3379,2.9490738990075524e-05,0.79727814070595,0.002783533981091299,0.19990883457396807,25,30,20
17,3380,3.421786735176146e-05,0.7969765401155914,0.0030709504878471306,0.19991829152920937,25,30,20
17,3381,3.4450745669848015e-05,0.7969773921929622,0.0030863743273419845,0.19990178273402598,25,30,20
17,3382,3.4449281171301304e-05,0.7969672955878755,0.00309662921045906,0.19990162592049443,25,30,20
17,3383,3.4525990245149774e-05,0.7969644758572971,0.0030992174902323027,0.19990178066222608,25,30,20
17,3384,2.993265724292358e-05,0.7971926698817388,0.0028846050642101608,0.19989279239680893,25,30,20
17,3385,3.4585577656499655e-05,0.7969141497869772,0.003149319927099779,0.19990194470826722,25,30,20
17,3386,3.459091878846047e-05,0.7969164775222004,0.0031465146179212185,0.19990241694109068,25,30,20
17,3387,3.466077895351728e-05,0.7969213966760129,0.0031417692581435642,0.19990217328689078,25,30,20
17,3388,3.4584041012410895e-05,0.7969276640104974,0.003135734870298206,0.19990201707819266,25,30,20
17,3389,2.9776329084734314e-05,0.7972168823544176,0.002860939688493136,0.19989240162800534,25,30,20
17,3390,2.9776327855584408e-05,0.7972173688174606,0.002860372363156631,0.1998924824915277,25,30,20
17,3391,2.9776388310505947e-05,0.7972176786153631,0.0028513626231445105,0.19990118237318247,25,30,20
17,3392,3.434316625231131e-05,0.7968877685706701,0.003163072777986779,0.1999148154850912,25,30,20
17,3393,3.4422556091649864e-05,0.7968756078224302,0.003175076292586282,0.1999148933288925,25,30,20
17,3394,3.442530741707119e-05,0.7968711199557006,0.003179557300824618,0.19991489743605795,25,30,20
17,3395,3.4423932795444455e-05,0.7968732625343017,0.0031775722785690537,0.19991474125433395,25,30,20
17,3396,3.9142907504897936e-05,0.7965237782610504,0.0035087211973870314,0.19992835763405778,25,30,20
17,3397,3.442254668487286e-05,0.7968736986881253,0.0031773664046378164,0.19991451236055216,25,30,20
17,3398,3.4343137858596256e-05,0.7575863654391684,0.0424649378556145,0.19991435356735734,25,30,20
17,3399,3.434159753902114e-05,0.7583281166900865,0.0417231198255933,0.19991442188677996,25,30,20
17,3400,3.411140813480363e-05,0.7583275071160211,0.041711372625903846,0.19992700884993872,25,30,20
17,3401,2.938968132213493e-05,0.7586825910354436,0.041374861403201325,0.19991315788003142,25,30,20
17,3402,2.938960965046026e-05,0.7586822784254129,0.04137164500825705,0.19991668695667847,25,30,20
17,3403,2.9392300636421013e-05,0.7566544406312342,0.04339924163894895,0.19991692542918038,25,30,20
17,3404,2.939097183849321e-05,0.756653717527729,0.043400046811753655,0.19991684468867874,25,30,20
17,3405,2.9393807315175443e-05,0.7579663534248243,0.04208740701658448,0.19991684575127575,25,30,20
17,3406,2.9469220598727364e-05,0.7579638138034472,0.04208972583189369,0.19991699114406006,25,30,20
17,3407,2.9467902475319394e-05,0.7579637370941245,0.042087951064459374,0.19991884393894058,25,30,20
17,3408,2.9544616673018616e-05,0.7579577902348328,0.04209366908086895,0.1999189960676247,25,30,20
17,3409,2.9544617311351525e-05,0.7579577915361331,0.042093901936346746,0.19991876191020885,25,30,20
17,3410,2.962133307182078e-05,0.7579525157633148,0.04209894751606189,0.1999189153875519,25,30,20
17,3411,3.03018710400651e-05,0.7578313969008866,0.04218002049049216,0.1999582807375814,25,30,20
17,3412,3.0436611153420885e-05,0.7577168702012252,0.04229417435148651,0.19995851883613613,25,30,20
17,3413,3.043661080075724e-05,0.7577181733861964,0.042292945331169146,0.1999584446718351,25,30,20
17,3414,3.028314771827156e-05,0.7577174827967119,0.042285242479116504,0.19996699157645545,25,30,20
17,3415,3.0284498721066655e-05,0.7577168511903339,0.042285871378961844,0.1999669929319853,25,30,20
17,3416,3.028305553969664e-05,0.7577170649986258,0.04228597297813333,0.1999666789677025,25,30,20
17,3417,3.0365332843671497e-05,0.7577138411952165,0.042289103400465954,0.19996669007147452,25,30,20
17,3418,3.0210583841835304e-05,0.7577230505187812,0.04228036236534387,0.19996637653203334,25,30,20
17,3419,3.013515881908417e-05,0.7577278181678281,0.042275821013733166,0.1999662256596196,25,30,20
17,3420,3.013061145150949e-05,0.7577288763748601,0.04227470095906385,0.19996629205462488,25,30,20
17,3421,3.0129290668075908e-05,0.7577289518127377,0.04227429300067996,0.19996662589591419,25,30,20
17,3422,3.0129286008136607e-05,0.7577279089673629,0.04227533713825576,0.1999666246083729,25,30,20
17,3423,3.012930446231486e-05,0.7577272873621349,0.04227603416790322,0.1999665491654991,25,30,20
17,3424,3.012932700206048e-05,0.7577288883393366,0.04227420284397045,0.19996677948969052,25,30,20
17,3425,3.0132141931697937e-05,0.7577293624208995,0.04227962687186945,0.19996087856529898,25,30,20
17,3426,3.0132316964676205e-05,0.7577293622624345,0.04228574822928916,0.1999547571913115,25,30,20
17,3427,3.02871392487405e-05,0.7577201320559281,0.042294589352770855,0.19995499145205253,25,30,20
17,3428,3.029008885100232e-05,0.7577190397947732,0.0422958235061793,0.19995484661019686,25,30,20
17,3429,3.641942747046256e-05,0.7309421457551644,0.06906607892296486,0.19995535589440042,25,30,20
17,3430,3.6420717782738486e-05,0.7309412056579176,0.06906701647082886,0.1999553571534707,25,30,20
17,3431,3.6417900415952865e-05,0.7316532587037772,0.06835527841275167,0.19995504498305577,25,30,20
17,3432,3.641221436474966e-05,0.731657093704597,0.06835153861381599,0.1999549554672229,25,30,20
17,3433,3.673181544176194e-05,0.7315032035080015,0.06850447066724887,0.19995559400930837,25,30,20
17,3434,3.6730464048242956e-05,0.7315049570199605,0.06850271986331745,0.19995559265267437,25,30,20
17,3435,3.6808591906744386e-05,0.7315053447698057,0.06850767496454083,0.1999501716737473,25,30,20
17,3436,3.680720487068337e-05,0.7315043581585595,0.06850851224990054,0.1999503223866698,25,30,20
17,3437,3.680725257427025e-05,0.7314892463552796,0.0685236185716487,0.19995032782049804,25,30,20
17,3438,3.6054018058475794e-05,0.7310235861828803,0.06902633031680094,0.1999140294822623,25,30,20
17,3439,3.5979947478272295e-05,0.7310405944428829,0.06900954830642597,0.19991387730321478,25,30,20
17,3440,4.076955079383182e-05,0.7310678982941106,0.06935742564886982,0.19953390650622763,25,30,20
17,3441,5.012674814432425e-05,0.7306372639538077,0.0697687901582356,0.19954381913981387,25,30,20
17,3442,5.0200778984446555e-05,0.7306345654648131,0.06977126790079774,0.1995439658554062,25,30,20
17,3443,5.0203656465077854e-05,0.7306306068836339,0.06977513840027083,0.1995440510596313,25,30,20
17,3444,5.012283972995658e-05,0.7306299040717564,0.06976813887261037,0.19955183421590422,25,30,20
17,3445,5.0122857422926576e-05,0.7306318850658939,0.06976631138736006,0.19955168068932308,25,30,20
17,3446,5.004611695596322e-05,0.7305996459911213,0.06979877796885488,0.19955152992306804,25,30,20
17,3447,4.99752762059915e-05,0.7305732264816089,0.06982064372467706,0.19955615451750813,25,30,20
17,3448,4.541737144889939e-05,0.7309609887119989,0.06944639797686455,0.19954719593968787,25,30,20
17,3449,4.5417386882780406e-05,0.7302476969510832,0.0701596869240239,0.19954719873801013,25,30,20
17,3450,4.541729861322768e-05,0.7296525977940707,0.07075456000764477,0.19954742489967145,25,30,20
17,3451,4.518303989786565e-05,0.7296684247981234,0.07073943710089982,0.19954695506107903,25,30,20
17,3452,4.5183015432366205e-05,0.7296679547013695,0.07073448737735012,0.1995523749058484,25,30,20
17,3453,4.518298985909491e-05,0.7296680258952744,0.07073261080580533,0.19955418030906166,25,30,20
17,3454,4.525975906729855e-05,0.72966064451504,0.07073976457377099,0.19955433115212245,25,30,20
17,3455,4.533649124285315e-05,0.7296931348287785,0.07070696734054932,0.19955456133942998,25,30,20
17,3456,4.048687859578995e-05,0.7302036839260847,0.0702239946185791,0.19953183457674084,25,30,20
17,3457,3.461390130103462e-05,0.7177263005953881,0.0827074823523122,0.19953160315099694,25,30,20
17,3458,3.4613846965638746e-05,0.7177283549161793,0.0827054280987373,0.19953160313811613,25,30,20
17,3459,3.4609704520312904e-05,0.7183287299992707,0.08210537118134811,0.19953128911485846,25,30,20
17,3460,3.4609706448167394e-05,0.7183287260299501,0.08210538192185943,0.19953128234173995,25,30,20
17,3461,3.43655260453551e-05,0.71847492203201,0.08195991787390422,0.19953079456803763,25,30,20
17,3462,3.4366894676277036e-05,0.7184773295299759,0.08195765978272243,0.1995306437926234,25,30,20
17,3463,2.957449349277586e-05,0.7184497092627619,0.08160554450284974,0.19991517174089374,25,30,20
17,3464,2.9421014935741288e-05,0.7184578557417184,0.08159785971058744,0.19991486353275773,25,30,20
17,3465,2.9350066137676534e-05,0.7184126040343699,0.08164324903193991,0.19991479686755181,25,30,20
17,3466,2.9344257960234342e-05,0.7184631578939248,0.08159279048504221,0.1999147073630721,25,30,20
17,3467,2.9344219103480353e-05,0.7191775171581751,0.0808784340583994,0.1999147045643215,25,30,20
17,3468,2.9344254623903653e-05,0.7191748919724783,0.08088105781537205,0.19991470595752495,25,30,20
17,3469,2.9340197753176695e-05,0.7191402466532247,0.08091570982106805,0.1999147033279532,25,30,20
17,3470,2.9264770337927883e-05,0.7191465201950876,0.08090966248975763,0.19991455254481574,25,30,20
17,3471,3.3541337447489415e-05,0.7377865786283567,0.062258539996498066,0.19992134003769796,25,30,20
17,3472,3.3618064117562214e-05,0.7377870430849528,0.06226233609137597,0.199917002759554,25,30,20
17,3473,3.3772884690078365e-05,0.7377741854548847,0.06227449088806816,0.19991755077235762,25,30,20
17,3474,3.3770223240045546e-05,0.7377758989434386,0.062272708586456005,0.19991762224686646,25,30,20
17,3475,3.376888405926351e-05,0.7377761438830777,0.062272464995437676,0.19991762223742662,25,30,20
17,3476,2.9041709582303013e-05,0.7380791924392004,0.06198359931334486,0.19990816653787394,25,30,20
17,3477,2.9118608726422508e-05,0.7380795134860185,0.06199268324929678,0.19989868465595964,25,30,20
17,3478,2.4397022170693606e-05,0.7384331007785954,0.061657683413196204,0.19988481878603845,25,30,20
17,3479,2.440150463568631e-05,0.7383879341953786,0.06170283117973214,0.1998848331202545,25,30,20
17,3480,2.4323274171463145e-05,0.7383875296283701,0.061691761694524866,0.19989638540293467,25,30,20
17,3481,2.432461634424266e-05,0.7383876130349672,0.06169217814745867,0.19989588420123056,25,30,20
17,3482,2.432006276634789e-05,0.7384189255901016,0.061665650961282695,0.19989110338585,25,30,20
17,3483,2.424338437698088e-05,0.738418461300953,0.06166738700760602,0.19988990830706452,25,30,20
17,3484,1.971045428271393e-05,0.7590346302399211,0.04106288761409077,0.19988277169170535,25,30,20
17,3485,1.9709111723015873e-05,0.7590345481387408,0.04106221109697668,0.1998835316525595,25,30,20
17,3486,1.9710468495644585e-05,0.7590323581911026,0.0410643996918937,0.19988353164850775,25,30,20
17,3487,1.971047861465797e-05,0.7590307495027814,0.04106585217146574,0.19988368784713784,25,30,20
17,3488,1.971053323997892e-05,0.7590281249832881,0.04106847116467523,0.19988369331879607,25,30,20
17,3489,1.9710525867248082e-05,0.7590282893378227,0.04106381366300445,0.19988818647330503,25,30,20
17,3490,1.9871644148524546e-05,0.7590207606953437,0.04107101645559776,0.19988835120490947,25,30,20
17,3491,2.0025035271431245e-05,0.7590212879858236,0.04107649930656025,0.19988218767234434,25,30,20
17,3492,2.002369200419905e-05,0.7590224137535386,0.04107537633983469,0.19988218621462198,25,30,20
17,3493,1.9946974704030963e-05,0.7590281199506748,0.041069820920120126,0.19988211215450086,25,30,20
17,3494,1.99483050770387e-05,0.7590267031275648,0.04107115832468429,0.19988219024267362,25,30,20
17,3495,2.4518156976707635e-05,0.7590499308391309,0.04140090689723558,0.19952464410665674,25,30,20
17,3496,2.4514053420088834e-05,0.7590554547119625,0.041395318450754975,0.1995247127838612,25,30,20
17,3497,2.4277551628618816e-05,0.7590672911178047,0.04138388736707815,0.19952454396348737,25,30,20
17,3498,2.435545260767349e-05,0.759067676280181,0.0413827776676845,0.19952519059952575,25,30,20
17,3499,1.4998233497212306e-05,0.7594987871490594,0.04097093664896114,0.1995152779684811,25,30,20
17,3500,1.4999588935223604e-05,0.7595107191563263,0.04095884854180415,0.19951543271293354,25,30,20
17,3501,1.4999591878636317e-05,0.7595107179665913,0.040958419175285886,0.1995158632662433,25,30,20
17,3502,1.5076328498207895e-05,0.7595109495520386,0.040963017868177756,0.19951095625128484,25,30,20
17,3503,1.507640303444964e-05,0.7595113177871385,0.04096264943273882,0.19951095637708766,25,30,20
17,3504,1.5153092847988121e-05,0.759506269348856,0.04096746510649928,0.199511112451796,25,30,20
17,3505,1.5153109736879186e-05,0.7595063464780263,0.040967541488625636,0.19951095892361048,25,30,20
17,3506,1.531027098300937e-05,0.7594947117053091,0.04097846776357806,0.19951151026012887,25,30,20
17,3507,1.5310315098518113e-05,0.7594925268864964,0.040980653820088725,0.1995115089783155,25,30,20
17,3508,1.5316123511909397e-05,0.759489567210651,0.04098350978238954,0.19951160688344668,25,30,20
17,3509,1.5161305432112881e-05,0.7595024474088448,0.04097133241195078,0.19951105887377207,25,30,20
17,3510,1.532067512907659e-05,0.7594961885763044,0.04097742154406005,0.19951106920450612,25,30,20
17,3511,1.5318906080984013e-05,0.7595362456506791,0.04093745180981548,0.1995109836334243,25,30,20
17,3512,1.5317503067762932e-05,0.7595370566780646,0.04093664095202374,0.19951098486684377,25,30,20
17,3513,1.5317482527065422e-05,0.7595745552606207,0.04089906978298903,0.19951105747386322,25,30,20
17,3514,1.5320238040974108e-05,0.7595703417579629,0.040903276436180504,0.19951106156781545,25,30,20
17,3515,1.5244863141325319e-05,0.7595429736750491,0.040930950087700355,0.19951083137410897,25,30,20
17,3516,1.5244841396833005e-05,0.7595734060329249,0.04090051777322651,0.19951083135245148,25,30,20
17,3517,1.5320284347783277e-05,0.7595678522988436,0.040905845272515694,0.19951098214429272,25,30,20
17,3518,1.531310099496749e-05,0.7595733625035956,0.040900437425771284,0.199510886969638,25,30,20
17,3519,1.5313100477246214e-05,0.759576057314346,0.0408977399715193,0.19951088961365693,25,30,20
17,3520,1.531446364494577e-05,0.7595762933508226,0.04090100106774009,0.1995073911177917,25,30,20
17,3521,1.531445147829056e-05,0.7595778657298656,0.0408993492291454,0.19950747058951004,25,30,20
17,3522,1.5157269657223607e-05,0.7595911472845236,0.04088678032173803,0.19950691512408056,25,30,20
17,3523,1.5155911054185074e-05,0.7595940590176588,0.04088387006673511,0.19950691500455156,25,30,20
17,3524,1.0431279305800128e-05,0.7595702135729995,0.04054626668928107,0.19987308845841337,25,30,20
17,3525,1.0429935064774426e-05,0.7595701327478998,0.04054490549746711,0.19987453181956794,25,30,20
17,3526,1.0431256230803267e-05,0.7595683880941522,0.04054665157559457,0.19987452907402198,25,30,20
17,3527,1.0506681943875332e-05,0.75956310368972,0.04055147535744326,0.19987491427089282,25,30,20
17,3528,1.050668429428541e-05,0.7595619685398893,0.04055261580580769,0.1998749089700086,25,30,20
17,3529,1.0509416747584571e-05,0.7595223183783442,0.04059225916549118,0.19987491303941693,25,30,20
17,3530,1.0586211943089862e-05,0.7595152057432446,0.04059898400683634,0.19987522403797572,25,30,20
17,3531,2.5933137989665312e-05,0.7637896327473205,0.03208508993340567,0.20409934418128398,25,30,20
17,3532,1.0585148736943698e-05,0.7594468673751207,0.040670535414680895,0.1998720120614613,25,30,20
17,3533,1.964047823590321e-05,0.7591277231297853,0.04097118181904354,0.19988145457293494,25,30,20
17,3534,1.9639128464068538e-05,0.7591295724147255,0.040969414650070146,0.19988137380673934,25,30,20
17,3535,1.9637761068480876e-05,0.759130937103357,0.04096805529018397,0.19988136984538898,25,30,20
17,3536,1.963657637595807e-05,0.7591311774877785,0.0409679666164526,0.19988121931939126,25,30,20
17,3537,1.9635274017773076e-05,0.7591269135342934,0.04097215230993826,0.19988129888174833,25,30,20
17,3538,1.963534441817705e-05,0.759126999984238,0.04100336469663021,0.1998499999747114,25,30,20
17,3539,1.963402690621398e-05,0.759123043188222,0.04100717475915409,0.19985014802571707,25,30,20
17,3540,1.9634021649700108e-05,0.7591233535308622,0.04100694116819163,0.19985007127929588,25,30,20
17,3541,1.955304171486871e-05,0.7591314147233018,0.0409990460873956,0.1998499861475872,25,30,20
17,3542,1.947628189755879e-05,0.7591392628014316,0.04099142557213849,0.19984983534453218,25,30,20
17,3543,1.9554357709363154e-05,0.7591354976745689,0.040995033377694376,0.19984991459002718,25,30,20
17,3544,1.9796357045569835e-05,0.759136372275795,0.0409795697603065,0.19986426160685272,25,30,20
17,3545,1.9796405831827902e-05,0.7591205605368246,0.04099545128270526,0.199864191774638,25,30,20
17,3546,1.980106239706764e-05,0.7591169956871743,0.04099907878123235,0.199864124469196,25,30,20
17,3547,1.980108645006589e-05,0.7591155128801883,0.04100040533169801,0.19986428070166318,25,30,20
17,3548,1.987780195480415e-05,0.7591070717473036,0.04100862033382214,0.19986443011691893,25,30,20
17,3549,1.0821138230013309e-05,0.7594626118201105,0.04067158210466627,0.19985498493699283,25,30,20
17,3550,1.0897891194770583e-05,0.7594575078297856,0.04067645309568503,0.19985514118333422,25,30,20
17,3551,1.0897887109731974e-05,0.7594575091289159,0.04067582187189602,0.1998557711120783,25,30,20
17,3552,1.0974670327882627e-05,0.7593718609972351,0.04076123974851533,0.1998559245839218,25,30,20
17,3553,1.105434601987417e-05,0.7593645560379314,0.04076830834657626,0.19985608126947302,25,30,20
17,3554,1.0897707249803884e-05,0.7593683072102277,0.04076472009898227,0.19985607498354074,25,30,20
17,3555,1.0975783030272938e-05,0.7593676521028349,0.04076522309943216,0.19985614901470355,25,30,20
17,3556,1.0971154074388985e-05,0.759370489440546,0.04076232302414061,0.19985621638123988,25,30,20
17,3557,1.5699312403875623e-05,0.7590519845216879,0.04106694588736005,0.19986537027854948,25,30,20
17,3558,1.5622554207923416e-05,0.7590570067360412,0.0410623101083327,0.1998650606014195,25,30,20
17,3559,1.585763957318971e-05,0.7588832188558992,0.04122684091018078,0.19987408259434844,25,30,20
17,3560,1.609055640785569e-05,0.758866097572185,0.0412432648380703,0.1998745470333387,25,30,20
17,3561,1.585414537640802e-05,0.7590423517494004,0.041076426594786136,0.199865367510439,25,30,20
17,3562,1.5855682440751496e-05,0.7590368579730873,0.04108191578426456,0.19986537056020928,25,30,20
17,3563,1.5855657622843696e-05,0.7590367013921738,0.04107971093733143,0.19986773201287342,25,30,20
17,3564,1.593075382417461e-05,0.7590355426835008,0.041080566088336885,0.19986796047433983,25,30,20
17,3565,4.854147660929572e-05,0.7713421804484761,0.028728851089102597,0.19988042698581412,25,30,20
17,3566,4.870220715745133e-05,0.771270460552947,0.028800086128888243,0.1998807511110092,25,30,20
17,3567,4.847063043001794e-05,0.7712861370607513,0.028785104327262463,0.19988028798155832,25,30,20
17,3568,4.8625947575356304e-05,0.7711739308963534,0.02889684039017066,0.1998806027659027,25,30,20
17,3569,4.886355544924614e-05,0.7711923569572058,0.029096188336926468,0.1996625911504203,25,30,20
17,3570,4.886357182692739e-05,0.7711921039648268,0.02909643996734562,0.19966259249600335,25,30,20
17,3571,4.878818891456467e-05,0.7711919519081576,0.02909400080857946,0.19966525909435076,25,30,20
17,3572,4.871276621716473e-05,0.7711957965146005,0.029090234406923064,0.1996652563122614,25,30,20
17,3573,4.8712928111583366e-05,0.7711958818951209,0.029104304601652028,0.1996511005751177,25,30,20
17,3574,4.871294480477775e-05,0.7711959614477684,0.029106338022560307,0.1996489875848687,25,30,20
17,3575,4.879392355174043e-05,0.7711185583089784,0.029183656812762835,0.19964899095470925,25,30,20
17,3576,4.879389716906951e-05,0.7711998647522281,0.029102195560217547,0.19964914579038787,25,30,20
17,3577,4.879256982521865e-05,0.7712011925525859,0.02910079762426963,0.1996492172533222,25,30,20
17,3578,4.87980619647458e-05,0.771142130165285,0.029159923057717075,0.19964914871503595,25,30,20
17,3579,4.864275275158534e-05,0.7712169500751882,0.029085340277732435,0.1996490668943302,25,30,20
17,3580,4.864137944518224e-05,0.771218742698827,0.0290834748932367,0.19964914102849327,25,30,20
17,3581,4.863865044215815e-05,0.771221238098427,0.02908098621403227,0.19964913703710038,25,30,20
17,3582,4.871565029581271e-05,0.771212490334225,0.029089659167142304,0.19964913484833877,25,30,20
17,3583,4.871700080700929e-05,0.7712113923546805,0.029090754514120198,0.19964913613039426,25,30,20
17,3584,4.391206892752934e-05,0.7715365296561721,0.028779887092894585,0.19963967118200798,25,30,20
17,3585,4.8438532145619215e-05,0.7715370134360158,0.028841546742168385,0.1995730012896724,25,30,20
17,3586,4.843725729188548e-05,0.7715361528041528,0.028842405786772458,0.19957300415178517,25,30,20
17,3587,4.8282483706953556e-05,0.7715254208098158,0.028853602193213847,0.19957269451326567,25,30,20
17,3588,4.836058393681605e-05,0.7715197494558843,0.02885911194781224,0.19957277801236878,25,30,20
17,3589,4.836054130088914e-05,0.7715191608680153,0.02885970066150243,0.1995727779291839,25,30,20
17,3590,4.835782844165778e-05,0.7715238601128395,0.028854932707434583,0.1995728493512871,25,30,20
17,3591,4.835626058770964e-05,0.7715351182161395,0.028843679258867518,0.19957284626440766,25,30,20
17,3592,4.859549673986336e-05,0.7712708434532415,0.029103034851132557,0.19957752619888866,25,30,20
17,3593,4.407036717481129e-05,0.7712704430715986,0.029033050900130024,0.19965243566109925,25,30,20
17,3594,4.407037060684852e-05,0.7712456727086139,0.02905789672611524,0.1996523601946665,25,30,20
17,3595,4.4064935605787204e-05,0.7713049881142287,0.028998593542547434,0.19965235340762072,25,30,20
17,3596,4.406620001201329e-05,0.7713044813428332,0.028998948369926832,0.19965250408723015,25,30,20
17,3597,4.4064825001026726e-05,0.7713439903954104,0.0289595996113658,0.19965234516822547,25,30,20
17,3598,4.374741023009444e-05,0.7713430348279938,0.028942743347200622,0.199670474414578,25,30,20
17,3599,4.35111471993209e-05,0.7713245360530133,0.02874559769548723,0.19988635510430278,25,30,20
17,3600,4.350830752477033e-05,0.7713242905790203,0.02874061825972264,0.19989158285373498,25,30,20
17,3601,4.35069400787983e-05,0.7713243605891317,0.028738103215922788,0.19989402925486935,25,30,20
17,3602,4.366936902332547e-05,0.7713359849124585,0.02872599435267789,0.19989435136584316,25,30,20
17,3603,4.367373120709441e-05,0.7713360747322074,0.028806628920945432,0.19981362261564292,25,30,20
17,3604,4.3437226516857176e-05,0.7715939405474989,0.02855328220329445,0.19980934002269243,25,30,20
17,3605,4.343722648540004e-05,0.7715939405463679,0.028553286208180016,0.1998093360189693,25,30,20
17,3606,4.343854182185896e-05,0.7715688568048209,0.028578367375380623,0.19980933727797937,25,30,20
17,3607,4.336181425360666e-05,0.7512246137127484,0.048922840745545766,0.1998091837274532,25,30,20
17,3608,4.344128184648598e-05,0.7512336332244606,0.048913663704069396,0.1998092617896251,25,30,20
17,3609,4.351941012711371e-05,0.7511739012378258,0.04897268691702936,0.19980989243501945,25,30,20
17,3610,4.3597343628185906e-05,0.7511679799330675,0.04897837294157985,0.19981004978172678,25,30,20
17,3611,4.35960262182208e-05,0.7511679676870646,0.04897831647725641,0.1998101198094628,25,30,20
17,3612,4.351938006533535e-05,0.7511731492120388,0.048973434821880844,0.19980989658601722,25,30,20
17,3613,4.35947370736209e-05,0.7511897545463303,0.04895660343997825,0.19981004727662022,25,30,20
17,3614,4.3597721877643385e-05,0.7511579208163901,0.048983902235347536,0.19981457922638718,25,30,20
17,3615,0.00029780520062265927,0.7499230056020231,0.049963921362127864,0.19981526783522882,25,30,20
17,3616,0.0002977298141902917,0.7499295837981176,0.04995741540946607,0.1998152709782285,25,30,20
17,3617,4.3752404876145885e-05,0.7509685604100842,0.049172645991307,0.1998150411937349,25,30,20
17,3618,4.367572124470671e-05,0.7509726463770617,0.04916871199749049,0.19981496590420467,25,30,20
17,3619,4.367710721641894e-05,0.7509728067796242,0.049170748652053974,0.1998127674611068,25,30,20
17,3620,4.367436916495707e-05,0.7510285825580233,0.04911545547747293,0.19981228759534025,25,30,20
17,3621,4.3671414467757846e-05,0.7510600163239708,0.049088478549923605,0.1998078337116394,25,30,20
17,3622,4.3743767598237655e-05,0.7510602292702155,0.049010283270278406,0.1998857436919095,25,30,20
17,3623,4.3743888806827695e-05,0.7510226388546336,0.04904786913419937,0.19988574812236198,25,30,20
17,3624,4.382789006505746e-05,0.7510317997969115,0.049115365878894056,0.19980900643413121,25,30,20
17,3625,4.383257607038578e-05,0.7510316705053366,0.049171232245683205,0.19975326467291205,25,30,20
17,3626,1.1221678514890754e-05,0.7387125531326485,0.06153527494106117,0.1997409502477751,25,30,20
17,3627,1.1144922444371247e-05,0.7387188428319241,0.06152913870212223,0.19974087354350936,25,30,20
17,3628,1.106682079903287e-05,0.7387256909401013,0.061522678391752746,0.199740563847347,25,30,20
17,3629,1.1140829009326459e-05,0.7387261627695075,0.061522297027086885,0.19974039937439628,25,30,20
17,3630,2.002925166759551e-05,0.7383689219467614,0.06186153485523561,0.1997495139463351,25,30,20
17,3631,1.0978424317313413e-05,0.7387382080052233,0.06151073761098796,0.199740075959471,25,30,20
17,3632,1.090009127761299e-05,0.7387472737905667,0.0615018259836763,0.19974000013447935,25,30,20
17,3633,1.1056224318184476e-05,0.7387370729491972,0.061511407636458244,0.19974046319002622,25,30,20
17,3634,1.5577264494954615e-05,0.7778413097558563,0.022402410064604382,0.19974070291504595,25,30,20
17,3635,1.557591513709804e-05,0.777843417128958,0.02240046154745683,0.19974054540844954,25,30,20
17,3636,2.0365397495693867e-05,0.7778710146796586,0.022794740615812083,0.19931387930703537,25,30,20
17,3637,2.0598307571763314e-05,0.77783213642072,0.02283284488303472,0.19931442038867458,25,30,20
17,3638,2.05996239451155e-05,0.7778317656136248,0.022833213063715205,0.19931442169871566,25,30,20
17,3639,1.581153249309572e-05,0.7778040954065724,0.02244244363615664,0.19973764942477884,25,30,20
17,3640,1.128766600507554e-05,0.7786728415098491,0.021578620397192837,0.19973725042695406,25,30,20
17,3641,1.1054762764107142e-05,0.7786881589991422,0.02156415639887994,0.19973662983921478,25,30,20
17,3642,1.0898538995766085e-05,0.7787381423608735,0.021514722500704634,0.19973623659942724,25,30,20
17,3643,1.0898629181104122e-05,0.7787373627386047,0.021515501796608095,0.19973623683560723,25,30,20
17,3644,1.0897308398814755e-05,0.778737989666172,0.021514873445363417,0.19973623958006712,25,30,20
17,3645,1.0898666024729659e-05,0.7786994120809213,0.021553370281985566,0.19973631897106917,25,30,20
17,3646,1.0898746471467995e-05,0.7786983382111959,0.02155436582624989,0.19973639721608355,25,30,20
17,3647,1.089738802439719e-05,0.7787369518130428,0.02151583302068849,0.19973631777824494,25,30,20
17,3648,1.089740935654571e-05,0.7787364450587184,0.02151633567737976,0.1997363218545463,25,30,20
17,3649,1.0506604409787363e-05,0.7790029533262528,0.021251001103454924,0.19973553896588292,25,30,20
17,3650,1.0507961549589854e-05,0.779001360212785,0.021252591491219733,0.19973554033444663,25,30,20
17,3651,1.0584698800329877e-05,0.7790017465165385,0.021258467724190086,0.199729201060472,25,30,20
17,3652,1.0586074272008811e-05,0.7789986686551168,0.021261542877426612,0.19972920239318528,25,30,20
17,3653,1.0584683556391515e-05,0.7789986658810955,0.02125802550929401,0.19973272392605498,25,30,20
17,3654,1.0584704512802128e-05,0.7789984461494354,0.02125824388531715,0.19973272526073554,25,30,20
17,3655,1.0584707677660642e-05,0.7789993990102684,0.021257365155121728,0.19973265112693248,25,30,20
17,3656,1.0508003118411608e-05,0.7790030031769473,0.02125398429593379,0.1997325045240009,25,30,20
17,3657,1.050463981615426e-05,0.7790030569427958,0.021196173042164954,0.1997902653752236,25,30,20
17,3658,1.0504528213328301e-05,0.7790032000359457,0.02119603842622521,0.19979025700961575,25,30,20
17,3659,1.0581274226188194e-05,0.7789944860114005,0.02120452226257446,0.19979041045179907,25,30,20
17,3660,1.5391729750934413e-05,0.7787006169992609,0.02148403667289716,0.19979995459809122,25,30,20
17,3661,1.5390360302376828e-05,0.7787031586636559,0.021481576200227774,0.19979987477581415,25,30,20
17,3662,1.0582659612673988e-05,0.7789896807106842,0.021208933220790264,0.1997908034089131,25,30,20
17,3663,1.0588229253305876e-05,0.7789800772166666,0.02121860082370257,0.1997907337303774,25,30,20
17,3664,1.0585477202755231e-05,0.7789858588466149,0.021213371401980884,0.19979018427420148,25,30,20
17,3665,1.0585431896537293e-05,0.7789888327038728,0.021210242807431636,0.1997903390567992,25,30,20
17,3666,1.058673860640295e-05,0.7789872736399743,0.021211803265089254,0.19979033635633045,25,30,20
17,3667,1.0586788300578336e-05,0.7789865382182836,0.02121253586922453,0.1997903391241916,25,30,20
17,3668,1.0508541842997653e-05,0.7790609879399045,0.02113793215045815,0.19979057136779457,25,30,20
17,3669,1.0508603915763775e-05,0.7790591340786608,0.02113978592124238,0.19979057139618125,25,30,20
17,3670,1.058540917803208e-05,0.7790528124496973,0.02114594304538911,0.19979065909573585,25,30,20
17,3671,1.0896301472602233e-05,0.7790354073715855,0.02116242078401498,0.1997912755429272,25,30,20
17,3672,1.0897644191619035e-05,0.779034378010495,0.021163213190933564,0.19979151115438007,25,30,20
17,3673,1.0900376591792104e-05,0.7790314792576044,0.021166179132917632,0.1997914412328864,25,30,20
17,3674,1.089780646180698e-05,0.7790313209252622,0.021174508125542127,0.19978327314273436,25,30,20
17,3675,1.089507589951878e-05,0.7790342846348287,0.021171782827644457,0.1997830374616277,25,30,20
17,3676,1.0892323757202186e-05,0.7790338158251572,0.021166969668500756,0.19978832218258508,25,30,20
17,3677,1.0892314980335617e-05,0.7790320023845865,0.02116878439809124,0.19978832090234244,25,30,20
17,3678,1.0893668094136561e-05,0.7790320064269426,0.021171068140977866,0.1997860317639857,25,30,20
17,3679,1.0893681559230478e-05,0.7790312402779316,0.02117183435164094,0.19978603168886874,25,30,20
17,3680,1.089353873275041e-05,0.7790311602718566,0.021161239699208162,0.1997967064902028,25,30,20
17,3681,1.0974542216031296e-05,0.7790247331674973,0.021167202491577962,0.19979708979870864,25,30,20
17,3682,1.1051215276961111e-05,0.7790206342435658,0.021171070042333852,0.19979724449882305,25,30,20
17,3683,1.104985993415859e-05,0.779008459644686,0.02118317199689241,0.19979731849848734,25,30,20
17,3684,1.1051031169250457e-05,0.779007695001007,0.021183861914400512,0.1997973920534228,25,30,20
17,3685,1.0740087951382085e-05,0.7790242474291174,0.021168238276355594,0.19979677420657505,25,30,20
17,3686,1.0738759317426126e-05,0.7790256570696499,0.021167064296542706,0.19979653987448975,25,30,20
17,3687,1.0659079780607309e-05,0.7790298460033199,0.021163343688920536,0.19979615122797856,25,30,20
17,3688,1.0663162459540706e-05,0.7790251776007148,0.021167692851106007,0.1997964663857192,25,30,20
17,3689,1.0587853882636048e-05,0.7790040523425791,0.021189039974265245,0.19979631982927326,25,30,20
17,3690,1.0589221504078959e-05,0.7790081812568823,0.021184983665364043,0.19979624585624972,25,30,20
17,3691,1.0589211323743775e-05,0.7790081812156641,0.02118380310404168,0.19979742646897108,25,30,20
17,3692,1.0665908733810396e-05,0.7790048485867732,0.021186908286546548,0.19979757721794678,25,30,20
17,3693,1.0587768640305129e-05,0.7790133190685729,0.021178516014746785,0.19979757714804017,25,30,20
17,3694,1.0583499400024159e-05,0.7790204844256098,0.021171363250469862,0.19979756882452057,25,30,20
17,3695,1.0582111075057051e-05,0.7790243162862512,0.0211674587457092,0.19979764285696433,25,30,20
17,3696,1.0505334918910693e-05,0.7790308181124556,0.02116141481428905,0.19979726173833628,25,30,20
17,3697,1.0508315115991033e-05,0.7790132556573431,0.02117428834443984,0.19980194768310086,25,30,20
17,3698,1.0586453024335405e-05,0.7790092556695345,0.021177973133665814,0.19980218474377495,25,30,20
17,3699,1.058647769295293e-05,0.7790057612055739,0.02118154168753288,0.19980211062920042,25,30,20
17,3700,1.0587917764206956e-05,0.7790418184915567,0.021145629543968522,0.19980196404671072,25,30,20
17,3701,1.0587893571560833e-05,0.7790418144024928,0.02114490259748923,0.19980269510644644,25,30,20
17,3702,1.0744063703345393e-05,0.7790321664588535,0.021153925920949904,0.19980316355649339,25,30,20
17,3703,1.0668702686992737e-05,0.7790368467484363,0.021149471707435794,0.1998030128414409,25,30,20
17,3704,1.522627043422795e-05,0.7790505864450679,0.021422663223663735,0.19951152406083414,25,30,20
17,3705,1.530301425381442e-05,0.779047807517692,0.02142521210953445,0.19951167735852024,25,30,20
17,3706,1.5300243089187132e-05,0.779078886855252,0.021394066996195626,0.1995117459054638,25,30,20
17,3707,1.5459134604073095e-05,0.7790290821914526,0.021443395033550586,0.19951206364039353,25,30,20
17,3708,1.5459179054004688e-05,0.779030850824714,0.02144154813746037,0.19951214185877233,25,30,20
17,3709,1.5224942115289587e-05,0.7790797420574438,0.021393359614653343,0.19951167338578837,25,30,20
17,3710,1.5230711530818273e-05,0.7790769980834468,0.021395938052810898,0.19951183315221196,25,30,20
17,3711,1.530602818030152e-05,0.7790729173774925,0.021399795501571575,0.19951198109275617,25,30,20
17,3712,1.5537568835373116e-05,0.7790602510147433,0.021411920785265104,0.1995122906311563,25,30,20
17,3713,1.553350690091986e-05,0.7790640055340933,0.02140848549130409,0.19951197546770172,25,30,20
17,3714,2.0398688613248424e-05,0.7790915088192216,0.0218116117751378,0.199076480717027,25,30,20
17,3715,2.0398686803097562e-05,0.7790917965776424,0.02181139676792751,0.19907640796762682,25,30,20
17,3716,2.0395806914327227e-05,0.7790658765662102,0.02184200564369329,0.19907172198318235,25,30,20
17,3717,2.039006358984027e-05,0.7790690595228859,0.021838992224899986,0.19907155818862474,25,30,20
17,3718,2.038867721159281e-05,0.7790702605488096,0.021837643189002925,0.19907170758497617,25,30,20
17,3719,2.0388676364467643e-05,0.7790910516787752,0.021816531637265137,0.19907202800759527,25,30,20
17,3720,2.0313310649430967e-05,0.7790930024335071,0.02181488778907656,0.19907179646676698,25,30,20
17,3721,2.031884037930852e-05,0.7790910853074496,0.021816326480341687,0.19907226937182945,25,30,20
17,3722,2.031886519328753e-05,0.779091090767578,0.021817273756603646,0.19907131661062516,25,30,20
17,3723,2.031748965676667e-05,0.7601357661878444,0.04077252433251511,0.19907139198998408,25,30,20
17,3724,2.0401249098376976e-05,0.7600620663518233,0.04083723961176244,0.1990802927873164,25,30,20
17,3725,2.0250584398543562e-05,0.7600679501370626,0.04083197075629385,0.19907982852224548,25,30,20
17,3726,2.0320420894399613e-05,0.7600572004921627,0.04084297271333801,0.19907950637360528,25,30,20
17,3727,2.0319056285192927e-05,0.7600601707351305,0.04084000389271327,0.1990795063158715,25,30,20
17,3728,2.008751378033234e-05,0.7600595356593428,0.04084133349896571,0.19907904332791224,25,30,20
17,3729,2.0087526909675145e-05,0.760059347691522,0.04084160084986735,0.199078963931702,25,30,20
17,3730,2.0091907798085233e-05,0.760064125251612,0.04085874853378223,0.1990570343068089,25,30,20
17,3731,1.9930073710497366e-05,0.7601445032832053,0.040787587960112115,0.1990479786829735,25,30,20
17,3732,1.993276102209971e-05,0.7601288578496499,0.04080299630901636,0.19904821308031295,25,30,20
17,3733,2.0005115864598846e-05,0.7601244680990594,0.04079103567668916,0.1990644911083882,25,30,20
17,3734,1.992701524089856e-05,0.7601306519392206,0.04078508467297994,0.19906433637255927,25,30,20
17,3735,1.992701652798444e-05,0.760130822769325,0.0407848397998015,0.1990644104143463,25,30,20
17,3736,2.0013003934752026e-05,0.7601311765590317,0.04083293790938042,0.19901587252765385,25,30,20
17,3737,2.0013004931468092e-05,0.7601312478714088,0.040832229936027954,0.19901650918763264,25,30,20
17,3738,2.0014398489277744e-05,0.760140158962078,0.04082292471144754,0.19901690192798605,25,30,20
17,3739,2.0014385531066288e-05,0.7601407008020615,0.04082237891788277,0.1990169058945256,25,30,20
17,3740,2.0167746390163256e-05,0.7601568877908713,0.04080605087649565,0.19901689358624416,25,30,20
17,3741,2.01690715116793e-05,0.7601544747395758,0.04080846260523532,0.19901689358367824,25,30,20
17,3742,2.0163616808415822e-05,0.7601590756744081,0.04080386723939552,0.1990168934693891,25,30,20
17,3743,2.484957787807589e-05,0.7601908010031185,0.04129992998482898,0.19848441943417547,25,30,20
17,3744,2.4846864308229705e-05,0.7602066120827686,0.04128428195618544,0.1984842590967388,25,30,20
17,3745,2.4767369635359378e-05,0.7602146630866877,0.04127670224024224,0.19848386730343506,25,30,20
17,3746,2.476869960683208e-05,0.7602139025968597,0.04127753684080014,0.1984837918627327,25,30,20
17,3747,2.476876638342006e-05,0.7602212840354876,0.041270153854853324,0.19848379334327504,25,30,20
17,3748,2.0051812074401785e-05,0.7601981572448324,0.0409259993541784,0.1988557915889147,25,30,20
17,3749,2.0463954595640416e-05,0.760211330769665,0.04091143156491516,0.1988567737108244,25,30,20
17,3750,2.0539403553931545e-05,0.7602038604718157,0.04091882910319648,0.19885677102143393,25,30,20
17,3751,2.0614764493100423e-05,0.7602012075494138,0.040921254620380744,0.19885692306571254,25,30,20
17,3752,2.069150274724243e-05,0.7601957981736294,0.04092643645163462,0.1988570738719893,25,30,20
17,3753,2.0770904978972554e-05,0.7601924505365518,0.040929545881610595,0.19885723267685923,25,30,20
17,3754,2.0772181918765026e-05,0.760169694567023,0.040952060723660665,0.1988574725273969,25,30,20
17,3755,2.0770818511259936e-05,0.7601926803955266,0.040929316407439416,0.19885723237852207,25,30,20
17,3756,1.5923496909579768e-05,0.7601601407666149,0.04038471318210046,0.19943922255437552,25,30,20
17,3757,1.5922128331764077e-05,0.7601601421439913,0.04038088688817255,0.19944304883950473,25,30,20
17,3758,1.592215496735685e-05,0.7601597162003766,0.04038131150044802,0.19944305014420863,25,30,20
17,3759,1.5998903884222507e-05,0.7601598683446437,0.040387011566458283,0.19943712118501433,25,30,20
17,3760,1.6075691907779156e-05,0.760118632578301,0.04042793617742417,0.19943735555236725,25,30,20
17,3761,1.6077012069980312e-05,0.7601187845697776,0.040427157925549705,0.19943798049260292,25,30,20
17,3762,1.5998935496816695e-05,0.7601185517461709,0.04042137331919699,0.19944407599913552,25,30,20
17,3763,1.5919474926190024e-05,0.7601265610890888,0.040413602309058154,0.1994439171269269,25,30,20
17,3764,1.5920792286134367e-05,0.7601264883181426,0.04042133446657484,0.19943625642299628,25,30,20
17,3765,1.5922142024543972e-05,0.7601257793507805,0.04042196398201284,0.1994363345251827,25,30,20
17,3766,1.584677320940143e-05,0.7601298372043743,0.04041797875287295,0.19943633726954416,25,30,20
17,3767,1.5849899905200037e-05,0.7600914722341022,0.040456332975924617,0.19943634489006856,25,30,20
17,3768,1.5927976296382187e-05,0.7600918639779625,0.040462199686307064,0.19943000835943472,25,30,20
17,3769,1.5929315879997783e-05,0.7600895925620006,0.04046446977674654,0.19943000834537375,25,30,20
17,3770,1.592928471227143e-05,0.760089659651627,0.04046440415225721,0.1994300069114045,25,30,20
17,3771,1.5852574754916444e-05,0.760094854143182,0.04045943711880574,0.19942985616325803,25,30,20
17,3772,1.585257187025178e-05,0.7600945088498494,0.040459708344225166,0.1994299302340559,25,30,20
17,3773,1.5775812768641537e-05,0.7601003235758904,0.040454133418871094,0.19942976719247085,25,30,20
17,3774,1.577447024466939e-05,0.7601006024401822,0.040454010740668796,0.19942961234890563,25,30,20
17,3775,1.53665323784031e-05,0.7594208712452385,0.041135122252521646,0.1994286399698614,25,30,20
17,3776,1.53651268396225e-05,0.7594207211424672,0.041135353184049206,0.19942856054664382,25,30,20
17,3777,1.5288369505371982e-05,0.7594204196149305,0.04113137056224074,0.19943292145332367,25,30,20
17,3778,1.0423199737607618e-05,0.7593930686213376,0.04072983237095405,0.19986667580797118,25,30,20
17,3779,1.0579326240802947e-05,0.7593821420501073,0.04074013565427159,0.19986714296938055,25,30,20
17,3780,1.5299880285100988e-05,0.7590462831467693,0.04105749558655207,0.19988092138639385,25,30,20
17,3781,1.5145123557808282e-05,0.7590557280783485,0.04104851497185907,0.19988061182623487,25,30,20
17,3782,1.5068413915429074e-05,0.7590593759994312,0.04104509583484451,0.19988045975180957,25,30,20
17,3783,1.5071130072681198e-05,0.759054908163876,0.04104963362608732,0.19988038707996483,25,30,20
17,3784,1.507383434672583e-05,0.7590533284704002,0.041050976317437184,0.1998806213778168,25,30,20
17,3785,1.5075158663230499e-05,0.7590516687994682,0.04105263331534293,0.19988062272652646,25,30,20
17,3786,1.5152769288076222e-05,0.7542046341408343,0.045891798098498075,0.19988841499138033,25,30,20
17,3787,1.5155483514328119e-05,0.7542021381455848,0.04589428743830603,0.19988841893259596,25,30,20
17,3788,1.508012868229939e-05,0.7542019107389618,0.045890501937644,0.19989250719471305,25,30,20
17,3789,1.5004691152208825e-05,0.7542091295120747,0.04588389808426546,0.1998919677125085,25,30,20
17,3790,1.5007358265906649e-05,0.7542012934804432,0.0458914858455647,0.19989221331572618,25,30,20
17,3791,1.5008946761502642e-05,0.7542013011120785,0.04588568370726457,0.19989800623389503,25,30,20
17,3792,1.5085681249024664e-05,0.7541939940756706,0.04589283731261662,0.1998980829304635,25,30,20
17,3793,1.5084272647864438e-05,0.7541947537885357,0.045892006482261605,0.1998981554565546,25,30,20
17,3794,1.5084304907504388e-05,0.7541930745903165,0.0458937541651188,0.199898086939657,25,30,20
17,3795,1.5084237698460895e-05,0.7541944991907507,0.045892333717708095,0.19989808285384358,25,30,20
17,3796,1.508153625103196e-05,0.7541962818999953,0.04589078396201685,0.1998978526017378,25,30,20
17,3797,1.986521591700748e-05,0.7542242781851414,0.04634243981894337,0.19941341677999927,25,30,20
17,3798,1.994057193140813e-05,0.7542245540019913,0.046341783095807186,0.19941372233027102,25,30,20
17,3799,1.9941900513863623e-05,0.7542216008769355,0.046344733412586915,0.19941372380996472,25,30,20
17,3800,1.9940534017301505e-05,0.7542243641056717,0.046341972890328,0.19941372246998357,25,30,20
17,3801,1.5220002948906773e-05,0.7545743526562894,0.046010483314437536,0.199399944026324,25,30,20
17,3802,1.5220147447193093e-05,0.7545730963111217,0.046011741894716074,0.19939994164671515,25,30,20
17,3803,1.529417017221584e-05,0.7545705610833011,0.0460140550540587,0.1994000896924684,25,30,20
17,3804,1.529416379064551e-05,0.7545702134529916,0.04601440270183544,0.19940008968138287,25,30,20
17,3805,1.5294157285576995e-05,0.75453169435869,0.04605268739768466,0.19940032408634012,25,30,20
17,3806,1.5060428038013083e-05,0.7593889303381104,0.04120394458083683,0.19939206465301496,25,30,20
17,3807,1.506042578977649e-05,0.7593889614914474,0.04120391343395528,0.19939206464880807,25,30,20
17,3808,1.5060450922669851e-05,0.7593883111038637,0.041204635119614655,0.19939199332559832,25,30,20
17,3809,2.746320450403399e-05,0.7595069606122125,0.040591569475314566,0.19987400670796757,25,30,20
17,3810,2.7463306310110056e-05,0.7595060267705818,0.04059250305652164,0.19987400686658552,25,30,20
17,3811,2.7386544499154354e-05,0.7595133713081187,0.04058531199489748,0.19987393015248428,25,30,20
17,3812,2.7383856215019304e-05,0.7595202660180961,0.040578665547212484,0.1998736845784765,25,30,20
17,3813,2.7385350350036786e-05,0.7593956625123967,0.04069355391849703,0.1998833982187562,25,30,20
17,3814,2.746352926712348e-05,0.7593911294264994,0.040697698838387086,0.19988370820584625,25,30,20
17,3815,2.7540308714811568e-05,0.7593662064817359,0.04072238470670912,0.19988386850284015,25,30,20
17,3816,2.754163444957384e-05,0.7593654208735963,0.040723018261771736,0.19988401923018262,25,30,20
17,3817,2.7463467382310315e-05,0.7593712391779163,0.04071751540096499,0.19988378195373696,25,30,20
17,3818,2.7463585606781476e-05,0.7593709754690938,0.04071754992763472,0.19988401101766481,25,30,20
17,3819,2.7462254229409936e-05,0.759371414990744,0.04071718980290341,0.1998839329521232,25,30,20
17,3820,3.6594001254437074e-05,0.7590161532530173,0.041053799764446425,0.1998934529812809,25,30,20
17,3821,3.666791589296387e-05,0.7590165365658631,0.041104209839859254,0.19984258567838367,25,30,20
17,3822,3.666922212363645e-05,0.7590158118757667,0.041105006037711805,0.1998425128643968,25,30,20
17,3823,3.666922301402462e-05,0.7590166449734373,0.041104249673284736,0.19984243613026278,25,30,20
17,3824,3.666745892576418e-05,0.7590535881793702,0.04106731305453576,0.19984243130716714,25,30,20
17,3825,3.6668832892636806e-05,0.7590480837212981,0.041072424143547455,0.1998428233022607,25,30,20
17,3826,3.659200918485104e-05,0.7590477683372155,0.04102387610184516,0.19989176355175317,25,30,20
17,3827,3.682716753029036e-05,0.7590386943751581,0.041032395382623967,0.19989208307468664,25,30,20
17,3828,3.6750307773966935e-05,0.7590639965244462,0.04100725247734873,0.19989200069043012,25,30,20
17,3829,3.675028350470659e-05,0.7590646937018438,0.04100655938625931,0.1998919966283909,25,30,20
17,3830,3.6824222534259024e-05,0.7591855828936258,0.04089492612765821,0.19988266675618035,25,30,20
17,3831,3.682540622907675e-05,0.7591871403843976,0.04089336643444015,0.19988266777493158,25,30,20
17,3832,3.682670654036408e-05,0.7591871721580845,0.040893178596189544,0.1998828225391842,25,30,20
17,3833,3.6903464806012034e-05,0.7591801049578994,0.04089999918805373,0.19988299238923937,25,30,20
17,3834,3.690345451422848e-05,0.7592181557038076,0.04086202935471217,0.1998829114869647,25,30,20
17,3835,3.690347734564642e-05,0.7592155253920003,0.040864658274603095,0.19988291285605006,25,30,20
17,3836,3.698148804722731e-05,0.7592484224598425,0.04083160928932483,0.19988298676278518,25,30,20
17,3837,3.698151030149329e-05,0.759248489703539,0.04083124274831216,0.1998832860378477,25,30,20
17,3838,4.16232900924784e-05,0.7588849883143751,0.04117658042314564,0.19989680797238704,25,30,20
17,3839,3.683828288837011e-05,0.7588568481248109,0.04072422868477635,0.2003820849075247,25,30,20
17,3840,3.683828114233045e-05,0.7588563717062534,0.04072470378569577,0.2003820862269088,25,30,20
17,3841,3.683690785863442e-05,0.7588588150828653,0.04072226318188266,0.20038208482739392,25,30,20
17,3842,3.699175021981418e-05,0.7588493836474867,0.040731383529222766,0.2003822410730711,25,30,20
17,3843,4.603802495479172e-05,0.7584331437896562,0.04112883451006458,0.20039198367532512,25,30,20
17,3844,4.60379708994549e-05,0.7584371348077021,0.041125080740830725,0.2003917464805682,25,30,20
17,3845,4.58817735832927e-05,0.7584477589183061,0.04111484846801255,0.20039151084009862,25,30,20
17,3846,4.595852948590706e-05,0.7584418047322962,0.041120573756581014,0.2003916629816375,25,30,20
17,3847,4.5881768779636715e-05,0.7584494555866764,0.041113386230170114,0.2003912764143747,25,30,20
17,3848,4.588045150973471e-05,0.7584488955028672,0.041113948943447234,0.20039127510217639,25,30,20
17,3849,4.588319216209025e-05,0.7584488241913353,0.041114053767524285,0.20039123884897925,25,30,20
17,3850,4.116734313055981e-05,0.7580999428963008,0.04148141410455028,0.2003774756560193,25,30,20
17,3851,4.1166009043339996e-05,0.7581022774962034,0.04147923427644802,0.20037732221830593,25,30,20
17,3852,4.116737503421486e-05,0.7581009164243778,0.041480589905157454,0.20037732629543137,25,30,20
17,3853,4.124151270987203e-05,0.7588162164927783,0.040764989205739316,0.20037755278877323,25,30,20
17,3854,4.124307436455207e-05,0.7588028606853504,0.04077833900754979,0.2003775572327361,25,30,20
17,3855,4.124307596057822e-05,0.7588030499305879,0.04077815102612258,0.20037755596732992,25,30,20
17,3856,4.1402264630500335e-05,0.7588079055326412,0.04086190976960236,0.20028878243312703,25,30,20
17,3857,4.156204709065618e-05,0.7586658538618637,0.040994844200472454,0.20029773989057426,25,30,20
17,3858,4.1562047465121344e-05,0.7586645662715528,0.04099605634427424,0.2002978153367087,25,30,20
17,3859,3.2431628519400325e-05,0.7590192344747017,0.040659959190890056,0.2002883747058898,25,30,20
17,3860,3.243028353703409e-05,0.7590203850570818,0.04065881403673987,0.20028837062264213,25,30,20
17,3861,3.2590524330306886e-05,0.7588815238365967,0.04079712172324772,0.20028876391582603,25,30,20
17,3862,3.258922750047396e-05,0.7588821862394468,0.040796538755546015,0.20028868577750777,25,30,20
17,3863,3.259055612006828e-05,0.7588782854758515,0.04080043275102181,0.20028869121700765,25,30,20
17,3864,2.3467546549335382e-05,0.759299212824557,0.0403984490241199,0.2002788706047745,25,30,20
17,3865,2.470047991239557e-05,0.7545963539533709,0.04438770302120662,0.2009912425455111,25,30,20
17,3866,2.470458947713254e-05,0.7545675140127303,0.04441660888245039,0.20099117251534324,25,30,20
17,3867,2.4704585705333042e-05,0.7545687558472511,0.04441536579805064,0.20099117376899375,25,30,20
17,3868,2.470584847073851e-05,0.7545639258114184,0.04441988637995059,0.20099148196016103,25,30,20
17,3869,2.4707178181033827e-05,0.7545635395648879,0.04442026986339364,0.20099148339353834,25,30,20
17,3870,2.470581246733292e-05,0.7545638451713031,0.04441966188033462,0.20099178713589588,25,30,20
17,3871,2.478116718671968e-05,0.7545625666373281,0.04442094594434076,0.20099170625114532,25,30,20
17,3872,2.5176825343498282e-05,0.7545438225387836,0.044438730633140286,0.2009922700027335,25,30,20
17,3873,2.517815703393357e-05,0.7545429494151529,0.04443967646925037,0.20099219595856394,25,30,20
17,3874,2.5331568978027327e-05,0.754543330111189,0.04445107605843524,0.20098026226139867,25,30,20
17,3875,2.5331558210903857e-05,0.7545433941180546,0.04445101342748385,0.20098026089625162,25,30,20
17,3876,2.5485013955282304e-05,0.7545361602674465,0.04445778294413552,0.2009805717744637,25,30,20
17,3877,2.56435761562588e-05,0.7543852954924992,0.04459089432152093,0.20099816660982472,25,30,20
17,3878,2.5715918835920822e-05,0.7543812933212005,0.04452153964514916,0.2010714511148156,25,30,20
17,3879,2.5792680260422197e-05,0.7543752528575624,0.0445273443849141,0.2010716100772643,25,30,20
17,3880,2.563922850268672e-05,0.7543813355861068,0.044521488793920774,0.20107153639147068,25,30,20
17,3881,2.556116178671488e-05,0.7543881576693174,0.04451490493407239,0.20107137623482443,25,30,20
17,3882,2.5565232575641383e-05,0.7543849227411856,0.04451789990986991,0.20107161211636995,25,30,20
17,3883,2.5488461087771395e-05,0.7543543563842493,0.04454900493824252,0.20107115021642138,25,30,20
17,3884,2.5561073515467356e-05,0.7543547685267652,0.04454868210244057,0.20107098829727982,25,30,20
17,3885,3.460014486979992e-05,0.752594887390043,0.046281627739628954,0.20108888472545913,25,30,20
17,3886,3.467735564389987e-05,0.7133139382715104,0.08556257699700995,0.20108880737583668,25,30,20
17,3887,3.467883947818626e-05,0.7133512985619523,0.08552521488924532,0.20108880770932486,25,30,20
17,3888,3.4676149565875464e-05,0.7133522175279563,0.08552430134530177,0.20108880497717646,25,30,20
17,3889,3.491401289942735e-05,0.7131899043690239,0.08567711547496847,0.2010980661431085,25,30,20
17,3890,3.491256305492852e-05,0.7131909527798441,0.08567607147171957,0.20109806318538148,25,30,20
17,3891,3.491131383703868e-05,0.7131908750557561,0.0856760781575189,0.2010981354728876,25,30,20
17,3892,3.491268676289824e-05,0.7131881972890423,0.08567875457425146,0.20109813544994307,25,30,20
17,3893,2.5873614302898366e-05,0.7149482104498053,0.08394575235261409,0.20108016358327813,25,30,20
17,3894,2.6035193011275105e-05,0.7148432400100375,0.08405038704525641,0.20108033775169493,25,30,20
17,3895,2.5798218723094645e-05,0.7149519232780145,0.0839422629956999,0.201080015507563,25,30,20
17,3896,2.556034590575716e-05,0.7149634690913534,0.08393120322777026,0.2010797673349717,25,30,20
17,3897,2.5399214232003104e-05,0.7151226166767954,0.08378132440670928,0.20107065970226434,25,30,20
17,3898,2.5322509702202953e-05,0.715114072586031,0.08379002461526511,0.20107058028900263,25,30,20
17,3899,2.5560525562572777e-05,0.7144618979052272,0.08444140642937153,0.2010711351398395,25,30,20
17,3900,4.535293468241214e-05,0.7147042732773518,0.0839435358877622,0.20130683790020487,25,30,20
17,3901,4.97162785139215e-05,0.714708798796079,0.08393456473255342,0.2013069201928551,25,30,20
17,3902,4.971498152805561e-05,0.714708720890374,0.08393395402253458,0.20130761010556517,25,30,20
17,3903,4.931934599616502e-05,0.7147271412375997,0.08391664243707378,0.20130689697933232,25,30,20
17,3904,4.916589272857198e-05,0.7147360395427337,0.08390820992563007,0.20130658463890946,25,30,20
17,3905,4.916591811284708e-05,0.7147348036520352,0.08390944576454569,0.20130658466530782,25,30,20
17,3906,4.916591973025368e-05,0.714734872185139,0.08390945263547596,0.20130650925965543,25,30,20
17,3907,4.9165919938776206e-05,0.7147353877374631,0.0839087863326217,0.20130666000997696,25,30,20
17,3908,4.800843903691151e-05,0.719419940197955,0.07993776594137458,0.20059428542163374,25,30,20
17,3909,4.800834621418307e-05,0.7194199371918658,0.0799371701369807,0.20059488432493972,25,30,20
17,3910,4.8009663179254304e-05,0.7194198629899337,0.07993773540769497,0.20059439193919246,25,30,20
17,3911,4.8009629073212074e-05,0.7194201373470959,0.07993745980605992,0.20059439321777128,25,30,20
17,3912,4.801556771704642e-05,0.7194136310077575,0.07994371595122023,0.2005946374733057,25,30,20
17,3913,4.77840483681724e-05,0.7194127022476196,0.07992859611327786,0.20061091759073496,25,30,20
17,3914,4.786080578134607e-05,0.7194083198610683,0.07993274959822295,0.2006110697349279,25,30,20
17,3915,4.7860808227657875e-05,0.7194076139647216,0.0799334567870929,0.20061106843995818,25,30,20
17,3916,4.770600177027285e-05,0.7194069949799012,0.07991855302355702,0.20062674599477157,25,30,20
17,3917,4.74693671885974e-05,0.7195542159338476,0.07978075668923786,0.20061755800972572,25,30,20
17,3918,4.739403071954545e-05,0.7195495589938504,0.07978563832497511,0.20061740865045494,25,30,20
17,3919,5.191948842655692e-05,0.7193972282337947,0.07993312229353115,0.20061772998424743,25,30,20
17,3920,5.191924737532185e-05,0.7194086017902896,0.0799217535251932,0.20061772543714246,25,30,20
17,3921,3.653456691806102e-05,0.7191531388623723,0.08041469496960246,0.20039563160110688,25,30,20
17,3922,3.2171507309858816e-05,0.7192154375499616,0.08035690982537202,0.20039548111735553,25,30,20
17,3923,2.7644721607575307e-05,0.719369789375294,0.08020741141517593,0.20039515448792133,25,30,20
17,3924,2.7643445791548952e-05,0.7193698637626221,0.08020687756974525,0.20039561522184,25,30,20
17,3925,2.7406782510707905e-05,0.7195265989356616,0.08006820813089716,0.20037778615092866,25,30,20
17,3926,3.2128563862152765e-05,0.7191687617930578,0.08040320371236924,0.20039590593070936,25,30,20
17,3927,3.220521941098335e-05,0.7191690684364829,0.08040838347074175,0.20039034287336283,25,30,20
17,3928,3.692438468538927e-05,0.718823055594905,0.08073582558595076,0.2004041944344579,25,30,20
17,3929,3.6999786263301736e-05,0.7188190141747961,0.08073956138660755,0.20040442465233194,25,30,20
17,3930,2.4753239916716615e-05,0.7187258336008482,0.08132240297854933,0.19992701018068446,25,30,20
17,3931,2.4823165820006536e-05,0.7281641847940314,0.0718799913589445,0.19993100068120268,25,30,20
17,3932,2.482322045624408e-05,0.7281197719185716,0.07192440260169101,0.19993100225927993,25,30,20
17,3933,2.482469893693377e-05,0.7281186388236219,0.07192545583098325,0.19993108064645657,25,30,20
17,3934,2.4903121310556956e-05,0.7280409334277925,0.07199364367023052,0.19994051978066518,25,30,20
17,3935,2.4903099884190805e-05,0.7280409966323433,0.07199169209342507,0.19994240817434647,25,30,20
17,3936,2.4979885498050088e-05,0.7280340721431342,0.0719984630304245,0.19994248494094205,25,30,20
17,3937,2.490181109685951e-05,0.7280388067458549,0.07199388723595695,0.19994240420709042,25,30,20
17,3938,2.4979906046509367e-05,0.7280391957443405,0.0719994095228586,0.19993641482675348,25,30,20
17,3939,2.4982615174248387e-05,0.7280366315800948,0.07200196556057152,0.19993642024415845,25,30,20
17,3940,2.9866153260765622e-05,0.7277492691219287,0.07227490783166748,0.19994595689314223,25,30,20
17,3941,2.9793502848509506e-05,0.7277496716719591,0.07227480264761357,0.1999457321775781,25,30,20
17,3942,2.9793435224406855e-05,0.7277634327754634,0.07226096354264828,0.1999458102466631,25,30,20
17,3943,2.979348235832958e-05,0.727762475588902,0.07226192061188176,0.19994581031685751,25,30,20
17,3944,2.979615919924037e-05,0.7277627965950317,0.07226512108965524,0.19994228615611323,25,30,20
17,3945,2.994948427505136e-05,0.7277553260090773,0.07227220583247998,0.199942518674167,25,30,20
17,3946,2.978894941971905e-05,0.7278281544135686,0.07219970962884405,0.19994234700816702,25,30,20
17,3947,2.962360964625602e-05,0.7277436144805535,0.07227120967534302,0.19995555223445674,25,30,20
17,3948,2.9544113840350646e-05,0.7277531870449709,0.07226187418048129,0.1999553946607069,25,30,20
17,3949,2.9546984843290247e-05,0.7277353110444299,0.07227974025322925,0.19995540171749707,25,30,20
17,3950,2.9468934604396868e-05,0.7277349246785535,0.07227560681055056,0.19995999957629113,25,30,20
17,3951,2.4828228353077163e-05,0.7280472500436965,0.0719857977306238,0.19994212399732622,25,30,20
17,3952,2.4825528125227023e-05,0.728046928919566,0.07198233376041316,0.19994591179189516,25,30,20
17,3953,2.4825527693416802e-05,0.7280440046969301,0.07198525529058136,0.19994591448479415,25,30,20
17,3954,2.4902214188326356e-05,0.7280442320961464,0.07198892732701165,0.19994193836265267,25,30,20
17,3955,2.4751492719126015e-05,0.7280485972891184,0.07198501694346938,0.19994163427469216,25,30,20
17,3956,2.0110053816146098e-05,0.7284138226751997,0.07164686387618517,0.1999192033947979,25,30,20
17,3957,2.0110028378148033e-05,0.7284179871020023,0.07164270219381684,0.1999192006758018,25,30,20
17,3958,2.010723806699286e-05,0.7284460648447247,0.07161463138014523,0.19991919653706167,25,30,20
17,3959,2.0026186369999695e-05,0.7284905161704132,0.07157042444446993,0.19991903319874577,25,30,20
17,3960,1.9952113729723845e-05,0.7284921069035093,0.07156929021450992,0.19991865076824997,25,30,20
17,3961,1.9954942436210874e-05,0.728490560171859,0.07157075577697813,0.19991872910872563,25,30,20
17,3962,1.995503669507777e-05,0.7285000280081063,0.07156128485028507,0.19991873210491248,25,30,20
17,3963,1.995508421112867e-05,0.7284996638068368,0.07156180371982188,0.1999185773891284,25,30,20
17,3964,2.003624224191392e-05,0.7285003002152527,0.07164140638830588,0.19983825715419834,25,30,20
17,3965,2.003357534098948e-05,0.7285042337309501,0.0716374795270557,0.19983825316665207,25,30,20
17,3966,0.0002757217029130029,0.7190647095344517,0.08082453397770106,0.19983503478493345,25,30,20
17,3967,0.0002758720585788407,0.7190649237929866,0.08146958604525946,0.19918961810317612,25,30,20
17,3968,0.00027610550260715144,0.7190510837942938,0.08148272985808167,0.19919008084501807,25,30,20
17,3969,0.00027610423994364427,0.7189423109339985,0.08159150935795553,0.19919007546810238,25,30,20
17,3970,0.00027618537524192767,0.71894005748401,0.08159359816111346,0.1991901589796344,25,30,20
17,3971,0.00027618408538328856,0.7189420486379448,0.08159160938132752,0.19919015789534453,25,30,20
17,3972,0.0002761853905886549,0.7189412860255497,0.08159236817327889,0.19919016041058238,25,30,20
17,3973,0.0002763460225882903,0.7188410493177702,0.08169196298583564,0.19919064167380543,25,30,20
17,3974,0.00027627070035239994,0.7188407465883997,0.08169147753193187,0.19919150517931622,25,30,20
17,3975,0.0002760371219277198,0.7188543497067272,0.08167857510037405,0.19919103807097113,25,30,20
17,3976,0.00027603842909276364,0.718854480126061,0.08167828439284736,0.19919119705199886,25,30,20
17,3977,0.0002760370496360677,0.7188430149761522,0.08168975230808508,0.19919119566612653,25,30,20
17,3978,0.0002760311564860817,0.7188478212616117,0.08168519615094763,0.1991909514309547,25,30,20
17,3979,0.0002850797532161791,0.7184672334513738,0.08204729971789508,0.19920038707751478,25,30,20
17,3980,0.00028523439626989785,0.718485343814922,0.0820288034999404,0.19920061828886731,25,30,20
17,3981,0.00028515057072647136,0.7178547295124897,0.0826598306504711,0.19920028926631225,25,30,20
17,3982,0.0002851655175787444,0.7178550009265051,0.08265857277576831,0.19920126078014783,25,30,20
17,3983,0.0002849339785395614,0.7178541570534105,0.08193516557397502,0.19992574339407462,25,30,20
17,3984,0.0002849342387218247,0.7178654401901581,0.08192380206190748,0.1999258235092122,25,30,20
17,3985,0.00028914659228306846,0.7178546787908101,0.08194499299293515,0.19991118162397123,25,30,20
17,3986,0.00028450412949666126,0.716199649686142,0.0836182037490283,0.1998976424353329,25,30,20
17,3987,0.00028457969174062846,0.7161932610540634,0.08362452056668175,0.199897638687514,25,30,20
17,3988,0.0002845810573831729,0.716193189678452,0.08499656516064785,0.19852566410351688,25,30,20
17,3989,0.00028474428248590936,0.7161328733914154,0.08505631417045408,0.19852606815564455,25,30,20
17,3990,0.00028474812790331146,0.7161283438738505,0.08506052393100505,0.19852638406724105,25,30,20
17,3991,2.929341628355516e-05,0.7162137286337393,0.08522619098268784,0.1985307869672906,25,30,20
17,3992,2.944957319048595e-05,0.7182008148169967,0.08323856235771819,0.19853117325209638,25,30,20
17,3993,2.051139594306324e-05,0.7181887852576831,0.083259858016149,0.1985308453302264,25,30,20
17,3994,2.051124744002226e-05,0.7181915142205194,0.08325713231335916,0.19853084221868308,25,30,20
17,3995,2.0588029531789476e-05,0.7181741651263361,0.08327393969484058,0.19853130714929304,25,30,20
17,3996,2.0509606619491062e-05,0.7182536654633082,0.08320388032666184,0.19852194460341224,25,30,20
17,3997,2.0652387140788507e-05,0.7189439711967067,0.08251344349236651,0.19852193292378736,25,30,20
17,3998,2.073166167610246e-05,0.7189241700511656,0.08253315980548956,0.19852193848167055,25,30,20
17,3999,2.105425233642369e-05,0.7189251517058417,0.08255252418698183,0.1985012698548413,25,30,20
17,4000,2.5629107707707965e-05,0.7182529803404363,0.043574096469125696,0.2381472940827289,25,30,20
17,4001,2.563047149110719e-05,0.7182520042863513,0.04357514387075503,0.23814722137140185,25,30,20
17,4002,2.5630430997456915e-05,0.7182520041955205,0.04357411775210778,0.23814824762137365,25,30,20
17,4003,2.56304376937931e-05,0.7182512987335039,0.043574823146557896,0.23814824768224374,25,30,20
17,4004,2.5396179232998027e-05,0.7182688331436515,0.04355814764669612,0.2381476230304186,25,30,20
17,4005,2.539337669689388e-05,0.7182701309989306,0.04355693088376138,0.2381475447406104,25,30,20
17,4006,2.5548583606028528e-05,0.7182558802155627,0.04357016979382963,0.23814840140700025,25,30,20
17,4007,2.5547232434765934e-05,0.7182557899142946,0.043567122930876744,0.23815153992239263,25,30,20
17,4008,2.5396147893756875e-05,0.7181460357916264,0.043686480710663285,0.23814208734981576,25,30,20
17,4009,2.531765139141027e-05,0.7181572273595812,0.04367591604212235,0.23814153894690474,25,30,20
17,4010,2.5313229793352637e-05,0.7181556238605817,0.0436775362099695,0.23814152669965505,25,30,20
17,4011,2.5314597378864168e-05,0.7181545704315866,0.043678507485863306,0.23814160748517088,25,30,20
17,4012,2.5315937791173016e-05,0.7181548061225158,0.04367833933157685,0.2381415386081158,25,30,20
17,4013,2.5239197526070638e-05,0.7181589486317336,0.043674343468163554,0.23814146870257624,25,30,20
17,4014,2.4994686793002597e-05,0.7181583603053692,0.0436612676899317,0.23815537731790556,25,30,20
17,4015,2.4996006878256234e-05,0.717350197119071,0.04446942258922081,0.23815538428482913,25,30,20
17,4016,2.5074236092930427e-05,0.7173832817728072,0.04443618151553246,0.23815546247556615,25,30,20
17,4017,2.5071572686026054e-05,0.7173830652586259,0.04447422673351216,0.23811763643517467,25,30,20
17,4018,2.4985065435113727e-05,0.717438977042296,0.044418653396234235,0.23811738449603356,25,30,20
17,4019,2.498917505837328e-05,0.7174355161641189,0.04442210331577473,0.23811739134504697,25,30,20
17,4020,2.4987810377319987e-05,0.717435354547679,0.044422060696742635,0.2381175969452,25,30,20
17,4021,2.49878101459795e-05,0.7174357379542373,0.04442183211631679,0.2381174421192985,25,30,20
17,4022,2.4985018478350366e-05,0.7174373979495664,0.044420177731187546,0.2381174393007662,25,30,20
17,4023,2.4990608214577968e-05,0.7174383878920461,0.0444193244954181,0.23811729700431994,25,30,20
17,4024,2.4915292556569263e-05,0.7174384688616768,0.044418130805841144,0.23811848503992394,25,30,20
17,4025,2.0185562004439e-05,0.7174190912007549,0.04411727548096625,0.2384434477562726,25,30,20
17,4026,2.0184196019702455e-05,0.7174187086542334,0.044113034542931466,0.23844807260681367,25,30,20
17,4027,2.0337687254601165e-05,0.7174084056123382,0.044122877159211094,0.23844837954119416,25,30,20
17,4028,2.033766299906356e-05,0.7174208943501128,0.044110701253611995,0.2384480667332744,25,30,20
17,4029,2.033897707083566e-05,0.7174208919164138,0.04547173999882468,0.23708702910768895,25,30,20
17,4030,2.0338977362999364e-05,0.7174169687235269,0.04547558094152262,0.2370871113575857,25,30,20
17,4031,2.049565891613471e-05,0.7174398359232852,0.04555578252832253,0.2369838858894744,25,30,20
17,4032,2.0338114979582015e-05,0.7174517433475657,0.045544269560848304,0.23698364897660415,25,30,20
17,4033,2.0258118760485937e-05,0.7174291597192786,0.04542720013401503,0.23712338202794364,25,30,20
17,4034,2.0181391413911366e-05,0.7174288473719592,0.04405220398565051,0.23849876725097396,25,30,20
17,4035,2.018139056326847e-05,0.7174288487641945,0.0440522211198928,0.238498748725347,25,30,20
17,4036,2.0259888944313007e-05,0.7174306932821095,0.044050683836198416,0.23849836299274613,25,30,20
17,4037,2.0336602094163955e-05,0.7174230913708841,0.04405813373568004,0.2384984382913401,25,30,20
17,4038,2.486335637345077e-05,0.7173439553685387,0.04413250289686481,0.23849867837822153,25,30,20
17,4039,2.4937402620095255e-05,0.7181482136603836,0.04332794605414981,0.23849890288284506,25,30,20
17,4040,2.517370548825391e-05,0.7181494039365157,0.043342561577068534,0.23848286078092612,25,30,20
17,4041,2.5091424895382984e-05,0.7181513835489555,0.043340671337767915,0.23848285368837968,25,30,20
17,4042,2.501473966770392e-05,0.7181511561750797,0.04333701176299946,0.23848681732225172,25,30,20
17,4043,2.5091398289872465e-05,0.7188735369680304,0.04261432151737314,0.23848705011630503,25,30,20
17,4044,2.5092700502066167e-05,0.7188734615809343,0.04261636339049895,0.23848508232806293,25,30,20
17,4045,2.5014546170628768e-05,0.7188834849677938,0.04260649097670289,0.23848500950933108,25,30,20
17,4046,2.509693748511531e-05,0.7188508464904235,0.04263918891854301,0.2384848676535468,25,30,20
17,4047,2.5020388370073644e-05,0.7188535472380463,0.04263678901459283,0.23848464335898903,25,30,20
17,4048,2.5019045413045586e-05,0.7188536182565382,0.041274958292707165,0.23984640440533977,25,30,20
17,4049,2.5020496233961923e-05,0.718852255768385,0.04127639989975328,0.239846323835626,25,30,20
17,4050,2.4939244078477434e-05,0.7188551550015069,0.041273590882278915,0.23984631487213398,25,30,20
17,4051,2.4937917784837216e-05,0.7188552303807592,0.041271962716349385,0.239847868985105,25,30,20
17,4052,2.5013308019839336e-05,0.718855615487167,0.04127544173029985,0.23984392947451166,25,30,20
17,4053,2.4935022967908443e-05,0.7188883239635332,0.04124266014674597,0.23984408086675127,25,30,20
17,4054,2.485977803728107e-05,0.7188815045338945,0.04124962710548223,0.23984400858258412,25,30,20
17,4055,2.4864018645288036e-05,0.7188814418820428,0.0421587508478785,0.2389349432514317,25,30,20
17,4056,2.4865349033628138e-05,0.718881521364606,0.04215995406866277,0.23893365921769583,25,30,20
17,4057,2.486403627718562e-05,0.7188820872841923,0.042159316769426,0.2389337319101027,25,30,20
17,4058,2.4864031441021764e-05,0.7188833189856983,0.042158161770853776,0.23893365521200519,25,30,20
17,4059,2.4940802009769297e-05,0.7188756612188204,0.04216535494952041,0.2389340430296476,25,30,20
17,4060,2.49408234271831e-05,0.7188755870506948,0.042166619963423926,0.23893285216245286,25,30,20
17,4061,2.5020368913382692e-05,0.718874121515757,0.04216800842359605,0.2389328496917321,25,30,20
17,4062,2.0494956203190318e-05,0.7189526425026052,0.04209432827298258,0.23893253426820785,25,30,20
17,4063,2.0496289009045975e-05,0.7189522620737462,0.04209470872062846,0.23893253291661484,25,30,20
17,4064,2.041544649328046e-05,0.7189610664204009,0.042086146878057756,0.23893237125504668,25,30,20
17,4065,2.0415495936307405e-05,0.7189467931064283,0.04210049138741559,0.23893230001021862,25,30,20
17,4066,2.041683797741767e-05,0.7189470274215347,0.04210163622995091,0.23893091951053588,25,30,20
17,4067,2.019786856483926e-05,0.7189466998858568,0.042102580541912064,0.2389305217036652,25,30,20
17,4068,2.0260128088360254e-05,0.7387600097421978,0.02228890790668839,0.23893082222302564,25,30,20
17,4069,2.0182248122385882e-05,0.7189472597386006,0.042101891574909595,0.23893066643836625,25,30,20
17,4070,2.0101650931812266e-05,0.7169514640599527,0.044097999201279645,0.23893043508783482,25,30,20
17,4071,1.9946816609191775e-05,0.716962852889674,0.0440870734785696,0.23893012681514686,25,30,20
17,4072,3.775873058491834e-05,0.7169823387643435,0.04364838317755963,0.23933151932751198,25,30,20
17,4073,3.77628321058891e-05,0.7169622334804774,0.043668399439243395,0.23933160424817326,25,30,20
17,4074,3.7684755729287235e-05,0.7169680723443054,0.04366294558416005,0.23933129731580485,25,30,20
17,4075,3.77642093631802e-05,0.7169491813079739,0.04368159287446792,0.23933146160819427,25,30,20
17,4076,3.3437566748956954e-05,0.7169752813743812,0.04365114119726039,0.23934013986160885,25,30,20
17,4077,3.34360831446707e-05,0.7169861783276875,0.043640324230809435,0.23934006135835756,25,30,20
17,4078,1.5696658973060567e-05,0.7169669839645093,0.043174560889951426,0.23984275848656544,25,30,20
17,4079,1.5695303415269046e-05,0.716965842605938,0.04317562138669418,0.23984284070395184,25,30,20
17,4080,1.569530706060394e-05,0.7169658183571554,0.04317564562446876,0.23984284071131398,25,30,20
17,4081,1.577071651720071e-05,0.7169222878604289,0.043218947190507395,0.23984299423254513,25,30,20
17,4082,1.5694006098709963e-05,0.7169219822945248,0.04321343665457822,0.23984888704479687,25,30,20
17,4083,1.569535671420252e-05,0.7169225985138712,0.043212901311043606,0.23984880481836948,25,30,20
17,4084,1.5615720884098918e-05,0.7169407363304774,0.04319500778712292,0.23984864016151416,25,30,20
17,4085,1.561714010827494e-05,0.7169408158651595,0.04390844814404231,0.2391351188506885,25,30,20
17,4086,1.5613063012816273e-05,0.716960456811195,0.043888894848859245,0.23913503527693136,25,30,20
17,4087,1.553639410135378e-05,0.7169647521638027,0.043884671785390995,0.2391350396567033,25,30,20
17,4088,1.5536364829280113e-05,0.7169662981786488,0.04388297227959523,0.23913519317692522,25,30,20
17,4089,2.041887805330199e-05,0.7169859099628759,0.04416399950250116,0.2388296716565682,25,30,20
17,4090,2.0496900757897936e-05,0.7169952224006877,0.04415445980045151,0.2388298208981012,25,30,20
17,4091,2.0418815661308786e-05,0.7169948360825674,0.04343698692182587,0.2395477581799438,25,30,20
17,4092,2.050410671771164e-05,0.7170227699331778,0.043408578252369184,0.23954814770773397,25,30,20
17,4093,2.0502775390318736e-05,0.7170189123321791,0.043412439754120076,0.23954814513830924,25,30,20
17,4094,2.0502817907591215e-05,0.7170186849210805,0.043411895347274,0.23954891691373711,25,30,20
17,4095,2.0349383972648342e-05,0.7170253915954309,0.043405496818379324,0.2395487622022165,25,30,20
17,4096,2.042589132499348e-05,0.7170225567042782,0.043408106295229724,0.23954891110916623,25,30,20
17,4097,2.0659968506189882e-05,0.7170232587219479,0.04347094785689677,0.23948513345264813,25,30,20
17,4098,2.0423658832985303e-05,0.7170220738528514,0.04345660534419626,0.23950089714411826,25,30,20
17,4099,2.4962997516208783e-05,0.7162295930571593,0.04424460189153854,0.2395008420537852,25,30,20
17,4100,2.4962976319516094e-05,0.716231200514547,0.044243072599572615,0.23950076390956,25,30,20
17,4101,2.4886261812331477e-05,0.7162366874900127,0.04423781855912904,0.23950060768904521,25,30,20
17,4102,2.496591631234152e-05,0.7162369199962094,0.04424331417574289,0.2394947999117347,25,30,20
17,4103,2.032070207751257e-05,0.7165854009826462,0.04391743745311107,0.2394768408621647,25,30,20
17,4104,1.5438192342952723e-05,0.7165658686116029,0.043636858001203864,0.23978183519484983,25,30,20
17,4105,1.5360094349823803e-05,0.7165718385285327,0.04363112096167602,0.23978168041544126,25,30,20
17,4106,1.520137537269399e-05,0.7165715887773771,0.04357382664913275,0.23983938319811735,25,30,20
17,4107,1.0586583592624828e-05,0.7173701479478463,0.04278021368583097,0.2398390517827301,25,30,20
17,4108,1.0420549607782483e-05,0.717471841879404,0.04267908100592801,0.23983865656506012,25,30,20
17,4109,1.0581469956898278e-05,0.7174650712394751,0.04268583497760203,0.2398385123129655,25,30,20
17,4110,1.55734240448524e-05,0.7168653660752706,0.043270563025637074,0.23984849747504688,25,30,20
17,4111,1.557345317476677e-05,0.7168653729299956,0.04327174668919941,0.23984730692762962,25,30,20
17,4112,1.5411218046501775e-05,0.71687332376488,0.04326396864878813,0.2398472963682849,25,30,20
17,4113,1.541122453229841e-05,0.7168733183801573,0.04326302684911514,0.23984824354619472,25,30,20
17,4114,1.5411247452649604e-05,0.7168733144666585,0.04327525289247042,0.239836021393418,25,30,20
17,4115,1.541134548749323e-05,0.7168721699213695,0.04327639718627113,0.23983602154687142,25,30,20
17,4116,1.0419411135414856e-05,0.7174693722423386,0.04269401846883296,0.23982618987769272,25,30,20
17,4117,1.0575570172142408e-05,0.7174584876317759,0.04270443736548172,0.2398264994325697,25,30,20
17,4118,2.4170768480988287e-05,0.717464591576893,0.04268426629770708,0.23982697135691936,25,30,20
17,4119,2.4171843655449364e-05,0.7194641559555651,0.04068470405522857,0.23982696814555107,25,30,20
17,4120,2.424720411679839e-05,0.7194631421405235,0.04068548767964113,0.23982712297571887,25,30,20
17,4121,2.424718406081914e-05,0.7194662003790646,0.04068242953797378,0.2398271228989016,25,30,20
17,4122,2.42471735334295e-05,0.7194658399899427,0.04068278572600334,0.2398271271105211,25,30,20
17,4123,2.9050650751295937e-05,0.7191839530675389,0.0409504118163898,0.23983658446532,25,30,20
17,4124,3.3705204998613594e-05,0.7188646737544622,0.04125565811478324,0.23984596292575602,25,30,20
17,4125,3.370385541180919e-05,0.7188655263003908,0.04125496170533472,0.2398458081388631,25,30,20
17,4126,3.3705204368467655e-05,0.7188641060247886,0.041256224456174835,0.23984596431466815,25,30,20
17,4127,3.3703861668549364e-05,0.7188641101263659,0.04125502377038189,0.23984716224158348,25,30,20
17,4128,3.37819326373471e-05,0.7188646488359961,0.04325972589484519,0.2378418433365204,25,30,20
17,4129,3.385862800148905e-05,0.7188590525684441,0.04326509342746572,0.2378419953760881,25,30,20
17,4130,3.362573045465802e-05,0.7188758403203107,0.04324900292825893,0.23784153102097513,25,30,20
17,4131,3.362704970543393e-05,0.718873773630869,0.04325106818735042,0.2378415311320741,25,30,20
17,4132,3.3625755414505354e-05,0.7188740695073464,0.04325092835890135,0.23784137637833652,25,30,20
17,4133,3.362848159845957e-05,0.7188687073901834,0.04325628374071264,0.2378413803875046,25,30,20
17,4134,3.355045572001005e-05,0.7188681674172318,0.041288271830706845,0.2398100102963403,25,30,20
17,4135,3.354912037970297e-05,0.7188708042075181,0.04128563503061183,0.23981001164148935,25,30,20
17,4136,3.355041872682469e-05,0.7188702471821082,0.041286035826609266,0.23981016657255477,25,30,20
17,4137,3.355036001876175e-05,0.7188702622415971,0.04128602089433864,0.23981016650404466,25,30,20
17,4138,3.36270799933568e-05,0.7188711884829938,0.04126125109225275,0.23983393334475941,25,30,20
17,4139,3.3628470879911835e-05,0.7188715723214648,0.041264873872838184,0.2398299253348163,25,30,20
17,4140,3.3551701142325356e-05,0.7188706418836114,0.04125688611416635,0.23983892030107917,25,30,20
17,4141,1.9885603131413994e-05,0.7189096645471972,0.04123205854586635,0.23983839130380402,25,30,20
17,4142,1.9885654402105506e-05,0.718906412789575,0.04123507597997496,0.23983862557604735,25,30,20
17,4143,2.004661482332503e-05,0.7189116301473766,0.04139196262737545,0.2396763606104239,25,30,20
17,4144,2.0045238847057504e-05,0.7189162995630357,0.04138729596797532,0.23967635923014113,25,30,20
17,4145,2.00439198550834e-05,0.7189178566332664,0.04138574030167517,0.23967635914520277,25,30,20
17,4146,2.4559183781185318e-05,0.7188731543235307,0.04142569450225615,0.2396765919904311,25,30,20
17,4147,2.4557785181310638e-05,0.7188728404127276,0.04142234412673571,0.2396802576753546,25,30,20
17,4148,2.4872624107963503e-05,0.7187339475662381,0.04156044138006533,0.23968073842958756,25,30,20
17,4149,3.6324182983181246e-05,0.7187569865198103,0.041513869837158116,0.23969281946004783,25,30,20
17,4150,3.6321270850932455e-05,0.7187516352023402,0.04136089434520281,0.23985114918160563,25,30,20
17,4151,3.632258934529181e-05,0.7187507605926545,0.04136176771446212,0.23985114910353741,25,30,20
17,4152,3.159132154728797e-05,0.7170739421202466,0.043052849412270645,0.23984161714593458,25,30,20
17,4153,3.1671016979005274e-05,0.7170495845936707,0.04307696645110524,0.23984177793824407,25,30,20
17,4154,3.167511847679057e-05,0.7170351311347614,0.04309039946937339,0.23984279427738744,25,30,20
17,4155,3.151574358629927e-05,0.7170351115403824,0.043085529761591405,0.23984784295443892,25,30,20
17,4156,3.143899887790619e-05,0.7170447068420698,0.0430761620956799,0.23984769206337123,25,30,20
17,4157,3.144033983842638e-05,0.7170447903030001,0.04307240496047179,0.23985136439668847,25,30,20
17,4158,3.136498182596412e-05,0.7170501218922432,0.04306729944693513,0.23985121367899445,25,30,20
17,4159,3.1283972966609216e-05,0.7170755792807418,0.043042086391093075,0.2398510503551973,25,30,20
17,4160,3.1285312169647116e-05,0.7162985278031839,0.043818982973209464,0.23985120391143588,25,30,20
17,4161,3.1208569229960785e-05,0.7162981453660622,0.04381229128667081,0.23985835477803594,25,30,20
17,4162,3.1212949084998335e-05,0.7162634339036777,0.04384699675515056,0.2398583563920854,25,30,20
17,4163,3.121157979390979e-05,0.716265594437894,0.0438448444450429,0.23985834953726798,25,30,20
17,4164,3.1205794487903306e-05,0.7163021495334698,0.043808455979367444,0.23985818869267356,25,30,20
17,4165,3.120579489336931e-05,0.7163021336319637,0.04380847192638906,0.23985818864675246,25,30,20
17,4166,3.120579073349123e-05,0.7163013922345052,0.043809135179480325,0.23985826679527966,25,30,20
17,4167,3.128116573142212e-05,0.7170735970732265,0.04303685771762377,0.23985826404341698,25,30,20
17,4168,3.1437593731868735e-05,0.7170625055396925,0.04304732450134337,0.23985873236523106,25,30,20
17,4169,3.143897459016015e-05,0.7170604094781953,0.04304941781502989,0.23985873373218353,25,30,20
17,4170,3.143897435157539e-05,0.7170611051378379,0.04304872218184639,0.2398587337059624,25,30,20
17,4171,3.144042359610539e-05,0.7170182069169023,0.04308670022416538,0.23986365243533447,25,30,20
17,4172,3.1511754750424773e-05,0.7170250985071714,0.043080604123293356,0.239862785614783,25,30,20
17,4173,2.6861700883794933e-05,0.7172986417624627,0.04282086145361043,0.2398536350830414,25,30,20
17,4174,5.3359222407718925e-05,0.7166367609979547,0.043446261276956485,0.23986361850267873,25,30,20
17,4175,5.335921666505337e-05,0.7166367596531554,0.04344603227259314,0.23986384885758377,25,30,20
17,4176,5.33591924821509e-05,0.7166366814959432,0.04344527320314669,0.23986468610842557,25,30,20
17,4177,5.335639817897271e-05,0.7166392016748401,0.04344276025665706,0.23986468167032293,25,30,20
17,4178,5.3357764655090796e-05,0.7166367881237059,0.04344501752879361,0.2398648365828446,25,30,20
17,4179,5.335903552786605e-05,0.716636869972715,0.04343342545528737,0.23987634553646864,25,30,20
17,4180,5.351398388484423e-05,0.7165451694535422,0.043524817918415275,0.2398764986441565,25,30,20
17,4181,5.3590699010234495e-05,0.7165411782244152,0.043528661146175054,0.23987656993039835,25,30,20
17,4182,4.289693512317256e-05,0.7165380149475606,0.043526924873959434,0.23989216324335572,25,30,20
17,4183,4.2896941068594664e-05,0.7165381546090335,0.04352671104792716,0.23989223740196977,25,30,20
17,4184,4.282036958850769e-05,0.7165415320276822,0.04352355510022861,0.23989209250249957,25,30,20
17,4185,4.2818994579133734e-05,0.716543075674046,0.04352216906020859,0.23989193627116545,25,30,20
17,4186,4.2743551347982197e-05,0.7165506354513903,0.04351483558940981,0.23989178540785075,25,30,20
17,4187,4.7421708265261285e-05,0.7165514917432926,0.04363459156637611,0.23976649498206482,25,30,20
17,4188,4.773409172437325e-05,0.7165530494653409,0.0436569402584751,0.2397422761844585,25,30,20
17,4189,4.773409877090019e-05,0.7165528919495199,0.04365799591016514,0.23974137804154286,25,30,20
17,4190,4.781085979931373e-05,0.7165535072680531,0.043665565382490154,0.23973311648965623,25,30,20
17,4191,4.313403236241606e-05,0.7165525782103834,0.04354713959839891,0.239857148158854,25,30,20
17,4192,4.313402817583421e-05,0.7165509675645982,0.04354882565544495,0.23985707275177962,25,30,20
17,4193,4.3132541295872355e-05,0.7165947953386087,0.04350991682554843,0.23985215529454545,25,30,20
17,4194,4.313251933727629e-05,0.7185954084532205,0.04150930642211452,0.23985215260532694,25,30,20
17,4195,4.282040758234878e-05,0.7187182114184831,0.04138714090909245,0.23985182726484106,25,30,20
17,4196,3.754624004285781e-05,0.7187063430540341,0.04143195948282751,0.2398241512230948,25,30,20
17,4197,3.762159422730916e-05,0.7187024180295353,0.04143558041874465,0.23982437995749234,25,30,20
17,4198,3.74708817810371e-05,0.718709986226305,0.04142815460588552,0.23982438828602815,25,30,20
17,4199,3.7470836493707254e-05,0.7187123849245068,0.04142614382363428,0.23982400041536525,25,30,20
17,4200,1.105141599212681e-05,0.719367050157564,0.04080772664629271,0.23981417178015108,25,30,20
17,4201,1.0971683678569667e-05,0.7193668106468505,0.04080093259712912,0.23982128507234204,25,30,20
17,4202,1.1125097792614854e-05,0.7193602201580525,0.04080721766945579,0.23982143707469927,25,30,20
17,4203,1.11264520238719e-05,0.7193605338782726,0.04080809183767473,0.23982024783202874,25,30,20
17,4204,1.1120700880346965e-05,0.7371099642605649,0.02304903213315381,0.2398298829054017,25,30,20
17,4205,1.1122071613463838e-05,0.73710877900609,0.02305021329947028,0.23982988562282742,25,30,20
17,4206,1.1046628982713585e-05,0.7371081663376965,0.023044425835144006,0.2398363611981779,25,30,20
17,4207,1.5718984797082038e-05,0.7368945468337563,0.02325289352448531,0.2398368406569626,25,30,20
17,4208,1.5717646161175925e-05,0.7368956405013932,0.023251728408966464,0.23983691344348027,25,30,20
17,4209,1.5718985695056844e-05,0.7369324769141546,0.023214656350447487,0.2398371477497043,25,30,20
17,4210,1.1047996718145115e-05,0.7371453079999661,0.023006974326218076,0.2398366696770992,25,30,20
17,4211,1.1047970773738591e-05,0.7371477103151498,0.023004577621018346,0.23983666409305804,25,30,20
17,4212,1.1045214586497783e-05,0.7371508488967575,0.02300175701289653,0.23983634887575928,25,30,20
17,4213,1.1279647310424861e-05,0.7371350425910065,0.023016854607941718,0.2398368231537412,25,30,20
17,4214,1.127939972249585e-05,0.7200764005062212,0.04008545374226365,0.23982686635179168,25,30,20
17,4215,1.571618731155248e-05,0.7198383915145228,0.040318858830476374,0.23982703346768985,25,30,20
17,4216,1.563947419823119e-05,0.7198432499157036,0.04031422792228973,0.2398268826878089,25,30,20
17,4217,1.5640851588684806e-05,0.719837480657799,0.040319753192468916,0.2398271252981441,25,30,20
17,4218,1.5640885997838212e-05,0.7198367118452036,0.040320521925395834,0.23982712534340347,25,30,20
17,4219,1.564088134279431e-05,0.7198371870720213,0.04032004671211887,0.23982712533451778,25,30,20
17,4220,1.5642292767898466e-05,0.7197930465342677,0.040364105306298755,0.23982720586666667,25,30,20
17,4221,1.571902728443713e-05,0.7197933534609909,0.04036847544320536,0.23982245206852024,25,30,20
17,4222,1.5483248907494778e-05,0.719810289189978,0.04035217440838626,0.2398220531527292,25,30,20
17,4223,1.5638029865050613e-05,0.7198006846465951,0.04036123918714338,0.23982243813639748,25,30,20
17,4224,1.5638020405984277e-05,0.7198009735840742,0.040360950300827696,0.23982243809469314,25,30,20
17,4225,1.5638076267655564e-05,0.7198009723431152,0.04036250030028921,0.23982088928032907,25,30,20
17,4226,1.5637113109794944e-05,0.7197663830536101,0.04039653037698385,0.23982144945629713,25,30,20
17,4227,1.5634385582594827e-05,0.719772642033465,0.040390518064324726,0.2398212055166285,25,30,20
17,4228,1.555768305000454e-05,0.7197735666577529,0.040389819361382785,0.23982105629781494,25,30,20
17,4229,1.5633019143220467e-05,0.7197739503296106,0.040392680046312,0.23981773660493494,25,30,20
17,4230,1.5634386944626012e-05,0.7197741120209115,0.04039582107130014,0.2398144325208445,25,30,20
17,4231,2.012574994912082e-05,0.719791694430989,0.04068325064040827,0.23950492917865351,25,30,20
17,4232,2.012436454478768e-05,0.7197913819069552,0.04068130106463741,0.23950719266386233,25,30,20
17,4233,2.0124378916694143e-05,0.7197915408841538,0.04068058518646174,0.2395077495504675,25,30,20
17,4234,2.0129808740580513e-05,0.7197921284993731,0.040732092784195595,0.23945564890769033,25,30,20
17,4235,2.0051685749620044e-05,0.7198397144236016,0.0406848956396856,0.23945533825096285,25,30,20
17,4236,2.0044943322933276e-05,0.7198392050731749,0.04063504079518272,0.23950570918831907,25,30,20
17,4237,2.004902119295628e-05,0.7191419279781931,0.041331602591579586,0.239506420409034,25,30,20
17,4238,1.997364859284542e-05,0.7191461555015252,0.04132737369266314,0.23950649715721878,25,30,20
17,4239,2.021500567585347e-05,0.7191556572001419,0.041521090333668215,0.23930303746051396,25,30,20
17,4240,2.0290399778696015e-05,0.7191494462493833,0.041527073779591694,0.23930318957124605,25,30,20
17,4241,2.036983526935279e-05,0.7191427685847033,0.04153351450842274,0.23930334707160433,25,30,20
17,4242,2.0369805335880876e-05,0.7191430596482955,0.04153322356036229,0.23930334698600514,25,30,20
17,4243,2.0369826221894677e-05,0.7191423340469103,0.041533946454104805,0.2393033496727617,25,30,20
17,4244,2.0059844403519213e-05,0.7192413065206356,0.041435592934268815,0.23930304070069144,25,30,20
17,4245,2.006118784724703e-05,0.7192397926369776,0.04143694935206918,0.2393031968231053,25,30,20
17,4246,1.9984441450888838e-05,0.719246486366446,0.041430720191265674,0.2393028090008373,25,30,20
17,4247,1.5418507039246313e-05,0.7192279878635319,0.04113105220318717,0.23962554142624146,25,30,20
17,4248,1.5415743021757183e-05,0.7199242907809098,0.040435308484018,0.2396249849920503,25,30,20
17,4249,1.5415764820843434e-05,0.7199244977266751,0.040435101520441004,0.2396249849880637,25,30,20
17,4250,1.5493835288359993e-05,0.7199248799397542,0.040437580101699816,0.23962204612325816,25,30,20
17,4251,1.5571911525776917e-05,0.7199190530744123,0.04044302196629445,0.23962235304776794,25,30,20
17,4252,1.5571991947181876e-05,0.7199179257175465,0.040444302516973306,0.23962219977353338,25,30,20
17,4253,1.549391877794369e-05,0.7199240100241079,0.040438603201333564,0.23962189285578103,25,30,20
17,4254,1.5567977196940135e-05,0.7199327353613794,0.04042980834181281,0.23962188831961181,25,30,20
17,4255,1.564334801613113e-05,0.7199304111332572,0.04043213679067041,0.23962180872805725,25,30,20
17,4256,1.564210195577771e-05,0.7198934262581903,0.040469272095836846,0.23962165954401815,25,30,20
17,4257,2.45166584252243e-05,0.7198939053117717,0.04060670866287299,0.23947486936693094,25,30,20
17,4258,2.4671407726828545e-05,0.7198852087010278,0.0406149397494048,0.23947518014184146,25,30,20
17,4259,2.4672685207418515e-05,0.7199193549888195,0.04058079774226822,0.2394751745837057,25,30,20
17,4260,2.4595898072908755e-05,0.7199257856636901,0.040574594735905654,0.23947502370233195,25,30,20
17,4261,2.015774273415103e-05,0.7201664987558982,0.04033848827909583,0.2394748552222731,25,30,20
17,4262,2.0157834161153868e-05,0.7201600925308818,0.040344894277952584,0.23947485535700574,25,30,20
17,4263,2.0157899772680317e-05,0.7201594388299398,0.04034562040770601,0.23947478286258228,25,30,20
17,4264,2.00002265086112e-05,0.7201639813524047,0.040383375350580904,0.23943264307050685,25,30,20
17,4265,1.98454416137541e-05,0.7201735029295345,0.040374318165009394,0.23943233346384293,25,30,20
17,4266,1.9842060351655796e-05,0.7201687065840376,0.04033333077529169,0.23947812058031961,25,30,20
17,4267,1.9842037700483622e-05,0.7201689555458529,0.040333083181205855,0.2394781192352414,25,30,20
17,4268,1.9843366629281957e-05,0.7201645032033125,0.04033753290723943,0.23947812052281958,25,30,20
17,4269,1.976797990017135e-05,0.7201639646811795,0.04033147980513644,0.23948478753378474,25,30,20
17,4270,1.9842963346160548e-05,0.7201962244197239,0.040299555848692395,0.23948437676823883,25,30,20
17,4271,1.9842963791162835e-05,0.7201968689900201,0.0402989125528846,0.23948437549330567,25,30,20
17,4272,2.0007565457817736e-05,0.7200793401284176,0.04041587780739527,0.23948477449873073,25,30,20
17,4273,2.0007639639969172e-05,0.7200806342794404,0.04041473947849968,0.23948461860242104,25,30,20
17,4274,1.1055007959902765e-05,0.7200796140503583,0.04027099497321289,0.23963833596847,25,30,20
17,4275,1.0976929241702408e-05,0.7200791509358272,0.04026596701780328,0.23964390511712888,25,30,20
17,4276,1.0661549788722219e-05,0.720069273562122,0.04006829403744263,0.23985177085064754,25,30,20
17,4277,1.0665768727278297e-05,0.7200382841190577,0.04009927332682724,0.239851776785389,25,30,20
17,4278,1.066715928505182e-05,0.720038448578609,0.04014112681428275,0.23980975744782373,25,30,20
17,4279,1.0743938324280995e-05,0.7200324801745562,0.040146785430106996,0.2398099904570132,25,30,20
17,4280,1.0743942953467029e-05,0.7200324802652704,0.04014656128654292,0.2398102145052338,25,30,20
17,4281,1.0743966663661178e-05,0.7200306992163431,0.04014833817516626,0.23981021864182747,25,30,20
17,4282,1.0596520581957797e-05,0.7199839017025453,0.040195501381550015,0.23981000039532308,25,30,20
17,4283,1.5453071273968555e-05,0.7200293961186972,0.040654930449458115,0.23930022036057122,25,30,20
17,4284,1.5537612205207624e-05,0.719341504204619,0.0413419524513646,0.2393010057318119,25,30,20
17,4285,1.0682389519660433e-05,0.7192961646499095,0.040886150316968226,0.23980700264360302,25,30,20
17,4286,1.068245562582157e-05,0.7192961594890492,0.04088721428374559,0.23980594377157985,25,30,20
17,4287,1.0683755162756332e-05,0.7192938137430035,0.04088940660968339,0.2398060958921507,25,30,20
17,4288,1.0760522820178015e-05,0.7192944276637881,0.04089674439807602,0.23979806741531606,25,30,20
17,4289,1.1091558073238018e-05,0.7160358624066364,0.04415417119858889,0.23979887483670212,25,30,20
17,4290,1.1090111712608365e-05,0.7160429401057846,0.04414709644119195,0.23979887334131103,25,30,20
17,4291,1.5953155549599115e-05,0.7155992215844956,0.044576151334427126,0.23980867392552807,25,30,20
17,4292,1.5951782091220582e-05,0.7155996137698062,0.04461148342624603,0.23977295102185697,25,30,20
17,4293,1.5947558599934945e-05,0.7156299768740787,0.04458113047503324,0.23977294509228855,25,30,20
17,4294,1.5946213909078895e-05,0.7156298933677526,0.04458288838200104,0.23977127203633752,25,30,20
17,4295,1.6022947431558425e-05,0.7156259145513348,0.04458663834543106,0.23977142415580274,25,30,20
17,4296,1.602298449612082e-05,0.7156259173396741,0.04458440513329569,0.2397736545425343,25,30,20
17,4297,1.602417768350349e-05,0.7156264133067007,0.04458390972380509,0.23977365279181037,25,30,20
17,4298,1.602554450197697e-05,0.7156264967812487,0.0445850564499547,0.23977242122429437,25,30,20
17,4299,1.6106226378654854e-05,0.7155783569783049,0.04463326381412677,0.23977227298118917,25,30,20
17,4300,1.6104934758255575e-05,0.7155789727195864,0.04463922304649,0.23976569929916514,25,30,20
17,4301,1.6026879834913576e-05,0.7155846865094864,0.04463373938023769,0.23976554723044086,25,30,20
17,4302,1.602691025154672e-05,0.7155822773794444,0.04463598937774927,0.23976570633255462,25,30,20
17,4303,1.6028298735850764e-05,0.7155786317794809,0.04463978559917032,0.23976555432261237,25,30,20
17,4304,2.0741505385147848e-05,0.715290747896516,0.044909269967932916,0.23977924063016534,25,30,20
17,4305,2.081693669543809e-05,0.7152863836833654,0.04491340795933858,0.23977939142060067,25,30,20
17,4306,2.074153304417185e-05,0.7152860794117961,0.04490836966689332,0.23978480938826657,25,30,20
17,4307,2.0741533080326677e-05,0.7152839995715418,0.04491044946148741,0.23978480943389105,25,30,20
17,4308,2.066079187163875e-05,0.7153141359085629,0.044880400733106895,0.23978480256645912,25,30,20
17,4309,2.0666277288281205e-05,0.7153089832972139,0.0448856137381134,0.23978473668738548,25,30,20
17,4310,2.0741620539668034e-05,0.7153086623906266,0.04488443436451778,0.23978616162431707,25,30,20
17,4311,2.0818355413194507e-05,0.7153026426809312,0.04489022245217725,0.23978631651147966,25,30,20
17,4312,2.0815664582996348e-05,0.7153081627235774,0.04488470516541595,0.23978631644642495,25,30,20
17,4313,2.0484644257552433e-05,0.7185694328474795,0.04162441852080896,0.2397856639874547,25,30,20
17,4314,2.0484643699406795e-05,0.7185693841913959,0.04162439179573373,0.2397857393691717,25,30,20
17,4315,2.0480538758575564e-05,0.7185599164495768,0.04163371692594887,0.23978588608571652,25,30,20
17,4316,2.0397591153410523e-05,0.7185481951579206,0.04164575937325224,0.23978564787767478,25,30,20
17,4317,2.032654170185814e-05,0.7178464070934664,0.04234752841965608,0.2397857379451766,25,30,20
17,4318,2.032649098855092e-05,0.7178476921274601,0.04234632161664886,0.23978565976490335,25,30,20
17,4319,2.0325144952406045e-05,0.7178510658199485,0.042343028863848435,0.2397855801712512,25,30,20
17,4320,2.0326500103625502e-05,0.7178489196979446,0.04234501708857564,0.2397857367133768,25,30,20
17,4321,2.0330663985802843e-05,0.7178649435551938,0.04232874682589236,0.239785978954929,25,30,20
17,4322,2.0330640439085858e-05,0.7178648736245223,0.04232977525337759,0.2397850204816617,25,30,20
17,4323,2.025388489488244e-05,0.7178680533069709,0.04232698067358718,0.23978471213454758,25,30,20
17,4324,1.5390860062295176e-05,0.7183119583644468,0.041897731031182585,0.2397749197443087,25,30,20
17,4325,1.5314078946833126e-05,0.7183186482794558,0.041891201508437226,0.23977483613316017,25,30,20
17,4326,1.530852815536595e-05,0.7183101230499139,0.04189989920382018,0.23977466921811053,25,30,20
17,4327,1.5307112144027454e-05,0.7183100379538878,0.041898213975992346,0.23977644095797587,25,30,20
17,4328,1.5308439169101035e-05,0.7183081856147545,0.04190006632629968,0.23977643961977685,25,30,20
17,4329,1.5308418177971905e-05,0.7183079511499101,0.0418976086928299,0.23977913173908236,25,30,20
17,4330,1.5308391872994042e-05,0.7183209439636314,0.04188476944338289,0.2397789782011124,25,30,20
17,4331,1.5309733544546745e-05,0.718320789110444,0.041845200722238685,0.23981870043377249,25,30,20
17,4332,1.5309735527328526e-05,0.7183226775594591,0.0418432368970312,0.23981877580798222,25,30,20
17,4333,1.5309768536996608e-05,0.7183226749266501,0.04184256139150388,0.23981945391330875,25,30,20
17,4334,1.5308434148863195e-05,0.7183230559522222,0.04184561001916687,0.23981602559446175,25,30,20
17,4335,1.5309831771724568e-05,0.7183218728541035,0.041846861613063745,0.23981595570106073,25,30,20
17,4336,2.0099616630336444e-05,0.7178837501523598,0.042270918740185834,0.23982523149082385,25,30,20
17,4337,2.0175009405901333e-05,0.7178839777235209,0.04227512415144535,0.23982072311562774,25,30,20
17,4338,2.009832549736403e-05,0.7158881630483377,0.04427116894807645,0.2398205696780874,25,30,20
17,4339,2.0022939483984415e-05,0.7158933539036072,0.044266363317396085,0.2398202598395115,25,30,20
17,4340,2.0021652750909213e-05,0.7158936051225335,0.04426603897517288,0.23982033424954158,25,30,20
17,4341,2.00230526260338e-05,0.7158939989235507,0.04427059933800231,0.23981537868581948,25,30,20
17,4342,2.4739725916411493e-05,0.7154667606912745,0.04468345165957206,0.23982504792323595,25,30,20
17,4343,2.490017157811146e-05,0.7154714465295855,0.04471524859687867,0.2397884047019568,25,30,20
17,4344,2.4900143480079193e-05,0.717471609679226,0.042715084186037006,0.239788405991256,25,30,20
17,4345,2.489879009832533e-05,0.717471682296423,0.04271393027163922,0.2397894886418386,25,30,20
17,4346,2.4898790863878005e-05,0.7174716809852534,0.04271392248675366,0.2397894977371282,25,30,20
17,4347,2.4898774120764904e-05,0.717472177951838,0.04271342970367477,0.23978949357036553,25,30,20
17,4348,2.489870693136559e-05,0.7174732093367545,0.04271240254807813,0.23978948940823483,25,30,20
17,4349,2.489866712541e-05,0.7174743454927658,0.042711277434385256,0.23978947840572243,25,30,20
17,4350,2.48986978170937e-05,0.7174742555416505,0.042711441225938084,0.23978940453459285,25,30,20
17,4351,2.489734986187071e-05,0.7174758151647267,0.04271011488401435,0.2397891726013954,25,30,20
17,4352,2.9891041855021923e-05,0.7175283743128081,0.04194748848049077,0.24049424616484444,25,30,20
17,4353,2.9889710977071448e-05,0.7175294721973252,0.04194639328955286,0.24049424480214346,25,30,20
17,4354,2.9889713969991162e-05,0.717529401542049,0.04194638852748778,0.2404943202164917,25,30,20
17,4355,2.988981753716728e-05,0.717527819681592,0.04194796329244137,0.24049432720842784,25,30,20
17,4356,2.996788912199054e-05,0.7175280524868556,0.041952118229412354,0.2404898613946079,25,30,20
17,4357,2.9969236122678712e-05,0.7175274011038281,0.04195276694182797,0.2404898627182192,25,30,20
17,4358,2.9964823222704773e-05,0.7182367642328016,0.04124364912278784,0.24048962182118555,25,30,20
17,4359,2.996480158307637e-05,0.7182379149669207,0.04124242299753706,0.24048969723395694,25,30,20
17,4360,2.9964715873781962e-05,0.718238423116269,0.04124184379306989,0.24048976837478503,25,30,20
17,4361,2.9964670606328118e-05,0.7182380365481168,0.0412381327719936,0.24049386600928144,25,30,20
17,4362,2.996466586639362e-05,0.7182330927159453,0.04124307661824383,0.24049386599994288,25,30,20
17,4363,2.9804215739134868e-05,0.7182280120088089,0.041176318084618885,0.24056586569083124,25,30,20
17,4364,2.9805560419907837e-05,0.7182263674889282,0.04117788180738255,0.240565945143268,25,30,20
17,4365,0.009760095783336198,0.7181809169131276,0.032198639463902896,0.23986034783963203,25,30,20
17,4366,0.009760171118943943,0.7181807519348061,0.03219574535571589,0.23986333159053264,25,30,20
17,4367,0.009760169779600316,0.7181824565702664,0.03219419691077632,0.23986317673935545,25,30,20
17,4368,0.009760169760901431,0.7181845116625873,0.03219214055099581,0.2398631780255137,25,30,20
17,4369,0.009760172520473329,0.7181807640128847,0.03219572374584709,0.23986333972079346,25,30,20
17,4370,0.009760172522505816,0.7181807667537876,0.03219666626065748,0.23986239446304747,25,30,20
17,4371,0.0001214902086339395,0.7187440371316236,0.04116562316324804,0.23996884949649236,25,30,20
17,4372,0.00012133812993228608,0.7187437357906962,0.041159490005517024,0.23997543607385283,25,30,20
17,4373,0.0001213380957749036,0.718756306672368,0.041146845316610475,0.23997550991524444,25,30,20
17,4374,0.00012133943697795616,0.7187552557214186,0.04114789491315778,0.239975509928444,25,30,20
17,4375,0.0001212641009049424,0.7187553477852506,0.04117815949169159,0.23994522862215106,25,30,20
17,4376,0.00012110928068795063,0.7187646484538849,0.0411693220047456,0.23994492026068096,25,30,20
17,4377,0.00011638870166534,0.7191127149825095,0.04083975101109877,0.23993114530472603,25,30,20
17,4378,0.00011639140582993145,0.7191078798771176,0.04084465038251639,0.2399310783345358,25,30,20
17,4379,0.00011639138163450962,0.7191077947396165,0.04081333923516315,0.23996247464358544,25,30,20
17,4380,0.00011646812887942879,0.7191041635824575,0.04081673884982426,0.23996262943883828,25,30,20
17,4381,0.00011646951802867687,0.7191007173138702,0.040820257776043256,0.2399625553920575,25,30,20
17,4382,0.00011646959860193648,0.7191010325398863,0.04085001396792486,0.23993248389358637,25,30,20
17,4383,0.00011646818781694541,0.7191007900958496,0.040820064546123545,0.23996267717020953,25,30,20
17,4384,1.987260188902045e-05,0.7185348682513942,0.04155859507551568,0.23988666407120185,25,30,20
17,4385,1.9802619034129913e-05,0.7178447792975513,0.04224889387264588,0.23988652421077009,25,30,20
17,4386,1.9806638615569327e-05,0.7178429636123631,0.04225077308850293,0.23988645666051944,25,30,20
17,4387,1.980658432485582e-05,0.7178428168212104,0.04225011488554729,0.23988726170891847,25,30,20
17,4388,1.980658748758682e-05,0.717842816823155,0.042248949867876855,0.23988842672148147,25,30,20
17,4389,4.3928720000932414e-05,0.7135725094946491,0.04624906980998842,0.2401344919753619,25,30,20
17,4390,3.90622316698598e-05,0.7140145207119534,0.04582135019812116,0.2401250668582565,25,30,20
17,4391,0.00012291786722734205,0.7143133932633556,0.04546097757347657,0.24010271129594118,25,30,20
17,4392,0.0001229164801117109,0.7143151503195135,0.04545945761723711,0.24010247558313808,25,30,20
17,4393,0.0001229137365932291,0.7143164494785452,0.04545816125468815,0.24010247553017358,25,30,20
17,4394,0.00012306732986418445,0.7135952716160745,0.04617887838588449,0.2401027826681769,25,30,20
17,4395,0.0001230673013745475,0.713595267554951,0.0461777082661733,0.24010395687750122,25,30,20
17,4396,0.00012306730631192177,0.7135562126296527,0.04621676142677736,0.24010395863725822,25,30,20
17,4397,0.00012306597647812904,0.7135563045955916,0.0462165967210318,0.24010403270689898,25,30,20
17,4398,0.00012785395275836635,0.7135928336805878,0.04661001351088738,0.2396692988557671,25,30,20
17,4399,0.00012785124948290892,0.7135925939789257,0.046607654165695324,0.2396719006058967,25,30,20
17,4400,0.0001278447563552971,0.714284830013161,0.0459154362480938,0.239671888982391,25,30,20
17,4401,0.00012784608612479413,0.7142847588294685,0.045918152548947884,0.2396692425354598,25,30,20
17,4402,0.00012792146240292907,0.7142828781442192,0.045919805736107974,0.2396693946572709,25,30,20
17,4403,0.00012775820375748198,0.7144006220104424,0.045802622768191865,0.23966899701760858,25,30,20
17,4404,0.00012783634702678598,0.7144008536569495,0.045807804367544405,0.2396635056284797,25,30,20
17,4405,0.00012783492112539298,0.7144031977321385,0.04580546339021266,0.2396635039565238,25,30,20
17,4406,0.00012783489538522287,0.7144031963152351,0.04580526132269985,0.23966370746667998,25,30,20
17,4407,0.00012783625355941382,0.714402568792371,0.04580573135190552,0.23966386360216407,25,30,20
17,4408,0.0001278349568402634,0.7144031574644649,0.04580514524505709,0.23966386233363784,25,30,20
17,4409,0.00012304843791102418,0.7143664683248244,0.04541454531574124,0.2400959379215234,25,30,20
17,4410,0.00012297163768568216,0.7143663186819147,0.04541046285522226,0.24010024682517742,25,30,20
17,4411,0.00012289776551965316,0.7143694940189965,0.04540766125455889,0.240099946960925,25,30,20
17,4412,0.00012289506166504157,0.7143741324958907,0.045403035242818496,0.24009993719962636,25,30,20
17,4413,0.00012305562558009031,0.7143836638448784,0.04547119332435896,0.24002208720518314,25,30,20
17,4414,0.00012305560255086953,0.714383438006816,0.04547141512329746,0.24002209126733604,25,30,20
17,4415,9.900885718593151e-05,0.7186504359106329,0.0414743811378285,0.23977617409435328,25,30,20
17,4416,9.436896538913693e-05,0.7190713105001284,0.04106758262202285,0.2397667379124603,25,30,20
17,4417,9.444582518035912e-05,0.7183556449454422,0.04178302298290644,0.23976688624647152,25,30,20
17,4418,9.445895128254617e-05,0.7163542117525133,0.04378383629282325,0.23976749300338185,25,30,20
17,4419,9.438226010822805e-05,0.7163575880070914,0.04378061338527901,0.2397674163475223,25,30,20
17,4420,9.423289754117665e-05,0.7170573599462604,0.043081054341191874,0.2397673528150077,25,30,20
17,4421,9.42315936492379e-05,0.7170574436065338,0.04308094618561346,0.23976737861420433,25,30,20
17,4422,9.43070040708975e-05,0.7170531295962731,0.04308503257275353,0.23976753082690344,25,30,20
17,4423,9.438370813811735e-05,0.7170878977136624,0.04305011275321525,0.23976760582498483,25,30,20
17,4424,9.446049684416706e-05,0.7170762841515942,0.04306157405147964,0.23976768130008264,25,30,20
17,4425,9.444737076414574e-05,0.7190833286311442,0.04105515078042494,0.23976707321766727,25,30,20
17,4426,9.444747888941488e-05,0.719083181047181,0.04105497928426217,0.23976739218966833,25,30,20
17,4427,1.0587058363400591e-05,0.7187792894185714,0.04145073197706184,0.2397593915460034,25,30,20
17,4428,1.0662393930904736e-05,0.7187799003511621,0.04145815419192918,0.23975128306297783,25,30,20
17,4429,1.0588348463393783e-05,0.7187797702119013,0.041458120054562425,0.23975152138507272,25,30,20
17,4430,1.058693778664313e-05,0.718780074259822,0.04145546184935802,0.23975387695303252,25,30,20
17,4431,1.0510150806925437e-05,0.7187922386242913,0.04144352515108258,0.23975372607381829,25,30,20
17,4432,1.0511475863946998e-05,0.7187913129894449,0.04144444815713014,0.23975372737755996,25,30,20
17,4433,1.0511452417759007e-05,0.7187912361994871,0.04144315725725855,0.23975509509083545,25,30,20
17,4434,1.0618718270953464e-05,0.7254848604900161,0.03474934570460422,0.2397551750871102,25,30,20
17,4435,1.0458126450276647e-05,0.7254753331021834,0.03467863452971343,0.23983557424165433,25,30,20
17,4436,1.0768368376110593e-05,0.7252413417053379,0.03489856719175138,0.23984932273453555,25,30,20
17,4437,1.0847837327800005e-05,0.7252419537363026,0.03490403196375651,0.2398431664626138,25,30,20
17,4438,1.084779115485096e-05,0.7252433369960812,0.034902641968367974,0.23984317324439655,25,30,20
17,4439,1.0769714421458747e-05,0.725249470903585,0.03489666558495708,0.23984309379703694,25,30,20
17,4440,1.084499296235982e-05,0.7252072038825236,0.03493871355394246,0.23984323757057333,25,30,20
17,4441,1.0844993629875854e-05,0.7252074326343201,0.03493974723988811,0.23984197513216368,25,30,20
17,4442,1.0538863165272225e-05,0.7254364778918705,0.034724744239267184,0.23982823900569877,25,30,20
17,4443,1.0614231438915364e-05,0.725433077710068,0.03472792512081471,0.23982838293767997,25,30,20
17,4444,1.061542281939912e-05,0.7254309230132935,0.034730081632337505,0.23982837993155123,25,30,20
17,4445,1.0615392447691753e-05,0.7254310009634289,0.0347272067534516,0.239831176890673,25,30,20
17,4446,1.0540023900382503e-05,0.7253945110143938,0.034763769315933744,0.23983117964577316,25,30,20
17,4447,1.0463296410784609e-05,0.7253990043148327,0.03475943083042974,0.2398311015583283,25,30,20
17,4448,1.0383861326012926e-05,0.7253983804104724,0.03476359582859478,0.2398276398996083,25,30,20
17,4449,1.046195741446387e-05,0.7253538878911635,0.03480793086932072,0.23982771928210272,25,30,20
17,4450,1.0383900898052033e-05,0.725397211646429,0.03476476181126844,0.23982764264140602,25,30,20
17,4451,1.0463287174501414e-05,0.7253976809706227,0.03475820928113396,0.23983364646107028,25,30,20
17,4452,1.038657382314046e-05,0.7253973781634971,0.034754351021155115,0.2398378842415261,25,30,20
17,4453,1.0619540315329494e-05,0.7253747821149042,0.034776715445199904,0.2398378828995824,25,30,20
17,4454,1.0542832129554364e-05,0.7260538960558867,0.03409775094260186,0.23983781016938327,25,30,20
17,4455,1.0544200020886094e-05,0.726053530657326,0.03409811774264327,0.23983780740001104,25,30,20
17,4456,1.0622396188623496e-05,0.726012774503822,0.03413847481298665,0.23983812828700432,25,30,20
17,4457,1.0623785458544846e-05,0.7260127854766467,0.034175969358583316,0.239800621379313,25,30,20
17,4458,1.0618284932270299e-05,0.7260349571633183,0.03415404119677783,0.23980038335497292,25,30,20
17,4459,1.0670551428547153e-05,0.7193552059331112,0.04083345676266404,0.23980066675279754,25,30,20
17,4460,1.0670529721640873e-05,0.719355939951277,0.04083272276277656,0.23980066675622588,25,30,20
17,4461,1.0670500340351491e-05,0.7193557028320291,0.04083184268135888,0.23980178398627278,25,30,20
17,4462,1.0670563593651618e-05,0.7193034841632495,0.04088405441782284,0.23980179085533496,25,30,20
17,4463,1.0591117950616387e-05,0.7193030142621688,0.040878375212585756,0.23980801940729568,25,30,20
17,4464,1.0591139290655057e-05,0.7193029403494045,0.04087791776999352,0.2398085507413124,25,30,20
17,4465,1.0592466629752856e-05,0.7193029401970555,0.04087982159319108,0.23980664574312463,25,30,20
17,4466,1.066650476392073e-05,0.7193034719791547,0.04088762037000673,0.23979824114607598,25,30,20
17,4467,1.0667774135986981e-05,0.7192660904222424,0.04092500626315217,0.23979823554047072,25,30,20
17,4468,1.0667772328533309e-05,0.7192654335669757,0.04092573850805205,0.23979816015264446,25,30,20
17,4469,1.0432093255641107e-05,0.7192934385474444,0.04089835837809108,0.23979777098120966,25,30,20
17,4470,1.0432093810208802e-05,0.719293209738388,0.04089858716513603,0.23979777100266658,25,30,20
17,4471,1.0433414230689858e-05,0.7192923036138434,0.04089956877624419,0.23979769419568264,25,30,20
17,4472,1.0505922765518454e-05,0.7192892104813806,0.0409023689053048,0.23979791469055023,25,30,20
17,4473,1.050597228233821e-05,0.7192882357587749,0.04090334083387173,0.23979791743507234,25,30,20
17,4474,1.0504630513364531e-05,0.7193290392932322,0.04086269342382294,0.23979776265243175,25,30,20
17,4475,1.0507779417853181e-05,0.7185995828855204,0.04159213628775591,0.23979777304730618,25,30,20
17,4476,1.0507650687000645e-05,0.7186328048139998,0.041558991487860276,0.23979769604745285,25,30,20
17,4477,1.0507606043656783e-05,0.7186368923628247,0.04155490671748819,0.23979769331364356,25,30,20
17,4478,1.043086881010614e-05,0.7186818553126693,0.04151017261114792,0.23979754120737204,25,30,20
17,4479,1.0585697043746702e-05,0.7186824018678017,0.04152156375241252,0.23978544868274143,25,30,20
17,4480,1.0584326006148367e-05,0.7186823991263224,0.04151914398958252,0.23978787255808817,25,30,20
17,4481,1.0587072765377125e-05,0.7186614499172529,0.04154016298361427,0.23978780002636652,25,30,20
17,4482,1.0583013427975571e-05,0.7186645096244447,0.04153696063070902,0.23978794673141787,25,30,20
17,4483,1.0736793742190199e-05,0.7185991227643808,0.04160188475730624,0.2397882556845704,25,30,20
17,4484,1.0660177151203354e-05,0.7185988233415547,0.041629592665703624,0.23976092381559028,25,30,20
17,4485,1.0735558753473812e-05,0.718593385619931,0.041634650776086045,0.23976122804522934,25,30,20
17,4486,1.081229928218833e-05,0.7185885785243609,0.04163922899810488,0.23976138017825208,25,30,20
17,4487,1.097347686314342e-05,0.7185405941289802,0.04168665413950423,0.23976177825465222,25,30,20
17,4488,1.1050559860165199e-05,0.7185406693784508,0.04175471925640608,0.2396935608052828,25,30,20
17,4489,1.1051906864297178e-05,0.7185408257890391,0.04175716509925932,0.23969095720483702,25,30,20
17,4490,1.0967417015012286e-05,0.7185705804823465,0.04172766541206883,0.23969078668856947,25,30,20
17,4491,1.0964270161466422e-05,0.7193002030148387,0.04099798103063084,0.23969085168436874,25,30,20
17,4492,1.0967076471332933e-05,0.7192771076470038,0.04102067675245933,0.23969124852406545,25,30,20
17,4493,1.1039639641965595e-05,0.7192977163514032,0.0410001634929032,0.2396910805160516,25,30,20
17,4494,1.1039524434247174e-05,0.7192977088569585,0.040965213748866726,0.23972603786974017,25,30,20
17,4495,1.1042258402161063e-05,0.719331870791615,0.040930658357609874,0.23972642859237342,25,30,20
17,4496,1.096824664435705e-05,0.7193341646432125,0.040928585218811875,0.23972628189133155,25,30,20
17,4497,1.0966474609116652e-05,0.7194119594004479,0.040850717642600266,0.23972635648234292,25,30,20
17,4498,1.104761811185341e-05,0.7194121250790576,0.04085499414728892,0.23972183315554177,25,30,20
17,4499,2.0102710405564993e-05,0.7194304620036321,0.04114720771135756,0.23940222757460525,25,30,20
17,4500,1.0970846137426638e-05,0.7194114234695387,0.04080727638003708,0.2397703293042874,25,30,20
17,4501,1.0973647823203096e-05,0.7194053546360224,0.04081287024995566,0.23977080146619936,25,30,20
17,4502,1.1051742720398507e-05,0.7193952965299363,0.04082223095183279,0.23977142077551045,25,30,20
17,4503,1.1053112269726767e-05,0.7193926144433235,0.04082490888250419,0.23977142356190204,25,30,20
17,4504,1.1054472271832249e-05,0.7193923866703191,0.040828739975589945,0.23976781888181858,25,30,20
17,4505,1.1055811620158745e-05,0.7193533261113734,0.04086748791202585,0.23976813016497955,25,30,20
17,4506,1.1057162789435556e-05,0.7193534823360049,0.04086861600246474,0.23976684449874,25,30,20
17,4507,1.0913724996151725e-05,0.7193560373874897,0.0408664188569116,0.239766630030601,25,30,20
17,4508,1.091253152941602e-05,0.719354449713959,0.0408680114509415,0.23976662630356924,25,30,20
17,4509,1.0913850766813759e-05,0.7193539216142995,0.04086861369426842,0.2397665508406642,25,30,20
17,4510,2.292305660463477e-05,0.7209276840839677,0.03925550680222633,0.23979388605719987,25,30,20
17,4511,2.2849171374834358e-05,0.7209416738977079,0.039241812829458274,0.2397936641014577,25,30,20
17,4512,2.284644249535978e-05,0.7209416657944594,0.03923504507349692,0.23980044268954676,25,30,20
17,4513,2.2849201038185794e-05,0.7209418304776762,0.03923738695207799,0.23979793336920618,25,30,20
17,4514,1.1314508187058917e-05,0.7197482181136293,0.04046996510578426,0.23977050227239827,25,30,20
17,4515,1.1314540602561062e-05,0.7197468727601433,0.04047107991437323,0.23977073278488004,25,30,20
17,4516,1.0822457542631696e-05,0.7193507389984517,0.04086786812733192,0.23977057041667277,25,30,20
17,4517,1.0823823508951023e-05,0.7193509733648559,0.041585312368870773,0.23905289044276326,25,30,20
17,4518,1.082243928421568e-05,0.719403348880895,0.041532945126822894,0.23905288355299667,25,30,20
17,4519,1.0900154949747783e-05,0.7194039709165664,0.04147789563768085,0.23910723329080164,25,30,20
17,4520,1.0900052814509179e-05,0.7194036813265767,0.041477870806880084,0.23910754781372695,25,30,20
17,4521,1.0901405778083812e-05,0.7194020675112155,0.04147948063373697,0.23910755044926815,25,30,20
17,4522,1.0901369417877322e-05,0.7194044305542211,0.04147696697555877,0.239107701100801,25,30,20
17,4523,1.0900072900126385e-05,0.7194063631577111,0.04147526603912354,0.23910747073026392,25,30,20
17,4524,1.5635357494895708e-05,0.7191198100798291,0.041747532010484666,0.2391170225521896,25,30,20
17,4525,1.563408199955128e-05,0.7191207198526546,0.04174655056243506,0.23911709550290908,25,30,20
17,4526,1.5636816255394192e-05,0.7191184607689195,0.0417488754826393,0.2391170269321841,25,30,20
17,4527,1.5483371723075997e-05,0.7191257442811373,0.04174213053380251,0.239116641813336,25,30,20
17,4528,1.555875248272089e-05,0.7191221930154178,0.04174560779869159,0.23911664043340672,25,30,20
17,4529,1.548169831212973e-05,0.7191222726210501,0.041744549553635546,0.2391176961270009,25,30,20
17,4530,1.540498436704711e-05,0.719125837961653,0.04174113486162885,0.23911762219234994,25,30,20
17,4531,1.5250261944949767e-05,0.7191252191940266,0.04173064213046815,0.239128888413559,25,30,20
17,4532,1.5179554093510966e-05,0.7191246416579489,0.04243884327848382,0.2384213355094725,25,30,20
17,4533,1.5263372363100328e-05,0.7190411389422817,0.042517805646811624,0.23842579203854228,25,30,20
17,4534,1.5177907131181343e-05,0.7190408589047899,0.04179416858708306,0.2391497946009948,25,30,20
17,4535,1.556184274622203e-05,0.7188022331107798,0.04203202785434651,0.23915017719212614,25,30,20
17,4536,1.5561818861770138e-05,0.7188047940728999,0.04202969984619023,0.23914994426204747,25,30,20
17,4537,1.555910328820914e-05,0.71880562203865,0.04202880185385705,0.23915001700420388,25,30,20
17,4538,1.5559019127701587e-05,0.7188056201842477,0.04202811746710644,0.2391507033295173,25,30,20
17,4539,1.5554931325724918e-05,0.7188053750299548,0.04202492839577563,0.23915414164294302,25,30,20
17,4540,1.5556272680665382e-05,0.7188023900791793,0.04202791073749657,0.23915414291064213,25,30,20
17,4541,1.5554901220604932e-05,0.7188062007296085,0.04202433950949774,0.2391539048596717,25,30,20
17,4542,1.547814010880456e-05,0.7188142740662212,0.042016732063019084,0.2391535157306499,25,30,20
17,4543,1.5401381757325256e-05,0.7188213706944417,0.042010099930122564,0.2391531279936775,25,30,20
17,4544,1.5242182460358748e-05,0.7189095405537901,0.0419267733563437,0.23914844390740478,25,30,20
17,4545,1.5318841707953768e-05,0.7189054345033924,0.041930648203909134,0.23914859845098974,25,30,20
17,4546,1.5474218942358002e-05,0.7187914768486441,0.04203962714527642,0.2391534217871368,25,30,20
17,4547,1.600171930182765e-05,0.6795278462459763,0.08130253107443662,0.23915362096028614,25,30,20
17,4548,1.6003104125530903e-05,0.6795265386570566,0.08130391121028045,0.23915354702853808,25,30,20
17,4549,2.0653964785379273e-05,0.6795261986436286,0.08127428054105602,0.23917886685052941,25,30,20
17,4550,2.0732093772869465e-05,0.679518753022944,0.08128125741269183,0.2391792574705904,25,30,20
17,4551,2.0729386127657227e-05,0.6795214198129707,0.08127883457113926,0.23917901622976154,25,30,20
17,4552,2.0648013208070955e-05,0.6796332398567371,0.08117169450134151,0.2391744176287126,25,30,20
17,4553,2.064799350287351e-05,0.6796343140112496,0.08117069987550103,0.23917433811974562,25,30,20
17,4554,1.6081569564524085e-05,0.6796380108072357,0.0811965164724166,0.23914939115078274,25,30,20
17,4555,1.6082937106421476e-05,0.6796379382001858,0.08119947820415988,0.23914650065854745,25,30,20
17,4556,1.6078874811094212e-05,0.6796376955270901,0.08119719897634999,0.23914902662174864,25,30,20
17,4557,1.6080240269790295e-05,0.6796365597422002,0.08119833066246988,0.23914902935505977,25,30,20
17,4558,2.0721748882652712e-05,0.6792836299960474,0.08153725721370801,0.23915839104136016,25,30,20
17,4559,2.0645035025113147e-05,0.6792877071321862,0.08153348285909762,0.23915816497368886,25,30,20
17,4560,2.064636079357018e-05,0.6792877877741106,0.08153457456557942,0.23915699129951437,25,30,20
17,4561,2.0646399991095715e-05,0.6792878028873911,0.08153682644849855,0.23915472426411724,25,30,20
17,4562,2.064359733410529e-05,0.6792930423169949,0.08153198520271224,0.23915432888295612,25,30,20
17,4563,2.0645031559011494e-05,0.6792906542602313,0.08153436760971865,0.23915433309848846,25,30,20
17,4564,2.0643695576081917e-05,0.6785768921455521,0.08224813378032157,0.23915433037854783,25,30,20
17,4565,2.0643617329057555e-05,0.6785779055021415,0.08224712604409891,0.2391543248364284,25,30,20
17,4566,2.064364144738375e-05,0.678577587358526,0.08224736872289937,0.23915440027712506,25,30,20
17,4567,2.056826171984419e-05,0.6785802720434456,0.08224483471075394,0.23915432498407835,25,30,20
17,4568,2.0570975563332145e-05,0.6785768899586019,0.08224828678416393,0.23915425228166862,25,30,20
17,4569,2.0579283031544084e-05,0.6785694640805383,0.08225515267229534,0.2391548039641323,25,30,20
17,4570,2.019126201006772e-05,0.6788122114981405,0.08201349119174513,0.23915410604810172,25,30,20
17,4571,2.019132463832014e-05,0.6788120636083176,0.08201427353084144,0.23915347153620012,25,30,20
17,4572,2.0190008886777695e-05,0.6788114169143787,0.08201492419990337,0.2391534688768287,25,30,20
17,4573,2.019000838021151e-05,0.6788131857430524,0.08201292370749053,0.23915370054107524,25,30,20
17,4574,2.49187965403998e-05,0.6788320246148632,0.08157092912361236,0.2395721274649828,25,30,20
17,4575,2.4918755137456093e-05,0.678833251033391,0.08156947255272944,0.23957235765874066,25,30,20
17,4576,2.499275468228192e-05,0.6788330298990126,0.08156939354647232,0.2395725837998314,25,30,20
17,4577,2.5072276149654088e-05,0.6788243385792412,0.08157761386304309,0.23957297528156576,25,30,20
17,4578,2.507362147329378e-05,0.6787959818859097,0.08160604587352084,0.23957289861909586,25,30,20
17,4579,2.4544762504971067e-05,0.6781294741696406,0.08227288759584235,0.2395730934720125,25,30,20
17,4580,2.4544744360253805e-05,0.6781295521851544,0.0822727314887119,0.23957317158177413,25,30,20
17,4581,2.469815930608146e-05,0.6788379414618987,0.08156388055124163,0.2395734798275546,25,30,20
17,4582,2.4696792186059947e-05,0.6788403201584875,0.08156166084427273,0.2395733222050544,25,30,20
17,4583,2.4695408304224757e-05,0.6788400190963126,0.08156196346716463,0.2395733220282196,25,30,20
17,4584,2.469679191389895e-05,0.6788381720689778,0.08156395031090655,0.23957318082820256,25,30,20
17,4585,2.4773527288479005e-05,0.6788349595480383,0.08156693268041815,0.23957333424425578,25,30,20
17,4586,2.5006403194257008e-05,0.6788215215774009,0.08157967474013901,0.2395737972792661,25,30,20
17,4587,2.5003667134897954e-05,0.6788253434614289,0.08157586924122753,0.239573783630209,25,30,20
17,4588,2.499670026065558e-05,0.6788322717927302,0.08156949692669552,0.23957323458031293,25,30,20
17,4589,2.4841894897900136e-05,0.6788414772822116,0.08156068046814222,0.2395730003547478,25,30,20
17,4590,2.48432394137754e-05,0.6788399990512956,0.08156223009623542,0.23957292761305463,25,30,20
17,4591,2.0201730747278547e-05,0.6791930434231392,0.08122303274239538,0.2395637221037177,25,30,20
17,4592,2.019895283248282e-05,0.679195671257483,0.0812207264954364,0.2395634032942483,25,30,20
17,4593,2.0197564330273477e-05,0.6791957410648997,0.08121905580082485,0.2395650055699456,25,30,20
17,4594,2.019762914139172e-05,0.6791956285575877,0.08121931616735965,0.23956485764591157,25,30,20
17,4595,2.0122506849257583e-05,0.6791986761553271,0.08121648722537822,0.23956471411244581,25,30,20
17,4596,1.5543377532284535e-05,0.6794758612794769,0.08095312076022539,0.23955547458276555,25,30,20
17,4597,1.5544741473646685e-05,0.6794760957037083,0.08095619070187335,0.23955216885294486,25,30,20
17,4598,1.5544766310704158e-05,0.6794769786544856,0.08095523499051568,0.23955224158868846,25,30,20
17,4599,1.5699551731736236e-05,0.6794775252003841,0.08096481221037441,0.23954196303751044,25,30,20
17,4600,1.097222128652655e-05,0.6794584604950643,0.08069080242337512,0.2398397648602743,25,30,20
17,4601,1.097093167774179e-05,0.6794594801151725,0.08068978400327462,0.2398397649498753,25,30,20
17,4602,1.1044852175696062e-05,0.6794597896579522,0.08073381821050347,0.2397953472793688,25,30,20
17,4603,1.1044809830228326e-05,0.6794596977905794,0.08073143899082771,0.2397978184087629,25,30,20
17,4604,1.1044842023548774e-05,0.6794835061382132,0.08070763064283609,0.2397978183769272,25,30,20
17,4605,1.104481680824958e-05,0.6794706808706453,0.08072067940673242,0.2397975949058145,25,30,20
17,4606,1.1044851929130875e-05,0.6794688310060494,0.08072252917496503,0.239797594967057,25,30,20
17,4607,1.1044823730153213e-05,0.6794816822776635,0.08070945720092779,0.23979781569767908,25,30,20
17,4608,1.1120196372182653e-05,0.6794773419711586,0.08071357273778751,0.23979796509468224,25,30,20
17,4609,1.1120134799923707e-05,0.6794795264187221,0.08071146385930508,0.23979788958717332,25,30,20
17,4610,1.096541749914485e-05,0.6794791421972561,0.08071259432451872,0.2397972980607265,25,30,20
17,4611,1.088869925123255e-05,0.6794789009441848,0.08066809798765691,0.2398421123689075,25,30,20
17,4612,1.088735653766687e-05,0.6794789776643952,0.08066588476311398,0.2398442502159532,25,30,20
17,4613,1.088594540864242e-05,0.6794808235141666,0.08066397047741121,0.23984432006301443,25,30,20
17,4614,1.096265994486239e-05,0.6794812044585531,0.08066831356147276,0.2398395193200303,25,30,20
17,4615,1.0962657149328304e-05,0.6794811262994687,0.08066803088342464,0.23983988015995844,25,30,20
17,4616,1.0887260774689189e-05,0.6794857708002165,0.08066361257109371,0.23983972936791612,25,30,20
17,4617,1.0887237024630017e-05,0.6794856145227535,0.08066207836863111,0.23984141987159183,25,30,20
17,4618,1.088849965816356e-05,0.6794720245675796,0.08067559172347377,0.2398414952092892,25,30,20
17,4619,1.0968020831239764e-05,0.6794650973757205,0.08068235306773788,0.23984158153571092,25,30,20
17,4620,1.1047825210976042e-05,0.6794650242620803,0.0806830498645047,0.23984087804820461,25,30,20
17,4621,1.1125930809197173e-05,0.6794595877703979,0.08068825877370504,0.2398410275250887,25,30,20
17,4622,1.104924022687782e-05,0.6794632471281079,0.08068490087216061,0.23984080275950498,25,30,20
17,4623,1.1050583416482782e-05,0.679461928081121,0.08068629398255067,0.23984072735291218,25,30,20
17,4624,1.0973804600200583e-05,0.6794648257913167,0.08068362388917671,0.23984057651490676,25,30,20
17,4625,1.5843443955296706e-05,0.6794921200313019,0.08104033436177364,0.2394517021629695,25,30,20
17,4626,1.5843502318278075e-05,0.6794903797650251,0.0810420676959053,0.2394517090367515,25,30,20
17,4627,1.5768118560138983e-05,0.6794901550726329,0.08103926231391988,0.2394548144948872,25,30,20
17,4628,1.5773368900713446e-05,0.6771127837065916,0.08195277740811521,0.2409186655163925,25,30,20
17,4629,1.576943217084042e-05,0.6794925148545435,0.08103666696051799,0.23945504875276766,25,30,20
17,4630,1.584613827220627e-05,0.6794891233742156,0.08103975154959268,0.23945527893791957,25,30,20
17,4631,1.5847435616006187e-05,0.6794882945382936,0.08104058185727028,0.23945527616881992,25,30,20
17,4632,1.5770602104221783e-05,0.6775235162383071,0.08300575630757995,0.23945495685200924,25,30,20
17,4633,1.584445541555766e-05,0.6775367579727991,0.0829923725375081,0.2394550250342777,25,30,20
17,4634,1.5767653791237975e-05,0.6775422514749094,0.0829870406876091,0.2394549401836908,25,30,20
17,4635,1.576765490599029e-05,0.6775423268427787,0.08298770567820232,0.23945419982411345,25,30,20
17,4636,1.5688321851551435e-05,0.6775124773342515,0.08301779429698758,0.2394540400469094,25,30,20
17,4637,1.5689718001083483e-05,0.6775079877242582,0.08302228113739978,0.23945404142034094,25,30,20
17,4638,1.5766524205013677e-05,0.6775046797746556,0.08302536141081968,0.2394541922903201,25,30,20
17,4639,1.5765147702963313e-05,0.6775089258514667,0.08302111809250982,0.23945419090832076,25,30,20
17,4640,1.5765193337825935e-05,0.6775091602210414,0.08302621936499181,0.23944885522062936,25,30,20
17,4641,1.5765253301758436e-05,0.6774946385677703,0.08304073925273654,0.23944885692619217,25,30,20
17,4642,1.6004522721645744e-05,0.6774826176661378,0.08305219583104013,0.2394491819801013,25,30,20
17,4643,1.6004547252108468e-05,0.6774824628128787,0.08305638746801652,0.23944514517185325,25,30,20
17,4644,2.5443234842857776e-05,0.7138669546909192,0.04666146294664415,0.23944613912759485,25,30,20
17,4645,2.5289809128929434e-05,0.7138724504347792,0.04665642745586998,0.2394458323002238,25,30,20
17,4646,2.529110678394963e-05,0.7138728187321629,0.046656063368772135,0.23944582679228255,25,30,20
17,4647,2.5293833996712324e-05,0.7138725940419856,0.04667122812067216,0.2394308840033471,25,30,20
17,4648,2.5827564897777737e-05,0.7139044585343166,0.04638446390964793,0.23968524999114021,25,30,20
17,4649,2.5827561851246445e-05,0.7139044543196875,0.046384542341829704,0.23968517577663417,25,30,20
17,4650,2.5828931682271436e-05,0.7139030808951694,0.04638591165639341,0.23968517851675766,25,30,20
17,4651,2.582621938135404e-05,0.7139062800565676,0.046382720655923186,0.23968517306813056,25,30,20
17,4652,2.5826223097514187e-05,0.7139062035060306,0.04639409759095926,0.23967387267991527,25,30,20
17,4653,2.5827544701810693e-05,0.7139046208552897,0.046395674857991544,0.2396738767420198,25,30,20
17,4654,2.582754867573267e-05,0.7138885609232788,0.04641173466879394,0.23967387685925456,25,30,20
17,4655,2.6220142596267825e-05,0.7137493638715848,0.046541574513718015,0.23968284147210372,25,30,20
17,4656,2.1434172357750537e-05,0.7137220820665192,0.04620959929598799,0.24004688446513786,25,30,20
17,4657,2.1434195658056053e-05,0.7137217571894312,0.046209847372224735,0.24004696124268876,25,30,20
17,4658,2.1356066323102938e-05,0.7137136292799734,0.046218208299943525,0.24004680635376235,25,30,20
17,4659,2.1277901583257012e-05,0.7137183490059388,0.04621371626414926,0.24004665682833123,25,30,20
17,4660,2.1123095197723965e-05,0.7137279967845839,0.04620460965345738,0.24004627046676333,25,30,20
17,4661,2.1123122050920474e-05,0.713727235021312,0.0462053726841791,0.24004626917246036,25,30,20
17,4662,2.104070685253591e-05,0.7137271450473822,0.04617153860793479,0.24008027563783274,25,30,20
17,4663,2.1042104168997243e-05,0.7137204017848725,0.04617780765434643,0.24008074845661453,25,30,20
17,4664,2.1203946141709982e-05,0.7137433095079799,0.04629136762576162,0.23994411892011908,25,30,20
17,4665,2.081135219862683e-05,0.713898497427473,0.04614553293254052,0.23993515828779008,25,30,20
17,4666,2.064951352954708e-05,0.7138756706399935,0.046033882082204686,0.24006979776427462,25,30,20
17,4667,2.072629466447581e-05,0.7158347714891842,0.04407438532457242,0.2400701168915807,25,30,20
17,4668,2.0804449273095997e-05,0.715826355303567,0.04408256843978001,0.24007027180738189,25,30,20
17,4669,2.057158061488415e-05,0.715838958069277,0.044070740961069756,0.24006972938904042,25,30,20
17,4670,2.0493447766801164e-05,0.7158462397482278,0.044063689617773016,0.24006957718623448,25,30,20
17,4671,2.0492150805099802e-05,0.7158465617068486,0.04406337157329115,0.24006957456905706,25,30,20
17,4672,1.9884228027155468e-05,0.7158146205977708,0.043971566607698624,0.24019392856650554,25,30,20
17,4673,1.9885570457175516e-05,0.7158123663311773,0.043973819494409865,0.2401939286039572,25,30,20
17,4674,2.012135727761502e-05,0.7157173022019504,0.044063964080386306,0.24019861236038698,25,30,20
17,4675,2.011864905376281e-05,0.7157190431106912,0.044062382062721686,0.24019845617753335,25,30,20
17,4676,2.0195363809523918e-05,0.7157159088173098,0.044065286259231444,0.2401986095596497,25,30,20
17,4677,2.019541976010311e-05,0.7157147894538579,0.044066249268423466,0.24019876585795902,25,30,20
17,4678,2.027486441856814e-05,0.7157150290716889,0.04407672176232438,0.24018797430156838,25,30,20
17,4679,2.042861942791391e-05,0.7157069527157606,0.044084412636013204,0.2401882060287987,25,30,20
17,4680,2.0427330380899904e-05,0.7156676479810611,0.044124191310491924,0.24018773337806693,25,30,20
17,4681,2.0431361914539588e-05,0.7156681245004778,0.044117341263246554,0.24019410287436177,25,30,20
17,4682,2.0591762956819907e-05,0.7155831850020323,0.04418397170766108,0.24021225152735043,25,30,20
17,4683,2.059179335222341e-05,0.7155824874508958,0.04418466916916385,0.2402122515865888,25,30,20
17,4684,2.0593121739695508e-05,0.7155824092403583,0.04418341503383145,0.2402135826040711,25,30,20
17,4685,2.0591904595131484e-05,0.7155822534573985,0.04489484159866979,0.23950231303933747,25,30,20
17,4686,2.0668588501820314e-05,0.7155789311884895,0.04489793928413989,0.23950246093887007,25,30,20
17,4687,2.0901429947288538e-05,0.7155660420502733,0.04491020665160686,0.2395028498681737,25,30,20
17,4688,2.0663503458235644e-05,0.7155766435295202,0.04490008739525063,0.23950260557177167,25,30,20
17,4689,2.0743223498874424e-05,0.7155707521548773,0.044905739634004425,0.23950276498762008,25,30,20
17,4690,2.075148242605753e-05,0.7155717588909336,0.044904940712100244,0.2395025489145405,25,30,20
17,4691,2.0750109645057542e-05,0.7155748231904951,0.0449020354174182,0.23950239128244205,25,30,20
17,4692,2.074896359773914e-05,0.7155388041126848,0.04493821128877119,0.23950223563494658,25,30,20
17,4693,2.0821676080891018e-05,0.7155388659273921,0.04493848600194991,0.23950182639457737,25,30,20
17,4694,2.1050525358816177e-05,0.7155397059243148,0.044929910071269105,0.23950933347905756,25,30,20
17,4695,2.0894315432652315e-05,0.715539159129841,0.044921838490638306,0.2395181080640884,25,30,20
17,4696,2.0737882864955325e-05,0.7155490533823919,0.04491233809313679,0.23951787064160662,25,30,20
17,4697,2.066248516897286e-05,0.7155485957052986,0.04691156551750458,0.2375191762920283,25,30,20
17,4698,2.066111475787705e-05,0.715548745174684,0.04690566147813814,0.23752493223242033,25,30,20
17,4699,1.113657188326513e-05,0.7191325691011076,0.043332656296233646,0.2375236380307755,25,30,20
17,4700,1.1372175258793093e-05,0.7191163664335146,0.04334799866653638,0.2375242627246903,25,30,20
17,4701,1.1450149707835118e-05,0.7191169045349962,0.04264153518145965,0.23823011013383635,25,30,20
17,4702,1.3968819911514407e-05,0.7382737796505462,0.023853561482810814,0.23785869004673174,25,30,20
17,4703,1.4045481136166031e-05,0.7383054961974043,0.023821610901179922,0.23785884742028007,25,30,20
17,4704,1.397146483740257e-05,0.7383054304778308,0.023821505795724295,0.23785909226160806,25,30,20
17,4705,1.3894757209908658e-05,0.7383084566341651,0.023818783793555315,0.2378588648150701,25,30,20
17,4706,1.3894776994943798e-05,0.738309364631298,0.023817878453828448,0.23785886213787893,25,30,20
17,4707,1.837936143047424e-05,0.7379319024022092,0.024164254791311995,0.23788546344504888,25,30,20
17,4708,1.838074937916361e-05,0.7379235365131551,0.024172617958750336,0.23788546477871605,25,30,20
17,4709,1.86165077997044e-05,0.7379329821368418,0.024261066230785944,0.23778733512457273,25,30,20
17,4710,1.8616485172153676e-05,0.7379348939494021,0.02425915732034735,0.23778733224507917,25,30,20
17,4711,1.8451760997814555e-05,0.7379444725607773,0.024249993421496748,0.2377870822567293,25,30,20
17,4712,2.2975119726240043e-05,0.7379452636741238,0.022338791370040894,0.23969296983610996,25,30,20
17,4713,3.209361333296526e-05,0.7375323709903047,0.02273321149627538,0.2397023239000879,25,30,20
17,4714,3.209767515669254e-05,0.7375298217100563,0.022735752654797527,0.2397023279599903,25,30,20
17,4715,0.0001348826562703929,0.7186507590585083,0.0413022279897594,0.23991213029546235,25,30,20
17,4716,3.435853649899684e-05,0.7184325995693622,0.04182844260713409,0.2397045992870047,25,30,20
17,4717,3.43585427719934e-05,0.7184296858323544,0.04183135634896762,0.2397045992759061,25,30,20
17,4718,3.8623033835659913e-05,0.718388982497431,0.041867776830375965,0.23970461763835746,25,30,20
17,4719,3.854629923308765e-05,0.718388674572771,0.04186482044230507,0.23970795868569159,25,30,20
17,4720,3.861900157815373e-05,0.7183895346608565,0.04196673345422096,0.23960511288334554,25,30,20
17,4721,3.85339409897094e-05,0.718513238456074,0.04186111257229422,0.23958711503064328,25,30,20
17,4722,2.9416779950474503e-05,0.7189251930055178,0.04146754982844056,0.23957784038609248,25,30,20
17,4723,2.4894767281628776e-05,0.7189247155961744,0.04137749023409284,0.23967289940245226,25,30,20
17,4724,2.489902518291606e-05,0.7188518147009673,0.04144547358181103,0.2396778126920401,25,30,20
17,4725,2.4896310763356715e-05,0.7188543947707857,0.041443131990964596,0.23967757692748776,25,30,20
17,4726,2.489632779736257e-05,0.718853461362591,0.0414442188427477,0.23967742346686552,25,30,20
17,4727,2.46647967446575e-05,0.71882755135876,0.04147082750357854,0.23967695634091835,25,30,20
17,4728,2.4589399762232836e-05,0.7188263020791887,0.04136609014731066,0.23978301837373986,25,30,20
17,4729,2.458372658843247e-05,0.718908508390067,0.04128872735938639,0.23977818052395972,25,30,20
17,4730,2.4583644163316446e-05,0.7189217556751946,0.04127555731040543,0.2397781033702384,25,30,20
17,4731,2.4585014529645322e-05,0.7189190803965337,0.041278228453510195,0.2397781061354279,25,30,20
17,4732,2.4349279554501256e-05,0.7190144889226768,0.04118774205548477,0.23977341974228586,25,30,20
17,4733,2.4350639883361662e-05,0.7190520479145203,0.041150174890819805,0.2397734265547786,25,30,20
17,4734,2.4346540053472486e-05,0.7190572817394376,0.0411449520178872,0.23977341970262386,25,30,20
17,4735,2.434651261377291e-05,0.7190185389434102,0.04118369484731766,0.23977341969665944,25,30,20
17,4736,2.426974351075242e-05,0.7190180797852689,0.041177646198128574,0.23978000427309248,25,30,20
17,4737,2.4268424254011037e-05,0.7190346276553936,0.041161100985170444,0.2397800029351821,25,30,20
17,4738,2.426823913180911e-05,0.7190719389300055,0.04112379187031216,0.2397800009605503,25,30,20
17,4739,1.9552128421842837e-05,0.7194611831900882,0.040766328079808414,0.23975293660168112,25,30,20
17,4740,1.963087920199301e-05,0.719461671765746,0.04081269771439077,0.23970599964066072,25,30,20
17,4741,1.9707542414762363e-05,0.7194974734922774,0.04077683180076615,0.2397059871645407,25,30,20
17,4742,1.9706176544597406e-05,0.7194975516668329,0.04077206506689637,0.23971067708972474,25,30,20
17,4743,1.9706132852458656e-05,0.7194982842404617,0.04077133257673846,0.23971067704994606,25,30,20
17,4744,1.962394219469714e-05,0.7194894554787568,0.041436701986718644,0.23905421859232884,25,30,20
17,4745,1.9700676099113612e-05,0.7194896852768333,0.04143880604757138,0.23905180799949538,25,30,20
17,4746,1.9702006135405544e-05,0.7195278056905502,0.041400682990857994,0.23905180931245554,25,30,20
17,4747,1.9702003745759977e-05,0.7195280030179302,0.0414004869910781,0.23905180798724493,25,30,20
17,4748,1.962799985973783e-05,0.7195185285363458,0.04141018366822287,0.2390516597955709,25,30,20
17,4749,1.9687281884798767e-05,0.7202178844435889,0.04070677208391225,0.2390556561906123,25,30,20
17,4750,1.9687304250215767e-05,0.7202169133856932,0.040707743099188835,0.23905565621086639,25,30,20
17,4751,1.9685793639112828e-05,0.7202288022454862,0.04069571057003914,0.23905580139083404,25,30,20
17,4752,1.9607738299421908e-05,0.7202340059655892,0.040690740970339666,0.23905564532577045,25,30,20
17,4753,1.9609067965384265e-05,0.7202340825706384,0.040690461015726376,0.2390558473456682,25,30,20
17,4754,1.97682359330699e-05,0.7201596367436442,0.04075998639062897,0.23906060862979206,25,30,20
17,4755,1.9766906083016037e-05,0.720159480588237,0.04075906992847986,0.23906168257719856,25,30,20
17,4756,1.9850697208572835e-05,0.720093710179367,0.0408245863696666,0.23906185275375624,25,30,20
17,4757,1.985069751553198e-05,0.7200952347935323,0.040823215196319464,0.2390616993126312,25,30,20
17,4758,2.00836283696637e-05,0.7200809447153058,0.040836807829078586,0.23906216382724438,25,30,20
17,4759,1.9927443964903287e-05,0.7200905920512239,0.04082762762850744,0.2390618528763022,25,30,20
17,4760,2.0006989745139613e-05,0.7200913027804963,0.04085043714511362,0.23903825308464344,25,30,20
17,4761,2.008372596242456e-05,0.7200834194327055,0.04085769968731258,0.23903879715401813,25,30,20
17,4762,2.008372899401755e-05,0.7200834514613799,0.040857741784202616,0.23903872302542173,25,30,20
17,4763,2.008778514685088e-05,0.720079952026598,0.04086092470531009,0.23903903548294328,25,30,20
17,4764,1.992864486733151e-05,0.7201493380459487,0.04079186245463547,0.2390388708545467,25,30,20
17,4765,1.9769478070958417e-05,0.7202238686652115,0.04072209882389595,0.2390342630328197,25,30,20
17,4766,1.9768140403224475e-05,0.7202241347607601,0.04072168051958633,0.2390344165792486,25,30,20
17,4767,1.9689936120454747e-05,0.7202234280756822,0.04070157107390392,0.2390553109142916,25,30,20
17,4768,1.969126347283907e-05,0.7202224060077236,0.04070243832195593,0.23905546440684616,25,30,20
17,4769,1.9689910471553487e-05,0.7202236914889038,0.04070130905848091,0.2390553095421425,25,30,20
17,4770,1.9685831449232603e-05,0.7202269843260259,0.040698331410446154,0.2390549984320773,25,30,20
17,4771,1.9685834618466206e-05,0.7202267341574584,0.04069858021976778,0.23905499978815523,25,30,20
17,4772,1.9691326287588655e-05,0.7201592618275398,0.04076596351167477,0.23905508333449782,25,30,20
17,4773,1.9691334743697268e-05,0.7201596414133351,0.0407677169410502,0.23905295031087084,25,30,20
17,4774,1.9691307691446017e-05,0.7201592158081469,0.040768219315360864,0.23905287356880084,25,30,20
17,4775,1.961810072183128e-05,0.7201591355939201,0.040751292499434114,0.2390699538059242,25,30,20
17,4776,1.961809814245856e-05,0.7201591410861721,0.04075314397763566,0.23906809683805,25,30,20
17,4777,1.969483566604811e-05,0.7201558588485141,0.04075619734846851,0.23906824896735152,25,30,20
17,4778,1.961943631342751e-05,0.7201589479260037,0.040753331728763484,0.23906810090891945,25,30,20
17,4779,1.9774256406848526e-05,0.7201497643267798,0.04076220302938566,0.23906825838742768,25,30,20
17,4780,1.984962377176906e-05,0.7201476345043542,0.040764031373843455,0.23906848449803073,25,30,20
17,4781,1.9771548153838134e-05,0.7201471701076523,0.04075833293411191,0.2390747254100822,25,30,20
17,4782,1.5412205955356713e-05,0.7219235341216707,0.03651499525553379,0.24154605841684024,25,30,20
17,4783,1.5412151144019007e-05,0.7219240731921946,0.03651445908979685,0.24154605556686465,25,30,20
17,4784,1.533542879317609e-05,0.7219319128126674,0.0365068443680659,0.24154590739047394,25,30,20
17,4785,1.5334069073403958e-05,0.7219317525791868,0.03650460606025968,0.24154830729148102,25,30,20
17,4786,1.5336776028874685e-05,0.7219317620857647,0.036507529622524605,0.24154537151568253,25,30,20
17,4787,1.5331283299813638e-05,0.7219998105718491,0.03643949337380899,0.24154536477104283,25,30,20
17,4788,1.5254519265352728e-05,0.7219945932535122,0.03644493951556423,0.24154521271165852,25,30,20
17,4789,1.532993000192879e-05,0.721994741277245,0.03644923228470078,0.24154069650805252,25,30,20
17,4790,1.9710737069830567e-05,0.7195199444747735,0.041394976314163445,0.23906536847399398,25,30,20
17,4791,1.0665769775807845e-05,0.7201584759352976,0.040774692997081446,0.2390561652978443,25,30,20
17,4792,1.0742486018661646e-05,0.7201541898117955,0.040778750296091404,0.23905631740609368,25,30,20
17,4793,2.3513628785711487e-05,0.7201868279823228,0.0458134091505649,0.23397624923832797,25,30,20
17,4794,2.3516318690361427e-05,0.7201837406769426,0.04581656244840792,0.23397618055596056,25,30,20
17,4795,2.3752107150401472e-05,0.7200822380937789,0.045913071006946214,0.2339809387921258,25,30,20
17,4796,2.375075849573896e-05,0.7200812573369856,0.04591404481387337,0.23398094709064832,25,30,20
17,4797,2.8469168556256092e-05,0.7197108532738871,0.04625722042206947,0.2340034571354889,25,30,20
17,4798,2.8393813136533466e-05,0.7197141590402479,0.04625421881532027,0.2340032283312966,25,30,20
17,4799,2.8393835225427073e-05,0.7197138412712891,0.046254459810849996,0.23400330508263661,25,30,20
17,4800,2.8396547190686443e-05,0.7197218559038965,0.04624643853383704,0.23400330901507727,25,30,20
17,4801,2.8319840889003276e-05,0.7197257008407533,0.046242821064033685,0.23400315825432547,25,30,20
17,4802,2.83200062904543e-05,0.7197244933199245,0.04624403214904978,0.23400315452473708,25,30,20
17,4803,3.3109373501534433e-05,0.7197520013562447,0.04662938582997111,0.23358550344028456,25,30,20
17,4804,3.318746888908648e-05,0.7197444174564849,0.04663642578385991,0.2335859692907681,25,30,20
17,4805,3.318475520510673e-05,0.7197479116072949,0.046632942491156994,0.23358596114634453,25,30,20
17,4806,3.318478422360719e-05,0.7197463038674843,0.04663454736938047,0.23358596397891315,25,30,20
17,4807,3.318474897698167e-05,0.7197460997642707,0.04663475561841273,0.2335859598683415,25,30,20
17,4808,3.3034119936802056e-05,0.7197533607831894,0.046628257564106906,0.23358534753276872,25,30,20
17,4809,3.326868815379249e-05,0.7196399881743897,0.04673641344000148,0.23359032969745697,25,30,20
17,4810,3.326856949980086e-05,0.7196401669938157,0.04673623500270749,0.23359032943397878,25,30,20
17,4811,3.319038193476852e-05,0.7196399285705374,0.04598581365969135,0.23434106738783858,25,30,20
17,4812,3.319170348455373e-05,0.7196375077183167,0.045988308553804334,0.2343409920243965,25,30,20
17,4813,3.326978239753008e-05,0.7196305599099497,0.04599502618872089,0.23434114411893459,25,30,20
17,4814,2.848174995611844e-05,0.7196026708725816,0.04560758449664227,0.23476126288082266,25,30,20
17,4815,2.855857123437113e-05,0.7195967988949059,0.04561322868846859,0.2347614138453938,25,30,20
17,4816,2.8483197964340926e-05,0.7195964973528985,0.04561215360809638,0.23476286584104308,25,30,20
17,4817,2.38415462787084e-05,0.7199621411983514,0.0452735038275316,0.2347405134278401,25,30,20
17,4818,2.376486684230744e-05,0.7199617588413146,0.045269651486095776,0.2347448248057492,25,30,20
17,4819,2.376483720212209e-05,0.7199617614157292,0.04526922755835961,0.234745246188711,25,30,20
17,4820,2.3919619191828503e-05,0.7199526834258436,0.04527776307382291,0.23474563388114367,25,30,20
17,4821,2.383730364497013e-05,0.7200445441269312,0.04519043607525674,0.23474118249416914,25,30,20
17,4822,2.3837280255695342e-05,0.7200454839022876,0.04518950053159482,0.23474117828586397,25,30,20
17,4823,2.383481676865602e-05,0.7200453217246574,0.04605958084314581,0.2338712626154303,25,30,20
17,4824,2.3832085507914407e-05,0.7200453862613182,0.04605638827514258,0.23387439337803306,25,30,20
17,4825,2.375525479568436e-05,0.7200494722180508,0.04605253141467415,0.2338742411124809,25,30,20
17,4826,2.375661057110365e-05,0.7200491545709479,0.04605284504252292,0.2338742437759585,25,30,20
17,4827,2.3758071159123155e-05,0.7200495586218831,0.04606116540077517,0.23386551790618307,25,30,20
17,4828,2.3834730996107608e-05,0.7200464450479913,0.046064050293564966,0.2338656699274479,25,30,20
17,4829,2.3833397131877727e-05,0.7200493662634017,0.04606112899443695,0.2338656713450301,25,30,20
17,4830,2.3830572555783896e-05,0.7200489635153715,0.04604893144209385,0.23387827446997936,25,30,20
17,4831,2.383219755479874e-05,0.7200141510422674,0.04608342420648906,0.23387859255368945,25,30,20
17,4832,2.3826654388310868e-05,0.7200199720839041,0.04607761712520695,0.23387858413650175,25,30,20
17,4833,2.382394364598817e-05,0.7200200407369198,0.046077449764664706,0.23387868555477043,25,30,20
17,4834,2.3822625288151403e-05,0.7200220009683727,0.04607541679583842,0.2338787596105019,25,30,20
17,4835,2.3822625700569038e-05,0.7200213459758089,0.04607583879112598,0.23387899260736547,25,30,20
17,4836,2.398172784547986e-05,0.7199822281026322,0.04611464167477587,0.2338791484947467,25,30,20
17,4837,2.366908970652222e-05,0.7180990686412195,0.04800325344881412,0.2338740088202596,25,30,20
17,4838,2.367177568704292e-05,0.7180993042552478,0.048005273173066056,0.2338717507959989,25,30,20
17,4839,2.3824866696621803e-05,0.7180997568599884,0.047116052053412794,0.234760366219902,25,30,20
17,4840,2.382483637423671e-05,0.7181002565952881,0.0471155550810559,0.23476036348728166,25,30,20
17,4841,3.276748439717929e-05,0.7179205598488348,0.04728607122605519,0.23476060144071234,25,30,20
17,4842,3.7332980450857954e-05,0.7179432291152704,0.047607644800051314,0.23441179310422708,25,30,20
17,4843,3.725623261513394e-05,0.7179488682613956,0.04760207690758588,0.23441179859840303,25,30,20
17,4844,3.725485372717116e-05,0.717950674482909,0.04760027746698147,0.2344117931963819,25,30,20
17,4845,3.725485844161259e-05,0.7179501931819092,0.047600756014578104,0.23441179594507033,25,30,20
17,4846,3.7101446590683985e-05,0.7179584819450077,0.047592853319182865,0.23441156328921828,25,30,20
17,4847,3.710014166082736e-05,0.7179588593112498,0.04759263081535044,0.2344114097317384,25,30,20
17,4848,3.709880149377618e-05,0.7179584169374269,0.047592999113365037,0.2344114851477137,25,30,20
17,4849,3.7175565970710506e-05,0.7179590349185275,0.047601642594599,0.23440214692090236,25,30,20
17,4850,3.725234676961804e-05,0.7179504584132846,0.04760960363928717,0.23440268560065822,25,30,20
17,4851,3.718129725686117e-05,0.7199526240975667,0.04560749754890676,0.23440269705626973,25,30,20
17,4852,3.733610419742789e-05,0.7199532431929007,0.04561654098927059,0.23439287971363165,25,30,20
17,4853,3.733743801807605e-05,0.719954270078285,0.04561535800385317,0.2343930344798436,25,30,20
17,4854,3.261578937455651e-05,0.7199309021251858,0.04532070497496619,0.23471577711047342,25,30,20
17,4855,3.2615803979632826e-05,0.7199305843138145,0.04532117615632734,0.23471562372587843,25,30,20
17,4856,3.2537754605617234e-05,0.7199301968116625,0.04531679214991764,0.23472047328381415,25,30,20
17,4857,3.245967942758778e-05,0.7199398138346111,0.04530779591068112,0.23471993057527965,25,30,20
17,4858,3.254467216624489e-05,0.7198144126595042,0.04543302421478188,0.23472001845354715,25,30,20
17,4859,2.391643315039259e-05,0.7200143654522441,0.04524170037930334,0.234720017735302,25,30,20
17,4860,2.851440872787611e-05,0.720015064494401,0.04533184115414793,0.2346245799427231,25,30,20
17,4861,2.859389422733552e-05,0.719970639122891,0.045376181587234055,0.23462458539564746,25,30,20
17,4862,2.3995897130524796e-05,0.71997001569053,0.04528663190881176,0.23471935650352765,25,30,20
17,4863,2.399586958650326e-05,0.7199709264379011,0.0452857199789448,0.23471935771356744,25,30,20
17,4864,2.3923260663525725e-05,0.719970865873665,0.04534897834073611,0.23465623252493528,25,30,20
17,4865,2.3998705137618397e-05,0.7199654713352309,0.04535430551272891,0.2346562244469027,25,30,20
17,4866,2.3924701092910516e-05,0.7199650205022963,0.04534773395455655,0.23466332084205468,25,30,20
17,4867,2.3924678083870636e-05,0.7199650030399514,0.045347825470431154,0.23466324681153392,25,30,20
17,4868,3.296865649364603e-05,0.719983782578066,0.04571612108735776,0.23426712767808297,25,30,20
17,4869,3.2965915587963526e-05,0.7200235719935664,0.04567618369239916,0.2342672783984468,25,30,20
17,4870,3.2964573001475144e-05,0.7200269605358034,0.045673032223215955,0.2342670426679795,25,30,20
17,4871,3.288783847082497e-05,0.7200310816467019,0.04566906455707031,0.23426696595775773,25,30,20
17,4872,3.288907782405487e-05,0.720030567515897,0.045669423793085834,0.23426711961319424,25,30,20
17,4873,3.272859868034588e-05,0.7200719996279501,0.04562846974252248,0.23426680203084804,25,30,20
17,4874,3.2727218170958635e-05,0.7200740635858675,0.045626412595086124,0.23426679660087651,25,30,20
17,4875,3.27286389398814e-05,0.7200697246058004,0.04563074873191836,0.2342667980233423,25,30,20
17,4876,2.3681970309427633e-05,0.7200507067666189,0.04526069256881495,0.23466491869425785,25,30,20
17,4877,2.3681989123953766e-05,0.7200486596983947,0.045262893402889866,0.23466476490959248,25,30,20
17,4878,2.3757576304548144e-05,0.7193915868805886,0.045919885422715835,0.2346647701203921,25,30,20
17,4879,2.367393269089885e-05,0.7195143622108341,0.04579711860511981,0.23466484525135595,25,30,20
17,4880,3.269173937387701e-05,0.7193131936514021,0.04598879399225621,0.23466532061696868,25,30,20
17,4881,3.276983690351554e-05,0.7193067485985866,0.04599500463261512,0.2346654769318958,25,30,20
17,4882,3.276840101158541e-05,0.7193065102184515,0.04664446678869054,0.23401625459184672,25,30,20
17,4883,3.284516739324802e-05,0.7193004831381724,0.046650108797724375,0.23401656289671063,25,30,20
17,4884,3.2843727478756994e-05,0.7193002417543856,0.04664704966632024,0.23401986485181606,25,30,20
17,4885,3.292048530248399e-05,0.7192927388575903,0.046654085304608774,0.23402025535249876,25,30,20
17,4886,3.28437039339387e-05,0.7192984994058831,0.046648559189028375,0.23402009770115492,25,30,20
17,4887,3.284236734968362e-05,0.7192989877447973,0.046648231037154694,0.23401993885069866,25,30,20
17,4888,3.277110392229738e-05,0.7193029744908336,0.04664461896032689,0.23401963544491747,25,30,20
17,4889,3.292862230939954e-05,0.6800212427843124,0.0859254160883463,0.2340204125050301,25,30,20
17,4890,3.2927277915039104e-05,0.6800224033728831,0.08592425823278088,0.23402041111641936,25,30,20
17,4891,2.0154797147649444e-05,0.679989757086341,0.08088574910607246,0.23910433901043732,25,30,20
17,4892,2.023291348757629e-05,0.6799860301460611,0.08088916342047879,0.2391045735199712,25,30,20
17,4893,2.0232891994050826e-05,0.6799511384091578,0.08092413876296041,0.23910448993588626,25,30,20
17,4894,2.0232877771634792e-05,0.6799512125658919,0.0809234486146584,0.239105105941677,25,30,20
17,4895,2.030819148148793e-05,0.6799507550752392,0.08092367742417915,0.23910525930909896,25,30,20
17,4896,2.0384999921787914e-05,0.6799414333122329,0.08093245100649775,0.23910573068134539,25,30,20
17,4897,2.0386380523639607e-05,0.6799415166495024,0.0809332422311358,0.23910485473883575,25,30,20
17,4898,2.0314129365188713e-05,0.679935334297587,0.08093956766333661,0.23910478390970938,25,30,20
17,4899,2.0312847243312313e-05,0.6799353426821777,0.08094040701638253,0.2391039374541947,25,30,20
17,4900,2.023740434315327e-05,0.6799404187155015,0.08093564072326434,0.2391037031568892,25,30,20
17,4901,2.039216380090547e-05,0.6799410337387378,0.0809067491069176,0.2391318249905418,25,30,20
17,4902,1.1375717508478854e-05,0.6801436790802892,0.08071359290556344,0.23913135229663773,25,30,20
17,4903,1.137568232170767e-05,0.6801437476962141,0.08071376281308085,0.23913111380838228,25,30,20
17,4904,1.122096320667553e-05,0.6801431327682336,0.08070670187441686,0.2391389443941418,25,30,20
17,4905,1.1145589107864103e-05,0.6408453114454572,0.12000474934530563,0.23913879362012883,25,30,20
17,4906,1.1228891037614687e-05,0.640130051395599,0.12071975684896363,0.239138962864399,25,30,20
17,4907,1.123028094960026e-05,0.6401262605061762,0.12072354493997382,0.23913896427290043,25,30,20
17,4908,1.1463201735657801e-05,0.6381344400304204,0.12271482021144602,0.23913927655639777,25,30,20
17,4909,1.1461895696368045e-05,0.6381342826330163,0.1227158749524646,0.23913838051882294,25,30,20
17,4910,1.1460575114665183e-05,0.6380995204924086,0.12275079465341049,0.23913822427906647,25,30,20
17,4911,1.1463412881623995e-05,0.6380948794518809,0.12275496325265146,0.23913869388258632,25,30,20
17,4912,1.146334941300413e-05,0.6380948806810518,0.12279137487936934,0.23910228109016596,25,30,20
17,4913,1.1464714296203106e-05,0.6380951930919264,0.12279422912716428,0.23909911306661322,25,30,20
17,4914,1.1311213359373989e-05,0.63810303651118,0.12278676965894206,0.23909888261651863,25,30,20
17,4915,1.154572096882504e-05,0.6770557336610724,0.08383336898355477,0.23909935163440388,25,30,20
17,4916,0.00011848296122374202,0.6931253879833881,0.06743969063042879,0.23931643842495912,25,30,20
17,4917,0.00011848430547763968,0.6931254700835306,0.0674419132677178,0.23931413234327356,25,30,20
17,4918,0.00011824839692288654,0.6934781313191815,0.06708988167791817,0.2393137386059773,25,30,20
17,4919,0.00011832917661083598,0.6934608430538399,0.06710747837108083,0.23931334939846796,25,30,20
17,4920,0.00011832510509958644,0.6934635052652821,0.06710528557744874,0.2393128840521692,25,30,20
17,4921,0.000123120556600405,0.6930790870241949,0.06746658147105881,0.23933121094814577,25,30,20
17,4922,0.0001231218533288034,0.6930644049542447,0.06748111581572229,0.2393313573767041,25,30,20
17,4923,0.00012312615103646284,0.693078294945443,0.06681080508997976,0.23998777381354117,25,30,20
17,4924,0.0001230494481258303,0.6930745801658122,0.0668146691407533,0.23998770124530938,25,30,20
17,4925,0.0001230481220902681,0.6930744993092348,0.06681285833644442,0.23998959423223123,25,30,20
17,4926,0.00012297143930992048,0.6930788205862997,0.06680876583178602,0.23998944214260468,25,30,20
17,4927,0.00012776537572056862,0.6926932139445776,0.06717140621111577,0.24000761446858637,25,30,20
17,4928,0.00012296297531384534,0.6930811646857821,0.06680667540141655,0.23998919693748777,25,30,20
17,4929,0.00012296296009046002,0.6930431531803731,0.06684484290030926,0.23998904095922707,25,30,20
17,4930,0.00012311951582871878,0.6930345646251829,0.0668530384923634,0.2399892773666249,25,30,20
17,4931,0.0001231222193367775,0.6930344917269089,0.06685675063050314,0.23998563542325113,25,30,20
17,4932,0.00012312085675169558,0.6930342574796201,0.06685464116497702,0.23998798049865133,25,30,20
17,4933,0.00012312085488071925,0.6930342532873341,0.06685345140946826,0.23998917444831702,25,30,20
17,4934,0.00012776915149830185,0.6927566928456321,0.06711714053672412,0.23999839746614565,25,30,20
17,4935,2.06722685323424e-05,0.7166564108922661,0.04354199692565964,0.23978091991354208,25,30,20
17,4936,2.0673534790355026e-05,0.7166564133675867,0.04354093386582356,0.2397819792317996,25,30,20
17,4937,2.5128396319058464e-05,0.7174564990010827,0.04271900527318789,0.2397993673294102,25,30,20
17,4938,0.00024429094842055415,0.7168024536107822,0.043146480515923805,0.2398067749248723,25,30,20
17,4939,0.0002490064398551864,0.7163853600780697,0.04354950639668102,0.23981612708539335,25,30,20
17,4940,0.0002490776333255413,0.7163857982392696,0.04354900483920885,0.23981611928819493,25,30,20
17,4941,0.0002490790265744498,0.7163860339581365,0.04354992386222122,0.23981496315306694,25,30,20
17,4942,0.00024907894671903267,0.7163856691119858,0.04355036302409859,0.2398148889171956,25,30,20
17,4943,0.00024907898735055897,0.716387396312069,0.04354863189139535,0.2398148928091844,25,30,20
17,4944,0.00024907766752491257,0.7163879442006447,0.04354808928227218,0.2398148888495574,25,30,20
17,4945,0.0002491544662764368,0.7163809514330032,0.043554853023448324,0.23981504107727084,25,30,20
17,4946,0.00024907906764068047,0.7164187408821554,0.04351729382317226,0.23981488622703043,25,30,20
17,4947,0.00024444029818294325,0.7168153618956432,0.04313466510140585,0.23980553270476673,25,30,20
17,4948,0.0002445979797063609,0.7168183752714341,0.04313156654217289,0.23980546020668528,25,30,20
17,4949,0.00025365133081308214,0.7164515388025707,0.04347983417394997,0.23981497569266497,25,30,20
17,4950,0.0002536499623150842,0.7164557024784597,0.043475596453822096,0.23981505110540197,25,30,20
17,4951,3.9277593267569975e-05,0.7164471399122446,0.04368810662520742,0.23982547586927874,25,30,20
17,4952,3.91213471405601e-05,0.7164720948973633,0.0436634640300192,0.23982531972547505,25,30,20
17,4953,3.9437329984330614e-05,0.7163271042760547,0.04379932273630547,0.23983413565765424,25,30,20
17,4954,3.951274341935428e-05,0.7163388998880944,0.043787455740355884,0.2398341316281288,25,30,20
17,4955,3.0460706298701254e-05,0.7167021864137869,0.043442737933041,0.23982461494687177,25,30,20
17,4956,2.5514425322258058e-05,0.7166749475142056,0.04349328649494768,0.23980625156552268,25,30,20
17,4957,2.5514402279242236e-05,0.7166748707379706,0.04349283514618198,0.23980677971356695,25,30,20
17,4958,2.5513061483673612e-05,0.7166779676865472,0.043489738349468954,0.23980678090249863,25,30,20
17,4959,2.542973880649917e-05,0.7173913318715972,0.042776473255333375,0.23980676513426172,25,30,20
17,4960,2.535431473926468e-05,0.7173961429799138,0.04277188841962547,0.23980661428572017,25,30,20
17,4961,2.535565521491774e-05,0.7173960689619817,0.042774566007891535,0.23980400937491037,25,30,20
17,4962,2.5043729797413694e-05,0.7174066404444878,0.0427645465631869,0.23980376926252644,25,30,20
17,4963,2.5045074143754617e-05,0.7174060883432104,0.042764939776310656,0.239803926806334,25,30,20
17,4964,2.0355943537463896e-05,0.7186361174240687,0.04155745506703392,0.23978607156535872,25,30,20
17,4965,1.562780423944348e-05,0.7189172914064953,0.04129039188607776,0.23977668890318654,25,30,20
17,4966,1.5622068309728134e-05,0.7189247638572261,0.04128269525482624,0.2397769188196378,25,30,20
17,4967,1.5623414129133407e-05,0.7189247705166102,0.041282254419888524,0.23977735164937197,25,30,20
17,4968,1.5545335959628387e-05,0.7189296024496629,0.04127773349249604,0.23977711872188112,25,30,20
17,4969,1.5782286568121794e-05,0.7187043810741974,0.04148051360467298,0.23979932303456133,25,30,20
17,4970,1.5780956998326767e-05,0.7186686871498058,0.04151588031475734,0.2397996515784387,25,30,20
17,4971,1.5786857682775964e-05,0.7186734686655225,0.041529219457902694,0.2397815250188924,25,30,20
17,4972,1.6021111418504842e-05,0.7186580164866357,0.041543659265240764,0.23978230313670543,25,30,20
17,4973,1.5863350455639074e-05,0.7186658212382846,0.04153586724212608,0.23978244816913416,25,30,20
17,4974,1.586340909461478e-05,0.7186658256495307,0.041526294987862304,0.23979201595351302,25,30,20
17,4975,1.5938846472184466e-05,0.7186521772286573,0.041509972844045555,0.23982191108082573,25,30,20
17,4976,2.929157635362008e-05,0.7182486531273244,0.04189090419020739,0.23983115110611528,25,30,20
17,4977,2.8900197418849305e-05,0.7183973736735723,0.041751619817700675,0.23982210631130896,25,30,20
17,4978,2.8900371026508407e-05,0.7183973007270815,0.041796748471279566,0.2397770504306132,25,30,20
17,4979,1.554769823679635e-05,0.7188521986298035,0.04136477432973982,0.23976747934222067,25,30,20
17,4980,1.5545031178920585e-05,0.7188521919771544,0.04136282191552163,0.23976944107614595,25,30,20
17,4981,1.554500969492596e-05,0.7188760678664956,0.041338946016520585,0.23976944110728982,25,30,20
17,4982,1.5469534306006052e-05,0.7188851396174383,0.04133041438475183,0.2397689764635047,25,30,20
17,4983,1.5468063760112995e-05,0.7188893828459527,0.041326180899550584,0.23976896819073695,25,30,20
17,4984,1.546821078684083e-05,0.7188879034448448,0.04132765438290145,0.23976897396146754,25,30,20
17,4985,1.554497270106177e-05,0.7188755361307966,0.041339795497235744,0.23976912339926706,25,30,20
17,4986,1.546663146958324e-05,0.7188757647406558,0.04131682025554477,0.23979194837233045,25,30,20
17,4987,1.5472161085760166e-05,0.7188710273163587,0.04132169462096476,0.2397918059015915,25,30,20
17,4988,1.5463556890758613e-05,0.7188663158836143,0.04130343534352047,0.23981478521597502,25,30,20
17,4989,1.546616803182884e-05,0.7188661428952746,0.041303604629741676,0.2398147863069525,25,30,20
17,4990,2.8006321222031826e-05,0.7147319944190512,0.045174713860231995,0.2400652853994949,25,30,20
17,4991,2.792960764996387e-05,0.714737273802109,0.04516966468819908,0.24006513190204212,25,30,20
17,4992,2.792806438933459e-05,0.7147372714309587,0.04512463807813767,0.2401101624265144,25,30,20
17,4993,2.8004829413499986e-05,0.7147451739811578,0.045116506653694,0.24011031453573456,25,30,20
17,4994,2.8004835619132325e-05,0.7147452411388661,0.04511604598268354,0.24011070804283122,25,30,20
17,4995,2.80049182097903e-05,0.7147437660991798,0.04511751671607562,0.24011071226653502,25,30,20
17,4996,2.800617527182258e-05,0.7147430096985061,0.04511812127273382,0.24011086285348848,25,30,20
17,4997,2.8003466106726474e-05,0.7147428439802697,0.045114856283530715,0.2401142962700933,25,30,20
17,4998,2.8080121879651376e-05,0.714743143725272,0.045091535332130755,0.24013724082071794,25,30,20
17,4999,3.712964383829998e-05,0.7143725269178625,0.04544366731381068,0.24014667612448887,25,30,20
17,5000,3.7129619774065134e-05,0.7143727705621293,0.045443423741583465,0.24014667607651352,25,30,20
