run,generation,degenerate,holistic,other,compositional,popsize,turnover_rounds,group_rounds
41,0,0.015625000000000003,0.06250000000000001,0.8906250000000001,0.03125000000000001,25,30,20
41,1,0.04539395490336944,0.05822139858199407,0.8812365906021684,0.015148055912466724,25,30,20
41,2,0.07491563731804474,0.020071397555784326,0.8521620679181372,0.052850897208030136,25,30,20
41,3,0.037907362233980196,0.015668156429688666,0.8944738650886315,0.051950616247709025,25,30,20
41,4,0.037826824409116076,0.028642024570621916,0.8427920588706143,0.09073909214965516,25,30,20
41,5,0.03656664714224384,0.08256131610072899,0.60364980580295,0.2772222309540799,25,30,20
41,6,0.00011313985086992248,0.2368842957890236,0.3786704985782926,0.3843320657818202,25,30,20
41,7,4.7365024040826565e-05,0.16476538998102527,0.3138257678892567,0.5213614771056807,25,30,20
41,8,0.0002543586293132374,0.12217245589250217,0.47235054310460484,0.40522264237358546,25,30,20
41,9,0.00026096841391921985,0.08258145905969039,0.28368402961876343,0.633473542907621,25,30,20
41,10,4.950877394957342e-05,0.15946466884368501,0.25776108914785145,0.5827247332345116,25,30,20
41,11,3.541855593406535e-05,0.16053532098557316,0.21700149195764123,0.6224277685008501,25,30,20
41,12,3.576369717050696e-05,0.12079223697874025,0.20525781834767431,0.6739141809764125,25,30,20
41,13,2.565436140400594e-05,0.0008614346859840677,0.2388291087221351,0.7602838022304733,25,30,20
41,14,3.947800431448874e-05,0.0011016039333139416,0.26264402306048007,0.7362148950018907,25,30,20
41,15,5.7868739004004e-05,0.0013969199866468885,0.2628715176224995,0.7356736936518519,25,30,20
41,16,7.212573983156398e-05,0.0014306063907810569,0.2464902873399539,0.7520069805294399,25,30,20
41,17,6.642707447185309e-05,0.0014853461989053527,0.2865986195599529,0.7118496071666707,25,30,20
41,18,4.702022841792188e-05,0.001139727631965951,0.2062836226179371,0.792529629521682,25,30,20
41,19,4.362724388972028e-05,0.0015418317162941729,0.2580919071911552,0.7403226338486588,25,30,20
41,20,5.1114651837410734e-05,0.001583645736206289,0.22052679434453265,0.7778384452674217,25,30,20
41,21,4.223397595126528e-05,0.0008530416300877006,0.2662727075820779,0.732832016811881,25,30,20
41,22,0.00010319036022069682,0.014661233145033124,0.2307389466586594,0.7544966298360839,25,30,20
41,23,0.001136124020742807,0.014188341754468788,0.2930071206681871,0.6916684135565956,25,30,20
41,24,8.585550889771867e-05,0.02211099791323308,0.25961703391769725,0.7181861126601714,25,30,20
41,25,8.348946413803486e-05,0.009439140005057958,0.2613972858263578,0.7290800847044469,25,30,20
41,26,4.601071102812104e-05,0.024254837173094925,0.23344839968291053,0.742250752432966,25,30,20
41,27,5.66310236812768e-05,0.05710312853070706,0.23908950623571143,0.7037507342099025,25,30,20
41,28,2.9174217230585834e-05,0.1231742927096152,0.21942641946443064,0.6573701136087228,25,30,20
41,29,5.027605803234888e-05,0.16310612339254443,0.18099704258414587,0.6558465579652757,25,30,20
41,30,4.974582494756538e-05,0.12555959776613773,0.1782147201820702,0.6961759362268432,25,30,20
41,31,5.009248323322532e-05,0.10569003102778711,0.2161903871290261,0.6780694893599527,25,30,20
41,32,5.4566833062027915e-05,0.08605532745795942,0.2756727344654434,0.6382173712435357,25,30,20
41,33,5.0086794814523016e-05,0.06762089537063115,0.1767245000867065,0.7556045177478491,25,30,20
41,34,4.4909460746937714e-05,0.048064196434124885,0.15626311697635506,0.7956277771287731,25,30,20
41,35,4.514737583562951e-05,0.008084034759233917,0.19534464508345656,0.7965261727814743,25,30,20
41,36,4.507002176171839e-05,0.02846056224196991,0.13495993386263588,0.8365344338736329,25,30,20
41,37,6.476182319520654e-05,0.0284934036310039,0.1357609196904655,0.8356809148553368,25,30,20
41,38,5.002123876212594e-05,0.028507834902934466,0.1372417425346751,0.8342004013236297,25,30,20
41,39,4.987571101177852e-05,0.02851073988185779,0.1353823279379871,0.8360570564691444,25,30,20
41,40,4.516478363785028e-05,0.028470930148477697,0.09505006033505696,0.8764338447328299,25,30,20
41,41,4.516096957418617e-05,0.028470447109340703,0.09505413724140978,0.8764302546796786,25,30,20
41,42,4.96540721970842e-05,0.04808514023374699,0.11826414281846098,0.8336010628755963,25,30,20
41,43,4.54357750264087e-05,0.06068772817102198,0.1045818077590621,0.834685028294891,25,30,20
41,44,4.492938233896663e-05,0.04805950628821466,0.07545172607040027,0.8764438382590458,25,30,20
41,45,5.3894792574240134e-05,0.048077732183264124,0.07576020085302478,0.8761081721711377,25,30,20
41,46,5.3978532076097066e-05,0.04807883930334781,0.07675199071138189,0.8751151914531947,25,30,20
41,47,5.381724691565214e-05,0.048078116725386935,0.07674133277935118,0.8751267332483466,25,30,20
41,48,5.397343550834576e-05,0.048078349840477645,0.07581431359758484,0.8760533631264308,25,30,20
41,49,4.4612978796549276e-05,0.04805848061193279,0.07542056601873375,0.8764763403905387,25,30,20
41,50,4.454870676647109e-05,0.048063151949785034,0.07546657813806829,0.8764257212053819,25,30,20
41,51,4.46465236607942e-05,0.048061806654558586,0.09096678559405454,0.8609267612277278,25,30,20
41,52,4.449171949231229e-05,0.04806088039554471,0.09095359947878365,0.8609410284061809,25,30,20
41,53,4.901505324339248e-05,0.04806175372832744,0.0910452947976658,0.860843936420764,25,30,20
41,54,4.901778146046469e-05,0.04806191797622774,0.09104826232454791,0.8608408019177645,25,30,20
41,55,5.3541311754966204e-05,0.04809425926786647,0.07576254558714769,0.8760896538332312,25,30,20
41,56,5.35456761776717e-05,0.04806786459200319,0.07574749391532364,0.8761310958164958,25,30,20
41,57,2.8304542812186088e-05,0.04807263222205505,0.09316782114191828,0.8587312420932153,25,30,20
41,58,2.798165189210779e-05,0.048040610821613455,0.0728567437045498,0.8790746638219453,25,30,20
41,59,2.7998254219692137e-05,0.08574859037967075,0.07511956826389615,0.8391038431022134,25,30,20
41,60,2.8072310289027763e-05,0.08574889067709753,0.07513853001448496,0.8390845069981284,25,30,20
41,61,3.300842470916111e-05,0.0480698249595377,0.07330248339681866,0.8785946832189353,25,30,20
41,62,3.300704421321629e-05,0.04806974275383249,0.07329991921857909,0.8785973309833761,25,30,20
41,63,3.29302506220369e-05,0.048069045209540764,0.07326532250453592,0.8786327020353022,25,30,20
41,64,2.8139399401955203e-05,0.048040933121720426,0.07283998248398053,0.8790909449948979,25,30,20
41,65,2.8216187974804612e-05,0.04804139623563602,0.07284456943661614,0.8790858181397736,25,30,20
41,66,2.3641090954880034e-05,0.048022871235267155,0.07259521028223938,0.8793582773915393,25,30,20
41,67,2.3804326918356448e-05,0.04803685969856442,0.07267822641384591,0.8792611095606717,25,30,20
41,68,2.3803031127097325e-05,0.04803671189680883,0.07267806759198499,0.8792614174800794,25,30,20
41,69,3.0237769372099096e-05,0.04733739563953208,0.07333066263876893,0.8793017039523271,25,30,20
41,70,3.0237836309979007e-05,0.047337406969837376,0.07333265819970783,0.8792996969941457,25,30,20
41,71,3.038871511599224e-05,0.047338013379739426,0.0733391206266423,0.8792924772785028,25,30,20
41,72,3.0238946283827434e-05,0.04733742383350945,0.09333798916297457,0.8592943480572327,25,30,20
41,73,3.0311911180353183e-05,0.047337725092029694,0.07343529624212651,0.8791966667546641,25,30,20
41,74,3.031319584693458e-05,0.047337720709142966,0.07343541571826115,0.8791965503767497,25,30,20
41,75,3.0314633897420535e-05,0.04733781267633659,0.07343906689506664,0.8791928057946997,25,30,20
41,76,3.0705009106243196e-05,0.0473392932396358,0.07346049498061408,0.8791695067706448,25,30,20
41,77,3.931623436154911e-05,0.04734812984067884,0.07508416766508814,0.8775283862598731,25,30,20
41,78,3.046233636114417e-05,0.04733817449205938,0.07333050140954667,0.8793008617620344,25,30,20
41,79,3.046370244599845e-05,0.04733848400693834,0.07333252971907572,0.8792985225715414,25,30,20
41,80,3.0463854111914532e-05,0.05682515003206249,0.06384577144967689,0.8792986146641504,25,30,20
41,81,3.9158713262145134e-05,0.05688666186374876,0.06828637423514078,0.8747878051878502,25,30,20
41,82,3.923418852567892e-05,0.056887116411009936,0.06824876032687752,0.8748248890735881,25,30,20
41,83,3.946564968284369e-05,0.056883450157698405,0.0682593474270607,0.8748177367655591,25,30,20
41,84,3.946591493978248e-05,0.05688409101217637,0.0682888442667394,0.8747875988061452,25,30,20
41,85,3.938911541091707e-05,0.056883475780273224,0.06829808913168113,0.8747790459726354,25,30,20
41,86,3.9310938849186444e-05,0.05688314691111621,0.06828968299751238,0.8747878591525224,25,30,20
41,87,3.9310998625307895e-05,0.056883066249043504,0.06828970431480012,0.8747879184375313,25,30,20
41,88,4.367952811873417e-05,0.056882851827084274,0.06836986565951195,0.8747036029852849,25,30,20
41,89,2.8954578111996003e-05,0.05763785280436351,0.06781638635412399,0.8745168062634009,25,30,20
41,90,2.418023729425805e-05,0.05763657105142034,0.06764718101594668,0.8746920676953397,25,30,20
41,91,2.433354040685822e-05,0.05763772594495013,0.06766510956681568,0.8746728309478286,25,30,20
41,92,2.4184447821741316e-05,0.05763736218318973,0.06765735192986633,0.8746811014391233,25,30,20
41,93,2.4873089661436076e-05,0.05753967111568099,0.06774515270288227,0.874690303091776,25,30,20
41,94,2.4718336947955956e-05,0.0575076346499127,0.06777772326234466,0.8746899237507952,25,30,20
41,95,2.487881448166083e-05,0.05751225233459476,0.06784291994547162,0.8746199489054525,25,30,20
41,96,2.5038989615351227e-05,0.05753491245970305,0.06791840827456841,0.8745216402761133,25,30,20
41,97,2.9404848234344423e-05,0.057513668327993595,0.06791479496591377,0.8745421318578579,25,30,20
41,98,2.4882780771264485e-05,0.057512804697435645,0.06781739548623368,0.8746449170355598,25,30,20
41,99,1.6267310959753615e-05,0.05745160871213028,0.0634228551194966,0.8791092688574131,25,30,20
41,100,1.6201110018085096e-05,0.05745124048069039,0.06567996901673391,0.8768525893925581,25,30,20
41,101,2.5471043329968584e-05,0.05750502174120024,0.10371264611445712,0.8387568611010129,25,30,20
41,102,0.00027539757511065943,0.0568402982942857,0.10413223104126762,0.8387520730893375,25,30,20
41,103,0.0002800019011705166,0.05684093859588599,0.10420694882207035,0.8386721106808744,25,30,20
41,104,0.0002799991140543055,0.05684061769882332,0.10420165938409294,0.83867772380303,25,30,20
41,105,0.0002798372411768397,0.0568356135407012,0.10413248074483147,0.838752068473291,25,30,20
41,106,0.0002751583680750255,0.05680870642355859,0.08235909253079228,0.8605570426775744,25,30,20
41,107,0.0002825060908899566,0.05733705329740729,0.07011601755944494,0.8722644230522582,25,30,20
41,108,0.0002825085679580748,0.040562270902871476,0.08689089896086802,0.872264321568303,25,30,20
41,109,0.00028250827894921794,0.040561629976987285,0.08686074366511325,0.8722951180789498,25,30,20
41,110,0.00027036148521682543,0.04003182472906521,0.08086853959005724,0.8788292741956615,25,30,20
41,111,0.0002659626517248157,0.04001448448266107,0.08272990906170215,0.8769896438039111,25,30,20
41,112,0.0002659627402265507,0.040014639815687675,0.08273088129669402,0.8769885161473906,25,30,20
41,113,2.4296692224346504e-05,0.040056590003142274,0.08292182100102487,0.8769972923036085,25,30,20
41,114,2.382839972292311e-05,0.0400463278305238,0.08067954008076507,0.8792503036889886,25,30,20
41,115,1.9505564506517673e-05,0.04004720441117086,0.08222185857296385,0.877711431451358,25,30,20
41,116,1.939451603478389e-05,0.040064818198882836,0.08111012072670104,0.8788056665583815,25,30,20
41,117,1.9394515555309847e-05,0.04006481826818206,0.08111013149227436,0.8788056557239886,25,30,20
41,118,1.9387246189230605e-05,0.040046635231715866,0.08058066779531517,0.8793533097267798,25,30,20
41,119,1.962201732925668e-05,0.040055791668243544,0.08066856279445501,0.8792560235199726,25,30,20
41,120,1.969745378619792e-05,0.040055948036845396,0.08067266287761964,0.8792516916317489,25,30,20
41,121,1.9460003547802826e-05,0.04004639021327328,0.08062246001845563,0.8793116897647232,25,30,20
41,122,2.3910077937499932e-05,0.0400467234228191,0.08066737439252313,0.8792619921067193,25,30,20
41,123,1.9386553336853514e-05,0.040046106780517655,0.11951811101879023,0.8404163956473539,25,30,20
41,124,1.9455923607753984e-05,0.040046446220193134,0.08057667357274764,0.8793574242834498,25,30,20
41,125,1.9534028898354395e-05,0.04004676005732449,0.08058115198203787,0.8793525539317375,25,30,20
41,126,1.9610719278282765e-05,0.040047141054346175,0.08058345301025739,0.8793497952161167,25,30,20
41,127,1.9533986787838234e-05,0.04004683142519691,0.08061575726342607,0.8793178773245875,25,30,20
41,128,1.945591305136746e-05,0.04004682874326855,0.08061331584585682,0.8793203994978217,25,30,20
41,129,2.409834608561895e-05,0.04007376051847891,0.08105564376494032,0.8788464973704943,25,30,20
41,130,1.930021762308536e-05,0.04004583916617849,0.08060354070539834,0.8793313199107977,25,30,20
41,131,2.4169570145265467e-05,0.0400691118689048,0.08097089262503034,0.8789358259359179,25,30,20
41,132,2.4409863750863283e-05,0.039924331107512805,0.08111572253997455,0.8789355364887608,25,30,20
41,133,2.4408597566906755e-05,0.039924333156090695,0.08111775864942596,0.8789334995969156,25,30,20
41,134,2.4329115536940604e-05,0.03992386179199913,0.08110887049297721,0.8789429385994856,25,30,20
41,135,2.432789902512642e-05,0.03992379052267762,0.08110640539125828,0.8789454761870376,25,30,20
41,136,1.5379950745378855e-05,0.0398726140850224,0.08117616039761182,0.8789358455666176,25,30,20
41,137,1.5379806416181844e-05,0.039872450744495455,0.08117541423522248,0.8789367552138634,25,30,20
41,138,1.5379796597174434e-05,0.0398723712572914,0.08117478557560891,0.8789374633705,25,30,20
41,139,1.5456556535613885e-05,0.039872764618494,0.08122169745395384,0.878890081371014,25,30,20
41,140,1.5533242616616276e-05,0.0398730685903777,0.08122509560778411,0.8788863025592195,25,30,20
41,141,2.005517333843159e-05,0.03987355850194086,0.08133350295534186,0.8787728833693765,25,30,20
41,142,2.0053849790112735e-05,0.03987356132897106,0.08136772484355942,0.878738659977677,25,30,20
41,143,2.005483812339489e-05,0.03987378357723571,0.08136734379247162,0.8787388177921668,25,30,20
41,144,2.0054893059510103e-05,0.03987378382028392,0.08136714428525332,0.8787390170014001,25,30,20
41,145,2.0053524198762816e-05,0.03987347415487227,0.0813654424817314,0.8787410298391947,25,30,20
41,146,2.0059123320407202e-05,0.039873806614013796,0.08137097221689803,0.8787351620457639,25,30,20
41,147,1.9983652613948e-05,0.039873582560515104,0.081404780692284,0.8787016530945835,25,30,20
41,148,2.47717233281117e-05,0.03990138847775614,0.08180088653073592,0.8782729532681764,25,30,20
41,149,1.990508332776901e-05,0.03987804709689779,0.08143583113656477,0.8786662166832068,25,30,20
41,150,1.9980462344648347e-05,0.03987827444156472,0.0814381587640531,0.878663586332035,25,30,20
41,151,2.014695604293602e-05,0.03987943632801065,0.0834127411069021,0.8766876756090417,25,30,20
41,152,2.3385416353104558e-05,0.06332289428569088,0.05995936830699608,0.8766943519909595,25,30,20
41,153,0.00019604071781043747,0.06418266918440821,0.07216832050970773,0.863452969588074,25,30,20
41,154,0.00019604340072149656,0.06418290340586628,0.07213357702796713,0.8634874761654455,25,30,20
41,155,0.0001960420675268178,0.06418274336400978,0.07213323801467142,0.8634879765537926,25,30,20
41,156,0.00019603649291122138,0.0641824136235007,0.07212843901907233,0.8634931108645165,25,30,20
41,157,0.00019620262561024354,0.06419157044431702,0.07222719257761158,0.8633850343524617,25,30,20
41,158,0.0001962793359843992,0.06419187594640678,0.07219439106444925,0.8634174536531602,25,30,20
41,159,2.3623897313651978e-05,0.06333193595785971,0.05998201726176694,0.87666242288306,25,30,20
41,160,2.3852697172206994e-05,0.06335825018750434,0.06216441099480102,0.874453486120523,25,30,20
41,161,2.3852678921523982e-05,0.06335832682807638,0.062165476727324816,0.8744523437656777,25,30,20
41,162,2.3614972227776196e-05,0.06335732767730513,0.06014881573174333,0.8764702416187242,25,30,20
41,163,2.3611020435943788e-05,0.06337299167536518,0.060133159698565565,0.8764702376056319,25,30,20
41,164,2.376585421741536e-05,0.06337353280709394,0.060144372150470346,0.8764583291882169,25,30,20
41,165,2.376731532462403e-05,0.06337361556840126,0.06014570500775483,0.8764569121085175,25,30,20
41,166,2.376725993669459e-05,0.06337361557755788,0.06014841634642835,0.8764542008160757,25,30,20
41,167,2.3764406050300047e-05,0.0633732980162759,0.060182478746087356,0.876420458831585,25,30,20
41,168,2.384100087119729e-05,0.06337344663360624,0.06018828298135908,0.8764144293841621,25,30,20
41,169,2.3762904320231885e-05,0.0633732177968554,0.060182146995135424,0.8764208723036877,25,30,20
41,170,2.3523824571192893e-05,0.06355933425497605,0.05999674244092171,0.8764203994795294,25,30,20
41,171,2.3448513429727014e-05,0.06355934270631884,0.05999767360306115,0.8764195351771885,25,30,20
41,172,2.3445798128247872e-05,0.06355933460728726,0.0599951194596445,0.8764221001349383,25,30,20
41,173,2.336909780942238e-05,0.06355895392928634,0.06000386421517394,0.8764138127577283,25,30,20
41,174,2.33664098782461e-05,0.06355871426357874,0.06000154845872814,0.8764163708678124,25,30,20
41,175,2.32923561732792e-05,0.06355864963339414,0.0599979348261936,0.8764201231842367,25,30,20
41,176,1.8583867780733903e-05,0.06353116361451909,0.05960888923652821,0.8768413632811698,25,30,20
41,177,1.8507132433192075e-05,0.06353077593706061,0.059603809388906706,0.8768469075415973,25,30,20
41,178,1.8661904761043222e-05,0.06353146755384119,0.05959999697305219,0.8768498735683434,25,30,20
41,179,1.8818952870261937e-05,0.06354544008104264,0.059700967616720384,0.8767347733493648,25,30,20
41,180,1.8743641965200786e-05,0.06354521275067428,0.05969635067697369,0.8767396929303848,25,30,20
41,181,1.8663385893639082e-05,0.06353178014636307,0.059603410420819174,0.8768461460469221,25,30,20
41,182,1.414150047502123e-05,0.06353113440547141,0.05949262787974611,0.8769620962143052,25,30,20
41,183,1.4142905936553102e-05,0.06353106460014962,0.05949495773284186,0.87695983476107,25,30,20
41,184,1.8949009821300648e-05,0.06355005630995898,0.0597676711888436,0.8766633234913747,25,30,20
41,185,1.8950384076811066e-05,0.06355036735247875,0.05977209067155271,0.8766585915918901,25,30,20
41,186,1.8708825371459026e-05,0.06354097482195235,0.059671643591553546,0.8767686727611209,25,30,20
41,187,1.8707380963610558e-05,0.06354096503893229,0.059670608065097594,0.8767697195150048,25,30,20
41,188,1.870604805765674e-05,0.06354088559347452,0.0596808422278863,0.8767595661305798,25,30,20
41,189,1.8628100749664865e-05,0.06354027125362485,0.059708720996096136,0.8767323796495278,25,30,20
41,190,1.8626732551495796e-05,0.06354011228513048,0.05970609538869125,0.8767351655936259,25,30,20
41,191,1.863087946842599e-05,0.06354012745463841,0.05971236273457731,0.8767288789313159,25,30,20
41,192,1.862674279502092e-05,0.06354026307786813,0.05970903197383524,0.8767320782055016,25,30,20
41,193,1.8626571731446783e-05,0.06354025397584975,0.05967103274029702,0.8767700867121218,25,30,20
41,194,1.8630865720483178e-05,0.06354494763850309,0.05969636703605942,0.876740054459717,25,30,20
41,195,1.863218204904548e-05,0.06354502822276023,0.05969723023523531,0.8767391093599554,25,30,20
41,196,2.330912366087925e-05,0.06355050266064695,0.05984354747415202,0.8765826407415398,25,30,20
41,197,2.0065092504233662e-05,0.08007363977121501,0.04333033246320473,0.8765759626730757,25,30,20
41,198,2.0140431246044646e-05,0.08007363144070932,0.04333015487959569,0.8765760732484488,25,30,20
41,199,2.0139113913150944e-05,0.08007347802116511,0.04332931531861041,0.876577067546311,25,30,20
41,200,2.0139133908047236e-05,0.08007356166482188,0.04537069410838529,0.8745356050928846,25,30,20
41,201,2.0137772993586654e-05,0.08007348496619018,0.0453523405184061,0.8745540367424095,25,30,20
41,202,2.0137774394060453e-05,0.0800734793145383,0.04533263769746282,0.8745737452136043,25,30,20
41,203,2.0132083128980285e-05,0.0800686304056508,0.04530690767624038,0.8746043298349793,25,30,20
41,204,2.0240775628104034e-05,0.0800910137830029,0.045585816989919856,0.8743029284514486,25,30,20
41,205,2.0242174283955208e-05,0.08009125219904986,0.04558955389981113,0.8742989517268547,25,30,20
41,206,2.0321806364328737e-05,0.08009133733777019,0.045614032485378125,0.8742743083704869,25,30,20
41,207,2.032327263785771e-05,0.0800671539642718,0.0456379001398374,0.8742746226232526,25,30,20
41,208,2.031904209097784e-05,0.08006721962654621,0.045617620156672284,0.8742948411746903,25,30,20
41,209,2.0245102076496974e-05,0.08006684293060638,0.045614334554904774,0.8742985774124119,25,30,20
41,210,2.0245129172404476e-05,0.08006676903198766,0.04561361583136626,0.8742993700074732,25,30,20
41,211,2.0245105019019035e-05,0.08006677018719156,0.04561358401193423,0.8742994006958549,25,30,20
41,212,2.0327211952875603e-05,0.08006740258218713,0.046313110608490235,0.8735991595973692,25,30,20
41,213,2.032732511994459e-05,0.08006733036441464,0.0463910014499119,0.8735213408605526,25,30,20
41,214,2.0324538699585032e-05,0.08006733009536475,0.04639131955421888,0.8735210258117158,25,30,20
41,215,2.05627993285306e-05,0.08003907784472132,0.04641917885688087,0.8735211804990669,25,30,20
41,216,2.5087943013205415e-05,0.08004002921522714,0.046531376253022325,0.8734035065887352,25,30,20
41,217,2.5086453454211144e-05,0.08006490099035939,0.04650682154112983,0.8734031910150546,25,30,20
41,218,2.4856269191537954e-05,0.08003858120757483,0.04432314964362306,0.8756134128796088,25,30,20
41,219,2.973843844560277e-05,0.08005772335254298,0.04451670209083889,0.8753958361181708,25,30,20
41,220,2.9739728881670732e-05,0.08005757096235952,0.04451367107422856,0.8753990182345285,25,30,20
41,221,2.9816287795381877e-05,0.08005779749263064,0.044516079296613185,0.8753963069229593,25,30,20
41,222,2.98162612697983e-05,0.08005779471491924,0.04451581810415958,0.8753965709196504,25,30,20
41,223,2.9895712637332464e-05,0.08005826893381413,0.04452672241210998,0.8753851129414375,25,30,20
41,224,2.9971017639333412e-05,0.0800586455980502,0.04452918860292338,0.8753821947813856,25,30,20
41,225,2.9970997696807978e-05,0.08005864429588319,0.044515255803560534,0.8753961289028583,25,30,20
41,226,2.996965075053986e-05,0.08005848676125735,0.04451354955837891,0.8753979940296123,25,30,20
41,227,2.996976191746832e-05,0.08005848607811585,0.04447665065782022,0.8754348935021454,25,30,20
41,228,2.9891690185957677e-05,0.08005832730398628,0.04447170698781016,0.8754400740180168,25,30,20
41,229,2.9890337406953092e-05,0.08005816149616463,0.04242574285047719,0.8774862053159507,25,30,20
41,230,2.9891640181150775e-05,0.08005831214730551,0.042425168139466916,0.8774866280730458,25,30,20
41,231,3.0050654731557075e-05,0.08005848610956329,0.042465355594520755,0.8774461076411839,25,30,20
41,232,3.012736831433902e-05,0.08005879165606569,0.042470216470491345,0.8774408645051281,25,30,20
41,233,3.012735987078291e-05,0.08005879430536952,0.042470434247328125,0.8774406440874316,25,30,20
41,234,3.004363830171507e-05,0.08005884580715313,0.04243237910866617,0.8774787314458788,25,30,20
41,235,3.0043638683520025e-05,0.08005884587969135,0.04243240364642722,0.8774787068351978,25,30,20
41,236,3.0121879881363335e-05,0.08006727737586894,0.041816194253177494,0.8780864064910722,25,30,20
41,237,2.5336276299555205e-05,0.08003942238389916,0.04139171816138014,0.8785435231784209,25,30,20
41,238,2.5336477497811303e-05,0.08003942493540825,0.04339110223671495,0.8765441363503785,25,30,20
41,239,2.5413167586840468e-05,0.080039727797748,0.043395212561906475,0.8765396464727587,25,30,20
41,240,2.5413164318878378e-05,0.08003961958578625,0.04339524535280201,0.876539721897093,25,30,20
41,241,2.5411627851411328e-05,0.08003953620391668,0.04139472818786511,0.8785403239803667,25,30,20
41,242,2.5416051007318973e-05,0.08003948139011462,0.04143220728084893,0.8785028952780292,25,30,20
41,243,2.8785689933371413e-05,0.08141829387424941,0.05325578898374147,0.8652971314520758,25,30,20
41,244,2.878126515837247e-05,0.08141834858155313,0.053218317939533764,0.8653345522137548,25,30,20
41,245,2.8858045183043217e-05,0.08141866372384537,0.05322342356027568,0.8653290546706961,25,30,20
41,246,2.3975793806577457e-05,0.081399521098962,0.05294925486793896,0.8656272482392927,25,30,20
41,247,1.9246455002379515e-05,0.08138106665488831,0.052683280361164056,0.8659164065289449,25,30,20
41,248,1.9169692260773413e-05,0.0813806047576221,0.0526768517773872,0.8659233737727294,25,30,20
41,249,1.909312162760656e-05,0.0813801598600788,0.052674502116176705,0.8659262449021164,25,30,20
41,250,1.909176330241869e-05,0.08138023416560433,0.052671684236398585,0.8659289898346942,25,30,20
41,251,1.9100410855032874e-05,0.08138589966951644,0.052661385868799024,0.8659336140508291,25,30,20
41,252,1.9340220376872778e-05,0.08139527549298427,0.05275159417858217,0.8658337901080564,25,30,20
41,253,1.9340223005848367e-05,0.08139527286378462,0.052752522931587616,0.8658328639816217,25,30,20
41,254,2.412693420663013e-05,0.08143180685563038,0.053146622376976274,0.865397443833187,25,30,20
41,255,2.4052951919383243e-05,0.08143143680282151,0.05314543362412435,0.8653990766211345,25,30,20
41,256,1.9685438759920864e-05,0.08143079151147253,0.05304372207515975,0.865505800974607,25,30,20
41,257,1.9682707693506697e-05,0.08143078203286523,0.053041954309883954,0.8655075809495565,25,30,20
41,258,1.4972947579351412e-05,0.0813990954120099,0.0526681969336778,0.8659177347067322,25,30,20
41,259,1.5048153180637778e-05,0.08139945814187971,0.0526701308876444,0.8659153628172943,25,30,20
41,260,1.5049483637494222e-05,0.081399538852523,0.05267066732581486,0.8659147443380231,25,30,20
41,261,1.4979917098123182e-05,0.08139495340240524,0.05272686288388145,0.8658632037966137,25,30,20
41,262,1.4980008243972374e-05,0.0813950307322696,0.052727579782529135,0.8658624094769557,25,30,20
41,263,1.4894807368579527e-05,0.0814111321145084,0.05271586952400514,0.8658581035541166,25,30,20
41,264,1.4660437954765014e-05,0.0814019983235829,0.05262952609058173,0.8659538151478795,25,30,20
41,265,1.4740103437811215e-05,0.08140193192353211,0.05265095022547034,0.8659323777475586,25,30,20
41,266,1.4659124766731385e-05,0.08140230815355848,0.052634031948383966,0.8659490007732897,25,30,20
41,267,1.4583697743028239e-05,0.08140207383348252,0.052630054734716686,0.865953287734057,25,30,20
41,268,1.4729778593663655e-05,0.08140227226745127,0.052563114784435226,0.8660198831695192,25,30,20
41,269,1.9458424575962027e-05,0.08111589816702405,0.052835301669071535,0.8660293417393278,25,30,20
41,270,1.938305566491655e-05,0.08111567339697383,0.052831842481913395,0.8660331010654475,25,30,20
41,271,1.9230980105194287e-05,0.08111529409069412,0.052824562587487016,0.8660409123417133,25,30,20
41,272,1.9309028889472233e-05,0.08111506090572046,0.05283049245794623,0.8660351376074437,25,30,20
41,273,1.9077581600518407e-05,0.08111405163373173,0.052817390932603285,0.8660494798520644,25,30,20
41,274,1.9004985211360014e-05,0.08111407225307894,0.05281578326181338,0.8660511394998964,25,30,20
41,275,1.931592088531631e-05,0.08111500629881946,0.05286896923441863,0.8659967085458774,25,30,20
41,276,1.9004977615640343e-05,0.0811140709747002,0.0528167019365735,0.8660502221111115,25,30,20
41,277,1.9003654188753672e-05,0.08111399157098642,0.05281722429195131,0.8660497804828741,25,30,20
41,278,1.9006535741000734e-05,0.08111432423927113,0.05282164865125861,0.8660450205737301,25,30,20
41,279,1.9240795499827485e-05,0.08109551897907691,0.05283982911318476,0.8660454111122396,25,30,20
41,280,1.9242161910870392e-05,0.08109590264100673,0.052843478451411914,0.8660413767456714,25,30,20
41,281,1.9239427833346932e-05,0.08109597117521154,0.05283510633230765,0.8660496830646484,25,30,20
41,282,1.916271814643123e-05,0.08109559861686629,0.052832204626322196,0.866053034038666,25,30,20
41,283,1.9157193704991056e-05,0.08109510596485282,0.05284016381095813,0.8660455730304851,25,30,20
41,284,1.9081801668876142e-05,0.08109488533087023,0.052837904603442024,0.8660481282640196,25,30,20
41,285,1.9005045279325847e-05,0.08109457706904219,0.05283305478333166,0.8660533631023475,25,30,20
41,286,1.8770786691803973e-05,0.08111272853256196,0.05281560486989035,0.8660528958108565,25,30,20
41,287,1.869404427930068e-05,0.08111242009156848,0.05281009207217642,0.8660587937919761,25,30,20
41,288,1.8695746323930214e-05,0.08111227601495764,0.05284469312942142,0.8660243351092971,25,30,20
41,289,1.8695746182068e-05,0.08111253726599951,0.05284443187886706,0.8660243351089515,25,30,20
41,290,1.8695753635249994e-05,0.08111237972503148,0.05285915737147816,0.8660097671498553,25,30,20
41,291,1.8689916193491286e-05,0.08111227312318071,0.05282085280464299,0.8660481841559831,25,30,20
41,292,1.8451437086624442e-05,0.08110297793323026,0.052731508014988916,0.8661470626146947,25,30,20
41,293,1.8448755526193274e-05,0.0811028176822386,0.05272852500557908,0.8661502085566568,25,30,20
41,294,1.845151418774287e-05,0.0811031418227905,0.0527204076404185,0.8661579990226038,25,30,20
41,295,1.845151137579296e-05,0.0811032129894321,0.05272017711357026,0.8661581583856224,25,30,20
41,296,1.8528389600639987e-05,0.08110336695150153,0.05272379797749291,0.8661543066814056,25,30,20
41,297,2.209807232638045e-05,0.0814149447126256,0.052399200570029204,0.8661637566450188,25,30,20
41,298,2.210082617891345e-05,0.08141979627514619,0.05241570987470394,0.8661423930239703,25,30,20
41,299,2.217892674608678e-05,0.08142018673842889,0.052421451173433296,0.8661361831613911,25,30,20
41,300,2.2183009877281753e-05,0.08142051002440022,0.05243878066326033,0.8661185263024617,25,30,20
41,301,2.2181609717309972e-05,0.08142019749097909,0.05243463593299587,0.8661229849663079,25,30,20
41,302,2.2186033858124218e-05,0.08142530145282213,0.05246596235790912,0.8660865501554114,25,30,20
41,303,2.2347793588456706e-05,0.08144369998982967,0.052565323804927504,0.8659686284116556,25,30,20
41,304,2.2349169616405623e-05,0.08144362465010316,0.052569019243880584,0.8659650069364011,25,30,20
41,305,2.218741045359651e-05,0.08142522623022176,0.05246966409357185,0.8660829222657536,25,30,20
41,306,2.218608023916795e-05,0.08142514827244993,0.052469046273872874,0.8660836193734387,25,30,20
41,307,2.219167938433402e-05,0.0814252431412678,0.0824480166801001,0.8361045484992502,25,30,20
41,308,2.242639715421816e-05,0.08143018433054589,0.0532979632090413,0.8652494260632602,25,30,20
41,309,2.2424941056150476e-05,0.081430326499818,0.05329695952148716,0.8652502890376401,25,30,20
41,310,2.2430715113576557e-05,0.08143073114505077,0.05330493357468514,0.8652419045651514,25,30,20
41,311,2.243205234511416e-05,0.08143074058270802,0.05329017702185501,0.8652566503430927,25,30,20
41,312,2.242620987216958e-05,0.08143025997642686,0.05328173841305451,0.8652655754006473,25,30,20
41,313,1.9056562486671266e-05,0.08005152141858068,0.041457653690687574,0.878471768328246,25,30,20
41,314,1.9056570571340133e-05,0.08005159556976307,0.04145650091480111,0.8784728469448649,25,30,20
41,315,1.4327956352818869e-05,0.08033602257707823,0.04118626110049024,0.8784633883660794,25,30,20
41,316,1.060014316762939e-05,0.08000358112595286,0.04153234436810715,0.878453474362773,25,30,20
41,317,1.060293094284294e-05,0.08000398146211374,0.04153837569350535,0.8784470399134386,25,30,20
41,318,1.0602959069885825e-05,0.0800039829440184,0.041539111980465435,0.8784463021164473,25,30,20
41,319,1.0687893586748629e-05,0.0932345633343551,0.028308289442769623,0.8784464593292887,25,30,20
41,320,1.0683984561332684e-05,0.09323424610845533,0.02832817505709224,0.8784268948498912,25,30,20
41,321,1.0684100198730155e-05,0.09323409031525204,0.028337368756543867,0.8784178568280059,25,30,20
41,322,1.068409619471776e-05,0.09323401889926142,0.02833737446040737,0.8784179225441372,25,30,20
41,323,1.0608758243419987e-05,0.09323418213310085,0.02833822901491177,0.8784169800937442,25,30,20
41,324,1.0610066670232947e-05,0.09323498973824808,0.02833741743566368,0.8784169827594184,25,30,20
41,325,1.0611363531801855e-05,0.09323506652257235,0.028338871413159047,0.8784154507007372,25,30,20
41,326,1.0534678307654243e-05,0.0932346871097684,0.028334249674735267,0.8784205285371892,25,30,20
41,327,1.0533302805831808e-05,0.09323468697013818,0.02833077016300375,0.8784240095640524,25,30,20
41,328,1.05319722057361e-05,0.09323460888744309,0.028329905696908006,0.8784249534434434,25,30,20
41,329,2.2564871489287422e-05,0.09394366090242177,0.03324384551135726,0.8727899287147318,25,30,20
41,330,2.2564889605442665e-05,0.09394366482871273,0.03324499052844331,0.8727887797532387,25,30,20
41,331,2.2719678760345883e-05,0.09394444291445642,0.03328199212867943,0.8727508452781043,25,30,20
41,332,2.263100818518034e-05,0.12068575400797103,0.00654094014037734,0.872750674843466,25,30,20
41,333,2.2473353598372977e-05,0.1206855193947113,0.0065299845914198506,0.8727620226602697,25,30,20
41,334,2.254564992774285e-05,0.12068079775276455,0.0065041077960782965,0.8727925488012288,25,30,20
41,335,2.2777982613560304e-05,0.12068172838409935,0.006506877279411051,0.8727886163538754,25,30,20
41,336,2.2624514470839234e-05,0.12068110507709014,0.006471430602384247,0.8728248398060542,25,30,20
41,337,2.2547764862414313e-05,0.12068064593289916,0.006465774783663055,0.8728310315185748,25,30,20
41,338,3.159439083807884e-05,0.12069966531718031,0.006851381524570993,0.8724173587674098,25,30,20
41,339,3.6302584882549916e-05,0.120731456927198,0.007293041568005889,0.8719391989199129,25,30,20
41,340,3.629987117148091e-05,0.12073144602487808,0.0072905172693113725,0.8719417368346386,25,30,20
41,341,3.63039330601799e-05,0.12073192160590962,0.00929656145219966,0.8699352130088301,25,30,20
41,342,3.6302539964164404e-05,0.12073161042010984,0.009291959293289137,0.8699401277466365,25,30,20
41,343,3.6303944661984346e-05,0.12073138756479204,0.00929091591601648,0.8699413925745294,25,30,20
41,344,3.60701648026822e-05,0.12073045807130738,0.009278631750538583,0.869954840013351,25,30,20
41,345,3.60745690380597e-05,0.12073095512869432,0.010035868765028827,0.8691971015372387,25,30,20
41,346,4.0787254756805516e-05,0.12076250988317788,0.010393710609507858,0.8688029922525576,25,30,20
41,347,4.086678164478295e-05,0.12076282665976068,0.010400900185686313,0.8687954063729084,25,30,20
41,348,4.063197881638621e-05,0.12075773168226211,0.009576800373358323,0.8696248359655634,25,30,20
41,349,4.062792129487322e-05,0.12075733164385012,0.007570795322069708,0.8716312451127856,25,30,20
41,350,4.070599645342133e-05,0.12075756846653894,0.007576504251290052,0.8716252212857178,25,30,20
41,351,4.0782710785124155e-05,0.12075365868291339,0.007580107163204525,0.8716254514430972,25,30,20
41,352,4.078407128126096e-05,0.12075374370147046,0.007582608791656148,0.871622863435592,25,30,20
41,353,4.078271650565273e-05,0.12075358495219106,0.009581325731204666,0.8696243066000986,25,30,20
41,354,4.0707369540916376e-05,0.12075492780301705,0.00958028699660656,0.8696240778308356,25,30,20
41,355,4.063061264895263e-05,0.1207547702577735,0.00957665030042467,0.869627948829153,25,30,20
41,356,2.859904346357082e-05,0.12004571954694196,0.0046635861542343475,0.8752620952553599,25,30,20
41,357,2.9161774559772794e-05,0.11975816744842921,0.004940789922079637,0.8752718808549312,25,30,20
41,358,2.9164468532547087e-05,0.11975787117057035,0.0049397962957981765,0.8752731680650983,25,30,20
41,359,2.908641720666229e-05,0.11975740804662056,0.0049345837915070415,0.8752789217446652,25,30,20
41,360,2.9089134054670903e-05,0.11975756981801189,0.004960955190006748,0.8752523858579262,25,30,20
41,361,2.916310969751971e-05,0.11975802841909934,0.004961736077808547,0.8752510723933941,25,30,20
41,362,3.395409790061866e-05,0.11935972689267924,0.005336930312359842,0.8752693886970593,25,30,20
41,363,3.395409544541042e-05,0.11935972818229512,0.0053369465785275735,0.8752693711437314,25,30,20
41,364,3.41066739687206e-05,0.11936952067962542,0.005438079805835525,0.8751582928405699,25,30,20
41,365,3.410953525728702e-05,0.11936961007386128,0.00615138961906077,0.8744448907718205,25,30,20
41,366,3.4109530532555775e-05,0.11936968519450616,0.004151296387749259,0.876444908887212,25,30,20
41,367,3.410813456051036e-05,0.1193696027169957,0.004124866936586816,0.876471422211857,25,30,20
41,368,2.506016197189013e-05,0.11935050240520399,0.003736842959270619,0.8768875944735538,25,30,20
41,369,2.5057532562260944e-05,0.11935041095201068,0.02406807892698079,0.8565564525884471,25,30,20
41,370,2.5134283478997533e-05,0.1193508742599347,0.024073416045280332,0.8565505754113067,25,30,20
41,371,2.5407995592805808e-05,0.11937649694961318,0.043679630378303996,0.8369184646764904,25,30,20
41,372,2.5481973094806508e-05,0.11937664292273674,0.04368063019765744,0.8369172449065121,25,30,20
41,373,2.540934117691105e-05,0.11937674344376255,0.043729739984869044,0.8368681072301924,25,30,20
41,374,2.5409343740387517e-05,0.11937674208205662,0.04373038086324132,0.8368674677109624,25,30,20
41,375,2.533801219367944e-05,0.11937691747362614,0.043734958077987676,0.8368627864361935,25,30,20
41,376,2.535903817146779e-05,0.11936421963194715,0.04356615829438026,0.8370442630355026,25,30,20
41,377,2.5432908539826373e-05,0.119364437063656,0.04287008669338898,0.837740043334417,25,30,20
41,378,2.0794240524247615e-05,0.11932841465026633,0.04251412271854927,0.838136668390662,25,30,20
41,379,2.0717551163241557e-05,0.119328115954775,0.04249786381448566,0.8381533026795779,25,30,20
41,380,2.071890545152067e-05,0.11932811591688147,0.04253491124668065,0.8381162539309878,25,30,20
41,381,2.0720073750877216e-05,0.11932819188353118,0.04249880689607817,0.8381522811466414,25,30,20
41,382,2.0718740860284135e-05,0.11932811293781848,0.04249859357349099,0.8381525747478318,25,30,20
41,383,2.0956972961835842e-05,0.11933786058099032,0.04262446826476094,0.8380167141812884,25,30,20
41,384,2.0957076422925178e-05,0.11933674233538002,0.04262550539822706,0.8380167951899711,25,30,20
41,385,2.0629495712970433e-05,0.11946376550369156,0.04249489908576425,0.8380207059148325,25,30,20
41,386,2.0706185009426217e-05,0.1194640668462291,0.04249848953972446,0.8380167374290383,25,30,20
41,387,2.0707517905547773e-05,0.11946407222429169,0.0424996219258999,0.8380155983319042,25,30,20
41,388,2.070751143861401e-05,0.11946406801657532,0.04249816976593891,0.8380170547060485,25,30,20
41,389,2.0550456292577505e-05,0.11960540022798409,0.04237053474199745,0.838003514573727,25,30,20
41,390,2.0547744657718336e-05,0.11960523446810434,0.042368508814893194,0.8380057089723456,25,30,20
41,391,2.0545009152566025e-05,0.11960467972808178,0.04235902417164993,0.8380157510911167,25,30,20
41,392,2.05436346398132e-05,0.11960460536141503,0.06268630298792555,0.8176885480160203,25,30,20
41,393,2.0543585111919486e-05,0.11960467797745775,0.0626857578958859,0.8176890205415452,25,30,20
41,394,1.5754266917432406e-05,0.1199732233074916,0.06233555681982578,0.8176754656057657,25,30,20
41,395,1.5754267899339186e-05,0.11997337553989419,0.062335373433082965,0.8176754967591239,25,30,20
41,396,1.575562643319677e-05,0.119973461867591,0.06233793927932493,0.8176728432266512,25,30,20
41,397,1.5752898675675127e-05,0.11997345098152619,0.06233563210889586,0.8176751640109029,25,30,20
41,398,1.575158403210844e-05,0.11997337180789797,0.06233356520396778,0.8176773114041029,25,30,20
41,399,2.067128675659588e-05,0.1200147672595013,0.0636421425818178,0.8163224188719248,25,30,20
41,400,2.0671281036204002e-05,0.1200147672494406,0.06360523442752605,0.8163593270419978,25,30,20
41,401,2.059457436688204e-05,0.12001445903454558,0.06360112176301726,0.8163638246280711,25,30,20
41,402,2.0591777955111192e-05,0.12001412412959304,0.0635479557554481,0.8164173283370044,25,30,20
41,403,2.0644133499768532e-05,0.12004463393657396,0.06370979271231596,0.8162249292176109,25,30,20
41,404,2.079875229989256e-05,0.12004452873590217,0.06299068077326256,0.8169439917385358,25,30,20
41,405,2.095545965849308e-05,0.12005841104203548,0.06307544842579077,0.8168451850725158,25,30,20
41,406,2.0958186876736384e-05,0.12005872891587924,0.06307780908119463,0.81684250381605,25,30,20
41,407,2.0799084755782134e-05,0.1200583313800218,0.06303840469619257,0.8168824648390305,25,30,20
41,408,2.0722325354106066e-05,0.12005787082849251,0.0630335535645314,0.8168878532816225,25,30,20
41,409,2.056696323531272e-05,0.12004391410080323,0.06294901261081538,0.8169865063251466,25,30,20
41,410,2.056698854507229e-05,0.12004384141187752,0.06294950136435438,0.8169860902352236,25,30,20
41,411,2.0569672758034915e-05,0.12004377411450992,0.0629513086159676,0.8169843475967649,25,30,20
41,412,2.0643769272428275e-05,0.12004438149134654,0.06295896824509083,0.8169760064942906,25,30,20
41,413,2.040571544486558e-05,0.12003456602643031,0.06284868873007535,0.8170963395280499,25,30,20
41,414,2.064503309559415e-05,0.12005341104433517,0.06298961910273258,0.816936324819837,25,30,20
41,415,2.064100771657285e-05,0.12005316600392973,0.06298788575631648,0.8169383072320378,25,30,20
41,416,2.485504673091355e-05,0.12066911903630069,0.06234996931451322,0.8169560566024565,25,30,20
41,417,2.007350212560746e-05,0.12061959367804871,0.06191588003904576,0.8174444527807815,25,30,20
41,418,2.007378015125425e-05,0.12061959875698491,0.06191674494920967,0.8174435825136557,25,30,20
41,419,2.007656573550976e-05,0.12061976185675238,0.0619195425751874,0.8174406190023252,25,30,20
41,420,2.0080786039895744e-05,0.12060424469009226,0.061935051171034344,0.8174406233528343,25,30,20
41,421,1.5672809075503363e-05,0.12069566840609433,0.06186719843462105,0.8174214603502099,25,30,20
41,422,1.567131479509185e-05,0.1206956569080251,0.061850760675601614,0.8174379111015792,25,30,20
41,423,1.5591298888882154e-05,0.12068615059412284,0.06175125525389908,0.8175470028530901,25,30,20
41,424,1.590092432929001e-05,0.12068730813560759,0.04143923766922747,0.8378575532708364,25,30,20
41,425,1.1286044358260676e-05,0.12067262286497348,0.04105122453823116,0.8382648665524376,25,30,20
41,426,1.1286063140982819e-05,0.1206726257310485,0.04105310419017034,0.8382629840156406,25,30,20
41,427,1.0976464089797956e-05,0.12067147252928889,0.041047200424912174,0.8382703505817096,25,30,20
41,428,1.0737141418891197e-05,0.12065262999899426,0.04090786110080586,0.8384287717587816,25,30,20
41,429,1.0737141933603817e-05,0.12065255468511615,0.04090853088937904,0.8384281772835718,25,30,20
41,430,1.0813855030672545e-05,0.12065293698384723,0.04091248058810359,0.8384237685730191,25,30,20
41,431,1.0813896010514954e-05,0.12065317144202918,0.040915811298406955,0.8384202033635539,25,30,20
41,432,1.089191459935243e-05,0.12065325054051555,0.040915678657070444,0.838420178887815,25,30,20
41,433,1.088764568693557e-05,0.12066371537722224,0.040905225050503154,0.8384201719265882,25,30,20
41,434,1.0962780538270627e-05,0.12066408722733113,0.04090759373151756,0.8384173562606138,25,30,20
41,435,1.0962807900326248e-05,0.12066392128416929,0.04091437813638089,0.8384107377715503,25,30,20
41,436,1.0887426200276037e-05,0.12066369243572587,0.04091061068720507,0.8384148094508695,25,30,20
41,437,1.0887406370087123e-05,0.12066369657793886,0.040911289469109144,0.8384141265465828,25,30,20
41,438,1.0813587671501058e-05,0.12064954482326735,0.04092550800161802,0.838414133587444,25,30,20
41,439,1.0660744877765794e-05,0.12062312948130813,0.04000857555373391,0.8393576342200805,25,30,20
41,440,1.0584054225174712e-05,0.12062298578239189,0.04000303766481651,0.8393633924985667,25,30,20
41,441,1.0581314287356158e-05,0.12062282548631632,0.040000732103812435,0.8393658610955842,25,30,20
41,442,1.0505884071625934e-05,0.12062259906285469,0.03998319998002663,0.8393836950730479,25,30,20
41,443,1.0583988792732741e-05,0.12062267981391037,0.04000126361054404,0.8393654725867536,25,30,20
41,444,1.0589658416091449e-05,0.12062255263971214,0.04004400996719338,0.8393228477346792,25,30,20
41,445,1.0590955223166726e-05,0.12062262640223693,0.04004274856106251,0.839324034081478,25,30,20
41,446,1.0590919932989926e-05,0.12062262791724283,0.040043452867587585,0.8393233282952371,25,30,20
41,447,1.059234693433915e-05,0.12062255683994363,0.040044396802393224,0.8393224540107294,25,30,20
41,448,1.0592324831760419e-05,0.12062255543336314,0.04004532553989419,0.8393215267019112,25,30,20
41,449,1.0591022866100729e-05,0.12062248155143784,0.040045658621197404,0.8393212688044989,25,30,20
41,450,1.0436243013321168e-05,0.12062186243336318,0.04003644016297194,0.8393312611606517,25,30,20
41,451,1.043760262735969e-05,0.12062202264977233,0.04003929917149616,0.8393282405761043,25,30,20
41,452,1.051433027201156e-05,0.12062351275542134,0.04003765849340359,0.8393283144209029,25,30,20
41,453,1.0512691313857219e-05,0.12064933322952952,0.04001636936196131,0.8393237847171952,25,30,20
41,454,1.0435959255826975e-05,0.12064894540634889,0.04001063008877896,0.8393299885456165,25,30,20
41,455,1.0434507327831326e-05,0.12064901242451198,0.040007811694787974,0.8393327413733722,25,30,20
41,456,1.0434478171063089e-05,0.12064900957073274,0.040006924059161716,0.8393336318919344,25,30,20
41,457,1.0434463103801228e-05,0.12064900819466504,0.04000738619543142,0.8393331711468,25,30,20
41,458,1.043444024638897e-05,0.12064900418063214,0.040006829821223444,0.8393337315578983,25,30,20
41,459,1.0279651957925447e-05,0.12064838639084968,0.03999775696408063,0.8393435769931119,25,30,20
41,460,1.0279638560232768e-05,0.12064822329759536,0.03999978187270642,0.8393417151911382,25,30,20
41,461,1.0280974081167704e-05,0.12064815334442311,0.03999996395844616,0.8393416017230498,25,30,20
41,462,1.0283754736341324e-05,0.12064808765751224,0.04000208005263547,0.8393395485351159,25,30,20
41,463,1.0360493856308887e-05,0.1206483959225105,0.04000783433699074,0.8393334092466425,25,30,20
41,464,1.0515280662517343e-05,0.12064916589119905,0.04001723451505139,0.8393230843130872,25,30,20
41,465,1.0438502226638572e-05,0.12064052305304929,0.0400261062904248,0.8393229321542993,25,30,20
41,466,1.0439795830099262e-05,0.12064044769310078,0.040065894347883727,0.8392832181631863,25,30,20
41,467,1.0439811224480793e-05,0.12064052169057338,0.040066000338139965,0.8392830381600632,25,30,20
41,468,1.0438435603087803e-05,0.12064052027637295,0.04006209379943312,0.8392869474885917,25,30,20
41,469,1.028367258323348e-05,0.12063975037994379,0.04005275983656479,0.8392972061109092,25,30,20
41,470,1.0284996090783995e-05,0.12063982824385931,0.04005183110347444,0.8392980556565764,25,30,20
41,471,1.0131031072802409e-05,0.12066284960662543,0.04002874445260038,0.8392982749097019,25,30,20
41,472,1.4974268584470466e-05,0.12070778432634358,0.04049348364705166,0.8387837577580215,25,30,20
41,473,1.0123949327546855e-05,0.12066250799804137,0.039980241127229574,0.8393471269254017,25,30,20
41,474,1.0122492771589362e-05,0.1206624981541156,0.03997904450516663,0.8393483348479465,25,30,20
41,475,1.0193561762214893e-05,0.12069117178903105,0.03995023409448542,0.8393484005547216,25,30,20
41,476,1.0352597598279013e-05,0.12070023343430357,0.040020609225509374,0.8392688047425891,25,30,20
41,477,1.0352727120451308e-05,0.12070024527287751,0.0400460755470252,0.8392433264529764,25,30,20
41,478,1.0115618123252599e-05,0.1206908713358194,0.03995863217415224,0.8393403808719049,25,30,20
41,479,1.011556789292541e-05,0.12069086853540417,0.039958077039598715,0.8393409388571041,25,30,20
41,480,1.0266164729686593e-05,0.1285029911575561,0.031880306361403814,0.8396064363163096,25,30,20
41,481,1.0266161690259793e-05,0.12851636931599786,0.03186692826430448,0.8396064362580069,25,30,20
41,482,1.0341577167356478e-05,0.12851659685213826,0.03186978142232886,0.8396032801483649,25,30,20
41,483,1.0580244617638967e-05,0.12852581738469668,0.03195754380965837,0.839506058561027,25,30,20
41,484,1.0659739994119562e-05,0.1285262900689619,0.03196452660551626,0.8394985235855273,25,30,20
41,485,1.06583687447981e-05,0.12852629136560145,0.031945912303570335,0.8395171379620829,25,30,20
41,486,1.0659734520933752e-05,0.12852652716008114,0.03266261191668093,0.8388002011887168,25,30,20
41,487,1.0659808768034009e-05,0.12852668380317966,0.032662995271697665,0.8387996611163544,25,30,20
41,488,1.0419813709847239e-05,0.12851731397257538,0.03257466036687801,0.8388976058468366,25,30,20
41,489,1.0421179507258098e-05,0.12851779146248074,0.03257402273948254,0.8388977646185295,25,30,20
41,490,1.0345787253094959e-05,0.12851765030908457,0.03257205488539338,0.8388999490182689,25,30,20
41,491,1.0348564975629514e-05,0.12851766272182294,0.032576223288422745,0.8388957654247791,25,30,20
41,492,1.5012352211415899e-05,0.11996823228066049,0.04137748377714608,0.8386392715899825,25,30,20
41,493,1.5012403912845573e-05,0.11996831194747239,0.04137779416487821,0.8386388814837372,25,30,20
41,494,1.5165834022449957e-05,0.11996861583031716,0.040670853111510856,0.8393453652241507,25,30,20
41,495,1.524121766371788e-05,0.11996899557576896,0.040676408616096504,0.8393393545904716,25,30,20
41,496,1.5243907030061178e-05,0.11996914765088114,0.04065366849459259,0.8393619399474965,25,30,20
41,497,1.5243942283829207e-05,0.11996914755279658,0.04061423033754672,0.8394013781673736,25,30,20
41,498,1.5243893477385573e-05,0.11996906919809598,0.04061392612260932,0.839401760785818,25,30,20
41,499,1.532332720296626e-05,0.11996946625679836,0.04061983388349008,0.8393953765325093,25,30,20
41,500,1.5327595594399264e-05,0.11997876810471941,0.0406523559362833,0.8393535483634034,25,30,20
41,501,1.5328966325922393e-05,0.11997885453695162,0.04065362348059308,0.8393521930161298,25,30,20
41,502,1.5327590804633617e-05,0.11997893126936723,0.04265982476488116,0.8373459163749475,25,30,20
41,503,1.5327590410871605e-05,0.11997908607289583,0.04265930976389932,0.8373462765727941,25,30,20
41,504,1.5253565155081141e-05,0.11997871041173797,0.04265796584544031,0.8373480701776671,25,30,20
41,505,1.5254975048484766e-05,0.1199787161277488,0.04265942887620296,0.837346600021,25,30,20
41,506,1.5254927042573747e-05,0.1199787052102858,0.04265739024689237,0.8373486496157796,25,30,20
41,507,1.5102843284454773e-05,0.11997809689927663,0.04265083866612862,0.8373559615913106,25,30,20
41,508,1.494806164761608e-05,0.11997748045619193,0.04264059027712893,0.8373669812050321,25,30,20
41,509,1.4948136335630023e-05,0.1199775590170065,0.0426537351864323,0.8373537576602265,25,30,20
41,510,1.5023523433313586e-05,0.11997778252379622,0.042658636815191005,0.8373485571375803,25,30,20
41,511,1.5022109954203016e-05,0.11997777292209015,0.042657837540936556,0.8373493674270196,25,30,20
41,512,1.5023387499528862e-05,0.11997761769289145,0.042658366475430844,0.837348992444179,25,30,20
41,513,1.5023365433145192e-05,0.11997761630497937,0.042658112723342585,0.8373492476062459,25,30,20
41,514,1.5098772669967097e-05,0.1199782288848257,0.0426645671269811,0.8373421052155241,25,30,20
41,515,1.988267527836033e-05,0.12001457853713703,0.04307628948257013,0.8368892493050153,25,30,20
41,516,1.5306401926606135e-05,0.1199992007842757,0.023320703285808618,0.8566647895279896,25,30,20
41,517,1.5305112729859254e-05,0.11999920226731131,0.023318290362870447,0.8566672022570891,25,30,20
41,518,1.5229670444161835e-05,0.11999874440133113,0.023312040708929133,0.8566739852192963,25,30,20
41,519,1.5384466543786843e-05,0.11999959387150227,0.021315311766648363,0.858669709895306,25,30,20
41,520,1.5384502096900136e-05,0.11999974617959865,0.021316473426283667,0.8586683958920213,25,30,20
41,521,1.5309181615056773e-05,0.11999975761585985,0.02131628221644295,0.8586686509860827,25,30,20
41,522,1.530911510620254e-05,0.11999952132684844,0.0213113336829978,0.8586738358750482,25,30,20
41,523,1.5303528653140282e-05,0.11999014432665411,0.021279579190424648,0.8587149729542688,25,30,20
41,524,1.5300789080029164e-05,0.11998989760185788,0.02198853821636503,0.8580062633926978,25,30,20
41,525,1.52994873370736e-05,0.11998974290659221,0.021989602105717865,0.8580053555003534,25,30,20
41,526,1.5376267968983774e-05,0.11998430922573018,0.02199472607542969,0.8580055884308719,25,30,20
41,527,1.5376246460400906e-05,0.119984390060867,0.02199297314749102,0.8580072605451822,25,30,20
41,528,1.5376254665062885e-05,0.1199843927627581,0.0220084084341606,0.8579918225484168,25,30,20
41,529,1.5376207479409318e-05,0.11998438735324359,0.022009780881349153,0.8579904555579286,25,30,20
41,530,1.5450234984439794e-05,0.11998483964458559,0.022010781574197204,0.8579889285462333,25,30,20
41,531,1.53761677267945e-05,0.11998616360673069,0.022009760554116603,0.8579886996714265,25,30,20
41,532,1.5376189326408917e-05,0.11998592236055255,0.022012831846437157,0.8579858696036848,25,30,20
41,533,1.5376252621934178e-05,0.11998584887928693,0.022030568398648177,0.8579682064694438,25,30,20
41,534,1.9977991781097134e-05,0.1199864855946904,0.022105660625435668,0.8578878757880937,25,30,20
41,535,1.9898542493208228e-05,0.11998594021007764,0.022100130302324897,0.8578940309451049,25,30,20
41,536,2.8954142095201614e-05,0.12000467161106504,0.022432394447674513,0.8575339797991659,25,30,20
41,537,2.8952802999419477e-05,0.12000459069792853,0.022430630264264454,0.8575358262348081,25,30,20
41,538,2.895135752200575e-05,0.12000458630555406,0.022430336834942444,0.8575361255019815,25,30,20
41,539,2.902801457455214e-05,0.12000496434468078,0.02243488887503446,0.8575311187657103,25,30,20
41,540,2.9107513222519178e-05,0.11999985636829233,0.022439757032812143,0.8575312790856731,25,30,20
41,541,2.910885142203463e-05,0.12000000976650278,0.02244435710808276,0.8575265242739925,25,30,20
41,542,2.9348892956364563e-05,0.11999942089731086,0.022648728125285133,0.8573225020844475,25,30,20
41,543,2.934887580586908e-05,0.1199996538465183,0.022645891808630636,0.8573251054690452,25,30,20
41,544,2.9348802257332273e-05,0.11999957531437655,0.022632762649900214,0.8573383132334659,25,30,20
41,545,2.4745692459366395e-05,0.11999908811200025,0.022554532020699285,0.857421634174841,25,30,20
41,546,2.4821126059631163e-05,0.11999947063128827,0.02256018071696726,0.8574155275256846,25,30,20
41,547,2.4745741439540577e-05,0.11999924712055639,0.022556014852779586,0.8574199922852244,25,30,20
41,548,2.47470874260257e-05,0.1199992511997631,0.0225532848539679,0.8574227168588427,25,30,20
41,549,2.4823781273385202e-05,0.11999963074060999,0.022556417712476406,0.8574191277656403,25,30,20
41,550,2.482507817590141e-05,0.11999970999170637,0.02255651596585457,0.8574189489642632,25,30,20
41,551,2.0038362786837203e-05,0.11996319506313999,0.022140960013927857,0.8578758065601454,25,30,20
41,552,2.0193194344809537e-05,0.11996381434208071,0.02215044078713643,0.857865551676438,25,30,20
41,553,2.019463013308915e-05,0.119963904937695,0.02215302542736541,0.8578628750048064,25,30,20
41,554,1.9880749165364672e-05,0.11996373727367413,0.021939399743825114,0.8580769822333353,25,30,20
41,555,1.9882314399310504e-05,0.11996367240955669,0.02197799630395036,0.8580384489720936,25,30,20
41,556,1.9880963164749782e-05,0.1199635136182548,0.021976633718244126,0.8580399717003363,25,30,20
41,557,1.0824020618043705e-05,0.11994469865711965,0.02164069483295459,0.8584037824893076,25,30,20
41,558,1.0825522512136954e-05,0.11994947599782697,0.02163952913996444,0.8584001693396963,25,30,20
41,559,1.0980354809916855e-05,0.11994986243783348,0.021652501325252732,0.8583866558821037,25,30,20
41,560,1.0899432105525206e-05,0.11994976819255002,0.021650470273989152,0.8583888621013551,25,30,20
41,561,1.0903638909330973e-05,0.1199497807911373,0.021683775382588536,0.8583555401873647,25,30,20
41,562,1.082554059661155e-05,0.1199572621655456,0.02167676112550613,0.8583551511683516,25,30,20
41,563,1.082416972253992e-05,0.11996231592271558,0.021671943083871197,0.8583549168236907,25,30,20
41,564,1.0825465955937985e-05,0.11996239653957053,0.02167184103318216,0.8583549369612914,25,30,20
41,565,1.0745834472238025e-05,0.11996222979008525,0.021629646139836534,0.858397378235606,25,30,20
41,566,1.0747144436336063e-05,0.1199627742430237,0.021603041895815748,0.8584234367167243,25,30,20
41,567,1.0747351362030212e-05,0.11996277829059114,0.021623319420314813,0.858403154937732,25,30,20
41,568,1.0825470035138064e-05,0.11996293860524021,0.021630987420207578,0.858395248504517,25,30,20
41,569,1.0826819078246523e-05,0.11996160797333395,0.021632314050893782,0.8583952511566939,25,30,20
41,570,1.0826613119276386e-05,0.11996160544865636,0.021612976503787927,0.8584145914344363,25,30,20
41,571,1.0751228375184268e-05,0.11996114785372351,0.021611581004223116,0.8584165199136781,25,30,20
41,572,1.075396502232245e-05,0.11996139181381023,0.021614387665791233,0.8584134665553762,25,30,20
41,573,1.0680181892081884e-05,0.11919411485381884,0.022381572791577785,0.8584136321727115,25,30,20
41,574,1.0674645178822e-05,0.11919355229650011,0.022373017747298326,0.8584227553110229,25,30,20
41,575,1.0675988316191515e-05,0.11919363583618305,0.023087003803222837,0.8577086843722782,25,30,20
41,576,1.0747036275284301e-05,0.119905116639573,0.022375624409879776,0.8577085119142721,25,30,20
41,577,1.0822303960668177e-05,0.11990525350144006,0.02237712252088285,0.8577068016737165,25,30,20
41,578,1.0581463315572283e-05,0.11990161337879894,0.002192940621541987,0.8778948645363434,25,30,20
41,579,1.0582833828387977e-05,0.11989935760030429,0.002195193754047343,0.8778948658118197,25,30,20
41,580,1.081438051399273e-05,0.11990020551533474,0.0014944561882685157,0.8785945239158824,25,30,20
41,581,1.081311095338613e-05,0.11990075816402081,0.0014939033329811953,0.8785945253920445,25,30,20
41,582,1.0814540194774678e-05,0.11990099872870415,0.0007871820951079227,0.8793010046359937,25,30,20
41,583,1.0814728926236911e-05,0.1199011591311648,0.0007885764577768396,0.8792994496821324,25,30,20
41,584,1.0894105403719574e-05,0.11990079444559763,0.0015368494587098603,0.8785514619902891,25,30,20
41,585,1.0892790555455983e-05,0.119900640948401,0.0015361122645427857,0.8785523539965011,25,30,20
41,586,1.0890062120467586e-05,0.11990032664948731,0.001514933838463732,0.8785738494499286,25,30,20
41,587,1.0892792509319044e-05,0.11990033615336439,0.0015171915277361532,0.8785715795263908,25,30,20
41,588,1.0892760048370458e-05,0.119899683773403,0.0015177726207336879,0.8785716508458156,25,30,20
41,589,1.0966823706393866e-05,0.11990044901077809,0.0015263045604381868,0.8785622796050778,25,30,20
41,590,1.0887379350528313e-05,0.11990029144966309,0.0015165648604561347,0.8785722563105306,25,30,20
41,591,1.1049116917398508e-05,0.11990536661452386,0.0016188777170714137,0.8784647065514877,25,30,20
41,592,1.1049090172458383e-05,0.11990570699675786,0.0016183837687019625,0.8784648601443682,25,30,20
41,593,1.097103494218652e-05,0.11990531515544785,0.0016136292058152738,0.8784700846037952,25,30,20
41,594,1.0972379870754934e-05,0.11990546860599682,0.0016153139109512608,0.8784682451031814,25,30,20
41,595,1.0894098719703821e-05,0.1199003880146381,0.001594968042605143,0.8784937498440373,25,30,20
41,596,1.1437892608894209e-05,0.11990240554935187,0.0016387475508809492,0.8784474090071585,25,30,20
41,597,1.1594146015068076e-05,0.11990287507378997,0.0016717654657098678,0.8784137653144855,25,30,20
41,598,1.159548003716527e-05,0.1199031078209689,0.0016699796804302888,0.878415317018564,25,30,20
41,599,1.1906491407119128e-05,0.11993463806394862,0.001880989257577104,0.8781724661870676,25,30,20
41,600,1.1746074491748936e-05,0.1199297121426314,0.0017795304511417662,0.8782790113317354,25,30,20
41,601,1.1747378992618736e-05,0.11992963246567864,0.0017789928295557597,0.8782796273257731,25,30,20
41,602,1.167203666279109e-05,0.119929641221792,0.0017805079085188504,0.8782781788330267,25,30,20
41,603,1.1672054287401329e-05,0.11992963992186886,0.0017806980601375547,0.8782779899637068,25,30,20
41,604,1.1596611480397274e-05,0.11992910533046164,0.001780509998758071,0.8782787880593007,25,30,20
41,605,1.1592506980361953e-05,0.11992878068019255,0.0017764345714759064,0.878283192241352,25,30,20
41,606,1.1278834708809827e-05,0.11989709029389535,0.0015634335640929095,0.8785281973073036,25,30,20
41,607,1.1280459934253215e-05,0.11989726610246296,0.0016231949017766,0.878468258535827,25,30,20
41,608,1.1281828018048445e-05,0.1198974199694207,0.0016245189328015356,0.8784667792697606,25,30,20
41,609,1.1280438352797898e-05,0.11989726469398253,0.0016234087896062608,0.8784680460780594,25,30,20
41,610,1.1280434761878358e-05,0.1198971892658091,0.0016233758310318647,0.8784681544683979,25,30,20
41,611,1.0736630601844394e-05,0.11989501543741499,0.0015794143547162476,0.8785148335772677,25,30,20
41,612,1.0736627285035018e-05,0.11989485212132803,0.0015797299812975107,0.8785146812700902,25,30,20
41,613,1.081333704512202e-05,0.11989523447621103,0.0015834937689934404,0.8785104584177513,25,30,20
41,614,1.0813361579139567e-05,0.11989523585971261,0.0015837539329498955,0.8785101968457592,25,30,20
41,615,1.0813378044927697e-05,0.11989531271432646,0.0015841427176437669,0.8785097311899854,25,30,20
41,616,1.0733935475616984e-05,0.11989500032955044,0.0015765738846380579,0.8785176918503363,25,30,20
41,617,1.065722331044208e-05,0.11989461803731434,0.0015721073736326568,0.8785226173657431,25,30,20
41,618,1.9710358029002376e-05,0.11991364636903391,0.0019260345088176795,0.8781406087641195,25,30,20
41,619,1.971036113119682e-05,0.11991365048652287,0.0019306491737661725,0.8781359899785799,25,30,20
41,620,1.971040568470384e-05,0.11991357389206601,0.00194443876720839,0.8781222769350411,25,30,20
41,621,1.971041514522906e-05,0.11991372610165386,0.001944962191692609,0.8781216012915085,25,30,20
41,622,1.9863881615860593e-05,0.11991449197382414,0.0019494803116839165,0.8781161638328764,25,30,20
41,623,2.4611510673533732e-05,0.1199334809841638,0.0021615111904203684,0.8778803963147426,25,30,20
41,624,3.810040913803244e-05,0.11995238119022435,0.021936792289465417,0.8580727261111731,25,30,20
41,625,3.786736090132807e-05,0.11995121231354286,0.02190598651139635,0.8581049338141604,25,30,20
41,626,3.78661589188345e-05,0.11990569743714646,0.021951429200483825,0.8581050072034518,25,30,20
41,627,2.4375640870262982e-05,0.11988654743632096,0.002127881795842348,0.8779611951269668,25,30,20
41,628,2.4378353183532932e-05,0.11988655547394284,0.002132149667628264,0.8779569165052458,25,30,20
41,629,2.438246156836748e-05,0.1198868816367775,0.002137479349078762,0.8779512565525758,25,30,20
41,630,2.4383785402340746e-05,0.11988703375227315,0.002137417603885519,0.8779511648584394,25,30,20
41,631,2.4458225680413253e-05,0.1198873370057887,0.0022654306374550884,0.8778227741310762,25,30,20
41,632,2.4458225955156666e-05,0.1198872615906214,0.0022524380860662,0.8778358420973577,25,30,20
41,633,2.445550573984701e-05,0.11994729143517899,0.00219233695947103,0.8778359160996105,25,30,20
41,634,2.445550860878051e-05,0.11994736833390375,0.002192720532307935,0.8778354556251798,25,30,20
41,635,2.4454196642545095e-05,0.11994706373776848,0.0021907067383577588,0.8778377753272316,25,30,20
41,636,2.924389455971337e-05,0.11997001805421734,0.002538242389458307,0.877462495661765,25,30,20
41,637,2.9398727513572347e-05,0.11997048939572491,0.002546108749150969,0.877454003127611,25,30,20
41,638,2.9475467968084597e-05,0.11997087454904946,0.0025514190227230492,0.8774482309602594,25,30,20
41,639,2.9475487905685907e-05,0.11997087592761087,0.0025524284990300823,0.8774472200854533,25,30,20
41,640,2.970703493241804e-05,0.11997187742022307,0.0025591240368335183,0.877439291508011,25,30,20
41,641,2.9705520295500227e-05,0.11997179380950787,0.0025570885490006773,0.8774414121211963,25,30,20
41,642,2.49131113323659e-05,0.11994898473312206,0.0022101988241672605,0.8778159033313787,25,30,20
41,643,2.4917213319567687e-05,0.11994938469693756,0.002214841041594723,0.8778108570481485,25,30,20
41,644,2.499262665280414e-05,0.1199492973370906,0.002213487893205958,0.8778122221430509,25,30,20
41,645,2.4994000372931217e-05,0.11993286919501502,0.002229988685101,0.8778121481195111,25,30,20
41,646,2.0659868545452627e-05,0.11994578094863366,0.002223948681548791,0.8778096105012723,25,30,20
41,647,2.0659881293972976e-05,0.11994577831003289,0.002222566044439883,0.8778109957642336,25,30,20
41,648,2.0737982531323403e-05,0.11994624557369055,0.0022283117962011005,0.8778047046475775,25,30,20
41,649,2.0505124165031604e-05,0.11994531976345824,0.002216055702945695,0.8778181194094314,25,30,20
41,650,2.0350360580079575e-05,0.11994546099950293,0.0014645582435631466,0.8785696303963542,25,30,20
41,651,2.9464598115700103e-05,0.11996437635473574,0.001893086561360258,0.8781130724857887,25,30,20
41,652,2.946454018391668e-05,0.11997983972972057,0.0018773917169936929,0.8781133040131023,25,30,20
41,653,2.9464542395053924e-05,0.11997983968590502,0.0018767215774117248,0.8781139741942882,25,30,20
41,654,2.9387842360872632e-05,0.1199795305780429,0.0019105345646321568,0.8780805470149641,25,30,20
41,655,2.9386512152387743e-05,0.11997960583525194,0.0019098348441812254,0.8780811728084145,25,30,20
41,656,2.9386395072267296e-05,0.12002518904025926,0.0018642428306576279,0.8780811817340108,25,30,20
41,657,2.9387768242392934e-05,0.12002542331365791,0.0018668770299682062,0.8780783118881317,25,30,20
41,658,2.9387748409413e-05,0.12002542198910233,0.0018661142855535221,0.878079075976935,25,30,20
41,659,3.394973650612295e-05,0.12005682421983568,0.002212137345090599,0.877697088698568,25,30,20
41,660,3.840128478856508e-05,0.12005715699754188,0.0023108936639688396,0.877593548053701,25,30,20
41,661,3.8324552226917454e-05,0.12006181285831785,0.002306469294834722,0.8775933932946209,25,30,20
41,662,3.8401266938480096e-05,0.12005630006682269,0.002311751893938624,0.8775935467723006,25,30,20
41,663,3.8402635660740424e-05,0.1200563863802001,0.0023133332920066262,0.8775918776921329,25,30,20
41,664,3.871563077054812e-05,0.12005764193526466,0.0022930165354451593,0.87761062589852,25,30,20
41,665,3.887676912328811e-05,0.12005859611949689,0.0023412613330331756,0.8775612657783473,25,30,20
41,666,3.887669762735248e-05,0.12005858637833385,0.002337427271502132,0.8775651096525372,25,30,20
41,667,3.423574558109111e-05,0.12002703673179349,0.001995686691820064,0.8779430408308059,25,30,20
41,668,2.9488141538467076e-05,0.12000805046629984,0.0017848245387097406,0.8781776368534522,25,30,20
41,669,2.94895059955755e-05,0.12000820536156946,0.0017860564780193566,0.8781762486544159,25,30,20
41,670,2.964744610999137e-05,0.12002666754028471,0.001904299794744608,0.8780393852188609,25,30,20
41,671,2.964877313997926e-05,0.12002674430684124,0.0019055954025498914,0.8780380115174689,25,30,20
41,672,2.493470260778348e-05,0.11999481606636964,0.0015530033949794134,0.8784272458360434,25,30,20
41,673,2.493331547217049e-05,0.11999473371189534,0.0015514057622802993,0.8784289272103524,25,30,20
41,674,2.493329780733988e-05,0.11999512411552223,0.0015653861197729548,0.8784145564668978,25,30,20
41,675,2.5007304045564075e-05,0.11999526102744655,0.0015652846973408317,0.8784144469711674,25,30,20
41,676,2.493192003695174e-05,0.11999503223771717,0.0015618319256458372,0.8784182039166004,25,30,20
41,677,2.4931889830609244e-05,0.11999502949046484,0.001562280668265096,0.8784177579514398,25,30,20
41,678,2.4931947157679465e-05,0.11999495833868029,0.0015618803264282168,0.8784182293877342,25,30,20
41,679,2.4931959050880567e-05,0.11999574080632623,0.001561329442834391,0.8784179977917889,25,30,20
41,680,2.477845404275967e-05,0.11999519554070838,0.0015528841311099426,0.8784271418741392,25,30,20
41,681,2.4778471810650897e-05,0.11999592598216824,0.001552229116112018,0.8784270664299093,25,30,20
41,682,2.4701340188938867e-05,0.11999569278007254,0.0014204327580125198,0.878559173121726,25,30,20
41,683,2.9519936246813055e-05,0.11848717125927291,0.0026494795965179684,0.8788338292079623,25,30,20
41,684,2.506579727250513e-05,0.11848652404221627,0.002547516873945053,0.8789408932865658,25,30,20
41,685,2.5384781832876522e-05,0.11851390466103086,0.002733274232343825,0.878727436324792,25,30,20
41,686,1.6348869056432385e-05,0.118495378122059,0.0024247188994733155,0.8790635541094103,25,30,20
41,687,1.627053849636343e-05,0.11849498499995516,0.0023039799927236653,0.879184764468824,25,30,20
41,688,1.619367580599402e-05,0.11849452399202237,0.0022993564239272984,0.8791899259082434,25,30,20
41,689,1.6116946167040986e-05,0.11849776720558461,0.0022963433206248437,0.8791897725276226,25,30,20
41,690,1.6119634899312536e-05,0.11849769980291228,0.0023019636984801433,0.8791842168637075,25,30,20
41,691,1.5800641613348776e-05,0.11847016436239512,0.002116716523820213,0.8793973184721706,25,30,20
41,692,1.5803328733106946e-05,0.1184703274268678,0.0021187432791307196,0.8793951259652681,25,30,20
41,693,1.5881427988320757e-05,0.11847102762005207,0.0021297498635807714,0.8793833410883787,25,30,20
41,694,1.5882801235806613e-05,0.1184662053992703,0.002134337461150319,0.8793835743383432,25,30,20
41,695,1.5804698457307876e-05,0.11846550931512495,0.002124299651838134,0.8793943863345794,25,30,20
41,696,1.5803372635797647e-05,0.11846543128001846,0.0021234189861828808,0.8793953463611623,25,30,20
41,697,1.580339637648664e-05,0.11846536007490636,0.002124628777091495,0.8793942077516251,25,30,20
41,698,1.5727961227483023e-05,0.11846474593558126,0.002107646651333976,0.8794118794518568,25,30,20
41,699,1.5495025273659613e-05,0.11846389101516251,0.002081216753002581,0.8794393972065607,25,30,20
41,700,1.5495024906445775e-05,0.11846404586263544,0.002117631576306672,0.879402827536151,25,30,20
41,701,1.549768861233672e-05,0.11846459538351192,0.002125530781457034,0.8793943761464181,25,30,20
41,702,1.533979381594429e-05,0.11844621275512618,0.0020079762482113233,0.8795304712028461,25,30,20
41,703,1.5338472528606715e-05,0.11844613201962333,0.0019703920775947332,0.879568137430253,25,30,20
41,704,1.54139090785381e-05,0.11844636523029708,0.001975223004512656,0.8795629978561113,25,30,20
41,705,1.541390427731432e-05,0.11844704495687453,0.0019745420009091947,0.8795629991379385,25,30,20
41,706,1.54152633612615e-05,0.11844712871938691,0.001976906027228299,0.8795605499900229,25,30,20
41,707,1.541526262905757e-05,0.11844697653324934,0.001976768765630493,0.8795608394384905,25,30,20
41,708,1.549214919962488e-05,0.11844706334552421,0.0019963871561869324,0.8795410573490889,25,30,20
41,709,1.548945915197714e-05,0.11844690028133574,0.002011260545587949,0.8795263497139242,25,30,20
41,710,1.5411378778924718e-05,0.11844643851648128,0.002006271406393158,0.8795318786983464,25,30,20
41,711,1.5493917436747952e-05,0.11844660399795046,0.002010861977020498,0.8795270401075919,25,30,20
41,712,1.526096973820685e-05,0.11844536760260987,0.001997914426328888,0.8795414570013221,25,30,20
41,713,1.0441017712540497e-05,0.11995504341887626,0.0007677160137237157,0.8792667995496869,25,30,20
41,714,1.0439715200456795e-05,0.1199551176601296,0.0007666246512368388,0.8792678179734326,25,30,20
41,715,1.0441144963540448e-05,0.11995512089549142,0.0007715810825142418,0.8792628568770303,25,30,20
41,716,1.04397867027938e-05,0.11995503600201303,0.0007699822906852555,0.8792645419205983,25,30,20
41,717,1.0443817720043741e-05,0.11995527846121296,0.0007744878260005248,0.8792597898950664,25,30,20
41,718,1.0368403267415703e-05,0.11995511934790178,0.000770463209126164,0.8792640490397045,25,30,20
41,719,1.0369728280858483e-05,0.11995543466064103,0.0007736775504067783,0.8792605180606715,25,30,20
41,720,1.0292817729300801e-05,0.11995526968793177,0.0007530237010155283,0.8792814137933235,25,30,20
41,721,1.0292786929477189e-05,0.11994865900878945,0.0007599512007585508,0.8792810970035226,25,30,20
41,722,1.0291572690247538e-05,0.11994866074344221,0.0007676906213414181,0.8792733570625261,25,30,20
41,723,1.0366984557268848e-05,0.11994896638648428,0.0007724652237047833,0.879268201405254,25,30,20
41,724,1.0368375885566989e-05,0.11994889375395172,0.0007755676006421384,0.879265170269521,25,30,20
41,725,1.0523158856374448e-05,0.1199495101982047,0.0007843665381689633,0.8792556001047701,25,30,20
41,726,1.0523158936050687e-05,0.1199495074350449,0.000783180936527643,0.8792567884694917,25,30,20
41,727,1.059989646609152e-05,0.11995612769693566,0.0007763305368178692,0.8792569418697807,25,30,20
41,728,1.0601266332333345e-05,0.1199524521364078,0.0007800060279581128,0.8792569405693019,25,30,20
41,729,1.052004558412794e-05,0.11995259488346538,0.0007786463189371351,0.8792582387520137,25,30,20
41,730,1.067352009702586e-05,0.11995336358199835,0.0007897861930036684,0.8792461767049018,25,30,20
41,731,1.067348658365645e-05,0.11995351971159099,0.0008243721970744625,0.8792114346047516,25,30,20
41,732,1.0750190442205707e-05,0.11995352238266706,0.0008273939054735776,0.879208333521418,25,30,20
41,733,1.0670085588623895e-05,0.11995350121925437,0.0008224563158913867,0.8792133723792659,25,30,20
41,734,1.0508926410888906e-05,0.11995262113489977,0.0007732174368817442,0.8792636525018084,25,30,20
41,735,1.043087906537734e-05,0.11995215282883326,0.0007827473108111073,0.879254668981291,25,30,20
41,736,1.0429568821479684e-05,0.11994967219628819,0.0007848414027792603,0.8792550568321118,25,30,20
41,737,1.0428213441187534e-05,0.1199493609282439,0.0007810847520858623,0.87925912610623,25,30,20
41,738,1.0426895749018457e-05,0.1199492857556865,0.0007804518906599117,0.8792598354579055,25,30,20
41,739,1.0580343375354462e-05,0.11994966791507178,0.0007879120600273515,0.8792518396815265,25,30,20
41,740,1.0657052052043638e-05,0.11994831654473373,0.0007890319569368322,0.8792519944462783,25,30,20
41,741,1.0888564520954301e-05,0.11994931382676427,0.0008010755149779094,0.8792387220937377,25,30,20
41,742,1.0657007004509799e-05,0.11994846580242655,0.000789184582338388,0.8792516926082314,25,30,20
41,743,1.0657037891273408e-05,0.11994834205949279,0.0007892327795182826,0.8792517681230985,25,30,20
41,744,1.0655685820522868e-05,0.11994825968253832,0.0007868963071115162,0.8792541883245302,25,30,20
41,745,1.5174990064207922e-05,0.11984570655811182,0.0008850803133496116,0.8792540381384748,25,30,20
41,746,1.525038020432286e-05,0.11984593400018656,0.0008893931209564238,0.879249422498653,25,30,20
41,747,1.5324403098151217e-05,0.11984631094377812,0.0008883837821211338,0.8792499808710029,25,30,20
41,748,1.532428964413756e-05,0.11984646120310882,0.0008823391040415765,0.8792558754032056,25,30,20
41,749,1.5248900907141267e-05,0.11984615140114166,0.0008775755890010543,0.8792610241089505,25,30,20
41,750,1.5250262253226307e-05,0.11984638432514216,0.0008801275047293843,0.8792582379078753,25,30,20
41,751,1.5490787738105786e-05,0.11984734488884426,0.0008819300643516767,0.879255234259066,25,30,20
41,752,1.5568860017083265e-05,0.1198414092007186,0.0008877028235943408,0.8792553191156699,25,30,20
41,753,1.55689357157086e-05,0.11984141342726144,0.0008884741914024842,0.8792545434456207,25,30,20
41,754,1.580655349154789e-05,0.11984228052697984,0.0008673216521753882,0.8792745912673533,25,30,20
41,755,1.5806575825008058e-05,0.11984243536715974,0.0008684014326119981,0.8792733566244033,25,30,20
41,756,1.5805184252249202e-05,0.1198443695603987,0.0008664755787484592,0.8792733496766005,25,30,20
41,757,1.572979356380039e-05,0.11984390910401448,0.0008627355525333185,0.8792776255498884,25,30,20
41,758,1.557640365379857e-05,0.11984338034054887,0.0008554298445435381,0.879285613411254,25,30,20
41,759,1.549969598907152e-05,0.11984681054596409,0.0008522270695974953,0.8792854626884495,25,30,20
41,760,1.566285379816463e-05,0.11985181338666649,0.0009351309365406686,0.879197392822995,25,30,20
41,761,1.5664250730617367e-05,0.11985174074679619,0.000939280532029678,0.8791933144704437,25,30,20
41,762,1.5664114342623546e-05,0.11985181545072385,0.0009367882956451864,0.879195732139289,25,30,20
41,763,2.4801942586452682e-05,0.11987585896697293,0.0013268612000572255,0.8787724778903838,25,30,20
41,764,2.480056706447181e-05,0.11987593572852599,0.0013640922234277179,0.8787351714809821,25,30,20
41,765,2.4800571312903808e-05,0.11987585505405099,0.0013645063784787665,0.8787348379961576,25,30,20
41,766,2.480606368188992e-05,0.11988992751301447,0.0014129651041439643,0.8786723013191599,25,30,20
41,767,2.481149518598346e-05,0.11988971180744462,0.0014117201676197466,0.8786737565297499,25,30,20
41,768,2.4886891225545025e-05,0.11989001604505774,0.001416056295046158,0.8786690407686707,25,30,20
41,769,2.4645037067093446e-05,0.11988890059402585,0.0014014049349907096,0.8786850494339166,25,30,20
41,770,2.4720459863903752e-05,0.11988904872396132,0.0014042823973698514,0.8786819484188051,25,30,20
41,771,2.4719137129371174e-05,0.11988904203885166,0.001405782978380587,0.8786804558456386,25,30,20
41,772,2.4954015776692163e-05,0.11989837688431035,0.0015981722856566606,0.8784784968142564,25,30,20
41,773,2.5034993600811058e-05,0.1198986954630618,0.0016027736721352193,0.8784734958712019,25,30,20
41,774,2.5036314282385786e-05,0.11989877490429163,0.0015867505393408088,0.878489438242085,25,30,20
41,775,2.044832424819454e-05,0.11800728383196478,0.003482914633882857,0.8784893532099041,25,30,20
41,776,2.028658591982202e-05,0.11800220311066431,0.003404770602030316,0.8785727397013854,25,30,20
41,777,2.0289736590583668e-05,0.11802014742798944,0.003465313921228539,0.8784942489141911,25,30,20
41,778,2.036509483164491e-05,0.11802044216009985,0.0034696873250018695,0.8784895054200667,25,30,20
41,779,2.0366417632856765e-05,0.11802043938396284,0.0034706123087616227,0.8784885818896427,25,30,20
41,780,2.5126555503782174e-05,0.11842530097535947,0.024255098552807785,0.8572944739163297,25,30,20
41,781,2.4887602531904186e-05,0.11842435304261593,0.02423815341882334,0.8573126059360294,25,30,20
41,782,2.4886206637189214e-05,0.11842442967266528,0.024232783087072073,0.8573179010336258,25,30,20
41,783,2.4803994853474625e-05,0.11841013233712269,0.02417976425567765,0.8573852994123466,25,30,20
41,784,2.4798663002301513e-05,0.12040775643585375,0.022182448800981934,0.8573849961001622,25,30,20
41,785,2.0044413968908066e-05,0.12000361548015136,0.041366605558966055,0.8386097345469108,25,30,20
41,786,2.012818086297418e-05,0.12000396928968167,0.04139039870867475,0.8385855038207782,25,30,20
41,787,2.483526769904864e-05,0.12004018393149364,0.04177969478680983,0.838155286013995,25,30,20
41,788,2.4912016606485448e-05,0.12004064701970432,0.04178746967941709,0.8381469712842695,25,30,20
41,789,2.012806594082531e-05,0.12000434973211467,0.041395695707101415,0.8385798264948408,25,30,20
41,790,2.0129444036529344e-05,0.12000436328251758,0.04137993725585708,0.8385955700175864,25,30,20
41,791,2.0202060192799988e-05,0.12000457882946111,0.0413845254440281,0.8385906936663156,25,30,20
41,792,2.011963598679846e-05,0.12000430045328131,0.04136189672587069,0.8386136831848587,25,30,20
41,793,2.4831268220103934e-05,0.12003667068433814,0.04176130870039029,0.8381771893470491,25,30,20
41,794,2.5138099707250545e-05,0.12003774981830766,0.04177617020185588,0.8381609418801268,25,30,20
41,795,2.4983288441417687e-05,0.12003721004804392,0.04176595070716896,0.8381718559563432,25,30,20
41,796,2.483148542981638e-05,0.12003675903266309,0.041765245597848014,0.8381731638840564,25,30,20
41,797,2.4828476245545712e-05,0.12003666906693716,0.04175671083979573,0.8381817916170189,25,30,20
41,798,2.4827093821752337e-05,0.12003665541460125,0.041755856659579704,0.8381826608319947,25,30,20
41,799,2.011550454776263e-05,0.120004285795045,0.041356244071492604,0.8386193546289121,25,30,20
41,800,1.0978993728369424e-05,0.11998016534968889,0.04096700977511057,0.8390418458814699,25,30,20
41,801,1.1054382978765937e-05,0.1199803940694309,0.04097046260783079,0.839038088939757,25,30,20
41,802,1.1053038923065812e-05,0.11998125527685016,0.040969606802589445,0.8390380848816344,25,30,20
41,803,1.1045825905319092e-05,0.11996306704031477,0.04090408433435943,0.8391218027994172,25,30,20
41,804,1.1122583886644124e-05,0.11996353173930684,0.04090855134774048,0.8391167943290628,25,30,20
41,805,1.1125219349199392e-05,0.11996369308621013,0.04091049070971042,0.8391146909847265,25,30,20
41,806,1.1133427710927715e-05,0.11996364236732603,0.04091672282442267,0.8391085013805366,25,30,20
41,807,1.121016145593996e-05,0.11996395049098119,0.040920513166491805,0.8391043261810673,25,30,20
41,808,1.1285646556603385e-05,0.11996472061674833,0.04095815054322985,0.8390658431934613,25,30,20
41,809,1.1278394634265127e-05,0.11996596039639633,0.040956840930252474,0.8390659202787139,25,30,20
41,810,1.1278434310997786e-05,0.11995153880193574,0.04097102801038444,0.8390661547533657,25,30,20
41,811,1.0968831911302716e-05,0.1199502224002293,0.04095713679030632,0.8390816719775497,25,30,20
41,812,1.0898925705477413e-05,0.1199501800345961,0.040981412341314055,0.8390575086983809,25,30,20
41,813,1.0898924228256857e-05,0.11995039910660577,0.04098119596712042,0.8390575060020428,25,30,20
41,814,1.0975651463352269e-05,0.11995086357404729,0.04098475050242205,0.8390534102720649,25,30,20
41,815,1.0974307674035755e-05,0.1199507061435538,0.04098466757584277,0.8390536519729269,25,30,20
41,816,1.0974407575383947e-05,0.11995071323522505,0.04098621471181894,0.8390520976453787,25,30,20
41,817,2.012720282356909e-05,0.13948642583146245,0.021431631231671817,0.8390618157340411,25,30,20
41,818,2.0053174473540747e-05,0.1394859708947071,0.02142543598697062,0.8390685399438482,25,30,20
41,819,1.0903083709672985e-05,0.159919174561753,0.0010111829595069676,0.83905873939503,25,30,20
41,820,1.0827654365339829e-05,0.15993707253733988,0.0009937456672725622,0.839058354141022,25,30,20
41,821,1.075236726420888e-05,0.1599366946409805,0.0010244775679444985,0.8390280754238106,25,30,20
41,822,1.5481081973280675e-05,0.15965081564468048,0.0012959418092510144,0.8390377614640951,25,30,20
41,823,1.5482429181032993e-05,0.1596510512092456,0.0012948840956377888,0.8390385822659355,25,30,20
41,824,1.548557416553863e-05,0.1596467148667041,0.0012534431920111443,0.839084356367119,25,30,20
41,825,1.5482912016389176e-05,0.15964647665059833,0.001252419459394158,0.8390856209779908,25,30,20
41,826,1.540748155546792e-05,0.15964617364853,0.0012474375649605826,0.8390909813049534,25,30,20
41,827,1.5329450455941562e-05,0.15964570917377385,0.0012421787843076534,0.8390967825914615,25,30,20
41,828,1.534667798506613e-05,0.15965077150537468,0.0013187975680755005,0.8390150842485637,25,30,20
41,829,1.5346609755052614e-05,0.15965084265167107,0.0013180111165546266,0.8390157996220182,25,30,20
41,830,1.9941378059296763e-05,0.15965138854697275,0.0014379232996616718,0.8388907467753052,25,30,20
41,831,1.9942733422007395e-05,0.1596513172111006,0.0014402782236259046,0.8388884618318503,25,30,20
41,832,2.0096191712725e-05,0.1596516196970981,0.0014431537971037252,0.8388851303140842,25,30,20
41,833,2.009204574849415e-05,0.15965159619041264,0.001415307192389689,0.8389130045714479,25,30,20
41,834,1.9933644037779308e-05,0.15964645862435833,0.0012828592238276594,0.839050748507775,25,30,20
41,835,2.453892759513461e-05,0.15964692705607875,0.0013591836389177513,0.8389693503774072,25,30,20
41,836,2.4537529113772892e-05,0.15965090295251103,0.0013550557169580279,0.8389695038014159,25,30,20
41,837,2.461428759401645e-05,0.15965121139816044,0.0013610869489550398,0.8389630873652894,25,30,20
41,838,2.4695122470718808e-05,0.1596519171210986,0.0013671884780024888,0.8389561992784269,25,30,20
41,839,2.004182142947812e-05,0.15993384605105557,0.0010994439976346262,0.838946668129879,25,30,20
41,840,1.9967767616057537e-05,0.15993362391443616,0.0010967623292877412,0.838949645988659,25,30,20
41,841,2.0044502031460006e-05,0.15993393074267728,0.001059984984106649,0.8389860397711842,25,30,20
41,842,1.9965051816143593e-05,0.15993346072890807,0.0010514313141363576,0.8389951429051391,25,30,20
41,843,1.996370781630623e-05,0.15993346210868786,0.0010497527623329654,0.8389968214211627,25,30,20
41,844,1.98102484381597e-05,0.15993284435816105,0.0010412088705259916,0.8390061365228747,25,30,20
41,845,1.9794313200528477e-05,0.15992778315646153,0.0009642393878711076,0.8390881831424665,25,30,20
41,846,1.995189964609121e-05,0.15992865052006125,0.0010358543994511149,0.8390155431808413,25,30,20
41,847,2.011163991240026e-05,0.15992921151929054,0.0010435531138692682,0.8390071237269275,25,30,20
41,848,2.026371686218625e-05,0.15992221254480438,0.0010500945112261514,0.8390074292271069,25,30,20
41,849,2.0422422401787832e-05,0.15967149286515572,0.001282648044114736,0.8390254366683274,25,30,20
41,850,2.0577232952056496e-05,0.15967219155271273,0.0012927818912768676,0.8390144493230582,25,30,20
41,851,2.0421261501031566e-05,0.15990490934497203,0.0010782234138614474,0.8389964459796653,25,30,20
41,852,2.03458785215816e-05,0.15990468327845647,0.0010753744897955084,0.8389995963532263,25,30,20
41,853,2.0345878870694136e-05,0.15990468597082383,0.0010754392159041818,0.8389995289344018,25,30,20
41,854,1.5814615666404015e-05,0.15990428460691983,0.0010011858943154948,0.8390787148830987,25,30,20
41,855,1.5739226454144258e-05,0.15990704546102438,0.0009986552730744823,0.8390785600394475,25,30,20
41,856,1.5739300157456673e-05,0.1599068921546267,0.0010024841572327352,0.8390748843879838,25,30,20
41,857,1.5813327552526612e-05,0.15990719085951116,0.0016628273390259342,0.8384141684739107,25,30,20
41,858,1.5814713207660005e-05,0.15990719505370382,0.0016649832102273603,0.8384120070228618,25,30,20
41,859,1.5813299248587552e-05,0.15990727028838464,0.0016595406530973177,0.83841737575927,25,30,20
41,860,1.5813330075690138e-05,0.15990711558716775,0.0016612763110554186,0.8384157947717017,25,30,20
41,861,1.5736599509105146e-05,0.15990665516455782,0.0009998021625178617,0.8390778060734158,25,30,20
41,862,1.114173629227932e-05,0.15990610098347502,0.0008783674943985958,0.8392043897858349,25,30,20
41,863,1.1136318242623678e-05,0.15990616279506029,0.0008806746117754337,0.8392020262749229,25,30,20
41,864,2.0078462519295968e-05,0.15990686876019802,0.001057939650403379,0.8390151131268805,25,30,20
41,865,2.0077073773889586e-05,0.1599068632775697,0.0010555561665382724,0.8390175034821192,25,30,20
41,866,2.007568263158659e-05,0.1599099364147825,0.0010524858315724308,0.8390175020710146,25,30,20
41,867,2.0070166589334442e-05,0.1599099184272483,0.0010485778905604574,0.839021433515602,25,30,20
41,868,1.999350352904557e-05,0.15990961569556472,0.001044675614497228,0.8390257151864097,25,30,20
41,869,1.999356937557909e-05,0.15990366372042847,0.0010506271315556023,0.8390257155786409,25,30,20
41,870,1.9999182864492757e-05,0.1599031400883529,0.0010617469106461782,0.8390151138181369,25,30,20
41,871,2.0159803680119025e-05,0.15981233583672227,0.00114769943605113,0.839019804923547,25,30,20
41,872,2.000148923446847e-05,0.15981185869473458,0.0011418845997374126,0.8390262552162939,25,30,20
41,873,2.0002824912978298e-05,0.1598115078737555,0.001142079176726045,0.8390264101246059,25,30,20
41,874,2.0000141109896183e-05,0.15981134346937378,0.0011388758525338535,0.8390297805369827,25,30,20
41,875,1.9845332684662924e-05,0.15981056937836066,0.0011287621792407593,0.8390408231097142,25,30,20
41,876,1.999876552871825e-05,0.15981126531417295,0.0011759294026348639,0.8389928065176637,25,30,20
41,877,2.469105714570085e-05,0.1598126611602884,0.0013117114921120368,0.8388509362904543,25,30,20
41,878,2.4763654838447823e-05,0.15981272122577767,0.001311432505928271,0.838851082613456,25,30,20
41,879,3.3874943767806867e-05,0.15983171605075513,0.0017370937841990563,0.8383973152212784,25,30,20
41,880,3.371881442775318e-05,0.15984426745619104,0.002477716658600899,0.8376442970707807,25,30,20
41,881,3.37187876226742e-05,0.15984426616132258,0.0024772430368093317,0.8376447720142458,25,30,20
41,882,3.379823259886252e-05,0.15984474013467811,0.002484146564003831,0.8376373150687193,25,30,20
41,883,3.387633270759077e-05,0.15984544374013232,0.0024959501603832313,0.8376247297667767,25,30,20
41,884,3.387633271017312e-05,0.1598454424099072,0.0024961465487329288,0.8376245347086494,25,30,20
41,885,3.395162219698446e-05,0.1598458204145754,0.002465686069745691,0.8376545418934819,25,30,20
41,886,3.387496751118032e-05,0.15984527936617166,0.002502746318568713,0.8376180993477483,25,30,20
41,887,3.387489859328005e-05,0.1598453491244668,0.0025012219086542153,0.8376195540682854,25,30,20
41,888,3.4028372123227896e-05,0.15984620134328287,0.0025139601177825532,0.837605810166811,25,30,20
41,889,3.402836872957906e-05,0.1598461259569137,0.0025139592208385676,0.8376058864535179,25,30,20
41,890,3.410399877264265e-05,0.1598555394126083,0.002566822737885902,0.8375435338507329,25,30,20
41,891,3.4098402129543346e-05,0.15985567272599296,0.002548791133352552,0.8375614377385245,25,30,20
41,892,3.394091313152342e-05,0.15988216766994162,0.0025227632455424548,0.8375611281713842,25,30,20
41,893,3.401763163016646e-05,0.15988255129016254,0.0025275867948021512,0.8375558442834048,25,30,20
41,894,3.417945112772401e-05,0.1598877916029214,0.002600742683843405,0.8374772862621073,25,30,20
41,895,3.418076771479001e-05,0.15988779287784807,0.0026039150825299686,0.8374741112719072,25,30,20
41,896,3.410402966696674e-05,0.15988748324790925,0.0025990748208733466,0.8374793379015505,25,30,20
41,897,3.402848404601881e-05,0.15988670693232948,0.002560887088266238,0.8375183774953584,25,30,20
41,898,3.4031191494197005e-05,0.15988734276663702,0.0025893592784516323,0.8374892667634175,25,30,20
41,899,3.402987703101758e-05,0.15988805895994054,0.0025887211152603624,0.8374891900477683,25,30,20
41,900,3.402982495954612e-05,0.15988884418220142,0.00258794004253213,0.837489185950307,25,30,20
41,901,3.410392690907365e-05,0.1598885239182907,0.0025653153989893917,0.8375120567558111,25,30,20
41,902,3.4179327078537444e-05,0.15992639970443912,0.005069309234604314,0.8349701117338785,25,30,20
41,903,3.409941925537832e-05,0.15991719515415834,0.004999236782011903,0.8350494686445745,25,30,20
41,904,3.44952208660327e-05,0.15991878478751193,0.005055322308332944,0.8349913976832894,25,30,20
41,905,3.433477134149581e-05,0.1599137788547468,0.0049847983274091305,0.835067088046503,25,30,20
41,906,3.43346714299666e-05,0.1599194339862125,0.004979295842866898,0.835066935499491,25,30,20
41,907,3.4338806410666876e-05,0.15991968630839504,0.006986862453800136,0.8330591124313946,25,30,20
41,908,3.4338808981910875e-05,0.15991961235133675,0.006987131728359388,0.8330589171113225,25,30,20
41,909,3.426483815141023e-05,0.15991970264271807,0.006986525242894448,0.8330595072762366,25,30,20
41,910,3.426205950101114e-05,0.15991953109907125,0.0049800682624604325,0.8350661385789677,25,30,20
41,911,3.410861355075479e-05,0.15991883919715882,0.004931645723724451,0.8351154064655666,25,30,20
41,912,3.4184027262708424e-05,0.15991906261768823,0.004933970945447777,0.8351127824096015,25,30,20
41,913,3.41073108957708e-05,0.15991875844753856,0.004929870062876465,0.8351172641786895,25,30,20
41,914,3.883740992439933e-05,0.15963043564016613,0.005203840799492109,0.8351268861504176,25,30,20
41,915,3.8998549854934243e-05,0.15963138844633207,0.005214574493914883,0.8351150385098984,25,30,20
41,916,3.899858434223509e-05,0.15963138579925054,0.0052140839216064236,0.8351155316948011,25,30,20
41,917,3.8604134990113277e-05,0.159629877042616,0.005197633077665421,0.8351338857447287,25,30,20
41,918,3.84533615959525e-05,0.1595918534888977,0.0026924074752524073,0.8376772856742539,25,30,20
41,919,3.845478011940263e-05,0.159591705586385,0.0026982224095377038,0.8376716172239581,25,30,20
41,920,2.943730589777177e-05,0.15959070099305614,0.0025182348343704333,0.837861626866676,25,30,20
41,921,2.943729871778286e-05,0.15959062821369288,0.002517207203518916,0.8378627272840709,25,30,20
41,922,2.959687325529351e-05,0.1595908817408255,0.0025196748905552107,0.8378598464953646,25,30,20
41,923,2.959825995349328e-05,0.15959111875048382,0.0025189228364339415,0.8378603601531295,25,30,20
41,924,2.959972473603964e-05,0.1595901199059918,0.002519921396839853,0.8378603589724329,25,30,20
41,925,2.9525697564262093e-05,0.15958997735414343,0.0025177758657345516,0.8378627210825584,25,30,20
41,926,3.1860081262271966e-05,0.1595993186730192,0.022916512695390065,0.8174523085503285,25,30,20
41,927,3.1935490597587245e-05,0.1595996255109859,0.022882780859593718,0.8174856581388223,25,30,20
41,928,3.2091563941525885e-05,0.15960031834287508,0.022891445194566026,0.8174761448986171,25,30,20
41,929,3.193808107607045e-05,0.15959931260775553,0.022878810423319407,0.8174899388878485,25,30,20
41,930,2.2826798942353404e-05,0.15958023980428881,0.02245246554580635,0.8179444678509621,25,30,20
41,931,2.2987215658888576e-05,0.15959863527774837,0.02255144358026349,0.8178269339263291,25,30,20
41,932,2.314303156878284e-05,0.1596469797362622,0.022915842481228677,0.8174140347509403,25,30,20
41,933,2.314167362961321e-05,0.15964705380908095,0.02291471441858719,0.8174150900987024,25,30,20
41,934,2.330209344623543e-05,0.15966084778377218,0.023037207573802947,0.8172786425489792,25,30,20
41,935,2.306579122570695e-05,0.1596599730768144,0.023025463441691155,0.8172914976902693,25,30,20
41,936,2.065479230492272e-05,0.15965025930044194,0.0026241739647544044,0.8377049119424999,25,30,20
41,937,2.065480385426696e-05,0.15965026336338542,0.0026248450312357937,0.8377042368015257,25,30,20
41,938,2.0654683987587817e-05,0.15965025364671967,0.0026228457313270098,0.8377062459379668,25,30,20
41,939,2.0656175676131235e-05,0.15965043127145337,0.002682802944719939,0.8376461096081518,25,30,20
41,940,2.0654819540447054e-05,0.1596504245126849,0.002682711509718933,0.8376462091580568,25,30,20
41,941,1.59248244918287e-05,0.1599376720818498,0.0024098117289213694,0.837636591364738,25,30,20
41,942,1.5923507805667968e-05,0.15993774486503337,0.0024396965067450876,0.837606635120417,25,30,20
41,943,1.5923449885774586e-05,0.15993750904134896,0.0024359163353861305,0.8376106511733803,25,30,20
41,944,1.5764376382668136e-05,0.1599237161776568,0.002311855013703217,0.8377486644322585,25,30,20
41,945,1.576568314571178e-05,0.15992305542749707,0.0023124378339233424,0.8377487410554351,25,30,20
41,946,1.5839684689333562e-05,0.1599231972113269,0.0023244783603799716,0.8377364847436048,25,30,20
41,947,1.5839684983476565e-05,0.1599233677250747,0.002324232437722864,0.8377365601522199,25,30,20
41,948,1.5839664955483073e-05,0.1599233772589624,0.002326875234484908,0.8377339078415982,25,30,20
41,949,1.5837037418015414e-05,0.15992314186676848,0.002325699252848969,0.8377353218429655,25,30,20
41,950,1.5834332761767835e-05,0.15992321060561027,0.002282447943975459,0.8377785071176536,25,30,20
41,951,1.5908350907870707e-05,0.15991017461842408,0.0014756167667684258,0.8385983002639,25,30,20
41,952,1.5831648522752933e-05,0.15990994452373375,0.001471790796717368,0.8386024330310264,25,30,20
41,953,1.5832902344037794e-05,0.15990986868445944,0.0014730200448794676,0.8386012783683175,25,30,20
41,954,1.0984793500612704e-05,0.1598603600300352,0.0009734734587558343,0.8391551817177089,25,30,20
41,955,1.0990305558679641e-05,0.15986022386715615,0.0009706353485387317,0.839158150478747,25,30,20
41,956,1.0914920632978525e-05,0.15985992095678914,0.0009661093583228231,0.8391630547642558,25,30,20
41,957,1.54774752084671e-05,0.15960574017286577,0.0012109764282389082,0.8391678059236876,25,30,20
41,958,1.0831036430178923e-05,0.15993197308358093,0.0008986786993300648,0.8391585171806595,25,30,20
41,959,1.0754300103594353e-05,0.15995063910818577,0.0008801675220209216,0.8391584390696905,25,30,20
41,960,1.0830943723786583e-05,0.15995101717950003,0.0008841785590153394,0.8391539733177616,25,30,20
41,961,1.083227103225963e-05,0.15995013153455964,0.0008851409690683337,0.8391538952253406,25,30,20
41,962,1.0832282260030042e-05,0.15995013147455941,0.0008844748016964847,0.8391545614414848,25,30,20
41,963,1.0992830448702496e-05,0.1599505228398871,0.0008344151062762463,0.8392040692233889,25,30,20
41,964,1.0761268836950022e-05,0.15994959651825358,0.0008210328096875895,0.8392186094032226,25,30,20
41,965,1.083532005646067e-05,0.15994981864233984,0.0008251509133725773,0.8392141951242317,25,30,20
41,966,1.083526790892301e-05,0.15994997193398572,0.000825621731004719,0.8392135710671014,25,30,20
41,967,1.0835393751851645e-05,0.15995022846134038,0.000825360820960975,0.8392135753239477,25,30,20
41,968,1.0836742906226466e-05,0.15995030965090032,0.000827273905737877,0.8392115797004562,25,30,20
41,969,1.0835277343539374e-05,0.15995085942064774,0.0008267257198828879,0.8392115795821266,25,30,20
41,970,1.0836631713777675e-05,0.15995069720976487,0.0008251199878458019,0.8392133461706763,25,30,20
41,971,1.0835317375661922e-05,0.15995061651234121,0.0008249716524218435,0.8392135765178621,25,30,20
41,972,1.0832610100104218e-05,0.15995061126190455,0.0008186134545137721,0.839219942673482,25,30,20
41,973,1.0831326938492003e-05,0.15995053617607752,0.0008563854614269733,0.8391822470355573,25,30,20
41,974,1.0830009849424686e-05,0.15991358149861662,0.0008933455332145011,0.8391822429583199,25,30,20
41,975,1.0753233246784998e-05,0.1599130471052513,0.0008791701534455164,0.839197029508057,25,30,20
41,976,1.0753231667306705e-05,0.1599131217792645,0.0008791708945985316,0.8391969540944703,25,30,20
41,977,1.0673616865973952e-05,0.15991311107035813,0.0008778376404786991,0.839198377672298,25,30,20
41,978,1.0676625889068228e-05,0.15991304777781942,0.0009053608984889046,0.8391709146978034,25,30,20
41,979,1.098897974159054e-05,0.15991430384255312,0.0009234950411172409,0.8391512121365889,25,30,20
41,980,1.0990323565518224e-05,0.15991446392431505,0.0009253637069325034,0.8391491820451877,25,30,20
41,981,1.0677987712891835e-05,0.15991298035047447,0.0009067391280513042,0.839169602533762,25,30,20
41,982,1.060396529919424e-05,0.1599128378933113,0.0009043961779351972,0.8391721619634552,25,30,20
41,983,1.0527154232493357e-05,0.15991253067413425,0.0008998217904576663,0.8391771203811761,25,30,20
41,984,1.0443153951915992e-05,0.15991258483894502,0.0008983952371407092,0.8391785767699628,25,30,20
41,985,1.0443183762493862e-05,0.15995152385062728,0.0008594534866583596,0.8391785794789522,25,30,20
41,986,1.0441810737435272e-05,0.15995144140633252,0.0008589794849720986,0.8391791372979582,25,30,20
41,987,1.0602305371098257e-05,0.1599608976955238,0.0009656673319971662,0.8390628326671083,25,30,20
41,988,1.0603613277890902e-05,0.15996097717618527,0.000967132611093508,0.8390612865994435,25,30,20
41,989,1.0603612644338364e-05,0.15996097578031526,0.0009705425994057769,0.8390578780076348,25,30,20
41,990,1.0602313259312041e-05,0.15996089395457191,0.0009699182071265566,0.8390585855250423,25,30,20
41,991,1.0606395746953293e-05,0.1599553036890417,0.0009751918891341773,0.8390588980260771,25,30,20
41,992,1.0607654900187322e-05,0.1599552294086152,0.0009386939080355806,0.8390954690284492,25,30,20
41,993,1.0523463954701322e-05,0.15995497571834735,0.0009378128380820299,0.8390966879796155,25,30,20
41,994,1.0759106537670773e-05,0.1599687320692915,0.001148368150770393,0.8388721406734001,25,30,20
41,995,1.091958466343454e-05,0.15997849663053768,0.0032169538608945035,0.8367936299239039,25,30,20
41,996,1.0757883415702192e-05,0.15996001925090272,0.0031173796141101815,0.8369118432515709,25,30,20
41,997,1.0754888074560309e-05,0.15996000253490486,0.003088672191662191,0.8369405703853574,25,30,20
41,998,1.0754859252270295e-05,0.15996015600636995,0.003088162659853405,0.8369409264745233,25,30,20
41,999,1.0754853223158152e-05,0.15995992288769212,0.003136778056072847,0.8368925442030108,25,30,20
41,1000,1.075216190489916e-05,0.15995976253416075,0.003134985711744543,0.8368944995921886,25,30,20
41,1001,1.0753545842687056e-05,0.15995984470803293,0.0031366331789353065,0.8368927685671882,25,30,20
41,1002,1.0756326334070779e-05,0.15996501258658927,0.003156733168851834,0.8368674979182241,25,30,20
41,1003,1.0831524115026444e-05,0.15996137511881506,0.0031600696572732095,0.8368677236997958,25,30,20
41,1004,1.0831525796668734e-05,0.15995970847529617,0.0031618897764559843,0.8368675702224502,25,30,20
41,1005,1.0908290817912483e-05,0.15995144124416785,0.0031699280814267,0.8368677223835864,25,30,20
41,1006,1.1077352100640383e-05,0.1598847384108347,0.0032359660906763773,0.8368682181463872,25,30,20
41,1007,1.0985037541651708e-05,0.1599484645444299,0.003172519746338632,0.8368680306716887,25,30,20
41,1008,1.121658674660348e-05,0.15994931519401767,0.0031843355169745694,0.8368551327022602,25,30,20
41,1009,1.1219334260064339e-05,0.15994947556955705,0.003186105162449039,0.836853199933733,25,30,20
41,1010,1.578752038698357e-05,0.15995869964131793,0.0013871437673103444,0.838638369070984,25,30,20
41,1011,1.5793078427024565e-05,0.15995910043627906,0.001395325786688116,0.838629780698605,25,30,20
41,1012,1.5789043902694123e-05,0.15996372257560795,0.0013910160260098608,0.8386294723544785,25,30,20
41,1013,1.5787771848770993e-05,0.15996380908704194,0.0013912812686166973,0.8386291218724918,25,30,20
41,1014,1.5865790944301334e-05,0.15996427332845958,0.001398240838000821,0.8386216200425944,25,30,20
41,1015,1.6028389748567705e-05,0.15996493803215628,0.0014124512620884385,0.8386065823160063,25,30,20
41,1016,1.6029658597684423e-05,0.15996500505474034,0.0014118697683201534,0.8386070955183413,25,30,20
41,1017,1.5952901571864334e-05,0.15997010121755262,0.0014070065108644342,0.8386069393700106,25,30,20
41,1018,1.5956986701890807e-05,0.15997003961189107,0.0014212285777008063,0.8385927748237058,25,30,20
41,1019,1.5957068724536953e-05,0.15996528734032656,0.0014231496744974918,0.8385956059164509,25,30,20
41,1020,1.5957048471200977e-05,0.15996513515601468,0.001423042866839182,0.8385958649286746,25,30,20
41,1021,1.610776267919601e-05,0.15996597077743624,0.0014177115106943975,0.8386002099491897,25,30,20
41,1022,1.6102206882713095e-05,0.1599656440779305,0.0014090746536832518,0.838609179061503,25,30,20
41,1023,2.0624020205476087e-05,0.15983883428141138,0.001530883511311713,0.838609658187071,25,30,20
41,1024,2.062265516271224e-05,0.15983860001493247,0.0015284483192908504,0.8386123290106136,25,30,20
41,1025,2.0621163270883648e-05,0.15983826401607237,0.0015366116868553985,0.838604503133801,25,30,20
41,1026,2.061852025383889e-05,0.15983803524168175,0.0015073643945754847,0.8386339818434885,25,30,20
41,1027,2.077900051999805e-05,0.1598477959978502,0.0015806276214247858,0.8385507973802047,25,30,20
41,1028,2.0713964924673126e-05,0.15981288625658807,0.001615329482458875,0.8385510702960279,25,30,20
41,1029,2.0400222733185416e-05,0.15979850652962796,0.0013955792260142022,0.8387855140216242,25,30,20
41,1030,2.0239721739631903e-05,0.15978905288082396,0.001287723500374458,0.8389029838970617,25,30,20
41,1031,2.0238714089349272e-05,0.1597891381849801,0.0013201722068750682,0.8388704508940552,25,30,20
41,1032,2.007692810575293e-05,0.15977945844806854,0.0012468550914564256,0.8389536095323691,25,30,20
41,1033,2.014625772306038e-05,0.15978942970890916,0.0012370747891678497,0.8389533492441997,25,30,20
41,1034,1.9906897525746648e-05,0.15978838000396173,0.0012164878167418632,0.8389752252817704,25,30,20
41,1035,2.006253916310739e-05,0.15967305839948204,0.0013226295534927385,0.8389842495078618,25,30,20
41,1036,2.0137949699955146e-05,0.15967344081857437,0.0013277572308308685,0.8389786640008943,25,30,20
41,1037,2.0135291503323625e-05,0.1596732807111562,0.0013257529102305634,0.8389808310871102,25,30,20
41,1038,2.0131203006918493e-05,0.15967303675779307,0.0013226246073034004,0.838984207431897,25,30,20
41,1039,2.0368185649079902e-05,0.1596780514921533,0.001399952830303461,0.838901627491895,25,30,20
41,1040,2.0366854663150725e-05,0.15967835857792323,0.00135304873223279,0.8389482258351816,25,30,20
41,1041,2.0366676693104056e-05,0.1596779596704444,0.0013505244515051274,0.8389511492013579,25,30,20
41,1042,2.0372419711022797e-05,0.15967744001775036,0.0013474010128822914,0.8389547865496568,25,30,20
41,1043,2.5023974497171076e-05,0.15969580803399125,0.0016114091816524503,0.8386677588098597,25,30,20
41,1044,2.0450139622700655e-05,0.1596772824737877,0.001363062538702321,0.8389392048478882,25,30,20
41,1045,1.5646771706480276e-05,0.1596581535272649,0.0011418223295779559,0.8391843773714516,25,30,20
41,1046,1.564946108841803e-05,0.15965831377943743,0.0011442261032636285,0.8391818106562117,25,30,20
41,1047,1.5915744753744605e-05,0.15937486732026263,0.0014183046414610143,0.8391909122935236,25,30,20
41,1048,1.6076488746103664e-05,0.1593755731945227,0.0013900438650454564,0.8392183064516869,25,30,20
41,1049,1.6080774856330322e-05,0.15937574094422155,0.0014059435772126225,0.8392022347037108,25,30,20
41,1050,1.5918331200532375e-05,0.15937494437152405,0.001395361558859351,0.8392137757384174,25,30,20
41,1051,1.5758056082384197e-05,0.15937023518464943,0.0012908900025835742,0.8393231167566857,25,30,20
41,1052,1.57593863732625e-05,0.15937016636790996,0.0012924849183102308,0.8393215893274073,25,30,20
41,1053,1.568264930768263e-05,0.159369856680286,0.0012869378562561618,0.8393275228141509,25,30,20
41,1054,1.5679582650327274e-05,0.1593703844225413,0.0012899364622453175,0.8393239995325636,25,30,20
41,1055,2.0401334331062133e-05,0.15939824443909725,0.0016233765110424462,0.8389579777155299,25,30,20
41,1056,2.040130564258775e-05,0.15939831825367534,0.0016230519346570834,0.8389582285060254,25,30,20
41,1057,2.04767004665219e-05,0.15939869516641303,0.001626322708475364,0.8389545054246458,25,30,20
41,1058,2.047670000528534e-05,0.15939876920283733,0.0016260654627449482,0.8389546886344131,25,30,20
41,1059,2.0475384656971866e-05,0.15939883649077483,0.0016235198748245675,0.8389571682497441,25,30,20
41,1060,1.5688807304826345e-05,0.1598061506497711,0.0012306467968119317,0.8389475137461126,25,30,20
41,1061,1.5688833508245445e-05,0.1598061495958636,0.0012315414450778635,0.8389466201255504,25,30,20
41,1062,1.569013972820838e-05,0.15980622334225633,0.0012318398032355046,0.8389462467147801,25,30,20
41,1063,1.568852031280599e-05,0.1598062952155278,0.0011795269887231615,0.8389984892754362,25,30,20
41,1064,1.5689874097270576e-05,0.1598062226506925,0.0011817691246198568,0.8389963183505903,25,30,20
41,1065,1.5766668491980258e-05,0.15980661370852017,0.0019003815885230712,0.8382772380344654,25,30,20
41,1066,1.5766687888840864e-05,0.15980661373969118,0.0019217193543759423,0.8382559002180444,25,30,20
41,1067,1.5689907539634766e-05,0.15980630803939952,0.0019186747146779748,0.8382593273383832,25,30,20
41,1068,1.5691207863271418e-05,0.15980638594487784,0.0019188210501205382,0.8382591017971386,25,30,20
41,1069,1.569108447519836e-05,0.15980730496636755,0.00191789823874403,0.8382591057104133,25,30,20
41,1070,1.5691083569848113e-05,0.159807385992152,0.0019202663900641556,0.8382566565342141,25,30,20
41,1071,1.5454408298564678e-05,0.15995474350102692,0.0017823331740461218,0.8382474689166286,25,30,20
41,1072,1.54530869720754e-05,0.1599545806238413,0.0017804988938880343,0.8382494673952988,25,30,20
41,1073,1.5376252575518263e-05,0.1599541825850093,0.0010599146437710724,0.8389705265186445,25,30,20
41,1074,1.5374910983681095e-05,0.15995394557645592,0.0010564580248653155,0.838974221487695,25,30,20
41,1075,1.5373567362479365e-05,0.15995557858415554,0.0010548318391854481,0.8389742160092963,25,30,20
41,1076,1.5374857877723797e-05,0.1599555054822003,0.0010557949227061397,0.8389733247372158,25,30,20
41,1077,1.5376187017362842e-05,0.1599555836639918,0.001057182951560781,0.8389718571974301,25,30,20
41,1078,1.9606853717762267e-05,0.1599286699144835,0.000869789840344356,0.8391819333914546,25,30,20
41,1079,1.9530068597382126e-05,0.15992844237565576,0.0008406338614177169,0.8392113936943292,25,30,20
41,1080,1.929720108992233e-05,0.15992743948068,0.0008272720996464167,0.8392259912185837,25,30,20
41,1081,1.929583843576794e-05,0.15992735324139196,0.0008272530067782802,0.8392260979133939,25,30,20
41,1082,1.9295759130385425e-05,0.15992851101522543,0.0008260267841543758,0.8392261664414893,25,30,20
41,1083,1.9369780847063766e-05,0.1599285768726557,0.0008272092516612513,0.8392248440948356,25,30,20
41,1084,1.9369777883688016e-05,0.15992860864000924,0.0008271761821266698,0.83922484539998,25,30,20
41,1085,1.936979931513259e-05,0.1599286866733289,0.0008276489204266162,0.8392242946069289,25,30,20
41,1086,1.937111876636799e-05,0.15992883879078892,0.002828398847971431,0.8372233912424728,25,30,20
41,1087,1.9369770172428735e-05,0.15992884176657488,0.002827605846508008,0.8372241826167444,25,30,20
41,1088,1.9368452304825567e-05,0.1599287624671114,0.0008275589573216678,0.8392243101232618,25,30,20
41,1089,2.416277132703512e-05,0.15995630404909725,0.001176495232325711,0.83884303794725,25,30,20
41,1090,2.40846967022934e-05,0.1599591081111454,0.0011740774730020834,0.8388427297191502,25,30,20
41,1091,2.4090369746188153e-05,0.15995941811512307,0.0011737627251598068,0.8388427287899709,25,30,20
41,1092,2.4091925285700954e-05,0.15994624298070653,0.0011869318204071229,0.8388427332736006,25,30,20
41,1093,2.4167337522750404e-05,0.15994654710535441,0.0011918569858009357,0.8388374285713219,25,30,20
41,1094,2.41657803573276e-05,0.159940510305721,0.00119782173835716,0.8388375021755645,25,30,20
41,1095,2.4242492527258686e-05,0.15994074041591314,0.0012097435211588646,0.8388252735704006,25,30,20
41,1096,2.4320596817272422e-05,0.15991320047490515,0.0012366593339035157,0.8388258195943741,25,30,20
41,1097,1.953185004806955e-05,0.15988607102896793,0.0008934030499372553,0.8392009940710465,25,30,20
41,1098,1.9680979023624433e-05,0.1598781530511322,0.0009008641307563453,0.8392013018390878,25,30,20
41,1099,1.9682303818392982e-05,0.15987823641163343,0.0009024237513668338,0.8391996575331813,25,30,20
41,1100,1.968229556758397e-05,0.1598782416390676,0.0029016118030933224,0.8372004642622716,25,30,20
41,1101,1.960421801171063e-05,0.1599245968037234,0.0028558793738777755,0.8371999196043872,25,30,20
41,1102,1.9604224988012023e-05,0.15992388903521823,0.002856588388894368,0.8371999183508996,25,30,20
41,1103,1.9527520713200153e-05,0.1599236670903314,0.0028449755799306005,0.8372118298090251,25,30,20
41,1104,1.9527497064252583e-05,0.1599248403371789,0.0028438037498884293,0.8372118284158687,25,30,20
41,1105,1.9526208470806646e-05,0.15992484328454168,0.002842464456266072,0.8372131660507216,25,30,20
41,1106,1.952629012213164e-05,0.1599246955502439,0.002844361055441289,0.8372114171041928,25,30,20
41,1107,1.9526266266437602e-05,0.15992536788242537,0.002843688745671478,0.8372114171056367,25,30,20
41,1108,1.9526259779628418e-05,0.15992536652657197,0.0028438602853712836,0.8372112469282774,25,30,20
41,1109,1.9522071998798827e-05,0.15992511200459317,0.0028405507451410867,0.8372148151782673,25,30,20
41,1110,1.952348806592709e-05,0.15992511487949504,0.0028475676085487974,0.8372077940238906,25,30,20
41,1111,1.0573825001702953e-05,0.15992433294870986,0.0027049625274742934,0.8373601306988147,25,30,20
41,1112,1.0574008290837312e-05,0.15992449421131552,0.002704098203169579,0.8373608335772245,25,30,20
41,1113,1.0576700957479028e-05,0.15992466280154086,0.0027082511299170225,0.8373565093675849,25,30,20
41,1114,1.0504074160161705e-05,0.15992445166785335,0.0027104214224929167,0.8373546228354941,25,30,20
41,1115,1.0505209462056697e-05,0.15992436834679785,0.0027100606008395116,0.8373550658429011,25,30,20
41,1116,1.042982740363826e-05,0.15992421913731888,0.002708331875713078,0.8373570191595647,25,30,20
41,1117,1.0432509642231285e-05,0.15992422440756304,0.0027107910949608015,0.8373545519878343,25,30,20
41,1118,1.0436593796742223e-05,0.15992455204362746,0.0027159202530181777,0.837349091109558,25,30,20
41,1119,1.0435219339577436e-05,0.15992431757618963,0.002712778850071218,0.8373524683543999,25,30,20
41,1120,1.0436568908063494e-05,0.15992447110750102,0.0007141664082585072,0.8393509259153328,25,30,20
41,1121,1.0439361633356415e-05,0.1599247873455795,0.0007186357338692015,0.8393461375589183,25,30,20
41,1122,1.0370570614913028e-05,0.1590941309808689,0.0015495660904566394,0.8393459323580602,25,30,20
41,1123,1.0371859370475678e-05,0.15909279916388838,0.00155097481518459,0.8393458541615573,25,30,20
41,1124,1.0217030569302351e-05,0.15909218001468706,0.0015290232028087453,0.8393685797519355,25,30,20
41,1125,1.0218356063476581e-05,0.15909233319974075,0.0015291788009049543,0.839368269643291,25,30,20
41,1126,1.013373293043942e-05,0.15992571353489832,0.0006959847167683049,0.8393681680154031,25,30,20
41,1127,1.0207752595449989e-05,0.15992616671944337,0.0006978814598832413,0.8393657440680781,25,30,20
41,1128,1.028313653431302e-05,0.1599263900412052,0.0007006346204528771,0.8393626922018078,25,30,20
41,1129,1.0281776486547842e-05,0.15992630093524876,0.0006980025019636401,0.8393654147863012,25,30,20
41,1130,1.0280449816720023e-05,0.15992622289604155,0.0006966977868385071,0.8393667988673035,25,30,20
41,1131,1.0281798420846253e-05,0.15992638046041185,0.0006991032713600355,0.8393642344698071,25,30,20
41,1132,1.4995786772731466e-05,0.1599494864768643,0.00107018561898765,0.8389653321173753,25,30,20
41,1133,1.4919027371255033e-05,0.15994909647754843,0.0010638940766073553,0.8389720904184728,25,30,20
41,1134,1.4918968232417338e-05,0.15995579293171466,0.001057044243312464,0.8389722438567404,25,30,20
41,1135,1.4916205370569217e-05,0.15995547684731296,0.0010529229620234541,0.8389766839852928,25,30,20
41,1136,1.4917552156239965e-05,0.15995571787420138,0.0010564132805648012,0.8389729512930774,25,30,20
41,1137,1.4995648287694624e-05,0.15994939421752355,0.0010625767680263025,0.8389730333661621,25,30,20
41,1138,1.4997036380321492e-05,0.15994924495845786,0.001100143700771028,0.8389356143043908,25,30,20
41,1139,1.4995716193372438e-05,0.1599502693131214,0.001099119262557015,0.8389356157081282,25,30,20
41,1140,1.5072483899987413e-05,0.15994362795875536,0.0011055316111112778,0.8389357679462335,25,30,20
41,1141,1.4997080367336535e-05,0.15994317012807324,0.0011009075226830587,0.8389409252688763,25,30,20
41,1142,1.4993076143182502e-05,0.15994291829928442,0.0010963950818233122,0.8389456935427491,25,30,20
41,1143,1.5084914465526862e-05,0.159943293920025,0.001816390070536606,0.8382252310949725,25,30,20
41,1144,1.5163042883322932e-05,0.15994368318323565,0.0018217016961567976,0.8382194520777237,25,30,20
41,1145,1.5071164967560735e-05,0.15994354057363852,0.0010971262361062894,0.8389442620252872,25,30,20
41,1146,1.4993067581491784e-05,0.1599432282025567,0.0010951142481971008,0.8389466644816647,25,30,20
41,1147,1.4992988633102365e-05,0.15994322781581322,0.001094223488357202,0.8389475557071965,25,30,20
41,1148,1.4997114665428301e-05,0.15994316202944148,0.001098579532001509,0.8389432613238911,25,30,20
41,1149,1.4998487351784311e-05,0.15994339772758645,0.001101648374016877,0.8389399554110445,25,30,20
41,1150,1.4995803245256084e-05,0.15994346525306594,0.0010989459744522622,0.8389425929692363,25,30,20
41,1151,1.4993168392409522e-05,0.15994299826838604,0.0010941603754836364,0.8389478481877375,25,30,20
41,1152,1.5074184247848573e-05,0.1592094615415711,0.0018276117822440938,0.8389478524919367,25,30,20
41,1153,1.5228945855146546e-05,0.15920133730886785,0.0018352757746456416,0.8389481579706309,25,30,20
41,1154,1.5226281508206497e-05,0.15920110604666454,0.0018427723461435395,0.8389408953256834,25,30,20
41,1155,1.5226281480254898e-05,0.15920126656063854,0.00185859825572217,0.8389249089021589,25,30,20
41,1156,1.5226225460928477e-05,0.15920141990168074,0.001858883292682158,0.8389244705801759,25,30,20
41,1157,1.5227551551922697e-05,0.1592014993363051,0.0018598239695928648,0.8389234491425497,25,30,20
41,1158,1.530427896138257e-05,0.15920173351185635,0.0018635927430158883,0.8389193694661661,25,30,20
41,1159,1.5304281496543077e-05,0.15920164775234066,0.0018638320033806618,0.8389192159627819,25,30,20
41,1160,1.530428647899734e-05,0.1592015696079468,0.0018605731914213817,0.8389225529141525,25,30,20
41,1161,1.5146512451218087e-05,0.15994048200350136,0.0011218256414016236,0.8389225458426456,25,30,20
41,1162,1.5145190842819752e-05,0.1599403244599638,0.0011199053562249888,0.8389246249929683,25,30,20
41,1163,1.5146491519579642e-05,0.15994040086959707,0.0011205047093698166,0.8389239479295135,25,30,20
41,1164,1.0509230201691104e-05,0.15991752629143818,0.000753717913286712,0.8393182465650737,25,30,20
41,1165,1.0509263567859184e-05,0.15991723282695383,0.0007540072612050089,0.8393182506482735,25,30,20
41,1166,1.0506492692713454e-05,0.1599172163725414,0.0007514241256429907,0.8393208530091231,25,30,20
41,1167,1.0506466445288987e-05,0.1599172231304874,0.000766282772751722,0.8393059876303157,25,30,20
41,1168,1.0503759328041419e-05,0.15991697939913396,0.0007667122618546037,0.8393058045796833,25,30,20
41,1169,1.509475021904248e-05,0.15991743836073896,0.000866627557525398,0.8392008393315163,25,30,20
41,1170,1.517277233735113e-05,0.15991789580022844,0.0008712594350676137,0.8391956719923661,25,30,20
41,1171,1.969804480370718e-05,0.15991861248088013,0.0009684969227256815,0.8390931925515901,25,30,20
41,1172,1.9773509700811392e-05,0.15991883584721536,0.0009927913338787842,0.8390685993092046,25,30,20
41,1173,1.9772239548421036e-05,0.15991867463020826,0.0009951032120267816,0.8390664499182162,25,30,20
41,1174,1.9772171326797607e-05,0.1599186742907671,0.0009853984073326732,0.8390761551305732,25,30,20
41,1175,1.9847516099595462e-05,0.15991575705063776,0.0009880922830820711,0.8390763031501802,25,30,20
41,1176,1.984750699164979e-05,0.15991591058818805,0.001027607592539672,0.8390366343122804,25,30,20
41,1177,1.9925509941185344e-05,0.15991630210667862,0.0017326229602498194,0.8383311494231299,25,30,20
41,1178,1.9774759921828254e-05,0.15991608283656214,0.0010615032755698953,0.8390026391279457,25,30,20
41,1179,1.9776094737229077e-05,0.15991594014634733,0.001063355075812265,0.8390009286831028,25,30,20
41,1180,1.9780292363265274e-05,0.15991602917513575,0.0010245020853008773,0.8390396884471997,25,30,20
41,1181,1.5254994911273272e-05,0.15991530296361575,0.0009121672563786686,0.8391572747850938,25,30,20
41,1182,1.5568714841893094e-05,0.1599426471544402,0.001129878521307294,0.8389119056094103,25,30,20
41,1183,1.5568837910893486e-05,0.159941516733985,0.0011311539237874979,0.8389117605043163,25,30,20
41,1184,1.5646955585321167e-05,0.15994198950485405,0.001138513787188936,0.8389038497523716,25,30,20
41,1185,1.5574293413924573e-05,0.15994192696309129,0.0011008679346122415,0.8389416308088826,25,30,20
41,1186,1.5728595852862584e-05,0.1599423178824982,0.0030704496016851425,0.8369715039199639,25,30,20
41,1187,1.572861855395232e-05,0.15994255360854034,0.0030701225092113755,0.8369715952636944,25,30,20
41,1188,1.5727282680385732e-05,0.15994254827821708,0.003071221201522761,0.8369705032375796,25,30,20
41,1189,1.5727375030452748e-05,0.15994254987594195,0.0030730979881717687,0.8369686247608555,25,30,20
41,1190,1.5727431409698198e-05,0.1598983132978461,0.0031173344951058433,0.8369686247756383,25,30,20
41,1191,1.5650606165488353e-05,0.15994918073841013,0.003066696111139014,0.8369684725442852,25,30,20
41,1192,2.000173087144148e-05,0.15994949823361035,0.003125915935475142,0.8369045841000429,25,30,20
41,1193,2.0001752649326693e-05,0.15994949952617657,0.0031265997412186696,0.8369038989799552,25,30,20
41,1194,2.000038698747585e-05,0.1599495735099462,0.0031235654960162403,0.8369068606070499,25,30,20
41,1195,1.9999007508554846e-05,0.1599494830904249,0.0031195556597770602,0.8369109622422894,25,30,20
41,1196,2.007428097159385e-05,0.15994672436602164,0.0031220186163881496,0.8369111827366186,25,30,20
41,1197,2.0074279788599876e-05,0.1599467256930369,0.0031226316523710967,0.8369105683748032,25,30,20
41,1198,2.007436221770215e-05,0.1599467260121429,0.003122627230978955,0.8369105723946606,25,30,20
41,1199,2.007433584563526e-05,0.1599466492001279,0.0031219340326275346,0.8369113424313991,25,30,20
41,1200,2.0075623086149252e-05,0.15994673267015858,0.0031362848784508178,0.8368969068283052,25,30,20
41,1201,2.0076904882603085e-05,0.15994696807407993,0.0031384040538174774,0.8368945509672205,25,30,20
41,1202,2.0167721750833353e-05,0.15995206154833658,0.004000007464089778,0.8360277632658233,25,30,20
41,1203,2.016771906176024e-05,0.15995198605597247,0.004000064465055228,0.8360277817599112,25,30,20
41,1204,2.016772020477051e-05,0.15995206036457416,0.003999222587065287,0.8360285493281563,25,30,20
41,1205,2.0243063638719683e-05,0.1599520533715348,0.004000071039346198,0.8360276325254808,25,30,20
41,1206,2.0243134048768497e-05,0.15995205897177636,0.00400109166112642,0.8360266062330491,25,30,20
41,1207,2.0480783233985935e-05,0.15995292864505514,0.004002638086326061,0.8360239524853853,25,30,20
41,1208,2.016703286918237e-05,0.1599256597093499,0.00378459436933751,0.8362695788884439,25,30,20
41,1209,2.0090542908855925e-05,0.15992930404638542,0.0037810960145632545,0.8362695093961429,25,30,20
41,1210,1.1145462250617906e-05,0.1599284392424107,0.0036075987271498716,0.8364528165681894,25,30,20
41,1211,1.1220881194406393e-05,0.15992866960919147,0.0036202864789993353,0.8364398230306154,25,30,20
41,1212,1.1223594511768258e-05,0.1599263841860901,0.0036225637145419526,0.8364398285048569,25,30,20
41,1213,1.1223596107305872e-05,0.15992631260139833,0.003622882474408529,0.8364395813280864,25,30,20
41,1214,1.594863801026046e-05,0.15995890939796836,0.0039885377924659855,0.8360366041715557,25,30,20
41,1215,1.602530598353111e-05,0.15995944017270072,0.005993065495463883,0.834031469025852,25,30,20
41,1216,2.0828790480746165e-05,0.15997828025097846,0.00627684606576977,0.8337240448927712,25,30,20
41,1217,1.6023945918643397e-05,0.15995935938958072,0.005990981108960335,0.8340336355555403,25,30,20
41,1218,1.6023898479437e-05,0.15995943467661963,0.005991140050167685,0.8340334013747335,25,30,20
41,1219,1.5786272160986243e-05,0.1599586375865175,0.00597664266421474,0.8340489334771071,25,30,20
41,1220,1.5857475042831166e-05,0.159958699396858,0.005978507384970259,0.8340469357431293,25,30,20
41,1221,1.585884245164578e-05,0.15995909112866774,0.005983159598699218,0.8340418904301817,25,30,20
41,1222,1.593557896202776e-05,0.1599593310341268,0.005989673757442037,0.8340350596294696,25,30,20
41,1223,1.5777215918386233e-05,0.15995847151209763,0.00397963818415491,0.8360461130878295,25,30,20
41,1224,1.5699124377165085e-05,0.1599578495247286,0.003971000369985594,0.8360554509809092,25,30,20
41,1225,1.562649893336911e-05,0.15995778808966168,0.004014856340978171,0.8360117290704271,25,30,20
41,1226,1.570191064386513e-05,0.15995808958099392,0.0040182213476169905,0.8360079871607455,25,30,20
41,1227,1.5703230694194625e-05,0.15995824015764906,0.004016895166622362,0.8360091614450347,25,30,20
41,1228,1.562688287865219e-05,0.15995793141610437,0.004015673457726196,0.8360107682432911,25,30,20
41,1229,1.5704983523829552e-05,0.1599586292359496,0.004025609006665107,0.8360000567738619,25,30,20
41,1230,1.5630910310092383e-05,0.15995832701161705,0.002020245246113988,0.8380057968319591,25,30,20
41,1231,1.5630886474350873e-05,0.15995816906197594,0.0020170846986408645,0.8380091153529091,25,30,20
41,1232,1.555546375266751e-05,0.15995786599678483,0.002011569858701943,0.8380150086807607,25,30,20
41,1233,1.5484213189342447e-05,0.159957569884159,0.002011191976558378,0.8380157539260935,25,30,20
41,1234,1.5558264822011633e-05,0.15995801556098885,0.002014766475044793,0.8380116596991448,25,30,20
41,1235,1.5560959653218057e-05,0.1599579468641957,0.002018268411131509,0.8380082237650203,25,30,20
41,1236,1.579385550377945e-05,0.1599674531042272,0.002124909397932441,0.8378918436423372,25,30,20
41,1237,1.5792483510742268e-05,0.15996744903489998,0.00212176801368551,0.8378949904679044,25,30,20
41,1238,1.57934894888711e-05,0.1599672988227093,0.002119294312196409,0.8378976133756059,25,30,20
41,1239,1.5867565717709425e-05,0.15996759240703207,0.0021245808813587265,0.837891959145892,25,30,20
41,1240,2.4764051677667546e-05,0.15995396996885225,0.002131785860932019,0.8378894801185386,25,30,20
41,1241,2.4687240518179472e-05,0.15995374219010564,0.0021243029170973362,0.8378972676522793,25,30,20
41,1242,2.484081741647382e-05,0.1599544358916943,0.002109154232042738,0.8379115690588467,25,30,20
41,1243,2.500172236478187e-05,0.15995492873722486,0.002117566885125812,0.8379025026552847,25,30,20
41,1244,2.5153831606013467e-05,0.15994578844748106,0.0021262523134515394,0.8379028054074615,25,30,20
41,1245,2.5152565982464487e-05,0.15994572157881998,0.0021271380368028665,0.8379019878183948,25,30,20
41,1246,1.160781989559704e-05,0.15992705696693768,0.001759213898318122,0.8383021213148489,25,30,20
41,1247,1.1607821324941603e-05,0.15992706422858807,0.0017604912992484074,0.8383008366508388,25,30,20
41,1248,1.1531087288525939e-05,0.15992683400083496,0.001756144901329625,0.8383054900105471,25,30,20
41,1249,1.1295466972935092e-05,0.1599177813865729,0.0016489280628667745,0.8384219950835877,25,30,20
41,1250,1.1375189614824756e-05,0.15991794740650325,0.0016869007241943276,0.8383837766796877,25,30,20
41,1251,1.1447812297306154e-05,0.1599180087634583,0.0016428038546006582,0.8384277395696437,25,30,20
41,1252,1.137257438413913e-05,0.15991763500913214,0.00164053332592285,0.8384304590905607,25,30,20
41,1253,1.1373918008029895e-05,0.15991755687265974,0.0016417595151214245,0.8384293096942109,25,30,20
41,1254,1.1453309741571318e-05,0.15991794983385646,0.0016477210245535562,0.8384228758318484,25,30,20
41,1255,1.1376628060150737e-05,0.15991764027120037,0.001634026881105735,0.8384369562196333,25,30,20
41,1256,1.1299914884368501e-05,0.1599172606460721,0.0016277203627016248,0.8384437190763414,25,30,20
41,1257,1.1299860151583499e-05,0.15991725085401565,0.001627100085946288,0.8384443491998862,25,30,20
41,1258,1.1132284609723314e-05,0.15991162141958104,0.000760656109650601,0.8393165901861582,25,30,20
41,1259,1.1208939218473667e-05,0.15991184761290084,0.0008009587057342474,0.8392759847421459,25,30,20
41,1260,1.1207586551617314e-05,0.15991161577247243,0.0007988268834578367,0.8392783497575173,25,30,20
41,1261,1.1054154801248171e-05,0.15991874462941,0.0007918472319378527,0.8392783539838501,25,30,20
41,1262,1.10554886083855e-05,0.15991867596966503,0.0007934178225111742,0.839276850719215,25,30,20
41,1263,1.1054151518410938e-05,0.15991828555687726,0.0007895045945543319,0.83928115569705,25,30,20
41,1264,2.450117331080386e-05,0.1599465576333091,0.02130493570424081,0.8187240054891393,25,30,20
41,1265,2.449707840697299e-05,0.15994623634754704,0.021303813334211878,0.8187254532398343,25,30,20
41,1266,2.441900819407271e-05,0.15994652607127363,0.021303671506878667,0.8187253834136538,25,30,20
41,1267,2.4418757977778442e-05,0.15994807079525342,0.0213022877120535,0.8187252227347156,25,30,20
41,1268,2.4340691828422137e-05,0.15994775738060274,0.021298089824190285,0.8187298121033783,25,30,20
41,1269,2.4733880922127486e-05,0.159949944913359,0.021364488489314732,0.8186608327164041,25,30,20
41,1270,2.4340669861662057e-05,0.15994767223780307,0.021295895026143694,0.8187320920661915,25,30,20
41,1271,2.433934313941772e-05,0.159947745113688,0.021295060798440867,0.8187328547447319,25,30,20
41,1272,2.4414710659638152e-05,0.15994652834794626,0.02129636250375476,0.8187326944376397,25,30,20
41,1273,2.441340100869649e-05,0.15994637294226563,0.02131810681803725,0.8187111068386891,25,30,20
41,1274,2.441611598461328e-05,0.15993643889215953,0.0213280341424135,0.818711110849443,25,30,20
41,1275,3.312864207670465e-05,0.1599365095282,0.02147711834694453,0.8185532434827796,25,30,20
41,1276,3.313133032629746e-05,0.15993667108198203,0.02147902651677645,0.818551171070916,25,30,20
41,1277,3.336830503044711e-05,0.15972724742628716,0.021687739271734906,0.8185516449969482,25,30,20
41,1278,3.337240279589819e-05,0.15972795664050973,0.021673746619010673,0.8185649243376844,25,30,20
41,1279,3.336968954706252e-05,0.1597277936975765,0.02167150954936498,0.8185673270635121,25,30,20
41,1280,3.3369683136823746e-05,0.15972779101004708,0.021675279949245292,0.8185635593575716,25,30,20
41,1281,3.3373744884235247e-05,0.15972811452480865,0.02167595474602045,0.8185625569842876,25,30,20
41,1282,3.3060012298252415e-05,0.15994306949085882,0.02146193958461324,0.8185619309122305,25,30,20
41,1283,3.306137878830385e-05,0.15994065369611302,0.02146435264965334,0.818561932275446,25,30,20
41,1284,3.2986238530109034e-05,0.15993594347623266,0.021469292389188998,0.818561777896049,25,30,20
41,1285,3.290947565889382e-05,0.15993563767333008,0.021464879598415632,0.8185665732525963,25,30,20
41,1286,3.290539248724048e-05,0.15993531544847847,0.021500405164759564,0.8185313739942757,25,30,20
41,1287,3.290402587304492e-05,0.15993515657536517,0.02149821838467332,0.8185337210140894,25,30,20
41,1288,2.3953829995577366e-05,0.15993413266454268,0.021335321755025182,0.8187065917504376,25,30,20
41,1289,2.3955151428011023e-05,0.1599342134521733,0.021335808532250266,0.8187060228641491,25,30,20
41,1290,2.395648088933165e-05,0.15993429295124795,0.021298076322533655,0.8187436742453298,25,30,20
41,1291,2.3876908058138627e-05,0.15993389526267965,0.021278485344148987,0.8187637424851134,25,30,20
41,1292,2.379878920926991e-05,0.15993327035155713,0.021271395911491388,0.8187715349477416,25,30,20
41,1293,2.387550245822794e-05,0.1599336594740597,0.02127746079608081,0.818765004227401,25,30,20
41,1294,2.3952240786293197e-05,0.15993396503192273,0.02128179732455645,0.818760285402734,25,30,20
41,1295,1.0426998347306854e-05,0.15990664203566848,0.04069771586855351,0.7993852150974299,25,30,20
41,1296,1.4940637289614202e-05,0.1599077348885699,0.04069150585163849,0.799385818622501,25,30,20
41,1297,1.4942044010352649e-05,0.15990749367735138,0.04075891363665974,0.7993186506419779,25,30,20
41,1298,1.4939220405557638e-05,0.15990726615691236,0.040685419015228874,0.7993923756074527,25,30,20
41,1299,1.4939197278144006e-05,0.15990742226313187,0.04068550186546644,0.7993921366741232,25,30,20
41,1300,1.9744044982046336e-05,0.15992634292239186,0.04095755560645824,0.7990963574261678,25,30,20
41,1301,1.9901753799680954e-05,0.1599317373111268,0.041021839941782885,0.7990265209932911,25,30,20
41,1302,1.5388062450937565e-05,0.17959797663144786,0.021360825392112048,0.7990258099139895,25,30,20
41,1303,1.5311326736902928e-05,0.17959774618899857,0.021320120056794525,0.7990668224274705,25,30,20
41,1304,1.5467313526959372e-05,0.1602983887588805,0.040619003959501264,0.7990671399680913,25,30,20
41,1305,2.017613228095848e-05,0.15994884412036214,0.04094606567580469,0.7990849140715524,25,30,20
41,1306,1.9944402209020993e-05,0.15994338391200785,0.04088012945692609,0.7991565422288572,25,30,20
41,1307,1.9944404381741987e-05,0.1599433839420845,0.040880846756533584,0.7991558248970003,25,30,20
41,1308,1.9950312167306507e-05,0.15994401698641614,0.04088422955946449,0.7991518031419518,25,30,20
41,1309,2.018322652477228e-05,0.15994495811467707,0.040898732695765695,0.7991361259630321,25,30,20
41,1310,2.0184582985058064e-05,0.15994488683380123,0.04089988995571547,0.7991350386274982,25,30,20
41,1311,2.0181867828007968e-05,0.1599446429980443,0.04089686358911608,0.7991383115450119,25,30,20
41,1312,2.0342429257825153e-05,0.15995853450267628,0.04098156922340726,0.7990395538446591,25,30,20
41,1313,2.042191114355369e-05,0.1599588483931735,0.04098756504048766,0.7990331646551959,25,30,20
41,1314,2.520602105194393e-05,0.15999968457966823,0.041398299253605074,0.7985768101456755,25,30,20
41,1315,2.5130675619856974e-05,0.16000184488845726,0.041396357963623995,0.7985766664722993,25,30,20
41,1316,2.5129356297541075e-05,0.16000168755939265,0.04139665682383873,0.7985765262604717,25,30,20
41,1317,2.03466033826954e-05,0.1599608553350275,0.040988354021039654,0.7990304440405508,25,30,20
41,1318,2.0346573768719217e-05,0.1599609279786859,0.040986025780086435,0.7990326996674593,25,30,20
41,1319,2.034657110017086e-05,0.15996100615005068,0.04098654647894101,0.7990321007999084,25,30,20
41,1320,2.042191623968505e-05,0.15995789264637295,0.040989442311230986,0.7990322431261566,25,30,20
41,1321,2.0345157920999956e-05,0.15995750619276256,0.04098418645162428,0.7990379621976923,25,30,20
41,1322,2.0339246746182354e-05,0.15995694583459635,0.040979130920309526,0.7990435839983481,25,30,20
41,1323,1.5470303545479513e-05,0.1599501522989228,0.04100896342358146,0.799025413973951,25,30,20
41,1324,1.5396299493808622e-05,0.1599531827483174,0.04100592472886431,0.799025496223326,25,30,20
41,1325,1.539358744773555e-05,0.1599532501040597,0.04100235829305791,0.7990289980154358,25,30,20
41,1326,1.5392167533955182e-05,0.15995332127462483,0.0410012950345768,0.7990299915232656,25,30,20
41,1327,2.4211108147352218e-05,0.1599713311652696,0.04134178146526885,0.7986626762613157,25,30,20
41,1328,2.429194880724468e-05,0.15997188605321588,0.04134960199793431,0.7986542200000442,25,30,20
41,1329,2.429062454744271e-05,0.15997188491902953,0.041349029792813276,0.7986547946636112,25,30,20
41,1330,2.452911137571157e-05,0.15998110076449013,0.041439101808770286,0.798555268315365,25,30,20
41,1331,2.444966740998926e-05,0.15998078981699365,0.04143714254823424,0.7985576179673634,25,30,20
41,1332,2.4603072890244355e-05,0.15998132669724624,0.04144457561206218,0.7985494946178022,25,30,20
41,1333,2.4601757338592596e-05,0.15922892626120444,0.04219697999394577,0.7985494919875129,25,30,20
41,1334,1.562669641853338e-05,0.15921051796898966,0.04185053108472678,0.7989233242498668,25,30,20
41,1335,1.5552694604121606e-05,0.15921014642903564,0.04184768695918029,0.7989266139171814,25,30,20
41,1336,1.5552657704028212e-05,0.15920991199669823,0.04184445295044934,0.7989300823951498,25,30,20
41,1337,1.5942784492259274e-05,0.15923310757079182,0.042226428014567004,0.7985245216301504,25,30,20
41,1338,1.5787984451999788e-05,0.15923249101774195,0.04221783757552191,0.7985338834222856,25,30,20
41,1339,1.5863126850010805e-05,0.15919121967410996,0.04225896565918444,0.7985339515398568,25,30,20
41,1340,1.547436331177356e-05,0.1591679432894643,0.04187618406657293,0.7989403982806523,25,30,20
41,1341,1.5238752973390323e-05,0.15915873372044873,0.041813892895315306,0.7990121346312639,25,30,20
41,1342,1.5240129035021629e-05,0.1591589680331245,0.041814294745319495,0.7990114970925224,25,30,20
41,1343,1.524013659798641e-05,0.1591587128627456,0.04181431696522673,0.799011730035431,25,30,20
41,1344,1.524016122667702e-05,0.1591587169482017,0.04181523066778411,0.799010812222789,25,30,20
41,1345,1.5159344138826223e-05,0.15915847167338168,0.041807625837870815,0.7990187431446101,25,30,20
41,1346,1.515939537853654e-05,0.15915839917358987,0.04180841301913037,0.7990180284119027,25,30,20
41,1347,1.5159418970289895e-05,0.15915750564916575,0.04180953942461521,0.79901779550725,25,30,20
41,1348,1.51482898833747e-05,0.15916178686479887,0.04188986185073341,0.7989332029945858,25,30,20
41,1349,1.5080413489620866e-05,0.1591615153894491,0.041926805275098754,0.7988965989219641,25,30,20
41,1350,1.508174416728773e-05,0.15916144260955112,0.0419283995211554,0.7988950761251279,25,30,20
41,1351,1.508173557273691e-05,0.15916160016593556,0.04193007601494263,0.7988932420835506,25,30,20
41,1352,1.5081748149054691e-05,0.15916167676852055,0.04192973773876595,0.7988935037445661,25,30,20
41,1353,1.5226435138899606e-05,0.15916249832723278,0.041899370267057236,0.7989229049705727,25,30,20
41,1354,1.522643523548895e-05,0.15916249847320152,0.04190145115403619,0.7989208239375281,25,30,20
41,1355,1.5227788255236108e-05,0.15916258054355947,0.04190237872241608,0.79891981294577,25,30,20
41,1356,1.5223590871384301e-05,0.15916249497377263,0.04187308452184994,0.798949196913507,25,30,20
41,1357,1.522227280365388e-05,0.1591623348117978,0.041870641283512054,0.7989518016318873,25,30,20
41,1358,1.5063092520208577e-05,0.1591484474157252,0.041787536676761626,0.7990489528149931,25,30,20
41,1359,1.5060355917258934e-05,0.15914851062703858,0.041784810491059934,0.7990516185259845,25,30,20
41,1360,1.5135694828834456e-05,0.15914531061936396,0.041787700805135636,0.7990518528806717,25,30,20
41,1361,1.529750754078845e-05,0.1591547629497743,0.04185748199689224,0.7989724575457928,25,30,20
41,1362,1.5296180075455866e-05,0.1591546151002452,0.0418602496930795,0.7989698390266001,25,30,20
41,1363,1.5219513343196523e-05,0.1591606030281904,0.04185457409531148,0.7989696033631551,25,30,20
41,1364,1.5218195014873427e-05,0.1591606771298878,0.04185378960207802,0.7989703150730196,25,30,20
41,1365,1.529900691775014e-05,0.15916138147392864,0.041862665043370016,0.7989606544757841,25,30,20
41,1366,1.5300336001816837e-05,0.1591614595745059,0.04186310812028984,0.7989601319692032,25,30,20
41,1367,1.5301614336305363e-05,0.15916153606249267,0.041863885447348856,0.798959276875823,25,30,20
41,1368,1.514810044243238e-05,0.1591606777246792,0.04185626934677421,0.798967904828105,25,30,20
41,1369,1.5146742894713674e-05,0.15915913012415353,0.041858051253381365,0.7989676718795714,25,30,20
41,1370,1.5070053753100418e-05,0.15921327256182205,0.04180405943580833,0.7989675979486178,25,30,20
41,1371,1.5070053688173656e-05,0.15921327250956938,0.04180402224064453,0.798967635196099,25,30,20
41,1372,1.5558306597864155e-05,0.15921360794266823,0.041947384793093796,0.7988234489576409,25,30,20
41,1373,1.5473203937551006e-05,0.1592044598221651,0.04188208836477963,0.7988979786091186,25,30,20
41,1374,1.5627941949141917e-05,0.15919372216632868,0.04189228362789672,0.7988983662638262,25,30,20
41,1375,1.56266302193673e-05,0.15919356471573085,0.04189061373653951,0.7989001949175111,25,30,20
41,1376,1.578561545243793e-05,0.15919436295049874,0.04191481581563576,0.7988750356184139,25,30,20
41,1377,1.5298687216301072e-05,0.1591940286741783,0.041772225620313505,0.7990184470182926,25,30,20
41,1378,1.529865573714784e-05,0.15919426017845686,0.041770181546376024,0.7990202596194308,25,30,20
41,1379,1.522197423947172e-05,0.1591940381991183,0.04176561871670251,0.7990251211099406,25,30,20
41,1380,1.529735223245535e-05,0.15919419028009374,0.041768720498285276,0.7990217918693895,25,30,20
41,1381,1.537542358753349e-05,0.15919450260074983,0.041772501873855956,0.7990176201018077,25,30,20
41,1382,1.5377065857577352e-05,0.15919475373727615,0.04179788832945246,0.7989919808674147,25,30,20
41,1383,1.5383911241189085e-05,0.15919516078882068,0.041803808669283675,0.7989856466306552,25,30,20
41,1384,1.54607975984414e-05,0.15919992366192612,0.04182082091145465,0.798963794629021,25,30,20
41,1385,1.5310477180373202e-05,0.15920824852585064,0.04181279490308743,0.7989636460938817,25,30,20
41,1386,1.5234943023780458e-05,0.15920364449134175,0.04179745754978148,0.7989836630158532,25,30,20
41,1387,1.5470551252585757e-05,0.15918898640648832,0.0418116445348161,0.7989838985074432,25,30,20
41,1388,1.5470480120105148e-05,0.15918905767187042,0.041810870558804364,0.7989846012892055,25,30,20
41,1389,1.5468916689793224e-05,0.15918881079961766,0.04178697720180947,0.7990087430818833,25,30,20
41,1390,1.554564836695664e-05,0.15918918895996856,0.04180203414684563,0.7989932312448194,25,30,20
41,1391,1.5393557531199362e-05,0.15918873549117046,0.04179760295157295,0.7989982679997261,25,30,20
41,1392,1.5393534892529927e-05,0.15918873283009863,0.04179523750777131,0.7990006361272382,25,30,20
41,1393,1.5389049363728025e-05,0.15919183182821828,0.041792306794727736,0.7990004723276907,25,30,20
41,1394,1.554376183315179e-05,0.15919168915817752,0.04255196783530353,0.7982407992446864,25,30,20
41,1395,1.0904832803097621e-05,0.15916949968394506,0.04221606628935305,0.7986035291938992,25,30,20
41,1396,1.1059568625648615e-05,0.15917019283383835,0.06252872264992208,0.778290024947615,25,30,20
41,1397,1.1060940755710966e-05,0.1591678457808073,0.0625311423652925,0.7782899509131453,25,30,20
41,1398,1.105957013111125e-05,0.15916776750896605,0.06253069094127438,0.7782904819796295,25,30,20
41,1399,1.585330384324333e-05,0.1591909696473338,0.06289592790161928,0.777897249147204,25,30,20
41,1400,1.5850551005291282e-05,0.15919065034176477,0.06289194130307997,0.7779015578041502,25,30,20
41,1401,1.626581657440546e-05,0.15923690320548792,0.06335544117103335,0.7773913898069048,25,30,20
41,1402,2.0987650389159498e-05,0.15925501642071654,0.06360412251697134,0.7771198734119236,25,30,20
41,1403,2.0988973741861103e-05,0.15925509578972424,0.06360502632037317,0.7771188889161613,25,30,20
41,1404,2.0987621310877368e-05,0.15801840334411296,0.06484171941637068,0.7771188896182062,25,30,20
41,1405,2.0834259435478882e-05,0.15801771043272145,0.044528853087617906,0.7974326022202254,25,30,20
41,1406,2.0834250415411976e-05,0.15801771446914026,0.044529075423223284,0.797432375857221,25,30,20
41,1407,2.0598591342348357e-05,0.15803320755307287,0.044514131716514936,0.7974320621390697,25,30,20
41,1408,2.0595881824093166e-05,0.15803304330961518,0.04451096070410763,0.7974354001044527,25,30,20
41,1409,2.0597164309611845e-05,0.158033126769057,0.04451202290658737,0.797434253160046,25,30,20
41,1410,2.0751990759533326e-05,0.15803366784957348,0.04452817888827917,0.7974174012713877,25,30,20
41,1411,2.0905461201610872e-05,0.158034278838253,0.04453617421709451,0.7974086414834508,25,30,20
41,1412,2.106059397265321e-05,0.15804823569155702,0.04458428770105135,0.7973464160134192,25,30,20
41,1413,2.105508146082263e-05,0.15804790802943122,0.04457898929893377,0.7973520475901746,25,30,20
41,1414,2.105375276215052e-05,0.15804782861624025,0.04457857649894979,0.7973525411320483,25,30,20
41,1415,2.1052469225165183e-05,0.15804775074792832,0.04457821231986443,0.7973529844629828,25,30,20
41,1416,2.056082683813726e-05,0.15800119817207725,0.04409867766810624,0.7978795633329787,25,30,20
41,1417,1.5769805055647625e-05,0.15797793011765024,0.04373570022688036,0.7982705998504142,25,30,20
41,1418,1.5615092592119805e-05,0.15797791776614128,0.04297281967447085,0.7990336474667963,25,30,20
41,1419,1.5616104630612528e-05,0.15797814645811062,0.04297306842780943,0.7990331690094499,25,30,20
41,1420,1.5540750508042937e-05,0.15797807253967372,0.04297138041505812,0.7990350062947609,25,30,20
41,1421,1.5387318767156195e-05,0.15797746287498796,0.043000244771726474,0.7990069050345191,25,30,20
41,1422,1.5385993114037972e-05,0.15797730953697955,0.04299986702334385,0.7990074374465632,25,30,20
41,1423,1.5384641497943823e-05,0.15797722469304104,0.04299892090729485,0.7990084697581669,25,30,20
41,1424,1.538331784359622e-05,0.15797730316413322,0.043000835951847984,0.7990064775661758,25,30,20
41,1425,1.5384720150055353e-05,0.15797785054483587,0.04301172600165936,0.7989950387333554,25,30,20
41,1426,1.5384680973274515e-05,0.1579776940409287,0.0430104697422109,0.7989964515358878,25,30,20
41,1427,1.5538113482861135e-05,0.1579693097376971,0.04301831561048621,0.7989968365383346,25,30,20
41,1428,1.5540798395687928e-05,0.15796946561799705,0.043018521999636156,0.7989964715839719,25,30,20
41,1429,1.5388700591028214e-05,0.15796916571530314,0.043005068801966695,0.7990103767821399,25,30,20
41,1430,1.5387361473260243e-05,0.15796946731974934,0.04300614063088352,0.7990090046878943,25,30,20
41,1431,1.5387318186569442e-05,0.1579694604620651,0.043005164447928124,0.7990099877718202,25,30,20
41,1432,1.5387287358880323e-05,0.15797238673710665,0.04300223691884657,0.7990099890566877,25,30,20
41,1433,1.5387287382244955e-05,0.15797238666659263,0.04300152011821107,0.799010705927814,25,30,20
41,1434,1.5463994940671775e-05,0.15797276481178757,0.043004458805030475,0.799007312388241,25,30,20
41,1435,1.5392989145779134e-05,0.15797738427301328,0.04300028670312387,0.7990069360347168,25,30,20
41,1436,1.5385927521112137e-05,0.15797880410978946,0.04299873179876672,0.7990070781639225,25,30,20
41,1437,1.5232452146892548e-05,0.15797771880422867,0.04298416413939157,0.7990228846042327,25,30,20
41,1438,1.035030414531416e-05,0.15795872935616367,0.04274778039443735,0.7992831399452538,25,30,20
41,1439,1.0348906403149177e-05,0.15795841687534273,0.042744176005487376,0.7992870582127668,25,30,20
41,1440,1.0348931197141614e-05,0.1579445270956008,0.042758065759188967,0.7992870582140131,25,30,20
41,1441,1.0268114005533443e-05,0.15794382135962873,0.042748948969661506,0.7992969615567048,25,30,20
41,1442,1.0265426048623102e-05,0.15794358576568793,0.04274616833063297,0.7992999804776312,25,30,20
41,1443,1.0430822632963302e-05,0.15794893373159993,0.04286548589289734,0.79917514955287,25,30,20
41,1444,1.0432140610399185e-05,0.1579488609184169,0.04286624689521378,0.7991744600457588,25,30,20
41,1445,1.0512159738360267e-05,0.15715267754403545,0.04365321682876691,0.7991835934674592,25,30,20
41,1446,1.0510870465223992e-05,0.15715251878710879,0.04365187371206325,0.7991850966303629,25,30,20
41,1447,1.0512372078977253e-05,0.15913819043772548,0.04166619680391016,0.7991851003862859,25,30,20
41,1448,1.0515196346980523e-05,0.1591300918332785,0.04167428695930846,0.7991851060110665,25,30,20
41,1449,1.0517885490458228e-05,0.15913010001339697,0.0416763148751427,0.7991830672259702,25,30,20
41,1450,1.0517885397315668e-05,0.15913018080994878,0.04167677305730944,0.7991825282473448,25,30,20
41,1451,1.0594666224622268e-05,0.15913048923276832,0.0416815901163962,0.7991773259846111,25,30,20
41,1452,1.0593328355392643e-05,0.15913018375389618,0.04167966386693886,0.7991795590508101,25,30,20
41,1453,1.0668622311992763e-05,0.15912986373292135,0.04167308855998758,0.7991863790847793,25,30,20
41,1454,1.066866951794643e-05,0.1591298664062978,0.041673348940492384,0.7991861159836923,25,30,20
41,1455,1.0745550048190736e-05,0.15913033190715956,0.04169454685276611,0.7991643756900265,25,30,20
41,1456,1.0822284830503617e-05,0.15912510167141622,0.04169954820611423,0.7991645278376392,25,30,20
41,1457,2.4256709725722324e-05,0.15914432033465445,0.04212025053144813,0.798711172424172,25,30,20
41,1458,2.4258074160744078e-05,0.15914463005107388,0.042123455313107794,0.7987076565616579,25,30,20
41,1459,2.4258075789580792e-05,0.15914470554271262,0.04212350835283841,0.7987075280286604,25,30,20
41,1460,2.4255363958171802e-05,0.15914439074406134,0.042120998657646264,0.7987103552343355,25,30,20
41,1461,2.4259686666671375e-05,0.1591494016069091,0.042139820920739555,0.7986865177856862,25,30,20
41,1462,2.4261008135221938e-05,0.1591495267766286,0.04213969438040793,0.7986865178348307,25,30,20
41,1463,2.426237325850619e-05,0.15914945409316028,0.04214216954800194,0.7986841139855815,25,30,20
41,1464,2.442388940746748e-05,0.15902236939822095,0.042264326520840785,0.7986888801915332,25,30,20
41,1465,2.4579657278574127e-05,0.15902291144748662,0.04223481262812099,0.7987176962671166,25,30,20
41,1466,2.450431466918757e-05,0.15902299238137357,0.04223408469305918,0.7987184186109009,25,30,20
41,1467,2.4504332275908713e-05,0.15902306637166455,0.04223317703566562,0.7987192522603968,25,30,20
41,1468,2.4502945968177776e-05,0.1590227511559937,0.04222954053008864,0.7987232053679524,25,30,20
41,1469,2.4501607671214917e-05,0.15902251689976718,0.04222661653277251,0.7987263649597917,25,30,20
41,1470,2.4498625847512345e-05,0.15901758950608716,0.04220985137522575,0.7987480604928421,25,30,20
41,1471,2.4498596787781368e-05,0.15901750739440235,0.04221200277551475,0.7987459912332973,25,30,20
41,1472,2.4652433308451532e-05,0.15892774758613204,0.04229218574050344,0.7987554142400584,25,30,20
41,1473,2.465379809599574e-05,0.1589276721487063,0.042296718066145725,0.7987509559870546,25,30,20
41,1474,2.4488292404029687e-05,0.15892240039613575,0.042177261686336204,0.7988758496251265,25,30,20
41,1475,2.4407877412400458e-05,0.15892208027107366,0.042172620998627446,0.7988808908528889,25,30,20
41,1476,2.4252871856555177e-05,0.15890788718559137,0.04213403449347302,0.7989338254490811,25,30,20
41,1477,2.4174768958039424e-05,0.15890757607615855,0.04212729056566861,0.7989409585892163,25,30,20
41,1478,2.9185254933285852e-05,0.15955498283196914,0.041474359050674384,0.7989414728624236,25,30,20
41,1479,2.9109972010873166e-05,0.15955499198078535,0.04159277196177277,0.7988231260854323,25,30,20
41,1480,2.8954586660519373e-05,0.16036556579784877,0.04079132800542528,0.7988141516100667,25,30,20
41,1481,2.8955904619240366e-05,0.1603657231730946,0.04078982765799461,0.7988154932642928,25,30,20
41,1482,2.8954730798266558e-05,0.16036619107123282,0.04084602569531906,0.798758828502651,25,30,20
41,1483,2.9030173998933553e-05,0.16036672975400004,0.04085388609456017,0.7987503539774419,25,30,20
41,1484,2.9030183041202944e-05,0.16036657493908538,0.040854977899808985,0.7987494169780655,25,30,20
41,1485,2.910415946811246e-05,0.16036726558379708,0.04074451389078122,0.7988591163659545,25,30,20
41,1486,2.903003234815054e-05,0.16036696851648774,0.0407262767690038,0.798877724682161,25,30,20
41,1487,2.887615364047303e-05,0.16046093906866485,0.040641881814750536,0.7988683029629445,25,30,20
41,1488,2.8875085055061356e-05,0.16045432265092768,0.04064880556586653,0.798867996698151,25,30,20
41,1489,2.887235156499915e-05,0.16045415823144676,0.04064656331745579,0.7988704060995327,25,30,20
41,1490,2.8953141021931205e-05,0.16045478831892057,0.040654476885937096,0.7988617816541205,25,30,20
41,1491,2.8956114826866997e-05,0.16045488413706974,0.040668703157072265,0.7988474565910313,25,30,20
41,1492,3.374007311172153e-05,0.16048310727808793,0.04109953397470723,0.7983836186740941,25,30,20
41,1493,3.3818044420805623e-05,0.16048333657249336,0.04110335309011655,0.79837949229297,25,30,20
41,1494,3.3819803147233184e-05,0.16047993321371964,0.04110621464615092,0.7983800323369831,25,30,20
41,1495,3.374441679928511e-05,0.16047924798783358,0.04110279262503804,0.79838421497033,25,30,20
41,1496,3.8272238340431466e-05,0.16047941942696808,0.0411338777274285,0.798348430607264,25,30,20
41,1497,3.827516432791032e-05,0.160479429799737,0.04113549141600895,0.7983468036199268,25,30,20
41,1498,3.8276483262839276e-05,0.16047935555082052,0.041098961906228595,0.7983834060596887,25,30,20
41,1499,3.3825232012531626e-05,0.16047901784520544,0.04101525303425814,0.7984719038885244,25,30,20
41,1500,3.3900676642889604e-05,0.16047994439861063,0.04102677880223816,0.7984593761225085,25,30,20
41,1501,3.390072335306672e-05,0.1604799418216345,0.04102921289037186,0.7984569445646409,25,30,20
41,1502,3.389940406858542e-05,0.1604798639931623,0.0410285949636002,0.7984576416391695,25,30,20
41,1503,3.389803496986186e-05,0.16047993935825894,0.04102429095468846,0.7984618716520834,25,30,20
41,1504,3.421416832822481e-05,0.16048066546838577,0.04103660057910878,0.7984485197841784,25,30,20
41,1505,3.428638563748533e-05,0.16048203558677848,0.041035320153709094,0.7984483578738761,25,30,20
41,1506,3.428770073076654e-05,0.1604819587576734,0.041033087627365086,0.7984506659142321,25,30,20
41,1507,3.4210952204779346e-05,0.16048462963347462,0.041030726006195506,0.7984504334081263,25,30,20
41,1508,3.4134224187157745e-05,0.1604842432489823,0.04102548819518355,0.7984561343316483,25,30,20
41,1509,3.413146349713657e-05,0.16048423911209928,0.04101157936379603,0.7984700500606084,25,30,20
41,1510,3.4054777803952115e-05,0.16048393364861482,0.04100772982197385,0.7984742817516084,25,30,20
41,1511,3.405478053604949e-05,0.16048393349375784,0.04100746354404084,0.7984745481816663,25,30,20
41,1512,3.3894794612605395e-05,0.16048391013180363,0.041003897178969545,0.7984782978946151,25,30,20
41,1513,3.381805754667219e-05,0.1604830578356367,0.04099218044932141,0.7984909436574961,25,30,20
41,1514,3.3818056982503663e-05,0.16048297844286005,0.04099242920751748,0.7984907742926407,25,30,20
41,1515,3.389750217812872e-05,0.16048352373701064,0.0409978951652061,0.7984846835956056,25,30,20
41,1516,3.389717492574602e-05,0.16049384089254995,0.04098750773086061,0.7984847542016644,25,30,20
41,1517,3.396982319489841e-05,0.16049413011950203,0.04100047495055387,0.7984714251067498,25,30,20
41,1518,3.412607504789143e-05,0.16049459443950506,0.04100729564205025,0.7984639838433972,25,30,20
41,1519,3.41260138647327e-05,0.16049389073694897,0.04099691290363716,0.7984750703455498,25,30,20
41,1520,3.4050625375802664e-05,0.16049359224909415,0.041013074485970163,0.7984592826395605,25,30,20
41,1521,3.39752380217968e-05,0.16049344689596914,0.04100995553439358,0.7984626223316161,25,30,20
41,1522,3.381378748235282e-05,0.1606180479257741,0.040890046430668764,0.7984580918560755,25,30,20
41,1523,3.3738346488342196e-05,0.1606246083682025,0.04088394781626578,0.7984577054690442,25,30,20
41,1524,3.37370462774618e-05,0.16062460708960116,0.040881722845140474,0.7984599330189814,25,30,20
41,1525,2.911064169262555e-05,0.160610095417296,0.04052018812050071,0.7988406058205109,25,30,20
41,1526,1.567350253557968e-05,0.16059094262721718,0.040097198067927844,0.7992961858023199,25,30,20
41,1527,1.5520064775470385e-05,0.1605904055389993,0.04009023092520499,0.7993038434710207,25,30,20
41,1528,1.5596770904540542e-05,0.1605907891373394,0.040094358455737646,0.7992992556360189,25,30,20
41,1529,1.5598092192941224e-05,0.16059094528601828,0.04009947269630573,0.7992939839254831,25,30,20
41,1530,1.5521404436881577e-05,0.16059071776923484,0.040095578683960825,0.7992981821423675,25,30,20
41,1531,1.552007171528755e-05,0.1605908616059706,0.04006380037550283,0.799329817946811,25,30,20
41,1532,1.5596873003635095e-05,0.1605911689828278,0.04007061719468373,0.7993226169494848,25,30,20
41,1533,1.5906488713238392e-05,0.16059225522431902,0.04008295398429365,0.799308884302674,25,30,20
41,1534,1.582972991586291e-05,0.1605919441792539,0.04007830921672093,0.7993139168741094,25,30,20
41,1535,1.5829705146053494e-05,0.16059194275412358,0.04007851935091456,0.799313708189816,25,30,20
41,1536,1.5752994685800734e-05,0.16059171676534073,0.04007442320617528,0.7993181070337982,25,30,20
41,1537,1.57543351168405e-05,0.16059187300180347,0.0407355303660605,0.7986568422970193,25,30,20
41,1538,1.575280947465199e-05,0.1606049456632334,0.04072246372466221,0.7986568378026301,25,30,20
41,1539,1.582949984613288e-05,0.16060525252097269,0.0407265698506051,0.7986523481285766,25,30,20
41,1540,1.5830981667588837e-05,0.1606050240183977,0.04006673922495169,0.7993124057749834,25,30,20
41,1541,1.5837935839288764e-05,0.16060535501972875,0.040786380726297936,0.7985924263181344,25,30,20
41,1542,1.5836398278525037e-05,0.1606055816716639,0.04078867841350478,0.7985899035165532,25,30,20
41,1543,1.5911779822159074e-05,0.160605886018104,0.04079382634086798,0.7985843758612061,25,30,20
41,1544,1.5911780888822613e-05,0.16060588061569686,0.04079301944218731,0.7985851881612271,25,30,20
41,1545,1.5983014007716986e-05,0.16060601505667652,0.040079492041683984,0.7992985098876321,25,30,20
41,1546,1.5907604610011574e-05,0.1606055585059531,0.04078822101710578,0.7985903128723312,25,30,20
41,1547,1.5599328249779396e-05,0.16060455443412067,0.04077429471973208,0.7986055515178977,25,30,20
41,1548,1.5597964687259833e-05,0.16060454646119054,0.04077466180148362,0.7986051937726389,25,30,20
41,1549,1.0750627459066484e-05,0.159959251331966,0.041424918268845215,0.7986050797717291,25,30,20
41,1550,1.9885071456527785e-05,0.16063856581243105,0.040727338499898486,0.7986142106162134,25,30,20
41,1551,1.9886428005583492e-05,0.16063740815190541,0.04072849475701486,0.7986142106630733,25,30,20
41,1552,1.9886434601227794e-05,0.16063733124907162,0.04072717707083782,0.7986156052454885,25,30,20
41,1553,1.5654881161636268e-05,0.15998407514557123,0.04138284538767453,0.7986174245855916,25,30,20
41,1554,1.573435747592418e-05,0.1599843998789482,0.04138899403038018,0.7986108717331949,25,30,20
41,1555,1.5656236483729443e-05,0.15998408743683917,0.041385895298208124,0.7986143610284684,25,30,20
41,1556,1.5660346646783627e-05,0.1599843341371409,0.04138963857117359,0.7986103669450378,25,30,20
41,1557,1.5660382207574925e-05,0.15998464658543607,0.0406769745407244,0.7993227184916313,25,30,20
41,1558,1.5660349434081343e-05,0.15998449041300405,0.040676445929320335,0.7993234033082411,25,30,20
41,1559,1.0594382329869592e-05,0.16062219458466082,0.04005515405343638,0.799312056979573,25,30,20
41,1560,1.5310738487236665e-05,0.16064553840014653,0.04042224005963937,0.7989169108017253,25,30,20
41,1561,1.530941324866257e-05,0.16064545897939708,0.04042184953240085,0.7989173820749518,25,30,20
41,1562,1.538616212417101e-05,0.16064338494887445,0.040423845812610514,0.7989173830763903,25,30,20
41,1563,1.522584490711071e-05,0.1606297551518312,0.04034262659869433,0.7990123924045676,25,30,20
41,1564,1.51477451292443e-05,0.16063619869502246,0.040336417403232454,0.7990122361566159,25,30,20
41,1565,1.5149095638181751e-05,0.16063503185265676,0.04033750217767478,0.7990123168740305,25,30,20
41,1566,2.420103222210504e-05,0.16065397896131603,0.04068911466856948,0.7986327053378942,25,30,20
41,1567,2.420237129664445e-05,0.16065398570745107,0.040689204030048505,0.7986326078912056,25,30,20
41,1568,2.4199604892335165e-05,0.16065382246473575,0.04068713593355912,0.7986348419968146,25,30,20
41,1569,2.4276424330215272e-05,0.1606540475004815,0.04069184845187584,0.7986298276233141,25,30,20
41,1570,2.4353204825558883e-05,0.16065427512047603,0.04070554546076068,0.7986158262139393,25,30,20
41,1571,2.4353228418129872e-05,0.16065435210760956,0.040707237297989175,0.7986140573659847,25,30,20
41,1572,2.4353018478651306e-05,0.16065410053391013,0.04070495120220075,0.7986165952454121,25,30,20
41,1573,2.435164712772111e-05,0.16065386491568825,0.040701142119503604,0.7986206413176816,25,30,20
41,1574,2.4511523336659168e-05,0.16063997525064233,0.04071455351367243,0.7986209597123498,25,30,20
41,1575,2.45101482846303e-05,0.16064138245339085,0.040713148949013254,0.7986209584493124,25,30,20
41,1576,2.451011032352523e-05,0.16064138102086695,0.04071203041035151,0.7986220784584593,25,30,20
41,1577,2.4585563425795595e-05,0.16064183917014954,0.040713681671093314,0.7986198935953321,25,30,20
41,1578,2.4430632511196924e-05,0.16064137755799837,0.04070771340732104,0.7986264784021698,25,30,20
41,1579,2.4429262469838818e-05,0.16064121859187044,0.04270444460092948,0.7966299075447302,25,30,20
41,1580,2.4432000912085185e-05,0.16063845338508392,0.04270720298578043,0.7966299116282235,25,30,20
41,1581,2.435651523700904e-05,0.16063799926347225,0.04270337186434453,0.7966342723569462,25,30,20
41,1582,2.4359283377557133e-05,0.1606377799501681,0.04270463522403779,0.7966332255424164,25,30,20
41,1583,2.4680551488950902e-05,0.1606503831236035,0.04269152653188277,0.7966334097930234,25,30,20
41,1584,2.9474797175138095e-05,0.1606780031985727,0.043040659641056286,0.7962518623631942,25,30,20
41,1585,2.9473412051866132e-05,0.16067776084953503,0.04303644772968374,0.7962563180087275,25,30,20
41,1586,2.9470629492145436e-05,0.1606779005109846,0.043032946013119334,0.7962596828464023,25,30,20
41,1587,2.9702283659873552e-05,0.16067867492125687,0.04304506146456338,0.7962465613305185,25,30,20
41,1588,2.978038379363581e-05,0.16067944798840114,0.04305488385828772,0.7962358877695165,25,30,20
41,1589,3.430134020648025e-05,0.1606804698088215,0.04315625184826681,0.7961289770027039,25,30,20
41,1590,3.430269590763134e-05,0.16068055453941482,0.04315555489670666,0.7961295878679696,25,30,20
41,1591,3.4218264786331556e-05,0.16068918576005273,0.043147330485758174,0.7961292654894013,25,30,20
41,1592,3.421961738115899e-05,0.16068949698907548,0.043152794984558734,0.796123488408983,25,30,20
41,1593,3.421837110542971e-05,0.16068934091850628,0.04115564699277655,0.7981207937176102,25,30,20
41,1594,3.421835626605548e-05,0.16068949028388294,0.04115523048349361,0.7981210608763558,25,30,20
41,1595,3.421837810107938e-05,0.1606894915449226,0.04115584910414442,0.7981204409728302,25,30,20
41,1596,3.38970424049024e-05,0.1606634528412908,0.041182395946778534,0.7981202541695245,25,30,20
41,1597,3.389432403552374e-05,0.16066597847748787,0.0411798770955282,0.7981202501029477,25,30,20
41,1598,3.381755247392189e-05,0.16066567533955148,0.04117472042247259,0.798125786685502,25,30,20
41,1599,3.374482642746464e-05,0.160665698327752,0.04116560679768321,0.7981349500481375,25,30,20
41,1600,3.374350129243331e-05,0.16066554769668467,0.041165245850111123,0.7981354629519117,25,30,20
41,1601,3.374221229649151e-05,0.1606654802478255,0.04116531598635892,0.798135461553519,25,30,20
41,1602,2.4690252631656015e-05,0.16064645499508498,0.040812511330673304,0.79851634342161,25,30,20
41,1603,2.4846329009943248e-05,0.1606470794708895,0.04081935996277622,0.7985087142373242,25,30,20
41,1604,2.4769499375897617e-05,0.16064685038819035,0.040814017298798265,0.7985143628136353,25,30,20
41,1605,2.4772214656165834e-05,0.16064701597183348,0.040817830998606815,0.7985103808149034,25,30,20
41,1606,2.500645340401266e-05,0.16063078625837868,0.04083335525190023,0.798510852036317,25,30,20
41,1607,2.048340932723611e-05,0.16062976988045097,0.0407376980193327,0.7986120486908888,25,30,20
41,1608,2.025041167636723e-05,0.16062883930694408,0.04072442588780434,0.7986264843935749,25,30,20
41,1609,2.032865561106409e-05,0.16062922961903678,0.04092264184632974,0.7984277998790223,25,30,20
41,1610,2.0329993448029042e-05,0.16062915270765768,0.040960368985025974,0.7983901483138679,25,30,20
41,1611,2.040547959754983e-05,0.16062939130976678,0.04096459940233382,0.7983856038083015,25,30,20
41,1612,2.0330110516291075e-05,0.16062931326637991,0.04096155968584196,0.7983887969372607,25,30,20
41,1613,2.03301189661437e-05,0.16062938885749528,0.04096162873221114,0.7983886522913265,25,30,20
41,1614,2.0095908739835507e-05,0.160645279114399,0.04094636574866453,0.7983882592281959,25,30,20
41,1615,2.009592337892641e-05,0.1606452049620208,0.04094723843099719,0.7983874606836021,25,30,20
41,1616,1.9940971660851512e-05,0.1606445104406834,0.0407458383002947,0.7985897102873607,25,30,20
41,1617,1.994094609027927e-05,0.1606448268401751,0.040745598754930404,0.7985896334588038,25,30,20
41,1618,1.9940919842281895e-05,0.16064475001764966,0.04074565522229288,0.7985896538402149,25,30,20
41,1619,1.9939933210049225e-05,0.16064483602726468,0.041875476968615766,0.7974597470709084,25,30,20
41,1620,1.986044287824864e-05,0.16064421314367722,0.0418684928721459,0.797467433541297,25,30,20
41,1621,1.9861476969271074e-05,0.16064443552244778,0.04074081614248568,0.7985948868580968,25,30,20
41,1622,2.891351215640246e-05,0.16066315886996083,0.0410744725822519,0.7982334550356294,25,30,20
41,1623,2.891080666176992e-05,0.1606629945197631,0.0410835486286498,0.7982245460449238,25,30,20
41,1624,2.8987516081753777e-05,0.16066337139851006,0.04108876036909157,0.7982188807163155,25,30,20
41,1625,2.929910610385607e-05,0.16066438876956962,0.041102857390512136,0.7982034547338137,25,30,20
41,1626,2.930047372229026e-05,0.16066439419394102,0.041105397101383535,0.7982009082309526,25,30,20
41,1627,2.458410026940857e-05,0.16064112401945266,0.04073744566723031,0.7985968462130469,25,30,20
41,1628,2.458475243589514e-05,0.16064111969323275,0.04073251286058725,0.7986017826937433,25,30,20
41,1629,2.4507973921817177e-05,0.1606408031258752,0.040727845277006264,0.7986068436231958,25,30,20
41,1630,2.4506649178000888e-05,0.1599761002635603,0.041392549764418474,0.7986068433228419,25,30,20
41,1631,2.443119473495322e-05,0.15996824002072202,0.041400477346971526,0.7986068514375708,25,30,20
41,1632,2.427636505737499e-05,0.1599676180298736,0.04139162101397237,0.7986164845910964,25,30,20
41,1633,2.4275020594977374e-05,0.1599676921431471,0.0413524983554148,0.7986555344808431,25,30,20
41,1634,1.5223032344189304e-05,0.1599489675652891,0.04102052992103004,0.7990152794813363,25,30,20
41,1635,3.2063376850292916e-05,0.17336821733968272,0.027561010380571144,0.799038708902896,25,30,20
41,1636,3.206337109954459e-05,0.17336821327770732,0.027560918962693588,0.7990388043884997,25,30,20
41,1637,3.206061188410664e-05,0.17336812552212155,0.027571629905230682,0.7990281839607636,25,30,20
41,1638,3.213732256554623e-05,0.17336279472257554,0.027576652413788635,0.7990284155410703,25,30,20
41,1639,3.2293194219941674e-05,0.17336357842857766,0.027584183367921757,0.7990199450092805,25,30,20
41,1640,2.7500289593129527e-05,0.1733359623470363,0.02723798521177969,0.799398552151591,25,30,20
41,1641,2.7498975202122533e-05,0.17334780150086876,0.02722630623763628,0.7993983932862931,25,30,20
41,1642,2.7264064423649868e-05,0.173347018090967,0.027215098479891554,0.7994106193647181,25,30,20
41,1643,2.726810961429496e-05,0.17328436794044663,0.0272776643180367,0.7994106996319027,25,30,20
41,1644,2.7266770632828214e-05,0.17328436125403926,0.027278989731813034,0.7994093822435151,25,30,20
41,1645,2.7266769232884668e-05,0.17328428994164116,0.027280039495856997,0.7994084037932692,25,30,20
41,1646,2.7268090885351664e-05,0.17328444466227721,0.027281897728769374,0.7994063895180684,25,30,20
41,1647,2.7188694931675025e-05,0.17335112008267634,0.027215458664191488,0.7994062325582009,25,30,20
41,1648,2.718864249932468e-05,0.17335126936357617,0.027215489118482976,0.7994060528754422,25,30,20
41,1649,2.7184581161751823e-05,0.17335094331451326,0.027210657722513094,0.7994112143818125,25,30,20
41,1650,2.710647875114423e-05,0.1733502470511954,0.027201326025354113,0.7994213204447003,25,30,20
41,1651,2.7029729524354617e-05,0.17334962489637495,0.027193106730018856,0.7994302386440829,25,30,20
41,1652,2.7029728741086235e-05,0.17334947272017712,0.027191675557553068,0.7994318219935298,25,30,20
41,1653,2.7106465598167518e-05,0.17334970283923318,0.027196297757276354,0.7994268929378934,25,30,20
41,1654,2.7187560773486724e-05,0.173350102073364,0.027258312574936275,0.7993643977909274,25,30,20
41,1655,2.7112214976567056e-05,0.17335010915750698,0.027328171287967083,0.7992946073395505,25,30,20
41,1656,2.710947833227314e-05,0.17334994612025378,0.027327334661172927,0.7992956097402418,25,30,20
41,1657,2.7109449717165462e-05,0.1733497199672105,0.027325419916224714,0.7992977506668485,25,30,20
41,1658,2.734595371498173e-05,0.17336816242784858,0.02748004894128692,0.7991244426771503,25,30,20
41,1659,2.7109472537707755e-05,0.17334987616357989,0.027325036714184278,0.7992979776496989,25,30,20
41,1660,2.7109479408279436e-05,0.1733499557341695,0.027330222659841866,0.7992927121265813,25,30,20
41,1661,3.596540534609926e-05,0.17080416522379716,0.029833113575424106,0.7993267557954334,25,30,20
41,1662,3.5968112309546556e-05,0.17080432957358144,0.02983204264594355,0.7993276596681663,25,30,20
41,1663,3.620435116050492e-05,0.17080504710742275,0.029842743689079635,0.7993160048523373,25,30,20
41,1664,3.6212901611134213e-05,0.17080507170295667,0.0298781759721765,0.7992805394232559,25,30,20
41,1665,3.62883937969942e-05,0.1708054477802523,0.029880899915292757,0.7992773639106582,25,30,20
41,1666,3.6445135655139154e-05,0.17068787100119537,0.02999800639689601,0.7992776774662539,25,30,20
41,1667,3.644648708736378e-05,0.17068810264067819,0.029987275623115157,0.7992881752491197,25,30,20
41,1668,3.6365982403624814e-05,0.17068761908080815,0.02998160020312365,0.7992944147336651,25,30,20
41,1669,3.6290568059999566e-05,0.17068723771007227,0.0299875063298019,0.7992889653920663,25,30,20
41,1670,2.743331200238147e-05,0.17323268605544193,0.027485115014423807,0.7992547656181324,25,30,20
41,1671,2.743329075265381e-05,0.1732324543480737,0.027471765575118323,0.7992683467860558,25,30,20
41,1672,2.7510031818272737e-05,0.17323283935740744,0.027476079178386306,0.7992635714323885,25,30,20
41,1673,3.230179890344369e-05,0.17325617697756002,0.027855774747557623,0.7988557464759792,25,30,20
41,1674,3.2226527894099676e-05,0.1732559611178125,0.027854499872964247,0.7988573124813294,25,30,20
41,1675,3.2227858550695166e-05,0.17325596391199347,0.027857252521532875,0.7988545557079233,25,30,20
41,1676,3.2072528721479576e-05,0.17336933895957227,0.027744343478079827,0.7988542450336267,25,30,20
41,1677,3.206263710181317e-05,0.1733691553937314,0.027701664914548455,0.7988971170546185,25,30,20
41,1678,3.238148436011728e-05,0.17336987612062577,0.028420808216663266,0.798176934178351,25,30,20
41,1679,3.269106049393867e-05,0.17337088272128173,0.02836405897668461,0.7982323672415399,25,30,20
41,1680,3.2691057071726925e-05,0.1733708072248122,0.02836429410915224,0.7982322076089641,25,30,20
41,1681,3.2845844117872614e-05,0.17337142504939965,0.028373060164071776,0.7982226689424108,25,30,20
41,1682,3.284438926686692e-05,0.17337674091970373,0.028367748690158213,0.7982226660008713,25,30,20
41,1683,3.284443457528636e-05,0.1733771274804852,0.02837049571577708,0.7982195323691628,25,30,20
41,1684,2.8052670434340733e-05,0.1733537844383125,0.027989801894543295,0.79862836099671,25,30,20
41,1685,1.2185709584547197e-05,0.15993601152892267,0.041414424179776504,0.7986373785817148,25,30,20
41,1686,1.2185862666312556e-05,0.15993594550863513,0.04145273031293732,0.7985991383157607,25,30,20
41,1687,1.2187237761431495e-05,0.15993618533492854,0.04145705164617161,0.7985945757811378,25,30,20
41,1688,1.226393977842956e-05,0.15993649207149396,0.041457412040595026,0.7985938319481322,25,30,20
41,1689,1.22639163896774e-05,0.15993641660215968,0.041457094348785126,0.7985942251326648,25,30,20
41,1690,1.2265255589126305e-05,0.15993641657227703,0.04145885695848148,0.7985924612136516,25,30,20
41,1691,1.2263857610875286e-05,0.15993602597381681,0.04145449522329769,0.7985972149452742,25,30,20
41,1692,1.2340448283542176e-05,0.15993647563841454,0.041421591101021275,0.7986295928122803,25,30,20
41,1693,1.2341794671349813e-05,0.15993648381384548,0.04141756779772241,0.7986336065937603,25,30,20
41,1694,1.234318120414921e-05,0.15993322489435713,0.041420824070854546,0.7986336078535836,25,30,20
41,1695,1.2343180939570261e-05,0.15993322493343087,0.04142194097061361,0.7986324909150149,25,30,20
41,1696,1.2426783651381546e-05,0.15996436277276072,0.042286407040566784,0.7977368034030201,25,30,20
41,1697,1.2348686388192604e-05,0.1599642794524894,0.042283303360252746,0.7977400685008686,25,30,20
41,1698,1.2031081337889956e-05,0.15996339900459103,0.041562654687345296,0.7984619152267249,25,30,20
41,1699,1.670900758270282e-05,0.15987899953592877,0.041641908522975155,0.7984623829335125,25,30,20
41,1700,1.6709001970291584e-05,0.1598787651551108,0.04164079592888723,0.7984637299140307,25,30,20
41,1701,1.639937927852031e-05,0.15987760227114486,0.041627685469095906,0.7984783128804793,25,30,20
41,1702,1.6399353662240064e-05,0.1598776009163202,0.041627867054509125,0.7984781326755066,25,30,20
41,1703,1.6474736077016683e-05,0.15987798313143,0.041629733064935476,0.798475809067556,25,30,20
41,1704,1.6473369549020118e-05,0.15987798045343893,0.04162756242364483,0.7984779837533658,25,30,20
41,1705,1.1795388335039799e-05,0.1599643023455491,0.04154638635300995,0.7984775159131047,25,30,20
41,1706,1.1796835814107844e-05,0.1599644603716268,0.041548093892685586,0.7984756488998724,25,30,20
41,1707,1.1720122756915675e-05,0.15996415344005974,0.0415434769471851,0.7984806494899971,25,30,20
41,1708,2.149901843202553e-05,0.16110955707499858,0.04037128756541345,0.7984976563411547,25,30,20
41,1709,2.1498992676909087e-05,0.1611095556935479,0.040369938822192024,0.798499006491582,25,30,20
41,1710,2.142093948044521e-05,0.16110924352402772,0.04036529176624905,0.7985040437702415,25,30,20
41,1711,2.141959541018302e-05,0.1611091626043442,0.04036068254339643,0.7985087352568482,25,30,20
41,1712,2.149637664436314e-05,0.1610643354954702,0.040405280679620785,0.7985088874482636,25,30,20
41,1713,2.1500511999358337e-05,0.16106458492358017,0.04040964476408697,0.7985042698003325,25,30,20
41,1714,2.1585411587004117e-05,0.1609139341584555,0.0405600478297815,0.7985044326001751,25,30,20
41,1715,2.1584134619312597e-05,0.16091393442041693,0.040558636754452676,0.7985058446905104,25,30,20
41,1716,3.0641981214169384e-05,0.16093327713115854,0.04091670523450539,0.7981193756531213,25,30,20
41,1717,3.063925104386831e-05,0.1609331113853445,0.04091418988653166,0.7981220594770794,25,30,20
41,1718,1.9889742921826636e-05,0.1597857702127488,0.042121737113692416,0.7980726029306365,25,30,20
41,1719,1.980865777438382e-05,0.1597855300317931,0.042073680524154354,0.7981209807862778,25,30,20
41,1720,2.4520329053122057e-05,0.1598085445010089,0.04202297768599823,0.7981439574839393,25,30,20
41,1721,2.459576113987618e-05,0.15980923659777332,0.04203282414667075,0.7981333434944156,25,30,20
41,1722,2.4593070542808076e-05,0.15980930391508247,0.04203080909537103,0.7981352939190035,25,30,20
41,1723,2.4517687533679497e-05,0.15984992992404026,0.04199040921098135,0.7981351431774442,25,30,20
41,1724,2.4517689367805593e-05,0.15985113863905367,0.04198919901841777,0.7981351446531599,25,30,20
41,1725,2.451636015099763e-05,0.1598510566715234,0.041986975252628594,0.7981374517156962,25,30,20
41,1726,2.9500863359226185e-05,0.15985308360249506,0.0428278138508793,0.7972896016832662,25,30,20
41,1727,2.0605247955024002e-05,0.15983921980427301,0.042798932020682724,0.7973412429270893,25,30,20
41,1728,2.0605254225009676e-05,0.15983921725519865,0.042799671078047725,0.7973405064125286,25,30,20
41,1729,2.060658231893205e-05,0.15983746805857793,0.042801416172996216,0.7973405091861068,25,30,20
41,1730,2.068888242457734e-05,0.1598381693419621,0.042863469061955844,0.7972776727136572,25,30,20
41,1731,2.0690275799834573e-05,0.15983825563559914,0.0428666632030769,0.7972743908855239,25,30,20
41,1732,2.0688913141457626e-05,0.1598388254929703,0.042866022068078824,0.7972744635258092,25,30,20
41,1733,2.0526691283739395e-05,0.15983350014475772,0.04253686572062464,0.7976091074433337,25,30,20
41,1734,2.5156829311926e-05,0.15983890063293935,0.042067446917443754,0.7980684956203052,25,30,20
41,1735,2.523495331984657e-05,0.15983952969459383,0.042075449115801085,0.7980597862362854,25,30,20
41,1736,2.5311659409728646e-05,0.15983975581038198,0.04207636549164166,0.7980585670385668,25,30,20
41,1737,2.538842826178094e-05,0.15983998468894448,0.042084452704700244,0.7980501741780932,25,30,20
41,1738,2.0405253966027613e-05,0.15983796040258194,0.04124423962784851,0.7988973947156033,25,30,20
41,1739,2.5366543443198452e-05,0.15985780016051174,0.041552344200411456,0.7985644890956337,25,30,20
41,1740,2.5365175740796886e-05,0.1598576397238705,0.04155035792687611,0.7985666371735127,25,30,20
41,1741,2.5289717158133898e-05,0.15985694478426543,0.04154010716518844,0.798577658333388,25,30,20
41,1742,2.5204811548829153e-05,0.16000988903415883,0.04138741205056997,0.7985774941037224,25,30,20
41,1743,2.529009329239755e-05,0.16001023971538492,0.042108093710361866,0.7978563764809609,25,30,20
41,1744,2.5365468178781386e-05,0.16001046435619298,0.04209854038218813,0.79786562979344,25,30,20
41,1745,2.5127838658896153e-05,0.16000943440680668,0.04208458564580035,0.7978808521087337,25,30,20
41,1746,2.512780856340947e-05,0.15997394381620533,0.04212015179084064,0.7978807765843904,25,30,20
41,1747,2.5203151154316676e-05,0.15997278961691594,0.04212100052105208,0.7978810067108774,25,30,20
41,1748,2.5281251621633588e-05,0.15997318423465767,0.042126067084318555,0.7978754674294021,25,30,20
41,1749,2.5281164071398666e-05,0.15997302505683758,0.042124806637396046,0.7978768871416948,25,30,20
41,1750,2.5283876774010936e-05,0.15997295907992964,0.04212756921887705,0.7978741878244192,25,30,20
41,1751,2.5208475182101363e-05,0.1599726601923429,0.04212085442971107,0.7978812769027634,25,30,20
41,1752,2.5285209595802536e-05,0.15997297117852027,0.042125687350363365,0.79787605626152,25,30,20
41,1753,2.5360591196370326e-05,0.1599699576383301,0.04212847618692203,0.797876205583551,25,30,20
41,1754,2.528393805326253e-05,0.15996923517534042,0.0421293504708581,0.7978761304157477,25,30,20
41,1755,3.4253117171848225e-05,0.15998809954524376,0.0425144449667791,0.7974632023708053,25,30,20
41,1756,3.4328554093268346e-05,0.1599885657820062,0.04251965329836093,0.7974574523655394,25,30,20
41,1757,3.432855527538503e-05,0.15998871654127925,0.04251998696043903,0.7974569679430062,25,30,20
41,1758,3.440671574430637e-05,0.16001520320923368,0.04249325760350493,0.7974571324715172,25,30,20
41,1759,3.4406708203165385e-05,0.1600149740852709,0.042490828190672916,0.7974597910158531,25,30,20
41,1760,3.440528809915714e-05,0.16002060623464043,0.04248520985699087,0.7974597786202696,25,30,20
41,1761,3.440547652261356e-05,0.1600206944097054,0.04250328289782629,0.797441617215946,25,30,20
41,1762,3.424913287808332e-05,0.16002000664923158,0.0424411798129414,0.797504564404949,25,30,20
41,1763,3.4175104961194e-05,0.16001962699223207,0.04244195673887122,0.7975042411639357,25,30,20
41,1764,3.409841037548336e-05,0.16002447139064174,0.042437417873730496,0.7975040123252524,25,30,20
41,1765,3.4098410427773884e-05,0.16002454675601563,0.042437402797235,0.7975039520363206,25,30,20
41,1766,2.9396741299007792e-05,0.1600021531577951,0.04248698483053822,0.797481465270365,25,30,20
41,1767,2.4512169540251835e-05,0.15998292725364244,0.04218572809588029,0.7978068324809344,25,30,20
41,1768,2.45121472586181e-05,0.15998116513793145,0.04218741620559675,0.7978069065092107,25,30,20
41,1769,2.4587541693324562e-05,0.15998131452094522,0.042189398548717144,0.7978046993886417,25,30,20
41,1770,3.057420074320654e-05,0.16747550471874692,0.03454516464750816,0.7979487564330008,25,30,20
41,1771,3.0649583681987865e-05,0.1674758829841123,0.03454870232472272,0.797944765107482,25,30,20
41,1772,3.5102975200704244e-05,0.16747629389627142,0.034601638094879046,0.7978869650336479,25,30,20
41,1773,3.057266110109837e-05,0.16747548785568153,0.03452466620604654,0.79796927327717,25,30,20
41,1774,3.056002771662613e-05,0.16747520432144378,0.03384455037818162,0.7986496852726571,25,30,20
41,1775,3.048332335963881e-05,0.16747490431001805,0.033840932488560155,0.7986536798780617,25,30,20
41,1776,3.0720998619591476e-05,0.1674673037881253,0.03384828183221107,0.7986536933810435,25,30,20
41,1777,3.079906827450613e-05,0.16746776416840348,0.03385506851881778,0.7986463682445037,25,30,20
41,1778,3.079909539634898e-05,0.16746784099215756,0.03385599929364685,0.7986453606187988,25,30,20
41,1779,3.079910804592778e-05,0.1674679931655695,0.033855747636517074,0.7986454600898674,25,30,20
41,1780,3.0799134921630584e-05,0.1674679205552219,0.03385601784812471,0.7986452624617315,25,30,20
41,1781,3.552228060883274e-05,0.16750041058816603,0.03758263662774816,0.7948814305034773,25,30,20
41,1782,3.5522324607986435e-05,0.16750041333454213,0.03758338185418934,0.7948806824866608,25,30,20
41,1783,3.552249641654993e-05,0.1675005756963005,0.03759296310467511,0.7948709387026079,25,30,20
41,1784,3.551978409114467e-05,0.16750033063656558,0.03758841563951329,0.7948757339398297,25,30,20
41,1785,3.552110411620157e-05,0.16750048806891343,0.03759040034112936,0.7948735904858408,25,30,20
41,1786,3.5522526599056925e-05,0.16750080436619336,0.03759834529280119,0.7948653278144063,25,30,20
41,1787,3.552521317291881e-05,0.16750104400403967,0.03760081732018765,0.7948626134625997,25,30,20
41,1788,3.5525215447663165e-05,0.16750103865785512,0.03756544388632998,0.7948979922403672,25,30,20
41,1789,3.544850366359977e-05,0.1675007277939283,0.03756015466399801,0.7949036690384097,25,30,20
41,1790,3.544711841630489e-05,0.1675008799532604,0.03755737774139342,0.7949062951869296,25,30,20
41,1791,3.5445777007520144e-05,0.1675009513445335,0.037556264425101744,0.7949073384533569,25,30,20
41,1792,3.5447117982273075e-05,0.16750111427487513,0.03755964092885402,0.7949037976782884,25,30,20
41,1793,2.9651025229384186e-05,0.16033159852543957,0.04417058597389,0.7954681644754408,25,30,20
41,1794,2.9574466164349328e-05,0.1603313731527112,0.04416743901506535,0.7954716133660589,25,30,20
41,1795,2.9575656641312014e-05,0.16033145064056242,0.04416822511194079,0.7954707485908553,25,30,20
41,1796,2.957559508217588e-05,0.16033670960141486,0.04416296637309349,0.795470748430409,25,30,20
41,1797,2.478517107433958e-05,0.16029994535192973,0.043765908310026067,0.7959093611669696,25,30,20
41,1798,2.486055894450537e-05,0.16030009607383439,0.04376823195185844,0.7959068114153625,25,30,20
41,1799,2.4859189332813594e-05,0.1602999384235033,0.04376601840360551,0.7959091839835583,25,30,20
41,1800,2.4782406239018808e-05,0.16029962033118048,0.04375942386273867,0.795916173399842,25,30,20
41,1801,2.4783752550130888e-05,0.160299623154682,0.04375899119606355,0.7959166018967043,25,30,20
41,1802,2.478377607770073e-05,0.1602994683488063,0.043761167528436805,0.7959145803466793,25,30,20
41,1803,2.4782417559566453e-05,0.16029938618511808,0.04376116610644955,0.7959146652908728,25,30,20
41,1804,2.4859130305834326e-05,0.16029681349666042,0.043763583980829364,0.7959147433922048,25,30,20
41,1805,2.9352479272702704e-05,0.16001379468097124,0.044032431070885544,0.7959244217688709,25,30,20
41,1806,2.9352477367634282e-05,0.16001379598866694,0.04403266574656319,0.7959241857874025,25,30,20
41,1807,3.384828735059137e-05,0.15972476619535406,0.04500800616861001,0.7952333793486841,25,30,20
41,1808,3.37700918295079e-05,0.159724371220153,0.045003287623813434,0.7952385710642033,25,30,20
41,1809,3.40029836490504e-05,0.15771210764908358,0.04701492792469306,0.7952389614425728,25,30,20
41,1810,2.9281200034972652e-05,0.1576797766485033,0.04329047252482972,0.7990004696266307,25,30,20
41,1811,2.9281295999027704e-05,0.15767993881797904,0.04466931225037099,0.7976214676356497,25,30,20
41,1812,2.9279925621993416e-05,0.15767977850155296,0.044669465163204566,0.7976214764096192,25,30,20
41,1813,2.9203216158655772e-05,0.15768410489513932,0.04466536762246477,0.7976213242662366,25,30,20
41,1814,2.9126407183059085e-05,0.1576835591192669,0.04465820053965417,0.7976291139338956,25,30,20
41,1815,2.9126406240256863e-05,0.1576836344983303,0.044658181929229004,0.7976290571661999,25,30,20
41,1816,2.9125067248538914e-05,0.157683471647044,0.04465485057166413,0.7976325527140429,25,30,20
41,1817,2.912643977926307e-05,0.15768339764073633,0.044669837526048715,0.7976176383934356,25,30,20
41,1818,2.905104645726943e-05,0.15768309630805788,0.044707965505877904,0.7975798871396065,25,30,20
41,1819,2.905109457763328e-05,0.1576832594061025,0.04609472113352206,0.7961929683657971,25,30,20
41,1820,2.9051056802201686e-05,0.15768341417671272,0.04609252578462951,0.796195008981855,25,30,20
41,1821,2.439674805425065e-05,0.15796999419583307,0.04582013847606265,0.7961854705800494,25,30,20
41,1822,2.432001955323303e-05,0.1579696906232134,0.045828707190166955,0.7961772821670661,25,30,20
41,1823,2.4320019407014977e-05,0.15796953697014302,0.04582781802324491,0.796178324987205,25,30,20
41,1824,2.4395410430862883e-05,0.15796975970612553,0.04581716082268359,0.7961886840607599,25,30,20
41,1825,2.454886942685268e-05,0.15797037624786203,0.04582588264721843,0.7961791922354926,25,30,20
41,1826,2.447350063260329e-05,0.15796991742415842,0.04582905630025325,0.7961765527749555,25,30,20
41,1827,2.447349514116877e-05,0.1579699173166342,0.045829011018581285,0.7961765981696431,25,30,20
41,1828,2.439680552710477e-05,0.15797359503587463,0.04582556207124844,0.7961764460873497,25,30,20
41,1829,2.4396780032046043e-05,0.1579735208528703,0.04582437433638451,0.7961777080307132,25,30,20
41,1830,2.439815267374386e-05,0.15797375654016385,0.04582763652064271,0.7961742087865198,25,30,20
41,1831,2.439678486297774e-05,0.15797351406704066,0.04447666815413173,0.7975254209939648,25,30,20
41,1832,2.4473583959523807e-05,0.157973977515073,0.04449374726742964,0.7975078016335381,25,30,20
41,1833,2.4243496389654626e-05,0.15998096083613936,0.042487378827545844,0.7975074168399252,25,30,20
41,1834,2.4244815102534876e-05,0.15998019149578602,0.04248799468691669,0.7975075690021947,25,30,20
41,1835,2.9089425201411544e-05,0.16001248582480937,0.043031984699803204,0.796926440050186,25,30,20
41,1836,2.9086620639012065e-05,0.16001777502193806,0.043026703937920546,0.7969264344195024,25,30,20
41,1837,2.9242697296413866e-05,0.1600182362207306,0.04167698323120335,0.7982755378507694,25,30,20
41,1838,2.9241378096570464e-05,0.16001787380926052,0.04167750037588078,0.7982753844367619,25,30,20
41,1839,2.9319401822211926e-05,0.16001803097608036,0.04166921553051208,0.7982834340915852,25,30,20
41,1840,3.1684132755725016e-05,0.1600297870337803,0.061710753755910196,0.7782277750775544,25,30,20
41,1841,3.1684130379765554e-05,0.16002978841221277,0.06170633386094943,0.7782321935964588,25,30,20
41,1842,3.1684292445880484e-05,0.16002971512699685,0.06170751117417252,0.7782310894063849,25,30,20
41,1843,3.1684276772420395e-05,0.1600296384327109,0.061707362731551016,0.7782313145589655,25,30,20
41,1844,3.152810232177988e-05,0.16002908924115217,0.06169718250404224,0.7782422001524839,25,30,20
41,1845,3.1534065071390753e-05,0.16002926908481074,0.0617423218813589,0.778196874968759,25,30,20
41,1846,3.153540807747264e-05,0.16002920473742815,0.061706382773039505,0.778232877081455,25,30,20
41,1847,3.153545956227531e-05,0.16002920890186764,0.06172225429003271,0.7782170013485376,25,30,20
41,1848,3.153677779367167e-05,0.1600292075871801,0.06172222749933315,0.7782170281356935,25,30,20
41,1849,2.256757348887946e-05,0.16001026916144448,0.06133615319571974,0.7786310100693474,25,30,20
41,1850,2.2443534568162182e-05,0.16000119648695604,0.06112266206953723,0.778853697908939,25,30,20
41,1851,2.2443556045635485e-05,0.160001041623659,0.06112255168079383,0.7788539631395021,25,30,20
41,1852,2.244492708631765e-05,0.15999982583134684,0.06112360563787593,0.7788541236036914,25,30,20
41,1853,2.2437682093263892e-05,0.15999949678942818,0.06107687679341,0.778901188735069,25,30,20
41,1854,2.24375577230479e-05,0.15999972510839783,0.061077665190516675,0.7789001721433629,25,30,20
41,1855,2.2515684992459985e-05,0.1600001224432048,0.061083941101964113,0.7788934207698389,25,30,20
41,1856,2.259102252244226e-05,0.15999839830108706,0.06108559969561192,0.7788934109807789,25,30,20
41,1857,2.2589660456418034e-05,0.15999816519141571,0.06108276213247379,0.7788964830156544,25,30,20
41,1858,2.251702545571016e-05,0.15999810085817476,0.06108071550222435,0.7788986666141454,25,30,20
41,1859,2.251699546148341e-05,0.15999802396406732,0.06106530845436118,0.7789141505861105,25,30,20
41,1860,2.251695442766491e-05,0.15999764047530168,0.061060371338785016,0.7789194712314861,25,30,20
41,1861,2.2517085909628855e-05,0.15999779575267292,0.06106072051341369,0.7789189666480043,25,30,20
41,1862,2.236499773327368e-05,0.15999749712325465,0.06103619977633365,0.7789439381026788,25,30,20
41,1863,2.2443077995291637e-05,0.15995068375718724,0.06108285700553698,0.7789440161592809,25,30,20
41,1864,2.2367708544887304e-05,0.15995030417678596,0.06108044247673103,0.7789468856379385,25,30,20
41,1865,2.2363622571847447e-05,0.15995006155982852,0.061077447504441766,0.7789501273131582,25,30,20
41,1866,2.235954044604242e-05,0.15994981224091115,0.06107284105880995,0.7789549871598331,25,30,20
41,1867,2.2358254255359474e-05,0.15994988660103257,0.06107050571293226,0.7789572494317801,25,30,20
41,1868,2.2281550053866342e-05,0.15999329916250274,0.06102732319235882,0.7789570960950849,25,30,20
41,1869,2.2282935318830017e-05,0.1599936142816614,0.0610302124190189,0.7789538903640012,25,30,20
41,1870,2.2282949038831074e-05,0.1599936884098025,0.06103053712799219,0.7789534915131668,25,30,20
41,1871,2.2281579723091217e-05,0.15999368973695688,0.06102625169852845,0.7789577769847917,25,30,20
41,1872,2.2280204189862345e-05,0.1599933746537856,0.06102424344982694,0.7789601016921978,25,30,20
41,1873,2.2356941687018576e-05,0.159265810531425,0.061751578707221755,0.7789602538196665,25,30,20
41,1874,2.235559601760146e-05,0.15926579935823837,0.061748278255075985,0.7789635667906687,25,30,20
41,1875,2.2280214816598707e-05,0.15926542110387798,0.06178235457803941,0.7789299441032667,25,30,20
41,1876,2.2203524347444882e-05,0.1592651183617733,0.061778285461200795,0.7789343926526792,25,30,20
41,1877,1.9837404675383135e-05,0.15925335792566503,0.04172942980733912,0.7989973748623208,25,30,20
41,1878,1.984031810608205e-05,0.15925796652739416,0.04174310949269353,0.7989790836618065,25,30,20
41,1879,1.9764933410158786e-05,0.15926145278771658,0.0417396972524809,0.7989790850263924,25,30,20
41,1880,1.991856340907047e-05,0.15925482973231517,0.04174577566546901,0.7989794760388069,25,30,20
41,1881,2.4700765326403835e-05,0.15928281109180784,0.042204880482032074,0.7984876076608337,25,30,20
41,1882,2.470072101772919e-05,0.15928250145939138,0.04220462089821661,0.7984881769213742,25,30,20
41,1883,2.9471405966375032e-05,0.15933208354254788,0.042731680991017776,0.7979067640604677,25,30,20
41,1884,2.9470155798230803e-05,0.15933229256564285,0.04273162789929079,0.7979066093792678,25,30,20
41,1885,2.9468845259770264e-05,0.15933229415271324,0.04273104821837791,0.797907188783649,25,30,20
41,1886,2.4624135633058987e-05,0.1592825652827128,0.0422019777516149,0.7984908328300392,25,30,20
41,1887,2.454601668710497e-05,0.1592820966136365,0.042196643723248696,0.7984967136464276,25,30,20
41,1888,2.454606576024963e-05,0.15928209420684106,0.04219680980905076,0.7984965499183481,25,30,20
41,1889,2.4778886906130222e-05,0.1592831062456705,0.042211207520787,0.7984809073466365,25,30,20
41,1890,2.4784371149500312e-05,0.15928305137783055,0.04221672161690541,0.798475442634115,25,30,20
41,1891,2.48611500372563e-05,0.1592833584170262,0.04222262386041308,0.7984691565725239,25,30,20
41,1892,2.4862512523894344e-05,0.1592832816996007,0.042226524086873794,0.7984653317010022,25,30,20
41,1893,2.486249565603655e-05,0.15928343098122782,0.04218888749594209,0.7985028190271745,25,30,20
41,1894,2.4863817436291076e-05,0.15928342944071028,0.04218898254534829,0.7985027241965055,25,30,20
41,1895,2.4863807510200504e-05,0.15928358445724625,0.042226181114226075,0.7984653706210179,25,30,20
41,1896,2.478839592232069e-05,0.15928312526404306,0.04222288934887376,0.7984691969911608,25,30,20
41,1897,2.4788231858046797e-05,0.15928319457627996,0.04221527996781784,0.798476737224044,25,30,20
41,1898,2.478696512351798e-05,0.15928312501432185,0.04225305580057671,0.7984390322199778,25,30,20
41,1899,2.486264409124504e-05,0.159283568930043,0.04232141876165572,0.7983701496642098,25,30,20
41,1900,2.4786941069283135e-05,0.1592833566788075,0.042252266495216934,0.7984395898849062,25,30,20
41,1901,2.4949198982540685e-05,0.15927101240052105,0.04226404311754986,0.7984399952829463,25,30,20
41,1902,2.9740745876256066e-05,0.15929404928851243,0.04263194603071576,0.7980442639348952,25,30,20
41,1903,2.9740753938263782e-05,0.15929389426697127,0.042630693996598704,0.7980456709824915,25,30,20
41,1904,2.966246283229147e-05,0.15929942374642267,0.042625483166924154,0.7980454306238208,25,30,20
41,1905,2.4941980407751254e-05,0.15927620918953594,0.04229552773080159,0.7984033210992546,25,30,20
41,1906,2.4785982217032193e-05,0.15927558278496545,0.04228595639187947,0.798413674840938,25,30,20
41,1907,2.478467947333148e-05,0.15927565733213297,0.0422749469867983,0.7984246110015952,25,30,20
41,1908,2.4784598522963452e-05,0.15927558024275817,0.04227459927114704,0.7984250358875713,25,30,20
41,1909,2.4783190904852998e-05,0.15927548974543906,0.04227222952031287,0.7984274975433427,25,30,20
41,1910,2.4783189799903194e-05,0.15927556239283291,0.042261740831340225,0.7984379135860269,25,30,20
41,1911,2.0080695857655735e-05,0.15924804051783037,0.0418074326804322,0.7989244461058794,25,30,20
41,1912,2.0158790178626414e-05,0.1592485009053676,0.04181224533432611,0.7989190949701274,25,30,20
41,1913,1.544397807740331e-05,0.15922569409064308,0.04144989177948001,0.7993089701517994,25,30,20
41,1914,1.5453883434594605e-05,0.15922578947227828,0.042204387145480894,0.7985543694988061,25,30,20
41,1915,1.5375733494708393e-05,0.1592255551799199,0.042196738435616145,0.7985623306509692,25,30,20
41,1916,1.5371590640963007e-05,0.15922569216235283,0.04219255607718273,0.7985663801698232,25,30,20
41,1917,1.5372908625185987e-05,0.15922577151943265,0.0421934390558149,0.7985654165161268,25,30,20
41,1918,1.529916417286552e-05,0.1592254045949039,0.04223091747457461,0.7985283787663482,25,30,20
41,1919,1.5297772276665926e-05,0.1592251699406842,0.0421859066063861,0.7985736256806518,25,30,20
41,1920,1.537450922107642e-05,0.15922555776524647,0.042190595467962805,0.798568472257569,25,30,20
41,1921,1.5368898679523406e-05,0.15922563908427156,0.041414363386216284,0.7993446286308319,25,30,20
41,1922,1.5368893251200572e-05,0.15922564038305392,0.04141420402970879,0.7993447866939855,25,30,20
41,1923,1.536884606075365e-05,0.1592256320794302,0.04137649670256997,0.7993825023719388,25,30,20
41,1924,1.537013339158686e-05,0.15722383560076192,0.04337829053933027,0.799382503726516,25,30,20
41,1925,1.5368339367321692e-05,0.15722375100184618,0.04335039062167618,0.7994104900371102,25,30,20
41,1926,1.5773984677612685e-05,0.1572558709883816,0.043573695669450345,0.7991546593574901,25,30,20
41,1927,1.5774014119056295e-05,0.15725594779967864,0.04357734448776765,0.7991509336984342,25,30,20
41,1928,1.5771023741499837e-05,0.15725584879629362,0.043575084101337536,0.7991532960786271,25,30,20
41,1929,1.5846408161096678e-05,0.1572562282845693,0.04357764386149119,0.799150281445778,25,30,20
41,1930,1.584371736451606e-05,0.15725629701650967,0.043576155925579965,0.7991517033405457,25,30,20
41,1931,1.599851952909964e-05,0.15725683936567098,0.04358430505346936,0.7991428570613308,25,30,20
41,1932,1.58481443398645e-05,0.15725708682504438,0.043624766311703214,0.7991022987189126,25,30,20
41,1933,1.584956532773276e-05,0.15725717470959272,0.043626606336472154,0.7991003693886074,25,30,20
41,1934,1.5848268340240654e-05,0.157257177411133,0.043626802394213654,0.7991001719263136,25,30,20
41,1935,1.5848256960983854e-05,0.1572569415828605,0.04363511391180636,0.7990920962483727,25,30,20
41,1936,1.577015835161672e-05,0.1572564770841453,0.04362597654797618,0.7991017762095274,25,30,20
41,1937,1.5770121372979128e-05,0.15925818554928617,0.04162426824831393,0.7991017760810274,25,30,20
41,1938,1.569611856905024e-05,0.15926071554584809,0.0416219602116509,0.7991016281239325,25,30,20
41,1939,1.5774136188947833e-05,0.1599801125992653,0.04090225094948983,0.7991018623150563,25,30,20
41,1940,1.5774173775667475e-05,0.15993892919936073,0.040943434332630195,0.7991018622942337,25,30,20
41,1941,1.569580225413735e-05,0.15993877660450026,0.04094298902800121,0.7991025385652446,25,30,20
41,1942,1.5296111631274978e-05,0.15990697112989175,0.04082239006725891,0.7992553426912185,25,30,20
41,1943,1.5296134841370702e-05,0.15990704649036405,0.04082229817429189,0.799255359200503,25,30,20
41,1944,1.546108419246086e-05,0.1599163600556537,0.04089473411306261,0.7991734447470913,25,30,20
41,1945,1.0838647533229519e-05,0.15988034439760004,0.04095332744224346,0.7991554895126238,25,30,20
41,1946,1.0836979485080367e-05,0.15987558330728618,0.04095112634203854,0.7991624533711906,25,30,20
41,1947,1.0836984240568356e-05,0.1598755832551856,0.04095035648883259,0.799163223271742,25,30,20
41,1948,1.0838323036707301e-05,0.15987550792907498,0.040957056114750374,0.7991565976331385,25,30,20
41,1949,1.0838477986330853e-05,0.1599128091253532,0.04091975427671682,0.7991565981199444,25,30,20
41,1950,1.0676222229054622e-05,0.1599243572721761,0.04090869570229299,0.7991562708033025,25,30,20
41,1951,1.5406252240251633e-05,0.15994349919500714,0.04117953332867992,0.7988615612240735,25,30,20
41,1952,1.540493336147119e-05,0.1599436461083971,0.04116725666742645,0.7988736922908158,25,30,20
41,1953,1.548017346377628e-05,0.15994053968497934,0.041169825176273774,0.7988741549652839,25,30,20
41,1954,1.548152363817392e-05,0.15994054376111747,0.04117659097357009,0.7988673837416748,25,30,20
41,1955,1.5480220560644693e-05,0.15994062198998668,0.041171287277196156,0.7988726105122571,25,30,20
41,1956,1.5404850153506584e-05,0.15994415357772507,0.041168057208003504,0.7988723843641187,25,30,20
41,1957,1.540481074112321e-05,0.15994438373327025,0.04115904979485234,0.7988811616611368,25,30,20
41,1958,1.067613264859775e-05,0.15992547477702318,0.04089086550689694,0.7991729835834316,25,30,20
41,1959,2.8506850758183443e-05,0.15995375249049343,0.041409878347622636,0.7986078623111265,25,30,20
41,1960,2.8508192326319996e-05,0.15995421441180152,0.041413494384320695,0.7986037830115522,25,30,20
41,1961,4.14799466190415e-05,0.15995986994761935,0.0429462623096512,0.797052387796111,25,30,20
41,1962,4.1481253886891435e-05,0.15995995192607892,0.042946816623897675,0.7970517501961366,25,30,20
41,1963,4.132644788369128e-05,0.1599693153610188,0.042937994367280324,0.7970513638238175,25,30,20
41,1964,4.132775964584945e-05,0.1599693892738107,0.04293771815520267,0.7970515648113411,25,30,20
41,1965,4.125236547002256e-05,0.15996916310886436,0.042934460019289765,0.797055124506376,25,30,20
41,1966,4.1327756276921824e-05,0.15996931000612255,0.04295024388966794,0.7970391183479327,25,30,20
41,1967,4.1245087746228654e-05,0.159968693966237,0.04284502038200764,0.7971450405640093,25,30,20
41,1968,4.10828270141552e-05,0.15995961612256815,0.042775847406682825,0.7972234536437349,25,30,20
41,1969,4.1081533927434216e-05,0.1599595381935871,0.042776441415487636,0.7972229388569978,25,30,20
41,1970,4.115555973679759e-05,0.15995968488995443,0.04277945947695073,0.797219700073358,25,30,20
41,1971,4.115829822063374e-05,0.15995692474536544,0.042781982517841245,0.7972199344385728,25,30,20
41,1972,4.1155567395994306e-05,0.1599591380592523,0.04277970066082895,0.797220005712523,25,30,20
41,1973,4.108163027210154e-05,0.15995464655852148,0.042784723485546794,0.7972195483256597,25,30,20
41,1974,4.115396635232818e-05,0.15995424172977252,0.042741671414022624,0.7972629328898525,25,30,20
41,1975,4.115263844344886e-05,0.1599540101598106,0.04277640168143499,0.797228435520311,25,30,20
41,1976,4.1153997042232315e-05,0.15995401977875554,0.04277736641127387,0.7972274598129283,25,30,20
41,1977,2.818356349958162e-05,0.15994844228115154,0.04124603769591127,0.7987773364594374,25,30,20
41,1978,2.8180713386451154e-05,0.1599610899702496,0.04123339999824569,0.798777329318118,25,30,20
41,1979,2.8182083920915324e-05,0.15996094463979552,0.041234139933276556,0.7987767333430067,25,30,20
41,1980,2.818207811511574e-05,0.1599403717895996,0.041254941673521464,0.7987765044587637,25,30,20
41,1981,2.8183439439075593e-05,0.1599594126131965,0.04123589795682477,0.7987765059905395,25,30,20
41,1982,2.818204153421789e-05,0.159959170121735,0.04123008902868576,0.7987825588080447,25,30,20
41,1983,2.8186098834979135e-05,0.15995910836767346,0.04123423674535675,0.7987784687881343,25,30,20
41,1984,2.8190433933484786e-05,0.1599589650300639,0.04126864592150019,0.7987441986145021,25,30,20
41,1985,2.8349558267812897e-05,0.15997269466765496,0.041350364296567695,0.7986485914775089,25,30,20
41,1986,2.8272878896062177e-05,0.1599723879804602,0.041347043151913405,0.7986522959887299,25,30,20
41,1987,2.826851465860385e-05,0.15997222301280004,0.041319899192154265,0.7986796092803865,25,30,20
41,1988,2.8268556966475674e-05,0.15997199846298646,0.04132076043770506,0.7986789725423421,25,30,20
41,1989,3.3122579938969405e-05,0.160017324565617,0.04177924771172326,0.7981703051427205,25,30,20
41,1990,3.3276502088171865e-05,0.15992347512577249,0.041863756007977176,0.7981794923641621,25,30,20
41,1991,3.3199776011190025e-05,0.15992332723982305,0.041885625168797506,0.7981578478153685,25,30,20
41,1992,3.3202619233298534e-05,0.15992365177359186,0.04189034787033649,0.7981527977368387,25,30,20
41,1993,3.320395105873652e-05,0.1599235722073039,0.041901804208251174,0.7981414196333866,25,30,20
41,1994,3.3203947666424046e-05,0.15992363491659747,0.04190181685105494,0.7981413442846814,25,30,20
41,1995,3.3280746495151406e-05,0.15991638442495767,0.0419086027909818,0.7981417320375656,25,30,20
41,1996,3.328354918873306e-05,0.15991687197113177,0.04191543394723822,0.7981344105324414,25,30,20
41,1997,2.850357898795634e-05,0.15987199830162602,0.04146036469789685,0.7986391334214893,25,30,20
41,1998,3.329450407254708e-05,0.1598993851121722,0.04181116920920428,0.7982561511745512,25,30,20
41,1999,3.816813540940151e-05,0.1599358473838748,0.04175993962690941,0.7982660448538066,25,30,20
41,2000,3.8169519029513135e-05,0.1599360091500199,0.041725441569861715,0.7983003797610887,25,30,20
41,2001,3.8324275881964e-05,0.1599365474283056,0.04173332393822959,0.7982918043575822,25,30,20
41,2002,3.832564476653283e-05,0.15993662539052322,0.041722231718815346,0.7983028172458942,25,30,20
41,2003,3.8248902293723756e-05,0.15993624847198484,0.04171829864056099,0.7983072039851601,25,30,20
41,2004,3.8170801793585365e-05,0.1599357797233365,0.041712223224131616,0.798313826250738,25,30,20
41,2005,3.801604113409531e-05,0.15993516469771732,0.0417036325904075,0.7983231866707408,25,30,20
41,2006,3.80173572187366e-05,0.1599350919459842,0.0417026332282079,0.7983242574685887,25,30,20
41,2007,4.2857706019590135e-05,0.15993569488782744,0.04177935674459143,0.7982420906615612,25,30,20
41,2008,4.2782338626019794e-05,0.15993539463955067,0.04176360141493787,0.7982582216068852,25,30,20
41,2009,4.2786376540883766e-05,0.15993571381725447,0.04176581626141214,0.7982556835447923,25,30,20
41,2010,4.278624993122892e-05,0.15993532331711682,0.04176364759976711,0.7982582428331847,25,30,20
41,2011,3.7953611794304034e-05,0.15990850929559888,0.04180501318429923,0.7982485239083076,25,30,20
41,2012,3.7958085403054764e-05,0.15990852873045452,0.0418323955128699,0.7982211176712727,25,30,20
41,2013,3.799670606602286e-05,0.15989855152843552,0.04184250865189978,0.7982209431135988,25,30,20
41,2014,3.799531296649741e-05,0.15989831705220978,0.04185331478922329,0.7982103728456008,25,30,20
41,2015,3.807074845456968e-05,0.15989869820479943,0.04184416325930333,0.7982190677874431,25,30,20
41,2016,3.807217003187431e-05,0.15989901084877714,0.041845262916699814,0.7982176540644916,25,30,20
41,2017,3.8148910419604195e-05,0.15989946994905663,0.04187436662920833,0.7981880145113155,25,30,20
41,2018,3.3436287548357e-05,0.15989528839745132,0.0416416244068697,0.7984296509081303,25,30,20
41,2019,3.3436287035794286e-05,0.1598950608493223,0.041644853997447134,0.7984266488661946,25,30,20
41,2020,3.32782736024779e-05,0.1599931374191101,0.041556054208153614,0.7984175300991333,25,30,20
41,2021,3.335494543489016e-05,0.159993437343705,0.04155982571723346,0.7984133819936262,25,30,20
41,2022,3.3585119497278064e-05,0.15999476551609526,0.04154230818578261,0.7984293411786249,25,30,20
41,2023,3.3514047279539135e-05,0.15999456077434793,0.04154213728839994,0.7984297878899725,25,30,20
41,2024,3.3664714989064924e-05,0.1599948565350546,0.04154728129828734,0.7984241974516688,25,30,20
41,2025,3.373736691380919e-05,0.1599949181730754,0.04154819395322893,0.7984231505067817,25,30,20
41,2026,3.366470032156111e-05,0.15999768362910816,0.041545571050340444,0.7984230806202299,25,30,20
41,2027,3.38071453333503e-05,0.15611988314663114,0.0454150371389763,0.7984312725690593,25,30,20
41,2028,3.3807144044548326e-05,0.15611980506993478,0.045415035950193784,0.798431351835827,25,30,20
41,2029,3.3878019779031145e-05,0.15612008025389806,0.04538885006600563,0.7984571916603176,25,30,20
41,2030,3.387667531493883e-05,0.15612000087517658,0.045426247372233684,0.798419875077275,25,30,20
41,2031,1.604594883292744e-05,0.15609187081114276,0.044893975291279704,0.7989981079487446,25,30,20
41,2032,1.5898075903607312e-05,0.15609065440444425,0.045591772402059874,0.7983016751175923,25,30,20
41,2033,1.5755582845066153e-05,0.15996626537436534,0.041724807062259284,0.7982931719805303,25,30,20
41,2034,1.5756914040829604e-05,0.15996634353353012,0.04172567299562502,0.7982922265568047,25,30,20
41,2035,1.5754172962851742e-05,0.15996648206809114,0.04172516611096405,0.798292597647983,25,30,20
41,2036,1.5755524803581686e-05,0.15996544658818299,0.04172627302100369,0.7982925248660107,25,30,20
41,2037,1.5826597036997393e-05,0.15996565536852952,0.04172643576940163,0.7982920822650327,25,30,20
41,2038,1.5671795393135507e-05,0.15996503755737312,0.04171762575349629,0.7983016648937383,25,30,20
41,2039,2.0552999173735817e-05,0.15998448620762531,0.041991808893889274,0.7980031518993127,25,30,20
41,2040,2.07062235147522e-05,0.15996213441931245,0.04188608172957815,0.7981310776275957,25,30,20
41,2041,2.062953275864204e-05,0.15996175767399423,0.04187591253726712,0.7981417002559809,25,30,20
41,2042,2.063226375292133e-05,0.15996199893894394,0.04187953239166276,0.7981378364056414,25,30,20
41,2043,2.0788377092865727e-05,0.15996270015397146,0.04189087181391149,0.7981256396550251,25,30,20
41,2044,2.0713003454635527e-05,0.1599633371147627,0.041933694814991006,0.7980822550667928,25,30,20
41,2045,2.0789766794236363e-05,0.1599636414509545,0.041939816022982225,0.7980757527592701,25,30,20
41,2046,2.094345631440604e-05,0.15997289111070578,0.04205790699979292,0.7979482584331885,25,30,20
41,2047,2.0864133055899024e-05,0.15997249450792403,0.042050656749299246,0.7979559846097223,25,30,20
41,2048,2.0869688836922784e-05,0.1599723638174938,0.042084867451423105,0.7979218990422478,25,30,20
41,2049,2.086831863092383e-05,0.15997220616823804,0.04208259931193569,0.7979243262011968,25,30,20
41,2050,2.086783188791307e-05,0.159962947665515,0.04267762936082974,0.7973385551417688,25,30,20
41,2051,2.086221275326235e-05,0.15996323542573213,0.0426441740328747,0.7973717283286413,25,30,20
41,2052,2.0862212796973454e-05,0.15996370213843386,0.042643707320296785,0.7973717283284738,25,30,20
41,2053,2.0937616579799133e-05,0.15996392420274705,0.04264530983259804,0.7973698283480766,25,30,20
41,2054,2.101566664288965e-05,0.15996439247363084,0.04264998424073429,0.7973646076189935,25,30,20
41,2055,2.094314500630098e-05,0.15996425555707797,0.04269289529817666,0.7973219059997406,25,30,20
41,2056,2.1021351121397427e-05,0.15995605734595475,0.042700865695706226,0.7973220556072191,25,30,20
41,2057,1.6138826845744166e-05,0.1599365333426563,0.04242330782375049,0.7976240200067489,25,30,20
41,2058,1.614018235553702e-05,0.1599364578959184,0.0424241925577556,0.797623209363972,25,30,20
41,2059,1.605636187414768e-05,0.15992295413559798,0.042345888311064075,0.7977151011914653,25,30,20
41,2060,1.605500002979179e-05,0.1599228733407415,0.04234472972939373,0.7977163419298364,25,30,20
41,2061,1.6250685105158682e-05,0.15995104267005955,0.042315435740181886,0.7977172709046536,25,30,20
41,2062,1.6249347189969123e-05,0.1599519452739562,0.0423145371968393,0.7977172681820144,25,30,20
41,2063,1.624947935311722e-05,0.15995051986607664,0.04231588675699555,0.7977173438975743,25,30,20
41,2064,1.62493698459779e-05,0.15995161247221332,0.042314793223845674,0.7977173449340946,25,30,20
41,2065,1.1483042344750595e-05,0.15995107676938905,0.04223847793660267,0.7977989622516626,25,30,20
41,2066,1.1481685915302872e-05,0.159950842404228,0.04223786935211416,0.7977998065577419,25,30,20
41,2067,1.1483043564623888e-05,0.1599507681217779,0.04423799197109228,0.7957997568635647,25,30,20
41,2068,2.0203105921181476e-05,0.16024246893553581,0.04392837512238312,0.7958089528361597,25,30,20
41,2069,2.0284014242749823e-05,0.16020042853040892,0.04397017825769739,0.7958091091976509,25,30,20
41,2070,2.0283992215680652e-05,0.1602003423066991,0.04396845121637081,0.7958109224847137,25,30,20
41,2071,2.028838223989049e-05,0.1602056666965777,0.04399246279643726,0.7957815821247448,25,30,20
41,2072,2.0288361605425243e-05,0.1602055653913167,0.04399264086984904,0.7957815053772286,25,30,20
41,2073,2.0054102188446888e-05,0.1602044735582425,0.04397892402158868,0.7957965483179801,25,30,20
41,2074,2.0130765821197434e-05,0.16020477484481407,0.043963466068768,0.7958116283205972,25,30,20
41,2075,2.0055351777752842e-05,0.16020462270095087,0.0439629127104142,0.7958124092368577,25,30,20
41,2076,1.990630107535766e-05,0.16020456659049848,0.044030843204884845,0.7957446839035416,25,30,20
41,2077,2.0058893975923382e-05,0.16013368562455463,0.04409681955148136,0.795749435929988,25,30,20
41,2078,2.0058870289238875e-05,0.16013383751031068,0.044091005305678305,0.7957550983137217,25,30,20
41,2079,2.0062963111897402e-05,0.16013338127393525,0.044048043887157357,0.7957985118757953,25,30,20
41,2080,2.0058803784091884e-05,0.16013321270679512,0.04400718509355271,0.7958395433958683,25,30,20
41,2081,2.0057449634166818e-05,0.16013328538948954,0.04400604280127482,0.7958406143596019,25,30,20
41,2082,2.0128429910582985e-05,0.16012826118285822,0.04402602346031983,0.7958255869269117,25,30,20
41,2083,2.0050327859160566e-05,0.16012802699644232,0.042019898715482985,0.7978320239602158,25,30,20
41,2084,2.0051750190125408e-05,0.1601233980522296,0.042024135340355435,0.7978324148572251,25,30,20
41,2085,2.004895915708e-05,0.1601266544987417,0.0420207256334499,0.7978325709086517,25,30,20
41,2086,1.9972226347027365e-05,0.1601263461128546,0.042016298965649054,0.7978373826951497,25,30,20
41,2087,1.9970904197134467e-05,0.1601400786858334,0.043451964351458205,0.7963879860585109,25,30,20
41,2088,2.0050397456970987e-05,0.16014031845834964,0.043461249180056866,0.7963783819641362,25,30,20
41,2089,2.4779760949421958e-05,0.1598598371056958,0.04372785091250678,0.7963875322208476,25,30,20
41,2090,2.4623754676895023e-05,0.15985936387288918,0.04300849845732661,0.7971075139151064,25,30,20
41,2091,2.4625108261554915e-05,0.15985929248438427,0.043009855260034334,0.7971062271473189,25,30,20
41,2092,2.4779913661938713e-05,0.15985991168248068,0.043018688123949954,0.7970966202799065,25,30,20
41,2093,2.4777201377367483e-05,0.15985997491461307,0.04301318130213122,0.7971020665818774,25,30,20
41,2094,2.4858433609155954e-05,0.1598601528405726,0.04303529296801026,0.7970796957578071,25,30,20
41,2095,2.4783199647039995e-05,0.15985984928807126,0.043036250595104616,0.7970791169171763,25,30,20
41,2096,2.4779068974480025e-05,0.15985936814803894,0.04303048058023586,0.7970853722027502,25,30,20
41,2097,2.4780455002796135e-05,0.15985945175329863,0.0430310767121942,0.7970846910795037,25,30,20
41,2098,2.4625121634083406e-05,0.15993525631438177,0.04296002872298382,0.7970800898410002,25,30,20
41,2099,2.462650530100891e-05,0.15993550727901498,0.04300339268261385,0.79703647353307,25,30,20
41,2100,2.454983600313361e-05,0.1599349676157329,0.0429969527636477,0.7970435297846166,25,30,20
41,2101,2.439916127218191e-05,0.15993475005515598,0.04303172031647984,0.7970091304670922,25,30,20
41,2102,2.440042261672901e-05,0.15993475518811945,0.04303510963420452,0.7970057347550596,25,30,20
41,2103,2.439226208549691e-05,0.15993488504716763,0.04236322309383956,0.797677499596908,25,30,20
41,2104,1.9662894387689512e-05,0.1602157549548818,0.042096388994405515,0.7976681931563256,25,30,20
41,2105,1.973955324823271e-05,0.16021606037680047,0.042094818824132726,0.7976693812458191,25,30,20
41,2106,1.966403806456281e-05,0.16021573791665472,0.04204822340002301,0.7977163746452584,25,30,20
41,2107,2.4461105333882992e-05,0.16023895125590992,0.04241087176065829,0.7973257158780984,25,30,20
41,2108,2.4461134965785904e-05,0.16023910901861016,0.0424124711687809,0.7973239586776444,25,30,20
41,2109,2.446099772145453e-05,0.16023926200553923,0.0424100282279166,0.797326248768824,25,30,20
41,2110,2.4455270895463836e-05,0.1602385528488696,0.04237127758620863,0.7973657142940275,25,30,20
41,2111,2.4456620947140587e-05,0.16023847752756865,0.04237393010400659,0.7973631357474789,25,30,20
41,2112,2.4460739527696154e-05,0.16023818574057244,0.04235420928169027,0.7973831442382107,25,30,20
41,2113,2.4382588006647464e-05,0.16023802939313259,0.042346273379015066,0.7973913146398468,25,30,20
41,2114,2.4304068437508566e-05,0.160237860808454,0.042326423202906686,0.7974114119202027,25,30,20
41,2115,2.438077089615664e-05,0.1602245050926828,0.04089322116840119,0.7988578929680208,25,30,20
41,2116,2.4305385617626893e-05,0.16022850546359138,0.04088944692838847,0.7988577422224036,25,30,20
41,2117,2.4305385546895555e-05,0.1602271866340772,0.0408909219780744,0.7988575860023026,25,30,20
41,2118,2.4383502678503372e-05,0.16022772933492704,0.040896454151881756,0.7988514330105138,25,30,20
41,2119,1.546630707532556e-05,0.15990778322668966,0.041235593343004945,0.7988411571232313,25,30,20
41,2120,1.546495303932607e-05,0.15990785591154946,0.04123516017893131,0.7988415189564813,25,30,20
41,2121,1.546502433812955e-05,0.1599076258737987,0.041234164753680046,0.7988427443481849,25,30,20
41,2122,1.5465047944880845e-05,0.1599076328233448,0.04126921592499814,0.7988076862037146,25,30,20
41,2123,1.5540381599426263e-05,0.15990724011190185,0.0412696899046685,0.7988075296018328,25,30,20
41,2124,1.5542520908393766e-05,0.1599075876367067,0.04201420881298922,0.7980626610293976,25,30,20
41,2125,1.074412185731778e-05,0.15988429493386355,0.04165229848955604,0.7984526624547246,25,30,20
41,2126,1.0744108590286773e-05,0.15988421261995195,0.041617330466541445,0.7984877128049179,25,30,20
41,2127,1.090643809977157e-05,0.15988470715762496,0.04162958695504648,0.7984747994492299,25,30,20
41,2128,1.0903702453807575e-05,0.15988454543890285,0.04162799828722026,0.7984765525714248,25,30,20
41,2129,1.0905040609688257e-05,0.1598846969538627,0.0415896033126166,0.7985147946929126,25,30,20
41,2130,1.0829663483769257e-05,0.15988447215740842,0.04154667525850785,0.7985580229206012,25,30,20
41,2131,1.0829692442154951e-05,0.15988439002116986,0.04154748839633311,0.7985572918900558,25,30,20
41,2132,1.0827607759431253e-05,0.1598841247624185,0.04080237151502539,0.7993026761147974,25,30,20
41,2133,1.0827629812875668e-05,0.15988413030363083,0.040802759027380044,0.799302283039177,25,30,20
41,2134,1.083185399013472e-05,0.15988452796027575,0.04080963411582447,0.7992950060699106,25,30,20
41,2135,1.0831864085068212e-05,0.15988647060375885,0.04080769141886062,0.7992950061132963,25,30,20
41,2136,1.0831837191703364e-05,0.15988654066977745,0.04083235234094669,0.7992702751520849,25,30,20
41,2137,1.075512621064369e-05,0.15988615844303475,0.040827601347637285,0.7992754850831184,25,30,20
41,2138,1.0755157479469648e-05,0.1598861584173716,0.040802629007804424,0.7993004574173456,25,30,20
41,2139,1.0755136479561388e-05,0.1598860020609961,0.04076241469073098,0.7993408281117942,25,30,20
41,2140,1.0755155763756619e-05,0.15988600479966186,0.04076437316118657,0.7993388668833886,25,30,20
41,2141,1.0753853601503743e-05,0.15988664892960633,0.04076372894595205,0.799338868270841,25,30,20
41,2142,1.0752470833584246e-05,0.15988655180559033,0.040731663543561,0.7993710321800157,25,30,20
41,2143,1.0827877880894472e-05,0.1598867737286992,0.040733791134308354,0.7993686072591121,25,30,20
41,2144,1.0826498063857436e-05,0.1598866135513131,0.040733099547691144,0.7993694604029323,25,30,20
41,2145,1.0828032676192132e-05,0.15988677462571027,0.04077245119747814,0.7993299461441359,25,30,20
41,2146,0.00026787537389358677,0.15834979957396444,0.04205176418624501,0.7993305608658975,25,30,20
41,2147,0.0002678738854935343,0.15834964001359497,0.04201134503159932,0.7993711410693126,25,30,20
41,2148,0.00026787528192359785,0.15834964962531095,0.042018089659807065,0.7993643854329587,25,30,20
41,2149,0.0002678704461576092,0.15834963010891212,0.04401588660048276,0.7973666128444479,25,30,20
41,2150,0.0002680224488562529,0.15833866788546744,0.04402630913839331,0.797367000527283,25,30,20
41,2151,0.00026802113445775197,0.15833850786956932,0.044034743417440146,0.7973587275785328,25,30,20
41,2152,0.00026801977971483776,0.15833850269289343,0.04403433565951815,0.7973591418678739,25,30,20
41,2153,0.00026817454127101817,0.1583390421129807,0.04403249569969649,0.797360287646052,25,30,20
41,2154,0.0002681732202363321,0.15833888598084214,0.04403161594962686,0.7973613248492951,25,30,20
41,2155,0.00026817184577385887,0.1583389543649458,0.04402441873939998,0.7973684550498809,25,30,20
41,2156,0.00026824447205162023,0.15833894061352066,0.04402559505084243,0.7973672198635857,25,30,20
41,2157,0.0002681691024857524,0.1583387146264943,0.044022968612244195,0.797370147658776,25,30,20
41,2158,0.0002681733609794139,0.1583390514201721,0.04406710473009045,0.7973256704887584,25,30,20
41,2159,0.000277209129315915,0.15835835449593028,0.04449218467791007,0.7968722516968443,25,30,20
41,2160,2.0161763076218846e-05,0.1598950915647619,0.043213111093778185,0.796871635578384,25,30,20
41,2161,2.471703248885098e-05,0.159921925984531,0.042912355298859055,0.797141001684121,25,30,20
41,2162,2.4718328203721256e-05,0.15992185163330358,0.04291209749291425,0.7971413325455785,25,30,20
41,2163,2.4642915390117424e-05,0.15992597271901673,0.0429081312763617,0.7971412530892317,25,30,20
41,2164,2.4568893025492932e-05,0.1599259822939802,0.0429073534730734,0.7971420953399213,25,30,20
41,2165,2.4568891643819108e-05,0.15992571496762206,0.04290762210324237,0.797142094037492,25,30,20
41,2166,2.4568844611734626e-05,0.1599257133749623,0.042909225887999156,0.797140491892427,25,30,20
41,2167,2.4563273386212792e-05,0.15992523363818034,0.042901960093130444,0.7971482429953034,25,30,20
41,2168,2.4568766696008844e-05,0.15992556040227213,0.04290347466364988,0.7971463961673821,25,30,20
41,2169,2.4641221544260466e-05,0.15992560320166657,0.04286419970839422,0.7971855558683952,25,30,20
41,2170,2.4639902071104482e-05,0.15992667330884303,0.042863285758541675,0.7971854010305445,25,30,20
41,2171,2.4641393789053825e-05,0.159923498737696,0.04286645454523897,0.7971854053232762,25,30,20
41,2172,2.449526217837724e-05,0.15992783056376753,0.04289239886306856,0.7971552753109861,25,30,20
41,2173,2.4657924754496314e-05,0.15992933720988073,0.04296835734127719,0.7970776475240878,25,30,20
41,2174,2.473197936502667e-05,0.1599301803089088,0.042955230093936994,0.7970898576177897,25,30,20
41,2175,2.45004192086522e-05,0.15998158000135582,0.042904603278960396,0.7970893163004757,25,30,20
41,2176,2.4335141724498558e-05,0.15998006680737725,0.04282688583223781,0.797168712218661,25,30,20
41,2177,2.008634852052607e-05,0.15998904691986085,0.0427956633568551,0.7971952033747641,25,30,20
41,2178,2.016715768019062e-05,0.1599900688083456,0.04287101700806026,0.7971187470259145,25,30,20
41,2179,2.016714521208027e-05,0.1599902249551746,0.04286890530258232,0.7971207025970314,25,30,20
41,2180,2.0169902763835854e-05,0.1599902410076089,0.04292109352259052,0.7970684955670367,25,30,20
41,2181,2.0172858925744554e-05,0.15994742471573697,0.04296335425639679,0.7970690481689404,25,30,20
41,2182,2.0172787678793287e-05,0.1599473450037009,0.04296281727531612,0.7970696649333037,25,30,20
41,2183,2.0405710303872888e-05,0.15994827659674876,0.04297740235971781,0.7970539153332291,25,30,20
41,2184,2.0248188203970132e-05,0.15994772603026283,0.040966494609759374,0.7990655311717735,25,30,20
41,2185,2.0246803170450184e-05,0.15994756061448798,0.041042838722137105,0.7989893538602041,25,30,20
41,2186,2.017009158066944e-05,0.15994724961623544,0.04103821036191833,0.7989943699302653,25,30,20
41,2187,2.024985781879884e-05,0.1599472638592097,0.04103948670497936,0.7989929995779919,25,30,20
41,2188,2.0251172800576517e-05,0.15994765174955078,0.041044015003412114,0.7989880820742363,25,30,20
41,2189,2.025117158932915e-05,0.15994765169605812,0.041044292049163704,0.7989878050831888,25,30,20
41,2190,1.546284201732814e-05,0.1599192860814874,0.04063778905571757,0.7994274620207777,25,30,20
41,2191,1.5462812480355115e-05,0.15991928338481506,0.04063844321039015,0.7994268105923144,25,30,20
41,2192,1.5307980664015906e-05,0.1599181161583129,0.04056057486366224,0.7995060009973609,25,30,20
41,2193,1.530663265088924e-05,0.15991819021367187,0.04055860934840159,0.7995078938052756,25,30,20
41,2194,1.545593184690801e-05,0.15991855928803894,0.04056411539195122,0.799501869388163,25,30,20
41,2195,1.5455939166712563e-05,0.15991779627557187,0.040564872924804804,0.7995018748604565,25,30,20
41,2196,1.5454566797066782e-05,0.15991779211655233,0.04043559999518247,0.799631153321468,25,30,20
41,2197,1.5451875701928148e-05,0.15991747701260578,0.04043434025372397,0.7996327308579682,25,30,20
41,2198,1.1225654663540983e-05,0.15989297631501587,0.04072094144732678,0.7993748565829926,25,30,20
41,2199,1.1224245876028996e-05,0.15989258559995856,0.0407156896259557,0.7993805005282087,25,30,20
41,2200,1.1143132659106073e-05,0.15989248927714347,0.04071447131957884,0.7993818962706178,25,30,20
41,2201,1.992592959659708e-05,0.1599092310423097,0.040690468716340085,0.7993803743117529,25,30,20
41,2202,1.9927245390722357e-05,0.15990816944113714,0.04069153308214306,0.7993803702313284,25,30,20
41,2203,1.9927073656957477e-05,0.1599103124094187,0.04068923567078898,0.7993805248461346,25,30,20
41,2204,2.0003776173882678e-05,0.1599106191762796,0.04069239413759019,0.7993769829099554,25,30,20
41,2205,1.992703629394841e-05,0.15991031620659674,0.04068716493592789,0.7993825918211802,25,30,20
41,2206,2.8977708541574185e-05,0.15992934403374257,0.041040201164910736,0.7990014770928034,25,30,20
41,2207,4.479745963880672e-05,0.15476129995770832,0.04594895155724875,0.7992449510254025,25,30,20
41,2208,4.479889656497038e-05,0.15476137982421348,0.04594964642665666,0.7992441748525627,25,30,20
41,2209,4.487427917508369e-05,0.1547615289824159,0.04595515649353582,0.799238440244871,25,30,20
41,2210,0.0004932907701200062,0.15480971322999867,0.05072805896470671,0.7939689370351727,25,30,20
41,2211,0.0004932921354942306,0.15480979808785908,0.05073011067132185,0.7939667991053228,25,30,20
41,2212,0.0004932935097219004,0.15480972417613084,0.05073389708185939,0.7939630852322861,25,30,20
41,2213,0.0004933702419981379,0.15481010660112882,0.050739929621815276,0.7939565935350559,25,30,20
41,2214,0.0004933716279964306,0.15481011072575754,0.050748033232983436,0.7939484844132612,25,30,20
41,2215,0.0004933688768956683,0.1548101806192168,0.05074151764302588,0.7939549328608603,25,30,20
41,2216,4.487424169350364e-05,0.1547615998975366,0.04596173711270719,0.7992317887480614,25,30,20
41,2217,4.4878349831803763e-05,0.15476153812946156,0.045966679482109356,0.7992269040385958,25,30,20
41,2218,4.4879666523702226e-05,0.1547616174225445,0.04596506781780134,0.799228435093129,25,30,20
41,2219,4.464677098632123e-05,0.1547607736523701,0.045952684545617836,0.7992418950310243,25,30,20
41,2220,4.917467602475945e-05,0.15476134150998114,0.04602802374238646,0.7991614600716062,25,30,20
41,2221,4.9176051591218634e-05,0.15476165393387548,0.046028985222501644,0.7991601847920299,25,30,20
41,2222,4.9174732976759265e-05,0.15476225821868375,0.046028538438780825,0.7991600286095568,25,30,20
41,2223,4.9096770791177154e-05,0.15476203272803127,0.046024544867220796,0.7991643256339549,25,30,20
41,2224,4.0048787301278486e-05,0.15474301159393417,0.04567674451553119,0.7995401951032314,25,30,20
41,2225,3.0787774290502105e-05,0.15472404015493801,0.04571445254154728,0.7995307195292224,25,30,20
41,2226,3.078909147251796e-05,0.1547239686442265,0.04571462860766438,0.7995306136566352,25,30,20
41,2227,3.078769278266653e-05,0.15472365478181835,0.045711118796117924,0.7995344387292795,25,30,20
41,2228,3.078768906114292e-05,0.15468575076327695,0.04574902424859853,0.7995344372990618,25,30,20
41,2229,3.0780404636291264e-05,0.15468111932315323,0.04578487537804374,0.7995032248941653,25,30,20
41,2230,3.070508607037507e-05,0.15468073861010115,0.04578537235770705,0.7995031839461197,25,30,20
41,2231,3.05502951149645e-05,0.15468004140906175,0.04577592827399028,0.7995134800218314,25,30,20
41,2232,3.055468571979557e-05,0.1546801386209855,0.04581318024421643,0.799476126449077,25,30,20
41,2233,1.4736300276467224e-05,0.15984681155929006,0.04090579700940648,0.7992326551310255,25,30,20
41,2234,1.4736254907944673e-05,0.1598466522504114,0.040835070506974616,0.7993035409877045,25,30,20
41,2235,1.4659497176777285e-05,0.1598463438564068,0.04082830727585212,0.799310689370563,25,30,20
41,2236,1.4665261331114332e-05,0.15987339668262263,0.04091750588759774,0.7991944321684475,25,30,20
41,2237,1.4744750257253174e-05,0.1598737132457492,0.040924770958732114,0.7991867710452604,25,30,20
41,2238,1.4744764988104871e-05,0.15987371207821272,0.04092458817530666,0.7991869549814914,25,30,20
41,2239,1.4741820134882744e-05,0.15991416616861137,0.04088468965842674,0.7991864023528261,25,30,20
41,2240,1.4741852373923795e-05,0.1599144746797955,0.04088699018436076,0.7991837932834689,25,30,20
41,2241,1.4902297892462145e-05,0.15983783680165153,0.04095855098304591,0.799188709917409,25,30,20
41,2242,1.489821456600955e-05,0.1598379040508398,0.04095574715371937,0.7991914505808737,25,30,20
41,2243,1.4895580697468996e-05,0.1598377441278828,0.0409539517022183,0.7991934085892006,25,30,20
41,2244,1.512845673956334e-05,0.15983867155331385,0.040966736048154796,0.7991794639417908,25,30,20
41,2245,1.5128430104783659e-05,0.15983867012276853,0.040965833775681,0.7991803676714448,25,30,20
41,2246,1.5203773544147148e-05,0.15983874102216886,0.04096676613316927,0.7991792890711169,25,30,20
41,2247,1.528051546618309e-05,0.1598717851041884,0.04093333699203762,0.7991795973883069,25,30,20
41,2248,1.528037716282455e-05,0.15987161889001045,0.040929945600429465,0.7991831551323962,25,30,20
41,2249,1.0829229804381461e-05,0.15987135936517322,0.040858729141707045,0.799259082263314,25,30,20
41,2250,1.0827595115686195e-05,0.15987127450303437,0.04082426210116239,0.7992936358006864,25,30,20
41,2251,1.0821826050067399e-05,0.15984446052794155,0.04074840638434229,0.799396311261665,25,30,20
41,2252,1.0827705594912737e-05,0.15984416348579528,0.04074981474198159,0.7993951940666271,25,30,20
41,2253,1.0829054452848628e-05,0.1598440862712412,0.04073773613605182,0.799407348538253,25,30,20
41,2254,1.0827639081114912e-05,0.15984415878498967,0.04073290864494398,0.7994121049309841,25,30,20
41,2255,1.098109108209531e-05,0.15982716369904298,0.04074936500042518,0.7994124902094487,25,30,20
41,2256,1.5686731029092466e-05,0.15985047594738414,0.04118185449957367,0.7989519828220117,25,30,20
41,2257,1.5764839996822987e-05,0.1598510974474041,0.04320849456977086,0.7969246431428272,25,30,20
41,2258,1.591964910152882e-05,0.15985172205590342,0.04321921390691623,0.7969131443880777,25,30,20
41,2259,1.5918292566209993e-05,0.1598523942382733,0.04321839220833456,0.7969132952608247,25,30,20
41,2260,1.59225304694205e-05,0.15985264803851357,0.04322158669581619,0.7969098427351996,25,30,20
41,2261,1.5922564611878573e-05,0.1598517239477619,0.043222429957370474,0.7969099235302545,25,30,20
41,2262,1.5999301157756983e-05,0.1598521062985101,0.04322751575790373,0.7969043786424271,25,30,20
41,2263,1.5921169545928677e-05,0.15985148208762698,0.041201288308398115,0.7989313084344275,25,30,20
41,2264,1.5692560221828483e-05,0.15985065111170502,0.04120526739156739,0.7989283889365045,25,30,20
41,2265,3.292680917955642e-05,0.160355973532193,0.040638627143112706,0.7989724725155137,25,30,20
41,2266,3.276638195024802e-05,0.16043142444155792,0.04056825595276127,0.7989675532237294,25,30,20
41,2267,3.284361562330673e-05,0.16043174498688145,0.0405727387817259,0.7989626726157683,25,30,20
41,2268,3.2840719791437836e-05,0.1604314197105756,0.0405954697872621,0.7989402697823698,25,30,20
41,2269,3.292126927695692e-05,0.16024658046855744,0.040753492183918265,0.798967006078246,25,30,20
41,2270,3.28445040212759e-05,0.16024619541813576,0.04074784545093407,0.7989731146269077,25,30,20
41,2271,3.269111818269497e-05,0.1602461218089124,0.04074506421088551,0.798976122862018,25,30,20
41,2272,3.749610282754246e-05,0.1599614796479948,0.04101552821375013,0.7989854960354272,25,30,20
41,2273,3.7496104848724925e-05,0.15996140424479072,0.04101486670116354,0.7989862329491965,25,30,20
41,2274,3.772757584533754e-05,0.15996217367862964,0.04102817849845205,0.7989719202470734,25,30,20
41,2275,3.765352543892734e-05,0.15996468587938806,0.04102581568260545,0.7989718449125686,25,30,20
41,2276,3.7570937845804686e-05,0.1599646007092365,0.04102025639174357,0.7989775719611751,25,30,20
41,2277,3.757096183991159e-05,0.1599646020438512,0.04102051290905065,0.7989773140852593,25,30,20
41,2278,3.7569121496396466e-05,0.15996450901580406,0.041019557003423864,0.7989783648592766,25,30,20
41,2279,3.749525369343705e-05,0.15996406030464105,0.041030847898190226,0.7989675965434769,25,30,20
41,2280,3.749385534493669e-05,0.15996733235875937,0.04102757866892341,0.798967595116974,25,30,20
41,2281,3.7491154352010506e-05,0.15996732280367051,0.04102376969883013,0.798971416343149,25,30,20
41,2282,3.7491153781323346e-05,0.15996732422936832,0.041024018306588805,0.7989711663102632,25,30,20
41,2283,3.749251463382833e-05,0.1599674064266689,0.041036909007278466,0.7989581920514202,25,30,20
41,2284,3.725958694904031e-05,0.15996655299297965,0.041021734475504286,0.7989744529445683,25,30,20
41,2285,2.025765336386215e-05,0.15946192726227637,0.04158663420815126,0.7989311808762101,25,30,20
41,2286,2.0334363065233597e-05,0.15946222175069058,0.04158854308475448,0.7989289008014915,25,30,20
41,2287,2.040839133065203e-05,0.1594626727015606,0.04159169534881864,0.798925223558292,25,30,20
41,2288,2.0408391795533857e-05,0.15946267129461764,0.04159142203466267,0.7989254982789258,25,30,20
41,2289,2.040841739891316e-05,0.15946267278068374,0.04159170779286374,0.7989252110090548,25,30,20
41,2290,2.0331660304486902e-05,0.15946228906559834,0.04158393266208494,0.7989334466120135,25,30,20
41,2291,2.040842555568465e-05,0.15946274957590856,0.041589603920645236,0.7989272380778912,25,30,20
41,2292,2.500820256367359e-05,0.15946362061248487,0.04170480353539624,0.7988065676495555,25,30,20
41,2293,2.4928703665799507e-05,0.15946345748004154,0.04169679349820718,0.7988148203180855,25,30,20
41,2294,2.0331639212218572e-05,0.15946298373823103,0.04158709101055822,0.7989295936119986,25,30,20
41,2295,2.033574307617602e-05,0.15946292331879203,0.04159144238245737,0.7989252985556745,25,30,20
41,2296,2.0332989817290337e-05,0.1594630658500823,0.041587971813304224,0.7989286293467961,25,30,20
41,2297,2.0331636285933117e-05,0.15946315218132093,0.04159046471502661,0.7989260514673667,25,30,20
41,2298,2.0405716225558535e-05,0.15944923696687704,0.04160342872087346,0.7989269285960237,25,30,20
41,2299,2.040706017301066e-05,0.15944773111909072,0.041604778409463535,0.7989270834112722,25,30,20
41,2300,2.048377530098384e-05,0.15944803930418305,0.04160957094976858,0.798921905970747,25,30,20
41,2301,2.0249773814573405e-05,0.15965012412252055,0.04143484170727267,0.7988947843963915,25,30,20
41,2302,2.0246988921129707e-05,0.1596501142449993,0.04145552067871376,0.7988741180873653,25,30,20
41,2303,2.0246820864042455e-05,0.15965057717294331,0.04146301543818659,0.7988661605680055,25,30,20
41,2304,2.017278991675598e-05,0.15965012477500726,0.041460233778839714,0.7988694686562359,25,30,20
41,2305,2.0324895230598803e-05,0.15965105100763624,0.041461243293839066,0.7988673808032941,25,30,20
41,2306,1.5600816361086105e-05,0.1598844286918178,0.04124218857310875,0.7988577819187124,25,30,20
41,2307,1.552546490154888e-05,0.15988420399420736,0.04127929119045333,0.7988209793504376,25,30,20
41,2308,1.560648737020485e-05,0.15988436383848273,0.04129793207403755,0.7988020976001095,25,30,20
41,2309,1.5606655604398833e-05,0.15988437118795082,0.04129916217423421,0.7988008599822106,25,30,20
41,2310,1.5606679867643583e-05,0.15988437270163117,0.04127464854977214,0.7988253720687293,25,30,20
41,2311,1.5606678010479577e-05,0.15988374620707138,0.04123403818811881,0.7988666089267994,25,30,20
41,2312,1.09764741096324e-05,0.15986090153183688,0.04080368159116794,0.7993244404028853,25,30,20
41,2313,1.0969480699901785e-05,0.15986118994001994,0.04078704590199037,0.7993407946772895,25,30,20
41,2314,1.5254083043116574e-05,0.15986112348066872,0.04078296187717918,0.7993406605591095,25,30,20
41,2315,1.525276969033563e-05,0.1598628462589703,0.04078123079719281,0.7993406701741474,25,30,20
41,2316,1.517609736595247e-05,0.15986246685042838,0.04077707073983549,0.7993452863123711,25,30,20
41,2317,1.5176103135037813e-05,0.15986246408622384,0.04077855394475298,0.7993438058658893,25,30,20
41,2318,1.5170562874746323e-05,0.15991257149019847,0.0407283099041652,0.7993439480427625,25,30,20
41,2319,1.5410692346245198e-05,0.15991368918562426,0.04074327368234805,0.7993276264396824,25,30,20
41,2320,1.5409387198066098e-05,0.1599136139595813,0.0414564516085965,0.7986145250446252,25,30,20
41,2321,1.541075871861089e-05,0.15991377593907605,0.04145825741269753,0.798612555889509,25,30,20
41,2322,1.5257306920283911e-05,0.159912767572679,0.04144375105497564,0.7986282240654262,25,30,20
41,2323,1.5255948610986275e-05,0.15991268809490125,0.04140252629674724,0.7986695296597409,25,30,20
41,2324,1.5017068082729349e-05,0.15991149338987173,0.04138811140326542,0.7986853781387804,25,30,20
41,2325,1.5098144253035678e-05,0.1599102620649485,0.04138910829012702,0.7986855315006717,25,30,20
41,2326,1.5096760024593439e-05,0.15990978789491506,0.04138428934926368,0.7986908259957965,25,30,20
41,2327,1.5095416179801605e-05,0.15990979478106618,0.04138093230394002,0.7986941774988133,25,30,20
41,2328,1.5094097220158956e-05,0.15991047548736367,0.0413803282357794,0.7986941021796363,25,30,20
41,2329,1.083840777416263e-05,0.1599104293307601,0.04135828364282354,0.798720448618642,25,30,20
41,2330,1.0913744528670509e-05,0.15991064835273244,0.04136060905864936,0.7987178288440892,25,30,20
41,2331,1.0913767111549401e-05,0.15991057438143003,0.04136113467978064,0.7987173771716775,25,30,20
41,2332,1.091376736444729e-05,0.15991057980785894,0.041362259001581865,0.7987162474231948,25,30,20
41,2333,1.5545464494791965e-05,0.15997198590752348,0.04064740141644927,0.7993650672115327,25,30,20
41,2334,1.6031468890253948e-05,0.1599910400382588,0.04079541750707925,0.7991975109857722,25,30,20
41,2335,1.6032657195386542e-05,0.15999110373385966,0.040781351071941065,0.7992115125370047,25,30,20
41,2336,1.6034098377030137e-05,0.15999102989174185,0.04006896489446368,0.7999239711154172,25,30,20
41,2337,1.603542435612843e-05,0.15995257720546874,0.04010718501678769,0.7999242023533875,25,30,20
41,2338,1.5961358504539005e-05,0.1599521151106321,0.040106903874166905,0.7999250196566966,25,30,20
41,2339,1.5964139748735626e-05,0.15995167049442233,0.04091599281835403,0.7991163725474755,25,30,20
41,2340,1.596287412064739e-05,0.15995174644915142,0.040938782304668006,0.7990935083720606,25,30,20
41,2341,1.5962850197504176e-05,0.15995174107148583,0.040937814713271875,0.7990944813650452,25,30,20
41,2342,1.596429673913416e-05,0.15995190588583794,0.04094402116565386,0.7990881086517696,25,30,20
41,2343,1.5961536814599363e-05,0.15995166022591975,0.04093699026252114,0.799095387974745,25,30,20
41,2344,1.5962879282355355e-05,0.15994855093549387,0.040940176342654094,0.7990953098425699,25,30,20
41,2345,1.6040982089065123e-05,0.15994886190387508,0.04094658655458585,0.7990885105594502,25,30,20
41,2346,1.6040982031768504e-05,0.1599488648265863,0.04100140689716535,0.799033687294217,25,30,20
41,2347,1.614503727683473e-05,0.15997637599697595,0.04112893287336707,0.7988785460923803,25,30,20
41,2348,1.614510423170677e-05,0.15997621871649048,0.041131319182343334,0.7988763169969344,25,30,20
41,2349,1.6068313798669167e-05,0.15997575539463454,0.04112535670020525,0.7988828195913618,25,30,20
41,2350,1.558219325196233e-05,0.15995677346862153,0.04097686893201514,0.7990507754061116,25,30,20
41,2351,1.565892136666259e-05,0.15995707906384335,0.04098103914434035,0.7990462228704499,25,30,20
41,2352,1.5661676713880016e-05,0.15995724213343954,0.040983014497555495,0.7990440816922915,25,30,20
41,2353,1.5664302403476993e-05,0.15995740597153574,0.04096131144004892,0.7990656182860121,25,30,20
41,2354,1.566436792542611e-05,0.1599574064994453,0.04096160383012215,0.7990653253025073,25,30,20
41,2355,1.5742469761828598e-05,0.15995771881074514,0.040967328607928524,0.7990592101115646,25,30,20
41,2356,1.5743786871372407e-05,0.15995764604792237,0.04096887479724092,0.7990577353679653,25,30,20
41,2357,1.574246800869467e-05,0.1599576434175215,0.04096850557055624,0.7990581085439129,25,30,20
41,2358,1.582062110491401e-05,0.15995803541435247,0.04097402577664308,0.7990521181878989,25,30,20
41,2359,1.5739755831204752e-05,0.15995739961433794,0.040965245821810596,0.7990616148080197,25,30,20
41,2360,1.5739650278518522e-05,0.15995754870569281,0.04096499981451871,0.7990617118295095,25,30,20
41,2361,1.581636171787523e-05,0.1599578554475821,0.040915263005633785,0.799111065185066,25,30,20
41,2362,1.581506892579747e-05,0.15995792825567615,0.04091425138022986,0.7991120052951678,25,30,20
41,2363,1.588765131003908e-05,0.15995805361873505,0.04010190202857391,0.7999241567013814,25,30,20
41,2364,1.5810966446140576e-05,0.1599577497193695,0.04009912042391533,0.7999273188902696,25,30,20
41,2365,1.5811011719626576e-05,0.15995759655600308,0.04010004515740587,0.7999265472748719,25,30,20
41,2366,2.6327099850375134e-05,0.16079430304052536,0.03986143888035014,0.799317930979274,25,30,20
41,2367,2.6251726928899047e-05,0.16079393021323685,0.03985938755313072,0.7993204305067033,25,30,20
41,2368,2.614632326682687e-05,0.1607664958563718,0.03973044512762007,0.799476912692741,25,30,20
41,2369,2.6149243758058365e-05,0.16076666720734326,0.03972983480736132,0.7994773487415372,25,30,20
41,2370,2.6145238590048327e-05,0.16076666341078416,0.03976863398378014,0.7994385573668455,25,30,20
41,2371,2.6065768484880066e-05,0.16076619205872025,0.03976182547950501,0.7994459166932895,25,30,20
41,2372,2.6065763177962438e-05,0.16076619201489617,0.03976161368049194,0.7994461285414335,25,30,20
41,2373,2.606573965746198e-05,0.16076898742146828,0.039758818273621224,0.7994461285652525,25,30,20
41,2374,2.606571608840395e-05,0.16076898598049072,0.03975713572287273,0.7994478125805472,25,30,20
41,2375,1.5456079799408525e-05,0.15988917565050664,0.04070467961031632,0.799390688659377,25,30,20
41,2376,1.538525542815333e-05,0.15988934814388436,0.04074735693964022,0.7993479096610462,25,30,20
41,2377,1.5377683490598827e-05,0.15988885721447374,0.0406983542175301,0.7993974108845046,25,30,20
41,2378,1.545307832868147e-05,0.15988518582518585,0.0407017994691361,0.7993975616273484,25,30,20
41,2379,1.5454322799462495e-05,0.15988542400172398,0.04070219994618766,0.7993969217292878,25,30,20
41,2380,1.5454306398060723e-05,0.15988542395988461,0.04070219593206917,0.7993969258016466,25,30,20
41,2381,1.5459907759014786e-05,0.15988506135876487,0.04070174959280786,0.7993977291406666,25,30,20
41,2382,1.54585272832959e-05,0.1598850597079476,0.04069971603805654,0.7993997657267111,25,30,20
41,2383,1.9983391254637207e-05,0.15988593437003346,0.040793015272676945,0.7993010669660342,25,30,20
41,2384,2.9029194629680275e-05,0.15990540626978392,0.041182815342454014,0.7988827491931315,25,30,20
41,2385,2.903193714176815e-05,0.15990557343990713,0.04118553993292525,0.7988798546900248,25,30,20
41,2386,2.9108623758811393e-05,0.15990580220714795,0.04118980006397796,0.7988752891051145,25,30,20
41,2387,2.918401972562872e-05,0.15990610371852743,0.04119562283689952,0.7988690894248468,25,30,20
41,2388,2.9106066974353325e-05,0.15990596329032467,0.04119161078384737,0.7988733198588518,25,30,20
41,2389,2.9106065175573606e-05,0.15990596330680915,0.04119161329744915,0.7988733173305644,25,30,20
41,2390,2.458259333770738e-05,0.15990554786287187,0.04110203518020886,0.7989678343635799,25,30,20
41,2391,2.4583984807276487e-05,0.15990555039055881,0.041103688038442644,0.7989661775861897,25,30,20
41,2392,2.4581310735238058e-05,0.15990523271956125,0.04110183605488312,0.7989683499148189,25,30,20
41,2393,2.4734937599448836e-05,0.15990599956876186,0.04310882345106211,0.7969604420425754,25,30,20
41,2394,2.4733659005689887e-05,0.15990624866542102,0.0438410505536221,0.7962279671219497,25,30,20
41,2395,2.473622224624983e-05,0.1599063153290912,0.043877281301583436,0.7961916671470776,25,30,20
41,2396,2.4659478629870525e-05,0.15990608922161106,0.04386771352165256,0.7962015377781049,25,30,20
41,2397,2.4662213671562715e-05,0.1599062508341995,0.043869443699110534,0.7961996432530168,25,30,20
41,2398,2.45072418304526e-05,0.1599055498593844,0.04186013630855169,0.7982098065902319,25,30,20
41,2399,2.4507268629860033e-05,0.15990562809029882,0.04186005635590144,0.7982098082851686,25,30,20
41,2400,2.4431969735005875e-05,0.1599053241777203,0.04188478886722313,0.7981854549853202,25,30,20
41,2401,2.4508627070069406e-05,0.15990569674948749,0.04184273796302732,0.7982270566604142,25,30,20
41,2402,2.4664669895018315e-05,0.15990606638250016,0.041119557235838974,0.798949711711765,25,30,20
41,2403,2.4587984829656292e-05,0.15990569234030225,0.0411154852528987,0.7989542344219678,25,30,20
41,2404,1.9939506756810407e-05,0.15988704810147175,0.021553702473187074,0.8185393099185836,25,30,20
41,2405,2.0019160129093032e-05,0.15988736707886303,0.02155754006405876,0.8185350736969488,25,30,20
41,2406,2.009594020082242e-05,0.15988775630828325,0.021563408217148815,0.8185287395343667,25,30,20
41,2407,2.016994198216844e-05,0.15988781808281294,0.02161087447966505,0.8184811374955396,25,30,20
41,2408,2.009318315951557e-05,0.1598874302191686,0.02160589467269636,0.8184865819249751,25,30,20
41,2409,2.024796939852934e-05,0.15988796842599487,0.021615206342464298,0.8184765772621418,25,30,20
41,2410,2.024655609639038e-05,0.1598879627128339,0.02161315320711026,0.8184786375239586,25,30,20
41,2411,2.024384627458829e-05,0.15988781209048675,0.05155366350237919,0.7885382805608592,25,30,20
41,2412,2.0162740586665406e-05,0.15992735499063365,0.05151459593175016,0.7885378863370295,25,30,20
41,2413,2.0162714129496763e-05,0.15992727813252078,0.05151597380436245,0.7885365853489873,25,30,20
41,2414,2.0088670535211724e-05,0.15992879470605254,0.05151467940803656,0.7885364372153764,25,30,20
41,2415,2.0088720176419454e-05,0.1599289510096476,0.05151707420723142,0.7885338860629453,25,30,20
41,2416,2.0169787217369975e-05,0.15992928329290823,0.05155260033188586,0.788497946587989,25,30,20
41,2417,2.0246475621998047e-05,0.15992966433508626,0.05155827801064745,0.7884918111786446,25,30,20
41,2418,2.4900872988687198e-05,0.1599489671943598,0.05178223734329623,0.7882438945893555,25,30,20
41,2419,2.4898143662284876e-05,0.15994880286676044,0.051780477614236674,0.7882458213753408,25,30,20
41,2420,2.489814510809645e-05,0.15994881383605275,0.05178247317262734,0.7882438148462119,25,30,20
41,2421,2.4741997535495337e-05,0.15994803851111225,0.051793932894223384,0.7882332865971289,25,30,20
41,2422,2.466723483460275e-05,0.1599609555512974,0.05178195921525349,0.7882324179986147,25,30,20
41,2423,2.4664317198219845e-05,0.15996124677339196,0.05175520089648467,0.7882588880129252,25,30,20
41,2424,2.4664265209340528e-05,0.1599610918596018,0.05175283946300123,0.7882614044121878,25,30,20
41,2425,2.466701784922569e-05,0.15996125790394608,0.05175763946365094,0.7882564356145535,25,30,20
41,2426,2.9317244428179873e-05,0.1599799390071812,0.05202164381209699,0.7879690999362937,25,30,20
41,2427,2.9391312278800692e-05,0.15997713196949198,0.05202421895142196,0.7879692577668074,25,30,20
41,2428,2.9311468938743418e-05,0.15997693726812212,0.07161962365747089,0.7683741276054691,25,30,20
41,2429,2.9311445914590006e-05,0.15997700845036267,0.07161907867271415,0.7683746014310092,25,30,20
41,2430,3.403814109348277e-05,0.15969586093370527,0.0718862085943707,0.768383892330831,25,30,20
41,2431,3.403954171554218e-05,0.15969624097597282,0.0718886065628262,0.7683811129194857,25,30,20
41,2432,3.4039548850900455e-05,0.15969631774081539,0.07186699079950894,0.7684026519108248,25,30,20
41,2433,3.4116261392240545e-05,0.15969662600107623,0.0718713713480451,0.7683978863894869,25,30,20
41,2434,3.404087824872886e-05,0.159698723268037,0.07186920020857297,0.7683980356451415,25,30,20
41,2435,2.9312603410987545e-05,0.1596798862147453,0.0716019005045269,0.7686889006773172,25,30,20
41,2436,2.938654079013573e-05,0.15968026278264338,0.0715760248166523,0.7687143258599143,25,30,20
41,2437,2.9623405992747482e-05,0.15968510557084964,0.07169346550572715,0.7685918055174306,25,30,20
41,2438,2.9622058415798656e-05,0.1596869423559994,0.07169155459162356,0.7685918809939613,25,30,20
41,2439,2.9549427747869132e-05,0.1596868094676838,0.07172606451152029,0.7685575765930479,25,30,20
41,2440,2.9471329213111903e-05,0.15968611751362174,0.07171873006699975,0.7685656810901655,25,30,20
41,2441,2.9467323333994034e-05,0.15968579964833918,0.07171384789405671,0.7685708851342703,25,30,20
41,2442,2.9386332366927464e-05,0.15968625122877012,0.07171583123261895,0.7685685312062448,25,30,20
41,2443,4.7389058826262136e-05,0.15970564969284085,0.07227725126323738,0.7679697099850964,25,30,20
41,2444,4.738772896869451e-05,0.1597051811489323,0.07227165031786584,0.7679757808042339,25,30,20
41,2445,4.738764877650638e-05,0.1597047204944239,0.07226942638824684,0.767978465468553,25,30,20
41,2446,4.7387644991905384e-05,0.1597047162967896,0.07226943066435455,0.7679784653938643,25,30,20
41,2447,4.265788335643291e-05,0.15968543119936635,0.07201768245624061,0.768254228461037,25,30,20
41,2448,4.265925179775208e-05,0.15968566847659596,0.07202285580910682,0.7682488164624995,25,30,20
41,2449,4.266052785809371e-05,0.1596856682403197,0.07202318020184509,0.768248491029977,25,30,20
41,2450,3.3614724549412994e-05,0.15966619780391195,0.07168184439838078,0.7686183430731579,25,30,20
41,2451,3.3691507476495356e-05,0.159666589781449,0.07168656331056679,0.7686131554005082,25,30,20
41,2452,3.3768261094445644e-05,0.15966705035943124,0.07169398226462506,0.7686051991148497,25,30,20
41,2453,3.376415228766389e-05,0.15966679954356436,0.07166802247422795,0.7686314138299204,25,30,20
41,2454,3.376411508681672e-05,0.15966687222600717,0.07166977901076824,0.7686295846481382,25,30,20
41,2455,3.376546128857019e-05,0.15966679549303303,0.07167148154707069,0.7686279574986081,25,30,20
41,2456,1.568735418830993e-05,0.15964701879748197,0.07110799231266846,0.7692293015356616,25,30,20
41,2457,1.561064651762986e-05,0.15964671194503877,0.07110457017774814,0.769233107230696,25,30,20
41,2458,1.5694299620800622e-05,0.15965140197361072,0.07036584142573821,0.769967062301031,25,30,20
41,2459,1.5924268213994978e-05,0.15966135219201796,0.07102776879262623,0.7692949547471438,25,30,20
41,2460,1.5925599299957676e-05,0.15966127804893415,0.07102632166776786,0.7692964746840002,25,30,20
41,2461,2.0868116948531192e-05,0.15968893446629245,0.07139056257237268,0.768899634844388,25,30,20
41,2462,2.0866809310153995e-05,0.159689006016316,0.0713934866291846,0.7688966405451905,25,30,20
41,2463,2.094350426353412e-05,0.15968923334613358,0.07139483521128549,0.7688949879383187,25,30,20
41,2464,2.0865194350243633e-05,0.15968883760277816,0.07139249902594327,0.7688977981769292,25,30,20
41,2465,1.6136492465378348e-05,0.15997420725428316,0.07112139050781009,0.7688882657454418,25,30,20
41,2466,1.6291267101377024e-05,0.15996767280556493,0.07112761546461342,0.7688884204627209,25,30,20
41,2467,1.6052999815487435e-05,0.1599624390307626,0.07100581785081256,0.7690156901186098,25,30,20
41,2468,1.6216897763244274e-05,0.15999399712963022,0.07117953721944652,0.7688102487531606,25,30,20
41,2469,1.606206874169159e-05,0.16000304454330497,0.0711709556585778,0.7688099377293761,25,30,20
41,2470,1.11209006094802e-05,0.1599753128736392,0.07077106484711067,0.7692425013786413,25,30,20
41,2471,1.1120862195688688e-05,0.1599752316857915,0.07076511478610883,0.7692485326659049,25,30,20
41,2472,1.1120857160327683e-05,0.15997515342943003,0.07076323559301965,0.7692504901203907,25,30,20
41,2473,2.6839684936138417e-05,0.16023302970282727,0.07031098689122417,0.7694291437210131,25,30,20
41,2474,2.6762994437382872e-05,0.1602327282903268,0.07030647630464597,0.7694340324105906,25,30,20
41,2475,2.6762925714549482e-05,0.16023271856841131,0.07030522992883556,0.7694352885770399,25,30,20
41,2476,2.6840995191651022e-05,0.1602280034409283,0.07030970812999829,0.7694354474338833,25,30,20
41,2477,2.6839674065270393e-05,0.1602280761465962,0.07030976069380541,0.7694353234855345,25,30,20
41,2478,2.683970795704354e-05,0.16022822969877834,0.07031006111687874,0.7694348694763871,25,30,20
41,2479,2.683971116108362e-05,0.1602282297524042,0.07029521034610972,0.7694497201903258,25,30,20
41,2480,2.6768462395224966e-05,0.1602278638162875,0.07029892476332046,0.7694464429579975,25,30,20
41,2481,2.6767149830179696e-05,0.1602278611921518,0.07033956100447465,0.7694058106535441,25,30,20
41,2482,2.6765801219474327e-05,0.1602279352559648,0.0703376216476937,0.7694076772951226,25,30,20
41,2483,2.692058338425226e-05,0.16020529705443065,0.07035979134060485,0.7694079910215805,25,30,20
41,2484,2.6767142594868428e-05,0.1602133880980804,0.07035216324142994,0.769407681517895,25,30,20
41,2485,2.7007503220436262e-05,0.16021906977615388,0.07057124199918294,0.7691826807214437,25,30,20
41,2486,2.7002034226962603e-05,0.1602191274928552,0.07056317638961382,0.7691906940833049,25,30,20
41,2487,2.700215792071689e-05,0.16021912160904161,0.06091417637747223,0.7788396998555658,25,30,20
41,2488,2.708023009352315e-05,0.16021919948234764,0.060920631746322534,0.7788330885412362,25,30,20
41,2489,2.7003517463508985e-05,0.1602189693713648,0.06091675020088159,0.7788372769102899,25,30,20
41,2490,3.1790747841592653e-05,0.1602467660712046,0.06133173070023383,0.77838971248072,25,30,20
41,2491,3.186745563890443e-05,0.1602470756044964,0.061335368633224426,0.7783856883066403,25,30,20
41,2492,2.708025436387481e-05,0.16021928027748644,0.06092040690629512,0.7788332325618547,25,30,20
41,2493,2.7082981615844574e-05,0.16021967625280165,0.060925912713000005,0.7788273280525827,25,30,20
41,2494,3.181284107195976e-05,0.16023889900702667,0.06119971169794787,0.7785295764539539,25,30,20
41,2495,3.188963665022999e-05,0.16023935434490627,0.06116128384822386,0.77856747217022,25,30,20
41,2496,3.19663703424573e-05,0.16023479341527075,0.061165613350042454,0.7785676268643449,25,30,20
41,2497,3.204442043548232e-05,0.1602351755936495,0.06117128227060645,0.7785614977153095,25,30,20
41,2498,3.2044298901872776e-05,0.16023517031707787,0.04084148781420599,0.798891297569815,25,30,20
41,2499,2.7315957703911938e-05,0.16021610590768046,0.04057428166150684,0.7991822964731097,25,30,20
41,2500,2.739115121985342e-05,0.16021632855647358,0.040571822539830944,0.7991844577524765,25,30,20
41,2501,2.7469441132998112e-05,0.16022133048899032,0.040604141162115796,0.7991470589077617,25,30,20
41,2502,2.7629223588762894e-05,0.16021571953339472,0.0406094248478145,0.799147226395203,25,30,20
41,2503,2.746810445441665e-05,0.16022051384147543,0.04060480150836199,0.7991472165457091,25,30,20
41,2504,2.746652373437336e-05,0.16021589689608073,0.04057859451175387,0.799178042068432,25,30,20
41,2505,1.135737463150412e-05,0.15994299734052514,0.021286833366738814,0.8187588119181061,25,30,20
41,2506,1.1361480521772736e-05,0.15994340154027115,0.021292682618679525,0.8187525543605289,25,30,20
41,2507,1.5972419257789526e-05,0.159943771340724,0.0213297742170709,0.8187104820229486,25,30,20
41,2508,1.5895731378181504e-05,0.1599435466129261,0.02132593434701395,0.8187146233086829,25,30,20
41,2509,1.5971153525675134e-05,0.15990093424762064,0.021368473917242694,0.8187146206816119,25,30,20
41,2510,1.6047867184073692e-05,0.1599011630482673,0.0213734507492277,0.8187093383353219,25,30,20
41,2511,1.1436958540960401e-05,0.15990110297860383,0.021337768226729437,0.8187496918361268,25,30,20
41,2512,1.1436963310552417e-05,0.15990064124336567,0.021335862088611924,0.8187520597047127,25,30,20
41,2513,1.143832137732031e-05,0.15990056324863505,0.021315443423317783,0.8187725550066705,25,30,20
41,2514,1.1438297737609088e-05,0.15990048640922758,0.021313406359063137,0.8187746689339721,25,30,20
41,2515,1.119765837758848e-05,0.15986862533583213,0.02113508553401735,0.8189850914717737,25,30,20
41,2516,1.112095095068828e-05,0.159868324090823,0.021131511511383573,0.8189890434468434,25,30,20
41,2517,1.1045561064158304e-05,0.15987294670260943,0.021127276726293217,0.8189887310100336,25,30,20
41,2518,1.097431149247568e-05,0.1598728124889351,0.021129122581804258,0.8189870906177685,25,30,20
41,2519,1.1054037089572415e-05,0.15987313446866952,0.021133249322540692,0.8189825621717008,25,30,20
41,2520,1.0900583537653176e-05,0.15988448081457496,0.02112220981352593,0.8189824087883619,25,30,20
41,2521,1.0908928369669627e-05,0.15988427264293598,0.021126019679555616,0.8189787987491393,25,30,20
41,2522,1.0910246533446578e-05,0.1598844274338166,0.021126082434627387,0.8189785798850231,25,30,20
41,2523,1.535820898011121e-05,0.1598851493244289,0.021233964075534725,0.8188655283910573,25,30,20
41,2524,1.5518881650958294e-05,0.15988603253263806,0.021258815420333463,0.8188396331653783,25,30,20
41,2525,1.54408049783568e-05,0.15988565176730402,0.02125412978034369,0.8188447776473745,25,30,20
41,2526,1.543809687037556e-05,0.15988548713764014,0.02125166924118723,0.8188474055243026,25,30,20
41,2527,1.5439437118422932e-05,0.1598857322893717,0.021278401388529152,0.818820426884981,25,30,20
41,2528,1.54394518651831e-05,0.15988646907557777,0.02127766186404367,0.8188204296085135,25,30,20
41,2529,1.5672321142827786e-05,0.15988755108416908,0.021290802895000124,0.8188059736996882,25,30,20
41,2530,1.567677708929784e-05,0.15988733811068048,0.02128888827949762,0.818808096832733,25,30,20
41,2531,1.5675372525317263e-05,0.15988733109241055,0.02128616479552397,0.8188108287395407,25,30,20
41,2532,1.5520890089928697e-05,0.15988719542427293,0.02138959494137006,0.8187076887442676,25,30,20
41,2533,1.5596294337781268e-05,0.15988749975735625,0.02139334767919004,0.8187035562691165,25,30,20
41,2534,1.559492073837859e-05,0.15988726679269666,0.021391800596195307,0.8187053376903701,25,30,20
41,2535,1.535587618677403e-05,0.15988181800116066,0.02117448513389928,0.8189283409887536,25,30,20
41,2536,1.5354645383642015e-05,0.15988142121005638,0.021194056001738324,0.8189091681428216,25,30,20
41,2537,1.5354650428377295e-05,0.15988133893439646,0.021192574574933235,0.8189107318402418,25,30,20
41,2538,1.52762419755563e-05,0.15988094962528193,0.021189637483270282,0.8189141366494721,25,30,20
41,2539,1.5431289602994867e-05,0.15988125677321455,0.02125412195543384,0.8188491899817484,25,30,20
41,2540,1.5277822902082206e-05,0.1598812694447482,0.021271621565325072,0.8188318311670244,25,30,20
41,2541,1.0754503008573244e-05,0.1598803242298162,0.02116140354599963,0.8189475177211755,25,30,20
41,2542,1.0754506039745569e-05,0.1599168517496305,0.02112487599306333,0.8189475177512662,25,30,20
41,2543,1.0755835516444164e-05,0.1599167762498989,0.02112313742666004,0.8189493304879245,25,30,20
41,2544,1.0755839249147368e-05,0.1599162358299984,0.0211236778378823,0.8189493304928702,25,30,20
41,2545,1.0831224436787147e-05,0.15992189012679306,0.02111795634370477,0.8189493223050657,25,30,20
41,2546,1.0906636069166e-05,0.1599222643239838,0.02112049247448192,0.8189463365654654,25,30,20
41,2547,1.5617952665659487e-05,0.15994976143243034,0.021510394817389655,0.8185242257975147,25,30,20
41,2548,1.5618062079079414e-05,0.15994984179191732,0.021512608329387384,0.8185219318166165,25,30,20
41,2549,1.561673391112128e-05,0.15994976106802672,0.02151133362900686,0.8185232885690555,25,30,20
41,2550,1.561669073032466e-05,0.15994984245587393,0.0013612610250578513,0.8386732798283387,25,30,20
41,2551,1.561801046850613e-05,0.15994976970556193,0.0013628453401455859,0.8386717669438248,25,30,20
41,2552,1.5616690053754668e-05,0.15994969312804114,0.001389544734909856,0.8386451454469962,25,30,20
41,2553,1.546030448187453e-05,0.15994922425894084,0.001322128591118536,0.8387131868454597,25,30,20
41,2554,1.5457623870849558e-05,0.1599493676092058,0.0013269425614413728,0.8387082322054824,25,30,20
41,2555,1.5456232758359593e-05,0.15994881370559955,0.0012952626631070228,0.8387404673985357,25,30,20
41,2556,1.545761325413373e-05,0.15989762072760574,0.0013464515729761314,0.8387404700861646,25,30,20
41,2557,1.5538574517783217e-05,0.15989772347602785,0.0013221652435140604,0.8387645727059407,25,30,20
41,2558,1.5464548931690684e-05,0.15990088841800332,0.0013189907974405066,0.8387646562356249,25,30,20
41,2559,1.5464501346397258e-05,0.1599008842129251,0.001317718567331119,0.8387659327183975,25,30,20
41,2560,1.5464494285480245e-05,0.15990096240665225,0.0013182343315965932,0.8387653387674657,25,30,20
41,2561,1.5384855804947193e-05,0.15990078975788732,0.0013162840926718,0.8387675412936361,25,30,20
41,2562,1.5383520182159718e-05,0.15990070197780312,0.0013159797655879948,0.8387679347364267,25,30,20
41,2563,1.5461573918265698e-05,0.15990101142793692,0.0013203991786699953,0.8387631278194752,25,30,20
41,2564,2.0104919438118095e-05,0.15992824701080724,0.001642694795687367,0.8384089532740675,25,30,20
41,2565,2.0104917116523295e-05,0.15992817166844595,0.0016441168456419494,0.8384076065687958,25,30,20
41,2566,2.0102093471744113e-05,0.1599280916244001,0.0016199703898574491,0.8384318358922711,25,30,20
41,2567,2.0178781983071807e-05,0.159928391740567,0.0016234434417711538,0.8384279860356791,25,30,20
41,2568,2.009510985315625e-05,0.15992876168209574,0.0016361944612253356,0.8384149487468257,25,30,20
41,2569,2.009780058037494e-05,0.15992869283208433,0.00163792222924195,0.8384132871380932,25,30,20
41,2570,2.009641335022211e-05,0.1599281461055488,0.001616759511310088,0.8384349979697907,25,30,20
41,2571,2.017181418230739e-05,0.15992852018277268,0.0016204761471691374,0.8384308318558759,25,30,20
41,2572,2.017048181818769e-05,0.15992844223146777,0.0016205415486441935,0.8384308457380699,25,30,20
41,2573,2.0169104427811467e-05,0.15992828193425893,0.0015807847973031625,0.8384707641640101,25,30,20
41,2574,2.0091085217769196e-05,0.15992805215157324,0.0015953468134866776,0.8384565099497223,25,30,20
41,2575,2.009113635228113e-05,0.15992797961864297,0.0015961445858314238,0.8384557846591733,25,30,20
41,2576,2.4616014325926553e-05,0.15992847287785467,0.0017397726128602414,0.8383071384949591,25,30,20
41,2577,2.45405970606713e-05,0.159928324692966,0.001731773853820435,0.8383153608561527,25,30,20
41,2578,2.4463851667417582e-05,0.15992801638638351,0.0017264910152146814,0.8383210287467341,25,30,20
41,2579,2.4303162034724984e-05,0.1599270578911333,0.0017185504440084404,0.8383300885028236,25,30,20
41,2580,1.977822772651059e-05,0.1599268008215691,0.0015797025018840683,0.8384737184488205,25,30,20
41,2581,1.977824425494973e-05,0.15992672678430528,0.0015808591684527717,0.8384726358029879,25,30,20
41,2582,1.978094597525539e-05,0.15992688865920168,0.0015835941149006986,0.8384697362799229,25,30,20
41,2583,1.5059085524701876e-05,0.1598994117357049,0.0012533293397008704,0.8388321998390701,25,30,20
41,2584,1.5059065117614525e-05,0.1598993293892286,0.0012386017961045668,0.8388470097495498,25,30,20
41,2585,1.4980917205380322e-05,0.15995804878955805,0.0011800400341021823,0.838846930259135,25,30,20
41,2586,1.5130139133378705e-05,0.15995849613578156,0.0011828773059959841,0.83884349641909,25,30,20
41,2587,1.5132901218207193e-05,0.15995888681666057,0.0011859749046023394,0.8388400053775196,25,30,20
41,2588,1.5135796427783784e-05,0.1592458384751229,0.0018990885062278983,0.8388399372222222,25,30,20
41,2589,1.5212209818084622e-05,0.1592455892657312,0.0017934860326517124,0.8389457124917999,25,30,20
41,2590,1.5209495582360493e-05,0.15924565386067502,0.0017909568448414319,0.8389481797989018,25,30,20
41,2591,1.7617260966349046e-05,0.15925742770365905,0.022176792572714037,0.8185481624626615,25,30,20
41,2592,2.213691827933406e-05,0.15925821509191493,0.022289825547873,0.8184298224419335,25,30,20
41,2593,2.1983480565049285e-05,0.15925751640936586,0.022281012136711124,0.8184394879733589,25,30,20
41,2594,2.199041224513759e-05,0.15925790531671566,0.02235209743036122,0.8183680068406788,25,30,20
41,2595,2.191364696727415e-05,0.15925767635863453,0.022346187141364448,0.8183742228530345,25,30,20
41,2596,1.7391312657608693e-05,0.15925672739606678,0.02223548517310421,0.8184903961181722,25,30,20
41,2597,1.7394048773067477e-05,0.15925674096781875,0.02223849903676465,0.8184873659466443,25,30,20
41,2598,1.7392730450174934e-05,0.1592565861987943,0.022239613778109527,0.8184864072926468,25,30,20
41,2599,1.746941880413397e-05,0.1592568875916787,0.0222419573413249,0.8184836856481924,25,30,20
41,2600,1.7472148974753755e-05,0.15925720409974048,0.022245915209999988,0.8184794085412848,25,30,20
41,2601,1.7551574746990196e-05,0.15925775071599038,0.022251409654766463,0.8184732880544963,25,30,20
41,2602,1.7398187713679414e-05,0.15926190220725547,0.022259160309320677,0.8184615392957104,25,30,20
41,2603,1.739952281997756e-05,0.15926205701625903,0.02226081982763485,0.818459723633287,25,30,20
41,2604,1.739802428369223e-05,0.1599718918804427,0.021550992317080676,0.818459717778194,25,30,20
41,2605,1.739934826156342e-05,0.15997107387432669,0.02155180769874332,0.8184597190786694,25,30,20
41,2606,1.7400702690507252e-05,0.15997115465044212,0.021552928046811238,0.8184585166000575,25,30,20
41,2607,1.763740538568375e-05,0.159971879175807,0.02156293625405413,0.8184475471647545,25,30,20
41,2608,1.7714106714114813e-05,0.15997226403138226,0.021569284411495245,0.8184407374504097,25,30,20
41,2609,1.7790864866703716e-05,0.15996690967669575,0.02157440846874927,0.8184408909896896,25,30,20
41,2610,1.7944285233032058e-05,0.15996729310893834,0.021580183712014624,0.8184345788938154,25,30,20
41,2611,1.5535190407886814e-05,0.1599554413462562,0.0011943928179483283,0.8388346306453882,25,30,20
41,2612,1.5613384163553044e-05,0.1599558270697682,0.0012109611618543006,0.8388175983842144,25,30,20
41,2613,1.5452084792975908e-05,0.15995571653857443,0.00120874018443212,0.8388200911922009,25,30,20
41,2614,1.5527540855151673e-05,0.1599563293601564,0.001235287197067673,0.8387928559019207,25,30,20
41,2615,1.552765176722437e-05,0.15995538195298173,0.0012362314198604803,0.8387928589753905,25,30,20
41,2616,1.5603028873610113e-05,0.15995560812555154,0.0012393525049979738,0.8387894363405768,25,30,20
41,2617,1.0816308522187874e-05,0.1599278874850013,0.0008731996896285058,0.8391880965168476,25,30,20
41,2618,1.0897600345129274e-05,0.15992860128767286,0.0009017826153869015,0.8391587184965946,25,30,20
41,2619,1.0982741977745015e-05,0.15994194603219902,0.0009732876041994322,0.8390737836216234,25,30,20
41,2620,1.0982803261156201e-05,0.15994225456909686,0.0009503757373873078,0.8390963868902542,25,30,20
41,2621,1.0984170796633713e-05,0.15994218189048529,0.0009530949980309487,0.839093738940687,25,30,20
41,2622,1.0984099622423326e-05,0.15994186929472345,0.0009487344032219211,0.839098412202432,25,30,20
41,2623,1.1145897647351479e-05,0.15995162874969351,0.0010224273574519745,0.8390147979952073,25,30,20
41,2624,1.1145897233552785e-05,0.15995163004986354,0.0010224309845646919,0.839014793068338,25,30,20
41,2625,1.1145889133400053e-05,0.1599514780304523,0.0010231155662389847,0.8390142605141755,25,30,20
41,2626,1.1222648902032334e-05,0.1599449373513724,0.0010295040923860314,0.8390143359073395,25,30,20
41,2627,1.1145882282076952e-05,0.15994432208647186,0.0010181854057063767,0.8390263466255398,25,30,20
41,2628,1.1293753404795902e-05,0.15994447291009167,0.0009559139773787362,0.8390883193591246,25,30,20
41,2629,1.1292431054772258e-05,0.15994257140993048,0.0009580524220613117,0.8390880837369533,25,30,20
41,2630,1.129377691372489e-05,0.1599426523494339,0.0009603518843750861,0.8390857019892773,25,30,20
41,2631,1.121434061254842e-05,0.1599495147015633,0.0009537278644276126,0.8390855430933964,25,30,20
41,2632,1.105522619964632e-05,0.15993999081757876,0.0008820086460419057,0.8391669453101795,25,30,20
41,2633,1.1127889307542673e-05,0.15993989638130485,0.0008832150588486841,0.8391657606705384,25,30,20
41,2634,1.1052519629572618e-05,0.1599398264079351,0.0008813498187727241,0.8391677712536625,25,30,20
41,2635,1.1204605535922895e-05,0.15994058686100168,0.0008908014530585094,0.8391574070804039,25,30,20
41,2636,1.1126415325755068e-05,0.15994028060028476,0.0008783737218383151,0.8391702192625514,25,30,20
41,2637,1.1279920679993376e-05,0.1599408984651139,0.0008868217266890351,0.8391609998875176,25,30,20
41,2638,1.120449755142665e-05,0.15994075307837086,0.0008946485731245558,0.8391533938509537,25,30,20
41,2639,1.1204447166757417e-05,0.15994075017849144,0.0008893352545570701,0.8391587101197849,25,30,20
41,2640,1.1285376930654672e-05,0.1599408401988775,0.002888775733926145,0.837159098690266,25,30,20
41,2641,1.1284153627440278e-05,0.15994061731067913,0.0029012823907658817,0.8371468161449278,25,30,20
41,2642,1.128411720007917e-05,0.15993569454743076,0.002888279606053657,0.8371647417293151,25,30,20
41,2643,1.1208685177133406e-05,0.159935154524904,0.0028786817500163963,0.8371749550399017,25,30,20
41,2644,1.1052512884155997e-05,0.15993422024939413,0.002865405713367852,0.8371893215243534,25,30,20
41,2645,1.1129247456593842e-05,0.15993476145059005,0.002869530307539434,0.8371845789944133,25,30,20
41,2646,1.1291790590851702e-05,0.15993571297395529,0.002908358103926857,0.8371446371315264,25,30,20
41,2647,1.1290458272260928e-05,0.1599356322537685,0.002907717419445826,0.8371453598685128,25,30,20
41,2648,1.129333565554811e-05,0.15993510654457332,0.002904148421862998,0.8371494516979073,25,30,20
41,2649,1.1293314207481221e-05,0.15993621341146816,0.002902882605583407,0.8371496106687399,25,30,20
41,2650,1.1368542953728666e-05,0.15993495161159693,0.002903921500828129,0.8371497583446204,25,30,20
41,2651,1.5891648340934868e-05,0.15993574787688267,0.0030159407284573764,0.8370324197463183,25,30,20
41,2652,1.5891621056628787e-05,0.15993566706838064,0.0030091405465137045,0.8370393007640482,25,30,20
41,2653,1.580569320173773e-05,0.1599350867762643,0.0036656542659675266,0.8363834532645654,25,30,20
41,2654,1.580571528466361e-05,0.1599350880002411,0.003665469509913765,0.8363836367745597,25,30,20
41,2655,1.5727619876525734e-05,0.15993484962347768,0.0036598176078660462,0.8363896051487789,25,30,20
41,2656,1.5652260911443585e-05,0.15993478693275243,0.0036597423611645745,0.8363898184451708,25,30,20
41,2657,1.5734472953162296e-05,0.15993573352174437,0.0036735552836437936,0.836374976721658,25,30,20
41,2658,1.5809841699893395e-05,0.15993588155294014,0.0036760406486093062,0.8363722679567499,25,30,20
41,2659,1.5887916310108386e-05,0.15993587703906081,0.0036781565683626483,0.8363700784762657,25,30,20
41,2660,1.5730289016074145e-05,0.15993547894317006,0.0016722912474827823,0.8383764995203303,25,30,20
41,2661,1.5653577579270778e-05,0.15994028807107466,0.0016677109309536718,0.8383763474203917,25,30,20
41,2662,1.565035766383824e-05,0.1599398797541294,0.001627242906484214,0.8384172269817217,25,30,20
41,2663,1.556942944826842e-05,0.15993993981994734,0.001637276499115401,0.8384072142514885,25,30,20
41,2664,1.5494056571641673e-05,0.15993971921546707,0.0016341530988408803,0.83841063362912,25,30,20
41,2665,1.5494054375657817e-05,0.15993924675202673,0.0016346200902683586,0.8384106391033289,25,30,20
41,2666,1.549405565471464e-05,0.15993695468703342,0.0016370710699638836,0.8384104801873477,25,30,20
41,2667,1.541868061451561e-05,0.15994229136654828,0.001631960608352384,0.8384103293444847,25,30,20
41,2668,1.541867751179343e-05,0.15994179303397987,0.0016324575804126204,0.8384103307080955,25,30,20
41,2669,3.3358937010180006e-05,0.15938354409365285,0.0021630631312085902,0.8384200338381281,25,30,20
41,2670,3.3273742853714304e-05,0.15936989230590293,0.0020690544529995223,0.8385277794982438,25,30,20
41,2671,3.327510139582515e-05,0.15865439725464067,0.0027845522294483965,0.8385277754145148,25,30,20
41,2672,3.343412954141822e-05,0.15865566110755686,0.002802174468447846,0.8385087302944537,25,30,20
41,2673,3.343415920549924e-05,0.1586556680055393,0.0028033769634796105,0.8385075208717758,25,30,20
41,2674,2.890975742092634e-05,0.1586547170630444,0.002691492114979109,0.8386248810645557,25,30,20
41,2675,2.8911095701204477e-05,0.15865270802292544,0.0026931092704421756,0.8386252716109313,25,30,20
41,2676,2.8911140413554154e-05,0.15865255184873928,0.0026827228560503363,0.8386358141547968,25,30,20
41,2677,2.8911159914289365e-05,0.15865255322552754,0.0026952165125653416,0.8386233191019928,25,30,20
41,2678,2.9072868785125386e-05,0.15865763461581733,0.002809143908829556,0.838504148606568,25,30,20
41,2679,2.9074243865957785e-05,0.1586577208961788,0.0028120711693437766,0.8385011336906116,25,30,20
41,2680,2.9313485729492905e-05,0.15865852489127508,0.002852073683115333,0.8384600879398802,25,30,20
41,2681,2.9313474415919898e-05,0.1586585233579724,0.0028505137346754427,0.8384616494329363,25,30,20
41,2682,2.9314790798429945e-05,0.15865860669398668,0.002839065244407696,0.8384730132708073,25,30,20
41,2683,2.9549669374659503e-05,0.15867712363223843,0.0031655800571565927,0.8381277466412306,25,30,20
41,2684,2.954694114454565e-05,0.1586817090348983,0.003161313907879094,0.8381274301160784,25,30,20
41,2685,1.1686129681431302e-05,0.15923350688660856,0.002636689524571719,0.8381181174591386,25,30,20
41,2686,1.1688914921479099e-05,0.15923016211804847,0.002639868406778808,0.8381182805602515,25,30,20
41,2687,1.153411094349168e-05,0.15922954849962836,0.0033206644720224624,0.8374382529174056,25,30,20
41,2688,1.598167594978518e-05,0.1592299598408,0.002707835462166771,0.8380462230210834,25,30,20
41,2689,1.598301849917021e-05,0.15922988571708474,0.0027080540920259074,0.8380460771723903,25,30,20
41,2690,1.5983002213241325e-05,0.15922987872549446,0.002017924785557254,0.8387362134867352,25,30,20
41,2691,1.590213266996097e-05,0.15922908826836568,0.0020052453159661258,0.8387497642829983,25,30,20
41,2692,1.5750345855235252e-05,0.15922800020589842,0.001992626346346507,0.8387636231019,25,30,20
41,2693,1.582845045587468e-05,0.15922877572306468,0.0020011527808844708,0.8387542430455952,25,30,20
41,2694,1.5828426901266244e-05,0.1592286194984703,0.002001347106966098,0.8387542049676626,25,30,20
41,2695,1.5742144996345405e-05,0.15922399580149468,0.0018960027706242338,0.8388642592828852,25,30,20
41,2696,1.581751085616472e-05,0.15922437672677162,0.0018957592747207244,0.8388640464876522,25,30,20
41,2697,1.581472598005831e-05,0.1592284379515778,0.0018919393217510802,0.8388638080006917,25,30,20
41,2698,1.5737967487365435e-05,0.15922813501819819,0.001888398170413827,0.8388677288439014,25,30,20
41,2699,2.002809894281901e-05,0.15921041440237169,0.0016638276735909618,0.839105729825095,25,30,20
41,2700,2.0181580630267748e-05,0.15921110912628378,0.0016742715528699948,0.8390944377402163,25,30,20
41,2701,2.010346425328662e-05,0.1592108666120542,0.0016687972747548069,0.8391002326489374,25,30,20
41,2702,2.002673130406062e-05,0.15921055978156884,0.001664220693298925,0.8391051927938278,25,30,20
41,2703,2.0029541313868263e-05,0.15921072719336438,0.0016936656594769845,0.8390755776058444,25,30,20
41,2704,1.978895926536598e-05,0.15920999886317466,0.0016629018072019646,0.8391073103703579,25,30,20
41,2705,1.97109904093252e-05,0.1592160466206382,0.0016573209642859437,0.8391069214246661,25,30,20
41,2706,1.9789041234820947e-05,0.1592164326623446,0.0016495253091464695,0.8391142529872738,25,30,20
41,2707,1.5264746301117657e-05,0.15921564138734282,0.0015523416367589566,0.8392167522295972,25,30,20
41,2708,1.5263382445001818e-05,0.15922032324576402,0.0015476624768467565,0.8392167508949444,25,30,20
41,2709,1.5262062194921472e-05,0.1592204028211992,0.0015477979903679153,0.8392165371262382,25,30,20
41,2710,1.534016199497083e-05,0.159214657369843,0.0015533105353589447,0.8392166919328033,25,30,20
41,2711,1.565241601958559e-05,0.15921957965617634,0.0016589729800580459,0.8391057949477464,25,30,20
41,2712,1.6042303092086565e-05,0.15922478472540433,0.0034592838538581756,0.8372998891176454,25,30,20
41,2713,1.603508237675717e-05,0.15922461027188844,0.003454511837131659,0.8373048428086034,25,30,20
41,2714,1.627158755117252e-05,0.1592250944707413,0.0034635134964172932,0.8372951204452904,25,30,20
41,2715,1.6348316510373734e-05,0.15922539736971816,0.0034681532276623133,0.8372901010861094,25,30,20
41,2716,1.627021486088328e-05,0.1592311341938819,0.003462649314953833,0.8372899462763036,25,30,20
41,2717,1.5803533752252192e-05,0.15922530961985645,0.0016518274074621795,0.8391070594389295,25,30,20
41,2718,1.580355911837414e-05,0.15922436852853006,0.00165269305175645,0.8391071348605955,25,30,20
41,2719,1.579943101179213e-05,0.15922405176756985,0.0016233087201701516,0.8391368400812484,25,30,20
41,2720,1.5799407712215588e-05,0.15922404889788358,0.0016224085571533212,0.839137743137251,25,30,20
41,2721,1.5797928399044567e-05,0.15922302261268287,0.001623362506584817,0.8391378169523334,25,30,20
41,2722,1.6126229128394156e-05,0.15923733974392992,0.0017105205933682923,0.8390360134335734,25,30,20
41,2723,1.6281010679492964e-05,0.1592380302196331,0.0017183706312426047,0.8390273181384448,25,30,20
41,2724,1.6207336568445723e-05,0.15923774116186842,0.00175054297832811,0.8389955085232347,25,30,20
41,2725,1.6132063143541916e-05,0.15923783007240624,0.0017508280195031195,0.8389952098449467,25,30,20
41,2726,1.5894192902110705e-05,0.15923725964914662,0.0017400044383682318,0.8390068417195826,25,30,20
41,2727,1.5565865466492314e-05,0.15922293577862448,0.0016523388736599687,0.8391091594822487,25,30,20
41,2728,1.5565918644698517e-05,0.15922286627736792,0.0016524836569492712,0.8391090841470377,25,30,20
41,2729,1.5642654383977202e-05,0.15922325268048085,0.0016576246397770483,0.8391034800253577,25,30,20
41,2730,1.5719388923049405e-05,0.15922355278351788,0.0016605282643451008,0.8391001995632138,25,30,20
41,2731,1.572071738100385e-05,0.15922250151800812,0.0016614234494420372,0.8391003543151686,25,30,20
41,2732,1.5565961305429252e-05,0.15922188383216584,0.001653121789000988,0.8391094284175276,25,30,20
41,2733,1.5490558267614343e-05,0.15922157805635517,0.0016490821697540926,0.839113849215623,25,30,20
41,2734,1.5568637635140215e-05,0.15922212059146218,0.0016556599773078651,0.8391066507935949,25,30,20
41,2735,1.5491895494437325e-05,0.15922134780860486,0.0016495846978730616,0.8391135755980274,25,30,20
41,2736,1.0966933082619657e-05,0.15922055701993032,0.0015480574444833339,0.8392204186025033,25,30,20
41,2737,1.10409658141648e-05,0.15922093125785414,0.0015488398994445462,0.8392191878768869,25,30,20
41,2738,1.0964226491864323e-05,0.1592208546138205,0.001544471074546811,0.8392237100851403,25,30,20
41,2739,1.0968626796320946e-05,0.15917029979060263,0.0015950921314414556,0.8392236394511591,25,30,20
41,2740,1.1046693643257996e-05,0.15917062573419044,0.0016017652516660751,0.8392165623204997,25,30,20
41,2741,1.1046669716131224e-05,0.15917062431597684,0.0016015129223149185,0.839216816091991,25,30,20
41,2742,1.0968581581763374e-05,0.15917030096645232,0.0015950313318182344,0.8392236991201466,25,30,20
41,2743,1.0974227883494452e-05,0.15917016743300136,0.001612318082524215,0.83920654025659,25,30,20
41,2744,1.1052325982018243e-05,0.15917063181351251,0.0016183043778790834,0.8392000114826256,25,30,20
41,2745,1.1134689406784312e-05,0.1591708083467309,0.0016226372375409603,0.8391954197263206,25,30,20
41,2746,1.1208617954707712e-05,0.15917063863644457,0.0016215248248884595,0.8391966279207117,25,30,20
41,2747,1.120860678167643e-05,0.15916912199626132,0.0016231949165727965,0.8391964744803835,25,30,20
41,2748,1.1131866151893625e-05,0.15916881237180996,0.0016183738878390941,0.8392016818741983,25,30,20
41,2749,1.1055133463839013e-05,0.15916850678958075,0.0016141669796166697,0.8392062710973381,25,30,20
41,2750,2.0102639521200727e-05,0.15918760425289719,0.001967723735533829,0.8388245693720472,25,30,20
41,2751,2.0021611371888862e-05,0.15918758990638338,0.0019838746857765576,0.8388085137964676,25,30,20
41,2752,1.994353606376926e-05,0.15918720225245062,0.0019785824614647275,0.8388142717500204,25,30,20
41,2753,1.9943584718134346e-05,0.1591872052127081,0.0019790975725385903,0.8388137536300347,25,30,20
41,2754,1.9942218116715214e-05,0.15918696955228104,0.0019780329751220467,0.8388150552544797,25,30,20
41,2755,1.993914909777317e-05,0.15852585093174373,0.002639002975382275,0.838815206943776,25,30,20
41,2756,2.009966431664211e-05,0.15853522818862026,0.0026760996810368605,0.8387685724660259,25,30,20
41,2757,2.4751666146903065e-05,0.15855390934816987,0.0029421294920394863,0.8384792094936434,25,30,20
41,2758,2.47544778696539e-05,0.15855384513268725,0.0029447488692927286,0.8384766515201499,25,30,20
41,2759,3.374668061616247e-05,0.15857281816057925,0.00327907514417156,0.8381143600146327,25,30,20
41,2760,3.374537249547912e-05,0.1585728196626738,0.0032789905045242794,0.838114444460306,25,30,20
41,2761,3.374534705862128e-05,0.15857274276329605,0.003278478768113382,0.8381150331215315,25,30,20
41,2762,3.374945447322487e-05,0.15857298637689476,0.003300072903397207,0.8380931912652345,25,30,20
41,2763,3.375078552993348e-05,0.15857291638798968,0.0033012036561353092,0.8380921291703446,25,30,20
41,2764,3.366713776311719e-05,0.15857258016613476,0.0033084933293605627,0.838085259366741,25,30,20
41,2765,3.366303249705721e-05,0.15857233521855224,0.003286666820986588,0.8381073349279636,25,30,20
41,2766,3.366305708378604e-05,0.15857225721382293,0.003286153667667001,0.8381079260614258,25,30,20
41,2767,3.365865562478756e-05,0.15857223661305223,0.0032486937489974383,0.8381454109823252,25,30,20
41,2768,3.366004479519016e-05,0.1585722368062781,0.0032530531580600075,0.8381410499908664,25,30,20
41,2769,3.3738051569041275e-05,0.158572546211567,0.003258280894133896,0.8381354348427298,25,30,20
41,2770,3.3743505362894346e-05,0.15857279318118606,0.004616441582285941,0.8367770217311649,25,30,20
41,2771,3.381472775988368e-05,0.1585729348206685,0.0032511111397020604,0.8381421393118693,25,30,20
41,2772,3.381474753257804e-05,0.15928414036802688,0.0025398304132906225,0.8381422144711494,25,30,20
41,2773,3.3816087239380246e-05,0.15928424185713522,0.0025399524123881027,0.8381419896432368,25,30,20
41,2774,3.373933000728205e-05,0.15928393358436185,0.0025359632129559524,0.8381463638726747,25,30,20
41,2775,3.373933532395936e-05,0.15928393091905196,0.00253659762329617,0.8381457321223276,25,30,20
41,2776,3.397357064855574e-05,0.15928501866251857,0.0025506631299552444,0.8381303446368772,25,30,20
41,2777,3.397356852175658e-05,0.15928501860258157,0.002550628925062978,0.8381303789038331,25,30,20
41,2778,3.397366396967242e-05,0.15928190406126622,0.002553743202049739,0.838130379072714,25,30,20
41,2779,3.396660273003322e-05,0.15927298968973203,0.0024879193367662563,0.8382051243707711,25,30,20
41,2780,3.388858853089607e-05,0.15927298999613648,0.002487645765570861,0.8382054756497613,25,30,20
41,2781,3.3813192554431055e-05,0.15927268157308952,0.0024825241516715727,0.838210981082684,25,30,20
41,2782,3.3813239480923464e-05,0.15927276353809464,0.0024844064394495147,0.8382090167829744,25,30,20
41,2783,3.381458087984168e-05,0.1592728456741554,0.0024864858597290164,0.8382068538852353,25,30,20
41,2784,3.381448413535167e-05,0.15927749714692616,0.0024816812208616162,0.8382070071480764,25,30,20
41,2785,3.38144821456031e-05,0.1592774917649888,0.002480124922834267,0.8382085688300307,25,30,20
41,2786,3.389391713257521e-05,0.159277805013456,0.004485533276443045,0.8362027677929679,25,30,20
41,2787,3.4126832176320575e-05,0.15926395666713725,0.004498836287167733,0.8362030802135182,25,30,20
41,2788,3.428926851585515e-05,0.15926461064837244,0.004508109072011322,0.8361929910110999,25,30,20
41,2789,3.428975346367333e-05,0.1592645358118384,0.0045070737875923545,0.8361941006471051,25,30,20
41,2790,3.4525100222165845e-05,0.1592829152578862,0.00464721400414914,0.8360353456377422,25,30,20
41,2791,3.421011192209608e-05,0.15927783007971233,0.004538832789985494,0.8361491270183798,25,30,20
41,2792,3.421011167399923e-05,0.1592785462626869,0.004538120623952726,0.8361491230016865,25,30,20
41,2793,3.420880749161089e-05,0.15927876987419792,0.004539268260199797,0.8361477530581108,25,30,20
41,2794,3.420599530134101e-05,0.15927875867902075,0.0045366450976823194,0.8361503902279956,25,30,20
41,2795,3.42046988782246e-05,0.15927860395650198,0.0045358345298980324,0.8361513568147215,25,30,20
41,2796,3.42806465612496e-05,0.15928296879089726,0.002609767643341147,0.8380729829192002,25,30,20
41,2797,3.404771750931686e-05,0.15928203580973904,0.0025960395903351446,0.8380878768824163,25,30,20
41,2798,3.3814802938364186e-05,0.15929581235505036,0.0025829618608090004,0.838087410981202,25,30,20
41,2799,3.373910842861451e-05,0.15929566687494234,0.00333350258280456,0.8373370914338243,25,30,20
41,2800,2.471527277091129e-05,0.1592781891592081,0.004963245661080881,0.83573384990694,25,30,20
41,2801,2.4790650893021137e-05,0.15927856461067458,0.004965756991309565,0.8357308877471229,25,30,20
41,2802,2.479067586480678e-05,0.15927856871045287,0.004966264879633426,0.8357303757340488,25,30,20
41,2803,2.4945496370978153e-05,0.1592793453342718,0.004977428084603276,0.8357182810847535,25,30,20
41,2804,2.4946795285553847e-05,0.15927958085007904,0.004975103098970216,0.835720369255665,25,30,20
41,2805,2.4871427765782312e-05,0.15927943148427673,0.004973278319429496,0.8357224187685276,25,30,20
41,2806,2.4871430538184398e-05,0.15927950558074586,0.004973263555846908,0.8357223594328687,25,30,20
41,2807,2.935643464808105e-05,0.1592889795613439,0.005164371842650081,0.8355172921613578,25,30,20
41,2808,3.401648013174233e-05,0.1595720677688465,0.0049131644847030895,0.8354807512663183,25,30,20
41,2809,3.377871694164849e-05,0.1595711112096147,0.00490101928883652,0.8354940907846071,25,30,20
41,2810,3.378013685625831e-05,0.15957150335720804,0.004908105170290063,0.835486611335646,25,30,20
41,2811,3.393355807759106e-05,0.15957212102821128,0.004916347716088193,0.8354775976976234,25,30,20
41,2812,2.9251163485037968e-05,0.15928749247474536,0.00319190116968249,0.8374913551920875,25,30,20
41,2813,2.9249818163211456e-05,0.1592873361207537,0.003171086981217825,0.8375123270798656,25,30,20
41,2814,2.9249715797695534e-05,0.15928702881987652,0.005166091317498685,0.8355176301468273,25,30,20
41,2815,3.4054605925481674e-05,0.1593060936877213,0.004686134652238209,0.8359737170541155,25,30,20
41,2816,2.9332887623604032e-05,0.15927831145049853,0.004353669948520982,0.8363386857133571,25,30,20
41,2817,2.925479234917065e-05,0.15927784026946223,0.004346926616215079,0.836345978321974,25,30,20
41,2818,2.0185882432971716e-05,0.15925848633856937,0.004045432875859031,0.8366758949031389,25,30,20
41,2819,2.0185867019257547e-05,0.15925856311657324,0.0040453110828312195,0.8366759399335764,25,30,20
41,2820,2.470712010650342e-05,0.15925974469667065,0.004152190877167582,0.8365633573060554,25,30,20
41,2821,2.4783884535767283e-05,0.1592602079326203,0.004158110892166854,0.8365568972906771,25,30,20
41,2822,2.953451022403713e-05,0.15930848711761528,0.00351899968934973,0.837142978682811,25,30,20
41,2823,2.9457770838813213e-05,0.15930810067681783,0.003513307776669224,0.8371491337756738,25,30,20
41,2824,2.9538603189492258e-05,0.15930803920513903,0.0035538227571583303,0.837108599434513,25,30,20
41,2825,2.9538594914380976e-05,0.15930804468374496,0.003554349591520249,0.8371080671298203,25,30,20
41,2826,2.961398721635046e-05,0.1593043213874805,0.0035578453649045146,0.8371082192603982,25,30,20
41,2827,2.9768771129670457e-05,0.15930494191655525,0.003567514763049849,0.8370977745492648,25,30,20
41,2828,2.969083870113711e-05,0.1593043973613593,0.003602029065132846,0.8370638827348064,25,30,20
41,2829,2.5039223850849378e-05,0.1592858636920998,0.003336198009812854,0.8373528990742359,25,30,20
41,2830,2.5120920643297515e-05,0.15930804259442413,0.0034848185157934303,0.8371820179691387,25,30,20
41,2831,2.504011780829928e-05,0.1593081057665742,0.0034444164452376606,0.8372224376703794,25,30,20
41,2832,2.4884657041743906e-05,0.15930303597892279,0.0033622173972532566,0.8373098619667819,25,30,20
41,2833,2.480776905541144e-05,0.15930280383927575,0.00331649560220799,0.8373558927894605,25,30,20
41,2834,2.480645347362226e-05,0.159301311758917,0.0033179917242178803,0.8373558900633914,25,30,20
41,2835,2.028547813815866e-05,0.15930022356533893,0.003176790406685946,0.8375027005498369,25,30,20
41,2836,2.0132037911113196e-05,0.1592997632466797,0.003169939231660317,0.8375101654837489,25,30,20
41,2837,2.036355112182903e-05,0.1592867171191002,0.0031822908200151005,0.8375106285097629,25,30,20
41,2838,2.4888462900955092e-05,0.1592875148986324,0.0032746532421346363,0.8374129433963323,25,30,20
41,2839,2.4811778047063825e-05,0.15928713542959605,0.0032719490428759386,0.8374161037494808,25,30,20
41,2840,2.4813139613897924e-05,0.15928706112039107,0.0032756197878456975,0.8374125059521491,25,30,20
41,2841,2.4813161813865348e-05,0.1592870625259817,0.003276054363062551,0.8374120699491417,25,30,20
41,2842,2.481420025300793e-05,0.159287205892256,0.003297113575658751,0.8373908663318322,25,30,20
41,2843,2.4582709921399593e-05,0.15928977672507946,0.0032951602897781694,0.8373904802752209,25,30,20
41,2844,2.4582686388063604e-05,0.15928969988679573,0.0032936458822419652,0.8373920715445742,25,30,20
41,2845,2.9106573388185296e-05,0.15929049944371554,0.003383760581035752,0.8372966334018607,25,30,20
41,2846,2.9105229056719518e-05,0.15929033803028927,0.0033600687445541747,0.8373204879960998,25,30,20
41,2847,2.910941398129693e-05,0.15929026996871934,0.003388797376777374,0.8372918232405219,25,30,20
41,2848,2.894964945034786e-05,0.15926777880774862,0.003235310420218127,0.837467961122583,25,30,20
41,2849,2.9027725920874906e-05,0.15926312579840593,0.003239727853220541,0.8374681186224529,25,30,20
41,2850,2.9027703745717454e-05,0.15926319977076941,0.0032383351708245084,0.8374694373546605,25,30,20
41,2851,2.8949626747939355e-05,0.15926827982520234,0.0032334919694262804,0.8374692785786236,25,30,20
41,2852,2.8874187150000692e-05,0.15926774522206533,0.0032271922265850366,0.8374761883641999,25,30,20
41,2853,2.4123561107541343e-05,0.1592194632533689,0.0018655759296364216,0.8388908372558872,25,30,20
41,2854,2.4123547250564105e-05,0.15921938789100987,0.001864303985764766,0.8388921845759747,25,30,20
41,2855,1.947021579408567e-05,0.15920062333618454,0.0015970739234011072,0.8391828325246202,25,30,20
41,2856,1.9470185431643248e-05,0.15921156433907227,0.0015862099123984386,0.8391827555630975,25,30,20
41,2857,1.9466000321819556e-05,0.15921163106104885,0.0015572532273973266,0.8392116497112319,25,30,20
41,2858,1.946467200870273e-05,0.15921155157461028,0.0015565274272824432,0.8392124563260985,25,30,20
41,2859,1.9464622572784733e-05,0.15921154866395826,0.0015559877570872338,0.8392129989563816,25,30,20
41,2860,1.9464546593784976e-05,0.15921246286348378,0.0015549982772048842,0.8392130743127177,25,30,20
41,2861,1.946458833575652e-05,0.15921239033467352,0.0015557298317777528,0.8392124152452132,25,30,20
41,2862,1.9387854308476344e-05,0.15921700840491268,0.0015513406153953447,0.8392122631253837,25,30,20
41,2863,1.9387888320409428e-05,0.15921701533202853,0.001552598288208818,0.8392109984914424,25,30,20
41,2864,1.9463349658674674e-05,0.15921716631771515,0.0015571150881405688,0.8392062552444857,25,30,20
41,2865,1.9463351397180867e-05,0.1592170881796364,0.0015573276362192772,0.8392061208327474,25,30,20
41,2866,1.9463381060463064e-05,0.15921716514392628,0.0015569774071127972,0.8392063940679005,25,30,20
41,2867,1.4938500664297376e-05,0.15921629756552336,0.0014656506821006216,0.8393031132517121,25,30,20
41,2868,1.0652490908707667e-05,0.15921629880930607,0.0013844786480759807,0.8393885700517097,25,30,20
41,2869,1.06538379039186e-05,0.15921645646161273,0.00138822334992863,0.8393846663505552,25,30,20
41,2870,1.0652450915978802e-05,0.1592196742293148,0.0013849329330492782,0.8393847403867204,25,30,20
41,2871,1.065518742386738e-05,0.15921474819104672,0.0013898494877365936,0.8393847471337934,25,30,20
41,2872,1.073195458842094e-05,0.15921521403682737,0.001394806092318121,0.8393792479162664,25,30,20
41,2873,1.0733266022493781e-05,0.15921513845061783,0.0013947708861427293,0.8393793573972173,25,30,20
41,2874,1.0731896814575421e-05,0.15993153597096932,0.0006782993728156159,0.8393794327594009,25,30,20
41,2875,1.0656555659860061e-05,0.15993115636307143,0.0006767962945402774,0.8393813907867289,25,30,20
41,2876,1.0420054912208353e-05,0.15993059269912863,0.0006669001131032398,0.8393920871328564,25,30,20
41,2877,1.0421409064743598e-05,0.15993075072935842,0.0006807581268349181,0.8393780697347424,25,30,20
41,2878,1.0420041159208574e-05,0.1599305877554495,0.0006792741705026731,0.8393797180328891,25,30,20
41,2879,1.0420040063278341e-05,0.15993066464680544,0.0006806577753223106,0.8393782575378096,25,30,20
41,2880,1.0418700259908974e-05,0.15993074006562352,0.000678185407238579,0.8393806558268783,25,30,20
41,2881,1.0420076970019412e-05,0.15992463895726433,0.0006838918766629288,0.839381049089103,25,30,20
41,2882,1.0420085320345434e-05,0.15992463343254423,0.0006828891517382504,0.839382057330397,25,30,20
41,2883,1.049688297207783e-05,0.15991772230558862,0.0006896466941107244,0.8393821341173284,25,30,20
41,2884,1.0570909618252352e-05,0.1599161649946225,0.00069098461831468,0.8393822794774443,25,30,20
41,2885,1.0569566092104875e-05,0.15991616099079542,0.0006898761338253748,0.8393833933092867,25,30,20
41,2886,1.0573948534434449e-05,0.1599163332647505,0.0006911322870780393,0.8393819604996366,25,30,20
41,2887,1.0573950102992853e-05,0.159916333166977,0.0006916708679179617,0.839381422015002,25,30,20
41,2888,1.0573974986189076e-05,0.15991625794811137,0.0026903425463269243,0.8373828255305754,25,30,20
41,2889,1.0575318709161966e-05,0.15991633320090523,0.002690469166229799,0.8373826223141556,25,30,20
41,2890,1.0650704898973323e-05,0.15991664021107097,0.0026952604532178943,0.8373774486308119,25,30,20
41,2891,1.0653372081682369e-05,0.15991687573707117,0.002696816643932291,0.8373756542469148,25,30,20
41,2892,1.0577973925718106e-05,0.1599164165212801,0.0026926675241769798,0.8373803379806171,25,30,20
41,2893,1.0578070881413007e-05,0.15991534293707266,0.002693812225373066,0.8373802667666728,25,30,20
41,2894,1.0579337643804505e-05,0.15991360748653694,0.0026955492770986593,0.8373802638987204,25,30,20
41,2895,1.0582043171001013e-05,0.15991361288279438,0.0007023887219342625,0.8393734163521003,25,30,20
41,2896,1.0815289378674322e-05,0.15992341626712045,0.000869791700149319,0.8391959767433516,25,30,20
41,2897,1.0816636480418657e-05,0.15992334764092633,0.00087332059388274,0.8391925151287107,25,30,20
41,2898,1.9795992132945026e-05,0.159942005387203,0.001204579911638095,0.8388336187090261,25,30,20
41,2899,1.9795989425165157e-05,0.15994200671107475,0.0012038749526065015,0.8388343223468935,25,30,20
41,2900,1.9721985706161015e-05,0.15994201631102517,0.0012032679604718798,0.8388349937427965,25,30,20
41,2901,1.9720585968069972e-05,0.15994216693322372,0.0011990892948421897,0.8388390231859658,25,30,20
41,2902,1.971764986376077e-05,0.1599424635123943,0.0012041039490250523,0.8388337148887166,25,30,20
41,2903,1.9717866343987574e-05,0.15994784430244077,0.0013434822070714444,0.8386889556241434,25,30,20
41,2904,1.9717863614307774e-05,0.15994784566156076,0.0013437314024108832,0.8386887050724137,25,30,20
41,2905,1.971917042210876e-05,0.15994784415296523,0.0013443416242111658,0.8386880950524016,25,30,20
41,2906,1.9719217343907732e-05,0.15994784681859772,0.0013434352590422681,0.8386889987050161,25,30,20
41,2907,1.971786461862498e-05,0.15795277337155084,0.0033389800742271414,0.8386885286896033,25,30,20
41,2908,2.4363005808688302e-05,0.15760645291930062,0.003666718033472575,0.8387024660414181,25,30,20
41,2909,2.4361536711375378e-05,0.1576059813106169,0.0036588442127611248,0.8387108129399106,25,30,20
41,2910,2.4522384292045177e-05,0.15759868267298685,0.0036656562693915796,0.8387111386733297,25,30,20
41,2911,2.452141954890048e-05,0.15759869700793405,0.0036681546756581833,0.8387086268968589,25,30,20
41,2912,2.4598211902666892e-05,0.15759924235561124,0.003676488719593178,0.838699670712893,25,30,20
41,2913,2.459705218815466e-05,0.15759908970224293,0.0037137650564641154,0.838662548189105,25,30,20
41,2914,2.459710237043688e-05,0.1575991738164814,0.003715362635126416,0.8386608664460219,25,30,20
41,2915,2.4443602665256658e-05,0.15759871065590314,0.003706701505521717,0.8386701442359096,25,30,20
41,2916,1.9723173169535366e-05,0.15795002841792716,0.003374112644837944,0.8386561357640652,25,30,20
41,2917,0.00011419597756516998,0.15816711458839816,0.029079620920598744,0.8126390685134371,25,30,20
41,2918,0.00011419726523413323,0.15816726392518657,0.029080067070390944,0.8126384717391876,25,30,20
41,2919,0.00011396268928655178,0.15815738126915585,0.029627729517864382,0.8121009265236923,25,30,20
41,2920,0.00011396132507778076,0.1581602520274853,0.029624861338524554,0.8121009253089113,25,30,20
41,2921,0.00011395861104713964,0.1581600904572823,0.029635283732586153,0.8120906671990837,25,30,20
41,2922,0.00011395861063786969,0.15816009043298623,0.029636903382655518,0.8120890475737199,25,30,20
41,2923,0.00011395858093824206,0.1581600135996324,0.02963630017615617,0.8120897276432731,25,30,20
41,2924,0.00011395719665390535,0.15815993550398705,0.029635871931496065,0.8120902353678627,25,30,20
41,2925,0.00011395719434020515,0.15815993551692864,0.0296360978484586,0.8120900094402721,25,30,20
41,2926,0.00011395451192462028,0.15815962185945254,0.02963358972933198,0.8120928338992903,25,30,20
41,2927,0.0001137168872117139,0.15817140249132977,0.02962252199238757,0.8120923586290704,25,30,20
41,2928,0.00011371566882892648,0.15817117666440178,0.02961847889874401,0.8120966287680247,25,30,20
41,2929,0.00011371563379472977,0.15817117248191495,0.029615807705946254,0.8120993041783434,25,30,20
41,2930,0.00011371561369208263,0.1581737060255806,0.02961327689258342,0.8120993014681432,25,30,20
41,2931,0.00011379232583808711,0.16017035903592242,0.027616392376230016,0.8120994562620087,25,30,20
41,2932,0.00011379097340404024,0.1601704303900666,0.02761477208159521,0.8121010065549332,25,30,20
41,2933,0.00010481159517863943,0.16015184923129466,0.027283255900229196,0.8124600832732968,25,30,20
41,2934,0.00010481707767358449,0.1601454646828812,0.027289163491245008,0.8124605547481994,25,30,20
41,2935,0.00010481806634691776,0.16014545452621415,0.027287619069161426,0.8124621083382769,25,30,20
41,2936,0.00010474267499838898,0.160145228381579,0.027284604737979376,0.8124654242054425,25,30,20
41,2937,0.00010474135613940706,0.1601451505302076,0.027296465164680744,0.8124536429489717,25,30,20
41,2938,0.000104819459454793,0.16014538486590876,0.027303581027397213,0.8124462146472388,25,30,20
41,2939,0.00010481959387859589,0.16014538419324256,0.027306982978459272,0.8124428132344189,25,30,20
41,2940,1.034720704737711e-05,0.15992909775006856,0.0016610591418615122,0.8383994959010224,25,30,20
41,2941,1.0269104253950331e-05,0.15992886214165614,0.0016546246952849025,0.8384062440588047,25,30,20
41,2942,1.0271832151565143e-05,0.15992910461246945,0.0016582243999071272,0.8384023991554718,25,30,20
41,2943,1.0274731841155775e-05,0.15993379628781904,0.0016786237369197812,0.8383773052434198,25,30,20
41,2944,1.0275968976370174e-05,0.159933035661767,0.001679458783996321,0.8383772295852598,25,30,20
41,2945,1.0278505668738648e-05,0.15993334599920087,0.0016437671639117101,0.8384126083312186,25,30,20
41,2946,1.0431965365119742e-05,0.15993396255491255,0.0016525734664033789,0.8384030320133191,25,30,20
41,2947,1.0583895422888209e-05,0.15992988746866113,0.001640348034546431,0.8384191806013698,25,30,20
41,2948,1.0586639591242766e-05,0.1599298971463923,0.0016417388496948555,0.8384177773643222,25,30,20
41,2949,2.4018548260286247e-05,0.15994911040385323,0.00206489442861468,0.8379619766192726,25,30,20
41,2950,2.3941836472679486e-05,0.15994880351758878,0.0020600974511046353,0.8379671571948346,25,30,20
41,2951,2.394190789706134e-05,0.1599486503386428,0.0020607573578448938,0.8379666503956159,25,30,20
41,2952,2.3862522310862627e-05,0.15994834373295183,0.004056085645844425,0.8359717080988938,25,30,20
41,2953,2.401862818701787e-05,0.15994943428945269,0.004069040060368099,0.835957507021993,25,30,20
41,2954,2.4019918254641885e-05,0.15994951206513,0.004056886594597451,0.8359695814220186,25,30,20
41,2955,2.4021300056103956e-05,0.15994673105377732,0.00405966497502808,0.8359695826711392,25,30,20
41,2956,2.4022636156283028e-05,0.15994665690777088,0.004060814885142612,0.8359685055709306,25,30,20
41,2957,2.433734967446303e-05,0.15997458437875098,0.004323368757644641,0.8356777095139304,25,30,20
41,2958,2.4335734596438976e-05,0.15996927623942442,0.004180228449651943,0.8358261595763278,25,30,20
41,2959,2.426509134923658e-05,0.15997359619224757,0.004229890770648182,0.835772247945756,25,30,20
41,2960,2.4265188703181145e-05,0.15997352512743773,0.004218956869331623,0.8357832528145285,25,30,20
41,2961,2.4257697958522014e-05,0.1599688141471183,0.004150517278165883,0.8358564108767582,25,30,20
41,2962,2.4254984205108375e-05,0.15997102268604935,0.004148241449138542,0.835856480880608,25,30,20
41,2963,2.425498147069641e-05,0.15997102129885898,0.004147781580860328,0.8358569421388115,25,30,20
41,2964,2.4259043031048545e-05,0.1599709580960773,0.004154365405016721,0.8358504174558763,25,30,20
41,2965,2.4335764924162768e-05,0.15997118545435343,0.0034427830237545682,0.8365616957569693,25,30,20
41,2966,2.433378175053201e-05,0.15997133910352607,0.003465370855204308,0.8365389562595205,25,30,20
41,2967,2.433170330294643e-05,0.15997117462027746,0.0034373655064021754,0.8365671281700189,25,30,20
41,2968,2.8854719689475863e-05,0.15997229381104036,0.00355118952852027,0.8364476619407513,25,30,20
41,2969,2.893011243767689e-05,0.15997244326893437,0.003554960680140272,0.8364436659384892,25,30,20
41,2970,2.893145130702155e-05,0.15997259939537573,0.0035567307820097787,0.8364417383713091,25,30,20
41,2971,2.885474001100538e-05,0.15997229538576177,0.0035549094285210587,0.8364439404457077,25,30,20
41,2972,2.8851987302865753e-05,0.1599724378392913,0.0035526456141411512,0.8364460645592662,25,30,20
41,2973,2.893714505401424e-05,0.15994614014196432,0.0035786886061826826,0.8364462341068004,25,30,20
41,2974,2.893847534344839e-05,0.15994629353317244,0.0035776840297194455,0.8364470839617661,25,30,20
41,2975,2.8939708744060817e-05,0.15994644119380472,0.0035765280770272117,0.8364480910204253,25,30,20
41,2976,2.8939771130645346e-05,0.15994628791330048,0.0035800379165041975,0.8364447343990661,25,30,20
41,2977,2.8938415489533227e-05,0.15994597411701963,0.003580217115672515,0.8364448703518194,25,30,20
41,2978,2.9015101275867618e-05,0.1599462821833714,0.003618275401136497,0.8364064273142173,25,30,20
41,2979,2.893681192062719e-05,0.15996689076017423,0.003597977703121737,0.8364061947247847,25,30,20
41,2980,2.8940912796213036e-05,0.1599672156302944,0.003602516523177746,0.8364013269337329,25,30,20
41,2981,2.901616356543981e-05,0.15996743825588117,0.0036013439559932333,0.8364022016245611,25,30,20
41,2982,2.9020091825653462e-05,0.15996775566604743,0.003603945814260318,0.8363992784278672,25,30,20
41,2983,2.9174983952149595e-05,0.15996806722630563,0.0036116509656108787,0.8363911068241318,25,30,20
41,2984,2.9170842583215768e-05,0.1599721629561887,0.0036080294214674317,0.8363906367797612,25,30,20
41,2985,2.9172292254463246e-05,0.1599722443247602,0.0036193155121411556,0.8363792678708448,25,30,20
41,2986,2.91722842358998e-05,0.15997216212631662,0.003617491137329805,0.8363811744521179,25,30,20
41,2987,2.9249002765154144e-05,0.15997253852249302,0.003621537482844528,0.8363766749918972,25,30,20
41,2988,3.7831547999128535e-05,0.15998161519574214,0.0056027642558654014,0.8343777890003932,25,30,20
41,2989,2.9094205470413226e-05,0.15997215379596438,0.0036157425674209842,0.836383009431144,25,30,20
41,2990,2.9017419280159708e-05,0.15997168092937017,0.0016093577446233023,0.8383899439067263,25,30,20
41,2991,2.8943774941887052e-05,0.15997155066070304,0.0016093298549519949,0.8383901757094031,25,30,20
41,2992,2.8867014775835296e-05,0.15997101332982158,0.001603285466696327,0.8383968341887063,25,30,20
41,2993,2.8872819188626385e-05,0.15997143292985674,0.0016923607859020784,0.8383073334650526,25,30,20
41,2994,2.8949666231711936e-05,0.15997206215564097,0.0017136337940507416,0.8382853543840766,25,30,20
41,2995,3.79976983862378e-05,0.15999100068421948,0.0020682035727614067,0.8379027980446326,25,30,20
41,2996,2.456713506709474e-05,0.15997179132070094,0.0016463881468694178,0.8383572533973623,25,30,20
41,2997,2.495560200274969e-05,0.1599859821205136,0.002707040555159618,0.8372820217223239,25,30,20
41,2998,2.4952794061541504e-05,0.15998604868590574,0.0027047872081268844,0.8372842113119059,25,30,20
41,2999,2.495284381107684e-05,0.15998612814068255,0.0027041181319497442,0.8372848008835567,25,30,20
41,3000,2.0432541347426643e-05,0.15998524993055904,0.00259361489647433,0.8374007026316186,25,30,20
41,3001,2.042982958932739e-05,0.15998524054865879,0.002590886503235163,0.8374034431185161,25,30,20
41,3002,1.1456797870269462e-05,0.1599664376657608,0.002237490240172547,0.8377846152961959,25,30,20
41,3003,1.1069704432821145e-05,0.15995241121167386,0.0011802099136052446,0.8388563091702876,25,30,20
41,3004,1.1069301109578855e-05,0.15995161017159293,0.0011218555905546526,0.838915464936742,25,30,20
41,3005,1.091740923279978e-05,0.15995982368782566,0.001140254565497451,0.8388890043374433,25,30,20
41,3006,1.060130898496807e-05,0.15993196483312527,0.0008746394264637382,0.8391827944314256,25,30,20
41,3007,1.0524596914624521e-05,0.15993459828851045,0.0008721593725920672,0.8391827177419823,25,30,20
41,3008,1.0595682799405359e-05,0.15992567617137798,0.0008442231294135585,0.8392195050164084,25,30,20
41,3009,1.0746369392960412e-05,0.15992611480397995,0.0007660829034566085,0.8392970559231698,25,30,20
41,3010,1.0591459830721352e-05,0.15992525834051816,0.0007033942189611489,0.8393607559806894,25,30,20
41,3011,1.0590119598318457e-05,0.15992752571496735,0.000701129518884213,0.8393607546465495,25,30,20
41,3012,1.0435329483830042e-05,0.1599269091716498,0.0006925711397741696,0.8393700843590918,25,30,20
41,3013,1.0516414362855177e-05,0.15992731553458786,0.0007305896314841503,0.8393315784195648,25,30,20
41,3014,1.0438335365458595e-05,0.15992708132036046,0.0007250770003900086,0.8393374033438838,25,30,20
41,3015,1.0357198543223157e-05,0.1599266695346545,0.0006848445556279351,0.8393781287111741,25,30,20
41,3016,1.028045529846288e-05,0.1599262900232377,0.0006900872816341545,0.8393733422398294,25,30,20
41,3017,1.0281775046471724e-05,0.15992645995035681,0.0007096087788201542,0.8393536494957763,25,30,20
41,3018,1.0359831210824788e-05,0.15991851522999903,0.0007173987807888096,0.8393537261580009,25,30,20
41,3019,1.036117300291523e-05,0.15991650381716194,0.0007194076102892152,0.8393537273995456,25,30,20
41,3020,1.514848007182915e-05,0.15995293927759457,0.0011199455382357505,0.8389119667040977,25,30,20
41,3021,1.4991967629494608e-05,0.15995208247685883,0.0011081840526068166,0.8389247415029045,25,30,20
41,3022,1.4987866180103438e-05,0.15995175757859023,0.0011036482453778043,0.8389296063098519,25,30,20
41,3023,1.5063228815081272e-05,0.15995190141113563,0.0011048592848722893,0.8389281760751771,25,30,20
41,3024,1.5064785723841835e-05,0.15995627771851648,0.0011216841574139434,0.8389069733383461,25,30,20
41,3025,1.5064666844027453e-05,0.15995627577705843,0.0011119224430886738,0.8389167371130086,25,30,20
41,3026,1.5134549911658401e-05,0.15991864785546414,0.0011493379278460128,0.8389168796667781,25,30,20
41,3027,1.5211301252579027e-05,0.15991895750110552,0.001862531288708052,0.8382032999089342,25,30,20
41,3028,1.5211351375845194e-05,0.15991895645804713,0.001862209540217047,0.8382036226503601,25,30,20
41,3029,1.5212686473913336e-05,0.15991904002191618,0.0018651546147792413,0.8382005926768307,25,30,20
41,3030,1.521262329980736e-05,0.1599190410551737,0.0018656934965295294,0.8382000528249969,25,30,20
41,3031,1.5135871845189705e-05,0.15996170969651768,0.0018231811193272069,0.8381999733123098,25,30,20
41,3032,1.528933145301617e-05,0.15996201788081113,0.0018304919264484243,0.838192200861287,25,30,20
41,3033,1.536879926117328e-05,0.15996248632100443,0.0018368302121891372,0.8381853146675445,25,30,20
41,3034,2.0089344191297805e-05,0.1599898840582601,0.0021662761756606613,0.8378237504218873,25,30,20
41,3035,2.016605979295034e-05,0.15999019079185042,0.0021704592734702703,0.8378191838748859,25,30,20
41,3036,2.0176715569712172e-05,0.1599817086876217,0.0021133237931315863,0.8378847908036765,25,30,20
41,3037,2.01780906852065e-05,0.1599790417138422,0.002116063419862713,0.8378847167756094,25,30,20
41,3038,2.010271113877343e-05,0.15997881566417,0.002112828432642784,0.8378882531920481,25,30,20
41,3039,2.0176540952457177e-05,0.15997435020993683,0.002098325121925141,0.8379071481271849,25,30,20
41,3040,1.5443988588372437e-05,0.15995535395319932,0.0018249145062244779,0.8382042875519872,25,30,20
41,3041,1.5367201912293258e-05,0.1599551250305693,0.001818817561031049,0.8382106902064868,25,30,20
41,3042,1.560004021804811e-05,0.1598193395863208,0.0019539045110904514,0.8382111558623699,25,30,20
41,3043,1.5523305872648794e-05,0.1598193400151821,0.0020572047119073083,0.8381079319670373,25,30,20
41,3044,1.552329703851838e-05,0.15981933996084355,0.002056847426304314,0.8381082893158132,25,30,20
41,3045,1.552472415776395e-05,0.15981942776582364,0.0021017752553244965,0.8380632722546935,25,30,20
41,3046,1.5524722835190496e-05,0.1598194036191535,0.0021017993587480466,0.8380632722992627,25,30,20
41,3047,1.55247091856615e-05,0.1598192486575788,0.0021000187494057973,0.8380652078838294,25,30,20
41,3048,1.5527467300925456e-05,0.15981917741563953,0.0021058710686376768,0.8380594240484214,25,30,20
41,3049,1.5765092081219198e-05,0.15980918383984744,0.0021149956582182192,0.8380600554098528,25,30,20
41,3050,1.5685622212462397e-05,0.15980894958057104,0.002105752543971247,0.8380696122532449,25,30,20
41,3051,1.5761012145071844e-05,0.15980916196389433,0.0020901079292803167,0.83808496909468,25,30,20
41,3052,1.576238654466502e-05,0.15980901522553131,0.0020923940961465296,0.8380828282917772,25,30,20
41,3053,3.499726735997289e-05,0.16008254429785435,0.007634830473033993,0.8322476279617516,25,30,20
41,3054,3.4917822767225354e-05,0.16008207718808984,0.007645479024810517,0.8322375259643325,25,30,20
41,3055,3.499453650689665e-05,0.1600823813404106,0.007649321718479316,0.8322333024046036,25,30,20
41,3056,3.5068541425876995e-05,0.16008267620511063,0.007651898705743148,0.8322303565477206,25,30,20
41,3057,3.50672763547657e-05,0.16008326340087375,0.007651314005064934,0.832230355317707,25,30,20
41,3058,4.411902269164297e-05,0.1601028317903695,0.008038037970725295,0.8318150112162135,25,30,20
41,3059,4.396612048854825e-05,0.16010261081670907,0.008033372031400006,0.8318200510314021,25,30,20
41,3060,4.396482036313821e-05,0.16010245490141364,0.008032332793082748,0.8318212474851404,25,30,20
41,3061,4.38881065686471e-05,0.16010214937268485,0.008028223199052647,0.8318257393216933,25,30,20
41,3062,4.39661927490047e-05,0.16010246013019022,0.008032126233597494,0.8318214474434628,25,30,20
41,3063,4.404168976370089e-05,0.16009946144756426,0.00803489835271252,0.8318215985099587,25,30,20
41,3064,3.499131065751833e-05,0.1600800519700336,0.007650372609915441,0.8322345841093926,25,30,20
41,3065,3.49912842183324e-05,0.16008005181251114,0.007650140299750094,0.8322348166035196,25,30,20
41,3066,3.4914573735627995e-05,0.1600797451804227,0.007646082917046968,0.8322392573287939,25,30,20
41,3067,3.491453664418839e-05,0.16007958843829342,0.006827181991419458,0.8330583150336421,25,30,20
41,3068,3.498994948212496e-05,0.16007973665327982,0.006832349149933259,0.8330529242473039,25,30,20
41,3069,3.5226804574638296e-05,0.16008956723533044,0.007001558797601045,0.832873647162493,25,30,20
41,3070,3.5228190203953474e-05,0.1600895699890505,0.007005092186768524,0.8328701096339762,25,30,20
41,3071,3.522685032795027e-05,0.16008941251107645,0.007003552384839223,0.8328718082537556,25,30,20
41,3072,3.491252170525694e-05,0.16010343050067086,0.006990633493383818,0.8328710234842392,25,30,20
41,3073,3.5070035214949725e-05,0.16010421695611957,0.007000792627731004,0.8328599203809337,25,30,20
41,3074,3.5075435445306215e-05,0.16010012888038364,0.0070048631329895465,0.8328599325511807,25,30,20
41,3075,3.4998723164918186e-05,0.16010502449522143,0.007000119503396565,0.8328598572782162,25,30,20
41,3076,3.5002830385209786e-05,0.16010527234460745,0.007003757251980096,0.8328559675730266,25,30,20
41,3077,3.5234034475889634e-05,0.1598977591423292,0.007210349317160922,0.8328566575060331,25,30,20
41,3078,3.5229976078682016e-05,0.1598974386043893,0.007207201418592224,0.8328601300009391,25,30,20
41,3079,3.523131795956295e-05,0.15989736442232588,0.00720783615261088,0.832859568107103,25,30,20
41,3080,3.523263457337342e-05,0.15985879195217476,0.007246404675068296,0.832859570738183,25,30,20
41,3081,3.5231292034582736e-05,0.1598588592326423,0.00724499724761829,0.8328609122277042,25,30,20
41,3082,3.523129175033224e-05,0.15985886052457868,0.007244561347649092,0.8328613468360213,25,30,20
41,3083,3.523126672788681e-05,0.15985885792968788,0.007244352590486456,0.832861558213097,25,30,20
41,3084,3.4918975887169496e-05,0.15985753585376541,0.007224560577904704,0.8328829845924419,25,30,20
41,3085,3.4919022814985445e-05,0.15985753852249776,0.007238507171387387,0.8328690352832991,25,30,20
41,3086,3.468354215573363e-05,0.1598477106962607,0.007072951731737017,0.8330446540298461,25,30,20
41,3087,3.444976131614964e-05,0.16004603767943185,0.006875556331775468,0.8330439562274761,25,30,20
41,3088,3.4534693321558116e-05,0.16004645675374848,0.007595739506487145,0.8323232690464423,25,30,20
41,3089,3.453061313017787e-05,0.1600462062341557,0.007592225540136187,0.8323270376125774,25,30,20
41,3090,2.9744625265751117e-05,0.1600098459327877,0.00718454116645159,0.8327758682754947,25,30,20
41,3091,2.9736405359393094e-05,0.16000965957988605,0.006482286916111326,0.833478317098643,25,30,20
41,3092,2.9740487843462736e-05,0.1600099815347157,0.00648595674453723,0.8334743212329034,25,30,20
41,3093,2.9737242323375792e-05,0.16000974529222417,0.007876835768812587,0.8320836816966398,25,30,20
41,3094,1.5147523537164072e-05,0.1597634664095291,0.002661098191828396,0.8375602878751052,25,30,20
41,3095,1.5148850986905739e-05,0.15976338951822547,0.0026606273540403097,0.8375608342767467,25,30,20
41,3096,1.5148849935165017e-05,0.1597673974767673,0.0026566193484814393,0.8375608343248153,25,30,20
41,3097,1.515016619461008e-05,0.15976732463555382,0.0026576965250530967,0.8375598286731974,25,30,20
41,3098,1.5150166272380349e-05,0.15976747677311548,0.002657048485345121,0.837560324575266,25,30,20
41,3099,1.530633583016808e-05,0.15976864791726347,0.002710699775764555,0.8375053459711407,25,30,20
41,3100,1.5307656110366982e-05,0.15976880408683902,0.0026993691554923678,0.8375165191015571,25,30,20
41,3101,1.5231092141593628e-05,0.15976883355501215,0.0026981270341554565,0.8375178083186896,25,30,20
41,3102,1.5231064762482539e-05,0.15976891027519408,0.0026985993171377808,0.8375172593429047,25,30,20
41,3103,1.0509408416894934e-05,0.15974135413745771,0.0023709760478875684,0.8378771604062368,25,30,20
41,3104,1.0747418937999296e-05,0.15975094266930934,0.0025349404576723304,0.8377033694540792,25,30,20
41,3105,1.074877357180345e-05,0.159751026608793,0.0025563877150100844,0.8376818369026244,25,30,20
41,3106,1.0824155410662719e-05,0.1597514061869908,0.0025593250245764727,0.8376784446330214,25,30,20
41,3107,1.0750177126710838e-05,0.15975103352334713,0.0025591117401691783,0.8376791045593563,25,30,20
41,3108,1.0826004733764896e-05,0.159751188784616,0.00260175745756337,0.8376362277530864,25,30,20
41,3109,1.0669853517732642e-05,0.15975001886537163,0.002547679483146674,0.8376916317979637,25,30,20
41,3110,1.0671216456078301e-05,0.15975017364740038,0.0025349631462570814,0.8377041919898862,25,30,20
41,3111,1.0840345543407272e-05,0.15975068609071139,0.003259278758715719,0.8369791948050295,25,30,20
41,3112,1.0840325754428789e-05,0.15975059410181833,0.0018624476806269887,0.8383761178918001,25,30,20
41,3113,1.0840328177078714e-05,0.15975059545755227,0.0018624676087965586,0.838376096605474,25,30,20
41,3114,1.0841664464916772e-05,0.15975067362901008,0.001864171394858594,0.8383743133116665,25,30,20
41,3115,1.561950997809118e-05,0.15979576298441692,0.0023336674030977294,0.8378549501025071,25,30,20
41,3116,1.569218295746706e-05,0.15979582470154097,0.0023346348845162046,0.837853848230985,25,30,20
41,3117,2.024769908600323e-05,0.1595019376896098,0.0026061044757022455,0.8378717101356016,25,30,20
41,3118,1.5397171054792508e-05,0.15945656159756955,0.0021350379110823907,0.8383930033202929,25,30,20
41,3119,1.5397203014633914e-05,0.15945664121758404,0.0021361461476009074,0.8383918154318001,25,30,20
41,3120,1.532630488919656e-05,0.15946555648338492,0.0021911674411082323,0.8383279497706174,25,30,20
41,3121,1.0536565406840295e-05,0.15989803631694893,0.0017818063070167472,0.8383096208106271,25,30,20
41,3122,1.0532509177803294e-05,0.15989809730954485,0.0017815690670455208,0.8383098011142315,25,30,20
41,3123,1.0535241080161452e-05,0.15989841649199066,0.001786623134365916,0.838304425132563,25,30,20
41,3124,1.0539151146372689e-05,0.15989832934510284,0.0017874071644592624,0.838303724339291,25,30,20
41,3125,1.0537794610351904e-05,0.15989816718135302,0.0017494952601668993,0.8383417997638692,25,30,20
41,3126,1.061317099103499e-05,0.15989862619278505,0.001751441150501137,0.8383393194857224,25,30,20
41,3127,1.0617282814460026e-05,0.1598984946015742,0.0017530276833971823,0.8383378604322134,25,30,20
41,3128,1.0853124154081992e-05,0.15993018649778526,0.002018267767936771,0.8380406926101232,25,30,20
41,3129,1.0851712165349779e-05,0.15993033445430715,0.002015556206532812,0.8380432576269942,25,30,20
41,3130,1.116401749168059e-05,0.15993150696845204,0.00204445069795432,0.8380128783161017,25,30,20
41,3131,1.1398987360066997e-05,0.15993487077533958,0.002040534121897991,0.838013196115402,25,30,20
41,3132,1.1479588002105636e-05,0.1599354233802214,0.0020449136320207723,0.8380081833997554,25,30,20
41,3133,1.1167904755611319e-05,0.15990357618647053,0.0017353278124907579,0.8383499280962827,25,30,20
41,3134,1.10912342103063e-05,0.15990319678551695,0.0017329088817342624,0.838352803098538,25,30,20
41,3135,2.022293289828157e-05,0.15992223149957055,0.0020688663135809983,0.8379886792539498,25,30,20
41,3136,1.998506117747023e-05,0.15993361266853034,0.002058045273623457,0.8379883569966684,25,30,20
41,3137,1.9907094594439433e-05,0.15993315423804724,0.0020542968387815357,0.8379926418285766,25,30,20
41,3138,1.990441562692578e-05,0.15993284063054222,0.0020501938427432993,0.8379970611110873,25,30,20
41,3139,1.990559978630809e-05,0.1599325777761137,0.0020503765175288657,0.837997140106571,25,30,20
41,3140,1.990692179687796e-05,0.1599326543994774,0.002052637967501974,0.8379948007112236,25,30,20
41,3141,1.973911996175632e-05,0.1599320680423047,0.0013313877049609118,0.8387168051327724,25,30,20
41,3142,1.9737780643416474e-05,0.15997031082568108,0.0012931489639331833,0.8387168024297423,25,30,20
41,3143,1.981178714547357e-05,0.15997068912229143,0.0012930824396602347,0.8387164166509028,25,30,20
41,3144,1.981183737209653e-05,0.1599699152270492,0.0012938535390138153,0.8387164193965648,25,30,20
41,3145,1.9572485452741856e-05,0.15996017056188408,0.0011288478910381386,0.838891409061625,25,30,20
41,3146,1.9810621485274863e-05,0.15994510156394165,0.0011433478569269977,0.838891739957646,25,30,20
41,3147,2.4537976419442854e-05,0.15996401658775106,0.0014116840118201406,0.8385997614240093,25,30,20
41,3148,2.906813597918264e-05,0.15996458732200194,0.0014900350405174995,0.8385163095015017,25,30,20
41,3149,1.9936412164215396e-05,0.15994562663573056,0.0011531648329676694,0.8388812721191377,25,30,20
41,3150,1.9622713173618024e-05,0.1599442155913509,0.0011203115337111577,0.8389158501617644,25,30,20
41,3151,1.9621348288243878e-05,0.15994405668207906,0.0011180868540728254,0.8389182351155595,25,30,20
41,3152,1.9621342730457547e-05,0.15994405663036318,0.0011180321734521866,0.8389182898534542,25,30,20
41,3153,1.969944188996425e-05,0.1599442921780138,0.001123122620172086,0.838912885759924,25,30,20
41,3154,1.9698096919094085e-05,0.15994420867113426,0.0011216759896539707,0.838914417242293,25,30,20
41,3155,1.945998543857502e-05,0.15995902222042255,0.0011074300989815846,0.8389140876951576,25,30,20
41,3156,1.9461455030614336e-05,0.15995691651012117,0.0011093814928358468,0.8389142405420127,25,30,20
41,3157,1.9457395922482794e-05,0.15995659455691053,0.0011057183800079996,0.8389182296671597,25,30,20
41,3158,1.9528679199430103e-05,0.15995695235690433,0.0011064731342641653,0.8389170458296327,25,30,20
41,3159,1.953151099536827e-05,0.15995695549186187,0.0011364895499847102,0.8388870234471587,25,30,20
41,3160,1.9608268599695202e-05,0.15995726381172787,0.0011411249913756206,0.8388820029282972,25,30,20
41,3161,1.960829231507972e-05,0.15995520312876313,0.0011431855813010335,0.8388820029976212,25,30,20
41,3162,1.9530179056918995e-05,0.15995488930114785,0.0011387198789492758,0.8388868606408464,25,30,20
41,3163,1.9527340843364883e-05,0.15995488565342153,0.0011044104637483005,0.8389211765419872,25,30,20
41,3164,1.9527361269890456e-05,0.15995481166525422,0.0011064707269396814,0.8389191902465366,25,30,20
41,3165,1.9527208541501045e-05,0.15995613183593024,0.0011051499900561327,0.8389191909654725,25,30,20
41,3166,1.9527208749725965e-05,0.15995620598046226,0.0011051671736639665,0.8389190996371245,25,30,20
41,3167,1.9522792728750363e-05,0.1599469112060536,0.0010471056762184267,0.8389864603249997,25,30,20
41,3168,1.9522820920006333e-05,0.15994691408524755,0.0010473640886337974,0.8389861990051989,25,30,20
41,3169,1.95241763117698e-05,0.15994699484623198,0.0010485088668784307,0.8389849721105782,25,30,20
41,3170,1.9525491798305168e-05,0.15994726513403582,0.0010479960106149137,0.8389852133635511,25,30,20
41,3171,1.9525618260157182e-05,0.15994710813556084,0.001016211635551056,0.8390171546106281,25,30,20
41,3172,3.294038420101013e-05,0.15996645951153154,0.0014985068237644988,0.8385020932805033,25,30,20
41,3173,3.3092475565030296e-05,0.1599613407735931,0.0015033298252165948,0.8385022369256256,25,30,20
41,3174,3.309523705385673e-05,0.15996135319127106,0.0015060236471504476,0.838499527924525,25,30,20
41,3175,3.317331357282256e-05,0.15995457533573806,0.0015123370184190554,0.8384999143322703,25,30,20
41,3176,3.325283604379753e-05,0.1599548138970462,0.0015199492850419682,0.8384919839818683,25,30,20
41,3177,3.325151552452491e-05,0.15995507978342446,0.0015198409840911267,0.8384918277169601,25,30,20
41,3178,3.309953626321334e-05,0.15996227877310823,0.0015131733083645932,0.8384914483822642,25,30,20
41,3179,3.309683256751677e-05,0.15996203904788406,0.0015100748754213306,0.8384947892441273,25,30,20
41,3180,3.309816637188808e-05,0.1599621171044404,0.0015112099594020755,0.8384935747697858,25,30,20
41,3181,2.8530977661651342e-05,0.15997501717429474,0.0014053393896377988,0.8385911124584061,25,30,20
41,3182,2.852830343037688e-05,0.15997508344365738,0.002094504037088904,0.8379018842158236,25,30,20
41,3183,2.8603707912138445e-05,0.15997531507865673,0.002098288235089859,0.8378977929783411,25,30,20
41,3184,2.852699441068967e-05,0.1599749302120895,0.002093715717970021,0.8379028270755299,25,30,20
41,3185,2.8527047429895467e-05,0.15997492756368714,0.0021295472145497077,0.8378669981743337,25,30,20
41,3186,2.845039341789433e-05,0.15997454142497022,0.0021253007961999065,0.8378717073854124,25,30,20
41,3187,2.8527108307755817e-05,0.15997492489884355,0.002129632795599279,0.8378669151972499,25,30,20
41,3188,2.8527025552702823e-05,0.1599750767039657,0.0020916053039737367,0.8379047909665083,25,30,20
41,3189,2.8450339819212693e-05,0.15997994427386328,0.0020872006690990804,0.8379044047172188,25,30,20
41,3190,2.845335409935651e-05,0.15998480350784813,0.0021044988313919356,0.8378822443066609,25,30,20
41,3191,2.8533299595302606e-05,0.15999400034478414,0.002189460309295779,0.837788006046325,25,30,20
41,3192,2.853596862320488e-05,0.15999200687811915,0.002191440261386565,0.8377880168918713,25,30,20
41,3193,2.8611372734569064e-05,0.15999215635888853,0.0021949703927467736,0.8377842618756296,25,30,20
41,3194,2.861408289729585e-05,0.15999217153153705,0.002700881945787916,0.8372783324397772,25,30,20
41,3195,2.8777739338911103e-05,0.16001045182521423,0.0028861634259743415,0.8370746070094719,25,30,20
41,3196,2.877767501105096e-05,0.16001045131045838,0.002195355992805023,0.8377654150217251,25,30,20
41,3197,2.8779004953841526e-05,0.16001045526058252,0.0021946253159871617,0.837766140418476,25,30,20
41,3198,2.8777702746139796e-05,0.16001156983292347,0.0021935202278293335,0.8377661322365004,25,30,20
41,3199,2.4248878188887636e-05,0.16001107728440375,0.0021153726671809415,0.8378493011702259,25,30,20
41,3200,2.4247443356613948e-05,0.16000530875070773,0.002121148260822712,0.8378492955451126,25,30,20
41,3201,2.4248829416553815e-05,0.16000080883114165,0.0021257988978819506,0.8378491434415595,25,30,20
41,3202,2.433541226788608e-05,0.1600013012681039,0.002158761253290153,0.8378156020663377,25,30,20
41,3203,2.4334082425016886e-05,0.16000137266947642,0.002157655104019201,0.837816638144079,25,30,20
41,3204,2.4331294577635594e-05,0.16000143256454788,0.00165107705529869,0.8383231590855754,25,30,20
41,3205,2.4330058243928837e-05,0.16000135368870477,0.0016506304493050694,0.8383236858037459,25,30,20
41,3206,2.464257485491903e-05,0.16002894216373725,0.0018557108456972587,0.8380907044157101,25,30,20
41,3207,2.4642489726063974e-05,0.1600289447222552,0.0018563877958125185,0.8380900249922063,25,30,20
41,3208,2.472330640283452e-05,0.16002996547908094,0.0018705670462570239,0.8380747441682592,25,30,20
41,3209,2.448621004497879e-05,0.160002605925549,0.0016684471482382277,0.8383044607161675,25,30,20
41,3210,2.4410837471384428e-05,0.1600022263367943,0.0016665408367372955,0.8383068219889966,25,30,20
41,3211,2.441082132049414e-05,0.160002072606032,0.0016664668206251786,0.8383070497520221,25,30,20
41,3212,2.4643963715165522e-05,0.16000308787805406,0.002381023487495023,0.8375912446707354,25,30,20
41,3213,2.4645670079214757e-05,0.15999437114833737,0.002301186728570377,0.8376797964530129,25,30,20
41,3214,2.440399355546317e-05,0.1599933250120545,0.0015597231063507805,0.8384225478880392,25,30,20
41,3215,2.4404079446862865e-05,0.15999333237831878,0.0015619080402224067,0.8384203555020118,25,30,20
41,3216,2.4401372959597642e-05,0.15999859647232914,0.0015566466311067596,0.8384203555236043,25,30,20
41,3217,2.4402740948387065e-05,0.15999868277125992,0.0015594476372821678,0.8384174668505089,25,30,20
41,3218,2.4404086354148064e-05,0.1599958624960416,0.001561952753196578,0.8384177806644072,25,30,20
41,3219,2.440540528398739e-05,0.1599959418741645,0.0016011098354432852,0.8383785428851077,25,30,20
41,3220,3.78243169433421e-05,0.16001028283028348,0.0020433560891618173,0.8379085367636108,25,30,20
41,3221,3.7825644143596845e-05,0.1600103622636568,0.0020444725698602565,0.8379073395223386,25,30,20
41,3222,4.653000931746162e-05,0.15999272339513376,0.0020384609508193605,0.8379222856447285,25,30,20
41,3223,4.660667961552814e-05,0.15999302440693675,0.0020409366625760528,0.837919432250871,25,30,20
41,3224,4.645273813171456e-05,0.1600015301880093,0.0020669547675908114,0.8378850623062675,25,30,20
41,3225,4.644863125390642e-05,0.160000816321393,0.002056921607923934,0.8378958134394288,25,30,20
41,3226,3.30350837952432e-05,0.15998161640398278,0.0015739743629702724,0.8384113741492514,25,30,20
41,3227,3.311073363637058e-05,0.15998207583422697,0.0015801603378271284,0.8384046530943094,25,30,20
41,3228,3.3034021297491795e-05,0.15998176917241866,0.0015765321832619085,0.838408664623022,25,30,20
41,3229,3.318749973092027e-05,0.15998246516805056,0.0015863818084950675,0.8383979655237238,25,30,20
41,3230,3.3184739865532914e-05,0.15998363174197286,0.0015852220250088215,0.8383979614931529,25,30,20
41,3231,2.8963327324122976e-05,0.1600105621943357,0.0017483564710925373,0.8382121180072478,25,30,20
41,3232,2.4239986755608717e-05,0.15998268601449422,0.0014015508565527932,0.8385915231421975,25,30,20
41,3233,2.447283323728281e-05,0.1599836157957089,0.001414308447341427,0.8385776029237125,25,30,20
41,3234,2.4549461410987538e-05,0.15998384409294933,0.001417729946465697,0.8385738764991741,25,30,20
41,3235,2.447409875751159e-05,0.1599836947836513,0.0014155354565433965,0.8385762956610473,25,30,20
41,3236,2.471725931528293e-05,0.16001528552198394,0.0020968902164165094,0.837863107002284,25,30,20
41,3237,2.455852281758144e-05,0.15998363548411393,0.001936189384730862,0.838055616608337,25,30,20
41,3238,1.1136594739554361e-05,0.15996428323691675,0.0014780362221811874,0.8385465439461618,25,30,20
41,3239,1.1290064678999588e-05,0.15996505058653845,0.0014872340823852749,0.8385364252663969,25,30,20
41,3240,1.1291347428751303e-05,0.15996512444339492,0.0014851400818335554,0.8385384441273422,25,30,20
41,3241,1.106116249732658e-05,0.15996435732867542,0.0014745297800719062,0.8385500517287547,25,30,20
41,3242,1.0906359964878174e-05,0.15996366009027566,0.0014647655460533885,0.8385606680037054,25,30,20
41,3243,1.5259801936146406e-05,0.15993294405751152,0.0009182237780049113,0.8391335723625472,25,30,20
41,3244,1.5258390429720945e-05,0.15993293533328182,0.0009167642748296555,0.8391350420014584,25,30,20
41,3245,1.5257046315594866e-05,0.15993270237776858,0.0009184044801723939,0.8391336360957431,25,30,20
41,3246,1.53324666191342e-05,0.15993339445814628,0.0009236296877365693,0.8391276433874968,25,30,20
41,3247,1.5257064430528758e-05,0.1599331669585478,0.00092008108667036,0.8391314948903502,25,30,20
41,3248,2.0062146019263004e-05,0.1599523183369957,0.0011948840919304609,0.8388327354250531,25,30,20
41,3249,2.006483874172444e-05,0.1599568359257227,0.0011903570541177027,0.8388327421814168,25,30,20
41,3250,2.0063484167158986e-05,0.15995667978965655,0.0011901822252096692,0.8388330745009656,25,30,20
41,3251,2.0134407860596615e-05,0.159947688463713,0.0011585322894699021,0.8388736448389554,25,30,20
41,3252,2.021248757166586e-05,0.15994053324220994,0.0011654547618646623,0.8388737995083525,25,30,20
41,3253,2.0374260695313642e-05,0.1598237374529844,0.0012684515804638613,0.8388874367058547,25,30,20
41,3254,2.0375654826354904e-05,0.15982397472885476,0.0012325685582330317,0.8389230810580842,25,30,20
41,3255,2.030035810318078e-05,0.1598238379864785,0.0012306274727918282,0.8389252341826249,25,30,20
41,3256,1.570250079824171e-05,0.15982288950428047,0.0011099892999571206,0.8390514186949624,25,30,20
41,3257,1.5705205436989312e-05,0.1598232034140069,0.001113566882469789,0.8390475244980845,25,30,20
41,3258,1.5627103193943294e-05,0.15982281017228447,0.0011066377532036368,0.8390549249713162,25,30,20
41,3259,1.5549024622874025e-05,0.15983115613868584,0.0010985246290807404,0.8390547702076087,25,30,20
41,3260,1.539424107574805e-05,0.15983031080732726,0.0010880308995278784,0.8390662640520675,25,30,20
41,3261,1.5398168236798828e-05,0.15983111977843645,0.001145686319104957,0.8390077957342205,25,30,20
41,3262,1.5321457900573227e-05,0.1598307388148342,0.001141560339423539,0.8390123793878408,25,30,20
41,3263,1.5318747934700442e-05,0.15983042215322477,0.0011376009436801068,0.8390166581551597,25,30,20
41,3264,1.5314688396183023e-05,0.15983307320110635,0.0011348839758153868,0.8390167281346811,25,30,20
41,3265,1.531602128337332e-05,0.1598324872902135,0.001135542616584923,0.8390166540719173,25,30,20
41,3266,1.5317333852569626e-05,0.15983240905269624,0.0011330046792394236,0.8390192689342112,25,30,20
41,3267,1.5318665064450134e-05,0.15983197105876376,0.001133438701601238,0.8390192715745698,25,30,20
41,3268,1.531733356215223e-05,0.1598327969084157,0.0011326182133409842,0.8390192675446804,25,30,20
41,3269,1.5399909070856426e-05,0.15982937883033016,0.0011359447644233827,0.8390192764961748,25,30,20
41,3270,1.059352285425366e-05,0.15981015497331208,0.0008620617249279018,0.8393171897789051,25,30,20
41,3271,1.0595175638828854e-05,0.1598092228123332,0.000862990236823641,0.8393171917752036,25,30,20
41,3272,1.0595175178425378e-05,0.1598092227083798,0.0008615178698285265,0.8393186642466126,25,30,20
41,3273,1.0593898589875176e-05,0.15980922379246248,0.0008620051761205289,0.8393181771328271,25,30,20
41,3274,1.0596663284219998e-05,0.15980923230892755,0.0008656185845405718,0.8393145524432477,25,30,20
41,3275,1.0590036894700689e-05,0.15980825898536954,0.0008048064386764216,0.8393763445390594,25,30,20
41,3276,1.0590042691810814e-05,0.15980833443322082,0.0008037187912789244,0.8393773567328084,25,30,20
41,3277,1.0590058894376802e-05,0.15980834108058686,0.0008046032365987437,0.8393764656239198,25,30,20
41,3278,1.0665394199876406e-05,0.15980879707493437,0.0008069746335463013,0.8393735628973193,25,30,20
41,3279,1.0740770726379684e-05,0.15980902585270196,0.0008233762767969178,0.8393568570997745,25,30,20
41,3280,1.0667862758621e-05,0.1598085773724619,0.0008334578374781814,0.8393472969273015,25,30,20
41,3281,1.0673654866740565e-05,0.15980868261936212,0.0008713510336273286,0.839309292692144,25,30,20
41,3282,1.0672014828683627e-05,0.159806745608615,0.0008732930029719122,0.8393092893735846,25,30,20
41,3283,1.0672038576357351e-05,0.1598070553302795,0.0008739197366213169,0.8393083528945232,25,30,20
41,3284,1.0672040513164642e-05,0.1598069786676736,0.000862125965529308,0.8393202233262841,25,30,20
41,3285,1.0747383684885008e-05,0.15980651093257442,0.0008626800705284942,0.8393200616132126,25,30,20
41,3286,1.0750702551553858e-05,0.1598065214754983,0.0008627494277751897,0.8393199783941754,25,30,20
41,3287,1.0672499055146385e-05,0.15980636630912426,0.0008571535680533636,0.839325807623768,25,30,20
41,3288,1.0591241408773758e-05,0.15980705841781095,0.000856549012284662,0.8393258013284967,25,30,20
41,3289,1.0591243211725645e-05,0.1598070597876652,0.0008565167831846368,0.8393258321859391,25,30,20
41,3290,1.0591244570483866e-05,0.15980705573604148,0.0008562531558830662,0.839326099863506,25,30,20
41,3291,1.9634002855473462e-05,0.15982667795628464,0.0012602597602151843,0.838893428280646,25,30,20
41,3292,1.9635366232485176e-05,0.1598264504425303,0.0012625150889082474,0.8388913991023298,25,30,20
41,3293,1.970764831467504e-05,0.15982657673812173,0.001231898782884137,0.8389218168306805,25,30,20
41,3294,0.00046908137567990726,0.15987515208484102,0.005925643524063669,0.8337301230154162,25,30,20
41,3295,0.0004691568885164994,0.1598757721246352,0.005932012451824397,0.8337230585350243,25,30,20
41,3296,0.0004691640053346888,0.15984755296518074,0.005960137466607984,0.8337231455628769,25,30,20
41,3297,0.000469162686458258,0.159849144106923,0.005958548911182246,0.8337231442954366,25,30,20
41,3298,0.00046900223446358905,0.1599653193784727,0.005856174033300378,0.8337095043537639,25,30,20
41,3299,0.0004690022288701732,0.15996539757167352,0.005856244428205458,0.8337093557712515,25,30,20
41,3300,1.9625769695821347e-05,0.15991681128961255,0.0011467355478851588,0.8389168273928072,25,30,20
41,3301,1.961977193908095e-05,0.15991649244321052,0.0011449810260309602,0.8389189067588201,25,30,20
41,3302,1.9617056615338132e-05,0.159916562401589,0.0011405456182469612,0.8389232749235493,25,30,20
41,3303,1.9615524843791906e-05,0.1599166329716748,0.0011282954339645048,0.8389354560695174,25,30,20
41,3304,1.961680109021755e-05,0.15991655385755332,0.0011273914501929232,0.838936437891164,25,30,20
41,3305,1.96181415919631e-05,0.15991647989746988,0.0011298307623636937,0.8389340711985749,25,30,20
41,3306,1.961672761896291e-05,0.15991631513847673,0.0011279519176544909,0.8389361162162499,25,30,20
41,3307,1.953996858238465e-05,0.1599156997964158,0.00111904152964813,0.8389457187053528,25,30,20
41,3308,1.9539948802353335e-05,0.15991577121260697,0.0011312769519098308,0.83893341188668,25,30,20
41,3309,1.9541341890513043e-05,0.15991569855374865,0.001122487511044086,0.8389422725933159,25,30,20
41,3310,1.94645956723055e-05,0.15991539031495883,0.001118605174897813,0.8389465399144703,25,30,20
41,3311,1.0581666159259539e-05,0.15989649682835264,0.0007259440197813484,0.839366977485706,25,30,20
41,3312,1.0584399638280279e-05,0.15989542638434262,0.0007270090041897133,0.8393669802118287,25,30,20
41,3313,1.065268418820816e-05,0.15992154984388807,0.0007007534851593404,0.8393670439867635,25,30,20
41,3314,1.0651295352562687e-05,0.15992123742674585,0.0006974812477560362,0.8393706300301447,25,30,20
41,3315,1.0652659175868827e-05,0.15992147998233824,0.0006965392017530687,0.8393713281567321,25,30,20
41,3316,1.0729491969697892e-05,0.1599217889694804,0.0007139437878810191,0.8393535377506681,25,30,20
41,3317,1.0813535746973299e-05,0.15992180859387609,0.0007219967345156352,0.8393453811358608,25,30,20
41,3318,1.0736829669241078e-05,0.15992604972088603,0.0007179089401493196,0.8393453045092946,25,30,20
41,3319,1.0735461706307723e-05,0.15992596625923622,0.0007163109779612996,0.8393469873010955,25,30,20
41,3320,1.0658727214887143e-05,0.1599255838275658,0.0007121451193270852,0.8393516123258914,25,30,20
41,3321,1.0580654561448887e-05,0.15992535092461113,0.0007048846161043158,0.8393591838047224,25,30,20
41,3322,1.0580629475725419e-05,0.15992527279611346,0.0007044217853835004,0.8393597247890267,25,30,20
41,3323,1.0577895597514899e-05,0.15992697882462248,0.0007027225389927656,0.8393597207407865,25,30,20
41,3324,1.0501313839977654e-05,0.15993116415052025,0.0006986899729843294,0.839359644562655,25,30,20
41,3325,1.0501313464079167e-05,0.15993100933661938,0.0006984671300768601,0.839360022219839,25,30,20
41,3326,1.049995851899484e-05,0.1599309284813787,0.0006962250319285705,0.8393623465281731,25,30,20
41,3327,1.0499962644610049e-05,0.15993092719238733,0.0006962294710378754,0.8393623433739298,25,30,20
41,3328,1.042444120703716e-05,0.1599304620214497,0.0006889653111459503,0.8393701482261972,25,30,20
41,3329,1.0425793553098066e-05,0.159930463460682,0.0006922953410974679,0.8393668154046674,25,30,20
41,3330,1.0425792031422548e-05,0.15993053881754976,0.0006923979254247524,0.8393666374649941,25,30,20
41,3331,1.5292408158761874e-05,0.15995364318396776,0.0010568507507622582,0.8389742136571112,25,30,20
41,3332,1.529511431985239e-05,0.15995163431550594,0.0010589282824070513,0.8389741422877671,25,30,20
41,3333,1.529240815372123e-05,0.15995176442207762,0.0010587252415289598,0.8389742179282397,25,30,20
41,3334,1.5292386805149212e-05,0.15995168226009132,0.0010591419382424236,0.8389738834148613,25,30,20
41,3335,1.5293729210398747e-05,0.15995183836214205,0.0010593826229303028,0.8389734852857176,25,30,20
41,3336,1.5374783725722e-05,0.15995200842231752,0.0010847225008971532,0.8389478942930595,25,30,20
41,3337,1.5373524917205395e-05,0.15995208572227784,0.0010869574607400422,0.8389455832920647,25,30,20
41,3338,1.5530253896567255e-05,0.15995279490031641,0.001090395927107661,0.8389412789186792,25,30,20
41,3339,1.5528909156595973e-05,0.15995438499698844,0.0010888084945073397,0.8389412775993473,25,30,20
41,3340,1.5529036683886346e-05,0.15995383350855819,0.0010894298463404275,0.8389412076084172,25,30,20
41,3341,1.560578397910638e-05,0.1599334493509768,0.0011095770207635903,0.8389413678442803,25,30,20
41,3342,1.5530368136770232e-05,0.15993314501597253,0.0011049066732506977,0.8389464179426395,25,30,20
41,3343,1.584785103433496e-05,0.15993371856342672,0.001103723214386349,0.838946710371152,25,30,20
41,3344,1.584788353411147e-05,0.15993371870869902,0.0011039967335745866,0.8389464366741916,25,30,20
41,3345,1.1055239978871817e-05,0.15991067457367186,0.0007410930615942833,0.8393371771247541,25,30,20
41,3346,1.105527066050136e-05,0.15991051982939258,0.000781027647836602,0.8392973972521096,25,30,20
41,3347,1.1056586011264732e-05,0.15991052509079556,0.0007433150595685008,0.8393351032636239,25,30,20
41,3348,1.1057892814107248e-05,0.15991044549393613,0.000743329923941934,0.8393351666893067,25,30,20
41,3349,1.1059246067938248e-05,0.15991052907281986,0.0007449233107496895,0.8393334883703615,25,30,20
41,3350,1.1057927999124308e-05,0.1599105263734802,0.0007439953921091434,0.8393344203064105,25,30,20
41,3351,1.0979574681139203e-05,0.15991052063300054,0.0007206595309451696,0.8393578402613722,25,30,20
41,3352,1.0979620267912713e-05,0.15991052889657784,0.0007214416738109315,0.8393570498093423,25,30,20
41,3353,1.0978299460569576e-05,0.15991060433321083,0.0007201419402548602,0.8393582754270729,25,30,20
41,3354,1.0978305454609613e-05,0.15991075516540262,0.0007328210848697845,0.8393454454442719,25,30,20
41,3355,1.090291337610221e-05,0.15991045366740947,0.0007289506390276736,0.8393496927801857,25,30,20
41,3356,1.0979646803311919e-05,0.15990689283815385,0.0007322852327334913,0.8393498422823084,25,30,20
41,3357,1.0902919684947806e-05,0.1599066627114112,0.0007277622813677805,0.8393546720875352,25,30,20
41,3358,1.0976944401809581e-05,0.15990696025831524,0.000729457696217581,0.8393526051010645,25,30,20
41,3359,1.097828142089127e-05,0.1599070436551793,0.0007307558118308417,0.839351222251568,25,30,20
41,3360,1.1053700667746215e-05,0.1599072740967944,0.0007375394742450616,0.839344132728292,25,30,20
41,3361,1.1205884632531376e-05,0.15991680285859902,0.0009228263405535781,0.8391491649162139,25,30,20
41,3362,1.1205891561620074e-05,0.15991680284979207,0.000923581277915033,0.83914840998073,25,30,20
41,3363,1.1364787263663883e-05,0.1599173629544505,0.00093089410204461,0.8391403781562399,25,30,20
41,3364,2.0487939996705022e-05,0.15992747025819123,0.001145134964513771,0.838906906837297,25,30,20
41,3365,2.5352345014722992e-05,0.1599600873554378,0.0017414120154533041,0.8382731482840928,25,30,20
41,3366,2.5355024990030502e-05,0.15996025293985253,0.0017431964017010798,0.8382711956334551,25,30,20
41,3367,2.535366181877151e-05,0.15996025017793472,0.0017398683006028392,0.8382745278596427,25,30,20
41,3368,2.5275562981555916e-05,0.1599598705448866,0.0017516681617306645,0.8382631857303999,25,30,20
41,3369,1.6152402016537017e-05,0.15994976584178164,0.001537745852675434,0.8384963359035252,25,30,20
41,3370,1.615106223650727e-05,0.15994983724605763,0.0015366258565254526,0.8384973858351792,25,30,20
41,3371,1.6151143487433197e-05,0.15994984019768377,0.0015428781854300566,0.8384911304733975,25,30,20
41,3372,1.615387954841989e-05,0.15994975115729473,0.0015268859574857929,0.8385072090056699,25,30,20
41,3373,1.6308695803622175e-05,0.15995052378704883,0.001537420958517859,0.8384957465586284,25,30,20
41,3374,2.5357130316504984e-05,0.15996938795155316,0.0018925057549841534,0.8381127491631456,25,30,20
41,3375,2.535697617813578e-05,0.1599702455651497,0.0018916554738834218,0.8381127419847882,25,30,20
41,3376,2.5437908971203326e-05,0.15990815704897524,0.001953260747510554,0.8381131442945424,25,30,20
41,3377,2.512860387999847e-05,0.1598978376861047,0.0017596868830517753,0.8383173468269631,25,30,20
41,3378,2.504755811459475e-05,0.15996064407747074,0.0016973601799985811,0.8383169481844157,25,30,20
41,3379,2.4654594876589355e-05,0.15995968884913395,0.0016827199699241434,0.8383329365860652,25,30,20
41,3380,2.4651810569995288e-05,0.1599596860555855,0.0016776555225360551,0.8383380066113084,25,30,20
41,3381,2.465308498291732e-05,0.1599596104728966,0.0016793773086699582,0.8383363591334504,25,30,20
41,3382,2.4813429272105175e-05,0.1598867611123949,0.0017518288995754777,0.838336596558757,25,30,20
41,3383,1.5918457454877132e-05,0.15986843522905328,0.0014041799068031892,0.8387114664066883,25,30,20
41,3384,1.5843086723543925e-05,0.15986829399409633,0.0014007307506026655,0.838715132168577,25,30,20
41,3385,1.5843072270947335e-05,0.15986828581552867,0.0013997188673858807,0.8387161522448139,25,30,20
41,3386,1.0736566243453693e-05,0.1598350140825348,0.0007919777122464704,0.8393622716389747,25,30,20
41,3387,1.0736561324472177e-05,0.15983500877241139,0.0007913681272447819,0.8393628865390188,25,30,20
41,3388,1.0811915550636502e-05,0.15983538556977805,0.0007936595002952814,0.8393601430143753,25,30,20
41,3389,1.0891674758668004e-05,0.15983563663102132,0.001550201775359722,0.83860326991886,25,30,20
41,3390,1.0813322664167593e-05,0.15983554470627626,0.0007953171227583779,0.839358324848301,25,30,20
41,3391,1.0816294081915683e-05,0.15983563100869796,0.000809763742563399,0.8393437889546564,25,30,20
41,3392,1.0816248857065483e-05,0.1598356254758,0.000809235474930683,0.8393443228004128,25,30,20
41,3393,1.0816247885510237e-05,0.15983562542081267,0.0008092188478198441,0.839344339483482,25,30,20
41,3394,1.0657265088860888e-05,0.1598350647326478,0.0007965697754468452,0.8393577082268163,25,30,20
41,3395,1.0657262886318313e-05,0.15983498930973583,0.0007965818184405075,0.8393577716089372,25,30,20
41,3396,1.0658531925937344e-05,0.159834597925945,0.0007970489030475327,0.8393576946390813,25,30,20
41,3397,1.0735216455654322e-05,0.15983497469999736,0.0008004710800691021,0.839353819003478,25,30,20
41,3398,1.073521650456645e-05,0.15983497331312965,0.0008008052312377723,0.8393534862391282,25,30,20
41,3399,1.0577572176005744e-05,0.1599215786338466,0.000714596371504818,0.8393532474224727,25,30,20
41,3400,1.0577574137980902e-05,0.15992165685378204,0.0007161539677212147,0.8393516116043588,25,30,20
41,3401,1.0499577242890312e-05,0.15992126401943263,0.000718610352790897,0.8393496260505339,25,30,20
41,3402,1.0657361747484384e-05,0.15993077674275827,0.0007863106134274274,0.8392722552820671,25,30,20
41,3403,1.0655991525692867e-05,0.15993069181641317,0.0007848871890273361,0.8392737650030342,25,30,20
41,3404,1.0737824083325712e-05,0.15993109636207511,0.0007833177930796984,0.8392748480207624,25,30,20
41,3405,1.0813214645052574e-05,0.15993124309921503,0.000786351165676175,0.8392715925204642,25,30,20
41,3406,1.081325301335694e-05,0.1599310897010551,0.0007888076254577282,0.8392692894204743,25,30,20
41,3407,1.0813425176032476e-05,0.1599311732632672,0.0008041727112220616,0.8392538406003349,25,30,20
41,3408,1.081342432313652e-05,0.15993132407315744,0.0008445670103985216,0.8392132954921214,25,30,20
41,3409,1.0736725603389861e-05,0.1599310171621894,0.00083937114592734,0.8392188749662804,25,30,20
41,3410,1.5261348701695504e-05,0.15993165616093094,0.0009183160418864482,0.8391347664484812,25,30,20
41,3411,1.5260033480147687e-05,0.15992004803472942,0.0009299254197256924,0.8391347665120648,25,30,20
41,3412,1.5261359172931246e-05,0.1599199778352509,0.0009311370549269048,0.8391336237506494,25,30,20
41,3413,1.526278012709167e-05,0.15992029306714378,0.0009354800778177914,0.8391289640749116,25,30,20
41,3414,1.5184667397616881e-05,0.15992635049486398,0.0009296542709920507,0.8391288105667466,25,30,20
41,3415,1.5184664192153419e-05,0.15992634785989762,0.0009159319397417108,0.839142535536169,25,30,20
41,3416,1.5186564186563582e-05,0.15993976309998817,0.0009919380267329426,0.839053112309093,25,30,20
41,3417,1.5033122841977369e-05,0.1599389958035152,0.0009836367362934572,0.8390623343373502,25,30,20
41,3418,1.5423186363784506e-05,0.15993932515978013,0.0010867349280342842,0.8389585167258228,25,30,20
41,3419,1.5585176105728244e-05,0.15994870499201272,0.0011595448838909268,0.8388761649479913,25,30,20
41,3420,1.558522410994741e-05,0.15994901759711896,0.0011652324475323742,0.8388701647312392,25,30,20
41,3421,1.5585133147576576e-05,0.15994893652441677,0.0011636968226977767,0.8388717815197383,25,30,20
41,3422,1.5663038359709986e-05,0.1599493955450168,0.001154924799847215,0.8388800166167764,25,30,20
41,3423,1.5663089835370282e-05,0.15994955191237392,0.001157334459471008,0.8388774505383193,25,30,20
41,3424,1.5663040486765676e-05,0.1599495490015254,0.0011575042171501231,0.8388772837408368,25,30,20
41,3425,1.558628164850086e-05,0.15994901041626122,0.0011522911352606301,0.8388831121668288,25,30,20
41,3426,1.5586234442363973e-05,0.15994916788729335,0.0011505868623357019,0.8388846590159278,25,30,20
41,3427,1.558754500257007e-05,0.15994901563991917,0.0011484907935677888,0.8388869060215098,25,30,20
41,3428,1.5590318334525293e-05,0.15994972424576687,0.0011575404265607827,0.838877145009337,25,30,20
41,3429,1.5514928310724953e-05,0.1599495789140114,0.0011795712924306864,0.8388553348652462,25,30,20
41,3430,1.535161103512153e-05,0.15994011815626474,0.0011053635664762507,0.8389391666662229,25,30,20
41,3431,1.5351700298474523e-05,0.15994043089553753,0.001109449737623088,0.8389347676665401,25,30,20
41,3432,1.5354388883732686e-05,0.15994059246294412,0.0011471449834505674,0.8388969081647211,25,30,20
41,3433,1.5354388081335726e-05,0.15994059284270162,0.0011470588571529162,0.8388969939120642,25,30,20
41,3434,1.5510661877065836e-05,0.15994098159002068,0.0011654343698920774,0.8388780733782102,25,30,20
41,3435,1.5507891075754585e-05,0.15994089884145615,0.0011787381885094148,0.8388648550789587,25,30,20
41,3436,1.550646950125986e-05,0.15994043262263452,0.0011730596937963899,0.8388710012140679,25,30,20
41,3437,1.5583185846842184e-05,0.159940812183,0.00117739324867701,0.8388662113824762,25,30,20
41,3438,1.5580480367030692e-05,0.15994057647980311,0.0011755979198093626,0.8388682451200208,25,30,20
41,3439,1.5579136204681717e-05,0.15994057112804383,0.0011742562583663618,0.8388695934773854,25,30,20
41,3440,1.5579136402140933e-05,0.15994056834921838,0.0011369351398674433,0.8389069173745124,25,30,20
41,3441,1.5577818805857037e-05,0.15994063977405937,0.0011355555978204695,0.8389082268093145,25,30,20
41,3442,1.5577639397532452e-05,0.1599406362541864,0.0011067159183225574,0.8389370701880935,25,30,20
41,3443,1.5651604672716073e-05,0.15994031536680395,0.0011027274744613328,0.8389413055540621,25,30,20
41,3444,1.5652980645610687e-05,0.15993940343520557,0.001103636648022844,0.8389413069361258,25,30,20
41,3445,1.5657094310526934e-05,0.1599392665357351,0.0010823232827516425,0.8389627530872028,25,30,20
41,3446,1.589000294092192e-05,0.15994042967075736,0.0010977525407045304,0.8389459277855973,25,30,20
41,3447,1.5890015681645935e-05,0.1599367581189398,0.001101422649268561,0.8389459292161101,25,30,20
41,3448,1.5894268157933674e-05,0.15993715565219013,0.0011273586533248384,0.8389195914263273,25,30,20
41,3449,1.6209252426554106e-05,0.15994231249181923,0.001233717475679941,0.8388077607800749,25,30,20
41,3450,1.597775927462564e-05,0.1599416989451805,0.0012262196179654175,0.83881610367758,25,30,20
41,3451,1.5974824298134656e-05,0.15994122732779284,0.0012011505353114195,0.8388416473125981,25,30,20
41,3452,1.5899426761266372e-05,0.15994084902393094,0.0011981699206186172,0.8388450816286895,25,30,20
41,3453,1.589943549579254e-05,0.15994084629986946,0.001197453009088163,0.8388458012555468,25,30,20
41,3454,1.5900754970006908e-05,0.1599409270454202,0.001198683478619889,0.8388444887209902,25,30,20
41,3455,1.5902066034546437e-05,0.15994100911594739,0.0012004238733765475,0.8388426649446417,25,30,20
41,3456,1.5899378834663148e-05,0.15994084890517363,0.0011979411191189423,0.838845310596873,25,30,20
41,3457,1.5897987423825485e-05,0.15994045422578249,0.0011908886306133725,0.8388527591561803,25,30,20
41,3458,1.6131689235163976e-05,0.1599403010562666,0.0012572406848260736,0.8387863265696719,25,30,20
41,3459,1.5816670084274058e-05,0.1599351429470525,0.0011523184029193227,0.8388967219799435,25,30,20
41,3460,1.5974436688619632e-05,0.15983008286508188,0.0012569065963245279,0.8388970361019047,25,30,20
41,3461,1.5974430223651944e-05,0.1598300774352331,0.0012561781459415,0.8388977699886019,25,30,20
41,3462,1.5974481248691383e-05,0.15984237479169167,0.0012438793337043008,0.8388977713933551,25,30,20
41,3463,1.597315373960665e-05,0.1598422940138234,0.001242963571134241,0.8388987692613026,25,30,20
41,3464,1.597315199729663e-05,0.1598422953712818,0.001243135105111041,0.8388985963716097,25,30,20
41,3465,1.6211025516801567e-05,0.15986059356824886,0.0013961221300475865,0.8387270732761866,25,30,20
41,3466,1.5974469555775948e-05,0.15984222122946107,0.0012464957925909072,0.8388953085083921,25,30,20
41,3467,1.589069124921296e-05,0.15994864497031633,0.0011403260737909667,0.8388951382646432,25,30,20
41,3468,1.5885265029819123e-05,0.15994869857120012,0.0011378561698413094,0.8388975599939286,25,30,20
41,3469,1.6277036105482922e-05,0.15995035144126366,0.0011822113433767776,0.838851160179254,25,30,20
41,3470,1.6200350254238926e-05,0.15995376036372227,0.0011790311790110272,0.8388510081070123,25,30,20
41,3471,1.5966526428801903e-05,0.1599573376101968,0.001208797917734456,0.8388178979456399,25,30,20
41,3472,2.075251677828169e-05,0.15998535552510776,0.0016384860881330987,0.8383554058699808,25,30,20
41,3473,2.0752507903415547e-05,0.15998528002714837,0.001646555368827494,0.8383474120961206,25,30,20
41,3474,1.596517333875054e-05,0.15995710323267598,0.0012152329228825166,0.8388116986711027,25,30,20
41,3475,1.5889780403396805e-05,0.15995687707414327,0.0012120075644816012,0.8388152255809718,25,30,20
41,3476,1.5810183556553423e-05,0.1599567936031203,0.001192083148707215,0.8388353130646162,25,30,20
41,3477,1.5811545067616142e-05,0.15995702656281208,0.0011946459362610691,0.8388325159558595,25,30,20
41,3478,1.5422846004308196e-05,0.15995693301662506,0.0010947526383154463,0.8389328914990554,25,30,20
41,3479,1.5498236750313452e-05,0.1599570824584732,0.0010979895793400355,0.8389294297254366,25,30,20
41,3480,1.5500969211322348e-05,0.15995701788729627,0.0011007138757373968,0.838926767267755,25,30,20
41,3481,1.5654412946323023e-05,0.15995763034257152,0.0011093682396591746,0.8389173470048229,25,30,20
41,3482,1.573420235264947e-05,0.15995733699884526,0.0011099359030470996,0.8389169928957549,25,30,20
41,3483,1.565889068746281e-05,0.15995805458348894,0.001144540806262855,0.8388817457195608,25,30,20
41,3484,1.581777686128312e-05,0.15995930543363215,0.0011606937844127517,0.8388641830050939,25,30,20
41,3485,1.5816361743609306e-05,0.1599587558467238,0.001153015602898569,0.838872412188634,25,30,20
41,3486,1.581787402574876e-05,0.1599588386605609,0.00115637006834873,0.8388689733970647,25,30,20
41,3487,1.5819253065303947e-05,0.15995900042199931,0.001196105920635516,0.8388290744042998,25,30,20
41,3488,1.5822017074245404e-05,0.15995204878321653,0.0012028079258024815,0.8388293212739064,25,30,20
41,3489,1.582066004167459e-05,0.15995196388685376,0.0012005347804026616,0.8388316806727015,25,30,20
41,3490,1.5820590611033076e-05,0.15995109828188078,0.0011636159899898223,0.8388694651375179,25,30,20
41,3491,1.574530005342937e-05,0.15995057229316825,0.0011598696377431385,0.8388738127690348,25,30,20
41,3492,1.5745109185304125e-05,0.1599506469691253,0.0011476407778498981,0.8388859671438391,25,30,20
41,3493,1.574512217492309e-05,0.15994987824443202,0.0011484093193216147,0.8388859673140712,25,30,20
41,3494,1.5745120454936094e-05,0.15994987707123035,0.001147612088765509,0.8388867657195489,25,30,20
41,3495,1.574517584935642e-05,0.15994972094762994,0.0011666172590270414,0.8388679166174934,25,30,20
41,3496,1.5664020826288537e-05,0.1599497814281487,0.0011644218471467535,0.8388701327038781,25,30,20
41,3497,1.5666750275576878e-05,0.15994971411703754,0.001174054788931842,0.8388605643437549,25,30,20
41,3498,1.1140901013306049e-05,0.15994892731272578,0.0010811822957611074,0.8389587494905002,25,30,20
41,3499,1.1139660195230811e-05,0.15994900050273134,0.0010804832097077853,0.8389593766273663,25,30,20
41,3500,1.0984858065508385e-05,0.15994861158860982,0.0010719731710647613,0.8389684303822602,25,30,20
41,3501,1.0672845841745629e-05,0.15993995100273067,0.0009444384971862839,0.8391049376542415,25,30,20
41,3502,1.0904392455151377e-05,0.15994072749580726,0.0009571421070263324,0.8390912260047116,25,30,20
41,3503,1.0745380384509752e-05,0.15992668732881124,0.0008767604117946201,0.8391858068790097,25,30,20
41,3504,1.0897463334967072e-05,0.15992729570954686,0.0008772376377243886,0.8391845691893935,25,30,20
41,3505,1.114490233754344e-05,0.15993752812520146,0.0009867487907812768,0.8390645781816793,25,30,20
41,3506,1.1144846128010554e-05,0.15993602955411762,0.0009882515491538328,0.8390645740506005,25,30,20
41,3507,1.0911977515978355e-05,0.15993517619494146,0.0009752522114089611,0.8390786596161337,25,30,20
41,3508,1.091345591680743e-05,0.1599351819930822,0.0009749835503842132,0.8390789210006169,25,30,20
41,3509,1.0914769725823659e-05,0.15993541890330928,0.0009566968321703583,0.8390969694947945,25,30,20
41,3510,1.0916087369619474e-05,0.15993534611191718,0.0009575686704004961,0.8390961691303127,25,30,20
41,3511,1.091461730942672e-05,0.15993541302609451,0.0009555509613744349,0.8390981213952218,25,30,20
41,3512,1.0991246863819287e-05,0.15993586639575838,0.0009601981895071741,0.8390929441678707,25,30,20
41,3513,1.0989928920441404e-05,0.15993586379418412,0.0009593375950508793,0.8390938086818448,25,30,20
41,3514,1.0989764704661072e-05,0.15993601406939323,0.0009561640282181272,0.8390968321376842,25,30,20
41,3515,1.0989760158453071e-05,0.1599360140223916,0.0009565716024508088,0.8390964246149994,25,30,20
41,3516,1.0837700810886898e-05,0.15993579361450586,0.0009511120138633696,0.8391022566708203,25,30,20
41,3517,1.0836356857685003e-05,0.15993586506335367,0.0009472728583480198,0.8391060257214403,25,30,20
41,3518,1.0835018124360256e-05,0.15993562812725795,0.0009479159006509337,0.8391056209539665,25,30,20
41,3519,1.0836320740474359e-05,0.1599355021907127,0.000947884401776605,0.8391057770867698,25,30,20
41,3520,1.0834955435988389e-05,0.1599388664296152,0.0009444572758968046,0.8391058413390518,25,30,20
41,3521,1.0913038938661755e-05,0.1599341002659793,0.0009489894281725169,0.8391059972669092,25,30,20
41,3522,1.5633362432507306e-05,0.1599616479619024,0.0012453623026880347,0.8387773563729766,25,30,20
41,3523,1.563328854270531e-05,0.15996165029421477,0.0012465876112857518,0.8387761288059563,25,30,20
41,3524,1.571004578370949e-05,0.15996196121288186,0.0012512228687591683,0.8387711058725749,25,30,20
41,3525,1.5711383703442052e-05,0.15996211738157065,0.0012522482359548829,0.8387699229987706,25,30,20
41,3526,2.0365661447308054e-05,0.1596819405890458,0.0015182376272802297,0.8387794561222262,25,30,20
41,3527,2.0116903600461204e-05,0.15967155065373884,0.0013659039884096967,0.8389424284542507,25,30,20
41,3528,2.01936373840853e-05,0.15967185512477258,0.0013703467688298194,0.8389376044690131,25,30,20
41,3529,2.0112791532006893e-05,0.15967114392667636,0.0013644521714615144,0.8389442911103298,25,30,20
41,3530,2.0115479624454722e-05,0.1596711519850869,0.0013664731438410957,0.8389422593914471,25,30,20
41,3531,2.0431552157129336e-05,0.1596802934972637,0.001488843616324913,0.8388104313342535,25,30,20
41,3532,2.495835561503168e-05,0.1596809366478608,0.0015637628777204538,0.838730342118803,25,30,20
41,3533,2.495836297582537e-05,0.1596807051041938,0.0015637626247393677,0.8387305739080908,25,30,20
41,3534,2.496106496548725e-05,0.15968071731366945,0.0015646186595345071,0.8387297029618304,25,30,20
41,3535,2.022877409399725e-05,0.15992909213761317,0.0013306622642070838,0.8387200168240855,25,30,20
41,3536,2.0304141769305084e-05,0.1599292387123254,0.001331857338686637,0.8387185998072184,25,30,20
41,3537,1.991130694713825e-05,0.15991971073285582,0.0012038010456356526,0.8388565769145612,25,30,20
41,3538,1.9911278301996787e-05,0.15992043275690407,0.0012031570692862088,0.8388564988955076,25,30,20
41,3539,1.99114242549476e-05,0.1599205858298159,0.001204101882296445,0.8388554008636323,25,30,20
41,3540,1.5189745353483828e-05,0.15989295717018806,0.0008687153785587097,0.839223137705899,25,30,20
41,3541,1.526733827233812e-05,0.15989811995856917,0.0009649491109000949,0.8391216635922573,25,30,20
41,3542,1.5108446766446948e-05,0.1598968677190559,0.0009485665680004243,0.8391394572661762,25,30,20
41,3543,1.5109847174498093e-05,0.15989711086761188,0.0009513344845844684,0.839136444800628,25,30,20
41,3544,1.5186478857281357e-05,0.1598973366450057,0.0009800002275674351,0.8391074766485686,25,30,20
41,3545,1.5107593079591215e-05,0.15989225342143515,0.00088177012412778,0.8392108688613565,25,30,20
41,3546,1.5030830039687861e-05,0.15993310768411337,0.0008411477668951507,0.839210713718951,25,30,20
41,3547,1.5267633013203437e-05,0.15993353098501173,0.0008899905267959799,0.8391612108551783,25,30,20
41,3548,1.5267658718833967e-05,0.15993353384706455,0.00089029703361793,0.8391609014605979,25,30,20
41,3549,1.5266302861266938e-05,0.15993353120985754,0.0008900843029968397,0.839161118184284,25,30,20
41,3550,1.5262221643527846e-05,0.15993335725279695,0.0008867566880656552,0.8391646238374934,25,30,20
41,3551,1.533894935952534e-05,0.15993389842299174,0.000891191419901972,0.8391595712077462,25,30,20
41,3552,1.0889199612173445e-05,0.15993348423985665,0.000883731274400348,0.8391718952861303,25,30,20
41,3553,1.0812466223612506e-05,0.15993318257918146,0.0008797639262343224,0.83917624102836,25,30,20
41,3554,1.0731388015733597e-05,0.1599285730378651,0.0008345989939569011,0.839226096580162,25,30,20
41,3555,1.0813759747524183e-05,0.15992897724623273,0.0008406401161959374,0.8392195688778235,25,30,20
41,3556,1.0812431601183969e-05,0.15993020242083628,0.0008394956750527162,0.8392194894725092,25,30,20
41,3557,1.0810943066517651e-05,0.15993012075915997,0.0008374308177489827,0.8392216374800239,25,30,20
41,3558,1.0812318401207514e-05,0.1599304305269637,0.0008410794044585522,0.839217677750176,25,30,20
41,3559,1.0812352441214177e-05,0.15993050325151487,0.000881365699149219,0.8391773186968942,25,30,20
41,3560,1.0813743896354789e-05,0.1599305910262967,0.0008830618365714937,0.8391755333932349,25,30,20
41,3561,1.089184794238828e-05,0.15993105561712823,0.0008893326752336092,0.8391687198596955,25,30,20
41,3562,1.088617698201677e-05,0.1599308795825168,0.0008883259424905793,0.8391699082980102,25,30,20
41,3563,1.0802821509784243e-05,0.15993083685997006,0.0008469638207066342,0.8392113964978131,25,30,20
41,3564,1.0802844674618074e-05,0.15993076286472405,0.0008830455685507116,0.8391753887220503,25,30,20
41,3565,1.0726200691497673e-05,0.15993045373382123,0.0008800920138682239,0.839178728051619,25,30,20
41,3566,1.064949323051719e-05,0.15993014824458823,0.0008764724701209402,0.83918272979206,25,30,20
41,3567,1.0571385443040567e-05,0.15992984112923336,0.0008469154245042826,0.8392126720608191,25,30,20
41,3568,1.0646763914771837e-05,0.15993022482106428,0.0008507079099850026,0.8392084205050355,25,30,20
41,3569,1.0569709970730552e-05,0.15992992040818924,0.0007838577949613243,0.839275652086878,25,30,20
41,3570,1.088402975563672e-05,0.15993125714406073,0.0007989431374215762,0.8392589156887618,25,30,20
41,3571,1.1038883653659622e-05,0.15992158358675188,0.0008082302344503585,0.8392591472951441,25,30,20
41,3572,1.1037548162996861e-05,0.1599215027381232,0.0008080378490563921,0.8392594218646572,25,30,20
41,3573,1.103757886215459e-05,0.1599214328691382,0.0008077516721655488,0.8392597778798337,25,30,20
41,3574,1.1114258519373484e-05,0.15991669706642783,0.0008122587366570662,0.8392599299383953,25,30,20
41,3575,1.1267671301048435e-05,0.15991722862090996,0.0008191738928696815,0.8392523298149189,25,30,20
41,3576,1.127178498551346e-05,0.15991446724946548,0.0008219242960137926,0.839252336669535,25,30,20
41,3577,1.1196392654340258e-05,0.15991981946166192,0.0008167969374140878,0.8392521872082694,25,30,20
41,3578,1.1196398714966e-05,0.15991959204080952,0.0008148522572948365,0.8392543593031807,25,30,20
41,3579,1.1119664835984281e-05,0.15991927703813935,0.0008090415887141651,0.8392605617083108,25,30,20
41,3580,1.1118261511720452e-05,0.15991911387810087,0.0008068461908055727,0.839262921669582,25,30,20
41,3581,1.1118316571594352e-05,0.15991522051868523,0.0008103515787426314,0.8392633095860007,25,30,20
41,3582,1.1118341155976503e-05,0.15991522179929687,0.0008107139603385147,0.8392629458992089,25,30,20
41,3583,1.1118294912850338e-05,0.1599152149806892,0.0008090671371737506,0.8392645995872244,25,30,20
41,3584,1.119510676240751e-05,0.159915686683539,0.0008205948346068538,0.8392525233750919,25,30,20
41,3585,1.1041572085899362e-05,0.15992428872546255,0.0008124506552187494,0.8392522190472331,25,30,20
41,3586,1.0963519328229146e-05,0.15992406280220348,0.0008108440794217181,0.8392541295990468,25,30,20
41,3587,1.0962170615893903e-05,0.15992390793613306,0.0008086950170859264,0.839256434876166,25,30,20
41,3588,1.09666055532488e-05,0.15992415425474843,0.0008116229771126302,0.8392532561625867,25,30,20
41,3589,1.0888481432921012e-05,0.15992375983021653,0.0007687304329729687,0.8392966212553787,25,30,20
41,3590,1.1051374043186879e-05,0.15995551007101838,0.0009201963750845742,0.839113242179855,25,30,20
41,3591,1.1049998545863212e-05,0.15995899634171976,0.000917022495879096,0.8391129311638563,25,30,20
41,3592,1.1126732633003223e-05,0.15995930462370014,0.0009192173089976953,0.83911035133467,25,30,20
41,3593,1.1129532179349508e-05,0.15995931072147468,0.0009209031952008815,0.8391086565511459,25,30,20
41,3594,1.1125069464592284e-05,0.15995913580056573,0.000917494531159743,0.8391122445988108,25,30,20
41,3595,1.1050877629444666e-05,0.1599584447646907,0.0008922465741185883,0.8391382577835621,25,30,20
41,3596,1.097959730269652e-05,0.1599587017970796,0.0010442675899494517,0.8389860510156693,25,30,20
41,3597,1.561734416515116e-05,0.1600038193947619,0.0014654256308352306,0.8385151376302385,25,30,20
41,3598,1.5617322583295304e-05,0.16000381817480733,0.0014647312888757308,0.8385158332137341,25,30,20
41,3599,1.553924402590892e-05,0.16000342636554207,0.0014571739878744354,0.8385238604025581,25,30,20
41,3600,1.553918413507458e-05,0.1600033481033999,0.0014167384709397183,0.8385643742415254,25,30,20
41,3601,1.5539201554099787e-05,0.16000335335702043,0.001417886848322269,0.8385632205931033,25,30,20
41,3602,1.5540576190526217e-05,0.16000351223512652,0.001420069466931653,0.8385608777217515,25,30,20
41,3603,1.5540666086773168e-05,0.16000312525118915,0.0014204575505877616,0.8385608765321364,25,30,20
41,3604,1.5539276159269123e-05,0.1600029649634208,0.0014195059650130596,0.8385619897954067,25,30,20
41,3605,2.464838844793264e-05,0.16002173011808246,0.0018481652068629102,0.8381054562866068,25,30,20
41,3606,2.464971345839443e-05,0.16002180561401536,0.0018495621634359103,0.8381039825090905,25,30,20
41,3607,2.472639666914678e-05,0.16002202748974795,0.0018522531342851022,0.8381009929792974,25,30,20
41,3608,2.4727765219707165e-05,0.1600224209088603,0.00185853295414899,0.8380943183717707,25,30,20
41,3609,2.465105791553404e-05,0.1600221921386244,0.0018532876658298662,0.8380998691376298,25,30,20
41,3610,2.4727868128327423e-05,0.15996036820700618,0.0019151129958416223,0.8380997909290236,25,30,20
41,3611,2.4564997279906223e-05,0.15992861933033667,0.0017650585595067362,0.8382817571128767,25,30,20
41,3612,2.456499636134182e-05,0.15992861930144697,0.00176365629288423,0.8382831594093073,25,30,20
41,3613,2.4488316182558403e-05,0.15992831371002492,0.001757893959299075,0.8382893040144934,25,30,20
41,3614,2.4486974462641986e-05,0.15992799620090045,0.0017536653044689008,0.838293851520168,25,30,20
41,3615,2.4403497160007362e-05,0.1599271243493472,0.001591456996022016,0.8384570151574706,25,30,20
41,3616,2.4329464249445422e-05,0.15992689268250793,0.0015864923916400833,0.8384622854616027,25,30,20
41,3617,2.456510191190327e-05,0.15992775115326308,0.001634817509225734,0.8384128662355995,25,30,20
41,3618,2.4639010922233288e-05,0.15992797385733865,0.0016370806660152392,0.8384103064657242,25,30,20
41,3619,2.4640526910114012e-05,0.15992806086047298,0.0016382421206419988,0.8384090564919753,25,30,20
41,3620,2.456969609346643e-05,0.15993706292965945,0.0016710951735033391,0.838367272200744,25,30,20
41,3621,2.4568383886400586e-05,0.15993705623779367,0.0016795097207058618,0.8383588656576143,25,30,20
41,3622,2.4492947895474717e-05,0.15993691090906842,0.0016677027407013493,0.8383708934023351,25,30,20
41,3623,2.4488835591446353e-05,0.15994149257416,0.0016630539425191943,0.8383709646477294,25,30,20
41,3624,2.44887687495881e-05,0.15994036777477827,0.0016641802907046497,0.8383709631657674,25,30,20
41,3625,1.977869536162307e-05,0.15989496503309528,0.0012768325216327972,0.8388084237499102,25,30,20
41,3626,1.993821990389692e-05,0.15989996201659407,0.02158901837370254,0.8184910813897994,25,30,20
41,3627,2.001626462723469e-05,0.15990050566992306,0.02159559947067595,0.8184838785947739,25,30,20
41,3628,2.0016264041576014e-05,0.1599005055783579,0.021596452791674145,0.8184830253659267,25,30,20
41,3629,1.985373707978336e-05,0.1598954174595514,0.04121791760530793,0.7988668111980588,25,30,20
41,3630,1.9855083222171872e-05,0.1598953434341082,0.04122084650616908,0.7988639549764985,25,30,20
41,3631,1.9856435232708456e-05,0.1598955050774829,0.04122586659297271,0.7988587718943099,25,30,20
41,3632,1.9856323657895157e-05,0.15989542784227706,0.04122416066139821,0.7988605551726654,25,30,20
41,3633,1.9860584089868207e-05,0.15989544631544514,0.04125589929732753,0.7988287938031365,25,30,20
41,3634,1.9938660001461264e-05,0.15989583402581856,0.041261371943412846,0.7988228553707662,25,30,20
41,3635,1.9628560130549347e-05,0.15989497921626694,0.041248819229285284,0.7988365729943169,25,30,20
41,3636,1.9627212698005107e-05,0.15989482288632126,0.04124622750801124,0.7988393223929693,25,30,20
41,3637,1.9628499090856427e-05,0.1598947496817938,0.06158101565996182,0.7785046061591535,25,30,20
41,3638,1.9629851587525036e-05,0.15989490716092017,0.061582160436710734,0.7785033025507815,25,30,20
41,3639,1.9700683478925042e-05,0.15988598183019995,0.061550309452202294,0.7785440080341188,25,30,20
41,3640,1.962386846780056e-05,0.15988551011255056,0.06153884441352928,0.778556021605452,25,30,20
41,3641,1.982038468874987e-05,0.15988632430575334,0.08081021335744674,0.7592836419521126,25,30,20
41,3642,1.9821760631606314e-05,0.15987800091832136,0.0808186135294134,0.7592835637916354,25,30,20
41,3643,1.99836364508143e-05,0.15987840211954063,0.08089697867008101,0.7592046355739288,25,30,20
41,3644,1.9982132708652382e-05,0.15987839740918322,0.08089773857090625,0.759203881887203,25,30,20
41,3645,1.998213375912634e-05,0.15987864402231627,0.0808974946098484,0.7592038792340763,25,30,20
41,3646,1.998346106566338e-05,0.15987746138924458,0.08089859519962646,0.7592039599500634,25,30,20
41,3647,1.9983470302079648e-05,0.15987625326279284,0.08089956290813992,0.759204200358766,25,30,20
41,3648,1.998341819721423e-05,0.1598762464506188,0.08089810445449755,0.7592056656766875,25,30,20
41,3649,1.998344120767625e-05,0.15987624776717696,0.08089795637040664,0.7592058124212088,25,30,20
41,3650,1.9906749583194217e-05,0.15987586597006437,0.08089297350278553,0.7592112537775659,25,30,20
41,3651,1.967380295306364e-05,0.15987516630136006,0.08084666772104729,0.7592584921746383,25,30,20
41,3652,1.9676498960348332e-05,0.15987532240550759,0.08084723021462528,0.7592577708809053,25,30,20
41,3653,1.9675184365368204e-05,0.1598754732508033,0.08084889910913456,0.759255952455696,25,30,20
41,3654,1.9670925744451335e-05,0.15987545757551389,0.08081629448696961,0.7592885770117717,25,30,20
41,3655,1.9670908844064626e-05,0.15987561512188744,0.0808144894828021,0.7592902244864659,25,30,20
41,3656,1.966820132501918e-05,0.15987545493270347,0.08081237250680068,0.7592925043591704,25,30,20
41,3657,1.9591553639574557e-05,0.15987515539246527,0.0808101755380542,0.7592950775158402,25,30,20
41,3658,1.9592875282470097e-05,0.15987515807866806,0.08081154009874307,0.7592937089473056,25,30,20
41,3659,1.9594194451816698e-05,0.15987515394919327,0.08082211906971332,0.759283132786641,25,30,20
41,3660,1.9595576079235863e-05,0.15987508272043438,0.08082477789445636,0.7592805438090283,25,30,20
41,3661,2.8639124827847028e-05,0.1598942409176186,0.041936484561839224,0.7981406353957133,25,30,20
41,3662,2.8446784167632655e-05,0.1598934488383356,0.029064322028891847,0.8110137823486053,25,30,20
41,3663,2.85235185105436e-05,0.15989375450364224,0.02906912896488829,0.8110085930129592,25,30,20
41,3664,1.9645954708221935e-05,0.1598760744895274,0.028656657522862016,0.8114476220329024,25,30,20
41,3665,1.964465975447304e-05,0.15987614863296404,0.028645852933153786,0.8114583537741278,25,30,20
41,3666,1.964333595824261e-05,0.15987662223350607,0.028645461392392033,0.8114582730381436,25,30,20
41,3667,1.9718682034353324e-05,0.1598801665938754,0.02864161283929,0.8114585018848003,25,30,20
41,3668,1.971868085411669e-05,0.1598808235318412,0.02864102994997318,0.8114584278373316,25,30,20
41,3669,1.9718695673319894e-05,0.15988066739695683,0.028655137103549232,0.8114444768038207,25,30,20
41,3670,1.96433989542082e-05,0.15988053217995127,0.028655017365414724,0.8114448070556799,25,30,20
41,3671,1.964206895101806e-05,0.15988379364271943,0.028651919510532114,0.8114446447777978,25,30,20
41,3672,1.980543532390918e-05,0.15989025896172285,0.041674319753070996,0.798415615849881,25,30,20
41,3673,1.9805354028640914e-05,0.15989024491436718,0.04167170786289363,0.7984182418687092,25,30,20
41,3674,1.988336658908026e-05,0.1598906279427432,0.041674308068094135,0.7984151806225717,25,30,20
41,3675,1.9812786964347535e-05,0.1598911189398976,0.04167861210320368,0.7984104561699322,25,30,20
41,3676,1.98127711246301e-05,0.15989123611680442,0.04167857035887236,0.7984103807531966,25,30,20
41,3677,1.958122305446957e-05,0.15988991940237976,0.04166261993836415,0.7984278794361996,25,30,20
41,3678,1.9504458516325133e-05,0.15988937943063924,0.041654994862915566,0.7984361212479275,25,30,20
41,3679,1.9501768149834415e-05,0.15988914673805443,0.04168245918497727,0.7984088923088164,25,30,20
41,3680,1.9501767303119265e-05,0.15988936531235684,0.041682244677951986,0.7984088882423861,25,30,20
41,3681,1.950312878062035e-05,0.15988637975533246,0.041685227473510444,0.7984088896423743,25,30,20
41,3682,1.9501771326316005e-05,0.15988629875750202,0.041683147822618186,0.7984110516485515,25,30,20
41,3683,1.9500764142515844e-05,0.15985781658403683,0.04171163168887633,0.7984110509629422,25,30,20
41,3684,1.9496544255019573e-05,0.15985757032105588,0.04170884901817277,0.7984140841165146,25,30,20
41,3685,1.9496526000250833e-05,0.15985757171743958,0.04170756360582284,0.7984153681507355,25,30,20
41,3686,2.427830545994449e-05,0.15989405511174942,0.042165010143344304,0.7979166564394446,25,30,20
41,3687,2.4510815873139126e-05,0.1599120769678923,0.042146290762221546,0.7979171214540114,25,30,20
41,3688,2.4434122206603795e-05,0.15991617196368713,0.04214242576884362,0.7979169681452606,25,30,20
41,3689,2.451523636365101e-05,0.15975809112018544,0.042300190894776116,0.7979172027486733,25,30,20
41,3690,2.4590610486389343e-05,0.15975839525869817,0.04229914746306615,0.7979178666677478,25,30,20
41,3691,2.4667348008498222e-05,0.1597587021606629,0.04230375426196572,0.7979128762293616,25,30,20
41,3692,2.4665974071241074e-05,0.1597584637436672,0.04230082228303453,0.7979160479992256,25,30,20
41,3693,2.466734218630514e-05,0.1597587747433811,0.042304613580479156,0.7979119443339522,25,30,20
41,3694,2.47440555671614e-05,0.15975456297928928,0.04230867336580834,0.797912019599334,25,30,20
41,3695,2.4745388471231966e-05,0.15975471624987142,0.042280042110913796,0.7979404962507425,25,30,20
41,3696,2.4743998464992557e-05,0.15975440120775955,0.04227565797985616,0.7979451968139182,25,30,20
41,3697,2.4742746323664573e-05,0.15975432343078427,0.04231252661098232,0.7979084072119086,25,30,20
41,3698,2.473866310676228e-05,0.15975399877741497,0.042305240961517415,0.7979160215979602,25,30,20
41,3699,2.458252597384083e-05,0.15976311299302895,0.04229659381140022,0.7979157106695963,25,30,20
41,3700,2.450711234553462e-05,0.15976683096187907,0.042293104728597805,0.7979155571971769,25,30,20
41,3701,2.4744731022757958e-05,0.1597677867007284,0.042307742807501277,0.7978997257607476,25,30,20
41,3702,2.4982939864092012e-05,0.15976903860380465,0.044323667547144806,0.7958823109091864,25,30,20
41,3703,2.5059570244246688e-05,0.15976926595644125,0.044289181152046025,0.7959164933212685,25,30,20
41,3704,2.963923969490128e-05,0.1598042384091217,0.046527711417377916,0.7936384109338058,25,30,20
41,3705,2.9795390420312208e-05,0.1598047835643867,0.04653813625486466,0.7936272847903286,25,30,20
41,3706,2.9795323811523905e-05,0.15980477886215902,0.04653736364213746,0.7936280621718926,25,30,20
41,3707,2.979671361201819e-05,0.15980486102513675,0.04653885116260942,0.7936264910986418,25,30,20
41,3708,2.9873455824446754e-05,0.15980516792682348,0.046544601451468645,0.7936203571658831,25,30,20
41,3709,2.9798060324751272e-05,0.15980479091330738,0.04654084648568338,0.7936245645406842,25,30,20
41,3710,2.962918350739512e-05,0.1597983108870928,0.04611056899586922,0.7940614909335308,25,30,20
41,3711,3.860562385987526e-05,0.15981703157557614,0.046448652223604864,0.7936957105769592,25,30,20
41,3712,3.8604252550462136e-05,0.159816875251013,0.046448571629113304,0.7936959488673232,25,30,20
41,3713,3.860429778875583e-05,0.1598168806782301,0.04645047855406272,0.7936940364699184,25,30,20
41,3714,3.8602976105953085e-05,0.15981695347083538,0.046448879826152284,0.7936955637269065,25,30,20
41,3715,3.883990574999756e-05,0.15982662529117017,0.04655412461392092,0.7935804101891591,25,30,20
41,3716,3.8763245576773335e-05,0.15988161182186683,0.04649866634839919,0.7935809585841579,25,30,20
41,3717,3.876460435814232e-05,0.15988169803748697,0.04650138898148075,0.7935781483766751,25,30,20
41,3718,3.876740384619821e-05,0.15988201537088614,0.046502834159495264,0.793576383065773,25,30,20
41,3719,3.869201170028017e-05,0.15988163989044052,0.04649997195613416,0.7935796961417253,25,30,20
41,3720,3.869213833978911e-05,0.1598817146459119,0.04649979778761739,0.7935797954281312,25,30,20
41,3721,3.8692174998914904e-05,0.1598817133676006,0.046499454479550915,0.7935801399778498,25,30,20
41,3722,3.8692130384008144e-05,0.1598817078979353,0.046497530478568916,0.7935820694931119,25,30,20
41,3723,3.869210977786383e-05,0.1598816310840837,0.046497277474827695,0.793582399331311,25,30,20
41,3724,2.9648483905543045e-05,0.15986262434815088,0.04541474829618872,0.794692978871755,25,30,20
41,3725,2.9958194154076754e-05,0.15984127810317722,0.04543500778523006,0.7946937559174388,25,30,20
41,3726,2.995819154684918e-05,0.15984127813209945,0.045435722535538604,0.7946930411408153,25,30,20
41,3727,3.0034926224900204e-05,0.1598416604512595,0.045440394815931845,0.7946879098065839,25,30,20
41,3728,3.474831243043188e-05,0.1598688933808451,0.04767410348015323,0.7924222548265715,25,30,20
41,3729,3.474681556648712e-05,0.15987812217666572,0.04766557947119807,0.7924215515365699,25,30,20
41,3730,3.4649613184376504e-05,0.15987853694770793,0.04582904065131105,0.7942577727877967,25,30,20
41,3731,3.464829992269027e-05,0.1598783781231894,0.04582752530819865,0.7942594482686895,25,30,20
41,3732,3.4572961530709146e-05,0.1598783083118657,0.045826122848593824,0.7942609958780099,25,30,20
41,3733,3.4263265357705895e-05,0.15790020622010112,0.0478053116772573,0.7942602188372839,25,30,20
41,3734,2.97603360545197e-05,0.15786554199407773,0.04557388926952681,0.7965308084003411,25,30,20
41,3735,2.9604189717032946e-05,0.15786499823001413,0.04556934078972187,0.7965360567905475,25,30,20
41,3736,2.9368590207596847e-05,0.15785556468318557,0.04546418223022999,0.7966508844963773,25,30,20
41,3737,2.4587872164114635e-05,0.157827515990751,0.04498589146815999,0.7971620046689253,25,30,20
41,3738,2.911450317395024e-05,0.1578282290295154,0.04506023455388838,0.7970824219134226,25,30,20
41,3739,2.903912363344924e-05,0.15782807671206134,0.045056684239004365,0.7970861999253012,25,30,20
41,3740,2.896236036388699e-05,0.15783463070553633,0.045050283780555575,0.7970861231535443,25,30,20
41,3741,2.8963716726477044e-05,0.15983250648923195,0.04305240108979553,0.7970861287042461,25,30,20
41,3742,2.4180608137796406e-05,0.15979594515504578,0.04259523269108365,0.7975846415457325,25,30,20
41,3743,2.4181950980790627e-05,0.15979475075071148,0.04259634631065264,0.7975847209876548,25,30,20
41,3744,2.878344387991715e-05,0.15979530049841573,0.04267687427893576,0.7974990417787683,25,30,20
41,3745,2.85466011374539e-05,0.1597942829744309,0.04066385001117084,0.7995133204132608,25,30,20
41,3746,2.8623289020108356e-05,0.15979466380296448,0.040667068921121284,0.7995096439868942,25,30,20
41,3747,2.8621986856813863e-05,0.1597945885751752,0.04066621861354335,0.7995105708244246,25,30,20
41,3748,2.8697362893162572e-05,0.1597948927493601,0.040669943844294884,0.7995064660434515,25,30,20
41,3749,2.8775515190785735e-05,0.15979543829025636,0.0406776585903072,0.7994981276042449,25,30,20
41,3750,1.979906880075078e-05,0.15977679696255234,0.040328589158515095,0.7998748148101313,25,30,20
41,3751,1.9804063406133238e-05,0.15977877195333517,0.040411644431435814,0.7997897795518226,25,30,20
41,3752,1.956641885082792e-05,0.15977781473064584,0.04039671726060164,0.7998059015899015,25,30,20
41,3753,1.9489683847158075e-05,0.15977750637420818,0.040392108153800205,0.7998108957881443,25,30,20
41,3754,1.94928661551546e-05,0.1597773016490942,0.04042787398013201,0.7997753315046185,25,30,20
41,3755,1.941615755491142e-05,0.15977699204773377,0.04042352025458487,0.7997800715401263,25,30,20
41,3756,1.964685626156121e-05,0.15977669433031091,0.040426586050892714,0.7997770727625343,25,30,20
41,3757,1.964433301383077e-05,0.15977669134240108,0.0404255807940201,0.7997780835305645,25,30,20
41,3758,1.5278288926638967e-05,0.1597855916172301,0.04046639108171307,0.7997327390121296,25,30,20
41,3759,1.5274169241196293e-05,0.15978534563735558,0.04046340186626839,0.7997359783271345,25,30,20
41,3760,1.526792247566047e-05,0.15978337238180784,0.0403801036811858,0.7998212560145305,25,30,20
41,3761,1.5269243593211576e-05,0.15978206692864497,0.04038125017890213,0.7998214136488596,25,30,20
41,3762,1.5267891452803694e-05,0.1597819834409628,0.040379904150721374,0.7998228445168628,25,30,20
41,3763,1.067332903041661e-05,0.1597815301623088,0.040298923911445364,0.7999088725972152,25,30,20
41,3764,1.0908631715953115e-05,0.15979111161069115,0.040433985654470164,0.7997639941031223,25,30,20
41,3765,1.0909894427548058e-05,0.15979110852208384,0.04044042113394742,0.7997575604495408,25,30,20
41,3766,1.0909898002577953e-05,0.15979118398560915,0.04044191952700028,0.7997559865893875,25,30,20
41,3767,1.090989116801512e-05,0.15979118536021228,0.040442207633679186,0.79975569711494,25,30,20
41,3768,1.0674631306145496e-05,0.15978144922852727,0.040311376967323724,0.7998964991728422,25,30,20
41,3769,1.0834894968082284e-05,0.1596326950758791,0.04045957677900494,0.7998968932501477,25,30,20
41,3770,1.0995519640617154e-05,0.15963294679177756,0.04049924658907484,0.7998568110995072,25,30,20
41,3771,1.0995495985531812e-05,0.15963310011158527,0.04049302649280444,0.7998628778996247,25,30,20
41,3772,1.0996824738893466e-05,0.1596331822255696,0.040493939624661905,0.7998618813250298,25,30,20
41,3773,1.1157761421027107e-05,0.15964290428180117,0.04069549500257845,0.7996504429541994,25,30,20
41,3774,1.1157708190602815e-05,0.15964306312820797,0.040692342491978895,0.7996534366716226,25,30,20
41,3775,1.1278066882010538e-05,0.15964401522111105,0.04016307800971372,0.8001816287022931,25,30,20
41,3776,2.033059677735089e-05,0.1596630467080134,0.040552523623515545,0.7997640990716925,25,30,20
41,3777,2.049512984817401e-05,0.15969037540928785,0.04069441198470178,0.7995947174761612,25,30,20
41,3778,2.057186205131795e-05,0.15969068921903007,0.04069979174995039,0.7995889471689669,25,30,20
41,3779,2.0807679913863582e-05,0.1597090099248233,0.04088893825123015,0.7993812441440319,25,30,20
41,3780,2.0807685977428946e-05,0.15970901270076188,0.040889212395527424,0.7993809672177324,25,30,20
41,3781,2.0810627535865495e-05,0.15970910133391888,0.0408923997895491,0.7993776882489957,25,30,20
41,3782,2.0811970435594226e-05,0.15970918622921892,0.04093093618742918,0.7993390656129162,25,30,20
41,3783,1.1762129022892134e-05,0.1596903135999032,0.040542405518641605,0.799755518752432,25,30,20
41,3784,1.1601234624720954e-05,0.15968074515672961,0.04034412928918827,0.7999635243194573,25,30,20
41,3785,1.1595673971408501e-05,0.15968073106154676,0.040340605472147996,0.7999670677923336,25,30,20
41,3786,1.167105501191196e-05,0.15968102996299613,0.04234255327146253,0.7979647457105292,25,30,20
41,3787,1.1591584190201928e-05,0.15968040238495826,0.04233398304515951,0.7979740229856914,25,30,20
41,3788,1.1667029222839858e-05,0.15968054939466245,0.04233586286214502,0.7979719207139686,25,30,20
41,3789,1.1590258314112294e-05,0.15968016407011368,0.040331821546859985,0.7999764241247114,25,30,20
41,3790,1.1356140519937885e-05,0.1596978330125537,0.04039388822136524,0.7998969226255598,25,30,20
41,3791,1.1354741755413134e-05,0.15969759591366142,0.04038919428987999,0.7999018550547018,25,30,20
41,3792,1.1587542921403018e-05,0.15970723345836932,0.04051539000751638,0.7997657889911922,25,30,20
41,3793,1.1664249654337355e-05,0.15970754177602914,0.04052155509819271,0.799759238876123,25,30,20
41,3794,1.1588659789279203e-05,0.159863118052883,0.04036620386520481,0.7997590894221223,25,30,20
41,3795,1.1590075776859396e-05,0.15986304556841727,0.04037107890144376,0.7997542854543616,25,30,20
41,3796,1.1589976390127787e-05,0.15986296964514218,0.04037022804010302,0.799755212338364,25,30,20
41,3797,1.1430576823560287e-05,0.15986264454531607,0.040331506015954054,0.7997944188619054,25,30,20
41,3798,1.1426368491815322e-05,0.159863497461256,0.04033058495327364,0.7997944912169777,25,30,20
41,3799,1.1427808759511843e-05,0.15986358697221412,0.04033358386998839,0.7997914013490371,25,30,20
41,3800,1.1503197272006598e-05,0.15986389261841782,0.04033810896955044,0.799786495214759,25,30,20
41,3801,1.1702841118005594e-05,0.1598630196800879,0.04150141405538922,0.7986238634234042,25,30,20
41,3802,1.1624651421628818e-05,0.1598538032059052,0.041429721683136196,0.7987048504595365,25,30,20
41,3803,1.1627357720855893e-05,0.15985373592180455,0.04143222124452868,0.7987024154759458,25,30,20
41,3804,1.1626038534448243e-05,0.15985526367950484,0.0414308511127364,0.7987022591692239,25,30,20
41,3805,1.1549327545250987e-05,0.15985503214746655,0.04142796658396695,0.7987054519410209,25,30,20
41,3806,1.1780866805747143e-05,0.1598560405545901,0.04144223042275181,0.7986899481558521,25,30,20
41,3807,1.1779574133885425e-05,0.15985744949475664,0.0414409035250475,0.7986898674060616,25,30,20
41,3808,1.1778254714956732e-05,0.1598573701815695,0.04144100932163136,0.7986898422420836,25,30,20
41,3809,1.1698639223295263e-05,0.1598569778583861,0.04139927811006453,0.7987320453923256,25,30,20
41,3810,1.1699999814207824e-05,0.1598570626935076,0.04140062524913388,0.7987306120575443,25,30,20
41,3811,1.1623354141002861e-05,0.15985675588995332,0.04139569392708941,0.7987359268288163,25,30,20
41,3812,1.1620765791638693e-05,0.15983851225641035,0.041321309414955924,0.7988285575628415,25,30,20
41,3813,2.0663648875480655e-05,0.15985758977870365,0.04172773170088399,0.7983940148715364,25,30,20
41,3814,2.97156071415666e-05,0.15987646024740004,0.04205933595341072,0.7980344881920474,25,30,20
41,3815,2.979092970055779e-05,0.15987684374885705,0.042059644139923164,0.7980337211815186,25,30,20
41,3816,2.978101187402247e-05,0.15984997023016412,0.04192483983887452,0.7981954089190869,25,30,20
41,3817,2.9780913823986418e-05,0.15984996417663502,0.04192273242342065,0.7981975224861201,25,30,20
41,3818,2.9857698163157148e-05,0.1598501851324936,0.041930948629493994,0.7981890085398493,25,30,20
41,3819,3.0011160763209658e-05,0.15984191438441336,0.04193891120098286,0.7981891632538405,25,30,20
41,3820,3.0009822330791335e-05,0.15984175557354485,0.04193803799980096,0.7981901966043233,25,30,20
41,3821,2.993442796848536e-05,0.15984152813690047,0.04196119287899805,0.7981673445561328,25,30,20
41,3822,2.9701612382806813e-05,0.15984059414310403,0.04194603664007867,0.7981836676044344,25,30,20
41,3823,2.9777044475285552e-05,0.1598406903271796,0.04198743759919919,0.7981420950291457,25,30,20
41,3824,2.9700231999087886e-05,0.15984046387213144,0.041978271733871815,0.7981515641619974,25,30,20
41,3825,2.970331939117054e-05,0.1598403242250025,0.042013841974478154,0.7981161304811285,25,30,20
41,3826,2.954989262304718e-05,0.15983978990861894,0.04201960155064386,0.7981110586481145,25,30,20
41,3827,2.9545627990105006e-05,0.15983985600291561,0.04198288703104164,0.798147711338053,25,30,20
41,3828,2.9470266297626576e-05,0.159839703976984,0.04198032581724083,0.7981504999394781,25,30,20
41,3829,2.0427362532071772e-05,0.15982062516891177,0.04157270769621522,0.7985862397723414,25,30,20
41,3830,2.0428715956015863e-05,0.15982070340443535,0.04156074582036426,0.7985981220592449,25,30,20
41,3831,2.0511050595062923e-05,0.1597360690143069,0.0416270472532341,0.7986163726818646,25,30,20
41,3832,2.0509707876223217e-05,0.1597359100554881,0.041598737717201385,0.7986448425194351,25,30,20
41,3833,2.0435961465451942e-05,0.15972415118179248,0.04161079322215465,0.7986446196345882,25,30,20
41,3834,2.0674905455943027e-05,0.15972426461913686,0.041727708734120135,0.7985273517412879,25,30,20
41,3835,2.067497288699654e-05,0.15972419342147295,0.041728486398525784,0.7985266452071151,25,30,20
41,3836,2.0829758019181857e-05,0.15972480979016723,0.04173728705867436,0.79851707339314,25,30,20
41,3837,2.0828134283313315e-05,0.15972480322451432,0.04177997103682782,0.7984743976043751,25,30,20
41,3838,2.0829379603605507e-05,0.15972488220109524,0.04178002187662849,0.7984742665426731,25,30,20
41,3839,2.074450318123887e-05,0.15986949751054713,0.04163573481832416,0.7984740231679476,25,30,20
41,3840,2.0666559972357412e-05,0.15987466320268867,0.04163080037604236,0.7984738698612966,25,30,20
41,3841,2.0665220143664243e-05,0.15987457985698753,0.04158294727291337,0.7985218076499555,25,30,20
41,3842,2.0666545900776865e-05,0.159874735900853,0.0415835719247238,0.7985210256285223,25,30,20
41,3843,2.082137232208637e-05,0.15987558671362664,0.04159523285477273,0.7985083590592785,25,30,20
41,3844,2.0820125962804224e-05,0.15987551038117906,0.04159515626904328,0.7985085132238148,25,30,20
41,3845,2.0821335116077018e-05,0.1598755542624723,0.041595114129368164,0.7985085102730435,25,30,20
41,3846,2.089926783981732e-05,0.15987577847700352,0.04160047726698303,0.7985028449881736,25,30,20
41,3847,2.0896795737623507e-05,0.15987586026504352,0.041635892093995486,0.7984673508452232,25,30,20
41,3848,2.0814447131284022e-05,0.1599464354481905,0.04158365124881162,0.7984490988558665,25,30,20
41,3849,2.081313144437747e-05,0.15994706931398991,0.0415830172906647,0.7984491002639009,25,30,20
41,3850,2.0574246292790287e-05,0.15992872758596915,0.04137471330684889,0.7986759848608891,25,30,20
41,3851,2.0419444058103875e-05,0.15992795485335262,0.04136328254160607,0.798688343160983,25,30,20
41,3852,2.0344146603266667e-05,0.15992757284693038,0.041364167434090174,0.7986879155723763,25,30,20
41,3853,2.0346716624174594e-05,0.15992750335532796,0.04138077302479449,0.7986713769032536,25,30,20
41,3854,2.0427525465358284e-05,0.1599277471041433,0.04139006752584612,0.7986617578445457,25,30,20
41,3855,2.035215149144915e-05,0.1599275209246159,0.041384258658487834,0.7986678682654049,25,30,20
41,3856,2.0353570241263097e-05,0.15992737448793368,0.04138594198231429,0.7986663299595113,25,30,20
41,3857,2.0673717423152434e-05,0.15993277984881443,0.04154382191186328,0.7985027245218995,25,30,20
41,3858,2.067371554430939e-05,0.15993163283683529,0.04154489349848544,0.7985027999491353,25,30,20
41,3859,2.538948005111178e-05,0.15995468513849598,0.04188719519670432,0.7981327301847488,25,30,20
41,3860,3.147892992277673e-05,0.1729821721609516,0.028846653277602566,0.7981396956315225,25,30,20
41,3861,3.171365315845195e-05,0.1730003592725338,0.03043706929172956,0.7965308577825776,25,30,20
41,3862,3.179345169637964e-05,0.17295308414084068,0.030484107575612138,0.7965310148318501,25,30,20
41,3863,3.1867493753373154e-05,0.1729536901776229,0.030489181020231525,0.7965252613083913,25,30,20
41,3864,3.1627200807597784e-05,0.17295341635000916,0.030370439127589105,0.7966445173215932,25,30,20
41,3865,3.162716702506771e-05,0.17295310088906488,0.030370440485637133,0.7966448314582719,25,30,20
41,3866,3.162729681468569e-05,0.17295334781175586,0.03037404347300425,0.7966409814184245,25,30,20
41,3867,3.139390152587294e-05,0.17293524146186004,0.028784743236737822,0.7982486213998756,25,30,20
41,3868,3.603142109184902e-05,0.1729580936760894,0.029129218402071933,0.7978766565007465,25,30,20
41,3869,3.6030078648562e-05,0.17295801422413465,0.029128079361704612,0.7978778763355118,25,30,20
41,3870,3.6030010116662356e-05,0.17295800990902405,0.029127272999359227,0.7978786870814999,25,30,20
41,3871,3.6106719638048286e-05,0.17295823865602258,0.029130618096432047,0.797875036527907,25,30,20
41,3872,3.61026849689309e-05,0.1729582253135396,0.029113703208261316,0.7978919687932298,25,30,20
41,3873,3.6179433083729246e-05,0.17295853224304128,0.02911853874414347,0.7978867495797312,25,30,20
41,3874,3.618378397930972e-05,0.17293079280876156,0.029146272047345913,0.7978867513599129,25,30,20
41,3875,3.625612103931491e-05,0.17295346591376354,0.029123300947647944,0.797886977017549,25,30,20
41,3876,4.5312709906585844e-05,0.17297242186276243,0.029459090973238133,0.7975231744540927,25,30,20
41,3877,4.5389401824721305e-05,0.17297280397819612,0.029463188774655924,0.7975186178453231,25,30,20
41,3878,4.531130068148902e-05,0.1729724916881853,0.029456802118169093,0.7975253948929641,25,30,20
41,3879,3.6257849683057544e-05,0.17295361252915822,0.029125263077122404,0.797884866544036,25,30,20
41,3880,3.15393756289416e-05,0.17293040390461364,0.028782660995831547,0.7982553957239256,25,30,20
41,3881,3.1536456251117654e-05,0.1729450844044821,0.02876783842080835,0.7982555407184584,25,30,20
41,3882,2.5411736650781594e-05,0.16077103827209105,0.040961846267750054,0.7982417037235077,25,30,20
41,3883,2.525698123836952e-05,0.16077042202717828,0.040953295378724386,0.7982510256128583,25,30,20
41,3884,2.5100782028731682e-05,0.1607698000402969,0.04094228104255989,0.7982628181351137,25,30,20
41,3885,2.5100694790511535e-05,0.1607695559300403,0.04093931188050103,0.7982660314946668,25,30,20
41,3886,2.486679154346022e-05,0.1607599195626169,0.040775706081407403,0.7984395075644314,25,30,20
41,3887,2.486834271031894e-05,0.1607349118602665,0.04080062428554612,0.7984395955114758,25,30,20
41,3888,2.4791609692466727e-05,0.16073460632360234,0.0407964991524161,0.7984441029142877,25,30,20
41,3889,2.479166134894575e-05,0.16073468458579632,0.04079679605529651,0.7984437276975569,25,30,20
41,3890,2.471495053549127e-05,0.16074013102919316,0.0407915797658155,0.7984435742544548,25,30,20
41,3891,2.4714734891547705e-05,0.1607399723483297,0.04079207709438154,0.7984432358223963,25,30,20
41,3892,2.4713996206065203e-05,0.16073981961448922,0.04079071180571394,0.79844475458359,25,30,20
41,3893,2.4712676278268615e-05,0.16073974579321926,0.04079060278400223,0.7984449387464995,25,30,20
41,3894,2.47127003473499e-05,0.1607398225567076,0.04079067019474523,0.7984447945481989,25,30,20
41,3895,2.905510697382683e-05,0.15993224909982653,0.04158960835405164,0.7984490874391477,25,30,20
41,3896,2.8975286776678267e-05,0.15998093383702872,0.041541237212477454,0.7984488536637169,25,30,20
41,3897,4.2477827387471165e-05,0.160000067542136,0.04198345825012846,0.7979739963803475,25,30,20
41,3898,4.25586523644471e-05,0.16000023024598728,0.041987362067116916,0.7979698490345309,25,30,20
41,3899,4.2484657939029046e-05,0.15999977806213284,0.04202653578208046,0.7979312014978468,25,30,20
41,3900,3.3430066851804105e-05,0.1599810539292083,0.04169291882859544,0.7982925971753435,25,30,20
41,3901,3.3429845683459e-05,0.16001778616606555,0.041656350187458495,0.7982924338007916,25,30,20
41,3902,3.343119133173743e-05,0.16001779006142214,0.04165744152184413,0.7982913372254017,25,30,20
41,3903,3.3583163979215996e-05,0.1600184764492564,0.04166532196140677,0.7982826184253574,25,30,20
41,3904,3.3584461155096507e-05,0.16001855838067316,0.04167959724810969,0.7982682599100618,25,30,20
41,3905,3.3585775619081234e-05,0.16001871448936378,0.04168127891597722,0.7982664208190394,25,30,20
41,3906,3.3661059401884766e-05,0.16001916631132843,0.04166718696829263,0.7982799856609769,25,30,20
41,3907,3.366374889358121e-05,0.16001932509451783,0.041668880770215175,0.7982781303863727,25,30,20
41,3908,3.389610809960573e-05,0.16002002694950232,0.041681370366184245,0.7982647065762132,25,30,20
41,3909,3.3574545835611255e-05,0.1600146199680148,0.04151849618060068,0.7984333093055482,25,30,20
41,3910,3.357589891661109e-05,0.1600147788939611,0.04152059758790133,0.7984310476192207,25,30,20
41,3911,3.830452601054822e-05,0.16003384322335826,0.04179367582615224,0.7981341764244786,25,30,20
41,3912,3.830730176613628e-05,0.16003416143068502,0.041799036266771866,0.7981284950007766,25,30,20
41,3913,3.838401470397897e-05,0.1600343847487144,0.041801313279816024,0.798125917956765,25,30,20
41,3914,3.846074739340054e-05,0.16003469179926635,0.041805716448168134,0.7981211310051716,25,30,20
41,3915,4.733153760988679e-05,0.160039924630186,0.04210118656231498,0.7978115572698886,25,30,20
41,3916,4.725476840021466e-05,0.1600396970345497,0.04209420552684669,0.797818842670203,25,30,20
41,3917,4.725478994495299e-05,0.16003919266552874,0.04209470990314847,0.7978188426413776,25,30,20
41,3918,4.7178284172928964e-05,0.1600388164615858,0.04209243343609843,0.7978215718181425,25,30,20
41,3919,4.733988434949561e-05,0.15986485603332443,0.042265831772901864,0.797821972309424,25,30,20
41,3920,4.733988266772385e-05,0.15986485881103596,0.04226631329198608,0.7978214880143102,25,30,20
41,3921,4.742437393819742e-05,0.1598653541553139,0.0422730934257304,0.7978141280450174,25,30,20
41,3922,4.7425696087715355e-05,0.1598654298006781,0.04227198169179923,0.7978151628114348,25,30,20
41,3923,4.7351697762097573e-05,0.1598649763839077,0.04227333606022363,0.7978143358581061,25,30,20
41,3924,4.7351698319980496e-05,0.15986497638569067,0.04227242613084083,0.7978152457851481,25,30,20
41,3925,4.7190526184352946e-05,0.15986417686787432,0.04226342020093459,0.7978252124050063,25,30,20
41,3926,4.726866176649759e-05,0.1598644018490233,0.04232437595287046,0.7977639535363396,25,30,20
41,3927,4.734668835580471e-05,0.1598651745721466,0.04233184589844397,0.7977556328410534,25,30,20
41,3928,4.74234959580651e-05,0.15909447541055316,0.043102314660396907,0.7977557864330918,25,30,20
41,3929,4.719112327699247e-05,0.15909354319765837,0.04308923184707922,0.7977700338319852,25,30,20
41,3930,4.726923078719125e-05,0.15909376784665274,0.04313244935868647,0.7977265135638735,25,30,20
41,3931,4.745309061806691e-05,0.1590674737604876,0.04315843279591035,0.7977266403529846,25,30,20
41,3932,4.738072525215604e-05,0.1590700060699808,0.043156041485565615,0.797726571719202,25,30,20
41,3933,4.7382101180609885e-05,0.15907001013303623,0.0431593735501323,0.7977232342156512,25,30,20
41,3934,3.378131742485003e-05,0.1590456281098008,0.04258894154017292,0.7983316490326021,25,30,20
41,3935,2.898047198162116e-05,0.15902652741124046,0.04262230316534511,0.798322188951433,25,30,20
41,3936,3.7965863768309746e-05,0.15940124446999968,0.04222930230868859,0.7983314873575439,25,30,20
41,3937,3.8041350403410955e-05,0.15940140417109908,0.04222199723504882,0.7983385572434493,25,30,20
41,3938,3.804268101495881e-05,0.159399626281347,0.04222361351876262,0.798338717518876,25,30,20
41,3939,3.8044122227248115e-05,0.1593996389253732,0.0421838728989036,0.7983784440534967,25,30,20
41,3940,2.4540406304903644e-05,0.15938050835583908,0.042440945355496,0.7981540058823606,25,30,20
41,3941,2.4464929130788717e-05,0.15938019247174245,0.04243560944487679,0.7981597331542506,25,30,20
41,3942,2.4464913574367213e-05,0.1593801938272775,0.04243363956875598,0.7981617016903931,25,30,20
41,3943,2.4538936166514363e-05,0.15938025833303113,0.04243574805593941,0.798159454674863,25,30,20
41,3944,2.8906992691715932e-05,0.15938021000526587,0.04255381625615709,0.7980370667458853,25,30,20
41,3945,2.882880615499274e-05,0.159379980835015,0.04249118878107136,0.7981000015777591,25,30,20
41,3946,2.898357575475127e-05,0.15938091312868174,0.04250597043634508,0.7980841328592188,25,30,20
41,3947,2.921823526754692e-05,0.15938193486607344,0.042522572816713906,0.7980662740819462,25,30,20
41,3948,2.9218116944952546e-05,0.15938200617918263,0.04248620798420258,0.7981025677196706,25,30,20
41,3949,2.9292169807656024e-05,0.15938230102140027,0.042488663282230554,0.7980997435265621,25,30,20
41,3950,2.9293466597867117e-05,0.1593824583575713,0.04249828021876069,0.7980899679570708,25,30,20
41,3951,2.9216730794996477e-05,0.1593822281967924,0.04249370745572482,0.7980948476166881,25,30,20
41,3952,2.944953094035722e-05,0.1594008818642571,0.04266530126287688,0.7979043673419254,25,30,20
41,3953,2.9530571342045557e-05,0.159401206691311,0.04269097915719227,0.7978782835801546,25,30,20
41,3954,2.047283145188495e-05,0.15976365704896772,0.04234695432001844,0.7978689157995618,25,30,20
41,3955,2.0475571285061317e-05,0.1597641311061457,0.04234976557860562,0.797865627743963,25,30,20
41,3956,2.059651647328456e-05,0.15979095718855324,0.042549000672525386,0.7976394456224475,25,30,20
41,3957,2.0673086871388965e-05,0.15979157353642864,0.04185514406850222,0.798332609308197,25,30,20
41,3958,1.595879496298872e-05,0.1597683153992993,0.04146727487172188,0.7987484509340155,25,30,20
41,3959,2.0686949363390027e-05,0.15978701033955336,0.04173474876668402,0.7984575539443992,25,30,20
41,3960,2.0759503221235524e-05,0.15978745540450667,0.04173560344588462,0.7984561816463873,25,30,20
41,3961,2.0834919697531904e-05,0.1597826873303052,0.041740304159330804,0.7984561735906663,25,30,20
41,3962,2.0758150127050392e-05,0.1597897333256484,0.041733487173968305,0.7984560213502562,25,30,20
41,3963,2.0758103536206528e-05,0.1597894162277091,0.041726072744159605,0.7984637529245947,25,30,20
41,3964,2.075673732342533e-05,0.15978949014865074,0.04172257393651079,0.7984671791775148,25,30,20
41,3965,2.067865719864487e-05,0.15978886203804601,0.04171310845083478,0.7984773508539201,25,30,20
41,3966,2.0517164961113556e-05,0.15996062268210745,0.041541738353936264,0.7984771217989948,25,30,20
41,3967,2.2888354112978756e-05,0.1604564027220673,0.041036562186230176,0.7984841467375895,25,30,20
41,3968,2.2892561963611208e-05,0.16045666093739516,0.04105356908162443,0.7984668774190173,25,30,20
41,3969,2.2886787246513544e-05,0.16046071908141657,0.04104967972952355,0.7984667144018143,25,30,20
41,3970,2.297264391703597e-05,0.1604612926158636,0.04105722819571559,0.7984585065445047,25,30,20
41,3971,2.2972695589696007e-05,0.16046072773297404,0.04105771752316083,0.7984585820482765,25,30,20
41,3972,2.2895999490327288e-05,0.16046050304668738,0.041053305222318676,0.7984632957315044,25,30,20
41,3973,2.289451712142755e-05,0.16046033018812123,0.04103883987450686,0.7984779354202513,25,30,20
41,3974,2.2894570111677412e-05,0.16046033919708502,0.04102153942367896,0.7984952268091251,25,30,20
41,3975,2.304924023849671e-05,0.1604538481631775,0.041027815747945826,0.7984952868486391,25,30,20
41,3976,2.7496158450396713e-05,0.16045425141348435,0.041114971762431354,0.798403280665635,25,30,20
41,3977,2.749205295855643e-05,0.16045385375306762,0.04110822755137284,0.7984104266426022,25,30,20
41,3978,2.7492057504577326e-05,0.16045385243440788,0.04110846495703061,0.7984101905510583,25,30,20
41,3979,2.7568795679928562e-05,0.16044883663667794,0.041113250611148996,0.7984103439564946,25,30,20
41,3980,2.7493430164111646e-05,0.16044830217453526,0.041142513040851154,0.7983816913544508,25,30,20
41,3981,2.749475864941079e-05,0.16044838298375874,0.041144115576419636,0.7983800066811736,25,30,20
41,3982,3.201339748776004e-05,0.16036675347076315,0.041220682117843264,0.7983805510139068,25,30,20
41,3983,3.201474045690331e-05,0.1603668341989102,0.04122178785808726,0.7983793632025464,25,30,20
41,3984,3.2017536608028705e-05,0.16036692505443878,0.042260223160776524,0.7973408342481776,25,30,20
41,3985,3.186273105561717e-05,0.16037546773293745,0.04225214350340242,0.7973405260326052,25,30,20
41,3986,3.186274561313633e-05,0.16037546542770953,0.0422644117965341,0.7973282600301439,25,30,20
41,3987,3.17874062324887e-05,0.1603757011703718,0.04226768295110553,0.7973248284722908,25,30,20
41,3988,2.7059252003072645e-05,0.16035701166402508,0.04200072793031402,0.7976152011536581,25,30,20
41,3989,2.7133239647047597e-05,0.16035723185776923,0.04200285335363674,0.797612781548947,25,30,20
41,3990,2.7134588102327482e-05,0.16035739788728512,0.04200494453716841,0.7976105229874442,25,30,20
41,3991,2.7130538064459483e-05,0.16035692255861395,0.041999438884624284,0.7976165080186974,25,30,20
41,3992,2.7212588424232526e-05,0.1603575653958204,0.042042975907691925,0.7975722461080637,25,30,20
41,3993,2.720710110322033e-05,0.16035723481326966,0.040965909244554385,0.7986496488410728,25,30,20
41,3994,2.7127467384099792e-05,0.16035700668478817,0.04092224410799759,0.79869362173983,25,30,20
41,3995,2.7133577635472416e-05,0.16035711033923764,0.04096104156179953,0.7986547145213274,25,30,20
41,3996,2.7288375235045198e-05,0.16035772671644605,0.04097195556091925,0.7986430293473997,25,30,20
41,3997,2.7127214923713307e-05,0.16035677360066658,0.04096294675083417,0.7986531524335757,25,30,20
41,3998,2.7124447217768914e-05,0.16035676653440803,0.04095618825000995,0.7986599207683643,25,30,20
41,3999,2.6890303055689984e-05,0.16033810614498745,0.04078300489927366,0.7988519986526831,25,30,20
41,4000,2.2168481786762065e-05,0.16031047655798847,0.040452668087930424,0.799214686872294,25,30,20
41,4001,2.2174195277156714e-05,0.1603106529477125,0.040457741968135716,0.7992094308888744,25,30,20
41,4002,2.2174110319027037e-05,0.160310651070569,0.04044523395129382,0.7992219408678181,25,30,20
41,4003,2.209304254375845e-05,0.16031032413944865,0.04043850460817652,0.799229078209831,25,30,20
41,4004,2.2168436916678796e-05,0.160310553118506,0.04044289381136494,0.7992243846332124,25,30,20
41,4005,1.7643995904116506e-05,0.1604281752442328,0.04033042469216475,0.7992237560676984,25,30,20
41,4006,1.7636554482234137e-05,0.16042798941779698,0.04028978317820555,0.7992645908495152,25,30,20
41,4007,1.7636572768973728e-05,0.16042680327055886,0.04029097061589014,0.7992645895407818,25,30,20
41,4008,1.755854235910581e-05,0.1604266461236921,0.04029631921787079,0.799259476116078,25,30,20
41,4009,1.7323881659277124e-05,0.16042562440132624,0.040279724096906236,0.7992773276201086,25,30,20
41,4010,1.7240559745163846e-05,0.1604250532903821,0.04023457202323199,0.799323134126641,25,30,20
41,4011,1.7169725033676662e-05,0.16042499548522443,0.04023351370618542,0.7993243210835567,25,30,20
41,4012,1.7328544978497535e-05,0.16042524006003195,0.0402728907348084,0.7992845406601813,25,30,20
41,4013,1.740393226428186e-05,0.16042538368307294,0.0402749451285717,0.7992822672560915,25,30,20
41,4014,1.7405323692886128e-05,0.16042531102814817,0.040278225944333966,0.7992790577038253,25,30,20
41,4015,1.7406697360683477e-05,0.1604219910907363,0.04028123473909015,0.7992793674728133,25,30,20
41,4016,1.740667331094133e-05,0.16042206640234533,0.04028071224452836,0.7992798146798159,25,30,20
41,4017,1.7400989732973633e-05,0.1604219668524391,0.040275890886862786,0.7992847412709658,25,30,20
41,4018,1.7401041277353146e-05,0.16042204773544572,0.04027638432773404,0.7992841668955434,25,30,20
41,4019,1.7402414825517602e-05,0.1604221273028066,0.040274684867562624,0.7992857854148057,25,30,20
41,4020,2.2044763918274474e-05,0.16045376368283545,0.040618181911454034,0.7989060096417926,25,30,20
41,4021,2.2044792414750453e-05,0.16045377197328275,0.04061919898826319,0.7989049842460395,25,30,20
41,4022,2.2277639348376393e-05,0.16045485553203462,0.04063247524605654,0.7988903915825606,25,30,20
41,4023,2.2277620980742136e-05,0.16045485542896032,0.0406324868018001,0.798890380148259,25,30,20
41,4024,2.235154486601984e-05,0.1604550785420067,0.04063415854869458,0.7988884113644328,25,30,20
41,4025,2.235154393589931e-05,0.1604552338317658,0.04063253681130291,0.7988898778129956,25,30,20
41,4026,2.22748098555276e-05,0.16045499822345227,0.04062695320478918,0.7988957737619029,25,30,20
41,4027,2.2274857883626256e-05,0.16045500174873262,0.04062888671338914,0.7988938366799946,25,30,20
41,4028,2.2276201453788104e-05,0.16045508380402762,0.04062924680994148,0.7988933931845769,25,30,20
41,4029,2.2046037351307484e-05,0.16045423586256383,0.04061653462133918,0.7989071834787456,25,30,20
41,4030,2.2122721217747256e-05,0.16045469290337788,0.04062134279462856,0.7989018415807756,25,30,20
41,4031,2.212542115825532e-05,0.16045493402920233,0.04062444954179262,0.7988984910078462,25,30,20
41,4032,2.2200781267567175e-05,0.16044747464249642,0.04063190072754296,0.7988984238486926,25,30,20
41,4033,2.2198047257986583e-05,0.16044723624364898,0.040629347371774954,0.7989012183373175,25,30,20
41,4034,2.212132731683641e-05,0.16044677320087594,0.04061298007698415,0.7989181253948228,25,30,20
41,4035,2.261414716379925e-05,0.16050518508302447,0.04108160616006432,0.7983905946097475,25,30,20
41,4036,2.261415172703546e-05,0.1605051111091405,0.04108230329591728,0.7983899714432151,25,30,20
41,4037,1.759633790466602e-05,0.16044582608027916,0.040520321192078435,0.7990162563897375,25,30,20
41,4038,2.2391890604077373e-05,0.16047328945043088,0.04086857764451854,0.7986357410144465,25,30,20
41,4039,2.001334910130617e-05,0.15999030674495893,0.041360882070958845,0.7986287978349792,25,30,20
41,4040,3.3509708303566495e-05,0.16000974219762815,0.041875728737464236,0.798081019356602,25,30,20
41,4041,3.350652053738594e-05,0.1600097386506788,0.04187691027547674,0.7980798445533048,25,30,20
41,4042,3.3507811942031536e-05,0.1600096617280672,0.04187870948137587,0.7980781209786126,25,30,20
41,4043,3.334899353238182e-05,0.16000941164493152,0.04183793012442396,0.7981193092371099,25,30,20
41,4044,3.351619190055237e-05,0.16001529074654772,0.041920410115918745,0.7980307829456305,25,30,20
41,4045,3.344383127435138e-05,0.16001483997393948,0.0419626235369961,0.7979890926577875,25,30,20
41,4046,3.344524210929821e-05,0.1600149250681659,0.042002599063708346,0.7979490306260136,25,30,20
41,4047,2.8649633649918173e-05,0.1599874626804482,0.041653903740524426,0.7983299839453748,25,30,20
41,4048,1.5154607556195785e-05,0.15996818601490662,0.041140358974177935,0.7988763004033567,25,30,20
41,4049,1.5155972710529238e-05,0.15996811736079392,0.041142218601364494,0.7988745080651286,25,30,20
41,4050,1.515601784087527e-05,0.15996811080271692,0.04114349583382993,0.7988732373456109,25,30,20
41,4051,1.5154687967405257e-05,0.15996779406018555,0.04114042099784225,0.7988766302540032,25,30,20
41,4052,1.5150290654741166e-05,0.1599677843536128,0.0410922909111638,0.7989247744445671,25,30,20
41,4053,1.5381830489606793e-05,0.1599679376281391,0.041095330604993666,0.7989213499363763,25,30,20
41,4054,1.5387606659763752e-05,0.1599681862650642,0.04109857973568607,0.7989178463925884,25,30,20
41,4055,1.5388934512184195e-05,0.1599682656924521,0.04109946802362131,0.798916877349413,25,30,20
41,4056,3.765536253557637e-05,0.15998811054353415,0.041675865444608114,0.7982983686493209,25,30,20
41,4057,3.765800548205886e-05,0.15998827053755507,0.041676611134769885,0.7982974603221916,25,30,20
41,4058,3.7658031995377774e-05,0.1599860748515719,0.04167880271306251,0.798297464403369,25,30,20
41,4059,3.765667844253235e-05,0.1599860746840522,0.04167766635051903,0.7982986022869851,25,30,20
41,4060,3.76541015636465e-05,0.15997272525663062,0.04167837799501212,0.7983112426467917,25,30,20
41,4061,3.7652782568951655e-05,0.15997256918869351,0.04167865724998254,0.7983111207787534,25,30,20
41,4062,3.7652780396023836e-05,0.15997256655877407,0.041680059989749926,0.7983097206710782,25,30,20
41,4063,3.7654105106300666e-05,0.1599724923418292,0.04168029400041766,0.7983095595526448,25,30,20
41,4064,3.765683700456595e-05,0.15997273210975546,0.04168210242939576,0.7983075086238423,25,30,20
41,4065,3.7655495892675106e-05,0.15997280358077628,0.04167982298322936,0.7983097179400995,25,30,20
41,4066,3.757880409798102e-05,0.15997258073043516,0.041677646591409115,0.7983121938740564,25,30,20
41,4067,0.00023908719476364404,0.16081175854498816,0.04059843105617947,0.7983507232040684,25,30,20
41,4068,0.0002392392842867608,0.1608122242757361,0.04060529601309797,0.7983432404268789,25,30,20
41,4069,0.0002392420238140458,0.16081261927496862,0.040645401566914964,0.7983027371343024,25,30,20
41,4070,0.00023924332162690733,0.1608126927224623,0.04064628470538631,0.7983017792505244,25,30,20
41,4071,0.0002345256080345611,0.16078067675419505,0.04030005202325768,0.7986847456145132,25,30,20
41,4072,0.0002345256636367898,0.16078060698378316,0.04030105837692911,0.7986838089756516,25,30,20
41,4073,0.00023445303536300227,0.1607806248084799,0.04030036371893493,0.7986845584372222,25,30,20
41,4074,0.00023445444986570658,0.16077876069610803,0.040302216856301136,0.7986845679977254,25,30,20
41,4075,0.00021226746719634474,0.16075946250849582,0.03973362015689068,0.7992946498674182,25,30,20
41,4076,0.000212192077273722,0.16076912281656766,0.03972427511344141,0.799294409992718,25,30,20
41,4077,0.000212116686402792,0.1607729626024003,0.03972066147701878,0.7992942592341791,25,30,20
41,4078,0.0002167154334160392,0.16064449176522622,0.039844288306099616,0.7992945044952592,25,30,20
41,4079,0.00021671540658313836,0.16064449032879327,0.039844043431045376,0.7992947508335787,25,30,20
41,4080,0.00021687578778220744,0.16064459090162853,0.03988766936163023,0.7992508639489596,25,30,20
41,4081,1.5371231345385014e-05,0.15980699322343614,0.040978016727002436,0.7991996188182171,25,30,20
41,4082,1.5445224216914392e-05,0.15980697946217307,0.04098094834345443,0.7991966269701565,25,30,20
41,4083,2.462836363192802e-05,0.15982619488354158,0.04142631443338933,0.798722862319438,25,30,20
41,4084,2.478045329902197e-05,0.1598268072285834,0.041436867478718664,0.7987115448393997,25,30,20
41,4085,2.4790387692861987e-05,0.15982684484494797,0.04148007935686891,0.7986682854104907,25,30,20
41,4086,2.4636036835770832e-05,0.1598271962084344,0.041486909912456814,0.7986612578422735,25,30,20
41,4087,2.4868150034146934e-05,0.1598269350592545,0.041416662377510835,0.7987315344132021,25,30,20
41,4088,2.4868147707215657e-05,0.15982693497958858,0.04141457663581475,0.7987336202368911,25,30,20
41,4089,2.4633345140128513e-05,0.159825613112928,0.041485497296647876,0.7986642562452859,25,30,20
41,4090,2.4556588787287277e-05,0.15982507312083746,0.04148168820657841,0.7986686820837986,25,30,20
41,4091,2.4627389387568745e-05,0.15982516273044678,0.04143883883730634,0.7987113710428609,25,30,20
41,4092,2.462737544293212e-05,0.15982516006645328,0.041473532561517826,0.7986766799965866,25,30,20
41,4093,2.462873772531214e-05,0.15982180398467027,0.041476576193737395,0.7986769910838677,25,30,20
41,4094,2.4626051222764885e-05,0.15982180006785274,0.041473454289946615,0.7986801195909787,25,30,20
41,4095,2.462195064486553e-05,0.15982139834904466,0.04143152215968857,0.7987224575406223,25,30,20
41,4096,1.5438812516402105e-05,0.1598021839151815,0.040987357215118,0.799195020057184,25,30,20
41,4097,1.543873858159313e-05,0.15980195068974126,0.040984414439506046,0.799198196132171,25,30,20
41,4098,1.551545552262936e-05,0.15980225493458428,0.04099063240485613,0.7991915972050367,25,30,20
41,4099,2.0398101936495916e-05,0.15949027786945483,0.04128331628545458,0.7992060077431538,25,30,20
41,4100,2.0406436151468648e-05,0.15949030985692683,0.041253971281078695,0.7992353124258428,25,30,20
41,4101,2.0250261845999935e-05,0.15948960025523584,0.04124494967803449,0.7992451998048835,25,30,20
41,4102,2.03256696892689e-05,0.15948998949755225,0.04124918088788121,0.7992405039448773,25,30,20
41,4103,4.363950081924761e-05,0.16063221315608323,0.030543333861294757,0.8087808134818026,25,30,20
41,4104,4.828978213826549e-05,0.16065073838191093,0.03080553310408096,0.8084954387318694,25,30,20
41,4105,5.305384333461601e-05,0.16068122941674143,0.032997673327284774,0.8062680434126388,25,30,20
41,4106,5.3057968599527696e-05,0.16068163103668745,0.03300445989014916,0.8062608511045636,25,30,20
41,4107,5.306068268248088e-05,0.16068187214536084,0.033007533347493866,0.8062575338244626,25,30,20
41,4108,5.305931913973988e-05,0.16068233532764842,0.03375102721235034,0.8055135781408616,25,30,20
41,4109,4.8254272144154016e-05,0.16066295805585015,0.03347542477482749,0.8058133628971782,25,30,20
41,4110,4.3371648603142036e-05,0.16097193791399508,0.03318574077374635,0.8057989496636553,25,30,20
41,4111,4.329491000909568e-05,0.16097170766894528,0.03319205216535924,0.8057929452556859,25,30,20
41,4112,4.801099189383581e-05,0.16100813413308984,0.03355047398243608,0.8053933808925797,25,30,20
41,4113,4.800823555894053e-05,0.16100796833214154,0.033547242270051465,0.8053967811622477,25,30,20
41,4114,4.8008204061303023e-05,0.1610080369358956,0.03354600110250642,0.8053979537575363,25,30,20
41,4115,4.8008229340746127e-05,0.16100804110632172,0.03354813652842615,0.805395814135911,25,30,20
41,4116,4.800689129471053e-05,0.1610001517714249,0.03355633828740794,0.8053955030498718,25,30,20
41,4117,4.800824525559648e-05,0.16100023592046386,0.0335592459102738,0.8053925099240061,25,30,20
41,4118,4.793285861920079e-05,0.16100008950434103,0.03356945117698712,0.8053825264600522,25,30,20
41,4119,4.785480970609538e-05,0.1609998554464328,0.03356745939386936,0.8053848303499913,25,30,20
41,4120,2.4540958303621507e-05,0.15985778485327895,0.04426403391640611,0.7958536402720113,25,30,20
41,4121,2.4539605120127583e-05,0.15985769880511408,0.04422451380551131,0.795893247784255,25,30,20
41,4122,2.453694508875851e-05,0.15985738244775782,0.04421915638540046,0.7958989242217533,25,30,20
41,4123,1.9771541386497997e-05,0.15982673386586693,0.04202437850982471,0.7981291160829223,25,30,20
41,4124,2.450158501824836e-05,0.15984588571391817,0.042298231877604925,0.797831380823459,25,30,20
41,4125,2.4502900204630243e-05,0.15984604039830141,0.04229888596246166,0.7978305707390321,25,30,20
41,4126,2.434809858655174e-05,0.15984541161730023,0.042288755806442736,0.7978414844776706,25,30,20
41,4127,2.4352207212373074e-05,0.15984567984548673,0.07226878873895025,0.7678611792083507,25,30,20
41,4128,2.4350736554555986e-05,0.15984559451500838,0.07226735718164373,0.7678626975667933,25,30,20
41,4129,2.4350720622351836e-05,0.15984559656424768,0.07226604602022882,0.7678640066949007,25,30,20
41,4130,2.4350728686630593e-05,0.15984544989668137,0.07226706122925075,0.7678631381453814,25,30,20
41,4131,2.4428853093986844e-05,0.159845924054843,0.07227536810286436,0.7678542789891989,25,30,20
41,4132,2.4427453426501886e-05,0.1598456100466905,0.07227009025754645,0.7678598722423372,25,30,20
41,4133,2.4427444164745343e-05,0.15984561001184486,0.07227012294301936,0.7678598396009713,25,30,20
41,4134,2.4427419471078097e-05,0.15984560587204646,0.07226800463704813,0.7678619620714341,25,30,20
41,4135,2.4502764255670732e-05,0.15984574266465523,0.07225676418476429,0.7678729903863244,25,30,20
41,4136,2.450144948495927e-05,0.15984566057743266,0.0722554623303539,0.7678743756427278,25,30,20
41,4137,2.4583612281885384e-05,0.15984584604885488,0.07233006934080186,0.7677995009980607,25,30,20
41,4138,1.9984809683165896e-05,0.15997660705675626,0.07220423196011885,0.7677991761734413,25,30,20
41,4139,1.9895724928832747e-05,0.1599709733006209,0.07283319426525531,0.7671759367091943,25,30,20
41,4140,1.9979490895310383e-05,0.15997200329551198,0.07301283255847588,0.7669951846551161,25,30,20
41,4141,2.911538479055881e-05,0.15999097060617276,0.07336121827965603,0.7666186957293799,25,30,20
41,4142,2.9271534954627177e-05,0.15997901738136147,0.07337270442547045,0.7666190066582126,25,30,20
41,4143,2.911541276078629e-05,0.15999063446564474,0.0733614762346337,0.76661877388696,25,30,20
41,4144,2.9115509774417715e-05,0.1599905612035762,0.07337553089155517,0.7666047923950937,25,30,20
41,4145,2.9038746091471748e-05,0.15999033235172214,0.07337011485832452,0.7666105140438617,25,30,20
41,4146,2.9199410903725287e-05,0.15991801427442517,0.07343750183440885,0.7666152844802621,25,30,20
41,4147,2.9360102722521465e-05,0.15991118857111788,0.07344392507930333,0.7666155262468561,25,30,20
41,4148,2.9362700854467907e-05,0.15991119591550926,0.07343291128352329,0.7666265301001127,25,30,20
41,4149,2.4633923454195906e-05,0.15989212849373974,0.07316018938476818,0.7669230481980378,25,30,20
41,4150,2.4632561984249176e-05,0.15989204649165456,0.0731588320051474,0.7669244889412136,25,30,20
41,4151,2.455444185261493e-05,0.15989157251651814,0.07315118002384559,0.766932693017783,25,30,20
41,4152,2.4553098248029484e-05,0.15989164387415472,0.07314998882787192,0.7669338141997245,25,30,20
41,4153,2.439244100428062e-05,0.1599281159807338,0.07311844772633255,0.7669290438519286,25,30,20
41,4154,2.4469227094813216e-05,0.15992857922379553,0.07312454925791288,0.766922402291196,25,30,20
41,4155,2.8989586662889895e-05,0.15992868776741587,0.07252932271441825,0.7675129999315025,25,30,20
41,4156,2.8990901181718278e-05,0.15992876849974005,0.07252994255544974,0.7675122980436281,25,30,20
41,4157,2.9070440678531448e-05,0.15992932617286681,0.0725370350069277,0.7675045683795265,25,30,20
41,4158,2.899502901371003e-05,0.15992879027626392,0.07253321945228251,0.7675089952424394,25,30,20
41,4159,2.891682884178474e-05,0.15992823933947495,0.0725277526340072,0.7675150911976758,25,30,20
41,4160,2.8918144777831735e-05,0.1599283200046648,0.07252865733160394,0.7675141045189533,25,30,20
41,4161,2.891374374763443e-05,0.15992807440040227,0.07257018812395273,0.7674728237318975,25,30,20
41,4162,2.898510139383195e-05,0.15992813033364328,0.07258870610032606,0.7674541784646368,25,30,20
41,4163,2.8985111503534427e-05,0.1599281344409774,0.07258896424419166,0.7674539162033277,25,30,20
41,4164,2.8983764767304846e-05,0.15992813576572304,0.07258652829389928,0.7674563521756107,25,30,20
41,4165,2.4267722935506275e-05,0.15989170991349486,0.0722274679886454,0.7678565543749243,25,30,20
41,4166,2.4263640984242397e-05,0.1598914430683103,0.04224794779,0.7978363455007061,25,30,20
41,4167,2.411028603446113e-05,0.15989120385931022,0.04218162552632867,0.7979030603283275,25,30,20
41,4168,2.4104784348637968e-05,0.15989087937566018,0.04288303309989174,0.7972019827401001,25,30,20
41,4169,3.7628124021174305e-05,0.159700583379572,0.04305942214687751,0.79720236634953,25,30,20
41,4170,3.7548432718363874e-05,0.1597004926876395,0.043035039369859425,0.7972269195097833,25,30,20
41,4171,3.762653151640782e-05,0.1597007256047341,0.04304226293939952,0.7972193849243506,25,30,20
41,4172,3.770460539018995e-05,0.15970126547665145,0.043048593018477375,0.7972124368994816,25,30,20
41,4173,3.770462907568581e-05,0.15970119273035266,0.043048816797567974,0.7972122858430043,25,30,20
41,4174,0.00029210291417963057,0.1597027496549705,0.04336132586289421,0.7966438215679557,25,30,20
41,4175,0.0002921783109835159,0.1597029772317212,0.04336522962803438,0.7966396148292608,25,30,20
41,4176,0.0002921683245486053,0.15970301236253498,0.0433215073026017,0.796683312010314,25,30,20
41,4177,0.00029216698665078034,0.15970308099889255,0.04331924431638499,0.7966855076980708,25,30,20
41,4178,0.0002921696940109482,0.15970301492605155,0.04332220606017101,0.7966826093197658,25,30,20
41,4179,0.0002921696939015935,0.15970301490467745,0.043322205550590256,0.79668260985083,25,30,20
41,4180,0.0002921697250810507,0.15970227911485854,0.04332294790896257,0.7966826032510974,25,30,20
41,4181,0.0002923259548407025,0.15969896090991798,0.04332533085407684,0.7966833822811645,25,30,20
41,4182,0.00029232467855490525,0.15969888441374003,0.04332522988067688,0.7966835610270283,25,30,20
41,4183,0.00029240136702662016,0.15969926255526606,0.04261455235621155,0.7973937837214958,25,30,20
41,4184,0.0002925575822282537,0.15970027343033344,0.042628383323217174,0.7973787856642213,25,30,20
41,4185,0.0002925547743006932,0.15970556230824498,0.04262341181715809,0.7973784711002964,25,30,20
41,4186,0.00030157160244618733,0.1597066484232987,0.042764138117167755,0.7972276418570874,25,30,20
41,4187,0.00030629323825614833,0.15974354183732356,0.0431346756555773,0.7968154892688429,25,30,20
41,4188,0.00030629313550698667,0.15974428460342707,0.043133934542404474,0.7968154877186615,25,30,20
41,4189,0.0003062930478984948,0.1597442812781927,0.043147760092528395,0.7968016655813801,25,30,20
41,4190,0.00029727486729740906,0.1597432702295127,0.042962543185036235,0.7969969117181535,25,30,20
41,4191,0.00029735161298632425,0.15974349644251798,0.042967689058959556,0.7969914628855358,25,30,20
41,4192,0.0002974270013613535,0.1597436417992657,0.04298481671014507,0.7969741144892274,25,30,20
41,4193,0.0002974980431887749,0.1597431555721951,0.042814926685296344,0.7971444196993189,25,30,20
41,4194,0.00029749807571121317,0.1597431625541957,0.042816167759836675,0.7971431716102557,25,30,20
41,4195,0.00029734196670426477,0.15974215215849308,0.043493000382375094,0.796467505492427,25,30,20
41,4196,0.0002973419116102194,0.15974207385919661,0.043492232630971586,0.796468351598221,25,30,20
41,4197,0.0002836578520026277,0.15993972123988334,0.04330897151684758,0.7964676493912656,25,30,20
41,4198,0.00028365779248848096,0.15993972319120794,0.0426183162034041,0.7971583028128986,25,30,20
41,4199,0.00028365647136788247,0.15993964643822256,0.042602796202844774,0.7971739008875638,25,30,20
41,4200,0.0002745192494632405,0.15992067776832264,0.04225373267429816,0.797551070307915,25,30,20
41,4201,0.0002745179281455997,0.1599205983521671,0.04225284041125644,0.7975520433084301,25,30,20
41,4202,0.0002745247799569191,0.15992006819070653,0.04225549876855497,0.797549908260781,25,30,20
41,4203,0.0002835027643700964,0.15993926453431398,0.04260393404547976,0.7971732986558357,25,30,20
41,4204,0.00028342735609562466,0.1599391164320406,0.04263676035889095,0.7971406958529721,25,30,20
41,4205,0.00027445356870245554,0.15992016643030238,0.04232168125512577,0.7974836987458689,25,30,20
41,4206,0.00027445629884920023,0.15992033366055058,0.0423154273100707,0.7974897827305293,25,30,20
41,4207,0.0002746151955387101,0.15982433434168594,0.04241125880680091,0.7974897916559742,25,30,20
41,4208,0.00027453982279428206,0.15982418636948942,0.0424133701203577,0.7974879036873582,25,30,20
41,4209,0.0002835130441877613,0.15984267153264695,0.04270752911684445,0.7971662863063206,25,30,20
41,4210,2.9036592742433313e-05,0.15984087433187102,0.04168389598643795,0.7984461930889482,25,30,20
41,4211,2.888776511406875e-05,0.15980906565148836,0.04171630867430357,0.7984457379090935,25,30,20
41,4212,2.889045892425419e-05,0.1598093081149985,0.04175184845594014,0.7984099529701366,25,30,20
41,4213,2.8891821900311293e-05,0.15980930416083897,0.04176108613380781,0.7984007178834527,25,30,20
41,4214,2.8968580837069168e-05,0.1598096152293125,0.04176575436547127,0.7983956618243789,25,30,20
41,4215,2.88151395404547e-05,0.15980915382456803,0.041762506400017864,0.7983995246358734,25,30,20
41,4216,2.4218067117601127e-05,0.15980827658577165,0.04360716895378575,0.7965603363933252,25,30,20
41,4217,2.414674103255038e-05,0.15980868352626135,0.043613424840295956,0.7965537448924103,25,30,20
41,4218,2.414677249703463e-05,0.15980883978897908,0.043578679184040806,0.7965883342544835,25,30,20
41,4219,2.4148065584852843e-05,0.15980884229844824,0.043572954618789295,0.796594055017178,25,30,20
41,4220,2.3990501748184066e-05,0.1599037804022136,0.04347818029628975,0.796594048799749,25,30,20
41,4221,2.398778543531024e-05,0.1599035337398987,0.0434421215475732,0.7966303569270933,25,30,20
41,4222,2.3987787025574566e-05,0.1599034555855446,0.04344162688120453,0.7966309297462258,25,30,20
41,4223,2.3989132367780277e-05,0.159903611896844,0.0434427926763081,0.7966296062944808,25,30,20
41,4224,2.406450335944649e-05,0.1599039119016521,0.043444021491862606,0.7966280021031261,25,30,20
41,4225,2.4056307123123735e-05,0.15990428724814154,0.04343964449869021,0.7966320119460452,25,30,20
41,4226,2.3979600688234365e-05,0.15990390908329924,0.0434357463013591,0.796636365014653,25,30,20
41,4227,2.405171676776684e-05,0.15994163030787287,0.043397808803648054,0.7966365091717108,25,30,20
41,4228,2.4285038009036784e-05,0.1599512071569036,0.04356406508689174,0.7964604427181952,25,30,20
41,4229,2.428917060008529e-05,0.15995121569109774,0.043589377010315095,0.7964351181279865,25,30,20
41,4230,2.4289167611610945e-05,0.1599512832413007,0.04360089326581999,0.7964235343252671,25,30,20
41,4231,2.4524307195954222e-05,0.15995199770835755,0.04360973476455019,0.7964137432198961,25,30,20
41,4232,2.421425142973514e-05,0.15994188368050108,0.043437103505062365,0.7965967985630067,25,30,20
41,4233,1.9569340365628685e-05,0.15990529311142815,0.04307091850528664,0.7970042190429197,25,30,20
41,4234,1.9569316079256588e-05,0.15990536592768795,0.04307107847492793,0.797003986281305,25,30,20
41,4235,1.949395468567773e-05,0.1599082780118587,0.04306839243581512,0.7970038355976407,25,30,20
41,4236,1.9570700732606476e-05,0.15990373156309082,0.04307255652945211,0.7970041412067246,25,30,20
41,4237,1.9498091493656136e-05,0.15990344370157614,0.04305780599369842,0.7970192522132317,25,30,20
41,4238,1.942135849283387e-05,0.15990306139267677,0.04305342145403592,0.7970240957947944,25,30,20
41,4239,1.9420018946179177e-05,0.15990290118228206,0.04304651176731185,0.7970311670314597,25,30,20
41,4240,1.9421337586546214e-05,0.15990305593003634,0.04104858922918897,0.799028933503188,25,30,20
41,4241,1.942002067190381e-05,0.15989970695581765,0.04105185322682797,0.7990290197966827,25,30,20
41,4242,1.9417303954019466e-05,0.1599005619389727,0.041051005086808694,0.7990290156702649,25,30,20
41,4243,1.9415983050119985e-05,0.159900406966625,0.041045001257209196,0.7990351757931162,25,30,20
41,4244,1.9410553983957803e-05,0.15989968929529325,0.04103403339915293,0.7990468667515702,25,30,20
41,4245,1.9484615362350812e-05,0.1599000622315604,0.0410354126224462,0.7990450405306311,25,30,20
41,4246,1.9246785995943913e-05,0.15989942332630627,0.04103071410805079,0.799050615779647,25,30,20
41,4247,1.9171388144379955e-05,0.15989919583767198,0.041027737613593566,0.7990538951605899,25,30,20
41,4248,1.9409362367554284e-05,0.15989984726115358,0.041038745872964834,0.7990419975035138,25,30,20
41,4249,1.9410703576308287e-05,0.15990007768012343,0.041041896231283265,0.7990386153850167,25,30,20
41,4250,1.9487418061485154e-05,0.15990037499453047,0.04103958438537386,0.7990405532020338,25,30,20
41,4251,1.9409341493332415e-05,0.1599053001199441,0.041035046953499126,0.7990402435850632,25,30,20
41,4252,1.9406894358703568e-05,0.1599053737287045,0.041032855199369285,0.7990423641775668,25,30,20
41,4253,1.9405551993686316e-05,0.15990529416032898,0.04103169383877761,0.7990436064488988,25,30,20
41,4254,1.9405544339984395e-05,0.1599052225541078,0.04101946066160829,0.799055911239943,25,30,20
41,4255,1.940688067591931e-05,0.15990538011009503,0.04102035798763112,0.799054855021597,25,30,20
41,4256,1.9410569434469435e-05,0.1797154887114872,0.021220113537434332,0.7990449871816422,25,30,20
41,4257,1.941190396552227e-05,0.1797154958106107,0.02122133360988034,0.7990437586755417,25,30,20
41,4258,1.9410546470090342e-05,0.17971541355299808,0.021220175109681886,0.7990450007908483,25,30,20
41,4259,1.94121050803318e-05,0.1797247019144101,0.021272911298944867,0.798982974681563,25,30,20
41,4260,1.9413477409585194e-05,0.17972493610013657,0.021277161344764258,0.7989784890776879,25,30,20
41,4261,1.9568264534965103e-05,0.17972562931460345,0.02128734890884619,0.7989674535120137,25,30,20
41,4262,1.9566888404001534e-05,0.17976558445772284,0.021247396596521872,0.7989674520573498,25,30,20
41,4263,1.9565575579825975e-05,0.17976565819513732,0.021246206519810813,0.7989685697094704,25,30,20
41,4264,1.956690981139108e-05,0.17976558826615852,0.021285598352711346,0.7989292464713169,25,30,20
41,4265,1.9490481276629245e-05,0.1797656862861043,0.02128359283326855,0.7989312303993485,25,30,20
41,4266,1.9650500946837838e-05,0.1797652252396722,0.023290022019399847,0.7969251022399791,25,30,20
41,4267,1.964916593170401e-05,0.1797652294639828,0.023266003245211487,0.796949118124872,25,30,20
41,4268,1.9650465378695565e-05,0.17976530477700237,0.0232665143608506,0.7969485303967663,25,30,20
41,4269,1.9495677537816052e-05,0.17976460883227627,0.023256519429963155,0.7969593760602208,25,30,20
41,4270,1.9495680841207277e-05,0.17976467324678067,0.02324117560412118,0.796974655468255,25,30,20
41,4271,1.9573918278613492e-05,0.1797652196560653,0.023248307955449382,0.7969668984702047,25,30,20
41,4272,1.9573949718350594e-05,0.17976529782999193,0.02324868535033525,0.7969664428699526,25,30,20
41,4273,1.965207734898872e-05,0.17976545542078756,0.023255038370669466,0.7969598541311924,25,30,20
41,4274,1.9652052176492938e-05,0.17976545277070863,0.02325482286148205,0.7969600723156312,25,30,20
41,4275,1.9581093371182186e-05,0.17976968833123255,0.023286528777671966,0.7969242017977227,25,30,20
41,4276,1.9582413900912306e-05,0.179769611502802,0.023287646083375423,0.79692315999992,25,30,20
41,4277,1.9585148987204196e-05,0.1797670210738742,0.02329022691216227,0.7969231668649747,25,30,20
41,4278,1.9583831702612273e-05,0.17976686628947655,0.02328946317597154,0.7969240867028475,25,30,20
41,4279,1.9580680551454992e-05,0.17976249124147922,0.023256820433581946,0.7969611076443855,25,30,20
41,4280,1.9344039222312325e-05,0.17976192044623773,0.0232516646777687,0.7969670708367694,25,30,20
41,4281,1.9345420727647923e-05,0.17976200269485113,0.02325378595254092,0.7969648659318787,25,30,20
41,4282,1.9344081002582032e-05,0.17976169574632245,0.023250794380519732,0.7969681657921541,25,30,20
41,4283,1.9344257360589044e-05,0.17976171024330198,0.02396549414130932,0.796253451358027,25,30,20
41,4284,1.9344254220817987e-05,0.17976171289723514,0.023967790591310906,0.796251152257232,25,30,20
41,4285,1.9344226127061062e-05,0.17976178841335952,0.023969511376152598,0.7962493559843596,25,30,20
41,4286,2.8293050361692943e-05,0.17959646269826282,0.024125504254230948,0.7962497399971434,25,30,20
41,4287,2.8294420622126712e-05,0.1795965393456434,0.02416278242615834,0.7962123838075751,25,30,20
41,4288,1.9423694846689505e-05,0.17976096452538887,0.024007542118926816,0.7962120696608365,25,30,20
41,4289,1.9423702767925844e-05,0.17976096465219377,0.024005765217879116,0.7962138464271581,25,30,20
41,4290,1.957619688319243e-05,0.17977045780772272,0.024073420097631498,0.7961365458977621,25,30,20
41,4291,1.9735379478778323e-05,0.17977109121376564,0.02408010476484733,0.7961290686419076,25,30,20
41,4292,1.9734045550053324e-05,0.17977093226438343,0.024078211983599242,0.7961311217064665,25,30,20
41,4293,1.9496744391094522e-05,0.17977014128433455,0.02410181245379905,0.7961085495174745,25,30,20
41,4294,1.9496500535434363e-05,0.17977006078176444,0.024112193836658698,0.7960982488810405,25,30,20
41,4295,1.9579449021999233e-05,0.17977963702714544,0.024709315445196233,0.7954914680786354,25,30,20
41,4296,1.958079251315999e-05,0.17977956571582382,0.024751869573250578,0.795448983918412,25,30,20
41,4297,1.9579425192477086e-05,0.17977948612335543,0.024712619554074885,0.7954883148973768,25,30,20
41,4298,1.9576631838837964e-05,0.17977939952740218,0.024690518760235536,0.795510505080523,25,30,20
41,4299,1.9576577550553064e-05,0.17977924444823593,0.024687300925656658,0.7955138780485566,25,30,20
41,4300,1.9573840783649534e-05,0.1797670055608964,0.024699548117356286,0.7955138724809635,25,30,20
41,4301,1.059505391197238e-05,0.17974834804167444,0.024368734107507044,0.7958723227969061,25,30,20
41,4302,1.059505792015084e-05,0.17974858553472775,0.024368495279535413,0.7958723241278163,25,30,20
41,4303,1.059504354894505e-05,0.17974850880396098,0.024368914992642387,0.7958719811598474,25,30,20
41,4304,1.0596487003123761e-05,0.17974851862581573,0.024369941903842313,0.7958709429833388,25,30,20
41,4305,1.0749828628566447e-05,0.17974912661490441,0.024380251035017186,0.7958598725214497,25,30,20
41,4306,1.0590948284050066e-05,0.17974918727959785,0.022371867169242454,0.7978683546028759,25,30,20
41,4307,1.058967468875217e-05,0.17974910940527952,0.022371423294761703,0.7978688776252703,25,30,20
41,4308,1.0588417122523514e-05,0.17974925670773195,0.022372564682579386,0.7978675901925664,25,30,20
41,4309,1.0588246764725432e-05,0.1797491667767593,0.021657865681199002,0.7985823792952773,25,30,20
41,4310,1.0504000730928122e-05,0.17973944126660701,0.021055908361234478,0.7991941463714278,25,30,20
41,4311,1.0427284838679365e-05,0.17973921126236092,0.021054111089823895,0.7991962503629765,25,30,20
41,4312,1.0424411764404627e-05,0.17973865692558885,0.021046136832022003,0.7992047818306247,25,30,20
41,4313,1.0423047759159252e-05,0.17973873087180448,0.02104286843241549,0.799207977648021,25,30,20
41,4314,1.0346266492309774e-05,0.17974256457840948,0.021039267762688243,0.79920782139241,25,30,20
41,4315,1.0346239207621351e-05,0.17974256301977845,0.021036024038544005,0.7992110667024699,25,30,20
41,4316,1.042294913073387e-05,0.17974279062216109,0.021041765523666673,0.7992050209050414,25,30,20
41,4317,1.0422852838355425e-05,0.1797427147392015,0.021045091403094823,0.7992017710048652,25,30,20
41,4318,1.0577705257379002e-05,0.17974333140950768,0.021057604448487584,0.7991884864367473,25,30,20
41,4319,1.0577686382145164e-05,0.17974333000943574,0.021057833512145106,0.7991882587920368,25,30,20
41,4320,1.0577700259301448e-05,0.17974340549835197,0.021057383934186595,0.7991886328672018,25,30,20
41,4321,1.0578992595726342e-05,0.17974333131222686,0.02105755732706384,0.7991885323681133,25,30,20
41,4322,1.0811838539007106e-05,0.17974424911221598,0.02307564925090855,0.7971692897983363,25,30,20
41,4323,1.0810583578457805e-05,0.1797442548616459,0.02307626948410797,0.7971686650706675,25,30,20
41,4324,1.081058358529575e-05,0.17974425483767065,0.023076273470234897,0.7971686611085091,25,30,20
41,4325,1.0811928492685332e-05,0.1797444151384617,0.023065932578263237,0.7971788403547824,25,30,20
41,4326,1.0972470785607993e-05,0.17975829660812026,0.02311270925698443,0.7971180216641097,25,30,20
41,4327,1.1049241898497286e-05,0.1797519794684885,0.023118797452642215,0.7971181738369707,25,30,20
41,4328,1.112602659510655e-05,0.17975267165413214,0.023127542115096458,0.7971086602041759,25,30,20
41,4329,1.1201400284602134e-05,0.17975289781186243,0.02312983063230326,0.7971060701555495,25,30,20
41,4330,1.1201404838421094e-05,0.1797510022691358,0.023131727483899977,0.7971060688421256,25,30,20
41,4331,1.1201332610626716e-05,0.1797506910336531,0.02312734932058259,0.7971107583131534,25,30,20
41,4332,1.1201355178370711e-05,0.17975061855041063,0.02319147028887533,0.7970467098055355,25,30,20
41,4333,1.5931189401820617e-05,0.1797699946551495,0.02348059452259527,0.7967334796328532,25,30,20
41,4334,1.5936439909995853e-05,0.17977009797411053,0.023481457706938436,0.7967325078790405,25,30,20
41,4335,1.578160651284738e-05,0.17976955805095435,0.023469175703363578,0.7967454846391688,25,30,20
41,4336,1.5782898128429143e-05,0.17976970583682156,0.023507959044705116,0.7967065522203446,25,30,20
41,4337,1.5859609563079386e-05,0.17977000850009897,0.023448198745663836,0.7967659331446738,25,30,20
41,4338,1.5859611172894458e-05,0.17977000850812086,0.023448186671580388,0.7967659452091257,25,30,20
41,4339,1.5784257667437734e-05,0.1797697084639357,0.023445215926281612,0.796769291352115,25,30,20
41,4340,1.5551346859934066e-05,0.17976885233321027,0.02142514210617998,0.7987904542137495,25,30,20
41,4341,1.5626737299410126e-05,0.17976931014504166,0.021428171554354974,0.7987868915633036,25,30,20
41,4342,1.5464908520724983e-05,0.1797555068795119,0.021339599659978628,0.7988894285519886,25,30,20
41,4343,1.554780495880311e-05,0.16064322900655997,0.04045154315548038,0.7988896800329992,25,30,20
41,4344,1.5547806463169976e-05,0.16064307826792515,0.04041260397464901,0.7989287699509614,25,30,20
41,4345,1.555103877405614e-05,0.1599456040381789,0.04111049268608573,0.7989283522369606,25,30,20
41,4346,1.5474284232588456e-05,0.1599452943838812,0.04110640016121803,0.7989328311706676,25,30,20
41,4347,1.5404315691562732e-05,0.15990870681004657,0.04114319764194211,0.7989326912323196,25,30,20
41,4348,1.5330499015355402e-05,0.15990848448287237,0.041165843931860485,0.798910341086252,25,30,20
41,4349,1.5405946832730664e-05,0.1599088656524918,0.04117059633913447,0.7989051320615413,25,30,20
41,4350,0.00044354633570045746,0.159934840720728,0.040708281874312434,0.7989133310692587,25,30,20
41,4351,0.00044370522731156803,0.1599350820268118,0.040743160434977256,0.798878052310899,25,30,20
41,4352,0.00044370517332606815,0.15993507916696273,0.04074354657772819,0.7988776690819829,25,30,20
41,4353,0.0004389780258012092,0.15991586044481534,0.04045613621780322,0.7991890253115799,25,30,20
41,4354,1.5477215960914442e-05,0.15991404105487336,0.04088019888822484,0.7991902828409408,25,30,20
41,4355,1.5481371908361922e-05,0.15991437419782278,0.040903249531430826,0.7991668948988385,25,30,20
41,4356,1.548136893400473e-05,0.15991436873319054,0.04090250009408105,0.7991676498037953,25,30,20
41,4357,1.571849325800545e-05,0.159923741614342,0.04099582942657418,0.7990647104658263,25,30,20
41,4358,1.5718584094320617e-05,0.15992458351516292,0.04099498186433016,0.7990647160364133,25,30,20
41,4359,1.5866630308004592e-05,0.15994474036795508,0.04097438077657533,0.7990650122251617,25,30,20
41,4360,1.5791257831712593e-05,0.1599444324305245,0.040969052171159176,0.7990707241404847,25,30,20
41,4361,1.5714564476516564e-05,0.15994405155214092,0.040965031872603246,0.7990752020107794,25,30,20
41,4362,1.555421354709338e-05,0.15993490767743665,0.040877817714015593,0.7991717203950008,25,30,20
41,4363,1.5554267467395824e-05,0.15993506972131716,0.04087904574376545,0.79917033026745,25,30,20
41,4364,1.5484399994897166e-05,0.15993532113748146,0.040938698813037716,0.7991104956494856,25,30,20
41,4365,1.5485727338027878e-05,0.1599352442288025,0.040942784245666684,0.7991064857981925,25,30,20
41,4366,1.5408879559000237e-05,0.1599261309659545,0.041623550174405874,0.7984349099800804,25,30,20
41,4367,1.5325194292861503e-05,0.159925790201538,0.04087164771292121,0.7991872368912477,25,30,20
41,4368,1.5248479190579087e-05,0.15992540942736447,0.040867576234082575,0.799191765859362,25,30,20
41,4369,1.5246912684561268e-05,0.15992548365476209,0.04084010411954694,0.7992191653130064,25,30,20
41,4370,1.540591240863447e-05,0.15992127482965945,0.04088001160199612,0.7991833076559351,25,30,20
41,4371,1.5407273096386752e-05,0.15992135706387559,0.04084570338984131,0.7992175322731865,25,30,20
41,4372,1.5405838437574718e-05,0.1599213537095962,0.04084511346903575,0.7992181269829303,25,30,20
41,4373,1.5327762640930694e-05,0.1599210427544643,0.04083850283077715,0.7992251266521176,25,30,20
41,4374,1.5403113272733947e-05,0.15992118366919025,0.04083770915721474,0.7992257040603223,25,30,20
41,4375,1.0834811582243377e-05,0.19915359477810335,0.0016189248669638704,0.7992166455433511,25,30,20
41,4376,1.5547073210171624e-05,0.1991946340529203,0.0020054008095124164,0.7987844180643577,25,30,20
41,4377,1.5384672309660502e-05,0.1998973559827325,0.0013032427448230485,0.7987840166001354,25,30,20
41,4378,1.5385958550825004e-05,0.19990866243229946,0.001291781711162714,0.7987841698979876,25,30,20
41,4379,1.53900363336298e-05,0.19990472775971693,0.0012957041281575867,0.7987841780757924,25,30,20
41,4380,2.000212621430369e-05,0.19984154659180906,0.0013542476580726184,0.7987842036239046,25,30,20
41,4381,2.007883720942463e-05,0.19984192738998988,0.0013583148775657256,0.7987796788952353,25,30,20
41,4382,1.5466655977595564e-05,0.19990547827323624,0.0012994072480454128,0.798779647822741,25,30,20
41,4383,1.5546500979787585e-05,0.19990586585767864,0.0013058250975583538,0.7987727625437836,25,30,20
41,4384,1.554652460957722e-05,0.19990587560142425,0.001308306460580261,0.7987702714133867,25,30,20
41,4385,1.546983019453292e-05,0.19990549740013017,0.001304527904828037,0.798774504864848,25,30,20
41,4386,1.5468453384755833e-05,0.19990557269144527,0.001299264478056447,0.7987796943771144,25,30,20
41,4387,1.546528763821365e-05,0.1999054894305598,0.0012981083167940251,0.798780936965009,25,30,20
41,4388,1.546662031723165e-05,0.19991991505873194,0.0012836786205468126,0.7987809397004046,25,30,20
41,4389,1.5304873792222698e-05,0.19991492117616474,0.0011924391546682973,0.7988773347953756,25,30,20
41,4390,1.5150002544771803e-05,0.19993968817338637,0.0011681354728016575,0.7988770263512677,25,30,20
41,4391,1.5151654602891902e-05,0.19993962505621596,0.0011697531585466664,0.7988754701306346,25,30,20
41,4392,1.5146143690623692e-05,0.19993921108157178,0.0011439289609412471,0.7989017138137965,25,30,20
41,4393,1.5139272757786043e-05,0.1999386513984291,0.0010796815173514174,0.7989665278114617,25,30,20
41,4394,1.514057718557219e-05,0.19993880616664758,0.0018043734473706437,0.7982416798087962,25,30,20
41,4395,1.5063841909072314e-05,0.19993857718795754,0.0018000132834911642,0.798246345686642,25,30,20
41,4396,1.5137556555904967e-05,0.19993879355260696,0.0018001120017908884,0.7982459568890461,25,30,20
41,4397,1.5137585666239925e-05,0.19993879503001943,0.0018003730288421967,0.798245694355472,25,30,20
41,4398,1.5137579467454803e-05,0.19993879493476777,0.0017998925971594642,0.7982461748886052,25,30,20
41,4399,1.5137581040882281e-05,0.1999386777675257,0.0017999342974474644,0.7982462503539857,25,30,20
41,4400,2.4328661755013944e-05,0.19951028976404495,0.002209322935702046,0.7982560586384977,25,30,20
41,4401,2.4328633636359316e-05,0.1995102047103916,0.0022066271516078583,0.7982588395043638,25,30,20
41,4402,2.4333033421681034e-05,0.19951014706941103,0.002243856429304803,0.7982216634678622,25,30,20
41,4403,2.432999193063735e-05,0.19951013498639691,0.0022698150830204418,0.7981957199386517,25,30,20
41,4404,2.4329835642817808e-05,0.19951004662565983,0.0022683330577837847,0.7981972904809134,25,30,20
41,4405,2.4403831803998842e-05,0.17915758442764226,0.022620102878265942,0.7981979088622871,25,30,20
41,4406,1.9691737353806537e-05,0.17911647047387078,0.022245736015797518,0.7986181017729774,25,30,20
41,4407,1.9615025927112722e-05,0.17911616205328976,0.022240875384273377,0.7986233475365089,25,30,20
41,4408,1.0423943737715158e-05,0.17954478823945408,0.021831249938256598,0.7986135378785506,25,30,20
41,4409,1.0352778252818366e-05,0.17954488373384606,0.021830482606725456,0.7986142808811745,25,30,20
41,4410,1.0436516105545055e-05,0.1795456005125934,0.021914737791047866,0.7985292251802523,25,30,20
41,4411,1.5227329358413138e-05,0.17914408440010868,0.022302189505343083,0.7985384987651889,25,30,20
41,4412,1.5302717471333592e-05,0.1791400841066347,0.022305964953524632,0.7985386482223684,25,30,20
41,4413,1.5225978446415123e-05,0.17914512174293407,0.022301080778163233,0.7985385715004554,25,30,20
41,4414,1.5230140339173425e-05,0.1791451302732475,0.02230326268007359,0.7985363769063393,25,30,20
41,4415,1.5231537201257963e-05,0.17914513307138058,0.022308299207640964,0.7985313361837766,25,30,20
41,4416,1.5542531419067325e-05,0.17914653303535835,0.02232839407375502,0.7985095303594663,25,30,20
41,4417,1.5619260907139773e-05,0.17914683887092192,0.02237147628761197,0.798466065580558,25,30,20
41,4418,1.577406571769449e-05,0.17913640352755963,0.022381444499707807,0.7984663779070139,25,30,20
41,4419,1.5850849768166622e-05,0.17912946281532258,0.0223882317158461,0.7984664546190621,25,30,20
41,4420,1.5774135825173417e-05,0.17912916406636437,0.022385397942506952,0.7984696638553028,25,30,20
41,4421,1.577850000403065e-05,0.1791294089085537,0.022379085334423805,0.7984757272570178,25,30,20
41,4422,1.5777178178715748e-05,0.17912932547542787,0.022377718499238104,0.7984771788471547,25,30,20
41,4423,1.585526047498944e-05,0.1791296445057529,0.022356494594867958,0.7984980056389037,25,30,20
41,4424,1.5856630057015162e-05,0.1791298897259587,0.022361267081068482,0.7984929865629156,25,30,20
41,4425,1.5855407941364818e-05,0.17913032003204812,0.02236076353058642,0.798493061029424,25,30,20
41,4426,1.601021745554122e-05,0.17913085842097434,0.022370780921703387,0.7984823504398664,25,30,20
41,4427,1.6011539480899965e-05,0.17913094199365498,0.02237236483773611,0.7984806816291277,25,30,20
41,4428,1.6004515376686424e-05,0.17913052802863305,0.022291147864468838,0.7985623195915212,25,30,20
41,4429,1.5849707148414075e-05,0.17914098835587652,0.022281154704132763,0.798562007232842,25,30,20
41,4430,1.5775985577634205e-05,0.17914062189673183,0.022300764312092144,0.7985428378055981,25,30,20
41,4431,1.5696251211211467e-05,0.17914054028065693,0.0222730453165095,0.7985707181516222,25,30,20
41,4432,2.4934867936613367e-05,0.15952736506797327,0.04187703644209275,0.7985706636219979,25,30,20
41,4433,2.9486088611197476e-05,0.15981245503391717,0.043361426922631015,0.7967966319548405,25,30,20
41,4434,2.9487441743200278e-05,0.15981076847637246,0.04336302995993876,0.7967967141219457,25,30,20
41,4435,2.9564175854871538e-05,0.15981099050774394,0.043366374731773426,0.796793070584628,25,30,20
41,4436,2.949176498671679e-05,0.15981561516256113,0.043381434925021764,0.7967734581474307,25,30,20
41,4437,2.933287336378418e-05,0.15981529848569506,0.04334727158943887,0.7968080970515031,25,30,20
41,4438,2.9327436524079547e-05,0.1598148291955526,0.043344798112674734,0.7968110452552492,25,30,20
41,4439,2.9326185350842232e-05,0.15981467066433294,0.043342454030121304,0.7968135491201962,25,30,20
41,4440,2.0089124672414628e-05,0.15981324004189493,0.04335369241516642,0.7968129784182676,25,30,20
41,4441,2.0090517585214487e-05,0.15981332375422558,0.04335511716982572,0.7968114685583646,25,30,20
41,4442,2.0165910009221858e-05,0.1598135443927329,0.043357866682221184,0.7968084230150373,25,30,20
41,4443,2.0241249641569245e-05,0.15981352789219283,0.04335935342971566,0.7968068774284509,25,30,20
41,4444,2.01631539255503e-05,0.15981321405439392,0.04334396950539125,0.7968226532862899,25,30,20
41,4445,2.008641106185211e-05,0.1598129865350483,0.04334030467472038,0.7968266223791701,25,30,20
41,4446,2.002458657274723e-05,0.16050461920491507,0.04264872456240974,0.7968266316461018,25,30,20
41,4447,1.5241842088516068e-05,0.1602183703291301,0.041150901017969845,0.7986154868108115,25,30,20
41,4448,1.5239089990026647e-05,0.1602184415200987,0.04114521824110485,0.7986211011488064,25,30,20
41,4449,1.0446940792847537e-05,0.16061604067885632,0.040761838242428274,0.7986116741379231,25,30,20
41,4450,1.044830663859494e-05,0.16061519375053188,0.04076268386235586,0.7986116740804742,25,30,20
41,4451,1.044835388119756e-05,0.16061519784564834,0.04003904551341506,0.7993353082870562,25,30,20
41,4452,1.037293489320819e-05,0.16061896784455068,0.04003550174707227,0.7993351574734848,25,30,20
41,4453,1.0302020415052448e-05,0.16064127792674893,0.040107375863112645,0.7992410441897241,25,30,20
41,4454,1.0302047207431007e-05,0.1606412793358047,0.04010688705383477,0.7992415315631541,25,30,20
41,4455,1.0225340437882518e-05,0.16064105193560899,0.04010305798929309,0.799245664734661,25,30,20
41,4456,1.022537110923493e-05,0.16064113136855984,0.04010334152278638,0.7992453017375455,25,30,20
41,4457,1.9191129100893956e-05,0.1606599127645276,0.04048854500298274,0.7988323511033893,25,30,20
41,4458,1.9114413477831177e-05,0.16065960187626957,0.04048299592083761,0.7988382877894153,25,30,20
41,4459,1.9186693778721656e-05,0.16063729581543207,0.04041515155963653,0.798928365931153,25,30,20
41,4460,1.9186634172960472e-05,0.16063729151898748,0.04041463224488014,0.7989288896019598,25,30,20
41,4461,2.390564486693611e-05,0.16066049881187378,0.04074255097225149,0.798573044571008,25,30,20
41,4462,2.3980992870516134e-05,0.16066071811900012,0.040745767710842797,0.7985695331772868,25,30,20
41,4463,2.4062006295292227e-05,0.16066089560954747,0.04077072757998693,0.7985443148041707,25,30,20
41,4464,2.4138741479065056e-05,0.16066112582213038,0.040776580332142896,0.7985381551042485,25,30,20
41,4465,2.4145742338452275e-05,0.1606610743916776,0.040854150993381175,0.7984606288726036,25,30,20
41,4466,2.4147035224362863e-05,0.16066107693820636,0.04085501714425474,0.798459758882315,25,30,20
41,4467,2.4147099236612743e-05,0.1606610741755842,0.040796428098135544,0.7985183506270443,25,30,20
41,4468,2.4147083337720684e-05,0.16066115807255862,0.04079582518518339,0.798518869658921,25,30,20
41,4469,2.430340553363243e-05,0.16066132530905478,0.04085256083535385,0.7984618104500576,25,30,20
41,4470,2.4378818350811096e-05,0.1606617063960216,0.04085583406292776,0.7984580807226996,25,30,20
41,4471,2.445555269503125e-05,0.16065741883647477,0.04085989144348495,0.7984582341673451,25,30,20
41,4472,2.4454175343541105e-05,0.16065725038953452,0.04085682346916444,0.7984614719659568,25,30,20
41,4473,2.445688781274052e-05,0.1606574217729654,0.04086262843573483,0.7984554929034864,25,30,20
41,4474,2.4613035083991898e-05,0.16065787514279292,0.040868735387886865,0.7984487764342348,25,30,20
41,4475,2.461294088999974e-05,0.16065871936291234,0.040867890353075136,0.798448777343121,25,30,20
41,4476,2.4611639732957626e-05,0.16065864016799927,0.040867236148810215,0.7984495120434562,25,30,20
41,4477,2.468835129620966e-05,0.16065894568512826,0.04087079287939027,0.7984455730841841,25,30,20
41,4478,2.475925552966595e-05,0.16065915862669453,0.04088910415281516,0.7984269779649599,25,30,20
41,4479,2.4836035491294854e-05,0.16065955184879532,0.040894739090951066,0.7984208730247616,25,30,20
41,4480,2.4834656419674008e-05,0.16065963813710205,0.04089373936227516,0.7984217878442026,25,30,20
41,4481,2.499524605360549e-05,0.16056200351896954,0.040986530242402716,0.7984264709925736,25,30,20
41,4482,2.4997931892332477e-05,0.160559320626201,0.040989283179761096,0.7984263982621449,25,30,20
41,4483,2.4835952471696585e-05,0.16066367507977994,0.04088969982793511,0.7984217891398128,25,30,20
41,4484,2.4759163430062223e-05,0.16066313437818136,0.04086465931043673,0.7984474471479512,25,30,20
41,4485,2.499201288224822e-05,0.16066405339716824,0.04087434012876964,0.7984366144611793,25,30,20
41,4486,2.490834959051771e-05,0.1606638062037178,0.04079269902958997,0.798518586417101,25,30,20
41,4487,2.490561189942156e-05,0.16066363335104966,0.040785499281127784,0.7985259617559224,25,30,20
41,4488,2.488780153714261e-05,0.15999037204263813,0.041458708124847365,0.7985260320309777,25,30,20
41,4489,2.4887847250242956e-05,0.15998555044983642,0.04146368584732757,0.7985258758555861,25,30,20
41,4490,2.4890558591481498e-05,0.15998869119844178,0.041460535593887,0.7985258826490801,25,30,20
41,4491,2.9617757961076124e-05,0.16130080579665637,0.04013385214315548,0.7985357243022261,25,30,20
41,4492,2.9615069311153303e-05,0.1613038013829199,0.040130861929716585,0.7985357216180516,25,30,20
41,4493,2.945739274094163e-05,0.16130356023383768,0.04007467020799361,0.7985923121654268,25,30,20
41,4494,2.9225843658500623e-05,0.16130271084219788,0.04006296960618068,0.7986050937079622,25,30,20
41,4495,2.9302525593791544e-05,0.16130293949410657,0.040069414045488666,0.7985983439348101,25,30,20
41,4496,2.9298227883788144e-05,0.16130307015702228,0.04004811310765012,0.7986195185074432,25,30,20
41,4497,2.9221483395579045e-05,0.16130275931285612,0.04004442644389654,0.7986235927598514,25,30,20
41,4498,2.0179026569399707e-05,0.1612836039134122,0.03965674887389732,0.7990394681861207,25,30,20
41,4499,2.010232315647334e-05,0.1612870108157069,0.03965357208183326,0.7990393147793029,25,30,20
41,4500,2.018063623434551e-05,0.16128723227535627,0.03966209873047138,0.7990304883579376,25,30,20
41,4501,2.0176336004486886e-05,0.1612823075086122,0.039643433672468385,0.7990540824829147,25,30,20
41,4502,2.009794548528033e-05,0.1612820023177638,0.03963415294291222,0.7990637467938384,25,30,20
41,4503,2.017600887475334e-05,0.16128245983452671,0.03963862741853402,0.7990587367380643,25,30,20
41,4504,2.017600940931136e-05,0.16128245851927644,0.03963861120056617,0.7990587542707475,25,30,20
41,4505,2.017462788171107e-05,0.1612823230417516,0.03963875219264181,0.7990587501377243,25,30,20
41,4506,2.017462771806096e-05,0.16128232588700192,0.03963928674533147,0.7990582127399479,25,30,20
41,4507,2.0177278410144463e-05,0.16128256815670905,0.03964254148551549,0.7990547130793645,25,30,20
41,4508,2.017732589462111e-05,0.16128241615539618,0.03964405602768674,0.7990533504910217,25,30,20
41,4509,2.0183243726822073e-05,0.16128206285625019,0.03965832526909903,0.7990394286309233,25,30,20
41,4510,2.0105162220081428e-05,0.16128183002547491,0.039648019097886254,0.7990500457144185,25,30,20
41,4511,2.0023877476200602e-05,0.16128210945198454,0.039634965451073,0.7990629012194661,25,30,20
41,4512,1.986762504196928e-05,0.16128171888843124,0.03962722249884488,0.7990711909876816,25,30,20
41,4513,1.9868956848282455e-05,0.16128164618521929,0.0396287346912865,0.7990697501666456,25,30,20
41,4514,1.9871971842417064e-05,0.16128173690641348,0.03966376912936396,0.79903462199238,25,30,20
41,4515,1.987202512353635e-05,0.16128116785877733,0.03966426123705195,0.7990346988790469,25,30,20
41,4516,1.9867643663234713e-05,0.16128114842733146,0.03962663225447435,0.7990723516745305,25,30,20
41,4517,2.7180125832568995e-05,0.16088204637020173,0.040000210347983296,0.7990905631559819,25,30,20
41,4518,2.7180148538129642e-05,0.16088212314482772,0.0400002019505223,0.7990904947561116,25,30,20
41,4519,2.717743364248345e-05,0.16088211353604037,0.03999983089372898,0.7990908781365879,25,30,20
41,4520,2.7174758048894124e-05,0.16087403058346447,0.040007919079420334,0.7990908755790663,25,30,20
41,4521,2.740625976551486e-05,0.16087473034452177,0.04001699630305617,0.7990808670926566,25,30,20
41,4522,2.7329526005397878e-05,0.16087442749701544,0.0400133701784527,0.7990848727985259,25,30,20
41,4523,2.732949042958529e-05,0.16087434507433904,0.04001141424996637,0.7990869111852646,25,30,20
41,4524,2.733364356760505e-05,0.16087450705396653,0.040016459544732035,0.7990816997577334,25,30,20
41,4525,2.7256923974222025e-05,0.16087419427315286,0.040011010434649344,0.7990875383682227,25,30,20
41,4526,2.71802146537899e-05,0.16087388891634397,0.04000811478178509,0.7990908160872171,25,30,20
41,4527,2.7180213672819937e-05,0.1608739643221021,0.04000811850458788,0.7990907369596372,25,30,20
41,4528,3.1782878058498796e-05,0.1608753951087564,0.04015996805861301,0.7989328539545723,25,30,20
41,4529,3.185966553488008e-05,0.16087562410105571,0.04018998430184136,0.7989025319315682,25,30,20
41,4530,2.0219698379219378e-05,0.15994537916863608,0.04115904010696094,0.7988753610260241,25,30,20
41,4531,2.0296434774055645e-05,0.15994569427303515,0.04116587966318653,0.7988681296290042,25,30,20
41,4532,2.029779087975913e-05,0.15994578615201516,0.04116830746461098,0.7988656085924941,25,30,20
41,4533,2.0221156221439744e-05,0.1599454122238283,0.04116472931908332,0.798869637300867,25,30,20
41,4534,1.999404952326925e-05,0.1599447328081732,0.04116655688128012,0.7988687162610233,25,30,20
41,4535,2.0070728689275894e-05,0.1599406803154263,0.041170458762072364,0.798868790193812,25,30,20
41,4536,2.0147471325523202e-05,0.159941069547804,0.04117665516479936,0.7988621278160711,25,30,20
41,4537,2.0148801386164674e-05,0.1599409941063552,0.04117902568729707,0.7988598314049618,25,30,20
41,4538,2.0073418624094898e-05,0.15994084471683795,0.0411861125922136,0.7988529692723253,25,30,20
41,4539,2.007204789923445e-05,0.15994053091550442,0.04118190923235696,0.79885748780424,25,30,20
41,4540,2.0072048203513606e-05,0.15994045416571917,0.041182925829458886,0.798856547956619,25,30,20
41,4541,2.007204725342686e-05,0.15994060766848775,0.04118394492550917,0.7988553753587498,25,30,20
41,4542,1.99953148314184e-05,0.1599452303207748,0.04117955114797549,0.7988552232164186,25,30,20
41,4543,2.0073412771082162e-05,0.15994554547946013,0.04118584254361795,0.7988485385641511,25,30,20
41,4544,1.9995317291548583e-05,0.15994515525744532,0.041216144269825984,0.7988187051554374,25,30,20
41,4545,1.9996695141285777e-05,0.15994299851421764,0.04121821738680738,0.7988187874038339,25,30,20
41,4546,2.0004811551402178e-05,0.1599432532588833,0.04321995473360274,0.7968167871959629,25,30,20
41,4547,2.0081522038426653e-05,0.15993849867522114,0.04322440241487233,0.7968170173878686,25,30,20
41,4548,2.0158255201798285e-05,0.1599387906716357,0.04394627902298843,0.7960947720501749,25,30,20
41,4549,1.5435110656528422e-05,0.15991557621647184,0.043616385966082506,0.7964526027067896,25,30,20
41,4550,1.5435111612019384e-05,0.1599155762832721,0.043617756994238366,0.7964512316108779,25,30,20
41,4551,1.5435057883468225e-05,0.15991549539887853,0.04361608136104363,0.7964529881821949,25,30,20
41,4552,1.0835150268616515e-05,0.15991423317684528,0.04546698812443668,0.7946079435484499,25,30,20
41,4553,1.0835123852274675e-05,0.15991407269316008,0.04546527542019167,0.7946098167627967,25,30,20
41,4554,1.1072165529785518e-05,0.15982291548900496,0.045547069355222417,0.7946189429902438,25,30,20
41,4555,2.0388419614186438e-05,0.15986040570798565,0.04611531229845516,0.7940038935739457,25,30,20
41,4556,2.0385659518125488e-05,0.15986023708899155,0.044113234950409745,0.7960061423010814,25,30,20
41,4557,2.055337897476705e-05,0.1601282686729778,0.04508448713340679,0.7947666908146416,25,30,20
41,4558,2.0941527509797716e-05,0.15975303268607924,0.045406077886757254,0.7948199478996548,25,30,20
41,4559,2.0937400494484377e-05,0.15975287355311082,0.04540663851205554,0.7948195505343404,25,30,20
41,4560,2.5649779751529358e-05,0.15977584435795034,0.04373396105977115,0.7964645448025282,25,30,20
41,4561,2.0931994822471132e-05,0.15975254997743257,0.043406678492841605,0.7968198395349045,25,30,20
41,4562,2.108544486690722e-05,0.15975307876198414,0.04342596333068666,0.7967998724624634,25,30,20
41,4563,2.100739949866536e-05,0.15975284192545197,0.043421102521205644,0.7968050481538451,25,30,20
41,4564,2.1001637830664246e-05,0.15975259125775632,0.04340535373527939,0.7968210533691351,25,30,20
41,4565,2.1000305461177296e-05,0.15975266390856382,0.04340286221841927,0.7968234735675572,25,30,20
41,4566,2.0846875558837722e-05,0.1597519680173518,0.04338751858334348,0.7968396665237474,25,30,20
41,4567,2.0846818070827944e-05,0.15975196640570366,0.043386321177961484,0.7968408655982655,25,30,20
41,4568,2.09265358108577e-05,0.1597490963174392,0.043389256293030275,0.796840720853721,25,30,20
41,4569,2.052965555216404e-05,0.15974838681576597,0.043391326945453626,0.7968397565832298,25,30,20
41,4570,2.0685846217074965e-05,0.15974924176935645,0.04340183209851151,0.7968282402859167,25,30,20
41,4571,2.0684520678075414e-05,0.1597493173476687,0.0434240431492528,0.7968059549824018,25,30,20
41,4572,2.0761255917488386e-05,0.15974986149380727,0.04342703083338348,0.7968023464168933,25,30,20
41,4573,2.068449376163483e-05,0.1597494709846846,0.04342061777590369,0.7968092267456518,25,30,20
41,4574,2.0685890506431723e-05,0.1597500151276594,0.04342179039391651,0.7968075085879193,25,30,20
41,4575,2.0687271173981467e-05,0.1597500206275402,0.04342304569274297,0.7968062464085448,25,30,20
41,4576,1.13750767750488e-05,0.159712543927278,0.04285769219772021,0.7974183887982289,25,30,20
41,4577,1.12972202150619e-05,0.15971230724285163,0.0428704690786687,0.7974059264582668,25,30,20
41,4578,1.137266151082885e-05,0.15971277055082506,0.042876955622303106,0.7973989011653637,25,30,20
41,4579,1.1449386341989087e-05,0.15971323082750855,0.04285484345615864,0.7974204763299935,25,30,20
41,4580,1.1449390575039098e-05,0.1597131568874339,0.04285531018849556,0.7974200835334981,25,30,20
41,4581,1.1446932139639719e-05,0.15971315371940797,0.04285278447386137,0.7974226148745939,25,30,20
41,4582,1.6043218350126597e-05,0.15971341001878206,0.04301938763092673,0.7972511591319439,25,30,20
41,4583,1.5963585436926286e-05,0.15971279196532268,0.04299587075971429,0.7972753736895288,25,30,20
41,4584,1.1367275072852101e-05,0.15971230268932754,0.04282601694197776,0.7974503130936245,25,30,20
41,4585,1.1563973581971213e-05,0.15971238722663647,0.04282555565187086,0.7974504931479133,25,30,20
41,4586,1.1191088722220199e-05,0.1597129845854805,0.04287871425851314,0.7973971100672865,25,30,20
41,4587,1.119113877870122e-05,0.15971299135084577,0.04288011300399258,0.7973957045063855,25,30,20
41,4588,1.119110685171901e-05,0.1597129912709023,0.04287914698075511,0.7973966706414933,25,30,20
41,4589,1.1430123590690618e-05,0.15968475642184862,0.04290673865280759,0.7973970748017551,25,30,20
41,4590,1.1353352529844703e-05,0.1596842123236223,0.0428989108135766,0.7974055235102736,25,30,20
41,4591,1.135338035070877e-05,0.15968420971908392,0.042898680219893084,0.7974057566806739,25,30,20
41,4592,1.135337386380523e-05,0.1596840548110631,0.04289679170184545,0.7974078001132294,25,30,20
41,4593,1.1353418554142433e-05,0.1596839806444173,0.0428609088770366,0.7974437570599939,25,30,20
41,4594,1.1352050980159561e-05,0.15968390131106125,0.04286000268507271,0.7974447439528878,25,30,20
41,4595,1.1275339950583818e-05,0.15968351219521318,0.042854127015421566,0.7974510854494167,25,30,20
41,4596,1.1081611029750342e-05,0.1596955361235489,0.0428423101630131,0.7974510721024097,25,30,20
41,4597,1.1006156331212938e-05,0.15969515498184103,0.042837188948398774,0.79745664991343,25,30,20
41,4598,1.1006202802308447e-05,0.15969507830691806,0.04283719387071781,0.7974567216195632,25,30,20
41,4599,1.1162961279998418e-05,0.15970468526763637,0.042919229821216556,0.797364921949868,25,30,20
41,4600,1.0923899594005552e-05,0.15973422167053783,0.04289033666052615,0.797364517769343,25,30,20
41,4601,1.1012329842669237e-05,0.1597347168796787,0.04217920488337677,0.7980750659071021,25,30,20
41,4602,1.0997125261332026e-05,0.1601057132046861,0.04180786204948066,0.7980754276205727,25,30,20
41,4603,1.0999785681086557e-05,0.16010594607358397,0.04180914372015177,0.7980739104205838,25,30,20
41,4604,1.580256959901912e-05,0.15981649167677048,0.0420840418345369,0.798083663919094,25,30,20
41,4605,1.580404393068873e-05,0.1598164153081959,0.04208368746271514,0.7980840931851588,25,30,20
41,4606,2.4757586417711113e-05,0.159817281164279,0.042230885218603006,0.7979270760307006,25,30,20
41,4607,2.4678114801337626e-05,0.15981680429571982,0.042223505664946634,0.7979350119245328,25,30,20
41,4608,2.467806372867259e-05,0.15981679745343344,0.04222208009459667,0.7979364443882414,25,30,20
41,4609,2.4442312934166794e-05,0.15991740601116972,0.04213067747742699,0.7979274741984693,25,30,20
41,4610,2.4442320375753796e-05,0.15991740734278273,0.04213085530683176,0.7979272950300094,25,30,20
41,4611,1.5490122222546824e-05,0.15991646608942114,0.04198581288027808,0.7980822309080778,25,30,20
41,4612,1.5485678195924158e-05,0.15990408869027323,0.041997731878935324,0.798082693752595,25,30,20
41,4613,1.556375554067279e-05,0.1599043199805309,0.04200249996402998,0.7980776162998987,25,30,20
41,4614,1.0759384016685784e-05,0.16017294934411377,0.04174828244124803,0.7980680088306218,25,30,20
41,4615,1.0758027087839922e-05,0.1601729451192453,0.04174702158439866,0.7980692752692684,25,30,20
41,4616,1.076073318340352e-05,0.16017318629083707,0.041749557828291824,0.7980664951476879,25,30,20
41,4617,1.0683937017116636e-05,0.16019545776143324,0.04172751665018313,0.7980663416513667,25,30,20
41,4618,1.0685413262825001e-05,0.16019554180070486,0.0417286274818264,0.7980651453042062,25,30,20
41,4619,1.0685201599859275e-05,0.16019592209434066,0.04173182891859627,0.7980615637854638,25,30,20
41,4620,1.5202406910760117e-05,0.16019719303352356,0.0419360541883914,0.7978515503711747,25,30,20
41,4621,2.4172152626088378e-05,0.1602162113842144,0.04229717929126421,0.797462437171896,25,30,20
41,4622,2.4010969565479266e-05,0.16021573364699118,0.042288825770807635,0.7974714296126365,25,30,20
41,4623,2.4084891331050836e-05,0.16021603931128806,0.04300602173040723,0.7967538540669744,25,30,20
41,4624,1.9569156962403692e-05,0.16021493491378266,0.04285464918388576,0.7969108467453699,25,30,20
41,4625,1.9567853923679594e-05,0.1602151296605313,0.04285445706953499,0.7969108454160108,25,30,20
41,4626,1.941107277438334e-05,0.1602054445551333,0.04277102964952824,0.7970041147225649,25,30,20
41,4627,1.9486288835831672e-05,0.1602056616924403,0.04272290428034836,0.7970519477383763,25,30,20
41,4628,1.9564337189112783e-05,0.1602062014458726,0.04272919993153432,0.7970450342854047,25,30,20
41,4629,1.9487614228702563e-05,0.16020581787751773,0.042725938034622886,0.7970487564736314,25,30,20
41,4630,2.4200091718996674e-05,0.16027207399277857,0.04264598099975703,0.7970577449157465,25,30,20
41,4631,2.420006851584674e-05,0.1602719985946939,0.044644854455607244,0.7950589468811833,25,30,20
41,4632,2.419873961904987e-05,0.1602719217889698,0.044631313162482915,0.7950725663089284,25,30,20
41,4633,2.4197361726765754e-05,0.16027183813195245,0.04462993960595985,0.7950740249003614,25,30,20
41,4634,2.419599468447248e-05,0.1602718353813689,0.04462751555581365,0.7950764530681335,25,30,20
41,4635,2.4272701915160375e-05,0.16027213681633246,0.04463093335588411,0.7950726571258684,25,30,20
41,4636,2.4274020547756284e-05,0.16027067725142718,0.04463239028845342,0.7950726584395719,25,30,20
41,4637,2.427673668091131e-05,0.16027037431547878,0.042633426679323405,0.7970719222685172,25,30,20
41,4638,2.4199965990023482e-05,0.1602749391000465,0.0426293209766919,0.7970715399572719,25,30,20
41,4639,2.4200122404548173e-05,0.16027517616469494,0.04264411939758341,0.7970565043153176,25,30,20
41,4640,2.42001358790395e-05,0.16027624446698746,0.04264320593352156,0.7970563494636128,25,30,20
41,4641,2.420013786741768e-05,0.1602763211790346,0.042644833898814134,0.7970546447842848,25,30,20
41,4642,2.4117497217547388e-05,0.16002645537395516,0.04176109087804778,0.7981883362507807,25,30,20
41,4643,2.4116153253312117e-05,0.16003010101982554,0.041757446594052325,0.7981883362328698,25,30,20
41,4644,2.8796957493123247e-05,0.16003059355554078,0.04183658737126196,0.7981040221157052,25,30,20
41,4645,2.8796933942217308e-05,0.16003467358476933,0.04183259099021258,0.798103938491077,25,30,20
41,4646,2.4085883708526197e-05,0.15998101499874645,0.041900358156947225,0.7980945409605976,25,30,20
41,4647,2.416259790007384e-05,0.15998132066856371,0.04190489825974953,0.7980896184737861,25,30,20
41,4648,2.4158537495178314e-05,0.15998107552155424,0.041901501516330784,0.7980932644246187,25,30,20
41,4649,2.4081823685393016e-05,0.15998077124545107,0.04189575136748027,0.7980993955633822,25,30,20
41,4650,2.4083249641770153e-05,0.159981006741578,0.04118589869910437,0.7988090113096749,25,30,20
41,4651,2.408195309264131e-05,0.15998170972039016,0.041185198287059084,0.7988090100394568,25,30,20
41,4652,2.408052804354538e-05,0.15998147804564308,0.04118309345069903,0.798811347975613,25,30,20
41,4653,2.4081895111488e-05,0.15997981944068754,0.04118474663077851,0.7988113520334217,25,30,20
41,4654,2.4314769111365444e-05,0.1599806715052433,0.04119965440577219,0.7987953593198723,25,30,20
41,4655,1.526833714146061e-05,0.1599617369039534,0.04083836727602713,0.7991846274828776,25,30,20
41,4656,2.4610473971863663e-05,0.15996899620153499,0.04081225036705058,0.7991941429574416,25,30,20
41,4657,2.460914259954707e-05,0.15996987493085219,0.04081137430642162,0.7991941416201258,25,30,20
41,4658,2.932625635008597e-05,0.15960056810593146,0.04116220086822841,0.7992079047694893,25,30,20
41,4659,2.940294366147401e-05,0.15960095020897355,0.041166933354585655,0.7992027134927787,25,30,20
41,4660,2.9405670717502606e-05,0.15960088291720842,0.041170292476001846,0.7991994189360718,25,30,20
41,4661,2.940566875350784e-05,0.15960088156269922,0.04117028032011159,0.7991994324484354,25,30,20
41,4662,2.486977296927377e-05,0.15959994205384248,0.04117587250131761,0.7991993156718701,25,30,20
41,4663,2.486827629471468e-05,0.15959993202676848,0.041173814540745625,0.7992013851561908,25,30,20
41,4664,2.022650275841687e-05,0.15996735259700942,0.04082465085846041,0.7991877700417713,25,30,20
41,4665,2.022379983979924e-05,0.15996719104800272,0.04082396458956037,0.799188620562596,25,30,20
41,4666,2.0148396016099207e-05,0.15997044190981044,0.04082093998767678,0.7991884697064955,25,30,20
41,4667,2.0225137991150682e-05,0.15996503648316943,0.04082611783395824,0.7991886205448803,25,30,20
41,4668,2.0226472787937163e-05,0.15996512124972168,0.040825569422852634,0.7991890828546366,25,30,20
41,4669,2.0226470911642115e-05,0.15996115548345732,0.04082945558062212,0.799189162465008,25,30,20
41,4670,2.023991179455133e-05,0.15996098479879875,0.061155525772453236,0.7788632495169527,25,30,20
41,4671,2.0316666890912884e-05,0.15996129316384236,0.06116034186057593,0.7788580483086899,25,30,20
41,4672,2.0319382447403736e-05,0.15996146033937872,0.061162682853814127,0.7788555374243583,25,30,20
41,4673,2.0319414276057747e-05,0.15996153977816988,0.06116258899331053,0.778855551814242,25,30,20
41,4674,2.934681221583675e-05,0.15996263641615033,0.061306302724577745,0.7787017140470547,25,30,20
41,4675,2.4664679831130013e-05,0.15996206314288647,0.061226003571934834,0.7787872686053463,25,30,20
41,4676,2.4740995454835126e-05,0.15995326471474539,0.061244101236181576,0.778777893053617,25,30,20
41,4677,1.5712211812221633e-05,0.1599523174795775,0.06109816814475384,0.7789338021638551,25,30,20
41,4678,1.578484426335156e-05,0.15995269020525935,0.06109874511644011,0.7789327798340356,25,30,20
41,4679,1.5862915092045e-05,0.1599525351969525,0.06110259570434733,0.7789290061836068,25,30,20
41,4680,1.5939673488440646e-05,0.15995284503823937,0.0611469282483633,0.7788842870399075,25,30,20
41,4681,1.5939779885575564e-05,0.15995277417083023,0.06114870215036725,0.7788825838989157,25,30,20
41,4682,1.5939747002501784e-05,0.15995284552919356,0.06114857801864492,0.7788826367051587,25,30,20
41,4683,1.578768298132334e-05,0.15995223729801206,0.061155593237425566,0.7788763817815807,25,30,20
41,4684,1.587273217678147e-05,0.15983430260684744,0.0612689134989557,0.7788809111620197,25,30,20
41,4685,1.5949488183546193e-05,0.1598346149067628,0.061273733927019076,0.7788757016780339,25,30,20
41,4686,1.5717982820528234e-05,0.15983400150027413,0.06126350667491369,0.7788867738419911,25,30,20
41,4687,1.5716640597569758e-05,0.15983467362541204,0.06126276312045879,0.7788868466135308,25,30,20
41,4688,1.5719354253724377e-05,0.1598346831093977,0.06126724187606444,0.7788823556602834,25,30,20
41,4689,1.0928254426465615e-05,0.15981591376463114,0.061300299750407856,0.778872858230534,25,30,20
41,4690,1.0928271616860962e-05,0.15981591240381102,0.06130027128949924,0.778872888035072,25,30,20
41,4691,1.0852882386780588e-05,0.15981560821699922,0.06129577554305894,0.7788777633575538,25,30,20
41,4692,1.0854244164841726e-05,0.15981576711931905,0.06129815251305873,0.7788752261234565,25,30,20
41,4693,1.124327655062438e-05,0.1598170147314639,0.061317128963403696,0.7788546130285809,25,30,20
41,4694,1.1167886186105375e-05,0.1598166297899696,0.061314919796257146,0.7788572825275867,25,30,20
41,4695,1.1318629459378256e-05,0.15981723682724758,0.06130329473128762,0.7788681498120047,25,30,20
41,4696,1.1080418324632776e-05,0.15980756369688565,0.06116717386261177,0.7790141820221775,25,30,20
41,4697,1.1233697454412252e-05,0.1598081678546948,0.0611617631792088,0.7790188352686416,25,30,20
41,4698,1.1233781609075225e-05,0.1598081682683678,0.06116243048060063,0.7790181674694223,25,30,20
41,4699,1.130784954978766e-05,0.15980854801769057,0.06116284776889058,0.7790172963638693,25,30,20
41,4700,1.1231093452067431e-05,0.15980824248297043,0.061119964334456614,0.779060562089121,25,30,20
41,4701,1.115567713823507e-05,0.15980809160307646,0.06111646409000285,0.7790642886297827,25,30,20
41,4702,1.1232443455615545e-05,0.15980855210885164,0.061121920825848566,0.7790582946218444,25,30,20
41,4703,1.1231117883150727e-05,0.15980923302384117,0.061121241142897444,0.7790582947153782,25,30,20
41,4704,1.1232488284018e-05,0.15980931543329674,0.06115865963786189,0.7790207924405574,25,30,20
41,4705,1.1387276178479711e-05,0.15979928092580115,0.06116830793067023,0.7790210238673503,25,30,20
41,4706,1.122546330216682e-05,0.15992265029625113,0.061049706432761496,0.7790164178076854,25,30,20
41,4707,1.5906628925416933e-05,0.15993629796903125,0.06103086220554121,0.7790169331965043,25,30,20
41,4708,1.590533633504209e-05,0.15993614310023652,0.06102995741652351,0.7790179941469074,25,30,20
41,4709,1.614048251013756e-05,0.15995879050074446,0.06119880426096478,0.7788262647557825,25,30,20
41,4710,1.6065131731646238e-05,0.15995872204988398,0.06119932127281488,0.7788258915455714,25,30,20
41,4711,1.1371697500854187e-05,0.16003146893790582,0.06113181621083906,0.7788253431537566,25,30,20
41,4712,1.1294939279655516e-05,0.16003116054455407,0.06113027813813358,0.7788272663780353,25,30,20
41,4713,1.145417104646577e-05,0.16004544730998965,0.08147569046777754,0.7584674080511894,25,30,20
41,4714,1.1438320041979342e-05,0.16004546213352044,0.1010292992548428,0.7389138002915964,25,30,20
41,4715,1.1518068122059933e-05,0.16004540420826502,0.10105439160211364,0.7388886861215015,25,30,20
41,4716,1.1519290351279142e-05,0.16004555720775016,0.10105419835146556,0.7388887251504359,25,30,20
41,4717,1.1804021884287621e-05,0.15995927550194894,0.10114008906762226,0.7388888314085486,25,30,20
41,4718,1.1804015811224277e-05,0.15995927676782717,0.10114033140915019,0.7388885878072151,25,30,20
41,4719,1.1805284163279661e-05,0.15995943265316864,0.10114181485490803,0.7388869472077628,25,30,20
41,4720,1.1803899236933924e-05,0.15995942855883835,0.10110441786088971,0.7389243496810373,25,30,20
41,4721,1.1649046187199542e-05,0.15995888337787853,0.10109604301985589,0.7389334245560817,25,30,20
41,4722,1.1646339338003784e-05,0.15995871771363132,0.10109377372222295,0.7389358622248103,25,30,20
41,4723,1.1569599756559267e-05,0.1599584024445611,0.10108725485855334,0.7389427730971307,25,30,20
41,4724,1.1569625436825945e-05,0.15995832829953768,0.10108742531142098,0.7389426767636061,25,30,20
41,4725,1.1416206066782579e-05,0.1599652148949659,0.10108099766741352,0.7389423712315559,25,30,20
41,4726,1.1416213177103186e-05,0.1599652109746277,0.10107791673210102,0.7389454560800953,25,30,20
41,4727,1.1417549828642953e-05,0.1599652944033132,0.1010797117713268,0.7389435762755326,25,30,20
41,4728,1.1103859216190135e-05,0.1599640369849156,0.10106016327652552,0.7389646958793431,25,30,20
41,4729,1.1103838041984515e-05,0.1599638066588325,0.10105889010495687,0.738966199398169,25,30,20
41,4730,1.110515714659351e-05,0.15996675415892347,0.10105586738288688,0.7389662733010437,25,30,20
41,4731,1.094592643773776e-05,0.15995262901639642,0.08070993476503707,0.75932649029213,25,30,20
41,4732,1.09459865160526e-05,0.15995254835422437,0.08075122102897098,0.759285284630289,25,30,20
41,4733,1.102403569820329e-05,0.159953085287674,0.08075638551234095,0.759279505164287,25,30,20
41,4734,1.1178839089807258e-05,0.1599537799057834,0.08076430446338023,0.7592707367917467,25,30,20
41,4735,1.1177494161766479e-05,0.15995369635256013,0.08076246403148003,0.7592726621217981,25,30,20
41,4736,2.8388064496990387e-05,0.15999354618390607,0.08302532495100479,0.7569527408005922,25,30,20
41,4737,2.8388056256671037e-05,0.15999331860852148,0.08302471659132202,0.7569535767439001,25,30,20
41,4738,2.8386663033298125e-05,0.1599973444924681,0.08302061941269574,0.756953649431803,25,30,20
41,4739,2.8462061679634798e-05,0.15999772543038268,0.08302319286295275,0.7569506196449849,25,30,20
41,4740,2.83866625935275e-05,0.1599974182286372,0.08301879402296054,0.7569554010858087,25,30,20
41,4741,2.8467448403110494e-05,0.15999796777110745,0.08303069964846876,0.7569428651320206,25,30,20
41,4742,2.846749840018977e-05,0.15999789517981275,0.0830321623806846,0.7569414749411021,25,30,20
41,4743,2.846908654936884e-05,0.15999774376486348,0.08303387151455714,0.7569399156340297,25,30,20
41,4744,2.847052118775382e-05,0.15999782636144314,0.08303541985863777,0.7569382832587311,25,30,20
41,4745,2.8470577307367482e-05,0.15999798559624417,0.08303883164253614,0.7569347121839121,25,30,20
41,4746,2.831592864809009e-05,0.15999737127161817,0.08303044483457317,0.7569438679651603,25,30,20
41,4747,2.82391560826405e-05,0.15999714371236431,0.08298491649832439,0.7569897006332286,25,30,20
41,4748,2.807937939479841e-05,0.1599745771555955,0.08282065883532208,0.7571766846296875,25,30,20
41,4749,2.815320507085423e-05,0.15997487679250189,0.08282387010148481,0.7571730999009422,25,30,20
41,4750,2.839030755011295e-05,0.1598765174131772,0.08291294189474478,0.757182150384527,25,30,20
41,4751,2.8234180995155737e-05,0.15987566805889047,0.08290882047374741,0.7571872772863659,25,30,20
41,4752,2.8080767573019066e-05,0.15987497032557338,0.08289436628536126,0.7572025826214914,25,30,20
41,4753,2.8249556358919567e-05,0.1598802314165101,0.08294897876902406,0.7571425402581036,25,30,20
41,4754,2.817250053973854e-05,0.15988030021243804,0.08292418314046851,0.7571673441465512,25,30,20
41,4755,2.8178054616701997e-05,0.1591638665847669,0.08364067685914808,0.7571672785014659,25,30,20
41,4756,2.8414612747831223e-05,0.15916443034322092,0.08364978447661724,0.7571573705674113,25,30,20
41,4757,2.8414622308219356e-05,0.15916443164314187,0.08364978319501741,0.75715737053953,25,30,20
41,4758,2.8413228517873983e-05,0.1591642670570159,0.08364626367345006,0.7571610560410139,25,30,20
41,4759,2.8336517179891772e-05,0.1591640394607522,0.08364046537325766,0.7571671586488082,25,30,20
41,4760,2.8497166004500028e-05,0.15919534467648852,0.0838611665225168,0.7569149916349882,25,30,20
41,4761,2.849714653396151e-05,0.1591952666383099,0.08386205903796252,0.7569141771771917,25,30,20
41,4762,2.8499837414738528e-05,0.15919519651430347,0.08386703478067697,0.7569092688676027,25,30,20
41,4763,2.8654682877603182e-05,0.1591796917310619,0.08388199408764782,0.7569096594984104,25,30,20
41,4764,2.8416793551348656e-05,0.15917896905300027,0.0838713012829218,0.7569213128705243,25,30,20
41,4765,2.8340081718683225e-05,0.15917874151363143,0.08386718053908929,0.756925737865559,25,30,20
41,4766,2.8341300322568807e-05,0.1591790532057171,0.08589534984937743,0.754897255644581,25,30,20
41,4767,2.8185153652270783e-05,0.1591953371458067,0.08587976477768752,0.7548967129228517,25,30,20
41,4768,2.864764123718822e-05,0.159214468471852,0.08616983511633566,0.7545870487705733,25,30,20
41,4769,2.8647642201544244e-05,0.15921454393180415,0.08617095618595016,0.7545858522400423,25,30,20
41,4770,2.8802405393940737e-05,0.15921515758753743,0.08617169382104578,0.7545843461860204,25,30,20
41,4771,3.3439541820068625e-05,0.15922880218945523,0.0861733570207403,0.754564401247981,25,30,20
41,4772,2.863333851958639e-05,0.1592098854542012,0.08620662132856272,0.7545548598787132,25,30,20
41,4773,2.8710074414579423e-05,0.1592101910062648,0.08621147029076988,0.7545496286285476,25,30,20
41,4774,2.871140767179473e-05,0.1592101197498965,0.08622228746772204,0.7545388813747068,25,30,20
41,4775,4.457634771862213e-05,0.1600978864605879,0.08506811208996772,0.7547894251017258,25,30,20
41,4776,4.457906082862209e-05,0.16009497591253694,0.08507108993189931,0.7547893550947359,25,30,20
41,4777,4.8864651833076344e-05,0.16006407656159724,0.08494122917173412,0.754945829614836,25,30,20
41,4778,4.886330243089738e-05,0.1600637639604301,0.08493786763295193,0.7549495051041878,25,30,20
41,4779,5.132695157014033e-05,0.1600758037239814,0.0649966828322817,0.7748761864921672,25,30,20
41,4780,5.140381844436136e-05,0.1600761142676495,0.06500063273680445,0.7748718491771025,25,30,20
41,4781,5.140376666676274e-05,0.16007663096505806,0.06500011884054317,0.7748718464277324,25,30,20
41,4782,5.1403747935280505e-05,0.16007670097416235,0.06499901237074374,0.7748728829071588,25,30,20
41,4783,5.1477722335840456e-05,0.16007692738646334,0.0650028730600859,0.7748687218311148,25,30,20
41,4784,4.695341000994802e-05,0.1600760544230712,0.0649059145868769,0.7749710775800416,25,30,20
41,4785,4.695197080584157e-05,0.160076051383238,0.06490561008502616,0.77497138656093,25,30,20
41,4786,3.079814102504157e-05,0.15918802312799296,0.06606037212067503,0.7747208066103073,25,30,20
41,4787,3.056374891642311e-05,0.15928362498385223,0.06597404702869868,0.774711764238533,25,30,20
41,4788,3.009989087135071e-05,0.1592644128047112,0.06568235774832992,0.7750231295560884,25,30,20
41,4789,3.0098530890554685e-05,0.15926344203474863,0.06568333392372491,0.7750231255106372,25,30,20
41,4790,3.010129255814172e-05,0.15922206137774528,0.06572470218385792,0.7750231351458399,25,30,20
41,4791,3.0101245591620962e-05,0.1592221340579527,0.06572326311983914,0.7750245015766174,25,30,20
41,4792,3.0178042572505676e-05,0.15922259733454028,0.06573475796001894,0.775012466662869,25,30,20
41,4793,3.017804686164722e-05,0.15922252218160046,0.06573685613662805,0.775010443634911,25,30,20
41,4794,3.0182357351543535e-05,0.15922253475276926,0.06371320836329947,0.7770340745265812,25,30,20
41,4795,3.0182381320952932e-05,0.15922237999687572,0.0637150285019322,0.7770324091198727,25,30,20
41,4796,3.0105490866678532e-05,0.15922206803472366,0.06370970950083019,0.7770381169735806,25,30,20
41,4797,3.017951440845779e-05,0.15922236569278825,0.06371219610450057,0.7770352586883041,25,30,20
41,4798,3.017950586225367e-05,0.15922229007171124,0.0840303499664963,0.756717180455929,25,30,20
41,4799,3.0026074407979615e-05,0.15922167634713588,0.08402436609606793,0.7567239314823874,25,30,20
41,4800,2.9952417107161317e-05,0.15922162632476874,0.08404229990107341,0.7567061213570497,25,30,20
41,4801,2.9952415541353945e-05,0.15922162519459118,0.08404184152979871,0.7567065808600677,25,30,20
41,4802,2.9946884450908146e-05,0.15993569969736085,0.08332769328719923,0.7567066601309879,25,30,20
41,4803,2.994553253407818e-05,0.1599357710702143,0.08332655247086608,0.7567077309263839,25,30,20
41,4804,2.9942852831968242e-05,0.1599388593737029,0.08332347343326935,0.7567077243401941,25,30,20
41,4805,2.9942859926869193e-05,0.15993885937928964,0.08332271245024442,0.756708485310537,25,30,20
41,4806,2.9942887588149238e-05,0.15993893490314592,0.06300537574453945,0.7770257464647271,25,30,20
41,4807,2.994289418893773e-05,0.15993901706528443,0.0630021143195301,0.7770289257209971,25,30,20
41,4808,2.994424204835747e-05,0.1599392569000717,0.06300409502586529,0.7770267038320152,25,30,20
41,4809,3.0019827389588383e-05,0.15993979719635207,0.06300874241203164,0.7770214405642273,25,30,20
41,4810,3.0096536158034993e-05,0.15994010959229904,0.06301430260327584,0.7770154912682679,25,30,20
41,4811,3.0173257567587512e-05,0.15993465428021308,0.06301937578339362,0.7770157966788266,25,30,20
41,4812,3.01746790928193e-05,0.15993519974088027,0.06301494778781475,0.777019677792213,25,30,20
41,4813,3.0251277714126285e-05,0.15993519520825886,0.06301765438754674,0.7770168991264811,25,30,20
41,4814,3.025124203926309e-05,0.15993511690720255,0.06301158051782466,0.7770230513329343,25,30,20
41,4815,3.024688601431012e-05,0.1599347150098575,0.06300748979923382,0.7770275483048948,25,30,20
41,4816,3.056137950474865e-05,0.1599440013525471,0.06318952888629481,0.7768359083816536,25,30,20
41,4817,3.0639456354658634e-05,0.15994430268241738,0.06319266052821598,0.7768323973330125,25,30,20
41,4818,3.063812795141116e-05,0.1599447734994084,0.06319218965548616,0.7768323987171545,25,30,20
41,4819,3.048335174123324e-05,0.15994423385773338,0.06322022440872534,0.7768050583818004,25,30,20
41,4820,3.056142546718903e-05,0.15994470077450523,0.06322676135854825,0.77679797644148,25,30,20
41,4821,3.055711424001982e-05,0.15994467304963206,0.06320432819738236,0.7768204416387462,25,30,20
41,4822,3.055712631007939e-05,0.15994498141096808,0.06320502400144525,0.7768194374612776,25,30,20
41,4823,3.079011996291892e-05,0.1599461314109727,0.06522972451561047,0.7747933539534546,25,30,20
41,4824,3.071340628493702e-05,0.15994590263606134,0.06522512320710655,0.7747982607505484,25,30,20
41,4825,3.0790137357413226e-05,0.159946283541479,0.06522742929076164,0.7747954970304033,25,30,20
41,4826,3.078740673790769e-05,0.15994581073813627,0.06522227160430379,0.7748011302508232,25,30,20
41,4827,3.0945167450047076e-05,0.1599093732275346,0.06525379839714418,0.7748058832078725,25,30,20
41,4828,3.07859987839702e-05,0.15998531014995104,0.0651827805520087,0.7748011232992575,25,30,20
41,4829,3.070927076700403e-05,0.15999027074409486,0.0651781995091439,0.7748008204759955,25,30,20
41,4830,3.0632527932881596e-05,0.15998981165410894,0.06517301313554642,0.7748065426824128,25,30,20
41,4831,3.055830766788602e-05,0.1599895098225497,0.06516873480888886,0.7748111970608946,25,30,20
41,4832,3.5288387640281356e-05,0.16000874539080687,0.06544296744348602,0.7745129987780679,25,30,20
41,4833,3.505072170963442e-05,0.1599996882128268,0.06682664810154051,0.7731386129639242,25,30,20
41,4834,3.505074337135528e-05,0.1599996937633389,0.06682617293159142,0.7731390825616989,25,30,20
41,4835,3.5052120352514036e-05,0.159999777317047,0.06684288548367787,0.7731222850789234,25,30,20
41,4836,3.2589812732333096e-05,0.15998789495286575,0.04681406051436176,0.793165454720041,25,30,20
41,4837,3.2591179162547516e-05,0.15998820055335425,0.04681547325314293,0.7931637350143409,25,30,20
41,4838,3.25912563767622e-05,0.15998819993148572,0.0468164840025294,0.7931627248096086,25,30,20
41,4839,3.2513162880020024e-05,0.1599876559801936,0.046809283933784133,0.7931705469231427,25,30,20
41,4840,3.2514523576803895e-05,0.1599876614684832,0.046810444492202716,0.793169379515738,25,30,20
41,4841,3.251455060210768e-05,0.15998759041230057,0.046811147850611655,0.7931687471864861,25,30,20
41,4842,3.2437816160010826e-05,0.15998728216011526,0.046806980968792884,0.7931732990549324,25,30,20
41,4843,1.5304041700947445e-05,0.1599479710314269,0.044554106181439436,0.7954826187454329,25,30,20
41,4844,2.4364034219596062e-05,0.15996725020575764,0.04489350833522687,0.7951148774247961,25,30,20
41,4845,2.4136811710033868e-05,0.15996665977447047,0.04290954242523032,0.7970996609885895,25,30,20
41,4846,1.940673822930455e-05,0.1599473515415287,0.04263521306712868,0.7973980286531137,25,30,20
41,4847,1.9409429892997854e-05,0.15994767088890371,0.04264000417061191,0.7973929155105918,25,30,20
41,4848,1.940814078514386e-05,0.15994774498834352,0.04263965803948862,0.7973931888313832,25,30,20
41,4849,1.9408141784219956e-05,0.1599477449451077,0.04263941832326647,0.797393428589842,25,30,20
41,4850,1.940677229878881e-05,0.1599477394676624,0.04263900187816616,0.797393851881873,25,30,20
41,4851,1.9408148553124166e-05,0.15994477802856022,0.0426419645286523,0.7973938492942346,25,30,20
41,4852,1.9406750871703593e-05,0.15994801839201933,0.04263865308596713,0.7973939217711421,25,30,20
41,4853,1.9477692527979864e-05,0.15994776304693256,0.04260190239093631,0.7974308568696035,25,30,20
41,4854,1.947769364478305e-05,0.15994776315243162,0.042601917520224734,0.7974308416336992,25,30,20
41,4855,1.9552954691795737e-05,0.15996018276463966,0.042589350059344305,0.7974309142213235,25,30,20
41,4856,1.955431004138094e-05,0.15996018394638778,0.04258900724206855,0.7974312545015009,25,30,20
41,4857,1.9554309860481213e-05,0.15995833727968903,0.04259085497879355,0.797431253431656,25,30,20
41,4858,1.0572583661372583e-05,0.1599394616964978,0.04229406021470192,0.7977559055051379,25,30,20
41,4859,1.0497169888127552e-05,0.1599390832931097,0.04229122150867825,0.797759198028323,25,30,20
41,4860,1.0420412022729078e-05,0.1599386968747267,0.04228600757339133,0.7977648751398584,25,30,20
41,4861,1.0344937793564642e-05,0.15993808268044873,0.044277120702967514,0.7957744516787895,25,30,20
41,4862,1.0268133992939996e-05,0.15993786174402636,0.04271266016027213,0.7973392099617075,25,30,20
41,4863,1.0189838600012294e-05,0.15993745681386065,0.042669339645735,0.7973830137018034,25,30,20
41,4864,1.0344614366441162e-05,0.1599381487240393,0.04267894660467006,0.797372560056923,25,30,20
41,4865,1.0422929026397777e-05,0.15994322264366354,0.0427385366921261,0.7973078177351822,25,30,20
41,4866,1.0421573122639325e-05,0.15994306643070427,0.04272324453745191,0.7973232674587196,25,30,20
41,4867,1.0495637928647666e-05,0.15994336802784392,0.0427281796781706,0.7973179566560552,25,30,20
41,4868,1.0495593158084111e-05,0.15994313353962233,0.04272494323522165,0.7973214276319969,25,30,20
41,4869,1.5261050629933035e-05,0.1606439919596322,0.04201876632561884,0.7973219806641193,25,30,20
41,4870,1.057967008045367e-05,0.15993159783575017,0.042736622667272954,0.797321199826897,25,30,20
41,4871,1.0579633257037633e-05,0.15993152099099084,0.04269848432600643,0.7973594150497461,25,30,20
41,4872,1.065636565296748e-05,0.15993175113561772,0.04270285131144316,0.7973547411872864,25,30,20
41,4873,1.0656412938968898e-05,0.15993176499581732,0.0427057995760837,0.79735177901516,25,30,20
41,4874,1.0891376863039913e-05,0.15991912251142618,0.04271782769199415,0.7973521584197168,25,30,20
41,4875,1.0966758005833507e-05,0.15991950198431037,0.0407203261601392,0.7993492050975449,25,30,20
41,4876,1.0889984974675698e-05,0.15991904141072866,0.04071379686773028,0.7993562717365673,25,30,20
41,4877,1.089535072887883e-05,0.15991936555960432,0.040719794772765834,0.799349944316902,25,30,20
41,4878,1.0896665008589468e-05,0.1599172261360191,0.040721853452668,0.7993500237463054,25,30,20
41,4879,1.066303048077322e-05,0.15993132132858764,0.04070845637613741,0.7993495592647955,25,30,20
41,4880,1.0663065569021293e-05,0.15993148331780666,0.04070955862867438,0.7993482949879512,25,30,20
41,4881,1.073980035962064e-05,0.15993155865316877,0.04071395126820278,0.7993437502782703,25,30,20
41,4882,1.0741146130486337e-05,0.15993209810717007,0.0407352129855246,0.7993219477611764,25,30,20
41,4883,1.0740072937796155e-05,0.1599320309356221,0.04073739581673715,0.7993198331747041,25,30,20
41,4884,1.0667489214598762e-05,0.15993196875701085,0.04080120454923426,0.7992561592045412,25,30,20
41,4885,1.0663353198878438e-05,0.15993172170500589,0.040797104141915314,0.7992605107998808,25,30,20
41,4886,1.0588113595351698e-05,0.15993165340972426,0.040816831398309786,0.7992409270783716,25,30,20
41,4887,1.0589645875285398e-05,0.159931589550082,0.04083003926059546,0.7992277815434481,25,30,20
41,4888,1.0512989713606934e-05,0.15993128027465647,0.04083781442959293,0.7992203923060375,25,30,20
41,4889,1.0592452039740893e-05,0.15993175431004783,0.040845126075800424,0.7992125271621124,25,30,20
41,4890,1.0592228596629691e-05,0.15993174761652504,0.040880424302253006,0.7991772358526255,25,30,20
41,4891,1.0592091243232906e-05,0.1599313537610254,0.040856920920422056,0.7992011332273096,25,30,20
41,4892,1.0751252086198676e-05,0.15993628226586432,0.0409620574684984,0.7990909090135513,25,30,20
41,4893,1.0755787317376021e-05,0.15993630961949884,0.04099913761454291,0.7990537969786415,25,30,20
41,4894,1.0754471455703425e-05,0.15993630837057496,0.04099916777461079,0.7990537693833591,25,30,20
41,4895,1.0831240135738487e-05,0.15993677025541816,0.04100504834368734,0.7990473501607595,25,30,20
41,4896,1.0829907253161709e-05,0.15993687548914184,0.041004870355260924,0.7990474242483446,25,30,20
41,4897,1.0828517160770756e-05,0.15993632081727652,0.04097949605060679,0.7990733546149567,25,30,20
41,4898,2.192114591233505e-05,0.16036965280354493,0.048132059037532565,0.7914763670130109,25,30,20
41,4899,2.1921149305756597e-05,0.1603696459614225,0.04813107829489948,0.7914773545943732,25,30,20
41,4900,2.1922765152907713e-05,0.1603701284844274,0.0481597505742434,0.7914481981761772,25,30,20
41,4901,2.192714417781718e-05,0.16033822127900568,0.04819164619356847,0.7914482053832482,25,30,20
41,4902,2.1767983057821104e-05,0.16033313792327417,0.048084155018247005,0.7915609390754215,25,30,20
41,4903,2.1766583531052232e-05,0.16033289655302732,0.048080350835674183,0.7915649860277685,25,30,20
41,4904,2.1766237821034277e-05,0.16033241516773244,0.04805130695801749,0.7915945116364301,25,30,20
41,4905,2.176736930994847e-05,0.16032811659824753,0.048000878993266875,0.7916492370391763,25,30,20
41,4906,2.1766047828848278e-05,0.16032818805280033,0.04800000437818161,0.79165004152119,25,30,20
41,4907,2.176166809600878e-05,0.1603649461347492,0.04796325820691355,0.791650033990242,25,30,20
41,4908,2.176167040826301e-05,0.16036487215209838,0.047963481709654074,0.7916498844678401,25,30,20
41,4909,2.1768620881081288e-05,0.16035513964331877,0.04797319610102276,0.7916498956347782,25,30,20
41,4910,2.176864510157223e-05,0.16035513836461748,0.048015208700071484,0.7916078842902101,25,30,20
41,4911,2.17672322284137e-05,0.16035521167486144,0.04795262201095246,0.7916703990819581,25,30,20
41,4912,2.161195515964468e-05,0.1603659933577627,0.04794191840528171,0.7916704762817983,25,30,20
41,4913,1.0443971491056539e-05,0.15993228585053879,0.04078677230606297,0.7992704978719098,25,30,20
41,4914,1.5538081244051948e-05,0.15996610145369672,0.04073804722157399,0.7992803132434877,25,30,20
41,4915,1.5538106777586816e-05,0.15996596168252783,0.040739369770774296,0.7992791304399227,25,30,20
41,4916,1.5536785950254465e-05,0.15996595765094968,0.040738521143757624,0.7992799844193443,25,30,20
41,4917,1.561201997367066e-05,0.15996641389785246,0.0407343841454631,0.7992835899367128,25,30,20
41,4918,1.5613389644149348e-05,0.1599667318250629,0.04073869750036237,0.7992789572849323,25,30,20
41,4919,1.5614738278457435e-05,0.15996704291745123,0.040740448826002834,0.7992768935182687,25,30,20
41,4920,1.561617118816829e-05,0.15996681168637986,0.04075266830094042,0.7992649038414927,25,30,20
41,4921,1.569292846111019e-05,0.15996106545306105,0.04075833785215053,0.7992649037663281,25,30,20
41,4922,1.5846397889624613e-05,0.1599616778899552,0.04076798345308971,0.7992544922590661,25,30,20
41,4923,1.5846332533558893e-05,0.15996160064341872,0.04075507387597665,0.7992674791480713,25,30,20
41,4924,1.5927251584102047e-05,0.1599618489243627,0.040816942265565634,0.7992052815584876,25,30,20
41,4925,1.584643144587298e-05,0.1599612158819108,0.04080844055435475,0.7992144971322885,25,30,20
41,4926,1.5846430460513507e-05,0.15996136797511606,0.04080769672958972,0.7992150888648334,25,30,20
41,4927,1.1071405143076071e-05,0.15998658667697416,0.040796846477298775,0.7992054954405833,25,30,20
41,4928,1.0994650467748165e-05,0.1599337089709714,0.040849948690407735,0.7992053476881528,25,30,20
41,4929,1.0993678593051984e-05,0.15993271759782154,0.04085086138992886,0.7992054273336565,25,30,20
41,4930,1.1305991770267873e-05,0.1599340475167433,0.04286734457406872,0.7971873019174174,25,30,20
41,4931,1.1308658147546313e-05,0.15993397474449414,0.04283059390702951,0.7972241226903293,25,30,20
41,4932,1.138537148517852e-05,0.15992921048773162,0.04283520746978773,0.7972241966709962,25,30,20
41,4933,1.138636415245309e-05,0.15992826326963644,0.042836234645551724,0.7972241157206601,25,30,20
41,4934,1.4450422594815741e-05,0.16431352772113214,0.03844761473561983,0.7972244071206532,25,30,20
41,4935,1.4136772331476049e-05,0.1643119626459432,0.03642802065352167,0.7992458799282037,25,30,20
41,4936,1.4139555190138467e-05,0.16431171627534052,0.03642762228212138,0.7992465218873478,25,30,20
41,4937,1.4058641727512536e-05,0.164311543493827,0.036365057445003734,0.7993093404194417,25,30,20
41,4938,1.405998148924709e-05,0.1643112309695752,0.036364927110749144,0.7993097819381865,25,30,20
41,4939,1.4222441746630749e-05,0.16431742161888466,0.03640854956584311,0.7992598063735257,25,30,20
41,4940,1.41527944840033e-05,0.16431752963170335,0.03648674290548243,0.79918157466833,25,30,20
41,4941,1.422957406680606e-05,0.16431783809648393,0.036491661200993036,0.7991762711284565,25,30,20
41,4942,1.100017092645716e-05,0.1598672756464824,0.04094603847683435,0.7991756857057575,25,30,20
41,4943,1.0993225958465495e-05,0.15987723199190895,0.040936100139537565,0.7991756746425961,25,30,20
41,4944,1.0991912827776299e-05,0.1598773822808214,0.04093335996248189,0.7991782658438703,25,30,20
41,4945,1.0989180691436685e-05,0.1598772226598582,0.0409318033513499,0.7991799848081019,25,30,20
41,4946,1.0995030220801992e-05,0.1598777833776204,0.04098204640967744,0.7991291751824835,25,30,20
41,4947,1.3325535837850402e-05,0.15988699731581635,0.061376458355233955,0.7787232187931137,25,30,20
41,4948,1.324875611133352e-05,0.15988669425961227,0.06137227557324925,0.7787277814110288,25,30,20
41,4949,1.315751631723447e-05,0.15988080071121227,0.06132774016882548,0.7787783016036465,25,30,20
41,4950,1.3157508971696076e-05,0.15988082649745589,0.06132771449963563,0.7787783014939383,25,30,20
41,4951,1.3011110685460386e-05,0.1598807815092097,0.061324071022688394,0.7787821363574181,25,30,20
41,4952,1.3005441050801905e-05,0.15988021821951195,0.061325557801090363,0.7787812185383487,25,30,20
41,4953,1.2928704542691676e-05,0.15988616572878508,0.06131976374671458,0.7787811418199597,25,30,20
41,4954,1.2930094142345119e-05,0.15988625088236075,0.06132136433563897,0.7787794546878601,25,30,20
41,4955,1.2925572053110194e-05,0.1598856148063084,0.0612312770388802,0.7788701825827604,25,30,20
41,4956,1.300361074577865e-05,0.15988584754379354,0.061234858226462,0.7788662906190015,25,30,20
41,4957,1.31664187357098e-05,0.15966720129001316,0.06145333312280402,0.7788662991684496,25,30,20
41,4958,3.1647958450542704e-05,0.15968321214314243,0.06140910308484168,0.7788760368135675,25,30,20
41,4959,3.1649311899536385e-05,0.15968200277160866,0.06141023164684265,0.7788761162696519,25,30,20
41,4960,3.164926451970664e-05,0.15968209265248215,0.061476317260044704,0.7788099408229563,25,30,20
41,4961,2.9240696361583e-05,0.15967226494840278,0.04107463467339792,0.7992238596818402,25,30,20
41,4962,2.9242058578829093e-05,0.15895493619488144,0.04179211289171759,0.7992237088548247,25,30,20
41,4963,2.9318814821004736e-05,0.1596661633756507,0.041080654048288714,0.7992238637612421,25,30,20
41,4964,2.931877295708612e-05,0.15966630852017297,0.04108111137370684,0.7992232613331656,25,30,20
41,4965,2.9394131195016053e-05,0.1596664506424229,0.08031663937754091,0.759987515848842,25,30,20
41,4966,2.9395470486716866e-05,0.15966668889354138,0.08031629743842596,0.7599876181975465,25,30,20
41,4967,2.9396762755986493e-05,0.15966677321323364,0.08031777093967472,0.7599860590843361,25,30,20
41,4968,2.932001847667962e-05,0.1596665455830173,0.08031241246331927,0.7599917219351877,25,30,20
41,4969,3.3767235057755206e-05,0.15959157230605542,0.08038269571404243,0.7599919647448447,25,30,20
41,4970,3.542637468816414e-05,0.1595927236914524,0.06977500243918137,0.7705968474946805,25,30,20
41,4971,3.5349607408587915e-05,0.15959233127390143,0.06976570151767318,0.7706066176010189,25,30,20
41,4972,1.6708812882771305e-05,0.15958370344564304,0.06980271127847938,0.7705968764629969,25,30,20
41,4973,1.6711606279229823e-05,0.1595840182024061,0.06980806644280985,0.7705912037485073,25,30,20
41,4974,1.6717136305963745e-05,0.15958418852761136,0.06981063915005989,0.7705884551860253,25,30,20
41,4975,1.6712937397609143e-05,0.15958402088221857,0.06980968195756962,0.7705895842228166,25,30,20
41,4976,1.65594849775353e-05,0.15958333174915187,0.06980225358839459,0.7705978551774787,25,30,20
41,4977,1.6554968070189726e-05,0.1595833093627782,0.06976570591069853,0.7706344297584553,25,30,20
41,4978,1.6546513739202655e-05,0.15958296718596474,0.06968156471295243,0.7707189215873457,25,30,20
41,4979,1.6623270267909876e-05,0.15958335103640914,0.06968575370190694,0.7707142719914184,25,30,20
41,4980,1.662463772573856e-05,0.15958351134491208,0.06968816785721622,0.770711696160148,25,30,20
41,4981,1.6861681592273788e-05,0.15957646694129124,0.06969487907940536,0.7707117922977135,25,30,20
41,4982,1.685230811960635e-05,0.15978964626783576,0.06948140946028833,0.7707120919637584,25,30,20
41,4983,1.6852315758940283e-05,0.15978964901668358,0.06948167318272144,0.7707118254848377,25,30,20
41,4984,1.7008486900442508e-05,0.1597903543739952,0.06949238024479744,0.7707002568943082,25,30,20
41,4985,1.7083898940590605e-05,0.15979065457881236,0.0694997851687461,0.7706924763535022,25,30,20
41,4986,1.7089418645488656e-05,0.15979081861137606,0.07086234552430164,0.769329746445678,25,30,20
41,4987,1.7089495618403064e-05,0.15979066258496263,0.07086190671241041,0.7693303412070098,25,30,20
41,4988,1.708939507553531e-05,0.15979058689879572,0.07086202383342012,0.76933029987271,25,30,20
41,4989,1.716617780839656e-05,0.15979074330334084,0.07086712902172852,0.7693249614971234,25,30,20
41,4990,1.716616983807586e-05,0.15979066508713305,0.07086664232087717,0.7693255264221527,25,30,20
41,4991,1.7164809275738545e-05,0.1597904280276874,0.07086537572670217,0.7693270314363359,25,30,20
41,4992,3.739488540415906e-05,0.15982738295012233,0.08206825202679555,0.758066970137678,25,30,20
41,4993,3.754966625499726e-05,0.15982807618911876,0.0820775141358152,0.7580568600088112,25,30,20
41,4994,3.7626504030279314e-05,0.15981748297890383,0.08208787942823369,0.7580570110888323,25,30,20
41,4995,3.762510814342139e-05,0.15981732227803547,0.08208625461573965,0.758058797998081,25,30,20
41,4996,3.754700487534222e-05,0.1598170906369838,0.08207750956501739,0.7580678527931233,25,30,20
41,4997,3.754417458249026e-05,0.1598168495530903,0.08071570411760778,0.7594299021547193,25,30,20
41,4998,3.76208930535959e-05,0.1598172359604356,0.08072055774849235,0.7594245853980184,25,30,20
41,4999,3.762093841277317e-05,0.15981754577019222,0.08072222547495443,0.7594226078164411,25,30,20
41,5000,4.23372616806989e-05,0.15984508818328294,0.08103676295415188,0.7590758116008851,25,30,20
