run,generation,degenerate,holistic,other,compositional,popsize,turnover_rounds,group_rounds
27,0,0.9987713554999793,1.4267839920713722e-08,0.0012266915175253483,1.938714656782331e-06,25,0,10
27,1,0.9233801506796252,1.1696957195391587e-06,0.04971374334571827,0.02690493627893799,25,0,10
27,2,0.9205752236395243,1.2919626676510885e-05,0.07868161275205524,0.0007302439817407745,25,0,10
27,3,0.7798160778441493,0.00010786181297926857,0.17388335065428162,0.04619270968858594,25,0,10
27,4,0.6434134168683592,0.00010048432236464878,0.20516648895342332,0.15131960985585016,25,0,10
27,5,0.6592397025628823,8.198528632462172e-07,0.24119464752404673,0.09956483006021206,25,0,10
27,6,0.623504778169804,0.0005640955217445979,0.269479886336806,0.10645123997164639,25,0,10
27,7,0.581917628362488,0.0005643156098541781,0.36174555065363334,0.05577250537402506,25,0,10
27,8,0.5135979409260546,1.387784519353473e-06,0.39054993749713957,0.09585073379228713,25,0,10
27,9,0.4200411135149317,1.4201750663351872e-06,0.43246762370663494,0.14748984260336717,25,0,10
27,10,0.38768380879638714,1.4630508682433516e-06,0.46601019345635986,0.14630453469638593,25,0,10
27,11,0.291564666763527,5.907797878638458e-05,0.5321581786737696,0.17621807658391841,25,0,10
27,12,0.25614519726912144,2.1577892208782404e-05,0.5642630741870133,0.17957015065165746,25,0,10
27,13,0.22252410408724965,2.002536052526584e-05,0.5645204607797042,0.21293540977252093,25,0,10
27,14,0.22616007504080532,1.978884290885864e-05,0.553974534448775,0.21984560166750952,25,0,10
27,15,0.18046205237738172,1.9760179629105184e-05,0.5596653803395304,0.25985280710345765,25,0,10
27,16,0.12116013607218176,0.0007079382296339439,0.6561154843388602,0.22201644135932103,25,0,10
27,17,0.0733743733756061,4.941721732041342e-05,0.722936990619458,0.20363921878761337,25,0,10
27,18,0.10651611344741156,2.193540987234379e-05,0.6217642448841189,0.2716977062585957,25,0,10
27,19,0.1132121232068234,4.0681124552278253e-07,0.5450327966636744,0.3417546733182547,25,0,10
27,20,0.04206930066892165,4.0639090451066915e-07,0.5695869034497987,0.38834338949037367,25,0,10
27,21,0.042069300288886016,4.0629441271322497e-07,0.5647959022092567,0.3931343912074434,25,0,10
27,22,0.04205687001376337,2.2745589439067704e-07,0.5515751867780897,0.40636771575225095,25,0,10
27,23,0.005322503157142312,2.2336660825591975e-07,0.4421559179634758,0.552521355512772,25,0,10
27,24,0.0053223367245019415,4.0637257066785434e-10,0.43289483287571995,0.5617828299934043,25,0,10
27,25,0.005322336152750788,4.061573368588439e-10,0.3904404984637742,0.604237164977317,25,0,10
27,26,0.005322336152750707,4.061573360092049e-10,0.3897829346769995,0.6048947287640916,25,0,10
27,27,0.005322336152750673,4.0601654973653315e-10,0.27340631929920717,0.7212713441420254,25,0,10
27,28,0.005322336152750673,4.0601654974573755e-10,0.23396724721213943,0.7607104162290931,25,0,10
27,29,0.03782409169496559,8.945876409785146e-12,0.241120746532593,0.7210551617634954,25,0,10
27,30,0.0022982422021440886,8.921021664167652e-12,0.20550083774267464,0.79220092004626,25,0,10
27,31,0.002202674505504907,8.921021663754763e-12,0.20642161635067083,0.7913757091349031,25,0,10
27,32,0.002202674505504907,8.921021663754763e-12,0.2065489476027774,0.7912483778827967,25,0,10
27,33,0.002202674505504907,8.896655524252232e-12,0.16992147982064879,0.8278758456649495,25,0,10
27,34,0.002202674505504907,8.896655266267173e-12,0.19415001136334176,0.8036473141222564,25,0,10
27,35,3.3725945290901474e-08,7.664686728934074e-17,0.19273745411103774,0.8072625121630168,25,0,10
27,36,3.3725945290901474e-08,7.664686728934074e-17,0.19273745410462742,0.8072625121694271,25,0,10
27,37,3.3725945290901474e-08,7.664686589276037e-17,0.18923374849962607,0.8107662177744285,25,0,10
27,38,3.3725945290901474e-08,7.664686589276037e-17,0.1589330052718516,0.8410669610022032,25,0,10
27,39,3.3725945290901474e-08,7.66468658927603e-17,0.12262831842873126,0.8773716478453235,25,0,10
27,40,1.7254951315827975e-20,1.320915537692377e-18,0.11655504044289289,0.8834449595571072,25,0,10
27,41,5.031151513410899e-31,1.2517623255072637e-25,0.1165515898533969,0.8834484101466031,25,0,10
27,42,5.031151513410899e-31,1.2517279279759965e-25,0.08024910398514373,0.9197508960148564,25,0,10
27,43,4.766127084046717e-38,7.832690379562823e-32,0.08024910331032242,0.9197508966896776,25,0,10
27,44,3.3317429324608695e-48,6.626826208163988e-32,0.08012615907539074,0.9198738409246093,25,0,10
27,45,1.3896872447810803e-48,4.0069477292445665e-36,0.08005744034920642,0.9199425596507936,25,0,10
27,46,1.3896872447810803e-48,4.006928382437736e-36,0.08600221168562211,0.913997788314378,25,0,10
27,47,3.4486095122635404e-57,3.5719943349138283e-37,0.07993453401668417,0.920065465983316,25,0,10
27,48,3.4486095122635404e-57,3.5719943349135005e-37,0.07993233170506282,0.9200676682949372,25,0,10
27,49,3.222114034698027e-57,3.571994334894509e-37,0.07986259614722205,0.920137403852778,25,0,10
27,50,3.222114034698027e-57,3.571994334894509e-37,0.07986259681321317,0.9201374031867868,25,0,10
27,51,3.222114034322231e-57,3.571994334894509e-37,0.03993350106620953,0.9600664989337905,25,0,10
27,52,3.222114034322231e-57,3.571994334894509e-37,0.039933500400218404,0.9600664995997816,25,0,10
27,53,3.222114034322231e-57,3.571994334894509e-37,0.0399335004002184,0.9600664995997816,25,0,10
27,54,3.222114034322231e-57,3.571994334894509e-37,0.039931298754800476,0.9600687012451995,25,0,10
27,55,3.222114034322231e-57,3.571994334894509e-37,0.03993350040021834,0.9600664995997817,25,0,10
27,56,3.222114034322231e-57,3.571994334894509e-37,0.07635889120954292,0.9236411087904571,25,0,10
27,57,3.222114034322231e-57,3.571994334894509e-37,0.04005644464662668,0.9599435553533734,25,0,10
27,58,8.150189241986262e-67,2.931925360664408e-43,0.006195026546660364,0.9938049734533396,25,0,10
27,59,7.314233952297306e-81,8.548828049303565e-54,0.006195026546660364,0.9938049734533396,25,0,10
27,60,7.314233952279684e-81,8.548773629896658e-54,0.006195026546660364,0.9938049734533396,25,0,10
27,61,7.314233952279684e-81,8.548773629896656e-54,0.006195026546660364,0.9938049734533396,25,0,10
27,62,1.0044310159612568e-90,9.547307604898495e-61,0.00012518522094383613,0.9998748147790562,25,0,10
27,63,8.089511550069228e-119,9.044395095379915e-68,2.3785397542317922e-11,0.9999999999762146,25,0,10
27,64,8.089511550069228e-119,9.044395095379915e-68,2.3785397542317922e-11,0.9999999999762146,25,0,10
27,65,7.800228556124048e-126,9.044395095379915e-68,2.378539754197116e-11,0.9999999999762146,25,0,10
27,66,7.663465024275109e-126,9.044395095379915e-68,2.378539754196508e-11,0.9999999999762146,25,0,10
27,67,4.1380741426199987e-131,9.044395095379915e-68,1.189269989778561e-11,0.9999999999881072,25,0,10
27,68,4.1380741426199617e-131,9.044395095379915e-68,1.189269989778561e-11,0.9999999999881072,25,0,10
27,69,6.877395328505534e-140,4.883767257978736e-73,3.661544842383637e-15,0.9999999999999963,25,0,10
27,70,6.877395328505534e-140,4.883767257978736e-73,3.661544842383637e-15,0.9999999999999963,25,0,10
27,71,6.877395328505534e-140,4.883767257978736e-73,3.661544842383605e-15,0.9999999999999963,25,0,10
27,72,6.877395328505534e-140,4.883767257978736e-73,3.661544842383605e-15,0.9999999999999963,25,0,10
27,73,3.5180337344814143e-152,2.4982216586727963e-85,2.011218607876216e-20,1.0,25,0,10
27,74,3.5180337344814143e-152,2.4982216586727963e-85,2.011218607876216e-20,1.0,25,0,10
27,75,3.5180337344814143e-152,2.4982216586727963e-85,6.935236578981415e-22,1.0,25,0,10
27,76,3.5180337344814143e-152,2.4982216586727963e-85,6.935236578981415e-22,1.0,25,0,10
27,77,3.5180337344814143e-152,2.4982216586727963e-85,3.46868557741135e-22,1.0,25,0,10
27,78,3.5180337344814143e-152,2.4982216586727963e-85,3.46868557741135e-22,1.0,25,0,10
27,79,3.5180337344814143e-152,2.4982216586727963e-85,3.46868557741135e-22,1.0,25,0,10
27,80,1.7996001052394195e-164,1.348982768610564e-90,6.190269645838735e-24,1.0,25,0,10
27,81,1.4493687907292564e-192,2.1238933305226144e-106,1.086012218537537e-25,1.0,25,0,10
27,82,3.2529112586308914e-207,3.3439440327949035e-122,5.763111294555659e-31,1.0,25,0,10
27,83,3.2529100264341634e-207,3.3439440327949035e-122,1.7738109696348025e-34,1.0,25,0,10
27,84,3.252910026434161e-207,3.3439440327949035e-122,9.746212272858096e-40,1.0,25,0,10
27,85,3.252910026434161e-207,3.3439440327949035e-122,9.746212272858096e-40,1.0,25,0,10
27,86,1.2321967321538278e-213,3.3439440327949035e-122,9.746212272858013e-40,1.0,25,0,10
27,87,4.6173669757887557e-222,9.750117872319407e-133,9.578175037320554e-40,1.0,25,0,10
27,88,4.608385019738063e-222,9.750117872319407e-133,9.073775658870087e-47,1.0,25,0,10
27,89,2.0478972325965598e-222,9.750117872319407e-133,9.073726678163295e-47,1.0,25,0,10
27,90,1.9492916054663954e-229,9.236563991046002e-140,1.5923718285860764e-48,1.0,25,0,10
27,91,1.9486813977244815e-229,9.236563991046002e-140,1.592380273535523e-48,1.0,25,0,10
27,92,1.948681397724464e-229,8.752752960666356e-147,9.971072918063228e-52,1.0,25,0,10
27,93,1.948681397724464e-229,8.752752960666356e-147,9.971072918063228e-52,1.0,25,0,10
27,94,1.948681397724464e-229,2.740417624069278e-150,5.07152020472137e-52,1.0,25,0,10
27,95,1.948681397724464e-229,2.740417624069254e-150,5.07152020472137e-52,1.0,25,0,10
27,96,9.96749265798129e-242,2.908484397241415e-155,4.985536243241887e-52,1.0,25,0,10
27,97,9.92396678269985e-242,1.454242199829995e-155,4.985536235098888e-52,1.0,25,0,10
27,98,5.360328962782459e-247,1.4542421974130743e-155,8.598398590596732e-54,1.0,25,0,10
27,99,5.35867963075563e-247,1.4542421974130738e-155,1.5344914384649254e-55,1.0,25,0,10
27,100,2.2292462250743516e-256,1.4542421974130736e-155,2.442900296729465e-60,1.0,25,0,10
27,101,2.7531789406337645e-259,4.240212767867561e-166,8.148013866189534e-61,1.0,25,0,10
27,102,1.202262001807565e-261,8.033747944934661e-173,5.057361320558661e-64,1.0,25,0,10
27,103,4.55714854551154e-268,2.2077408976326372e-178,5.0126330974498994e-64,1.0,25,0,10
27,104,4.5571485455115385e-268,3.872059144178351e-180,2.5063097841668984e-64,1.0,25,0,10
27,105,4.557148437616849e-268,3.8052995226254167e-180,2.5063097800732583e-64,1.0,25,0,10
27,106,4.555746238097654e-268,7.399465784559203e-187,2.5063097800732583e-64,1.0,25,0,10
27,107,4.555746238097654e-268,7.399465784559203e-187,2.5063097800732583e-64,1.0,25,0,10
27,108,4.5557462380976134e-268,7.336222490175935e-187,2.5063097800732583e-64,1.0,25,0,10
27,109,4.555746238097603e-268,7.272978860282645e-187,2.5063097800002027e-64,1.0,25,0,10
27,110,4.555746238097603e-268,7.272978860282645e-187,2.5063097800002027e-64,1.0,25,0,10
27,111,7.571557896659312e-277,3.6048875929078206e-187,2.506309779927148e-64,1.0,25,0,10
27,112,7.571557896659312e-277,3.6048875869165706e-187,2.5063097799271256e-64,1.0,25,0,10
27,113,2.207680156017855e-287,3.604867785943841e-187,2.5063097799271036e-64,1.0,25,0,10
27,114,2.207680156017855e-287,3.604867785943841e-187,2.5063097799271036e-64,1.0,25,0,10
27,115,6.549982763068682e-298,3.4149937897354873e-194,2.5063097798553067e-64,1.0,25,0,10
27,116,6.549982763068682e-298,3.4149937897354873e-194,2.5063097798553067e-64,1.0,25,0,10
27,117,1.1293072678047476e-299,3.414993784061584e-194,2.5063097798553067e-64,1.0,25,0,10
27,118,1.1293072678047476e-299,1.0131970627042735e-204,2.506309779854025e-64,1.0,25,0,10
27,119,1.80922079e-315,1.013197061048884e-204,7.307822680847188e-75,1.0,25,0,10
27,120,1.80922079e-315,1.013197061048884e-204,7.307822680847188e-75,1.0,25,0,10
27,121,1.80922079e-315,1.013197061048884e-204,7.307822680847188e-75,1.0,25,0,10
27,122,1.80922079e-315,1.0131970610488839e-204,2.289393195416109e-78,1.0,25,0,10
27,123,1.80922079e-315,1.0131970610488839e-204,2.289393195416089e-78,1.0,25,0,10
27,124,1.80922079e-315,1.746891484618502e-206,1.3845740523030426e-81,1.0,25,0,10
27,125,1.80922079e-315,1.746891484618502e-206,1.3845740523030426e-81,1.0,25,0,10
27,126,1.80922079e-315,1.746891484567567e-206,6.925001019759318e-82,1.0,25,0,10
27,127,0.0,9.43281595182758e-212,2.131425569523226e-85,1.0,25,0,10
27,128,0.0,9.43281595182758e-212,2.131425371210662e-85,1.0,25,0,10
27,129,0.0,1.5677148870570216e-220,6.558302726433793e-89,1.0,25,0,10
27,130,0.0,4.571070804274869e-231,3.66555177621118e-94,1.0,25,0,10
27,131,0.0,4.571070804274869e-231,1.8638398881693017e-95,1.0,25,0,10
27,132,0.0,1.3561944171682367e-241,6.2128337772570545e-96,1.0,25,0,10
27,133,0.0,1.3561944171675548e-241,6.212800818110997e-96,1.0,25,0,10
27,134,0.0,1.3561944171675548e-241,6.212800229557996e-96,1.0,25,0,10
27,135,0.0,7.323140816157105e-247,6.212800219235627e-96,1.0,25,0,10
27,136,0.0,7.323140816157105e-247,1.9128075900915854e-99,1.0,25,0,10
27,137,0.0,7.323140816157105e-247,1.9128075900915854e-99,1.0,25,0,10
27,138,0.0,7.323140816157105e-247,5.988849056687625e-103,1.0,25,0,10
27,139,0.0,7.196879767812506e-247,5.887373314979497e-103,1.0,25,0,10
27,140,0.0,7.196879767602662e-247,5.887373295587789e-103,1.0,25,0,10
27,141,0.0,1.1961068263863546e-255,3.1790474238163027e-108,1.0,25,0,10
27,142,0.0,3.4875531501469326e-266,9.953292894852518e-112,1.0,25,0,10
27,143,0.0,3.4875531501469326e-266,9.953292894852518e-112,1.0,25,0,10
27,144,0.0,3.4875531501469326e-266,9.953292894852518e-112,1.0,25,0,10
27,145,0.0,3.184748691895822e-280,9.78469507234266e-112,1.0,25,0,10
27,146,0.0,3.184748395488535e-280,9.784695072342658e-112,1.0,25,0,10
27,147,0.0,3.184748395397277e-280,9.784695072342658e-112,1.0,25,0,10
27,148,0.0,3.1847483953972764e-280,9.784695072342658e-112,1.0,25,0,10
27,149,0.0,3.1847483953972764e-280,1.746191735938199e-113,1.0,25,0,10
27,150,0.0,1.0403457728260515e-288,3.0106916638374628e-115,1.0,25,0,10
27,151,0.0,1.0403457728260467e-288,1.6542170971149124e-120,1.0,25,0,10
27,152,0.0,1.0403457728260467e-288,1.626196480784076e-120,1.0,25,0,10
27,153,0.0,8.796838343802982e-298,1.0007362967131225e-123,1.0,25,0,10
27,154,0.0,2.898826077718516e-306,5.005221555820557e-124,1.0,25,0,10
27,155,0.0,2.8988260776766225e-306,5.005221555820557e-124,1.0,25,0,10
27,156,0.0,7.7584432447e-312,8.778389392092189e-126,1.0,25,0,10
27,157,0.0,7.758443244245e-312,2.605254470367357e-136,1.0,25,0,10
27,158,0.0,7.758443244245e-312,4.5706218777064435e-138,1.0,25,0,10
27,159,0.0,7.758443244245e-312,4.570621877706443e-138,1.0,25,0,10
27,160,0.0,5e-324,4.490484449287818e-138,1.0,25,0,10
27,161,0.0,5e-324,4.490484449287818e-138,1.0,25,0,10
27,162,0.0,5e-324,2.467298450791991e-143,1.0,25,0,10
27,163,0.0,5e-324,2.4247592777746116e-143,1.0,25,0,10
27,164,0.0,5e-324,2.4247464144020636e-143,1.0,25,0,10
27,165,0.0,0.0,6.891092436480536e-150,1.0,25,0,10
27,166,0.0,0.0,2.3380365945647615e-150,1.0,25,0,10
27,167,0.0,0.0,2.3380365945647615e-150,1.0,25,0,10
27,168,0.0,0.0,4.100600003087147e-152,1.0,25,0,10
27,169,0.0,0.0,7.196172959776634e-154,1.0,25,0,10
27,170,0.0,0.0,7.194035093338425e-154,1.0,25,0,10
27,171,0.0,0.0,7.193996928902163e-154,1.0,25,0,10
27,172,0.0,0.0,2.4806885941478837e-155,1.0,25,0,10
27,173,0.0,0.0,2.4806885941478837e-155,1.0,25,0,10
27,174,0.0,0.0,2.4806885941478837e-155,1.0,25,0,10
27,175,0.0,0.0,1.2403442960251329e-155,1.0,25,0,10
27,176,0.0,0.0,1.2403442960251329e-155,1.0,25,0,10
27,177,0.0,0.0,2.061438399758302e-164,1.0,25,0,10
27,178,0.0,0.0,2.061438399758302e-164,1.0,25,0,10
27,179,0.0,0.0,2.061438399758302e-164,1.0,25,0,10
27,180,0.0,0.0,2.061438399758302e-164,1.0,25,0,10
27,181,0.0,0.0,2.061438399758302e-164,1.0,25,0,10
27,182,0.0,0.0,2.061438399758302e-164,1.0,25,0,10
27,183,0.0,0.0,2.061438399758302e-164,1.0,25,0,10
27,184,0.0,0.0,3.617671381387524e-166,1.0,25,0,10
27,185,0.0,0.0,1.1329948139572812e-169,1.0,25,0,10
27,186,0.0,0.0,1.1329947389094913e-169,1.0,25,0,10
27,187,0.0,0.0,1.113129763643651e-169,1.0,25,0,10
27,188,0.0,0.0,1.1131296581942822e-169,1.0,25,0,10
27,189,0.0,0.0,1.1131296581711834e-169,1.0,25,0,10
27,190,0.0,0.0,1.2021228087926294e-174,1.0,25,0,10
27,191,0.0,0.0,6.01246403795254e-175,1.0,25,0,10
27,192,0.0,0.0,6.01246403795254e-175,1.0,25,0,10
27,193,0.0,0.0,6.010614059010362e-175,1.0,25,0,10
27,194,0.0,0.0,1.849989109971975e-178,1.0,25,0,10
27,195,0.0,0.0,1.8499889347175334e-178,1.0,25,0,10
27,196,0.0,0.0,5.6940261925866396e-182,1.0,25,0,10
27,197,0.0,0.0,1.7525567651119245e-185,1.0,25,0,10
27,198,0.0,0.0,9.466318976674014e-191,1.0,25,0,10
27,199,0.0,0.0,9.466318976674014e-191,1.0,25,0,10
27,200,0.0,0.0,9.466318976674014e-191,1.0,25,0,10
27,201,0.0,0.0,9.466318976674014e-191,1.0,25,0,10
27,202,0.0,0.0,9.466318976673955e-191,1.0,25,0,10
27,203,0.0,0.0,9.46626877320296e-191,1.0,25,0,10
27,204,0.0,0.0,9.463356091117805e-191,1.0,25,0,10
27,205,0.0,0.0,9.463355210355157e-191,1.0,25,0,10
27,206,0.0,0.0,9.463355194903181e-191,1.0,25,0,10
27,207,0.0,0.0,9.463355194903181e-191,1.0,25,0,10
27,208,0.0,0.0,9.463355194903181e-191,1.0,25,0,10
27,209,0.0,0.0,9.463355194903181e-191,1.0,25,0,10
27,210,0.0,0.0,9.463355194632093e-191,1.0,25,0,10
27,211,0.0,0.0,9.463355194632093e-191,1.0,25,0,10
27,212,0.0,0.0,2.912713540963133e-194,1.0,25,0,10
27,213,0.0,0.0,5.111568945361977e-196,1.0,25,0,10
27,214,0.0,0.0,1.5727905936766896e-199,1.0,25,0,10
27,215,0.0,0.0,1.5727905936758855e-199,1.0,25,0,10
27,216,0.0,0.0,1.5727905936758855e-199,1.0,25,0,10
27,217,0.0,0.0,1.5727905936758853e-199,1.0,25,0,10
27,218,0.0,0.0,1.5727905936758853e-199,1.0,25,0,10
27,219,0.0,0.0,8.641704921357005e-205,1.0,25,0,10
27,220,0.0,0.0,8.641704921352738e-205,1.0,25,0,10
27,221,0.0,0.0,8.641704921352738e-205,1.0,25,0,10
27,222,0.0,0.0,8.641704921352738e-205,1.0,25,0,10
27,223,0.0,0.0,8.641704921352738e-205,1.0,25,0,10
27,224,0.0,0.0,2.659804531096837e-208,1.0,25,0,10
27,225,0.0,0.0,4.6663237442301356e-210,1.0,25,0,10
27,226,0.0,0.0,4.6663237386705235e-210,1.0,25,0,10
27,227,0.0,0.0,1.6090771512654586e-211,1.0,25,0,10
27,228,0.0,0.0,8.045386518490967e-212,1.0,25,0,10
27,229,0.0,0.0,8.045386518490967e-212,1.0,25,0,10
27,230,0.0,0.0,8.045385756563274e-212,1.0,25,0,10
27,231,0.0,0.0,8.045385756328762e-212,1.0,25,0,10
27,232,0.0,0.0,1.411471185321567e-213,1.0,25,0,10
27,233,0.0,0.0,1.411471185320845e-213,1.0,25,0,10
27,234,0.0,0.0,7.220219023697486e-226,1.0,25,0,10
27,235,0.0,0.0,7.220219023697486e-226,1.0,25,0,10
27,236,0.0,0.0,7.220180720358749e-226,1.0,25,0,10
27,237,0.0,0.0,7.220180036581015e-226,1.0,25,0,10
27,238,0.0,0.0,7.220180036581015e-226,1.0,25,0,10
27,239,0.0,0.0,7.220180036581015e-226,1.0,25,0,10
27,240,0.0,0.0,7.220180036431141e-226,1.0,25,0,10
27,241,0.0,0.0,7.220180036431141e-226,1.0,25,0,10
27,242,0.0,0.0,6.839882565573655e-233,1.0,25,0,10
27,243,0.0,0.0,1.1999857634056596e-234,1.0,25,0,10
27,244,0.0,0.0,1.1999792838259553e-234,1.0,25,0,10
27,245,0.0,0.0,2.1052268171671155e-236,1.0,25,0,10
27,246,0.0,0.0,2.105226817167115e-236,1.0,25,0,10
27,247,0.0,0.0,2.10522681366829e-236,1.0,25,0,10
27,248,0.0,0.0,3.6933803748583764e-238,1.0,25,0,10
27,249,0.0,0.0,3.693380374856487e-238,1.0,25,0,10
27,250,0.0,0.0,3.693380374856487e-238,1.0,25,0,10
27,251,0.0,0.0,3.693380374856487e-238,1.0,25,0,10
27,252,0.0,0.0,6.479614692730454e-240,1.0,25,0,10
27,253,0.0,0.0,6.479614692730454e-240,1.0,25,0,10
27,254,0.0,0.0,3.314554715047761e-252,1.0,25,0,10
27,255,0.0,0.0,3.314554715047761e-252,1.0,25,0,10
27,256,0.0,0.0,1.790334888655927e-257,1.0,25,0,10
27,257,0.0,0.0,1.7897841379460583e-257,1.0,25,0,10
27,258,0.0,0.0,1.7897841379460583e-257,1.0,25,0,10
27,259,0.0,0.0,1.789784134972373e-257,1.0,25,0,10
27,260,0.0,0.0,1.7897840163831458e-257,1.0,25,0,10
27,261,0.0,0.0,1.7166899527187001e-264,1.0,25,0,10
27,262,0.0,0.0,1.695884982897262e-264,1.0,25,0,10
27,263,0.0,0.0,1.695884982897262e-264,1.0,25,0,10
27,264,0.0,0.0,1.6955199834267108e-264,1.0,25,0,10
27,265,0.0,0.0,1.695519822805928e-264,1.0,25,0,10
27,266,0.0,0.0,1.6955133049582348e-264,1.0,25,0,10
27,267,0.0,0.0,1.6955133049582348e-264,1.0,25,0,10
27,268,0.0,0.0,1.6955133049582348e-264,1.0,25,0,10
27,269,0.0,0.0,1.6062080889411256e-271,1.0,25,0,10
27,270,0.0,0.0,1.0837296185467397e-278,1.0,25,0,10
27,271,0.0,0.0,1.0837214047472116e-278,1.0,25,0,10
27,272,0.0,0.0,4.683332486338004e-282,1.0,25,0,10
27,273,0.0,0.0,4.683332480798483e-282,1.0,25,0,10
27,274,0.0,0.0,4.683332480798483e-282,1.0,25,0,10
27,275,0.0,0.0,4.683332480798483e-282,1.0,25,0,10
27,276,0.0,0.0,4.683332480798483e-282,1.0,25,0,10
27,277,0.0,0.0,2.573245636673828e-287,1.0,25,0,10
27,278,0.0,0.0,4.43799565637569e-289,1.0,25,0,10
27,279,0.0,0.0,1.3659626673756182e-292,1.0,25,0,10
27,280,0.0,0.0,1.3659626673756182e-292,1.0,25,0,10
27,281,0.0,0.0,4.3291754137364994e-296,1.0,25,0,10
27,282,0.0,0.0,4.3291754137364994e-296,1.0,25,0,10
27,283,0.0,0.0,4.255439918883341e-296,1.0,25,0,10
27,284,0.0,0.0,4.255439918883341e-296,1.0,25,0,10
27,285,0.0,0.0,1.2622991031365496e-297,1.0,25,0,10
27,286,0.0,0.0,5.249441546050465e-298,1.0,25,0,10
27,287,0.0,0.0,5.249362625422304e-298,1.0,25,0,10
27,288,0.0,0.0,5.249362625422304e-298,1.0,25,0,10
27,289,0.0,0.0,5.249362625422304e-298,1.0,25,0,10
27,290,0.0,0.0,5.249362625422304e-298,1.0,25,0,10
27,291,0.0,0.0,2.9056134008668657e-303,1.0,25,0,10
27,292,0.0,0.0,2.9056134008668657e-303,1.0,25,0,10
27,293,0.0,0.0,2.9043879252742874e-303,1.0,25,0,10
27,294,0.0,0.0,6.986741462445308e-305,1.0,25,0,10
27,295,0.0,0.0,1.5305849539035205e-308,1.0,25,0,10
27,296,0.0,0.0,1.5305847563043e-308,1.0,25,0,10
27,297,0.0,0.0,1.5305847563043e-308,1.0,25,0,10
27,298,0.0,0.0,1.5305847563043e-308,1.0,25,0,10
27,299,0.0,0.0,4.7109772375e-312,1.0,25,0,10
27,300,0.0,0.0,8.264809678e-314,1.0,25,0,10
27,301,0.0,0.0,8.264809678e-314,1.0,25,0,10
27,302,0.0,0.0,8.264809678e-314,1.0,25,0,10
27,303,0.0,0.0,4.4647e-319,1.0,25,0,10
27,304,0.0,0.0,4.4647e-319,1.0,25,0,10
27,305,0.0,0.0,4.46285e-319,1.0,25,0,10
27,306,0.0,0.0,4.46285e-319,1.0,25,0,10
27,307,0.0,0.0,4.46285e-319,1.0,25,0,10
27,308,0.0,0.0,4.4628e-319,1.0,25,0,10
27,309,0.0,0.0,4.4628e-319,1.0,25,0,10
27,310,0.0,0.0,4.4628e-319,1.0,25,0,10
27,311,0.0,0.0,4.4628e-319,1.0,25,0,10
27,312,0.0,0.0,4.4628e-319,1.0,25,0,10
27,313,0.0,0.0,4.4628e-319,1.0,25,0,10
27,314,0.0,0.0,4.4628e-319,1.0,25,0,10
27,315,0.0,0.0,4.4628e-319,1.0,25,0,10
27,316,0.0,0.0,4.4628e-319,1.0,25,0,10
27,317,0.0,0.0,4.4628e-319,1.0,25,0,10
27,318,0.0,0.0,7.83e-321,1.0,25,0,10
27,319,0.0,0.0,7.83e-321,1.0,25,0,10
27,320,0.0,0.0,0.0,1.0,25,0,10
27,321,0.0,0.0,0.0,1.0,25,0,10
27,322,0.0,0.0,0.0,1.0,25,0,10
27,323,0.0,0.0,0.0,1.0,25,0,10
27,324,0.0,0.0,0.0,1.0,25,0,10
27,325,0.0,0.0,0.0,1.0,25,0,10
27,326,0.0,0.0,0.0,1.0,25,0,10
27,327,0.0,0.0,0.0,1.0,25,0,10
27,328,0.0,0.0,0.0,1.0,25,0,10
27,329,0.0,0.0,0.0,1.0,25,0,10
27,330,0.0,0.0,0.0,1.0,25,0,10
27,331,0.0,0.0,0.0,1.0,25,0,10
27,332,0.0,0.0,0.0,1.0,25,0,10
27,333,0.0,0.0,0.0,1.0,25,0,10
27,334,0.0,0.0,0.0,1.0,25,0,10
27,335,0.0,0.0,0.0,1.0,25,0,10
27,336,0.0,0.0,0.0,1.0,25,0,10
27,337,0.0,0.0,0.0,1.0,25,0,10
27,338,0.0,0.0,0.0,1.0,25,0,10
27,339,0.0,0.0,0.0,1.0,25,0,10
27,340,0.0,0.0,0.0,1.0,25,0,10
27,341,0.0,0.0,0.0,1.0,25,0,10
27,342,0.0,0.0,0.0,1.0,25,0,10
27,343,0.0,0.0,0.0,1.0,25,0,10
27,344,0.0,0.0,0.0,1.0,25,0,10
27,345,0.0,0.0,0.0,1.0,25,0,10
27,346,0.0,0.0,0.0,1.0,25,0,10
27,347,0.0,0.0,0.0,1.0,25,0,10
27,348,0.0,0.0,0.0,1.0,25,0,10
27,349,0.0,0.0,0.0,1.0,25,0,10
27,350,0.0,0.0,0.0,1.0,25,0,10
27,351,0.0,0.0,0.0,1.0,25,0,10
27,352,0.0,0.0,0.0,1.0,25,0,10
27,353,0.0,0.0,0.0,1.0,25,0,10
27,354,0.0,0.0,0.0,1.0,25,0,10
27,355,0.0,0.0,0.0,1.0,25,0,10
27,356,0.0,0.0,0.0,1.0,25,0,10
27,357,0.0,0.0,0.0,1.0,25,0,10
27,358,0.0,0.0,0.0,1.0,25,0,10
27,359,0.0,0.0,0.0,1.0,25,0,10
27,360,0.0,0.0,0.0,1.0,25,0,10
27,361,0.0,0.0,0.0,1.0,25,0,10
27,362,0.0,0.0,0.0,1.0,25,0,10
27,363,0.0,0.0,0.0,1.0,25,0,10
27,364,0.0,0.0,0.0,1.0,25,0,10
27,365,0.0,0.0,0.0,1.0,25,0,10
27,366,0.0,0.0,0.0,1.0,25,0,10
27,367,0.0,0.0,0.0,1.0,25,0,10
27,368,0.0,0.0,0.0,1.0,25,0,10
27,369,0.0,0.0,0.0,1.0,25,0,10
27,370,0.0,0.0,0.0,1.0,25,0,10
27,371,0.0,0.0,0.0,1.0,25,0,10
27,372,0.0,0.0,0.0,1.0,25,0,10
27,373,0.0,0.0,0.0,1.0,25,0,10
27,374,0.0,0.0,0.0,1.0,25,0,10
27,375,0.0,0.0,0.0,1.0,25,0,10
27,376,0.0,0.0,0.0,1.0,25,0,10
27,377,0.0,0.0,0.0,1.0,25,0,10
27,378,0.0,0.0,0.0,1.0,25,0,10
27,379,0.0,0.0,0.0,1.0,25,0,10
27,380,0.0,0.0,0.0,1.0,25,0,10
27,381,0.0,0.0,0.0,1.0,25,0,10
27,382,0.0,0.0,0.0,1.0,25,0,10
27,383,0.0,0.0,0.0,1.0,25,0,10
27,384,0.0,0.0,0.0,1.0,25,0,10
27,385,0.0,0.0,0.0,1.0,25,0,10
27,386,0.0,0.0,0.0,1.0,25,0,10
27,387,0.0,0.0,0.0,1.0,25,0,10
27,388,0.0,0.0,0.0,1.0,25,0,10
27,389,0.0,0.0,0.0,1.0,25,0,10
27,390,0.0,0.0,0.0,1.0,25,0,10
27,391,0.0,0.0,0.0,1.0,25,0,10
27,392,0.0,0.0,0.0,1.0,25,0,10
27,393,0.0,0.0,0.0,1.0,25,0,10
27,394,0.0,0.0,0.0,1.0,25,0,10
27,395,0.0,0.0,0.0,1.0,25,0,10
27,396,0.0,0.0,0.0,1.0,25,0,10
27,397,0.0,0.0,0.0,1.0,25,0,10
27,398,0.0,0.0,0.0,1.0,25,0,10
27,399,0.0,0.0,0.0,1.0,25,0,10
27,400,0.0,0.0,0.0,1.0,25,0,10
27,401,0.0,0.0,0.0,1.0,25,0,10
27,402,0.0,0.0,0.0,1.0,25,0,10
27,403,0.0,0.0,0.0,1.0,25,0,10
27,404,0.0,0.0,0.0,1.0,25,0,10
27,405,0.0,0.0,0.0,1.0,25,0,10
27,406,0.0,0.0,0.0,1.0,25,0,10
27,407,0.0,0.0,0.0,1.0,25,0,10
27,408,0.0,0.0,0.0,1.0,25,0,10
27,409,0.0,0.0,0.0,1.0,25,0,10
27,410,0.0,0.0,0.0,1.0,25,0,10
27,411,0.0,0.0,0.0,1.0,25,0,10
27,412,0.0,0.0,0.0,1.0,25,0,10
27,413,0.0,0.0,0.0,1.0,25,0,10
27,414,0.0,0.0,0.0,1.0,25,0,10
27,415,0.0,0.0,0.0,1.0,25,0,10
27,416,0.0,0.0,0.0,1.0,25,0,10
27,417,0.0,0.0,0.0,1.0,25,0,10
27,418,0.0,0.0,0.0,1.0,25,0,10
27,419,0.0,0.0,0.0,1.0,25,0,10
27,420,0.0,0.0,0.0,1.0,25,0,10
27,421,0.0,0.0,0.0,1.0,25,0,10
27,422,0.0,0.0,0.0,1.0,25,0,10
27,423,0.0,0.0,0.0,1.0,25,0,10
27,424,0.0,0.0,0.0,1.0,25,0,10
27,425,0.0,0.0,0.0,1.0,25,0,10
27,426,0.0,0.0,0.0,1.0,25,0,10
27,427,0.0,0.0,0.0,1.0,25,0,10
27,428,0.0,0.0,0.0,1.0,25,0,10
27,429,0.0,0.0,0.0,1.0,25,0,10
27,430,0.0,0.0,0.0,1.0,25,0,10
27,431,0.0,0.0,0.0,1.0,25,0,10
27,432,0.0,0.0,0.0,1.0,25,0,10
27,433,0.0,0.0,0.0,1.0,25,0,10
27,434,0.0,0.0,0.0,1.0,25,0,10
27,435,0.0,0.0,0.0,1.0,25,0,10
27,436,0.0,0.0,0.0,1.0,25,0,10
27,437,0.0,0.0,0.0,1.0,25,0,10
27,438,0.0,0.0,0.0,1.0,25,0,10
27,439,0.0,0.0,0.0,1.0,25,0,10
27,440,0.0,0.0,0.0,1.0,25,0,10
27,441,0.0,0.0,0.0,1.0,25,0,10
27,442,0.0,0.0,0.0,1.0,25,0,10
27,443,0.0,0.0,0.0,1.0,25,0,10
27,444,0.0,0.0,0.0,1.0,25,0,10
27,445,0.0,0.0,0.0,1.0,25,0,10
27,446,0.0,0.0,0.0,1.0,25,0,10
27,447,0.0,0.0,0.0,1.0,25,0,10
27,448,0.0,0.0,0.0,1.0,25,0,10
27,449,0.0,0.0,0.0,1.0,25,0,10
27,450,0.0,0.0,0.0,1.0,25,0,10
27,451,0.0,0.0,0.0,1.0,25,0,10
27,452,0.0,0.0,0.0,1.0,25,0,10
27,453,0.0,0.0,0.0,1.0,25,0,10
27,454,0.0,0.0,0.0,1.0,25,0,10
27,455,0.0,0.0,0.0,1.0,25,0,10
27,456,0.0,0.0,0.0,1.0,25,0,10
27,457,0.0,0.0,0.0,1.0,25,0,10
27,458,0.0,0.0,0.0,1.0,25,0,10
27,459,0.0,0.0,0.0,1.0,25,0,10
27,460,0.0,0.0,0.0,1.0,25,0,10
27,461,0.0,0.0,0.0,1.0,25,0,10
27,462,0.0,0.0,0.0,1.0,25,0,10
27,463,0.0,0.0,0.0,1.0,25,0,10
27,464,0.0,0.0,0.0,1.0,25,0,10
27,465,0.0,0.0,0.0,1.0,25,0,10
27,466,0.0,0.0,0.0,1.0,25,0,10
27,467,0.0,0.0,0.0,1.0,25,0,10
27,468,0.0,0.0,0.0,1.0,25,0,10
27,469,0.0,0.0,0.0,1.0,25,0,10
27,470,0.0,0.0,0.0,1.0,25,0,10
27,471,0.0,0.0,0.0,1.0,25,0,10
27,472,0.0,0.0,0.0,1.0,25,0,10
27,473,0.0,0.0,0.0,1.0,25,0,10
27,474,0.0,0.0,0.0,1.0,25,0,10
27,475,0.0,0.0,0.0,1.0,25,0,10
27,476,0.0,0.0,0.0,1.0,25,0,10
27,477,0.0,0.0,0.0,1.0,25,0,10
27,478,0.0,0.0,0.0,1.0,25,0,10
27,479,0.0,0.0,0.0,1.0,25,0,10
27,480,0.0,0.0,0.0,1.0,25,0,10
27,481,0.0,0.0,0.0,1.0,25,0,10
27,482,0.0,0.0,0.0,1.0,25,0,10
27,483,0.0,0.0,0.0,1.0,25,0,10
27,484,0.0,0.0,0.0,1.0,25,0,10
27,485,0.0,0.0,0.0,1.0,25,0,10
27,486,0.0,0.0,0.0,1.0,25,0,10
27,487,0.0,0.0,0.0,1.0,25,0,10
27,488,0.0,0.0,0.0,1.0,25,0,10
27,489,0.0,0.0,0.0,1.0,25,0,10
27,490,0.0,0.0,0.0,1.0,25,0,10
27,491,0.0,0.0,0.0,1.0,25,0,10
27,492,0.0,0.0,0.0,1.0,25,0,10
27,493,0.0,0.0,0.0,1.0,25,0,10
27,494,0.0,0.0,0.0,1.0,25,0,10
27,495,0.0,0.0,0.0,1.0,25,0,10
27,496,0.0,0.0,0.0,1.0,25,0,10
27,497,0.0,0.0,0.0,1.0,25,0,10
27,498,0.0,0.0,0.0,1.0,25,0,10
27,499,0.0,0.0,0.0,1.0,25,0,10
27,500,0.0,0.0,0.0,1.0,25,0,10
27,501,0.0,0.0,0.0,1.0,25,0,10
27,502,0.0,0.0,0.0,1.0,25,0,10
27,503,0.0,0.0,0.0,1.0,25,0,10
27,504,0.0,0.0,0.0,1.0,25,0,10
27,505,0.0,0.0,0.0,1.0,25,0,10
27,506,0.0,0.0,0.0,1.0,25,0,10
27,507,0.0,0.0,0.0,1.0,25,0,10
27,508,0.0,0.0,0.0,1.0,25,0,10
27,509,0.0,0.0,0.0,1.0,25,0,10
27,510,0.0,0.0,0.0,1.0,25,0,10
27,511,0.0,0.0,0.0,1.0,25,0,10
27,512,0.0,0.0,0.0,1.0,25,0,10
27,513,0.0,0.0,0.0,1.0,25,0,10
27,514,0.0,0.0,0.0,1.0,25,0,10
27,515,0.0,0.0,0.0,1.0,25,0,10
27,516,0.0,0.0,0.0,1.0,25,0,10
27,517,0.0,0.0,0.0,1.0,25,0,10
27,518,0.0,0.0,0.0,1.0,25,0,10
27,519,0.0,0.0,0.0,1.0,25,0,10
27,520,0.0,0.0,0.0,1.0,25,0,10
27,521,0.0,0.0,0.0,1.0,25,0,10
27,522,0.0,0.0,0.0,1.0,25,0,10
27,523,0.0,0.0,0.0,1.0,25,0,10
27,524,0.0,0.0,0.0,1.0,25,0,10
27,525,0.0,0.0,0.0,1.0,25,0,10
27,526,0.0,0.0,0.0,1.0,25,0,10
27,527,0.0,0.0,0.0,1.0,25,0,10
27,528,0.0,0.0,0.0,1.0,25,0,10
27,529,0.0,0.0,0.0,1.0,25,0,10
27,530,0.0,0.0,0.0,1.0,25,0,10
27,531,0.0,0.0,0.0,1.0,25,0,10
27,532,0.0,0.0,0.0,1.0,25,0,10
27,533,0.0,0.0,0.0,1.0,25,0,10
27,534,0.0,0.0,0.0,1.0,25,0,10
27,535,0.0,0.0,0.0,1.0,25,0,10
27,536,0.0,0.0,0.0,1.0,25,0,10
27,537,0.0,0.0,0.0,1.0,25,0,10
27,538,0.0,0.0,0.0,1.0,25,0,10
27,539,0.0,0.0,0.0,1.0,25,0,10
27,540,0.0,0.0,0.0,1.0,25,0,10
27,541,0.0,0.0,0.0,1.0,25,0,10
27,542,0.0,0.0,0.0,1.0,25,0,10
27,543,0.0,0.0,0.0,1.0,25,0,10
27,544,0.0,0.0,0.0,1.0,25,0,10
27,545,0.0,0.0,0.0,1.0,25,0,10
27,546,0.0,0.0,0.0,1.0,25,0,10
27,547,0.0,0.0,0.0,1.0,25,0,10
27,548,0.0,0.0,0.0,1.0,25,0,10
27,549,0.0,0.0,0.0,1.0,25,0,10
27,550,0.0,0.0,0.0,1.0,25,0,10
27,551,0.0,0.0,0.0,1.0,25,0,10
27,552,0.0,0.0,0.0,1.0,25,0,10
27,553,0.0,0.0,0.0,1.0,25,0,10
27,554,0.0,0.0,0.0,1.0,25,0,10
27,555,0.0,0.0,0.0,1.0,25,0,10
27,556,0.0,0.0,0.0,1.0,25,0,10
27,557,0.0,0.0,0.0,1.0,25,0,10
27,558,0.0,0.0,0.0,1.0,25,0,10
27,559,0.0,0.0,0.0,1.0,25,0,10
27,560,0.0,0.0,0.0,1.0,25,0,10
27,561,0.0,0.0,0.0,1.0,25,0,10
27,562,0.0,0.0,0.0,1.0,25,0,10
27,563,0.0,0.0,0.0,1.0,25,0,10
27,564,0.0,0.0,0.0,1.0,25,0,10
27,565,0.0,0.0,0.0,1.0,25,0,10
27,566,0.0,0.0,0.0,1.0,25,0,10
27,567,0.0,0.0,0.0,1.0,25,0,10
27,568,0.0,0.0,0.0,1.0,25,0,10
27,569,0.0,0.0,0.0,1.0,25,0,10
27,570,0.0,0.0,0.0,1.0,25,0,10
27,571,0.0,0.0,0.0,1.0,25,0,10
27,572,0.0,0.0,0.0,1.0,25,0,10
27,573,0.0,0.0,0.0,1.0,25,0,10
27,574,0.0,0.0,0.0,1.0,25,0,10
27,575,0.0,0.0,0.0,1.0,25,0,10
27,576,0.0,0.0,0.0,1.0,25,0,10
27,577,0.0,0.0,0.0,1.0,25,0,10
27,578,0.0,0.0,0.0,1.0,25,0,10
27,579,0.0,0.0,0.0,1.0,25,0,10
27,580,0.0,0.0,0.0,1.0,25,0,10
27,581,0.0,0.0,0.0,1.0,25,0,10
27,582,0.0,0.0,0.0,1.0,25,0,10
27,583,0.0,0.0,0.0,1.0,25,0,10
27,584,0.0,0.0,0.0,1.0,25,0,10
27,585,0.0,0.0,0.0,1.0,25,0,10
27,586,0.0,0.0,0.0,1.0,25,0,10
27,587,0.0,0.0,0.0,1.0,25,0,10
27,588,0.0,0.0,0.0,1.0,25,0,10
27,589,0.0,0.0,0.0,1.0,25,0,10
27,590,0.0,0.0,0.0,1.0,25,0,10
27,591,0.0,0.0,0.0,1.0,25,0,10
27,592,0.0,0.0,0.0,1.0,25,0,10
27,593,0.0,0.0,0.0,1.0,25,0,10
27,594,0.0,0.0,0.0,1.0,25,0,10
27,595,0.0,0.0,0.0,1.0,25,0,10
27,596,0.0,0.0,0.0,1.0,25,0,10
27,597,0.0,0.0,0.0,1.0,25,0,10
27,598,0.0,0.0,0.0,1.0,25,0,10
27,599,0.0,0.0,0.0,1.0,25,0,10
27,600,0.0,0.0,0.0,1.0,25,0,10
27,601,0.0,0.0,0.0,1.0,25,0,10
27,602,0.0,0.0,0.0,1.0,25,0,10
27,603,0.0,0.0,0.0,1.0,25,0,10
27,604,0.0,0.0,0.0,1.0,25,0,10
27,605,0.0,0.0,0.0,1.0,25,0,10
27,606,0.0,0.0,0.0,1.0,25,0,10
27,607,0.0,0.0,0.0,1.0,25,0,10
27,608,0.0,0.0,0.0,1.0,25,0,10
27,609,0.0,0.0,0.0,1.0,25,0,10
27,610,0.0,0.0,0.0,1.0,25,0,10
27,611,0.0,0.0,0.0,1.0,25,0,10
27,612,0.0,0.0,0.0,1.0,25,0,10
27,613,0.0,0.0,0.0,1.0,25,0,10
27,614,0.0,0.0,0.0,1.0,25,0,10
27,615,0.0,0.0,0.0,1.0,25,0,10
27,616,0.0,0.0,0.0,1.0,25,0,10
27,617,0.0,0.0,0.0,1.0,25,0,10
27,618,0.0,0.0,0.0,1.0,25,0,10
27,619,0.0,0.0,0.0,1.0,25,0,10
27,620,0.0,0.0,0.0,1.0,25,0,10
27,621,0.0,0.0,0.0,1.0,25,0,10
27,622,0.0,0.0,0.0,1.0,25,0,10
27,623,0.0,0.0,0.0,1.0,25,0,10
27,624,0.0,0.0,0.0,1.0,25,0,10
27,625,0.0,0.0,0.0,1.0,25,0,10
27,626,0.0,0.0,0.0,1.0,25,0,10
27,627,0.0,0.0,0.0,1.0,25,0,10
27,628,0.0,0.0,0.0,1.0,25,0,10
27,629,0.0,0.0,0.0,1.0,25,0,10
27,630,0.0,0.0,0.0,1.0,25,0,10
27,631,0.0,0.0,0.0,1.0,25,0,10
27,632,0.0,0.0,0.0,1.0,25,0,10
27,633,0.0,0.0,0.0,1.0,25,0,10
27,634,0.0,0.0,0.0,1.0,25,0,10
27,635,0.0,0.0,0.0,1.0,25,0,10
27,636,0.0,0.0,0.0,1.0,25,0,10
27,637,0.0,0.0,0.0,1.0,25,0,10
27,638,0.0,0.0,0.0,1.0,25,0,10
27,639,0.0,0.0,0.0,1.0,25,0,10
27,640,0.0,0.0,0.0,1.0,25,0,10
27,641,0.0,0.0,0.0,1.0,25,0,10
27,642,0.0,0.0,0.0,1.0,25,0,10
27,643,0.0,0.0,0.0,1.0,25,0,10
27,644,0.0,0.0,0.0,1.0,25,0,10
27,645,0.0,0.0,0.0,1.0,25,0,10
27,646,0.0,0.0,0.0,1.0,25,0,10
27,647,0.0,0.0,0.0,1.0,25,0,10
27,648,0.0,0.0,0.0,1.0,25,0,10
27,649,0.0,0.0,0.0,1.0,25,0,10
27,650,0.0,0.0,0.0,1.0,25,0,10
27,651,0.0,0.0,0.0,1.0,25,0,10
27,652,0.0,0.0,0.0,1.0,25,0,10
27,653,0.0,0.0,0.0,1.0,25,0,10
27,654,0.0,0.0,0.0,1.0,25,0,10
27,655,0.0,0.0,0.0,1.0,25,0,10
27,656,0.0,0.0,0.0,1.0,25,0,10
27,657,0.0,0.0,0.0,1.0,25,0,10
27,658,0.0,0.0,0.0,1.0,25,0,10
27,659,0.0,0.0,0.0,1.0,25,0,10
27,660,0.0,0.0,0.0,1.0,25,0,10
27,661,0.0,0.0,0.0,1.0,25,0,10
27,662,0.0,0.0,0.0,1.0,25,0,10
27,663,0.0,0.0,0.0,1.0,25,0,10
27,664,0.0,0.0,0.0,1.0,25,0,10
27,665,0.0,0.0,0.0,1.0,25,0,10
27,666,0.0,0.0,0.0,1.0,25,0,10
27,667,0.0,0.0,0.0,1.0,25,0,10
27,668,0.0,0.0,0.0,1.0,25,0,10
27,669,0.0,0.0,0.0,1.0,25,0,10
27,670,0.0,0.0,0.0,1.0,25,0,10
27,671,0.0,0.0,0.0,1.0,25,0,10
27,672,0.0,0.0,0.0,1.0,25,0,10
27,673,0.0,0.0,0.0,1.0,25,0,10
27,674,0.0,0.0,0.0,1.0,25,0,10
27,675,0.0,0.0,0.0,1.0,25,0,10
27,676,0.0,0.0,0.0,1.0,25,0,10
27,677,0.0,0.0,0.0,1.0,25,0,10
27,678,0.0,0.0,0.0,1.0,25,0,10
27,679,0.0,0.0,0.0,1.0,25,0,10
27,680,0.0,0.0,0.0,1.0,25,0,10
27,681,0.0,0.0,0.0,1.0,25,0,10
27,682,0.0,0.0,0.0,1.0,25,0,10
27,683,0.0,0.0,0.0,1.0,25,0,10
27,684,0.0,0.0,0.0,1.0,25,0,10
27,685,0.0,0.0,0.0,1.0,25,0,10
27,686,0.0,0.0,0.0,1.0,25,0,10
27,687,0.0,0.0,0.0,1.0,25,0,10
27,688,0.0,0.0,0.0,1.0,25,0,10
27,689,0.0,0.0,0.0,1.0,25,0,10
27,690,0.0,0.0,0.0,1.0,25,0,10
27,691,0.0,0.0,0.0,1.0,25,0,10
27,692,0.0,0.0,0.0,1.0,25,0,10
27,693,0.0,0.0,0.0,1.0,25,0,10
27,694,0.0,0.0,0.0,1.0,25,0,10
27,695,0.0,0.0,0.0,1.0,25,0,10
27,696,0.0,0.0,0.0,1.0,25,0,10
27,697,0.0,0.0,0.0,1.0,25,0,10
27,698,0.0,0.0,0.0,1.0,25,0,10
27,699,0.0,0.0,0.0,1.0,25,0,10
27,700,0.0,0.0,0.0,1.0,25,0,10
27,701,0.0,0.0,0.0,1.0,25,0,10
27,702,0.0,0.0,0.0,1.0,25,0,10
27,703,0.0,0.0,0.0,1.0,25,0,10
27,704,0.0,0.0,0.0,1.0,25,0,10
27,705,0.0,0.0,0.0,1.0,25,0,10
27,706,0.0,0.0,0.0,1.0,25,0,10
27,707,0.0,0.0,0.0,1.0,25,0,10
27,708,0.0,0.0,0.0,1.0,25,0,10
27,709,0.0,0.0,0.0,1.0,25,0,10
27,710,0.0,0.0,0.0,1.0,25,0,10
27,711,0.0,0.0,0.0,1.0,25,0,10
27,712,0.0,0.0,0.0,1.0,25,0,10
27,713,0.0,0.0,0.0,1.0,25,0,10
27,714,0.0,0.0,0.0,1.0,25,0,10
27,715,0.0,0.0,0.0,1.0,25,0,10
27,716,0.0,0.0,0.0,1.0,25,0,10
27,717,0.0,0.0,0.0,1.0,25,0,10
27,718,0.0,0.0,0.0,1.0,25,0,10
27,719,0.0,0.0,0.0,1.0,25,0,10
27,720,0.0,0.0,0.0,1.0,25,0,10
27,721,0.0,0.0,0.0,1.0,25,0,10
27,722,0.0,0.0,0.0,1.0,25,0,10
27,723,0.0,0.0,0.0,1.0,25,0,10
27,724,0.0,0.0,0.0,1.0,25,0,10
27,725,0.0,0.0,0.0,1.0,25,0,10
27,726,0.0,0.0,0.0,1.0,25,0,10
27,727,0.0,0.0,0.0,1.0,25,0,10
27,728,0.0,0.0,0.0,1.0,25,0,10
27,729,0.0,0.0,0.0,1.0,25,0,10
27,730,0.0,0.0,0.0,1.0,25,0,10
27,731,0.0,0.0,0.0,1.0,25,0,10
27,732,0.0,0.0,0.0,1.0,25,0,10
27,733,0.0,0.0,0.0,1.0,25,0,10
27,734,0.0,0.0,0.0,1.0,25,0,10
27,735,0.0,0.0,0.0,1.0,25,0,10
27,736,0.0,0.0,0.0,1.0,25,0,10
27,737,0.0,0.0,0.0,1.0,25,0,10
27,738,0.0,0.0,0.0,1.0,25,0,10
27,739,0.0,0.0,0.0,1.0,25,0,10
27,740,0.0,0.0,0.0,1.0,25,0,10
27,741,0.0,0.0,0.0,1.0,25,0,10
27,742,0.0,0.0,0.0,1.0,25,0,10
27,743,0.0,0.0,0.0,1.0,25,0,10
27,744,0.0,0.0,0.0,1.0,25,0,10
27,745,0.0,0.0,0.0,1.0,25,0,10
27,746,0.0,0.0,0.0,1.0,25,0,10
27,747,0.0,0.0,0.0,1.0,25,0,10
27,748,0.0,0.0,0.0,1.0,25,0,10
27,749,0.0,0.0,0.0,1.0,25,0,10
27,750,0.0,0.0,0.0,1.0,25,0,10
27,751,0.0,0.0,0.0,1.0,25,0,10
27,752,0.0,0.0,0.0,1.0,25,0,10
27,753,0.0,0.0,0.0,1.0,25,0,10
27,754,0.0,0.0,0.0,1.0,25,0,10
27,755,0.0,0.0,0.0,1.0,25,0,10
27,756,0.0,0.0,0.0,1.0,25,0,10
27,757,0.0,0.0,0.0,1.0,25,0,10
27,758,0.0,0.0,0.0,1.0,25,0,10
27,759,0.0,0.0,0.0,1.0,25,0,10
27,760,0.0,0.0,0.0,1.0,25,0,10
27,761,0.0,0.0,0.0,1.0,25,0,10
27,762,0.0,0.0,0.0,1.0,25,0,10
27,763,0.0,0.0,0.0,1.0,25,0,10
27,764,0.0,0.0,0.0,1.0,25,0,10
27,765,0.0,0.0,0.0,1.0,25,0,10
27,766,0.0,0.0,0.0,1.0,25,0,10
27,767,0.0,0.0,0.0,1.0,25,0,10
27,768,0.0,0.0,0.0,1.0,25,0,10
27,769,0.0,0.0,0.0,1.0,25,0,10
27,770,0.0,0.0,0.0,1.0,25,0,10
27,771,0.0,0.0,0.0,1.0,25,0,10
27,772,0.0,0.0,0.0,1.0,25,0,10
27,773,0.0,0.0,0.0,1.0,25,0,10
27,774,0.0,0.0,0.0,1.0,25,0,10
27,775,0.0,0.0,0.0,1.0,25,0,10
27,776,0.0,0.0,0.0,1.0,25,0,10
27,777,0.0,0.0,0.0,1.0,25,0,10
27,778,0.0,0.0,0.0,1.0,25,0,10
27,779,0.0,0.0,0.0,1.0,25,0,10
27,780,0.0,0.0,0.0,1.0,25,0,10
27,781,0.0,0.0,0.0,1.0,25,0,10
27,782,0.0,0.0,0.0,1.0,25,0,10
27,783,0.0,0.0,0.0,1.0,25,0,10
27,784,0.0,0.0,0.0,1.0,25,0,10
27,785,0.0,0.0,0.0,1.0,25,0,10
27,786,0.0,0.0,0.0,1.0,25,0,10
27,787,0.0,0.0,0.0,1.0,25,0,10
27,788,0.0,0.0,0.0,1.0,25,0,10
27,789,0.0,0.0,0.0,1.0,25,0,10
27,790,0.0,0.0,0.0,1.0,25,0,10
27,791,0.0,0.0,0.0,1.0,25,0,10
27,792,0.0,0.0,0.0,1.0,25,0,10
27,793,0.0,0.0,0.0,1.0,25,0,10
27,794,0.0,0.0,0.0,1.0,25,0,10
27,795,0.0,0.0,0.0,1.0,25,0,10
27,796,0.0,0.0,0.0,1.0,25,0,10
27,797,0.0,0.0,0.0,1.0,25,0,10
27,798,0.0,0.0,0.0,1.0,25,0,10
27,799,0.0,0.0,0.0,1.0,25,0,10
27,800,0.0,0.0,0.0,1.0,25,0,10
27,801,0.0,0.0,0.0,1.0,25,0,10
27,802,0.0,0.0,0.0,1.0,25,0,10
27,803,0.0,0.0,0.0,1.0,25,0,10
27,804,0.0,0.0,0.0,1.0,25,0,10
27,805,0.0,0.0,0.0,1.0,25,0,10
27,806,0.0,0.0,0.0,1.0,25,0,10
27,807,0.0,0.0,0.0,1.0,25,0,10
27,808,0.0,0.0,0.0,1.0,25,0,10
27,809,0.0,0.0,0.0,1.0,25,0,10
27,810,0.0,0.0,0.0,1.0,25,0,10
27,811,0.0,0.0,0.0,1.0,25,0,10
27,812,0.0,0.0,0.0,1.0,25,0,10
27,813,0.0,0.0,0.0,1.0,25,0,10
27,814,0.0,0.0,0.0,1.0,25,0,10
27,815,0.0,0.0,0.0,1.0,25,0,10
27,816,0.0,0.0,0.0,1.0,25,0,10
27,817,0.0,0.0,0.0,1.0,25,0,10
27,818,0.0,0.0,0.0,1.0,25,0,10
27,819,0.0,0.0,0.0,1.0,25,0,10
27,820,0.0,0.0,0.0,1.0,25,0,10
27,821,0.0,0.0,0.0,1.0,25,0,10
27,822,0.0,0.0,0.0,1.0,25,0,10
27,823,0.0,0.0,0.0,1.0,25,0,10
27,824,0.0,0.0,0.0,1.0,25,0,10
27,825,0.0,0.0,0.0,1.0,25,0,10
27,826,0.0,0.0,0.0,1.0,25,0,10
27,827,0.0,0.0,0.0,1.0,25,0,10
27,828,0.0,0.0,0.0,1.0,25,0,10
27,829,0.0,0.0,0.0,1.0,25,0,10
27,830,0.0,0.0,0.0,1.0,25,0,10
27,831,0.0,0.0,0.0,1.0,25,0,10
27,832,0.0,0.0,0.0,1.0,25,0,10
27,833,0.0,0.0,0.0,1.0,25,0,10
27,834,0.0,0.0,0.0,1.0,25,0,10
27,835,0.0,0.0,0.0,1.0,25,0,10
27,836,0.0,0.0,0.0,1.0,25,0,10
27,837,0.0,0.0,0.0,1.0,25,0,10
27,838,0.0,0.0,0.0,1.0,25,0,10
27,839,0.0,0.0,0.0,1.0,25,0,10
27,840,0.0,0.0,0.0,1.0,25,0,10
27,841,0.0,0.0,0.0,1.0,25,0,10
27,842,0.0,0.0,0.0,1.0,25,0,10
27,843,0.0,0.0,0.0,1.0,25,0,10
27,844,0.0,0.0,0.0,1.0,25,0,10
27,845,0.0,0.0,0.0,1.0,25,0,10
27,846,0.0,0.0,0.0,1.0,25,0,10
27,847,0.0,0.0,0.0,1.0,25,0,10
27,848,0.0,0.0,0.0,1.0,25,0,10
27,849,0.0,0.0,0.0,1.0,25,0,10
27,850,0.0,0.0,0.0,1.0,25,0,10
27,851,0.0,0.0,0.0,1.0,25,0,10
27,852,0.0,0.0,0.0,1.0,25,0,10
27,853,0.0,0.0,0.0,1.0,25,0,10
27,854,0.0,0.0,0.0,1.0,25,0,10
27,855,0.0,0.0,0.0,1.0,25,0,10
27,856,0.0,0.0,0.0,1.0,25,0,10
27,857,0.0,0.0,0.0,1.0,25,0,10
27,858,0.0,0.0,0.0,1.0,25,0,10
27,859,0.0,0.0,0.0,1.0,25,0,10
27,860,0.0,0.0,0.0,1.0,25,0,10
27,861,0.0,0.0,0.0,1.0,25,0,10
27,862,0.0,0.0,0.0,1.0,25,0,10
27,863,0.0,0.0,0.0,1.0,25,0,10
27,864,0.0,0.0,0.0,1.0,25,0,10
27,865,0.0,0.0,0.0,1.0,25,0,10
27,866,0.0,0.0,0.0,1.0,25,0,10
27,867,0.0,0.0,0.0,1.0,25,0,10
27,868,0.0,0.0,0.0,1.0,25,0,10
27,869,0.0,0.0,0.0,1.0,25,0,10
27,870,0.0,0.0,0.0,1.0,25,0,10
27,871,0.0,0.0,0.0,1.0,25,0,10
27,872,0.0,0.0,0.0,1.0,25,0,10
27,873,0.0,0.0,0.0,1.0,25,0,10
27,874,0.0,0.0,0.0,1.0,25,0,10
27,875,0.0,0.0,0.0,1.0,25,0,10
27,876,0.0,0.0,0.0,1.0,25,0,10
27,877,0.0,0.0,0.0,1.0,25,0,10
27,878,0.0,0.0,0.0,1.0,25,0,10
27,879,0.0,0.0,0.0,1.0,25,0,10
27,880,0.0,0.0,0.0,1.0,25,0,10
27,881,0.0,0.0,0.0,1.0,25,0,10
27,882,0.0,0.0,0.0,1.0,25,0,10
27,883,0.0,0.0,0.0,1.0,25,0,10
27,884,0.0,0.0,0.0,1.0,25,0,10
27,885,0.0,0.0,0.0,1.0,25,0,10
27,886,0.0,0.0,0.0,1.0,25,0,10
27,887,0.0,0.0,0.0,1.0,25,0,10
27,888,0.0,0.0,0.0,1.0,25,0,10
27,889,0.0,0.0,0.0,1.0,25,0,10
27,890,0.0,0.0,0.0,1.0,25,0,10
27,891,0.0,0.0,0.0,1.0,25,0,10
27,892,0.0,0.0,0.0,1.0,25,0,10
27,893,0.0,0.0,0.0,1.0,25,0,10
27,894,0.0,0.0,0.0,1.0,25,0,10
27,895,0.0,0.0,0.0,1.0,25,0,10
27,896,0.0,0.0,0.0,1.0,25,0,10
27,897,0.0,0.0,0.0,1.0,25,0,10
27,898,0.0,0.0,0.0,1.0,25,0,10
27,899,0.0,0.0,0.0,1.0,25,0,10
27,900,0.0,0.0,0.0,1.0,25,0,10
27,901,0.0,0.0,0.0,1.0,25,0,10
27,902,0.0,0.0,0.0,1.0,25,0,10
27,903,0.0,0.0,0.0,1.0,25,0,10
27,904,0.0,0.0,0.0,1.0,25,0,10
27,905,0.0,0.0,0.0,1.0,25,0,10
27,906,0.0,0.0,0.0,1.0,25,0,10
27,907,0.0,0.0,0.0,1.0,25,0,10
27,908,0.0,0.0,0.0,1.0,25,0,10
27,909,0.0,0.0,0.0,1.0,25,0,10
27,910,0.0,0.0,0.0,1.0,25,0,10
27,911,0.0,0.0,0.0,1.0,25,0,10
27,912,0.0,0.0,0.0,1.0,25,0,10
27,913,0.0,0.0,0.0,1.0,25,0,10
27,914,0.0,0.0,0.0,1.0,25,0,10
27,915,0.0,0.0,0.0,1.0,25,0,10
27,916,0.0,0.0,0.0,1.0,25,0,10
27,917,0.0,0.0,0.0,1.0,25,0,10
27,918,0.0,0.0,0.0,1.0,25,0,10
27,919,0.0,0.0,0.0,1.0,25,0,10
27,920,0.0,0.0,0.0,1.0,25,0,10
27,921,0.0,0.0,0.0,1.0,25,0,10
27,922,0.0,0.0,0.0,1.0,25,0,10
27,923,0.0,0.0,0.0,1.0,25,0,10
27,924,0.0,0.0,0.0,1.0,25,0,10
27,925,0.0,0.0,0.0,1.0,25,0,10
27,926,0.0,0.0,0.0,1.0,25,0,10
27,927,0.0,0.0,0.0,1.0,25,0,10
27,928,0.0,0.0,0.0,1.0,25,0,10
27,929,0.0,0.0,0.0,1.0,25,0,10
27,930,0.0,0.0,0.0,1.0,25,0,10
27,931,0.0,0.0,0.0,1.0,25,0,10
27,932,0.0,0.0,0.0,1.0,25,0,10
27,933,0.0,0.0,0.0,1.0,25,0,10
27,934,0.0,0.0,0.0,1.0,25,0,10
27,935,0.0,0.0,0.0,1.0,25,0,10
27,936,0.0,0.0,0.0,1.0,25,0,10
27,937,0.0,0.0,0.0,1.0,25,0,10
27,938,0.0,0.0,0.0,1.0,25,0,10
27,939,0.0,0.0,0.0,1.0,25,0,10
27,940,0.0,0.0,0.0,1.0,25,0,10
27,941,0.0,0.0,0.0,1.0,25,0,10
27,942,0.0,0.0,0.0,1.0,25,0,10
27,943,0.0,0.0,0.0,1.0,25,0,10
27,944,0.0,0.0,0.0,1.0,25,0,10
27,945,0.0,0.0,0.0,1.0,25,0,10
27,946,0.0,0.0,0.0,1.0,25,0,10
27,947,0.0,0.0,0.0,1.0,25,0,10
27,948,0.0,0.0,0.0,1.0,25,0,10
27,949,0.0,0.0,0.0,1.0,25,0,10
27,950,0.0,0.0,0.0,1.0,25,0,10
27,951,0.0,0.0,0.0,1.0,25,0,10
27,952,0.0,0.0,0.0,1.0,25,0,10
27,953,0.0,0.0,0.0,1.0,25,0,10
27,954,0.0,0.0,0.0,1.0,25,0,10
27,955,0.0,0.0,0.0,1.0,25,0,10
27,956,0.0,0.0,0.0,1.0,25,0,10
27,957,0.0,0.0,0.0,1.0,25,0,10
27,958,0.0,0.0,0.0,1.0,25,0,10
27,959,0.0,0.0,0.0,1.0,25,0,10
27,960,0.0,0.0,0.0,1.0,25,0,10
27,961,0.0,0.0,0.0,1.0,25,0,10
27,962,0.0,0.0,0.0,1.0,25,0,10
27,963,0.0,0.0,0.0,1.0,25,0,10
27,964,0.0,0.0,0.0,1.0,25,0,10
27,965,0.0,0.0,0.0,1.0,25,0,10
27,966,0.0,0.0,0.0,1.0,25,0,10
27,967,0.0,0.0,0.0,1.0,25,0,10
27,968,0.0,0.0,0.0,1.0,25,0,10
27,969,0.0,0.0,0.0,1.0,25,0,10
27,970,0.0,0.0,0.0,1.0,25,0,10
27,971,0.0,0.0,0.0,1.0,25,0,10
27,972,0.0,0.0,0.0,1.0,25,0,10
27,973,0.0,0.0,0.0,1.0,25,0,10
27,974,0.0,0.0,0.0,1.0,25,0,10
27,975,0.0,0.0,0.0,1.0,25,0,10
27,976,0.0,0.0,0.0,1.0,25,0,10
27,977,0.0,0.0,0.0,1.0,25,0,10
27,978,0.0,0.0,0.0,1.0,25,0,10
27,979,0.0,0.0,0.0,1.0,25,0,10
27,980,0.0,0.0,0.0,1.0,25,0,10
27,981,0.0,0.0,0.0,1.0,25,0,10
27,982,0.0,0.0,0.0,1.0,25,0,10
27,983,0.0,0.0,0.0,1.0,25,0,10
27,984,0.0,0.0,0.0,1.0,25,0,10
27,985,0.0,0.0,0.0,1.0,25,0,10
27,986,0.0,0.0,0.0,1.0,25,0,10
27,987,0.0,0.0,0.0,1.0,25,0,10
27,988,0.0,0.0,0.0,1.0,25,0,10
27,989,0.0,0.0,0.0,1.0,25,0,10
27,990,0.0,0.0,0.0,1.0,25,0,10
27,991,0.0,0.0,0.0,1.0,25,0,10
27,992,0.0,0.0,0.0,1.0,25,0,10
27,993,0.0,0.0,0.0,1.0,25,0,10
27,994,0.0,0.0,0.0,1.0,25,0,10
27,995,0.0,0.0,0.0,1.0,25,0,10
27,996,0.0,0.0,0.0,1.0,25,0,10
27,997,0.0,0.0,0.0,1.0,25,0,10
27,998,0.0,0.0,0.0,1.0,25,0,10
27,999,0.0,0.0,0.0,1.0,25,0,10
27,1000,0.0,0.0,0.0,1.0,25,0,10
27,1001,0.0,0.0,0.0,1.0,25,0,10
27,1002,0.0,0.0,0.0,1.0,25,0,10
27,1003,0.0,0.0,0.0,1.0,25,0,10
27,1004,0.0,0.0,0.0,1.0,25,0,10
27,1005,0.0,0.0,0.0,1.0,25,0,10
27,1006,0.0,0.0,0.0,1.0,25,0,10
27,1007,0.0,0.0,0.0,1.0,25,0,10
27,1008,0.0,0.0,0.0,1.0,25,0,10
27,1009,0.0,0.0,0.0,1.0,25,0,10
27,1010,0.0,0.0,0.0,1.0,25,0,10
27,1011,0.0,0.0,0.0,1.0,25,0,10
27,1012,0.0,0.0,0.0,1.0,25,0,10
27,1013,0.0,0.0,0.0,1.0,25,0,10
27,1014,0.0,0.0,0.0,1.0,25,0,10
27,1015,0.0,0.0,0.0,1.0,25,0,10
27,1016,0.0,0.0,0.0,1.0,25,0,10
27,1017,0.0,0.0,0.0,1.0,25,0,10
27,1018,0.0,0.0,0.0,1.0,25,0,10
27,1019,0.0,0.0,0.0,1.0,25,0,10
27,1020,0.0,0.0,0.0,1.0,25,0,10
27,1021,0.0,0.0,0.0,1.0,25,0,10
27,1022,0.0,0.0,0.0,1.0,25,0,10
27,1023,0.0,0.0,0.0,1.0,25,0,10
27,1024,0.0,0.0,0.0,1.0,25,0,10
27,1025,0.0,0.0,0.0,1.0,25,0,10
27,1026,0.0,0.0,0.0,1.0,25,0,10
27,1027,0.0,0.0,0.0,1.0,25,0,10
27,1028,0.0,0.0,0.0,1.0,25,0,10
27,1029,0.0,0.0,0.0,1.0,25,0,10
27,1030,0.0,0.0,0.0,1.0,25,0,10
27,1031,0.0,0.0,0.0,1.0,25,0,10
27,1032,0.0,0.0,0.0,1.0,25,0,10
27,1033,0.0,0.0,0.0,1.0,25,0,10
27,1034,0.0,0.0,0.0,1.0,25,0,10
27,1035,0.0,0.0,0.0,1.0,25,0,10
27,1036,0.0,0.0,0.0,1.0,25,0,10
27,1037,0.0,0.0,0.0,1.0,25,0,10
27,1038,0.0,0.0,0.0,1.0,25,0,10
27,1039,0.0,0.0,0.0,1.0,25,0,10
27,1040,0.0,0.0,0.0,1.0,25,0,10
27,1041,0.0,0.0,0.0,1.0,25,0,10
27,1042,0.0,0.0,0.0,1.0,25,0,10
27,1043,0.0,0.0,0.0,1.0,25,0,10
27,1044,0.0,0.0,0.0,1.0,25,0,10
27,1045,0.0,0.0,0.0,1.0,25,0,10
27,1046,0.0,0.0,0.0,1.0,25,0,10
27,1047,0.0,0.0,0.0,1.0,25,0,10
27,1048,0.0,0.0,0.0,1.0,25,0,10
27,1049,0.0,0.0,0.0,1.0,25,0,10
27,1050,0.0,0.0,0.0,1.0,25,0,10
27,1051,0.0,0.0,0.0,1.0,25,0,10
27,1052,0.0,0.0,0.0,1.0,25,0,10
27,1053,0.0,0.0,0.0,1.0,25,0,10
27,1054,0.0,0.0,0.0,1.0,25,0,10
27,1055,0.0,0.0,0.0,1.0,25,0,10
27,1056,0.0,0.0,0.0,1.0,25,0,10
27,1057,0.0,0.0,0.0,1.0,25,0,10
27,1058,0.0,0.0,0.0,1.0,25,0,10
27,1059,0.0,0.0,0.0,1.0,25,0,10
27,1060,0.0,0.0,0.0,1.0,25,0,10
27,1061,0.0,0.0,0.0,1.0,25,0,10
27,1062,0.0,0.0,0.0,1.0,25,0,10
27,1063,0.0,0.0,0.0,1.0,25,0,10
27,1064,0.0,0.0,0.0,1.0,25,0,10
27,1065,0.0,0.0,0.0,1.0,25,0,10
27,1066,0.0,0.0,0.0,1.0,25,0,10
27,1067,0.0,0.0,0.0,1.0,25,0,10
27,1068,0.0,0.0,0.0,1.0,25,0,10
27,1069,0.0,0.0,0.0,1.0,25,0,10
27,1070,0.0,0.0,0.0,1.0,25,0,10
27,1071,0.0,0.0,0.0,1.0,25,0,10
27,1072,0.0,0.0,0.0,1.0,25,0,10
27,1073,0.0,0.0,0.0,1.0,25,0,10
27,1074,0.0,0.0,0.0,1.0,25,0,10
27,1075,0.0,0.0,0.0,1.0,25,0,10
27,1076,0.0,0.0,0.0,1.0,25,0,10
27,1077,0.0,0.0,0.0,1.0,25,0,10
27,1078,0.0,0.0,0.0,1.0,25,0,10
27,1079,0.0,0.0,0.0,1.0,25,0,10
27,1080,0.0,0.0,0.0,1.0,25,0,10
27,1081,0.0,0.0,0.0,1.0,25,0,10
27,1082,0.0,0.0,0.0,1.0,25,0,10
27,1083,0.0,0.0,0.0,1.0,25,0,10
27,1084,0.0,0.0,0.0,1.0,25,0,10
27,1085,0.0,0.0,0.0,1.0,25,0,10
27,1086,0.0,0.0,0.0,1.0,25,0,10
27,1087,0.0,0.0,0.0,1.0,25,0,10
27,1088,0.0,0.0,0.0,1.0,25,0,10
27,1089,0.0,0.0,0.0,1.0,25,0,10
27,1090,0.0,0.0,0.0,1.0,25,0,10
27,1091,0.0,0.0,0.0,1.0,25,0,10
27,1092,0.0,0.0,0.0,1.0,25,0,10
27,1093,0.0,0.0,0.0,1.0,25,0,10
27,1094,0.0,0.0,0.0,1.0,25,0,10
27,1095,0.0,0.0,0.0,1.0,25,0,10
27,1096,0.0,0.0,0.0,1.0,25,0,10
27,1097,0.0,0.0,0.0,1.0,25,0,10
27,1098,0.0,0.0,0.0,1.0,25,0,10
27,1099,0.0,0.0,0.0,1.0,25,0,10
27,1100,0.0,0.0,0.0,1.0,25,0,10
27,1101,0.0,0.0,0.0,1.0,25,0,10
27,1102,0.0,0.0,0.0,1.0,25,0,10
27,1103,0.0,0.0,0.0,1.0,25,0,10
27,1104,0.0,0.0,0.0,1.0,25,0,10
27,1105,0.0,0.0,0.0,1.0,25,0,10
27,1106,0.0,0.0,0.0,1.0,25,0,10
27,1107,0.0,0.0,0.0,1.0,25,0,10
27,1108,0.0,0.0,0.0,1.0,25,0,10
27,1109,0.0,0.0,0.0,1.0,25,0,10
27,1110,0.0,0.0,0.0,1.0,25,0,10
27,1111,0.0,0.0,0.0,1.0,25,0,10
27,1112,0.0,0.0,0.0,1.0,25,0,10
27,1113,0.0,0.0,0.0,1.0,25,0,10
27,1114,0.0,0.0,0.0,1.0,25,0,10
27,1115,0.0,0.0,0.0,1.0,25,0,10
27,1116,0.0,0.0,0.0,1.0,25,0,10
27,1117,0.0,0.0,0.0,1.0,25,0,10
27,1118,0.0,0.0,0.0,1.0,25,0,10
27,1119,0.0,0.0,0.0,1.0,25,0,10
27,1120,0.0,0.0,0.0,1.0,25,0,10
27,1121,0.0,0.0,0.0,1.0,25,0,10
27,1122,0.0,0.0,0.0,1.0,25,0,10
27,1123,0.0,0.0,0.0,1.0,25,0,10
27,1124,0.0,0.0,0.0,1.0,25,0,10
27,1125,0.0,0.0,0.0,1.0,25,0,10
27,1126,0.0,0.0,0.0,1.0,25,0,10
27,1127,0.0,0.0,0.0,1.0,25,0,10
27,1128,0.0,0.0,0.0,1.0,25,0,10
27,1129,0.0,0.0,0.0,1.0,25,0,10
27,1130,0.0,0.0,0.0,1.0,25,0,10
27,1131,0.0,0.0,0.0,1.0,25,0,10
27,1132,0.0,0.0,0.0,1.0,25,0,10
27,1133,0.0,0.0,0.0,1.0,25,0,10
27,1134,0.0,0.0,0.0,1.0,25,0,10
27,1135,0.0,0.0,0.0,1.0,25,0,10
27,1136,0.0,0.0,0.0,1.0,25,0,10
27,1137,0.0,0.0,0.0,1.0,25,0,10
27,1138,0.0,0.0,0.0,1.0,25,0,10
27,1139,0.0,0.0,0.0,1.0,25,0,10
27,1140,0.0,0.0,0.0,1.0,25,0,10
27,1141,0.0,0.0,0.0,1.0,25,0,10
27,1142,0.0,0.0,0.0,1.0,25,0,10
27,1143,0.0,0.0,0.0,1.0,25,0,10
27,1144,0.0,0.0,0.0,1.0,25,0,10
27,1145,0.0,0.0,0.0,1.0,25,0,10
27,1146,0.0,0.0,0.0,1.0,25,0,10
27,1147,0.0,0.0,0.0,1.0,25,0,10
27,1148,0.0,0.0,0.0,1.0,25,0,10
27,1149,0.0,0.0,0.0,1.0,25,0,10
27,1150,0.0,0.0,0.0,1.0,25,0,10
27,1151,0.0,0.0,0.0,1.0,25,0,10
27,1152,0.0,0.0,0.0,1.0,25,0,10
27,1153,0.0,0.0,0.0,1.0,25,0,10
27,1154,0.0,0.0,0.0,1.0,25,0,10
27,1155,0.0,0.0,0.0,1.0,25,0,10
27,1156,0.0,0.0,0.0,1.0,25,0,10
27,1157,0.0,0.0,0.0,1.0,25,0,10
27,1158,0.0,0.0,0.0,1.0,25,0,10
27,1159,0.0,0.0,0.0,1.0,25,0,10
27,1160,0.0,0.0,0.0,1.0,25,0,10
27,1161,0.0,0.0,0.0,1.0,25,0,10
27,1162,0.0,0.0,0.0,1.0,25,0,10
27,1163,0.0,0.0,0.0,1.0,25,0,10
27,1164,0.0,0.0,0.0,1.0,25,0,10
27,1165,0.0,0.0,0.0,1.0,25,0,10
27,1166,0.0,0.0,0.0,1.0,25,0,10
27,1167,0.0,0.0,0.0,1.0,25,0,10
27,1168,0.0,0.0,0.0,1.0,25,0,10
27,1169,0.0,0.0,0.0,1.0,25,0,10
27,1170,0.0,0.0,0.0,1.0,25,0,10
27,1171,0.0,0.0,0.0,1.0,25,0,10
27,1172,0.0,0.0,0.0,1.0,25,0,10
27,1173,0.0,0.0,0.0,1.0,25,0,10
27,1174,0.0,0.0,0.0,1.0,25,0,10
27,1175,0.0,0.0,0.0,1.0,25,0,10
27,1176,0.0,0.0,0.0,1.0,25,0,10
27,1177,0.0,0.0,0.0,1.0,25,0,10
27,1178,0.0,0.0,0.0,1.0,25,0,10
27,1179,0.0,0.0,0.0,1.0,25,0,10
27,1180,0.0,0.0,0.0,1.0,25,0,10
27,1181,0.0,0.0,0.0,1.0,25,0,10
27,1182,0.0,0.0,0.0,1.0,25,0,10
27,1183,0.0,0.0,0.0,1.0,25,0,10
27,1184,0.0,0.0,0.0,1.0,25,0,10
27,1185,0.0,0.0,0.0,1.0,25,0,10
27,1186,0.0,0.0,0.0,1.0,25,0,10
27,1187,0.0,0.0,0.0,1.0,25,0,10
27,1188,0.0,0.0,0.0,1.0,25,0,10
27,1189,0.0,0.0,0.0,1.0,25,0,10
27,1190,0.0,0.0,0.0,1.0,25,0,10
27,1191,0.0,0.0,0.0,1.0,25,0,10
27,1192,0.0,0.0,0.0,1.0,25,0,10
27,1193,0.0,0.0,0.0,1.0,25,0,10
27,1194,0.0,0.0,0.0,1.0,25,0,10
27,1195,0.0,0.0,0.0,1.0,25,0,10
27,1196,0.0,0.0,0.0,1.0,25,0,10
27,1197,0.0,0.0,0.0,1.0,25,0,10
27,1198,0.0,0.0,0.0,1.0,25,0,10
27,1199,0.0,0.0,0.0,1.0,25,0,10
27,1200,0.0,0.0,0.0,1.0,25,0,10
27,1201,0.0,0.0,0.0,1.0,25,0,10
27,1202,0.0,0.0,0.0,1.0,25,0,10
27,1203,0.0,0.0,0.0,1.0,25,0,10
27,1204,0.0,0.0,0.0,1.0,25,0,10
27,1205,0.0,0.0,0.0,1.0,25,0,10
27,1206,0.0,0.0,0.0,1.0,25,0,10
27,1207,0.0,0.0,0.0,1.0,25,0,10
27,1208,0.0,0.0,0.0,1.0,25,0,10
27,1209,0.0,0.0,0.0,1.0,25,0,10
27,1210,0.0,0.0,0.0,1.0,25,0,10
27,1211,0.0,0.0,0.0,1.0,25,0,10
27,1212,0.0,0.0,0.0,1.0,25,0,10
27,1213,0.0,0.0,0.0,1.0,25,0,10
27,1214,0.0,0.0,0.0,1.0,25,0,10
27,1215,0.0,0.0,0.0,1.0,25,0,10
27,1216,0.0,0.0,0.0,1.0,25,0,10
27,1217,0.0,0.0,0.0,1.0,25,0,10
27,1218,0.0,0.0,0.0,1.0,25,0,10
27,1219,0.0,0.0,0.0,1.0,25,0,10
27,1220,0.0,0.0,0.0,1.0,25,0,10
27,1221,0.0,0.0,0.0,1.0,25,0,10
27,1222,0.0,0.0,0.0,1.0,25,0,10
27,1223,0.0,0.0,0.0,1.0,25,0,10
27,1224,0.0,0.0,0.0,1.0,25,0,10
27,1225,0.0,0.0,0.0,1.0,25,0,10
27,1226,0.0,0.0,0.0,1.0,25,0,10
27,1227,0.0,0.0,0.0,1.0,25,0,10
27,1228,0.0,0.0,0.0,1.0,25,0,10
27,1229,0.0,0.0,0.0,1.0,25,0,10
27,1230,0.0,0.0,0.0,1.0,25,0,10
27,1231,0.0,0.0,0.0,1.0,25,0,10
27,1232,0.0,0.0,0.0,1.0,25,0,10
27,1233,0.0,0.0,0.0,1.0,25,0,10
27,1234,0.0,0.0,0.0,1.0,25,0,10
27,1235,0.0,0.0,0.0,1.0,25,0,10
27,1236,0.0,0.0,0.0,1.0,25,0,10
27,1237,0.0,0.0,0.0,1.0,25,0,10
27,1238,0.0,0.0,0.0,1.0,25,0,10
27,1239,0.0,0.0,0.0,1.0,25,0,10
27,1240,0.0,0.0,0.0,1.0,25,0,10
27,1241,0.0,0.0,0.0,1.0,25,0,10
27,1242,0.0,0.0,0.0,1.0,25,0,10
27,1243,0.0,0.0,0.0,1.0,25,0,10
27,1244,0.0,0.0,0.0,1.0,25,0,10
27,1245,0.0,0.0,0.0,1.0,25,0,10
27,1246,0.0,0.0,0.0,1.0,25,0,10
27,1247,0.0,0.0,0.0,1.0,25,0,10
27,1248,0.0,0.0,0.0,1.0,25,0,10
27,1249,0.0,0.0,0.0,1.0,25,0,10
27,1250,0.0,0.0,0.0,1.0,25,0,10
27,1251,0.0,0.0,0.0,1.0,25,0,10
27,1252,0.0,0.0,0.0,1.0,25,0,10
27,1253,0.0,0.0,0.0,1.0,25,0,10
27,1254,0.0,0.0,0.0,1.0,25,0,10
27,1255,0.0,0.0,0.0,1.0,25,0,10
27,1256,0.0,0.0,0.0,1.0,25,0,10
27,1257,0.0,0.0,0.0,1.0,25,0,10
27,1258,0.0,0.0,0.0,1.0,25,0,10
27,1259,0.0,0.0,0.0,1.0,25,0,10
27,1260,0.0,0.0,0.0,1.0,25,0,10
27,1261,0.0,0.0,0.0,1.0,25,0,10
27,1262,0.0,0.0,0.0,1.0,25,0,10
27,1263,0.0,0.0,0.0,1.0,25,0,10
27,1264,0.0,0.0,0.0,1.0,25,0,10
27,1265,0.0,0.0,0.0,1.0,25,0,10
27,1266,0.0,0.0,0.0,1.0,25,0,10
27,1267,0.0,0.0,0.0,1.0,25,0,10
27,1268,0.0,0.0,0.0,1.0,25,0,10
27,1269,0.0,0.0,0.0,1.0,25,0,10
27,1270,0.0,0.0,0.0,1.0,25,0,10
27,1271,0.0,0.0,0.0,1.0,25,0,10
27,1272,0.0,0.0,0.0,1.0,25,0,10
27,1273,0.0,0.0,0.0,1.0,25,0,10
27,1274,0.0,0.0,0.0,1.0,25,0,10
27,1275,0.0,0.0,0.0,1.0,25,0,10
27,1276,0.0,0.0,0.0,1.0,25,0,10
27,1277,0.0,0.0,0.0,1.0,25,0,10
27,1278,0.0,0.0,0.0,1.0,25,0,10
27,1279,0.0,0.0,0.0,1.0,25,0,10
27,1280,0.0,0.0,0.0,1.0,25,0,10
27,1281,0.0,0.0,0.0,1.0,25,0,10
27,1282,0.0,0.0,0.0,1.0,25,0,10
27,1283,0.0,0.0,0.0,1.0,25,0,10
27,1284,0.0,0.0,0.0,1.0,25,0,10
27,1285,0.0,0.0,0.0,1.0,25,0,10
27,1286,0.0,0.0,0.0,1.0,25,0,10
27,1287,0.0,0.0,0.0,1.0,25,0,10
27,1288,0.0,0.0,0.0,1.0,25,0,10
27,1289,0.0,0.0,0.0,1.0,25,0,10
27,1290,0.0,0.0,0.0,1.0,25,0,10
27,1291,0.0,0.0,0.0,1.0,25,0,10
27,1292,0.0,0.0,0.0,1.0,25,0,10
27,1293,0.0,0.0,0.0,1.0,25,0,10
27,1294,0.0,0.0,0.0,1.0,25,0,10
27,1295,0.0,0.0,0.0,1.0,25,0,10
27,1296,0.0,0.0,0.0,1.0,25,0,10
27,1297,0.0,0.0,0.0,1.0,25,0,10
27,1298,0.0,0.0,0.0,1.0,25,0,10
27,1299,0.0,0.0,0.0,1.0,25,0,10
27,1300,0.0,0.0,0.0,1.0,25,0,10
27,1301,0.0,0.0,0.0,1.0,25,0,10
27,1302,0.0,0.0,0.0,1.0,25,0,10
27,1303,0.0,0.0,0.0,1.0,25,0,10
27,1304,0.0,0.0,0.0,1.0,25,0,10
27,1305,0.0,0.0,0.0,1.0,25,0,10
27,1306,0.0,0.0,0.0,1.0,25,0,10
27,1307,0.0,0.0,0.0,1.0,25,0,10
27,1308,0.0,0.0,0.0,1.0,25,0,10
27,1309,0.0,0.0,0.0,1.0,25,0,10
27,1310,0.0,0.0,0.0,1.0,25,0,10
27,1311,0.0,0.0,0.0,1.0,25,0,10
27,1312,0.0,0.0,0.0,1.0,25,0,10
27,1313,0.0,0.0,0.0,1.0,25,0,10
27,1314,0.0,0.0,0.0,1.0,25,0,10
27,1315,0.0,0.0,0.0,1.0,25,0,10
27,1316,0.0,0.0,0.0,1.0,25,0,10
27,1317,0.0,0.0,0.0,1.0,25,0,10
27,1318,0.0,0.0,0.0,1.0,25,0,10
27,1319,0.0,0.0,0.0,1.0,25,0,10
27,1320,0.0,0.0,0.0,1.0,25,0,10
27,1321,0.0,0.0,0.0,1.0,25,0,10
27,1322,0.0,0.0,0.0,1.0,25,0,10
27,1323,0.0,0.0,0.0,1.0,25,0,10
27,1324,0.0,0.0,0.0,1.0,25,0,10
27,1325,0.0,0.0,0.0,1.0,25,0,10
27,1326,0.0,0.0,0.0,1.0,25,0,10
27,1327,0.0,0.0,0.0,1.0,25,0,10
27,1328,0.0,0.0,0.0,1.0,25,0,10
27,1329,0.0,0.0,0.0,1.0,25,0,10
27,1330,0.0,0.0,0.0,1.0,25,0,10
27,1331,0.0,0.0,0.0,1.0,25,0,10
27,1332,0.0,0.0,0.0,1.0,25,0,10
27,1333,0.0,0.0,0.0,1.0,25,0,10
27,1334,0.0,0.0,0.0,1.0,25,0,10
27,1335,0.0,0.0,0.0,1.0,25,0,10
27,1336,0.0,0.0,0.0,1.0,25,0,10
27,1337,0.0,0.0,0.0,1.0,25,0,10
27,1338,0.0,0.0,0.0,1.0,25,0,10
27,1339,0.0,0.0,0.0,1.0,25,0,10
27,1340,0.0,0.0,0.0,1.0,25,0,10
27,1341,0.0,0.0,0.0,1.0,25,0,10
27,1342,0.0,0.0,0.0,1.0,25,0,10
27,1343,0.0,0.0,0.0,1.0,25,0,10
27,1344,0.0,0.0,0.0,1.0,25,0,10
27,1345,0.0,0.0,0.0,1.0,25,0,10
27,1346,0.0,0.0,0.0,1.0,25,0,10
27,1347,0.0,0.0,0.0,1.0,25,0,10
27,1348,0.0,0.0,0.0,1.0,25,0,10
27,1349,0.0,0.0,0.0,1.0,25,0,10
27,1350,0.0,0.0,0.0,1.0,25,0,10
27,1351,0.0,0.0,0.0,1.0,25,0,10
27,1352,0.0,0.0,0.0,1.0,25,0,10
27,1353,0.0,0.0,0.0,1.0,25,0,10
27,1354,0.0,0.0,0.0,1.0,25,0,10
27,1355,0.0,0.0,0.0,1.0,25,0,10
27,1356,0.0,0.0,0.0,1.0,25,0,10
27,1357,0.0,0.0,0.0,1.0,25,0,10
27,1358,0.0,0.0,0.0,1.0,25,0,10
27,1359,0.0,0.0,0.0,1.0,25,0,10
27,1360,0.0,0.0,0.0,1.0,25,0,10
27,1361,0.0,0.0,0.0,1.0,25,0,10
27,1362,0.0,0.0,0.0,1.0,25,0,10
27,1363,0.0,0.0,0.0,1.0,25,0,10
27,1364,0.0,0.0,0.0,1.0,25,0,10
27,1365,0.0,0.0,0.0,1.0,25,0,10
27,1366,0.0,0.0,0.0,1.0,25,0,10
27,1367,0.0,0.0,0.0,1.0,25,0,10
27,1368,0.0,0.0,0.0,1.0,25,0,10
27,1369,0.0,0.0,0.0,1.0,25,0,10
27,1370,0.0,0.0,0.0,1.0,25,0,10
27,1371,0.0,0.0,0.0,1.0,25,0,10
27,1372,0.0,0.0,0.0,1.0,25,0,10
27,1373,0.0,0.0,0.0,1.0,25,0,10
27,1374,0.0,0.0,0.0,1.0,25,0,10
27,1375,0.0,0.0,0.0,1.0,25,0,10
27,1376,0.0,0.0,0.0,1.0,25,0,10
27,1377,0.0,0.0,0.0,1.0,25,0,10
27,1378,0.0,0.0,0.0,1.0,25,0,10
27,1379,0.0,0.0,0.0,1.0,25,0,10
27,1380,0.0,0.0,0.0,1.0,25,0,10
27,1381,0.0,0.0,0.0,1.0,25,0,10
27,1382,0.0,0.0,0.0,1.0,25,0,10
27,1383,0.0,0.0,0.0,1.0,25,0,10
27,1384,0.0,0.0,0.0,1.0,25,0,10
27,1385,0.0,0.0,0.0,1.0,25,0,10
27,1386,0.0,0.0,0.0,1.0,25,0,10
27,1387,0.0,0.0,0.0,1.0,25,0,10
27,1388,0.0,0.0,0.0,1.0,25,0,10
27,1389,0.0,0.0,0.0,1.0,25,0,10
27,1390,0.0,0.0,0.0,1.0,25,0,10
27,1391,0.0,0.0,0.0,1.0,25,0,10
27,1392,0.0,0.0,0.0,1.0,25,0,10
27,1393,0.0,0.0,0.0,1.0,25,0,10
27,1394,0.0,0.0,0.0,1.0,25,0,10
27,1395,0.0,0.0,0.0,1.0,25,0,10
27,1396,0.0,0.0,0.0,1.0,25,0,10
27,1397,0.0,0.0,0.0,1.0,25,0,10
27,1398,0.0,0.0,0.0,1.0,25,0,10
27,1399,0.0,0.0,0.0,1.0,25,0,10
27,1400,0.0,0.0,0.0,1.0,25,0,10
27,1401,0.0,0.0,0.0,1.0,25,0,10
27,1402,0.0,0.0,0.0,1.0,25,0,10
27,1403,0.0,0.0,0.0,1.0,25,0,10
27,1404,0.0,0.0,0.0,1.0,25,0,10
27,1405,0.0,0.0,0.0,1.0,25,0,10
27,1406,0.0,0.0,0.0,1.0,25,0,10
27,1407,0.0,0.0,0.0,1.0,25,0,10
27,1408,0.0,0.0,0.0,1.0,25,0,10
27,1409,0.0,0.0,0.0,1.0,25,0,10
27,1410,0.0,0.0,0.0,1.0,25,0,10
27,1411,0.0,0.0,0.0,1.0,25,0,10
27,1412,0.0,0.0,0.0,1.0,25,0,10
27,1413,0.0,0.0,0.0,1.0,25,0,10
27,1414,0.0,0.0,0.0,1.0,25,0,10
27,1415,0.0,0.0,0.0,1.0,25,0,10
27,1416,0.0,0.0,0.0,1.0,25,0,10
27,1417,0.0,0.0,0.0,1.0,25,0,10
27,1418,0.0,0.0,0.0,1.0,25,0,10
27,1419,0.0,0.0,0.0,1.0,25,0,10
27,1420,0.0,0.0,0.0,1.0,25,0,10
27,1421,0.0,0.0,0.0,1.0,25,0,10
27,1422,0.0,0.0,0.0,1.0,25,0,10
27,1423,0.0,0.0,0.0,1.0,25,0,10
27,1424,0.0,0.0,0.0,1.0,25,0,10
27,1425,0.0,0.0,0.0,1.0,25,0,10
27,1426,0.0,0.0,0.0,1.0,25,0,10
27,1427,0.0,0.0,0.0,1.0,25,0,10
27,1428,0.0,0.0,0.0,1.0,25,0,10
27,1429,0.0,0.0,0.0,1.0,25,0,10
27,1430,0.0,0.0,0.0,1.0,25,0,10
27,1431,0.0,0.0,0.0,1.0,25,0,10
27,1432,0.0,0.0,0.0,1.0,25,0,10
27,1433,0.0,0.0,0.0,1.0,25,0,10
27,1434,0.0,0.0,0.0,1.0,25,0,10
27,1435,0.0,0.0,0.0,1.0,25,0,10
27,1436,0.0,0.0,0.0,1.0,25,0,10
27,1437,0.0,0.0,0.0,1.0,25,0,10
27,1438,0.0,0.0,0.0,1.0,25,0,10
27,1439,0.0,0.0,0.0,1.0,25,0,10
27,1440,0.0,0.0,0.0,1.0,25,0,10
27,1441,0.0,0.0,0.0,1.0,25,0,10
27,1442,0.0,0.0,0.0,1.0,25,0,10
27,1443,0.0,0.0,0.0,1.0,25,0,10
27,1444,0.0,0.0,0.0,1.0,25,0,10
27,1445,0.0,0.0,0.0,1.0,25,0,10
27,1446,0.0,0.0,0.0,1.0,25,0,10
27,1447,0.0,0.0,0.0,1.0,25,0,10
27,1448,0.0,0.0,0.0,1.0,25,0,10
27,1449,0.0,0.0,0.0,1.0,25,0,10
27,1450,0.0,0.0,0.0,1.0,25,0,10
27,1451,0.0,0.0,0.0,1.0,25,0,10
27,1452,0.0,0.0,0.0,1.0,25,0,10
27,1453,0.0,0.0,0.0,1.0,25,0,10
27,1454,0.0,0.0,0.0,1.0,25,0,10
27,1455,0.0,0.0,0.0,1.0,25,0,10
27,1456,0.0,0.0,0.0,1.0,25,0,10
27,1457,0.0,0.0,0.0,1.0,25,0,10
27,1458,0.0,0.0,0.0,1.0,25,0,10
27,1459,0.0,0.0,0.0,1.0,25,0,10
27,1460,0.0,0.0,0.0,1.0,25,0,10
27,1461,0.0,0.0,0.0,1.0,25,0,10
27,1462,0.0,0.0,0.0,1.0,25,0,10
27,1463,0.0,0.0,0.0,1.0,25,0,10
27,1464,0.0,0.0,0.0,1.0,25,0,10
27,1465,0.0,0.0,0.0,1.0,25,0,10
27,1466,0.0,0.0,0.0,1.0,25,0,10
27,1467,0.0,0.0,0.0,1.0,25,0,10
27,1468,0.0,0.0,0.0,1.0,25,0,10
27,1469,0.0,0.0,0.0,1.0,25,0,10
27,1470,0.0,0.0,0.0,1.0,25,0,10
27,1471,0.0,0.0,0.0,1.0,25,0,10
27,1472,0.0,0.0,0.0,1.0,25,0,10
27,1473,0.0,0.0,0.0,1.0,25,0,10
27,1474,0.0,0.0,0.0,1.0,25,0,10
27,1475,0.0,0.0,0.0,1.0,25,0,10
27,1476,0.0,0.0,0.0,1.0,25,0,10
27,1477,0.0,0.0,0.0,1.0,25,0,10
27,1478,0.0,0.0,0.0,1.0,25,0,10
27,1479,0.0,0.0,0.0,1.0,25,0,10
27,1480,0.0,0.0,0.0,1.0,25,0,10
27,1481,0.0,0.0,0.0,1.0,25,0,10
27,1482,0.0,0.0,0.0,1.0,25,0,10
27,1483,0.0,0.0,0.0,1.0,25,0,10
27,1484,0.0,0.0,0.0,1.0,25,0,10
27,1485,0.0,0.0,0.0,1.0,25,0,10
27,1486,0.0,0.0,0.0,1.0,25,0,10
27,1487,0.0,0.0,0.0,1.0,25,0,10
27,1488,0.0,0.0,0.0,1.0,25,0,10
27,1489,0.0,0.0,0.0,1.0,25,0,10
27,1490,0.0,0.0,0.0,1.0,25,0,10
27,1491,0.0,0.0,0.0,1.0,25,0,10
27,1492,0.0,0.0,0.0,1.0,25,0,10
27,1493,0.0,0.0,0.0,1.0,25,0,10
27,1494,0.0,0.0,0.0,1.0,25,0,10
27,1495,0.0,0.0,0.0,1.0,25,0,10
27,1496,0.0,0.0,0.0,1.0,25,0,10
27,1497,0.0,0.0,0.0,1.0,25,0,10
27,1498,0.0,0.0,0.0,1.0,25,0,10
27,1499,0.0,0.0,0.0,1.0,25,0,10
27,1500,0.0,0.0,0.0,1.0,25,0,10
27,1501,0.0,0.0,0.0,1.0,25,0,10
27,1502,0.0,0.0,0.0,1.0,25,0,10
27,1503,0.0,0.0,0.0,1.0,25,0,10
27,1504,0.0,0.0,0.0,1.0,25,0,10
27,1505,0.0,0.0,0.0,1.0,25,0,10
27,1506,0.0,0.0,0.0,1.0,25,0,10
27,1507,0.0,0.0,0.0,1.0,25,0,10
27,1508,0.0,0.0,0.0,1.0,25,0,10
27,1509,0.0,0.0,0.0,1.0,25,0,10
27,1510,0.0,0.0,0.0,1.0,25,0,10
27,1511,0.0,0.0,0.0,1.0,25,0,10
27,1512,0.0,0.0,0.0,1.0,25,0,10
27,1513,0.0,0.0,0.0,1.0,25,0,10
27,1514,0.0,0.0,0.0,1.0,25,0,10
27,1515,0.0,0.0,0.0,1.0,25,0,10
27,1516,0.0,0.0,0.0,1.0,25,0,10
27,1517,0.0,0.0,0.0,1.0,25,0,10
27,1518,0.0,0.0,0.0,1.0,25,0,10
27,1519,0.0,0.0,0.0,1.0,25,0,10
27,1520,0.0,0.0,0.0,1.0,25,0,10
27,1521,0.0,0.0,0.0,1.0,25,0,10
27,1522,0.0,0.0,0.0,1.0,25,0,10
27,1523,0.0,0.0,0.0,1.0,25,0,10
27,1524,0.0,0.0,0.0,1.0,25,0,10
27,1525,0.0,0.0,0.0,1.0,25,0,10
27,1526,0.0,0.0,0.0,1.0,25,0,10
27,1527,0.0,0.0,0.0,1.0,25,0,10
27,1528,0.0,0.0,0.0,1.0,25,0,10
27,1529,0.0,0.0,0.0,1.0,25,0,10
27,1530,0.0,0.0,0.0,1.0,25,0,10
27,1531,0.0,0.0,0.0,1.0,25,0,10
27,1532,0.0,0.0,0.0,1.0,25,0,10
27,1533,0.0,0.0,0.0,1.0,25,0,10
27,1534,0.0,0.0,0.0,1.0,25,0,10
27,1535,0.0,0.0,0.0,1.0,25,0,10
27,1536,0.0,0.0,0.0,1.0,25,0,10
27,1537,0.0,0.0,0.0,1.0,25,0,10
27,1538,0.0,0.0,0.0,1.0,25,0,10
27,1539,0.0,0.0,0.0,1.0,25,0,10
27,1540,0.0,0.0,0.0,1.0,25,0,10
27,1541,0.0,0.0,0.0,1.0,25,0,10
27,1542,0.0,0.0,0.0,1.0,25,0,10
27,1543,0.0,0.0,0.0,1.0,25,0,10
27,1544,0.0,0.0,0.0,1.0,25,0,10
27,1545,0.0,0.0,0.0,1.0,25,0,10
27,1546,0.0,0.0,0.0,1.0,25,0,10
27,1547,0.0,0.0,0.0,1.0,25,0,10
27,1548,0.0,0.0,0.0,1.0,25,0,10
27,1549,0.0,0.0,0.0,1.0,25,0,10
27,1550,0.0,0.0,0.0,1.0,25,0,10
27,1551,0.0,0.0,0.0,1.0,25,0,10
27,1552,0.0,0.0,0.0,1.0,25,0,10
27,1553,0.0,0.0,0.0,1.0,25,0,10
27,1554,0.0,0.0,0.0,1.0,25,0,10
27,1555,0.0,0.0,0.0,1.0,25,0,10
27,1556,0.0,0.0,0.0,1.0,25,0,10
27,1557,0.0,0.0,0.0,1.0,25,0,10
27,1558,0.0,0.0,0.0,1.0,25,0,10
27,1559,0.0,0.0,0.0,1.0,25,0,10
27,1560,0.0,0.0,0.0,1.0,25,0,10
27,1561,0.0,0.0,0.0,1.0,25,0,10
27,1562,0.0,0.0,0.0,1.0,25,0,10
27,1563,0.0,0.0,0.0,1.0,25,0,10
27,1564,0.0,0.0,0.0,1.0,25,0,10
27,1565,0.0,0.0,0.0,1.0,25,0,10
27,1566,0.0,0.0,0.0,1.0,25,0,10
27,1567,0.0,0.0,0.0,1.0,25,0,10
27,1568,0.0,0.0,0.0,1.0,25,0,10
27,1569,0.0,0.0,0.0,1.0,25,0,10
27,1570,0.0,0.0,0.0,1.0,25,0,10
27,1571,0.0,0.0,0.0,1.0,25,0,10
27,1572,0.0,0.0,0.0,1.0,25,0,10
27,1573,0.0,0.0,0.0,1.0,25,0,10
27,1574,0.0,0.0,0.0,1.0,25,0,10
27,1575,0.0,0.0,0.0,1.0,25,0,10
27,1576,0.0,0.0,0.0,1.0,25,0,10
27,1577,0.0,0.0,0.0,1.0,25,0,10
27,1578,0.0,0.0,0.0,1.0,25,0,10
27,1579,0.0,0.0,0.0,1.0,25,0,10
27,1580,0.0,0.0,0.0,1.0,25,0,10
27,1581,0.0,0.0,0.0,1.0,25,0,10
27,1582,0.0,0.0,0.0,1.0,25,0,10
27,1583,0.0,0.0,0.0,1.0,25,0,10
27,1584,0.0,0.0,0.0,1.0,25,0,10
27,1585,0.0,0.0,0.0,1.0,25,0,10
27,1586,0.0,0.0,0.0,1.0,25,0,10
27,1587,0.0,0.0,0.0,1.0,25,0,10
27,1588,0.0,0.0,0.0,1.0,25,0,10
27,1589,0.0,0.0,0.0,1.0,25,0,10
27,1590,0.0,0.0,0.0,1.0,25,0,10
27,1591,0.0,0.0,0.0,1.0,25,0,10
27,1592,0.0,0.0,0.0,1.0,25,0,10
27,1593,0.0,0.0,0.0,1.0,25,0,10
27,1594,0.0,0.0,0.0,1.0,25,0,10
27,1595,0.0,0.0,0.0,1.0,25,0,10
27,1596,0.0,0.0,0.0,1.0,25,0,10
27,1597,0.0,0.0,0.0,1.0,25,0,10
27,1598,0.0,0.0,0.0,1.0,25,0,10
27,1599,0.0,0.0,0.0,1.0,25,0,10
27,1600,0.0,0.0,0.0,1.0,25,0,10
27,1601,0.0,0.0,0.0,1.0,25,0,10
27,1602,0.0,0.0,0.0,1.0,25,0,10
27,1603,0.0,0.0,0.0,1.0,25,0,10
27,1604,0.0,0.0,0.0,1.0,25,0,10
27,1605,0.0,0.0,0.0,1.0,25,0,10
27,1606,0.0,0.0,0.0,1.0,25,0,10
27,1607,0.0,0.0,0.0,1.0,25,0,10
27,1608,0.0,0.0,0.0,1.0,25,0,10
27,1609,0.0,0.0,0.0,1.0,25,0,10
27,1610,0.0,0.0,0.0,1.0,25,0,10
27,1611,0.0,0.0,0.0,1.0,25,0,10
27,1612,0.0,0.0,0.0,1.0,25,0,10
27,1613,0.0,0.0,0.0,1.0,25,0,10
27,1614,0.0,0.0,0.0,1.0,25,0,10
27,1615,0.0,0.0,0.0,1.0,25,0,10
27,1616,0.0,0.0,0.0,1.0,25,0,10
27,1617,0.0,0.0,0.0,1.0,25,0,10
27,1618,0.0,0.0,0.0,1.0,25,0,10
27,1619,0.0,0.0,0.0,1.0,25,0,10
27,1620,0.0,0.0,0.0,1.0,25,0,10
27,1621,0.0,0.0,0.0,1.0,25,0,10
27,1622,0.0,0.0,0.0,1.0,25,0,10
27,1623,0.0,0.0,0.0,1.0,25,0,10
27,1624,0.0,0.0,0.0,1.0,25,0,10
27,1625,0.0,0.0,0.0,1.0,25,0,10
27,1626,0.0,0.0,0.0,1.0,25,0,10
27,1627,0.0,0.0,0.0,1.0,25,0,10
27,1628,0.0,0.0,0.0,1.0,25,0,10
27,1629,0.0,0.0,0.0,1.0,25,0,10
27,1630,0.0,0.0,0.0,1.0,25,0,10
27,1631,0.0,0.0,0.0,1.0,25,0,10
27,1632,0.0,0.0,0.0,1.0,25,0,10
27,1633,0.0,0.0,0.0,1.0,25,0,10
27,1634,0.0,0.0,0.0,1.0,25,0,10
27,1635,0.0,0.0,0.0,1.0,25,0,10
27,1636,0.0,0.0,0.0,1.0,25,0,10
27,1637,0.0,0.0,0.0,1.0,25,0,10
27,1638,0.0,0.0,0.0,1.0,25,0,10
27,1639,0.0,0.0,0.0,1.0,25,0,10
27,1640,0.0,0.0,0.0,1.0,25,0,10
27,1641,0.0,0.0,0.0,1.0,25,0,10
27,1642,0.0,0.0,0.0,1.0,25,0,10
27,1643,0.0,0.0,0.0,1.0,25,0,10
27,1644,0.0,0.0,0.0,1.0,25,0,10
27,1645,0.0,0.0,0.0,1.0,25,0,10
27,1646,0.0,0.0,0.0,1.0,25,0,10
27,1647,0.0,0.0,0.0,1.0,25,0,10
27,1648,0.0,0.0,0.0,1.0,25,0,10
27,1649,0.0,0.0,0.0,1.0,25,0,10
27,1650,0.0,0.0,0.0,1.0,25,0,10
27,1651,0.0,0.0,0.0,1.0,25,0,10
27,1652,0.0,0.0,0.0,1.0,25,0,10
27,1653,0.0,0.0,0.0,1.0,25,0,10
27,1654,0.0,0.0,0.0,1.0,25,0,10
27,1655,0.0,0.0,0.0,1.0,25,0,10
27,1656,0.0,0.0,0.0,1.0,25,0,10
27,1657,0.0,0.0,0.0,1.0,25,0,10
27,1658,0.0,0.0,0.0,1.0,25,0,10
27,1659,0.0,0.0,0.0,1.0,25,0,10
27,1660,0.0,0.0,0.0,1.0,25,0,10
27,1661,0.0,0.0,0.0,1.0,25,0,10
27,1662,0.0,0.0,0.0,1.0,25,0,10
27,1663,0.0,0.0,0.0,1.0,25,0,10
27,1664,0.0,0.0,0.0,1.0,25,0,10
27,1665,0.0,0.0,0.0,1.0,25,0,10
27,1666,0.0,0.0,0.0,1.0,25,0,10
27,1667,0.0,0.0,0.0,1.0,25,0,10
27,1668,0.0,0.0,0.0,1.0,25,0,10
27,1669,0.0,0.0,0.0,1.0,25,0,10
27,1670,0.0,0.0,0.0,1.0,25,0,10
27,1671,0.0,0.0,0.0,1.0,25,0,10
27,1672,0.0,0.0,0.0,1.0,25,0,10
27,1673,0.0,0.0,0.0,1.0,25,0,10
27,1674,0.0,0.0,0.0,1.0,25,0,10
27,1675,0.0,0.0,0.0,1.0,25,0,10
27,1676,0.0,0.0,0.0,1.0,25,0,10
27,1677,0.0,0.0,0.0,1.0,25,0,10
27,1678,0.0,0.0,0.0,1.0,25,0,10
27,1679,0.0,0.0,0.0,1.0,25,0,10
27,1680,0.0,0.0,0.0,1.0,25,0,10
27,1681,0.0,0.0,0.0,1.0,25,0,10
27,1682,0.0,0.0,0.0,1.0,25,0,10
27,1683,0.0,0.0,0.0,1.0,25,0,10
27,1684,0.0,0.0,0.0,1.0,25,0,10
27,1685,0.0,0.0,0.0,1.0,25,0,10
27,1686,0.0,0.0,0.0,1.0,25,0,10
27,1687,0.0,0.0,0.0,1.0,25,0,10
27,1688,0.0,0.0,0.0,1.0,25,0,10
27,1689,0.0,0.0,0.0,1.0,25,0,10
27,1690,0.0,0.0,0.0,1.0,25,0,10
27,1691,0.0,0.0,0.0,1.0,25,0,10
27,1692,0.0,0.0,0.0,1.0,25,0,10
27,1693,0.0,0.0,0.0,1.0,25,0,10
27,1694,0.0,0.0,0.0,1.0,25,0,10
27,1695,0.0,0.0,0.0,1.0,25,0,10
27,1696,0.0,0.0,0.0,1.0,25,0,10
27,1697,0.0,0.0,0.0,1.0,25,0,10
27,1698,0.0,0.0,0.0,1.0,25,0,10
27,1699,0.0,0.0,0.0,1.0,25,0,10
27,1700,0.0,0.0,0.0,1.0,25,0,10
27,1701,0.0,0.0,0.0,1.0,25,0,10
27,1702,0.0,0.0,0.0,1.0,25,0,10
27,1703,0.0,0.0,0.0,1.0,25,0,10
27,1704,0.0,0.0,0.0,1.0,25,0,10
27,1705,0.0,0.0,0.0,1.0,25,0,10
27,1706,0.0,0.0,0.0,1.0,25,0,10
27,1707,0.0,0.0,0.0,1.0,25,0,10
27,1708,0.0,0.0,0.0,1.0,25,0,10
27,1709,0.0,0.0,0.0,1.0,25,0,10
27,1710,0.0,0.0,0.0,1.0,25,0,10
27,1711,0.0,0.0,0.0,1.0,25,0,10
27,1712,0.0,0.0,0.0,1.0,25,0,10
27,1713,0.0,0.0,0.0,1.0,25,0,10
27,1714,0.0,0.0,0.0,1.0,25,0,10
27,1715,0.0,0.0,0.0,1.0,25,0,10
27,1716,0.0,0.0,0.0,1.0,25,0,10
27,1717,0.0,0.0,0.0,1.0,25,0,10
27,1718,0.0,0.0,0.0,1.0,25,0,10
27,1719,0.0,0.0,0.0,1.0,25,0,10
27,1720,0.0,0.0,0.0,1.0,25,0,10
27,1721,0.0,0.0,0.0,1.0,25,0,10
27,1722,0.0,0.0,0.0,1.0,25,0,10
27,1723,0.0,0.0,0.0,1.0,25,0,10
27,1724,0.0,0.0,0.0,1.0,25,0,10
27,1725,0.0,0.0,0.0,1.0,25,0,10
27,1726,0.0,0.0,0.0,1.0,25,0,10
27,1727,0.0,0.0,0.0,1.0,25,0,10
27,1728,0.0,0.0,0.0,1.0,25,0,10
27,1729,0.0,0.0,0.0,1.0,25,0,10
27,1730,0.0,0.0,0.0,1.0,25,0,10
27,1731,0.0,0.0,0.0,1.0,25,0,10
27,1732,0.0,0.0,0.0,1.0,25,0,10
27,1733,0.0,0.0,0.0,1.0,25,0,10
27,1734,0.0,0.0,0.0,1.0,25,0,10
27,1735,0.0,0.0,0.0,1.0,25,0,10
27,1736,0.0,0.0,0.0,1.0,25,0,10
27,1737,0.0,0.0,0.0,1.0,25,0,10
27,1738,0.0,0.0,0.0,1.0,25,0,10
27,1739,0.0,0.0,0.0,1.0,25,0,10
27,1740,0.0,0.0,0.0,1.0,25,0,10
27,1741,0.0,0.0,0.0,1.0,25,0,10
27,1742,0.0,0.0,0.0,1.0,25,0,10
27,1743,0.0,0.0,0.0,1.0,25,0,10
27,1744,0.0,0.0,0.0,1.0,25,0,10
27,1745,0.0,0.0,0.0,1.0,25,0,10
27,1746,0.0,0.0,0.0,1.0,25,0,10
27,1747,0.0,0.0,0.0,1.0,25,0,10
27,1748,0.0,0.0,0.0,1.0,25,0,10
27,1749,0.0,0.0,0.0,1.0,25,0,10
27,1750,0.0,0.0,0.0,1.0,25,0,10
27,1751,0.0,0.0,0.0,1.0,25,0,10
27,1752,0.0,0.0,0.0,1.0,25,0,10
27,1753,0.0,0.0,0.0,1.0,25,0,10
27,1754,0.0,0.0,0.0,1.0,25,0,10
27,1755,0.0,0.0,0.0,1.0,25,0,10
27,1756,0.0,0.0,0.0,1.0,25,0,10
27,1757,0.0,0.0,0.0,1.0,25,0,10
27,1758,0.0,0.0,0.0,1.0,25,0,10
27,1759,0.0,0.0,0.0,1.0,25,0,10
27,1760,0.0,0.0,0.0,1.0,25,0,10
27,1761,0.0,0.0,0.0,1.0,25,0,10
27,1762,0.0,0.0,0.0,1.0,25,0,10
27,1763,0.0,0.0,0.0,1.0,25,0,10
27,1764,0.0,0.0,0.0,1.0,25,0,10
27,1765,0.0,0.0,0.0,1.0,25,0,10
27,1766,0.0,0.0,0.0,1.0,25,0,10
27,1767,0.0,0.0,0.0,1.0,25,0,10
27,1768,0.0,0.0,0.0,1.0,25,0,10
27,1769,0.0,0.0,0.0,1.0,25,0,10
27,1770,0.0,0.0,0.0,1.0,25,0,10
27,1771,0.0,0.0,0.0,1.0,25,0,10
27,1772,0.0,0.0,0.0,1.0,25,0,10
27,1773,0.0,0.0,0.0,1.0,25,0,10
27,1774,0.0,0.0,0.0,1.0,25,0,10
27,1775,0.0,0.0,0.0,1.0,25,0,10
27,1776,0.0,0.0,0.0,1.0,25,0,10
27,1777,0.0,0.0,0.0,1.0,25,0,10
27,1778,0.0,0.0,0.0,1.0,25,0,10
27,1779,0.0,0.0,0.0,1.0,25,0,10
27,1780,0.0,0.0,0.0,1.0,25,0,10
27,1781,0.0,0.0,0.0,1.0,25,0,10
27,1782,0.0,0.0,0.0,1.0,25,0,10
27,1783,0.0,0.0,0.0,1.0,25,0,10
27,1784,0.0,0.0,0.0,1.0,25,0,10
27,1785,0.0,0.0,0.0,1.0,25,0,10
27,1786,0.0,0.0,0.0,1.0,25,0,10
27,1787,0.0,0.0,0.0,1.0,25,0,10
27,1788,0.0,0.0,0.0,1.0,25,0,10
27,1789,0.0,0.0,0.0,1.0,25,0,10
27,1790,0.0,0.0,0.0,1.0,25,0,10
27,1791,0.0,0.0,0.0,1.0,25,0,10
27,1792,0.0,0.0,0.0,1.0,25,0,10
27,1793,0.0,0.0,0.0,1.0,25,0,10
27,1794,0.0,0.0,0.0,1.0,25,0,10
27,1795,0.0,0.0,0.0,1.0,25,0,10
27,1796,0.0,0.0,0.0,1.0,25,0,10
27,1797,0.0,0.0,0.0,1.0,25,0,10
27,1798,0.0,0.0,0.0,1.0,25,0,10
27,1799,0.0,0.0,0.0,1.0,25,0,10
27,1800,0.0,0.0,0.0,1.0,25,0,10
27,1801,0.0,0.0,0.0,1.0,25,0,10
27,1802,0.0,0.0,0.0,1.0,25,0,10
27,1803,0.0,0.0,0.0,1.0,25,0,10
27,1804,0.0,0.0,0.0,1.0,25,0,10
27,1805,0.0,0.0,0.0,1.0,25,0,10
27,1806,0.0,0.0,0.0,1.0,25,0,10
27,1807,0.0,0.0,0.0,1.0,25,0,10
27,1808,0.0,0.0,0.0,1.0,25,0,10
27,1809,0.0,0.0,0.0,1.0,25,0,10
27,1810,0.0,0.0,0.0,1.0,25,0,10
27,1811,0.0,0.0,0.0,1.0,25,0,10
27,1812,0.0,0.0,0.0,1.0,25,0,10
27,1813,0.0,0.0,0.0,1.0,25,0,10
27,1814,0.0,0.0,0.0,1.0,25,0,10
27,1815,0.0,0.0,0.0,1.0,25,0,10
27,1816,0.0,0.0,0.0,1.0,25,0,10
27,1817,0.0,0.0,0.0,1.0,25,0,10
27,1818,0.0,0.0,0.0,1.0,25,0,10
27,1819,0.0,0.0,0.0,1.0,25,0,10
27,1820,0.0,0.0,0.0,1.0,25,0,10
27,1821,0.0,0.0,0.0,1.0,25,0,10
27,1822,0.0,0.0,0.0,1.0,25,0,10
27,1823,0.0,0.0,0.0,1.0,25,0,10
27,1824,0.0,0.0,0.0,1.0,25,0,10
27,1825,0.0,0.0,0.0,1.0,25,0,10
27,1826,0.0,0.0,0.0,1.0,25,0,10
27,1827,0.0,0.0,0.0,1.0,25,0,10
27,1828,0.0,0.0,0.0,1.0,25,0,10
27,1829,0.0,0.0,0.0,1.0,25,0,10
27,1830,0.0,0.0,0.0,1.0,25,0,10
27,1831,0.0,0.0,0.0,1.0,25,0,10
27,1832,0.0,0.0,0.0,1.0,25,0,10
27,1833,0.0,0.0,0.0,1.0,25,0,10
27,1834,0.0,0.0,0.0,1.0,25,0,10
27,1835,0.0,0.0,0.0,1.0,25,0,10
27,1836,0.0,0.0,0.0,1.0,25,0,10
27,1837,0.0,0.0,0.0,1.0,25,0,10
27,1838,0.0,0.0,0.0,1.0,25,0,10
27,1839,0.0,0.0,0.0,1.0,25,0,10
27,1840,0.0,0.0,0.0,1.0,25,0,10
27,1841,0.0,0.0,0.0,1.0,25,0,10
27,1842,0.0,0.0,0.0,1.0,25,0,10
27,1843,0.0,0.0,0.0,1.0,25,0,10
27,1844,0.0,0.0,0.0,1.0,25,0,10
27,1845,0.0,0.0,0.0,1.0,25,0,10
27,1846,0.0,0.0,0.0,1.0,25,0,10
27,1847,0.0,0.0,0.0,1.0,25,0,10
27,1848,0.0,0.0,0.0,1.0,25,0,10
27,1849,0.0,0.0,0.0,1.0,25,0,10
27,1850,0.0,0.0,0.0,1.0,25,0,10
27,1851,0.0,0.0,0.0,1.0,25,0,10
27,1852,0.0,0.0,0.0,1.0,25,0,10
27,1853,0.0,0.0,0.0,1.0,25,0,10
27,1854,0.0,0.0,0.0,1.0,25,0,10
27,1855,0.0,0.0,0.0,1.0,25,0,10
27,1856,0.0,0.0,0.0,1.0,25,0,10
27,1857,0.0,0.0,0.0,1.0,25,0,10
27,1858,0.0,0.0,0.0,1.0,25,0,10
27,1859,0.0,0.0,0.0,1.0,25,0,10
27,1860,0.0,0.0,0.0,1.0,25,0,10
27,1861,0.0,0.0,0.0,1.0,25,0,10
27,1862,0.0,0.0,0.0,1.0,25,0,10
27,1863,0.0,0.0,0.0,1.0,25,0,10
27,1864,0.0,0.0,0.0,1.0,25,0,10
27,1865,0.0,0.0,0.0,1.0,25,0,10
27,1866,0.0,0.0,0.0,1.0,25,0,10
27,1867,0.0,0.0,0.0,1.0,25,0,10
27,1868,0.0,0.0,0.0,1.0,25,0,10
27,1869,0.0,0.0,0.0,1.0,25,0,10
27,1870,0.0,0.0,0.0,1.0,25,0,10
27,1871,0.0,0.0,0.0,1.0,25,0,10
27,1872,0.0,0.0,0.0,1.0,25,0,10
27,1873,0.0,0.0,0.0,1.0,25,0,10
27,1874,0.0,0.0,0.0,1.0,25,0,10
27,1875,0.0,0.0,0.0,1.0,25,0,10
27,1876,0.0,0.0,0.0,1.0,25,0,10
27,1877,0.0,0.0,0.0,1.0,25,0,10
27,1878,0.0,0.0,0.0,1.0,25,0,10
27,1879,0.0,0.0,0.0,1.0,25,0,10
27,1880,0.0,0.0,0.0,1.0,25,0,10
27,1881,0.0,0.0,0.0,1.0,25,0,10
27,1882,0.0,0.0,0.0,1.0,25,0,10
27,1883,0.0,0.0,0.0,1.0,25,0,10
27,1884,0.0,0.0,0.0,1.0,25,0,10
27,1885,0.0,0.0,0.0,1.0,25,0,10
27,1886,0.0,0.0,0.0,1.0,25,0,10
27,1887,0.0,0.0,0.0,1.0,25,0,10
27,1888,0.0,0.0,0.0,1.0,25,0,10
27,1889,0.0,0.0,0.0,1.0,25,0,10
27,1890,0.0,0.0,0.0,1.0,25,0,10
27,1891,0.0,0.0,0.0,1.0,25,0,10
27,1892,0.0,0.0,0.0,1.0,25,0,10
27,1893,0.0,0.0,0.0,1.0,25,0,10
27,1894,0.0,0.0,0.0,1.0,25,0,10
27,1895,0.0,0.0,0.0,1.0,25,0,10
27,1896,0.0,0.0,0.0,1.0,25,0,10
27,1897,0.0,0.0,0.0,1.0,25,0,10
27,1898,0.0,0.0,0.0,1.0,25,0,10
27,1899,0.0,0.0,0.0,1.0,25,0,10
27,1900,0.0,0.0,0.0,1.0,25,0,10
27,1901,0.0,0.0,0.0,1.0,25,0,10
27,1902,0.0,0.0,0.0,1.0,25,0,10
27,1903,0.0,0.0,0.0,1.0,25,0,10
27,1904,0.0,0.0,0.0,1.0,25,0,10
27,1905,0.0,0.0,0.0,1.0,25,0,10
27,1906,0.0,0.0,0.0,1.0,25,0,10
27,1907,0.0,0.0,0.0,1.0,25,0,10
27,1908,0.0,0.0,0.0,1.0,25,0,10
27,1909,0.0,0.0,0.0,1.0,25,0,10
27,1910,0.0,0.0,0.0,1.0,25,0,10
27,1911,0.0,0.0,0.0,1.0,25,0,10
27,1912,0.0,0.0,0.0,1.0,25,0,10
27,1913,0.0,0.0,0.0,1.0,25,0,10
27,1914,0.0,0.0,0.0,1.0,25,0,10
27,1915,0.0,0.0,0.0,1.0,25,0,10
27,1916,0.0,0.0,0.0,1.0,25,0,10
27,1917,0.0,0.0,0.0,1.0,25,0,10
27,1918,0.0,0.0,0.0,1.0,25,0,10
27,1919,0.0,0.0,0.0,1.0,25,0,10
27,1920,0.0,0.0,0.0,1.0,25,0,10
27,1921,0.0,0.0,0.0,1.0,25,0,10
27,1922,0.0,0.0,0.0,1.0,25,0,10
27,1923,0.0,0.0,0.0,1.0,25,0,10
27,1924,0.0,0.0,0.0,1.0,25,0,10
27,1925,0.0,0.0,0.0,1.0,25,0,10
27,1926,0.0,0.0,0.0,1.0,25,0,10
27,1927,0.0,0.0,0.0,1.0,25,0,10
27,1928,0.0,0.0,0.0,1.0,25,0,10
27,1929,0.0,0.0,0.0,1.0,25,0,10
27,1930,0.0,0.0,0.0,1.0,25,0,10
27,1931,0.0,0.0,0.0,1.0,25,0,10
27,1932,0.0,0.0,0.0,1.0,25,0,10
27,1933,0.0,0.0,0.0,1.0,25,0,10
27,1934,0.0,0.0,0.0,1.0,25,0,10
27,1935,0.0,0.0,0.0,1.0,25,0,10
27,1936,0.0,0.0,0.0,1.0,25,0,10
27,1937,0.0,0.0,0.0,1.0,25,0,10
27,1938,0.0,0.0,0.0,1.0,25,0,10
27,1939,0.0,0.0,0.0,1.0,25,0,10
27,1940,0.0,0.0,0.0,1.0,25,0,10
27,1941,0.0,0.0,0.0,1.0,25,0,10
27,1942,0.0,0.0,0.0,1.0,25,0,10
27,1943,0.0,0.0,0.0,1.0,25,0,10
27,1944,0.0,0.0,0.0,1.0,25,0,10
27,1945,0.0,0.0,0.0,1.0,25,0,10
27,1946,0.0,0.0,0.0,1.0,25,0,10
27,1947,0.0,0.0,0.0,1.0,25,0,10
27,1948,0.0,0.0,0.0,1.0,25,0,10
27,1949,0.0,0.0,0.0,1.0,25,0,10
27,1950,0.0,0.0,0.0,1.0,25,0,10
27,1951,0.0,0.0,0.0,1.0,25,0,10
27,1952,0.0,0.0,0.0,1.0,25,0,10
27,1953,0.0,0.0,0.0,1.0,25,0,10
27,1954,0.0,0.0,0.0,1.0,25,0,10
27,1955,0.0,0.0,0.0,1.0,25,0,10
27,1956,0.0,0.0,0.0,1.0,25,0,10
27,1957,0.0,0.0,0.0,1.0,25,0,10
27,1958,0.0,0.0,0.0,1.0,25,0,10
27,1959,0.0,0.0,0.0,1.0,25,0,10
27,1960,0.0,0.0,0.0,1.0,25,0,10
27,1961,0.0,0.0,0.0,1.0,25,0,10
27,1962,0.0,0.0,0.0,1.0,25,0,10
27,1963,0.0,0.0,0.0,1.0,25,0,10
27,1964,0.0,0.0,0.0,1.0,25,0,10
27,1965,0.0,0.0,0.0,1.0,25,0,10
27,1966,0.0,0.0,0.0,1.0,25,0,10
27,1967,0.0,0.0,0.0,1.0,25,0,10
27,1968,0.0,0.0,0.0,1.0,25,0,10
27,1969,0.0,0.0,0.0,1.0,25,0,10
27,1970,0.0,0.0,0.0,1.0,25,0,10
27,1971,0.0,0.0,0.0,1.0,25,0,10
27,1972,0.0,0.0,0.0,1.0,25,0,10
27,1973,0.0,0.0,0.0,1.0,25,0,10
27,1974,0.0,0.0,0.0,1.0,25,0,10
27,1975,0.0,0.0,0.0,1.0,25,0,10
27,1976,0.0,0.0,0.0,1.0,25,0,10
27,1977,0.0,0.0,0.0,1.0,25,0,10
27,1978,0.0,0.0,0.0,1.0,25,0,10
27,1979,0.0,0.0,0.0,1.0,25,0,10
27,1980,0.0,0.0,0.0,1.0,25,0,10
27,1981,0.0,0.0,0.0,1.0,25,0,10
27,1982,0.0,0.0,0.0,1.0,25,0,10
27,1983,0.0,0.0,0.0,1.0,25,0,10
27,1984,0.0,0.0,0.0,1.0,25,0,10
27,1985,0.0,0.0,0.0,1.0,25,0,10
27,1986,0.0,0.0,0.0,1.0,25,0,10
27,1987,0.0,0.0,0.0,1.0,25,0,10
27,1988,0.0,0.0,0.0,1.0,25,0,10
27,1989,0.0,0.0,0.0,1.0,25,0,10
27,1990,0.0,0.0,0.0,1.0,25,0,10
27,1991,0.0,0.0,0.0,1.0,25,0,10
27,1992,0.0,0.0,0.0,1.0,25,0,10
27,1993,0.0,0.0,0.0,1.0,25,0,10
27,1994,0.0,0.0,0.0,1.0,25,0,10
27,1995,0.0,0.0,0.0,1.0,25,0,10
27,1996,0.0,0.0,0.0,1.0,25,0,10
27,1997,0.0,0.0,0.0,1.0,25,0,10
27,1998,0.0,0.0,0.0,1.0,25,0,10
27,1999,0.0,0.0,0.0,1.0,25,0,10
27,2000,0.0,0.0,0.0,1.0,25,0,10
27,2001,0.0,0.0,0.0,1.0,25,0,10
27,2002,0.0,0.0,0.0,1.0,25,0,10
27,2003,0.0,0.0,0.0,1.0,25,0,10
27,2004,0.0,0.0,0.0,1.0,25,0,10
27,2005,0.0,0.0,0.0,1.0,25,0,10
27,2006,0.0,0.0,0.0,1.0,25,0,10
27,2007,0.0,0.0,0.0,1.0,25,0,10
27,2008,0.0,0.0,0.0,1.0,25,0,10
27,2009,0.0,0.0,0.0,1.0,25,0,10
27,2010,0.0,0.0,0.0,1.0,25,0,10
27,2011,0.0,0.0,0.0,1.0,25,0,10
27,2012,0.0,0.0,0.0,1.0,25,0,10
27,2013,0.0,0.0,0.0,1.0,25,0,10
27,2014,0.0,0.0,0.0,1.0,25,0,10
27,2015,0.0,0.0,0.0,1.0,25,0,10
27,2016,0.0,0.0,0.0,1.0,25,0,10
27,2017,0.0,0.0,0.0,1.0,25,0,10
27,2018,0.0,0.0,0.0,1.0,25,0,10
27,2019,0.0,0.0,0.0,1.0,25,0,10
27,2020,0.0,0.0,0.0,1.0,25,0,10
27,2021,0.0,0.0,0.0,1.0,25,0,10
27,2022,0.0,0.0,0.0,1.0,25,0,10
27,2023,0.0,0.0,0.0,1.0,25,0,10
27,2024,0.0,0.0,0.0,1.0,25,0,10
27,2025,0.0,0.0,0.0,1.0,25,0,10
27,2026,0.0,0.0,0.0,1.0,25,0,10
27,2027,0.0,0.0,0.0,1.0,25,0,10
27,2028,0.0,0.0,0.0,1.0,25,0,10
27,2029,0.0,0.0,0.0,1.0,25,0,10
27,2030,0.0,0.0,0.0,1.0,25,0,10
27,2031,0.0,0.0,0.0,1.0,25,0,10
27,2032,0.0,0.0,0.0,1.0,25,0,10
27,2033,0.0,0.0,0.0,1.0,25,0,10
27,2034,0.0,0.0,0.0,1.0,25,0,10
27,2035,0.0,0.0,0.0,1.0,25,0,10
27,2036,0.0,0.0,0.0,1.0,25,0,10
27,2037,0.0,0.0,0.0,1.0,25,0,10
27,2038,0.0,0.0,0.0,1.0,25,0,10
27,2039,0.0,0.0,0.0,1.0,25,0,10
27,2040,0.0,0.0,0.0,1.0,25,0,10
27,2041,0.0,0.0,0.0,1.0,25,0,10
27,2042,0.0,0.0,0.0,1.0,25,0,10
27,2043,0.0,0.0,0.0,1.0,25,0,10
27,2044,0.0,0.0,0.0,1.0,25,0,10
27,2045,0.0,0.0,0.0,1.0,25,0,10
27,2046,0.0,0.0,0.0,1.0,25,0,10
27,2047,0.0,0.0,0.0,1.0,25,0,10
27,2048,0.0,0.0,0.0,1.0,25,0,10
27,2049,0.0,0.0,0.0,1.0,25,0,10
27,2050,0.0,0.0,0.0,1.0,25,0,10
27,2051,0.0,0.0,0.0,1.0,25,0,10
27,2052,0.0,0.0,0.0,1.0,25,0,10
27,2053,0.0,0.0,0.0,1.0,25,0,10
27,2054,0.0,0.0,0.0,1.0,25,0,10
27,2055,0.0,0.0,0.0,1.0,25,0,10
27,2056,0.0,0.0,0.0,1.0,25,0,10
27,2057,0.0,0.0,0.0,1.0,25,0,10
27,2058,0.0,0.0,0.0,1.0,25,0,10
27,2059,0.0,0.0,0.0,1.0,25,0,10
27,2060,0.0,0.0,0.0,1.0,25,0,10
27,2061,0.0,0.0,0.0,1.0,25,0,10
27,2062,0.0,0.0,0.0,1.0,25,0,10
27,2063,0.0,0.0,0.0,1.0,25,0,10
27,2064,0.0,0.0,0.0,1.0,25,0,10
27,2065,0.0,0.0,0.0,1.0,25,0,10
27,2066,0.0,0.0,0.0,1.0,25,0,10
27,2067,0.0,0.0,0.0,1.0,25,0,10
27,2068,0.0,0.0,0.0,1.0,25,0,10
27,2069,0.0,0.0,0.0,1.0,25,0,10
27,2070,0.0,0.0,0.0,1.0,25,0,10
27,2071,0.0,0.0,0.0,1.0,25,0,10
27,2072,0.0,0.0,0.0,1.0,25,0,10
27,2073,0.0,0.0,0.0,1.0,25,0,10
27,2074,0.0,0.0,0.0,1.0,25,0,10
27,2075,0.0,0.0,0.0,1.0,25,0,10
27,2076,0.0,0.0,0.0,1.0,25,0,10
27,2077,0.0,0.0,0.0,1.0,25,0,10
27,2078,0.0,0.0,0.0,1.0,25,0,10
27,2079,0.0,0.0,0.0,1.0,25,0,10
27,2080,0.0,0.0,0.0,1.0,25,0,10
27,2081,0.0,0.0,0.0,1.0,25,0,10
27,2082,0.0,0.0,0.0,1.0,25,0,10
27,2083,0.0,0.0,0.0,1.0,25,0,10
27,2084,0.0,0.0,0.0,1.0,25,0,10
27,2085,0.0,0.0,0.0,1.0,25,0,10
27,2086,0.0,0.0,0.0,1.0,25,0,10
27,2087,0.0,0.0,0.0,1.0,25,0,10
27,2088,0.0,0.0,0.0,1.0,25,0,10
27,2089,0.0,0.0,0.0,1.0,25,0,10
27,2090,0.0,0.0,0.0,1.0,25,0,10
27,2091,0.0,0.0,0.0,1.0,25,0,10
27,2092,0.0,0.0,0.0,1.0,25,0,10
27,2093,0.0,0.0,0.0,1.0,25,0,10
27,2094,0.0,0.0,0.0,1.0,25,0,10
27,2095,0.0,0.0,0.0,1.0,25,0,10
27,2096,0.0,0.0,0.0,1.0,25,0,10
27,2097,0.0,0.0,0.0,1.0,25,0,10
27,2098,0.0,0.0,0.0,1.0,25,0,10
27,2099,0.0,0.0,0.0,1.0,25,0,10
27,2100,0.0,0.0,0.0,1.0,25,0,10
27,2101,0.0,0.0,0.0,1.0,25,0,10
27,2102,0.0,0.0,0.0,1.0,25,0,10
27,2103,0.0,0.0,0.0,1.0,25,0,10
27,2104,0.0,0.0,0.0,1.0,25,0,10
27,2105,0.0,0.0,0.0,1.0,25,0,10
27,2106,0.0,0.0,0.0,1.0,25,0,10
27,2107,0.0,0.0,0.0,1.0,25,0,10
27,2108,0.0,0.0,0.0,1.0,25,0,10
27,2109,0.0,0.0,0.0,1.0,25,0,10
27,2110,0.0,0.0,0.0,1.0,25,0,10
27,2111,0.0,0.0,0.0,1.0,25,0,10
27,2112,0.0,0.0,0.0,1.0,25,0,10
27,2113,0.0,0.0,0.0,1.0,25,0,10
27,2114,0.0,0.0,0.0,1.0,25,0,10
27,2115,0.0,0.0,0.0,1.0,25,0,10
27,2116,0.0,0.0,0.0,1.0,25,0,10
27,2117,0.0,0.0,0.0,1.0,25,0,10
27,2118,0.0,0.0,0.0,1.0,25,0,10
27,2119,0.0,0.0,0.0,1.0,25,0,10
27,2120,0.0,0.0,0.0,1.0,25,0,10
27,2121,0.0,0.0,0.0,1.0,25,0,10
27,2122,0.0,0.0,0.0,1.0,25,0,10
27,2123,0.0,0.0,0.0,1.0,25,0,10
27,2124,0.0,0.0,0.0,1.0,25,0,10
27,2125,0.0,0.0,0.0,1.0,25,0,10
27,2126,0.0,0.0,0.0,1.0,25,0,10
27,2127,0.0,0.0,0.0,1.0,25,0,10
27,2128,0.0,0.0,0.0,1.0,25,0,10
27,2129,0.0,0.0,0.0,1.0,25,0,10
27,2130,0.0,0.0,0.0,1.0,25,0,10
27,2131,0.0,0.0,0.0,1.0,25,0,10
27,2132,0.0,0.0,0.0,1.0,25,0,10
27,2133,0.0,0.0,0.0,1.0,25,0,10
27,2134,0.0,0.0,0.0,1.0,25,0,10
27,2135,0.0,0.0,0.0,1.0,25,0,10
27,2136,0.0,0.0,0.0,1.0,25,0,10
27,2137,0.0,0.0,0.0,1.0,25,0,10
27,2138,0.0,0.0,0.0,1.0,25,0,10
27,2139,0.0,0.0,0.0,1.0,25,0,10
27,2140,0.0,0.0,0.0,1.0,25,0,10
27,2141,0.0,0.0,0.0,1.0,25,0,10
27,2142,0.0,0.0,0.0,1.0,25,0,10
27,2143,0.0,0.0,0.0,1.0,25,0,10
27,2144,0.0,0.0,0.0,1.0,25,0,10
27,2145,0.0,0.0,0.0,1.0,25,0,10
27,2146,0.0,0.0,0.0,1.0,25,0,10
27,2147,0.0,0.0,0.0,1.0,25,0,10
27,2148,0.0,0.0,0.0,1.0,25,0,10
27,2149,0.0,0.0,0.0,1.0,25,0,10
27,2150,0.0,0.0,0.0,1.0,25,0,10
27,2151,0.0,0.0,0.0,1.0,25,0,10
27,2152,0.0,0.0,0.0,1.0,25,0,10
27,2153,0.0,0.0,0.0,1.0,25,0,10
27,2154,0.0,0.0,0.0,1.0,25,0,10
27,2155,0.0,0.0,0.0,1.0,25,0,10
27,2156,0.0,0.0,0.0,1.0,25,0,10
27,2157,0.0,0.0,0.0,1.0,25,0,10
27,2158,0.0,0.0,0.0,1.0,25,0,10
27,2159,0.0,0.0,0.0,1.0,25,0,10
27,2160,0.0,0.0,0.0,1.0,25,0,10
27,2161,0.0,0.0,0.0,1.0,25,0,10
27,2162,0.0,0.0,0.0,1.0,25,0,10
27,2163,0.0,0.0,0.0,1.0,25,0,10
27,2164,0.0,0.0,0.0,1.0,25,0,10
27,2165,0.0,0.0,0.0,1.0,25,0,10
27,2166,0.0,0.0,0.0,1.0,25,0,10
27,2167,0.0,0.0,0.0,1.0,25,0,10
27,2168,0.0,0.0,0.0,1.0,25,0,10
27,2169,0.0,0.0,0.0,1.0,25,0,10
27,2170,0.0,0.0,0.0,1.0,25,0,10
27,2171,0.0,0.0,0.0,1.0,25,0,10
27,2172,0.0,0.0,0.0,1.0,25,0,10
27,2173,0.0,0.0,0.0,1.0,25,0,10
27,2174,0.0,0.0,0.0,1.0,25,0,10
27,2175,0.0,0.0,0.0,1.0,25,0,10
27,2176,0.0,0.0,0.0,1.0,25,0,10
27,2177,0.0,0.0,0.0,1.0,25,0,10
27,2178,0.0,0.0,0.0,1.0,25,0,10
27,2179,0.0,0.0,0.0,1.0,25,0,10
27,2180,0.0,0.0,0.0,1.0,25,0,10
27,2181,0.0,0.0,0.0,1.0,25,0,10
27,2182,0.0,0.0,0.0,1.0,25,0,10
27,2183,0.0,0.0,0.0,1.0,25,0,10
27,2184,0.0,0.0,0.0,1.0,25,0,10
27,2185,0.0,0.0,0.0,1.0,25,0,10
27,2186,0.0,0.0,0.0,1.0,25,0,10
27,2187,0.0,0.0,0.0,1.0,25,0,10
27,2188,0.0,0.0,0.0,1.0,25,0,10
27,2189,0.0,0.0,0.0,1.0,25,0,10
27,2190,0.0,0.0,0.0,1.0,25,0,10
27,2191,0.0,0.0,0.0,1.0,25,0,10
27,2192,0.0,0.0,0.0,1.0,25,0,10
27,2193,0.0,0.0,0.0,1.0,25,0,10
27,2194,0.0,0.0,0.0,1.0,25,0,10
27,2195,0.0,0.0,0.0,1.0,25,0,10
27,2196,0.0,0.0,0.0,1.0,25,0,10
27,2197,0.0,0.0,0.0,1.0,25,0,10
27,2198,0.0,0.0,0.0,1.0,25,0,10
27,2199,0.0,0.0,0.0,1.0,25,0,10
27,2200,0.0,0.0,0.0,1.0,25,0,10
27,2201,0.0,0.0,0.0,1.0,25,0,10
27,2202,0.0,0.0,0.0,1.0,25,0,10
27,2203,0.0,0.0,0.0,1.0,25,0,10
27,2204,0.0,0.0,0.0,1.0,25,0,10
27,2205,0.0,0.0,0.0,1.0,25,0,10
27,2206,0.0,0.0,0.0,1.0,25,0,10
27,2207,0.0,0.0,0.0,1.0,25,0,10
27,2208,0.0,0.0,0.0,1.0,25,0,10
27,2209,0.0,0.0,0.0,1.0,25,0,10
27,2210,0.0,0.0,0.0,1.0,25,0,10
27,2211,0.0,0.0,0.0,1.0,25,0,10
27,2212,0.0,0.0,0.0,1.0,25,0,10
27,2213,0.0,0.0,0.0,1.0,25,0,10
27,2214,0.0,0.0,0.0,1.0,25,0,10
27,2215,0.0,0.0,0.0,1.0,25,0,10
27,2216,0.0,0.0,0.0,1.0,25,0,10
27,2217,0.0,0.0,0.0,1.0,25,0,10
27,2218,0.0,0.0,0.0,1.0,25,0,10
27,2219,0.0,0.0,0.0,1.0,25,0,10
27,2220,0.0,0.0,0.0,1.0,25,0,10
27,2221,0.0,0.0,0.0,1.0,25,0,10
27,2222,0.0,0.0,0.0,1.0,25,0,10
27,2223,0.0,0.0,0.0,1.0,25,0,10
27,2224,0.0,0.0,0.0,1.0,25,0,10
27,2225,0.0,0.0,0.0,1.0,25,0,10
27,2226,0.0,0.0,0.0,1.0,25,0,10
27,2227,0.0,0.0,0.0,1.0,25,0,10
27,2228,0.0,0.0,0.0,1.0,25,0,10
27,2229,0.0,0.0,0.0,1.0,25,0,10
27,2230,0.0,0.0,0.0,1.0,25,0,10
27,2231,0.0,0.0,0.0,1.0,25,0,10
27,2232,0.0,0.0,0.0,1.0,25,0,10
27,2233,0.0,0.0,0.0,1.0,25,0,10
27,2234,0.0,0.0,0.0,1.0,25,0,10
27,2235,0.0,0.0,0.0,1.0,25,0,10
27,2236,0.0,0.0,0.0,1.0,25,0,10
27,2237,0.0,0.0,0.0,1.0,25,0,10
27,2238,0.0,0.0,0.0,1.0,25,0,10
27,2239,0.0,0.0,0.0,1.0,25,0,10
27,2240,0.0,0.0,0.0,1.0,25,0,10
27,2241,0.0,0.0,0.0,1.0,25,0,10
27,2242,0.0,0.0,0.0,1.0,25,0,10
27,2243,0.0,0.0,0.0,1.0,25,0,10
27,2244,0.0,0.0,0.0,1.0,25,0,10
27,2245,0.0,0.0,0.0,1.0,25,0,10
27,2246,0.0,0.0,0.0,1.0,25,0,10
27,2247,0.0,0.0,0.0,1.0,25,0,10
27,2248,0.0,0.0,0.0,1.0,25,0,10
27,2249,0.0,0.0,0.0,1.0,25,0,10
27,2250,0.0,0.0,0.0,1.0,25,0,10
27,2251,0.0,0.0,0.0,1.0,25,0,10
27,2252,0.0,0.0,0.0,1.0,25,0,10
27,2253,0.0,0.0,0.0,1.0,25,0,10
27,2254,0.0,0.0,0.0,1.0,25,0,10
27,2255,0.0,0.0,0.0,1.0,25,0,10
27,2256,0.0,0.0,0.0,1.0,25,0,10
27,2257,0.0,0.0,0.0,1.0,25,0,10
27,2258,0.0,0.0,0.0,1.0,25,0,10
27,2259,0.0,0.0,0.0,1.0,25,0,10
27,2260,0.0,0.0,0.0,1.0,25,0,10
27,2261,0.0,0.0,0.0,1.0,25,0,10
27,2262,0.0,0.0,0.0,1.0,25,0,10
27,2263,0.0,0.0,0.0,1.0,25,0,10
27,2264,0.0,0.0,0.0,1.0,25,0,10
27,2265,0.0,0.0,0.0,1.0,25,0,10
27,2266,0.0,0.0,0.0,1.0,25,0,10
27,2267,0.0,0.0,0.0,1.0,25,0,10
27,2268,0.0,0.0,0.0,1.0,25,0,10
27,2269,0.0,0.0,0.0,1.0,25,0,10
27,2270,0.0,0.0,0.0,1.0,25,0,10
27,2271,0.0,0.0,0.0,1.0,25,0,10
27,2272,0.0,0.0,0.0,1.0,25,0,10
27,2273,0.0,0.0,0.0,1.0,25,0,10
27,2274,0.0,0.0,0.0,1.0,25,0,10
27,2275,0.0,0.0,0.0,1.0,25,0,10
27,2276,0.0,0.0,0.0,1.0,25,0,10
27,2277,0.0,0.0,0.0,1.0,25,0,10
27,2278,0.0,0.0,0.0,1.0,25,0,10
27,2279,0.0,0.0,0.0,1.0,25,0,10
27,2280,0.0,0.0,0.0,1.0,25,0,10
27,2281,0.0,0.0,0.0,1.0,25,0,10
27,2282,0.0,0.0,0.0,1.0,25,0,10
27,2283,0.0,0.0,0.0,1.0,25,0,10
27,2284,0.0,0.0,0.0,1.0,25,0,10
27,2285,0.0,0.0,0.0,1.0,25,0,10
27,2286,0.0,0.0,0.0,1.0,25,0,10
27,2287,0.0,0.0,0.0,1.0,25,0,10
27,2288,0.0,0.0,0.0,1.0,25,0,10
27,2289,0.0,0.0,0.0,1.0,25,0,10
27,2290,0.0,0.0,0.0,1.0,25,0,10
27,2291,0.0,0.0,0.0,1.0,25,0,10
27,2292,0.0,0.0,0.0,1.0,25,0,10
27,2293,0.0,0.0,0.0,1.0,25,0,10
27,2294,0.0,0.0,0.0,1.0,25,0,10
27,2295,0.0,0.0,0.0,1.0,25,0,10
27,2296,0.0,0.0,0.0,1.0,25,0,10
27,2297,0.0,0.0,0.0,1.0,25,0,10
27,2298,0.0,0.0,0.0,1.0,25,0,10
27,2299,0.0,0.0,0.0,1.0,25,0,10
27,2300,0.0,0.0,0.0,1.0,25,0,10
27,2301,0.0,0.0,0.0,1.0,25,0,10
27,2302,0.0,0.0,0.0,1.0,25,0,10
27,2303,0.0,0.0,0.0,1.0,25,0,10
27,2304,0.0,0.0,0.0,1.0,25,0,10
27,2305,0.0,0.0,0.0,1.0,25,0,10
27,2306,0.0,0.0,0.0,1.0,25,0,10
27,2307,0.0,0.0,0.0,1.0,25,0,10
27,2308,0.0,0.0,0.0,1.0,25,0,10
27,2309,0.0,0.0,0.0,1.0,25,0,10
27,2310,0.0,0.0,0.0,1.0,25,0,10
27,2311,0.0,0.0,0.0,1.0,25,0,10
27,2312,0.0,0.0,0.0,1.0,25,0,10
27,2313,0.0,0.0,0.0,1.0,25,0,10
27,2314,0.0,0.0,0.0,1.0,25,0,10
27,2315,0.0,0.0,0.0,1.0,25,0,10
27,2316,0.0,0.0,0.0,1.0,25,0,10
27,2317,0.0,0.0,0.0,1.0,25,0,10
27,2318,0.0,0.0,0.0,1.0,25,0,10
27,2319,0.0,0.0,0.0,1.0,25,0,10
27,2320,0.0,0.0,0.0,1.0,25,0,10
27,2321,0.0,0.0,0.0,1.0,25,0,10
27,2322,0.0,0.0,0.0,1.0,25,0,10
27,2323,0.0,0.0,0.0,1.0,25,0,10
27,2324,0.0,0.0,0.0,1.0,25,0,10
27,2325,0.0,0.0,0.0,1.0,25,0,10
27,2326,0.0,0.0,0.0,1.0,25,0,10
27,2327,0.0,0.0,0.0,1.0,25,0,10
27,2328,0.0,0.0,0.0,1.0,25,0,10
27,2329,0.0,0.0,0.0,1.0,25,0,10
27,2330,0.0,0.0,0.0,1.0,25,0,10
27,2331,0.0,0.0,0.0,1.0,25,0,10
27,2332,0.0,0.0,0.0,1.0,25,0,10
27,2333,0.0,0.0,0.0,1.0,25,0,10
27,2334,0.0,0.0,0.0,1.0,25,0,10
27,2335,0.0,0.0,0.0,1.0,25,0,10
27,2336,0.0,0.0,0.0,1.0,25,0,10
27,2337,0.0,0.0,0.0,1.0,25,0,10
27,2338,0.0,0.0,0.0,1.0,25,0,10
27,2339,0.0,0.0,0.0,1.0,25,0,10
27,2340,0.0,0.0,0.0,1.0,25,0,10
27,2341,0.0,0.0,0.0,1.0,25,0,10
27,2342,0.0,0.0,0.0,1.0,25,0,10
27,2343,0.0,0.0,0.0,1.0,25,0,10
27,2344,0.0,0.0,0.0,1.0,25,0,10
27,2345,0.0,0.0,0.0,1.0,25,0,10
27,2346,0.0,0.0,0.0,1.0,25,0,10
27,2347,0.0,0.0,0.0,1.0,25,0,10
27,2348,0.0,0.0,0.0,1.0,25,0,10
27,2349,0.0,0.0,0.0,1.0,25,0,10
27,2350,0.0,0.0,0.0,1.0,25,0,10
27,2351,0.0,0.0,0.0,1.0,25,0,10
27,2352,0.0,0.0,0.0,1.0,25,0,10
27,2353,0.0,0.0,0.0,1.0,25,0,10
27,2354,0.0,0.0,0.0,1.0,25,0,10
27,2355,0.0,0.0,0.0,1.0,25,0,10
27,2356,0.0,0.0,0.0,1.0,25,0,10
27,2357,0.0,0.0,0.0,1.0,25,0,10
27,2358,0.0,0.0,0.0,1.0,25,0,10
27,2359,0.0,0.0,0.0,1.0,25,0,10
27,2360,0.0,0.0,0.0,1.0,25,0,10
27,2361,0.0,0.0,0.0,1.0,25,0,10
27,2362,0.0,0.0,0.0,1.0,25,0,10
27,2363,0.0,0.0,0.0,1.0,25,0,10
27,2364,0.0,0.0,0.0,1.0,25,0,10
27,2365,0.0,0.0,0.0,1.0,25,0,10
27,2366,0.0,0.0,0.0,1.0,25,0,10
27,2367,0.0,0.0,0.0,1.0,25,0,10
27,2368,0.0,0.0,0.0,1.0,25,0,10
27,2369,0.0,0.0,0.0,1.0,25,0,10
27,2370,0.0,0.0,0.0,1.0,25,0,10
27,2371,0.0,0.0,0.0,1.0,25,0,10
27,2372,0.0,0.0,0.0,1.0,25,0,10
27,2373,0.0,0.0,0.0,1.0,25,0,10
27,2374,0.0,0.0,0.0,1.0,25,0,10
27,2375,0.0,0.0,0.0,1.0,25,0,10
27,2376,0.0,0.0,0.0,1.0,25,0,10
27,2377,0.0,0.0,0.0,1.0,25,0,10
27,2378,0.0,0.0,0.0,1.0,25,0,10
27,2379,0.0,0.0,0.0,1.0,25,0,10
27,2380,0.0,0.0,0.0,1.0,25,0,10
27,2381,0.0,0.0,0.0,1.0,25,0,10
27,2382,0.0,0.0,0.0,1.0,25,0,10
27,2383,0.0,0.0,0.0,1.0,25,0,10
27,2384,0.0,0.0,0.0,1.0,25,0,10
27,2385,0.0,0.0,0.0,1.0,25,0,10
27,2386,0.0,0.0,0.0,1.0,25,0,10
27,2387,0.0,0.0,0.0,1.0,25,0,10
27,2388,0.0,0.0,0.0,1.0,25,0,10
27,2389,0.0,0.0,0.0,1.0,25,0,10
27,2390,0.0,0.0,0.0,1.0,25,0,10
27,2391,0.0,0.0,0.0,1.0,25,0,10
27,2392,0.0,0.0,0.0,1.0,25,0,10
27,2393,0.0,0.0,0.0,1.0,25,0,10
27,2394,0.0,0.0,0.0,1.0,25,0,10
27,2395,0.0,0.0,0.0,1.0,25,0,10
27,2396,0.0,0.0,0.0,1.0,25,0,10
27,2397,0.0,0.0,0.0,1.0,25,0,10
27,2398,0.0,0.0,0.0,1.0,25,0,10
27,2399,0.0,0.0,0.0,1.0,25,0,10
27,2400,0.0,0.0,0.0,1.0,25,0,10
27,2401,0.0,0.0,0.0,1.0,25,0,10
27,2402,0.0,0.0,0.0,1.0,25,0,10
27,2403,0.0,0.0,0.0,1.0,25,0,10
27,2404,0.0,0.0,0.0,1.0,25,0,10
27,2405,0.0,0.0,0.0,1.0,25,0,10
27,2406,0.0,0.0,0.0,1.0,25,0,10
27,2407,0.0,0.0,0.0,1.0,25,0,10
27,2408,0.0,0.0,0.0,1.0,25,0,10
27,2409,0.0,0.0,0.0,1.0,25,0,10
27,2410,0.0,0.0,0.0,1.0,25,0,10
27,2411,0.0,0.0,0.0,1.0,25,0,10
27,2412,0.0,0.0,0.0,1.0,25,0,10
27,2413,0.0,0.0,0.0,1.0,25,0,10
27,2414,0.0,0.0,0.0,1.0,25,0,10
27,2415,0.0,0.0,0.0,1.0,25,0,10
27,2416,0.0,0.0,0.0,1.0,25,0,10
27,2417,0.0,0.0,0.0,1.0,25,0,10
27,2418,0.0,0.0,0.0,1.0,25,0,10
27,2419,0.0,0.0,0.0,1.0,25,0,10
27,2420,0.0,0.0,0.0,1.0,25,0,10
27,2421,0.0,0.0,0.0,1.0,25,0,10
27,2422,0.0,0.0,0.0,1.0,25,0,10
27,2423,0.0,0.0,0.0,1.0,25,0,10
27,2424,0.0,0.0,0.0,1.0,25,0,10
27,2425,0.0,0.0,0.0,1.0,25,0,10
27,2426,0.0,0.0,0.0,1.0,25,0,10
27,2427,0.0,0.0,0.0,1.0,25,0,10
27,2428,0.0,0.0,0.0,1.0,25,0,10
27,2429,0.0,0.0,0.0,1.0,25,0,10
27,2430,0.0,0.0,0.0,1.0,25,0,10
27,2431,0.0,0.0,0.0,1.0,25,0,10
27,2432,0.0,0.0,0.0,1.0,25,0,10
27,2433,0.0,0.0,0.0,1.0,25,0,10
27,2434,0.0,0.0,0.0,1.0,25,0,10
27,2435,0.0,0.0,0.0,1.0,25,0,10
27,2436,0.0,0.0,0.0,1.0,25,0,10
27,2437,0.0,0.0,0.0,1.0,25,0,10
27,2438,0.0,0.0,0.0,1.0,25,0,10
27,2439,0.0,0.0,0.0,1.0,25,0,10
27,2440,0.0,0.0,0.0,1.0,25,0,10
27,2441,0.0,0.0,0.0,1.0,25,0,10
27,2442,0.0,0.0,0.0,1.0,25,0,10
27,2443,0.0,0.0,0.0,1.0,25,0,10
27,2444,0.0,0.0,0.0,1.0,25,0,10
27,2445,0.0,0.0,0.0,1.0,25,0,10
27,2446,0.0,0.0,0.0,1.0,25,0,10
27,2447,0.0,0.0,0.0,1.0,25,0,10
27,2448,0.0,0.0,0.0,1.0,25,0,10
27,2449,0.0,0.0,0.0,1.0,25,0,10
27,2450,0.0,0.0,0.0,1.0,25,0,10
27,2451,0.0,0.0,0.0,1.0,25,0,10
27,2452,0.0,0.0,0.0,1.0,25,0,10
27,2453,0.0,0.0,0.0,1.0,25,0,10
27,2454,0.0,0.0,0.0,1.0,25,0,10
27,2455,0.0,0.0,0.0,1.0,25,0,10
27,2456,0.0,0.0,0.0,1.0,25,0,10
27,2457,0.0,0.0,0.0,1.0,25,0,10
27,2458,0.0,0.0,0.0,1.0,25,0,10
27,2459,0.0,0.0,0.0,1.0,25,0,10
27,2460,0.0,0.0,0.0,1.0,25,0,10
27,2461,0.0,0.0,0.0,1.0,25,0,10
27,2462,0.0,0.0,0.0,1.0,25,0,10
27,2463,0.0,0.0,0.0,1.0,25,0,10
27,2464,0.0,0.0,0.0,1.0,25,0,10
27,2465,0.0,0.0,0.0,1.0,25,0,10
27,2466,0.0,0.0,0.0,1.0,25,0,10
27,2467,0.0,0.0,0.0,1.0,25,0,10
27,2468,0.0,0.0,0.0,1.0,25,0,10
27,2469,0.0,0.0,0.0,1.0,25,0,10
27,2470,0.0,0.0,0.0,1.0,25,0,10
27,2471,0.0,0.0,0.0,1.0,25,0,10
27,2472,0.0,0.0,0.0,1.0,25,0,10
27,2473,0.0,0.0,0.0,1.0,25,0,10
27,2474,0.0,0.0,0.0,1.0,25,0,10
27,2475,0.0,0.0,0.0,1.0,25,0,10
27,2476,0.0,0.0,0.0,1.0,25,0,10
27,2477,0.0,0.0,0.0,1.0,25,0,10
27,2478,0.0,0.0,0.0,1.0,25,0,10
27,2479,0.0,0.0,0.0,1.0,25,0,10
27,2480,0.0,0.0,0.0,1.0,25,0,10
27,2481,0.0,0.0,0.0,1.0,25,0,10
27,2482,0.0,0.0,0.0,1.0,25,0,10
27,2483,0.0,0.0,0.0,1.0,25,0,10
27,2484,0.0,0.0,0.0,1.0,25,0,10
27,2485,0.0,0.0,0.0,1.0,25,0,10
27,2486,0.0,0.0,0.0,1.0,25,0,10
27,2487,0.0,0.0,0.0,1.0,25,0,10
27,2488,0.0,0.0,0.0,1.0,25,0,10
27,2489,0.0,0.0,0.0,1.0,25,0,10
27,2490,0.0,0.0,0.0,1.0,25,0,10
27,2491,0.0,0.0,0.0,1.0,25,0,10
27,2492,0.0,0.0,0.0,1.0,25,0,10
27,2493,0.0,0.0,0.0,1.0,25,0,10
27,2494,0.0,0.0,0.0,1.0,25,0,10
27,2495,0.0,0.0,0.0,1.0,25,0,10
27,2496,0.0,0.0,0.0,1.0,25,0,10
27,2497,0.0,0.0,0.0,1.0,25,0,10
27,2498,0.0,0.0,0.0,1.0,25,0,10
27,2499,0.0,0.0,0.0,1.0,25,0,10
27,2500,0.0,0.0,0.0,1.0,25,0,10
27,2501,0.0,0.0,0.0,1.0,25,0,10
27,2502,0.0,0.0,0.0,1.0,25,0,10
27,2503,0.0,0.0,0.0,1.0,25,0,10
27,2504,0.0,0.0,0.0,1.0,25,0,10
27,2505,0.0,0.0,0.0,1.0,25,0,10
27,2506,0.0,0.0,0.0,1.0,25,0,10
27,2507,0.0,0.0,0.0,1.0,25,0,10
27,2508,0.0,0.0,0.0,1.0,25,0,10
27,2509,0.0,0.0,0.0,1.0,25,0,10
27,2510,0.0,0.0,0.0,1.0,25,0,10
27,2511,0.0,0.0,0.0,1.0,25,0,10
27,2512,0.0,0.0,0.0,1.0,25,0,10
27,2513,0.0,0.0,0.0,1.0,25,0,10
27,2514,0.0,0.0,0.0,1.0,25,0,10
27,2515,0.0,0.0,0.0,1.0,25,0,10
27,2516,0.0,0.0,0.0,1.0,25,0,10
27,2517,0.0,0.0,0.0,1.0,25,0,10
27,2518,0.0,0.0,0.0,1.0,25,0,10
27,2519,0.0,0.0,0.0,1.0,25,0,10
27,2520,0.0,0.0,0.0,1.0,25,0,10
27,2521,0.0,0.0,0.0,1.0,25,0,10
27,2522,0.0,0.0,0.0,1.0,25,0,10
27,2523,0.0,0.0,0.0,1.0,25,0,10
27,2524,0.0,0.0,0.0,1.0,25,0,10
27,2525,0.0,0.0,0.0,1.0,25,0,10
27,2526,0.0,0.0,0.0,1.0,25,0,10
27,2527,0.0,0.0,0.0,1.0,25,0,10
27,2528,0.0,0.0,0.0,1.0,25,0,10
27,2529,0.0,0.0,0.0,1.0,25,0,10
27,2530,0.0,0.0,0.0,1.0,25,0,10
27,2531,0.0,0.0,0.0,1.0,25,0,10
27,2532,0.0,0.0,0.0,1.0,25,0,10
27,2533,0.0,0.0,0.0,1.0,25,0,10
27,2534,0.0,0.0,0.0,1.0,25,0,10
27,2535,0.0,0.0,0.0,1.0,25,0,10
27,2536,0.0,0.0,0.0,1.0,25,0,10
27,2537,0.0,0.0,0.0,1.0,25,0,10
27,2538,0.0,0.0,0.0,1.0,25,0,10
27,2539,0.0,0.0,0.0,1.0,25,0,10
27,2540,0.0,0.0,0.0,1.0,25,0,10
27,2541,0.0,0.0,0.0,1.0,25,0,10
27,2542,0.0,0.0,0.0,1.0,25,0,10
27,2543,0.0,0.0,0.0,1.0,25,0,10
27,2544,0.0,0.0,0.0,1.0,25,0,10
27,2545,0.0,0.0,0.0,1.0,25,0,10
27,2546,0.0,0.0,0.0,1.0,25,0,10
27,2547,0.0,0.0,0.0,1.0,25,0,10
27,2548,0.0,0.0,0.0,1.0,25,0,10
27,2549,0.0,0.0,0.0,1.0,25,0,10
27,2550,0.0,0.0,0.0,1.0,25,0,10
27,2551,0.0,0.0,0.0,1.0,25,0,10
27,2552,0.0,0.0,0.0,1.0,25,0,10
27,2553,0.0,0.0,0.0,1.0,25,0,10
27,2554,0.0,0.0,0.0,1.0,25,0,10
27,2555,0.0,0.0,0.0,1.0,25,0,10
27,2556,0.0,0.0,0.0,1.0,25,0,10
27,2557,0.0,0.0,0.0,1.0,25,0,10
27,2558,0.0,0.0,0.0,1.0,25,0,10
27,2559,0.0,0.0,0.0,1.0,25,0,10
27,2560,0.0,0.0,0.0,1.0,25,0,10
27,2561,0.0,0.0,0.0,1.0,25,0,10
27,2562,0.0,0.0,0.0,1.0,25,0,10
27,2563,0.0,0.0,0.0,1.0,25,0,10
27,2564,0.0,0.0,0.0,1.0,25,0,10
27,2565,0.0,0.0,0.0,1.0,25,0,10
27,2566,0.0,0.0,0.0,1.0,25,0,10
27,2567,0.0,0.0,0.0,1.0,25,0,10
27,2568,0.0,0.0,0.0,1.0,25,0,10
27,2569,0.0,0.0,0.0,1.0,25,0,10
27,2570,0.0,0.0,0.0,1.0,25,0,10
27,2571,0.0,0.0,0.0,1.0,25,0,10
27,2572,0.0,0.0,0.0,1.0,25,0,10
27,2573,0.0,0.0,0.0,1.0,25,0,10
27,2574,0.0,0.0,0.0,1.0,25,0,10
27,2575,0.0,0.0,0.0,1.0,25,0,10
27,2576,0.0,0.0,0.0,1.0,25,0,10
27,2577,0.0,0.0,0.0,1.0,25,0,10
27,2578,0.0,0.0,0.0,1.0,25,0,10
27,2579,0.0,0.0,0.0,1.0,25,0,10
27,2580,0.0,0.0,0.0,1.0,25,0,10
27,2581,0.0,0.0,0.0,1.0,25,0,10
27,2582,0.0,0.0,0.0,1.0,25,0,10
27,2583,0.0,0.0,0.0,1.0,25,0,10
27,2584,0.0,0.0,0.0,1.0,25,0,10
27,2585,0.0,0.0,0.0,1.0,25,0,10
27,2586,0.0,0.0,0.0,1.0,25,0,10
27,2587,0.0,0.0,0.0,1.0,25,0,10
27,2588,0.0,0.0,0.0,1.0,25,0,10
27,2589,0.0,0.0,0.0,1.0,25,0,10
27,2590,0.0,0.0,0.0,1.0,25,0,10
27,2591,0.0,0.0,0.0,1.0,25,0,10
27,2592,0.0,0.0,0.0,1.0,25,0,10
27,2593,0.0,0.0,0.0,1.0,25,0,10
27,2594,0.0,0.0,0.0,1.0,25,0,10
27,2595,0.0,0.0,0.0,1.0,25,0,10
27,2596,0.0,0.0,0.0,1.0,25,0,10
27,2597,0.0,0.0,0.0,1.0,25,0,10
27,2598,0.0,0.0,0.0,1.0,25,0,10
27,2599,0.0,0.0,0.0,1.0,25,0,10
27,2600,0.0,0.0,0.0,1.0,25,0,10
27,2601,0.0,0.0,0.0,1.0,25,0,10
27,2602,0.0,0.0,0.0,1.0,25,0,10
27,2603,0.0,0.0,0.0,1.0,25,0,10
27,2604,0.0,0.0,0.0,1.0,25,0,10
27,2605,0.0,0.0,0.0,1.0,25,0,10
27,2606,0.0,0.0,0.0,1.0,25,0,10
27,2607,0.0,0.0,0.0,1.0,25,0,10
27,2608,0.0,0.0,0.0,1.0,25,0,10
27,2609,0.0,0.0,0.0,1.0,25,0,10
27,2610,0.0,0.0,0.0,1.0,25,0,10
27,2611,0.0,0.0,0.0,1.0,25,0,10
27,2612,0.0,0.0,0.0,1.0,25,0,10
27,2613,0.0,0.0,0.0,1.0,25,0,10
27,2614,0.0,0.0,0.0,1.0,25,0,10
27,2615,0.0,0.0,0.0,1.0,25,0,10
27,2616,0.0,0.0,0.0,1.0,25,0,10
27,2617,0.0,0.0,0.0,1.0,25,0,10
27,2618,0.0,0.0,0.0,1.0,25,0,10
27,2619,0.0,0.0,0.0,1.0,25,0,10
27,2620,0.0,0.0,0.0,1.0,25,0,10
27,2621,0.0,0.0,0.0,1.0,25,0,10
27,2622,0.0,0.0,0.0,1.0,25,0,10
27,2623,0.0,0.0,0.0,1.0,25,0,10
27,2624,0.0,0.0,0.0,1.0,25,0,10
27,2625,0.0,0.0,0.0,1.0,25,0,10
27,2626,0.0,0.0,0.0,1.0,25,0,10
27,2627,0.0,0.0,0.0,1.0,25,0,10
27,2628,0.0,0.0,0.0,1.0,25,0,10
27,2629,0.0,0.0,0.0,1.0,25,0,10
27,2630,0.0,0.0,0.0,1.0,25,0,10
27,2631,0.0,0.0,0.0,1.0,25,0,10
27,2632,0.0,0.0,0.0,1.0,25,0,10
27,2633,0.0,0.0,0.0,1.0,25,0,10
27,2634,0.0,0.0,0.0,1.0,25,0,10
27,2635,0.0,0.0,0.0,1.0,25,0,10
27,2636,0.0,0.0,0.0,1.0,25,0,10
27,2637,0.0,0.0,0.0,1.0,25,0,10
27,2638,0.0,0.0,0.0,1.0,25,0,10
27,2639,0.0,0.0,0.0,1.0,25,0,10
27,2640,0.0,0.0,0.0,1.0,25,0,10
27,2641,0.0,0.0,0.0,1.0,25,0,10
27,2642,0.0,0.0,0.0,1.0,25,0,10
27,2643,0.0,0.0,0.0,1.0,25,0,10
27,2644,0.0,0.0,0.0,1.0,25,0,10
27,2645,0.0,0.0,0.0,1.0,25,0,10
27,2646,0.0,0.0,0.0,1.0,25,0,10
27,2647,0.0,0.0,0.0,1.0,25,0,10
27,2648,0.0,0.0,0.0,1.0,25,0,10
27,2649,0.0,0.0,0.0,1.0,25,0,10
27,2650,0.0,0.0,0.0,1.0,25,0,10
27,2651,0.0,0.0,0.0,1.0,25,0,10
27,2652,0.0,0.0,0.0,1.0,25,0,10
27,2653,0.0,0.0,0.0,1.0,25,0,10
27,2654,0.0,0.0,0.0,1.0,25,0,10
27,2655,0.0,0.0,0.0,1.0,25,0,10
27,2656,0.0,0.0,0.0,1.0,25,0,10
27,2657,0.0,0.0,0.0,1.0,25,0,10
27,2658,0.0,0.0,0.0,1.0,25,0,10
27,2659,0.0,0.0,0.0,1.0,25,0,10
27,2660,0.0,0.0,0.0,1.0,25,0,10
27,2661,0.0,0.0,0.0,1.0,25,0,10
27,2662,0.0,0.0,0.0,1.0,25,0,10
27,2663,0.0,0.0,0.0,1.0,25,0,10
27,2664,0.0,0.0,0.0,1.0,25,0,10
27,2665,0.0,0.0,0.0,1.0,25,0,10
27,2666,0.0,0.0,0.0,1.0,25,0,10
27,2667,0.0,0.0,0.0,1.0,25,0,10
27,2668,0.0,0.0,0.0,1.0,25,0,10
27,2669,0.0,0.0,0.0,1.0,25,0,10
27,2670,0.0,0.0,0.0,1.0,25,0,10
27,2671,0.0,0.0,0.0,1.0,25,0,10
27,2672,0.0,0.0,0.0,1.0,25,0,10
27,2673,0.0,0.0,0.0,1.0,25,0,10
27,2674,0.0,0.0,0.0,1.0,25,0,10
27,2675,0.0,0.0,0.0,1.0,25,0,10
27,2676,0.0,0.0,0.0,1.0,25,0,10
27,2677,0.0,0.0,0.0,1.0,25,0,10
27,2678,0.0,0.0,0.0,1.0,25,0,10
27,2679,0.0,0.0,0.0,1.0,25,0,10
27,2680,0.0,0.0,0.0,1.0,25,0,10
27,2681,0.0,0.0,0.0,1.0,25,0,10
27,2682,0.0,0.0,0.0,1.0,25,0,10
27,2683,0.0,0.0,0.0,1.0,25,0,10
27,2684,0.0,0.0,0.0,1.0,25,0,10
27,2685,0.0,0.0,0.0,1.0,25,0,10
27,2686,0.0,0.0,0.0,1.0,25,0,10
27,2687,0.0,0.0,0.0,1.0,25,0,10
27,2688,0.0,0.0,0.0,1.0,25,0,10
27,2689,0.0,0.0,0.0,1.0,25,0,10
27,2690,0.0,0.0,0.0,1.0,25,0,10
27,2691,0.0,0.0,0.0,1.0,25,0,10
27,2692,0.0,0.0,0.0,1.0,25,0,10
27,2693,0.0,0.0,0.0,1.0,25,0,10
27,2694,0.0,0.0,0.0,1.0,25,0,10
27,2695,0.0,0.0,0.0,1.0,25,0,10
27,2696,0.0,0.0,0.0,1.0,25,0,10
27,2697,0.0,0.0,0.0,1.0,25,0,10
27,2698,0.0,0.0,0.0,1.0,25,0,10
27,2699,0.0,0.0,0.0,1.0,25,0,10
27,2700,0.0,0.0,0.0,1.0,25,0,10
27,2701,0.0,0.0,0.0,1.0,25,0,10
27,2702,0.0,0.0,0.0,1.0,25,0,10
27,2703,0.0,0.0,0.0,1.0,25,0,10
27,2704,0.0,0.0,0.0,1.0,25,0,10
27,2705,0.0,0.0,0.0,1.0,25,0,10
27,2706,0.0,0.0,0.0,1.0,25,0,10
27,2707,0.0,0.0,0.0,1.0,25,0,10
27,2708,0.0,0.0,0.0,1.0,25,0,10
27,2709,0.0,0.0,0.0,1.0,25,0,10
27,2710,0.0,0.0,0.0,1.0,25,0,10
27,2711,0.0,0.0,0.0,1.0,25,0,10
27,2712,0.0,0.0,0.0,1.0,25,0,10
27,2713,0.0,0.0,0.0,1.0,25,0,10
27,2714,0.0,0.0,0.0,1.0,25,0,10
27,2715,0.0,0.0,0.0,1.0,25,0,10
27,2716,0.0,0.0,0.0,1.0,25,0,10
27,2717,0.0,0.0,0.0,1.0,25,0,10
27,2718,0.0,0.0,0.0,1.0,25,0,10
27,2719,0.0,0.0,0.0,1.0,25,0,10
27,2720,0.0,0.0,0.0,1.0,25,0,10
27,2721,0.0,0.0,0.0,1.0,25,0,10
27,2722,0.0,0.0,0.0,1.0,25,0,10
27,2723,0.0,0.0,0.0,1.0,25,0,10
27,2724,0.0,0.0,0.0,1.0,25,0,10
27,2725,0.0,0.0,0.0,1.0,25,0,10
27,2726,0.0,0.0,0.0,1.0,25,0,10
27,2727,0.0,0.0,0.0,1.0,25,0,10
27,2728,0.0,0.0,0.0,1.0,25,0,10
27,2729,0.0,0.0,0.0,1.0,25,0,10
27,2730,0.0,0.0,0.0,1.0,25,0,10
27,2731,0.0,0.0,0.0,1.0,25,0,10
27,2732,0.0,0.0,0.0,1.0,25,0,10
27,2733,0.0,0.0,0.0,1.0,25,0,10
27,2734,0.0,0.0,0.0,1.0,25,0,10
27,2735,0.0,0.0,0.0,1.0,25,0,10
27,2736,0.0,0.0,0.0,1.0,25,0,10
27,2737,0.0,0.0,0.0,1.0,25,0,10
27,2738,0.0,0.0,0.0,1.0,25,0,10
27,2739,0.0,0.0,0.0,1.0,25,0,10
27,2740,0.0,0.0,0.0,1.0,25,0,10
27,2741,0.0,0.0,0.0,1.0,25,0,10
27,2742,0.0,0.0,0.0,1.0,25,0,10
27,2743,0.0,0.0,0.0,1.0,25,0,10
27,2744,0.0,0.0,0.0,1.0,25,0,10
27,2745,0.0,0.0,0.0,1.0,25,0,10
27,2746,0.0,0.0,0.0,1.0,25,0,10
27,2747,0.0,0.0,0.0,1.0,25,0,10
27,2748,0.0,0.0,0.0,1.0,25,0,10
27,2749,0.0,0.0,0.0,1.0,25,0,10
27,2750,0.0,0.0,0.0,1.0,25,0,10
27,2751,0.0,0.0,0.0,1.0,25,0,10
27,2752,0.0,0.0,0.0,1.0,25,0,10
27,2753,0.0,0.0,0.0,1.0,25,0,10
27,2754,0.0,0.0,0.0,1.0,25,0,10
27,2755,0.0,0.0,0.0,1.0,25,0,10
27,2756,0.0,0.0,0.0,1.0,25,0,10
27,2757,0.0,0.0,0.0,1.0,25,0,10
27,2758,0.0,0.0,0.0,1.0,25,0,10
27,2759,0.0,0.0,0.0,1.0,25,0,10
27,2760,0.0,0.0,0.0,1.0,25,0,10
27,2761,0.0,0.0,0.0,1.0,25,0,10
27,2762,0.0,0.0,0.0,1.0,25,0,10
27,2763,0.0,0.0,0.0,1.0,25,0,10
27,2764,0.0,0.0,0.0,1.0,25,0,10
27,2765,0.0,0.0,0.0,1.0,25,0,10
27,2766,0.0,0.0,0.0,1.0,25,0,10
27,2767,0.0,0.0,0.0,1.0,25,0,10
27,2768,0.0,0.0,0.0,1.0,25,0,10
27,2769,0.0,0.0,0.0,1.0,25,0,10
27,2770,0.0,0.0,0.0,1.0,25,0,10
27,2771,0.0,0.0,0.0,1.0,25,0,10
27,2772,0.0,0.0,0.0,1.0,25,0,10
27,2773,0.0,0.0,0.0,1.0,25,0,10
27,2774,0.0,0.0,0.0,1.0,25,0,10
27,2775,0.0,0.0,0.0,1.0,25,0,10
27,2776,0.0,0.0,0.0,1.0,25,0,10
27,2777,0.0,0.0,0.0,1.0,25,0,10
27,2778,0.0,0.0,0.0,1.0,25,0,10
27,2779,0.0,0.0,0.0,1.0,25,0,10
27,2780,0.0,0.0,0.0,1.0,25,0,10
27,2781,0.0,0.0,0.0,1.0,25,0,10
27,2782,0.0,0.0,0.0,1.0,25,0,10
27,2783,0.0,0.0,0.0,1.0,25,0,10
27,2784,0.0,0.0,0.0,1.0,25,0,10
27,2785,0.0,0.0,0.0,1.0,25,0,10
27,2786,0.0,0.0,0.0,1.0,25,0,10
27,2787,0.0,0.0,0.0,1.0,25,0,10
27,2788,0.0,0.0,0.0,1.0,25,0,10
27,2789,0.0,0.0,0.0,1.0,25,0,10
27,2790,0.0,0.0,0.0,1.0,25,0,10
27,2791,0.0,0.0,0.0,1.0,25,0,10
27,2792,0.0,0.0,0.0,1.0,25,0,10
27,2793,0.0,0.0,0.0,1.0,25,0,10
27,2794,0.0,0.0,0.0,1.0,25,0,10
27,2795,0.0,0.0,0.0,1.0,25,0,10
27,2796,0.0,0.0,0.0,1.0,25,0,10
27,2797,0.0,0.0,0.0,1.0,25,0,10
27,2798,0.0,0.0,0.0,1.0,25,0,10
27,2799,0.0,0.0,0.0,1.0,25,0,10
27,2800,0.0,0.0,0.0,1.0,25,0,10
27,2801,0.0,0.0,0.0,1.0,25,0,10
27,2802,0.0,0.0,0.0,1.0,25,0,10
27,2803,0.0,0.0,0.0,1.0,25,0,10
27,2804,0.0,0.0,0.0,1.0,25,0,10
27,2805,0.0,0.0,0.0,1.0,25,0,10
27,2806,0.0,0.0,0.0,1.0,25,0,10
27,2807,0.0,0.0,0.0,1.0,25,0,10
27,2808,0.0,0.0,0.0,1.0,25,0,10
27,2809,0.0,0.0,0.0,1.0,25,0,10
27,2810,0.0,0.0,0.0,1.0,25,0,10
27,2811,0.0,0.0,0.0,1.0,25,0,10
27,2812,0.0,0.0,0.0,1.0,25,0,10
27,2813,0.0,0.0,0.0,1.0,25,0,10
27,2814,0.0,0.0,0.0,1.0,25,0,10
27,2815,0.0,0.0,0.0,1.0,25,0,10
27,2816,0.0,0.0,0.0,1.0,25,0,10
27,2817,0.0,0.0,0.0,1.0,25,0,10
27,2818,0.0,0.0,0.0,1.0,25,0,10
27,2819,0.0,0.0,0.0,1.0,25,0,10
27,2820,0.0,0.0,0.0,1.0,25,0,10
27,2821,0.0,0.0,0.0,1.0,25,0,10
27,2822,0.0,0.0,0.0,1.0,25,0,10
27,2823,0.0,0.0,0.0,1.0,25,0,10
27,2824,0.0,0.0,0.0,1.0,25,0,10
27,2825,0.0,0.0,0.0,1.0,25,0,10
27,2826,0.0,0.0,0.0,1.0,25,0,10
27,2827,0.0,0.0,0.0,1.0,25,0,10
27,2828,0.0,0.0,0.0,1.0,25,0,10
27,2829,0.0,0.0,0.0,1.0,25,0,10
27,2830,0.0,0.0,0.0,1.0,25,0,10
27,2831,0.0,0.0,0.0,1.0,25,0,10
27,2832,0.0,0.0,0.0,1.0,25,0,10
27,2833,0.0,0.0,0.0,1.0,25,0,10
27,2834,0.0,0.0,0.0,1.0,25,0,10
27,2835,0.0,0.0,0.0,1.0,25,0,10
27,2836,0.0,0.0,0.0,1.0,25,0,10
27,2837,0.0,0.0,0.0,1.0,25,0,10
27,2838,0.0,0.0,0.0,1.0,25,0,10
27,2839,0.0,0.0,0.0,1.0,25,0,10
27,2840,0.0,0.0,0.0,1.0,25,0,10
27,2841,0.0,0.0,0.0,1.0,25,0,10
27,2842,0.0,0.0,0.0,1.0,25,0,10
27,2843,0.0,0.0,0.0,1.0,25,0,10
27,2844,0.0,0.0,0.0,1.0,25,0,10
27,2845,0.0,0.0,0.0,1.0,25,0,10
27,2846,0.0,0.0,0.0,1.0,25,0,10
27,2847,0.0,0.0,0.0,1.0,25,0,10
27,2848,0.0,0.0,0.0,1.0,25,0,10
27,2849,0.0,0.0,0.0,1.0,25,0,10
27,2850,0.0,0.0,0.0,1.0,25,0,10
27,2851,0.0,0.0,0.0,1.0,25,0,10
27,2852,0.0,0.0,0.0,1.0,25,0,10
27,2853,0.0,0.0,0.0,1.0,25,0,10
27,2854,0.0,0.0,0.0,1.0,25,0,10
27,2855,0.0,0.0,0.0,1.0,25,0,10
27,2856,0.0,0.0,0.0,1.0,25,0,10
27,2857,0.0,0.0,0.0,1.0,25,0,10
27,2858,0.0,0.0,0.0,1.0,25,0,10
27,2859,0.0,0.0,0.0,1.0,25,0,10
27,2860,0.0,0.0,0.0,1.0,25,0,10
27,2861,0.0,0.0,0.0,1.0,25,0,10
27,2862,0.0,0.0,0.0,1.0,25,0,10
27,2863,0.0,0.0,0.0,1.0,25,0,10
27,2864,0.0,0.0,0.0,1.0,25,0,10
27,2865,0.0,0.0,0.0,1.0,25,0,10
27,2866,0.0,0.0,0.0,1.0,25,0,10
27,2867,0.0,0.0,0.0,1.0,25,0,10
27,2868,0.0,0.0,0.0,1.0,25,0,10
27,2869,0.0,0.0,0.0,1.0,25,0,10
27,2870,0.0,0.0,0.0,1.0,25,0,10
27,2871,0.0,0.0,0.0,1.0,25,0,10
27,2872,0.0,0.0,0.0,1.0,25,0,10
27,2873,0.0,0.0,0.0,1.0,25,0,10
27,2874,0.0,0.0,0.0,1.0,25,0,10
27,2875,0.0,0.0,0.0,1.0,25,0,10
27,2876,0.0,0.0,0.0,1.0,25,0,10
27,2877,0.0,0.0,0.0,1.0,25,0,10
27,2878,0.0,0.0,0.0,1.0,25,0,10
27,2879,0.0,0.0,0.0,1.0,25,0,10
27,2880,0.0,0.0,0.0,1.0,25,0,10
27,2881,0.0,0.0,0.0,1.0,25,0,10
27,2882,0.0,0.0,0.0,1.0,25,0,10
27,2883,0.0,0.0,0.0,1.0,25,0,10
27,2884,0.0,0.0,0.0,1.0,25,0,10
27,2885,0.0,0.0,0.0,1.0,25,0,10
27,2886,0.0,0.0,0.0,1.0,25,0,10
27,2887,0.0,0.0,0.0,1.0,25,0,10
27,2888,0.0,0.0,0.0,1.0,25,0,10
27,2889,0.0,0.0,0.0,1.0,25,0,10
27,2890,0.0,0.0,0.0,1.0,25,0,10
27,2891,0.0,0.0,0.0,1.0,25,0,10
27,2892,0.0,0.0,0.0,1.0,25,0,10
27,2893,0.0,0.0,0.0,1.0,25,0,10
27,2894,0.0,0.0,0.0,1.0,25,0,10
27,2895,0.0,0.0,0.0,1.0,25,0,10
27,2896,0.0,0.0,0.0,1.0,25,0,10
27,2897,0.0,0.0,0.0,1.0,25,0,10
27,2898,0.0,0.0,0.0,1.0,25,0,10
27,2899,0.0,0.0,0.0,1.0,25,0,10
27,2900,0.0,0.0,0.0,1.0,25,0,10
27,2901,0.0,0.0,0.0,1.0,25,0,10
27,2902,0.0,0.0,0.0,1.0,25,0,10
27,2903,0.0,0.0,0.0,1.0,25,0,10
27,2904,0.0,0.0,0.0,1.0,25,0,10
27,2905,0.0,0.0,0.0,1.0,25,0,10
27,2906,0.0,0.0,0.0,1.0,25,0,10
27,2907,0.0,0.0,0.0,1.0,25,0,10
27,2908,0.0,0.0,0.0,1.0,25,0,10
27,2909,0.0,0.0,0.0,1.0,25,0,10
27,2910,0.0,0.0,0.0,1.0,25,0,10
27,2911,0.0,0.0,0.0,1.0,25,0,10
27,2912,0.0,0.0,0.0,1.0,25,0,10
27,2913,0.0,0.0,0.0,1.0,25,0,10
27,2914,0.0,0.0,0.0,1.0,25,0,10
27,2915,0.0,0.0,0.0,1.0,25,0,10
27,2916,0.0,0.0,0.0,1.0,25,0,10
27,2917,0.0,0.0,0.0,1.0,25,0,10
27,2918,0.0,0.0,0.0,1.0,25,0,10
27,2919,0.0,0.0,0.0,1.0,25,0,10
27,2920,0.0,0.0,0.0,1.0,25,0,10
27,2921,0.0,0.0,0.0,1.0,25,0,10
27,2922,0.0,0.0,0.0,1.0,25,0,10
27,2923,0.0,0.0,0.0,1.0,25,0,10
27,2924,0.0,0.0,0.0,1.0,25,0,10
27,2925,0.0,0.0,0.0,1.0,25,0,10
27,2926,0.0,0.0,0.0,1.0,25,0,10
27,2927,0.0,0.0,0.0,1.0,25,0,10
27,2928,0.0,0.0,0.0,1.0,25,0,10
27,2929,0.0,0.0,0.0,1.0,25,0,10
27,2930,0.0,0.0,0.0,1.0,25,0,10
27,2931,0.0,0.0,0.0,1.0,25,0,10
27,2932,0.0,0.0,0.0,1.0,25,0,10
27,2933,0.0,0.0,0.0,1.0,25,0,10
27,2934,0.0,0.0,0.0,1.0,25,0,10
27,2935,0.0,0.0,0.0,1.0,25,0,10
27,2936,0.0,0.0,0.0,1.0,25,0,10
27,2937,0.0,0.0,0.0,1.0,25,0,10
27,2938,0.0,0.0,0.0,1.0,25,0,10
27,2939,0.0,0.0,0.0,1.0,25,0,10
27,2940,0.0,0.0,0.0,1.0,25,0,10
27,2941,0.0,0.0,0.0,1.0,25,0,10
27,2942,0.0,0.0,0.0,1.0,25,0,10
27,2943,0.0,0.0,0.0,1.0,25,0,10
27,2944,0.0,0.0,0.0,1.0,25,0,10
27,2945,0.0,0.0,0.0,1.0,25,0,10
27,2946,0.0,0.0,0.0,1.0,25,0,10
27,2947,0.0,0.0,0.0,1.0,25,0,10
27,2948,0.0,0.0,0.0,1.0,25,0,10
27,2949,0.0,0.0,0.0,1.0,25,0,10
27,2950,0.0,0.0,0.0,1.0,25,0,10
27,2951,0.0,0.0,0.0,1.0,25,0,10
27,2952,0.0,0.0,0.0,1.0,25,0,10
27,2953,0.0,0.0,0.0,1.0,25,0,10
27,2954,0.0,0.0,0.0,1.0,25,0,10
27,2955,0.0,0.0,0.0,1.0,25,0,10
27,2956,0.0,0.0,0.0,1.0,25,0,10
27,2957,0.0,0.0,0.0,1.0,25,0,10
27,2958,0.0,0.0,0.0,1.0,25,0,10
27,2959,0.0,0.0,0.0,1.0,25,0,10
27,2960,0.0,0.0,0.0,1.0,25,0,10
27,2961,0.0,0.0,0.0,1.0,25,0,10
27,2962,0.0,0.0,0.0,1.0,25,0,10
27,2963,0.0,0.0,0.0,1.0,25,0,10
27,2964,0.0,0.0,0.0,1.0,25,0,10
27,2965,0.0,0.0,0.0,1.0,25,0,10
27,2966,0.0,0.0,0.0,1.0,25,0,10
27,2967,0.0,0.0,0.0,1.0,25,0,10
27,2968,0.0,0.0,0.0,1.0,25,0,10
27,2969,0.0,0.0,0.0,1.0,25,0,10
27,2970,0.0,0.0,0.0,1.0,25,0,10
27,2971,0.0,0.0,0.0,1.0,25,0,10
27,2972,0.0,0.0,0.0,1.0,25,0,10
27,2973,0.0,0.0,0.0,1.0,25,0,10
27,2974,0.0,0.0,0.0,1.0,25,0,10
27,2975,0.0,0.0,0.0,1.0,25,0,10
27,2976,0.0,0.0,0.0,1.0,25,0,10
27,2977,0.0,0.0,0.0,1.0,25,0,10
27,2978,0.0,0.0,0.0,1.0,25,0,10
27,2979,0.0,0.0,0.0,1.0,25,0,10
27,2980,0.0,0.0,0.0,1.0,25,0,10
27,2981,0.0,0.0,0.0,1.0,25,0,10
27,2982,0.0,0.0,0.0,1.0,25,0,10
27,2983,0.0,0.0,0.0,1.0,25,0,10
27,2984,0.0,0.0,0.0,1.0,25,0,10
27,2985,0.0,0.0,0.0,1.0,25,0,10
27,2986,0.0,0.0,0.0,1.0,25,0,10
27,2987,0.0,0.0,0.0,1.0,25,0,10
27,2988,0.0,0.0,0.0,1.0,25,0,10
27,2989,0.0,0.0,0.0,1.0,25,0,10
27,2990,0.0,0.0,0.0,1.0,25,0,10
27,2991,0.0,0.0,0.0,1.0,25,0,10
27,2992,0.0,0.0,0.0,1.0,25,0,10
27,2993,0.0,0.0,0.0,1.0,25,0,10
27,2994,0.0,0.0,0.0,1.0,25,0,10
27,2995,0.0,0.0,0.0,1.0,25,0,10
27,2996,0.0,0.0,0.0,1.0,25,0,10
27,2997,0.0,0.0,0.0,1.0,25,0,10
27,2998,0.0,0.0,0.0,1.0,25,0,10
27,2999,0.0,0.0,0.0,1.0,25,0,10
27,3000,0.0,0.0,0.0,1.0,25,0,10
27,3001,0.0,0.0,0.0,1.0,25,0,10
27,3002,0.0,0.0,0.0,1.0,25,0,10
27,3003,0.0,0.0,0.0,1.0,25,0,10
27,3004,0.0,0.0,0.0,1.0,25,0,10
27,3005,0.0,0.0,0.0,1.0,25,0,10
27,3006,0.0,0.0,0.0,1.0,25,0,10
27,3007,0.0,0.0,0.0,1.0,25,0,10
27,3008,0.0,0.0,0.0,1.0,25,0,10
27,3009,0.0,0.0,0.0,1.0,25,0,10
27,3010,0.0,0.0,0.0,1.0,25,0,10
27,3011,0.0,0.0,0.0,1.0,25,0,10
27,3012,0.0,0.0,0.0,1.0,25,0,10
27,3013,0.0,0.0,0.0,1.0,25,0,10
27,3014,0.0,0.0,0.0,1.0,25,0,10
27,3015,0.0,0.0,0.0,1.0,25,0,10
27,3016,0.0,0.0,0.0,1.0,25,0,10
27,3017,0.0,0.0,0.0,1.0,25,0,10
27,3018,0.0,0.0,0.0,1.0,25,0,10
27,3019,0.0,0.0,0.0,1.0,25,0,10
27,3020,0.0,0.0,0.0,1.0,25,0,10
27,3021,0.0,0.0,0.0,1.0,25,0,10
27,3022,0.0,0.0,0.0,1.0,25,0,10
27,3023,0.0,0.0,0.0,1.0,25,0,10
27,3024,0.0,0.0,0.0,1.0,25,0,10
27,3025,0.0,0.0,0.0,1.0,25,0,10
27,3026,0.0,0.0,0.0,1.0,25,0,10
27,3027,0.0,0.0,0.0,1.0,25,0,10
27,3028,0.0,0.0,0.0,1.0,25,0,10
27,3029,0.0,0.0,0.0,1.0,25,0,10
27,3030,0.0,0.0,0.0,1.0,25,0,10
27,3031,0.0,0.0,0.0,1.0,25,0,10
27,3032,0.0,0.0,0.0,1.0,25,0,10
27,3033,0.0,0.0,0.0,1.0,25,0,10
27,3034,0.0,0.0,0.0,1.0,25,0,10
27,3035,0.0,0.0,0.0,1.0,25,0,10
27,3036,0.0,0.0,0.0,1.0,25,0,10
27,3037,0.0,0.0,0.0,1.0,25,0,10
27,3038,0.0,0.0,0.0,1.0,25,0,10
27,3039,0.0,0.0,0.0,1.0,25,0,10
27,3040,0.0,0.0,0.0,1.0,25,0,10
27,3041,0.0,0.0,0.0,1.0,25,0,10
27,3042,0.0,0.0,0.0,1.0,25,0,10
27,3043,0.0,0.0,0.0,1.0,25,0,10
27,3044,0.0,0.0,0.0,1.0,25,0,10
27,3045,0.0,0.0,0.0,1.0,25,0,10
27,3046,0.0,0.0,0.0,1.0,25,0,10
27,3047,0.0,0.0,0.0,1.0,25,0,10
27,3048,0.0,0.0,0.0,1.0,25,0,10
27,3049,0.0,0.0,0.0,1.0,25,0,10
27,3050,0.0,0.0,0.0,1.0,25,0,10
27,3051,0.0,0.0,0.0,1.0,25,0,10
27,3052,0.0,0.0,0.0,1.0,25,0,10
27,3053,0.0,0.0,0.0,1.0,25,0,10
27,3054,0.0,0.0,0.0,1.0,25,0,10
27,3055,0.0,0.0,0.0,1.0,25,0,10
27,3056,0.0,0.0,0.0,1.0,25,0,10
27,3057,0.0,0.0,0.0,1.0,25,0,10
27,3058,0.0,0.0,0.0,1.0,25,0,10
27,3059,0.0,0.0,0.0,1.0,25,0,10
27,3060,0.0,0.0,0.0,1.0,25,0,10
27,3061,0.0,0.0,0.0,1.0,25,0,10
27,3062,0.0,0.0,0.0,1.0,25,0,10
27,3063,0.0,0.0,0.0,1.0,25,0,10
27,3064,0.0,0.0,0.0,1.0,25,0,10
27,3065,0.0,0.0,0.0,1.0,25,0,10
27,3066,0.0,0.0,0.0,1.0,25,0,10
27,3067,0.0,0.0,0.0,1.0,25,0,10
27,3068,0.0,0.0,0.0,1.0,25,0,10
27,3069,0.0,0.0,0.0,1.0,25,0,10
27,3070,0.0,0.0,0.0,1.0,25,0,10
27,3071,0.0,0.0,0.0,1.0,25,0,10
27,3072,0.0,0.0,0.0,1.0,25,0,10
27,3073,0.0,0.0,0.0,1.0,25,0,10
27,3074,0.0,0.0,0.0,1.0,25,0,10
27,3075,0.0,0.0,0.0,1.0,25,0,10
27,3076,0.0,0.0,0.0,1.0,25,0,10
27,3077,0.0,0.0,0.0,1.0,25,0,10
27,3078,0.0,0.0,0.0,1.0,25,0,10
27,3079,0.0,0.0,0.0,1.0,25,0,10
27,3080,0.0,0.0,0.0,1.0,25,0,10
27,3081,0.0,0.0,0.0,1.0,25,0,10
27,3082,0.0,0.0,0.0,1.0,25,0,10
27,3083,0.0,0.0,0.0,1.0,25,0,10
27,3084,0.0,0.0,0.0,1.0,25,0,10
27,3085,0.0,0.0,0.0,1.0,25,0,10
27,3086,0.0,0.0,0.0,1.0,25,0,10
27,3087,0.0,0.0,0.0,1.0,25,0,10
27,3088,0.0,0.0,0.0,1.0,25,0,10
27,3089,0.0,0.0,0.0,1.0,25,0,10
27,3090,0.0,0.0,0.0,1.0,25,0,10
27,3091,0.0,0.0,0.0,1.0,25,0,10
27,3092,0.0,0.0,0.0,1.0,25,0,10
27,3093,0.0,0.0,0.0,1.0,25,0,10
27,3094,0.0,0.0,0.0,1.0,25,0,10
27,3095,0.0,0.0,0.0,1.0,25,0,10
27,3096,0.0,0.0,0.0,1.0,25,0,10
27,3097,0.0,0.0,0.0,1.0,25,0,10
27,3098,0.0,0.0,0.0,1.0,25,0,10
27,3099,0.0,0.0,0.0,1.0,25,0,10
27,3100,0.0,0.0,0.0,1.0,25,0,10
27,3101,0.0,0.0,0.0,1.0,25,0,10
27,3102,0.0,0.0,0.0,1.0,25,0,10
27,3103,0.0,0.0,0.0,1.0,25,0,10
27,3104,0.0,0.0,0.0,1.0,25,0,10
27,3105,0.0,0.0,0.0,1.0,25,0,10
27,3106,0.0,0.0,0.0,1.0,25,0,10
27,3107,0.0,0.0,0.0,1.0,25,0,10
27,3108,0.0,0.0,0.0,1.0,25,0,10
27,3109,0.0,0.0,0.0,1.0,25,0,10
27,3110,0.0,0.0,0.0,1.0,25,0,10
27,3111,0.0,0.0,0.0,1.0,25,0,10
27,3112,0.0,0.0,0.0,1.0,25,0,10
27,3113,0.0,0.0,0.0,1.0,25,0,10
27,3114,0.0,0.0,0.0,1.0,25,0,10
27,3115,0.0,0.0,0.0,1.0,25,0,10
27,3116,0.0,0.0,0.0,1.0,25,0,10
27,3117,0.0,0.0,0.0,1.0,25,0,10
27,3118,0.0,0.0,0.0,1.0,25,0,10
27,3119,0.0,0.0,0.0,1.0,25,0,10
27,3120,0.0,0.0,0.0,1.0,25,0,10
27,3121,0.0,0.0,0.0,1.0,25,0,10
27,3122,0.0,0.0,0.0,1.0,25,0,10
27,3123,0.0,0.0,0.0,1.0,25,0,10
27,3124,0.0,0.0,0.0,1.0,25,0,10
27,3125,0.0,0.0,0.0,1.0,25,0,10
27,3126,0.0,0.0,0.0,1.0,25,0,10
27,3127,0.0,0.0,0.0,1.0,25,0,10
27,3128,0.0,0.0,0.0,1.0,25,0,10
27,3129,0.0,0.0,0.0,1.0,25,0,10
27,3130,0.0,0.0,0.0,1.0,25,0,10
27,3131,0.0,0.0,0.0,1.0,25,0,10
27,3132,0.0,0.0,0.0,1.0,25,0,10
27,3133,0.0,0.0,0.0,1.0,25,0,10
27,3134,0.0,0.0,0.0,1.0,25,0,10
27,3135,0.0,0.0,0.0,1.0,25,0,10
27,3136,0.0,0.0,0.0,1.0,25,0,10
27,3137,0.0,0.0,0.0,1.0,25,0,10
27,3138,0.0,0.0,0.0,1.0,25,0,10
27,3139,0.0,0.0,0.0,1.0,25,0,10
27,3140,0.0,0.0,0.0,1.0,25,0,10
27,3141,0.0,0.0,0.0,1.0,25,0,10
27,3142,0.0,0.0,0.0,1.0,25,0,10
27,3143,0.0,0.0,0.0,1.0,25,0,10
27,3144,0.0,0.0,0.0,1.0,25,0,10
27,3145,0.0,0.0,0.0,1.0,25,0,10
27,3146,0.0,0.0,0.0,1.0,25,0,10
27,3147,0.0,0.0,0.0,1.0,25,0,10
27,3148,0.0,0.0,0.0,1.0,25,0,10
27,3149,0.0,0.0,0.0,1.0,25,0,10
27,3150,0.0,0.0,0.0,1.0,25,0,10
27,3151,0.0,0.0,0.0,1.0,25,0,10
27,3152,0.0,0.0,0.0,1.0,25,0,10
27,3153,0.0,0.0,0.0,1.0,25,0,10
27,3154,0.0,0.0,0.0,1.0,25,0,10
27,3155,0.0,0.0,0.0,1.0,25,0,10
27,3156,0.0,0.0,0.0,1.0,25,0,10
27,3157,0.0,0.0,0.0,1.0,25,0,10
27,3158,0.0,0.0,0.0,1.0,25,0,10
27,3159,0.0,0.0,0.0,1.0,25,0,10
27,3160,0.0,0.0,0.0,1.0,25,0,10
27,3161,0.0,0.0,0.0,1.0,25,0,10
27,3162,0.0,0.0,0.0,1.0,25,0,10
27,3163,0.0,0.0,0.0,1.0,25,0,10
27,3164,0.0,0.0,0.0,1.0,25,0,10
27,3165,0.0,0.0,0.0,1.0,25,0,10
27,3166,0.0,0.0,0.0,1.0,25,0,10
27,3167,0.0,0.0,0.0,1.0,25,0,10
27,3168,0.0,0.0,0.0,1.0,25,0,10
27,3169,0.0,0.0,0.0,1.0,25,0,10
27,3170,0.0,0.0,0.0,1.0,25,0,10
27,3171,0.0,0.0,0.0,1.0,25,0,10
27,3172,0.0,0.0,0.0,1.0,25,0,10
27,3173,0.0,0.0,0.0,1.0,25,0,10
27,3174,0.0,0.0,0.0,1.0,25,0,10
27,3175,0.0,0.0,0.0,1.0,25,0,10
27,3176,0.0,0.0,0.0,1.0,25,0,10
27,3177,0.0,0.0,0.0,1.0,25,0,10
27,3178,0.0,0.0,0.0,1.0,25,0,10
27,3179,0.0,0.0,0.0,1.0,25,0,10
27,3180,0.0,0.0,0.0,1.0,25,0,10
27,3181,0.0,0.0,0.0,1.0,25,0,10
27,3182,0.0,0.0,0.0,1.0,25,0,10
27,3183,0.0,0.0,0.0,1.0,25,0,10
27,3184,0.0,0.0,0.0,1.0,25,0,10
27,3185,0.0,0.0,0.0,1.0,25,0,10
27,3186,0.0,0.0,0.0,1.0,25,0,10
27,3187,0.0,0.0,0.0,1.0,25,0,10
27,3188,0.0,0.0,0.0,1.0,25,0,10
27,3189,0.0,0.0,0.0,1.0,25,0,10
27,3190,0.0,0.0,0.0,1.0,25,0,10
27,3191,0.0,0.0,0.0,1.0,25,0,10
27,3192,0.0,0.0,0.0,1.0,25,0,10
27,3193,0.0,0.0,0.0,1.0,25,0,10
27,3194,0.0,0.0,0.0,1.0,25,0,10
27,3195,0.0,0.0,0.0,1.0,25,0,10
27,3196,0.0,0.0,0.0,1.0,25,0,10
27,3197,0.0,0.0,0.0,1.0,25,0,10
27,3198,0.0,0.0,0.0,1.0,25,0,10
27,3199,0.0,0.0,0.0,1.0,25,0,10
27,3200,0.0,0.0,0.0,1.0,25,0,10
27,3201,0.0,0.0,0.0,1.0,25,0,10
27,3202,0.0,0.0,0.0,1.0,25,0,10
27,3203,0.0,0.0,0.0,1.0,25,0,10
27,3204,0.0,0.0,0.0,1.0,25,0,10
27,3205,0.0,0.0,0.0,1.0,25,0,10
27,3206,0.0,0.0,0.0,1.0,25,0,10
27,3207,0.0,0.0,0.0,1.0,25,0,10
27,3208,0.0,0.0,0.0,1.0,25,0,10
27,3209,0.0,0.0,0.0,1.0,25,0,10
27,3210,0.0,0.0,0.0,1.0,25,0,10
27,3211,0.0,0.0,0.0,1.0,25,0,10
27,3212,0.0,0.0,0.0,1.0,25,0,10
27,3213,0.0,0.0,0.0,1.0,25,0,10
27,3214,0.0,0.0,0.0,1.0,25,0,10
27,3215,0.0,0.0,0.0,1.0,25,0,10
27,3216,0.0,0.0,0.0,1.0,25,0,10
27,3217,0.0,0.0,0.0,1.0,25,0,10
27,3218,0.0,0.0,0.0,1.0,25,0,10
27,3219,0.0,0.0,0.0,1.0,25,0,10
27,3220,0.0,0.0,0.0,1.0,25,0,10
27,3221,0.0,0.0,0.0,1.0,25,0,10
27,3222,0.0,0.0,0.0,1.0,25,0,10
27,3223,0.0,0.0,0.0,1.0,25,0,10
27,3224,0.0,0.0,0.0,1.0,25,0,10
27,3225,0.0,0.0,0.0,1.0,25,0,10
27,3226,0.0,0.0,0.0,1.0,25,0,10
27,3227,0.0,0.0,0.0,1.0,25,0,10
27,3228,0.0,0.0,0.0,1.0,25,0,10
27,3229,0.0,0.0,0.0,1.0,25,0,10
27,3230,0.0,0.0,0.0,1.0,25,0,10
27,3231,0.0,0.0,0.0,1.0,25,0,10
27,3232,0.0,0.0,0.0,1.0,25,0,10
27,3233,0.0,0.0,0.0,1.0,25,0,10
27,3234,0.0,0.0,0.0,1.0,25,0,10
27,3235,0.0,0.0,0.0,1.0,25,0,10
27,3236,0.0,0.0,0.0,1.0,25,0,10
27,3237,0.0,0.0,0.0,1.0,25,0,10
27,3238,0.0,0.0,0.0,1.0,25,0,10
27,3239,0.0,0.0,0.0,1.0,25,0,10
27,3240,0.0,0.0,0.0,1.0,25,0,10
27,3241,0.0,0.0,0.0,1.0,25,0,10
27,3242,0.0,0.0,0.0,1.0,25,0,10
27,3243,0.0,0.0,0.0,1.0,25,0,10
27,3244,0.0,0.0,0.0,1.0,25,0,10
27,3245,0.0,0.0,0.0,1.0,25,0,10
27,3246,0.0,0.0,0.0,1.0,25,0,10
27,3247,0.0,0.0,0.0,1.0,25,0,10
27,3248,0.0,0.0,0.0,1.0,25,0,10
27,3249,0.0,0.0,0.0,1.0,25,0,10
27,3250,0.0,0.0,0.0,1.0,25,0,10
27,3251,0.0,0.0,0.0,1.0,25,0,10
27,3252,0.0,0.0,0.0,1.0,25,0,10
27,3253,0.0,0.0,0.0,1.0,25,0,10
27,3254,0.0,0.0,0.0,1.0,25,0,10
27,3255,0.0,0.0,0.0,1.0,25,0,10
27,3256,0.0,0.0,0.0,1.0,25,0,10
27,3257,0.0,0.0,0.0,1.0,25,0,10
27,3258,0.0,0.0,0.0,1.0,25,0,10
27,3259,0.0,0.0,0.0,1.0,25,0,10
27,3260,0.0,0.0,0.0,1.0,25,0,10
27,3261,0.0,0.0,0.0,1.0,25,0,10
27,3262,0.0,0.0,0.0,1.0,25,0,10
27,3263,0.0,0.0,0.0,1.0,25,0,10
27,3264,0.0,0.0,0.0,1.0,25,0,10
27,3265,0.0,0.0,0.0,1.0,25,0,10
27,3266,0.0,0.0,0.0,1.0,25,0,10
27,3267,0.0,0.0,0.0,1.0,25,0,10
27,3268,0.0,0.0,0.0,1.0,25,0,10
27,3269,0.0,0.0,0.0,1.0,25,0,10
27,3270,0.0,0.0,0.0,1.0,25,0,10
27,3271,0.0,0.0,0.0,1.0,25,0,10
27,3272,0.0,0.0,0.0,1.0,25,0,10
27,3273,0.0,0.0,0.0,1.0,25,0,10
27,3274,0.0,0.0,0.0,1.0,25,0,10
27,3275,0.0,0.0,0.0,1.0,25,0,10
27,3276,0.0,0.0,0.0,1.0,25,0,10
27,3277,0.0,0.0,0.0,1.0,25,0,10
27,3278,0.0,0.0,0.0,1.0,25,0,10
27,3279,0.0,0.0,0.0,1.0,25,0,10
27,3280,0.0,0.0,0.0,1.0,25,0,10
27,3281,0.0,0.0,0.0,1.0,25,0,10
27,3282,0.0,0.0,0.0,1.0,25,0,10
27,3283,0.0,0.0,0.0,1.0,25,0,10
27,3284,0.0,0.0,0.0,1.0,25,0,10
27,3285,0.0,0.0,0.0,1.0,25,0,10
27,3286,0.0,0.0,0.0,1.0,25,0,10
27,3287,0.0,0.0,0.0,1.0,25,0,10
27,3288,0.0,0.0,0.0,1.0,25,0,10
27,3289,0.0,0.0,0.0,1.0,25,0,10
27,3290,0.0,0.0,0.0,1.0,25,0,10
27,3291,0.0,0.0,0.0,1.0,25,0,10
27,3292,0.0,0.0,0.0,1.0,25,0,10
27,3293,0.0,0.0,0.0,1.0,25,0,10
27,3294,0.0,0.0,0.0,1.0,25,0,10
27,3295,0.0,0.0,0.0,1.0,25,0,10
27,3296,0.0,0.0,0.0,1.0,25,0,10
27,3297,0.0,0.0,0.0,1.0,25,0,10
27,3298,0.0,0.0,0.0,1.0,25,0,10
27,3299,0.0,0.0,0.0,1.0,25,0,10
27,3300,0.0,0.0,0.0,1.0,25,0,10
27,3301,0.0,0.0,0.0,1.0,25,0,10
27,3302,0.0,0.0,0.0,1.0,25,0,10
27,3303,0.0,0.0,0.0,1.0,25,0,10
27,3304,0.0,0.0,0.0,1.0,25,0,10
27,3305,0.0,0.0,0.0,1.0,25,0,10
27,3306,0.0,0.0,0.0,1.0,25,0,10
27,3307,0.0,0.0,0.0,1.0,25,0,10
27,3308,0.0,0.0,0.0,1.0,25,0,10
27,3309,0.0,0.0,0.0,1.0,25,0,10
27,3310,0.0,0.0,0.0,1.0,25,0,10
27,3311,0.0,0.0,0.0,1.0,25,0,10
27,3312,0.0,0.0,0.0,1.0,25,0,10
27,3313,0.0,0.0,0.0,1.0,25,0,10
27,3314,0.0,0.0,0.0,1.0,25,0,10
27,3315,0.0,0.0,0.0,1.0,25,0,10
27,3316,0.0,0.0,0.0,1.0,25,0,10
27,3317,0.0,0.0,0.0,1.0,25,0,10
27,3318,0.0,0.0,0.0,1.0,25,0,10
27,3319,0.0,0.0,0.0,1.0,25,0,10
27,3320,0.0,0.0,0.0,1.0,25,0,10
27,3321,0.0,0.0,0.0,1.0,25,0,10
27,3322,0.0,0.0,0.0,1.0,25,0,10
27,3323,0.0,0.0,0.0,1.0,25,0,10
27,3324,0.0,0.0,0.0,1.0,25,0,10
27,3325,0.0,0.0,0.0,1.0,25,0,10
27,3326,0.0,0.0,0.0,1.0,25,0,10
27,3327,0.0,0.0,0.0,1.0,25,0,10
27,3328,0.0,0.0,0.0,1.0,25,0,10
27,3329,0.0,0.0,0.0,1.0,25,0,10
27,3330,0.0,0.0,0.0,1.0,25,0,10
27,3331,0.0,0.0,0.0,1.0,25,0,10
27,3332,0.0,0.0,0.0,1.0,25,0,10
27,3333,0.0,0.0,0.0,1.0,25,0,10
27,3334,0.0,0.0,0.0,1.0,25,0,10
27,3335,0.0,0.0,0.0,1.0,25,0,10
27,3336,0.0,0.0,0.0,1.0,25,0,10
27,3337,0.0,0.0,0.0,1.0,25,0,10
27,3338,0.0,0.0,0.0,1.0,25,0,10
27,3339,0.0,0.0,0.0,1.0,25,0,10
27,3340,0.0,0.0,0.0,1.0,25,0,10
27,3341,0.0,0.0,0.0,1.0,25,0,10
27,3342,0.0,0.0,0.0,1.0,25,0,10
27,3343,0.0,0.0,0.0,1.0,25,0,10
27,3344,0.0,0.0,0.0,1.0,25,0,10
27,3345,0.0,0.0,0.0,1.0,25,0,10
27,3346,0.0,0.0,0.0,1.0,25,0,10
27,3347,0.0,0.0,0.0,1.0,25,0,10
27,3348,0.0,0.0,0.0,1.0,25,0,10
27,3349,0.0,0.0,0.0,1.0,25,0,10
27,3350,0.0,0.0,0.0,1.0,25,0,10
27,3351,0.0,0.0,0.0,1.0,25,0,10
27,3352,0.0,0.0,0.0,1.0,25,0,10
27,3353,0.0,0.0,0.0,1.0,25,0,10
27,3354,0.0,0.0,0.0,1.0,25,0,10
27,3355,0.0,0.0,0.0,1.0,25,0,10
27,3356,0.0,0.0,0.0,1.0,25,0,10
27,3357,0.0,0.0,0.0,1.0,25,0,10
27,3358,0.0,0.0,0.0,1.0,25,0,10
27,3359,0.0,0.0,0.0,1.0,25,0,10
27,3360,0.0,0.0,0.0,1.0,25,0,10
27,3361,0.0,0.0,0.0,1.0,25,0,10
27,3362,0.0,0.0,0.0,1.0,25,0,10
27,3363,0.0,0.0,0.0,1.0,25,0,10
27,3364,0.0,0.0,0.0,1.0,25,0,10
27,3365,0.0,0.0,0.0,1.0,25,0,10
27,3366,0.0,0.0,0.0,1.0,25,0,10
27,3367,0.0,0.0,0.0,1.0,25,0,10
27,3368,0.0,0.0,0.0,1.0,25,0,10
27,3369,0.0,0.0,0.0,1.0,25,0,10
27,3370,0.0,0.0,0.0,1.0,25,0,10
27,3371,0.0,0.0,0.0,1.0,25,0,10
27,3372,0.0,0.0,0.0,1.0,25,0,10
27,3373,0.0,0.0,0.0,1.0,25,0,10
27,3374,0.0,0.0,0.0,1.0,25,0,10
27,3375,0.0,0.0,0.0,1.0,25,0,10
27,3376,0.0,0.0,0.0,1.0,25,0,10
27,3377,0.0,0.0,0.0,1.0,25,0,10
27,3378,0.0,0.0,0.0,1.0,25,0,10
27,3379,0.0,0.0,0.0,1.0,25,0,10
27,3380,0.0,0.0,0.0,1.0,25,0,10
27,3381,0.0,0.0,0.0,1.0,25,0,10
27,3382,0.0,0.0,0.0,1.0,25,0,10
27,3383,0.0,0.0,0.0,1.0,25,0,10
27,3384,0.0,0.0,0.0,1.0,25,0,10
27,3385,0.0,0.0,0.0,1.0,25,0,10
27,3386,0.0,0.0,0.0,1.0,25,0,10
27,3387,0.0,0.0,0.0,1.0,25,0,10
27,3388,0.0,0.0,0.0,1.0,25,0,10
27,3389,0.0,0.0,0.0,1.0,25,0,10
27,3390,0.0,0.0,0.0,1.0,25,0,10
27,3391,0.0,0.0,0.0,1.0,25,0,10
27,3392,0.0,0.0,0.0,1.0,25,0,10
27,3393,0.0,0.0,0.0,1.0,25,0,10
27,3394,0.0,0.0,0.0,1.0,25,0,10
27,3395,0.0,0.0,0.0,1.0,25,0,10
27,3396,0.0,0.0,0.0,1.0,25,0,10
27,3397,0.0,0.0,0.0,1.0,25,0,10
27,3398,0.0,0.0,0.0,1.0,25,0,10
27,3399,0.0,0.0,0.0,1.0,25,0,10
27,3400,0.0,0.0,0.0,1.0,25,0,10
27,3401,0.0,0.0,0.0,1.0,25,0,10
27,3402,0.0,0.0,0.0,1.0,25,0,10
27,3403,0.0,0.0,0.0,1.0,25,0,10
27,3404,0.0,0.0,0.0,1.0,25,0,10
27,3405,0.0,0.0,0.0,1.0,25,0,10
27,3406,0.0,0.0,0.0,1.0,25,0,10
27,3407,0.0,0.0,0.0,1.0,25,0,10
27,3408,0.0,0.0,0.0,1.0,25,0,10
27,3409,0.0,0.0,0.0,1.0,25,0,10
27,3410,0.0,0.0,0.0,1.0,25,0,10
27,3411,0.0,0.0,0.0,1.0,25,0,10
27,3412,0.0,0.0,0.0,1.0,25,0,10
27,3413,0.0,0.0,0.0,1.0,25,0,10
27,3414,0.0,0.0,0.0,1.0,25,0,10
27,3415,0.0,0.0,0.0,1.0,25,0,10
27,3416,0.0,0.0,0.0,1.0,25,0,10
27,3417,0.0,0.0,0.0,1.0,25,0,10
27,3418,0.0,0.0,0.0,1.0,25,0,10
27,3419,0.0,0.0,0.0,1.0,25,0,10
27,3420,0.0,0.0,0.0,1.0,25,0,10
27,3421,0.0,0.0,0.0,1.0,25,0,10
27,3422,0.0,0.0,0.0,1.0,25,0,10
27,3423,0.0,0.0,0.0,1.0,25,0,10
27,3424,0.0,0.0,0.0,1.0,25,0,10
27,3425,0.0,0.0,0.0,1.0,25,0,10
27,3426,0.0,0.0,0.0,1.0,25,0,10
27,3427,0.0,0.0,0.0,1.0,25,0,10
27,3428,0.0,0.0,0.0,1.0,25,0,10
27,3429,0.0,0.0,0.0,1.0,25,0,10
27,3430,0.0,0.0,0.0,1.0,25,0,10
27,3431,0.0,0.0,0.0,1.0,25,0,10
27,3432,0.0,0.0,0.0,1.0,25,0,10
27,3433,0.0,0.0,0.0,1.0,25,0,10
27,3434,0.0,0.0,0.0,1.0,25,0,10
27,3435,0.0,0.0,0.0,1.0,25,0,10
27,3436,0.0,0.0,0.0,1.0,25,0,10
27,3437,0.0,0.0,0.0,1.0,25,0,10
27,3438,0.0,0.0,0.0,1.0,25,0,10
27,3439,0.0,0.0,0.0,1.0,25,0,10
27,3440,0.0,0.0,0.0,1.0,25,0,10
27,3441,0.0,0.0,0.0,1.0,25,0,10
27,3442,0.0,0.0,0.0,1.0,25,0,10
27,3443,0.0,0.0,0.0,1.0,25,0,10
27,3444,0.0,0.0,0.0,1.0,25,0,10
27,3445,0.0,0.0,0.0,1.0,25,0,10
27,3446,0.0,0.0,0.0,1.0,25,0,10
27,3447,0.0,0.0,0.0,1.0,25,0,10
27,3448,0.0,0.0,0.0,1.0,25,0,10
27,3449,0.0,0.0,0.0,1.0,25,0,10
27,3450,0.0,0.0,0.0,1.0,25,0,10
27,3451,0.0,0.0,0.0,1.0,25,0,10
27,3452,0.0,0.0,0.0,1.0,25,0,10
27,3453,0.0,0.0,0.0,1.0,25,0,10
27,3454,0.0,0.0,0.0,1.0,25,0,10
27,3455,0.0,0.0,0.0,1.0,25,0,10
27,3456,0.0,0.0,0.0,1.0,25,0,10
27,3457,0.0,0.0,0.0,1.0,25,0,10
27,3458,0.0,0.0,0.0,1.0,25,0,10
27,3459,0.0,0.0,0.0,1.0,25,0,10
27,3460,0.0,0.0,0.0,1.0,25,0,10
27,3461,0.0,0.0,0.0,1.0,25,0,10
27,3462,0.0,0.0,0.0,1.0,25,0,10
27,3463,0.0,0.0,0.0,1.0,25,0,10
27,3464,0.0,0.0,0.0,1.0,25,0,10
27,3465,0.0,0.0,0.0,1.0,25,0,10
27,3466,0.0,0.0,0.0,1.0,25,0,10
27,3467,0.0,0.0,0.0,1.0,25,0,10
27,3468,0.0,0.0,0.0,1.0,25,0,10
27,3469,0.0,0.0,0.0,1.0,25,0,10
27,3470,0.0,0.0,0.0,1.0,25,0,10
27,3471,0.0,0.0,0.0,1.0,25,0,10
27,3472,0.0,0.0,0.0,1.0,25,0,10
27,3473,0.0,0.0,0.0,1.0,25,0,10
27,3474,0.0,0.0,0.0,1.0,25,0,10
27,3475,0.0,0.0,0.0,1.0,25,0,10
27,3476,0.0,0.0,0.0,1.0,25,0,10
27,3477,0.0,0.0,0.0,1.0,25,0,10
27,3478,0.0,0.0,0.0,1.0,25,0,10
27,3479,0.0,0.0,0.0,1.0,25,0,10
27,3480,0.0,0.0,0.0,1.0,25,0,10
27,3481,0.0,0.0,0.0,1.0,25,0,10
27,3482,0.0,0.0,0.0,1.0,25,0,10
27,3483,0.0,0.0,0.0,1.0,25,0,10
27,3484,0.0,0.0,0.0,1.0,25,0,10
27,3485,0.0,0.0,0.0,1.0,25,0,10
27,3486,0.0,0.0,0.0,1.0,25,0,10
27,3487,0.0,0.0,0.0,1.0,25,0,10
27,3488,0.0,0.0,0.0,1.0,25,0,10
27,3489,0.0,0.0,0.0,1.0,25,0,10
27,3490,0.0,0.0,0.0,1.0,25,0,10
27,3491,0.0,0.0,0.0,1.0,25,0,10
27,3492,0.0,0.0,0.0,1.0,25,0,10
27,3493,0.0,0.0,0.0,1.0,25,0,10
27,3494,0.0,0.0,0.0,1.0,25,0,10
27,3495,0.0,0.0,0.0,1.0,25,0,10
27,3496,0.0,0.0,0.0,1.0,25,0,10
27,3497,0.0,0.0,0.0,1.0,25,0,10
27,3498,0.0,0.0,0.0,1.0,25,0,10
27,3499,0.0,0.0,0.0,1.0,25,0,10
27,3500,0.0,0.0,0.0,1.0,25,0,10
27,3501,0.0,0.0,0.0,1.0,25,0,10
27,3502,0.0,0.0,0.0,1.0,25,0,10
27,3503,0.0,0.0,0.0,1.0,25,0,10
27,3504,0.0,0.0,0.0,1.0,25,0,10
27,3505,0.0,0.0,0.0,1.0,25,0,10
27,3506,0.0,0.0,0.0,1.0,25,0,10
27,3507,0.0,0.0,0.0,1.0,25,0,10
27,3508,0.0,0.0,0.0,1.0,25,0,10
27,3509,0.0,0.0,0.0,1.0,25,0,10
27,3510,0.0,0.0,0.0,1.0,25,0,10
27,3511,0.0,0.0,0.0,1.0,25,0,10
27,3512,0.0,0.0,0.0,1.0,25,0,10
27,3513,0.0,0.0,0.0,1.0,25,0,10
27,3514,0.0,0.0,0.0,1.0,25,0,10
27,3515,0.0,0.0,0.0,1.0,25,0,10
27,3516,0.0,0.0,0.0,1.0,25,0,10
27,3517,0.0,0.0,0.0,1.0,25,0,10
27,3518,0.0,0.0,0.0,1.0,25,0,10
27,3519,0.0,0.0,0.0,1.0,25,0,10
27,3520,0.0,0.0,0.0,1.0,25,0,10
27,3521,0.0,0.0,0.0,1.0,25,0,10
27,3522,0.0,0.0,0.0,1.0,25,0,10
27,3523,0.0,0.0,0.0,1.0,25,0,10
27,3524,0.0,0.0,0.0,1.0,25,0,10
27,3525,0.0,0.0,0.0,1.0,25,0,10
27,3526,0.0,0.0,0.0,1.0,25,0,10
27,3527,0.0,0.0,0.0,1.0,25,0,10
27,3528,0.0,0.0,0.0,1.0,25,0,10
27,3529,0.0,0.0,0.0,1.0,25,0,10
27,3530,0.0,0.0,0.0,1.0,25,0,10
27,3531,0.0,0.0,0.0,1.0,25,0,10
27,3532,0.0,0.0,0.0,1.0,25,0,10
27,3533,0.0,0.0,0.0,1.0,25,0,10
27,3534,0.0,0.0,0.0,1.0,25,0,10
27,3535,0.0,0.0,0.0,1.0,25,0,10
27,3536,0.0,0.0,0.0,1.0,25,0,10
27,3537,0.0,0.0,0.0,1.0,25,0,10
27,3538,0.0,0.0,0.0,1.0,25,0,10
27,3539,0.0,0.0,0.0,1.0,25,0,10
27,3540,0.0,0.0,0.0,1.0,25,0,10
27,3541,0.0,0.0,0.0,1.0,25,0,10
27,3542,0.0,0.0,0.0,1.0,25,0,10
27,3543,0.0,0.0,0.0,1.0,25,0,10
27,3544,0.0,0.0,0.0,1.0,25,0,10
27,3545,0.0,0.0,0.0,1.0,25,0,10
27,3546,0.0,0.0,0.0,1.0,25,0,10
27,3547,0.0,0.0,0.0,1.0,25,0,10
27,3548,0.0,0.0,0.0,1.0,25,0,10
27,3549,0.0,0.0,0.0,1.0,25,0,10
27,3550,0.0,0.0,0.0,1.0,25,0,10
27,3551,0.0,0.0,0.0,1.0,25,0,10
27,3552,0.0,0.0,0.0,1.0,25,0,10
27,3553,0.0,0.0,0.0,1.0,25,0,10
27,3554,0.0,0.0,0.0,1.0,25,0,10
27,3555,0.0,0.0,0.0,1.0,25,0,10
27,3556,0.0,0.0,0.0,1.0,25,0,10
27,3557,0.0,0.0,0.0,1.0,25,0,10
27,3558,0.0,0.0,0.0,1.0,25,0,10
27,3559,0.0,0.0,0.0,1.0,25,0,10
27,3560,0.0,0.0,0.0,1.0,25,0,10
27,3561,0.0,0.0,0.0,1.0,25,0,10
27,3562,0.0,0.0,0.0,1.0,25,0,10
27,3563,0.0,0.0,0.0,1.0,25,0,10
27,3564,0.0,0.0,0.0,1.0,25,0,10
27,3565,0.0,0.0,0.0,1.0,25,0,10
27,3566,0.0,0.0,0.0,1.0,25,0,10
27,3567,0.0,0.0,0.0,1.0,25,0,10
27,3568,0.0,0.0,0.0,1.0,25,0,10
27,3569,0.0,0.0,0.0,1.0,25,0,10
27,3570,0.0,0.0,0.0,1.0,25,0,10
27,3571,0.0,0.0,0.0,1.0,25,0,10
27,3572,0.0,0.0,0.0,1.0,25,0,10
27,3573,0.0,0.0,0.0,1.0,25,0,10
27,3574,0.0,0.0,0.0,1.0,25,0,10
27,3575,0.0,0.0,0.0,1.0,25,0,10
27,3576,0.0,0.0,0.0,1.0,25,0,10
27,3577,0.0,0.0,0.0,1.0,25,0,10
27,3578,0.0,0.0,0.0,1.0,25,0,10
27,3579,0.0,0.0,0.0,1.0,25,0,10
27,3580,0.0,0.0,0.0,1.0,25,0,10
27,3581,0.0,0.0,0.0,1.0,25,0,10
27,3582,0.0,0.0,0.0,1.0,25,0,10
27,3583,0.0,0.0,0.0,1.0,25,0,10
27,3584,0.0,0.0,0.0,1.0,25,0,10
27,3585,0.0,0.0,0.0,1.0,25,0,10
27,3586,0.0,0.0,0.0,1.0,25,0,10
27,3587,0.0,0.0,0.0,1.0,25,0,10
27,3588,0.0,0.0,0.0,1.0,25,0,10
27,3589,0.0,0.0,0.0,1.0,25,0,10
27,3590,0.0,0.0,0.0,1.0,25,0,10
27,3591,0.0,0.0,0.0,1.0,25,0,10
27,3592,0.0,0.0,0.0,1.0,25,0,10
27,3593,0.0,0.0,0.0,1.0,25,0,10
27,3594,0.0,0.0,0.0,1.0,25,0,10
27,3595,0.0,0.0,0.0,1.0,25,0,10
27,3596,0.0,0.0,0.0,1.0,25,0,10
27,3597,0.0,0.0,0.0,1.0,25,0,10
27,3598,0.0,0.0,0.0,1.0,25,0,10
27,3599,0.0,0.0,0.0,1.0,25,0,10
27,3600,0.0,0.0,0.0,1.0,25,0,10
27,3601,0.0,0.0,0.0,1.0,25,0,10
27,3602,0.0,0.0,0.0,1.0,25,0,10
27,3603,0.0,0.0,0.0,1.0,25,0,10
27,3604,0.0,0.0,0.0,1.0,25,0,10
27,3605,0.0,0.0,0.0,1.0,25,0,10
27,3606,0.0,0.0,0.0,1.0,25,0,10
27,3607,0.0,0.0,0.0,1.0,25,0,10
27,3608,0.0,0.0,0.0,1.0,25,0,10
27,3609,0.0,0.0,0.0,1.0,25,0,10
27,3610,0.0,0.0,0.0,1.0,25,0,10
27,3611,0.0,0.0,0.0,1.0,25,0,10
27,3612,0.0,0.0,0.0,1.0,25,0,10
27,3613,0.0,0.0,0.0,1.0,25,0,10
27,3614,0.0,0.0,0.0,1.0,25,0,10
27,3615,0.0,0.0,0.0,1.0,25,0,10
27,3616,0.0,0.0,0.0,1.0,25,0,10
27,3617,0.0,0.0,0.0,1.0,25,0,10
27,3618,0.0,0.0,0.0,1.0,25,0,10
27,3619,0.0,0.0,0.0,1.0,25,0,10
27,3620,0.0,0.0,0.0,1.0,25,0,10
27,3621,0.0,0.0,0.0,1.0,25,0,10
27,3622,0.0,0.0,0.0,1.0,25,0,10
27,3623,0.0,0.0,0.0,1.0,25,0,10
27,3624,0.0,0.0,0.0,1.0,25,0,10
27,3625,0.0,0.0,0.0,1.0,25,0,10
27,3626,0.0,0.0,0.0,1.0,25,0,10
27,3627,0.0,0.0,0.0,1.0,25,0,10
27,3628,0.0,0.0,0.0,1.0,25,0,10
27,3629,0.0,0.0,0.0,1.0,25,0,10
27,3630,0.0,0.0,0.0,1.0,25,0,10
27,3631,0.0,0.0,0.0,1.0,25,0,10
27,3632,0.0,0.0,0.0,1.0,25,0,10
27,3633,0.0,0.0,0.0,1.0,25,0,10
27,3634,0.0,0.0,0.0,1.0,25,0,10
27,3635,0.0,0.0,0.0,1.0,25,0,10
27,3636,0.0,0.0,0.0,1.0,25,0,10
27,3637,0.0,0.0,0.0,1.0,25,0,10
27,3638,0.0,0.0,0.0,1.0,25,0,10
27,3639,0.0,0.0,0.0,1.0,25,0,10
27,3640,0.0,0.0,0.0,1.0,25,0,10
27,3641,0.0,0.0,0.0,1.0,25,0,10
27,3642,0.0,0.0,0.0,1.0,25,0,10
27,3643,0.0,0.0,0.0,1.0,25,0,10
27,3644,0.0,0.0,0.0,1.0,25,0,10
27,3645,0.0,0.0,0.0,1.0,25,0,10
27,3646,0.0,0.0,0.0,1.0,25,0,10
27,3647,0.0,0.0,0.0,1.0,25,0,10
27,3648,0.0,0.0,0.0,1.0,25,0,10
27,3649,0.0,0.0,0.0,1.0,25,0,10
27,3650,0.0,0.0,0.0,1.0,25,0,10
27,3651,0.0,0.0,0.0,1.0,25,0,10
27,3652,0.0,0.0,0.0,1.0,25,0,10
27,3653,0.0,0.0,0.0,1.0,25,0,10
27,3654,0.0,0.0,0.0,1.0,25,0,10
27,3655,0.0,0.0,0.0,1.0,25,0,10
27,3656,0.0,0.0,0.0,1.0,25,0,10
27,3657,0.0,0.0,0.0,1.0,25,0,10
27,3658,0.0,0.0,0.0,1.0,25,0,10
27,3659,0.0,0.0,0.0,1.0,25,0,10
27,3660,0.0,0.0,0.0,1.0,25,0,10
27,3661,0.0,0.0,0.0,1.0,25,0,10
27,3662,0.0,0.0,0.0,1.0,25,0,10
27,3663,0.0,0.0,0.0,1.0,25,0,10
27,3664,0.0,0.0,0.0,1.0,25,0,10
27,3665,0.0,0.0,0.0,1.0,25,0,10
27,3666,0.0,0.0,0.0,1.0,25,0,10
27,3667,0.0,0.0,0.0,1.0,25,0,10
27,3668,0.0,0.0,0.0,1.0,25,0,10
27,3669,0.0,0.0,0.0,1.0,25,0,10
27,3670,0.0,0.0,0.0,1.0,25,0,10
27,3671,0.0,0.0,0.0,1.0,25,0,10
27,3672,0.0,0.0,0.0,1.0,25,0,10
27,3673,0.0,0.0,0.0,1.0,25,0,10
27,3674,0.0,0.0,0.0,1.0,25,0,10
27,3675,0.0,0.0,0.0,1.0,25,0,10
27,3676,0.0,0.0,0.0,1.0,25,0,10
27,3677,0.0,0.0,0.0,1.0,25,0,10
27,3678,0.0,0.0,0.0,1.0,25,0,10
27,3679,0.0,0.0,0.0,1.0,25,0,10
27,3680,0.0,0.0,0.0,1.0,25,0,10
27,3681,0.0,0.0,0.0,1.0,25,0,10
27,3682,0.0,0.0,0.0,1.0,25,0,10
27,3683,0.0,0.0,0.0,1.0,25,0,10
27,3684,0.0,0.0,0.0,1.0,25,0,10
27,3685,0.0,0.0,0.0,1.0,25,0,10
27,3686,0.0,0.0,0.0,1.0,25,0,10
27,3687,0.0,0.0,0.0,1.0,25,0,10
27,3688,0.0,0.0,0.0,1.0,25,0,10
27,3689,0.0,0.0,0.0,1.0,25,0,10
27,3690,0.0,0.0,0.0,1.0,25,0,10
27,3691,0.0,0.0,0.0,1.0,25,0,10
27,3692,0.0,0.0,0.0,1.0,25,0,10
27,3693,0.0,0.0,0.0,1.0,25,0,10
27,3694,0.0,0.0,0.0,1.0,25,0,10
27,3695,0.0,0.0,0.0,1.0,25,0,10
27,3696,0.0,0.0,0.0,1.0,25,0,10
27,3697,0.0,0.0,0.0,1.0,25,0,10
27,3698,0.0,0.0,0.0,1.0,25,0,10
27,3699,0.0,0.0,0.0,1.0,25,0,10
27,3700,0.0,0.0,0.0,1.0,25,0,10
27,3701,0.0,0.0,0.0,1.0,25,0,10
27,3702,0.0,0.0,0.0,1.0,25,0,10
27,3703,0.0,0.0,0.0,1.0,25,0,10
27,3704,0.0,0.0,0.0,1.0,25,0,10
27,3705,0.0,0.0,0.0,1.0,25,0,10
27,3706,0.0,0.0,0.0,1.0,25,0,10
27,3707,0.0,0.0,0.0,1.0,25,0,10
27,3708,0.0,0.0,0.0,1.0,25,0,10
27,3709,0.0,0.0,0.0,1.0,25,0,10
27,3710,0.0,0.0,0.0,1.0,25,0,10
27,3711,0.0,0.0,0.0,1.0,25,0,10
27,3712,0.0,0.0,0.0,1.0,25,0,10
27,3713,0.0,0.0,0.0,1.0,25,0,10
27,3714,0.0,0.0,0.0,1.0,25,0,10
27,3715,0.0,0.0,0.0,1.0,25,0,10
27,3716,0.0,0.0,0.0,1.0,25,0,10
27,3717,0.0,0.0,0.0,1.0,25,0,10
27,3718,0.0,0.0,0.0,1.0,25,0,10
27,3719,0.0,0.0,0.0,1.0,25,0,10
27,3720,0.0,0.0,0.0,1.0,25,0,10
27,3721,0.0,0.0,0.0,1.0,25,0,10
27,3722,0.0,0.0,0.0,1.0,25,0,10
27,3723,0.0,0.0,0.0,1.0,25,0,10
27,3724,0.0,0.0,0.0,1.0,25,0,10
27,3725,0.0,0.0,0.0,1.0,25,0,10
27,3726,0.0,0.0,0.0,1.0,25,0,10
27,3727,0.0,0.0,0.0,1.0,25,0,10
27,3728,0.0,0.0,0.0,1.0,25,0,10
27,3729,0.0,0.0,0.0,1.0,25,0,10
27,3730,0.0,0.0,0.0,1.0,25,0,10
27,3731,0.0,0.0,0.0,1.0,25,0,10
27,3732,0.0,0.0,0.0,1.0,25,0,10
27,3733,0.0,0.0,0.0,1.0,25,0,10
27,3734,0.0,0.0,0.0,1.0,25,0,10
27,3735,0.0,0.0,0.0,1.0,25,0,10
27,3736,0.0,0.0,0.0,1.0,25,0,10
27,3737,0.0,0.0,0.0,1.0,25,0,10
27,3738,0.0,0.0,0.0,1.0,25,0,10
27,3739,0.0,0.0,0.0,1.0,25,0,10
27,3740,0.0,0.0,0.0,1.0,25,0,10
27,3741,0.0,0.0,0.0,1.0,25,0,10
27,3742,0.0,0.0,0.0,1.0,25,0,10
27,3743,0.0,0.0,0.0,1.0,25,0,10
27,3744,0.0,0.0,0.0,1.0,25,0,10
27,3745,0.0,0.0,0.0,1.0,25,0,10
27,3746,0.0,0.0,0.0,1.0,25,0,10
27,3747,0.0,0.0,0.0,1.0,25,0,10
27,3748,0.0,0.0,0.0,1.0,25,0,10
27,3749,0.0,0.0,0.0,1.0,25,0,10
27,3750,0.0,0.0,0.0,1.0,25,0,10
27,3751,0.0,0.0,0.0,1.0,25,0,10
27,3752,0.0,0.0,0.0,1.0,25,0,10
27,3753,0.0,0.0,0.0,1.0,25,0,10
27,3754,0.0,0.0,0.0,1.0,25,0,10
27,3755,0.0,0.0,0.0,1.0,25,0,10
27,3756,0.0,0.0,0.0,1.0,25,0,10
27,3757,0.0,0.0,0.0,1.0,25,0,10
27,3758,0.0,0.0,0.0,1.0,25,0,10
27,3759,0.0,0.0,0.0,1.0,25,0,10
27,3760,0.0,0.0,0.0,1.0,25,0,10
27,3761,0.0,0.0,0.0,1.0,25,0,10
27,3762,0.0,0.0,0.0,1.0,25,0,10
27,3763,0.0,0.0,0.0,1.0,25,0,10
27,3764,0.0,0.0,0.0,1.0,25,0,10
27,3765,0.0,0.0,0.0,1.0,25,0,10
27,3766,0.0,0.0,0.0,1.0,25,0,10
27,3767,0.0,0.0,0.0,1.0,25,0,10
27,3768,0.0,0.0,0.0,1.0,25,0,10
27,3769,0.0,0.0,0.0,1.0,25,0,10
27,3770,0.0,0.0,0.0,1.0,25,0,10
27,3771,0.0,0.0,0.0,1.0,25,0,10
27,3772,0.0,0.0,0.0,1.0,25,0,10
27,3773,0.0,0.0,0.0,1.0,25,0,10
27,3774,0.0,0.0,0.0,1.0,25,0,10
27,3775,0.0,0.0,0.0,1.0,25,0,10
27,3776,0.0,0.0,0.0,1.0,25,0,10
27,3777,0.0,0.0,0.0,1.0,25,0,10
27,3778,0.0,0.0,0.0,1.0,25,0,10
27,3779,0.0,0.0,0.0,1.0,25,0,10
27,3780,0.0,0.0,0.0,1.0,25,0,10
27,3781,0.0,0.0,0.0,1.0,25,0,10
27,3782,0.0,0.0,0.0,1.0,25,0,10
27,3783,0.0,0.0,0.0,1.0,25,0,10
27,3784,0.0,0.0,0.0,1.0,25,0,10
27,3785,0.0,0.0,0.0,1.0,25,0,10
27,3786,0.0,0.0,0.0,1.0,25,0,10
27,3787,0.0,0.0,0.0,1.0,25,0,10
27,3788,0.0,0.0,0.0,1.0,25,0,10
27,3789,0.0,0.0,0.0,1.0,25,0,10
27,3790,0.0,0.0,0.0,1.0,25,0,10
27,3791,0.0,0.0,0.0,1.0,25,0,10
27,3792,0.0,0.0,0.0,1.0,25,0,10
27,3793,0.0,0.0,0.0,1.0,25,0,10
27,3794,0.0,0.0,0.0,1.0,25,0,10
27,3795,0.0,0.0,0.0,1.0,25,0,10
27,3796,0.0,0.0,0.0,1.0,25,0,10
27,3797,0.0,0.0,0.0,1.0,25,0,10
27,3798,0.0,0.0,0.0,1.0,25,0,10
27,3799,0.0,0.0,0.0,1.0,25,0,10
27,3800,0.0,0.0,0.0,1.0,25,0,10
27,3801,0.0,0.0,0.0,1.0,25,0,10
27,3802,0.0,0.0,0.0,1.0,25,0,10
27,3803,0.0,0.0,0.0,1.0,25,0,10
27,3804,0.0,0.0,0.0,1.0,25,0,10
27,3805,0.0,0.0,0.0,1.0,25,0,10
27,3806,0.0,0.0,0.0,1.0,25,0,10
27,3807,0.0,0.0,0.0,1.0,25,0,10
27,3808,0.0,0.0,0.0,1.0,25,0,10
27,3809,0.0,0.0,0.0,1.0,25,0,10
27,3810,0.0,0.0,0.0,1.0,25,0,10
27,3811,0.0,0.0,0.0,1.0,25,0,10
27,3812,0.0,0.0,0.0,1.0,25,0,10
27,3813,0.0,0.0,0.0,1.0,25,0,10
27,3814,0.0,0.0,0.0,1.0,25,0,10
27,3815,0.0,0.0,0.0,1.0,25,0,10
27,3816,0.0,0.0,0.0,1.0,25,0,10
27,3817,0.0,0.0,0.0,1.0,25,0,10
27,3818,0.0,0.0,0.0,1.0,25,0,10
27,3819,0.0,0.0,0.0,1.0,25,0,10
27,3820,0.0,0.0,0.0,1.0,25,0,10
27,3821,0.0,0.0,0.0,1.0,25,0,10
27,3822,0.0,0.0,0.0,1.0,25,0,10
27,3823,0.0,0.0,0.0,1.0,25,0,10
27,3824,0.0,0.0,0.0,1.0,25,0,10
27,3825,0.0,0.0,0.0,1.0,25,0,10
27,3826,0.0,0.0,0.0,1.0,25,0,10
27,3827,0.0,0.0,0.0,1.0,25,0,10
27,3828,0.0,0.0,0.0,1.0,25,0,10
27,3829,0.0,0.0,0.0,1.0,25,0,10
27,3830,0.0,0.0,0.0,1.0,25,0,10
27,3831,0.0,0.0,0.0,1.0,25,0,10
27,3832,0.0,0.0,0.0,1.0,25,0,10
27,3833,0.0,0.0,0.0,1.0,25,0,10
27,3834,0.0,0.0,0.0,1.0,25,0,10
27,3835,0.0,0.0,0.0,1.0,25,0,10
27,3836,0.0,0.0,0.0,1.0,25,0,10
27,3837,0.0,0.0,0.0,1.0,25,0,10
27,3838,0.0,0.0,0.0,1.0,25,0,10
27,3839,0.0,0.0,0.0,1.0,25,0,10
27,3840,0.0,0.0,0.0,1.0,25,0,10
27,3841,0.0,0.0,0.0,1.0,25,0,10
27,3842,0.0,0.0,0.0,1.0,25,0,10
27,3843,0.0,0.0,0.0,1.0,25,0,10
27,3844,0.0,0.0,0.0,1.0,25,0,10
27,3845,0.0,0.0,0.0,1.0,25,0,10
27,3846,0.0,0.0,0.0,1.0,25,0,10
27,3847,0.0,0.0,0.0,1.0,25,0,10
27,3848,0.0,0.0,0.0,1.0,25,0,10
27,3849,0.0,0.0,0.0,1.0,25,0,10
27,3850,0.0,0.0,0.0,1.0,25,0,10
27,3851,0.0,0.0,0.0,1.0,25,0,10
27,3852,0.0,0.0,0.0,1.0,25,0,10
27,3853,0.0,0.0,0.0,1.0,25,0,10
27,3854,0.0,0.0,0.0,1.0,25,0,10
27,3855,0.0,0.0,0.0,1.0,25,0,10
27,3856,0.0,0.0,0.0,1.0,25,0,10
27,3857,0.0,0.0,0.0,1.0,25,0,10
27,3858,0.0,0.0,0.0,1.0,25,0,10
27,3859,0.0,0.0,0.0,1.0,25,0,10
27,3860,0.0,0.0,0.0,1.0,25,0,10
27,3861,0.0,0.0,0.0,1.0,25,0,10
27,3862,0.0,0.0,0.0,1.0,25,0,10
27,3863,0.0,0.0,0.0,1.0,25,0,10
27,3864,0.0,0.0,0.0,1.0,25,0,10
27,3865,0.0,0.0,0.0,1.0,25,0,10
27,3866,0.0,0.0,0.0,1.0,25,0,10
27,3867,0.0,0.0,0.0,1.0,25,0,10
27,3868,0.0,0.0,0.0,1.0,25,0,10
27,3869,0.0,0.0,0.0,1.0,25,0,10
27,3870,0.0,0.0,0.0,1.0,25,0,10
27,3871,0.0,0.0,0.0,1.0,25,0,10
27,3872,0.0,0.0,0.0,1.0,25,0,10
27,3873,0.0,0.0,0.0,1.0,25,0,10
27,3874,0.0,0.0,0.0,1.0,25,0,10
27,3875,0.0,0.0,0.0,1.0,25,0,10
27,3876,0.0,0.0,0.0,1.0,25,0,10
27,3877,0.0,0.0,0.0,1.0,25,0,10
27,3878,0.0,0.0,0.0,1.0,25,0,10
27,3879,0.0,0.0,0.0,1.0,25,0,10
27,3880,0.0,0.0,0.0,1.0,25,0,10
27,3881,0.0,0.0,0.0,1.0,25,0,10
27,3882,0.0,0.0,0.0,1.0,25,0,10
27,3883,0.0,0.0,0.0,1.0,25,0,10
27,3884,0.0,0.0,0.0,1.0,25,0,10
27,3885,0.0,0.0,0.0,1.0,25,0,10
27,3886,0.0,0.0,0.0,1.0,25,0,10
27,3887,0.0,0.0,0.0,1.0,25,0,10
27,3888,0.0,0.0,0.0,1.0,25,0,10
27,3889,0.0,0.0,0.0,1.0,25,0,10
27,3890,0.0,0.0,0.0,1.0,25,0,10
27,3891,0.0,0.0,0.0,1.0,25,0,10
27,3892,0.0,0.0,0.0,1.0,25,0,10
27,3893,0.0,0.0,0.0,1.0,25,0,10
27,3894,0.0,0.0,0.0,1.0,25,0,10
27,3895,0.0,0.0,0.0,1.0,25,0,10
27,3896,0.0,0.0,0.0,1.0,25,0,10
27,3897,0.0,0.0,0.0,1.0,25,0,10
27,3898,0.0,0.0,0.0,1.0,25,0,10
27,3899,0.0,0.0,0.0,1.0,25,0,10
27,3900,0.0,0.0,0.0,1.0,25,0,10
27,3901,0.0,0.0,0.0,1.0,25,0,10
27,3902,0.0,0.0,0.0,1.0,25,0,10
27,3903,0.0,0.0,0.0,1.0,25,0,10
27,3904,0.0,0.0,0.0,1.0,25,0,10
27,3905,0.0,0.0,0.0,1.0,25,0,10
27,3906,0.0,0.0,0.0,1.0,25,0,10
27,3907,0.0,0.0,0.0,1.0,25,0,10
27,3908,0.0,0.0,0.0,1.0,25,0,10
27,3909,0.0,0.0,0.0,1.0,25,0,10
27,3910,0.0,0.0,0.0,1.0,25,0,10
27,3911,0.0,0.0,0.0,1.0,25,0,10
27,3912,0.0,0.0,0.0,1.0,25,0,10
27,3913,0.0,0.0,0.0,1.0,25,0,10
27,3914,0.0,0.0,0.0,1.0,25,0,10
27,3915,0.0,0.0,0.0,1.0,25,0,10
27,3916,0.0,0.0,0.0,1.0,25,0,10
27,3917,0.0,0.0,0.0,1.0,25,0,10
27,3918,0.0,0.0,0.0,1.0,25,0,10
27,3919,0.0,0.0,0.0,1.0,25,0,10
27,3920,0.0,0.0,0.0,1.0,25,0,10
27,3921,0.0,0.0,0.0,1.0,25,0,10
27,3922,0.0,0.0,0.0,1.0,25,0,10
27,3923,0.0,0.0,0.0,1.0,25,0,10
27,3924,0.0,0.0,0.0,1.0,25,0,10
27,3925,0.0,0.0,0.0,1.0,25,0,10
27,3926,0.0,0.0,0.0,1.0,25,0,10
27,3927,0.0,0.0,0.0,1.0,25,0,10
27,3928,0.0,0.0,0.0,1.0,25,0,10
27,3929,0.0,0.0,0.0,1.0,25,0,10
27,3930,0.0,0.0,0.0,1.0,25,0,10
27,3931,0.0,0.0,0.0,1.0,25,0,10
27,3932,0.0,0.0,0.0,1.0,25,0,10
27,3933,0.0,0.0,0.0,1.0,25,0,10
27,3934,0.0,0.0,0.0,1.0,25,0,10
27,3935,0.0,0.0,0.0,1.0,25,0,10
27,3936,0.0,0.0,0.0,1.0,25,0,10
27,3937,0.0,0.0,0.0,1.0,25,0,10
27,3938,0.0,0.0,0.0,1.0,25,0,10
27,3939,0.0,0.0,0.0,1.0,25,0,10
27,3940,0.0,0.0,0.0,1.0,25,0,10
27,3941,0.0,0.0,0.0,1.0,25,0,10
27,3942,0.0,0.0,0.0,1.0,25,0,10
27,3943,0.0,0.0,0.0,1.0,25,0,10
27,3944,0.0,0.0,0.0,1.0,25,0,10
27,3945,0.0,0.0,0.0,1.0,25,0,10
27,3946,0.0,0.0,0.0,1.0,25,0,10
27,3947,0.0,0.0,0.0,1.0,25,0,10
27,3948,0.0,0.0,0.0,1.0,25,0,10
27,3949,0.0,0.0,0.0,1.0,25,0,10
27,3950,0.0,0.0,0.0,1.0,25,0,10
27,3951,0.0,0.0,0.0,1.0,25,0,10
27,3952,0.0,0.0,0.0,1.0,25,0,10
27,3953,0.0,0.0,0.0,1.0,25,0,10
27,3954,0.0,0.0,0.0,1.0,25,0,10
27,3955,0.0,0.0,0.0,1.0,25,0,10
27,3956,0.0,0.0,0.0,1.0,25,0,10
27,3957,0.0,0.0,0.0,1.0,25,0,10
27,3958,0.0,0.0,0.0,1.0,25,0,10
27,3959,0.0,0.0,0.0,1.0,25,0,10
27,3960,0.0,0.0,0.0,1.0,25,0,10
27,3961,0.0,0.0,0.0,1.0,25,0,10
27,3962,0.0,0.0,0.0,1.0,25,0,10
27,3963,0.0,0.0,0.0,1.0,25,0,10
27,3964,0.0,0.0,0.0,1.0,25,0,10
27,3965,0.0,0.0,0.0,1.0,25,0,10
27,3966,0.0,0.0,0.0,1.0,25,0,10
27,3967,0.0,0.0,0.0,1.0,25,0,10
27,3968,0.0,0.0,0.0,1.0,25,0,10
27,3969,0.0,0.0,0.0,1.0,25,0,10
27,3970,0.0,0.0,0.0,1.0,25,0,10
27,3971,0.0,0.0,0.0,1.0,25,0,10
27,3972,0.0,0.0,0.0,1.0,25,0,10
27,3973,0.0,0.0,0.0,1.0,25,0,10
27,3974,0.0,0.0,0.0,1.0,25,0,10
27,3975,0.0,0.0,0.0,1.0,25,0,10
27,3976,0.0,0.0,0.0,1.0,25,0,10
27,3977,0.0,0.0,0.0,1.0,25,0,10
27,3978,0.0,0.0,0.0,1.0,25,0,10
27,3979,0.0,0.0,0.0,1.0,25,0,10
27,3980,0.0,0.0,0.0,1.0,25,0,10
27,3981,0.0,0.0,0.0,1.0,25,0,10
27,3982,0.0,0.0,0.0,1.0,25,0,10
27,3983,0.0,0.0,0.0,1.0,25,0,10
27,3984,0.0,0.0,0.0,1.0,25,0,10
27,3985,0.0,0.0,0.0,1.0,25,0,10
27,3986,0.0,0.0,0.0,1.0,25,0,10
27,3987,0.0,0.0,0.0,1.0,25,0,10
27,3988,0.0,0.0,0.0,1.0,25,0,10
27,3989,0.0,0.0,0.0,1.0,25,0,10
27,3990,0.0,0.0,0.0,1.0,25,0,10
27,3991,0.0,0.0,0.0,1.0,25,0,10
27,3992,0.0,0.0,0.0,1.0,25,0,10
27,3993,0.0,0.0,0.0,1.0,25,0,10
27,3994,0.0,0.0,0.0,1.0,25,0,10
27,3995,0.0,0.0,0.0,1.0,25,0,10
27,3996,0.0,0.0,0.0,1.0,25,0,10
27,3997,0.0,0.0,0.0,1.0,25,0,10
27,3998,0.0,0.0,0.0,1.0,25,0,10
27,3999,0.0,0.0,0.0,1.0,25,0,10
27,4000,0.0,0.0,0.0,1.0,25,0,10
27,4001,0.0,0.0,0.0,1.0,25,0,10
27,4002,0.0,0.0,0.0,1.0,25,0,10
27,4003,0.0,0.0,0.0,1.0,25,0,10
27,4004,0.0,0.0,0.0,1.0,25,0,10
27,4005,0.0,0.0,0.0,1.0,25,0,10
27,4006,0.0,0.0,0.0,1.0,25,0,10
27,4007,0.0,0.0,0.0,1.0,25,0,10
27,4008,0.0,0.0,0.0,1.0,25,0,10
27,4009,0.0,0.0,0.0,1.0,25,0,10
27,4010,0.0,0.0,0.0,1.0,25,0,10
27,4011,0.0,0.0,0.0,1.0,25,0,10
27,4012,0.0,0.0,0.0,1.0,25,0,10
27,4013,0.0,0.0,0.0,1.0,25,0,10
27,4014,0.0,0.0,0.0,1.0,25,0,10
27,4015,0.0,0.0,0.0,1.0,25,0,10
27,4016,0.0,0.0,0.0,1.0,25,0,10
27,4017,0.0,0.0,0.0,1.0,25,0,10
27,4018,0.0,0.0,0.0,1.0,25,0,10
27,4019,0.0,0.0,0.0,1.0,25,0,10
27,4020,0.0,0.0,0.0,1.0,25,0,10
27,4021,0.0,0.0,0.0,1.0,25,0,10
27,4022,0.0,0.0,0.0,1.0,25,0,10
27,4023,0.0,0.0,0.0,1.0,25,0,10
27,4024,0.0,0.0,0.0,1.0,25,0,10
27,4025,0.0,0.0,0.0,1.0,25,0,10
27,4026,0.0,0.0,0.0,1.0,25,0,10
27,4027,0.0,0.0,0.0,1.0,25,0,10
27,4028,0.0,0.0,0.0,1.0,25,0,10
27,4029,0.0,0.0,0.0,1.0,25,0,10
27,4030,0.0,0.0,0.0,1.0,25,0,10
27,4031,0.0,0.0,0.0,1.0,25,0,10
27,4032,0.0,0.0,0.0,1.0,25,0,10
27,4033,0.0,0.0,0.0,1.0,25,0,10
27,4034,0.0,0.0,0.0,1.0,25,0,10
27,4035,0.0,0.0,0.0,1.0,25,0,10
27,4036,0.0,0.0,0.0,1.0,25,0,10
27,4037,0.0,0.0,0.0,1.0,25,0,10
27,4038,0.0,0.0,0.0,1.0,25,0,10
27,4039,0.0,0.0,0.0,1.0,25,0,10
27,4040,0.0,0.0,0.0,1.0,25,0,10
27,4041,0.0,0.0,0.0,1.0,25,0,10
27,4042,0.0,0.0,0.0,1.0,25,0,10
27,4043,0.0,0.0,0.0,1.0,25,0,10
27,4044,0.0,0.0,0.0,1.0,25,0,10
27,4045,0.0,0.0,0.0,1.0,25,0,10
27,4046,0.0,0.0,0.0,1.0,25,0,10
27,4047,0.0,0.0,0.0,1.0,25,0,10
27,4048,0.0,0.0,0.0,1.0,25,0,10
27,4049,0.0,0.0,0.0,1.0,25,0,10
27,4050,0.0,0.0,0.0,1.0,25,0,10
27,4051,0.0,0.0,0.0,1.0,25,0,10
27,4052,0.0,0.0,0.0,1.0,25,0,10
27,4053,0.0,0.0,0.0,1.0,25,0,10
27,4054,0.0,0.0,0.0,1.0,25,0,10
27,4055,0.0,0.0,0.0,1.0,25,0,10
27,4056,0.0,0.0,0.0,1.0,25,0,10
27,4057,0.0,0.0,0.0,1.0,25,0,10
27,4058,0.0,0.0,0.0,1.0,25,0,10
27,4059,0.0,0.0,0.0,1.0,25,0,10
27,4060,0.0,0.0,0.0,1.0,25,0,10
27,4061,0.0,0.0,0.0,1.0,25,0,10
27,4062,0.0,0.0,0.0,1.0,25,0,10
27,4063,0.0,0.0,0.0,1.0,25,0,10
27,4064,0.0,0.0,0.0,1.0,25,0,10
27,4065,0.0,0.0,0.0,1.0,25,0,10
27,4066,0.0,0.0,0.0,1.0,25,0,10
27,4067,0.0,0.0,0.0,1.0,25,0,10
27,4068,0.0,0.0,0.0,1.0,25,0,10
27,4069,0.0,0.0,0.0,1.0,25,0,10
27,4070,0.0,0.0,0.0,1.0,25,0,10
27,4071,0.0,0.0,0.0,1.0,25,0,10
27,4072,0.0,0.0,0.0,1.0,25,0,10
27,4073,0.0,0.0,0.0,1.0,25,0,10
27,4074,0.0,0.0,0.0,1.0,25,0,10
27,4075,0.0,0.0,0.0,1.0,25,0,10
27,4076,0.0,0.0,0.0,1.0,25,0,10
27,4077,0.0,0.0,0.0,1.0,25,0,10
27,4078,0.0,0.0,0.0,1.0,25,0,10
27,4079,0.0,0.0,0.0,1.0,25,0,10
27,4080,0.0,0.0,0.0,1.0,25,0,10
27,4081,0.0,0.0,0.0,1.0,25,0,10
27,4082,0.0,0.0,0.0,1.0,25,0,10
27,4083,0.0,0.0,0.0,1.0,25,0,10
27,4084,0.0,0.0,0.0,1.0,25,0,10
27,4085,0.0,0.0,0.0,1.0,25,0,10
27,4086,0.0,0.0,0.0,1.0,25,0,10
27,4087,0.0,0.0,0.0,1.0,25,0,10
27,4088,0.0,0.0,0.0,1.0,25,0,10
27,4089,0.0,0.0,0.0,1.0,25,0,10
27,4090,0.0,0.0,0.0,1.0,25,0,10
27,4091,0.0,0.0,0.0,1.0,25,0,10
27,4092,0.0,0.0,0.0,1.0,25,0,10
27,4093,0.0,0.0,0.0,1.0,25,0,10
27,4094,0.0,0.0,0.0,1.0,25,0,10
27,4095,0.0,0.0,0.0,1.0,25,0,10
27,4096,0.0,0.0,0.0,1.0,25,0,10
27,4097,0.0,0.0,0.0,1.0,25,0,10
27,4098,0.0,0.0,0.0,1.0,25,0,10
27,4099,0.0,0.0,0.0,1.0,25,0,10
27,4100,0.0,0.0,0.0,1.0,25,0,10
27,4101,0.0,0.0,0.0,1.0,25,0,10
27,4102,0.0,0.0,0.0,1.0,25,0,10
27,4103,0.0,0.0,0.0,1.0,25,0,10
27,4104,0.0,0.0,0.0,1.0,25,0,10
27,4105,0.0,0.0,0.0,1.0,25,0,10
27,4106,0.0,0.0,0.0,1.0,25,0,10
27,4107,0.0,0.0,0.0,1.0,25,0,10
27,4108,0.0,0.0,0.0,1.0,25,0,10
27,4109,0.0,0.0,0.0,1.0,25,0,10
27,4110,0.0,0.0,0.0,1.0,25,0,10
27,4111,0.0,0.0,0.0,1.0,25,0,10
27,4112,0.0,0.0,0.0,1.0,25,0,10
27,4113,0.0,0.0,0.0,1.0,25,0,10
27,4114,0.0,0.0,0.0,1.0,25,0,10
27,4115,0.0,0.0,0.0,1.0,25,0,10
27,4116,0.0,0.0,0.0,1.0,25,0,10
27,4117,0.0,0.0,0.0,1.0,25,0,10
27,4118,0.0,0.0,0.0,1.0,25,0,10
27,4119,0.0,0.0,0.0,1.0,25,0,10
27,4120,0.0,0.0,0.0,1.0,25,0,10
27,4121,0.0,0.0,0.0,1.0,25,0,10
27,4122,0.0,0.0,0.0,1.0,25,0,10
27,4123,0.0,0.0,0.0,1.0,25,0,10
27,4124,0.0,0.0,0.0,1.0,25,0,10
27,4125,0.0,0.0,0.0,1.0,25,0,10
27,4126,0.0,0.0,0.0,1.0,25,0,10
27,4127,0.0,0.0,0.0,1.0,25,0,10
27,4128,0.0,0.0,0.0,1.0,25,0,10
27,4129,0.0,0.0,0.0,1.0,25,0,10
27,4130,0.0,0.0,0.0,1.0,25,0,10
27,4131,0.0,0.0,0.0,1.0,25,0,10
27,4132,0.0,0.0,0.0,1.0,25,0,10
27,4133,0.0,0.0,0.0,1.0,25,0,10
27,4134,0.0,0.0,0.0,1.0,25,0,10
27,4135,0.0,0.0,0.0,1.0,25,0,10
27,4136,0.0,0.0,0.0,1.0,25,0,10
27,4137,0.0,0.0,0.0,1.0,25,0,10
27,4138,0.0,0.0,0.0,1.0,25,0,10
27,4139,0.0,0.0,0.0,1.0,25,0,10
27,4140,0.0,0.0,0.0,1.0,25,0,10
27,4141,0.0,0.0,0.0,1.0,25,0,10
27,4142,0.0,0.0,0.0,1.0,25,0,10
27,4143,0.0,0.0,0.0,1.0,25,0,10
27,4144,0.0,0.0,0.0,1.0,25,0,10
27,4145,0.0,0.0,0.0,1.0,25,0,10
27,4146,0.0,0.0,0.0,1.0,25,0,10
27,4147,0.0,0.0,0.0,1.0,25,0,10
27,4148,0.0,0.0,0.0,1.0,25,0,10
27,4149,0.0,0.0,0.0,1.0,25,0,10
27,4150,0.0,0.0,0.0,1.0,25,0,10
27,4151,0.0,0.0,0.0,1.0,25,0,10
27,4152,0.0,0.0,0.0,1.0,25,0,10
27,4153,0.0,0.0,0.0,1.0,25,0,10
27,4154,0.0,0.0,0.0,1.0,25,0,10
27,4155,0.0,0.0,0.0,1.0,25,0,10
27,4156,0.0,0.0,0.0,1.0,25,0,10
27,4157,0.0,0.0,0.0,1.0,25,0,10
27,4158,0.0,0.0,0.0,1.0,25,0,10
27,4159,0.0,0.0,0.0,1.0,25,0,10
27,4160,0.0,0.0,0.0,1.0,25,0,10
27,4161,0.0,0.0,0.0,1.0,25,0,10
27,4162,0.0,0.0,0.0,1.0,25,0,10
27,4163,0.0,0.0,0.0,1.0,25,0,10
27,4164,0.0,0.0,0.0,1.0,25,0,10
27,4165,0.0,0.0,0.0,1.0,25,0,10
27,4166,0.0,0.0,0.0,1.0,25,0,10
27,4167,0.0,0.0,0.0,1.0,25,0,10
27,4168,0.0,0.0,0.0,1.0,25,0,10
27,4169,0.0,0.0,0.0,1.0,25,0,10
27,4170,0.0,0.0,0.0,1.0,25,0,10
27,4171,0.0,0.0,0.0,1.0,25,0,10
27,4172,0.0,0.0,0.0,1.0,25,0,10
27,4173,0.0,0.0,0.0,1.0,25,0,10
27,4174,0.0,0.0,0.0,1.0,25,0,10
27,4175,0.0,0.0,0.0,1.0,25,0,10
27,4176,0.0,0.0,0.0,1.0,25,0,10
27,4177,0.0,0.0,0.0,1.0,25,0,10
27,4178,0.0,0.0,0.0,1.0,25,0,10
27,4179,0.0,0.0,0.0,1.0,25,0,10
27,4180,0.0,0.0,0.0,1.0,25,0,10
27,4181,0.0,0.0,0.0,1.0,25,0,10
27,4182,0.0,0.0,0.0,1.0,25,0,10
27,4183,0.0,0.0,0.0,1.0,25,0,10
27,4184,0.0,0.0,0.0,1.0,25,0,10
27,4185,0.0,0.0,0.0,1.0,25,0,10
27,4186,0.0,0.0,0.0,1.0,25,0,10
27,4187,0.0,0.0,0.0,1.0,25,0,10
27,4188,0.0,0.0,0.0,1.0,25,0,10
27,4189,0.0,0.0,0.0,1.0,25,0,10
27,4190,0.0,0.0,0.0,1.0,25,0,10
27,4191,0.0,0.0,0.0,1.0,25,0,10
27,4192,0.0,0.0,0.0,1.0,25,0,10
27,4193,0.0,0.0,0.0,1.0,25,0,10
27,4194,0.0,0.0,0.0,1.0,25,0,10
27,4195,0.0,0.0,0.0,1.0,25,0,10
27,4196,0.0,0.0,0.0,1.0,25,0,10
27,4197,0.0,0.0,0.0,1.0,25,0,10
27,4198,0.0,0.0,0.0,1.0,25,0,10
27,4199,0.0,0.0,0.0,1.0,25,0,10
27,4200,0.0,0.0,0.0,1.0,25,0,10
27,4201,0.0,0.0,0.0,1.0,25,0,10
27,4202,0.0,0.0,0.0,1.0,25,0,10
27,4203,0.0,0.0,0.0,1.0,25,0,10
27,4204,0.0,0.0,0.0,1.0,25,0,10
27,4205,0.0,0.0,0.0,1.0,25,0,10
27,4206,0.0,0.0,0.0,1.0,25,0,10
27,4207,0.0,0.0,0.0,1.0,25,0,10
27,4208,0.0,0.0,0.0,1.0,25,0,10
27,4209,0.0,0.0,0.0,1.0,25,0,10
27,4210,0.0,0.0,0.0,1.0,25,0,10
27,4211,0.0,0.0,0.0,1.0,25,0,10
27,4212,0.0,0.0,0.0,1.0,25,0,10
27,4213,0.0,0.0,0.0,1.0,25,0,10
27,4214,0.0,0.0,0.0,1.0,25,0,10
27,4215,0.0,0.0,0.0,1.0,25,0,10
27,4216,0.0,0.0,0.0,1.0,25,0,10
27,4217,0.0,0.0,0.0,1.0,25,0,10
27,4218,0.0,0.0,0.0,1.0,25,0,10
27,4219,0.0,0.0,0.0,1.0,25,0,10
27,4220,0.0,0.0,0.0,1.0,25,0,10
27,4221,0.0,0.0,0.0,1.0,25,0,10
27,4222,0.0,0.0,0.0,1.0,25,0,10
27,4223,0.0,0.0,0.0,1.0,25,0,10
27,4224,0.0,0.0,0.0,1.0,25,0,10
27,4225,0.0,0.0,0.0,1.0,25,0,10
27,4226,0.0,0.0,0.0,1.0,25,0,10
27,4227,0.0,0.0,0.0,1.0,25,0,10
27,4228,0.0,0.0,0.0,1.0,25,0,10
27,4229,0.0,0.0,0.0,1.0,25,0,10
27,4230,0.0,0.0,0.0,1.0,25,0,10
27,4231,0.0,0.0,0.0,1.0,25,0,10
27,4232,0.0,0.0,0.0,1.0,25,0,10
27,4233,0.0,0.0,0.0,1.0,25,0,10
27,4234,0.0,0.0,0.0,1.0,25,0,10
27,4235,0.0,0.0,0.0,1.0,25,0,10
27,4236,0.0,0.0,0.0,1.0,25,0,10
27,4237,0.0,0.0,0.0,1.0,25,0,10
27,4238,0.0,0.0,0.0,1.0,25,0,10
27,4239,0.0,0.0,0.0,1.0,25,0,10
27,4240,0.0,0.0,0.0,1.0,25,0,10
27,4241,0.0,0.0,0.0,1.0,25,0,10
27,4242,0.0,0.0,0.0,1.0,25,0,10
27,4243,0.0,0.0,0.0,1.0,25,0,10
27,4244,0.0,0.0,0.0,1.0,25,0,10
27,4245,0.0,0.0,0.0,1.0,25,0,10
27,4246,0.0,0.0,0.0,1.0,25,0,10
27,4247,0.0,0.0,0.0,1.0,25,0,10
27,4248,0.0,0.0,0.0,1.0,25,0,10
27,4249,0.0,0.0,0.0,1.0,25,0,10
27,4250,0.0,0.0,0.0,1.0,25,0,10
27,4251,0.0,0.0,0.0,1.0,25,0,10
27,4252,0.0,0.0,0.0,1.0,25,0,10
27,4253,0.0,0.0,0.0,1.0,25,0,10
27,4254,0.0,0.0,0.0,1.0,25,0,10
27,4255,0.0,0.0,0.0,1.0,25,0,10
27,4256,0.0,0.0,0.0,1.0,25,0,10
27,4257,0.0,0.0,0.0,1.0,25,0,10
27,4258,0.0,0.0,0.0,1.0,25,0,10
27,4259,0.0,0.0,0.0,1.0,25,0,10
27,4260,0.0,0.0,0.0,1.0,25,0,10
27,4261,0.0,0.0,0.0,1.0,25,0,10
27,4262,0.0,0.0,0.0,1.0,25,0,10
27,4263,0.0,0.0,0.0,1.0,25,0,10
27,4264,0.0,0.0,0.0,1.0,25,0,10
27,4265,0.0,0.0,0.0,1.0,25,0,10
27,4266,0.0,0.0,0.0,1.0,25,0,10
27,4267,0.0,0.0,0.0,1.0,25,0,10
27,4268,0.0,0.0,0.0,1.0,25,0,10
27,4269,0.0,0.0,0.0,1.0,25,0,10
27,4270,0.0,0.0,0.0,1.0,25,0,10
27,4271,0.0,0.0,0.0,1.0,25,0,10
27,4272,0.0,0.0,0.0,1.0,25,0,10
27,4273,0.0,0.0,0.0,1.0,25,0,10
27,4274,0.0,0.0,0.0,1.0,25,0,10
27,4275,0.0,0.0,0.0,1.0,25,0,10
27,4276,0.0,0.0,0.0,1.0,25,0,10
27,4277,0.0,0.0,0.0,1.0,25,0,10
27,4278,0.0,0.0,0.0,1.0,25,0,10
27,4279,0.0,0.0,0.0,1.0,25,0,10
27,4280,0.0,0.0,0.0,1.0,25,0,10
27,4281,0.0,0.0,0.0,1.0,25,0,10
27,4282,0.0,0.0,0.0,1.0,25,0,10
27,4283,0.0,0.0,0.0,1.0,25,0,10
27,4284,0.0,0.0,0.0,1.0,25,0,10
27,4285,0.0,0.0,0.0,1.0,25,0,10
27,4286,0.0,0.0,0.0,1.0,25,0,10
27,4287,0.0,0.0,0.0,1.0,25,0,10
27,4288,0.0,0.0,0.0,1.0,25,0,10
27,4289,0.0,0.0,0.0,1.0,25,0,10
27,4290,0.0,0.0,0.0,1.0,25,0,10
27,4291,0.0,0.0,0.0,1.0,25,0,10
27,4292,0.0,0.0,0.0,1.0,25,0,10
27,4293,0.0,0.0,0.0,1.0,25,0,10
27,4294,0.0,0.0,0.0,1.0,25,0,10
27,4295,0.0,0.0,0.0,1.0,25,0,10
27,4296,0.0,0.0,0.0,1.0,25,0,10
27,4297,0.0,0.0,0.0,1.0,25,0,10
27,4298,0.0,0.0,0.0,1.0,25,0,10
27,4299,0.0,0.0,0.0,1.0,25,0,10
27,4300,0.0,0.0,0.0,1.0,25,0,10
27,4301,0.0,0.0,0.0,1.0,25,0,10
27,4302,0.0,0.0,0.0,1.0,25,0,10
27,4303,0.0,0.0,0.0,1.0,25,0,10
27,4304,0.0,0.0,0.0,1.0,25,0,10
27,4305,0.0,0.0,0.0,1.0,25,0,10
27,4306,0.0,0.0,0.0,1.0,25,0,10
27,4307,0.0,0.0,0.0,1.0,25,0,10
27,4308,0.0,0.0,0.0,1.0,25,0,10
27,4309,0.0,0.0,0.0,1.0,25,0,10
27,4310,0.0,0.0,0.0,1.0,25,0,10
27,4311,0.0,0.0,0.0,1.0,25,0,10
27,4312,0.0,0.0,0.0,1.0,25,0,10
27,4313,0.0,0.0,0.0,1.0,25,0,10
27,4314,0.0,0.0,0.0,1.0,25,0,10
27,4315,0.0,0.0,0.0,1.0,25,0,10
27,4316,0.0,0.0,0.0,1.0,25,0,10
27,4317,0.0,0.0,0.0,1.0,25,0,10
27,4318,0.0,0.0,0.0,1.0,25,0,10
27,4319,0.0,0.0,0.0,1.0,25,0,10
27,4320,0.0,0.0,0.0,1.0,25,0,10
27,4321,0.0,0.0,0.0,1.0,25,0,10
27,4322,0.0,0.0,0.0,1.0,25,0,10
27,4323,0.0,0.0,0.0,1.0,25,0,10
27,4324,0.0,0.0,0.0,1.0,25,0,10
27,4325,0.0,0.0,0.0,1.0,25,0,10
27,4326,0.0,0.0,0.0,1.0,25,0,10
27,4327,0.0,0.0,0.0,1.0,25,0,10
27,4328,0.0,0.0,0.0,1.0,25,0,10
27,4329,0.0,0.0,0.0,1.0,25,0,10
27,4330,0.0,0.0,0.0,1.0,25,0,10
27,4331,0.0,0.0,0.0,1.0,25,0,10
27,4332,0.0,0.0,0.0,1.0,25,0,10
27,4333,0.0,0.0,0.0,1.0,25,0,10
27,4334,0.0,0.0,0.0,1.0,25,0,10
27,4335,0.0,0.0,0.0,1.0,25,0,10
27,4336,0.0,0.0,0.0,1.0,25,0,10
27,4337,0.0,0.0,0.0,1.0,25,0,10
27,4338,0.0,0.0,0.0,1.0,25,0,10
27,4339,0.0,0.0,0.0,1.0,25,0,10
27,4340,0.0,0.0,0.0,1.0,25,0,10
27,4341,0.0,0.0,0.0,1.0,25,0,10
27,4342,0.0,0.0,0.0,1.0,25,0,10
27,4343,0.0,0.0,0.0,1.0,25,0,10
27,4344,0.0,0.0,0.0,1.0,25,0,10
27,4345,0.0,0.0,0.0,1.0,25,0,10
27,4346,0.0,0.0,0.0,1.0,25,0,10
27,4347,0.0,0.0,0.0,1.0,25,0,10
27,4348,0.0,0.0,0.0,1.0,25,0,10
27,4349,0.0,0.0,0.0,1.0,25,0,10
27,4350,0.0,0.0,0.0,1.0,25,0,10
27,4351,0.0,0.0,0.0,1.0,25,0,10
27,4352,0.0,0.0,0.0,1.0,25,0,10
27,4353,0.0,0.0,0.0,1.0,25,0,10
27,4354,0.0,0.0,0.0,1.0,25,0,10
27,4355,0.0,0.0,0.0,1.0,25,0,10
27,4356,0.0,0.0,0.0,1.0,25,0,10
27,4357,0.0,0.0,0.0,1.0,25,0,10
27,4358,0.0,0.0,0.0,1.0,25,0,10
27,4359,0.0,0.0,0.0,1.0,25,0,10
27,4360,0.0,0.0,0.0,1.0,25,0,10
27,4361,0.0,0.0,0.0,1.0,25,0,10
27,4362,0.0,0.0,0.0,1.0,25,0,10
27,4363,0.0,0.0,0.0,1.0,25,0,10
27,4364,0.0,0.0,0.0,1.0,25,0,10
27,4365,0.0,0.0,0.0,1.0,25,0,10
27,4366,0.0,0.0,0.0,1.0,25,0,10
27,4367,0.0,0.0,0.0,1.0,25,0,10
27,4368,0.0,0.0,0.0,1.0,25,0,10
27,4369,0.0,0.0,0.0,1.0,25,0,10
27,4370,0.0,0.0,0.0,1.0,25,0,10
27,4371,0.0,0.0,0.0,1.0,25,0,10
27,4372,0.0,0.0,0.0,1.0,25,0,10
27,4373,0.0,0.0,0.0,1.0,25,0,10
27,4374,0.0,0.0,0.0,1.0,25,0,10
27,4375,0.0,0.0,0.0,1.0,25,0,10
27,4376,0.0,0.0,0.0,1.0,25,0,10
27,4377,0.0,0.0,0.0,1.0,25,0,10
27,4378,0.0,0.0,0.0,1.0,25,0,10
27,4379,0.0,0.0,0.0,1.0,25,0,10
27,4380,0.0,0.0,0.0,1.0,25,0,10
27,4381,0.0,0.0,0.0,1.0,25,0,10
27,4382,0.0,0.0,0.0,1.0,25,0,10
27,4383,0.0,0.0,0.0,1.0,25,0,10
27,4384,0.0,0.0,0.0,1.0,25,0,10
27,4385,0.0,0.0,0.0,1.0,25,0,10
27,4386,0.0,0.0,0.0,1.0,25,0,10
27,4387,0.0,0.0,0.0,1.0,25,0,10
27,4388,0.0,0.0,0.0,1.0,25,0,10
27,4389,0.0,0.0,0.0,1.0,25,0,10
27,4390,0.0,0.0,0.0,1.0,25,0,10
27,4391,0.0,0.0,0.0,1.0,25,0,10
27,4392,0.0,0.0,0.0,1.0,25,0,10
27,4393,0.0,0.0,0.0,1.0,25,0,10
27,4394,0.0,0.0,0.0,1.0,25,0,10
27,4395,0.0,0.0,0.0,1.0,25,0,10
27,4396,0.0,0.0,0.0,1.0,25,0,10
27,4397,0.0,0.0,0.0,1.0,25,0,10
27,4398,0.0,0.0,0.0,1.0,25,0,10
27,4399,0.0,0.0,0.0,1.0,25,0,10
27,4400,0.0,0.0,0.0,1.0,25,0,10
27,4401,0.0,0.0,0.0,1.0,25,0,10
27,4402,0.0,0.0,0.0,1.0,25,0,10
27,4403,0.0,0.0,0.0,1.0,25,0,10
27,4404,0.0,0.0,0.0,1.0,25,0,10
27,4405,0.0,0.0,0.0,1.0,25,0,10
27,4406,0.0,0.0,0.0,1.0,25,0,10
27,4407,0.0,0.0,0.0,1.0,25,0,10
27,4408,0.0,0.0,0.0,1.0,25,0,10
27,4409,0.0,0.0,0.0,1.0,25,0,10
27,4410,0.0,0.0,0.0,1.0,25,0,10
27,4411,0.0,0.0,0.0,1.0,25,0,10
27,4412,0.0,0.0,0.0,1.0,25,0,10
27,4413,0.0,0.0,0.0,1.0,25,0,10
27,4414,0.0,0.0,0.0,1.0,25,0,10
27,4415,0.0,0.0,0.0,1.0,25,0,10
27,4416,0.0,0.0,0.0,1.0,25,0,10
27,4417,0.0,0.0,0.0,1.0,25,0,10
27,4418,0.0,0.0,0.0,1.0,25,0,10
27,4419,0.0,0.0,0.0,1.0,25,0,10
27,4420,0.0,0.0,0.0,1.0,25,0,10
27,4421,0.0,0.0,0.0,1.0,25,0,10
27,4422,0.0,0.0,0.0,1.0,25,0,10
27,4423,0.0,0.0,0.0,1.0,25,0,10
27,4424,0.0,0.0,0.0,1.0,25,0,10
27,4425,0.0,0.0,0.0,1.0,25,0,10
27,4426,0.0,0.0,0.0,1.0,25,0,10
27,4427,0.0,0.0,0.0,1.0,25,0,10
27,4428,0.0,0.0,0.0,1.0,25,0,10
27,4429,0.0,0.0,0.0,1.0,25,0,10
27,4430,0.0,0.0,0.0,1.0,25,0,10
27,4431,0.0,0.0,0.0,1.0,25,0,10
27,4432,0.0,0.0,0.0,1.0,25,0,10
27,4433,0.0,0.0,0.0,1.0,25,0,10
27,4434,0.0,0.0,0.0,1.0,25,0,10
27,4435,0.0,0.0,0.0,1.0,25,0,10
27,4436,0.0,0.0,0.0,1.0,25,0,10
27,4437,0.0,0.0,0.0,1.0,25,0,10
27,4438,0.0,0.0,0.0,1.0,25,0,10
27,4439,0.0,0.0,0.0,1.0,25,0,10
27,4440,0.0,0.0,0.0,1.0,25,0,10
27,4441,0.0,0.0,0.0,1.0,25,0,10
27,4442,0.0,0.0,0.0,1.0,25,0,10
27,4443,0.0,0.0,0.0,1.0,25,0,10
27,4444,0.0,0.0,0.0,1.0,25,0,10
27,4445,0.0,0.0,0.0,1.0,25,0,10
27,4446,0.0,0.0,0.0,1.0,25,0,10
27,4447,0.0,0.0,0.0,1.0,25,0,10
27,4448,0.0,0.0,0.0,1.0,25,0,10
27,4449,0.0,0.0,0.0,1.0,25,0,10
27,4450,0.0,0.0,0.0,1.0,25,0,10
27,4451,0.0,0.0,0.0,1.0,25,0,10
27,4452,0.0,0.0,0.0,1.0,25,0,10
27,4453,0.0,0.0,0.0,1.0,25,0,10
27,4454,0.0,0.0,0.0,1.0,25,0,10
27,4455,0.0,0.0,0.0,1.0,25,0,10
27,4456,0.0,0.0,0.0,1.0,25,0,10
27,4457,0.0,0.0,0.0,1.0,25,0,10
27,4458,0.0,0.0,0.0,1.0,25,0,10
27,4459,0.0,0.0,0.0,1.0,25,0,10
27,4460,0.0,0.0,0.0,1.0,25,0,10
27,4461,0.0,0.0,0.0,1.0,25,0,10
27,4462,0.0,0.0,0.0,1.0,25,0,10
27,4463,0.0,0.0,0.0,1.0,25,0,10
27,4464,0.0,0.0,0.0,1.0,25,0,10
27,4465,0.0,0.0,0.0,1.0,25,0,10
27,4466,0.0,0.0,0.0,1.0,25,0,10
27,4467,0.0,0.0,0.0,1.0,25,0,10
27,4468,0.0,0.0,0.0,1.0,25,0,10
27,4469,0.0,0.0,0.0,1.0,25,0,10
27,4470,0.0,0.0,0.0,1.0,25,0,10
27,4471,0.0,0.0,0.0,1.0,25,0,10
27,4472,0.0,0.0,0.0,1.0,25,0,10
27,4473,0.0,0.0,0.0,1.0,25,0,10
27,4474,0.0,0.0,0.0,1.0,25,0,10
27,4475,0.0,0.0,0.0,1.0,25,0,10
27,4476,0.0,0.0,0.0,1.0,25,0,10
27,4477,0.0,0.0,0.0,1.0,25,0,10
27,4478,0.0,0.0,0.0,1.0,25,0,10
27,4479,0.0,0.0,0.0,1.0,25,0,10
27,4480,0.0,0.0,0.0,1.0,25,0,10
27,4481,0.0,0.0,0.0,1.0,25,0,10
27,4482,0.0,0.0,0.0,1.0,25,0,10
27,4483,0.0,0.0,0.0,1.0,25,0,10
27,4484,0.0,0.0,0.0,1.0,25,0,10
27,4485,0.0,0.0,0.0,1.0,25,0,10
27,4486,0.0,0.0,0.0,1.0,25,0,10
27,4487,0.0,0.0,0.0,1.0,25,0,10
27,4488,0.0,0.0,0.0,1.0,25,0,10
27,4489,0.0,0.0,0.0,1.0,25,0,10
27,4490,0.0,0.0,0.0,1.0,25,0,10
27,4491,0.0,0.0,0.0,1.0,25,0,10
27,4492,0.0,0.0,0.0,1.0,25,0,10
27,4493,0.0,0.0,0.0,1.0,25,0,10
27,4494,0.0,0.0,0.0,1.0,25,0,10
27,4495,0.0,0.0,0.0,1.0,25,0,10
27,4496,0.0,0.0,0.0,1.0,25,0,10
27,4497,0.0,0.0,0.0,1.0,25,0,10
27,4498,0.0,0.0,0.0,1.0,25,0,10
27,4499,0.0,0.0,0.0,1.0,25,0,10
27,4500,0.0,0.0,0.0,1.0,25,0,10
27,4501,0.0,0.0,0.0,1.0,25,0,10
27,4502,0.0,0.0,0.0,1.0,25,0,10
27,4503,0.0,0.0,0.0,1.0,25,0,10
27,4504,0.0,0.0,0.0,1.0,25,0,10
27,4505,0.0,0.0,0.0,1.0,25,0,10
27,4506,0.0,0.0,0.0,1.0,25,0,10
27,4507,0.0,0.0,0.0,1.0,25,0,10
27,4508,0.0,0.0,0.0,1.0,25,0,10
27,4509,0.0,0.0,0.0,1.0,25,0,10
27,4510,0.0,0.0,0.0,1.0,25,0,10
27,4511,0.0,0.0,0.0,1.0,25,0,10
27,4512,0.0,0.0,0.0,1.0,25,0,10
27,4513,0.0,0.0,0.0,1.0,25,0,10
27,4514,0.0,0.0,0.0,1.0,25,0,10
27,4515,0.0,0.0,0.0,1.0,25,0,10
27,4516,0.0,0.0,0.0,1.0,25,0,10
27,4517,0.0,0.0,0.0,1.0,25,0,10
27,4518,0.0,0.0,0.0,1.0,25,0,10
27,4519,0.0,0.0,0.0,1.0,25,0,10
27,4520,0.0,0.0,0.0,1.0,25,0,10
27,4521,0.0,0.0,0.0,1.0,25,0,10
27,4522,0.0,0.0,0.0,1.0,25,0,10
27,4523,0.0,0.0,0.0,1.0,25,0,10
27,4524,0.0,0.0,0.0,1.0,25,0,10
27,4525,0.0,0.0,0.0,1.0,25,0,10
27,4526,0.0,0.0,0.0,1.0,25,0,10
27,4527,0.0,0.0,0.0,1.0,25,0,10
27,4528,0.0,0.0,0.0,1.0,25,0,10
27,4529,0.0,0.0,0.0,1.0,25,0,10
27,4530,0.0,0.0,0.0,1.0,25,0,10
27,4531,0.0,0.0,0.0,1.0,25,0,10
27,4532,0.0,0.0,0.0,1.0,25,0,10
27,4533,0.0,0.0,0.0,1.0,25,0,10
27,4534,0.0,0.0,0.0,1.0,25,0,10
27,4535,0.0,0.0,0.0,1.0,25,0,10
27,4536,0.0,0.0,0.0,1.0,25,0,10
27,4537,0.0,0.0,0.0,1.0,25,0,10
27,4538,0.0,0.0,0.0,1.0,25,0,10
27,4539,0.0,0.0,0.0,1.0,25,0,10
27,4540,0.0,0.0,0.0,1.0,25,0,10
27,4541,0.0,0.0,0.0,1.0,25,0,10
27,4542,0.0,0.0,0.0,1.0,25,0,10
27,4543,0.0,0.0,0.0,1.0,25,0,10
27,4544,0.0,0.0,0.0,1.0,25,0,10
27,4545,0.0,0.0,0.0,1.0,25,0,10
27,4546,0.0,0.0,0.0,1.0,25,0,10
27,4547,0.0,0.0,0.0,1.0,25,0,10
27,4548,0.0,0.0,0.0,1.0,25,0,10
27,4549,0.0,0.0,0.0,1.0,25,0,10
27,4550,0.0,0.0,0.0,1.0,25,0,10
27,4551,0.0,0.0,0.0,1.0,25,0,10
27,4552,0.0,0.0,0.0,1.0,25,0,10
27,4553,0.0,0.0,0.0,1.0,25,0,10
27,4554,0.0,0.0,0.0,1.0,25,0,10
27,4555,0.0,0.0,0.0,1.0,25,0,10
27,4556,0.0,0.0,0.0,1.0,25,0,10
27,4557,0.0,0.0,0.0,1.0,25,0,10
27,4558,0.0,0.0,0.0,1.0,25,0,10
27,4559,0.0,0.0,0.0,1.0,25,0,10
27,4560,0.0,0.0,0.0,1.0,25,0,10
27,4561,0.0,0.0,0.0,1.0,25,0,10
27,4562,0.0,0.0,0.0,1.0,25,0,10
27,4563,0.0,0.0,0.0,1.0,25,0,10
27,4564,0.0,0.0,0.0,1.0,25,0,10
27,4565,0.0,0.0,0.0,1.0,25,0,10
27,4566,0.0,0.0,0.0,1.0,25,0,10
27,4567,0.0,0.0,0.0,1.0,25,0,10
27,4568,0.0,0.0,0.0,1.0,25,0,10
27,4569,0.0,0.0,0.0,1.0,25,0,10
27,4570,0.0,0.0,0.0,1.0,25,0,10
27,4571,0.0,0.0,0.0,1.0,25,0,10
27,4572,0.0,0.0,0.0,1.0,25,0,10
27,4573,0.0,0.0,0.0,1.0,25,0,10
27,4574,0.0,0.0,0.0,1.0,25,0,10
27,4575,0.0,0.0,0.0,1.0,25,0,10
27,4576,0.0,0.0,0.0,1.0,25,0,10
27,4577,0.0,0.0,0.0,1.0,25,0,10
27,4578,0.0,0.0,0.0,1.0,25,0,10
27,4579,0.0,0.0,0.0,1.0,25,0,10
27,4580,0.0,0.0,0.0,1.0,25,0,10
27,4581,0.0,0.0,0.0,1.0,25,0,10
27,4582,0.0,0.0,0.0,1.0,25,0,10
27,4583,0.0,0.0,0.0,1.0,25,0,10
27,4584,0.0,0.0,0.0,1.0,25,0,10
27,4585,0.0,0.0,0.0,1.0,25,0,10
27,4586,0.0,0.0,0.0,1.0,25,0,10
27,4587,0.0,0.0,0.0,1.0,25,0,10
27,4588,0.0,0.0,0.0,1.0,25,0,10
27,4589,0.0,0.0,0.0,1.0,25,0,10
27,4590,0.0,0.0,0.0,1.0,25,0,10
27,4591,0.0,0.0,0.0,1.0,25,0,10
27,4592,0.0,0.0,0.0,1.0,25,0,10
27,4593,0.0,0.0,0.0,1.0,25,0,10
27,4594,0.0,0.0,0.0,1.0,25,0,10
27,4595,0.0,0.0,0.0,1.0,25,0,10
27,4596,0.0,0.0,0.0,1.0,25,0,10
27,4597,0.0,0.0,0.0,1.0,25,0,10
27,4598,0.0,0.0,0.0,1.0,25,0,10
27,4599,0.0,0.0,0.0,1.0,25,0,10
27,4600,0.0,0.0,0.0,1.0,25,0,10
27,4601,0.0,0.0,0.0,1.0,25,0,10
27,4602,0.0,0.0,0.0,1.0,25,0,10
27,4603,0.0,0.0,0.0,1.0,25,0,10
27,4604,0.0,0.0,0.0,1.0,25,0,10
27,4605,0.0,0.0,0.0,1.0,25,0,10
27,4606,0.0,0.0,0.0,1.0,25,0,10
27,4607,0.0,0.0,0.0,1.0,25,0,10
27,4608,0.0,0.0,0.0,1.0,25,0,10
27,4609,0.0,0.0,0.0,1.0,25,0,10
27,4610,0.0,0.0,0.0,1.0,25,0,10
27,4611,0.0,0.0,0.0,1.0,25,0,10
27,4612,0.0,0.0,0.0,1.0,25,0,10
27,4613,0.0,0.0,0.0,1.0,25,0,10
27,4614,0.0,0.0,0.0,1.0,25,0,10
27,4615,0.0,0.0,0.0,1.0,25,0,10
27,4616,0.0,0.0,0.0,1.0,25,0,10
27,4617,0.0,0.0,0.0,1.0,25,0,10
27,4618,0.0,0.0,0.0,1.0,25,0,10
27,4619,0.0,0.0,0.0,1.0,25,0,10
27,4620,0.0,0.0,0.0,1.0,25,0,10
27,4621,0.0,0.0,0.0,1.0,25,0,10
27,4622,0.0,0.0,0.0,1.0,25,0,10
27,4623,0.0,0.0,0.0,1.0,25,0,10
27,4624,0.0,0.0,0.0,1.0,25,0,10
27,4625,0.0,0.0,0.0,1.0,25,0,10
27,4626,0.0,0.0,0.0,1.0,25,0,10
27,4627,0.0,0.0,0.0,1.0,25,0,10
27,4628,0.0,0.0,0.0,1.0,25,0,10
27,4629,0.0,0.0,0.0,1.0,25,0,10
27,4630,0.0,0.0,0.0,1.0,25,0,10
27,4631,0.0,0.0,0.0,1.0,25,0,10
27,4632,0.0,0.0,0.0,1.0,25,0,10
27,4633,0.0,0.0,0.0,1.0,25,0,10
27,4634,0.0,0.0,0.0,1.0,25,0,10
27,4635,0.0,0.0,0.0,1.0,25,0,10
27,4636,0.0,0.0,0.0,1.0,25,0,10
27,4637,0.0,0.0,0.0,1.0,25,0,10
27,4638,0.0,0.0,0.0,1.0,25,0,10
27,4639,0.0,0.0,0.0,1.0,25,0,10
27,4640,0.0,0.0,0.0,1.0,25,0,10
27,4641,0.0,0.0,0.0,1.0,25,0,10
27,4642,0.0,0.0,0.0,1.0,25,0,10
27,4643,0.0,0.0,0.0,1.0,25,0,10
27,4644,0.0,0.0,0.0,1.0,25,0,10
27,4645,0.0,0.0,0.0,1.0,25,0,10
27,4646,0.0,0.0,0.0,1.0,25,0,10
27,4647,0.0,0.0,0.0,1.0,25,0,10
27,4648,0.0,0.0,0.0,1.0,25,0,10
27,4649,0.0,0.0,0.0,1.0,25,0,10
27,4650,0.0,0.0,0.0,1.0,25,0,10
27,4651,0.0,0.0,0.0,1.0,25,0,10
27,4652,0.0,0.0,0.0,1.0,25,0,10
27,4653,0.0,0.0,0.0,1.0,25,0,10
27,4654,0.0,0.0,0.0,1.0,25,0,10
27,4655,0.0,0.0,0.0,1.0,25,0,10
27,4656,0.0,0.0,0.0,1.0,25,0,10
27,4657,0.0,0.0,0.0,1.0,25,0,10
27,4658,0.0,0.0,0.0,1.0,25,0,10
27,4659,0.0,0.0,0.0,1.0,25,0,10
27,4660,0.0,0.0,0.0,1.0,25,0,10
27,4661,0.0,0.0,0.0,1.0,25,0,10
27,4662,0.0,0.0,0.0,1.0,25,0,10
27,4663,0.0,0.0,0.0,1.0,25,0,10
27,4664,0.0,0.0,0.0,1.0,25,0,10
27,4665,0.0,0.0,0.0,1.0,25,0,10
27,4666,0.0,0.0,0.0,1.0,25,0,10
27,4667,0.0,0.0,0.0,1.0,25,0,10
27,4668,0.0,0.0,0.0,1.0,25,0,10
27,4669,0.0,0.0,0.0,1.0,25,0,10
27,4670,0.0,0.0,0.0,1.0,25,0,10
27,4671,0.0,0.0,0.0,1.0,25,0,10
27,4672,0.0,0.0,0.0,1.0,25,0,10
27,4673,0.0,0.0,0.0,1.0,25,0,10
27,4674,0.0,0.0,0.0,1.0,25,0,10
27,4675,0.0,0.0,0.0,1.0,25,0,10
27,4676,0.0,0.0,0.0,1.0,25,0,10
27,4677,0.0,0.0,0.0,1.0,25,0,10
27,4678,0.0,0.0,0.0,1.0,25,0,10
27,4679,0.0,0.0,0.0,1.0,25,0,10
27,4680,0.0,0.0,0.0,1.0,25,0,10
27,4681,0.0,0.0,0.0,1.0,25,0,10
27,4682,0.0,0.0,0.0,1.0,25,0,10
27,4683,0.0,0.0,0.0,1.0,25,0,10
27,4684,0.0,0.0,0.0,1.0,25,0,10
27,4685,0.0,0.0,0.0,1.0,25,0,10
27,4686,0.0,0.0,0.0,1.0,25,0,10
27,4687,0.0,0.0,0.0,1.0,25,0,10
27,4688,0.0,0.0,0.0,1.0,25,0,10
27,4689,0.0,0.0,0.0,1.0,25,0,10
27,4690,0.0,0.0,0.0,1.0,25,0,10
27,4691,0.0,0.0,0.0,1.0,25,0,10
27,4692,0.0,0.0,0.0,1.0,25,0,10
27,4693,0.0,0.0,0.0,1.0,25,0,10
27,4694,0.0,0.0,0.0,1.0,25,0,10
27,4695,0.0,0.0,0.0,1.0,25,0,10
27,4696,0.0,0.0,0.0,1.0,25,0,10
27,4697,0.0,0.0,0.0,1.0,25,0,10
27,4698,0.0,0.0,0.0,1.0,25,0,10
27,4699,0.0,0.0,0.0,1.0,25,0,10
27,4700,0.0,0.0,0.0,1.0,25,0,10
27,4701,0.0,0.0,0.0,1.0,25,0,10
27,4702,0.0,0.0,0.0,1.0,25,0,10
27,4703,0.0,0.0,0.0,1.0,25,0,10
27,4704,0.0,0.0,0.0,1.0,25,0,10
27,4705,0.0,0.0,0.0,1.0,25,0,10
27,4706,0.0,0.0,0.0,1.0,25,0,10
27,4707,0.0,0.0,0.0,1.0,25,0,10
27,4708,0.0,0.0,0.0,1.0,25,0,10
27,4709,0.0,0.0,0.0,1.0,25,0,10
27,4710,0.0,0.0,0.0,1.0,25,0,10
27,4711,0.0,0.0,0.0,1.0,25,0,10
27,4712,0.0,0.0,0.0,1.0,25,0,10
27,4713,0.0,0.0,0.0,1.0,25,0,10
27,4714,0.0,0.0,0.0,1.0,25,0,10
27,4715,0.0,0.0,0.0,1.0,25,0,10
27,4716,0.0,0.0,0.0,1.0,25,0,10
27,4717,0.0,0.0,0.0,1.0,25,0,10
27,4718,0.0,0.0,0.0,1.0,25,0,10
27,4719,0.0,0.0,0.0,1.0,25,0,10
27,4720,0.0,0.0,0.0,1.0,25,0,10
27,4721,0.0,0.0,0.0,1.0,25,0,10
27,4722,0.0,0.0,0.0,1.0,25,0,10
27,4723,0.0,0.0,0.0,1.0,25,0,10
27,4724,0.0,0.0,0.0,1.0,25,0,10
27,4725,0.0,0.0,0.0,1.0,25,0,10
27,4726,0.0,0.0,0.0,1.0,25,0,10
27,4727,0.0,0.0,0.0,1.0,25,0,10
27,4728,0.0,0.0,0.0,1.0,25,0,10
27,4729,0.0,0.0,0.0,1.0,25,0,10
27,4730,0.0,0.0,0.0,1.0,25,0,10
27,4731,0.0,0.0,0.0,1.0,25,0,10
27,4732,0.0,0.0,0.0,1.0,25,0,10
27,4733,0.0,0.0,0.0,1.0,25,0,10
27,4734,0.0,0.0,0.0,1.0,25,0,10
27,4735,0.0,0.0,0.0,1.0,25,0,10
27,4736,0.0,0.0,0.0,1.0,25,0,10
27,4737,0.0,0.0,0.0,1.0,25,0,10
27,4738,0.0,0.0,0.0,1.0,25,0,10
27,4739,0.0,0.0,0.0,1.0,25,0,10
27,4740,0.0,0.0,0.0,1.0,25,0,10
27,4741,0.0,0.0,0.0,1.0,25,0,10
27,4742,0.0,0.0,0.0,1.0,25,0,10
27,4743,0.0,0.0,0.0,1.0,25,0,10
27,4744,0.0,0.0,0.0,1.0,25,0,10
27,4745,0.0,0.0,0.0,1.0,25,0,10
27,4746,0.0,0.0,0.0,1.0,25,0,10
27,4747,0.0,0.0,0.0,1.0,25,0,10
27,4748,0.0,0.0,0.0,1.0,25,0,10
27,4749,0.0,0.0,0.0,1.0,25,0,10
27,4750,0.0,0.0,0.0,1.0,25,0,10
27,4751,0.0,0.0,0.0,1.0,25,0,10
27,4752,0.0,0.0,0.0,1.0,25,0,10
27,4753,0.0,0.0,0.0,1.0,25,0,10
27,4754,0.0,0.0,0.0,1.0,25,0,10
27,4755,0.0,0.0,0.0,1.0,25,0,10
27,4756,0.0,0.0,0.0,1.0,25,0,10
27,4757,0.0,0.0,0.0,1.0,25,0,10
27,4758,0.0,0.0,0.0,1.0,25,0,10
27,4759,0.0,0.0,0.0,1.0,25,0,10
27,4760,0.0,0.0,0.0,1.0,25,0,10
27,4761,0.0,0.0,0.0,1.0,25,0,10
27,4762,0.0,0.0,0.0,1.0,25,0,10
27,4763,0.0,0.0,0.0,1.0,25,0,10
27,4764,0.0,0.0,0.0,1.0,25,0,10
27,4765,0.0,0.0,0.0,1.0,25,0,10
27,4766,0.0,0.0,0.0,1.0,25,0,10
27,4767,0.0,0.0,0.0,1.0,25,0,10
27,4768,0.0,0.0,0.0,1.0,25,0,10
27,4769,0.0,0.0,0.0,1.0,25,0,10
27,4770,0.0,0.0,0.0,1.0,25,0,10
27,4771,0.0,0.0,0.0,1.0,25,0,10
27,4772,0.0,0.0,0.0,1.0,25,0,10
27,4773,0.0,0.0,0.0,1.0,25,0,10
27,4774,0.0,0.0,0.0,1.0,25,0,10
27,4775,0.0,0.0,0.0,1.0,25,0,10
27,4776,0.0,0.0,0.0,1.0,25,0,10
27,4777,0.0,0.0,0.0,1.0,25,0,10
27,4778,0.0,0.0,0.0,1.0,25,0,10
27,4779,0.0,0.0,0.0,1.0,25,0,10
27,4780,0.0,0.0,0.0,1.0,25,0,10
27,4781,0.0,0.0,0.0,1.0,25,0,10
27,4782,0.0,0.0,0.0,1.0,25,0,10
27,4783,0.0,0.0,0.0,1.0,25,0,10
27,4784,0.0,0.0,0.0,1.0,25,0,10
27,4785,0.0,0.0,0.0,1.0,25,0,10
27,4786,0.0,0.0,0.0,1.0,25,0,10
27,4787,0.0,0.0,0.0,1.0,25,0,10
27,4788,0.0,0.0,0.0,1.0,25,0,10
27,4789,0.0,0.0,0.0,1.0,25,0,10
27,4790,0.0,0.0,0.0,1.0,25,0,10
27,4791,0.0,0.0,0.0,1.0,25,0,10
27,4792,0.0,0.0,0.0,1.0,25,0,10
27,4793,0.0,0.0,0.0,1.0,25,0,10
27,4794,0.0,0.0,0.0,1.0,25,0,10
27,4795,0.0,0.0,0.0,1.0,25,0,10
27,4796,0.0,0.0,0.0,1.0,25,0,10
27,4797,0.0,0.0,0.0,1.0,25,0,10
27,4798,0.0,0.0,0.0,1.0,25,0,10
27,4799,0.0,0.0,0.0,1.0,25,0,10
27,4800,0.0,0.0,0.0,1.0,25,0,10
27,4801,0.0,0.0,0.0,1.0,25,0,10
27,4802,0.0,0.0,0.0,1.0,25,0,10
27,4803,0.0,0.0,0.0,1.0,25,0,10
27,4804,0.0,0.0,0.0,1.0,25,0,10
27,4805,0.0,0.0,0.0,1.0,25,0,10
27,4806,0.0,0.0,0.0,1.0,25,0,10
27,4807,0.0,0.0,0.0,1.0,25,0,10
27,4808,0.0,0.0,0.0,1.0,25,0,10
27,4809,0.0,0.0,0.0,1.0,25,0,10
27,4810,0.0,0.0,0.0,1.0,25,0,10
27,4811,0.0,0.0,0.0,1.0,25,0,10
27,4812,0.0,0.0,0.0,1.0,25,0,10
27,4813,0.0,0.0,0.0,1.0,25,0,10
27,4814,0.0,0.0,0.0,1.0,25,0,10
27,4815,0.0,0.0,0.0,1.0,25,0,10
27,4816,0.0,0.0,0.0,1.0,25,0,10
27,4817,0.0,0.0,0.0,1.0,25,0,10
27,4818,0.0,0.0,0.0,1.0,25,0,10
27,4819,0.0,0.0,0.0,1.0,25,0,10
27,4820,0.0,0.0,0.0,1.0,25,0,10
27,4821,0.0,0.0,0.0,1.0,25,0,10
27,4822,0.0,0.0,0.0,1.0,25,0,10
27,4823,0.0,0.0,0.0,1.0,25,0,10
27,4824,0.0,0.0,0.0,1.0,25,0,10
27,4825,0.0,0.0,0.0,1.0,25,0,10
27,4826,0.0,0.0,0.0,1.0,25,0,10
27,4827,0.0,0.0,0.0,1.0,25,0,10
27,4828,0.0,0.0,0.0,1.0,25,0,10
27,4829,0.0,0.0,0.0,1.0,25,0,10
27,4830,0.0,0.0,0.0,1.0,25,0,10
27,4831,0.0,0.0,0.0,1.0,25,0,10
27,4832,0.0,0.0,0.0,1.0,25,0,10
27,4833,0.0,0.0,0.0,1.0,25,0,10
27,4834,0.0,0.0,0.0,1.0,25,0,10
27,4835,0.0,0.0,0.0,1.0,25,0,10
27,4836,0.0,0.0,0.0,1.0,25,0,10
27,4837,0.0,0.0,0.0,1.0,25,0,10
27,4838,0.0,0.0,0.0,1.0,25,0,10
27,4839,0.0,0.0,0.0,1.0,25,0,10
27,4840,0.0,0.0,0.0,1.0,25,0,10
27,4841,0.0,0.0,0.0,1.0,25,0,10
27,4842,0.0,0.0,0.0,1.0,25,0,10
27,4843,0.0,0.0,0.0,1.0,25,0,10
27,4844,0.0,0.0,0.0,1.0,25,0,10
27,4845,0.0,0.0,0.0,1.0,25,0,10
27,4846,0.0,0.0,0.0,1.0,25,0,10
27,4847,0.0,0.0,0.0,1.0,25,0,10
27,4848,0.0,0.0,0.0,1.0,25,0,10
27,4849,0.0,0.0,0.0,1.0,25,0,10
27,4850,0.0,0.0,0.0,1.0,25,0,10
27,4851,0.0,0.0,0.0,1.0,25,0,10
27,4852,0.0,0.0,0.0,1.0,25,0,10
27,4853,0.0,0.0,0.0,1.0,25,0,10
27,4854,0.0,0.0,0.0,1.0,25,0,10
27,4855,0.0,0.0,0.0,1.0,25,0,10
27,4856,0.0,0.0,0.0,1.0,25,0,10
27,4857,0.0,0.0,0.0,1.0,25,0,10
27,4858,0.0,0.0,0.0,1.0,25,0,10
27,4859,0.0,0.0,0.0,1.0,25,0,10
27,4860,0.0,0.0,0.0,1.0,25,0,10
27,4861,0.0,0.0,0.0,1.0,25,0,10
27,4862,0.0,0.0,0.0,1.0,25,0,10
27,4863,0.0,0.0,0.0,1.0,25,0,10
27,4864,0.0,0.0,0.0,1.0,25,0,10
27,4865,0.0,0.0,0.0,1.0,25,0,10
27,4866,0.0,0.0,0.0,1.0,25,0,10
27,4867,0.0,0.0,0.0,1.0,25,0,10
27,4868,0.0,0.0,0.0,1.0,25,0,10
27,4869,0.0,0.0,0.0,1.0,25,0,10
27,4870,0.0,0.0,0.0,1.0,25,0,10
27,4871,0.0,0.0,0.0,1.0,25,0,10
27,4872,0.0,0.0,0.0,1.0,25,0,10
27,4873,0.0,0.0,0.0,1.0,25,0,10
27,4874,0.0,0.0,0.0,1.0,25,0,10
27,4875,0.0,0.0,0.0,1.0,25,0,10
27,4876,0.0,0.0,0.0,1.0,25,0,10
27,4877,0.0,0.0,0.0,1.0,25,0,10
27,4878,0.0,0.0,0.0,1.0,25,0,10
27,4879,0.0,0.0,0.0,1.0,25,0,10
27,4880,0.0,0.0,0.0,1.0,25,0,10
27,4881,0.0,0.0,0.0,1.0,25,0,10
27,4882,0.0,0.0,0.0,1.0,25,0,10
27,4883,0.0,0.0,0.0,1.0,25,0,10
27,4884,0.0,0.0,0.0,1.0,25,0,10
27,4885,0.0,0.0,0.0,1.0,25,0,10
27,4886,0.0,0.0,0.0,1.0,25,0,10
27,4887,0.0,0.0,0.0,1.0,25,0,10
27,4888,0.0,0.0,0.0,1.0,25,0,10
27,4889,0.0,0.0,0.0,1.0,25,0,10
27,4890,0.0,0.0,0.0,1.0,25,0,10
27,4891,0.0,0.0,0.0,1.0,25,0,10
27,4892,0.0,0.0,0.0,1.0,25,0,10
27,4893,0.0,0.0,0.0,1.0,25,0,10
27,4894,0.0,0.0,0.0,1.0,25,0,10
27,4895,0.0,0.0,0.0,1.0,25,0,10
27,4896,0.0,0.0,0.0,1.0,25,0,10
27,4897,0.0,0.0,0.0,1.0,25,0,10
27,4898,0.0,0.0,0.0,1.0,25,0,10
27,4899,0.0,0.0,0.0,1.0,25,0,10
27,4900,0.0,0.0,0.0,1.0,25,0,10
27,4901,0.0,0.0,0.0,1.0,25,0,10
27,4902,0.0,0.0,0.0,1.0,25,0,10
27,4903,0.0,0.0,0.0,1.0,25,0,10
27,4904,0.0,0.0,0.0,1.0,25,0,10
27,4905,0.0,0.0,0.0,1.0,25,0,10
27,4906,0.0,0.0,0.0,1.0,25,0,10
27,4907,0.0,0.0,0.0,1.0,25,0,10
27,4908,0.0,0.0,0.0,1.0,25,0,10
27,4909,0.0,0.0,0.0,1.0,25,0,10
27,4910,0.0,0.0,0.0,1.0,25,0,10
27,4911,0.0,0.0,0.0,1.0,25,0,10
27,4912,0.0,0.0,0.0,1.0,25,0,10
27,4913,0.0,0.0,0.0,1.0,25,0,10
27,4914,0.0,0.0,0.0,1.0,25,0,10
27,4915,0.0,0.0,0.0,1.0,25,0,10
27,4916,0.0,0.0,0.0,1.0,25,0,10
27,4917,0.0,0.0,0.0,1.0,25,0,10
27,4918,0.0,0.0,0.0,1.0,25,0,10
27,4919,0.0,0.0,0.0,1.0,25,0,10
27,4920,0.0,0.0,0.0,1.0,25,0,10
27,4921,0.0,0.0,0.0,1.0,25,0,10
27,4922,0.0,0.0,0.0,1.0,25,0,10
27,4923,0.0,0.0,0.0,1.0,25,0,10
27,4924,0.0,0.0,0.0,1.0,25,0,10
27,4925,0.0,0.0,0.0,1.0,25,0,10
27,4926,0.0,0.0,0.0,1.0,25,0,10
27,4927,0.0,0.0,0.0,1.0,25,0,10
27,4928,0.0,0.0,0.0,1.0,25,0,10
27,4929,0.0,0.0,0.0,1.0,25,0,10
27,4930,0.0,0.0,0.0,1.0,25,0,10
27,4931,0.0,0.0,0.0,1.0,25,0,10
27,4932,0.0,0.0,0.0,1.0,25,0,10
27,4933,0.0,0.0,0.0,1.0,25,0,10
27,4934,0.0,0.0,0.0,1.0,25,0,10
27,4935,0.0,0.0,0.0,1.0,25,0,10
27,4936,0.0,0.0,0.0,1.0,25,0,10
27,4937,0.0,0.0,0.0,1.0,25,0,10
27,4938,0.0,0.0,0.0,1.0,25,0,10
27,4939,0.0,0.0,0.0,1.0,25,0,10
27,4940,0.0,0.0,0.0,1.0,25,0,10
27,4941,0.0,0.0,0.0,1.0,25,0,10
27,4942,0.0,0.0,0.0,1.0,25,0,10
27,4943,0.0,0.0,0.0,1.0,25,0,10
27,4944,0.0,0.0,0.0,1.0,25,0,10
27,4945,0.0,0.0,0.0,1.0,25,0,10
27,4946,0.0,0.0,0.0,1.0,25,0,10
27,4947,0.0,0.0,0.0,1.0,25,0,10
27,4948,0.0,0.0,0.0,1.0,25,0,10
27,4949,0.0,0.0,0.0,1.0,25,0,10
27,4950,0.0,0.0,0.0,1.0,25,0,10
27,4951,0.0,0.0,0.0,1.0,25,0,10
27,4952,0.0,0.0,0.0,1.0,25,0,10
27,4953,0.0,0.0,0.0,1.0,25,0,10
27,4954,0.0,0.0,0.0,1.0,25,0,10
27,4955,0.0,0.0,0.0,1.0,25,0,10
27,4956,0.0,0.0,0.0,1.0,25,0,10
27,4957,0.0,0.0,0.0,1.0,25,0,10
27,4958,0.0,0.0,0.0,1.0,25,0,10
27,4959,0.0,0.0,0.0,1.0,25,0,10
27,4960,0.0,0.0,0.0,1.0,25,0,10
27,4961,0.0,0.0,0.0,1.0,25,0,10
27,4962,0.0,0.0,0.0,1.0,25,0,10
27,4963,0.0,0.0,0.0,1.0,25,0,10
27,4964,0.0,0.0,0.0,1.0,25,0,10
27,4965,0.0,0.0,0.0,1.0,25,0,10
27,4966,0.0,0.0,0.0,1.0,25,0,10
27,4967,0.0,0.0,0.0,1.0,25,0,10
27,4968,0.0,0.0,0.0,1.0,25,0,10
27,4969,0.0,0.0,0.0,1.0,25,0,10
27,4970,0.0,0.0,0.0,1.0,25,0,10
27,4971,0.0,0.0,0.0,1.0,25,0,10
27,4972,0.0,0.0,0.0,1.0,25,0,10
27,4973,0.0,0.0,0.0,1.0,25,0,10
27,4974,0.0,0.0,0.0,1.0,25,0,10
27,4975,0.0,0.0,0.0,1.0,25,0,10
27,4976,0.0,0.0,0.0,1.0,25,0,10
27,4977,0.0,0.0,0.0,1.0,25,0,10
27,4978,0.0,0.0,0.0,1.0,25,0,10
27,4979,0.0,0.0,0.0,1.0,25,0,10
27,4980,0.0,0.0,0.0,1.0,25,0,10
27,4981,0.0,0.0,0.0,1.0,25,0,10
27,4982,0.0,0.0,0.0,1.0,25,0,10
27,4983,0.0,0.0,0.0,1.0,25,0,10
27,4984,0.0,0.0,0.0,1.0,25,0,10
27,4985,0.0,0.0,0.0,1.0,25,0,10
27,4986,0.0,0.0,0.0,1.0,25,0,10
27,4987,0.0,0.0,0.0,1.0,25,0,10
27,4988,0.0,0.0,0.0,1.0,25,0,10
27,4989,0.0,0.0,0.0,1.0,25,0,10
27,4990,0.0,0.0,0.0,1.0,25,0,10
27,4991,0.0,0.0,0.0,1.0,25,0,10
27,4992,0.0,0.0,0.0,1.0,25,0,10
27,4993,0.0,0.0,0.0,1.0,25,0,10
27,4994,0.0,0.0,0.0,1.0,25,0,10
27,4995,0.0,0.0,0.0,1.0,25,0,10
27,4996,0.0,0.0,0.0,1.0,25,0,10
27,4997,0.0,0.0,0.0,1.0,25,0,10
27,4998,0.0,0.0,0.0,1.0,25,0,10
27,4999,0.0,0.0,0.0,1.0,25,0,10
27,5000,0.0,0.0,0.0,1.0,25,0,10
27,5001,0.0,0.0,0.0,1.0,25,0,10
27,5002,0.0,0.0,0.0,1.0,25,0,10
27,5003,0.0,0.0,0.0,1.0,25,0,10
27,5004,0.0,0.0,0.0,1.0,25,0,10
27,5005,0.0,0.0,0.0,1.0,25,0,10
27,5006,0.0,0.0,0.0,1.0,25,0,10
27,5007,0.0,0.0,0.0,1.0,25,0,10
27,5008,0.0,0.0,0.0,1.0,25,0,10
27,5009,0.0,0.0,0.0,1.0,25,0,10
27,5010,0.0,0.0,0.0,1.0,25,0,10
27,5011,0.0,0.0,0.0,1.0,25,0,10
27,5012,0.0,0.0,0.0,1.0,25,0,10
27,5013,0.0,0.0,0.0,1.0,25,0,10
27,5014,0.0,0.0,0.0,1.0,25,0,10
27,5015,0.0,0.0,0.0,1.0,25,0,10
27,5016,0.0,0.0,0.0,1.0,25,0,10
27,5017,0.0,0.0,0.0,1.0,25,0,10
27,5018,0.0,0.0,0.0,1.0,25,0,10
27,5019,0.0,0.0,0.0,1.0,25,0,10
27,5020,0.0,0.0,0.0,1.0,25,0,10
27,5021,0.0,0.0,0.0,1.0,25,0,10
27,5022,0.0,0.0,0.0,1.0,25,0,10
27,5023,0.0,0.0,0.0,1.0,25,0,10
27,5024,0.0,0.0,0.0,1.0,25,0,10
27,5025,0.0,0.0,0.0,1.0,25,0,10
27,5026,0.0,0.0,0.0,1.0,25,0,10
27,5027,0.0,0.0,0.0,1.0,25,0,10
27,5028,0.0,0.0,0.0,1.0,25,0,10
27,5029,0.0,0.0,0.0,1.0,25,0,10
27,5030,0.0,0.0,0.0,1.0,25,0,10
27,5031,0.0,0.0,0.0,1.0,25,0,10
27,5032,0.0,0.0,0.0,1.0,25,0,10
27,5033,0.0,0.0,0.0,1.0,25,0,10
27,5034,0.0,0.0,0.0,1.0,25,0,10
27,5035,0.0,0.0,0.0,1.0,25,0,10
27,5036,0.0,0.0,0.0,1.0,25,0,10
27,5037,0.0,0.0,0.0,1.0,25,0,10
27,5038,0.0,0.0,0.0,1.0,25,0,10
27,5039,0.0,0.0,0.0,1.0,25,0,10
27,5040,0.0,0.0,0.0,1.0,25,0,10
27,5041,0.0,0.0,0.0,1.0,25,0,10
27,5042,0.0,0.0,0.0,1.0,25,0,10
27,5043,0.0,0.0,0.0,1.0,25,0,10
27,5044,0.0,0.0,0.0,1.0,25,0,10
27,5045,0.0,0.0,0.0,1.0,25,0,10
27,5046,0.0,0.0,0.0,1.0,25,0,10
27,5047,0.0,0.0,0.0,1.0,25,0,10
27,5048,0.0,0.0,0.0,1.0,25,0,10
27,5049,0.0,0.0,0.0,1.0,25,0,10
27,5050,0.0,0.0,0.0,1.0,25,0,10
27,5051,0.0,0.0,0.0,1.0,25,0,10
27,5052,0.0,0.0,0.0,1.0,25,0,10
27,5053,0.0,0.0,0.0,1.0,25,0,10
27,5054,0.0,0.0,0.0,1.0,25,0,10
27,5055,0.0,0.0,0.0,1.0,25,0,10
27,5056,0.0,0.0,0.0,1.0,25,0,10
27,5057,0.0,0.0,0.0,1.0,25,0,10
27,5058,0.0,0.0,0.0,1.0,25,0,10
27,5059,0.0,0.0,0.0,1.0,25,0,10
27,5060,0.0,0.0,0.0,1.0,25,0,10
27,5061,0.0,0.0,0.0,1.0,25,0,10
27,5062,0.0,0.0,0.0,1.0,25,0,10
27,5063,0.0,0.0,0.0,1.0,25,0,10
27,5064,0.0,0.0,0.0,1.0,25,0,10
27,5065,0.0,0.0,0.0,1.0,25,0,10
27,5066,0.0,0.0,0.0,1.0,25,0,10
27,5067,0.0,0.0,0.0,1.0,25,0,10
27,5068,0.0,0.0,0.0,1.0,25,0,10
27,5069,0.0,0.0,0.0,1.0,25,0,10
27,5070,0.0,0.0,0.0,1.0,25,0,10
27,5071,0.0,0.0,0.0,1.0,25,0,10
27,5072,0.0,0.0,0.0,1.0,25,0,10
27,5073,0.0,0.0,0.0,1.0,25,0,10
27,5074,0.0,0.0,0.0,1.0,25,0,10
27,5075,0.0,0.0,0.0,1.0,25,0,10
27,5076,0.0,0.0,0.0,1.0,25,0,10
27,5077,0.0,0.0,0.0,1.0,25,0,10
27,5078,0.0,0.0,0.0,1.0,25,0,10
27,5079,0.0,0.0,0.0,1.0,25,0,10
27,5080,0.0,0.0,0.0,1.0,25,0,10
27,5081,0.0,0.0,0.0,1.0,25,0,10
27,5082,0.0,0.0,0.0,1.0,25,0,10
27,5083,0.0,0.0,0.0,1.0,25,0,10
27,5084,0.0,0.0,0.0,1.0,25,0,10
27,5085,0.0,0.0,0.0,1.0,25,0,10
27,5086,0.0,0.0,0.0,1.0,25,0,10
27,5087,0.0,0.0,0.0,1.0,25,0,10
27,5088,0.0,0.0,0.0,1.0,25,0,10
27,5089,0.0,0.0,0.0,1.0,25,0,10
27,5090,0.0,0.0,0.0,1.0,25,0,10
27,5091,0.0,0.0,0.0,1.0,25,0,10
27,5092,0.0,0.0,0.0,1.0,25,0,10
27,5093,0.0,0.0,0.0,1.0,25,0,10
27,5094,0.0,0.0,0.0,1.0,25,0,10
27,5095,0.0,0.0,0.0,1.0,25,0,10
27,5096,0.0,0.0,0.0,1.0,25,0,10
27,5097,0.0,0.0,0.0,1.0,25,0,10
27,5098,0.0,0.0,0.0,1.0,25,0,10
27,5099,0.0,0.0,0.0,1.0,25,0,10
27,5100,0.0,0.0,0.0,1.0,25,0,10
27,5101,0.0,0.0,0.0,1.0,25,0,10
27,5102,0.0,0.0,0.0,1.0,25,0,10
27,5103,0.0,0.0,0.0,1.0,25,0,10
27,5104,0.0,0.0,0.0,1.0,25,0,10
27,5105,0.0,0.0,0.0,1.0,25,0,10
27,5106,0.0,0.0,0.0,1.0,25,0,10
27,5107,0.0,0.0,0.0,1.0,25,0,10
27,5108,0.0,0.0,0.0,1.0,25,0,10
27,5109,0.0,0.0,0.0,1.0,25,0,10
27,5110,0.0,0.0,0.0,1.0,25,0,10
27,5111,0.0,0.0,0.0,1.0,25,0,10
27,5112,0.0,0.0,0.0,1.0,25,0,10
27,5113,0.0,0.0,0.0,1.0,25,0,10
27,5114,0.0,0.0,0.0,1.0,25,0,10
27,5115,0.0,0.0,0.0,1.0,25,0,10
27,5116,0.0,0.0,0.0,1.0,25,0,10
27,5117,0.0,0.0,0.0,1.0,25,0,10
27,5118,0.0,0.0,0.0,1.0,25,0,10
27,5119,0.0,0.0,0.0,1.0,25,0,10
27,5120,0.0,0.0,0.0,1.0,25,0,10
27,5121,0.0,0.0,0.0,1.0,25,0,10
27,5122,0.0,0.0,0.0,1.0,25,0,10
27,5123,0.0,0.0,0.0,1.0,25,0,10
27,5124,0.0,0.0,0.0,1.0,25,0,10
27,5125,0.0,0.0,0.0,1.0,25,0,10
27,5126,0.0,0.0,0.0,1.0,25,0,10
27,5127,0.0,0.0,0.0,1.0,25,0,10
27,5128,0.0,0.0,0.0,1.0,25,0,10
27,5129,0.0,0.0,0.0,1.0,25,0,10
27,5130,0.0,0.0,0.0,1.0,25,0,10
27,5131,0.0,0.0,0.0,1.0,25,0,10
27,5132,0.0,0.0,0.0,1.0,25,0,10
27,5133,0.0,0.0,0.0,1.0,25,0,10
27,5134,0.0,0.0,0.0,1.0,25,0,10
27,5135,0.0,0.0,0.0,1.0,25,0,10
27,5136,0.0,0.0,0.0,1.0,25,0,10
27,5137,0.0,0.0,0.0,1.0,25,0,10
27,5138,0.0,0.0,0.0,1.0,25,0,10
27,5139,0.0,0.0,0.0,1.0,25,0,10
27,5140,0.0,0.0,0.0,1.0,25,0,10
27,5141,0.0,0.0,0.0,1.0,25,0,10
27,5142,0.0,0.0,0.0,1.0,25,0,10
27,5143,0.0,0.0,0.0,1.0,25,0,10
27,5144,0.0,0.0,0.0,1.0,25,0,10
27,5145,0.0,0.0,0.0,1.0,25,0,10
27,5146,0.0,0.0,0.0,1.0,25,0,10
27,5147,0.0,0.0,0.0,1.0,25,0,10
27,5148,0.0,0.0,0.0,1.0,25,0,10
27,5149,0.0,0.0,0.0,1.0,25,0,10
27,5150,0.0,0.0,0.0,1.0,25,0,10
27,5151,0.0,0.0,0.0,1.0,25,0,10
27,5152,0.0,0.0,0.0,1.0,25,0,10
27,5153,0.0,0.0,0.0,1.0,25,0,10
27,5154,0.0,0.0,0.0,1.0,25,0,10
27,5155,0.0,0.0,0.0,1.0,25,0,10
27,5156,0.0,0.0,0.0,1.0,25,0,10
27,5157,0.0,0.0,0.0,1.0,25,0,10
27,5158,0.0,0.0,0.0,1.0,25,0,10
27,5159,0.0,0.0,0.0,1.0,25,0,10
27,5160,0.0,0.0,0.0,1.0,25,0,10
27,5161,0.0,0.0,0.0,1.0,25,0,10
27,5162,0.0,0.0,0.0,1.0,25,0,10
27,5163,0.0,0.0,0.0,1.0,25,0,10
27,5164,0.0,0.0,0.0,1.0,25,0,10
27,5165,0.0,0.0,0.0,1.0,25,0,10
27,5166,0.0,0.0,0.0,1.0,25,0,10
27,5167,0.0,0.0,0.0,1.0,25,0,10
27,5168,0.0,0.0,0.0,1.0,25,0,10
27,5169,0.0,0.0,0.0,1.0,25,0,10
27,5170,0.0,0.0,0.0,1.0,25,0,10
27,5171,0.0,0.0,0.0,1.0,25,0,10
27,5172,0.0,0.0,0.0,1.0,25,0,10
27,5173,0.0,0.0,0.0,1.0,25,0,10
27,5174,0.0,0.0,0.0,1.0,25,0,10
27,5175,0.0,0.0,0.0,1.0,25,0,10
27,5176,0.0,0.0,0.0,1.0,25,0,10
27,5177,0.0,0.0,0.0,1.0,25,0,10
27,5178,0.0,0.0,0.0,1.0,25,0,10
27,5179,0.0,0.0,0.0,1.0,25,0,10
27,5180,0.0,0.0,0.0,1.0,25,0,10
27,5181,0.0,0.0,0.0,1.0,25,0,10
27,5182,0.0,0.0,0.0,1.0,25,0,10
27,5183,0.0,0.0,0.0,1.0,25,0,10
27,5184,0.0,0.0,0.0,1.0,25,0,10
27,5185,0.0,0.0,0.0,1.0,25,0,10
27,5186,0.0,0.0,0.0,1.0,25,0,10
27,5187,0.0,0.0,0.0,1.0,25,0,10
27,5188,0.0,0.0,0.0,1.0,25,0,10
27,5189,0.0,0.0,0.0,1.0,25,0,10
27,5190,0.0,0.0,0.0,1.0,25,0,10
27,5191,0.0,0.0,0.0,1.0,25,0,10
27,5192,0.0,0.0,0.0,1.0,25,0,10
27,5193,0.0,0.0,0.0,1.0,25,0,10
27,5194,0.0,0.0,0.0,1.0,25,0,10
27,5195,0.0,0.0,0.0,1.0,25,0,10
27,5196,0.0,0.0,0.0,1.0,25,0,10
27,5197,0.0,0.0,0.0,1.0,25,0,10
27,5198,0.0,0.0,0.0,1.0,25,0,10
27,5199,0.0,0.0,0.0,1.0,25,0,10
27,5200,0.0,0.0,0.0,1.0,25,0,10
27,5201,0.0,0.0,0.0,1.0,25,0,10
27,5202,0.0,0.0,0.0,1.0,25,0,10
27,5203,0.0,0.0,0.0,1.0,25,0,10
27,5204,0.0,0.0,0.0,1.0,25,0,10
27,5205,0.0,0.0,0.0,1.0,25,0,10
27,5206,0.0,0.0,0.0,1.0,25,0,10
27,5207,0.0,0.0,0.0,1.0,25,0,10
27,5208,0.0,0.0,0.0,1.0,25,0,10
27,5209,0.0,0.0,0.0,1.0,25,0,10
27,5210,0.0,0.0,0.0,1.0,25,0,10
27,5211,0.0,0.0,0.0,1.0,25,0,10
27,5212,0.0,0.0,0.0,1.0,25,0,10
27,5213,0.0,0.0,0.0,1.0,25,0,10
27,5214,0.0,0.0,0.0,1.0,25,0,10
27,5215,0.0,0.0,0.0,1.0,25,0,10
27,5216,0.0,0.0,0.0,1.0,25,0,10
27,5217,0.0,0.0,0.0,1.0,25,0,10
27,5218,0.0,0.0,0.0,1.0,25,0,10
27,5219,0.0,0.0,0.0,1.0,25,0,10
27,5220,0.0,0.0,0.0,1.0,25,0,10
27,5221,0.0,0.0,0.0,1.0,25,0,10
27,5222,0.0,0.0,0.0,1.0,25,0,10
27,5223,0.0,0.0,0.0,1.0,25,0,10
27,5224,0.0,0.0,0.0,1.0,25,0,10
27,5225,0.0,0.0,0.0,1.0,25,0,10
27,5226,0.0,0.0,0.0,1.0,25,0,10
27,5227,0.0,0.0,0.0,1.0,25,0,10
27,5228,0.0,0.0,0.0,1.0,25,0,10
27,5229,0.0,0.0,0.0,1.0,25,0,10
27,5230,0.0,0.0,0.0,1.0,25,0,10
27,5231,0.0,0.0,0.0,1.0,25,0,10
27,5232,0.0,0.0,0.0,1.0,25,0,10
27,5233,0.0,0.0,0.0,1.0,25,0,10
27,5234,0.0,0.0,0.0,1.0,25,0,10
27,5235,0.0,0.0,0.0,1.0,25,0,10
27,5236,0.0,0.0,0.0,1.0,25,0,10
27,5237,0.0,0.0,0.0,1.0,25,0,10
27,5238,0.0,0.0,0.0,1.0,25,0,10
27,5239,0.0,0.0,0.0,1.0,25,0,10
27,5240,0.0,0.0,0.0,1.0,25,0,10
27,5241,0.0,0.0,0.0,1.0,25,0,10
27,5242,0.0,0.0,0.0,1.0,25,0,10
27,5243,0.0,0.0,0.0,1.0,25,0,10
27,5244,0.0,0.0,0.0,1.0,25,0,10
27,5245,0.0,0.0,0.0,1.0,25,0,10
27,5246,0.0,0.0,0.0,1.0,25,0,10
27,5247,0.0,0.0,0.0,1.0,25,0,10
27,5248,0.0,0.0,0.0,1.0,25,0,10
27,5249,0.0,0.0,0.0,1.0,25,0,10
27,5250,0.0,0.0,0.0,1.0,25,0,10
27,5251,0.0,0.0,0.0,1.0,25,0,10
27,5252,0.0,0.0,0.0,1.0,25,0,10
27,5253,0.0,0.0,0.0,1.0,25,0,10
27,5254,0.0,0.0,0.0,1.0,25,0,10
27,5255,0.0,0.0,0.0,1.0,25,0,10
27,5256,0.0,0.0,0.0,1.0,25,0,10
27,5257,0.0,0.0,0.0,1.0,25,0,10
27,5258,0.0,0.0,0.0,1.0,25,0,10
27,5259,0.0,0.0,0.0,1.0,25,0,10
27,5260,0.0,0.0,0.0,1.0,25,0,10
27,5261,0.0,0.0,0.0,1.0,25,0,10
27,5262,0.0,0.0,0.0,1.0,25,0,10
27,5263,0.0,0.0,0.0,1.0,25,0,10
27,5264,0.0,0.0,0.0,1.0,25,0,10
27,5265,0.0,0.0,0.0,1.0,25,0,10
27,5266,0.0,0.0,0.0,1.0,25,0,10
27,5267,0.0,0.0,0.0,1.0,25,0,10
27,5268,0.0,0.0,0.0,1.0,25,0,10
27,5269,0.0,0.0,0.0,1.0,25,0,10
27,5270,0.0,0.0,0.0,1.0,25,0,10
27,5271,0.0,0.0,0.0,1.0,25,0,10
27,5272,0.0,0.0,0.0,1.0,25,0,10
27,5273,0.0,0.0,0.0,1.0,25,0,10
27,5274,0.0,0.0,0.0,1.0,25,0,10
27,5275,0.0,0.0,0.0,1.0,25,0,10
27,5276,0.0,0.0,0.0,1.0,25,0,10
27,5277,0.0,0.0,0.0,1.0,25,0,10
27,5278,0.0,0.0,0.0,1.0,25,0,10
27,5279,0.0,0.0,0.0,1.0,25,0,10
27,5280,0.0,0.0,0.0,1.0,25,0,10
27,5281,0.0,0.0,0.0,1.0,25,0,10
27,5282,0.0,0.0,0.0,1.0,25,0,10
27,5283,0.0,0.0,0.0,1.0,25,0,10
27,5284,0.0,0.0,0.0,1.0,25,0,10
27,5285,0.0,0.0,0.0,1.0,25,0,10
27,5286,0.0,0.0,0.0,1.0,25,0,10
27,5287,0.0,0.0,0.0,1.0,25,0,10
27,5288,0.0,0.0,0.0,1.0,25,0,10
27,5289,0.0,0.0,0.0,1.0,25,0,10
27,5290,0.0,0.0,0.0,1.0,25,0,10
27,5291,0.0,0.0,0.0,1.0,25,0,10
27,5292,0.0,0.0,0.0,1.0,25,0,10
27,5293,0.0,0.0,0.0,1.0,25,0,10
27,5294,0.0,0.0,0.0,1.0,25,0,10
27,5295,0.0,0.0,0.0,1.0,25,0,10
27,5296,0.0,0.0,0.0,1.0,25,0,10
27,5297,0.0,0.0,0.0,1.0,25,0,10
27,5298,0.0,0.0,0.0,1.0,25,0,10
27,5299,0.0,0.0,0.0,1.0,25,0,10
27,5300,0.0,0.0,0.0,1.0,25,0,10
27,5301,0.0,0.0,0.0,1.0,25,0,10
27,5302,0.0,0.0,0.0,1.0,25,0,10
27,5303,0.0,0.0,0.0,1.0,25,0,10
27,5304,0.0,0.0,0.0,1.0,25,0,10
27,5305,0.0,0.0,0.0,1.0,25,0,10
27,5306,0.0,0.0,0.0,1.0,25,0,10
27,5307,0.0,0.0,0.0,1.0,25,0,10
27,5308,0.0,0.0,0.0,1.0,25,0,10
27,5309,0.0,0.0,0.0,1.0,25,0,10
27,5310,0.0,0.0,0.0,1.0,25,0,10
27,5311,0.0,0.0,0.0,1.0,25,0,10
27,5312,0.0,0.0,0.0,1.0,25,0,10
27,5313,0.0,0.0,0.0,1.0,25,0,10
27,5314,0.0,0.0,0.0,1.0,25,0,10
27,5315,0.0,0.0,0.0,1.0,25,0,10
27,5316,0.0,0.0,0.0,1.0,25,0,10
27,5317,0.0,0.0,0.0,1.0,25,0,10
27,5318,0.0,0.0,0.0,1.0,25,0,10
27,5319,0.0,0.0,0.0,1.0,25,0,10
27,5320,0.0,0.0,0.0,1.0,25,0,10
27,5321,0.0,0.0,0.0,1.0,25,0,10
27,5322,0.0,0.0,0.0,1.0,25,0,10
27,5323,0.0,0.0,0.0,1.0,25,0,10
27,5324,0.0,0.0,0.0,1.0,25,0,10
27,5325,0.0,0.0,0.0,1.0,25,0,10
27,5326,0.0,0.0,0.0,1.0,25,0,10
27,5327,0.0,0.0,0.0,1.0,25,0,10
27,5328,0.0,0.0,0.0,1.0,25,0,10
27,5329,0.0,0.0,0.0,1.0,25,0,10
27,5330,0.0,0.0,0.0,1.0,25,0,10
27,5331,0.0,0.0,0.0,1.0,25,0,10
27,5332,0.0,0.0,0.0,1.0,25,0,10
27,5333,0.0,0.0,0.0,1.0,25,0,10
27,5334,0.0,0.0,0.0,1.0,25,0,10
27,5335,0.0,0.0,0.0,1.0,25,0,10
27,5336,0.0,0.0,0.0,1.0,25,0,10
27,5337,0.0,0.0,0.0,1.0,25,0,10
27,5338,0.0,0.0,0.0,1.0,25,0,10
27,5339,0.0,0.0,0.0,1.0,25,0,10
27,5340,0.0,0.0,0.0,1.0,25,0,10
27,5341,0.0,0.0,0.0,1.0,25,0,10
27,5342,0.0,0.0,0.0,1.0,25,0,10
27,5343,0.0,0.0,0.0,1.0,25,0,10
27,5344,0.0,0.0,0.0,1.0,25,0,10
27,5345,0.0,0.0,0.0,1.0,25,0,10
27,5346,0.0,0.0,0.0,1.0,25,0,10
27,5347,0.0,0.0,0.0,1.0,25,0,10
27,5348,0.0,0.0,0.0,1.0,25,0,10
27,5349,0.0,0.0,0.0,1.0,25,0,10
27,5350,0.0,0.0,0.0,1.0,25,0,10
27,5351,0.0,0.0,0.0,1.0,25,0,10
27,5352,0.0,0.0,0.0,1.0,25,0,10
27,5353,0.0,0.0,0.0,1.0,25,0,10
27,5354,0.0,0.0,0.0,1.0,25,0,10
27,5355,0.0,0.0,0.0,1.0,25,0,10
27,5356,0.0,0.0,0.0,1.0,25,0,10
27,5357,0.0,0.0,0.0,1.0,25,0,10
27,5358,0.0,0.0,0.0,1.0,25,0,10
27,5359,0.0,0.0,0.0,1.0,25,0,10
27,5360,0.0,0.0,0.0,1.0,25,0,10
27,5361,0.0,0.0,0.0,1.0,25,0,10
27,5362,0.0,0.0,0.0,1.0,25,0,10
27,5363,0.0,0.0,0.0,1.0,25,0,10
27,5364,0.0,0.0,0.0,1.0,25,0,10
27,5365,0.0,0.0,0.0,1.0,25,0,10
27,5366,0.0,0.0,0.0,1.0,25,0,10
27,5367,0.0,0.0,0.0,1.0,25,0,10
27,5368,0.0,0.0,0.0,1.0,25,0,10
27,5369,0.0,0.0,0.0,1.0,25,0,10
27,5370,0.0,0.0,0.0,1.0,25,0,10
27,5371,0.0,0.0,0.0,1.0,25,0,10
27,5372,0.0,0.0,0.0,1.0,25,0,10
27,5373,0.0,0.0,0.0,1.0,25,0,10
27,5374,0.0,0.0,0.0,1.0,25,0,10
27,5375,0.0,0.0,0.0,1.0,25,0,10
27,5376,0.0,0.0,0.0,1.0,25,0,10
27,5377,0.0,0.0,0.0,1.0,25,0,10
27,5378,0.0,0.0,0.0,1.0,25,0,10
27,5379,0.0,0.0,0.0,1.0,25,0,10
27,5380,0.0,0.0,0.0,1.0,25,0,10
27,5381,0.0,0.0,0.0,1.0,25,0,10
27,5382,0.0,0.0,0.0,1.0,25,0,10
27,5383,0.0,0.0,0.0,1.0,25,0,10
27,5384,0.0,0.0,0.0,1.0,25,0,10
27,5385,0.0,0.0,0.0,1.0,25,0,10
27,5386,0.0,0.0,0.0,1.0,25,0,10
27,5387,0.0,0.0,0.0,1.0,25,0,10
27,5388,0.0,0.0,0.0,1.0,25,0,10
27,5389,0.0,0.0,0.0,1.0,25,0,10
27,5390,0.0,0.0,0.0,1.0,25,0,10
27,5391,0.0,0.0,0.0,1.0,25,0,10
27,5392,0.0,0.0,0.0,1.0,25,0,10
27,5393,0.0,0.0,0.0,1.0,25,0,10
27,5394,0.0,0.0,0.0,1.0,25,0,10
27,5395,0.0,0.0,0.0,1.0,25,0,10
27,5396,0.0,0.0,0.0,1.0,25,0,10
27,5397,0.0,0.0,0.0,1.0,25,0,10
27,5398,0.0,0.0,0.0,1.0,25,0,10
27,5399,0.0,0.0,0.0,1.0,25,0,10
27,5400,0.0,0.0,0.0,1.0,25,0,10
27,5401,0.0,0.0,0.0,1.0,25,0,10
27,5402,0.0,0.0,0.0,1.0,25,0,10
27,5403,0.0,0.0,0.0,1.0,25,0,10
27,5404,0.0,0.0,0.0,1.0,25,0,10
27,5405,0.0,0.0,0.0,1.0,25,0,10
27,5406,0.0,0.0,0.0,1.0,25,0,10
27,5407,0.0,0.0,0.0,1.0,25,0,10
27,5408,0.0,0.0,0.0,1.0,25,0,10
27,5409,0.0,0.0,0.0,1.0,25,0,10
27,5410,0.0,0.0,0.0,1.0,25,0,10
27,5411,0.0,0.0,0.0,1.0,25,0,10
27,5412,0.0,0.0,0.0,1.0,25,0,10
27,5413,0.0,0.0,0.0,1.0,25,0,10
27,5414,0.0,0.0,0.0,1.0,25,0,10
27,5415,0.0,0.0,0.0,1.0,25,0,10
27,5416,0.0,0.0,0.0,1.0,25,0,10
27,5417,0.0,0.0,0.0,1.0,25,0,10
27,5418,0.0,0.0,0.0,1.0,25,0,10
27,5419,0.0,0.0,0.0,1.0,25,0,10
27,5420,0.0,0.0,0.0,1.0,25,0,10
27,5421,0.0,0.0,0.0,1.0,25,0,10
27,5422,0.0,0.0,0.0,1.0,25,0,10
27,5423,0.0,0.0,0.0,1.0,25,0,10
27,5424,0.0,0.0,0.0,1.0,25,0,10
27,5425,0.0,0.0,0.0,1.0,25,0,10
27,5426,0.0,0.0,0.0,1.0,25,0,10
27,5427,0.0,0.0,0.0,1.0,25,0,10
27,5428,0.0,0.0,0.0,1.0,25,0,10
27,5429,0.0,0.0,0.0,1.0,25,0,10
27,5430,0.0,0.0,0.0,1.0,25,0,10
27,5431,0.0,0.0,0.0,1.0,25,0,10
27,5432,0.0,0.0,0.0,1.0,25,0,10
27,5433,0.0,0.0,0.0,1.0,25,0,10
27,5434,0.0,0.0,0.0,1.0,25,0,10
27,5435,0.0,0.0,0.0,1.0,25,0,10
27,5436,0.0,0.0,0.0,1.0,25,0,10
27,5437,0.0,0.0,0.0,1.0,25,0,10
27,5438,0.0,0.0,0.0,1.0,25,0,10
27,5439,0.0,0.0,0.0,1.0,25,0,10
27,5440,0.0,0.0,0.0,1.0,25,0,10
27,5441,0.0,0.0,0.0,1.0,25,0,10
27,5442,0.0,0.0,0.0,1.0,25,0,10
27,5443,0.0,0.0,0.0,1.0,25,0,10
27,5444,0.0,0.0,0.0,1.0,25,0,10
27,5445,0.0,0.0,0.0,1.0,25,0,10
27,5446,0.0,0.0,0.0,1.0,25,0,10
27,5447,0.0,0.0,0.0,1.0,25,0,10
27,5448,0.0,0.0,0.0,1.0,25,0,10
27,5449,0.0,0.0,0.0,1.0,25,0,10
27,5450,0.0,0.0,0.0,1.0,25,0,10
27,5451,0.0,0.0,0.0,1.0,25,0,10
27,5452,0.0,0.0,0.0,1.0,25,0,10
27,5453,0.0,0.0,0.0,1.0,25,0,10
27,5454,0.0,0.0,0.0,1.0,25,0,10
27,5455,0.0,0.0,0.0,1.0,25,0,10
27,5456,0.0,0.0,0.0,1.0,25,0,10
27,5457,0.0,0.0,0.0,1.0,25,0,10
27,5458,0.0,0.0,0.0,1.0,25,0,10
27,5459,0.0,0.0,0.0,1.0,25,0,10
27,5460,0.0,0.0,0.0,1.0,25,0,10
27,5461,0.0,0.0,0.0,1.0,25,0,10
27,5462,0.0,0.0,0.0,1.0,25,0,10
27,5463,0.0,0.0,0.0,1.0,25,0,10
27,5464,0.0,0.0,0.0,1.0,25,0,10
27,5465,0.0,0.0,0.0,1.0,25,0,10
27,5466,0.0,0.0,0.0,1.0,25,0,10
27,5467,0.0,0.0,0.0,1.0,25,0,10
27,5468,0.0,0.0,0.0,1.0,25,0,10
27,5469,0.0,0.0,0.0,1.0,25,0,10
27,5470,0.0,0.0,0.0,1.0,25,0,10
27,5471,0.0,0.0,0.0,1.0,25,0,10
27,5472,0.0,0.0,0.0,1.0,25,0,10
27,5473,0.0,0.0,0.0,1.0,25,0,10
27,5474,0.0,0.0,0.0,1.0,25,0,10
27,5475,0.0,0.0,0.0,1.0,25,0,10
27,5476,0.0,0.0,0.0,1.0,25,0,10
27,5477,0.0,0.0,0.0,1.0,25,0,10
27,5478,0.0,0.0,0.0,1.0,25,0,10
27,5479,0.0,0.0,0.0,1.0,25,0,10
27,5480,0.0,0.0,0.0,1.0,25,0,10
27,5481,0.0,0.0,0.0,1.0,25,0,10
27,5482,0.0,0.0,0.0,1.0,25,0,10
27,5483,0.0,0.0,0.0,1.0,25,0,10
27,5484,0.0,0.0,0.0,1.0,25,0,10
27,5485,0.0,0.0,0.0,1.0,25,0,10
27,5486,0.0,0.0,0.0,1.0,25,0,10
27,5487,0.0,0.0,0.0,1.0,25,0,10
27,5488,0.0,0.0,0.0,1.0,25,0,10
27,5489,0.0,0.0,0.0,1.0,25,0,10
27,5490,0.0,0.0,0.0,1.0,25,0,10
27,5491,0.0,0.0,0.0,1.0,25,0,10
27,5492,0.0,0.0,0.0,1.0,25,0,10
27,5493,0.0,0.0,0.0,1.0,25,0,10
27,5494,0.0,0.0,0.0,1.0,25,0,10
27,5495,0.0,0.0,0.0,1.0,25,0,10
27,5496,0.0,0.0,0.0,1.0,25,0,10
27,5497,0.0,0.0,0.0,1.0,25,0,10
27,5498,0.0,0.0,0.0,1.0,25,0,10
27,5499,0.0,0.0,0.0,1.0,25,0,10
27,5500,0.0,0.0,0.0,1.0,25,0,10
27,5501,0.0,0.0,0.0,1.0,25,0,10
27,5502,0.0,0.0,0.0,1.0,25,0,10
27,5503,0.0,0.0,0.0,1.0,25,0,10
27,5504,0.0,0.0,0.0,1.0,25,0,10
27,5505,0.0,0.0,0.0,1.0,25,0,10
27,5506,0.0,0.0,0.0,1.0,25,0,10
27,5507,0.0,0.0,0.0,1.0,25,0,10
27,5508,0.0,0.0,0.0,1.0,25,0,10
27,5509,0.0,0.0,0.0,1.0,25,0,10
27,5510,0.0,0.0,0.0,1.0,25,0,10
27,5511,0.0,0.0,0.0,1.0,25,0,10
27,5512,0.0,0.0,0.0,1.0,25,0,10
27,5513,0.0,0.0,0.0,1.0,25,0,10
27,5514,0.0,0.0,0.0,1.0,25,0,10
27,5515,0.0,0.0,0.0,1.0,25,0,10
27,5516,0.0,0.0,0.0,1.0,25,0,10
27,5517,0.0,0.0,0.0,1.0,25,0,10
27,5518,0.0,0.0,0.0,1.0,25,0,10
27,5519,0.0,0.0,0.0,1.0,25,0,10
27,5520,0.0,0.0,0.0,1.0,25,0,10
27,5521,0.0,0.0,0.0,1.0,25,0,10
27,5522,0.0,0.0,0.0,1.0,25,0,10
27,5523,0.0,0.0,0.0,1.0,25,0,10
27,5524,0.0,0.0,0.0,1.0,25,0,10
27,5525,0.0,0.0,0.0,1.0,25,0,10
27,5526,0.0,0.0,0.0,1.0,25,0,10
27,5527,0.0,0.0,0.0,1.0,25,0,10
27,5528,0.0,0.0,0.0,1.0,25,0,10
27,5529,0.0,0.0,0.0,1.0,25,0,10
27,5530,0.0,0.0,0.0,1.0,25,0,10
27,5531,0.0,0.0,0.0,1.0,25,0,10
27,5532,0.0,0.0,0.0,1.0,25,0,10
27,5533,0.0,0.0,0.0,1.0,25,0,10
27,5534,0.0,0.0,0.0,1.0,25,0,10
27,5535,0.0,0.0,0.0,1.0,25,0,10
27,5536,0.0,0.0,0.0,1.0,25,0,10
27,5537,0.0,0.0,0.0,1.0,25,0,10
27,5538,0.0,0.0,0.0,1.0,25,0,10
27,5539,0.0,0.0,0.0,1.0,25,0,10
27,5540,0.0,0.0,0.0,1.0,25,0,10
27,5541,0.0,0.0,0.0,1.0,25,0,10
27,5542,0.0,0.0,0.0,1.0,25,0,10
27,5543,0.0,0.0,0.0,1.0,25,0,10
27,5544,0.0,0.0,0.0,1.0,25,0,10
27,5545,0.0,0.0,0.0,1.0,25,0,10
27,5546,0.0,0.0,0.0,1.0,25,0,10
27,5547,0.0,0.0,0.0,1.0,25,0,10
27,5548,0.0,0.0,0.0,1.0,25,0,10
27,5549,0.0,0.0,0.0,1.0,25,0,10
27,5550,0.0,0.0,0.0,1.0,25,0,10
27,5551,0.0,0.0,0.0,1.0,25,0,10
27,5552,0.0,0.0,0.0,1.0,25,0,10
27,5553,0.0,0.0,0.0,1.0,25,0,10
27,5554,0.0,0.0,0.0,1.0,25,0,10
27,5555,0.0,0.0,0.0,1.0,25,0,10
27,5556,0.0,0.0,0.0,1.0,25,0,10
27,5557,0.0,0.0,0.0,1.0,25,0,10
27,5558,0.0,0.0,0.0,1.0,25,0,10
27,5559,0.0,0.0,0.0,1.0,25,0,10
27,5560,0.0,0.0,0.0,1.0,25,0,10
27,5561,0.0,0.0,0.0,1.0,25,0,10
27,5562,0.0,0.0,0.0,1.0,25,0,10
27,5563,0.0,0.0,0.0,1.0,25,0,10
27,5564,0.0,0.0,0.0,1.0,25,0,10
27,5565,0.0,0.0,0.0,1.0,25,0,10
27,5566,0.0,0.0,0.0,1.0,25,0,10
27,5567,0.0,0.0,0.0,1.0,25,0,10
27,5568,0.0,0.0,0.0,1.0,25,0,10
27,5569,0.0,0.0,0.0,1.0,25,0,10
27,5570,0.0,0.0,0.0,1.0,25,0,10
27,5571,0.0,0.0,0.0,1.0,25,0,10
27,5572,0.0,0.0,0.0,1.0,25,0,10
27,5573,0.0,0.0,0.0,1.0,25,0,10
27,5574,0.0,0.0,0.0,1.0,25,0,10
27,5575,0.0,0.0,0.0,1.0,25,0,10
27,5576,0.0,0.0,0.0,1.0,25,0,10
27,5577,0.0,0.0,0.0,1.0,25,0,10
27,5578,0.0,0.0,0.0,1.0,25,0,10
27,5579,0.0,0.0,0.0,1.0,25,0,10
27,5580,0.0,0.0,0.0,1.0,25,0,10
27,5581,0.0,0.0,0.0,1.0,25,0,10
27,5582,0.0,0.0,0.0,1.0,25,0,10
27,5583,0.0,0.0,0.0,1.0,25,0,10
27,5584,0.0,0.0,0.0,1.0,25,0,10
27,5585,0.0,0.0,0.0,1.0,25,0,10
27,5586,0.0,0.0,0.0,1.0,25,0,10
27,5587,0.0,0.0,0.0,1.0,25,0,10
27,5588,0.0,0.0,0.0,1.0,25,0,10
27,5589,0.0,0.0,0.0,1.0,25,0,10
27,5590,0.0,0.0,0.0,1.0,25,0,10
27,5591,0.0,0.0,0.0,1.0,25,0,10
27,5592,0.0,0.0,0.0,1.0,25,0,10
27,5593,0.0,0.0,0.0,1.0,25,0,10
27,5594,0.0,0.0,0.0,1.0,25,0,10
27,5595,0.0,0.0,0.0,1.0,25,0,10
27,5596,0.0,0.0,0.0,1.0,25,0,10
27,5597,0.0,0.0,0.0,1.0,25,0,10
27,5598,0.0,0.0,0.0,1.0,25,0,10
27,5599,0.0,0.0,0.0,1.0,25,0,10
27,5600,0.0,0.0,0.0,1.0,25,0,10
27,5601,0.0,0.0,0.0,1.0,25,0,10
27,5602,0.0,0.0,0.0,1.0,25,0,10
27,5603,0.0,0.0,0.0,1.0,25,0,10
27,5604,0.0,0.0,0.0,1.0,25,0,10
27,5605,0.0,0.0,0.0,1.0,25,0,10
27,5606,0.0,0.0,0.0,1.0,25,0,10
27,5607,0.0,0.0,0.0,1.0,25,0,10
27,5608,0.0,0.0,0.0,1.0,25,0,10
27,5609,0.0,0.0,0.0,1.0,25,0,10
27,5610,0.0,0.0,0.0,1.0,25,0,10
27,5611,0.0,0.0,0.0,1.0,25,0,10
27,5612,0.0,0.0,0.0,1.0,25,0,10
27,5613,0.0,0.0,0.0,1.0,25,0,10
27,5614,0.0,0.0,0.0,1.0,25,0,10
27,5615,0.0,0.0,0.0,1.0,25,0,10
27,5616,0.0,0.0,0.0,1.0,25,0,10
27,5617,0.0,0.0,0.0,1.0,25,0,10
27,5618,0.0,0.0,0.0,1.0,25,0,10
27,5619,0.0,0.0,0.0,1.0,25,0,10
27,5620,0.0,0.0,0.0,1.0,25,0,10
27,5621,0.0,0.0,0.0,1.0,25,0,10
27,5622,0.0,0.0,0.0,1.0,25,0,10
27,5623,0.0,0.0,0.0,1.0,25,0,10
27,5624,0.0,0.0,0.0,1.0,25,0,10
27,5625,0.0,0.0,0.0,1.0,25,0,10
27,5626,0.0,0.0,0.0,1.0,25,0,10
27,5627,0.0,0.0,0.0,1.0,25,0,10
27,5628,0.0,0.0,0.0,1.0,25,0,10
27,5629,0.0,0.0,0.0,1.0,25,0,10
27,5630,0.0,0.0,0.0,1.0,25,0,10
27,5631,0.0,0.0,0.0,1.0,25,0,10
27,5632,0.0,0.0,0.0,1.0,25,0,10
27,5633,0.0,0.0,0.0,1.0,25,0,10
27,5634,0.0,0.0,0.0,1.0,25,0,10
27,5635,0.0,0.0,0.0,1.0,25,0,10
27,5636,0.0,0.0,0.0,1.0,25,0,10
27,5637,0.0,0.0,0.0,1.0,25,0,10
27,5638,0.0,0.0,0.0,1.0,25,0,10
27,5639,0.0,0.0,0.0,1.0,25,0,10
27,5640,0.0,0.0,0.0,1.0,25,0,10
27,5641,0.0,0.0,0.0,1.0,25,0,10
27,5642,0.0,0.0,0.0,1.0,25,0,10
27,5643,0.0,0.0,0.0,1.0,25,0,10
27,5644,0.0,0.0,0.0,1.0,25,0,10
27,5645,0.0,0.0,0.0,1.0,25,0,10
27,5646,0.0,0.0,0.0,1.0,25,0,10
27,5647,0.0,0.0,0.0,1.0,25,0,10
27,5648,0.0,0.0,0.0,1.0,25,0,10
27,5649,0.0,0.0,0.0,1.0,25,0,10
27,5650,0.0,0.0,0.0,1.0,25,0,10
27,5651,0.0,0.0,0.0,1.0,25,0,10
27,5652,0.0,0.0,0.0,1.0,25,0,10
27,5653,0.0,0.0,0.0,1.0,25,0,10
27,5654,0.0,0.0,0.0,1.0,25,0,10
27,5655,0.0,0.0,0.0,1.0,25,0,10
27,5656,0.0,0.0,0.0,1.0,25,0,10
27,5657,0.0,0.0,0.0,1.0,25,0,10
27,5658,0.0,0.0,0.0,1.0,25,0,10
27,5659,0.0,0.0,0.0,1.0,25,0,10
27,5660,0.0,0.0,0.0,1.0,25,0,10
27,5661,0.0,0.0,0.0,1.0,25,0,10
27,5662,0.0,0.0,0.0,1.0,25,0,10
27,5663,0.0,0.0,0.0,1.0,25,0,10
27,5664,0.0,0.0,0.0,1.0,25,0,10
27,5665,0.0,0.0,0.0,1.0,25,0,10
27,5666,0.0,0.0,0.0,1.0,25,0,10
27,5667,0.0,0.0,0.0,1.0,25,0,10
27,5668,0.0,0.0,0.0,1.0,25,0,10
27,5669,0.0,0.0,0.0,1.0,25,0,10
27,5670,0.0,0.0,0.0,1.0,25,0,10
27,5671,0.0,0.0,0.0,1.0,25,0,10
27,5672,0.0,0.0,0.0,1.0,25,0,10
27,5673,0.0,0.0,0.0,1.0,25,0,10
27,5674,0.0,0.0,0.0,1.0,25,0,10
27,5675,0.0,0.0,0.0,1.0,25,0,10
27,5676,0.0,0.0,0.0,1.0,25,0,10
27,5677,0.0,0.0,0.0,1.0,25,0,10
27,5678,0.0,0.0,0.0,1.0,25,0,10
27,5679,0.0,0.0,0.0,1.0,25,0,10
27,5680,0.0,0.0,0.0,1.0,25,0,10
27,5681,0.0,0.0,0.0,1.0,25,0,10
27,5682,0.0,0.0,0.0,1.0,25,0,10
27,5683,0.0,0.0,0.0,1.0,25,0,10
27,5684,0.0,0.0,0.0,1.0,25,0,10
27,5685,0.0,0.0,0.0,1.0,25,0,10
27,5686,0.0,0.0,0.0,1.0,25,0,10
27,5687,0.0,0.0,0.0,1.0,25,0,10
27,5688,0.0,0.0,0.0,1.0,25,0,10
27,5689,0.0,0.0,0.0,1.0,25,0,10
27,5690,0.0,0.0,0.0,1.0,25,0,10
27,5691,0.0,0.0,0.0,1.0,25,0,10
27,5692,0.0,0.0,0.0,1.0,25,0,10
27,5693,0.0,0.0,0.0,1.0,25,0,10
27,5694,0.0,0.0,0.0,1.0,25,0,10
27,5695,0.0,0.0,0.0,1.0,25,0,10
27,5696,0.0,0.0,0.0,1.0,25,0,10
27,5697,0.0,0.0,0.0,1.0,25,0,10
27,5698,0.0,0.0,0.0,1.0,25,0,10
27,5699,0.0,0.0,0.0,1.0,25,0,10
27,5700,0.0,0.0,0.0,1.0,25,0,10
27,5701,0.0,0.0,0.0,1.0,25,0,10
27,5702,0.0,0.0,0.0,1.0,25,0,10
27,5703,0.0,0.0,0.0,1.0,25,0,10
27,5704,0.0,0.0,0.0,1.0,25,0,10
27,5705,0.0,0.0,0.0,1.0,25,0,10
27,5706,0.0,0.0,0.0,1.0,25,0,10
27,5707,0.0,0.0,0.0,1.0,25,0,10
27,5708,0.0,0.0,0.0,1.0,25,0,10
27,5709,0.0,0.0,0.0,1.0,25,0,10
27,5710,0.0,0.0,0.0,1.0,25,0,10
27,5711,0.0,0.0,0.0,1.0,25,0,10
27,5712,0.0,0.0,0.0,1.0,25,0,10
27,5713,0.0,0.0,0.0,1.0,25,0,10
27,5714,0.0,0.0,0.0,1.0,25,0,10
27,5715,0.0,0.0,0.0,1.0,25,0,10
27,5716,0.0,0.0,0.0,1.0,25,0,10
27,5717,0.0,0.0,0.0,1.0,25,0,10
27,5718,0.0,0.0,0.0,1.0,25,0,10
27,5719,0.0,0.0,0.0,1.0,25,0,10
27,5720,0.0,0.0,0.0,1.0,25,0,10
27,5721,0.0,0.0,0.0,1.0,25,0,10
27,5722,0.0,0.0,0.0,1.0,25,0,10
27,5723,0.0,0.0,0.0,1.0,25,0,10
27,5724,0.0,0.0,0.0,1.0,25,0,10
27,5725,0.0,0.0,0.0,1.0,25,0,10
27,5726,0.0,0.0,0.0,1.0,25,0,10
27,5727,0.0,0.0,0.0,1.0,25,0,10
27,5728,0.0,0.0,0.0,1.0,25,0,10
27,5729,0.0,0.0,0.0,1.0,25,0,10
27,5730,0.0,0.0,0.0,1.0,25,0,10
27,5731,0.0,0.0,0.0,1.0,25,0,10
27,5732,0.0,0.0,0.0,1.0,25,0,10
27,5733,0.0,0.0,0.0,1.0,25,0,10
27,5734,0.0,0.0,0.0,1.0,25,0,10
27,5735,0.0,0.0,0.0,1.0,25,0,10
27,5736,0.0,0.0,0.0,1.0,25,0,10
27,5737,0.0,0.0,0.0,1.0,25,0,10
27,5738,0.0,0.0,0.0,1.0,25,0,10
27,5739,0.0,0.0,0.0,1.0,25,0,10
27,5740,0.0,0.0,0.0,1.0,25,0,10
27,5741,0.0,0.0,0.0,1.0,25,0,10
27,5742,0.0,0.0,0.0,1.0,25,0,10
27,5743,0.0,0.0,0.0,1.0,25,0,10
27,5744,0.0,0.0,0.0,1.0,25,0,10
27,5745,0.0,0.0,0.0,1.0,25,0,10
27,5746,0.0,0.0,0.0,1.0,25,0,10
27,5747,0.0,0.0,0.0,1.0,25,0,10
27,5748,0.0,0.0,0.0,1.0,25,0,10
27,5749,0.0,0.0,0.0,1.0,25,0,10
27,5750,0.0,0.0,0.0,1.0,25,0,10
27,5751,0.0,0.0,0.0,1.0,25,0,10
27,5752,0.0,0.0,0.0,1.0,25,0,10
27,5753,0.0,0.0,0.0,1.0,25,0,10
27,5754,0.0,0.0,0.0,1.0,25,0,10
27,5755,0.0,0.0,0.0,1.0,25,0,10
27,5756,0.0,0.0,0.0,1.0,25,0,10
27,5757,0.0,0.0,0.0,1.0,25,0,10
27,5758,0.0,0.0,0.0,1.0,25,0,10
27,5759,0.0,0.0,0.0,1.0,25,0,10
27,5760,0.0,0.0,0.0,1.0,25,0,10
27,5761,0.0,0.0,0.0,1.0,25,0,10
27,5762,0.0,0.0,0.0,1.0,25,0,10
27,5763,0.0,0.0,0.0,1.0,25,0,10
27,5764,0.0,0.0,0.0,1.0,25,0,10
27,5765,0.0,0.0,0.0,1.0,25,0,10
27,5766,0.0,0.0,0.0,1.0,25,0,10
27,5767,0.0,0.0,0.0,1.0,25,0,10
27,5768,0.0,0.0,0.0,1.0,25,0,10
27,5769,0.0,0.0,0.0,1.0,25,0,10
27,5770,0.0,0.0,0.0,1.0,25,0,10
27,5771,0.0,0.0,0.0,1.0,25,0,10
27,5772,0.0,0.0,0.0,1.0,25,0,10
27,5773,0.0,0.0,0.0,1.0,25,0,10
27,5774,0.0,0.0,0.0,1.0,25,0,10
27,5775,0.0,0.0,0.0,1.0,25,0,10
27,5776,0.0,0.0,0.0,1.0,25,0,10
27,5777,0.0,0.0,0.0,1.0,25,0,10
27,5778,0.0,0.0,0.0,1.0,25,0,10
27,5779,0.0,0.0,0.0,1.0,25,0,10
27,5780,0.0,0.0,0.0,1.0,25,0,10
27,5781,0.0,0.0,0.0,1.0,25,0,10
27,5782,0.0,0.0,0.0,1.0,25,0,10
27,5783,0.0,0.0,0.0,1.0,25,0,10
27,5784,0.0,0.0,0.0,1.0,25,0,10
27,5785,0.0,0.0,0.0,1.0,25,0,10
27,5786,0.0,0.0,0.0,1.0,25,0,10
27,5787,0.0,0.0,0.0,1.0,25,0,10
27,5788,0.0,0.0,0.0,1.0,25,0,10
27,5789,0.0,0.0,0.0,1.0,25,0,10
27,5790,0.0,0.0,0.0,1.0,25,0,10
27,5791,0.0,0.0,0.0,1.0,25,0,10
27,5792,0.0,0.0,0.0,1.0,25,0,10
27,5793,0.0,0.0,0.0,1.0,25,0,10
27,5794,0.0,0.0,0.0,1.0,25,0,10
27,5795,0.0,0.0,0.0,1.0,25,0,10
27,5796,0.0,0.0,0.0,1.0,25,0,10
27,5797,0.0,0.0,0.0,1.0,25,0,10
27,5798,0.0,0.0,0.0,1.0,25,0,10
27,5799,0.0,0.0,0.0,1.0,25,0,10
27,5800,0.0,0.0,0.0,1.0,25,0,10
27,5801,0.0,0.0,0.0,1.0,25,0,10
27,5802,0.0,0.0,0.0,1.0,25,0,10
27,5803,0.0,0.0,0.0,1.0,25,0,10
27,5804,0.0,0.0,0.0,1.0,25,0,10
27,5805,0.0,0.0,0.0,1.0,25,0,10
27,5806,0.0,0.0,0.0,1.0,25,0,10
27,5807,0.0,0.0,0.0,1.0,25,0,10
27,5808,0.0,0.0,0.0,1.0,25,0,10
27,5809,0.0,0.0,0.0,1.0,25,0,10
27,5810,0.0,0.0,0.0,1.0,25,0,10
27,5811,0.0,0.0,0.0,1.0,25,0,10
27,5812,0.0,0.0,0.0,1.0,25,0,10
27,5813,0.0,0.0,0.0,1.0,25,0,10
27,5814,0.0,0.0,0.0,1.0,25,0,10
27,5815,0.0,0.0,0.0,1.0,25,0,10
27,5816,0.0,0.0,0.0,1.0,25,0,10
27,5817,0.0,0.0,0.0,1.0,25,0,10
27,5818,0.0,0.0,0.0,1.0,25,0,10
27,5819,0.0,0.0,0.0,1.0,25,0,10
27,5820,0.0,0.0,0.0,1.0,25,0,10
27,5821,0.0,0.0,0.0,1.0,25,0,10
27,5822,0.0,0.0,0.0,1.0,25,0,10
27,5823,0.0,0.0,0.0,1.0,25,0,10
27,5824,0.0,0.0,0.0,1.0,25,0,10
27,5825,0.0,0.0,0.0,1.0,25,0,10
27,5826,0.0,0.0,0.0,1.0,25,0,10
27,5827,0.0,0.0,0.0,1.0,25,0,10
27,5828,0.0,0.0,0.0,1.0,25,0,10
27,5829,0.0,0.0,0.0,1.0,25,0,10
27,5830,0.0,0.0,0.0,1.0,25,0,10
27,5831,0.0,0.0,0.0,1.0,25,0,10
27,5832,0.0,0.0,0.0,1.0,25,0,10
27,5833,0.0,0.0,0.0,1.0,25,0,10
27,5834,0.0,0.0,0.0,1.0,25,0,10
27,5835,0.0,0.0,0.0,1.0,25,0,10
27,5836,0.0,0.0,0.0,1.0,25,0,10
27,5837,0.0,0.0,0.0,1.0,25,0,10
27,5838,0.0,0.0,0.0,1.0,25,0,10
27,5839,0.0,0.0,0.0,1.0,25,0,10
27,5840,0.0,0.0,0.0,1.0,25,0,10
27,5841,0.0,0.0,0.0,1.0,25,0,10
27,5842,0.0,0.0,0.0,1.0,25,0,10
27,5843,0.0,0.0,0.0,1.0,25,0,10
27,5844,0.0,0.0,0.0,1.0,25,0,10
27,5845,0.0,0.0,0.0,1.0,25,0,10
27,5846,0.0,0.0,0.0,1.0,25,0,10
27,5847,0.0,0.0,0.0,1.0,25,0,10
27,5848,0.0,0.0,0.0,1.0,25,0,10
27,5849,0.0,0.0,0.0,1.0,25,0,10
27,5850,0.0,0.0,0.0,1.0,25,0,10
27,5851,0.0,0.0,0.0,1.0,25,0,10
27,5852,0.0,0.0,0.0,1.0,25,0,10
27,5853,0.0,0.0,0.0,1.0,25,0,10
27,5854,0.0,0.0,0.0,1.0,25,0,10
27,5855,0.0,0.0,0.0,1.0,25,0,10
27,5856,0.0,0.0,0.0,1.0,25,0,10
27,5857,0.0,0.0,0.0,1.0,25,0,10
27,5858,0.0,0.0,0.0,1.0,25,0,10
27,5859,0.0,0.0,0.0,1.0,25,0,10
27,5860,0.0,0.0,0.0,1.0,25,0,10
27,5861,0.0,0.0,0.0,1.0,25,0,10
27,5862,0.0,0.0,0.0,1.0,25,0,10
27,5863,0.0,0.0,0.0,1.0,25,0,10
27,5864,0.0,0.0,0.0,1.0,25,0,10
27,5865,0.0,0.0,0.0,1.0,25,0,10
27,5866,0.0,0.0,0.0,1.0,25,0,10
27,5867,0.0,0.0,0.0,1.0,25,0,10
27,5868,0.0,0.0,0.0,1.0,25,0,10
27,5869,0.0,0.0,0.0,1.0,25,0,10
27,5870,0.0,0.0,0.0,1.0,25,0,10
27,5871,0.0,0.0,0.0,1.0,25,0,10
27,5872,0.0,0.0,0.0,1.0,25,0,10
27,5873,0.0,0.0,0.0,1.0,25,0,10
27,5874,0.0,0.0,0.0,1.0,25,0,10
27,5875,0.0,0.0,0.0,1.0,25,0,10
27,5876,0.0,0.0,0.0,1.0,25,0,10
27,5877,0.0,0.0,0.0,1.0,25,0,10
27,5878,0.0,0.0,0.0,1.0,25,0,10
27,5879,0.0,0.0,0.0,1.0,25,0,10
27,5880,0.0,0.0,0.0,1.0,25,0,10
27,5881,0.0,0.0,0.0,1.0,25,0,10
27,5882,0.0,0.0,0.0,1.0,25,0,10
27,5883,0.0,0.0,0.0,1.0,25,0,10
27,5884,0.0,0.0,0.0,1.0,25,0,10
27,5885,0.0,0.0,0.0,1.0,25,0,10
27,5886,0.0,0.0,0.0,1.0,25,0,10
27,5887,0.0,0.0,0.0,1.0,25,0,10
27,5888,0.0,0.0,0.0,1.0,25,0,10
27,5889,0.0,0.0,0.0,1.0,25,0,10
27,5890,0.0,0.0,0.0,1.0,25,0,10
27,5891,0.0,0.0,0.0,1.0,25,0,10
27,5892,0.0,0.0,0.0,1.0,25,0,10
27,5893,0.0,0.0,0.0,1.0,25,0,10
27,5894,0.0,0.0,0.0,1.0,25,0,10
27,5895,0.0,0.0,0.0,1.0,25,0,10
27,5896,0.0,0.0,0.0,1.0,25,0,10
27,5897,0.0,0.0,0.0,1.0,25,0,10
27,5898,0.0,0.0,0.0,1.0,25,0,10
27,5899,0.0,0.0,0.0,1.0,25,0,10
27,5900,0.0,0.0,0.0,1.0,25,0,10
27,5901,0.0,0.0,0.0,1.0,25,0,10
27,5902,0.0,0.0,0.0,1.0,25,0,10
27,5903,0.0,0.0,0.0,1.0,25,0,10
27,5904,0.0,0.0,0.0,1.0,25,0,10
27,5905,0.0,0.0,0.0,1.0,25,0,10
27,5906,0.0,0.0,0.0,1.0,25,0,10
27,5907,0.0,0.0,0.0,1.0,25,0,10
27,5908,0.0,0.0,0.0,1.0,25,0,10
27,5909,0.0,0.0,0.0,1.0,25,0,10
27,5910,0.0,0.0,0.0,1.0,25,0,10
27,5911,0.0,0.0,0.0,1.0,25,0,10
27,5912,0.0,0.0,0.0,1.0,25,0,10
27,5913,0.0,0.0,0.0,1.0,25,0,10
27,5914,0.0,0.0,0.0,1.0,25,0,10
27,5915,0.0,0.0,0.0,1.0,25,0,10
27,5916,0.0,0.0,0.0,1.0,25,0,10
27,5917,0.0,0.0,0.0,1.0,25,0,10
27,5918,0.0,0.0,0.0,1.0,25,0,10
27,5919,0.0,0.0,0.0,1.0,25,0,10
27,5920,0.0,0.0,0.0,1.0,25,0,10
27,5921,0.0,0.0,0.0,1.0,25,0,10
27,5922,0.0,0.0,0.0,1.0,25,0,10
27,5923,0.0,0.0,0.0,1.0,25,0,10
27,5924,0.0,0.0,0.0,1.0,25,0,10
27,5925,0.0,0.0,0.0,1.0,25,0,10
27,5926,0.0,0.0,0.0,1.0,25,0,10
27,5927,0.0,0.0,0.0,1.0,25,0,10
27,5928,0.0,0.0,0.0,1.0,25,0,10
27,5929,0.0,0.0,0.0,1.0,25,0,10
27,5930,0.0,0.0,0.0,1.0,25,0,10
27,5931,0.0,0.0,0.0,1.0,25,0,10
27,5932,0.0,0.0,0.0,1.0,25,0,10
27,5933,0.0,0.0,0.0,1.0,25,0,10
27,5934,0.0,0.0,0.0,1.0,25,0,10
27,5935,0.0,0.0,0.0,1.0,25,0,10
27,5936,0.0,0.0,0.0,1.0,25,0,10
27,5937,0.0,0.0,0.0,1.0,25,0,10
27,5938,0.0,0.0,0.0,1.0,25,0,10
27,5939,0.0,0.0,0.0,1.0,25,0,10
27,5940,0.0,0.0,0.0,1.0,25,0,10
27,5941,0.0,0.0,0.0,1.0,25,0,10
27,5942,0.0,0.0,0.0,1.0,25,0,10
27,5943,0.0,0.0,0.0,1.0,25,0,10
27,5944,0.0,0.0,0.0,1.0,25,0,10
27,5945,0.0,0.0,0.0,1.0,25,0,10
27,5946,0.0,0.0,0.0,1.0,25,0,10
27,5947,0.0,0.0,0.0,1.0,25,0,10
27,5948,0.0,0.0,0.0,1.0,25,0,10
27,5949,0.0,0.0,0.0,1.0,25,0,10
27,5950,0.0,0.0,0.0,1.0,25,0,10
27,5951,0.0,0.0,0.0,1.0,25,0,10
27,5952,0.0,0.0,0.0,1.0,25,0,10
27,5953,0.0,0.0,0.0,1.0,25,0,10
27,5954,0.0,0.0,0.0,1.0,25,0,10
27,5955,0.0,0.0,0.0,1.0,25,0,10
27,5956,0.0,0.0,0.0,1.0,25,0,10
27,5957,0.0,0.0,0.0,1.0,25,0,10
27,5958,0.0,0.0,0.0,1.0,25,0,10
27,5959,0.0,0.0,0.0,1.0,25,0,10
27,5960,0.0,0.0,0.0,1.0,25,0,10
27,5961,0.0,0.0,0.0,1.0,25,0,10
27,5962,0.0,0.0,0.0,1.0,25,0,10
27,5963,0.0,0.0,0.0,1.0,25,0,10
27,5964,0.0,0.0,0.0,1.0,25,0,10
27,5965,0.0,0.0,0.0,1.0,25,0,10
27,5966,0.0,0.0,0.0,1.0,25,0,10
27,5967,0.0,0.0,0.0,1.0,25,0,10
27,5968,0.0,0.0,0.0,1.0,25,0,10
27,5969,0.0,0.0,0.0,1.0,25,0,10
27,5970,0.0,0.0,0.0,1.0,25,0,10
27,5971,0.0,0.0,0.0,1.0,25,0,10
27,5972,0.0,0.0,0.0,1.0,25,0,10
27,5973,0.0,0.0,0.0,1.0,25,0,10
27,5974,0.0,0.0,0.0,1.0,25,0,10
27,5975,0.0,0.0,0.0,1.0,25,0,10
27,5976,0.0,0.0,0.0,1.0,25,0,10
27,5977,0.0,0.0,0.0,1.0,25,0,10
27,5978,0.0,0.0,0.0,1.0,25,0,10
27,5979,0.0,0.0,0.0,1.0,25,0,10
27,5980,0.0,0.0,0.0,1.0,25,0,10
27,5981,0.0,0.0,0.0,1.0,25,0,10
27,5982,0.0,0.0,0.0,1.0,25,0,10
27,5983,0.0,0.0,0.0,1.0,25,0,10
27,5984,0.0,0.0,0.0,1.0,25,0,10
27,5985,0.0,0.0,0.0,1.0,25,0,10
27,5986,0.0,0.0,0.0,1.0,25,0,10
27,5987,0.0,0.0,0.0,1.0,25,0,10
27,5988,0.0,0.0,0.0,1.0,25,0,10
27,5989,0.0,0.0,0.0,1.0,25,0,10
27,5990,0.0,0.0,0.0,1.0,25,0,10
27,5991,0.0,0.0,0.0,1.0,25,0,10
27,5992,0.0,0.0,0.0,1.0,25,0,10
27,5993,0.0,0.0,0.0,1.0,25,0,10
27,5994,0.0,0.0,0.0,1.0,25,0,10
27,5995,0.0,0.0,0.0,1.0,25,0,10
27,5996,0.0,0.0,0.0,1.0,25,0,10
27,5997,0.0,0.0,0.0,1.0,25,0,10
27,5998,0.0,0.0,0.0,1.0,25,0,10
27,5999,0.0,0.0,0.0,1.0,25,0,10
27,6000,0.0,0.0,0.0,1.0,25,0,10
27,6001,0.0,0.0,0.0,1.0,25,0,10
27,6002,0.0,0.0,0.0,1.0,25,0,10
27,6003,0.0,0.0,0.0,1.0,25,0,10
27,6004,0.0,0.0,0.0,1.0,25,0,10
27,6005,0.0,0.0,0.0,1.0,25,0,10
27,6006,0.0,0.0,0.0,1.0,25,0,10
27,6007,0.0,0.0,0.0,1.0,25,0,10
27,6008,0.0,0.0,0.0,1.0,25,0,10
27,6009,0.0,0.0,0.0,1.0,25,0,10
27,6010,0.0,0.0,0.0,1.0,25,0,10
27,6011,0.0,0.0,0.0,1.0,25,0,10
27,6012,0.0,0.0,0.0,1.0,25,0,10
27,6013,0.0,0.0,0.0,1.0,25,0,10
27,6014,0.0,0.0,0.0,1.0,25,0,10
27,6015,0.0,0.0,0.0,1.0,25,0,10
27,6016,0.0,0.0,0.0,1.0,25,0,10
27,6017,0.0,0.0,0.0,1.0,25,0,10
27,6018,0.0,0.0,0.0,1.0,25,0,10
27,6019,0.0,0.0,0.0,1.0,25,0,10
27,6020,0.0,0.0,0.0,1.0,25,0,10
27,6021,0.0,0.0,0.0,1.0,25,0,10
27,6022,0.0,0.0,0.0,1.0,25,0,10
27,6023,0.0,0.0,0.0,1.0,25,0,10
27,6024,0.0,0.0,0.0,1.0,25,0,10
27,6025,0.0,0.0,0.0,1.0,25,0,10
27,6026,0.0,0.0,0.0,1.0,25,0,10
27,6027,0.0,0.0,0.0,1.0,25,0,10
27,6028,0.0,0.0,0.0,1.0,25,0,10
27,6029,0.0,0.0,0.0,1.0,25,0,10
27,6030,0.0,0.0,0.0,1.0,25,0,10
27,6031,0.0,0.0,0.0,1.0,25,0,10
27,6032,0.0,0.0,0.0,1.0,25,0,10
27,6033,0.0,0.0,0.0,1.0,25,0,10
27,6034,0.0,0.0,0.0,1.0,25,0,10
27,6035,0.0,0.0,0.0,1.0,25,0,10
27,6036,0.0,0.0,0.0,1.0,25,0,10
27,6037,0.0,0.0,0.0,1.0,25,0,10
27,6038,0.0,0.0,0.0,1.0,25,0,10
27,6039,0.0,0.0,0.0,1.0,25,0,10
27,6040,0.0,0.0,0.0,1.0,25,0,10
27,6041,0.0,0.0,0.0,1.0,25,0,10
27,6042,0.0,0.0,0.0,1.0,25,0,10
27,6043,0.0,0.0,0.0,1.0,25,0,10
27,6044,0.0,0.0,0.0,1.0,25,0,10
27,6045,0.0,0.0,0.0,1.0,25,0,10
27,6046,0.0,0.0,0.0,1.0,25,0,10
27,6047,0.0,0.0,0.0,1.0,25,0,10
27,6048,0.0,0.0,0.0,1.0,25,0,10
27,6049,0.0,0.0,0.0,1.0,25,0,10
27,6050,0.0,0.0,0.0,1.0,25,0,10
27,6051,0.0,0.0,0.0,1.0,25,0,10
27,6052,0.0,0.0,0.0,1.0,25,0,10
27,6053,0.0,0.0,0.0,1.0,25,0,10
27,6054,0.0,0.0,0.0,1.0,25,0,10
27,6055,0.0,0.0,0.0,1.0,25,0,10
27,6056,0.0,0.0,0.0,1.0,25,0,10
27,6057,0.0,0.0,0.0,1.0,25,0,10
27,6058,0.0,0.0,0.0,1.0,25,0,10
27,6059,0.0,0.0,0.0,1.0,25,0,10
27,6060,0.0,0.0,0.0,1.0,25,0,10
27,6061,0.0,0.0,0.0,1.0,25,0,10
27,6062,0.0,0.0,0.0,1.0,25,0,10
27,6063,0.0,0.0,0.0,1.0,25,0,10
27,6064,0.0,0.0,0.0,1.0,25,0,10
27,6065,0.0,0.0,0.0,1.0,25,0,10
27,6066,0.0,0.0,0.0,1.0,25,0,10
27,6067,0.0,0.0,0.0,1.0,25,0,10
27,6068,0.0,0.0,0.0,1.0,25,0,10
27,6069,0.0,0.0,0.0,1.0,25,0,10
27,6070,0.0,0.0,0.0,1.0,25,0,10
27,6071,0.0,0.0,0.0,1.0,25,0,10
27,6072,0.0,0.0,0.0,1.0,25,0,10
27,6073,0.0,0.0,0.0,1.0,25,0,10
27,6074,0.0,0.0,0.0,1.0,25,0,10
27,6075,0.0,0.0,0.0,1.0,25,0,10
27,6076,0.0,0.0,0.0,1.0,25,0,10
27,6077,0.0,0.0,0.0,1.0,25,0,10
27,6078,0.0,0.0,0.0,1.0,25,0,10
27,6079,0.0,0.0,0.0,1.0,25,0,10
27,6080,0.0,0.0,0.0,1.0,25,0,10
27,6081,0.0,0.0,0.0,1.0,25,0,10
27,6082,0.0,0.0,0.0,1.0,25,0,10
27,6083,0.0,0.0,0.0,1.0,25,0,10
27,6084,0.0,0.0,0.0,1.0,25,0,10
27,6085,0.0,0.0,0.0,1.0,25,0,10
27,6086,0.0,0.0,0.0,1.0,25,0,10
27,6087,0.0,0.0,0.0,1.0,25,0,10
27,6088,0.0,0.0,0.0,1.0,25,0,10
27,6089,0.0,0.0,0.0,1.0,25,0,10
27,6090,0.0,0.0,0.0,1.0,25,0,10
27,6091,0.0,0.0,0.0,1.0,25,0,10
27,6092,0.0,0.0,0.0,1.0,25,0,10
27,6093,0.0,0.0,0.0,1.0,25,0,10
27,6094,0.0,0.0,0.0,1.0,25,0,10
27,6095,0.0,0.0,0.0,1.0,25,0,10
27,6096,0.0,0.0,0.0,1.0,25,0,10
27,6097,0.0,0.0,0.0,1.0,25,0,10
27,6098,0.0,0.0,0.0,1.0,25,0,10
27,6099,0.0,0.0,0.0,1.0,25,0,10
27,6100,0.0,0.0,0.0,1.0,25,0,10
27,6101,0.0,0.0,0.0,1.0,25,0,10
27,6102,0.0,0.0,0.0,1.0,25,0,10
27,6103,0.0,0.0,0.0,1.0,25,0,10
27,6104,0.0,0.0,0.0,1.0,25,0,10
27,6105,0.0,0.0,0.0,1.0,25,0,10
27,6106,0.0,0.0,0.0,1.0,25,0,10
27,6107,0.0,0.0,0.0,1.0,25,0,10
27,6108,0.0,0.0,0.0,1.0,25,0,10
27,6109,0.0,0.0,0.0,1.0,25,0,10
27,6110,0.0,0.0,0.0,1.0,25,0,10
27,6111,0.0,0.0,0.0,1.0,25,0,10
27,6112,0.0,0.0,0.0,1.0,25,0,10
27,6113,0.0,0.0,0.0,1.0,25,0,10
27,6114,0.0,0.0,0.0,1.0,25,0,10
27,6115,0.0,0.0,0.0,1.0,25,0,10
27,6116,0.0,0.0,0.0,1.0,25,0,10
27,6117,0.0,0.0,0.0,1.0,25,0,10
27,6118,0.0,0.0,0.0,1.0,25,0,10
27,6119,0.0,0.0,0.0,1.0,25,0,10
27,6120,0.0,0.0,0.0,1.0,25,0,10
27,6121,0.0,0.0,0.0,1.0,25,0,10
27,6122,0.0,0.0,0.0,1.0,25,0,10
27,6123,0.0,0.0,0.0,1.0,25,0,10
27,6124,0.0,0.0,0.0,1.0,25,0,10
27,6125,0.0,0.0,0.0,1.0,25,0,10
27,6126,0.0,0.0,0.0,1.0,25,0,10
27,6127,0.0,0.0,0.0,1.0,25,0,10
27,6128,0.0,0.0,0.0,1.0,25,0,10
27,6129,0.0,0.0,0.0,1.0,25,0,10
27,6130,0.0,0.0,0.0,1.0,25,0,10
27,6131,0.0,0.0,0.0,1.0,25,0,10
27,6132,0.0,0.0,0.0,1.0,25,0,10
27,6133,0.0,0.0,0.0,1.0,25,0,10
27,6134,0.0,0.0,0.0,1.0,25,0,10
27,6135,0.0,0.0,0.0,1.0,25,0,10
27,6136,0.0,0.0,0.0,1.0,25,0,10
27,6137,0.0,0.0,0.0,1.0,25,0,10
27,6138,0.0,0.0,0.0,1.0,25,0,10
27,6139,0.0,0.0,0.0,1.0,25,0,10
27,6140,0.0,0.0,0.0,1.0,25,0,10
27,6141,0.0,0.0,0.0,1.0,25,0,10
27,6142,0.0,0.0,0.0,1.0,25,0,10
27,6143,0.0,0.0,0.0,1.0,25,0,10
27,6144,0.0,0.0,0.0,1.0,25,0,10
27,6145,0.0,0.0,0.0,1.0,25,0,10
27,6146,0.0,0.0,0.0,1.0,25,0,10
27,6147,0.0,0.0,0.0,1.0,25,0,10
27,6148,0.0,0.0,0.0,1.0,25,0,10
27,6149,0.0,0.0,0.0,1.0,25,0,10
27,6150,0.0,0.0,0.0,1.0,25,0,10
27,6151,0.0,0.0,0.0,1.0,25,0,10
27,6152,0.0,0.0,0.0,1.0,25,0,10
27,6153,0.0,0.0,0.0,1.0,25,0,10
27,6154,0.0,0.0,0.0,1.0,25,0,10
27,6155,0.0,0.0,0.0,1.0,25,0,10
27,6156,0.0,0.0,0.0,1.0,25,0,10
27,6157,0.0,0.0,0.0,1.0,25,0,10
27,6158,0.0,0.0,0.0,1.0,25,0,10
27,6159,0.0,0.0,0.0,1.0,25,0,10
27,6160,0.0,0.0,0.0,1.0,25,0,10
27,6161,0.0,0.0,0.0,1.0,25,0,10
27,6162,0.0,0.0,0.0,1.0,25,0,10
27,6163,0.0,0.0,0.0,1.0,25,0,10
27,6164,0.0,0.0,0.0,1.0,25,0,10
27,6165,0.0,0.0,0.0,1.0,25,0,10
27,6166,0.0,0.0,0.0,1.0,25,0,10
27,6167,0.0,0.0,0.0,1.0,25,0,10
27,6168,0.0,0.0,0.0,1.0,25,0,10
27,6169,0.0,0.0,0.0,1.0,25,0,10
27,6170,0.0,0.0,0.0,1.0,25,0,10
27,6171,0.0,0.0,0.0,1.0,25,0,10
27,6172,0.0,0.0,0.0,1.0,25,0,10
27,6173,0.0,0.0,0.0,1.0,25,0,10
27,6174,0.0,0.0,0.0,1.0,25,0,10
27,6175,0.0,0.0,0.0,1.0,25,0,10
27,6176,0.0,0.0,0.0,1.0,25,0,10
27,6177,0.0,0.0,0.0,1.0,25,0,10
27,6178,0.0,0.0,0.0,1.0,25,0,10
27,6179,0.0,0.0,0.0,1.0,25,0,10
27,6180,0.0,0.0,0.0,1.0,25,0,10
27,6181,0.0,0.0,0.0,1.0,25,0,10
27,6182,0.0,0.0,0.0,1.0,25,0,10
27,6183,0.0,0.0,0.0,1.0,25,0,10
27,6184,0.0,0.0,0.0,1.0,25,0,10
27,6185,0.0,0.0,0.0,1.0,25,0,10
27,6186,0.0,0.0,0.0,1.0,25,0,10
27,6187,0.0,0.0,0.0,1.0,25,0,10
27,6188,0.0,0.0,0.0,1.0,25,0,10
27,6189,0.0,0.0,0.0,1.0,25,0,10
27,6190,0.0,0.0,0.0,1.0,25,0,10
27,6191,0.0,0.0,0.0,1.0,25,0,10
27,6192,0.0,0.0,0.0,1.0,25,0,10
27,6193,0.0,0.0,0.0,1.0,25,0,10
27,6194,0.0,0.0,0.0,1.0,25,0,10
27,6195,0.0,0.0,0.0,1.0,25,0,10
27,6196,0.0,0.0,0.0,1.0,25,0,10
27,6197,0.0,0.0,0.0,1.0,25,0,10
27,6198,0.0,0.0,0.0,1.0,25,0,10
27,6199,0.0,0.0,0.0,1.0,25,0,10
27,6200,0.0,0.0,0.0,1.0,25,0,10
27,6201,0.0,0.0,0.0,1.0,25,0,10
27,6202,0.0,0.0,0.0,1.0,25,0,10
27,6203,0.0,0.0,0.0,1.0,25,0,10
27,6204,0.0,0.0,0.0,1.0,25,0,10
27,6205,0.0,0.0,0.0,1.0,25,0,10
27,6206,0.0,0.0,0.0,1.0,25,0,10
27,6207,0.0,0.0,0.0,1.0,25,0,10
27,6208,0.0,0.0,0.0,1.0,25,0,10
27,6209,0.0,0.0,0.0,1.0,25,0,10
27,6210,0.0,0.0,0.0,1.0,25,0,10
27,6211,0.0,0.0,0.0,1.0,25,0,10
27,6212,0.0,0.0,0.0,1.0,25,0,10
27,6213,0.0,0.0,0.0,1.0,25,0,10
27,6214,0.0,0.0,0.0,1.0,25,0,10
27,6215,0.0,0.0,0.0,1.0,25,0,10
27,6216,0.0,0.0,0.0,1.0,25,0,10
27,6217,0.0,0.0,0.0,1.0,25,0,10
27,6218,0.0,0.0,0.0,1.0,25,0,10
27,6219,0.0,0.0,0.0,1.0,25,0,10
27,6220,0.0,0.0,0.0,1.0,25,0,10
27,6221,0.0,0.0,0.0,1.0,25,0,10
27,6222,0.0,0.0,0.0,1.0,25,0,10
27,6223,0.0,0.0,0.0,1.0,25,0,10
27,6224,0.0,0.0,0.0,1.0,25,0,10
27,6225,0.0,0.0,0.0,1.0,25,0,10
27,6226,0.0,0.0,0.0,1.0,25,0,10
27,6227,0.0,0.0,0.0,1.0,25,0,10
27,6228,0.0,0.0,0.0,1.0,25,0,10
27,6229,0.0,0.0,0.0,1.0,25,0,10
27,6230,0.0,0.0,0.0,1.0,25,0,10
27,6231,0.0,0.0,0.0,1.0,25,0,10
27,6232,0.0,0.0,0.0,1.0,25,0,10
27,6233,0.0,0.0,0.0,1.0,25,0,10
27,6234,0.0,0.0,0.0,1.0,25,0,10
27,6235,0.0,0.0,0.0,1.0,25,0,10
27,6236,0.0,0.0,0.0,1.0,25,0,10
27,6237,0.0,0.0,0.0,1.0,25,0,10
27,6238,0.0,0.0,0.0,1.0,25,0,10
27,6239,0.0,0.0,0.0,1.0,25,0,10
27,6240,0.0,0.0,0.0,1.0,25,0,10
27,6241,0.0,0.0,0.0,1.0,25,0,10
27,6242,0.0,0.0,0.0,1.0,25,0,10
27,6243,0.0,0.0,0.0,1.0,25,0,10
27,6244,0.0,0.0,0.0,1.0,25,0,10
27,6245,0.0,0.0,0.0,1.0,25,0,10
27,6246,0.0,0.0,0.0,1.0,25,0,10
27,6247,0.0,0.0,0.0,1.0,25,0,10
27,6248,0.0,0.0,0.0,1.0,25,0,10
27,6249,0.0,0.0,0.0,1.0,25,0,10
27,6250,0.0,0.0,0.0,1.0,25,0,10
27,6251,0.0,0.0,0.0,1.0,25,0,10
27,6252,0.0,0.0,0.0,1.0,25,0,10
27,6253,0.0,0.0,0.0,1.0,25,0,10
27,6254,0.0,0.0,0.0,1.0,25,0,10
27,6255,0.0,0.0,0.0,1.0,25,0,10
27,6256,0.0,0.0,0.0,1.0,25,0,10
27,6257,0.0,0.0,0.0,1.0,25,0,10
27,6258,0.0,0.0,0.0,1.0,25,0,10
27,6259,0.0,0.0,0.0,1.0,25,0,10
27,6260,0.0,0.0,0.0,1.0,25,0,10
27,6261,0.0,0.0,0.0,1.0,25,0,10
27,6262,0.0,0.0,0.0,1.0,25,0,10
27,6263,0.0,0.0,0.0,1.0,25,0,10
27,6264,0.0,0.0,0.0,1.0,25,0,10
27,6265,0.0,0.0,0.0,1.0,25,0,10
27,6266,0.0,0.0,0.0,1.0,25,0,10
27,6267,0.0,0.0,0.0,1.0,25,0,10
27,6268,0.0,0.0,0.0,1.0,25,0,10
27,6269,0.0,0.0,0.0,1.0,25,0,10
27,6270,0.0,0.0,0.0,1.0,25,0,10
27,6271,0.0,0.0,0.0,1.0,25,0,10
27,6272,0.0,0.0,0.0,1.0,25,0,10
27,6273,0.0,0.0,0.0,1.0,25,0,10
27,6274,0.0,0.0,0.0,1.0,25,0,10
27,6275,0.0,0.0,0.0,1.0,25,0,10
27,6276,0.0,0.0,0.0,1.0,25,0,10
27,6277,0.0,0.0,0.0,1.0,25,0,10
27,6278,0.0,0.0,0.0,1.0,25,0,10
27,6279,0.0,0.0,0.0,1.0,25,0,10
27,6280,0.0,0.0,0.0,1.0,25,0,10
27,6281,0.0,0.0,0.0,1.0,25,0,10
27,6282,0.0,0.0,0.0,1.0,25,0,10
27,6283,0.0,0.0,0.0,1.0,25,0,10
27,6284,0.0,0.0,0.0,1.0,25,0,10
27,6285,0.0,0.0,0.0,1.0,25,0,10
27,6286,0.0,0.0,0.0,1.0,25,0,10
27,6287,0.0,0.0,0.0,1.0,25,0,10
27,6288,0.0,0.0,0.0,1.0,25,0,10
27,6289,0.0,0.0,0.0,1.0,25,0,10
27,6290,0.0,0.0,0.0,1.0,25,0,10
27,6291,0.0,0.0,0.0,1.0,25,0,10
27,6292,0.0,0.0,0.0,1.0,25,0,10
27,6293,0.0,0.0,0.0,1.0,25,0,10
27,6294,0.0,0.0,0.0,1.0,25,0,10
27,6295,0.0,0.0,0.0,1.0,25,0,10
27,6296,0.0,0.0,0.0,1.0,25,0,10
27,6297,0.0,0.0,0.0,1.0,25,0,10
27,6298,0.0,0.0,0.0,1.0,25,0,10
27,6299,0.0,0.0,0.0,1.0,25,0,10
27,6300,0.0,0.0,0.0,1.0,25,0,10
27,6301,0.0,0.0,0.0,1.0,25,0,10
27,6302,0.0,0.0,0.0,1.0,25,0,10
27,6303,0.0,0.0,0.0,1.0,25,0,10
27,6304,0.0,0.0,0.0,1.0,25,0,10
27,6305,0.0,0.0,0.0,1.0,25,0,10
27,6306,0.0,0.0,0.0,1.0,25,0,10
27,6307,0.0,0.0,0.0,1.0,25,0,10
27,6308,0.0,0.0,0.0,1.0,25,0,10
27,6309,0.0,0.0,0.0,1.0,25,0,10
27,6310,0.0,0.0,0.0,1.0,25,0,10
27,6311,0.0,0.0,0.0,1.0,25,0,10
27,6312,0.0,0.0,0.0,1.0,25,0,10
27,6313,0.0,0.0,0.0,1.0,25,0,10
27,6314,0.0,0.0,0.0,1.0,25,0,10
27,6315,0.0,0.0,0.0,1.0,25,0,10
27,6316,0.0,0.0,0.0,1.0,25,0,10
27,6317,0.0,0.0,0.0,1.0,25,0,10
27,6318,0.0,0.0,0.0,1.0,25,0,10
27,6319,0.0,0.0,0.0,1.0,25,0,10
27,6320,0.0,0.0,0.0,1.0,25,0,10
27,6321,0.0,0.0,0.0,1.0,25,0,10
27,6322,0.0,0.0,0.0,1.0,25,0,10
27,6323,0.0,0.0,0.0,1.0,25,0,10
27,6324,0.0,0.0,0.0,1.0,25,0,10
27,6325,0.0,0.0,0.0,1.0,25,0,10
27,6326,0.0,0.0,0.0,1.0,25,0,10
27,6327,0.0,0.0,0.0,1.0,25,0,10
27,6328,0.0,0.0,0.0,1.0,25,0,10
27,6329,0.0,0.0,0.0,1.0,25,0,10
27,6330,0.0,0.0,0.0,1.0,25,0,10
27,6331,0.0,0.0,0.0,1.0,25,0,10
27,6332,0.0,0.0,0.0,1.0,25,0,10
27,6333,0.0,0.0,0.0,1.0,25,0,10
27,6334,0.0,0.0,0.0,1.0,25,0,10
27,6335,0.0,0.0,0.0,1.0,25,0,10
27,6336,0.0,0.0,0.0,1.0,25,0,10
27,6337,0.0,0.0,0.0,1.0,25,0,10
27,6338,0.0,0.0,0.0,1.0,25,0,10
27,6339,0.0,0.0,0.0,1.0,25,0,10
27,6340,0.0,0.0,0.0,1.0,25,0,10
27,6341,0.0,0.0,0.0,1.0,25,0,10
27,6342,0.0,0.0,0.0,1.0,25,0,10
27,6343,0.0,0.0,0.0,1.0,25,0,10
27,6344,0.0,0.0,0.0,1.0,25,0,10
27,6345,0.0,0.0,0.0,1.0,25,0,10
27,6346,0.0,0.0,0.0,1.0,25,0,10
27,6347,0.0,0.0,0.0,1.0,25,0,10
27,6348,0.0,0.0,0.0,1.0,25,0,10
27,6349,0.0,0.0,0.0,1.0,25,0,10
27,6350,0.0,0.0,0.0,1.0,25,0,10
27,6351,0.0,0.0,0.0,1.0,25,0,10
27,6352,0.0,0.0,0.0,1.0,25,0,10
27,6353,0.0,0.0,0.0,1.0,25,0,10
27,6354,0.0,0.0,0.0,1.0,25,0,10
27,6355,0.0,0.0,0.0,1.0,25,0,10
27,6356,0.0,0.0,0.0,1.0,25,0,10
27,6357,0.0,0.0,0.0,1.0,25,0,10
27,6358,0.0,0.0,0.0,1.0,25,0,10
27,6359,0.0,0.0,0.0,1.0,25,0,10
27,6360,0.0,0.0,0.0,1.0,25,0,10
27,6361,0.0,0.0,0.0,1.0,25,0,10
27,6362,0.0,0.0,0.0,1.0,25,0,10
27,6363,0.0,0.0,0.0,1.0,25,0,10
27,6364,0.0,0.0,0.0,1.0,25,0,10
27,6365,0.0,0.0,0.0,1.0,25,0,10
27,6366,0.0,0.0,0.0,1.0,25,0,10
27,6367,0.0,0.0,0.0,1.0,25,0,10
27,6368,0.0,0.0,0.0,1.0,25,0,10
27,6369,0.0,0.0,0.0,1.0,25,0,10
27,6370,0.0,0.0,0.0,1.0,25,0,10
27,6371,0.0,0.0,0.0,1.0,25,0,10
27,6372,0.0,0.0,0.0,1.0,25,0,10
27,6373,0.0,0.0,0.0,1.0,25,0,10
27,6374,0.0,0.0,0.0,1.0,25,0,10
27,6375,0.0,0.0,0.0,1.0,25,0,10
27,6376,0.0,0.0,0.0,1.0,25,0,10
27,6377,0.0,0.0,0.0,1.0,25,0,10
27,6378,0.0,0.0,0.0,1.0,25,0,10
27,6379,0.0,0.0,0.0,1.0,25,0,10
27,6380,0.0,0.0,0.0,1.0,25,0,10
27,6381,0.0,0.0,0.0,1.0,25,0,10
27,6382,0.0,0.0,0.0,1.0,25,0,10
27,6383,0.0,0.0,0.0,1.0,25,0,10
27,6384,0.0,0.0,0.0,1.0,25,0,10
27,6385,0.0,0.0,0.0,1.0,25,0,10
27,6386,0.0,0.0,0.0,1.0,25,0,10
27,6387,0.0,0.0,0.0,1.0,25,0,10
27,6388,0.0,0.0,0.0,1.0,25,0,10
27,6389,0.0,0.0,0.0,1.0,25,0,10
27,6390,0.0,0.0,0.0,1.0,25,0,10
27,6391,0.0,0.0,0.0,1.0,25,0,10
27,6392,0.0,0.0,0.0,1.0,25,0,10
27,6393,0.0,0.0,0.0,1.0,25,0,10
27,6394,0.0,0.0,0.0,1.0,25,0,10
27,6395,0.0,0.0,0.0,1.0,25,0,10
27,6396,0.0,0.0,0.0,1.0,25,0,10
27,6397,0.0,0.0,0.0,1.0,25,0,10
27,6398,0.0,0.0,0.0,1.0,25,0,10
27,6399,0.0,0.0,0.0,1.0,25,0,10
27,6400,0.0,0.0,0.0,1.0,25,0,10
27,6401,0.0,0.0,0.0,1.0,25,0,10
27,6402,0.0,0.0,0.0,1.0,25,0,10
27,6403,0.0,0.0,0.0,1.0,25,0,10
27,6404,0.0,0.0,0.0,1.0,25,0,10
27,6405,0.0,0.0,0.0,1.0,25,0,10
27,6406,0.0,0.0,0.0,1.0,25,0,10
27,6407,0.0,0.0,0.0,1.0,25,0,10
27,6408,0.0,0.0,0.0,1.0,25,0,10
27,6409,0.0,0.0,0.0,1.0,25,0,10
27,6410,0.0,0.0,0.0,1.0,25,0,10
27,6411,0.0,0.0,0.0,1.0,25,0,10
27,6412,0.0,0.0,0.0,1.0,25,0,10
27,6413,0.0,0.0,0.0,1.0,25,0,10
27,6414,0.0,0.0,0.0,1.0,25,0,10
27,6415,0.0,0.0,0.0,1.0,25,0,10
27,6416,0.0,0.0,0.0,1.0,25,0,10
27,6417,0.0,0.0,0.0,1.0,25,0,10
27,6418,0.0,0.0,0.0,1.0,25,0,10
27,6419,0.0,0.0,0.0,1.0,25,0,10
27,6420,0.0,0.0,0.0,1.0,25,0,10
27,6421,0.0,0.0,0.0,1.0,25,0,10
27,6422,0.0,0.0,0.0,1.0,25,0,10
27,6423,0.0,0.0,0.0,1.0,25,0,10
27,6424,0.0,0.0,0.0,1.0,25,0,10
27,6425,0.0,0.0,0.0,1.0,25,0,10
27,6426,0.0,0.0,0.0,1.0,25,0,10
27,6427,0.0,0.0,0.0,1.0,25,0,10
27,6428,0.0,0.0,0.0,1.0,25,0,10
27,6429,0.0,0.0,0.0,1.0,25,0,10
27,6430,0.0,0.0,0.0,1.0,25,0,10
27,6431,0.0,0.0,0.0,1.0,25,0,10
27,6432,0.0,0.0,0.0,1.0,25,0,10
27,6433,0.0,0.0,0.0,1.0,25,0,10
27,6434,0.0,0.0,0.0,1.0,25,0,10
27,6435,0.0,0.0,0.0,1.0,25,0,10
27,6436,0.0,0.0,0.0,1.0,25,0,10
27,6437,0.0,0.0,0.0,1.0,25,0,10
27,6438,0.0,0.0,0.0,1.0,25,0,10
27,6439,0.0,0.0,0.0,1.0,25,0,10
27,6440,0.0,0.0,0.0,1.0,25,0,10
27,6441,0.0,0.0,0.0,1.0,25,0,10
27,6442,0.0,0.0,0.0,1.0,25,0,10
27,6443,0.0,0.0,0.0,1.0,25,0,10
27,6444,0.0,0.0,0.0,1.0,25,0,10
27,6445,0.0,0.0,0.0,1.0,25,0,10
27,6446,0.0,0.0,0.0,1.0,25,0,10
27,6447,0.0,0.0,0.0,1.0,25,0,10
27,6448,0.0,0.0,0.0,1.0,25,0,10
27,6449,0.0,0.0,0.0,1.0,25,0,10
27,6450,0.0,0.0,0.0,1.0,25,0,10
27,6451,0.0,0.0,0.0,1.0,25,0,10
27,6452,0.0,0.0,0.0,1.0,25,0,10
27,6453,0.0,0.0,0.0,1.0,25,0,10
27,6454,0.0,0.0,0.0,1.0,25,0,10
27,6455,0.0,0.0,0.0,1.0,25,0,10
27,6456,0.0,0.0,0.0,1.0,25,0,10
27,6457,0.0,0.0,0.0,1.0,25,0,10
27,6458,0.0,0.0,0.0,1.0,25,0,10
27,6459,0.0,0.0,0.0,1.0,25,0,10
27,6460,0.0,0.0,0.0,1.0,25,0,10
27,6461,0.0,0.0,0.0,1.0,25,0,10
27,6462,0.0,0.0,0.0,1.0,25,0,10
27,6463,0.0,0.0,0.0,1.0,25,0,10
27,6464,0.0,0.0,0.0,1.0,25,0,10
27,6465,0.0,0.0,0.0,1.0,25,0,10
27,6466,0.0,0.0,0.0,1.0,25,0,10
27,6467,0.0,0.0,0.0,1.0,25,0,10
27,6468,0.0,0.0,0.0,1.0,25,0,10
27,6469,0.0,0.0,0.0,1.0,25,0,10
27,6470,0.0,0.0,0.0,1.0,25,0,10
27,6471,0.0,0.0,0.0,1.0,25,0,10
27,6472,0.0,0.0,0.0,1.0,25,0,10
27,6473,0.0,0.0,0.0,1.0,25,0,10
27,6474,0.0,0.0,0.0,1.0,25,0,10
27,6475,0.0,0.0,0.0,1.0,25,0,10
27,6476,0.0,0.0,0.0,1.0,25,0,10
27,6477,0.0,0.0,0.0,1.0,25,0,10
27,6478,0.0,0.0,0.0,1.0,25,0,10
27,6479,0.0,0.0,0.0,1.0,25,0,10
27,6480,0.0,0.0,0.0,1.0,25,0,10
27,6481,0.0,0.0,0.0,1.0,25,0,10
27,6482,0.0,0.0,0.0,1.0,25,0,10
27,6483,0.0,0.0,0.0,1.0,25,0,10
27,6484,0.0,0.0,0.0,1.0,25,0,10
27,6485,0.0,0.0,0.0,1.0,25,0,10
27,6486,0.0,0.0,0.0,1.0,25,0,10
27,6487,0.0,0.0,0.0,1.0,25,0,10
27,6488,0.0,0.0,0.0,1.0,25,0,10
27,6489,0.0,0.0,0.0,1.0,25,0,10
27,6490,0.0,0.0,0.0,1.0,25,0,10
27,6491,0.0,0.0,0.0,1.0,25,0,10
27,6492,0.0,0.0,0.0,1.0,25,0,10
27,6493,0.0,0.0,0.0,1.0,25,0,10
27,6494,0.0,0.0,0.0,1.0,25,0,10
27,6495,0.0,0.0,0.0,1.0,25,0,10
27,6496,0.0,0.0,0.0,1.0,25,0,10
27,6497,0.0,0.0,0.0,1.0,25,0,10
27,6498,0.0,0.0,0.0,1.0,25,0,10
27,6499,0.0,0.0,0.0,1.0,25,0,10
27,6500,0.0,0.0,0.0,1.0,25,0,10
27,6501,0.0,0.0,0.0,1.0,25,0,10
27,6502,0.0,0.0,0.0,1.0,25,0,10
27,6503,0.0,0.0,0.0,1.0,25,0,10
27,6504,0.0,0.0,0.0,1.0,25,0,10
27,6505,0.0,0.0,0.0,1.0,25,0,10
27,6506,0.0,0.0,0.0,1.0,25,0,10
27,6507,0.0,0.0,0.0,1.0,25,0,10
27,6508,0.0,0.0,0.0,1.0,25,0,10
27,6509,0.0,0.0,0.0,1.0,25,0,10
27,6510,0.0,0.0,0.0,1.0,25,0,10
27,6511,0.0,0.0,0.0,1.0,25,0,10
27,6512,0.0,0.0,0.0,1.0,25,0,10
27,6513,0.0,0.0,0.0,1.0,25,0,10
27,6514,0.0,0.0,0.0,1.0,25,0,10
27,6515,0.0,0.0,0.0,1.0,25,0,10
27,6516,0.0,0.0,0.0,1.0,25,0,10
27,6517,0.0,0.0,0.0,1.0,25,0,10
27,6518,0.0,0.0,0.0,1.0,25,0,10
27,6519,0.0,0.0,0.0,1.0,25,0,10
27,6520,0.0,0.0,0.0,1.0,25,0,10
27,6521,0.0,0.0,0.0,1.0,25,0,10
27,6522,0.0,0.0,0.0,1.0,25,0,10
27,6523,0.0,0.0,0.0,1.0,25,0,10
27,6524,0.0,0.0,0.0,1.0,25,0,10
27,6525,0.0,0.0,0.0,1.0,25,0,10
27,6526,0.0,0.0,0.0,1.0,25,0,10
27,6527,0.0,0.0,0.0,1.0,25,0,10
27,6528,0.0,0.0,0.0,1.0,25,0,10
27,6529,0.0,0.0,0.0,1.0,25,0,10
27,6530,0.0,0.0,0.0,1.0,25,0,10
27,6531,0.0,0.0,0.0,1.0,25,0,10
27,6532,0.0,0.0,0.0,1.0,25,0,10
27,6533,0.0,0.0,0.0,1.0,25,0,10
27,6534,0.0,0.0,0.0,1.0,25,0,10
27,6535,0.0,0.0,0.0,1.0,25,0,10
27,6536,0.0,0.0,0.0,1.0,25,0,10
27,6537,0.0,0.0,0.0,1.0,25,0,10
27,6538,0.0,0.0,0.0,1.0,25,0,10
27,6539,0.0,0.0,0.0,1.0,25,0,10
27,6540,0.0,0.0,0.0,1.0,25,0,10
27,6541,0.0,0.0,0.0,1.0,25,0,10
27,6542,0.0,0.0,0.0,1.0,25,0,10
27,6543,0.0,0.0,0.0,1.0,25,0,10
27,6544,0.0,0.0,0.0,1.0,25,0,10
27,6545,0.0,0.0,0.0,1.0,25,0,10
27,6546,0.0,0.0,0.0,1.0,25,0,10
27,6547,0.0,0.0,0.0,1.0,25,0,10
27,6548,0.0,0.0,0.0,1.0,25,0,10
27,6549,0.0,0.0,0.0,1.0,25,0,10
27,6550,0.0,0.0,0.0,1.0,25,0,10
27,6551,0.0,0.0,0.0,1.0,25,0,10
27,6552,0.0,0.0,0.0,1.0,25,0,10
27,6553,0.0,0.0,0.0,1.0,25,0,10
27,6554,0.0,0.0,0.0,1.0,25,0,10
27,6555,0.0,0.0,0.0,1.0,25,0,10
27,6556,0.0,0.0,0.0,1.0,25,0,10
27,6557,0.0,0.0,0.0,1.0,25,0,10
27,6558,0.0,0.0,0.0,1.0,25,0,10
27,6559,0.0,0.0,0.0,1.0,25,0,10
27,6560,0.0,0.0,0.0,1.0,25,0,10
27,6561,0.0,0.0,0.0,1.0,25,0,10
27,6562,0.0,0.0,0.0,1.0,25,0,10
27,6563,0.0,0.0,0.0,1.0,25,0,10
27,6564,0.0,0.0,0.0,1.0,25,0,10
27,6565,0.0,0.0,0.0,1.0,25,0,10
27,6566,0.0,0.0,0.0,1.0,25,0,10
27,6567,0.0,0.0,0.0,1.0,25,0,10
27,6568,0.0,0.0,0.0,1.0,25,0,10
27,6569,0.0,0.0,0.0,1.0,25,0,10
27,6570,0.0,0.0,0.0,1.0,25,0,10
27,6571,0.0,0.0,0.0,1.0,25,0,10
27,6572,0.0,0.0,0.0,1.0,25,0,10
27,6573,0.0,0.0,0.0,1.0,25,0,10
27,6574,0.0,0.0,0.0,1.0,25,0,10
27,6575,0.0,0.0,0.0,1.0,25,0,10
27,6576,0.0,0.0,0.0,1.0,25,0,10
27,6577,0.0,0.0,0.0,1.0,25,0,10
27,6578,0.0,0.0,0.0,1.0,25,0,10
27,6579,0.0,0.0,0.0,1.0,25,0,10
27,6580,0.0,0.0,0.0,1.0,25,0,10
27,6581,0.0,0.0,0.0,1.0,25,0,10
27,6582,0.0,0.0,0.0,1.0,25,0,10
27,6583,0.0,0.0,0.0,1.0,25,0,10
27,6584,0.0,0.0,0.0,1.0,25,0,10
27,6585,0.0,0.0,0.0,1.0,25,0,10
27,6586,0.0,0.0,0.0,1.0,25,0,10
27,6587,0.0,0.0,0.0,1.0,25,0,10
27,6588,0.0,0.0,0.0,1.0,25,0,10
27,6589,0.0,0.0,0.0,1.0,25,0,10
27,6590,0.0,0.0,0.0,1.0,25,0,10
27,6591,0.0,0.0,0.0,1.0,25,0,10
27,6592,0.0,0.0,0.0,1.0,25,0,10
27,6593,0.0,0.0,0.0,1.0,25,0,10
27,6594,0.0,0.0,0.0,1.0,25,0,10
27,6595,0.0,0.0,0.0,1.0,25,0,10
27,6596,0.0,0.0,0.0,1.0,25,0,10
27,6597,0.0,0.0,0.0,1.0,25,0,10
27,6598,0.0,0.0,0.0,1.0,25,0,10
27,6599,0.0,0.0,0.0,1.0,25,0,10
27,6600,0.0,0.0,0.0,1.0,25,0,10
27,6601,0.0,0.0,0.0,1.0,25,0,10
27,6602,0.0,0.0,0.0,1.0,25,0,10
27,6603,0.0,0.0,0.0,1.0,25,0,10
27,6604,0.0,0.0,0.0,1.0,25,0,10
27,6605,0.0,0.0,0.0,1.0,25,0,10
27,6606,0.0,0.0,0.0,1.0,25,0,10
27,6607,0.0,0.0,0.0,1.0,25,0,10
27,6608,0.0,0.0,0.0,1.0,25,0,10
27,6609,0.0,0.0,0.0,1.0,25,0,10
27,6610,0.0,0.0,0.0,1.0,25,0,10
27,6611,0.0,0.0,0.0,1.0,25,0,10
27,6612,0.0,0.0,0.0,1.0,25,0,10
27,6613,0.0,0.0,0.0,1.0,25,0,10
27,6614,0.0,0.0,0.0,1.0,25,0,10
27,6615,0.0,0.0,0.0,1.0,25,0,10
27,6616,0.0,0.0,0.0,1.0,25,0,10
27,6617,0.0,0.0,0.0,1.0,25,0,10
27,6618,0.0,0.0,0.0,1.0,25,0,10
27,6619,0.0,0.0,0.0,1.0,25,0,10
27,6620,0.0,0.0,0.0,1.0,25,0,10
27,6621,0.0,0.0,0.0,1.0,25,0,10
27,6622,0.0,0.0,0.0,1.0,25,0,10
27,6623,0.0,0.0,0.0,1.0,25,0,10
27,6624,0.0,0.0,0.0,1.0,25,0,10
27,6625,0.0,0.0,0.0,1.0,25,0,10
27,6626,0.0,0.0,0.0,1.0,25,0,10
27,6627,0.0,0.0,0.0,1.0,25,0,10
27,6628,0.0,0.0,0.0,1.0,25,0,10
27,6629,0.0,0.0,0.0,1.0,25,0,10
27,6630,0.0,0.0,0.0,1.0,25,0,10
27,6631,0.0,0.0,0.0,1.0,25,0,10
27,6632,0.0,0.0,0.0,1.0,25,0,10
27,6633,0.0,0.0,0.0,1.0,25,0,10
27,6634,0.0,0.0,0.0,1.0,25,0,10
27,6635,0.0,0.0,0.0,1.0,25,0,10
27,6636,0.0,0.0,0.0,1.0,25,0,10
27,6637,0.0,0.0,0.0,1.0,25,0,10
27,6638,0.0,0.0,0.0,1.0,25,0,10
27,6639,0.0,0.0,0.0,1.0,25,0,10
27,6640,0.0,0.0,0.0,1.0,25,0,10
27,6641,0.0,0.0,0.0,1.0,25,0,10
27,6642,0.0,0.0,0.0,1.0,25,0,10
27,6643,0.0,0.0,0.0,1.0,25,0,10
27,6644,0.0,0.0,0.0,1.0,25,0,10
27,6645,0.0,0.0,0.0,1.0,25,0,10
27,6646,0.0,0.0,0.0,1.0,25,0,10
27,6647,0.0,0.0,0.0,1.0,25,0,10
27,6648,0.0,0.0,0.0,1.0,25,0,10
27,6649,0.0,0.0,0.0,1.0,25,0,10
27,6650,0.0,0.0,0.0,1.0,25,0,10
27,6651,0.0,0.0,0.0,1.0,25,0,10
27,6652,0.0,0.0,0.0,1.0,25,0,10
27,6653,0.0,0.0,0.0,1.0,25,0,10
27,6654,0.0,0.0,0.0,1.0,25,0,10
27,6655,0.0,0.0,0.0,1.0,25,0,10
27,6656,0.0,0.0,0.0,1.0,25,0,10
27,6657,0.0,0.0,0.0,1.0,25,0,10
27,6658,0.0,0.0,0.0,1.0,25,0,10
27,6659,0.0,0.0,0.0,1.0,25,0,10
27,6660,0.0,0.0,0.0,1.0,25,0,10
27,6661,0.0,0.0,0.0,1.0,25,0,10
27,6662,0.0,0.0,0.0,1.0,25,0,10
27,6663,0.0,0.0,0.0,1.0,25,0,10
27,6664,0.0,0.0,0.0,1.0,25,0,10
27,6665,0.0,0.0,0.0,1.0,25,0,10
27,6666,0.0,0.0,0.0,1.0,25,0,10
27,6667,0.0,0.0,0.0,1.0,25,0,10
27,6668,0.0,0.0,0.0,1.0,25,0,10
27,6669,0.0,0.0,0.0,1.0,25,0,10
27,6670,0.0,0.0,0.0,1.0,25,0,10
27,6671,0.0,0.0,0.0,1.0,25,0,10
27,6672,0.0,0.0,0.0,1.0,25,0,10
27,6673,0.0,0.0,0.0,1.0,25,0,10
27,6674,0.0,0.0,0.0,1.0,25,0,10
27,6675,0.0,0.0,0.0,1.0,25,0,10
27,6676,0.0,0.0,0.0,1.0,25,0,10
27,6677,0.0,0.0,0.0,1.0,25,0,10
27,6678,0.0,0.0,0.0,1.0,25,0,10
27,6679,0.0,0.0,0.0,1.0,25,0,10
27,6680,0.0,0.0,0.0,1.0,25,0,10
27,6681,0.0,0.0,0.0,1.0,25,0,10
27,6682,0.0,0.0,0.0,1.0,25,0,10
27,6683,0.0,0.0,0.0,1.0,25,0,10
27,6684,0.0,0.0,0.0,1.0,25,0,10
27,6685,0.0,0.0,0.0,1.0,25,0,10
27,6686,0.0,0.0,0.0,1.0,25,0,10
27,6687,0.0,0.0,0.0,1.0,25,0,10
27,6688,0.0,0.0,0.0,1.0,25,0,10
27,6689,0.0,0.0,0.0,1.0,25,0,10
27,6690,0.0,0.0,0.0,1.0,25,0,10
27,6691,0.0,0.0,0.0,1.0,25,0,10
27,6692,0.0,0.0,0.0,1.0,25,0,10
27,6693,0.0,0.0,0.0,1.0,25,0,10
27,6694,0.0,0.0,0.0,1.0,25,0,10
27,6695,0.0,0.0,0.0,1.0,25,0,10
27,6696,0.0,0.0,0.0,1.0,25,0,10
27,6697,0.0,0.0,0.0,1.0,25,0,10
27,6698,0.0,0.0,0.0,1.0,25,0,10
27,6699,0.0,0.0,0.0,1.0,25,0,10
27,6700,0.0,0.0,0.0,1.0,25,0,10
27,6701,0.0,0.0,0.0,1.0,25,0,10
27,6702,0.0,0.0,0.0,1.0,25,0,10
27,6703,0.0,0.0,0.0,1.0,25,0,10
27,6704,0.0,0.0,0.0,1.0,25,0,10
27,6705,0.0,0.0,0.0,1.0,25,0,10
27,6706,0.0,0.0,0.0,1.0,25,0,10
27,6707,0.0,0.0,0.0,1.0,25,0,10
27,6708,0.0,0.0,0.0,1.0,25,0,10
27,6709,0.0,0.0,0.0,1.0,25,0,10
27,6710,0.0,0.0,0.0,1.0,25,0,10
27,6711,0.0,0.0,0.0,1.0,25,0,10
27,6712,0.0,0.0,0.0,1.0,25,0,10
27,6713,0.0,0.0,0.0,1.0,25,0,10
27,6714,0.0,0.0,0.0,1.0,25,0,10
27,6715,0.0,0.0,0.0,1.0,25,0,10
27,6716,0.0,0.0,0.0,1.0,25,0,10
27,6717,0.0,0.0,0.0,1.0,25,0,10
27,6718,0.0,0.0,0.0,1.0,25,0,10
27,6719,0.0,0.0,0.0,1.0,25,0,10
27,6720,0.0,0.0,0.0,1.0,25,0,10
27,6721,0.0,0.0,0.0,1.0,25,0,10
27,6722,0.0,0.0,0.0,1.0,25,0,10
27,6723,0.0,0.0,0.0,1.0,25,0,10
27,6724,0.0,0.0,0.0,1.0,25,0,10
27,6725,0.0,0.0,0.0,1.0,25,0,10
27,6726,0.0,0.0,0.0,1.0,25,0,10
27,6727,0.0,0.0,0.0,1.0,25,0,10
27,6728,0.0,0.0,0.0,1.0,25,0,10
27,6729,0.0,0.0,0.0,1.0,25,0,10
27,6730,0.0,0.0,0.0,1.0,25,0,10
27,6731,0.0,0.0,0.0,1.0,25,0,10
27,6732,0.0,0.0,0.0,1.0,25,0,10
27,6733,0.0,0.0,0.0,1.0,25,0,10
27,6734,0.0,0.0,0.0,1.0,25,0,10
27,6735,0.0,0.0,0.0,1.0,25,0,10
27,6736,0.0,0.0,0.0,1.0,25,0,10
27,6737,0.0,0.0,0.0,1.0,25,0,10
27,6738,0.0,0.0,0.0,1.0,25,0,10
27,6739,0.0,0.0,0.0,1.0,25,0,10
27,6740,0.0,0.0,0.0,1.0,25,0,10
27,6741,0.0,0.0,0.0,1.0,25,0,10
27,6742,0.0,0.0,0.0,1.0,25,0,10
27,6743,0.0,0.0,0.0,1.0,25,0,10
27,6744,0.0,0.0,0.0,1.0,25,0,10
27,6745,0.0,0.0,0.0,1.0,25,0,10
27,6746,0.0,0.0,0.0,1.0,25,0,10
27,6747,0.0,0.0,0.0,1.0,25,0,10
27,6748,0.0,0.0,0.0,1.0,25,0,10
27,6749,0.0,0.0,0.0,1.0,25,0,10
27,6750,0.0,0.0,0.0,1.0,25,0,10
27,6751,0.0,0.0,0.0,1.0,25,0,10
27,6752,0.0,0.0,0.0,1.0,25,0,10
27,6753,0.0,0.0,0.0,1.0,25,0,10
27,6754,0.0,0.0,0.0,1.0,25,0,10
27,6755,0.0,0.0,0.0,1.0,25,0,10
27,6756,0.0,0.0,0.0,1.0,25,0,10
27,6757,0.0,0.0,0.0,1.0,25,0,10
27,6758,0.0,0.0,0.0,1.0,25,0,10
27,6759,0.0,0.0,0.0,1.0,25,0,10
27,6760,0.0,0.0,0.0,1.0,25,0,10
27,6761,0.0,0.0,0.0,1.0,25,0,10
27,6762,0.0,0.0,0.0,1.0,25,0,10
27,6763,0.0,0.0,0.0,1.0,25,0,10
27,6764,0.0,0.0,0.0,1.0,25,0,10
27,6765,0.0,0.0,0.0,1.0,25,0,10
27,6766,0.0,0.0,0.0,1.0,25,0,10
27,6767,0.0,0.0,0.0,1.0,25,0,10
27,6768,0.0,0.0,0.0,1.0,25,0,10
27,6769,0.0,0.0,0.0,1.0,25,0,10
27,6770,0.0,0.0,0.0,1.0,25,0,10
27,6771,0.0,0.0,0.0,1.0,25,0,10
27,6772,0.0,0.0,0.0,1.0,25,0,10
27,6773,0.0,0.0,0.0,1.0,25,0,10
27,6774,0.0,0.0,0.0,1.0,25,0,10
27,6775,0.0,0.0,0.0,1.0,25,0,10
27,6776,0.0,0.0,0.0,1.0,25,0,10
27,6777,0.0,0.0,0.0,1.0,25,0,10
27,6778,0.0,0.0,0.0,1.0,25,0,10
27,6779,0.0,0.0,0.0,1.0,25,0,10
27,6780,0.0,0.0,0.0,1.0,25,0,10
27,6781,0.0,0.0,0.0,1.0,25,0,10
27,6782,0.0,0.0,0.0,1.0,25,0,10
27,6783,0.0,0.0,0.0,1.0,25,0,10
27,6784,0.0,0.0,0.0,1.0,25,0,10
27,6785,0.0,0.0,0.0,1.0,25,0,10
27,6786,0.0,0.0,0.0,1.0,25,0,10
27,6787,0.0,0.0,0.0,1.0,25,0,10
27,6788,0.0,0.0,0.0,1.0,25,0,10
27,6789,0.0,0.0,0.0,1.0,25,0,10
27,6790,0.0,0.0,0.0,1.0,25,0,10
27,6791,0.0,0.0,0.0,1.0,25,0,10
27,6792,0.0,0.0,0.0,1.0,25,0,10
27,6793,0.0,0.0,0.0,1.0,25,0,10
27,6794,0.0,0.0,0.0,1.0,25,0,10
27,6795,0.0,0.0,0.0,1.0,25,0,10
27,6796,0.0,0.0,0.0,1.0,25,0,10
27,6797,0.0,0.0,0.0,1.0,25,0,10
27,6798,0.0,0.0,0.0,1.0,25,0,10
27,6799,0.0,0.0,0.0,1.0,25,0,10
27,6800,0.0,0.0,0.0,1.0,25,0,10
27,6801,0.0,0.0,0.0,1.0,25,0,10
27,6802,0.0,0.0,0.0,1.0,25,0,10
27,6803,0.0,0.0,0.0,1.0,25,0,10
27,6804,0.0,0.0,0.0,1.0,25,0,10
27,6805,0.0,0.0,0.0,1.0,25,0,10
27,6806,0.0,0.0,0.0,1.0,25,0,10
27,6807,0.0,0.0,0.0,1.0,25,0,10
27,6808,0.0,0.0,0.0,1.0,25,0,10
27,6809,0.0,0.0,0.0,1.0,25,0,10
27,6810,0.0,0.0,0.0,1.0,25,0,10
27,6811,0.0,0.0,0.0,1.0,25,0,10
27,6812,0.0,0.0,0.0,1.0,25,0,10
27,6813,0.0,0.0,0.0,1.0,25,0,10
27,6814,0.0,0.0,0.0,1.0,25,0,10
27,6815,0.0,0.0,0.0,1.0,25,0,10
27,6816,0.0,0.0,0.0,1.0,25,0,10
27,6817,0.0,0.0,0.0,1.0,25,0,10
27,6818,0.0,0.0,0.0,1.0,25,0,10
27,6819,0.0,0.0,0.0,1.0,25,0,10
27,6820,0.0,0.0,0.0,1.0,25,0,10
27,6821,0.0,0.0,0.0,1.0,25,0,10
27,6822,0.0,0.0,0.0,1.0,25,0,10
27,6823,0.0,0.0,0.0,1.0,25,0,10
27,6824,0.0,0.0,0.0,1.0,25,0,10
27,6825,0.0,0.0,0.0,1.0,25,0,10
27,6826,0.0,0.0,0.0,1.0,25,0,10
27,6827,0.0,0.0,0.0,1.0,25,0,10
27,6828,0.0,0.0,0.0,1.0,25,0,10
27,6829,0.0,0.0,0.0,1.0,25,0,10
27,6830,0.0,0.0,0.0,1.0,25,0,10
27,6831,0.0,0.0,0.0,1.0,25,0,10
27,6832,0.0,0.0,0.0,1.0,25,0,10
27,6833,0.0,0.0,0.0,1.0,25,0,10
27,6834,0.0,0.0,0.0,1.0,25,0,10
27,6835,0.0,0.0,0.0,1.0,25,0,10
27,6836,0.0,0.0,0.0,1.0,25,0,10
27,6837,0.0,0.0,0.0,1.0,25,0,10
27,6838,0.0,0.0,0.0,1.0,25,0,10
27,6839,0.0,0.0,0.0,1.0,25,0,10
27,6840,0.0,0.0,0.0,1.0,25,0,10
27,6841,0.0,0.0,0.0,1.0,25,0,10
27,6842,0.0,0.0,0.0,1.0,25,0,10
27,6843,0.0,0.0,0.0,1.0,25,0,10
27,6844,0.0,0.0,0.0,1.0,25,0,10
27,6845,0.0,0.0,0.0,1.0,25,0,10
27,6846,0.0,0.0,0.0,1.0,25,0,10
27,6847,0.0,0.0,0.0,1.0,25,0,10
27,6848,0.0,0.0,0.0,1.0,25,0,10
27,6849,0.0,0.0,0.0,1.0,25,0,10
27,6850,0.0,0.0,0.0,1.0,25,0,10
27,6851,0.0,0.0,0.0,1.0,25,0,10
27,6852,0.0,0.0,0.0,1.0,25,0,10
27,6853,0.0,0.0,0.0,1.0,25,0,10
27,6854,0.0,0.0,0.0,1.0,25,0,10
27,6855,0.0,0.0,0.0,1.0,25,0,10
27,6856,0.0,0.0,0.0,1.0,25,0,10
27,6857,0.0,0.0,0.0,1.0,25,0,10
27,6858,0.0,0.0,0.0,1.0,25,0,10
27,6859,0.0,0.0,0.0,1.0,25,0,10
27,6860,0.0,0.0,0.0,1.0,25,0,10
27,6861,0.0,0.0,0.0,1.0,25,0,10
27,6862,0.0,0.0,0.0,1.0,25,0,10
27,6863,0.0,0.0,0.0,1.0,25,0,10
27,6864,0.0,0.0,0.0,1.0,25,0,10
27,6865,0.0,0.0,0.0,1.0,25,0,10
27,6866,0.0,0.0,0.0,1.0,25,0,10
27,6867,0.0,0.0,0.0,1.0,25,0,10
27,6868,0.0,0.0,0.0,1.0,25,0,10
27,6869,0.0,0.0,0.0,1.0,25,0,10
27,6870,0.0,0.0,0.0,1.0,25,0,10
27,6871,0.0,0.0,0.0,1.0,25,0,10
27,6872,0.0,0.0,0.0,1.0,25,0,10
27,6873,0.0,0.0,0.0,1.0,25,0,10
27,6874,0.0,0.0,0.0,1.0,25,0,10
27,6875,0.0,0.0,0.0,1.0,25,0,10
27,6876,0.0,0.0,0.0,1.0,25,0,10
27,6877,0.0,0.0,0.0,1.0,25,0,10
27,6878,0.0,0.0,0.0,1.0,25,0,10
27,6879,0.0,0.0,0.0,1.0,25,0,10
27,6880,0.0,0.0,0.0,1.0,25,0,10
27,6881,0.0,0.0,0.0,1.0,25,0,10
27,6882,0.0,0.0,0.0,1.0,25,0,10
27,6883,0.0,0.0,0.0,1.0,25,0,10
27,6884,0.0,0.0,0.0,1.0,25,0,10
27,6885,0.0,0.0,0.0,1.0,25,0,10
27,6886,0.0,0.0,0.0,1.0,25,0,10
27,6887,0.0,0.0,0.0,1.0,25,0,10
27,6888,0.0,0.0,0.0,1.0,25,0,10
27,6889,0.0,0.0,0.0,1.0,25,0,10
27,6890,0.0,0.0,0.0,1.0,25,0,10
27,6891,0.0,0.0,0.0,1.0,25,0,10
27,6892,0.0,0.0,0.0,1.0,25,0,10
27,6893,0.0,0.0,0.0,1.0,25,0,10
27,6894,0.0,0.0,0.0,1.0,25,0,10
27,6895,0.0,0.0,0.0,1.0,25,0,10
27,6896,0.0,0.0,0.0,1.0,25,0,10
27,6897,0.0,0.0,0.0,1.0,25,0,10
27,6898,0.0,0.0,0.0,1.0,25,0,10
27,6899,0.0,0.0,0.0,1.0,25,0,10
27,6900,0.0,0.0,0.0,1.0,25,0,10
27,6901,0.0,0.0,0.0,1.0,25,0,10
27,6902,0.0,0.0,0.0,1.0,25,0,10
27,6903,0.0,0.0,0.0,1.0,25,0,10
27,6904,0.0,0.0,0.0,1.0,25,0,10
27,6905,0.0,0.0,0.0,1.0,25,0,10
27,6906,0.0,0.0,0.0,1.0,25,0,10
27,6907,0.0,0.0,0.0,1.0,25,0,10
27,6908,0.0,0.0,0.0,1.0,25,0,10
27,6909,0.0,0.0,0.0,1.0,25,0,10
27,6910,0.0,0.0,0.0,1.0,25,0,10
27,6911,0.0,0.0,0.0,1.0,25,0,10
27,6912,0.0,0.0,0.0,1.0,25,0,10
27,6913,0.0,0.0,0.0,1.0,25,0,10
27,6914,0.0,0.0,0.0,1.0,25,0,10
27,6915,0.0,0.0,0.0,1.0,25,0,10
27,6916,0.0,0.0,0.0,1.0,25,0,10
27,6917,0.0,0.0,0.0,1.0,25,0,10
27,6918,0.0,0.0,0.0,1.0,25,0,10
27,6919,0.0,0.0,0.0,1.0,25,0,10
27,6920,0.0,0.0,0.0,1.0,25,0,10
27,6921,0.0,0.0,0.0,1.0,25,0,10
27,6922,0.0,0.0,0.0,1.0,25,0,10
27,6923,0.0,0.0,0.0,1.0,25,0,10
27,6924,0.0,0.0,0.0,1.0,25,0,10
27,6925,0.0,0.0,0.0,1.0,25,0,10
27,6926,0.0,0.0,0.0,1.0,25,0,10
27,6927,0.0,0.0,0.0,1.0,25,0,10
27,6928,0.0,0.0,0.0,1.0,25,0,10
27,6929,0.0,0.0,0.0,1.0,25,0,10
27,6930,0.0,0.0,0.0,1.0,25,0,10
27,6931,0.0,0.0,0.0,1.0,25,0,10
27,6932,0.0,0.0,0.0,1.0,25,0,10
27,6933,0.0,0.0,0.0,1.0,25,0,10
27,6934,0.0,0.0,0.0,1.0,25,0,10
27,6935,0.0,0.0,0.0,1.0,25,0,10
27,6936,0.0,0.0,0.0,1.0,25,0,10
27,6937,0.0,0.0,0.0,1.0,25,0,10
27,6938,0.0,0.0,0.0,1.0,25,0,10
27,6939,0.0,0.0,0.0,1.0,25,0,10
27,6940,0.0,0.0,0.0,1.0,25,0,10
27,6941,0.0,0.0,0.0,1.0,25,0,10
27,6942,0.0,0.0,0.0,1.0,25,0,10
27,6943,0.0,0.0,0.0,1.0,25,0,10
27,6944,0.0,0.0,0.0,1.0,25,0,10
27,6945,0.0,0.0,0.0,1.0,25,0,10
27,6946,0.0,0.0,0.0,1.0,25,0,10
27,6947,0.0,0.0,0.0,1.0,25,0,10
27,6948,0.0,0.0,0.0,1.0,25,0,10
27,6949,0.0,0.0,0.0,1.0,25,0,10
27,6950,0.0,0.0,0.0,1.0,25,0,10
27,6951,0.0,0.0,0.0,1.0,25,0,10
27,6952,0.0,0.0,0.0,1.0,25,0,10
27,6953,0.0,0.0,0.0,1.0,25,0,10
27,6954,0.0,0.0,0.0,1.0,25,0,10
27,6955,0.0,0.0,0.0,1.0,25,0,10
27,6956,0.0,0.0,0.0,1.0,25,0,10
27,6957,0.0,0.0,0.0,1.0,25,0,10
27,6958,0.0,0.0,0.0,1.0,25,0,10
27,6959,0.0,0.0,0.0,1.0,25,0,10
27,6960,0.0,0.0,0.0,1.0,25,0,10
27,6961,0.0,0.0,0.0,1.0,25,0,10
27,6962,0.0,0.0,0.0,1.0,25,0,10
27,6963,0.0,0.0,0.0,1.0,25,0,10
27,6964,0.0,0.0,0.0,1.0,25,0,10
27,6965,0.0,0.0,0.0,1.0,25,0,10
27,6966,0.0,0.0,0.0,1.0,25,0,10
27,6967,0.0,0.0,0.0,1.0,25,0,10
27,6968,0.0,0.0,0.0,1.0,25,0,10
27,6969,0.0,0.0,0.0,1.0,25,0,10
27,6970,0.0,0.0,0.0,1.0,25,0,10
27,6971,0.0,0.0,0.0,1.0,25,0,10
27,6972,0.0,0.0,0.0,1.0,25,0,10
27,6973,0.0,0.0,0.0,1.0,25,0,10
27,6974,0.0,0.0,0.0,1.0,25,0,10
27,6975,0.0,0.0,0.0,1.0,25,0,10
27,6976,0.0,0.0,0.0,1.0,25,0,10
27,6977,0.0,0.0,0.0,1.0,25,0,10
27,6978,0.0,0.0,0.0,1.0,25,0,10
27,6979,0.0,0.0,0.0,1.0,25,0,10
27,6980,0.0,0.0,0.0,1.0,25,0,10
27,6981,0.0,0.0,0.0,1.0,25,0,10
27,6982,0.0,0.0,0.0,1.0,25,0,10
27,6983,0.0,0.0,0.0,1.0,25,0,10
27,6984,0.0,0.0,0.0,1.0,25,0,10
27,6985,0.0,0.0,0.0,1.0,25,0,10
27,6986,0.0,0.0,0.0,1.0,25,0,10
27,6987,0.0,0.0,0.0,1.0,25,0,10
27,6988,0.0,0.0,0.0,1.0,25,0,10
27,6989,0.0,0.0,0.0,1.0,25,0,10
27,6990,0.0,0.0,0.0,1.0,25,0,10
27,6991,0.0,0.0,0.0,1.0,25,0,10
27,6992,0.0,0.0,0.0,1.0,25,0,10
27,6993,0.0,0.0,0.0,1.0,25,0,10
27,6994,0.0,0.0,0.0,1.0,25,0,10
27,6995,0.0,0.0,0.0,1.0,25,0,10
27,6996,0.0,0.0,0.0,1.0,25,0,10
27,6997,0.0,0.0,0.0,1.0,25,0,10
27,6998,0.0,0.0,0.0,1.0,25,0,10
27,6999,0.0,0.0,0.0,1.0,25,0,10
27,7000,0.0,0.0,0.0,1.0,25,0,10
27,7001,0.0,0.0,0.0,1.0,25,0,10
27,7002,0.0,0.0,0.0,1.0,25,0,10
27,7003,0.0,0.0,0.0,1.0,25,0,10
27,7004,0.0,0.0,0.0,1.0,25,0,10
27,7005,0.0,0.0,0.0,1.0,25,0,10
27,7006,0.0,0.0,0.0,1.0,25,0,10
27,7007,0.0,0.0,0.0,1.0,25,0,10
27,7008,0.0,0.0,0.0,1.0,25,0,10
27,7009,0.0,0.0,0.0,1.0,25,0,10
27,7010,0.0,0.0,0.0,1.0,25,0,10
27,7011,0.0,0.0,0.0,1.0,25,0,10
27,7012,0.0,0.0,0.0,1.0,25,0,10
27,7013,0.0,0.0,0.0,1.0,25,0,10
27,7014,0.0,0.0,0.0,1.0,25,0,10
27,7015,0.0,0.0,0.0,1.0,25,0,10
27,7016,0.0,0.0,0.0,1.0,25,0,10
27,7017,0.0,0.0,0.0,1.0,25,0,10
27,7018,0.0,0.0,0.0,1.0,25,0,10
27,7019,0.0,0.0,0.0,1.0,25,0,10
27,7020,0.0,0.0,0.0,1.0,25,0,10
27,7021,0.0,0.0,0.0,1.0,25,0,10
27,7022,0.0,0.0,0.0,1.0,25,0,10
27,7023,0.0,0.0,0.0,1.0,25,0,10
27,7024,0.0,0.0,0.0,1.0,25,0,10
27,7025,0.0,0.0,0.0,1.0,25,0,10
27,7026,0.0,0.0,0.0,1.0,25,0,10
27,7027,0.0,0.0,0.0,1.0,25,0,10
27,7028,0.0,0.0,0.0,1.0,25,0,10
27,7029,0.0,0.0,0.0,1.0,25,0,10
27,7030,0.0,0.0,0.0,1.0,25,0,10
27,7031,0.0,0.0,0.0,1.0,25,0,10
27,7032,0.0,0.0,0.0,1.0,25,0,10
27,7033,0.0,0.0,0.0,1.0,25,0,10
27,7034,0.0,0.0,0.0,1.0,25,0,10
27,7035,0.0,0.0,0.0,1.0,25,0,10
27,7036,0.0,0.0,0.0,1.0,25,0,10
27,7037,0.0,0.0,0.0,1.0,25,0,10
27,7038,0.0,0.0,0.0,1.0,25,0,10
27,7039,0.0,0.0,0.0,1.0,25,0,10
27,7040,0.0,0.0,0.0,1.0,25,0,10
27,7041,0.0,0.0,0.0,1.0,25,0,10
27,7042,0.0,0.0,0.0,1.0,25,0,10
27,7043,0.0,0.0,0.0,1.0,25,0,10
27,7044,0.0,0.0,0.0,1.0,25,0,10
27,7045,0.0,0.0,0.0,1.0,25,0,10
27,7046,0.0,0.0,0.0,1.0,25,0,10
27,7047,0.0,0.0,0.0,1.0,25,0,10
27,7048,0.0,0.0,0.0,1.0,25,0,10
27,7049,0.0,0.0,0.0,1.0,25,0,10
27,7050,0.0,0.0,0.0,1.0,25,0,10
27,7051,0.0,0.0,0.0,1.0,25,0,10
27,7052,0.0,0.0,0.0,1.0,25,0,10
27,7053,0.0,0.0,0.0,1.0,25,0,10
27,7054,0.0,0.0,0.0,1.0,25,0,10
27,7055,0.0,0.0,0.0,1.0,25,0,10
27,7056,0.0,0.0,0.0,1.0,25,0,10
27,7057,0.0,0.0,0.0,1.0,25,0,10
27,7058,0.0,0.0,0.0,1.0,25,0,10
27,7059,0.0,0.0,0.0,1.0,25,0,10
27,7060,0.0,0.0,0.0,1.0,25,0,10
27,7061,0.0,0.0,0.0,1.0,25,0,10
27,7062,0.0,0.0,0.0,1.0,25,0,10
27,7063,0.0,0.0,0.0,1.0,25,0,10
27,7064,0.0,0.0,0.0,1.0,25,0,10
27,7065,0.0,0.0,0.0,1.0,25,0,10
27,7066,0.0,0.0,0.0,1.0,25,0,10
27,7067,0.0,0.0,0.0,1.0,25,0,10
27,7068,0.0,0.0,0.0,1.0,25,0,10
27,7069,0.0,0.0,0.0,1.0,25,0,10
27,7070,0.0,0.0,0.0,1.0,25,0,10
27,7071,0.0,0.0,0.0,1.0,25,0,10
27,7072,0.0,0.0,0.0,1.0,25,0,10
27,7073,0.0,0.0,0.0,1.0,25,0,10
27,7074,0.0,0.0,0.0,1.0,25,0,10
27,7075,0.0,0.0,0.0,1.0,25,0,10
27,7076,0.0,0.0,0.0,1.0,25,0,10
27,7077,0.0,0.0,0.0,1.0,25,0,10
27,7078,0.0,0.0,0.0,1.0,25,0,10
27,7079,0.0,0.0,0.0,1.0,25,0,10
27,7080,0.0,0.0,0.0,1.0,25,0,10
27,7081,0.0,0.0,0.0,1.0,25,0,10
27,7082,0.0,0.0,0.0,1.0,25,0,10
27,7083,0.0,0.0,0.0,1.0,25,0,10
27,7084,0.0,0.0,0.0,1.0,25,0,10
27,7085,0.0,0.0,0.0,1.0,25,0,10
27,7086,0.0,0.0,0.0,1.0,25,0,10
27,7087,0.0,0.0,0.0,1.0,25,0,10
27,7088,0.0,0.0,0.0,1.0,25,0,10
27,7089,0.0,0.0,0.0,1.0,25,0,10
27,7090,0.0,0.0,0.0,1.0,25,0,10
27,7091,0.0,0.0,0.0,1.0,25,0,10
27,7092,0.0,0.0,0.0,1.0,25,0,10
27,7093,0.0,0.0,0.0,1.0,25,0,10
27,7094,0.0,0.0,0.0,1.0,25,0,10
27,7095,0.0,0.0,0.0,1.0,25,0,10
27,7096,0.0,0.0,0.0,1.0,25,0,10
27,7097,0.0,0.0,0.0,1.0,25,0,10
27,7098,0.0,0.0,0.0,1.0,25,0,10
27,7099,0.0,0.0,0.0,1.0,25,0,10
27,7100,0.0,0.0,0.0,1.0,25,0,10
27,7101,0.0,0.0,0.0,1.0,25,0,10
27,7102,0.0,0.0,0.0,1.0,25,0,10
27,7103,0.0,0.0,0.0,1.0,25,0,10
27,7104,0.0,0.0,0.0,1.0,25,0,10
27,7105,0.0,0.0,0.0,1.0,25,0,10
27,7106,0.0,0.0,0.0,1.0,25,0,10
27,7107,0.0,0.0,0.0,1.0,25,0,10
27,7108,0.0,0.0,0.0,1.0,25,0,10
27,7109,0.0,0.0,0.0,1.0,25,0,10
27,7110,0.0,0.0,0.0,1.0,25,0,10
27,7111,0.0,0.0,0.0,1.0,25,0,10
27,7112,0.0,0.0,0.0,1.0,25,0,10
27,7113,0.0,0.0,0.0,1.0,25,0,10
27,7114,0.0,0.0,0.0,1.0,25,0,10
27,7115,0.0,0.0,0.0,1.0,25,0,10
27,7116,0.0,0.0,0.0,1.0,25,0,10
27,7117,0.0,0.0,0.0,1.0,25,0,10
27,7118,0.0,0.0,0.0,1.0,25,0,10
27,7119,0.0,0.0,0.0,1.0,25,0,10
27,7120,0.0,0.0,0.0,1.0,25,0,10
27,7121,0.0,0.0,0.0,1.0,25,0,10
27,7122,0.0,0.0,0.0,1.0,25,0,10
27,7123,0.0,0.0,0.0,1.0,25,0,10
27,7124,0.0,0.0,0.0,1.0,25,0,10
27,7125,0.0,0.0,0.0,1.0,25,0,10
27,7126,0.0,0.0,0.0,1.0,25,0,10
27,7127,0.0,0.0,0.0,1.0,25,0,10
27,7128,0.0,0.0,0.0,1.0,25,0,10
27,7129,0.0,0.0,0.0,1.0,25,0,10
27,7130,0.0,0.0,0.0,1.0,25,0,10
27,7131,0.0,0.0,0.0,1.0,25,0,10
27,7132,0.0,0.0,0.0,1.0,25,0,10
27,7133,0.0,0.0,0.0,1.0,25,0,10
27,7134,0.0,0.0,0.0,1.0,25,0,10
27,7135,0.0,0.0,0.0,1.0,25,0,10
27,7136,0.0,0.0,0.0,1.0,25,0,10
27,7137,0.0,0.0,0.0,1.0,25,0,10
27,7138,0.0,0.0,0.0,1.0,25,0,10
27,7139,0.0,0.0,0.0,1.0,25,0,10
27,7140,0.0,0.0,0.0,1.0,25,0,10
27,7141,0.0,0.0,0.0,1.0,25,0,10
27,7142,0.0,0.0,0.0,1.0,25,0,10
27,7143,0.0,0.0,0.0,1.0,25,0,10
27,7144,0.0,0.0,0.0,1.0,25,0,10
27,7145,0.0,0.0,0.0,1.0,25,0,10
27,7146,0.0,0.0,0.0,1.0,25,0,10
27,7147,0.0,0.0,0.0,1.0,25,0,10
27,7148,0.0,0.0,0.0,1.0,25,0,10
27,7149,0.0,0.0,0.0,1.0,25,0,10
27,7150,0.0,0.0,0.0,1.0,25,0,10
27,7151,0.0,0.0,0.0,1.0,25,0,10
27,7152,0.0,0.0,0.0,1.0,25,0,10
27,7153,0.0,0.0,0.0,1.0,25,0,10
27,7154,0.0,0.0,0.0,1.0,25,0,10
27,7155,0.0,0.0,0.0,1.0,25,0,10
27,7156,0.0,0.0,0.0,1.0,25,0,10
27,7157,0.0,0.0,0.0,1.0,25,0,10
27,7158,0.0,0.0,0.0,1.0,25,0,10
27,7159,0.0,0.0,0.0,1.0,25,0,10
27,7160,0.0,0.0,0.0,1.0,25,0,10
27,7161,0.0,0.0,0.0,1.0,25,0,10
27,7162,0.0,0.0,0.0,1.0,25,0,10
27,7163,0.0,0.0,0.0,1.0,25,0,10
27,7164,0.0,0.0,0.0,1.0,25,0,10
27,7165,0.0,0.0,0.0,1.0,25,0,10
27,7166,0.0,0.0,0.0,1.0,25,0,10
27,7167,0.0,0.0,0.0,1.0,25,0,10
27,7168,0.0,0.0,0.0,1.0,25,0,10
27,7169,0.0,0.0,0.0,1.0,25,0,10
27,7170,0.0,0.0,0.0,1.0,25,0,10
27,7171,0.0,0.0,0.0,1.0,25,0,10
27,7172,0.0,0.0,0.0,1.0,25,0,10
27,7173,0.0,0.0,0.0,1.0,25,0,10
27,7174,0.0,0.0,0.0,1.0,25,0,10
27,7175,0.0,0.0,0.0,1.0,25,0,10
27,7176,0.0,0.0,0.0,1.0,25,0,10
27,7177,0.0,0.0,0.0,1.0,25,0,10
27,7178,0.0,0.0,0.0,1.0,25,0,10
27,7179,0.0,0.0,0.0,1.0,25,0,10
27,7180,0.0,0.0,0.0,1.0,25,0,10
27,7181,0.0,0.0,0.0,1.0,25,0,10
27,7182,0.0,0.0,0.0,1.0,25,0,10
27,7183,0.0,0.0,0.0,1.0,25,0,10
27,7184,0.0,0.0,0.0,1.0,25,0,10
27,7185,0.0,0.0,0.0,1.0,25,0,10
27,7186,0.0,0.0,0.0,1.0,25,0,10
27,7187,0.0,0.0,0.0,1.0,25,0,10
27,7188,0.0,0.0,0.0,1.0,25,0,10
27,7189,0.0,0.0,0.0,1.0,25,0,10
27,7190,0.0,0.0,0.0,1.0,25,0,10
27,7191,0.0,0.0,0.0,1.0,25,0,10
27,7192,0.0,0.0,0.0,1.0,25,0,10
27,7193,0.0,0.0,0.0,1.0,25,0,10
27,7194,0.0,0.0,0.0,1.0,25,0,10
27,7195,0.0,0.0,0.0,1.0,25,0,10
27,7196,0.0,0.0,0.0,1.0,25,0,10
27,7197,0.0,0.0,0.0,1.0,25,0,10
27,7198,0.0,0.0,0.0,1.0,25,0,10
27,7199,0.0,0.0,0.0,1.0,25,0,10
27,7200,0.0,0.0,0.0,1.0,25,0,10
27,7201,0.0,0.0,0.0,1.0,25,0,10
27,7202,0.0,0.0,0.0,1.0,25,0,10
27,7203,0.0,0.0,0.0,1.0,25,0,10
27,7204,0.0,0.0,0.0,1.0,25,0,10
27,7205,0.0,0.0,0.0,1.0,25,0,10
27,7206,0.0,0.0,0.0,1.0,25,0,10
27,7207,0.0,0.0,0.0,1.0,25,0,10
27,7208,0.0,0.0,0.0,1.0,25,0,10
27,7209,0.0,0.0,0.0,1.0,25,0,10
27,7210,0.0,0.0,0.0,1.0,25,0,10
27,7211,0.0,0.0,0.0,1.0,25,0,10
27,7212,0.0,0.0,0.0,1.0,25,0,10
27,7213,0.0,0.0,0.0,1.0,25,0,10
27,7214,0.0,0.0,0.0,1.0,25,0,10
27,7215,0.0,0.0,0.0,1.0,25,0,10
27,7216,0.0,0.0,0.0,1.0,25,0,10
27,7217,0.0,0.0,0.0,1.0,25,0,10
27,7218,0.0,0.0,0.0,1.0,25,0,10
27,7219,0.0,0.0,0.0,1.0,25,0,10
27,7220,0.0,0.0,0.0,1.0,25,0,10
27,7221,0.0,0.0,0.0,1.0,25,0,10
27,7222,0.0,0.0,0.0,1.0,25,0,10
27,7223,0.0,0.0,0.0,1.0,25,0,10
27,7224,0.0,0.0,0.0,1.0,25,0,10
27,7225,0.0,0.0,0.0,1.0,25,0,10
27,7226,0.0,0.0,0.0,1.0,25,0,10
27,7227,0.0,0.0,0.0,1.0,25,0,10
27,7228,0.0,0.0,0.0,1.0,25,0,10
27,7229,0.0,0.0,0.0,1.0,25,0,10
27,7230,0.0,0.0,0.0,1.0,25,0,10
27,7231,0.0,0.0,0.0,1.0,25,0,10
27,7232,0.0,0.0,0.0,1.0,25,0,10
27,7233,0.0,0.0,0.0,1.0,25,0,10
27,7234,0.0,0.0,0.0,1.0,25,0,10
27,7235,0.0,0.0,0.0,1.0,25,0,10
27,7236,0.0,0.0,0.0,1.0,25,0,10
27,7237,0.0,0.0,0.0,1.0,25,0,10
27,7238,0.0,0.0,0.0,1.0,25,0,10
27,7239,0.0,0.0,0.0,1.0,25,0,10
27,7240,0.0,0.0,0.0,1.0,25,0,10
27,7241,0.0,0.0,0.0,1.0,25,0,10
27,7242,0.0,0.0,0.0,1.0,25,0,10
27,7243,0.0,0.0,0.0,1.0,25,0,10
27,7244,0.0,0.0,0.0,1.0,25,0,10
27,7245,0.0,0.0,0.0,1.0,25,0,10
27,7246,0.0,0.0,0.0,1.0,25,0,10
27,7247,0.0,0.0,0.0,1.0,25,0,10
27,7248,0.0,0.0,0.0,1.0,25,0,10
27,7249,0.0,0.0,0.0,1.0,25,0,10
27,7250,0.0,0.0,0.0,1.0,25,0,10
27,7251,0.0,0.0,0.0,1.0,25,0,10
27,7252,0.0,0.0,0.0,1.0,25,0,10
27,7253,0.0,0.0,0.0,1.0,25,0,10
27,7254,0.0,0.0,0.0,1.0,25,0,10
27,7255,0.0,0.0,0.0,1.0,25,0,10
27,7256,0.0,0.0,0.0,1.0,25,0,10
27,7257,0.0,0.0,0.0,1.0,25,0,10
27,7258,0.0,0.0,0.0,1.0,25,0,10
27,7259,0.0,0.0,0.0,1.0,25,0,10
27,7260,0.0,0.0,0.0,1.0,25,0,10
27,7261,0.0,0.0,0.0,1.0,25,0,10
27,7262,0.0,0.0,0.0,1.0,25,0,10
27,7263,0.0,0.0,0.0,1.0,25,0,10
27,7264,0.0,0.0,0.0,1.0,25,0,10
27,7265,0.0,0.0,0.0,1.0,25,0,10
27,7266,0.0,0.0,0.0,1.0,25,0,10
27,7267,0.0,0.0,0.0,1.0,25,0,10
27,7268,0.0,0.0,0.0,1.0,25,0,10
27,7269,0.0,0.0,0.0,1.0,25,0,10
27,7270,0.0,0.0,0.0,1.0,25,0,10
27,7271,0.0,0.0,0.0,1.0,25,0,10
27,7272,0.0,0.0,0.0,1.0,25,0,10
27,7273,0.0,0.0,0.0,1.0,25,0,10
27,7274,0.0,0.0,0.0,1.0,25,0,10
27,7275,0.0,0.0,0.0,1.0,25,0,10
27,7276,0.0,0.0,0.0,1.0,25,0,10
27,7277,0.0,0.0,0.0,1.0,25,0,10
27,7278,0.0,0.0,0.0,1.0,25,0,10
27,7279,0.0,0.0,0.0,1.0,25,0,10
27,7280,0.0,0.0,0.0,1.0,25,0,10
27,7281,0.0,0.0,0.0,1.0,25,0,10
27,7282,0.0,0.0,0.0,1.0,25,0,10
27,7283,0.0,0.0,0.0,1.0,25,0,10
27,7284,0.0,0.0,0.0,1.0,25,0,10
27,7285,0.0,0.0,0.0,1.0,25,0,10
27,7286,0.0,0.0,0.0,1.0,25,0,10
27,7287,0.0,0.0,0.0,1.0,25,0,10
27,7288,0.0,0.0,0.0,1.0,25,0,10
27,7289,0.0,0.0,0.0,1.0,25,0,10
27,7290,0.0,0.0,0.0,1.0,25,0,10
27,7291,0.0,0.0,0.0,1.0,25,0,10
27,7292,0.0,0.0,0.0,1.0,25,0,10
27,7293,0.0,0.0,0.0,1.0,25,0,10
27,7294,0.0,0.0,0.0,1.0,25,0,10
27,7295,0.0,0.0,0.0,1.0,25,0,10
27,7296,0.0,0.0,0.0,1.0,25,0,10
27,7297,0.0,0.0,0.0,1.0,25,0,10
27,7298,0.0,0.0,0.0,1.0,25,0,10
27,7299,0.0,0.0,0.0,1.0,25,0,10
27,7300,0.0,0.0,0.0,1.0,25,0,10
27,7301,0.0,0.0,0.0,1.0,25,0,10
27,7302,0.0,0.0,0.0,1.0,25,0,10
27,7303,0.0,0.0,0.0,1.0,25,0,10
27,7304,0.0,0.0,0.0,1.0,25,0,10
27,7305,0.0,0.0,0.0,1.0,25,0,10
27,7306,0.0,0.0,0.0,1.0,25,0,10
27,7307,0.0,0.0,0.0,1.0,25,0,10
27,7308,0.0,0.0,0.0,1.0,25,0,10
27,7309,0.0,0.0,0.0,1.0,25,0,10
27,7310,0.0,0.0,0.0,1.0,25,0,10
27,7311,0.0,0.0,0.0,1.0,25,0,10
27,7312,0.0,0.0,0.0,1.0,25,0,10
27,7313,0.0,0.0,0.0,1.0,25,0,10
27,7314,0.0,0.0,0.0,1.0,25,0,10
27,7315,0.0,0.0,0.0,1.0,25,0,10
27,7316,0.0,0.0,0.0,1.0,25,0,10
27,7317,0.0,0.0,0.0,1.0,25,0,10
27,7318,0.0,0.0,0.0,1.0,25,0,10
27,7319,0.0,0.0,0.0,1.0,25,0,10
27,7320,0.0,0.0,0.0,1.0,25,0,10
27,7321,0.0,0.0,0.0,1.0,25,0,10
27,7322,0.0,0.0,0.0,1.0,25,0,10
27,7323,0.0,0.0,0.0,1.0,25,0,10
27,7324,0.0,0.0,0.0,1.0,25,0,10
27,7325,0.0,0.0,0.0,1.0,25,0,10
27,7326,0.0,0.0,0.0,1.0,25,0,10
27,7327,0.0,0.0,0.0,1.0,25,0,10
27,7328,0.0,0.0,0.0,1.0,25,0,10
27,7329,0.0,0.0,0.0,1.0,25,0,10
27,7330,0.0,0.0,0.0,1.0,25,0,10
27,7331,0.0,0.0,0.0,1.0,25,0,10
27,7332,0.0,0.0,0.0,1.0,25,0,10
27,7333,0.0,0.0,0.0,1.0,25,0,10
27,7334,0.0,0.0,0.0,1.0,25,0,10
27,7335,0.0,0.0,0.0,1.0,25,0,10
27,7336,0.0,0.0,0.0,1.0,25,0,10
27,7337,0.0,0.0,0.0,1.0,25,0,10
27,7338,0.0,0.0,0.0,1.0,25,0,10
27,7339,0.0,0.0,0.0,1.0,25,0,10
27,7340,0.0,0.0,0.0,1.0,25,0,10
27,7341,0.0,0.0,0.0,1.0,25,0,10
27,7342,0.0,0.0,0.0,1.0,25,0,10
27,7343,0.0,0.0,0.0,1.0,25,0,10
27,7344,0.0,0.0,0.0,1.0,25,0,10
27,7345,0.0,0.0,0.0,1.0,25,0,10
27,7346,0.0,0.0,0.0,1.0,25,0,10
27,7347,0.0,0.0,0.0,1.0,25,0,10
27,7348,0.0,0.0,0.0,1.0,25,0,10
27,7349,0.0,0.0,0.0,1.0,25,0,10
27,7350,0.0,0.0,0.0,1.0,25,0,10
27,7351,0.0,0.0,0.0,1.0,25,0,10
27,7352,0.0,0.0,0.0,1.0,25,0,10
27,7353,0.0,0.0,0.0,1.0,25,0,10
27,7354,0.0,0.0,0.0,1.0,25,0,10
27,7355,0.0,0.0,0.0,1.0,25,0,10
27,7356,0.0,0.0,0.0,1.0,25,0,10
27,7357,0.0,0.0,0.0,1.0,25,0,10
27,7358,0.0,0.0,0.0,1.0,25,0,10
27,7359,0.0,0.0,0.0,1.0,25,0,10
27,7360,0.0,0.0,0.0,1.0,25,0,10
27,7361,0.0,0.0,0.0,1.0,25,0,10
27,7362,0.0,0.0,0.0,1.0,25,0,10
27,7363,0.0,0.0,0.0,1.0,25,0,10
27,7364,0.0,0.0,0.0,1.0,25,0,10
27,7365,0.0,0.0,0.0,1.0,25,0,10
27,7366,0.0,0.0,0.0,1.0,25,0,10
27,7367,0.0,0.0,0.0,1.0,25,0,10
27,7368,0.0,0.0,0.0,1.0,25,0,10
27,7369,0.0,0.0,0.0,1.0,25,0,10
27,7370,0.0,0.0,0.0,1.0,25,0,10
27,7371,0.0,0.0,0.0,1.0,25,0,10
27,7372,0.0,0.0,0.0,1.0,25,0,10
27,7373,0.0,0.0,0.0,1.0,25,0,10
27,7374,0.0,0.0,0.0,1.0,25,0,10
27,7375,0.0,0.0,0.0,1.0,25,0,10
27,7376,0.0,0.0,0.0,1.0,25,0,10
27,7377,0.0,0.0,0.0,1.0,25,0,10
27,7378,0.0,0.0,0.0,1.0,25,0,10
27,7379,0.0,0.0,0.0,1.0,25,0,10
27,7380,0.0,0.0,0.0,1.0,25,0,10
27,7381,0.0,0.0,0.0,1.0,25,0,10
27,7382,0.0,0.0,0.0,1.0,25,0,10
27,7383,0.0,0.0,0.0,1.0,25,0,10
27,7384,0.0,0.0,0.0,1.0,25,0,10
27,7385,0.0,0.0,0.0,1.0,25,0,10
27,7386,0.0,0.0,0.0,1.0,25,0,10
27,7387,0.0,0.0,0.0,1.0,25,0,10
27,7388,0.0,0.0,0.0,1.0,25,0,10
27,7389,0.0,0.0,0.0,1.0,25,0,10
27,7390,0.0,0.0,0.0,1.0,25,0,10
27,7391,0.0,0.0,0.0,1.0,25,0,10
27,7392,0.0,0.0,0.0,1.0,25,0,10
27,7393,0.0,0.0,0.0,1.0,25,0,10
27,7394,0.0,0.0,0.0,1.0,25,0,10
27,7395,0.0,0.0,0.0,1.0,25,0,10
27,7396,0.0,0.0,0.0,1.0,25,0,10
27,7397,0.0,0.0,0.0,1.0,25,0,10
27,7398,0.0,0.0,0.0,1.0,25,0,10
27,7399,0.0,0.0,0.0,1.0,25,0,10
27,7400,0.0,0.0,0.0,1.0,25,0,10
27,7401,0.0,0.0,0.0,1.0,25,0,10
27,7402,0.0,0.0,0.0,1.0,25,0,10
27,7403,0.0,0.0,0.0,1.0,25,0,10
27,7404,0.0,0.0,0.0,1.0,25,0,10
27,7405,0.0,0.0,0.0,1.0,25,0,10
27,7406,0.0,0.0,0.0,1.0,25,0,10
27,7407,0.0,0.0,0.0,1.0,25,0,10
27,7408,0.0,0.0,0.0,1.0,25,0,10
27,7409,0.0,0.0,0.0,1.0,25,0,10
27,7410,0.0,0.0,0.0,1.0,25,0,10
27,7411,0.0,0.0,0.0,1.0,25,0,10
27,7412,0.0,0.0,0.0,1.0,25,0,10
27,7413,0.0,0.0,0.0,1.0,25,0,10
27,7414,0.0,0.0,0.0,1.0,25,0,10
27,7415,0.0,0.0,0.0,1.0,25,0,10
27,7416,0.0,0.0,0.0,1.0,25,0,10
27,7417,0.0,0.0,0.0,1.0,25,0,10
27,7418,0.0,0.0,0.0,1.0,25,0,10
27,7419,0.0,0.0,0.0,1.0,25,0,10
27,7420,0.0,0.0,0.0,1.0,25,0,10
27,7421,0.0,0.0,0.0,1.0,25,0,10
27,7422,0.0,0.0,0.0,1.0,25,0,10
27,7423,0.0,0.0,0.0,1.0,25,0,10
27,7424,0.0,0.0,0.0,1.0,25,0,10
27,7425,0.0,0.0,0.0,1.0,25,0,10
27,7426,0.0,0.0,0.0,1.0,25,0,10
27,7427,0.0,0.0,0.0,1.0,25,0,10
27,7428,0.0,0.0,0.0,1.0,25,0,10
27,7429,0.0,0.0,0.0,1.0,25,0,10
27,7430,0.0,0.0,0.0,1.0,25,0,10
27,7431,0.0,0.0,0.0,1.0,25,0,10
27,7432,0.0,0.0,0.0,1.0,25,0,10
27,7433,0.0,0.0,0.0,1.0,25,0,10
27,7434,0.0,0.0,0.0,1.0,25,0,10
27,7435,0.0,0.0,0.0,1.0,25,0,10
27,7436,0.0,0.0,0.0,1.0,25,0,10
27,7437,0.0,0.0,0.0,1.0,25,0,10
27,7438,0.0,0.0,0.0,1.0,25,0,10
27,7439,0.0,0.0,0.0,1.0,25,0,10
27,7440,0.0,0.0,0.0,1.0,25,0,10
27,7441,0.0,0.0,0.0,1.0,25,0,10
27,7442,0.0,0.0,0.0,1.0,25,0,10
27,7443,0.0,0.0,0.0,1.0,25,0,10
27,7444,0.0,0.0,0.0,1.0,25,0,10
27,7445,0.0,0.0,0.0,1.0,25,0,10
27,7446,0.0,0.0,0.0,1.0,25,0,10
27,7447,0.0,0.0,0.0,1.0,25,0,10
27,7448,0.0,0.0,0.0,1.0,25,0,10
27,7449,0.0,0.0,0.0,1.0,25,0,10
27,7450,0.0,0.0,0.0,1.0,25,0,10
27,7451,0.0,0.0,0.0,1.0,25,0,10
27,7452,0.0,0.0,0.0,1.0,25,0,10
27,7453,0.0,0.0,0.0,1.0,25,0,10
27,7454,0.0,0.0,0.0,1.0,25,0,10
27,7455,0.0,0.0,0.0,1.0,25,0,10
27,7456,0.0,0.0,0.0,1.0,25,0,10
27,7457,0.0,0.0,0.0,1.0,25,0,10
27,7458,0.0,0.0,0.0,1.0,25,0,10
27,7459,0.0,0.0,0.0,1.0,25,0,10
27,7460,0.0,0.0,0.0,1.0,25,0,10
27,7461,0.0,0.0,0.0,1.0,25,0,10
27,7462,0.0,0.0,0.0,1.0,25,0,10
27,7463,0.0,0.0,0.0,1.0,25,0,10
27,7464,0.0,0.0,0.0,1.0,25,0,10
27,7465,0.0,0.0,0.0,1.0,25,0,10
27,7466,0.0,0.0,0.0,1.0,25,0,10
27,7467,0.0,0.0,0.0,1.0,25,0,10
27,7468,0.0,0.0,0.0,1.0,25,0,10
27,7469,0.0,0.0,0.0,1.0,25,0,10
27,7470,0.0,0.0,0.0,1.0,25,0,10
27,7471,0.0,0.0,0.0,1.0,25,0,10
27,7472,0.0,0.0,0.0,1.0,25,0,10
27,7473,0.0,0.0,0.0,1.0,25,0,10
27,7474,0.0,0.0,0.0,1.0,25,0,10
27,7475,0.0,0.0,0.0,1.0,25,0,10
27,7476,0.0,0.0,0.0,1.0,25,0,10
27,7477,0.0,0.0,0.0,1.0,25,0,10
27,7478,0.0,0.0,0.0,1.0,25,0,10
27,7479,0.0,0.0,0.0,1.0,25,0,10
27,7480,0.0,0.0,0.0,1.0,25,0,10
27,7481,0.0,0.0,0.0,1.0,25,0,10
27,7482,0.0,0.0,0.0,1.0,25,0,10
27,7483,0.0,0.0,0.0,1.0,25,0,10
27,7484,0.0,0.0,0.0,1.0,25,0,10
27,7485,0.0,0.0,0.0,1.0,25,0,10
27,7486,0.0,0.0,0.0,1.0,25,0,10
27,7487,0.0,0.0,0.0,1.0,25,0,10
27,7488,0.0,0.0,0.0,1.0,25,0,10
27,7489,0.0,0.0,0.0,1.0,25,0,10
27,7490,0.0,0.0,0.0,1.0,25,0,10
27,7491,0.0,0.0,0.0,1.0,25,0,10
27,7492,0.0,0.0,0.0,1.0,25,0,10
27,7493,0.0,0.0,0.0,1.0,25,0,10
27,7494,0.0,0.0,0.0,1.0,25,0,10
27,7495,0.0,0.0,0.0,1.0,25,0,10
27,7496,0.0,0.0,0.0,1.0,25,0,10
27,7497,0.0,0.0,0.0,1.0,25,0,10
27,7498,0.0,0.0,0.0,1.0,25,0,10
27,7499,0.0,0.0,0.0,1.0,25,0,10
27,7500,0.0,0.0,0.0,1.0,25,0,10
27,7501,0.0,0.0,0.0,1.0,25,0,10
27,7502,0.0,0.0,0.0,1.0,25,0,10
27,7503,0.0,0.0,0.0,1.0,25,0,10
27,7504,0.0,0.0,0.0,1.0,25,0,10
27,7505,0.0,0.0,0.0,1.0,25,0,10
27,7506,0.0,0.0,0.0,1.0,25,0,10
27,7507,0.0,0.0,0.0,1.0,25,0,10
27,7508,0.0,0.0,0.0,1.0,25,0,10
27,7509,0.0,0.0,0.0,1.0,25,0,10
27,7510,0.0,0.0,0.0,1.0,25,0,10
27,7511,0.0,0.0,0.0,1.0,25,0,10
27,7512,0.0,0.0,0.0,1.0,25,0,10
27,7513,0.0,0.0,0.0,1.0,25,0,10
27,7514,0.0,0.0,0.0,1.0,25,0,10
27,7515,0.0,0.0,0.0,1.0,25,0,10
27,7516,0.0,0.0,0.0,1.0,25,0,10
27,7517,0.0,0.0,0.0,1.0,25,0,10
27,7518,0.0,0.0,0.0,1.0,25,0,10
27,7519,0.0,0.0,0.0,1.0,25,0,10
27,7520,0.0,0.0,0.0,1.0,25,0,10
27,7521,0.0,0.0,0.0,1.0,25,0,10
27,7522,0.0,0.0,0.0,1.0,25,0,10
27,7523,0.0,0.0,0.0,1.0,25,0,10
27,7524,0.0,0.0,0.0,1.0,25,0,10
27,7525,0.0,0.0,0.0,1.0,25,0,10
27,7526,0.0,0.0,0.0,1.0,25,0,10
27,7527,0.0,0.0,0.0,1.0,25,0,10
27,7528,0.0,0.0,0.0,1.0,25,0,10
27,7529,0.0,0.0,0.0,1.0,25,0,10
27,7530,0.0,0.0,0.0,1.0,25,0,10
27,7531,0.0,0.0,0.0,1.0,25,0,10
27,7532,0.0,0.0,0.0,1.0,25,0,10
27,7533,0.0,0.0,0.0,1.0,25,0,10
27,7534,0.0,0.0,0.0,1.0,25,0,10
27,7535,0.0,0.0,0.0,1.0,25,0,10
27,7536,0.0,0.0,0.0,1.0,25,0,10
27,7537,0.0,0.0,0.0,1.0,25,0,10
27,7538,0.0,0.0,0.0,1.0,25,0,10
27,7539,0.0,0.0,0.0,1.0,25,0,10
27,7540,0.0,0.0,0.0,1.0,25,0,10
27,7541,0.0,0.0,0.0,1.0,25,0,10
27,7542,0.0,0.0,0.0,1.0,25,0,10
27,7543,0.0,0.0,0.0,1.0,25,0,10
27,7544,0.0,0.0,0.0,1.0,25,0,10
27,7545,0.0,0.0,0.0,1.0,25,0,10
27,7546,0.0,0.0,0.0,1.0,25,0,10
27,7547,0.0,0.0,0.0,1.0,25,0,10
27,7548,0.0,0.0,0.0,1.0,25,0,10
27,7549,0.0,0.0,0.0,1.0,25,0,10
27,7550,0.0,0.0,0.0,1.0,25,0,10
27,7551,0.0,0.0,0.0,1.0,25,0,10
27,7552,0.0,0.0,0.0,1.0,25,0,10
27,7553,0.0,0.0,0.0,1.0,25,0,10
27,7554,0.0,0.0,0.0,1.0,25,0,10
27,7555,0.0,0.0,0.0,1.0,25,0,10
27,7556,0.0,0.0,0.0,1.0,25,0,10
27,7557,0.0,0.0,0.0,1.0,25,0,10
27,7558,0.0,0.0,0.0,1.0,25,0,10
27,7559,0.0,0.0,0.0,1.0,25,0,10
27,7560,0.0,0.0,0.0,1.0,25,0,10
27,7561,0.0,0.0,0.0,1.0,25,0,10
27,7562,0.0,0.0,0.0,1.0,25,0,10
27,7563,0.0,0.0,0.0,1.0,25,0,10
27,7564,0.0,0.0,0.0,1.0,25,0,10
27,7565,0.0,0.0,0.0,1.0,25,0,10
27,7566,0.0,0.0,0.0,1.0,25,0,10
27,7567,0.0,0.0,0.0,1.0,25,0,10
27,7568,0.0,0.0,0.0,1.0,25,0,10
27,7569,0.0,0.0,0.0,1.0,25,0,10
27,7570,0.0,0.0,0.0,1.0,25,0,10
27,7571,0.0,0.0,0.0,1.0,25,0,10
27,7572,0.0,0.0,0.0,1.0,25,0,10
27,7573,0.0,0.0,0.0,1.0,25,0,10
27,7574,0.0,0.0,0.0,1.0,25,0,10
27,7575,0.0,0.0,0.0,1.0,25,0,10
27,7576,0.0,0.0,0.0,1.0,25,0,10
27,7577,0.0,0.0,0.0,1.0,25,0,10
27,7578,0.0,0.0,0.0,1.0,25,0,10
27,7579,0.0,0.0,0.0,1.0,25,0,10
27,7580,0.0,0.0,0.0,1.0,25,0,10
27,7581,0.0,0.0,0.0,1.0,25,0,10
27,7582,0.0,0.0,0.0,1.0,25,0,10
27,7583,0.0,0.0,0.0,1.0,25,0,10
27,7584,0.0,0.0,0.0,1.0,25,0,10
27,7585,0.0,0.0,0.0,1.0,25,0,10
27,7586,0.0,0.0,0.0,1.0,25,0,10
27,7587,0.0,0.0,0.0,1.0,25,0,10
27,7588,0.0,0.0,0.0,1.0,25,0,10
27,7589,0.0,0.0,0.0,1.0,25,0,10
27,7590,0.0,0.0,0.0,1.0,25,0,10
27,7591,0.0,0.0,0.0,1.0,25,0,10
27,7592,0.0,0.0,0.0,1.0,25,0,10
27,7593,0.0,0.0,0.0,1.0,25,0,10
27,7594,0.0,0.0,0.0,1.0,25,0,10
27,7595,0.0,0.0,0.0,1.0,25,0,10
27,7596,0.0,0.0,0.0,1.0,25,0,10
27,7597,0.0,0.0,0.0,1.0,25,0,10
27,7598,0.0,0.0,0.0,1.0,25,0,10
27,7599,0.0,0.0,0.0,1.0,25,0,10
27,7600,0.0,0.0,0.0,1.0,25,0,10
27,7601,0.0,0.0,0.0,1.0,25,0,10
27,7602,0.0,0.0,0.0,1.0,25,0,10
27,7603,0.0,0.0,0.0,1.0,25,0,10
27,7604,0.0,0.0,0.0,1.0,25,0,10
27,7605,0.0,0.0,0.0,1.0,25,0,10
27,7606,0.0,0.0,0.0,1.0,25,0,10
27,7607,0.0,0.0,0.0,1.0,25,0,10
27,7608,0.0,0.0,0.0,1.0,25,0,10
27,7609,0.0,0.0,0.0,1.0,25,0,10
27,7610,0.0,0.0,0.0,1.0,25,0,10
27,7611,0.0,0.0,0.0,1.0,25,0,10
27,7612,0.0,0.0,0.0,1.0,25,0,10
27,7613,0.0,0.0,0.0,1.0,25,0,10
27,7614,0.0,0.0,0.0,1.0,25,0,10
27,7615,0.0,0.0,0.0,1.0,25,0,10
27,7616,0.0,0.0,0.0,1.0,25,0,10
27,7617,0.0,0.0,0.0,1.0,25,0,10
27,7618,0.0,0.0,0.0,1.0,25,0,10
27,7619,0.0,0.0,0.0,1.0,25,0,10
27,7620,0.0,0.0,0.0,1.0,25,0,10
27,7621,0.0,0.0,0.0,1.0,25,0,10
27,7622,0.0,0.0,0.0,1.0,25,0,10
27,7623,0.0,0.0,0.0,1.0,25,0,10
27,7624,0.0,0.0,0.0,1.0,25,0,10
27,7625,0.0,0.0,0.0,1.0,25,0,10
27,7626,0.0,0.0,0.0,1.0,25,0,10
27,7627,0.0,0.0,0.0,1.0,25,0,10
27,7628,0.0,0.0,0.0,1.0,25,0,10
27,7629,0.0,0.0,0.0,1.0,25,0,10
27,7630,0.0,0.0,0.0,1.0,25,0,10
27,7631,0.0,0.0,0.0,1.0,25,0,10
27,7632,0.0,0.0,0.0,1.0,25,0,10
27,7633,0.0,0.0,0.0,1.0,25,0,10
27,7634,0.0,0.0,0.0,1.0,25,0,10
27,7635,0.0,0.0,0.0,1.0,25,0,10
27,7636,0.0,0.0,0.0,1.0,25,0,10
27,7637,0.0,0.0,0.0,1.0,25,0,10
27,7638,0.0,0.0,0.0,1.0,25,0,10
27,7639,0.0,0.0,0.0,1.0,25,0,10
27,7640,0.0,0.0,0.0,1.0,25,0,10
27,7641,0.0,0.0,0.0,1.0,25,0,10
27,7642,0.0,0.0,0.0,1.0,25,0,10
27,7643,0.0,0.0,0.0,1.0,25,0,10
27,7644,0.0,0.0,0.0,1.0,25,0,10
27,7645,0.0,0.0,0.0,1.0,25,0,10
27,7646,0.0,0.0,0.0,1.0,25,0,10
27,7647,0.0,0.0,0.0,1.0,25,0,10
27,7648,0.0,0.0,0.0,1.0,25,0,10
27,7649,0.0,0.0,0.0,1.0,25,0,10
27,7650,0.0,0.0,0.0,1.0,25,0,10
27,7651,0.0,0.0,0.0,1.0,25,0,10
27,7652,0.0,0.0,0.0,1.0,25,0,10
27,7653,0.0,0.0,0.0,1.0,25,0,10
27,7654,0.0,0.0,0.0,1.0,25,0,10
27,7655,0.0,0.0,0.0,1.0,25,0,10
27,7656,0.0,0.0,0.0,1.0,25,0,10
27,7657,0.0,0.0,0.0,1.0,25,0,10
27,7658,0.0,0.0,0.0,1.0,25,0,10
27,7659,0.0,0.0,0.0,1.0,25,0,10
27,7660,0.0,0.0,0.0,1.0,25,0,10
27,7661,0.0,0.0,0.0,1.0,25,0,10
27,7662,0.0,0.0,0.0,1.0,25,0,10
27,7663,0.0,0.0,0.0,1.0,25,0,10
27,7664,0.0,0.0,0.0,1.0,25,0,10
27,7665,0.0,0.0,0.0,1.0,25,0,10
27,7666,0.0,0.0,0.0,1.0,25,0,10
27,7667,0.0,0.0,0.0,1.0,25,0,10
27,7668,0.0,0.0,0.0,1.0,25,0,10
27,7669,0.0,0.0,0.0,1.0,25,0,10
27,7670,0.0,0.0,0.0,1.0,25,0,10
27,7671,0.0,0.0,0.0,1.0,25,0,10
27,7672,0.0,0.0,0.0,1.0,25,0,10
27,7673,0.0,0.0,0.0,1.0,25,0,10
27,7674,0.0,0.0,0.0,1.0,25,0,10
27,7675,0.0,0.0,0.0,1.0,25,0,10
27,7676,0.0,0.0,0.0,1.0,25,0,10
27,7677,0.0,0.0,0.0,1.0,25,0,10
27,7678,0.0,0.0,0.0,1.0,25,0,10
27,7679,0.0,0.0,0.0,1.0,25,0,10
27,7680,0.0,0.0,0.0,1.0,25,0,10
27,7681,0.0,0.0,0.0,1.0,25,0,10
27,7682,0.0,0.0,0.0,1.0,25,0,10
27,7683,0.0,0.0,0.0,1.0,25,0,10
27,7684,0.0,0.0,0.0,1.0,25,0,10
27,7685,0.0,0.0,0.0,1.0,25,0,10
27,7686,0.0,0.0,0.0,1.0,25,0,10
27,7687,0.0,0.0,0.0,1.0,25,0,10
27,7688,0.0,0.0,0.0,1.0,25,0,10
27,7689,0.0,0.0,0.0,1.0,25,0,10
27,7690,0.0,0.0,0.0,1.0,25,0,10
27,7691,0.0,0.0,0.0,1.0,25,0,10
27,7692,0.0,0.0,0.0,1.0,25,0,10
27,7693,0.0,0.0,0.0,1.0,25,0,10
27,7694,0.0,0.0,0.0,1.0,25,0,10
27,7695,0.0,0.0,0.0,1.0,25,0,10
27,7696,0.0,0.0,0.0,1.0,25,0,10
27,7697,0.0,0.0,0.0,1.0,25,0,10
27,7698,0.0,0.0,0.0,1.0,25,0,10
27,7699,0.0,0.0,0.0,1.0,25,0,10
27,7700,0.0,0.0,0.0,1.0,25,0,10
27,7701,0.0,0.0,0.0,1.0,25,0,10
27,7702,0.0,0.0,0.0,1.0,25,0,10
27,7703,0.0,0.0,0.0,1.0,25,0,10
27,7704,0.0,0.0,0.0,1.0,25,0,10
27,7705,0.0,0.0,0.0,1.0,25,0,10
27,7706,0.0,0.0,0.0,1.0,25,0,10
27,7707,0.0,0.0,0.0,1.0,25,0,10
27,7708,0.0,0.0,0.0,1.0,25,0,10
27,7709,0.0,0.0,0.0,1.0,25,0,10
27,7710,0.0,0.0,0.0,1.0,25,0,10
27,7711,0.0,0.0,0.0,1.0,25,0,10
27,7712,0.0,0.0,0.0,1.0,25,0,10
27,7713,0.0,0.0,0.0,1.0,25,0,10
27,7714,0.0,0.0,0.0,1.0,25,0,10
27,7715,0.0,0.0,0.0,1.0,25,0,10
27,7716,0.0,0.0,0.0,1.0,25,0,10
27,7717,0.0,0.0,0.0,1.0,25,0,10
27,7718,0.0,0.0,0.0,1.0,25,0,10
27,7719,0.0,0.0,0.0,1.0,25,0,10
27,7720,0.0,0.0,0.0,1.0,25,0,10
27,7721,0.0,0.0,0.0,1.0,25,0,10
27,7722,0.0,0.0,0.0,1.0,25,0,10
27,7723,0.0,0.0,0.0,1.0,25,0,10
27,7724,0.0,0.0,0.0,1.0,25,0,10
27,7725,0.0,0.0,0.0,1.0,25,0,10
27,7726,0.0,0.0,0.0,1.0,25,0,10
27,7727,0.0,0.0,0.0,1.0,25,0,10
27,7728,0.0,0.0,0.0,1.0,25,0,10
27,7729,0.0,0.0,0.0,1.0,25,0,10
27,7730,0.0,0.0,0.0,1.0,25,0,10
27,7731,0.0,0.0,0.0,1.0,25,0,10
27,7732,0.0,0.0,0.0,1.0,25,0,10
27,7733,0.0,0.0,0.0,1.0,25,0,10
27,7734,0.0,0.0,0.0,1.0,25,0,10
27,7735,0.0,0.0,0.0,1.0,25,0,10
27,7736,0.0,0.0,0.0,1.0,25,0,10
27,7737,0.0,0.0,0.0,1.0,25,0,10
27,7738,0.0,0.0,0.0,1.0,25,0,10
27,7739,0.0,0.0,0.0,1.0,25,0,10
27,7740,0.0,0.0,0.0,1.0,25,0,10
27,7741,0.0,0.0,0.0,1.0,25,0,10
27,7742,0.0,0.0,0.0,1.0,25,0,10
27,7743,0.0,0.0,0.0,1.0,25,0,10
27,7744,0.0,0.0,0.0,1.0,25,0,10
27,7745,0.0,0.0,0.0,1.0,25,0,10
27,7746,0.0,0.0,0.0,1.0,25,0,10
27,7747,0.0,0.0,0.0,1.0,25,0,10
27,7748,0.0,0.0,0.0,1.0,25,0,10
27,7749,0.0,0.0,0.0,1.0,25,0,10
27,7750,0.0,0.0,0.0,1.0,25,0,10
27,7751,0.0,0.0,0.0,1.0,25,0,10
27,7752,0.0,0.0,0.0,1.0,25,0,10
27,7753,0.0,0.0,0.0,1.0,25,0,10
27,7754,0.0,0.0,0.0,1.0,25,0,10
27,7755,0.0,0.0,0.0,1.0,25,0,10
27,7756,0.0,0.0,0.0,1.0,25,0,10
27,7757,0.0,0.0,0.0,1.0,25,0,10
27,7758,0.0,0.0,0.0,1.0,25,0,10
27,7759,0.0,0.0,0.0,1.0,25,0,10
27,7760,0.0,0.0,0.0,1.0,25,0,10
27,7761,0.0,0.0,0.0,1.0,25,0,10
27,7762,0.0,0.0,0.0,1.0,25,0,10
27,7763,0.0,0.0,0.0,1.0,25,0,10
27,7764,0.0,0.0,0.0,1.0,25,0,10
27,7765,0.0,0.0,0.0,1.0,25,0,10
27,7766,0.0,0.0,0.0,1.0,25,0,10
27,7767,0.0,0.0,0.0,1.0,25,0,10
27,7768,0.0,0.0,0.0,1.0,25,0,10
27,7769,0.0,0.0,0.0,1.0,25,0,10
27,7770,0.0,0.0,0.0,1.0,25,0,10
27,7771,0.0,0.0,0.0,1.0,25,0,10
27,7772,0.0,0.0,0.0,1.0,25,0,10
27,7773,0.0,0.0,0.0,1.0,25,0,10
27,7774,0.0,0.0,0.0,1.0,25,0,10
27,7775,0.0,0.0,0.0,1.0,25,0,10
27,7776,0.0,0.0,0.0,1.0,25,0,10
27,7777,0.0,0.0,0.0,1.0,25,0,10
27,7778,0.0,0.0,0.0,1.0,25,0,10
27,7779,0.0,0.0,0.0,1.0,25,0,10
27,7780,0.0,0.0,0.0,1.0,25,0,10
27,7781,0.0,0.0,0.0,1.0,25,0,10
27,7782,0.0,0.0,0.0,1.0,25,0,10
27,7783,0.0,0.0,0.0,1.0,25,0,10
27,7784,0.0,0.0,0.0,1.0,25,0,10
27,7785,0.0,0.0,0.0,1.0,25,0,10
27,7786,0.0,0.0,0.0,1.0,25,0,10
27,7787,0.0,0.0,0.0,1.0,25,0,10
27,7788,0.0,0.0,0.0,1.0,25,0,10
27,7789,0.0,0.0,0.0,1.0,25,0,10
27,7790,0.0,0.0,0.0,1.0,25,0,10
27,7791,0.0,0.0,0.0,1.0,25,0,10
27,7792,0.0,0.0,0.0,1.0,25,0,10
27,7793,0.0,0.0,0.0,1.0,25,0,10
27,7794,0.0,0.0,0.0,1.0,25,0,10
27,7795,0.0,0.0,0.0,1.0,25,0,10
27,7796,0.0,0.0,0.0,1.0,25,0,10
27,7797,0.0,0.0,0.0,1.0,25,0,10
27,7798,0.0,0.0,0.0,1.0,25,0,10
27,7799,0.0,0.0,0.0,1.0,25,0,10
27,7800,0.0,0.0,0.0,1.0,25,0,10
27,7801,0.0,0.0,0.0,1.0,25,0,10
27,7802,0.0,0.0,0.0,1.0,25,0,10
27,7803,0.0,0.0,0.0,1.0,25,0,10
27,7804,0.0,0.0,0.0,1.0,25,0,10
27,7805,0.0,0.0,0.0,1.0,25,0,10
27,7806,0.0,0.0,0.0,1.0,25,0,10
27,7807,0.0,0.0,0.0,1.0,25,0,10
27,7808,0.0,0.0,0.0,1.0,25,0,10
27,7809,0.0,0.0,0.0,1.0,25,0,10
27,7810,0.0,0.0,0.0,1.0,25,0,10
27,7811,0.0,0.0,0.0,1.0,25,0,10
27,7812,0.0,0.0,0.0,1.0,25,0,10
27,7813,0.0,0.0,0.0,1.0,25,0,10
27,7814,0.0,0.0,0.0,1.0,25,0,10
27,7815,0.0,0.0,0.0,1.0,25,0,10
27,7816,0.0,0.0,0.0,1.0,25,0,10
27,7817,0.0,0.0,0.0,1.0,25,0,10
27,7818,0.0,0.0,0.0,1.0,25,0,10
27,7819,0.0,0.0,0.0,1.0,25,0,10
27,7820,0.0,0.0,0.0,1.0,25,0,10
27,7821,0.0,0.0,0.0,1.0,25,0,10
27,7822,0.0,0.0,0.0,1.0,25,0,10
27,7823,0.0,0.0,0.0,1.0,25,0,10
27,7824,0.0,0.0,0.0,1.0,25,0,10
27,7825,0.0,0.0,0.0,1.0,25,0,10
27,7826,0.0,0.0,0.0,1.0,25,0,10
27,7827,0.0,0.0,0.0,1.0,25,0,10
27,7828,0.0,0.0,0.0,1.0,25,0,10
27,7829,0.0,0.0,0.0,1.0,25,0,10
27,7830,0.0,0.0,0.0,1.0,25,0,10
27,7831,0.0,0.0,0.0,1.0,25,0,10
27,7832,0.0,0.0,0.0,1.0,25,0,10
27,7833,0.0,0.0,0.0,1.0,25,0,10
27,7834,0.0,0.0,0.0,1.0,25,0,10
27,7835,0.0,0.0,0.0,1.0,25,0,10
27,7836,0.0,0.0,0.0,1.0,25,0,10
27,7837,0.0,0.0,0.0,1.0,25,0,10
27,7838,0.0,0.0,0.0,1.0,25,0,10
27,7839,0.0,0.0,0.0,1.0,25,0,10
27,7840,0.0,0.0,0.0,1.0,25,0,10
27,7841,0.0,0.0,0.0,1.0,25,0,10
27,7842,0.0,0.0,0.0,1.0,25,0,10
27,7843,0.0,0.0,0.0,1.0,25,0,10
27,7844,0.0,0.0,0.0,1.0,25,0,10
27,7845,0.0,0.0,0.0,1.0,25,0,10
27,7846,0.0,0.0,0.0,1.0,25,0,10
27,7847,0.0,0.0,0.0,1.0,25,0,10
27,7848,0.0,0.0,0.0,1.0,25,0,10
27,7849,0.0,0.0,0.0,1.0,25,0,10
27,7850,0.0,0.0,0.0,1.0,25,0,10
27,7851,0.0,0.0,0.0,1.0,25,0,10
27,7852,0.0,0.0,0.0,1.0,25,0,10
27,7853,0.0,0.0,0.0,1.0,25,0,10
27,7854,0.0,0.0,0.0,1.0,25,0,10
27,7855,0.0,0.0,0.0,1.0,25,0,10
27,7856,0.0,0.0,0.0,1.0,25,0,10
27,7857,0.0,0.0,0.0,1.0,25,0,10
27,7858,0.0,0.0,0.0,1.0,25,0,10
27,7859,0.0,0.0,0.0,1.0,25,0,10
27,7860,0.0,0.0,0.0,1.0,25,0,10
27,7861,0.0,0.0,0.0,1.0,25,0,10
27,7862,0.0,0.0,0.0,1.0,25,0,10
27,7863,0.0,0.0,0.0,1.0,25,0,10
27,7864,0.0,0.0,0.0,1.0,25,0,10
27,7865,0.0,0.0,0.0,1.0,25,0,10
27,7866,0.0,0.0,0.0,1.0,25,0,10
27,7867,0.0,0.0,0.0,1.0,25,0,10
27,7868,0.0,0.0,0.0,1.0,25,0,10
27,7869,0.0,0.0,0.0,1.0,25,0,10
27,7870,0.0,0.0,0.0,1.0,25,0,10
27,7871,0.0,0.0,0.0,1.0,25,0,10
27,7872,0.0,0.0,0.0,1.0,25,0,10
27,7873,0.0,0.0,0.0,1.0,25,0,10
27,7874,0.0,0.0,0.0,1.0,25,0,10
27,7875,0.0,0.0,0.0,1.0,25,0,10
27,7876,0.0,0.0,0.0,1.0,25,0,10
27,7877,0.0,0.0,0.0,1.0,25,0,10
27,7878,0.0,0.0,0.0,1.0,25,0,10
27,7879,0.0,0.0,0.0,1.0,25,0,10
27,7880,0.0,0.0,0.0,1.0,25,0,10
27,7881,0.0,0.0,0.0,1.0,25,0,10
27,7882,0.0,0.0,0.0,1.0,25,0,10
27,7883,0.0,0.0,0.0,1.0,25,0,10
27,7884,0.0,0.0,0.0,1.0,25,0,10
27,7885,0.0,0.0,0.0,1.0,25,0,10
27,7886,0.0,0.0,0.0,1.0,25,0,10
27,7887,0.0,0.0,0.0,1.0,25,0,10
27,7888,0.0,0.0,0.0,1.0,25,0,10
27,7889,0.0,0.0,0.0,1.0,25,0,10
27,7890,0.0,0.0,0.0,1.0,25,0,10
27,7891,0.0,0.0,0.0,1.0,25,0,10
27,7892,0.0,0.0,0.0,1.0,25,0,10
27,7893,0.0,0.0,0.0,1.0,25,0,10
27,7894,0.0,0.0,0.0,1.0,25,0,10
27,7895,0.0,0.0,0.0,1.0,25,0,10
27,7896,0.0,0.0,0.0,1.0,25,0,10
27,7897,0.0,0.0,0.0,1.0,25,0,10
27,7898,0.0,0.0,0.0,1.0,25,0,10
27,7899,0.0,0.0,0.0,1.0,25,0,10
27,7900,0.0,0.0,0.0,1.0,25,0,10
27,7901,0.0,0.0,0.0,1.0,25,0,10
27,7902,0.0,0.0,0.0,1.0,25,0,10
27,7903,0.0,0.0,0.0,1.0,25,0,10
27,7904,0.0,0.0,0.0,1.0,25,0,10
27,7905,0.0,0.0,0.0,1.0,25,0,10
27,7906,0.0,0.0,0.0,1.0,25,0,10
27,7907,0.0,0.0,0.0,1.0,25,0,10
27,7908,0.0,0.0,0.0,1.0,25,0,10
27,7909,0.0,0.0,0.0,1.0,25,0,10
27,7910,0.0,0.0,0.0,1.0,25,0,10
27,7911,0.0,0.0,0.0,1.0,25,0,10
27,7912,0.0,0.0,0.0,1.0,25,0,10
27,7913,0.0,0.0,0.0,1.0,25,0,10
27,7914,0.0,0.0,0.0,1.0,25,0,10
27,7915,0.0,0.0,0.0,1.0,25,0,10
27,7916,0.0,0.0,0.0,1.0,25,0,10
27,7917,0.0,0.0,0.0,1.0,25,0,10
27,7918,0.0,0.0,0.0,1.0,25,0,10
27,7919,0.0,0.0,0.0,1.0,25,0,10
27,7920,0.0,0.0,0.0,1.0,25,0,10
27,7921,0.0,0.0,0.0,1.0,25,0,10
27,7922,0.0,0.0,0.0,1.0,25,0,10
27,7923,0.0,0.0,0.0,1.0,25,0,10
27,7924,0.0,0.0,0.0,1.0,25,0,10
27,7925,0.0,0.0,0.0,1.0,25,0,10
27,7926,0.0,0.0,0.0,1.0,25,0,10
27,7927,0.0,0.0,0.0,1.0,25,0,10
27,7928,0.0,0.0,0.0,1.0,25,0,10
27,7929,0.0,0.0,0.0,1.0,25,0,10
27,7930,0.0,0.0,0.0,1.0,25,0,10
27,7931,0.0,0.0,0.0,1.0,25,0,10
27,7932,0.0,0.0,0.0,1.0,25,0,10
27,7933,0.0,0.0,0.0,1.0,25,0,10
27,7934,0.0,0.0,0.0,1.0,25,0,10
27,7935,0.0,0.0,0.0,1.0,25,0,10
27,7936,0.0,0.0,0.0,1.0,25,0,10
27,7937,0.0,0.0,0.0,1.0,25,0,10
27,7938,0.0,0.0,0.0,1.0,25,0,10
27,7939,0.0,0.0,0.0,1.0,25,0,10
27,7940,0.0,0.0,0.0,1.0,25,0,10
27,7941,0.0,0.0,0.0,1.0,25,0,10
27,7942,0.0,0.0,0.0,1.0,25,0,10
27,7943,0.0,0.0,0.0,1.0,25,0,10
27,7944,0.0,0.0,0.0,1.0,25,0,10
27,7945,0.0,0.0,0.0,1.0,25,0,10
27,7946,0.0,0.0,0.0,1.0,25,0,10
27,7947,0.0,0.0,0.0,1.0,25,0,10
27,7948,0.0,0.0,0.0,1.0,25,0,10
27,7949,0.0,0.0,0.0,1.0,25,0,10
27,7950,0.0,0.0,0.0,1.0,25,0,10
27,7951,0.0,0.0,0.0,1.0,25,0,10
27,7952,0.0,0.0,0.0,1.0,25,0,10
27,7953,0.0,0.0,0.0,1.0,25,0,10
27,7954,0.0,0.0,0.0,1.0,25,0,10
27,7955,0.0,0.0,0.0,1.0,25,0,10
27,7956,0.0,0.0,0.0,1.0,25,0,10
27,7957,0.0,0.0,0.0,1.0,25,0,10
27,7958,0.0,0.0,0.0,1.0,25,0,10
27,7959,0.0,0.0,0.0,1.0,25,0,10
27,7960,0.0,0.0,0.0,1.0,25,0,10
27,7961,0.0,0.0,0.0,1.0,25,0,10
27,7962,0.0,0.0,0.0,1.0,25,0,10
27,7963,0.0,0.0,0.0,1.0,25,0,10
27,7964,0.0,0.0,0.0,1.0,25,0,10
27,7965,0.0,0.0,0.0,1.0,25,0,10
27,7966,0.0,0.0,0.0,1.0,25,0,10
27,7967,0.0,0.0,0.0,1.0,25,0,10
27,7968,0.0,0.0,0.0,1.0,25,0,10
27,7969,0.0,0.0,0.0,1.0,25,0,10
27,7970,0.0,0.0,0.0,1.0,25,0,10
27,7971,0.0,0.0,0.0,1.0,25,0,10
27,7972,0.0,0.0,0.0,1.0,25,0,10
27,7973,0.0,0.0,0.0,1.0,25,0,10
27,7974,0.0,0.0,0.0,1.0,25,0,10
27,7975,0.0,0.0,0.0,1.0,25,0,10
27,7976,0.0,0.0,0.0,1.0,25,0,10
27,7977,0.0,0.0,0.0,1.0,25,0,10
27,7978,0.0,0.0,0.0,1.0,25,0,10
27,7979,0.0,0.0,0.0,1.0,25,0,10
27,7980,0.0,0.0,0.0,1.0,25,0,10
27,7981,0.0,0.0,0.0,1.0,25,0,10
27,7982,0.0,0.0,0.0,1.0,25,0,10
27,7983,0.0,0.0,0.0,1.0,25,0,10
27,7984,0.0,0.0,0.0,1.0,25,0,10
27,7985,0.0,0.0,0.0,1.0,25,0,10
27,7986,0.0,0.0,0.0,1.0,25,0,10
27,7987,0.0,0.0,0.0,1.0,25,0,10
27,7988,0.0,0.0,0.0,1.0,25,0,10
27,7989,0.0,0.0,0.0,1.0,25,0,10
27,7990,0.0,0.0,0.0,1.0,25,0,10
27,7991,0.0,0.0,0.0,1.0,25,0,10
27,7992,0.0,0.0,0.0,1.0,25,0,10
27,7993,0.0,0.0,0.0,1.0,25,0,10
27,7994,0.0,0.0,0.0,1.0,25,0,10
27,7995,0.0,0.0,0.0,1.0,25,0,10
27,7996,0.0,0.0,0.0,1.0,25,0,10
27,7997,0.0,0.0,0.0,1.0,25,0,10
27,7998,0.0,0.0,0.0,1.0,25,0,10
27,7999,0.0,0.0,0.0,1.0,25,0,10
27,8000,0.0,0.0,0.0,1.0,25,0,10
27,8001,0.0,0.0,0.0,1.0,25,0,10
27,8002,0.0,0.0,0.0,1.0,25,0,10
27,8003,0.0,0.0,0.0,1.0,25,0,10
27,8004,0.0,0.0,0.0,1.0,25,0,10
27,8005,0.0,0.0,0.0,1.0,25,0,10
27,8006,0.0,0.0,0.0,1.0,25,0,10
27,8007,0.0,0.0,0.0,1.0,25,0,10
27,8008,0.0,0.0,0.0,1.0,25,0,10
27,8009,0.0,0.0,0.0,1.0,25,0,10
27,8010,0.0,0.0,0.0,1.0,25,0,10
27,8011,0.0,0.0,0.0,1.0,25,0,10
27,8012,0.0,0.0,0.0,1.0,25,0,10
27,8013,0.0,0.0,0.0,1.0,25,0,10
27,8014,0.0,0.0,0.0,1.0,25,0,10
27,8015,0.0,0.0,0.0,1.0,25,0,10
27,8016,0.0,0.0,0.0,1.0,25,0,10
27,8017,0.0,0.0,0.0,1.0,25,0,10
27,8018,0.0,0.0,0.0,1.0,25,0,10
27,8019,0.0,0.0,0.0,1.0,25,0,10
27,8020,0.0,0.0,0.0,1.0,25,0,10
27,8021,0.0,0.0,0.0,1.0,25,0,10
27,8022,0.0,0.0,0.0,1.0,25,0,10
27,8023,0.0,0.0,0.0,1.0,25,0,10
27,8024,0.0,0.0,0.0,1.0,25,0,10
27,8025,0.0,0.0,0.0,1.0,25,0,10
27,8026,0.0,0.0,0.0,1.0,25,0,10
27,8027,0.0,0.0,0.0,1.0,25,0,10
27,8028,0.0,0.0,0.0,1.0,25,0,10
27,8029,0.0,0.0,0.0,1.0,25,0,10
27,8030,0.0,0.0,0.0,1.0,25,0,10
27,8031,0.0,0.0,0.0,1.0,25,0,10
27,8032,0.0,0.0,0.0,1.0,25,0,10
27,8033,0.0,0.0,0.0,1.0,25,0,10
27,8034,0.0,0.0,0.0,1.0,25,0,10
27,8035,0.0,0.0,0.0,1.0,25,0,10
27,8036,0.0,0.0,0.0,1.0,25,0,10
27,8037,0.0,0.0,0.0,1.0,25,0,10
27,8038,0.0,0.0,0.0,1.0,25,0,10
27,8039,0.0,0.0,0.0,1.0,25,0,10
27,8040,0.0,0.0,0.0,1.0,25,0,10
27,8041,0.0,0.0,0.0,1.0,25,0,10
27,8042,0.0,0.0,0.0,1.0,25,0,10
27,8043,0.0,0.0,0.0,1.0,25,0,10
27,8044,0.0,0.0,0.0,1.0,25,0,10
27,8045,0.0,0.0,0.0,1.0,25,0,10
27,8046,0.0,0.0,0.0,1.0,25,0,10
27,8047,0.0,0.0,0.0,1.0,25,0,10
27,8048,0.0,0.0,0.0,1.0,25,0,10
27,8049,0.0,0.0,0.0,1.0,25,0,10
27,8050,0.0,0.0,0.0,1.0,25,0,10
27,8051,0.0,0.0,0.0,1.0,25,0,10
27,8052,0.0,0.0,0.0,1.0,25,0,10
27,8053,0.0,0.0,0.0,1.0,25,0,10
27,8054,0.0,0.0,0.0,1.0,25,0,10
27,8055,0.0,0.0,0.0,1.0,25,0,10
27,8056,0.0,0.0,0.0,1.0,25,0,10
27,8057,0.0,0.0,0.0,1.0,25,0,10
27,8058,0.0,0.0,0.0,1.0,25,0,10
27,8059,0.0,0.0,0.0,1.0,25,0,10
27,8060,0.0,0.0,0.0,1.0,25,0,10
27,8061,0.0,0.0,0.0,1.0,25,0,10
27,8062,0.0,0.0,0.0,1.0,25,0,10
27,8063,0.0,0.0,0.0,1.0,25,0,10
27,8064,0.0,0.0,0.0,1.0,25,0,10
27,8065,0.0,0.0,0.0,1.0,25,0,10
27,8066,0.0,0.0,0.0,1.0,25,0,10
27,8067,0.0,0.0,0.0,1.0,25,0,10
27,8068,0.0,0.0,0.0,1.0,25,0,10
27,8069,0.0,0.0,0.0,1.0,25,0,10
27,8070,0.0,0.0,0.0,1.0,25,0,10
27,8071,0.0,0.0,0.0,1.0,25,0,10
27,8072,0.0,0.0,0.0,1.0,25,0,10
27,8073,0.0,0.0,0.0,1.0,25,0,10
27,8074,0.0,0.0,0.0,1.0,25,0,10
27,8075,0.0,0.0,0.0,1.0,25,0,10
27,8076,0.0,0.0,0.0,1.0,25,0,10
27,8077,0.0,0.0,0.0,1.0,25,0,10
27,8078,0.0,0.0,0.0,1.0,25,0,10
27,8079,0.0,0.0,0.0,1.0,25,0,10
27,8080,0.0,0.0,0.0,1.0,25,0,10
27,8081,0.0,0.0,0.0,1.0,25,0,10
27,8082,0.0,0.0,0.0,1.0,25,0,10
27,8083,0.0,0.0,0.0,1.0,25,0,10
27,8084,0.0,0.0,0.0,1.0,25,0,10
27,8085,0.0,0.0,0.0,1.0,25,0,10
27,8086,0.0,0.0,0.0,1.0,25,0,10
27,8087,0.0,0.0,0.0,1.0,25,0,10
27,8088,0.0,0.0,0.0,1.0,25,0,10
27,8089,0.0,0.0,0.0,1.0,25,0,10
27,8090,0.0,0.0,0.0,1.0,25,0,10
27,8091,0.0,0.0,0.0,1.0,25,0,10
27,8092,0.0,0.0,0.0,1.0,25,0,10
27,8093,0.0,0.0,0.0,1.0,25,0,10
27,8094,0.0,0.0,0.0,1.0,25,0,10
27,8095,0.0,0.0,0.0,1.0,25,0,10
27,8096,0.0,0.0,0.0,1.0,25,0,10
27,8097,0.0,0.0,0.0,1.0,25,0,10
27,8098,0.0,0.0,0.0,1.0,25,0,10
27,8099,0.0,0.0,0.0,1.0,25,0,10
27,8100,0.0,0.0,0.0,1.0,25,0,10
27,8101,0.0,0.0,0.0,1.0,25,0,10
27,8102,0.0,0.0,0.0,1.0,25,0,10
27,8103,0.0,0.0,0.0,1.0,25,0,10
27,8104,0.0,0.0,0.0,1.0,25,0,10
27,8105,0.0,0.0,0.0,1.0,25,0,10
27,8106,0.0,0.0,0.0,1.0,25,0,10
27,8107,0.0,0.0,0.0,1.0,25,0,10
27,8108,0.0,0.0,0.0,1.0,25,0,10
27,8109,0.0,0.0,0.0,1.0,25,0,10
27,8110,0.0,0.0,0.0,1.0,25,0,10
27,8111,0.0,0.0,0.0,1.0,25,0,10
27,8112,0.0,0.0,0.0,1.0,25,0,10
27,8113,0.0,0.0,0.0,1.0,25,0,10
27,8114,0.0,0.0,0.0,1.0,25,0,10
27,8115,0.0,0.0,0.0,1.0,25,0,10
27,8116,0.0,0.0,0.0,1.0,25,0,10
27,8117,0.0,0.0,0.0,1.0,25,0,10
27,8118,0.0,0.0,0.0,1.0,25,0,10
27,8119,0.0,0.0,0.0,1.0,25,0,10
27,8120,0.0,0.0,0.0,1.0,25,0,10
27,8121,0.0,0.0,0.0,1.0,25,0,10
27,8122,0.0,0.0,0.0,1.0,25,0,10
27,8123,0.0,0.0,0.0,1.0,25,0,10
27,8124,0.0,0.0,0.0,1.0,25,0,10
27,8125,0.0,0.0,0.0,1.0,25,0,10
27,8126,0.0,0.0,0.0,1.0,25,0,10
27,8127,0.0,0.0,0.0,1.0,25,0,10
27,8128,0.0,0.0,0.0,1.0,25,0,10
27,8129,0.0,0.0,0.0,1.0,25,0,10
27,8130,0.0,0.0,0.0,1.0,25,0,10
27,8131,0.0,0.0,0.0,1.0,25,0,10
27,8132,0.0,0.0,0.0,1.0,25,0,10
27,8133,0.0,0.0,0.0,1.0,25,0,10
27,8134,0.0,0.0,0.0,1.0,25,0,10
27,8135,0.0,0.0,0.0,1.0,25,0,10
27,8136,0.0,0.0,0.0,1.0,25,0,10
27,8137,0.0,0.0,0.0,1.0,25,0,10
27,8138,0.0,0.0,0.0,1.0,25,0,10
27,8139,0.0,0.0,0.0,1.0,25,0,10
27,8140,0.0,0.0,0.0,1.0,25,0,10
27,8141,0.0,0.0,0.0,1.0,25,0,10
27,8142,0.0,0.0,0.0,1.0,25,0,10
27,8143,0.0,0.0,0.0,1.0,25,0,10
27,8144,0.0,0.0,0.0,1.0,25,0,10
27,8145,0.0,0.0,0.0,1.0,25,0,10
27,8146,0.0,0.0,0.0,1.0,25,0,10
27,8147,0.0,0.0,0.0,1.0,25,0,10
27,8148,0.0,0.0,0.0,1.0,25,0,10
27,8149,0.0,0.0,0.0,1.0,25,0,10
27,8150,0.0,0.0,0.0,1.0,25,0,10
27,8151,0.0,0.0,0.0,1.0,25,0,10
27,8152,0.0,0.0,0.0,1.0,25,0,10
27,8153,0.0,0.0,0.0,1.0,25,0,10
27,8154,0.0,0.0,0.0,1.0,25,0,10
27,8155,0.0,0.0,0.0,1.0,25,0,10
27,8156,0.0,0.0,0.0,1.0,25,0,10
27,8157,0.0,0.0,0.0,1.0,25,0,10
27,8158,0.0,0.0,0.0,1.0,25,0,10
27,8159,0.0,0.0,0.0,1.0,25,0,10
27,8160,0.0,0.0,0.0,1.0,25,0,10
27,8161,0.0,0.0,0.0,1.0,25,0,10
27,8162,0.0,0.0,0.0,1.0,25,0,10
27,8163,0.0,0.0,0.0,1.0,25,0,10
27,8164,0.0,0.0,0.0,1.0,25,0,10
27,8165,0.0,0.0,0.0,1.0,25,0,10
27,8166,0.0,0.0,0.0,1.0,25,0,10
27,8167,0.0,0.0,0.0,1.0,25,0,10
27,8168,0.0,0.0,0.0,1.0,25,0,10
27,8169,0.0,0.0,0.0,1.0,25,0,10
27,8170,0.0,0.0,0.0,1.0,25,0,10
27,8171,0.0,0.0,0.0,1.0,25,0,10
27,8172,0.0,0.0,0.0,1.0,25,0,10
27,8173,0.0,0.0,0.0,1.0,25,0,10
27,8174,0.0,0.0,0.0,1.0,25,0,10
27,8175,0.0,0.0,0.0,1.0,25,0,10
27,8176,0.0,0.0,0.0,1.0,25,0,10
27,8177,0.0,0.0,0.0,1.0,25,0,10
27,8178,0.0,0.0,0.0,1.0,25,0,10
27,8179,0.0,0.0,0.0,1.0,25,0,10
27,8180,0.0,0.0,0.0,1.0,25,0,10
27,8181,0.0,0.0,0.0,1.0,25,0,10
27,8182,0.0,0.0,0.0,1.0,25,0,10
27,8183,0.0,0.0,0.0,1.0,25,0,10
27,8184,0.0,0.0,0.0,1.0,25,0,10
27,8185,0.0,0.0,0.0,1.0,25,0,10
27,8186,0.0,0.0,0.0,1.0,25,0,10
27,8187,0.0,0.0,0.0,1.0,25,0,10
27,8188,0.0,0.0,0.0,1.0,25,0,10
27,8189,0.0,0.0,0.0,1.0,25,0,10
27,8190,0.0,0.0,0.0,1.0,25,0,10
27,8191,0.0,0.0,0.0,1.0,25,0,10
27,8192,0.0,0.0,0.0,1.0,25,0,10
27,8193,0.0,0.0,0.0,1.0,25,0,10
27,8194,0.0,0.0,0.0,1.0,25,0,10
27,8195,0.0,0.0,0.0,1.0,25,0,10
27,8196,0.0,0.0,0.0,1.0,25,0,10
27,8197,0.0,0.0,0.0,1.0,25,0,10
27,8198,0.0,0.0,0.0,1.0,25,0,10
27,8199,0.0,0.0,0.0,1.0,25,0,10
27,8200,0.0,0.0,0.0,1.0,25,0,10
27,8201,0.0,0.0,0.0,1.0,25,0,10
27,8202,0.0,0.0,0.0,1.0,25,0,10
27,8203,0.0,0.0,0.0,1.0,25,0,10
27,8204,0.0,0.0,0.0,1.0,25,0,10
27,8205,0.0,0.0,0.0,1.0,25,0,10
27,8206,0.0,0.0,0.0,1.0,25,0,10
27,8207,0.0,0.0,0.0,1.0,25,0,10
27,8208,0.0,0.0,0.0,1.0,25,0,10
27,8209,0.0,0.0,0.0,1.0,25,0,10
27,8210,0.0,0.0,0.0,1.0,25,0,10
27,8211,0.0,0.0,0.0,1.0,25,0,10
27,8212,0.0,0.0,0.0,1.0,25,0,10
27,8213,0.0,0.0,0.0,1.0,25,0,10
27,8214,0.0,0.0,0.0,1.0,25,0,10
27,8215,0.0,0.0,0.0,1.0,25,0,10
27,8216,0.0,0.0,0.0,1.0,25,0,10
27,8217,0.0,0.0,0.0,1.0,25,0,10
27,8218,0.0,0.0,0.0,1.0,25,0,10
27,8219,0.0,0.0,0.0,1.0,25,0,10
27,8220,0.0,0.0,0.0,1.0,25,0,10
27,8221,0.0,0.0,0.0,1.0,25,0,10
27,8222,0.0,0.0,0.0,1.0,25,0,10
27,8223,0.0,0.0,0.0,1.0,25,0,10
27,8224,0.0,0.0,0.0,1.0,25,0,10
27,8225,0.0,0.0,0.0,1.0,25,0,10
27,8226,0.0,0.0,0.0,1.0,25,0,10
27,8227,0.0,0.0,0.0,1.0,25,0,10
27,8228,0.0,0.0,0.0,1.0,25,0,10
27,8229,0.0,0.0,0.0,1.0,25,0,10
27,8230,0.0,0.0,0.0,1.0,25,0,10
27,8231,0.0,0.0,0.0,1.0,25,0,10
27,8232,0.0,0.0,0.0,1.0,25,0,10
27,8233,0.0,0.0,0.0,1.0,25,0,10
27,8234,0.0,0.0,0.0,1.0,25,0,10
27,8235,0.0,0.0,0.0,1.0,25,0,10
27,8236,0.0,0.0,0.0,1.0,25,0,10
27,8237,0.0,0.0,0.0,1.0,25,0,10
27,8238,0.0,0.0,0.0,1.0,25,0,10
27,8239,0.0,0.0,0.0,1.0,25,0,10
27,8240,0.0,0.0,0.0,1.0,25,0,10
27,8241,0.0,0.0,0.0,1.0,25,0,10
27,8242,0.0,0.0,0.0,1.0,25,0,10
27,8243,0.0,0.0,0.0,1.0,25,0,10
27,8244,0.0,0.0,0.0,1.0,25,0,10
27,8245,0.0,0.0,0.0,1.0,25,0,10
27,8246,0.0,0.0,0.0,1.0,25,0,10
27,8247,0.0,0.0,0.0,1.0,25,0,10
27,8248,0.0,0.0,0.0,1.0,25,0,10
27,8249,0.0,0.0,0.0,1.0,25,0,10
27,8250,0.0,0.0,0.0,1.0,25,0,10
27,8251,0.0,0.0,0.0,1.0,25,0,10
27,8252,0.0,0.0,0.0,1.0,25,0,10
27,8253,0.0,0.0,0.0,1.0,25,0,10
27,8254,0.0,0.0,0.0,1.0,25,0,10
27,8255,0.0,0.0,0.0,1.0,25,0,10
27,8256,0.0,0.0,0.0,1.0,25,0,10
27,8257,0.0,0.0,0.0,1.0,25,0,10
27,8258,0.0,0.0,0.0,1.0,25,0,10
27,8259,0.0,0.0,0.0,1.0,25,0,10
27,8260,0.0,0.0,0.0,1.0,25,0,10
27,8261,0.0,0.0,0.0,1.0,25,0,10
27,8262,0.0,0.0,0.0,1.0,25,0,10
27,8263,0.0,0.0,0.0,1.0,25,0,10
27,8264,0.0,0.0,0.0,1.0,25,0,10
27,8265,0.0,0.0,0.0,1.0,25,0,10
27,8266,0.0,0.0,0.0,1.0,25,0,10
27,8267,0.0,0.0,0.0,1.0,25,0,10
27,8268,0.0,0.0,0.0,1.0,25,0,10
27,8269,0.0,0.0,0.0,1.0,25,0,10
27,8270,0.0,0.0,0.0,1.0,25,0,10
27,8271,0.0,0.0,0.0,1.0,25,0,10
27,8272,0.0,0.0,0.0,1.0,25,0,10
27,8273,0.0,0.0,0.0,1.0,25,0,10
27,8274,0.0,0.0,0.0,1.0,25,0,10
27,8275,0.0,0.0,0.0,1.0,25,0,10
27,8276,0.0,0.0,0.0,1.0,25,0,10
27,8277,0.0,0.0,0.0,1.0,25,0,10
27,8278,0.0,0.0,0.0,1.0,25,0,10
27,8279,0.0,0.0,0.0,1.0,25,0,10
27,8280,0.0,0.0,0.0,1.0,25,0,10
27,8281,0.0,0.0,0.0,1.0,25,0,10
27,8282,0.0,0.0,0.0,1.0,25,0,10
27,8283,0.0,0.0,0.0,1.0,25,0,10
27,8284,0.0,0.0,0.0,1.0,25,0,10
27,8285,0.0,0.0,0.0,1.0,25,0,10
27,8286,0.0,0.0,0.0,1.0,25,0,10
27,8287,0.0,0.0,0.0,1.0,25,0,10
27,8288,0.0,0.0,0.0,1.0,25,0,10
27,8289,0.0,0.0,0.0,1.0,25,0,10
27,8290,0.0,0.0,0.0,1.0,25,0,10
27,8291,0.0,0.0,0.0,1.0,25,0,10
27,8292,0.0,0.0,0.0,1.0,25,0,10
27,8293,0.0,0.0,0.0,1.0,25,0,10
27,8294,0.0,0.0,0.0,1.0,25,0,10
27,8295,0.0,0.0,0.0,1.0,25,0,10
27,8296,0.0,0.0,0.0,1.0,25,0,10
27,8297,0.0,0.0,0.0,1.0,25,0,10
27,8298,0.0,0.0,0.0,1.0,25,0,10
27,8299,0.0,0.0,0.0,1.0,25,0,10
27,8300,0.0,0.0,0.0,1.0,25,0,10
27,8301,0.0,0.0,0.0,1.0,25,0,10
27,8302,0.0,0.0,0.0,1.0,25,0,10
27,8303,0.0,0.0,0.0,1.0,25,0,10
27,8304,0.0,0.0,0.0,1.0,25,0,10
27,8305,0.0,0.0,0.0,1.0,25,0,10
27,8306,0.0,0.0,0.0,1.0,25,0,10
27,8307,0.0,0.0,0.0,1.0,25,0,10
27,8308,0.0,0.0,0.0,1.0,25,0,10
27,8309,0.0,0.0,0.0,1.0,25,0,10
27,8310,0.0,0.0,0.0,1.0,25,0,10
27,8311,0.0,0.0,0.0,1.0,25,0,10
27,8312,0.0,0.0,0.0,1.0,25,0,10
27,8313,0.0,0.0,0.0,1.0,25,0,10
27,8314,0.0,0.0,0.0,1.0,25,0,10
27,8315,0.0,0.0,0.0,1.0,25,0,10
27,8316,0.0,0.0,0.0,1.0,25,0,10
27,8317,0.0,0.0,0.0,1.0,25,0,10
27,8318,0.0,0.0,0.0,1.0,25,0,10
27,8319,0.0,0.0,0.0,1.0,25,0,10
27,8320,0.0,0.0,0.0,1.0,25,0,10
27,8321,0.0,0.0,0.0,1.0,25,0,10
27,8322,0.0,0.0,0.0,1.0,25,0,10
27,8323,0.0,0.0,0.0,1.0,25,0,10
27,8324,0.0,0.0,0.0,1.0,25,0,10
27,8325,0.0,0.0,0.0,1.0,25,0,10
27,8326,0.0,0.0,0.0,1.0,25,0,10
27,8327,0.0,0.0,0.0,1.0,25,0,10
27,8328,0.0,0.0,0.0,1.0,25,0,10
27,8329,0.0,0.0,0.0,1.0,25,0,10
27,8330,0.0,0.0,0.0,1.0,25,0,10
27,8331,0.0,0.0,0.0,1.0,25,0,10
27,8332,0.0,0.0,0.0,1.0,25,0,10
27,8333,0.0,0.0,0.0,1.0,25,0,10
27,8334,0.0,0.0,0.0,1.0,25,0,10
27,8335,0.0,0.0,0.0,1.0,25,0,10
27,8336,0.0,0.0,0.0,1.0,25,0,10
27,8337,0.0,0.0,0.0,1.0,25,0,10
27,8338,0.0,0.0,0.0,1.0,25,0,10
27,8339,0.0,0.0,0.0,1.0,25,0,10
27,8340,0.0,0.0,0.0,1.0,25,0,10
27,8341,0.0,0.0,0.0,1.0,25,0,10
27,8342,0.0,0.0,0.0,1.0,25,0,10
27,8343,0.0,0.0,0.0,1.0,25,0,10
27,8344,0.0,0.0,0.0,1.0,25,0,10
27,8345,0.0,0.0,0.0,1.0,25,0,10
27,8346,0.0,0.0,0.0,1.0,25,0,10
27,8347,0.0,0.0,0.0,1.0,25,0,10
27,8348,0.0,0.0,0.0,1.0,25,0,10
27,8349,0.0,0.0,0.0,1.0,25,0,10
27,8350,0.0,0.0,0.0,1.0,25,0,10
27,8351,0.0,0.0,0.0,1.0,25,0,10
27,8352,0.0,0.0,0.0,1.0,25,0,10
27,8353,0.0,0.0,0.0,1.0,25,0,10
27,8354,0.0,0.0,0.0,1.0,25,0,10
27,8355,0.0,0.0,0.0,1.0,25,0,10
27,8356,0.0,0.0,0.0,1.0,25,0,10
27,8357,0.0,0.0,0.0,1.0,25,0,10
27,8358,0.0,0.0,0.0,1.0,25,0,10
27,8359,0.0,0.0,0.0,1.0,25,0,10
27,8360,0.0,0.0,0.0,1.0,25,0,10
27,8361,0.0,0.0,0.0,1.0,25,0,10
27,8362,0.0,0.0,0.0,1.0,25,0,10
27,8363,0.0,0.0,0.0,1.0,25,0,10
27,8364,0.0,0.0,0.0,1.0,25,0,10
27,8365,0.0,0.0,0.0,1.0,25,0,10
27,8366,0.0,0.0,0.0,1.0,25,0,10
27,8367,0.0,0.0,0.0,1.0,25,0,10
27,8368,0.0,0.0,0.0,1.0,25,0,10
27,8369,0.0,0.0,0.0,1.0,25,0,10
27,8370,0.0,0.0,0.0,1.0,25,0,10
27,8371,0.0,0.0,0.0,1.0,25,0,10
27,8372,0.0,0.0,0.0,1.0,25,0,10
27,8373,0.0,0.0,0.0,1.0,25,0,10
27,8374,0.0,0.0,0.0,1.0,25,0,10
27,8375,0.0,0.0,0.0,1.0,25,0,10
27,8376,0.0,0.0,0.0,1.0,25,0,10
27,8377,0.0,0.0,0.0,1.0,25,0,10
27,8378,0.0,0.0,0.0,1.0,25,0,10
27,8379,0.0,0.0,0.0,1.0,25,0,10
27,8380,0.0,0.0,0.0,1.0,25,0,10
27,8381,0.0,0.0,0.0,1.0,25,0,10
27,8382,0.0,0.0,0.0,1.0,25,0,10
27,8383,0.0,0.0,0.0,1.0,25,0,10
27,8384,0.0,0.0,0.0,1.0,25,0,10
27,8385,0.0,0.0,0.0,1.0,25,0,10
27,8386,0.0,0.0,0.0,1.0,25,0,10
27,8387,0.0,0.0,0.0,1.0,25,0,10
27,8388,0.0,0.0,0.0,1.0,25,0,10
27,8389,0.0,0.0,0.0,1.0,25,0,10
27,8390,0.0,0.0,0.0,1.0,25,0,10
27,8391,0.0,0.0,0.0,1.0,25,0,10
27,8392,0.0,0.0,0.0,1.0,25,0,10
27,8393,0.0,0.0,0.0,1.0,25,0,10
27,8394,0.0,0.0,0.0,1.0,25,0,10
27,8395,0.0,0.0,0.0,1.0,25,0,10
27,8396,0.0,0.0,0.0,1.0,25,0,10
27,8397,0.0,0.0,0.0,1.0,25,0,10
27,8398,0.0,0.0,0.0,1.0,25,0,10
27,8399,0.0,0.0,0.0,1.0,25,0,10
27,8400,0.0,0.0,0.0,1.0,25,0,10
27,8401,0.0,0.0,0.0,1.0,25,0,10
27,8402,0.0,0.0,0.0,1.0,25,0,10
27,8403,0.0,0.0,0.0,1.0,25,0,10
27,8404,0.0,0.0,0.0,1.0,25,0,10
27,8405,0.0,0.0,0.0,1.0,25,0,10
27,8406,0.0,0.0,0.0,1.0,25,0,10
27,8407,0.0,0.0,0.0,1.0,25,0,10
27,8408,0.0,0.0,0.0,1.0,25,0,10
27,8409,0.0,0.0,0.0,1.0,25,0,10
27,8410,0.0,0.0,0.0,1.0,25,0,10
27,8411,0.0,0.0,0.0,1.0,25,0,10
27,8412,0.0,0.0,0.0,1.0,25,0,10
27,8413,0.0,0.0,0.0,1.0,25,0,10
27,8414,0.0,0.0,0.0,1.0,25,0,10
27,8415,0.0,0.0,0.0,1.0,25,0,10
27,8416,0.0,0.0,0.0,1.0,25,0,10
27,8417,0.0,0.0,0.0,1.0,25,0,10
27,8418,0.0,0.0,0.0,1.0,25,0,10
27,8419,0.0,0.0,0.0,1.0,25,0,10
27,8420,0.0,0.0,0.0,1.0,25,0,10
27,8421,0.0,0.0,0.0,1.0,25,0,10
27,8422,0.0,0.0,0.0,1.0,25,0,10
27,8423,0.0,0.0,0.0,1.0,25,0,10
27,8424,0.0,0.0,0.0,1.0,25,0,10
27,8425,0.0,0.0,0.0,1.0,25,0,10
27,8426,0.0,0.0,0.0,1.0,25,0,10
27,8427,0.0,0.0,0.0,1.0,25,0,10
27,8428,0.0,0.0,0.0,1.0,25,0,10
27,8429,0.0,0.0,0.0,1.0,25,0,10
27,8430,0.0,0.0,0.0,1.0,25,0,10
27,8431,0.0,0.0,0.0,1.0,25,0,10
27,8432,0.0,0.0,0.0,1.0,25,0,10
27,8433,0.0,0.0,0.0,1.0,25,0,10
27,8434,0.0,0.0,0.0,1.0,25,0,10
27,8435,0.0,0.0,0.0,1.0,25,0,10
27,8436,0.0,0.0,0.0,1.0,25,0,10
27,8437,0.0,0.0,0.0,1.0,25,0,10
27,8438,0.0,0.0,0.0,1.0,25,0,10
27,8439,0.0,0.0,0.0,1.0,25,0,10
27,8440,0.0,0.0,0.0,1.0,25,0,10
27,8441,0.0,0.0,0.0,1.0,25,0,10
27,8442,0.0,0.0,0.0,1.0,25,0,10
27,8443,0.0,0.0,0.0,1.0,25,0,10
27,8444,0.0,0.0,0.0,1.0,25,0,10
27,8445,0.0,0.0,0.0,1.0,25,0,10
27,8446,0.0,0.0,0.0,1.0,25,0,10
27,8447,0.0,0.0,0.0,1.0,25,0,10
27,8448,0.0,0.0,0.0,1.0,25,0,10
27,8449,0.0,0.0,0.0,1.0,25,0,10
27,8450,0.0,0.0,0.0,1.0,25,0,10
27,8451,0.0,0.0,0.0,1.0,25,0,10
27,8452,0.0,0.0,0.0,1.0,25,0,10
27,8453,0.0,0.0,0.0,1.0,25,0,10
27,8454,0.0,0.0,0.0,1.0,25,0,10
27,8455,0.0,0.0,0.0,1.0,25,0,10
27,8456,0.0,0.0,0.0,1.0,25,0,10
27,8457,0.0,0.0,0.0,1.0,25,0,10
27,8458,0.0,0.0,0.0,1.0,25,0,10
27,8459,0.0,0.0,0.0,1.0,25,0,10
27,8460,0.0,0.0,0.0,1.0,25,0,10
27,8461,0.0,0.0,0.0,1.0,25,0,10
27,8462,0.0,0.0,0.0,1.0,25,0,10
27,8463,0.0,0.0,0.0,1.0,25,0,10
27,8464,0.0,0.0,0.0,1.0,25,0,10
27,8465,0.0,0.0,0.0,1.0,25,0,10
27,8466,0.0,0.0,0.0,1.0,25,0,10
27,8467,0.0,0.0,0.0,1.0,25,0,10
27,8468,0.0,0.0,0.0,1.0,25,0,10
27,8469,0.0,0.0,0.0,1.0,25,0,10
27,8470,0.0,0.0,0.0,1.0,25,0,10
27,8471,0.0,0.0,0.0,1.0,25,0,10
27,8472,0.0,0.0,0.0,1.0,25,0,10
27,8473,0.0,0.0,0.0,1.0,25,0,10
27,8474,0.0,0.0,0.0,1.0,25,0,10
27,8475,0.0,0.0,0.0,1.0,25,0,10
27,8476,0.0,0.0,0.0,1.0,25,0,10
27,8477,0.0,0.0,0.0,1.0,25,0,10
27,8478,0.0,0.0,0.0,1.0,25,0,10
27,8479,0.0,0.0,0.0,1.0,25,0,10
27,8480,0.0,0.0,0.0,1.0,25,0,10
27,8481,0.0,0.0,0.0,1.0,25,0,10
27,8482,0.0,0.0,0.0,1.0,25,0,10
27,8483,0.0,0.0,0.0,1.0,25,0,10
27,8484,0.0,0.0,0.0,1.0,25,0,10
27,8485,0.0,0.0,0.0,1.0,25,0,10
27,8486,0.0,0.0,0.0,1.0,25,0,10
27,8487,0.0,0.0,0.0,1.0,25,0,10
27,8488,0.0,0.0,0.0,1.0,25,0,10
27,8489,0.0,0.0,0.0,1.0,25,0,10
27,8490,0.0,0.0,0.0,1.0,25,0,10
27,8491,0.0,0.0,0.0,1.0,25,0,10
27,8492,0.0,0.0,0.0,1.0,25,0,10
27,8493,0.0,0.0,0.0,1.0,25,0,10
27,8494,0.0,0.0,0.0,1.0,25,0,10
27,8495,0.0,0.0,0.0,1.0,25,0,10
27,8496,0.0,0.0,0.0,1.0,25,0,10
27,8497,0.0,0.0,0.0,1.0,25,0,10
27,8498,0.0,0.0,0.0,1.0,25,0,10
27,8499,0.0,0.0,0.0,1.0,25,0,10
27,8500,0.0,0.0,0.0,1.0,25,0,10
27,8501,0.0,0.0,0.0,1.0,25,0,10
27,8502,0.0,0.0,0.0,1.0,25,0,10
27,8503,0.0,0.0,0.0,1.0,25,0,10
27,8504,0.0,0.0,0.0,1.0,25,0,10
27,8505,0.0,0.0,0.0,1.0,25,0,10
27,8506,0.0,0.0,0.0,1.0,25,0,10
27,8507,0.0,0.0,0.0,1.0,25,0,10
27,8508,0.0,0.0,0.0,1.0,25,0,10
27,8509,0.0,0.0,0.0,1.0,25,0,10
27,8510,0.0,0.0,0.0,1.0,25,0,10
27,8511,0.0,0.0,0.0,1.0,25,0,10
27,8512,0.0,0.0,0.0,1.0,25,0,10
27,8513,0.0,0.0,0.0,1.0,25,0,10
27,8514,0.0,0.0,0.0,1.0,25,0,10
27,8515,0.0,0.0,0.0,1.0,25,0,10
27,8516,0.0,0.0,0.0,1.0,25,0,10
27,8517,0.0,0.0,0.0,1.0,25,0,10
27,8518,0.0,0.0,0.0,1.0,25,0,10
27,8519,0.0,0.0,0.0,1.0,25,0,10
27,8520,0.0,0.0,0.0,1.0,25,0,10
27,8521,0.0,0.0,0.0,1.0,25,0,10
27,8522,0.0,0.0,0.0,1.0,25,0,10
27,8523,0.0,0.0,0.0,1.0,25,0,10
27,8524,0.0,0.0,0.0,1.0,25,0,10
27,8525,0.0,0.0,0.0,1.0,25,0,10
27,8526,0.0,0.0,0.0,1.0,25,0,10
27,8527,0.0,0.0,0.0,1.0,25,0,10
27,8528,0.0,0.0,0.0,1.0,25,0,10
27,8529,0.0,0.0,0.0,1.0,25,0,10
27,8530,0.0,0.0,0.0,1.0,25,0,10
27,8531,0.0,0.0,0.0,1.0,25,0,10
27,8532,0.0,0.0,0.0,1.0,25,0,10
27,8533,0.0,0.0,0.0,1.0,25,0,10
27,8534,0.0,0.0,0.0,1.0,25,0,10
27,8535,0.0,0.0,0.0,1.0,25,0,10
27,8536,0.0,0.0,0.0,1.0,25,0,10
27,8537,0.0,0.0,0.0,1.0,25,0,10
27,8538,0.0,0.0,0.0,1.0,25,0,10
27,8539,0.0,0.0,0.0,1.0,25,0,10
27,8540,0.0,0.0,0.0,1.0,25,0,10
27,8541,0.0,0.0,0.0,1.0,25,0,10
27,8542,0.0,0.0,0.0,1.0,25,0,10
27,8543,0.0,0.0,0.0,1.0,25,0,10
27,8544,0.0,0.0,0.0,1.0,25,0,10
27,8545,0.0,0.0,0.0,1.0,25,0,10
27,8546,0.0,0.0,0.0,1.0,25,0,10
27,8547,0.0,0.0,0.0,1.0,25,0,10
27,8548,0.0,0.0,0.0,1.0,25,0,10
27,8549,0.0,0.0,0.0,1.0,25,0,10
27,8550,0.0,0.0,0.0,1.0,25,0,10
27,8551,0.0,0.0,0.0,1.0,25,0,10
27,8552,0.0,0.0,0.0,1.0,25,0,10
27,8553,0.0,0.0,0.0,1.0,25,0,10
27,8554,0.0,0.0,0.0,1.0,25,0,10
27,8555,0.0,0.0,0.0,1.0,25,0,10
27,8556,0.0,0.0,0.0,1.0,25,0,10
27,8557,0.0,0.0,0.0,1.0,25,0,10
27,8558,0.0,0.0,0.0,1.0,25,0,10
27,8559,0.0,0.0,0.0,1.0,25,0,10
27,8560,0.0,0.0,0.0,1.0,25,0,10
27,8561,0.0,0.0,0.0,1.0,25,0,10
27,8562,0.0,0.0,0.0,1.0,25,0,10
27,8563,0.0,0.0,0.0,1.0,25,0,10
27,8564,0.0,0.0,0.0,1.0,25,0,10
27,8565,0.0,0.0,0.0,1.0,25,0,10
27,8566,0.0,0.0,0.0,1.0,25,0,10
27,8567,0.0,0.0,0.0,1.0,25,0,10
27,8568,0.0,0.0,0.0,1.0,25,0,10
27,8569,0.0,0.0,0.0,1.0,25,0,10
27,8570,0.0,0.0,0.0,1.0,25,0,10
27,8571,0.0,0.0,0.0,1.0,25,0,10
27,8572,0.0,0.0,0.0,1.0,25,0,10
27,8573,0.0,0.0,0.0,1.0,25,0,10
27,8574,0.0,0.0,0.0,1.0,25,0,10
27,8575,0.0,0.0,0.0,1.0,25,0,10
27,8576,0.0,0.0,0.0,1.0,25,0,10
27,8577,0.0,0.0,0.0,1.0,25,0,10
27,8578,0.0,0.0,0.0,1.0,25,0,10
27,8579,0.0,0.0,0.0,1.0,25,0,10
27,8580,0.0,0.0,0.0,1.0,25,0,10
27,8581,0.0,0.0,0.0,1.0,25,0,10
27,8582,0.0,0.0,0.0,1.0,25,0,10
27,8583,0.0,0.0,0.0,1.0,25,0,10
27,8584,0.0,0.0,0.0,1.0,25,0,10
27,8585,0.0,0.0,0.0,1.0,25,0,10
27,8586,0.0,0.0,0.0,1.0,25,0,10
27,8587,0.0,0.0,0.0,1.0,25,0,10
27,8588,0.0,0.0,0.0,1.0,25,0,10
27,8589,0.0,0.0,0.0,1.0,25,0,10
27,8590,0.0,0.0,0.0,1.0,25,0,10
27,8591,0.0,0.0,0.0,1.0,25,0,10
27,8592,0.0,0.0,0.0,1.0,25,0,10
27,8593,0.0,0.0,0.0,1.0,25,0,10
27,8594,0.0,0.0,0.0,1.0,25,0,10
27,8595,0.0,0.0,0.0,1.0,25,0,10
27,8596,0.0,0.0,0.0,1.0,25,0,10
27,8597,0.0,0.0,0.0,1.0,25,0,10
27,8598,0.0,0.0,0.0,1.0,25,0,10
27,8599,0.0,0.0,0.0,1.0,25,0,10
27,8600,0.0,0.0,0.0,1.0,25,0,10
27,8601,0.0,0.0,0.0,1.0,25,0,10
27,8602,0.0,0.0,0.0,1.0,25,0,10
27,8603,0.0,0.0,0.0,1.0,25,0,10
27,8604,0.0,0.0,0.0,1.0,25,0,10
27,8605,0.0,0.0,0.0,1.0,25,0,10
27,8606,0.0,0.0,0.0,1.0,25,0,10
27,8607,0.0,0.0,0.0,1.0,25,0,10
27,8608,0.0,0.0,0.0,1.0,25,0,10
27,8609,0.0,0.0,0.0,1.0,25,0,10
27,8610,0.0,0.0,0.0,1.0,25,0,10
27,8611,0.0,0.0,0.0,1.0,25,0,10
27,8612,0.0,0.0,0.0,1.0,25,0,10
27,8613,0.0,0.0,0.0,1.0,25,0,10
27,8614,0.0,0.0,0.0,1.0,25,0,10
27,8615,0.0,0.0,0.0,1.0,25,0,10
27,8616,0.0,0.0,0.0,1.0,25,0,10
27,8617,0.0,0.0,0.0,1.0,25,0,10
27,8618,0.0,0.0,0.0,1.0,25,0,10
27,8619,0.0,0.0,0.0,1.0,25,0,10
27,8620,0.0,0.0,0.0,1.0,25,0,10
27,8621,0.0,0.0,0.0,1.0,25,0,10
27,8622,0.0,0.0,0.0,1.0,25,0,10
27,8623,0.0,0.0,0.0,1.0,25,0,10
27,8624,0.0,0.0,0.0,1.0,25,0,10
27,8625,0.0,0.0,0.0,1.0,25,0,10
27,8626,0.0,0.0,0.0,1.0,25,0,10
27,8627,0.0,0.0,0.0,1.0,25,0,10
27,8628,0.0,0.0,0.0,1.0,25,0,10
27,8629,0.0,0.0,0.0,1.0,25,0,10
27,8630,0.0,0.0,0.0,1.0,25,0,10
27,8631,0.0,0.0,0.0,1.0,25,0,10
27,8632,0.0,0.0,0.0,1.0,25,0,10
27,8633,0.0,0.0,0.0,1.0,25,0,10
27,8634,0.0,0.0,0.0,1.0,25,0,10
27,8635,0.0,0.0,0.0,1.0,25,0,10
27,8636,0.0,0.0,0.0,1.0,25,0,10
27,8637,0.0,0.0,0.0,1.0,25,0,10
27,8638,0.0,0.0,0.0,1.0,25,0,10
27,8639,0.0,0.0,0.0,1.0,25,0,10
27,8640,0.0,0.0,0.0,1.0,25,0,10
27,8641,0.0,0.0,0.0,1.0,25,0,10
27,8642,0.0,0.0,0.0,1.0,25,0,10
27,8643,0.0,0.0,0.0,1.0,25,0,10
27,8644,0.0,0.0,0.0,1.0,25,0,10
27,8645,0.0,0.0,0.0,1.0,25,0,10
27,8646,0.0,0.0,0.0,1.0,25,0,10
27,8647,0.0,0.0,0.0,1.0,25,0,10
27,8648,0.0,0.0,0.0,1.0,25,0,10
27,8649,0.0,0.0,0.0,1.0,25,0,10
27,8650,0.0,0.0,0.0,1.0,25,0,10
27,8651,0.0,0.0,0.0,1.0,25,0,10
27,8652,0.0,0.0,0.0,1.0,25,0,10
27,8653,0.0,0.0,0.0,1.0,25,0,10
27,8654,0.0,0.0,0.0,1.0,25,0,10
27,8655,0.0,0.0,0.0,1.0,25,0,10
27,8656,0.0,0.0,0.0,1.0,25,0,10
27,8657,0.0,0.0,0.0,1.0,25,0,10
27,8658,0.0,0.0,0.0,1.0,25,0,10
27,8659,0.0,0.0,0.0,1.0,25,0,10
27,8660,0.0,0.0,0.0,1.0,25,0,10
27,8661,0.0,0.0,0.0,1.0,25,0,10
27,8662,0.0,0.0,0.0,1.0,25,0,10
27,8663,0.0,0.0,0.0,1.0,25,0,10
27,8664,0.0,0.0,0.0,1.0,25,0,10
27,8665,0.0,0.0,0.0,1.0,25,0,10
27,8666,0.0,0.0,0.0,1.0,25,0,10
27,8667,0.0,0.0,0.0,1.0,25,0,10
27,8668,0.0,0.0,0.0,1.0,25,0,10
27,8669,0.0,0.0,0.0,1.0,25,0,10
27,8670,0.0,0.0,0.0,1.0,25,0,10
27,8671,0.0,0.0,0.0,1.0,25,0,10
27,8672,0.0,0.0,0.0,1.0,25,0,10
27,8673,0.0,0.0,0.0,1.0,25,0,10
27,8674,0.0,0.0,0.0,1.0,25,0,10
27,8675,0.0,0.0,0.0,1.0,25,0,10
27,8676,0.0,0.0,0.0,1.0,25,0,10
27,8677,0.0,0.0,0.0,1.0,25,0,10
27,8678,0.0,0.0,0.0,1.0,25,0,10
27,8679,0.0,0.0,0.0,1.0,25,0,10
27,8680,0.0,0.0,0.0,1.0,25,0,10
27,8681,0.0,0.0,0.0,1.0,25,0,10
27,8682,0.0,0.0,0.0,1.0,25,0,10
27,8683,0.0,0.0,0.0,1.0,25,0,10
27,8684,0.0,0.0,0.0,1.0,25,0,10
27,8685,0.0,0.0,0.0,1.0,25,0,10
27,8686,0.0,0.0,0.0,1.0,25,0,10
27,8687,0.0,0.0,0.0,1.0,25,0,10
27,8688,0.0,0.0,0.0,1.0,25,0,10
27,8689,0.0,0.0,0.0,1.0,25,0,10
27,8690,0.0,0.0,0.0,1.0,25,0,10
27,8691,0.0,0.0,0.0,1.0,25,0,10
27,8692,0.0,0.0,0.0,1.0,25,0,10
27,8693,0.0,0.0,0.0,1.0,25,0,10
27,8694,0.0,0.0,0.0,1.0,25,0,10
27,8695,0.0,0.0,0.0,1.0,25,0,10
27,8696,0.0,0.0,0.0,1.0,25,0,10
27,8697,0.0,0.0,0.0,1.0,25,0,10
27,8698,0.0,0.0,0.0,1.0,25,0,10
27,8699,0.0,0.0,0.0,1.0,25,0,10
27,8700,0.0,0.0,0.0,1.0,25,0,10
27,8701,0.0,0.0,0.0,1.0,25,0,10
27,8702,0.0,0.0,0.0,1.0,25,0,10
27,8703,0.0,0.0,0.0,1.0,25,0,10
27,8704,0.0,0.0,0.0,1.0,25,0,10
27,8705,0.0,0.0,0.0,1.0,25,0,10
27,8706,0.0,0.0,0.0,1.0,25,0,10
27,8707,0.0,0.0,0.0,1.0,25,0,10
27,8708,0.0,0.0,0.0,1.0,25,0,10
27,8709,0.0,0.0,0.0,1.0,25,0,10
27,8710,0.0,0.0,0.0,1.0,25,0,10
27,8711,0.0,0.0,0.0,1.0,25,0,10
27,8712,0.0,0.0,0.0,1.0,25,0,10
27,8713,0.0,0.0,0.0,1.0,25,0,10
27,8714,0.0,0.0,0.0,1.0,25,0,10
27,8715,0.0,0.0,0.0,1.0,25,0,10
27,8716,0.0,0.0,0.0,1.0,25,0,10
27,8717,0.0,0.0,0.0,1.0,25,0,10
27,8718,0.0,0.0,0.0,1.0,25,0,10
27,8719,0.0,0.0,0.0,1.0,25,0,10
27,8720,0.0,0.0,0.0,1.0,25,0,10
27,8721,0.0,0.0,0.0,1.0,25,0,10
27,8722,0.0,0.0,0.0,1.0,25,0,10
27,8723,0.0,0.0,0.0,1.0,25,0,10
27,8724,0.0,0.0,0.0,1.0,25,0,10
27,8725,0.0,0.0,0.0,1.0,25,0,10
27,8726,0.0,0.0,0.0,1.0,25,0,10
27,8727,0.0,0.0,0.0,1.0,25,0,10
27,8728,0.0,0.0,0.0,1.0,25,0,10
27,8729,0.0,0.0,0.0,1.0,25,0,10
27,8730,0.0,0.0,0.0,1.0,25,0,10
27,8731,0.0,0.0,0.0,1.0,25,0,10
27,8732,0.0,0.0,0.0,1.0,25,0,10
27,8733,0.0,0.0,0.0,1.0,25,0,10
27,8734,0.0,0.0,0.0,1.0,25,0,10
27,8735,0.0,0.0,0.0,1.0,25,0,10
27,8736,0.0,0.0,0.0,1.0,25,0,10
27,8737,0.0,0.0,0.0,1.0,25,0,10
27,8738,0.0,0.0,0.0,1.0,25,0,10
27,8739,0.0,0.0,0.0,1.0,25,0,10
27,8740,0.0,0.0,0.0,1.0,25,0,10
27,8741,0.0,0.0,0.0,1.0,25,0,10
27,8742,0.0,0.0,0.0,1.0,25,0,10
27,8743,0.0,0.0,0.0,1.0,25,0,10
27,8744,0.0,0.0,0.0,1.0,25,0,10
27,8745,0.0,0.0,0.0,1.0,25,0,10
27,8746,0.0,0.0,0.0,1.0,25,0,10
27,8747,0.0,0.0,0.0,1.0,25,0,10
27,8748,0.0,0.0,0.0,1.0,25,0,10
27,8749,0.0,0.0,0.0,1.0,25,0,10
27,8750,0.0,0.0,0.0,1.0,25,0,10
27,8751,0.0,0.0,0.0,1.0,25,0,10
27,8752,0.0,0.0,0.0,1.0,25,0,10
27,8753,0.0,0.0,0.0,1.0,25,0,10
27,8754,0.0,0.0,0.0,1.0,25,0,10
27,8755,0.0,0.0,0.0,1.0,25,0,10
27,8756,0.0,0.0,0.0,1.0,25,0,10
27,8757,0.0,0.0,0.0,1.0,25,0,10
27,8758,0.0,0.0,0.0,1.0,25,0,10
27,8759,0.0,0.0,0.0,1.0,25,0,10
27,8760,0.0,0.0,0.0,1.0,25,0,10
27,8761,0.0,0.0,0.0,1.0,25,0,10
27,8762,0.0,0.0,0.0,1.0,25,0,10
27,8763,0.0,0.0,0.0,1.0,25,0,10
27,8764,0.0,0.0,0.0,1.0,25,0,10
27,8765,0.0,0.0,0.0,1.0,25,0,10
27,8766,0.0,0.0,0.0,1.0,25,0,10
27,8767,0.0,0.0,0.0,1.0,25,0,10
27,8768,0.0,0.0,0.0,1.0,25,0,10
27,8769,0.0,0.0,0.0,1.0,25,0,10
27,8770,0.0,0.0,0.0,1.0,25,0,10
27,8771,0.0,0.0,0.0,1.0,25,0,10
27,8772,0.0,0.0,0.0,1.0,25,0,10
27,8773,0.0,0.0,0.0,1.0,25,0,10
27,8774,0.0,0.0,0.0,1.0,25,0,10
27,8775,0.0,0.0,0.0,1.0,25,0,10
27,8776,0.0,0.0,0.0,1.0,25,0,10
27,8777,0.0,0.0,0.0,1.0,25,0,10
27,8778,0.0,0.0,0.0,1.0,25,0,10
27,8779,0.0,0.0,0.0,1.0,25,0,10
27,8780,0.0,0.0,0.0,1.0,25,0,10
27,8781,0.0,0.0,0.0,1.0,25,0,10
27,8782,0.0,0.0,0.0,1.0,25,0,10
27,8783,0.0,0.0,0.0,1.0,25,0,10
27,8784,0.0,0.0,0.0,1.0,25,0,10
27,8785,0.0,0.0,0.0,1.0,25,0,10
27,8786,0.0,0.0,0.0,1.0,25,0,10
27,8787,0.0,0.0,0.0,1.0,25,0,10
27,8788,0.0,0.0,0.0,1.0,25,0,10
27,8789,0.0,0.0,0.0,1.0,25,0,10
27,8790,0.0,0.0,0.0,1.0,25,0,10
27,8791,0.0,0.0,0.0,1.0,25,0,10
27,8792,0.0,0.0,0.0,1.0,25,0,10
27,8793,0.0,0.0,0.0,1.0,25,0,10
27,8794,0.0,0.0,0.0,1.0,25,0,10
27,8795,0.0,0.0,0.0,1.0,25,0,10
27,8796,0.0,0.0,0.0,1.0,25,0,10
27,8797,0.0,0.0,0.0,1.0,25,0,10
27,8798,0.0,0.0,0.0,1.0,25,0,10
27,8799,0.0,0.0,0.0,1.0,25,0,10
27,8800,0.0,0.0,0.0,1.0,25,0,10
27,8801,0.0,0.0,0.0,1.0,25,0,10
27,8802,0.0,0.0,0.0,1.0,25,0,10
27,8803,0.0,0.0,0.0,1.0,25,0,10
27,8804,0.0,0.0,0.0,1.0,25,0,10
27,8805,0.0,0.0,0.0,1.0,25,0,10
27,8806,0.0,0.0,0.0,1.0,25,0,10
27,8807,0.0,0.0,0.0,1.0,25,0,10
27,8808,0.0,0.0,0.0,1.0,25,0,10
27,8809,0.0,0.0,0.0,1.0,25,0,10
27,8810,0.0,0.0,0.0,1.0,25,0,10
27,8811,0.0,0.0,0.0,1.0,25,0,10
27,8812,0.0,0.0,0.0,1.0,25,0,10
27,8813,0.0,0.0,0.0,1.0,25,0,10
27,8814,0.0,0.0,0.0,1.0,25,0,10
27,8815,0.0,0.0,0.0,1.0,25,0,10
27,8816,0.0,0.0,0.0,1.0,25,0,10
27,8817,0.0,0.0,0.0,1.0,25,0,10
27,8818,0.0,0.0,0.0,1.0,25,0,10
27,8819,0.0,0.0,0.0,1.0,25,0,10
27,8820,0.0,0.0,0.0,1.0,25,0,10
27,8821,0.0,0.0,0.0,1.0,25,0,10
27,8822,0.0,0.0,0.0,1.0,25,0,10
27,8823,0.0,0.0,0.0,1.0,25,0,10
27,8824,0.0,0.0,0.0,1.0,25,0,10
27,8825,0.0,0.0,0.0,1.0,25,0,10
27,8826,0.0,0.0,0.0,1.0,25,0,10
27,8827,0.0,0.0,0.0,1.0,25,0,10
27,8828,0.0,0.0,0.0,1.0,25,0,10
27,8829,0.0,0.0,0.0,1.0,25,0,10
27,8830,0.0,0.0,0.0,1.0,25,0,10
27,8831,0.0,0.0,0.0,1.0,25,0,10
27,8832,0.0,0.0,0.0,1.0,25,0,10
27,8833,0.0,0.0,0.0,1.0,25,0,10
27,8834,0.0,0.0,0.0,1.0,25,0,10
27,8835,0.0,0.0,0.0,1.0,25,0,10
27,8836,0.0,0.0,0.0,1.0,25,0,10
27,8837,0.0,0.0,0.0,1.0,25,0,10
27,8838,0.0,0.0,0.0,1.0,25,0,10
27,8839,0.0,0.0,0.0,1.0,25,0,10
27,8840,0.0,0.0,0.0,1.0,25,0,10
27,8841,0.0,0.0,0.0,1.0,25,0,10
27,8842,0.0,0.0,0.0,1.0,25,0,10
27,8843,0.0,0.0,0.0,1.0,25,0,10
27,8844,0.0,0.0,0.0,1.0,25,0,10
27,8845,0.0,0.0,0.0,1.0,25,0,10
27,8846,0.0,0.0,0.0,1.0,25,0,10
27,8847,0.0,0.0,0.0,1.0,25,0,10
27,8848,0.0,0.0,0.0,1.0,25,0,10
27,8849,0.0,0.0,0.0,1.0,25,0,10
27,8850,0.0,0.0,0.0,1.0,25,0,10
27,8851,0.0,0.0,0.0,1.0,25,0,10
27,8852,0.0,0.0,0.0,1.0,25,0,10
27,8853,0.0,0.0,0.0,1.0,25,0,10
27,8854,0.0,0.0,0.0,1.0,25,0,10
27,8855,0.0,0.0,0.0,1.0,25,0,10
27,8856,0.0,0.0,0.0,1.0,25,0,10
27,8857,0.0,0.0,0.0,1.0,25,0,10
27,8858,0.0,0.0,0.0,1.0,25,0,10
27,8859,0.0,0.0,0.0,1.0,25,0,10
27,8860,0.0,0.0,0.0,1.0,25,0,10
27,8861,0.0,0.0,0.0,1.0,25,0,10
27,8862,0.0,0.0,0.0,1.0,25,0,10
27,8863,0.0,0.0,0.0,1.0,25,0,10
27,8864,0.0,0.0,0.0,1.0,25,0,10
27,8865,0.0,0.0,0.0,1.0,25,0,10
27,8866,0.0,0.0,0.0,1.0,25,0,10
27,8867,0.0,0.0,0.0,1.0,25,0,10
27,8868,0.0,0.0,0.0,1.0,25,0,10
27,8869,0.0,0.0,0.0,1.0,25,0,10
27,8870,0.0,0.0,0.0,1.0,25,0,10
27,8871,0.0,0.0,0.0,1.0,25,0,10
27,8872,0.0,0.0,0.0,1.0,25,0,10
27,8873,0.0,0.0,0.0,1.0,25,0,10
27,8874,0.0,0.0,0.0,1.0,25,0,10
27,8875,0.0,0.0,0.0,1.0,25,0,10
27,8876,0.0,0.0,0.0,1.0,25,0,10
27,8877,0.0,0.0,0.0,1.0,25,0,10
27,8878,0.0,0.0,0.0,1.0,25,0,10
27,8879,0.0,0.0,0.0,1.0,25,0,10
27,8880,0.0,0.0,0.0,1.0,25,0,10
27,8881,0.0,0.0,0.0,1.0,25,0,10
27,8882,0.0,0.0,0.0,1.0,25,0,10
27,8883,0.0,0.0,0.0,1.0,25,0,10
27,8884,0.0,0.0,0.0,1.0,25,0,10
27,8885,0.0,0.0,0.0,1.0,25,0,10
27,8886,0.0,0.0,0.0,1.0,25,0,10
27,8887,0.0,0.0,0.0,1.0,25,0,10
27,8888,0.0,0.0,0.0,1.0,25,0,10
27,8889,0.0,0.0,0.0,1.0,25,0,10
27,8890,0.0,0.0,0.0,1.0,25,0,10
27,8891,0.0,0.0,0.0,1.0,25,0,10
27,8892,0.0,0.0,0.0,1.0,25,0,10
27,8893,0.0,0.0,0.0,1.0,25,0,10
27,8894,0.0,0.0,0.0,1.0,25,0,10
27,8895,0.0,0.0,0.0,1.0,25,0,10
27,8896,0.0,0.0,0.0,1.0,25,0,10
27,8897,0.0,0.0,0.0,1.0,25,0,10
27,8898,0.0,0.0,0.0,1.0,25,0,10
27,8899,0.0,0.0,0.0,1.0,25,0,10
27,8900,0.0,0.0,0.0,1.0,25,0,10
27,8901,0.0,0.0,0.0,1.0,25,0,10
27,8902,0.0,0.0,0.0,1.0,25,0,10
27,8903,0.0,0.0,0.0,1.0,25,0,10
27,8904,0.0,0.0,0.0,1.0,25,0,10
27,8905,0.0,0.0,0.0,1.0,25,0,10
27,8906,0.0,0.0,0.0,1.0,25,0,10
27,8907,0.0,0.0,0.0,1.0,25,0,10
27,8908,0.0,0.0,0.0,1.0,25,0,10
27,8909,0.0,0.0,0.0,1.0,25,0,10
27,8910,0.0,0.0,0.0,1.0,25,0,10
27,8911,0.0,0.0,0.0,1.0,25,0,10
27,8912,0.0,0.0,0.0,1.0,25,0,10
27,8913,0.0,0.0,0.0,1.0,25,0,10
27,8914,0.0,0.0,0.0,1.0,25,0,10
27,8915,0.0,0.0,0.0,1.0,25,0,10
27,8916,0.0,0.0,0.0,1.0,25,0,10
27,8917,0.0,0.0,0.0,1.0,25,0,10
27,8918,0.0,0.0,0.0,1.0,25,0,10
27,8919,0.0,0.0,0.0,1.0,25,0,10
27,8920,0.0,0.0,0.0,1.0,25,0,10
27,8921,0.0,0.0,0.0,1.0,25,0,10
27,8922,0.0,0.0,0.0,1.0,25,0,10
27,8923,0.0,0.0,0.0,1.0,25,0,10
27,8924,0.0,0.0,0.0,1.0,25,0,10
27,8925,0.0,0.0,0.0,1.0,25,0,10
27,8926,0.0,0.0,0.0,1.0,25,0,10
27,8927,0.0,0.0,0.0,1.0,25,0,10
27,8928,0.0,0.0,0.0,1.0,25,0,10
27,8929,0.0,0.0,0.0,1.0,25,0,10
27,8930,0.0,0.0,0.0,1.0,25,0,10
27,8931,0.0,0.0,0.0,1.0,25,0,10
27,8932,0.0,0.0,0.0,1.0,25,0,10
27,8933,0.0,0.0,0.0,1.0,25,0,10
27,8934,0.0,0.0,0.0,1.0,25,0,10
27,8935,0.0,0.0,0.0,1.0,25,0,10
27,8936,0.0,0.0,0.0,1.0,25,0,10
27,8937,0.0,0.0,0.0,1.0,25,0,10
27,8938,0.0,0.0,0.0,1.0,25,0,10
27,8939,0.0,0.0,0.0,1.0,25,0,10
27,8940,0.0,0.0,0.0,1.0,25,0,10
27,8941,0.0,0.0,0.0,1.0,25,0,10
27,8942,0.0,0.0,0.0,1.0,25,0,10
27,8943,0.0,0.0,0.0,1.0,25,0,10
27,8944,0.0,0.0,0.0,1.0,25,0,10
27,8945,0.0,0.0,0.0,1.0,25,0,10
27,8946,0.0,0.0,0.0,1.0,25,0,10
27,8947,0.0,0.0,0.0,1.0,25,0,10
27,8948,0.0,0.0,0.0,1.0,25,0,10
27,8949,0.0,0.0,0.0,1.0,25,0,10
27,8950,0.0,0.0,0.0,1.0,25,0,10
27,8951,0.0,0.0,0.0,1.0,25,0,10
27,8952,0.0,0.0,0.0,1.0,25,0,10
27,8953,0.0,0.0,0.0,1.0,25,0,10
27,8954,0.0,0.0,0.0,1.0,25,0,10
27,8955,0.0,0.0,0.0,1.0,25,0,10
27,8956,0.0,0.0,0.0,1.0,25,0,10
27,8957,0.0,0.0,0.0,1.0,25,0,10
27,8958,0.0,0.0,0.0,1.0,25,0,10
27,8959,0.0,0.0,0.0,1.0,25,0,10
27,8960,0.0,0.0,0.0,1.0,25,0,10
27,8961,0.0,0.0,0.0,1.0,25,0,10
27,8962,0.0,0.0,0.0,1.0,25,0,10
27,8963,0.0,0.0,0.0,1.0,25,0,10
27,8964,0.0,0.0,0.0,1.0,25,0,10
27,8965,0.0,0.0,0.0,1.0,25,0,10
27,8966,0.0,0.0,0.0,1.0,25,0,10
27,8967,0.0,0.0,0.0,1.0,25,0,10
27,8968,0.0,0.0,0.0,1.0,25,0,10
27,8969,0.0,0.0,0.0,1.0,25,0,10
27,8970,0.0,0.0,0.0,1.0,25,0,10
27,8971,0.0,0.0,0.0,1.0,25,0,10
27,8972,0.0,0.0,0.0,1.0,25,0,10
27,8973,0.0,0.0,0.0,1.0,25,0,10
27,8974,0.0,0.0,0.0,1.0,25,0,10
27,8975,0.0,0.0,0.0,1.0,25,0,10
27,8976,0.0,0.0,0.0,1.0,25,0,10
27,8977,0.0,0.0,0.0,1.0,25,0,10
27,8978,0.0,0.0,0.0,1.0,25,0,10
27,8979,0.0,0.0,0.0,1.0,25,0,10
27,8980,0.0,0.0,0.0,1.0,25,0,10
27,8981,0.0,0.0,0.0,1.0,25,0,10
27,8982,0.0,0.0,0.0,1.0,25,0,10
27,8983,0.0,0.0,0.0,1.0,25,0,10
27,8984,0.0,0.0,0.0,1.0,25,0,10
27,8985,0.0,0.0,0.0,1.0,25,0,10
27,8986,0.0,0.0,0.0,1.0,25,0,10
27,8987,0.0,0.0,0.0,1.0,25,0,10
27,8988,0.0,0.0,0.0,1.0,25,0,10
27,8989,0.0,0.0,0.0,1.0,25,0,10
27,8990,0.0,0.0,0.0,1.0,25,0,10
27,8991,0.0,0.0,0.0,1.0,25,0,10
27,8992,0.0,0.0,0.0,1.0,25,0,10
27,8993,0.0,0.0,0.0,1.0,25,0,10
27,8994,0.0,0.0,0.0,1.0,25,0,10
27,8995,0.0,0.0,0.0,1.0,25,0,10
27,8996,0.0,0.0,0.0,1.0,25,0,10
27,8997,0.0,0.0,0.0,1.0,25,0,10
27,8998,0.0,0.0,0.0,1.0,25,0,10
27,8999,0.0,0.0,0.0,1.0,25,0,10
27,9000,0.0,0.0,0.0,1.0,25,0,10
27,9001,0.0,0.0,0.0,1.0,25,0,10
27,9002,0.0,0.0,0.0,1.0,25,0,10
27,9003,0.0,0.0,0.0,1.0,25,0,10
27,9004,0.0,0.0,0.0,1.0,25,0,10
27,9005,0.0,0.0,0.0,1.0,25,0,10
27,9006,0.0,0.0,0.0,1.0,25,0,10
27,9007,0.0,0.0,0.0,1.0,25,0,10
27,9008,0.0,0.0,0.0,1.0,25,0,10
27,9009,0.0,0.0,0.0,1.0,25,0,10
27,9010,0.0,0.0,0.0,1.0,25,0,10
27,9011,0.0,0.0,0.0,1.0,25,0,10
27,9012,0.0,0.0,0.0,1.0,25,0,10
27,9013,0.0,0.0,0.0,1.0,25,0,10
27,9014,0.0,0.0,0.0,1.0,25,0,10
27,9015,0.0,0.0,0.0,1.0,25,0,10
27,9016,0.0,0.0,0.0,1.0,25,0,10
27,9017,0.0,0.0,0.0,1.0,25,0,10
27,9018,0.0,0.0,0.0,1.0,25,0,10
27,9019,0.0,0.0,0.0,1.0,25,0,10
27,9020,0.0,0.0,0.0,1.0,25,0,10
27,9021,0.0,0.0,0.0,1.0,25,0,10
27,9022,0.0,0.0,0.0,1.0,25,0,10
27,9023,0.0,0.0,0.0,1.0,25,0,10
27,9024,0.0,0.0,0.0,1.0,25,0,10
27,9025,0.0,0.0,0.0,1.0,25,0,10
27,9026,0.0,0.0,0.0,1.0,25,0,10
27,9027,0.0,0.0,0.0,1.0,25,0,10
27,9028,0.0,0.0,0.0,1.0,25,0,10
27,9029,0.0,0.0,0.0,1.0,25,0,10
27,9030,0.0,0.0,0.0,1.0,25,0,10
27,9031,0.0,0.0,0.0,1.0,25,0,10
27,9032,0.0,0.0,0.0,1.0,25,0,10
27,9033,0.0,0.0,0.0,1.0,25,0,10
27,9034,0.0,0.0,0.0,1.0,25,0,10
27,9035,0.0,0.0,0.0,1.0,25,0,10
27,9036,0.0,0.0,0.0,1.0,25,0,10
27,9037,0.0,0.0,0.0,1.0,25,0,10
27,9038,0.0,0.0,0.0,1.0,25,0,10
27,9039,0.0,0.0,0.0,1.0,25,0,10
27,9040,0.0,0.0,0.0,1.0,25,0,10
27,9041,0.0,0.0,0.0,1.0,25,0,10
27,9042,0.0,0.0,0.0,1.0,25,0,10
27,9043,0.0,0.0,0.0,1.0,25,0,10
27,9044,0.0,0.0,0.0,1.0,25,0,10
27,9045,0.0,0.0,0.0,1.0,25,0,10
27,9046,0.0,0.0,0.0,1.0,25,0,10
27,9047,0.0,0.0,0.0,1.0,25,0,10
27,9048,0.0,0.0,0.0,1.0,25,0,10
27,9049,0.0,0.0,0.0,1.0,25,0,10
27,9050,0.0,0.0,0.0,1.0,25,0,10
27,9051,0.0,0.0,0.0,1.0,25,0,10
27,9052,0.0,0.0,0.0,1.0,25,0,10
27,9053,0.0,0.0,0.0,1.0,25,0,10
27,9054,0.0,0.0,0.0,1.0,25,0,10
27,9055,0.0,0.0,0.0,1.0,25,0,10
27,9056,0.0,0.0,0.0,1.0,25,0,10
27,9057,0.0,0.0,0.0,1.0,25,0,10
27,9058,0.0,0.0,0.0,1.0,25,0,10
27,9059,0.0,0.0,0.0,1.0,25,0,10
27,9060,0.0,0.0,0.0,1.0,25,0,10
27,9061,0.0,0.0,0.0,1.0,25,0,10
27,9062,0.0,0.0,0.0,1.0,25,0,10
27,9063,0.0,0.0,0.0,1.0,25,0,10
27,9064,0.0,0.0,0.0,1.0,25,0,10
27,9065,0.0,0.0,0.0,1.0,25,0,10
27,9066,0.0,0.0,0.0,1.0,25,0,10
27,9067,0.0,0.0,0.0,1.0,25,0,10
27,9068,0.0,0.0,0.0,1.0,25,0,10
27,9069,0.0,0.0,0.0,1.0,25,0,10
27,9070,0.0,0.0,0.0,1.0,25,0,10
27,9071,0.0,0.0,0.0,1.0,25,0,10
27,9072,0.0,0.0,0.0,1.0,25,0,10
27,9073,0.0,0.0,0.0,1.0,25,0,10
27,9074,0.0,0.0,0.0,1.0,25,0,10
27,9075,0.0,0.0,0.0,1.0,25,0,10
27,9076,0.0,0.0,0.0,1.0,25,0,10
27,9077,0.0,0.0,0.0,1.0,25,0,10
27,9078,0.0,0.0,0.0,1.0,25,0,10
27,9079,0.0,0.0,0.0,1.0,25,0,10
27,9080,0.0,0.0,0.0,1.0,25,0,10
27,9081,0.0,0.0,0.0,1.0,25,0,10
27,9082,0.0,0.0,0.0,1.0,25,0,10
27,9083,0.0,0.0,0.0,1.0,25,0,10
27,9084,0.0,0.0,0.0,1.0,25,0,10
27,9085,0.0,0.0,0.0,1.0,25,0,10
27,9086,0.0,0.0,0.0,1.0,25,0,10
27,9087,0.0,0.0,0.0,1.0,25,0,10
27,9088,0.0,0.0,0.0,1.0,25,0,10
27,9089,0.0,0.0,0.0,1.0,25,0,10
27,9090,0.0,0.0,0.0,1.0,25,0,10
27,9091,0.0,0.0,0.0,1.0,25,0,10
27,9092,0.0,0.0,0.0,1.0,25,0,10
27,9093,0.0,0.0,0.0,1.0,25,0,10
27,9094,0.0,0.0,0.0,1.0,25,0,10
27,9095,0.0,0.0,0.0,1.0,25,0,10
27,9096,0.0,0.0,0.0,1.0,25,0,10
27,9097,0.0,0.0,0.0,1.0,25,0,10
27,9098,0.0,0.0,0.0,1.0,25,0,10
27,9099,0.0,0.0,0.0,1.0,25,0,10
27,9100,0.0,0.0,0.0,1.0,25,0,10
27,9101,0.0,0.0,0.0,1.0,25,0,10
27,9102,0.0,0.0,0.0,1.0,25,0,10
27,9103,0.0,0.0,0.0,1.0,25,0,10
27,9104,0.0,0.0,0.0,1.0,25,0,10
27,9105,0.0,0.0,0.0,1.0,25,0,10
27,9106,0.0,0.0,0.0,1.0,25,0,10
27,9107,0.0,0.0,0.0,1.0,25,0,10
27,9108,0.0,0.0,0.0,1.0,25,0,10
27,9109,0.0,0.0,0.0,1.0,25,0,10
27,9110,0.0,0.0,0.0,1.0,25,0,10
27,9111,0.0,0.0,0.0,1.0,25,0,10
27,9112,0.0,0.0,0.0,1.0,25,0,10
27,9113,0.0,0.0,0.0,1.0,25,0,10
27,9114,0.0,0.0,0.0,1.0,25,0,10
27,9115,0.0,0.0,0.0,1.0,25,0,10
27,9116,0.0,0.0,0.0,1.0,25,0,10
27,9117,0.0,0.0,0.0,1.0,25,0,10
27,9118,0.0,0.0,0.0,1.0,25,0,10
27,9119,0.0,0.0,0.0,1.0,25,0,10
27,9120,0.0,0.0,0.0,1.0,25,0,10
27,9121,0.0,0.0,0.0,1.0,25,0,10
27,9122,0.0,0.0,0.0,1.0,25,0,10
27,9123,0.0,0.0,0.0,1.0,25,0,10
27,9124,0.0,0.0,0.0,1.0,25,0,10
27,9125,0.0,0.0,0.0,1.0,25,0,10
27,9126,0.0,0.0,0.0,1.0,25,0,10
27,9127,0.0,0.0,0.0,1.0,25,0,10
27,9128,0.0,0.0,0.0,1.0,25,0,10
27,9129,0.0,0.0,0.0,1.0,25,0,10
27,9130,0.0,0.0,0.0,1.0,25,0,10
27,9131,0.0,0.0,0.0,1.0,25,0,10
27,9132,0.0,0.0,0.0,1.0,25,0,10
27,9133,0.0,0.0,0.0,1.0,25,0,10
27,9134,0.0,0.0,0.0,1.0,25,0,10
27,9135,0.0,0.0,0.0,1.0,25,0,10
27,9136,0.0,0.0,0.0,1.0,25,0,10
27,9137,0.0,0.0,0.0,1.0,25,0,10
27,9138,0.0,0.0,0.0,1.0,25,0,10
27,9139,0.0,0.0,0.0,1.0,25,0,10
27,9140,0.0,0.0,0.0,1.0,25,0,10
27,9141,0.0,0.0,0.0,1.0,25,0,10
27,9142,0.0,0.0,0.0,1.0,25,0,10
27,9143,0.0,0.0,0.0,1.0,25,0,10
27,9144,0.0,0.0,0.0,1.0,25,0,10
27,9145,0.0,0.0,0.0,1.0,25,0,10
27,9146,0.0,0.0,0.0,1.0,25,0,10
27,9147,0.0,0.0,0.0,1.0,25,0,10
27,9148,0.0,0.0,0.0,1.0,25,0,10
27,9149,0.0,0.0,0.0,1.0,25,0,10
27,9150,0.0,0.0,0.0,1.0,25,0,10
27,9151,0.0,0.0,0.0,1.0,25,0,10
27,9152,0.0,0.0,0.0,1.0,25,0,10
27,9153,0.0,0.0,0.0,1.0,25,0,10
27,9154,0.0,0.0,0.0,1.0,25,0,10
27,9155,0.0,0.0,0.0,1.0,25,0,10
27,9156,0.0,0.0,0.0,1.0,25,0,10
27,9157,0.0,0.0,0.0,1.0,25,0,10
27,9158,0.0,0.0,0.0,1.0,25,0,10
27,9159,0.0,0.0,0.0,1.0,25,0,10
27,9160,0.0,0.0,0.0,1.0,25,0,10
27,9161,0.0,0.0,0.0,1.0,25,0,10
27,9162,0.0,0.0,0.0,1.0,25,0,10
27,9163,0.0,0.0,0.0,1.0,25,0,10
27,9164,0.0,0.0,0.0,1.0,25,0,10
27,9165,0.0,0.0,0.0,1.0,25,0,10
27,9166,0.0,0.0,0.0,1.0,25,0,10
27,9167,0.0,0.0,0.0,1.0,25,0,10
27,9168,0.0,0.0,0.0,1.0,25,0,10
27,9169,0.0,0.0,0.0,1.0,25,0,10
27,9170,0.0,0.0,0.0,1.0,25,0,10
27,9171,0.0,0.0,0.0,1.0,25,0,10
27,9172,0.0,0.0,0.0,1.0,25,0,10
27,9173,0.0,0.0,0.0,1.0,25,0,10
27,9174,0.0,0.0,0.0,1.0,25,0,10
27,9175,0.0,0.0,0.0,1.0,25,0,10
27,9176,0.0,0.0,0.0,1.0,25,0,10
27,9177,0.0,0.0,0.0,1.0,25,0,10
27,9178,0.0,0.0,0.0,1.0,25,0,10
27,9179,0.0,0.0,0.0,1.0,25,0,10
27,9180,0.0,0.0,0.0,1.0,25,0,10
27,9181,0.0,0.0,0.0,1.0,25,0,10
27,9182,0.0,0.0,0.0,1.0,25,0,10
27,9183,0.0,0.0,0.0,1.0,25,0,10
27,9184,0.0,0.0,0.0,1.0,25,0,10
27,9185,0.0,0.0,0.0,1.0,25,0,10
27,9186,0.0,0.0,0.0,1.0,25,0,10
27,9187,0.0,0.0,0.0,1.0,25,0,10
27,9188,0.0,0.0,0.0,1.0,25,0,10
27,9189,0.0,0.0,0.0,1.0,25,0,10
27,9190,0.0,0.0,0.0,1.0,25,0,10
27,9191,0.0,0.0,0.0,1.0,25,0,10
27,9192,0.0,0.0,0.0,1.0,25,0,10
27,9193,0.0,0.0,0.0,1.0,25,0,10
27,9194,0.0,0.0,0.0,1.0,25,0,10
27,9195,0.0,0.0,0.0,1.0,25,0,10
27,9196,0.0,0.0,0.0,1.0,25,0,10
27,9197,0.0,0.0,0.0,1.0,25,0,10
27,9198,0.0,0.0,0.0,1.0,25,0,10
27,9199,0.0,0.0,0.0,1.0,25,0,10
27,9200,0.0,0.0,0.0,1.0,25,0,10
27,9201,0.0,0.0,0.0,1.0,25,0,10
27,9202,0.0,0.0,0.0,1.0,25,0,10
27,9203,0.0,0.0,0.0,1.0,25,0,10
27,9204,0.0,0.0,0.0,1.0,25,0,10
27,9205,0.0,0.0,0.0,1.0,25,0,10
27,9206,0.0,0.0,0.0,1.0,25,0,10
27,9207,0.0,0.0,0.0,1.0,25,0,10
27,9208,0.0,0.0,0.0,1.0,25,0,10
27,9209,0.0,0.0,0.0,1.0,25,0,10
27,9210,0.0,0.0,0.0,1.0,25,0,10
27,9211,0.0,0.0,0.0,1.0,25,0,10
27,9212,0.0,0.0,0.0,1.0,25,0,10
27,9213,0.0,0.0,0.0,1.0,25,0,10
27,9214,0.0,0.0,0.0,1.0,25,0,10
27,9215,0.0,0.0,0.0,1.0,25,0,10
27,9216,0.0,0.0,0.0,1.0,25,0,10
27,9217,0.0,0.0,0.0,1.0,25,0,10
27,9218,0.0,0.0,0.0,1.0,25,0,10
27,9219,0.0,0.0,0.0,1.0,25,0,10
27,9220,0.0,0.0,0.0,1.0,25,0,10
27,9221,0.0,0.0,0.0,1.0,25,0,10
27,9222,0.0,0.0,0.0,1.0,25,0,10
27,9223,0.0,0.0,0.0,1.0,25,0,10
27,9224,0.0,0.0,0.0,1.0,25,0,10
27,9225,0.0,0.0,0.0,1.0,25,0,10
27,9226,0.0,0.0,0.0,1.0,25,0,10
27,9227,0.0,0.0,0.0,1.0,25,0,10
27,9228,0.0,0.0,0.0,1.0,25,0,10
27,9229,0.0,0.0,0.0,1.0,25,0,10
27,9230,0.0,0.0,0.0,1.0,25,0,10
27,9231,0.0,0.0,0.0,1.0,25,0,10
27,9232,0.0,0.0,0.0,1.0,25,0,10
27,9233,0.0,0.0,0.0,1.0,25,0,10
27,9234,0.0,0.0,0.0,1.0,25,0,10
27,9235,0.0,0.0,0.0,1.0,25,0,10
27,9236,0.0,0.0,0.0,1.0,25,0,10
27,9237,0.0,0.0,0.0,1.0,25,0,10
27,9238,0.0,0.0,0.0,1.0,25,0,10
27,9239,0.0,0.0,0.0,1.0,25,0,10
27,9240,0.0,0.0,0.0,1.0,25,0,10
27,9241,0.0,0.0,0.0,1.0,25,0,10
27,9242,0.0,0.0,0.0,1.0,25,0,10
27,9243,0.0,0.0,0.0,1.0,25,0,10
27,9244,0.0,0.0,0.0,1.0,25,0,10
27,9245,0.0,0.0,0.0,1.0,25,0,10
27,9246,0.0,0.0,0.0,1.0,25,0,10
27,9247,0.0,0.0,0.0,1.0,25,0,10
27,9248,0.0,0.0,0.0,1.0,25,0,10
27,9249,0.0,0.0,0.0,1.0,25,0,10
27,9250,0.0,0.0,0.0,1.0,25,0,10
27,9251,0.0,0.0,0.0,1.0,25,0,10
27,9252,0.0,0.0,0.0,1.0,25,0,10
27,9253,0.0,0.0,0.0,1.0,25,0,10
27,9254,0.0,0.0,0.0,1.0,25,0,10
27,9255,0.0,0.0,0.0,1.0,25,0,10
27,9256,0.0,0.0,0.0,1.0,25,0,10
27,9257,0.0,0.0,0.0,1.0,25,0,10
27,9258,0.0,0.0,0.0,1.0,25,0,10
27,9259,0.0,0.0,0.0,1.0,25,0,10
27,9260,0.0,0.0,0.0,1.0,25,0,10
27,9261,0.0,0.0,0.0,1.0,25,0,10
27,9262,0.0,0.0,0.0,1.0,25,0,10
27,9263,0.0,0.0,0.0,1.0,25,0,10
27,9264,0.0,0.0,0.0,1.0,25,0,10
27,9265,0.0,0.0,0.0,1.0,25,0,10
27,9266,0.0,0.0,0.0,1.0,25,0,10
27,9267,0.0,0.0,0.0,1.0,25,0,10
27,9268,0.0,0.0,0.0,1.0,25,0,10
27,9269,0.0,0.0,0.0,1.0,25,0,10
27,9270,0.0,0.0,0.0,1.0,25,0,10
27,9271,0.0,0.0,0.0,1.0,25,0,10
27,9272,0.0,0.0,0.0,1.0,25,0,10
27,9273,0.0,0.0,0.0,1.0,25,0,10
27,9274,0.0,0.0,0.0,1.0,25,0,10
27,9275,0.0,0.0,0.0,1.0,25,0,10
27,9276,0.0,0.0,0.0,1.0,25,0,10
27,9277,0.0,0.0,0.0,1.0,25,0,10
27,9278,0.0,0.0,0.0,1.0,25,0,10
27,9279,0.0,0.0,0.0,1.0,25,0,10
27,9280,0.0,0.0,0.0,1.0,25,0,10
27,9281,0.0,0.0,0.0,1.0,25,0,10
27,9282,0.0,0.0,0.0,1.0,25,0,10
27,9283,0.0,0.0,0.0,1.0,25,0,10
27,9284,0.0,0.0,0.0,1.0,25,0,10
27,9285,0.0,0.0,0.0,1.0,25,0,10
27,9286,0.0,0.0,0.0,1.0,25,0,10
27,9287,0.0,0.0,0.0,1.0,25,0,10
27,9288,0.0,0.0,0.0,1.0,25,0,10
27,9289,0.0,0.0,0.0,1.0,25,0,10
27,9290,0.0,0.0,0.0,1.0,25,0,10
27,9291,0.0,0.0,0.0,1.0,25,0,10
27,9292,0.0,0.0,0.0,1.0,25,0,10
27,9293,0.0,0.0,0.0,1.0,25,0,10
27,9294,0.0,0.0,0.0,1.0,25,0,10
27,9295,0.0,0.0,0.0,1.0,25,0,10
27,9296,0.0,0.0,0.0,1.0,25,0,10
27,9297,0.0,0.0,0.0,1.0,25,0,10
27,9298,0.0,0.0,0.0,1.0,25,0,10
27,9299,0.0,0.0,0.0,1.0,25,0,10
27,9300,0.0,0.0,0.0,1.0,25,0,10
27,9301,0.0,0.0,0.0,1.0,25,0,10
27,9302,0.0,0.0,0.0,1.0,25,0,10
27,9303,0.0,0.0,0.0,1.0,25,0,10
27,9304,0.0,0.0,0.0,1.0,25,0,10
27,9305,0.0,0.0,0.0,1.0,25,0,10
27,9306,0.0,0.0,0.0,1.0,25,0,10
27,9307,0.0,0.0,0.0,1.0,25,0,10
27,9308,0.0,0.0,0.0,1.0,25,0,10
27,9309,0.0,0.0,0.0,1.0,25,0,10
27,9310,0.0,0.0,0.0,1.0,25,0,10
27,9311,0.0,0.0,0.0,1.0,25,0,10
27,9312,0.0,0.0,0.0,1.0,25,0,10
27,9313,0.0,0.0,0.0,1.0,25,0,10
27,9314,0.0,0.0,0.0,1.0,25,0,10
27,9315,0.0,0.0,0.0,1.0,25,0,10
27,9316,0.0,0.0,0.0,1.0,25,0,10
27,9317,0.0,0.0,0.0,1.0,25,0,10
27,9318,0.0,0.0,0.0,1.0,25,0,10
27,9319,0.0,0.0,0.0,1.0,25,0,10
27,9320,0.0,0.0,0.0,1.0,25,0,10
27,9321,0.0,0.0,0.0,1.0,25,0,10
27,9322,0.0,0.0,0.0,1.0,25,0,10
27,9323,0.0,0.0,0.0,1.0,25,0,10
27,9324,0.0,0.0,0.0,1.0,25,0,10
27,9325,0.0,0.0,0.0,1.0,25,0,10
27,9326,0.0,0.0,0.0,1.0,25,0,10
27,9327,0.0,0.0,0.0,1.0,25,0,10
27,9328,0.0,0.0,0.0,1.0,25,0,10
27,9329,0.0,0.0,0.0,1.0,25,0,10
27,9330,0.0,0.0,0.0,1.0,25,0,10
27,9331,0.0,0.0,0.0,1.0,25,0,10
27,9332,0.0,0.0,0.0,1.0,25,0,10
27,9333,0.0,0.0,0.0,1.0,25,0,10
27,9334,0.0,0.0,0.0,1.0,25,0,10
27,9335,0.0,0.0,0.0,1.0,25,0,10
27,9336,0.0,0.0,0.0,1.0,25,0,10
27,9337,0.0,0.0,0.0,1.0,25,0,10
27,9338,0.0,0.0,0.0,1.0,25,0,10
27,9339,0.0,0.0,0.0,1.0,25,0,10
27,9340,0.0,0.0,0.0,1.0,25,0,10
27,9341,0.0,0.0,0.0,1.0,25,0,10
27,9342,0.0,0.0,0.0,1.0,25,0,10
27,9343,0.0,0.0,0.0,1.0,25,0,10
27,9344,0.0,0.0,0.0,1.0,25,0,10
27,9345,0.0,0.0,0.0,1.0,25,0,10
27,9346,0.0,0.0,0.0,1.0,25,0,10
27,9347,0.0,0.0,0.0,1.0,25,0,10
27,9348,0.0,0.0,0.0,1.0,25,0,10
27,9349,0.0,0.0,0.0,1.0,25,0,10
27,9350,0.0,0.0,0.0,1.0,25,0,10
27,9351,0.0,0.0,0.0,1.0,25,0,10
27,9352,0.0,0.0,0.0,1.0,25,0,10
27,9353,0.0,0.0,0.0,1.0,25,0,10
27,9354,0.0,0.0,0.0,1.0,25,0,10
27,9355,0.0,0.0,0.0,1.0,25,0,10
27,9356,0.0,0.0,0.0,1.0,25,0,10
27,9357,0.0,0.0,0.0,1.0,25,0,10
27,9358,0.0,0.0,0.0,1.0,25,0,10
27,9359,0.0,0.0,0.0,1.0,25,0,10
27,9360,0.0,0.0,0.0,1.0,25,0,10
27,9361,0.0,0.0,0.0,1.0,25,0,10
27,9362,0.0,0.0,0.0,1.0,25,0,10
27,9363,0.0,0.0,0.0,1.0,25,0,10
27,9364,0.0,0.0,0.0,1.0,25,0,10
27,9365,0.0,0.0,0.0,1.0,25,0,10
27,9366,0.0,0.0,0.0,1.0,25,0,10
27,9367,0.0,0.0,0.0,1.0,25,0,10
27,9368,0.0,0.0,0.0,1.0,25,0,10
27,9369,0.0,0.0,0.0,1.0,25,0,10
27,9370,0.0,0.0,0.0,1.0,25,0,10
27,9371,0.0,0.0,0.0,1.0,25,0,10
27,9372,0.0,0.0,0.0,1.0,25,0,10
27,9373,0.0,0.0,0.0,1.0,25,0,10
27,9374,0.0,0.0,0.0,1.0,25,0,10
27,9375,0.0,0.0,0.0,1.0,25,0,10
27,9376,0.0,0.0,0.0,1.0,25,0,10
27,9377,0.0,0.0,0.0,1.0,25,0,10
27,9378,0.0,0.0,0.0,1.0,25,0,10
27,9379,0.0,0.0,0.0,1.0,25,0,10
27,9380,0.0,0.0,0.0,1.0,25,0,10
27,9381,0.0,0.0,0.0,1.0,25,0,10
27,9382,0.0,0.0,0.0,1.0,25,0,10
27,9383,0.0,0.0,0.0,1.0,25,0,10
27,9384,0.0,0.0,0.0,1.0,25,0,10
27,9385,0.0,0.0,0.0,1.0,25,0,10
27,9386,0.0,0.0,0.0,1.0,25,0,10
27,9387,0.0,0.0,0.0,1.0,25,0,10
27,9388,0.0,0.0,0.0,1.0,25,0,10
27,9389,0.0,0.0,0.0,1.0,25,0,10
27,9390,0.0,0.0,0.0,1.0,25,0,10
27,9391,0.0,0.0,0.0,1.0,25,0,10
27,9392,0.0,0.0,0.0,1.0,25,0,10
27,9393,0.0,0.0,0.0,1.0,25,0,10
27,9394,0.0,0.0,0.0,1.0,25,0,10
27,9395,0.0,0.0,0.0,1.0,25,0,10
27,9396,0.0,0.0,0.0,1.0,25,0,10
27,9397,0.0,0.0,0.0,1.0,25,0,10
27,9398,0.0,0.0,0.0,1.0,25,0,10
27,9399,0.0,0.0,0.0,1.0,25,0,10
27,9400,0.0,0.0,0.0,1.0,25,0,10
27,9401,0.0,0.0,0.0,1.0,25,0,10
27,9402,0.0,0.0,0.0,1.0,25,0,10
27,9403,0.0,0.0,0.0,1.0,25,0,10
27,9404,0.0,0.0,0.0,1.0,25,0,10
27,9405,0.0,0.0,0.0,1.0,25,0,10
27,9406,0.0,0.0,0.0,1.0,25,0,10
27,9407,0.0,0.0,0.0,1.0,25,0,10
27,9408,0.0,0.0,0.0,1.0,25,0,10
27,9409,0.0,0.0,0.0,1.0,25,0,10
27,9410,0.0,0.0,0.0,1.0,25,0,10
27,9411,0.0,0.0,0.0,1.0,25,0,10
27,9412,0.0,0.0,0.0,1.0,25,0,10
27,9413,0.0,0.0,0.0,1.0,25,0,10
27,9414,0.0,0.0,0.0,1.0,25,0,10
27,9415,0.0,0.0,0.0,1.0,25,0,10
27,9416,0.0,0.0,0.0,1.0,25,0,10
27,9417,0.0,0.0,0.0,1.0,25,0,10
27,9418,0.0,0.0,0.0,1.0,25,0,10
27,9419,0.0,0.0,0.0,1.0,25,0,10
27,9420,0.0,0.0,0.0,1.0,25,0,10
27,9421,0.0,0.0,0.0,1.0,25,0,10
27,9422,0.0,0.0,0.0,1.0,25,0,10
27,9423,0.0,0.0,0.0,1.0,25,0,10
27,9424,0.0,0.0,0.0,1.0,25,0,10
27,9425,0.0,0.0,0.0,1.0,25,0,10
27,9426,0.0,0.0,0.0,1.0,25,0,10
27,9427,0.0,0.0,0.0,1.0,25,0,10
27,9428,0.0,0.0,0.0,1.0,25,0,10
27,9429,0.0,0.0,0.0,1.0,25,0,10
27,9430,0.0,0.0,0.0,1.0,25,0,10
27,9431,0.0,0.0,0.0,1.0,25,0,10
27,9432,0.0,0.0,0.0,1.0,25,0,10
27,9433,0.0,0.0,0.0,1.0,25,0,10
27,9434,0.0,0.0,0.0,1.0,25,0,10
27,9435,0.0,0.0,0.0,1.0,25,0,10
27,9436,0.0,0.0,0.0,1.0,25,0,10
27,9437,0.0,0.0,0.0,1.0,25,0,10
27,9438,0.0,0.0,0.0,1.0,25,0,10
27,9439,0.0,0.0,0.0,1.0,25,0,10
27,9440,0.0,0.0,0.0,1.0,25,0,10
27,9441,0.0,0.0,0.0,1.0,25,0,10
27,9442,0.0,0.0,0.0,1.0,25,0,10
27,9443,0.0,0.0,0.0,1.0,25,0,10
27,9444,0.0,0.0,0.0,1.0,25,0,10
27,9445,0.0,0.0,0.0,1.0,25,0,10
27,9446,0.0,0.0,0.0,1.0,25,0,10
27,9447,0.0,0.0,0.0,1.0,25,0,10
27,9448,0.0,0.0,0.0,1.0,25,0,10
27,9449,0.0,0.0,0.0,1.0,25,0,10
27,9450,0.0,0.0,0.0,1.0,25,0,10
27,9451,0.0,0.0,0.0,1.0,25,0,10
27,9452,0.0,0.0,0.0,1.0,25,0,10
27,9453,0.0,0.0,0.0,1.0,25,0,10
27,9454,0.0,0.0,0.0,1.0,25,0,10
27,9455,0.0,0.0,0.0,1.0,25,0,10
27,9456,0.0,0.0,0.0,1.0,25,0,10
27,9457,0.0,0.0,0.0,1.0,25,0,10
27,9458,0.0,0.0,0.0,1.0,25,0,10
27,9459,0.0,0.0,0.0,1.0,25,0,10
27,9460,0.0,0.0,0.0,1.0,25,0,10
27,9461,0.0,0.0,0.0,1.0,25,0,10
27,9462,0.0,0.0,0.0,1.0,25,0,10
27,9463,0.0,0.0,0.0,1.0,25,0,10
27,9464,0.0,0.0,0.0,1.0,25,0,10
27,9465,0.0,0.0,0.0,1.0,25,0,10
27,9466,0.0,0.0,0.0,1.0,25,0,10
27,9467,0.0,0.0,0.0,1.0,25,0,10
27,9468,0.0,0.0,0.0,1.0,25,0,10
27,9469,0.0,0.0,0.0,1.0,25,0,10
27,9470,0.0,0.0,0.0,1.0,25,0,10
27,9471,0.0,0.0,0.0,1.0,25,0,10
27,9472,0.0,0.0,0.0,1.0,25,0,10
27,9473,0.0,0.0,0.0,1.0,25,0,10
27,9474,0.0,0.0,0.0,1.0,25,0,10
27,9475,0.0,0.0,0.0,1.0,25,0,10
27,9476,0.0,0.0,0.0,1.0,25,0,10
27,9477,0.0,0.0,0.0,1.0,25,0,10
27,9478,0.0,0.0,0.0,1.0,25,0,10
27,9479,0.0,0.0,0.0,1.0,25,0,10
27,9480,0.0,0.0,0.0,1.0,25,0,10
27,9481,0.0,0.0,0.0,1.0,25,0,10
27,9482,0.0,0.0,0.0,1.0,25,0,10
27,9483,0.0,0.0,0.0,1.0,25,0,10
27,9484,0.0,0.0,0.0,1.0,25,0,10
27,9485,0.0,0.0,0.0,1.0,25,0,10
27,9486,0.0,0.0,0.0,1.0,25,0,10
27,9487,0.0,0.0,0.0,1.0,25,0,10
27,9488,0.0,0.0,0.0,1.0,25,0,10
27,9489,0.0,0.0,0.0,1.0,25,0,10
27,9490,0.0,0.0,0.0,1.0,25,0,10
27,9491,0.0,0.0,0.0,1.0,25,0,10
27,9492,0.0,0.0,0.0,1.0,25,0,10
27,9493,0.0,0.0,0.0,1.0,25,0,10
27,9494,0.0,0.0,0.0,1.0,25,0,10
27,9495,0.0,0.0,0.0,1.0,25,0,10
27,9496,0.0,0.0,0.0,1.0,25,0,10
27,9497,0.0,0.0,0.0,1.0,25,0,10
27,9498,0.0,0.0,0.0,1.0,25,0,10
27,9499,0.0,0.0,0.0,1.0,25,0,10
27,9500,0.0,0.0,0.0,1.0,25,0,10
27,9501,0.0,0.0,0.0,1.0,25,0,10
27,9502,0.0,0.0,0.0,1.0,25,0,10
27,9503,0.0,0.0,0.0,1.0,25,0,10
27,9504,0.0,0.0,0.0,1.0,25,0,10
27,9505,0.0,0.0,0.0,1.0,25,0,10
27,9506,0.0,0.0,0.0,1.0,25,0,10
27,9507,0.0,0.0,0.0,1.0,25,0,10
27,9508,0.0,0.0,0.0,1.0,25,0,10
27,9509,0.0,0.0,0.0,1.0,25,0,10
27,9510,0.0,0.0,0.0,1.0,25,0,10
27,9511,0.0,0.0,0.0,1.0,25,0,10
27,9512,0.0,0.0,0.0,1.0,25,0,10
27,9513,0.0,0.0,0.0,1.0,25,0,10
27,9514,0.0,0.0,0.0,1.0,25,0,10
27,9515,0.0,0.0,0.0,1.0,25,0,10
27,9516,0.0,0.0,0.0,1.0,25,0,10
27,9517,0.0,0.0,0.0,1.0,25,0,10
27,9518,0.0,0.0,0.0,1.0,25,0,10
27,9519,0.0,0.0,0.0,1.0,25,0,10
27,9520,0.0,0.0,0.0,1.0,25,0,10
27,9521,0.0,0.0,0.0,1.0,25,0,10
27,9522,0.0,0.0,0.0,1.0,25,0,10
27,9523,0.0,0.0,0.0,1.0,25,0,10
27,9524,0.0,0.0,0.0,1.0,25,0,10
27,9525,0.0,0.0,0.0,1.0,25,0,10
27,9526,0.0,0.0,0.0,1.0,25,0,10
27,9527,0.0,0.0,0.0,1.0,25,0,10
27,9528,0.0,0.0,0.0,1.0,25,0,10
27,9529,0.0,0.0,0.0,1.0,25,0,10
27,9530,0.0,0.0,0.0,1.0,25,0,10
27,9531,0.0,0.0,0.0,1.0,25,0,10
27,9532,0.0,0.0,0.0,1.0,25,0,10
27,9533,0.0,0.0,0.0,1.0,25,0,10
27,9534,0.0,0.0,0.0,1.0,25,0,10
27,9535,0.0,0.0,0.0,1.0,25,0,10
27,9536,0.0,0.0,0.0,1.0,25,0,10
27,9537,0.0,0.0,0.0,1.0,25,0,10
27,9538,0.0,0.0,0.0,1.0,25,0,10
27,9539,0.0,0.0,0.0,1.0,25,0,10
27,9540,0.0,0.0,0.0,1.0,25,0,10
27,9541,0.0,0.0,0.0,1.0,25,0,10
27,9542,0.0,0.0,0.0,1.0,25,0,10
27,9543,0.0,0.0,0.0,1.0,25,0,10
27,9544,0.0,0.0,0.0,1.0,25,0,10
27,9545,0.0,0.0,0.0,1.0,25,0,10
27,9546,0.0,0.0,0.0,1.0,25,0,10
27,9547,0.0,0.0,0.0,1.0,25,0,10
27,9548,0.0,0.0,0.0,1.0,25,0,10
27,9549,0.0,0.0,0.0,1.0,25,0,10
27,9550,0.0,0.0,0.0,1.0,25,0,10
27,9551,0.0,0.0,0.0,1.0,25,0,10
27,9552,0.0,0.0,0.0,1.0,25,0,10
27,9553,0.0,0.0,0.0,1.0,25,0,10
27,9554,0.0,0.0,0.0,1.0,25,0,10
27,9555,0.0,0.0,0.0,1.0,25,0,10
27,9556,0.0,0.0,0.0,1.0,25,0,10
27,9557,0.0,0.0,0.0,1.0,25,0,10
27,9558,0.0,0.0,0.0,1.0,25,0,10
27,9559,0.0,0.0,0.0,1.0,25,0,10
27,9560,0.0,0.0,0.0,1.0,25,0,10
27,9561,0.0,0.0,0.0,1.0,25,0,10
27,9562,0.0,0.0,0.0,1.0,25,0,10
27,9563,0.0,0.0,0.0,1.0,25,0,10
27,9564,0.0,0.0,0.0,1.0,25,0,10
27,9565,0.0,0.0,0.0,1.0,25,0,10
27,9566,0.0,0.0,0.0,1.0,25,0,10
27,9567,0.0,0.0,0.0,1.0,25,0,10
27,9568,0.0,0.0,0.0,1.0,25,0,10
27,9569,0.0,0.0,0.0,1.0,25,0,10
27,9570,0.0,0.0,0.0,1.0,25,0,10
27,9571,0.0,0.0,0.0,1.0,25,0,10
27,9572,0.0,0.0,0.0,1.0,25,0,10
27,9573,0.0,0.0,0.0,1.0,25,0,10
27,9574,0.0,0.0,0.0,1.0,25,0,10
27,9575,0.0,0.0,0.0,1.0,25,0,10
27,9576,0.0,0.0,0.0,1.0,25,0,10
27,9577,0.0,0.0,0.0,1.0,25,0,10
27,9578,0.0,0.0,0.0,1.0,25,0,10
27,9579,0.0,0.0,0.0,1.0,25,0,10
27,9580,0.0,0.0,0.0,1.0,25,0,10
27,9581,0.0,0.0,0.0,1.0,25,0,10
27,9582,0.0,0.0,0.0,1.0,25,0,10
27,9583,0.0,0.0,0.0,1.0,25,0,10
27,9584,0.0,0.0,0.0,1.0,25,0,10
27,9585,0.0,0.0,0.0,1.0,25,0,10
27,9586,0.0,0.0,0.0,1.0,25,0,10
27,9587,0.0,0.0,0.0,1.0,25,0,10
27,9588,0.0,0.0,0.0,1.0,25,0,10
27,9589,0.0,0.0,0.0,1.0,25,0,10
27,9590,0.0,0.0,0.0,1.0,25,0,10
27,9591,0.0,0.0,0.0,1.0,25,0,10
27,9592,0.0,0.0,0.0,1.0,25,0,10
27,9593,0.0,0.0,0.0,1.0,25,0,10
27,9594,0.0,0.0,0.0,1.0,25,0,10
27,9595,0.0,0.0,0.0,1.0,25,0,10
27,9596,0.0,0.0,0.0,1.0,25,0,10
27,9597,0.0,0.0,0.0,1.0,25,0,10
27,9598,0.0,0.0,0.0,1.0,25,0,10
27,9599,0.0,0.0,0.0,1.0,25,0,10
27,9600,0.0,0.0,0.0,1.0,25,0,10
27,9601,0.0,0.0,0.0,1.0,25,0,10
27,9602,0.0,0.0,0.0,1.0,25,0,10
27,9603,0.0,0.0,0.0,1.0,25,0,10
27,9604,0.0,0.0,0.0,1.0,25,0,10
27,9605,0.0,0.0,0.0,1.0,25,0,10
27,9606,0.0,0.0,0.0,1.0,25,0,10
27,9607,0.0,0.0,0.0,1.0,25,0,10
27,9608,0.0,0.0,0.0,1.0,25,0,10
27,9609,0.0,0.0,0.0,1.0,25,0,10
27,9610,0.0,0.0,0.0,1.0,25,0,10
27,9611,0.0,0.0,0.0,1.0,25,0,10
27,9612,0.0,0.0,0.0,1.0,25,0,10
27,9613,0.0,0.0,0.0,1.0,25,0,10
27,9614,0.0,0.0,0.0,1.0,25,0,10
27,9615,0.0,0.0,0.0,1.0,25,0,10
27,9616,0.0,0.0,0.0,1.0,25,0,10
27,9617,0.0,0.0,0.0,1.0,25,0,10
27,9618,0.0,0.0,0.0,1.0,25,0,10
27,9619,0.0,0.0,0.0,1.0,25,0,10
27,9620,0.0,0.0,0.0,1.0,25,0,10
27,9621,0.0,0.0,0.0,1.0,25,0,10
27,9622,0.0,0.0,0.0,1.0,25,0,10
27,9623,0.0,0.0,0.0,1.0,25,0,10
27,9624,0.0,0.0,0.0,1.0,25,0,10
27,9625,0.0,0.0,0.0,1.0,25,0,10
27,9626,0.0,0.0,0.0,1.0,25,0,10
27,9627,0.0,0.0,0.0,1.0,25,0,10
27,9628,0.0,0.0,0.0,1.0,25,0,10
27,9629,0.0,0.0,0.0,1.0,25,0,10
27,9630,0.0,0.0,0.0,1.0,25,0,10
27,9631,0.0,0.0,0.0,1.0,25,0,10
27,9632,0.0,0.0,0.0,1.0,25,0,10
27,9633,0.0,0.0,0.0,1.0,25,0,10
27,9634,0.0,0.0,0.0,1.0,25,0,10
27,9635,0.0,0.0,0.0,1.0,25,0,10
27,9636,0.0,0.0,0.0,1.0,25,0,10
27,9637,0.0,0.0,0.0,1.0,25,0,10
27,9638,0.0,0.0,0.0,1.0,25,0,10
27,9639,0.0,0.0,0.0,1.0,25,0,10
27,9640,0.0,0.0,0.0,1.0,25,0,10
27,9641,0.0,0.0,0.0,1.0,25,0,10
27,9642,0.0,0.0,0.0,1.0,25,0,10
27,9643,0.0,0.0,0.0,1.0,25,0,10
27,9644,0.0,0.0,0.0,1.0,25,0,10
27,9645,0.0,0.0,0.0,1.0,25,0,10
27,9646,0.0,0.0,0.0,1.0,25,0,10
27,9647,0.0,0.0,0.0,1.0,25,0,10
27,9648,0.0,0.0,0.0,1.0,25,0,10
27,9649,0.0,0.0,0.0,1.0,25,0,10
27,9650,0.0,0.0,0.0,1.0,25,0,10
27,9651,0.0,0.0,0.0,1.0,25,0,10
27,9652,0.0,0.0,0.0,1.0,25,0,10
27,9653,0.0,0.0,0.0,1.0,25,0,10
27,9654,0.0,0.0,0.0,1.0,25,0,10
27,9655,0.0,0.0,0.0,1.0,25,0,10
27,9656,0.0,0.0,0.0,1.0,25,0,10
27,9657,0.0,0.0,0.0,1.0,25,0,10
27,9658,0.0,0.0,0.0,1.0,25,0,10
27,9659,0.0,0.0,0.0,1.0,25,0,10
27,9660,0.0,0.0,0.0,1.0,25,0,10
27,9661,0.0,0.0,0.0,1.0,25,0,10
27,9662,0.0,0.0,0.0,1.0,25,0,10
27,9663,0.0,0.0,0.0,1.0,25,0,10
27,9664,0.0,0.0,0.0,1.0,25,0,10
27,9665,0.0,0.0,0.0,1.0,25,0,10
27,9666,0.0,0.0,0.0,1.0,25,0,10
27,9667,0.0,0.0,0.0,1.0,25,0,10
27,9668,0.0,0.0,0.0,1.0,25,0,10
27,9669,0.0,0.0,0.0,1.0,25,0,10
27,9670,0.0,0.0,0.0,1.0,25,0,10
27,9671,0.0,0.0,0.0,1.0,25,0,10
27,9672,0.0,0.0,0.0,1.0,25,0,10
27,9673,0.0,0.0,0.0,1.0,25,0,10
27,9674,0.0,0.0,0.0,1.0,25,0,10
27,9675,0.0,0.0,0.0,1.0,25,0,10
27,9676,0.0,0.0,0.0,1.0,25,0,10
27,9677,0.0,0.0,0.0,1.0,25,0,10
27,9678,0.0,0.0,0.0,1.0,25,0,10
27,9679,0.0,0.0,0.0,1.0,25,0,10
27,9680,0.0,0.0,0.0,1.0,25,0,10
27,9681,0.0,0.0,0.0,1.0,25,0,10
27,9682,0.0,0.0,0.0,1.0,25,0,10
27,9683,0.0,0.0,0.0,1.0,25,0,10
27,9684,0.0,0.0,0.0,1.0,25,0,10
27,9685,0.0,0.0,0.0,1.0,25,0,10
27,9686,0.0,0.0,0.0,1.0,25,0,10
27,9687,0.0,0.0,0.0,1.0,25,0,10
27,9688,0.0,0.0,0.0,1.0,25,0,10
27,9689,0.0,0.0,0.0,1.0,25,0,10
27,9690,0.0,0.0,0.0,1.0,25,0,10
27,9691,0.0,0.0,0.0,1.0,25,0,10
27,9692,0.0,0.0,0.0,1.0,25,0,10
27,9693,0.0,0.0,0.0,1.0,25,0,10
27,9694,0.0,0.0,0.0,1.0,25,0,10
27,9695,0.0,0.0,0.0,1.0,25,0,10
27,9696,0.0,0.0,0.0,1.0,25,0,10
27,9697,0.0,0.0,0.0,1.0,25,0,10
27,9698,0.0,0.0,0.0,1.0,25,0,10
27,9699,0.0,0.0,0.0,1.0,25,0,10
27,9700,0.0,0.0,0.0,1.0,25,0,10
27,9701,0.0,0.0,0.0,1.0,25,0,10
27,9702,0.0,0.0,0.0,1.0,25,0,10
27,9703,0.0,0.0,0.0,1.0,25,0,10
27,9704,0.0,0.0,0.0,1.0,25,0,10
27,9705,0.0,0.0,0.0,1.0,25,0,10
27,9706,0.0,0.0,0.0,1.0,25,0,10
27,9707,0.0,0.0,0.0,1.0,25,0,10
27,9708,0.0,0.0,0.0,1.0,25,0,10
27,9709,0.0,0.0,0.0,1.0,25,0,10
27,9710,0.0,0.0,0.0,1.0,25,0,10
27,9711,0.0,0.0,0.0,1.0,25,0,10
27,9712,0.0,0.0,0.0,1.0,25,0,10
27,9713,0.0,0.0,0.0,1.0,25,0,10
27,9714,0.0,0.0,0.0,1.0,25,0,10
27,9715,0.0,0.0,0.0,1.0,25,0,10
27,9716,0.0,0.0,0.0,1.0,25,0,10
27,9717,0.0,0.0,0.0,1.0,25,0,10
27,9718,0.0,0.0,0.0,1.0,25,0,10
27,9719,0.0,0.0,0.0,1.0,25,0,10
27,9720,0.0,0.0,0.0,1.0,25,0,10
27,9721,0.0,0.0,0.0,1.0,25,0,10
27,9722,0.0,0.0,0.0,1.0,25,0,10
27,9723,0.0,0.0,0.0,1.0,25,0,10
27,9724,0.0,0.0,0.0,1.0,25,0,10
27,9725,0.0,0.0,0.0,1.0,25,0,10
27,9726,0.0,0.0,0.0,1.0,25,0,10
27,9727,0.0,0.0,0.0,1.0,25,0,10
27,9728,0.0,0.0,0.0,1.0,25,0,10
27,9729,0.0,0.0,0.0,1.0,25,0,10
27,9730,0.0,0.0,0.0,1.0,25,0,10
27,9731,0.0,0.0,0.0,1.0,25,0,10
27,9732,0.0,0.0,0.0,1.0,25,0,10
27,9733,0.0,0.0,0.0,1.0,25,0,10
27,9734,0.0,0.0,0.0,1.0,25,0,10
27,9735,0.0,0.0,0.0,1.0,25,0,10
27,9736,0.0,0.0,0.0,1.0,25,0,10
27,9737,0.0,0.0,0.0,1.0,25,0,10
27,9738,0.0,0.0,0.0,1.0,25,0,10
27,9739,0.0,0.0,0.0,1.0,25,0,10
27,9740,0.0,0.0,0.0,1.0,25,0,10
27,9741,0.0,0.0,0.0,1.0,25,0,10
27,9742,0.0,0.0,0.0,1.0,25,0,10
27,9743,0.0,0.0,0.0,1.0,25,0,10
27,9744,0.0,0.0,0.0,1.0,25,0,10
27,9745,0.0,0.0,0.0,1.0,25,0,10
27,9746,0.0,0.0,0.0,1.0,25,0,10
27,9747,0.0,0.0,0.0,1.0,25,0,10
27,9748,0.0,0.0,0.0,1.0,25,0,10
27,9749,0.0,0.0,0.0,1.0,25,0,10
27,9750,0.0,0.0,0.0,1.0,25,0,10
27,9751,0.0,0.0,0.0,1.0,25,0,10
27,9752,0.0,0.0,0.0,1.0,25,0,10
27,9753,0.0,0.0,0.0,1.0,25,0,10
27,9754,0.0,0.0,0.0,1.0,25,0,10
27,9755,0.0,0.0,0.0,1.0,25,0,10
27,9756,0.0,0.0,0.0,1.0,25,0,10
27,9757,0.0,0.0,0.0,1.0,25,0,10
27,9758,0.0,0.0,0.0,1.0,25,0,10
27,9759,0.0,0.0,0.0,1.0,25,0,10
27,9760,0.0,0.0,0.0,1.0,25,0,10
27,9761,0.0,0.0,0.0,1.0,25,0,10
27,9762,0.0,0.0,0.0,1.0,25,0,10
27,9763,0.0,0.0,0.0,1.0,25,0,10
27,9764,0.0,0.0,0.0,1.0,25,0,10
27,9765,0.0,0.0,0.0,1.0,25,0,10
27,9766,0.0,0.0,0.0,1.0,25,0,10
27,9767,0.0,0.0,0.0,1.0,25,0,10
27,9768,0.0,0.0,0.0,1.0,25,0,10
27,9769,0.0,0.0,0.0,1.0,25,0,10
27,9770,0.0,0.0,0.0,1.0,25,0,10
27,9771,0.0,0.0,0.0,1.0,25,0,10
27,9772,0.0,0.0,0.0,1.0,25,0,10
27,9773,0.0,0.0,0.0,1.0,25,0,10
27,9774,0.0,0.0,0.0,1.0,25,0,10
27,9775,0.0,0.0,0.0,1.0,25,0,10
27,9776,0.0,0.0,0.0,1.0,25,0,10
27,9777,0.0,0.0,0.0,1.0,25,0,10
27,9778,0.0,0.0,0.0,1.0,25,0,10
27,9779,0.0,0.0,0.0,1.0,25,0,10
27,9780,0.0,0.0,0.0,1.0,25,0,10
27,9781,0.0,0.0,0.0,1.0,25,0,10
27,9782,0.0,0.0,0.0,1.0,25,0,10
27,9783,0.0,0.0,0.0,1.0,25,0,10
27,9784,0.0,0.0,0.0,1.0,25,0,10
27,9785,0.0,0.0,0.0,1.0,25,0,10
27,9786,0.0,0.0,0.0,1.0,25,0,10
27,9787,0.0,0.0,0.0,1.0,25,0,10
27,9788,0.0,0.0,0.0,1.0,25,0,10
27,9789,0.0,0.0,0.0,1.0,25,0,10
27,9790,0.0,0.0,0.0,1.0,25,0,10
27,9791,0.0,0.0,0.0,1.0,25,0,10
27,9792,0.0,0.0,0.0,1.0,25,0,10
27,9793,0.0,0.0,0.0,1.0,25,0,10
27,9794,0.0,0.0,0.0,1.0,25,0,10
27,9795,0.0,0.0,0.0,1.0,25,0,10
27,9796,0.0,0.0,0.0,1.0,25,0,10
27,9797,0.0,0.0,0.0,1.0,25,0,10
27,9798,0.0,0.0,0.0,1.0,25,0,10
27,9799,0.0,0.0,0.0,1.0,25,0,10
27,9800,0.0,0.0,0.0,1.0,25,0,10
27,9801,0.0,0.0,0.0,1.0,25,0,10
27,9802,0.0,0.0,0.0,1.0,25,0,10
27,9803,0.0,0.0,0.0,1.0,25,0,10
27,9804,0.0,0.0,0.0,1.0,25,0,10
27,9805,0.0,0.0,0.0,1.0,25,0,10
27,9806,0.0,0.0,0.0,1.0,25,0,10
27,9807,0.0,0.0,0.0,1.0,25,0,10
27,9808,0.0,0.0,0.0,1.0,25,0,10
27,9809,0.0,0.0,0.0,1.0,25,0,10
27,9810,0.0,0.0,0.0,1.0,25,0,10
27,9811,0.0,0.0,0.0,1.0,25,0,10
27,9812,0.0,0.0,0.0,1.0,25,0,10
27,9813,0.0,0.0,0.0,1.0,25,0,10
27,9814,0.0,0.0,0.0,1.0,25,0,10
27,9815,0.0,0.0,0.0,1.0,25,0,10
27,9816,0.0,0.0,0.0,1.0,25,0,10
27,9817,0.0,0.0,0.0,1.0,25,0,10
27,9818,0.0,0.0,0.0,1.0,25,0,10
27,9819,0.0,0.0,0.0,1.0,25,0,10
27,9820,0.0,0.0,0.0,1.0,25,0,10
27,9821,0.0,0.0,0.0,1.0,25,0,10
27,9822,0.0,0.0,0.0,1.0,25,0,10
27,9823,0.0,0.0,0.0,1.0,25,0,10
27,9824,0.0,0.0,0.0,1.0,25,0,10
27,9825,0.0,0.0,0.0,1.0,25,0,10
27,9826,0.0,0.0,0.0,1.0,25,0,10
27,9827,0.0,0.0,0.0,1.0,25,0,10
27,9828,0.0,0.0,0.0,1.0,25,0,10
27,9829,0.0,0.0,0.0,1.0,25,0,10
27,9830,0.0,0.0,0.0,1.0,25,0,10
27,9831,0.0,0.0,0.0,1.0,25,0,10
27,9832,0.0,0.0,0.0,1.0,25,0,10
27,9833,0.0,0.0,0.0,1.0,25,0,10
27,9834,0.0,0.0,0.0,1.0,25,0,10
27,9835,0.0,0.0,0.0,1.0,25,0,10
27,9836,0.0,0.0,0.0,1.0,25,0,10
27,9837,0.0,0.0,0.0,1.0,25,0,10
27,9838,0.0,0.0,0.0,1.0,25,0,10
27,9839,0.0,0.0,0.0,1.0,25,0,10
27,9840,0.0,0.0,0.0,1.0,25,0,10
27,9841,0.0,0.0,0.0,1.0,25,0,10
27,9842,0.0,0.0,0.0,1.0,25,0,10
27,9843,0.0,0.0,0.0,1.0,25,0,10
27,9844,0.0,0.0,0.0,1.0,25,0,10
27,9845,0.0,0.0,0.0,1.0,25,0,10
27,9846,0.0,0.0,0.0,1.0,25,0,10
27,9847,0.0,0.0,0.0,1.0,25,0,10
27,9848,0.0,0.0,0.0,1.0,25,0,10
27,9849,0.0,0.0,0.0,1.0,25,0,10
27,9850,0.0,0.0,0.0,1.0,25,0,10
27,9851,0.0,0.0,0.0,1.0,25,0,10
27,9852,0.0,0.0,0.0,1.0,25,0,10
27,9853,0.0,0.0,0.0,1.0,25,0,10
27,9854,0.0,0.0,0.0,1.0,25,0,10
27,9855,0.0,0.0,0.0,1.0,25,0,10
27,9856,0.0,0.0,0.0,1.0,25,0,10
27,9857,0.0,0.0,0.0,1.0,25,0,10
27,9858,0.0,0.0,0.0,1.0,25,0,10
27,9859,0.0,0.0,0.0,1.0,25,0,10
27,9860,0.0,0.0,0.0,1.0,25,0,10
27,9861,0.0,0.0,0.0,1.0,25,0,10
27,9862,0.0,0.0,0.0,1.0,25,0,10
27,9863,0.0,0.0,0.0,1.0,25,0,10
27,9864,0.0,0.0,0.0,1.0,25,0,10
27,9865,0.0,0.0,0.0,1.0,25,0,10
27,9866,0.0,0.0,0.0,1.0,25,0,10
27,9867,0.0,0.0,0.0,1.0,25,0,10
27,9868,0.0,0.0,0.0,1.0,25,0,10
27,9869,0.0,0.0,0.0,1.0,25,0,10
27,9870,0.0,0.0,0.0,1.0,25,0,10
27,9871,0.0,0.0,0.0,1.0,25,0,10
27,9872,0.0,0.0,0.0,1.0,25,0,10
27,9873,0.0,0.0,0.0,1.0,25,0,10
27,9874,0.0,0.0,0.0,1.0,25,0,10
27,9875,0.0,0.0,0.0,1.0,25,0,10
27,9876,0.0,0.0,0.0,1.0,25,0,10
27,9877,0.0,0.0,0.0,1.0,25,0,10
27,9878,0.0,0.0,0.0,1.0,25,0,10
27,9879,0.0,0.0,0.0,1.0,25,0,10
27,9880,0.0,0.0,0.0,1.0,25,0,10
27,9881,0.0,0.0,0.0,1.0,25,0,10
27,9882,0.0,0.0,0.0,1.0,25,0,10
27,9883,0.0,0.0,0.0,1.0,25,0,10
27,9884,0.0,0.0,0.0,1.0,25,0,10
27,9885,0.0,0.0,0.0,1.0,25,0,10
27,9886,0.0,0.0,0.0,1.0,25,0,10
27,9887,0.0,0.0,0.0,1.0,25,0,10
27,9888,0.0,0.0,0.0,1.0,25,0,10
27,9889,0.0,0.0,0.0,1.0,25,0,10
27,9890,0.0,0.0,0.0,1.0,25,0,10
27,9891,0.0,0.0,0.0,1.0,25,0,10
27,9892,0.0,0.0,0.0,1.0,25,0,10
27,9893,0.0,0.0,0.0,1.0,25,0,10
27,9894,0.0,0.0,0.0,1.0,25,0,10
27,9895,0.0,0.0,0.0,1.0,25,0,10
27,9896,0.0,0.0,0.0,1.0,25,0,10
27,9897,0.0,0.0,0.0,1.0,25,0,10
27,9898,0.0,0.0,0.0,1.0,25,0,10
27,9899,0.0,0.0,0.0,1.0,25,0,10
27,9900,0.0,0.0,0.0,1.0,25,0,10
27,9901,0.0,0.0,0.0,1.0,25,0,10
27,9902,0.0,0.0,0.0,1.0,25,0,10
27,9903,0.0,0.0,0.0,1.0,25,0,10
27,9904,0.0,0.0,0.0,1.0,25,0,10
27,9905,0.0,0.0,0.0,1.0,25,0,10
27,9906,0.0,0.0,0.0,1.0,25,0,10
27,9907,0.0,0.0,0.0,1.0,25,0,10
27,9908,0.0,0.0,0.0,1.0,25,0,10
27,9909,0.0,0.0,0.0,1.0,25,0,10
27,9910,0.0,0.0,0.0,1.0,25,0,10
27,9911,0.0,0.0,0.0,1.0,25,0,10
27,9912,0.0,0.0,0.0,1.0,25,0,10
27,9913,0.0,0.0,0.0,1.0,25,0,10
27,9914,0.0,0.0,0.0,1.0,25,0,10
27,9915,0.0,0.0,0.0,1.0,25,0,10
27,9916,0.0,0.0,0.0,1.0,25,0,10
27,9917,0.0,0.0,0.0,1.0,25,0,10
27,9918,0.0,0.0,0.0,1.0,25,0,10
27,9919,0.0,0.0,0.0,1.0,25,0,10
27,9920,0.0,0.0,0.0,1.0,25,0,10
27,9921,0.0,0.0,0.0,1.0,25,0,10
27,9922,0.0,0.0,0.0,1.0,25,0,10
27,9923,0.0,0.0,0.0,1.0,25,0,10
27,9924,0.0,0.0,0.0,1.0,25,0,10
27,9925,0.0,0.0,0.0,1.0,25,0,10
27,9926,0.0,0.0,0.0,1.0,25,0,10
27,9927,0.0,0.0,0.0,1.0,25,0,10
27,9928,0.0,0.0,0.0,1.0,25,0,10
27,9929,0.0,0.0,0.0,1.0,25,0,10
27,9930,0.0,0.0,0.0,1.0,25,0,10
27,9931,0.0,0.0,0.0,1.0,25,0,10
27,9932,0.0,0.0,0.0,1.0,25,0,10
27,9933,0.0,0.0,0.0,1.0,25,0,10
27,9934,0.0,0.0,0.0,1.0,25,0,10
27,9935,0.0,0.0,0.0,1.0,25,0,10
27,9936,0.0,0.0,0.0,1.0,25,0,10
27,9937,0.0,0.0,0.0,1.0,25,0,10
27,9938,0.0,0.0,0.0,1.0,25,0,10
27,9939,0.0,0.0,0.0,1.0,25,0,10
27,9940,0.0,0.0,0.0,1.0,25,0,10
27,9941,0.0,0.0,0.0,1.0,25,0,10
27,9942,0.0,0.0,0.0,1.0,25,0,10
27,9943,0.0,0.0,0.0,1.0,25,0,10
27,9944,0.0,0.0,0.0,1.0,25,0,10
27,9945,0.0,0.0,0.0,1.0,25,0,10
27,9946,0.0,0.0,0.0,1.0,25,0,10
27,9947,0.0,0.0,0.0,1.0,25,0,10
27,9948,0.0,0.0,0.0,1.0,25,0,10
27,9949,0.0,0.0,0.0,1.0,25,0,10
27,9950,0.0,0.0,0.0,1.0,25,0,10
27,9951,0.0,0.0,0.0,1.0,25,0,10
27,9952,0.0,0.0,0.0,1.0,25,0,10
27,9953,0.0,0.0,0.0,1.0,25,0,10
27,9954,0.0,0.0,0.0,1.0,25,0,10
27,9955,0.0,0.0,0.0,1.0,25,0,10
27,9956,0.0,0.0,0.0,1.0,25,0,10
27,9957,0.0,0.0,0.0,1.0,25,0,10
27,9958,0.0,0.0,0.0,1.0,25,0,10
27,9959,0.0,0.0,0.0,1.0,25,0,10
27,9960,0.0,0.0,0.0,1.0,25,0,10
27,9961,0.0,0.0,0.0,1.0,25,0,10
27,9962,0.0,0.0,0.0,1.0,25,0,10
27,9963,0.0,0.0,0.0,1.0,25,0,10
27,9964,0.0,0.0,0.0,1.0,25,0,10
27,9965,0.0,0.0,0.0,1.0,25,0,10
27,9966,0.0,0.0,0.0,1.0,25,0,10
27,9967,0.0,0.0,0.0,1.0,25,0,10
27,9968,0.0,0.0,0.0,1.0,25,0,10
27,9969,0.0,0.0,0.0,1.0,25,0,10
27,9970,0.0,0.0,0.0,1.0,25,0,10
27,9971,0.0,0.0,0.0,1.0,25,0,10
27,9972,0.0,0.0,0.0,1.0,25,0,10
27,9973,0.0,0.0,0.0,1.0,25,0,10
27,9974,0.0,0.0,0.0,1.0,25,0,10
27,9975,0.0,0.0,0.0,1.0,25,0,10
27,9976,0.0,0.0,0.0,1.0,25,0,10
27,9977,0.0,0.0,0.0,1.0,25,0,10
27,9978,0.0,0.0,0.0,1.0,25,0,10
27,9979,0.0,0.0,0.0,1.0,25,0,10
27,9980,0.0,0.0,0.0,1.0,25,0,10
27,9981,0.0,0.0,0.0,1.0,25,0,10
27,9982,0.0,0.0,0.0,1.0,25,0,10
27,9983,0.0,0.0,0.0,1.0,25,0,10
27,9984,0.0,0.0,0.0,1.0,25,0,10
27,9985,0.0,0.0,0.0,1.0,25,0,10
27,9986,0.0,0.0,0.0,1.0,25,0,10
27,9987,0.0,0.0,0.0,1.0,25,0,10
27,9988,0.0,0.0,0.0,1.0,25,0,10
27,9989,0.0,0.0,0.0,1.0,25,0,10
27,9990,0.0,0.0,0.0,1.0,25,0,10
27,9991,0.0,0.0,0.0,1.0,25,0,10
27,9992,0.0,0.0,0.0,1.0,25,0,10
27,9993,0.0,0.0,0.0,1.0,25,0,10
27,9994,0.0,0.0,0.0,1.0,25,0,10
27,9995,0.0,0.0,0.0,1.0,25,0,10
27,9996,0.0,0.0,0.0,1.0,25,0,10
27,9997,0.0,0.0,0.0,1.0,25,0,10
27,9998,0.0,0.0,0.0,1.0,25,0,10
27,9999,0.0,0.0,0.0,1.0,25,0,10
27,10000,0.0,0.0,0.0,1.0,25,0,10
