run,generation,degenerate,holistic,other,compositional,popsize,turnover_rounds,group_rounds
4,0,0.9987713554999793,1.4267839920713722e-08,0.0012266915175253483,1.938714656782331e-06,25,20,20
4,1,0.9436105117831304,3.8386864733838577e-07,0.0563843277068087,4.776641411441974e-06,25,20,20
4,2,0.7702717292831913,0.015546959819470187,0.20235457509941235,0.011826735797928667,25,20,20
4,3,0.7246983929611628,0.01554936526045762,0.25616393269751064,0.003588309080866992,25,20,20
4,4,0.5974111144974696,0.1418806816518668,0.25730462434208623,0.003403579508577139,25,20,20
4,5,0.34427756975082546,0.4338764711019724,0.221803646759251,4.2312387949592316e-05,25,20,20
4,6,0.07806718438208743,0.7600111452732105,0.161691314455706,0.00023035588899568714,25,20,20
4,7,6.657086245508034e-11,0.8871755986085695,0.11282438532939829,1.5995461010743832e-08,25,20,20
4,8,2.748152278972231e-09,0.9440642941685158,0.05593564092440476,6.21589267201777e-08,25,20,20
4,9,2.737872442760639e-11,0.8388517827519562,0.16114817902740783,3.819325678890596e-08,25,20,20
4,10,1.0659367777225777e-10,0.9426859177919509,0.05731404268525367,3.941620177584932e-08,25,20,20
4,11,1.4024619413455798e-09,0.8758086014865738,0.12419101469600126,3.8241496274167205e-07,25,20,20
4,12,1.99491767960509e-11,0.9204854766804306,0.07951452227814346,1.0214765829186284e-09,25,20,20
4,13,4.943573569809285e-11,0.8972074844299343,0.10279249759401748,1.7926612177335064e-08,25,20,20
4,14,5.124905953684376e-11,0.928245180400132,0.07175476552471452,5.402390371383575e-08,25,20,20
4,15,1.5082953945304195e-07,0.9164076994892356,0.08359213114643324,1.8534791530183614e-08,25,20,20
4,16,1.4694968606347317e-10,0.9322567329822659,0.06774326083611047,6.034673897248705e-09,25,20,20
4,17,8.10159469415353e-10,0.9689318696097808,0.031067178435615544,9.511444439824559e-07,25,20,20
4,18,4.650753640304655e-10,0.8274184220860488,0.17258157136250837,6.0863674028451485e-09,25,20,20
4,19,3.617047380726707e-10,0.8937884431114598,0.1062115497187656,6.80806994766204e-09,25,20,20
4,20,3.093313256701362e-10,0.9470076418625096,0.05299234013536783,1.7692790822190832e-08,25,20,20
4,21,3.215258351270985e-10,0.9127328405574502,0.0872671241342988,3.4986724700642115e-08,25,20,20
4,22,1.408652000792085e-10,0.8971048425207074,0.10289513433814035,2.3000286407545084e-08,25,20,20
4,23,7.779500699093869e-11,0.9562251083718533,0.04377487268288793,1.8867463876772643e-08,25,20,20
4,24,2.50440873884017e-09,0.845665653528315,0.15433396264540913,3.813218670712511e-07,25,20,20
4,25,7.45089597477348e-10,0.91722645337572,0.08277354514345467,7.357357385315621e-10,25,20,20
4,26,7.448987225694423e-10,0.8313027843917058,0.16869720926416495,5.5992300026170356e-09,25,20,20
4,27,4.427658972033784e-08,0.8328037960838361,0.16719478701648735,1.3726230861905857e-06,25,20,20
4,28,8.613139693841052e-09,0.7878975456989188,0.21210239950830442,4.617963672337418e-08,25,20,20
4,29,4.871573553499906e-10,0.8572533995935112,0.14274603961911372,5.603002180994883e-07,25,20,20
4,30,2.5283147621527505e-11,0.8835198805390125,0.11648010173627804,1.7699426452790397e-08,25,20,20
4,31,1.6475583927352797e-10,0.9297551284195569,0.07024390322364188,9.681920452589218e-07,25,20,20
4,32,1.5796935220672942e-08,0.8133911141353848,0.18660849920165504,3.708660239715811e-07,25,20,20
4,33,1.500632685259979e-08,0.8414098608597764,0.15858975917942691,3.649544692525846e-07,25,20,20
4,34,1.4275144908911212e-08,0.8813151472692976,0.11868447409199455,3.6436356271810984e-07,25,20,20
4,35,1.4262841292226856e-08,0.8593019409207407,0.1406966777041408,1.3671122774681521e-06,25,20,20
4,36,2.8479690078697695e-11,0.8451995296384621,0.15480046999349908,3.395590468082908e-10,25,20,20
4,37,1.3855980001119075e-06,0.8484798434422538,0.1515184812636296,2.8969611637209607e-07,25,20,20
4,38,6.505502148883033e-11,0.8830344011192786,0.11696559839264378,4.23022648893374e-10,25,20,20
4,39,1.8034104990034581e-09,0.8681093235057642,0.1318906734151298,1.2756955550042993e-09,25,20,20
4,40,1.5396002531568634e-07,0.7912804786888665,0.2087193307423099,3.660879742638444e-08,25,20,20
4,41,1.539150888147587e-07,0.9138953075685182,0.08610452021981241,1.8296579947946967e-08,25,20,20
4,42,1.594702984810171e-07,0.9339867406954092,0.06601245683150343,6.430027885067753e-07,25,20,20
4,43,7.512992062495719e-09,0.9064391108080081,0.09356086308281814,1.8596181638830834e-08,25,20,20
4,44,4.105373650380457e-09,0.8408779929106762,0.15912199694211132,6.041838299035677e-09,25,20,20
4,45,3.46774780985218e-09,0.8918556785224355,0.10814428336134872,3.4648467846199765e-08,25,20,20
4,46,3.64617748267944e-10,0.8998528979505879,0.10014710135334637,3.314479333817833e-10,25,20,20
4,47,1.5242559534191118e-07,0.8472573084296492,0.1527425380861608,1.058594615775388e-09,25,20,20
4,48,3.057328335182679e-07,0.8627214455805436,0.1372782257483239,2.2938299317370566e-08,25,20,20
4,49,2.893441039623848e-09,0.9035628535247326,0.09643712543902877,1.8142797741423454e-08,25,20,20
4,50,2.895647110283206e-09,0.8362678058806209,0.16373217287779354,1.8345938607564462e-08,25,20,20
4,51,4.773340868934119e-10,0.9311306957004956,0.06886926819796167,3.562420852428649e-08,25,20,20
4,52,2.1380739285860813e-10,0.9132118693289718,0.086788106514705,2.394251565551978e-08,25,20,20
4,53,1.0263673389475158e-09,0.8845192849950714,0.11548070765222297,6.3263387315130885e-09,25,20,20
4,54,8.677947091189083e-10,0.8835104471808292,0.11648954542771288,6.523663568735233e-09,25,20,20
4,55,2.881903443854926e-11,0.9758802803978522,0.024119718311786196,1.2615428649874376e-09,25,20,20
4,56,2.838199478408407e-09,0.9459924029295927,0.054006261847192365,1.3323850154144675e-06,25,20,20
4,57,3.109664080140248e-09,0.9154047063246256,0.08459456108728623,7.294784238739405e-07,25,20,20
4,58,6.130142772743721e-11,0.9327030453809028,0.06729695355605146,1.0017448488954188e-09,25,20,20
4,59,8.754962965558737e-11,0.8953412408629501,0.10465875731071478,1.738785394088587e-09,25,20,20
4,60,1.1592070770002768e-06,0.861548368836067,0.13845047057707255,1.3797834078492602e-09,25,20,20
4,61,7.906140126726786e-11,0.9465412634799126,0.05345871885250074,1.7588525340524636e-08,25,20,20
4,62,9.450876704567542e-06,0.8560443843604487,0.14394488403868175,1.2807241647408636e-06,25,20,20
4,63,1.5321507802770666e-07,0.860109660897797,0.13988832197999987,1.8639071250173876e-06,25,20,20
4,64,2.8425081305732404e-09,0.914094884936534,0.08589006006854846,1.5052152409343752e-05,25,20,20
4,65,2.8673760644824205e-09,0.8966584420799346,0.10332649164844962,1.5063404238942167e-05,25,20,20
4,66,4.795465368117331e-08,0.902226663373952,0.09777323718418682,5.1487207022347005e-08,25,20,20
4,67,8.764352734725875e-11,0.8769424710211254,0.1230574894299453,3.946128548608492e-08,25,20,20
4,68,2.747675990348555e-09,0.9563070607526776,0.04369290718078351,2.9318862589053742e-08,25,20,20
4,69,2.875072723089323e-09,0.9623485366722154,0.037651448727380396,1.1725331045891314e-08,25,20,20
4,70,3.703408588325326e-09,0.8774828233044236,0.1225167974466978,3.755454701901004e-07,25,20,20
4,71,1.6590253133481207e-10,0.8648297430715404,0.13516856722429144,1.6895382656700531e-06,25,20,20
4,72,2.7122617961488845e-09,0.897032434600087,0.10296564100210615,1.9216855449967607e-06,25,20,20
4,73,2.7773667485318066e-09,0.8861346067539858,0.11386442957827787,9.608903692414722e-07,25,20,20
4,74,1.0414382303469248e-09,0.8890399493793882,0.11096003133511972,1.8244054217680078e-08,25,20,20
4,75,7.093830267686323e-10,0.8719431308913361,0.12805685010398166,1.829529886966783e-08,25,20,20
4,76,7.712022025461345e-11,0.8903013094729633,0.10969804077228225,6.496776343537844e-07,25,20,20
4,77,2.189941396314663e-07,0.8286689201198945,0.17133085283971,8.046254375721653e-09,25,20,20
4,78,1.0744943463944949e-09,0.8591091334678717,0.14089085322882933,1.2228804358867743e-08,25,20,20
4,79,5.4551439588672866e-11,0.7683855817582212,0.23161438599882678,3.218840056341097e-08,25,20,20
4,80,1.61638701368169e-07,0.8799296885722194,0.12007014407894212,5.710136923659936e-09,25,20,20
4,81,1.4248954344137398e-10,0.9098097966855088,0.09019020252583623,6.46165075069912e-10,25,20,20
4,82,1.526612095255536e-07,0.854056776999239,0.1459430688963736,1.4431771438541747e-09,25,20,20
4,83,3.4711914648202604e-09,0.9025406075638025,0.0974593705210742,1.8443931108896787e-08,25,20,20
4,84,1.8683472077492588e-09,0.7918292261214651,0.20817043812773764,3.3388244867916924e-07,25,20,20
4,85,1.0662421235335174e-09,0.9122738122277296,0.08772589730110987,2.89404918320093e-07,25,20,20
4,86,1.0642887322967033e-09,0.871286341440606,0.1287136158498361,4.164526870396982e-08,25,20,20
4,87,2.1164845513515965e-09,0.9041508463927509,0.09584915077260497,7.181589711303345e-10,25,20,20
4,88,1.081083336805716e-08,0.9222315215276029,0.07776846695279215,7.087714184765848e-10,25,20,20
4,89,4.0900410464264825e-11,0.9265196035676623,0.0734803960610143,3.304227924470191e-10,25,20,20
4,90,2.880496699414618e-09,0.8648130653429987,0.13518693174681184,2.969291365134787e-11,25,20,20
4,91,3.1784351148962106e-09,0.8906540058900743,0.10934596162270617,2.9308784436302636e-08,25,20,20
4,92,3.5331766075370395e-09,0.8282018364831368,0.1717975109045516,6.490791344082291e-07,25,20,20
4,93,2.7506616616575856e-09,0.8274818352105222,0.1725181496064869,1.2432328873935684e-08,25,20,20
4,94,0.002425975314224283,0.8087790969905951,0.18879012922120514,4.798473974924493e-06,25,20,20
4,95,1.061012580026117e-09,0.9165509559734154,0.08344904281323232,1.5233971256809418e-10,25,20,20
4,96,1.539596247231716e-07,0.8701280280969635,0.1298711673995742,6.505438370230168e-07,25,20,20
4,97,8.237681175261724e-11,0.9204958276538083,0.07950324300357846,9.292602360085715e-07,25,20,20
4,98,1.511490734618777e-10,0.9365644615933881,0.0634355375849364,6.705258403973286e-10,25,20,20
4,99,2.3985884180287733e-08,0.8900590395382428,0.10994091790326108,1.857261206323843e-08,25,20,20
4,100,2.8474124423878735e-09,0.8810775330724846,0.11892244522267698,1.8857426003925824e-08,25,20,20
4,101,2.0812812259475247e-10,0.9383719504784337,0.06162804257405395,6.739383979366304e-09,25,20,20
4,102,1.8795763329348253e-10,0.8465946283024479,0.15340533600290468,3.550668957447272e-08,25,20,20
4,103,1.8568496714295555e-10,0.9604477546143348,0.039552243941897595,1.2580823612524077e-09,25,20,20
4,104,1.2813136513802533e-10,0.9617525984822279,0.03824740103426879,3.553721088809368e-10,25,20,20
4,105,5.591123182205819e-10,0.9481133272160913,0.051886661097552716,1.112724381501515e-08,25,20,20
4,106,5.479899344403505e-10,0.8904103573325121,0.10958963038190761,1.1737590624958773e-08,25,20,20
4,107,5.520015415844011e-10,0.903336438356522,0.09666351458706084,4.6504415058306936e-08,25,20,20
4,108,4.084964097106768e-08,0.911791122694881,0.08820880164086635,3.4814611565972456e-08,25,20,20
4,109,2.7656762866386136e-10,0.8643364443939001,0.13566353241752707,2.2912005236119793e-08,25,20,20
4,110,2.13375544174557e-10,0.908328578935835,0.09167140871680886,1.2133980241990929e-08,25,20,20
4,111,1.1578299078684635e-10,0.7767569388443104,0.22324292131960266,1.3972030416149303e-07,25,20,20
4,112,2.8833527916052335e-09,0.8799954339301612,0.12000454483408664,1.8352399087263157e-08,25,20,20
4,113,2.334488495543172e-06,0.8027671064996094,0.19723054720809596,1.1803798506860482e-08,25,20,20
4,114,8.239648073351187e-09,0.8769573070198554,0.12304268339347812,1.3470179290540098e-09,25,20,20
4,115,2.7625224575093913e-09,0.9366472841422844,0.06335271159340312,1.5017902908882268e-09,25,20,20
4,116,7.232691703007458e-10,0.9379192343254745,0.06208076438028856,5.709682803838489e-10,25,20,20
4,117,3.634874230685243e-11,0.8669507698826312,0.1330492118411628,1.823985716992634e-08,25,20,20
4,118,2.7641290668889194e-09,0.9269846600413228,0.07301531967628162,1.7518266081669074e-08,25,20,20
4,119,1.9555625824967648e-07,0.9489684340439024,0.05103136955755618,8.422835207330161e-10,25,20,20
4,120,2.857137656909005e-09,0.9063534658747794,0.09364653043402607,8.340563347416874e-10,25,20,20
4,121,1.4630602349810914e-11,0.9478772841290278,0.05212271552970129,3.266403328005192e-10,25,20,20
4,122,6.26200346171012e-11,0.9922592092478402,0.00774079005140646,6.381336543148178e-10,25,20,20
4,123,3.853999625123927e-08,0.9336832544689403,0.06631670602086405,9.701992993541895e-10,25,20,20
4,124,7.73411029211351e-11,0.8945427994120071,0.10545718998809216,1.0522559178763626e-08,25,20,20
4,125,5.703765154671884e-08,0.8739784943733538,0.1260214208832034,2.770579089345073e-08,25,20,20
4,126,1.5433349288874616e-10,0.9264640769205702,0.07353587712608041,4.57990155103036e-08,25,20,20
4,127,1.9369466150371215e-10,0.8539550274699017,0.14595235661517864,9.261572122423414e-05,25,20,20
4,128,7.800732581575869e-10,0.8959583626854246,0.10404161354102434,2.2993478065456605e-08,25,20,20
4,129,6.298277092515433e-11,0.8924318019590975,0.10756815513218075,4.284573868802444e-08,25,20,20
4,130,3.71111815730413e-08,0.9635328382372067,0.03646615696945461,9.676821573225983e-07,25,20,20
4,131,8.520617799462417e-08,0.8996088423929972,0.10039077272739608,2.9967342940846526e-07,25,20,20
4,132,2.376627556454734e-07,0.8861630048294538,0.11383645149633656,3.060114539589196e-07,25,20,20
4,133,2.28225188036484e-07,0.8800806419463215,0.11991766345905008,1.4663694401601273e-06,25,20,20
4,134,4.507918904369352e-08,0.949942938946542,0.050056727081361885,2.8889290747491385e-07,25,20,20
4,135,1.257276684113049e-09,0.8929102417945037,0.10708939223564885,3.647125706712157e-07,25,20,20
4,136,1.1973945714367042e-09,0.8770658676972025,0.12293376702463485,3.640807677292488e-07,25,20,20
4,137,5.831206479672771e-08,0.847924347720693,0.1520539904016834,2.1603565558445683e-05,25,20,20
4,138,1.4192061171868641e-11,0.9272150859204343,0.07278491385105772,2.1431567985625263e-10,25,20,20
4,139,2.0832946928124927e-12,0.9199076317984894,0.08009235048520096,1.7714226148474303e-08,25,20,20
4,140,6.71594802864301e-10,0.9439636301699076,0.05603636320830729,5.950190294767963e-09,25,20,20
4,141,1.8518783408495203e-08,0.8980892964659825,0.10191018884372222,4.961715118490592e-07,25,20,20
4,142,8.879582179930983e-11,0.8705103375782888,0.12945914312477916,3.0519208135970905e-05,25,20,20
4,143,5.533150256330441e-11,0.8695925652539307,0.13037691563542375,3.051905531365915e-05,25,20,20
4,144,1.090915399083123e-09,0.8640309704948705,0.13596736890612285,1.659508091220066e-06,25,20,20
4,145,7.144291813917143e-10,0.9402987637490228,0.05970021676331779,1.018773229597711e-06,25,20,20
4,146,2.77096910842189e-09,0.8809209839514593,0.11905628897145074,2.27243061207576e-05,25,20,20
4,147,1.904605053681231e-09,0.8533537268710131,0.14593214764466483,0.0007141235797167123,25,20,20
4,148,2.7847212089244978e-09,0.8750958304925031,0.12490416629678258,4.259932160110665e-10,25,20,20
4,149,1.1096180847906304e-09,0.8070394977463435,0.19296050055953048,5.845077416019586e-10,25,20,20
4,150,6.430462653381084e-07,0.835063966724006,0.16493538484898937,5.38073898357041e-09,25,20,20
4,151,7.031160214243167e-10,0.947827251597774,0.05217236565352695,3.820455830174089e-07,25,20,20
4,152,1.3768922642998635e-11,0.8993391214334205,0.10066086093754593,1.76152646811514e-08,25,20,20
4,153,1.4836095171400758e-07,0.8368100646378375,0.16318881827684859,9.687243617750336e-07,25,20,20
4,154,1.4842614498241952e-07,0.8623924620618787,0.13760544601433486,1.9434976413033906e-06,25,20,20
4,155,3.8481063678722064e-08,0.850124118057836,0.14987583271627433,1.074482557106837e-08,25,20,20
4,156,3.843243907844868e-08,0.8434392989875553,0.15656065132537453,1.1254630340976503e-08,25,20,20
4,157,1.4207240884278494e-12,0.8629014064531529,0.13709859281376516,7.316606538713527e-10,25,20,20
4,158,4.316451139715443e-11,0.7984560812567405,0.20154391748436457,1.2157301877505848e-09,25,20,20
4,159,8.751580415609626e-10,0.7509211516580591,0.24907766074786866,1.186718913706024e-06,25,20,20
4,160,1.2430174012961538e-08,0.8595183958620312,0.14046356546711591,1.802624067857029e-05,25,20,20
4,161,1.5857991254532682e-08,0.8641814982799012,0.13580045186354886,1.803399855856349e-05,25,20,20
4,162,1.8389608659357731e-09,0.8998136511701922,0.1001863174699757,2.9520871103712238e-08,25,20,20
4,163,1.7735284873934286e-09,0.9481716886175947,0.0518283092750717,3.3380537053065814e-10,25,20,20
4,164,3.1565231853426053e-06,0.8921860569385696,0.1078107860952063,4.4303872279882003e-10,25,20,20
4,165,2.1657511233345123e-10,0.9596790989945295,0.04032089313103148,7.657863990339858e-09,25,20,20
4,166,2.896366454791156e-09,0.9231396836588095,0.07686031250117253,9.43651435379617e-10,25,20,20
4,167,8.596313231581463e-10,0.8615420942971198,0.13845785146041126,5.338283751876204e-08,25,20,20
4,168,1.5068075598579933e-08,0.8606412104577694,0.13935836227735343,4.1219680122776117e-07,25,20,20
4,169,1.6824404533332123e-08,0.8679982170052162,0.13200045053060602,1.3156397732219306e-06,25,20,20
4,170,2.4595454043316637e-09,0.8444412155137008,0.15555876442359573,1.7603158252458656e-08,25,20,20
4,171,8.708436892752548e-11,0.8384734956808572,0.16152649360742033,1.0624638027048652e-08,25,20,20
4,172,1.5486691776874365e-07,0.7251278681666814,0.2748719753441461,1.622254526119732e-09,25,20,20
4,173,6.451357428817656e-08,0.9178734240799672,0.08212552583327942,9.855731789704794e-07,25,20,20
4,174,4.9441096645419515e-08,0.951761269887222,0.048238628024123396,5.26475579173918e-08,25,20,20
4,175,1.0311688169331242e-07,0.8826792658201454,0.11731962792783772,1.0031351355813598e-06,25,20,20
4,176,4.523416164599882e-08,0.9365369105141507,0.06346302635206097,1.789962710501421e-08,25,20,20
4,177,4.815126119143382e-08,0.8803027244263558,0.11969720270613289,2.471625002769392e-08,25,20,20
4,178,5.27046350527072e-09,0.8915473195031808,0.10845170626402709,9.689623289560532e-07,25,20,20
4,179,1.6041843879456067e-08,0.8646697703739143,0.13532983102769927,3.8255654224373406e-07,25,20,20
4,180,1.8860263018343243e-09,0.8174747019593357,0.18252529532729608,8.273417073018677e-10,25,20,20
4,181,1.1381753071039328e-09,0.8965939836394919,0.10340599722856936,1.7993763282968187e-08,25,20,20
4,182,3.957044238622825e-08,0.8834859314498449,0.11651398283447179,4.614524072333033e-08,25,20,20
4,183,7.455221249739311e-10,0.8902758297324752,0.1097241579029197,1.1619082271831785e-08,25,20,20
4,184,8.35253802998696e-06,0.8337875447457931,0.1662031636072245,9.391089521553638e-07,25,20,20
4,185,1.0256385504600082e-06,0.8462420788421869,0.1537303422559319,2.6553263330824185e-05,25,20,20
4,186,2.1318302527877937e-08,0.8789511122273944,0.12104886598154646,4.727563185287035e-10,25,20,20
4,187,2.2016130646129317e-08,0.8600281555959508,0.13997118996931354,6.324186044755525e-07,25,20,20
4,188,4.0303937083396526e-12,0.9441931452699782,0.05580620513575149,6.495902402825851e-07,25,20,20
4,189,4.4394576042778484e-08,0.9167594897749567,0.08323955541150907,9.104189581986185e-07,25,20,20
4,190,5.4865047324987206e-08,0.960563124466874,0.039436820024094904,6.439837544562105e-10,25,20,20
4,191,5.417460042452142e-08,0.9186653330159926,0.08133461214946734,6.599393788555712e-10,25,20,20
4,192,5.4255108132998605e-08,0.8734832959568886,0.12651663155149823,1.82365045718274e-08,25,20,20
4,193,9.430624739631516e-08,0.785953547440014,0.2140457256653339,6.325884041853244e-07,25,20,20
4,194,2.870534459918883e-09,0.9132847518483079,0.0867146979048641,5.473762928072253e-07,25,20,20
4,195,3.1813544710242934e-09,0.8814310396661291,0.11856895678159285,3.709237081089699e-10,25,20,20
4,196,2.8186472844178437e-09,0.9587498992220929,0.04125009762326203,3.359976636226752e-10,25,20,20
4,197,4.12794979462701e-09,0.930499533837486,0.06950044400383443,1.8030729455596967e-08,25,20,20
4,198,9.113789476554787e-10,0.9252350594315952,0.07476492182753827,1.782948737447602e-08,25,20,20
4,199,3.855432409620278e-11,0.9436789040606951,0.05632107167469744,2.4226053020035477e-08,25,20,20
4,200,7.168004500575926e-10,0.9512114064007975,0.048788585848967975,7.033434100666832e-09,25,20,20
4,201,8.143625389689768e-10,0.9229213403042761,0.07707864149265442,1.7388706921288114e-08,25,20,20
4,202,6.318851790459811e-11,0.9699467354954368,0.030053211670469645,5.277090494483243e-08,25,20,20
4,203,5.341572844909345e-08,0.8834672687511924,0.1165313121179529,1.3657151263084817e-06,25,20,20
4,204,8.252256350108356e-10,0.950023562128476,0.04997643607955585,9.667424054880843e-10,25,20,20
4,205,7.991428383272221e-10,0.9742207410170937,0.025779257535953407,6.478095249408921e-10,25,20,20
4,206,5.57487250851837e-11,0.8836717877541338,0.11632820709187053,5.098246452368599e-09,25,20,20
4,207,1.5961487518712899e-09,0.9033685943323594,0.0966313983590375,5.712454111715884e-09,25,20,20
4,208,2.246125403519743e-09,0.8803959158959215,0.11960404991757725,3.1940376341567274e-08,25,20,20
4,209,2.0156688755730786e-09,0.8708628753304332,0.12913708969690726,3.295699049378655e-08,25,20,20
4,210,1.9669852056233634e-09,0.9045467714921414,0.09545258466343581,6.418774374839568e-07,25,20,20
4,211,2.7337287206176664e-09,0.8681169348884176,0.13188214131248618,9.210653672322127e-07,25,20,20
4,212,8.91818726418968e-10,0.9290811580913515,0.07091853345784548,3.075589840964749e-07,25,20,20
4,213,1.2950597352886958e-06,0.8682822079884089,0.13171618942821614,3.075236398181776e-07,25,20,20
4,214,2.8999891692034693e-08,0.8886810943927596,0.11131858659096076,2.9001638753521214e-07,25,20,20
4,215,2.8456766665012574e-08,0.7962448589338398,0.203754817927218,2.946821756005665e-07,25,20,20
4,216,1.5048149625948305e-09,0.8709475075065385,0.12902122741766955,3.126357097664345e-05,25,20,20
4,217,1.0976767267863942e-09,0.8213994329503395,0.17860025803769639,3.079142869841548e-07,25,20,20
4,218,2.8455139806855416e-09,0.8835012500188839,0.11649871955120761,2.7584393873539047e-08,25,20,20
4,219,8.533391180092308e-08,0.8171439708527782,0.18285590664658152,3.716672828976744e-08,25,20,20
4,220,2.9476472355189004e-10,0.8473500464261774,0.15264994296941706,1.0309640645998748e-08,25,20,20
4,221,5.098564759411681e-06,0.8725549030031524,0.12743997065193993,2.778014792381055e-08,25,20,20
4,222,2.282625707717587e-09,0.8655898776085471,0.13441011927302238,8.358045042347022e-10,25,20,20
4,223,8.332574229972115e-11,0.7904687610442968,0.20953121443957862,2.4432798611763825e-08,25,20,20
4,224,7.762733017378602e-11,0.8797491347692508,0.12025082297661954,4.217650213918422e-08,25,20,20
4,225,7.149146189185316e-10,0.8635023272206662,0.13649764143116289,3.063325573951023e-08,25,20,20
4,226,4.9409995115287125e-08,0.9321455730869104,0.06783636075262321,1.801675047136377e-05,25,20,20
4,227,2.5185994588666535e-10,0.9161624179605983,0.08383660556699228,9.762205500223006e-07,25,20,20
4,228,1.3477898842676417e-09,0.79898943479889,0.17266003872219698,0.028350525131123416,25,20,20
4,229,2.9142355966410315e-06,0.8879631624388922,0.11203359565870544,3.2766680555309533e-07,25,20,20
4,230,2.9147361910694935e-06,0.8426123395225207,0.15738438340840033,3.6233288787362013e-07,25,20,20
4,231,3.4540816412303025e-09,0.9173494033857038,0.08265057511978156,1.8040432789155987e-08,25,20,20
4,232,3.518523797421888e-09,0.8147422646598913,0.18525769651520693,3.530637729655681e-08,25,20,20
4,233,1.0589678199664129e-09,0.8120821871697126,0.18791779311548545,1.8655833055904914e-08,25,20,20
4,234,1.5018348284771488e-10,0.8998930533994844,0.10010691045175854,3.5998573155570534e-08,25,20,20
4,235,1.0364164911957786e-08,0.8963634369998223,0.10363649973336578,5.290264692644978e-08,25,20,20
4,236,9.44456890651694e-11,0.9315298707151516,0.06847011074271785,1.8447684316012785e-08,25,20,20
4,237,8.562067932092466e-10,0.9180203172935422,0.08197965876302896,2.3087221860987197e-08,25,20,20
4,238,4.326231380703603e-09,0.9465243544139865,0.053475054403492026,5.868562899015112e-07,25,20,20
4,239,1.5535691210567414e-07,0.927654063860069,0.07234421959945618,1.5611835622654585e-06,25,20,20
4,240,2.5602585335934027e-09,0.9235940800490526,0.07640438071199097,1.5366786975021228e-06,25,20,20
4,241,1.1063862307899094e-09,0.8823511276929552,0.11761740701330492,3.146418735291177e-05,25,20,20
4,242,2.1263491343549332e-11,0.8636441709597225,0.1363232604631403,3.2568555873118305e-05,25,20,20
4,243,2.2314753623901992e-08,0.9233553464405234,0.07661316754180847,3.146370291425593e-05,25,20,20
4,244,1.600044550089464e-11,0.9398405647655126,0.06015817102534395,1.264193143048126e-06,25,20,20
4,245,2.8438740396036757e-09,0.9438676769409693,0.05613231927164333,9.435127966289107e-10,25,20,20
4,246,2.244269011712161e-11,0.9393133514404198,0.06068664721303613,1.3241016673185193e-09,25,20,20
4,247,3.8916168111373316e-10,0.8248845770379833,0.1750974230963466,1.7999476508359417e-05,25,20,20
4,248,4.881833703952126e-10,0.9210302574128623,0.07896974094583407,1.1531199992757137e-09,25,20,20
4,249,4.4933349389534356e-10,0.8700534029708211,0.12994659564007413,9.39771286283346e-10,25,20,20
4,250,5.823604809709897e-11,0.8914894105752029,0.10851058850201578,8.645452528752687e-10,25,20,20
4,251,1.296964866686661e-09,0.9068377660487126,0.09316221394143055,1.8712891880798587e-08,25,20,20
4,252,1.246165082532551e-11,0.8713999080207063,0.12859980229131776,2.896755148696938e-07,25,20,20
4,253,2.265647419288727e-09,0.8466849611744603,0.15331474699235886,2.8956753301082605e-07,25,20,20
4,254,1.0637969204343311e-10,0.8875507026048257,0.11244928993923674,7.349557499549595e-09,25,20,20
4,255,8.673440718962211e-10,0.8256077412365326,0.17439223928413683,1.861198580100462e-08,25,20,20
4,256,7.704086451417018e-10,0.7965571754682823,0.20344282325328808,5.08021113628134e-10,25,20,20
4,257,9.566884490947378e-11,0.7867876705886655,0.21321202305495188,3.0626071357751075e-07,25,20,20
4,258,2.4053381709222254e-10,0.8169912931032526,0.18300841229450138,2.9436171189658714e-07,25,20,20
4,259,5.397439868068725e-11,0.9160980857184761,0.08390162534997035,2.8887757927327626e-07,25,20,20
4,260,9.901298360592796e-10,0.8751809698892439,0.12481872252350751,3.0659711910816906e-07,25,20,20
4,261,1.3966980717096166e-08,0.905509959288797,0.09448938730974472,6.39434477492952e-07,25,20,20
4,262,3.538283419457474e-08,0.8189331436324843,0.18105118452907365,1.5636455607587848e-05,25,20,20
4,263,7.712537529667261e-08,0.8989449060071106,0.10105355166430208,1.4652032114764985e-06,25,20,20
4,264,7.99517596952815e-10,0.8567114079067768,0.14328853950345344,5.1790251991501285e-08,25,20,20
4,265,4.262674196224414e-09,0.8904416401278494,0.10955831539414497,4.0215330856510835e-08,25,20,20
4,266,9.231692188749836e-07,0.8609420605853854,0.13905699281496994,2.343042574644381e-08,25,20,20
4,267,1.4677480336611557e-09,0.9486519487343454,0.05134801400493572,3.579297026851095e-08,25,20,20
4,268,6.801861262187547e-10,0.8985608974548629,0.1014391008965605,9.68389670991257e-10,25,20,20
4,269,1.4895211158113396e-11,0.9666228043436382,0.03337719499259693,6.488693539483994e-10,25,20,20
4,270,6.153027158930768e-11,0.9888864562017217,0.011113526143231167,1.759351648828403e-08,25,20,20
4,271,8.256663740470922e-10,0.9243605195664415,0.07563944933018653,3.027770508473008e-08,25,20,20
4,272,3.2944901557334736e-10,0.8900730530711637,0.10992658230747805,3.6429190897295353e-07,25,20,20
4,273,1.1102071771790789e-08,0.8806971156643438,0.11928812159520774,1.4751638377083296e-05,25,20,20
4,274,2.0955756756701096e-11,0.9464618882041524,0.05353809394471936,1.783017215042482e-08,25,20,20
4,275,1.5090636602904772e-09,0.8895601368758883,0.11043953836146317,3.2325358481060197e-07,25,20,20
4,276,7.369264048115132e-10,0.932459628706607,0.06754034100152775,2.9554938858427617e-08,25,20,20
4,277,1.865437547968462e-07,0.8859207135805854,0.11407871941216852,3.804634910860172e-07,25,20,20
4,278,7.386149497143961e-10,0.9711460321462075,0.028853966468245847,6.469316930432706e-10,25,20,20
4,279,7.371083631777478e-10,0.9362671129430821,0.06373288505467677,1.2651324860840208e-09,25,20,20
4,280,1.0289194891446535e-09,0.9344999730155602,0.06549962902711452,3.9692840535205e-07,25,20,20
4,281,2.594333340138058e-07,0.8396363867848667,0.16035671306524266,6.640716556991004e-06,25,20,20
4,282,4.5826746552448464e-11,0.9065221108144952,0.09347787710478647,1.2034891674765337e-08,25,20,20
4,283,6.268349819247137e-11,0.9388773880298887,0.06112261154558835,3.6183933126931157e-10,25,20,20
4,284,8.571380384437002e-11,0.9637928784166816,0.03620712113668508,3.609198960285075e-10,25,20,20
4,285,3.425980483099347e-09,0.955064793545935,0.04493423450956855,9.68518516168182e-07,25,20,20
4,286,8.855806799636766e-10,0.9328224875527602,0.06717751120101574,3.606430706656912e-10,25,20,20
4,287,7.623474496685484e-11,0.9129799923811298,0.0870200068865378,6.560969614847044e-10,25,20,20
4,288,6.058787826945327e-08,0.8081121635871523,0.19188774759181118,2.82331578889524e-08,25,20,20
4,289,4.9965715541654e-11,0.9386221187041229,0.061377862507517505,1.8738393906667453e-08,25,20,20
4,290,1.537853257407355e-07,0.9403060581451423,0.059693753003059326,3.50664722141016e-08,25,20,20
4,291,1.5501014517039524e-07,0.7758568724168736,0.22414294971836554,2.2854615405970687e-08,25,20,20
4,292,1.547151803894282e-07,0.823882005230016,0.17611683880671095,1.0012480924860184e-06,25,20,20
4,293,9.00306295981746e-06,0.9142706960359086,0.08572026575895902,3.514217250626421e-08,25,20,20
4,294,3.7413729223334996e-08,0.8436004363783085,0.15639952080689812,5.401063732821453e-09,25,20,20
4,295,1.982250884269462e-08,0.945484298133351,0.054515672709509425,9.334630616666727e-09,25,20,20
4,296,1.4837239578301132e-07,0.9326534598533334,0.06734544076546327,9.510088070957582e-07,25,20,20
4,297,1.4855954515104603e-07,0.8466635460238927,0.1533353443833777,9.610331835878715e-07,25,20,20
4,298,8.829159451387145e-06,0.9394690273235136,0.06052210837083574,3.514619928927106e-08,25,20,20
4,299,8.673607338602649e-06,0.8835724986013389,0.11641880975384412,1.803747787648265e-08,25,20,20
4,300,3.048480381307936e-09,0.9131059865291141,0.08689400838092302,2.0414825269111374e-09,25,20,20
4,301,3.500902275475621e-11,0.9311041549117042,0.06889584362375535,1.4295313430748445e-09,25,20,20
4,302,4.069970943661224e-10,0.9263179596049274,0.07368202127123676,1.8716838506342488e-08,25,20,20
4,303,2.4252898091007758e-11,0.8558210920418441,0.1441789070072428,9.266604010514855e-10,25,20,20
4,304,3.450024180560189e-11,0.8980370143923838,0.10196298448858754,1.0845286778891483e-09,25,20,20
4,305,8.858248262540751e-11,0.8969028196931457,0.10309716260805461,1.7610216800401834e-08,25,20,20
4,306,5.3145215525610015e-11,0.9746982729418922,0.025301726782161773,2.2280073274474592e-10,25,20,20
4,307,2.9950343235473823e-10,0.942720324743066,0.057279674507420386,4.500093891954965e-10,25,20,20
4,308,1.5887261702280036e-07,0.9274706274600597,0.07252825172820648,9.6193911653531e-07,25,20,20
4,309,5.4724392913567296e-05,0.8465311309139295,0.15341318179046753,9.629026887212536e-07,25,20,20
4,310,8.176849833254976e-10,0.9130279907927634,0.08697009617479066,1.9122147611121757e-06,25,20,20
4,311,1.5045673258767937e-10,0.9041866141304559,0.09581221204535409,1.1736737331084873e-06,25,20,20
4,312,1.4119543058308948e-09,0.9527016342370588,0.04729832581678872,3.85341976846378e-08,25,20,20
4,313,3.868872510239118e-09,0.8410291617964077,0.1589708062363053,2.809841392903113e-08,25,20,20
4,314,7.1509298216384325e-09,0.8132261354288914,0.1867531776615098,2.0679758668382033e-05,25,20,20
4,315,7.714352095339441e-09,0.8680588456386132,0.1319411282151258,1.8431908093622247e-08,25,20,20
4,316,8.94421309166045e-11,0.9582078270946188,0.04179118162816192,9.911877772871556e-07,25,20,20
4,317,1.1053744441992377e-10,0.9070815672340131,0.09291839187870446,4.0776744367001846e-08,25,20,20
4,318,1.7834156293642178e-09,0.8425614796971737,0.15743733515442382,1.1833649868242732e-06,25,20,20
4,319,1.3090835110981247e-10,0.8918540116614234,0.10814596553410355,2.2673563927610776e-08,25,20,20
4,320,9.370465260587408e-11,0.9741179585318969,0.025882040111097383,1.263300908416642e-09,25,20,20
4,321,1.3786800058236835e-09,0.8759818305583069,0.12401816794066031,1.2235314374745142e-10,25,20,20
4,322,1.0769549978340026e-10,0.9443669616726279,0.055633020101692576,1.8117984139950048e-08,25,20,20
4,323,1.1144260776118511e-10,0.9218335903774717,0.07816640844816226,1.062923347875152e-09,25,20,20
4,324,9.933237560120827e-10,0.7737803375403662,0.22272288888964165,0.003496772576667958,25,20,20
4,325,3.8110746623952416e-08,0.8864483458987735,0.11355062594174539,9.900487342604398e-07,25,20,20
4,326,8.576496845786075e-11,0.9631035974298497,0.03689449013539319,1.9123489920115406e-06,25,20,20
4,327,2.804449408203295e-09,0.9406554083714473,0.059342677010973996,1.911813129101496e-06,25,20,20
4,328,2.195955933139331e-06,0.8896393406947246,0.11035750112223894,9.622271027464255e-07,25,20,20
4,329,8.709377638153171e-11,0.8994852553415502,0.1005137826454466,9.619259087874002e-07,25,20,20
4,330,8.386173005520038e-11,0.9691746886893212,0.030824331319422398,9.79907394585817e-07,25,20,20
4,331,9.355927911240988e-08,0.9054498488266164,0.09455005639120326,1.222901275683221e-09,25,20,20
4,332,2.366130940963328e-11,0.9495562946182008,0.050443697690881126,7.667257127310783e-09,25,20,20
4,333,7.683728081909732e-11,0.9267335337181501,0.07326646514584967,1.0591626511369874e-09,25,20,20
4,334,0.038685334784176045,0.9087161537626669,0.052598476125516026,3.532764085625152e-08,25,20,20
4,335,1.58064442636347e-09,0.8974412370437858,0.10255872618922507,3.51863445398357e-08,25,20,20
4,336,1.2025826204613726e-11,0.9454782637978176,0.05452171819156746,1.7998589327951407e-08,25,20,20
4,337,1.345731401645158e-10,0.7735462394576433,0.22645344795011926,3.1245766433952805e-07,25,20,20
4,338,2.089447740985084e-08,0.8635823971484019,0.1364167609555152,8.210016055997286e-07,25,20,20
4,339,4.072780876809164e-09,0.8817487058398759,0.11825099573241551,2.9435492773329206e-07,25,20,20
4,340,5.813988991494508e-08,0.8540124092463472,0.14598696143810386,5.711756582567345e-07,25,20,20
4,341,5.837320800617649e-08,0.8599261547072028,0.14007376294280888,2.397677994335255e-08,25,20,20
4,342,1.5933928094951782e-07,0.8972816492165323,0.10271816405145452,2.739273213837595e-08,25,20,20
4,343,1.600390156681677e-07,0.7467109620246619,0.25328885629871406,2.163760827429753e-08,25,20,20
4,344,1.5934871425992718e-07,0.8920676337013724,0.10793191711293099,2.8983698198610614e-07,25,20,20
4,345,4.3643729290873277e-10,0.8895434216773255,0.11045628826728633,2.896189511242274e-07,25,20,20
4,346,5.229149484839891e-10,0.9075315740573058,0.09246806031481579,3.651049637281e-07,25,20,20
4,347,7.782357106605857e-08,0.922181927203217,0.07702341206347536,0.0007945829097362214,25,20,20
4,348,4.0621561246648484e-08,0.8511730205323665,0.1488269202593956,1.8586676035308663e-08,25,20,20
4,349,2.1575104599066006e-06,0.905112224065686,0.09488559436922037,2.405463285282148e-08,25,20,20
4,350,2.15756881455059e-06,0.9312909571568858,0.06870684446533164,4.0808967714379975e-08,25,20,20
4,351,5.5241420589058634e-08,0.9174505124911917,0.08254877685450725,6.554128801325817e-07,25,20,20
4,352,1.0147311986359337e-10,0.990874578529292,0.009125421033521933,3.357135614172799e-10,25,20,20
4,353,2.7402027587004476e-09,0.9512333551514083,0.04876664145908293,6.493056446470321e-10,25,20,20
4,354,1.589881401249095e-07,0.8879102394817144,0.11208960060269049,9.274544181824183e-10,25,20,20
4,355,1.8643148605573567e-07,0.8614545592007081,0.1385097382172934,3.551615051253914e-05,25,20,20
4,356,1.631754727214385e-07,0.8950203444411907,0.10497852926656424,9.631167717520603e-07,25,20,20
4,357,2.508544955758824e-07,0.865348321576813,0.1346504586308571,9.689378345414059e-07,25,20,20
4,358,7.70237370262383e-11,0.8606667296442193,0.13933231924149977,9.510372575689435e-07,25,20,20
4,359,1.8263457877730456e-09,0.907110591872038,0.09288940511678279,1.1848333405029423e-09,25,20,20
4,360,8.275431034488383e-10,0.9934513080137846,0.006548689883991119,1.2746813970960377e-09,25,20,20
4,361,7.7656193092384e-10,0.9320574533186329,0.06794136237712016,1.1835276849639909e-06,25,20,20
4,362,7.541838041228704e-10,0.9067377855399381,0.09326219273930332,2.0966574646248348e-08,25,20,20
4,363,7.542584339739932e-10,0.9436984707558372,0.056301516070043925,1.2419860482633121e-08,25,20,20
4,364,1.237987586109244e-06,0.9282901109620341,0.07170864932085169,1.7295282415438982e-09,25,20,20
4,365,1.1958625040309703e-06,0.8683230158982564,0.13167575645529955,3.178393967908721e-08,25,20,20
4,366,1.1017510082992711e-10,0.9180509453756115,0.08194900866898866,4.5845224944983424e-08,25,20,20
4,367,2.7388824536230008e-08,0.8280986430083825,0.17190130839062476,2.1212167227352976e-08,25,20,20
4,368,2.7002814390117676e-09,0.8107157775727565,0.18928418519836487,3.452859673662386e-08,25,20,20
4,369,1.0046194762461369e-07,0.8903282915673306,0.10967157914156798,2.882915368592659e-08,25,20,20
4,370,1.4401977176447705e-10,0.8515551733312754,0.14836649672970936,7.832979499516481e-05,25,20,20
4,371,2.8285854445383314e-09,0.9054719680686616,0.09452800558686199,2.3515890904630666e-08,25,20,20
4,372,1.584802398099298e-07,0.8976120470957867,0.10238682092936513,9.734946083922633e-07,25,20,20
4,373,1.6555852528405045e-08,0.8565426297204035,0.14345731080063648,4.2923107053790196e-08,25,20,20
4,374,7.365355069371768e-10,0.8931912402584623,0.10679401293457973,1.4746070422026684e-05,25,20,20
4,375,1.1567136912715634e-10,0.9623569326518115,0.03764304297725476,2.425526227250906e-08,25,20,20
4,376,2.801083243049608e-09,0.8663370192740041,0.13366295410276058,2.3822151686553706e-08,25,20,20
4,377,8.849313297622762e-11,0.8629651324384585,0.13703484968661506,1.7786433225192434e-08,25,20,20
4,378,5.4843150301204634e-11,0.8788803093019757,0.12111964949812494,4.1145056085226927e-08,25,20,20
4,379,2.8090339787186696e-09,0.7657578578751096,0.23424212230853814,1.7007317987664626e-08,25,20,20
4,380,2.782981099715277e-09,0.8660082864905503,0.13290724581252447,0.0010844649139441363,25,20,20
4,381,1.471596044926454e-08,0.9604953915604934,0.0395045710343891,2.268915722479286e-08,25,20,20
4,382,1.4810225944626135e-08,0.934104488763528,0.06589549133576465,5.090481176608767e-09,25,20,20
4,383,2.743380951254449e-09,0.8627653964262572,0.1372346008047416,2.5619795852037725e-11,25,20,20
4,384,2.926035386336732e-09,0.7027745384592454,0.2972244580464262,1.0005682919322731e-06,25,20,20
4,385,5.468922550635522e-09,0.9304587277174179,0.06954124887967209,1.793398771540901e-08,25,20,20
4,386,6.4296094176678934e-12,0.9022279221235027,0.09777207245664414,5.4134232532165476e-09,25,20,20
4,387,2.824759150139205e-09,0.8898423868777516,0.11015662477126774,9.855262213986241e-07,25,20,20
4,388,5.05112727310333e-11,0.9027342281647406,0.09726511953168213,6.522530654157472e-07,25,20,20
4,389,7.053111031784286e-10,0.899972186520137,0.10000917282799822,1.863994655377521e-05,25,20,20
4,390,7.116115638488386e-10,0.8497316178057852,0.15026838114066426,3.419385544397171e-10,25,20,20
4,391,3.182636980947453e-09,0.8806661711729784,0.11933224206887007,1.5835755141985956e-06,25,20,20
4,392,1.4418348544510236e-09,0.9492952773714051,0.05070375245775532,9.687290048139198e-07,25,20,20
4,393,1.1072967440361764e-09,0.8244273280826073,0.17555621953772588,1.6451272368828336e-05,25,20,20
4,394,3.1463856853583227e-09,0.8201174765228153,0.17986611714795636,1.640318284188402e-05,25,20,20
4,395,1.5083593907776899e-07,0.945844779802906,0.05415506901043417,3.507212047444816e-10,25,20,20
4,396,3.00627530806913e-11,0.9519250166698314,0.04807496511498125,1.818512477183364e-08,25,20,20
4,397,7.315310204816268e-10,0.9643323777687245,0.03566762136975375,1.299907148544178e-10,25,20,20
4,398,1.0552019673719392e-10,0.8603145792425128,0.13968455251151773,8.681404492940872e-07,25,20,20
4,399,1.3471607190946302e-10,0.8278509234487581,0.17214857380862683,5.026078995864709e-07,25,20,20
4,400,8.129151634533106e-11,0.8885532983602835,0.11144490972461162,1.791833813340669e-06,25,20,20
4,401,4.151390424740577e-10,0.8426268393806531,0.15736859249772894,4.5677064787560086e-06,25,20,20
4,402,2.768855577083172e-12,0.9655944612472978,0.03440552082083351,1.7929099675946436e-08,25,20,20
4,403,3.177619757561107e-11,0.9239798598328257,0.07599905303865173,2.1087096746104556e-05,25,20,20
4,404,4.5420575197248335e-09,0.8741885692607884,0.12579031005751362,2.1116139640684984e-05,25,20,20
4,405,3.3609142287312835e-07,0.830300998264746,0.16955662713824013,0.0001420385055909964,25,20,20
4,406,1.1494839903181303e-10,0.8748568378025259,0.12514121565797554,1.94642454993775e-06,25,20,20
4,407,1.721372095761162e-10,0.8878363699408457,0.11216358970622337,4.018079323631594e-08,25,20,20
4,408,0.002420199743213092,0.7816357436988818,0.215943992937258,6.362064576149283e-08,25,20,20
4,409,0.0024202011625345065,0.8300868821658692,0.16749289387893082,2.2792664512155e-08,25,20,20
4,410,1.2238113699827684e-05,0.8812706374489578,0.11871709123140979,3.3205932036643325e-08,25,20,20
4,411,1.8258088809656886e-11,0.9126605398663024,0.08733945380161691,6.313822065220205e-09,25,20,20
4,412,6.793916673742528e-11,0.9560447381969255,0.043955226044059305,3.5691075846929694e-08,25,20,20
4,413,2.8746419942833773e-11,0.959562754880328,0.040437209580035195,3.551088963893223e-08,25,20,20
4,414,5.3734461472552414e-11,0.9743751204314265,0.0256248791799123,3.34926743849392e-10,25,20,20
4,415,2.7918049639032755e-09,0.9608332397811671,0.03916675665387259,7.731555131648369e-10,25,20,20
4,416,3.809777188414815e-09,0.8699862761471366,0.1300130947245228,6.253185633931074e-07,25,20,20
4,417,0.0002527151362355494,0.9664998775413014,0.03324689146607066,5.158563921278266e-07,25,20,20
4,418,0.0002527117661230307,0.9271145219121243,0.07263226794807905,4.983736736408392e-07,25,20,20
4,419,1.3198364289011602e-12,0.9783930480567556,0.02160695193751264,4.411855986479324e-12,25,20,20
4,420,3.936223932228326e-12,0.9337723007631239,0.06622767573481156,2.3498128302109872e-08,25,20,20
4,421,2.8965742587829994e-09,0.9592348574976686,0.04076510366297668,3.5942780712595487e-08,25,20,20
4,422,2.9278902638699627e-09,0.9317231042019938,0.06827685736426732,3.5505848768067856e-08,25,20,20
4,423,2.8477833023263802e-09,0.937081747728816,0.06291823149837246,1.792502791111852e-08,25,20,20
4,424,4.3449124692650466e-08,0.9876278829203582,0.012372072662607236,9.67909855388932e-10,25,20,20
4,425,4.06214776415843e-08,0.9407943115358794,0.05920564709425498,7.483878400564951e-10,25,20,20
4,426,4.9733924135922314e-11,0.910410012825742,0.08958998667714776,4.4737670627130977e-10,25,20,20
4,427,2.464163164205903e-08,0.8942352650378794,0.10574824509362422,1.646522686465685e-05,25,20,20
4,428,6.887762919690687e-11,0.8814488863260883,0.11855073152761725,3.820774171935009e-07,25,20,20
4,429,1.5196191747845657e-09,0.8878980698266267,0.11207058009136867,3.134856238508887e-05,25,20,20
4,430,1.6068958366377058e-09,0.8918434608629653,0.10812518876626266,3.134876387600152e-05,25,20,20
4,431,1.5877223525141238e-09,0.9191109324069667,0.0808577124867806,3.135351853016939e-05,25,20,20
4,432,3.5644677560621125e-09,0.8760321894223515,0.12396711309768199,6.939154982684831e-07,25,20,20
4,433,3.87876006092735e-09,0.8890695481715578,0.11093004321218332,4.0473749823388834e-07,25,20,20
4,434,1.4906988629443756e-09,0.8968645154697404,0.10313509569018783,3.873493722616799e-07,25,20,20
4,435,3.1591299331327066e-09,0.8674444105853233,0.1325555852893387,9.662079599815073e-10,25,20,20
4,436,1.1074112669911856e-09,0.8844380942856089,0.1155619042681189,3.3886095438945987e-10,25,20,20
4,437,3.5932851075583358e-09,0.931399429044312,0.06860053212016054,3.524224206660379e-08,25,20,20
4,438,1.8535170741432393e-09,0.9297748355647988,0.07022516214263665,4.390468367928533e-10,25,20,20
4,439,3.862464408772282e-09,0.9090928229388708,0.09090717275168574,4.4697867736828715e-10,25,20,20
4,440,3.4610324239572453e-09,0.8744860893372547,0.12551388906549607,1.8136216996053866e-08,25,20,20
4,441,2.3002933954317303e-08,0.9229583011444384,0.07704165786257348,1.7990053915460313e-08,25,20,20
4,442,4.732324579262303e-08,0.8952810170164116,0.10471893464416969,1.0161726858756427e-09,25,20,20
4,443,7.727588476754592e-10,0.9502188676060852,0.04978111270616806,1.8914987483102826e-08,25,20,20
4,444,1.617640736088756e-11,0.8750026522273862,0.12499705865987108,2.890965665302907e-07,25,20,20
4,445,5.030031541592842e-11,0.9011367365710956,0.09886202322324737,1.240155356656523e-06,25,20,20
4,446,7.605172683228037e-10,0.8575777334439071,0.14242198662507943,2.791704956543963e-07,25,20,20
4,447,4.1053928270322044e-08,0.8722409851843969,0.12775867744505753,2.9631661708534456e-07,25,20,20
4,448,4.231065178186064e-08,0.9887032549237486,0.011296684853528843,1.7912070536642026e-08,25,20,20
4,449,4.043399596925052e-08,0.9203591031223636,0.07964085060804718,5.835592582695597e-09,25,20,20
4,450,1.902722979118468e-07,0.9795475681276787,0.020451290175502713,9.51424520628159e-07,25,20,20
4,451,1.5045876612173932e-07,0.9249197157371323,0.07508013283878615,9.653151819969254e-10,25,20,20
4,452,1.5401454278683556e-07,0.9205746148261099,0.07942522866406175,2.4952852366723217e-09,25,20,20
4,453,1.38276216215195e-09,0.9660608250185773,0.033939172038507354,1.5601529544671582e-09,25,20,20
4,454,6.218292448081637e-05,0.9113348515343506,0.08860295631508742,9.226081149640739e-09,25,20,20
4,455,1.6991046599020733e-07,0.8124477888548385,0.18755201219650686,2.9038188178662918e-08,25,20,20
4,456,1.696454731430502e-07,0.8175361558698964,0.18246301530815842,6.59176471658144e-07,25,20,20
4,457,2.1514487565759568e-07,0.9000501693590427,0.09994925119817148,3.6429791028587567e-07,25,20,20
4,458,7.034070171408224e-10,0.9599787566523615,0.040021200538272,4.210595990493655e-08,25,20,20
4,459,1.1087689786015513e-10,0.9066457925722885,0.09335417165725957,3.565957485465415e-08,25,20,20
4,460,2.754467468940056e-09,0.892693074065597,0.10730689412338151,2.9056553884300554e-08,25,20,20
4,461,5.599664059304363e-06,0.9071885060710669,0.09280588246326993,1.1801603579639566e-08,25,20,20
4,462,3.457828097453249e-10,0.8492135804330738,0.1507864125376889,6.68345419424174e-09,25,20,20
4,463,3.041845148477646e-09,0.8364638607917602,0.16353517984801116,9.563183834933862e-07,25,20,20
4,464,2.6011746392677965e-07,0.808197314254364,0.19169007577237324,0.00011234985579860873,25,20,20
4,465,1.4889592684451799e-05,0.8072723232741553,0.19269360983945583,1.9177293703907755e-05,25,20,20
4,466,1.2012315164762344e-08,0.8946344555163166,0.10536550664926211,2.5822106040076244e-08,25,20,20
4,467,5.115653146617895e-08,0.8561424979695486,0.14385256370895944,4.887164960583774e-06,25,20,20
4,468,1.2650127189394747e-08,0.945060448878901,0.05493951962053956,1.8850432371614893e-08,25,20,20
4,469,6.771652751698074e-10,0.9613599168761412,0.038640081482542527,9.641511806397883e-10,25,20,20
4,470,9.236656562757626e-10,0.9403968909040485,0.05960308486451189,2.3307774096036807e-08,25,20,20
4,471,7.185879249749034e-10,0.9705387681191041,0.029460280331273365,9.508310349501796e-07,25,20,20
4,472,8.45438815474874e-06,0.9087226878866888,0.0912678619446815,9.957804751626827e-07,25,20,20
4,473,6.956370991013508e-05,0.9290623943102517,0.0708670655634016,9.764164366519956e-07,25,20,20
4,474,8.494045087821528e-06,0.9471811899574086,0.05280934782712612,9.68170376979912e-07,25,20,20
4,475,3.2355657872769375e-06,0.8638155535379921,0.13618084547985793,3.6541636184050024e-07,25,20,20
4,476,6.246359500245665e-11,0.8961325234734963,0.10386745826407641,1.8199963206248948e-08,25,20,20
4,477,7.441690118906924e-10,0.8639199318191744,0.1360796962553341,3.711813222481372e-07,25,20,20
4,478,1.3220784480969346e-07,0.8507163275621977,0.14928353957102294,6.58934478686075e-10,25,20,20
4,479,7.496336735112213e-11,0.9660506810766804,0.03394931774717844,1.1011779824782515e-09,25,20,20
4,480,8.621599521857795e-10,0.8897622087808525,0.11020727068662003,3.051967036810935e-05,25,20,20
4,481,8.225074143235385e-10,0.8787700297123796,0.12122996362841175,5.836701722479358e-09,25,20,20
4,482,3.719201768702878e-08,0.9457915715526175,0.05420839031822214,9.371429630367342e-10,25,20,20
4,483,1.5407938869099287e-07,0.9079728977074957,0.09202693000999503,1.820312086872649e-08,25,20,20
4,484,4.428071565080438e-09,0.9392653047067647,0.06064513667088467,8.955419427903153e-05,25,20,20
4,485,3.2262164847461813e-10,0.8531725373423952,0.14682704531381177,4.170211707122331e-07,25,20,20
4,486,7.596885038117941e-11,0.8682243790263603,0.13177559952144582,2.13762250151208e-08,25,20,20
4,487,7.086928465992311e-11,0.862854468010256,0.13714549312152596,3.879734817845569e-08,25,20,20
4,488,1.1439867118472758e-09,0.8372502115189964,0.16274976962323204,1.7713785028077647e-08,25,20,20
4,489,2.5492966763026164e-09,0.9290039357679676,0.07099603458773233,2.7095003002835608e-08,25,20,20
4,490,2.5870717651619567e-09,0.8920787786966429,0.10792119170967637,2.7006608431560384e-08,25,20,20
4,491,4.999524356716768e-10,0.8813474103836499,0.11865253328851519,5.5827881457267144e-08,25,20,20
4,492,1.719523420117126e-09,0.930578364634749,0.06942161634655275,1.7299174519217562e-08,25,20,20
4,493,1.7329398846090223e-09,0.9467729478060056,0.053227049505693576,9.553611769728389e-10,25,20,20
4,494,2.7723862972390968e-09,0.9212655853088827,0.07873441141854719,5.001837454299958e-10,25,20,20
4,495,0.002273176728677466,0.873695637737689,0.12403087071590034,3.1481773299465e-07,25,20,20
4,496,6.913410879465319e-11,0.8617908652085259,0.13820913363319032,1.0891495439664606e-09,25,20,20
4,497,4.6295786967352194e-10,0.9032690369919497,0.09673033732843042,6.252166621251647e-07,25,20,20
4,498,7.454480843412244e-10,0.9655913989197401,0.034408599367089295,9.677225101502005e-10,25,20,20
4,499,1.5129312017508025e-09,0.9682531582906175,0.03174681239689598,2.779955554115221e-08,25,20,20
4,500,3.06208432910761e-09,0.9098163374406754,0.09018364877392497,1.072331528427254e-08,25,20,20
4,501,2.1939347754503862e-08,0.9083330249346236,0.09166695260784669,5.181820646777441e-10,25,20,20
4,502,2.731416370062665e-08,0.8673365460985916,0.13266339118708373,3.5400161011786134e-08,25,20,20
4,503,7.0348703121278465e-09,0.9131260047258485,0.08687398774453721,4.947443476003481e-10,25,20,20
4,504,5.727477347368041e-09,0.9407685922855002,0.05923134882637911,5.316064344281615e-08,25,20,20
4,505,2.312334311248062e-09,0.9624697258723732,0.03753023639012727,3.5425164871888726e-08,25,20,20
4,506,6.768845092501984e-10,0.9125863360694126,0.08741364548602984,1.7767673237008354e-08,25,20,20
4,507,3.346871374345809e-05,0.912141136240121,0.0878253727205837,2.232555154053284e-08,25,20,20
4,508,1.56451043934716e-07,0.9446049413614035,0.05539486805599754,3.413155485489125e-08,25,20,20
4,509,1.6007154180320032e-07,0.967097282651951,0.03290156500061164,9.922758955399718e-07,25,20,20
4,510,5.7349485784836183e-08,0.9200961540835493,0.07990341282471534,3.75742249524695e-07,25,20,20
4,511,5.4632502011945584e-08,0.8192879893863231,0.18071155902782976,3.9695334468683284e-07,25,20,20
4,512,1.5708005033836676e-08,0.8521064452261516,0.14789312820143238,4.1086441034382896e-07,25,20,20
4,513,1.0877869528075187e-09,0.8831342137278106,0.11686576780004528,1.738435690528709e-08,25,20,20
4,514,2.5852257412047917e-08,0.8616275062794964,0.13833685053064626,3.5617337599405985e-05,25,20,20
4,515,2.833078857509657e-08,0.815645850659298,0.18431851949993733,3.560150997635157e-05,25,20,20
4,516,2.68650136660275e-08,0.8017130355346879,0.19825078337710078,3.61542231975511e-05,25,20,20
4,517,2.7948336094732862e-09,0.8330838158423272,0.16691613839016006,4.297267924242559e-08,25,20,20
4,518,1.5798464274680992e-11,0.9096892884380026,0.09031068085668698,3.068951185892064e-08,25,20,20
4,519,2.7950362354818705e-09,0.9279436404736867,0.07205633852114338,1.821013328879319e-08,25,20,20
4,520,5.6613253643595946e-09,0.8734228743227068,0.12657653719076375,5.828252036350864e-07,25,20,20
4,521,2.7615132236492956e-09,0.9621713136111739,0.03782866513150749,1.849580539136175e-08,25,20,20
4,522,1.463937238109842e-12,0.9148471415045824,0.08515285787221549,6.217381625236202e-10,25,20,20
4,523,8.731740880249991e-11,0.8973464481045064,0.10265353421932132,1.7588854866940266e-08,25,20,20
4,524,4.1024713696104073e-08,0.9375342940651611,0.06246564677393093,1.813619437041676e-08,25,20,20
4,525,3.832669995875912e-08,0.9639940830739276,0.03600491025002749,9.683493447685405e-07,25,20,20
4,526,6.329929066958614e-11,0.9336260998288579,0.06637335289155187,5.472162908447364e-07,25,20,20
4,527,1.357980016485258e-08,0.8602817966229992,0.13971734669768254,8.430995181913978e-07,25,20,20
4,528,8.63417316848698e-06,0.9086472768997871,0.09134378197897712,3.069480671495531e-07,25,20,20
4,529,1.3647354385589051e-08,0.8830539699248378,0.11693099859372637,1.5017834080871775e-05,25,20,20
4,530,5.2594261449616604e-08,0.7526501584688363,0.24733504944313078,1.4739493771238968e-05,25,20,20
4,531,7.511548566176757e-11,0.9592462445652669,0.040753755033805274,3.2581193692603967e-10,25,20,20
4,532,1.4893459749995734e-09,0.9040476644709362,0.09595230409309422,2.994662323700969e-08,25,20,20
4,533,1.0539021587072708e-06,0.8704265684077924,0.12957187543616264,5.022538859569317e-07,25,20,20
4,534,1.4376238258945162e-09,0.9413292869757518,0.05867068766416397,2.392246019204732e-08,25,20,20
4,535,7.237319758164319e-10,0.9121855131037664,0.08781447537431535,1.07981865324332e-08,25,20,20
4,536,1.1481432857735181e-10,0.9286316704865305,0.07136775851087317,5.708877818724087e-07,25,20,20
4,537,1.0457562591914387e-10,0.9436864566464432,0.056313525019615576,1.822936570719876e-08,25,20,20
4,538,2.8412924852657086e-09,0.9750884877880062,0.024911490762458004,1.860824363024902e-08,25,20,20
4,539,4.5250307648576675e-08,0.9062762112578667,0.0937237426362335,8.555922509300637e-10,25,20,20
4,540,1.4993955017531469e-09,0.9018551522912371,0.09814484574454603,4.6482100787335107e-10,25,20,20
4,541,5.649728261608779e-11,0.8932707020594439,0.10672927958439589,1.8299663081416162e-08,25,20,20
4,542,2.833145344499432e-09,0.9365471609338175,0.06345283480453376,1.4285033001080207e-09,25,20,20
4,543,1.5296221895668443e-10,0.8925599632306189,0.10742530844499287,1.4728171426719356e-05,25,20,20
4,544,7.385530758474425e-11,0.8948101690846461,0.10517510205454098,1.4728786957632708e-05,25,20,20
4,545,1.4717781034829455e-11,0.9724395986893856,0.027559768660883593,6.326350129707087e-07,25,20,20
4,546,2.1735520913328253e-08,0.8882324576332501,0.11176751136992516,9.261304178268899e-09,25,20,20
4,547,2.700616562598437e-09,0.9472612680013746,0.052738711367699864,1.7930308680351218e-08,25,20,20
4,548,1.158715696428302e-10,0.9337122804738104,0.06628768412537236,3.528494508299029e-08,25,20,20
4,549,2.6380282315950367e-11,0.9431959492867443,0.056804032866495296,1.782037966007035e-08,25,20,20
4,550,1.7129020604255613e-10,0.9623639223903524,0.0376351093338513,9.68104505882697e-07,25,20,20
4,551,1.2369035178722733e-07,0.942569511229918,0.05742936408390308,1.0009958274342702e-06,25,20,20
4,552,3.961382922063529e-08,0.9903626408282669,0.009637302037862183,1.7520041769675364e-08,25,20,20
4,553,1.4648908430081024e-09,0.983527596647876,0.016472383431629635,1.8455603518072312e-08,25,20,20
4,554,2.1820878586050996e-06,0.9623479978673041,0.03764981816139159,1.883445625327109e-09,25,20,20
4,555,2.009102369437538e-10,0.8228547169424587,0.17714463123655252,6.516200780934899e-07,25,20,20
4,556,3.0029091499324777e-09,0.8881090040610701,0.11189098267971465,1.0256306131871606e-08,25,20,20
4,557,5.706092019337685e-09,0.9150124201975264,0.084987572964938,1.1314434781022235e-09,25,20,20
4,558,2.3974742596490143e-06,0.854454130004633,0.14554319345476224,2.790663447071185e-07,25,20,20
4,559,3.067158272305228e-10,0.849337614540189,0.1506623745642729,1.0588822121445545e-08,25,20,20
4,560,4.1237340161853255e-11,0.9003245518983265,0.09967488378623635,5.642741997236548e-07,25,20,20
4,561,3.225461702550516e-11,0.8966059732074467,0.1033934616415035,5.65118795163865e-07,25,20,20
4,562,7.680934896450362e-10,0.8249687438019666,0.17503069286455042,5.625653889832152e-07,25,20,20
4,563,4.2369156990941145e-10,0.9065517909167208,0.093447651165099,5.574944888306164e-07,25,20,20
4,564,4.4963163505565325e-08,0.8128823012456249,0.18711594832417333,1.7054670377829183e-06,25,20,20
4,565,5.090582099525356e-10,0.8984369052939145,0.10156251157689003,5.826201371854513e-07,25,20,20
4,566,7.94587226590607e-10,0.8251737144433468,0.1748262796573847,5.104681107148589e-09,25,20,20
4,567,2.255981941831369e-08,0.8584667560784283,0.14153213440815227,1.0869535992456443e-06,25,20,20
4,568,7.270124635437525e-10,0.9309007860468478,0.06909919674058179,1.6485557852911393e-08,25,20,20
4,569,1.4686185632918176e-09,0.8901379187644716,0.10986207427647549,5.490434263416607e-09,25,20,20
4,570,7.620925097625158e-11,0.9340690179735925,0.06593097654183667,5.408361402253437e-09,25,20,20
4,571,1.5816076051742015e-11,0.9620333315415902,0.03796666811619271,3.264008180345367e-10,25,20,20
4,572,1.4036061574905252e-09,0.88475956368979,0.11524013880003112,2.9610657276573655e-07,25,20,20
4,573,5.0804482875015214e-09,0.8071906507153142,0.19280901942860268,3.247756345233892e-07,25,20,20
4,574,8.80676456421935e-10,0.8811326352928655,0.11886732828871342,3.553774454268427e-08,25,20,20
4,575,6.879711645507371e-10,0.9030359368485701,0.09696404485324686,1.7610212207941488e-08,25,20,20
4,576,7.718918183178932e-10,0.8648125050264166,0.135187471404804,2.279688713071571e-08,25,20,20
4,577,8.429439713090985e-06,0.9131593668568155,0.08683124700829836,9.566951732340471e-07,25,20,20
4,578,8.559303183282152e-09,0.9357930832803053,0.06420687231720666,3.5843184246268686e-08,25,20,20
4,579,3.792406954341783e-08,0.9006373108352024,0.09936264998020265,1.2605246002950023e-09,25,20,20
4,580,3.788075096107999e-08,0.909893149318223,0.0901067941509397,1.8650086280393693e-08,25,20,20
4,581,3.793237874978918e-08,0.9183190675467884,0.08168087628993716,1.8230895461645836e-08,25,20,20
4,582,2.8405333042450588e-09,0.9610414387655339,0.038958534159921655,2.4234011164469553e-08,25,20,20
4,583,1.755754105478721e-09,0.8804531152028768,0.11954686301620798,2.0025160734997296e-08,25,20,20
4,584,4.614989181893927e-09,0.9539587498959637,0.0460412441818718,1.3071749114646719e-09,25,20,20
4,585,4.52252359152596e-09,0.9502687273358693,0.04973090209202788,3.6604957899224015e-07,25,20,20
4,586,1.8102552356665164e-09,0.9358575653554088,0.06414204887423006,3.8396010549562287e-07,25,20,20
4,587,1.3122723429183325e-08,0.8541576036232482,0.14584205826662397,3.2498740356235825e-07,25,20,20
4,588,1.7639329960848097e-09,0.9015020438680255,0.0984969610817549,9.932862863959952e-07,25,20,20
4,589,1.3255690973684995e-08,0.9154043991899482,0.08459458867793242,9.988764278763058e-07,25,20,20
4,590,1.0426424534232903e-08,0.8886127702516269,0.11138719555336866,2.3768579386490676e-08,25,20,20
4,591,6.278608655516148e-11,0.8564801208942899,0.14351985618021407,2.286270940511035e-08,25,20,20
4,592,1.8506745630858317e-12,0.9071450771262047,0.09285492189769587,9.742486967095583e-10,25,20,20
4,593,1.5837352250014542e-11,0.8608264658563405,0.13915287340156446,2.0660726257861096e-05,25,20,20
4,594,4.285058845377666e-09,0.844895751054301,0.1551042258443786,1.881626121488078e-08,25,20,20
4,595,2.3576962238977837e-08,0.870175336129363,0.1298240638642158,5.764294589967543e-07,25,20,20
4,596,2.35804308021235e-08,0.8359348951168564,0.16404976120927986,1.5320093431906498e-05,25,20,20
4,597,2.256534599024139e-09,0.8288199685820031,0.17116490186530828,1.5127296153930194e-05,25,20,20
4,598,9.977881513053855e-10,0.8681076547808317,0.13187725206894532,1.5092152434631954e-05,25,20,20
4,599,2.5420224563117374e-10,0.8001197441497788,0.199879890779058,3.648169608404865e-07,25,20,20
4,600,1.0470120168554345e-10,0.8978365303073588,0.10216346884265283,7.452871652010506e-10,25,20,20
4,601,1.4991266540315082e-12,0.8790953350707119,0.12090466463252576,2.9526326217082345e-10,25,20,20
4,602,1.7313737562596673e-07,0.9288220691871186,0.07117675687516764,1.0008003383499696e-06,25,20,20
4,603,1.5394979896148704e-07,0.8552626194329342,0.14473624320370487,9.834135613211374e-07,25,20,20
4,604,1.5385713825635928e-07,0.8401669003815977,0.1598329278288322,1.7932431744169296e-08,25,20,20
4,605,2.7526599939211567e-09,0.8421147787767551,0.1578852174963512,9.74233567754968e-10,25,20,20
4,606,3.9924243536603216e-08,0.8885850557618156,0.1114149029081875,1.4057535480812527e-09,25,20,20
4,607,7.024830994629939e-10,0.8623420907977716,0.13765790244127957,6.058465938777946e-09,25,20,20
4,608,3.0831360502441947e-07,0.9357656037402461,0.06423408604750577,1.8986430758649725e-09,25,20,20
4,609,8.22807972295572e-11,0.9582741578104907,0.041725840639337604,1.4678909241968391e-09,25,20,20
4,610,1.262345265705598e-10,0.8533858325846757,0.1466141014216786,6.586741099267372e-08,25,20,20
4,611,1.1433277439956051e-10,0.8811356261013006,0.11886437220617871,1.5781879136687697e-09,25,20,20
4,612,2.413397751937067e-08,0.7865601813466704,0.21340488327274035,3.491124661142284e-05,25,20,20
4,613,2.1141666790402795e-11,0.9177082357360185,0.08229172953042385,3.4712416055530475e-08,25,20,20
4,614,1.0992444811747993e-06,0.8591486389189401,0.1408502258712888,3.5965289450834286e-08,25,20,20
4,615,4.416870088899477e-10,0.8568668104232298,0.14313315345116048,3.568392268769975e-08,25,20,20
4,616,5.791758097149474e-10,0.8525572528813885,0.14744271011494198,3.6424493592343445e-08,25,20,20
4,617,3.1823283694634436e-09,0.8919131711413211,0.10808679003923391,3.563711609192754e-08,25,20,20
4,618,2.7555482700957367e-09,0.8175787278045554,0.18242069362221017,5.758176855997225e-07,25,20,20
4,619,2.773509801592061e-09,0.9059455603092468,0.09405385356088361,5.833563595864762e-07,25,20,20
4,620,2.6216139284004353e-07,0.8720748083767975,0.12792376749211348,1.1619696957179688e-06,25,20,20
4,621,1.5825737397500077e-07,0.8777733889302267,0.12222430433299301,2.1484794064463477e-06,25,20,20
4,622,1.582446773931229e-07,0.8817389024270709,0.11826091994277477,1.938547678747657e-08,25,20,20
4,623,4.588583154722569e-08,0.8751012287985418,0.12489870626394216,1.9051683487332818e-08,25,20,20
4,624,9.147595529253614e-08,0.8633546983491535,0.1366442416829948,9.684918961017515e-07,25,20,20
4,625,5.7986013025829184e-09,0.8800170093250737,0.1199829493926806,3.548364411097357e-08,25,20,20
4,626,1.9528313715472942e-07,0.8629049748866413,0.09705993481225114,0.040034895017970654,25,20,20
4,627,4.815739014513287e-10,0.9319782638073332,0.06798683097579027,3.49047353027054e-05,25,20,20
4,628,6.550570632120741e-12,0.9091103258582455,0.0908896677137813,6.42142245843959e-09,25,20,20
4,629,1.5380448643508375e-07,0.9227447439783372,0.07725510031749877,1.899677436109601e-09,25,20,20
4,630,2.7526737016599332e-09,0.9468878414009758,0.05311213678577115,1.9060578743922047e-08,25,20,20
4,631,3.912667714057322e-10,0.8989752774617006,0.10102471162990927,1.0517123037545161e-08,25,20,20
4,632,4.708889359038432e-11,0.8797978505126781,0.12020119862573411,9.508144991346943e-07,25,20,20
4,633,5.0405427196758365e-06,0.8119482916574468,0.18804608343457077,5.843652630279103e-07,25,20,20
4,634,5.040469994637896e-06,0.9695267221424224,0.030467670647032135,5.66740550738602e-07,25,20,20
4,635,5.0411637464873375e-06,0.9432505121602286,0.05674349867416918,9.480018552332148e-07,25,20,20
4,636,7.744913784401074e-10,0.8575492229900662,0.1424507578138649,1.842157663207335e-08,25,20,20
4,637,8.055752331303143e-10,0.9084431051565268,0.09155592482663782,9.69211259708674e-07,25,20,20
4,638,4.0218307725551004e-08,0.9293559742573748,0.07064394924537984,3.6278937932595246e-08,25,20,20
4,639,4.25137927178175e-08,0.9004956014130968,0.09950432712631853,2.8946791769890683e-08,25,20,20
4,640,6.316470019254415e-09,0.8377363790910262,0.16226355940819587,5.5184307373805104e-08,25,20,20
4,641,4.603993055425054e-10,0.9199914799296194,0.08000851917895355,4.310274075753125e-10,25,20,20
4,642,1.59427468714328e-10,0.9867747716590656,0.013225209387414495,1.8794092215915397e-08,25,20,20
4,643,1.5445621894772697e-07,0.9678066484540808,0.0321931875493003,9.540399443482823e-09,25,20,20
4,644,1.6043766760122784e-09,0.9304802452688485,0.06951973489357459,1.823319979637421e-08,25,20,20
4,645,1.382454028414512e-11,0.9359168435369801,0.06408315563139984,8.177948979620111e-10,25,20,20
4,646,3.1998327830639064e-11,0.8596073382891053,0.14039266126269948,4.161958233886608e-10,25,20,20
4,647,1.5568056812825182e-07,0.8791707436023715,0.1208290998218301,8.952300295020401e-10,25,20,20
4,648,1.5366466533199363e-07,0.9188246761748177,0.08117514248594107,2.767457585662127e-08,25,20,20
4,649,2.637553801075283e-09,0.9670792988092244,0.03291970246680085,9.960864211799645e-07,25,20,20
4,650,2.7690169445430844e-09,0.9162286191480205,0.08377103122154626,3.468614163613815e-07,25,20,20
4,651,2.785155298815299e-09,0.9388768039805488,0.06112319259835084,6.35944876988276e-10,25,20,20
4,652,1.96626042169439e-08,0.8511914659341109,0.1488080123357051,5.020675796031358e-07,25,20,20
4,653,3.860710184099041e-08,0.9582971023837444,0.041701878187754185,9.808213992071125e-07,25,20,20
4,654,4.294397305449614e-09,0.943058629967186,0.056940796064897305,5.696735188379792e-07,25,20,20
4,655,2.8510833412743454e-09,0.9513227139379032,0.048676696658402456,5.865526105104689e-07,25,20,20
4,656,5.693728316551306e-09,0.9138144455794489,0.08618553845812457,1.026869776211687e-08,25,20,20
4,657,3.572497995823276e-09,0.8704197715437823,0.12958018301683086,4.1866888483502524e-08,25,20,20
4,658,3.5043508058436344e-09,0.9195027341071742,0.08049721759212916,4.4796345598918495e-08,25,20,20
4,659,3.561217008350915e-09,0.9677683228733699,0.03223162835046264,4.52149504866986e-08,25,20,20
4,660,1.3995364717995156e-09,0.9444920927566076,0.05550790566223515,1.8162007955715026e-10,25,20,20
4,661,2.1804263661251794e-09,0.9566942616784587,0.04330573518911786,9.519967168681694e-10,25,20,20
4,662,1.341461788545168e-09,0.8752803929379942,0.12471957770762206,2.8012921463637578e-08,25,20,20
4,663,1.6515843050472156e-08,0.8652494285775352,0.13472784928659104,2.2705620030916794e-05,25,20,20
4,664,2.0932129178454904e-06,0.9280684677944722,0.0719294384640108,5.285987895975457e-10,25,20,20
4,665,2.066025001970322e-09,0.900228221791256,0.09977176522259218,1.0920126679534721e-08,25,20,20
4,666,2.244431390137934e-09,0.8787787169746454,0.12122080741768418,4.7336323845271475e-07,25,20,20
4,667,2.6994417862573374e-07,0.7498468152493385,0.25015289658511647,1.822136665128487e-08,25,20,20
4,668,4.806365620667595e-09,0.9238069637596209,0.07619301255840787,1.88756055188893e-08,25,20,20
4,669,4.856375535832465e-10,0.9718266691165658,0.02817332973641468,6.613815270860389e-10,25,20,20
4,670,1.1082594149203024e-09,0.9092697092623054,0.09073028866479949,9.646352053047219e-10,25,20,20
4,671,6.354238319381468e-11,0.9472071578450474,0.05279284143495686,6.564529904792702e-10,25,20,20
4,672,3.9606311005950875e-09,0.8691451913221044,0.1308548037317549,9.855086028068193e-10,25,20,20
4,673,9.850762931420452e-11,0.8389024424660895,0.16109725071899628,3.0671640579433603e-07,25,20,20
4,674,4.949413446841216e-10,0.9517411611233914,0.048258803313113205,3.506855373555034e-08,25,20,20
4,675,1.4432052214064722e-09,0.9040531388092101,0.09594685280878602,6.9387985433880836e-09,25,20,20
4,676,1.4581089441003286e-09,0.879792529444369,0.12020746214023145,6.957290059829161e-09,25,20,20
4,677,1.6165473652256607e-11,0.9656397419189459,0.034360257094104105,9.707846011488288e-10,25,20,20
4,678,1.0137898996078238e-09,0.9083731777785338,0.09162681963375217,1.5739241235194738e-09,25,20,20
4,679,1.1233433596077446e-09,0.8521208683269399,0.14787912971785283,8.318638092193348e-10,25,20,20
4,680,8.64809341694922e-11,0.8522936420907753,0.14770635669109014,1.1316534925365923e-09,25,20,20
4,681,3.5373839399875698e-09,0.8805458126764152,0.11945418264064873,1.1455519217359294e-09,25,20,20
4,682,1.5458247848759157e-09,0.8976530406527797,0.10234693894975454,1.885163993759642e-08,25,20,20
4,683,7.34073236805133e-09,0.778794408025272,0.2212045898055223,9.948284727087615e-07,25,20,20
4,684,7.556058750860651e-10,0.8693821228132347,0.1306178295954431,4.6835716095811045e-08,25,20,20
4,685,2.844054149561015e-09,0.8486902405633758,0.15130972076387827,3.582869184767094e-08,25,20,20
4,686,2.83838755193909e-09,0.8318692187236748,0.16813070847734196,6.996059508873008e-08,25,20,20
4,687,1.1311881774364483e-08,0.886680714359274,0.11331519134949543,4.082979348043771e-06,25,20,20
4,688,2.9822330842633753e-09,0.9144308633686351,0.08547281550223707,9.631814689404773e-05,25,20,20
4,689,2.9442816374809446e-09,0.9506912716544249,0.04930814683914354,5.785621496465292e-07,25,20,20
4,690,1.593271999586815e-07,0.7751712602872685,0.22482800170070888,5.786848220058719e-07,25,20,20
4,691,8.657026233424553e-06,0.9001614192272592,0.09982934708230845,5.766641989242183e-07,25,20,20
4,692,7.093897782652458e-10,0.8855624209410068,0.11443726526416187,3.1308544138279884e-07,25,20,20
4,693,7.506820014535612e-10,0.8948816203358464,0.10511834950747234,2.9405999596954363e-08,25,20,20
4,694,1.788215963225658e-08,0.9083040875023178,0.09169577951768375,1.1509783882374229e-07,25,20,20
4,695,1.8949136593565902e-07,0.8534676767609278,0.14653099062736405,1.1431203418191744e-06,25,20,20
4,696,1.2720497625750825e-08,0.9072503460418458,0.09274934613773934,2.9509991703979674e-07,25,20,20
4,697,2.1209308366507896e-09,0.9161617805280369,0.08383790962022042,3.077308109723343e-07,25,20,20
4,698,8.083174996054959e-10,0.9039825474346336,0.09601743229398582,1.946306296823488e-08,25,20,20
4,699,1.1047858281721072e-10,0.9912424368909508,0.008757545162176113,1.7836394715364688e-08,25,20,20
4,700,3.2068878840073418e-09,0.9267857320728065,0.07318316136786451,3.1103352441036286e-05,25,20,20
4,701,3.5698980848388903e-09,0.8552932906832815,0.14465760988454224,4.909586227755141e-05,25,20,20
4,702,3.0687479728218717e-09,0.8864495949616286,0.11354946305084561,9.389187770044837e-07,25,20,20
4,703,2.8028075075852357e-09,0.9073023490334671,0.09269602242179584,1.625741929330795e-06,25,20,20
4,704,2.8634281219415614e-09,0.9041987892269243,0.09580120745152568,4.581217777416301e-10,25,20,20
4,705,1.1146311417340418e-11,0.8428411043730019,0.1571588552171056,4.0398745897462554e-08,25,20,20
4,706,4.5607621309628474e-12,0.9402978799311468,0.059702101735596626,1.832869570266016e-08,25,20,20
4,707,3.3834465167225617e-09,0.869813497975137,0.13018649727793064,1.363484787869776e-09,25,20,20
4,708,3.3742327414218536e-09,0.8450304205942932,0.15496957497960667,1.0518671382539029e-09,25,20,20
4,709,2.83004593427233e-09,0.8432863267611046,0.15671362241150558,4.799734406376426e-08,25,20,20
4,710,5.960258577133663e-08,0.9175482254813945,0.08245169758834546,1.7327674244675026e-08,25,20,20
4,711,6.299048915084358e-08,0.8732218662520568,0.12677807040002792,3.574258365332547e-10,25,20,20
4,712,2.9329699002240307e-09,0.9365462102065323,0.06345376915998487,1.770051257509182e-08,25,20,20
4,713,3.6935951098774474e-10,0.8874642140668157,0.11253576236540974,2.31984140937994e-08,25,20,20
4,714,7.281429323590882e-11,0.9598066569180114,0.04017530889316236,1.803411601194372e-05,25,20,20
4,715,7.942503925039743e-10,0.9029422849795802,0.09703971482319089,1.799940297770564e-05,25,20,20
4,716,1.0979602326358914e-06,0.8458216724532955,0.1541582447523508,1.898483412130518e-05,25,20,20
4,717,1.1007022177086716e-06,0.8387428759658235,0.16125597667709146,4.665486692476586e-08,25,20,20
4,718,1.1006922175495179e-06,0.9354066343858705,0.06459222952063343,3.540127840688056e-08,25,20,20
4,719,1.09799415501432e-06,0.9197239433642317,0.08027495797043746,6.711761586647726e-10,25,20,20
4,720,1.0980480676024383e-06,0.9379102554632397,0.06208864569277303,7.959194487482341e-10,25,20,20
4,721,9.875291153126788e-08,0.9210170430096657,0.07898285131698557,6.92043690929088e-09,25,20,20
4,722,2.61597039095685e-10,0.9370158165537369,0.06298415359165438,2.9593011629523783e-08,25,20,20
4,723,8.939456815139157e-11,0.9436737280037255,0.05632571752660922,5.543802707532636e-07,25,20,20
4,724,6.241376235358994e-11,0.9509465763717049,0.04905339924295015,2.4322931270407437e-08,25,20,20
4,725,1.2035207922069279e-05,0.7267064033638801,0.2684613641543871,0.004820197273810588,25,20,20
4,726,4.542356664244461e-11,0.9037098142155533,0.09629017439071999,1.134830298558591e-08,25,20,20
4,727,3.4923965894207713e-09,0.9369425752575928,0.0630574205057814,7.442287723584635e-10,25,20,20
4,728,3.740282134065254e-09,0.9114524864944811,0.08854750325111414,6.5141225522176206e-09,25,20,20
4,729,1.414894785768376e-09,0.8510908114359385,0.14890863372434884,5.534248179211098e-07,25,20,20
4,730,3.0436277659301224e-09,0.8596445612550694,0.14035450787581719,9.278254852291845e-07,25,20,20
4,731,1.6366476889629926e-09,0.8196180099305027,0.18038197875078965,9.682058992248862e-09,25,20,20
4,732,6.753690956330958e-10,0.8886089976256362,0.11139053999587062,4.617031237799295e-07,25,20,20
4,733,6.653504343974404e-10,0.9427076982702629,0.05729229144717134,9.617215338364376e-09,25,20,20
4,734,2.409706405169961e-09,0.8885230957104165,0.1114769015398395,3.4003756089312064e-10,25,20,20
4,735,2.8106649451143425e-06,0.8348563643277634,0.1651228100042442,1.8015003047112272e-05,25,20,20
4,736,2.8111007262528605e-06,0.7979955812810623,0.2019835820500915,1.802556811951357e-05,25,20,20
4,737,2.8144179504897153e-06,0.9180685994482345,0.08191057151974038,1.8014614074601617e-05,25,20,20
4,738,8.075319748806314e-10,0.8869287351502202,0.11307126372125458,3.2099290406245427e-10,25,20,20
4,739,3.123149819255756e-09,0.96918732811913,0.030812667960914576,7.968056461926416e-10,25,20,20
4,740,3.42154209160822e-09,0.9266783217880423,0.07332167365229271,1.1381224850525191e-09,25,20,20
4,741,7.590700929646442e-10,0.9113815728687957,0.08861842574677858,6.253553532467799e-10,25,20,20
4,742,8.806854971586698e-08,0.8502271099969341,0.14977243780963412,3.64124881624131e-07,25,20,20
4,743,2.431074600785412e-09,0.9226762005139413,0.07732220096885917,1.5960861246906746e-06,25,20,20
4,744,2.1354683693555447e-08,0.891612256365929,0.10838675198147837,9.70297908789005e-07,25,20,20
4,745,1.137609320596543e-07,0.8935892676719728,0.10641061150291037,7.064184184503271e-09,25,20,20
4,746,5.996490588334518e-08,0.9388317035898396,0.061168219036967,1.740828727460565e-08,25,20,20
4,747,2.803999323318733e-09,0.974344720577426,0.02565527608501792,5.335563345045896e-10,25,20,20
4,748,4.353569681587524e-10,0.8739066980137635,0.12609235056120263,9.509896766130796e-07,25,20,20
4,749,1.5461737219380218e-07,0.887333002867323,0.11265042223540471,1.6420279899889282e-05,25,20,20
4,750,1.537531375598338e-07,0.804808762094407,0.19519105707037235,2.7082082764877604e-08,25,20,20
4,751,1.9537231926466833e-08,0.8853899546040935,0.11461001684828503,9.010389253092355e-09,25,20,20
4,752,1.929935758254942e-08,0.8551628054134025,0.14483661919163915,5.560956003937664e-07,25,20,20
4,753,1.9720119495660403e-08,0.8834136629076245,0.11658626414555572,5.3226699880458215e-08,25,20,20
4,754,1.0018932340662311e-09,0.8667904489617883,0.13320953219316614,1.7843152225054863e-08,25,20,20
4,755,2.8745261135660536e-09,0.9356671673422045,0.0643328114695462,1.831372298757594e-08,25,20,20
4,756,5.731104054915768e-09,0.878188564069567,0.12181142039943697,9.799891002700839e-09,25,20,20
4,757,5.507165289380884e-09,0.8798303821099985,0.1201695897418754,2.2640959489969237e-08,25,20,20
4,758,7.505854220292604e-09,0.8071916972028028,0.19277339486186226,3.490042947980534e-05,25,20,20
4,759,1.811683082935122e-09,0.8838031742463629,0.11616190011696378,3.492382498937639e-05,25,20,20
4,760,5.736134185662365e-08,0.9178769456352218,0.0821229787820269,1.8221408845929812e-08,25,20,20
4,761,7.62861922314067e-10,0.9017923661994902,0.09820668221360387,9.508240433486948e-07,25,20,20
4,762,1.4016257114796176e-09,0.9281638736894117,0.07183517389779599,9.510111664998016e-07,25,20,20
4,763,1.489549777825872e-08,0.9290451573933514,0.07095329759439581,1.530116754746812e-06,25,20,20
4,764,1.0233472061395436e-10,0.9589391087091257,0.04106030026484794,5.909236915808547e-07,25,20,20
4,765,7.375345834615709e-12,0.8897151668193444,0.11028387836899822,9.548042818443245e-07,25,20,20
4,766,1.4279922965904902e-11,0.9584482143084379,0.04155178503662415,6.406580363807205e-10,25,20,20
4,767,1.0986171969398526e-09,0.8924778936296056,0.10752209822455923,7.047217109829839e-09,25,20,20
4,768,1.2718208465562253e-09,0.8749465206158417,0.1250534716205172,6.491819658797723e-09,25,20,20
4,769,3.853827731598482e-08,0.8710272832067004,0.12897172746971827,9.507853039421305e-07,25,20,20
4,770,4.211033312170414e-09,0.9113818296209821,0.0886181470049289,1.916305597559195e-08,25,20,20
4,771,1.5840725727074027e-07,0.8855619231694517,0.11443737099367254,5.474296180497078e-07,25,20,20
4,772,1.9530966311077577e-09,0.8968784984680853,0.10312149955243073,2.6387471350474037e-11,25,20,20
4,773,3.873455397904039e-09,0.9022353188961805,0.0977643875209306,2.8970943361680534e-07,25,20,20
4,774,5.5201577507556106e-08,0.9245161970829284,0.07548340024675453,3.4746873946545636e-07,25,20,20
4,775,7.650145421096896e-10,0.9311186724252238,0.06888132617105795,6.387031476817137e-10,25,20,20
4,776,7.377228833052212e-10,0.9402150693770649,0.05978490651983268,2.3365379020083356e-08,25,20,20
4,777,1.8007209771920885e-09,0.9709420133984049,0.02905795553245528,2.9268419002428876e-08,25,20,20
4,778,2.083407818216167e-08,0.8827702888755042,0.11722966236086935,2.7929547644454758e-08,25,20,20
4,779,2.960579169499568e-11,0.8534916106965919,0.14650834283782868,4.643597333989552e-08,25,20,20
4,780,1.1089911173604702e-10,0.930833186132945,0.06916586323868874,9.505174677298495e-07,25,20,20
4,781,7.727837706503229e-10,0.9650101139409049,0.03498988495466342,3.3164812172960694e-10,25,20,20
4,782,6.999805536135714e-10,0.9878219103469956,0.012178088300574286,6.524496334085237e-10,25,20,20
4,783,7.165506671474285e-10,0.935774576307861,0.06422542200589539,9.696928143861147e-10,25,20,20
4,784,6.296988178569321e-08,0.8037307342719247,0.19626882060832526,3.821498680568967e-07,25,20,20
4,785,2.775178764070449e-09,0.92539526478242,0.0746040038389693,7.286034319243758e-07,25,20,20
4,786,2.9200473454211575e-10,0.9338819361486101,0.06611806320704015,3.523449569394704e-10,25,20,20
4,787,1.5046788495451812e-07,0.9600383420841964,0.03996148988939694,1.7558521791816856e-08,25,20,20
4,788,1.5041476862464807e-07,0.9067016668387624,0.0932981642787508,1.84677180224724e-08,25,20,20
4,789,1.5376224345578595e-06,0.8374139397186953,0.1625838810581961,6.416006737826251e-07,25,20,20
4,790,9.897006714449694e-08,0.8968156791646471,0.10318419938133036,2.2483955477167276e-08,25,20,20
4,791,8.800181494967652e-08,0.9243065936984975,0.07569329027911423,2.802057367581578e-08,25,20,20
4,792,7.964924727019005e-11,0.9158346836107758,0.08416529750843178,1.880114299529691e-08,25,20,20
4,793,1.164386958403813e-10,0.8661019613886337,0.13389803756819801,9.267295124083547e-10,25,20,20
4,794,3.5333498839437567e-09,0.8927731974503759,0.10722678109237169,1.7923902338579114e-08,25,20,20
4,795,5.968898617831861e-11,0.9104449469149455,0.08955505299047055,3.4894567309887534e-11,25,20,20
4,796,4.2909198505079387e-10,0.9176607808954452,0.08233839693149644,8.21743966281056e-07,25,20,20
4,797,1.4807348278648614e-10,0.9065744218474354,0.09342554289194091,3.511255043127742e-08,25,20,20
4,798,1.6836097067541415e-12,0.8757675139732859,0.12423248588492981,1.4010051329899575e-10,25,20,20
4,799,2.3750895372800663e-06,0.8843050270881438,0.1156923305395075,2.672828117069859e-07,25,20,20
4,800,6.673998986405148e-11,0.8978663498373595,0.10213364973452208,3.613783672061861e-10,25,20,20
4,801,2.8560790042150283e-09,0.9440624353329323,0.05593751722606394,4.458492453846066e-08,25,20,20
4,802,1.212443134745951e-09,0.8556914754344668,0.14430849577310279,2.7579987285260204e-08,25,20,20
4,803,1.961731437704646e-09,0.8860562429128379,0.11392217909564906,2.1576029781809517e-05,25,20,20
4,804,2.8870462637575224e-10,0.915651278375318,0.08432809495970581,2.0626376271654397e-05,25,20,20
4,805,4.081017061291827e-11,0.97719547632974,0.02280452265889448,9.70555545581986e-10,25,20,20
4,806,4.9329960110144264e-11,0.8947248517826121,0.10527485885132264,2.89316735618225e-07,25,20,20
4,807,2.753324618258577e-09,0.9239174149591217,0.07605205114591528,3.053114163833662e-05,25,20,20
4,808,1.1553248540942841e-05,0.8346353477379361,0.16532255075661997,3.054825690304598e-05,25,20,20
4,809,8.660795575337526e-06,0.8940859405877127,0.1058748503704238,3.0548246287985794e-05,25,20,20
4,810,8.47090063882361e-06,0.8481246929195986,0.15183629335827287,3.0542821489343245e-05,25,20,20
4,811,3.271851336775608e-11,0.9084650304810871,0.09153496202908834,7.457106047693629e-09,25,20,20
4,812,2.7610678442857917e-09,0.8830053862308782,0.11699458583187956,2.5176173617282598e-08,25,20,20
4,813,1.5343460746006346e-07,0.9509254961903829,0.049074331638184,1.87368252391927e-08,25,20,20
4,814,3.0737563368510844e-07,0.9059413993285242,0.0940582704666923,2.282914884269476e-08,25,20,20
4,815,1.535713085923544e-07,0.9634497145339681,0.036550119345616756,1.2549106313394603e-08,25,20,20
4,816,7.459955276753575e-10,0.9040246313821945,0.09597390805281293,1.4598189972820778e-06,25,20,20
4,817,1.5281971102715325e-07,0.8512285314226286,0.14877126355644785,5.220121274859848e-08,25,20,20
4,818,7.842156738052158e-10,0.9330360722628963,0.06696389035341924,3.659946841087918e-08,25,20,20
4,819,1.5229369588353835e-07,0.8942327240905114,0.10576614146957229,9.821462201619235e-07,25,20,20
4,820,3.3519198446708136e-07,0.8948230795481044,0.10517509050184534,1.4947580654950506e-06,25,20,20
4,821,1.5574561886370927e-07,0.9558958092376965,0.04410305989541464,9.751212700484652e-07,25,20,20
4,822,1.2968233511111294e-10,0.9170115954154474,0.08298838648251237,1.7972357896575135e-08,25,20,20
4,823,4.0730824493930964e-08,0.8222177360838384,0.17778222253714987,6.481867737266192e-10,25,20,20
4,824,2.9878361904290094e-09,0.847685928002857,0.15231405140743948,1.7601867286603148e-08,25,20,20
4,825,1.1101090667373471e-10,0.8929857597999619,0.10701422248229672,1.760673059009703e-08,25,20,20
4,826,1.160176228985379e-10,0.9155854408703025,0.08441454108312776,1.7930552023013157e-08,25,20,20
4,827,1.78481090010636e-11,0.9331123473591448,0.06688765259129723,3.1709305821791355e-11,25,20,20
4,828,2.8527000502075106e-12,0.8238574516340543,0.17614254782438113,5.387107927585822e-10,25,20,20
4,829,6.3255251144985415e-12,0.8371511671433086,0.16284883199177852,8.58586630176213e-10,25,20,20
4,830,2.7268378935322196e-07,0.8372101132872288,0.16278903818735713,5.758416241176354e-07,25,20,20
4,831,5.1576407898808875e-11,0.9019248185799468,0.09807461649215762,5.64876319149308e-07,25,20,20
4,832,2.7220947408899315e-11,0.8996870961045375,0.10031288625640915,1.7611832270076867e-08,25,20,20
4,833,7.653153666382373e-11,0.9478158697015239,0.05218408525222161,4.496972257692134e-08,25,20,20
4,834,4.6335826764066106e-10,0.8910116224877831,0.10898832682693206,5.02219262491771e-08,25,20,20
4,835,3.888067149916609e-10,0.8912857141600458,0.10871328616108307,9.992900637950338e-07,25,20,20
4,836,3.880811452213799e-10,0.9437488540877292,0.056250152339037296,9.93185151990428e-07,25,20,20
4,837,6.897414711497533e-10,0.8208101188616946,0.17918985943992502,2.100863850800962e-08,25,20,20
4,838,1.1984164896104179e-08,0.8807302337157097,0.11926937161456853,3.8268555565501155e-07,25,20,20
4,839,3.907856553539546e-08,0.9080192078770797,0.09197978434335567,9.687009989300116e-07,25,20,20
4,840,4.323863594887203e-08,0.8568750010941605,0.14312368254280033,1.2731244031079252e-06,25,20,20
4,841,4.304210169345383e-09,0.8800256819924692,0.11997400699938417,3.0670393623498314e-07,25,20,20
4,842,8.586494883957404e-10,0.9033018807162112,0.09669717995882962,9.384663091289003e-07,25,20,20
4,843,6.214965362047563e-10,0.8108655864085376,0.18913346291687372,9.50053092294645e-07,25,20,20
4,844,5.6783257653695395e-09,0.7865478019423731,0.1905175718106553,0.022934620568645845,25,20,20
4,845,7.618793850503776e-11,0.8226168879143362,0.17738309403080454,1.7978671326939212e-08,25,20,20
4,846,2.8698478068955493e-09,0.8629309791472752,0.1370689998578394,1.8125037090800678e-08,25,20,20
4,847,1.4077312765434014e-09,0.9365998662212286,0.06340009647389148,3.589714921169035e-08,25,20,20
4,848,7.183717224012598e-10,0.9657093484233199,0.034290633439835176,1.741847355756978e-08,25,20,20
4,849,2.742204466563659e-09,0.9710848150885981,0.028914198546134407,9.836230630593373e-07,25,20,20
4,850,2.7917105821446843e-09,0.9577735182739816,0.0422258282768351,6.506574723852895e-07,25,20,20
4,851,3.1989023666858213e-11,0.9297976072024225,0.07020175982279726,6.329427907043464e-07,25,20,20
4,852,5.147745259213227e-11,0.9663370681180378,0.03366293087970802,9.507769566392187e-10,25,20,20
4,853,3.736684791939727e-10,0.9329432793408983,0.06705617732449515,5.429609380441892e-07,25,20,20
4,854,6.178794840172732e-07,0.9159953715281407,0.08400344403821666,5.665541583448242e-07,25,20,20
4,855,8.23785145190233e-10,0.9664494651540152,0.03355048080140985,5.322078981770727e-08,25,20,20
4,856,8.039762285386512e-10,0.8543968982094229,0.14560306567855028,3.530805083517696e-08,25,20,20
4,857,2.23802577431048e-09,0.9350503687371617,0.06494960202236165,2.700245033045647e-08,25,20,20
4,858,2.7562010258406037e-09,0.9111979474533175,0.08880201966759277,3.012288893064584e-08,25,20,20
4,859,1.08581027526647e-09,0.9225797475101902,0.07741987268715361,3.7871684529810587e-07,25,20,20
4,860,9.955916003475459e-08,0.8940190574086926,0.10598045812907257,3.849030746416253e-07,25,20,20
4,861,1.1112167998560232e-09,0.9224351899273168,0.07756479071411213,1.8247354329265925e-08,25,20,20
4,862,1.5874387515980098e-07,0.9164193722522914,0.0835795011965516,9.678072821148424e-07,25,20,20
4,863,1.8398870437414912e-07,0.8610811191112936,0.13891711520853411,1.5816914671900372e-06,25,20,20
4,864,1.8538998129149472e-07,0.9006293104110925,0.0993689215558562,1.5826430694909606e-06,25,20,20
4,865,3.153686584036344e-07,0.8602737444165779,0.13972495439808136,9.858166825587522e-07,25,20,20
4,866,3.17341821617012e-07,0.8600574070700346,0.13994225752850048,1.8059643200438336e-08,25,20,20
4,867,1.5639705032582842e-07,0.9453656634125909,0.05463417941244113,7.779173426605903e-10,25,20,20
4,868,5.434552597106049e-09,0.8908115176585099,0.10918116931109383,7.307595843743871e-06,25,20,20
4,869,6.080207360469939e-11,0.9688212763597019,0.031178722141899234,1.4375964333814441e-09,25,20,20
4,870,1.9932698626927397e-10,0.8627414443910518,0.13725854927814726,6.131473945809767e-09,25,20,20
4,871,6.335097893905788e-11,0.9400280858611755,0.059971371196042365,5.428794309940889e-07,25,20,20
4,872,7.434003660476015e-11,0.9474988745308265,0.05250112444221501,9.526186822151606e-10,25,20,20
4,873,5.040155467820416e-11,0.9569496393268099,0.04305034278051114,1.7842277821534957e-08,25,20,20
4,874,7.678423241938926e-11,0.9720764449839276,0.027923536129908645,1.8809379369324955e-08,25,20,20
4,875,1.4560579255065918e-12,0.9695011798584509,0.030498819505134524,6.34958601017058e-10,25,20,20
4,876,2.3787327591112857e-10,0.9235226628014521,0.07647731934292351,1.7617751343994244e-08,25,20,20
4,877,3.9735786661570275e-10,0.9081499549667982,0.09185002673478103,1.790106336607361e-08,25,20,20
4,878,7.888268496349542e-11,0.9087523681514476,0.09124762604754089,5.7221288240709265e-09,25,20,20
4,879,2.7945184331992726e-09,0.909383163488681,0.09061682798397269,5.732827809548111e-09,25,20,20
4,880,1.2958588541017326e-09,0.8065292026912644,0.1934703069494269,4.890634490699323e-07,25,20,20
4,881,4.0677531737546e-08,0.8245155824864325,0.17548388789801492,4.889380204081404e-07,25,20,20
4,882,3.769263466979927e-08,0.9522659339771096,0.04773399310776024,3.5222495648079114e-08,25,20,20
4,883,5.275693781581147e-10,0.90945393760467,0.09054604317527612,1.8692483919016846e-08,25,20,20
4,884,3.941455346280081e-08,0.9083628099141321,0.09163659535952633,5.55311787871732e-07,25,20,20
4,885,3.7271450193685486e-08,0.9084441146268886,0.09155582328810002,2.481356045612876e-08,25,20,20
4,886,3.834255326969036e-08,0.8673674952394544,0.13263241422107888,5.2196912799224534e-08,25,20,20
4,887,3.7328166816287956e-08,0.8859012600460061,0.11409772790074457,9.747250820277987e-07,25,20,20
4,888,3.724000258332129e-08,0.9003613208827805,0.09963769145724287,9.504199735430417e-07,25,20,20
4,889,5.156970769137174e-11,0.8953274491040016,0.10467200359932928,5.472450992549427e-07,25,20,20
4,890,7.03762587692582e-11,0.908340270457211,0.09165972802781135,1.444601036416429e-09,25,20,20
4,891,3.843169909008149e-10,0.9080061383936475,0.09199348094018678,3.8028184867415865e-07,25,20,20
4,892,1.7120993756648319e-07,0.9471063548256025,0.05289347328869575,6.757641246705072e-10,25,20,20
4,893,7.675964624764013e-11,0.9426196848933148,0.057379364809905,9.50220020163019e-07,25,20,20
4,894,1.8812069504465686e-09,0.8552128333399108,0.14478661717512478,5.476037574487437e-07,25,20,20
4,895,7.942956764546131e-10,0.8821220237085319,0.11787739381586342,5.816813088498822e-07,25,20,20
4,896,1.0902849614045017e-09,0.8707483870069049,0.12925102930723623,5.825955737317492e-07,25,20,20
4,897,5.487705055404855e-08,0.758148258261839,0.24185165128770958,3.55734001535705e-08,25,20,20
4,898,1.175618319141549e-09,0.937112007732058,0.06288793802165929,5.3070663759720177e-08,25,20,20
4,899,2.8694162469987607e-09,0.9557161726820529,0.044283771325582026,5.31229488272255e-08,25,20,20
4,900,8.464090828590693e-10,0.815156079717831,0.1848434060157641,5.134199942826563e-07,25,20,20
4,901,4.1679995386039643e-10,0.9247682780220516,0.07523170363156458,1.792958388491005e-08,25,20,20
4,902,5.034200994588178e-10,0.8981345012708606,0.1018654924849804,5.740738895799377e-09,25,20,20
4,903,8.671607491316153e-07,0.8689857910509606,0.13101333593705633,5.85123338529145e-09,25,20,20
4,904,7.672009052748323e-07,0.8957659358103983,0.1042332968651006,1.235957094364133e-10,25,20,20
4,905,5.2349073247993614e-11,0.8627951440316741,0.13720371175952317,1.1441564541698773e-06,25,20,20
4,906,1.6754560372810222e-09,0.871211240417266,0.12878873421967074,2.3687606434959264e-08,25,20,20
4,907,1.5764686382275064e-09,0.8348573855419551,0.1651426058704984,7.011077914677364e-09,25,20,20
4,908,2.7520831002510895e-09,0.8596571101682718,0.14034288663991515,4.397294675275924e-10,25,20,20
4,909,7.911730070538553e-10,0.94283290377224,0.057167066212553415,2.9224033105404037e-08,25,20,20
4,910,6.935456205467136e-05,0.9029005181092695,0.09702894055677111,1.1867719047632524e-06,25,20,20
4,911,0.0002921726819095617,0.9042842885872753,0.09538976545871147,3.3773272103383516e-05,25,20,20
4,912,1.567502000563894e-11,0.8869363889988133,0.11306264304492865,9.679405824373224e-07,25,20,20
4,913,4.6355717121740686e-11,0.9726675175019985,0.02733150301104148,9.794406042049869e-07,25,20,20
4,914,1.0298386772061933e-08,0.8306256410671944,0.16935865443653228,1.5694197886310446e-05,25,20,20
4,915,2.2201545075302767e-10,0.7638726288373292,0.23612735424275882,1.669789565327682e-08,25,20,20
4,916,2.6969315760138125e-10,0.9142558129652104,0.08574417007721168,1.6687885018735737e-08,25,20,20
4,917,9.03516149140974e-10,0.9116165632636128,0.08836773536278672,1.5700470083954014e-05,25,20,20
4,918,4.1163742031016065e-10,0.8080948474162832,0.19188947359909803,1.5678572980643687e-05,25,20,20
4,919,3.0679504781687355e-09,0.9263995838130399,0.07359909877072388,1.3143482855586375e-06,25,20,20
4,920,5.6713939966533125e-06,0.8169449776655188,0.18304896930929748,3.816311873889931e-07,25,20,20
4,921,5.708867019551518e-06,0.9388134663254665,0.061180806533176126,1.8274337642234764e-08,25,20,20
4,922,5.672501313669664e-06,0.881694545121579,0.11829874407241338,1.0383046942191428e-06,25,20,20
4,923,5.6718517930073774e-06,0.8264477079481034,0.1735456050357957,1.0151643074051683e-06,25,20,20
4,924,7.61145731978981e-10,0.884230091980436,0.11576987879213985,2.84662780791209e-08,25,20,20
4,925,7.330587763795463e-10,0.8308565913498706,0.16914304367771202,3.6423935861832964e-07,25,20,20
4,926,8.058177420482417e-11,0.8560963589640532,0.1439032523470204,3.8860834453196624e-07,25,20,20
4,927,9.562174986276176e-11,0.8614591717395186,0.1385240369277636,1.6791237095737807e-05,25,20,20
4,928,3.413069460476862e-11,0.8723380566400835,0.12766194211013512,1.2156509154922154e-09,25,20,20
4,929,5.4338061576161425e-09,0.8466036361950486,0.15339535075378805,1.007617357279545e-06,25,20,20
4,930,2.7431375386767926e-09,0.8508174561939108,0.1491815245538031,1.0165091483897847e-06,25,20,20
4,931,1.5260564178523832e-11,0.8808154416165557,0.11918451760845343,4.075973009387304e-08,25,20,20
4,932,1.5973272645430572e-11,0.9294574144157555,0.07054256246496941,2.310330161266226e-08,25,20,20
4,933,6.650831354474465e-11,0.9524946430128131,0.04750533901059516,1.791008288751579e-08,25,20,20
4,934,2.287853526301711e-06,0.9484070854192381,0.05159060119591927,2.5531315876481113e-08,25,20,20
4,935,6.893768472143691e-10,0.957470900622582,0.04252903975097694,5.8937064233447926e-08,25,20,20
4,936,3.474398803886944e-09,0.9183663380258479,0.08163361746545993,4.103429359588532e-08,25,20,20
4,937,3.5992285630520673e-09,0.8753724391615367,0.12462752859219199,2.8647041860389504e-08,25,20,20
4,938,6.89877727972641e-10,0.8888131415734654,0.11118683978818102,1.794847589410883e-08,25,20,20
4,939,2.793144713892606e-09,0.9337130737515537,0.06628690499742163,1.8457879869137612e-08,25,20,20
4,940,3.4863550736044533e-09,0.9913000305196481,0.008699947239125922,1.875487074756327e-08,25,20,20
4,941,3.431934262830992e-09,0.9743920835447172,0.025607895190313035,1.7833035673390428e-08,25,20,20
4,942,7.024221931984599e-10,0.9548376466587183,0.04516235148737122,1.1514880170282558e-09,25,20,20
4,943,4.4386468032261855e-09,0.899033322568372,0.10096665393694598,1.9056034764664264e-08,25,20,20
4,944,1.4290003865862937e-06,0.9299616174031538,0.07003632850524724,6.250912118434021e-07,25,20,20
4,945,2.6769675395868926e-11,0.975846899203622,0.024153064371427092,3.639818114576591e-08,25,20,20
4,946,1.7767605362981063e-09,0.8873367072303402,0.11266294875199932,3.422408995567122e-07,25,20,20
4,947,9.398417853361566e-08,0.8896951567128546,0.11028508905803498,1.9660244931009995e-05,25,20,20
4,948,4.028953056512383e-08,0.8938214429228621,0.10617848761116269,2.917644402971472e-08,25,20,20
4,949,8.425588789402852e-08,0.7639107289355603,0.23608856849091403,6.183176364530328e-07,25,20,20
4,950,4.440255057991483e-08,0.7899934552547356,0.21000589921539536,6.011273176778595e-07,25,20,20
4,951,4.201510219739688e-08,0.8233299340091534,0.1766697543136294,2.696621151825833e-07,25,20,20
4,952,4.200719970418427e-08,0.9365517949323737,0.06344789339775313,2.6966267414954426e-07,25,20,20
4,953,2.766237442580748e-09,0.9633814869286682,0.03661850933728939,9.678051900031953e-10,25,20,20
4,954,6.985544766635744e-10,0.915406583741904,0.08459341461345841,9.460832719539007e-10,25,20,20
4,955,0.001147245832119503,0.8409066966294131,0.15794603619109088,2.1347376654261083e-08,25,20,20
4,956,2.5136124040632455e-10,0.9598544464592099,0.040145552236908216,1.0525210579772882e-09,25,20,20
4,957,8.831836879590967e-06,0.8784564104636258,0.12153474026806188,1.7431432832299366e-08,25,20,20
4,958,3.002291957337041e-10,0.9164477164280673,0.08355227684518277,6.426520979006371e-09,25,20,20
4,959,2.9295854904211143e-09,0.9111506283645435,0.08884903486981972,3.3383605111425596e-07,25,20,20
4,960,1.1361627556120002e-08,0.8829299992272027,0.11706997949193322,9.919236728665705e-09,25,20,20
4,961,1.1473694651664651e-08,0.8689970325130725,0.13100294580880173,1.020443097866279e-08,25,20,20
4,962,1.1280085273638697e-08,0.8450395323261992,0.15496045606595021,3.277650566650568e-10,25,20,20
4,963,1.1260475520166057e-08,0.9648232549707881,0.035176715641292024,1.8127444522749768e-08,25,20,20
4,964,3.781277783631579e-08,0.9261321729868806,0.0738672304474423,5.587528991866908e-07,25,20,20
4,965,3.850470997671691e-08,0.9078276803463835,0.09217228065659172,4.923140869565754e-10,25,20,20
4,966,2.0636141088692217e-08,0.8740469722825405,0.1259530064778807,6.03437396326889e-10,25,20,20
4,967,7.143378965955935e-11,0.88124408880482,0.11875590993114583,1.1926002665458424e-09,25,20,20
4,968,2.2575205257463251e-10,0.867741499599923,0.1322582216389716,2.7853535279815357e-07,25,20,20
4,969,2.4628746054572155e-06,0.7950369815985353,0.20494450725400745,1.6048272851332412e-05,25,20,20
4,970,2.4628329942351334e-06,0.8533863841977315,0.1465953761000055,1.577686926832663e-05,25,20,20
4,971,7.594111957461262e-11,0.9359157162783448,0.06408427658959903,7.056114656270087e-09,25,20,20
4,972,6.103504012726547e-11,0.8661176961292205,0.13388228716054512,1.6649198357634267e-08,25,20,20
4,973,0.0018136312585893303,0.7906989521202001,0.2074846069627875,2.809658423400414e-06,25,20,20
4,974,4.653810251170459e-10,0.8254818977738729,0.17449911024629386,1.8991514451951672e-05,25,20,20
4,975,1.5205430010310981e-09,0.821170903223766,0.17882876283145016,3.324242408049124e-07,25,20,20
4,976,1.566601249441685e-07,0.8785080599588914,0.1214917656881735,1.7692810370069162e-08,25,20,20
4,977,1.780023866129606e-07,0.9449696623899712,0.055030141677787095,1.7929855112950698e-08,25,20,20
4,978,1.1810123531407274e-09,0.9300311679374696,0.06996628993486975,2.5409466481043578e-06,25,20,20
4,979,1.0074943702252817e-07,0.8698177506724973,0.13017959814821933,2.5504298457662306e-06,25,20,20
4,980,9.973411740202485e-08,0.8281586111458387,0.13182496414333397,0.040016324976709414,25,20,20
4,981,9.969231360429906e-08,0.9286499778805316,0.07133456882963564,1.5353597519378574e-05,25,20,20
4,982,0.0010601896346976872,0.8444122109777752,0.15452014065248196,7.458735044880468e-06,25,20,20
4,983,2.473379787514918e-09,0.9057365616965896,0.09426338956790685,4.626212331317522e-08,25,20,20
4,984,6.979390635569213e-10,0.8744097478903451,0.12559021532793554,3.6083779404768405e-08,25,20,20
4,985,4.133216459935389e-08,0.9256616449493122,0.074338259534403,5.418411986300883e-08,25,20,20
4,986,6.116982635522644e-09,0.9264657893223993,0.07353323485330046,9.697073175002083e-07,25,20,20
4,987,6.145945815466016e-09,0.9608278539324213,0.039171153413710885,9.86507921646982e-07,25,20,20
4,988,2.669642828520504e-09,0.8842344422228883,0.11576458659921167,9.685082572475362e-07,25,20,20
4,989,2.4104124240459963e-07,0.8445375984948472,0.15546213175615933,2.87077508268728e-08,25,20,20
4,990,1.4636751560069974e-09,0.8806022082842023,0.119397761135814,2.911630860673166e-08,25,20,20
4,991,1.5984841520000847e-07,0.8247147380505007,0.17528499709338552,1.0500769780592703e-07,25,20,20
4,992,5.245562300975392e-11,0.9866311938131055,0.01336880548768674,6.467518935533269e-10,25,20,20
4,993,1.0813222131813367e-09,0.894673510252337,0.10532583864687474,6.500194660096561e-07,25,20,20
4,994,2.297981592595896e-09,0.8131286543314564,0.18687013690690668,1.206463655776124e-06,25,20,20
4,995,2.2530746634657764e-09,0.801240468142094,0.1987589776048951,5.519999357060384e-07,25,20,20
4,996,7.055472466396076e-10,0.8600210070576785,0.1399789681977441,2.40390302942786e-08,25,20,20
4,997,9.346417853089461e-10,0.8956709212013927,0.10431103813087832,1.803973308703447e-05,25,20,20
4,998,2.425333509170477e-10,0.8554747547335144,0.14450722843319302,1.801659075922703e-05,25,20,20
4,999,2.4490886507777875e-10,0.8132521866237912,0.1867298080781963,1.8005053103854953e-05,25,20,20
4,1000,7.355340624571894e-10,0.9058827914617392,0.09410246203430248,1.4745768424529789e-05,25,20,20
4,1001,4.4723757631330215e-06,0.8593944244260675,0.14060108134614285,2.185202580702536e-08,25,20,20
4,1002,4.4716381310193065e-06,0.8015763235881515,0.1984188481869901,3.565867272472364e-07,25,20,20
4,1003,4.471609923641273e-06,0.8894328101899215,0.11056141623812625,1.3019620282759567e-06,25,20,20
4,1004,9.856709192912792e-08,0.8198234137740701,0.18017553626838495,9.513904528643916e-07,25,20,20
4,1005,9.860003777374638e-08,0.9759539519615739,0.024045948464468395,9.739201520766948e-10,25,20,20
4,1006,2.7333289164360026e-06,0.9098542248174494,0.0901430247155896,1.7138044011001848e-08,25,20,20
4,1007,6.424412435477496e-07,0.9209817148137389,0.07901764238972095,3.552965574442873e-10,25,20,20
4,1008,2.0768634411955905e-08,0.9068206161660305,0.09317934487482951,1.8190505458478154e-08,25,20,20
4,1009,7.876156727984193e-10,0.9172674122491107,0.08273256846187949,1.8501393753947624e-08,25,20,20
4,1010,5.696273027499586e-08,0.8645892232934048,0.1354104058387175,3.1390514704232074e-07,25,20,20
4,1011,3.4727386873765122e-09,0.9475159218260556,0.052484039017041226,3.5684164699494085e-08,25,20,20
4,1012,1.5892150760847507e-07,0.9187391001144724,0.08126008444919113,6.565148286279929e-07,25,20,20
4,1013,1.9480132591064852e-07,0.8862270271348507,0.11297719401658309,0.0007955840472402369,25,20,20
4,1014,4.1890038987313315e-09,0.969253585101597,0.030745379376696365,1.0313327025079744e-06,25,20,20
4,1015,2.8314865576199086e-09,0.8949612957351744,0.10502392550497942,1.4775928359624846e-05,25,20,20
4,1016,1.2664950491898175e-06,0.7302279556591131,0.26975546255052435,1.5315295312748158e-05,25,20,20
4,1017,1.2665384699049395e-06,0.9238961042055093,0.0761020422620621,5.869939584576844e-07,25,20,20
4,1018,1.2665393769448044e-06,0.8968453541013928,0.10315280964413372,5.697150963589942e-07,25,20,20
4,1019,8.211604497531159e-11,0.9145155773435494,0.08548438747249634,3.510183778742443e-08,25,20,20
4,1020,1.1316709031652109e-08,0.8469338235617575,0.15306612407572276,4.1045810001662006e-08,25,20,20
4,1021,6.97199370804687e-10,0.8223787172357956,0.17762125683458474,2.523241989900934e-08,25,20,20
4,1022,6.664609564025937e-10,0.8921084641357686,0.10789151068826067,2.4509509128650403e-08,25,20,20
4,1023,1.5158738890478953e-07,0.9092755376433828,0.09072426581652979,4.4952698241132627e-08,25,20,20
4,1024,1.506238021812296e-07,0.8680448087234833,0.1319549790245448,6.162816924403276e-08,25,20,20
4,1025,6.043555454406269e-11,0.9208216004700418,0.07917836427780084,3.519172120693126e-08,25,20,20
4,1026,1.8359611540674852e-09,0.9510629520526135,0.048937036557732384,9.553692932379848e-09,25,20,20
4,1027,3.353690939869904e-12,0.970099984578527,0.02990001509743166,3.2068767576590136e-10,25,20,20
4,1028,0.002825672888355861,0.8868911922942231,0.1099470495167057,0.00033608530071603505,25,20,20
4,1029,2.2436500667945314e-06,0.8827853753781757,0.11639404671968237,0.0008183342520748794,25,20,20
4,1030,2.0278992346975586e-10,0.9391789416362393,0.06082100502162659,5.3139343680782856e-08,25,20,20
4,1031,4.256686494467164e-09,0.7980107914630951,0.19729134712169094,0.004697857158527003,25,20,20
4,1032,1.2572595097681451e-09,0.8180852932842769,0.18191316804591262,1.5374125511586232e-06,25,20,20
4,1033,2.5376013603177296e-08,0.8997764049824617,0.10022351424756373,5.539396031947282e-08,25,20,20
4,1034,1.7646176759693036e-10,0.8333823465334086,0.16661761513077308,3.815935714402402e-08,25,20,20
4,1035,2.949412217283006e-09,0.9134242903765003,0.0865756873292194,1.934486800054248e-08,25,20,20
4,1036,7.10512474430185e-09,0.9127034076224639,0.08729656670121483,1.857119714069198e-08,25,20,20
4,1037,1.330946086633074e-06,0.7946190198841718,0.20537905219194777,5.969777926138172e-07,25,20,20
4,1038,2.8354494037079483e-09,0.8777715234293672,0.12222750541910836,9.683160743235397e-07,25,20,20
4,1039,1.5788873841542026e-07,0.9110183013420787,0.08898056473396743,9.760352154539133e-07,25,20,20
4,1040,2.299495226020429e-06,0.9181831527244116,0.08181358550846461,9.622718976659942e-07,25,20,20
4,1041,4.118437220509615e-08,0.9319407575876335,0.06805730043634957,1.900791644816262e-06,25,20,20
4,1042,2.8298972395791618e-11,0.9556088585225789,0.044390168267816194,9.731813057778324e-07,25,20,20
4,1043,8.025906952263555e-11,0.8990112036552032,0.10098876818323037,2.8081307642620508e-08,25,20,20
4,1044,6.661517701223116e-11,0.9135876051239475,0.08641236610846904,2.8700968074161506e-08,25,20,20
4,1045,6.43927676354966e-11,0.9441355505408149,0.05586437910572,7.028907243708828e-08,25,20,20
4,1046,2.819220600979487e-09,0.9414079492959262,0.05859201311821134,3.476664221115519e-08,25,20,20
4,1047,6.774474021386493e-09,0.8497874018108358,0.15021259085980285,5.548869129672933e-10,25,20,20
4,1048,6.549375328854708e-11,0.9127940253200844,0.08720593963134732,3.4983074001848444e-08,25,20,20
4,1049,1.7542994202707147e-07,0.8681499377815001,0.13184986678281582,2.000574129797517e-08,25,20,20
4,1050,1.5690776681741548e-07,0.916067447196007,0.08393238433755806,1.1558667983730381e-08,25,20,20
4,1051,4.532360691081137e-08,0.8926994072346031,0.10730054643235945,1.0094304438367968e-09,25,20,20
4,1052,1.7346153946308571e-07,0.965847017667768,0.034152745546448586,6.332424393668974e-08,25,20,20
4,1053,1.7339801199204778e-07,0.9140915120362376,0.08590826938176392,4.518398607000292e-08,25,20,20
4,1054,1.5210277586666198e-07,0.9140527869123615,0.08594702031637037,4.066849178405316e-08,25,20,20
4,1055,4.742432079924027e-11,0.9335689115744796,0.06643107078235894,1.7595737081336295e-08,25,20,20
4,1056,6.602708718749427e-11,0.8780515000696648,0.12194849923123816,6.330697148568081e-10,25,20,20
4,1057,2.8482588214555496e-09,0.9290412844106147,0.07095871151324838,1.227877702005701e-09,25,20,20
4,1058,8.498730388705843e-10,0.88649157110945,0.11350715848207883,1.2695585976957685e-06,25,20,20
4,1059,3.7076627768912706e-11,0.9646235243839487,0.03537549010156683,9.854774074547576e-07,25,20,20
4,1060,2.6330266909995127e-11,0.9550580448638355,0.044941954800026496,3.0980756901294504e-10,25,20,20
4,1061,1.952050347059995e-06,0.7156485235026345,0.28316130182600174,0.0011882226210159158,25,20,20
4,1062,7.885250061403596e-10,0.9347493741501026,0.06525060006416943,2.4997202569956136e-08,25,20,20
4,1063,5.703180499697495e-10,0.9114114447046032,0.08851818627474796,7.036845033076766e-05,25,20,20
4,1064,1.2295256551818463e-10,0.9411227461139207,0.05887725268364048,1.0794863414540842e-09,25,20,20
4,1065,1.135150627073102e-10,0.8809856059378177,0.11901434867324945,4.5275418506169526e-08,25,20,20
4,1066,2.8984193394015275e-06,0.8500393111053961,0.14995777192682427,1.8548440266330465e-08,25,20,20
4,1067,9.733795678338553e-11,0.8715978169961831,0.12840212271919163,6.018728748650541e-08,25,20,20
4,1068,4.9925437468540514e-11,0.9207060819719259,0.07929389960153148,1.8376617241694535e-08,25,20,20
4,1069,1.023694752293097e-10,0.9465120976176826,0.053487884361708954,1.7918239055692498e-08,25,20,20
4,1070,7.449535660423758e-10,0.8883312246265908,0.11165075868279915,1.801594565669052e-05,25,20,20
4,1071,8.13498350690013e-10,0.9030464588965812,0.09695354006049263,2.2942783429564645e-10,25,20,20
4,1072,1.2894475448977748e-10,0.9171533269082722,0.0828283098035484,1.8363159234427883e-05,25,20,20
4,1073,2.2195566671648535e-12,0.9156340028267725,0.08436561470011934,3.824708886778025e-07,25,20,20
4,1074,4.721119649971158e-10,0.9158360626659029,0.08416266448094731,1.2723810377503105e-06,25,20,20
4,1075,2.1162081476688577e-10,0.9500646645387276,0.04993438422748696,9.510221642869506e-07,25,20,20
4,1076,2.3876189283731695e-09,0.8560721945417749,0.14392723868122848,5.643893782052677e-07,25,20,20
4,1077,1.5678197302538203e-09,0.886677989778051,0.11332198732472792,2.132940163588504e-08,25,20,20
4,1078,2.5340132220683935e-10,0.8641234283108931,0.13587657109257872,3.431268799616493e-10,25,20,20
4,1079,0.000497131419509873,0.7390256107739003,0.2604772116063502,4.620023902112322e-08,25,20,20
4,1080,6.188730687917561e-11,0.8744435981095606,0.12555637244788653,2.9380665525902715e-08,25,20,20
4,1081,5.493162278723536e-11,0.882375437959795,0.11762455464975055,7.33552239792049e-09,25,20,20
4,1082,3.757980071138602e-09,0.8033795758178465,0.19662041896269614,1.4614764311760019e-09,25,20,20
4,1083,5.587792901895379e-11,0.9168193300682519,0.08318066882793594,1.0479342881596968e-09,25,20,20
4,1084,1.5734919149413882e-11,0.9493159787540322,0.050684021037529454,1.9270331009197153e-10,25,20,20
4,1085,2.770550641859655e-11,0.9896610301780824,0.01033895248693796,1.7307273996482215e-08,25,20,20
4,1086,1.080513221745627e-09,0.9143314014659005,0.0856465701372171,2.2027316368658085e-05,25,20,20
4,1087,2.55421689474673e-09,0.8361919686088519,0.16379002181893665,1.8007017993968886e-05,25,20,20
4,1088,2.2040725078402415e-06,0.9299374143855608,0.0700603734936916,8.04823932956409e-09,25,20,20
4,1089,2.201354187643174e-06,0.9170137529112501,0.08298403748740035,8.247161337595783e-09,25,20,20
4,1090,3.785006470070885e-08,0.9031384782987842,0.09686046847238469,1.0153787658931293e-06,25,20,20
4,1091,1.058067725203507e-10,0.9386920714243486,0.061307916581440726,1.1888404029832221e-08,25,20,20
4,1092,4.267902355830124e-09,0.8953620325747201,0.10463792750133089,3.565604633660958e-08,25,20,20
4,1093,2.7649324440666416e-09,0.9059469798722233,0.09405294667179312,7.069105047594369e-08,25,20,20
4,1094,8.001160538934557e-11,0.9444143417218389,0.05558562196697633,3.623117345926409e-08,25,20,20
4,1095,6.89284874361473e-11,0.859641607257182,0.14035774238289161,6.502909976898462e-07,25,20,20
4,1096,1.5315633868226453e-07,0.9088784124945558,0.0911208373096721,5.970394330682467e-07,25,20,20
4,1097,1.828212772183855e-11,0.8939741535290183,0.10602584002746346,6.425235927807735e-09,25,20,20
4,1098,3.4320349244255716e-09,0.9204385077309564,0.07956146400384369,2.4833164558655916e-08,25,20,20
4,1099,0.02441638626864878,0.7920969636445195,0.18348649506961198,1.5501721822210608e-07,25,20,20
4,1100,7.44083307744026e-11,0.8723653351969611,0.127634663856016,8.726137229475357e-10,25,20,20
4,1101,1.2129881207378292e-06,0.8538328877077178,0.14616586285799593,3.644616532998582e-08,25,20,20
4,1102,8.943955006007399e-08,0.8338338207936054,0.1661660639415716,2.582527238105282e-08,25,20,20
4,1103,7.224759571605824e-10,0.9612581057382198,0.03874184084268771,5.269661652933742e-08,25,20,20
4,1104,1.5378724978336492e-07,0.8751307902469125,0.12486897045294475,8.551289244310578e-08,25,20,20
4,1105,9.954631623575396e-07,0.7594435197398917,0.24051604010424973,3.94446926955992e-05,25,20,20
4,1106,8.020818778609243e-11,0.9220756883144294,0.07792431148512621,1.2023613956747094e-10,25,20,20
4,1107,2.8823156035229824e-09,0.9163526268513532,0.08364736335211362,6.914217504009259e-09,25,20,20
4,1108,1.0459325709379905e-10,0.8931473323624896,0.10685266186055171,5.672365890548838e-09,25,20,20
4,1109,4.906568419189365e-10,0.9341985605650439,0.06580143845157162,4.927270942697406e-10,25,20,20
4,1110,6.944963589683213e-10,0.8299773958958921,0.17002165208660036,9.513230110873383e-07,25,20,20
4,1111,1.4187545755814016e-09,0.9017317484324521,0.09826728137196979,9.687768233854155e-07,25,20,20
4,1112,9.665189018509952e-05,0.7753056556745784,0.22459674082829728,9.516069386350643e-07,25,20,20
4,1113,3.837413593351585e-11,0.9066248214237267,0.09337422734944431,9.511884545243682e-07,25,20,20
4,1114,1.8060098316236654e-10,0.7470751854650054,0.252924813113673,1.2407195666535198e-09,25,20,20
4,1115,0.0059047096780122646,0.6024412257324613,0.39165402783027203,3.6759252375797734e-08,25,20,20
4,1116,0.003226994800330279,0.711378319084877,0.28490570371022783,0.0004889824045637503,25,20,20
4,1117,2.077457129052446e-11,0.9434680795839706,0.056531919277305206,1.117949567188086e-09,25,20,20
4,1118,9.593995680450837e-10,0.9199830165003756,0.08001696402703125,1.851319351856144e-08,25,20,20
4,1119,2.8547131535010396e-09,0.9338947396704324,0.0661043538375143,9.036373398378119e-07,25,20,20
4,1120,3.0378255269796213e-09,0.9029175244371511,0.09708147921037538,9.933146476749806e-07,25,20,20
4,1121,4.804132592715013e-08,0.8793709965686102,0.120628938880598,1.6509465798038333e-08,25,20,20
4,1122,1.5632059881419055e-07,0.853824945975104,0.14617488570221607,1.2002080904608355e-08,25,20,20
4,1123,3.4996206798331966e-09,0.8935056261969155,0.10649373725268334,6.330507799843601e-07,25,20,20
4,1124,1.5751042322526742e-07,0.8507582487031542,0.14924155900192124,3.478450132742929e-08,25,20,20
4,1125,1.589848450068455e-07,0.8325774848512885,0.16742232663812756,2.952573848278354e-08,25,20,20
4,1126,1.6173075297018003e-07,0.9013470574957608,0.09865276235205131,1.8421434652095017e-08,25,20,20
4,1127,1.8190512951253753e-09,0.8403154477532211,0.15968454320951947,7.218208169834662e-09,25,20,20
4,1128,4.2943946942605865e-08,0.9107993113560977,0.08919969531388279,9.50386072403084e-07,25,20,20
4,1129,4.023585768657024e-08,0.9282823523295524,0.07171663972328478,9.677113047704476e-07,25,20,20
4,1130,1.8126977860434934e-09,0.84575360572093,0.15424638572727595,6.739096099020306e-09,25,20,20
4,1131,6.368997328488885e-11,0.9336257019498114,0.06637429777968216,2.068163242822604e-10,25,20,20
4,1132,8.596800272680637e-11,0.9529699822018866,0.04703001016126806,7.550877475996203e-09,25,20,20
4,1133,7.432919513238957e-11,0.9933033297845358,0.006696669183828735,9.573064628709613e-10,25,20,20
4,1134,7.302703983967147e-10,0.9893802816255718,0.010619716675903975,9.68254221591049e-10,25,20,20
4,1135,7.213755343065902e-10,0.9225955573433025,0.07740444057088547,1.3644366387226142e-09,25,20,20
4,1136,1.5607866828848483e-08,0.8695577299802326,0.13044225417741862,2.344814313587923e-10,25,20,20
4,1137,5.051218281116617e-11,0.9477477404614147,0.05225225906165394,4.2641935708313064e-10,25,20,20
4,1138,4.99970651423125e-11,0.9689476050476309,0.03105239425991479,6.424572712755758e-10,25,20,20
4,1139,1.0235114197294925e-12,0.9808432026338889,0.019156250308209336,5.470568782462739e-07,25,20,20
4,1140,1.3194858455274097e-11,0.9787838342965093,0.02121616536428666,3.260094734648104e-10,25,20,20
4,1141,1.4249545109416971e-09,0.9119024742118822,0.08809713937336612,3.8498979751427406e-07,25,20,20
4,1142,1.145813634021282e-10,0.8916028157710367,0.10839681949753788,3.646168437439953e-07,25,20,20
4,1143,2.8266173913032392e-09,0.8605050632051219,0.13949394961320805,9.843550527147694e-07,25,20,20
4,1144,3.6501005109485847e-09,0.886353322190013,0.11364532539971772,1.3487601682712899e-06,25,20,20
4,1145,1.6673560985405946e-09,0.8811086102552089,0.11889101747741788,3.706000171042807e-07,25,20,20
4,1146,2.5343942073213812e-08,0.8636922693465866,0.13630669223237563,1.013077095872041e-06,25,20,20
4,1147,1.2097101712817032e-06,0.9095716774622946,0.09042645460045307,6.582270810103088e-07,25,20,20
4,1148,6.586278625196041e-08,0.8841648010610414,0.11583420649388958,9.265822822540541e-07,25,20,20
4,1149,3.530105233335412e-09,0.9147844814614764,0.08521550359301999,1.1415397812824427e-08,25,20,20
4,1150,1.0473220229368402e-09,0.9012192179306318,0.09878076917710739,1.1844938295490226e-08,25,20,20
4,1151,3.5327637436951058e-09,0.9247145923935094,0.07528537426929527,2.980443124900395e-08,25,20,20
4,1152,3.5209413930728046e-09,0.9314657389966254,0.06853327518860529,9.822938277514364e-07,25,20,20
4,1153,0.00019098436880638566,0.9079512613606684,0.09185641343896894,1.3408315561728166e-06,25,20,20
4,1154,2.8192681997624777e-09,0.9721361293525473,0.027863866686859595,1.1413246473446824e-09,25,20,20
4,1155,6.319368226776902e-11,0.9455642465388956,0.05443511512039866,6.382775113568443e-07,25,20,20
4,1156,2.6660043414155187e-11,0.9069604107777657,0.09303958305223482,6.143339125237037e-09,25,20,20
4,1157,5.7013724068554756e-06,0.8287613637700854,0.17123199940838826,9.354491186344384e-07,25,20,20
4,1158,7.451535013288448e-10,0.8780020115535017,0.12199763996726094,3.4773408360121985e-07,25,20,20
4,1159,9.831240493725332e-11,0.8843511652860004,0.11564878880854473,4.580714159224708e-08,25,20,20
4,1160,6.156229890896086e-11,0.9377508891085388,0.062249051246748434,5.9583150200384106e-08,25,20,20
4,1161,7.052368489387977e-11,0.8830023224353891,0.11699708399234952,5.935017374908884e-07,25,20,20
4,1162,3.539093144651635e-09,0.93521395069991,0.06478600995597987,3.5805016824559986e-08,25,20,20
4,1163,7.14513271303754e-09,0.8770096492676417,0.12299030715925464,3.6427970651858237e-08,25,20,20
4,1164,5.886377220942694e-09,0.9211905444406393,0.0788094216916432,2.7981340022546402e-08,25,20,20
4,1165,4.020126984819546e-08,0.9454059127442069,0.05459401939466141,2.7659861730770588e-08,25,20,20
4,1166,6.461913151894322e-11,0.9656668580157001,0.0343331361925672,5.7271137061899e-09,25,20,20
4,1167,1.519234215861675e-11,0.911290528809065,0.08870947114421028,3.153225879902849e-11,25,20,20
4,1168,5.5434958661907324e-11,0.8393560769830875,0.16064392292148091,3.999614008055865e-11,25,20,20
4,1169,3.109328348867007e-11,0.9666199115230261,0.03337911269296295,9.757529181067966e-07,25,20,20
4,1170,2.5386758193918616e-07,0.8523282782769747,0.14767146705001216,8.054313050812058e-10,25,20,20
4,1171,5.4551896465149805e-09,0.9160478095689969,0.08395218447484756,5.00966095770495e-10,25,20,20
4,1172,2.4328526127542343e-08,0.8708367316941278,0.12916323409415964,9.88318639109462e-09,25,20,20
4,1173,3.411850950565052e-09,0.8617403025210799,0.13825872673563253,9.673314363093273e-07,25,20,20
4,1174,2.573666917323662e-09,0.8533790851858817,0.1466203464431395,5.657973113767141e-07,25,20,20
4,1175,7.213313869489095e-10,0.8783663552940116,0.12163362548292782,1.8501728107550372e-08,25,20,20
4,1176,4.199252817622616e-09,0.7928025063812509,0.20717544575596655,2.204366352899631e-05,25,20,20
4,1177,8.857096625243082e-06,0.8747724802760718,0.1252186440663395,1.856096306869631e-08,25,20,20
4,1178,3.5631968682098467e-10,0.8457701371548267,0.1542298621472835,3.415693535585607e-10,25,20,20
4,1179,4.0300959967622115e-10,0.8802332315956569,0.1197667670229118,9.784207337743734e-10,25,20,20
4,1180,5.345667778085879e-10,0.8605517336947401,0.13944826481081096,9.598810934214935e-10,25,20,20
4,1181,5.330456314153823e-10,0.9178424525008647,0.0821575459375688,1.0285207515673008e-09,25,20,20
4,1182,1.183385876466954e-10,0.9481355131736088,0.05186447998145907,6.726593079488516e-09,25,20,20
4,1183,4.946237053041485e-08,0.9415423172769182,0.05843959910704919,1.8034153661609804e-05,25,20,20
4,1184,5.150074817746229e-11,0.9237358986269117,0.07626409011517037,1.1206416764702683e-08,25,20,20
4,1185,1.1832272828677567e-06,0.8396391449625246,0.16023862671319292,0.00012104509699995146,25,20,20
4,1186,1.5172900137194508e-07,0.915030798502205,0.08496853056450952,5.192042838222199e-07,25,20,20
4,1187,1.6173624737236358e-07,0.9047105494600189,0.09527404175640056,1.5247047333367423e-05,25,20,20
4,1188,7.070659276825433e-10,0.9459950076251823,0.054004991008724704,6.590271259385893e-10,25,20,20
4,1189,1.0831652669695557e-08,0.8739806618102207,0.12601932642495772,9.331683898834104e-10,25,20,20
4,1190,2.334276215571814e-07,0.8327983692808947,0.16720137916751024,1.8123973041105714e-08,25,20,20
4,1191,2.696145838041343e-09,0.9728006504717431,0.027199328422436927,1.840967443472497e-08,25,20,20
4,1192,1.517284558218693e-07,0.888473405920252,0.11152644130932048,1.0419713944654771e-09,25,20,20
4,1193,1.519879620049763e-07,0.9159297739986678,0.08407007368092582,3.324439423865689e-10,25,20,20
4,1194,1.5201331851833044e-07,0.8917341124074565,0.10826457984224641,1.155736978564409e-06,25,20,20
4,1195,1.5197844419436744e-07,0.853275849002876,0.1467239694547875,2.9563892305480568e-08,25,20,20
4,1196,1.5224147423292373e-07,0.9188097778946803,0.08118906004885837,1.0098149872334883e-06,25,20,20
4,1197,1.5378152371873907e-07,0.8730320207234434,0.1269678077868706,1.770816263101756e-08,25,20,20
4,1198,3.718434131304459e-10,0.8793676849630421,0.12063231452189296,1.4322172095015493e-10,25,20,20
4,1199,9.725642856760357e-08,0.8928297524934072,0.10717015002711781,2.2304682891045244e-10,25,20,20
4,1200,2.2410519374952175e-09,0.90047482811092,0.09952516901443909,6.335884714431887e-10,25,20,20
4,1201,4.633331841082361e-09,0.9126261405882571,0.08737381858395014,3.619446070174633e-08,25,20,20
4,1202,2.867924656978672e-09,0.8889432630620472,0.11105673269537238,1.3746552958416853e-09,25,20,20
4,1203,8.967767110909012e-10,0.9631542148137107,0.036845783261491745,1.0280207455458969e-09,25,20,20
4,1204,5.817858415007853e-10,0.8396331810422574,0.16036643665554665,3.817204098860944e-07,25,20,20
4,1205,4.1813619312155465e-11,0.82550684989691,0.17449275704238323,3.930188928865033e-07,25,20,20
4,1206,8.577311370562245e-11,0.8469827658826645,0.1530172228139473,1.1217614875609132e-08,25,20,20
4,1207,2.7913628433600407e-09,0.8799036725064896,0.12009628819010686,3.651204068491113e-08,25,20,20
4,1208,3.156207202433644e-09,0.8934540504161259,0.10654591693626488,2.9491401973850344e-08,25,20,20
4,1209,3.2121088998291475e-09,0.8895330088585116,0.1104669583004927,2.9628886600085402e-08,25,20,20
4,1210,3.1575046170991332e-09,0.8370003486307498,0.16299964727609237,9.356537296218575e-10,25,20,20
4,1211,6.993404880929145e-07,0.8054637493664519,0.19453521802869445,3.3326436570023585e-07,25,20,20
4,1212,3.2133377358908834e-09,0.8488796854099177,0.15111999469338108,3.166833636216246e-07,25,20,20
4,1213,1.5922421230546384e-10,0.8889091003895666,0.11109086354036395,3.591084467670829e-08,25,20,20
4,1214,1.4600922804163927e-05,0.7792372596469521,0.22074746114178798,6.782884539549807e-07,25,20,20
4,1215,6.004914537777222e-11,0.9384638545141994,0.0615354950039799,6.50421772106453e-07,25,20,20
4,1216,4.4539079309500587e-11,0.8724005371807079,0.12759946183433998,9.404129342800119e-10,25,20,20
4,1217,8.169263975873646e-08,0.8920614775816904,0.10793842169015593,1.9035513517500152e-08,25,20,20
4,1218,4.052308481835503e-08,0.9297062931886702,0.07029270055550851,9.657327362497575e-07,25,20,20
4,1219,3.773799084863398e-08,0.9584676908661725,0.0415313054723769,9.65923459716834e-07,25,20,20
4,1220,3.851219913092421e-08,0.8919572911264645,0.10804170363682479,9.667245111794866e-07,25,20,20
4,1221,8.758453074698246e-06,0.9286606007493671,0.07132964681967241,9.939778856367653e-07,25,20,20
4,1222,2.6350782981062873e-09,0.9666044637926965,0.03339553189683898,1.6753862183435657e-09,25,20,20
4,1223,2.6423926232412846e-09,0.8819959769981734,0.11800401867997393,1.6794595766434097e-09,25,20,20
4,1224,2.997625112278203e-09,0.8801592295554066,0.11984074891996316,1.8527005080332022e-08,25,20,20
4,1225,1.5637919940509354e-07,0.9261679873258701,0.07383185024295531,6.051974652256774e-09,25,20,20
4,1226,3.236215187458437e-09,0.9181870642327971,0.08181290840046454,2.4130523006737204e-08,25,20,20
4,1227,2.184607313918442e-06,0.8884192333428514,0.1115785292606401,5.2789193996486904e-08,25,20,20
4,1228,4.222921436743915e-08,0.8966536771664803,0.10334626269404212,1.7910262744077416e-08,25,20,20
4,1229,4.146731895259436e-08,0.8489988457774418,0.15100110154020238,1.1215036692562513e-08,25,20,20
4,1230,3.845223626828617e-08,0.8928353226805961,0.10716463131375217,7.553415711783097e-09,25,20,20
4,1231,4.4091065267898745e-08,0.9124696507342945,0.08753026387833086,4.129630990652787e-08,25,20,20
4,1232,4.407027491713907e-08,0.9333521688805538,0.0666477403865091,4.666266174532286e-08,25,20,20
4,1233,7.072859888513462e-09,0.9197021232289713,0.08029783382133408,3.5876834756410055e-08,25,20,20
4,1234,4.374655309893685e-09,0.8986352076212971,0.1013647528963761,3.510767108825313e-08,25,20,20
4,1235,1.598614214303681e-09,0.82301153808543,0.17698845987883677,4.3711809961596625e-10,25,20,20
4,1236,7.865957260285433e-10,0.9130057694266845,0.08695933360974721,3.4896176972212186e-05,25,20,20
4,1237,1.1690780057123265e-09,0.8342986022545604,0.16570075268619328,6.438901688161284e-07,25,20,20
4,1238,6.501359457255223e-11,0.8404652178251142,0.15953477495772866,7.1521437248824535e-09,25,20,20
4,1239,3.575682264624195e-10,0.9319409584376455,0.06805901666791217,2.4536874057213217e-08,25,20,20
4,1240,3.678793593408124e-10,0.8888913080418577,0.11110866704843994,2.4541822420567127e-08,25,20,20
4,1241,1.6111888728688114e-10,0.9063409239331804,0.09365905763526651,1.8270434059624932e-08,25,20,20
4,1242,1.1314923069884666e-08,0.8017906523459196,0.1981929101508516,1.642618830502826e-05,25,20,20
4,1243,1.1340253326813527e-08,0.8563691533958001,0.1436308106009171,2.4663029470207017e-08,25,20,20
4,1244,1.1360091250123557e-08,0.8553112037758156,0.14468877294014282,1.1923950166228855e-08,25,20,20
4,1245,1.1401527832556052e-10,0.8889426643859855,0.1110573344335259,1.066473048021213e-09,25,20,20
4,1246,4.692180368467502e-11,0.8787916129860994,0.12120801612264015,3.708443379737833e-07,25,20,20
4,1247,9.293684914404432e-11,0.8833444140088323,0.11665521573176932,3.70166460809743e-07,25,20,20
4,1248,5.235495219143426e-11,0.8794392821955437,0.12056071156704623,6.1850544635799015e-09,25,20,20
4,1249,1.6162636545812686e-11,0.8956943755481521,0.10430560634423379,1.8091450835959657e-08,25,20,20
4,1250,1.4307717685549653e-11,0.9324909950247319,0.06750862367855905,3.812824009354278e-07,25,20,20
4,1251,3.884023478228778e-10,0.9050352504068748,0.09496474918081636,2.3905952622150185e-11,25,20,20
4,1252,1.0256377168578477e-09,0.8561113103627315,0.1438880450123378,6.435992932061975e-07,25,20,20
4,1253,4.859877362767373e-09,0.8489616960250196,0.1510376429299786,6.561851241762502e-07,25,20,20
4,1254,4.3837162863885024e-05,0.8520221634043498,0.14793364719278462,3.522400021694895e-07,25,20,20
4,1255,1.5736437787921918e-05,0.8143003891840856,0.1856838610280578,1.335006846573001e-08,25,20,20
4,1256,4.930727368891435e-11,0.9512692512888333,0.048730747686375905,9.754834576773899e-10,25,20,20
4,1257,5.101076703034245e-11,0.964811269291541,0.035188729702370254,9.55078493881412e-10,25,20,20
4,1258,1.1066656049817341e-10,0.9080941918677423,0.09190544341963981,3.6460195134887546e-07,25,20,20
4,1259,1.5662742983374582e-07,0.9449870154277632,0.05501246365162697,3.642931799956833e-07,25,20,20
4,1260,1.5741132779437752e-07,0.8774353574343797,0.1225640925724351,3.9258185690166154e-07,25,20,20
4,1261,2.792693668178879e-09,0.8791712456812434,0.12082872300829547,2.851776719010307e-08,25,20,20
4,1262,2.8544951417943043e-09,0.8763190727403213,0.12368087903144614,4.5373736478307027e-08,25,20,20
4,1263,4.6242551189276975e-05,0.9189919608248306,0.08096175060787898,4.601610077319089e-08,25,20,20
4,1264,4.62450782686968e-05,0.9104313496400285,0.0895214121355393,9.93146163528641e-07,25,20,20
4,1265,3.821282058619044e-09,0.9377677144666048,0.06223228054397671,1.1681366034967547e-09,25,20,20
4,1266,4.144343328483848e-08,0.9084381921882835,0.09156176492216712,1.4461155693748757e-09,25,20,20
4,1267,2.3861458249449627e-09,0.890233844112082,0.10976615266034556,8.41426650387796e-10,25,20,20
4,1268,4.099981492451425e-09,0.8682071977508155,0.1317927692100288,2.893917396475196e-08,25,20,20
4,1269,1.4738325965905147e-05,0.8246977591819984,0.17528580697552631,1.6955165080445326e-06,25,20,20
4,1270,1.6565033011594083e-11,0.9875375487881252,0.012462432732844546,1.846246558634789e-08,25,20,20
4,1271,1.265090240730902e-10,0.9691570452873206,0.03084293612462132,1.846154868769653e-08,25,20,20
4,1272,9.024418152176612e-10,0.9072948387259798,0.09270510827039694,5.2101180587384065e-08,25,20,20
4,1273,1.7753591991850066e-05,0.7992721296258734,0.2007100598214336,5.6960700114365244e-08,25,20,20
4,1274,9.869506816329066e-08,0.8930076733454267,0.10699221037327597,1.758622920582039e-08,25,20,20
4,1275,1.1470223060319962e-08,0.8456485550518216,0.15433312902276655,1.830445518883517e-05,25,20,20
4,1276,5.545183101870761e-10,0.8717486139426694,0.12825136733740547,1.8165406461714964e-08,25,20,20
4,1277,1.149856858401546e-10,0.8754055085945674,0.12459444398227046,4.730817589516142e-08,25,20,20
4,1278,1.2744970478455493e-09,0.799244765738362,0.20075520361714794,2.936999257932346e-08,25,20,20
4,1279,4.987955425947787e-09,0.7996574800182681,0.2003425026404936,1.2353282674245295e-08,25,20,20
4,1280,9.6377349491741e-10,0.9135255977986902,0.08647440049881033,7.387253264992523e-10,25,20,20
4,1281,3.4730451371942956e-09,0.8650871937447758,0.13491250565052135,2.9713165730422204e-07,25,20,20
4,1282,0.010361846812932203,0.8866460214448401,0.10299177170375508,3.600384721307207e-07,25,20,20
4,1283,8.895721426315269e-08,0.8963549806003428,0.10364456504294547,3.6539949705469017e-07,25,20,20
4,1284,2.7646235697697534e-11,0.9457367733729677,0.0542632258539704,7.454150749933202e-10,25,20,20
4,1285,5.7632591935429275e-08,0.9389168401392455,0.06108308393415256,1.8294010157318038e-08,25,20,20
4,1286,1.5890331378362348e-07,0.9332696998615782,0.06672985124917644,2.8998593166385093e-07,25,20,20
4,1287,1.5932481192732093e-07,0.8879816533801513,0.11201788606412803,3.0123090815797764e-07,25,20,20
4,1288,1.5931894271104043e-07,0.8810450093241761,0.11895480164070023,2.971618031323015e-08,25,20,20
4,1289,4.144221250979701e-07,0.7679799015610357,0.1978134205330282,0.034206263483810055,25,20,20
4,1290,2.8322944551597634e-09,0.9033304851028059,0.09666947050769954,4.155720018929747e-08,25,20,20
4,1291,3.1640842109599573e-07,0.8569954275203693,0.1430042098917142,4.617949500309292e-08,25,20,20
4,1292,2.8809352640749e-09,0.8929308047155377,0.1070691742520316,1.815149506778844e-08,25,20,20
4,1293,4.658844198892696e-10,0.9251494755043262,0.07485050629152325,1.773826570680324e-08,25,20,20
4,1294,8.183573820574143e-10,0.8955912302759259,0.10440872716862931,4.173708739014045e-08,25,20,20
4,1295,1.3122155863273692e-08,0.8620019790892222,0.13798322104647423,1.478674214741424e-05,25,20,20
4,1296,5.387937720902003e-08,0.8357793936581678,0.16422053454308683,1.7919367419946744e-08,25,20,20
4,1297,2.8007541709760314e-09,0.9186608462830544,0.08133913183300083,1.9083190632105094e-08,25,20,20
4,1298,5.478890939464339e-09,0.8470454406963899,0.15295402895802834,5.24866691117809e-07,25,20,20
4,1299,5.595267047876618e-08,0.7932581102884291,0.2067413260372167,5.077216832114598e-07,25,20,20
4,1300,8.305517091340051e-10,0.8367200572453075,0.16327991933384495,2.259029570037645e-08,25,20,20
4,1301,1.7114565939094988e-11,0.9336137028348146,0.06638625554887337,4.1599197350012126e-08,25,20,20
4,1302,5.43880237649198e-11,0.9057448006651805,0.0942551815362171,1.774421402992978e-08,25,20,20
4,1303,2.815409502343092e-09,0.8592164605862473,0.14078350667849443,2.991984861067235e-08,25,20,20
4,1304,2.7624702046307977e-09,0.7841261768487107,0.2158728533580463,9.67030772059663e-07,25,20,20
4,1305,8.468852732457965e-06,0.8810890792473974,0.11890242351233063,2.8387539440274754e-08,25,20,20
4,1306,1.3322207323918506e-05,0.8933950302751211,0.10659160994945444,3.756810042590098e-08,25,20,20
4,1307,6.275850782204852e-10,0.9051613064073323,0.09483868500750214,7.957580462555006e-09,25,20,20
4,1308,1.2366242968658227e-06,0.8352829011512095,0.16471584662499483,1.5599498065171657e-08,25,20,20
4,1309,1.5638275259178005e-07,0.8928879573753877,0.10711185677764541,2.9464214015378353e-08,25,20,20
4,1310,8.335458389997216e-10,0.9675869722629996,0.0324129902840969,3.661935808311278e-08,25,20,20
4,1311,2.7940527276694277e-11,0.9625375839282032,0.037462379291177926,3.675267814030469e-08,25,20,20
4,1312,7.365459242084052e-10,0.9145460471361097,0.08545391654508601,3.558225820600477e-08,25,20,20
4,1313,1.3558601492367668e-09,0.9354002749107919,0.06459972216154006,1.5718079189508395e-09,25,20,20
4,1314,3.048431856156293e-09,0.963108715533324,0.03689127375365441,7.664589563676563e-09,25,20,20
4,1315,2.9206316757593913e-09,0.8988149311443514,0.10118504799554184,1.793947535715726e-08,25,20,20
4,1316,5.468230762878685e-09,0.9119828163004782,0.08801714980718568,2.8424105830993013e-08,25,20,20
4,1317,2.7142830456703452e-08,0.9248080647919789,0.07519190756436309,5.008275622744815e-10,25,20,20
4,1318,2.7344042541626688e-08,0.9703974965555092,0.029602458478127626,1.762232074451513e-08,25,20,20
4,1319,2.466826282552525e-08,0.9185985939866482,0.08140137489858466,6.446504382376253e-09,25,20,20
4,1320,2.395162934042208e-08,0.9147281455540335,0.08527182970903521,7.853017817494169e-10,25,20,20
4,1321,1.6375501382843477e-07,0.9215985446438316,0.07840129125561414,3.4554016184700654e-10,25,20,20
4,1322,1.585521224579498e-07,0.9246336861577343,0.07536613745738527,1.7832757606927403e-08,25,20,20
4,1323,7.559981535646714e-10,0.9439641785191718,0.0560358153179356,5.406894745243937e-09,25,20,20
4,1324,2.108743237971192e-09,0.9028500714082933,0.09714991060686395,1.5876099333663997e-08,25,20,20
4,1325,4.3687429355330504e-12,0.8541868147413954,0.14581318521542105,3.881504666182436e-11,25,20,20
4,1326,1.9988667094344215e-08,0.8531879952057451,0.146811024102612,9.607029754670619e-07,25,20,20
4,1327,3.2522480381444877e-06,0.8617631447068191,0.1382332224662946,3.805788475287661e-07,25,20,20
4,1328,7.941958686080068e-07,0.9253032490643297,0.07469592128643919,3.5453361831190194e-08,25,20,20
4,1329,7.948808353886539e-07,0.9170204667035451,0.08297869673442428,4.168119504633287e-08,25,20,20
4,1330,1.4143214582075985e-06,0.8620693951500743,0.13792916619520973,2.433325818072715e-08,25,20,20
4,1331,7.980222147819018e-07,0.8944498285564149,0.10554934918945516,2.42319155094076e-08,25,20,20
4,1332,7.951108945403775e-07,0.876733870576175,0.12326532762789227,6.685038283080221e-09,25,20,20
4,1333,7.977454237223632e-07,0.8982723328999608,0.1017268452736868,2.408092850467414e-08,25,20,20
4,1334,7.927008744744834e-07,0.8765785207413139,0.12342065761333547,2.8944476034898152e-08,25,20,20
4,1335,3.59598266585295e-10,0.9120211963391094,0.08797874080073782,6.25005544607299e-08,25,20,20
4,1336,6.427909920630326e-07,0.9014016613309751,0.09859667485392108,1.0210241114795326e-06,25,20,20
4,1337,4.770221766674807e-06,0.9143704010153304,0.08562479286317962,3.589972321451968e-08,25,20,20
4,1338,4.7675221291331474e-06,0.8470549130204417,0.1529402836481285,3.580930068431887e-08,25,20,20
4,1339,1.439187127436571e-10,0.8404531141173418,0.15954686282163158,2.291710803723706e-08,25,20,20
4,1340,3.863719774548567e-09,0.9089459521530165,0.09105241483660974,1.6291466535439744e-06,25,20,20
4,1341,6.31056090209933e-08,0.8564909088525715,0.14350741590590008,1.612135919233047e-06,25,20,20
4,1342,7.016744637148786e-10,0.9685647909368527,0.031434211787017316,9.965744559454693e-07,25,20,20
4,1343,1.0001521795147683e-12,0.9220323849201241,0.07796761504888548,2.998998665974681e-11,25,20,20
4,1344,1.8764942249462689e-07,0.8493574184116617,0.15064239391920037,1.9715643034210965e-11,25,20,20
4,1345,2.7559249590350437e-12,0.8834467181329437,0.11655327617610822,5.688191721461651e-09,25,20,20
4,1346,2.8662934260131675e-09,0.9451269528580716,0.054873043766773585,5.088613529919655e-10,25,20,20
4,1347,3.9446311939049656e-11,0.95304280467056,0.04695663054628086,5.647437121481612e-07,25,20,20
4,1348,4.641753997588669e-11,0.8652139937880864,0.1347854590404397,5.471250563706256e-07,25,20,20
4,1349,3.162804472674717e-10,0.7721574766018585,0.22784251081179796,1.2270062036281846e-08,25,20,20
4,1350,6.604996296199319e-07,0.8616693461259084,0.1383152495533111,1.4743821150534817e-05,25,20,20
4,1351,2.514519829335016e-06,0.9018735953609116,0.09812386185284774,2.826641060303759e-08,25,20,20
4,1352,7.477491073898156e-11,0.9160501685825111,0.08394981344935701,1.7893356930934288e-08,25,20,20
4,1353,1.5828550473064067e-10,0.9423371879365035,0.05766279420128109,1.7703929617686447e-08,25,20,20
4,1354,3.9999708237713504e-08,0.919972327099796,0.08002668237619467,9.505243005710131e-07,25,20,20
4,1355,2.4268842833834033e-08,0.9018345632405043,0.09816484903474071,5.634559113391158e-07,25,20,20
4,1356,2.175947340547782e-08,0.8635111590159512,0.13648825521162292,5.640129525963597e-07,25,20,20
4,1357,2.1358475726846054e-08,0.935202492353542,0.06479693989241728,5.463955642179037e-07,25,20,20
4,1358,4.6085617870233976e-09,0.9099967354615724,0.08991008706429461,9.317286557106981e-05,25,20,20
4,1359,7.453261466451509e-10,0.9445566141382996,0.05544274274217709,6.423741968195256e-07,25,20,20
4,1360,1.1077791725154634e-11,0.89041644527628,0.10958291160944979,6.431031918423518e-07,25,20,20
4,1361,3.425220524779861e-11,0.9232070817378242,0.07679226985854425,6.483693790162755e-07,25,20,20
4,1362,7.60404549409748e-11,0.8941943852687466,0.10580497188639311,6.427688192987996e-07,25,20,20
4,1363,9.878600171176063e-10,0.7882840929634571,0.21171524501794955,6.610307327802143e-07,25,20,20
4,1364,5.005327892981664e-08,0.7919008929330414,0.20808038863460673,1.866837907261e-05,25,20,20
4,1365,4.9350988860639876e-08,0.7539815211768515,0.24600014202778853,1.82874443708021e-05,25,20,20
4,1366,4.934183461523874e-08,0.7714561363849073,0.22852494974696433,1.88645262934655e-05,25,20,20
4,1367,4.942660883182149e-08,0.8862905232834397,0.11369142834062103,1.7998949330319775e-05,25,20,20
4,1368,5.32957852961793e-11,0.9462796943871662,0.053719353620073115,9.519394646261619e-07,25,20,20
4,1369,3.594886931088825e-11,0.9325298803508808,0.06747011895635761,6.568130859136572e-10,25,20,20
4,1370,1.785644412157894e-11,0.918389637028022,0.08161036223456034,7.195608053361487e-10,25,20,20
4,1371,7.378455624441313e-10,0.9617386738941153,0.03826132464670127,7.213382989769683e-10,25,20,20
4,1372,2.7032152192242596e-10,0.9296389427262103,0.07036007224691353,9.8475655477008e-07,25,20,20
4,1373,1.5586626546849624e-10,0.8557137952093128,0.14428523043435157,9.742004694376893e-07,25,20,20
4,1374,7.642712847290878e-11,0.893264439326046,0.1067355535521563,7.045370156021573e-09,25,20,20
4,1375,1.4921771748049226e-11,0.9350152537907479,0.06498474576341497,4.309149354839933e-10,25,20,20
4,1376,7.254006910084237e-10,0.924090992795538,0.07590898887239358,1.760666810596029e-08,25,20,20
4,1377,5.166261853447627e-06,0.9041256770205398,0.09586915575293346,9.646733795312937e-10,25,20,20
4,1378,2.771399417566204e-09,0.9118184606493591,0.08818153529589554,1.2833457658689369e-09,25,20,20
4,1379,3.3750242161715364e-09,0.8716317578211172,0.12836823269755723,6.106301350373989e-09,25,20,20
4,1380,3.4594629826991904e-09,0.9341997925201956,0.06577928951632836,2.0914504013230975e-05,25,20,20
4,1381,3.7829758814548576e-08,0.931648176062303,0.06835177898161861,7.126319800841915e-09,25,20,20
4,1382,1.204255335274423e-08,0.9102691208170438,0.08973086030838946,6.832012878078265e-09,25,20,20
4,1383,5.165370921032681e-08,0.9024420442638923,0.0975578960560328,8.026365655674385e-09,25,20,20
4,1384,5.080948508302525e-06,0.8573925409938796,0.14260235481292655,2.324468488196092e-08,25,20,20
4,1385,5.068136474465176e-06,0.8958734362577924,0.10410676155944035,1.473404629253199e-05,25,20,20
4,1386,5.068853224199064e-06,0.9361199974884714,0.06387493249318547,1.1651181977334207e-09,25,20,20
4,1387,5.13067005222434e-06,0.9471543679410633,0.05284050025551203,1.1333720106604039e-09,25,20,20
4,1388,2.775461718782782e-09,0.9615734554772557,0.03842654049107274,1.2562097342018008e-09,25,20,20
4,1389,7.001157532215233e-10,0.9630447117353117,0.03695528648715676,1.0774154056316873e-09,25,20,20
4,1390,2.833922651671276e-09,0.9436735494884335,0.05632614660639892,3.010712443164397e-07,25,20,20
4,1391,3.0789393760544244e-09,0.8478022542713788,0.15219774170167966,9.48001418801095e-10,25,20,20
4,1392,2.904556071204655e-09,0.8894523098400343,0.11054735921908472,3.2803632467573183e-07,25,20,20
4,1393,8.304922111322603e-07,0.8868164263581381,0.11318179252752733,9.506221231530278e-07,25,20,20
4,1394,3.719244986311466e-08,0.9155751841892605,0.08442382716265728,9.514556320048477e-07,25,20,20
4,1395,7.285098011857867e-10,0.9360001748946724,0.06399980626063675,1.811618071826723e-08,25,20,20
4,1396,1.4558132222949202e-09,0.8995689231114333,0.10043065853817128,4.168945820549976e-07,25,20,20
4,1397,7.677281451151461e-10,0.948739857143001,0.05126014206981697,1.945378134541789e-11,25,20,20
4,1398,7.181057764285926e-10,0.9730472284532651,0.026952770816606374,1.2022658757879885e-11,25,20,20
4,1399,2.089197529333982e-08,0.8751512009899255,0.12484876044526969,1.7672829560339913e-08,25,20,20
4,1400,2.1145295215054378e-06,0.8573611815952041,0.14263571808469686,9.857905772109664e-07,25,20,20
4,1401,7.965146682383553e-10,0.8688328507221823,0.13116714732861412,1.1526885272419999e-09,25,20,20
4,1402,1.5582390825409696e-07,0.9365375147860904,0.06346232782978854,1.560213191845658e-09,25,20,20
4,1403,3.4685750183798987e-09,0.9155048345523038,0.08449514333006825,1.8649053618638948e-08,25,20,20
4,1404,5.5636517550149355e-09,0.8375093584255905,0.16249061822259322,1.778816407624638e-08,25,20,20
4,1405,1.6011953371086002e-07,0.939800245690587,0.06019894358025855,6.506096215139246e-07,25,20,20
4,1406,1.5629673883171638e-07,0.869592270408489,0.13040692262797302,6.506667986886953e-07,25,20,20
4,1407,1.5260919666222419e-07,0.8932302677483784,0.10676892926714046,6.503752844680032e-07,25,20,20
4,1408,1.519438509105703e-07,0.9037664161462985,0.09623342503393932,6.875911831221494e-09,25,20,20
4,1409,2.4645736292132974e-08,0.8805838857612823,0.11941607164728289,1.794569903487684e-08,25,20,20
4,1410,3.1152977714449146e-07,0.8524169903013145,0.14758174757556833,9.50593339807586e-07,25,20,20
4,1411,3.506827471507589e-09,0.9354017590480028,0.06459821955167758,1.789349211712169e-08,25,20,20
4,1412,3.4332644952768615e-09,0.9285983883085593,0.07140160722193939,1.0362369847115646e-09,25,20,20
4,1413,7.096427236579096e-10,0.9062917827484533,0.09370712609743198,1.090444471765043e-06,25,20,20
4,1414,2.559086467665803e-08,0.9233890242706857,0.07661036250552984,5.876329195560638e-07,25,20,20
4,1415,2.2936400758460038e-08,0.8892129594902607,0.11078643134912848,5.862242098327737e-07,25,20,20
4,1416,1.2563387781561626e-06,0.8006221664729352,0.19937598964889666,5.875393901319348e-07,25,20,20
4,1417,1.2374945489390264e-06,0.9037029210384891,0.09629581663133839,2.4835623750135836e-08,25,20,20
4,1418,7.194167659331781e-10,0.9381546319282066,0.061845366600329604,7.520472383792484e-10,25,20,20
4,1419,1.107954232042992e-06,0.9681903849359185,0.03180848887333862,1.8236510620807886e-08,25,20,20
4,1420,7.192395189738976e-10,0.9244619664862848,0.07553800900734947,2.3787125869891544e-08,25,20,20
4,1421,2.8438990499913268e-09,0.8365714691431992,0.16342848736691948,4.064598184857107e-08,25,20,20
4,1422,1.3465989945261724e-07,0.8023894236913651,0.19759240259347635,1.80390552588808e-05,25,20,20
4,1423,8.447926896075476e-06,0.9241676146360669,0.07582196788568457,1.9695513523438965e-06,25,20,20
4,1424,3.862670852326043e-08,0.9570327384130608,0.04296718724002452,3.572020631237254e-08,25,20,20
4,1425,8.482283889506413e-10,0.9564924749667799,0.043507487835319124,3.634967246419138e-08,25,20,20
4,1426,3.5488182021994133e-09,0.8856234085175346,0.11437657731426781,1.0619379543986994e-08,25,20,20
4,1427,1.0025131440360301e-09,0.9315358138563137,0.06846417748989941,7.651273744298703e-09,25,20,20
4,1428,2.6372484738537333e-09,0.9310295513174635,0.06896919515578244,1.2508895054318306e-06,25,20,20
4,1429,2.8468056403881525e-09,0.9432060136212777,0.05679366703974478,3.1649217205540076e-07,25,20,20
4,1430,2.7900459258401184e-09,0.8800494494290433,0.11995025319349635,2.9458741463882927e-07,25,20,20
4,1431,1.813355277346317e-12,0.9047098264659528,0.09529017271359827,8.186360707930532e-10,25,20,20
4,1432,1.4362543763825183e-11,0.9068775135231051,0.09312248582445035,6.380817845184518e-10,25,20,20
4,1433,5.696300216075784e-08,0.9051291642853176,0.09487042869874783,3.500529320873659e-07,25,20,20
4,1434,2.9346724468347484e-09,0.8463053186029244,0.15369336846497436,1.3099974292354697e-06,25,20,20
4,1435,1.2665858583358424e-10,0.902972424826432,0.09702723753852605,3.3750838279112927e-07,25,20,20
4,1436,2.132386486385758e-08,0.8941756890206324,0.10582245596771563,1.8336877866659899e-06,25,20,20
4,1437,3.734318767962014e-08,0.9137078889114005,0.08629171751831992,3.562270914723046e-07,25,20,20
4,1438,2.1992897306305462e-06,0.7929478850119195,0.20704852694845052,1.3887498988926415e-06,25,20,20
4,1439,2.7968070466839345e-09,0.8627999322457636,0.13719967735621258,3.876012169644265e-07,25,20,20
4,1440,1.784634873994553e-11,0.9098820726788898,0.09011754532918535,3.819740788958375e-07,25,20,20
4,1441,6.73911581523131e-11,0.9104327365152808,0.08956726268014652,7.371815438962388e-10,25,20,20
4,1442,9.850362537171486e-11,0.8024125009333086,0.19756335083066834,2.4148137518730608e-05,25,20,20
4,1443,2.5286968248594647e-10,0.8582002786625327,0.14179871717374526,1.0039108521396836e-06,25,20,20
4,1444,2.084007097334551e-08,0.8424393480746359,0.15755962793338857,1.0031519047503429e-06,25,20,20
4,1445,5.524747529192096e-09,0.9601979061645713,0.039802087538346714,7.723345275786523e-10,25,20,20
4,1446,9.762728268817594e-09,0.9220725579568183,0.0778969005299381,3.0531750515222537e-05,25,20,20
4,1447,1.202252087131341e-07,0.8843793526609983,0.1156192016285502,1.3254852423065962e-06,25,20,20
4,1448,5.160320039586898e-11,0.8873915936336129,0.11260838791796887,1.8396815118815115e-08,25,20,20
4,1449,2.781755937769129e-09,0.9002782790160816,0.09972169356664859,2.4635513383505728e-08,25,20,20
4,1450,2.733475915574633e-09,0.8698731276487969,0.13012684057599014,2.904173691265552e-08,25,20,20
4,1451,6.307198071908313e-11,0.8512669497311269,0.14873300366748549,4.6538315666448746e-08,25,20,20
4,1452,5.036502318395202e-11,0.9218326086390012,0.07816737273199775,1.857863586319489e-08,25,20,20
4,1453,1.0525747315922965e-06,0.9053168547092535,0.094666856598441,1.5236117574212874e-05,25,20,20
4,1454,6.119437854299442e-11,0.8821233019897197,0.11786195229139354,1.4745657691792551e-05,25,20,20
4,1455,1.147314735538049e-09,0.9374257993025664,0.06128872100635174,0.0012854785437670204,25,20,20
4,1456,1.8671672544419146e-09,0.9634062616524832,0.03530824063809696,0.0012854958422521645,25,20,20
4,1457,7.463279160599707e-10,0.9445947723371674,0.05540520888943302,1.8027070919740014e-08,25,20,20
4,1458,8.431623885970642e-10,0.9205550111834491,0.0794449873404418,6.329467092709468e-10,25,20,20
4,1459,1.7469871003974165e-07,0.8438043084695824,0.1561942512741057,1.2655576015630245e-06,25,20,20
4,1460,2.202803024722845e-08,0.9000047374925537,0.09999335174879478,1.8887306213626561e-06,25,20,20
4,1461,2.1363202697472554e-08,0.9437249967906266,0.05627498149869526,3.47475724929344e-10,25,20,20
4,1462,1.222830289785474e-06,0.9461433819398767,0.053854844870625175,5.503592086594258e-07,25,20,20
4,1463,1.915033362423256e-07,0.9291955487644274,0.07080421384782538,4.5884411040446496e-08,25,20,20
4,1464,4.0441022232296164e-08,0.9250617966585284,0.07493814491700677,1.7983442381195526e-08,25,20,20
4,1465,6.913908093042288e-05,0.7985667059308372,0.2013628043234309,1.3506648009656979e-06,25,20,20
4,1466,1.4156974124335058e-09,0.8282022532729288,0.17179774463649122,6.74882018590771e-10,25,20,20
4,1467,8.839022959075994e-08,0.8112682662662093,0.18873095625609124,6.89087469777349e-07,25,20,20
4,1468,4.694519646939512e-08,0.858370954611832,0.1416289585906542,3.9852316914802095e-08,25,20,20
4,1469,5.3872427789036685e-09,0.9291095812931291,0.07088944544034127,9.678792869478537e-07,25,20,20
4,1470,4.891112965483126e-09,0.8543249624685331,0.14567435488978062,6.777505736771383e-07,25,20,20
4,1471,3.1670311440491398e-09,0.7997632134104506,0.2002360271848595,7.562376582145256e-07,25,20,20
4,1472,1.5690061322280084e-09,0.8477077848644095,0.15229180566018843,4.0790639554076574e-07,25,20,20
4,1473,1.4831732824757894e-08,0.8425744442696517,0.15742551656887077,2.4329745176455318e-08,25,20,20
4,1474,1.5438052110555073e-08,0.8874808506871484,0.11251817612409903,9.577507007373583e-07,25,20,20
4,1475,1.4766725140734456e-08,0.8538401588895165,0.14615981400256506,1.2341192854807414e-08,25,20,20
4,1476,7.691412784012626e-12,0.8888925812830984,0.11110741268702873,6.02218139524559e-09,25,20,20
4,1477,1.998533465876701e-10,0.9064737911473082,0.09352620325384846,5.398990158240929e-09,25,20,20
4,1478,6.185865104047645e-08,0.9175486843086068,0.08236035476608385,9.089906665795392e-05,25,20,20
4,1479,1.3932339169228019e-11,0.92662972786573,0.0733702713202068,8.001308893055613e-10,25,20,20
4,1480,8.267602627852739e-10,0.9447460246850631,0.055253955680692704,1.880748393160296e-08,25,20,20
4,1481,1.1477903690198055e-09,0.928772642306987,0.07122730247577098,5.406945158462023e-08,25,20,20
4,1482,1.1324422548638184e-09,0.9441104490193198,0.05588954949853494,3.4970257445048457e-10,25,20,20
4,1483,1.5568453251681237e-07,0.8899376419332312,0.11006214766521293,5.471702275626456e-08,25,20,20
4,1484,1.5997819388223565e-07,0.9173529382228487,0.08264689188903612,9.909920712756407e-09,25,20,20
4,1485,1.5728746786216818e-07,0.9392653769593008,0.060734460202925514,5.550305403022483e-09,25,20,20
4,1486,3.964761914792464e-08,0.9898901245259737,0.010109817185296029,1.864111080467783e-08,25,20,20
4,1487,3.1690588157616985e-09,0.9679601334968592,0.03203981877481282,4.455926913083085e-08,25,20,20
4,1488,1.2429728458097065e-10,0.8607274442962324,0.139272531765269,2.381420115002979e-08,25,20,20
4,1489,3.146038549748369e-09,0.9023924525977892,0.09760707664793612,4.676082360447856e-07,25,20,20
4,1490,2.816340357363153e-09,0.890336154876872,0.10966289179424607,9.505125415520757e-07,25,20,20
4,1491,2.8134799544293368e-09,0.9437889839539199,0.05621005716715936,9.560654406932427e-07,25,20,20
4,1492,0.0001286916556867824,0.8741896898284149,0.1256806579490556,9.605668420264742e-07,25,20,20
4,1493,2.964466856670686e-11,0.9557067082773268,0.04429328099683669,1.069619180118339e-08,25,20,20
4,1494,2.748995800638699e-09,0.9234086239917157,0.07659135512203136,1.813725686570747e-08,25,20,20
4,1495,1.559857868606397e-07,0.9160047610279212,0.08399468349373349,3.9949255866324e-07,25,20,20
4,1496,2.2284548741501543e-06,0.9581439908015749,0.04185374481254981,3.5931000619065087e-08,25,20,20
4,1497,2.237307223286433e-06,0.8175024082423402,0.18249521739687122,1.3705356431079697e-07,25,20,20
4,1498,2.0384359425240626e-10,0.807932301799857,0.19206767690280688,2.109349194902563e-08,25,20,20
4,1499,2.464723103645792e-10,0.8641487876476104,0.13585119070752402,2.139839319119708e-08,25,20,20
4,1500,2.1343822765402362e-08,0.8756379117658802,0.12436204175976058,2.5130536039015674e-08,25,20,20
4,1501,1.4276327095495484e-07,0.8803038618560483,0.11969585798707212,1.3739360893553323e-07,25,20,20
4,1502,1.7487153081070794e-09,0.9039158787045593,0.09608411857389576,9.728300832319826e-10,25,20,20
4,1503,2.8442826247651697e-09,0.8888532953888121,0.11114668394521758,1.7821687081684954e-08,25,20,20
4,1504,2.8029636048642198e-09,0.9457844120117095,0.0542155670478902,1.8137436199093674e-08,25,20,20
4,1505,2.879275096353925e-09,0.9599393561487828,0.04005967470363834,9.662683035959659e-07,25,20,20
4,1506,4.569346118225875e-09,0.938733083694589,0.06126691139135479,3.4470947474138925e-10,25,20,20
4,1507,4.5936782859956185e-09,0.8926070639320125,0.10739293009602337,1.378285640542853e-09,25,20,20
4,1508,1.9462258402723735e-09,0.8448351747867158,0.15516481682332403,6.44373382345066e-09,25,20,20
4,1509,7.16529491592502e-10,0.8710763380983982,0.1289236604186553,7.664163779741374e-10,25,20,20
4,1510,8.766765709051629e-06,0.889176957455362,0.11081425778013504,1.7998793665338545e-08,25,20,20
4,1511,8.767871214054645e-06,0.7910218829700538,0.20895431412698484,1.5035031746815831e-05,25,20,20
4,1512,8.768503742581234e-06,0.7837385708540687,0.21623739983750656,1.526080468089957e-05,25,20,20
4,1513,1.0375378050417694e-08,0.8387529973075121,0.16124699158104494,7.360644274661882e-10,25,20,20
4,1514,2.4697045921197663e-07,0.8271243204372303,0.17287543135245215,1.2398581634171828e-09,25,20,20
4,1515,7.008093129389509e-10,0.9473314717324709,0.05266816243641542,3.651303040754018e-07,25,20,20
4,1516,7.503845727336828e-10,0.9754355596358281,0.024564438774289155,8.394977108018906e-10,25,20,20
4,1517,9.255141199149154e-10,0.9087663031929628,0.09123365468407267,4.1197450128717204e-08,25,20,20
4,1518,1.6194049881008e-09,0.9085056123867932,0.09149435567832802,3.0315473619582564e-08,25,20,20
4,1519,2.4525600373468453e-09,0.8525295299167087,0.1474704268519489,4.077878243712176e-08,25,20,20
4,1520,1.6083128257256689e-09,0.9271197474150277,0.0728654998359273,1.475114073243594e-05,25,20,20
4,1521,2.378394827847642e-06,0.8928620762042482,0.10712075417592418,1.4791224999372899e-05,25,20,20
4,1522,1.2394398323956666e-11,0.9894333463508747,0.010566618230029181,3.540670198030356e-08,25,20,20
4,1523,3.6724901546555974e-08,0.9610403280048345,0.038959600085717805,3.518454663599482e-08,25,20,20
4,1524,1.2059093611689902e-10,0.9563675083346985,0.04363152389071669,9.676539945172466e-07,25,20,20
4,1525,1.4675031581551607e-08,0.9336346038624717,0.066365363468806,1.7993691130026932e-08,25,20,20
4,1526,2.59948195759697e-06,0.8023635800142911,0.19754425355450408,8.956694924664593e-05,25,20,20
4,1527,7.104315391033738e-10,0.9135114023493541,0.0864885786529353,1.8287278838142237e-08,25,20,20
4,1528,5.913862559004172e-11,0.9151386346619341,0.08486135489387582,1.0385051406151873e-08,25,20,20
4,1529,5.693657882025486e-08,0.8902756815138815,0.1097233107157916,9.508337480882851e-07,25,20,20
4,1530,5.7624094631788876e-08,0.8614802392733228,0.13850494771564562,1.4755386937106632e-05,25,20,20
4,1531,1.495909641957228e-10,0.9231522864423046,0.07684766081490625,5.2593198310939704e-08,25,20,20
4,1532,2.7760457747271293e-09,0.9126636064372948,0.08733637245717495,1.8329484343075595e-08,25,20,20
4,1533,1.0344784703416448e-08,0.8803987356268602,0.11960124158316363,1.2445192032220088e-08,25,20,20
4,1534,1.5313999251532648e-08,0.8520999118635473,0.14790006100240213,1.1820050914409518e-08,25,20,20
4,1535,3.447338665459346e-08,0.8765237199048364,0.12347624508332786,5.384491286657183e-10,25,20,20
4,1536,2.142613213096779e-08,0.8713216258693182,0.12867833461220138,1.8092347879771613e-08,25,20,20
4,1537,3.508970366866838e-09,0.8788701810430891,0.12112855736288196,1.25808505776711e-06,25,20,20
4,1538,8.485180651520443e-10,0.838396637881009,0.16160277685535096,5.844151217156765e-07,25,20,20
4,1539,8.383913646107011e-10,0.8949406345427111,0.10505907567536375,2.889435335698412e-07,25,20,20
4,1540,2.5693462144594547e-09,0.9175419453856564,0.08245776232760633,2.8971739039286355e-07,25,20,20
4,1541,7.507667694941095e-10,0.9458027229913497,0.05419725827680912,1.7981074163401554e-08,25,20,20
4,1542,6.993667833320475e-10,0.9606272869735741,0.039372694184901726,1.8142157223582957e-08,25,20,20
4,1543,9.495167687560218e-11,0.924162862000442,0.07583713693619441,9.68411962468187e-10,25,20,20
4,1544,9.093644704581953e-11,0.9264953717851538,0.0735046205622319,7.561677901430073e-09,25,20,20
4,1545,3.0753397971967274e-07,0.8957315290269743,0.10426814430283209,1.9136214318686236e-08,25,20,20
4,1546,1.5401446307709644e-07,0.9096258211400297,0.0903737344340514,2.9041145589783306e-07,25,20,20
4,1547,0.00029883842527793575,0.8394450751584928,0.1602557864693975,2.9994683169527765e-07,25,20,20
4,1548,5.331126810456522e-06,0.8843462417665513,0.11564813758312668,2.895235110115492e-07,25,20,20
4,1549,5.486618885465869e-06,0.9397010327557983,0.060293173175210386,3.0745010575282883e-07,25,20,20
4,1550,5.486525438661133e-06,0.890026810641077,0.10996739557349841,3.0725998565840523e-07,25,20,20
4,1551,6.419077919968054e-07,0.9111635841430692,0.08883577321651893,7.326201206901677e-10,25,20,20
4,1552,6.426534677728945e-07,0.8790366175266732,0.12096272097904777,1.884081055367498e-08,25,20,20
4,1553,6.449863021857255e-07,0.8661289564534617,0.13387036955574763,2.9004488572514803e-08,25,20,20
4,1554,3.84319269468664e-10,0.8460014936061424,0.15399847649751444,2.9512023707218007e-08,25,20,20
4,1555,0.032656241360202,0.7803046491352305,0.1869436619669555,9.544753761190884e-05,25,20,20
4,1556,1.015495261959301e-10,0.9273693760947286,0.07262965601075272,9.677929695582848e-07,25,20,20
4,1557,1.0949814179064683e-10,0.9478234100586848,0.05217562211818366,9.67713632939067e-07,25,20,20
4,1558,1.5029129535986118e-11,0.9591389841696882,0.04086099799272966,1.7822552970398736e-08,25,20,20
4,1559,7.23994841340559e-10,0.8770265845430733,0.12297341460629134,1.266401217872737e-10,25,20,20
4,1560,2.7609973517906213e-09,0.9147042497987359,0.08529574224807943,5.19218742299811e-09,25,20,20
4,1561,2.7083148323265922e-11,0.9460307027668989,0.05396928687096761,1.0335050067931633e-08,25,20,20
4,1562,8.889147336172344e-11,0.9131729278512934,0.08682607885401179,9.93205803228852e-07,25,20,20
4,1563,3.8234460635796647e-10,0.8365095506124249,0.1634894564812846,9.92523945923476e-07,25,20,20
4,1564,1.0755227176724928e-08,0.8047414096043017,0.19525856222366972,1.7416800899737133e-08,25,20,20
4,1565,3.5355378999590325e-10,0.9305961917703197,0.06940379043493937,1.7441187057438185e-08,25,20,20
4,1566,2.2391533154638203e-06,0.9709084534943071,0.029088370535516588,9.36816860979861e-07,25,20,20
4,1567,2.6983616764797065e-11,0.9052738599388764,0.09472610483575625,3.5198383292223946e-08,25,20,20
4,1568,7.873056635413253e-12,0.8614392492047428,0.1385607060249849,4.476239884618554e-08,25,20,20
4,1569,5.768532639986911e-10,0.8881532844701485,0.11184669056147242,2.4391525865683847e-08,25,20,20
4,1570,3.933634897727664e-08,0.959263318494824,0.04073560020684845,1.0419619782597895e-06,25,20,20
4,1571,1.4040483342283986e-10,0.9633779862163039,0.036621029342495635,9.843007956100779e-07,25,20,20
4,1572,6.377857382597236e-11,0.9610368349340693,0.03896312933483505,3.5667317064040326e-08,25,20,20
4,1573,2.75921046061273e-10,0.9453466348073262,0.054653346786314054,1.813043891145766e-08,25,20,20
4,1574,4.04562819321609e-08,0.8466973368773547,0.15330197160478642,6.510615770322866e-07,25,20,20
4,1575,2.7717342800239844e-10,0.8670538312538973,0.1329455184938909,6.499750387131763e-07,25,20,20
4,1576,2.3876354331080096e-10,0.8705072078602845,0.12949279094372917,9.572226645241854e-10,25,20,20
4,1577,3.1375650216802284e-10,0.8291368633661996,0.17086273965428928,3.96665754424032e-07,25,20,20
4,1578,5.314915929131039e-06,0.8383886584639173,0.16160599761998268,2.9000170795192228e-08,25,20,20
4,1579,7.308301266522039e-10,0.8917377307269919,0.10826223304805603,3.549412171935486e-08,25,20,20
4,1580,4.548963879277677e-09,0.8374547766759215,0.1625451721236442,4.6651469691359494e-08,25,20,20
4,1581,1.3913370282272648e-09,0.8633787657489702,0.13660648732478042,1.4745534911953665e-05,25,20,20
4,1582,1.6603947073971045e-09,0.8958023261160775,0.1041976473149215,2.4908606057494203e-08,25,20,20
4,1583,3.4484208869979262e-09,0.962353548568361,0.037646430062364324,1.7920854119278877e-08,25,20,20
4,1584,3.458907109681273e-09,0.8674141775161154,0.13258515566116083,6.633638168287217e-07,25,20,20
4,1585,7.393964220259936e-07,0.8175146714802959,0.1824842501810292,3.389422526549728e-07,25,20,20
4,1586,7.825899028009137e-10,0.9289578151373595,0.07100700001857234,3.518406147810847e-05,25,20,20
4,1587,2.854981192432847e-09,0.8960279199029965,0.10393718132441113,3.4895917611198686e-05,25,20,20
4,1588,3.916557312468972e-09,0.9479720773991968,0.052027883625549665,3.505869630091451e-08,25,20,20
4,1589,7.908534887168436e-10,0.91247127675736,0.08752869576314884,2.6688637786264436e-08,25,20,20
4,1590,1.1167838421236788e-06,0.854533024800945,0.1454511297684579,1.4728646755188486e-05,25,20,20
4,1591,4.278173829906538e-11,0.8712853478802371,0.12869992390383175,1.4728173149262029e-05,25,20,20
4,1592,3.0130165944549026e-11,0.9124859957135563,0.08749925880440651,1.4745451906758933e-05,25,20,20
4,1593,6.97478332799556e-10,0.8884392565828308,0.11153099793134619,2.974478834435115e-05,25,20,20
4,1594,4.737030673900645e-06,0.8457487170184845,0.15423126866422743,1.5277286613914022e-05,25,20,20
4,1595,2.527630819227701e-11,0.9562760609668862,0.04372293840196213,1.000605875346664e-06,25,20,20
4,1596,2.5810413023953908e-11,0.9016615663290903,0.0983384107635424,2.2881556362931205e-08,25,20,20
4,1597,2.6666837279390747e-11,0.9569994207725159,0.043000561093844404,1.810697268938724e-08,25,20,20
4,1598,2.868329905548577e-10,0.9327497764907406,0.06725019900884381,2.4213582699750958e-08,25,20,20
4,1599,5.909038406415494e-08,0.8182463891204833,0.18175353848716372,1.3301968464507403e-08,25,20,20
4,1600,3.415834580460634e-09,0.9300044588513344,0.06999551290300002,2.4829831126526536e-08,25,20,20
4,1601,2.738615725690306e-09,0.8713173611263797,0.1286826112818079,2.4853196420721236e-08,25,20,20
4,1602,2.765863672410662e-09,0.9499773919642128,0.05002256997501514,3.529490775393434e-08,25,20,20
4,1603,8.088747462298718e-10,0.8890433021704713,0.11095669087335489,6.1472991097968134e-09,25,20,20
4,1604,5.114722577157031e-10,0.8638917791003058,0.13610820187879066,1.8509430662967058e-08,25,20,20
4,1605,6.191005651639962e-11,0.9056443829314003,0.09435531021555597,3.0679113313993004e-07,25,20,20
4,1606,3.0213874193350405e-10,0.9019890413895228,0.09801036296419743,5.9534414008332e-07,25,20,20
4,1607,1.7057526847889311e-09,0.8887179430292076,0.11128140218529177,6.530797476528663e-07,25,20,20
4,1608,1.429758857047405e-05,0.9238466753562402,0.0761389917546466,3.5300542225163856e-08,25,20,20
4,1609,8.09395728218468e-07,0.9189669569858077,0.08103221569575597,1.7922707809253025e-08,25,20,20
4,1610,9.938553436184781e-08,0.9188373597657572,0.0811622232095564,3.1763915183010544e-07,25,20,20
4,1611,1.0914130524148891e-07,0.896723397884998,0.10327621284907208,2.8012462431326724e-07,25,20,20
4,1612,1.0463177248002136e-10,0.9071567282501313,0.09284326105366102,1.0591575956125194e-08,25,20,20
4,1613,3.1635620821399955e-10,0.8516938995474199,0.14830552129145438,5.788447691737369e-07,25,20,20
4,1614,1.684622838002356e-09,0.9143413998965064,0.08565857988430726,1.8534562973201992e-08,25,20,20
4,1615,5.67611254018772e-11,0.9080282195917446,0.09197175074459028,2.9606903339000605e-08,25,20,20
4,1616,1.1311279921091679e-10,0.9444279657478627,0.055572028718368714,5.420656048918835e-09,25,20,20
4,1617,5.653259841307556e-08,0.8147534209012245,0.18524556678371565,9.557824614201438e-07,25,20,20
4,1618,3.7725383257108225e-09,0.9228795260809619,0.07711923010498542,1.2400415141673343e-06,25,20,20
4,1619,1.1707028232329941e-05,0.8504433876062503,0.1494686019137313,7.630345178518648e-05,25,20,20
4,1620,2.1468078480475097e-08,0.894929443094272,0.10507015815860526,3.7727904385107634e-07,25,20,20
4,1621,2.147100691341087e-08,0.8142954185378618,0.1857045250464111,3.494472023066222e-08,25,20,20
4,1622,1.077287166234549e-10,0.8939425754206732,0.10605740576579213,1.8705805724568784e-08,25,20,20
4,1623,2.6615686377855416e-09,0.8693924457754814,0.13060751356532338,3.799762621187069e-08,25,20,20
4,1624,7.081639558469655e-10,0.8760627234219465,0.12393725804212133,1.7827768405840396e-08,25,20,20
4,1625,5.154478728503145e-08,0.943938974652865,0.0560609551545654,1.8647782495316064e-08,25,20,20
4,1626,5.238245602335497e-11,0.9447287910600458,0.05527119044644558,1.8441125980963884e-08,25,20,20
4,1627,3.538396024648887e-09,0.9626025677651378,0.037397427739151355,9.57314832476092e-10,25,20,20
4,1628,2.7772129285842545e-09,0.9307560831003494,0.06924354950895456,3.6461348265779717e-07,25,20,20
4,1629,7.073089669978094e-11,0.8932518126419644,0.10674778801008226,3.992772225795148e-07,25,20,20
4,1630,0.00022381428820756707,0.9188912746991912,0.08088487504544212,3.5967159707171206e-08,25,20,20
4,1631,0.0002238171664034912,0.836989526684573,0.16278664346094873,1.2688074181299042e-08,25,20,20
4,1632,2.603290450846969e-10,0.8686476267905026,0.13135235562641334,1.732275502965139e-08,25,20,20
4,1633,1.9350210076734022e-07,0.9074647369073554,0.09253504962939112,1.9961152845076663e-08,25,20,20
4,1634,1.4908946461773709e-07,0.9228351067640237,0.07716377526038111,9.688861306588972e-07,25,20,20
4,1635,1.4846635557506953e-07,0.8940322576083334,0.10596609322634637,1.5006989642893854e-06,25,20,20
4,1636,1.5127708705516517e-07,0.9548136146804796,0.04518526487816777,9.691642659821769e-07,25,20,20
4,1637,2.895455550777452e-09,0.9548763406000853,0.04512358504524392,7.145921473931169e-08,25,20,20
4,1638,4.402127351487838e-09,0.9404925041924223,0.05950742876351777,6.264193214822255e-08,25,20,20
4,1639,4.455190318588592e-09,0.9560325923641773,0.04396739263549278,1.054513945680962e-08,25,20,20
4,1640,1.405104946452807e-10,0.9255970569801124,0.07440199268414248,9.501952347574581e-07,25,20,20
4,1641,1.1348085240972744e-10,0.9611788330197565,0.038820197632323375,9.692344392867353e-07,25,20,20
4,1642,3.063409468894163e-10,0.9128690039262853,0.08712966308638194,1.3326809912798683e-06,25,20,20
4,1643,6.575606078424129e-05,0.8720629682707793,0.1278699467213907,1.3289470450244157e-06,25,20,20
4,1644,1.5196817019120135e-11,0.8895704238690496,0.11042918891965847,3.871960950072739e-07,25,20,20
4,1645,3.481124370949864e-09,0.9247652678977771,0.07523469334882128,3.527227732063003e-08,25,20,20
4,1646,8.45233999488258e-08,0.8638260010137994,0.13617388668470023,2.7778100929081367e-08,25,20,20
4,1647,8.453749895151736e-08,0.8421155243457104,0.15788438105342315,1.0063367320538228e-08,25,20,20
4,1648,8.458227669964839e-08,0.9084192580742996,0.09158064736269803,9.980725695285617e-09,25,20,20
4,1649,4.620331498455623e-08,0.9240154547010985,0.07598447555865027,2.353693613175204e-08,25,20,20
4,1650,2.7587342180837836e-10,0.8937248170580381,0.1062751582722103,2.439387780916602e-08,25,20,20
4,1651,7.385529655500066e-11,0.9122655432426727,0.08773443350885236,2.3174619064961486e-08,25,20,20
4,1652,1.0084453799475984e-10,0.8746874268845377,0.12531253485028399,3.8164333402095024e-08,25,20,20
4,1653,2.8634600472373764e-09,0.9113701928507048,0.08862978055712961,2.3728705348481103e-08,25,20,20
4,1654,5.120514889953581e-11,0.917273748587505,0.08272592594597698,3.2541531295111927e-07,25,20,20
4,1655,1.8756866668376753e-09,0.9447033296246268,0.05529663257245856,3.592722780356663e-08,25,20,20
4,1656,4.183451166571204e-08,0.8178680484427179,0.18213159399066003,3.1573210885556776e-07,25,20,20
4,1657,8.908088999756466e-08,0.8239344588884152,0.17606488662848932,5.654022045753835e-07,25,20,20
4,1658,2.638248410895701e-07,0.8194724860705227,0.18049502403939155,3.222606524404184e-05,25,20,20
4,1659,3.6353192666039034e-09,0.8995030309261796,0.10046531476009185,3.165067840908198e-05,25,20,20
4,1660,1.4126348018212317e-08,0.9145274945353253,0.08544137011107375,3.1121227253111575e-05,25,20,20
4,1661,3.155514913098905e-08,0.886529481715726,0.11347046342352504,2.3305599441084637e-08,25,20,20
4,1662,4.39215627772964e-10,0.8106549108146867,0.18934411523540653,9.735106902504298e-07,25,20,20
4,1663,3.7007005439769015e-11,0.7859788345400025,0.21402111816816702,4.725482269262332e-08,25,20,20
4,1664,7.58326607267097e-11,0.8596974863379707,0.1403024894750868,2.4111109156154066e-08,25,20,20
4,1665,3.8475652174597685e-08,0.8371038187013856,0.16289613215800622,1.066495570824609e-08,25,20,20
4,1666,5.555167062967775e-06,0.8311298913465844,0.1688645454791129,8.007239028445463e-09,25,20,20
4,1667,0.0035408807427848043,0.8417088245056392,0.1543517947678128,0.00039849998376324623,25,20,20
4,1668,1.1161141192432027e-10,0.9348581138656807,0.06514159693469088,2.890880170194313e-07,25,20,20
4,1669,1.6696051748949862e-10,0.9036803708937584,0.09631959931724163,2.9622039277828542e-08,25,20,20
4,1670,5.6592460652346455e-09,0.7657532267776972,0.2294953368248908,0.004751430738165817,25,20,20
4,1671,2.0327675514123742e-11,0.881220983510014,0.11868257004863177,9.64464210266102e-05,25,20,20
4,1672,2.8381511295523688e-09,0.9851197446327281,0.014880251280960505,1.2481603204489927e-09,25,20,20
4,1673,5.5249062800537536e-09,0.9460603077375594,0.05393968548526213,1.2522721269643374e-09,25,20,20
4,1674,2.889068804079207e-12,0.9060682274049913,0.09393129918731637,4.734048024472046e-07,25,20,20
4,1675,1.5570442484986315e-07,0.9693142666317527,0.030685577613801654,5.0020862768874834e-11,25,20,20
4,1676,1.850559493067773e-07,0.9006977910478016,0.09927959847585234,2.242542039657622e-05,25,20,20
4,1677,1.7376022468385026e-07,0.8946620755081828,0.10531568894965504,2.2061781937369815e-05,25,20,20
4,1678,1.9683246112893435e-08,0.8812756750214942,0.11870163533141971,2.2669963839615866e-05,25,20,20
4,1679,7.463017444064377e-07,0.815547826838611,0.18442933053632227,2.2096323322563384e-05,25,20,20
4,1680,8.846470478700348e-07,0.8553014918209348,0.14467554480377173,2.2078728245676295e-05,25,20,20
4,1681,6.815113501654887e-07,0.9595677849873632,0.040431515895408346,1.760587795767609e-08,25,20,20
4,1682,2.0316631136155653e-08,0.9010418586885163,0.09893799233926107,2.012865559125851e-05,25,20,20
4,1683,5.17840730745251e-11,0.931801671336952,0.06819730158174915,1.027029514360486e-06,25,20,20
4,1684,5.550334761821224e-12,0.9056315814693163,0.09436838299943917,3.552569394175761e-08,25,20,20
4,1685,8.765403760854085e-12,0.8907845777043836,0.10921542166479492,6.220560480594804e-10,25,20,20
4,1686,2.33838731959405e-06,0.8243213002760724,0.17566161686023637,1.4744476371555365e-05,25,20,20
4,1687,2.3027360483154494e-06,0.8459936523975584,0.15398877010741338,1.527475898001944e-05,25,20,20
4,1688,2.299938988102896e-06,0.8385158024374135,0.16146662277785664,1.5274845741480944e-05,25,20,20
4,1689,2.2999771263659257e-06,0.8872586158291866,0.11272381004731294,1.5274146373943646e-05,25,20,20
4,1690,1.4529266615394813e-10,0.8928526198331238,0.10714709030129682,2.8972028696410397e-07,25,20,20
4,1691,4.5273001848857504e-11,0.9176294763986202,0.0823702245596013,2.9899650545971924e-07,25,20,20
4,1692,9.860716739969237e-07,0.8189808922862895,0.18101783223773046,2.8940430528386984e-07,25,20,20
4,1693,1.1167513440632328e-09,0.8419723574202387,0.15800834162752,1.929983548988256e-05,25,20,20
4,1694,3.800938430878334e-08,0.8363298046405744,0.16367011140533766,4.5944703187146715e-08,25,20,20
4,1695,3.8028712849126234e-08,0.912149950909517,0.08784995857148595,5.2490283549299433e-08,25,20,20
4,1696,5.723777517284777e-11,0.8872554882901897,0.11274450593279722,5.719775004764036e-09,25,20,20
4,1697,2.460468676671426e-08,0.8964683859317779,0.10353157760897756,1.1854557500028707e-08,25,20,20
4,1698,2.7342044188451684e-08,0.9281383193735137,0.0718616072264294,4.605801277863197e-08,25,20,20
4,1699,4.9903010285173323e-11,0.8842733126149949,0.11572668656761916,7.674825147865295e-10,25,20,20
4,1700,7.796429546418054e-11,0.8802812066409109,0.11971879293948223,3.416421686232928e-10,25,20,20
4,1701,1.2495257331428833e-11,0.9158201750680094,0.0841798246024062,3.1708943854854016e-10,25,20,20
4,1702,3.1664445027409075e-09,0.8786304775300148,0.12136950700120742,1.2302333182527532e-08,25,20,20
4,1703,7.641858968597826e-09,0.7724206642343177,0.22757932696891625,1.154907285071984e-09,25,20,20
4,1704,4.3586164753759984e-10,0.8684344084413687,0.13156559057632206,5.464483358311822e-10,25,20,20
4,1705,8.603766900584401e-08,0.831129772029045,0.16886916871735913,9.732159262015625e-07,25,20,20
4,1706,8.621394863238961e-08,0.7855618616336032,0.21441908025824005,1.897189420793315e-05,25,20,20
4,1707,1.5998506954490074e-09,0.855314103228046,0.14466737223274506,1.8522939357901292e-05,25,20,20
4,1708,5.59993768340365e-06,0.9236288177413996,0.07634705348980372,1.852883111357344e-05,25,20,20
4,1709,2.4686162638280654e-12,0.9650172441621697,0.0349827380992793,1.7736082465443867e-08,25,20,20
4,1710,5.6597803485305924e-11,0.87801294256135,0.12198546891038038,1.588471672071514e-06,25,20,20
4,1711,8.146903018751227e-10,0.9189850621735054,0.08101492954793552,7.463868703978268e-09,25,20,20
4,1712,7.847287965694698e-07,0.8937147255605054,0.10628446560649998,2.410419822355963e-08,25,20,20
4,1713,9.378037497478885e-07,0.8770934718020407,0.12290555571400472,3.4680204808658804e-08,25,20,20
4,1714,2.2256571028815785e-06,0.9471066996963096,0.05289105681688677,1.7829700826516706e-08,25,20,20
4,1715,2.2255848566038744e-06,0.919284216423988,0.08071355735615433,6.350013434144531e-10,25,20,20
4,1716,4.2059649097663876e-11,0.8021844396906945,0.19781555963929567,6.279500386190567e-10,25,20,20
4,1717,6.668396307099232e-05,0.8395828763632067,0.15991594903810602,0.000434490635616481,25,20,20
4,1718,1.3386734656115066e-05,0.8539199046945121,0.1460665680852051,1.4048562620822598e-07,25,20,20
4,1719,2.8056831729737904e-09,0.9350191664394183,0.06498080156484519,2.919005342293688e-08,25,20,20
4,1720,5.5798875307433e-09,0.974102469787103,0.025897513527095767,1.1105913777230412e-08,25,20,20
4,1721,2.6544557114777227e-09,0.9038653078407932,0.09613372799216596,9.615125847466519e-07,25,20,20
4,1722,7.372320454888613e-11,0.9299831748701146,0.07001680741911091,1.7637051362197367e-08,25,20,20
4,1723,4.61487122463293e-09,0.887902556153727,0.11207944072891035,1.7998502491324334e-05,25,20,20
4,1724,3.429731380257628e-09,0.9070228426519807,0.0929771533774424,5.40844511720162e-10,25,20,20
4,1725,5.6898285703308184e-08,0.923854201322688,0.07614572402853989,1.7750486052496795e-08,25,20,20
4,1726,5.7621252466316226e-08,0.8658519636243678,0.1341479609407413,1.7813638148760115e-08,25,20,20
4,1727,7.379844550444506e-10,0.8948019043340066,0.10519809429105066,6.369576000168483e-10,25,20,20
4,1728,1.6604843840264101e-09,0.8615789611461092,0.13842103209354062,5.0998656177505584e-09,25,20,20
4,1729,8.109740461334283e-10,0.8436196890700457,0.15638030942401365,6.949661982327189e-10,25,20,20
4,1730,0.0007450157912953165,0.8100686693841918,0.18918627509427474,3.973023797799219e-08,25,20,20
4,1731,1.0174605011205164e-10,0.9335197283101513,0.06648026949298917,2.095113476494645e-09,25,20,20
4,1732,5.678960328069175e-08,0.8393722475930141,0.16062764969806667,4.5919316159419407e-08,25,20,20
4,1733,3.665498142369708e-08,0.9091100127405461,0.0908898571201207,9.34843518926444e-08,25,20,20
4,1734,3.5964166152965465e-08,0.9190123360498714,0.08098758622255088,4.176341149459603e-08,25,20,20
4,1735,2.5563567596440627e-11,0.934501675115985,0.06549831780786801,7.050583349716461e-09,25,20,20
4,1736,5.4285251476638626e-11,0.905007245489379,0.09499246505782633,2.8939850911147205e-07,25,20,20
4,1737,0.00038231701872549264,0.8269696805338244,0.17264761951910837,3.829283409369351e-07,25,20,20
4,1738,5.67591837517468e-08,0.9094405052219418,0.09055910786174963,3.301571244917462e-07,25,20,20
4,1739,5.6911805901255465e-08,0.9191169732211106,0.08088201891956169,9.509475215409294e-07,25,20,20
4,1740,9.452588691230588e-08,0.9071395758736801,0.0928603279323479,1.6680844495053378e-09,25,20,20
4,1741,5.710822575552255e-08,0.8245489425979261,0.17545100015794066,1.359070107818342e-10,25,20,20
4,1742,9.98123079658654e-13,0.9678778094370398,0.03212218992098869,6.409737895279289e-10,25,20,20
4,1743,1.3211287558730338e-11,0.8561136466825472,0.14388634180664683,1.1497593955925724e-08,25,20,20
4,1744,1.9872152889181922e-11,0.9112718821882183,0.08872711499763958,1.002794269845229e-06,25,20,20
4,1745,7.63260301518669e-11,0.9584234712506345,0.04157651012931893,1.854372022083064e-08,25,20,20
4,1746,2.252773915937691e-06,0.9228168791190333,0.07718086727532936,8.317213131172237e-10,25,20,20
4,1747,2.1541243491393754e-06,0.928224992456236,0.07177285300112378,4.182908741195329e-10,25,20,20
4,1748,2.1542127616708413e-06,0.9517240303650975,0.04827381476799061,6.541498497047242e-10,25,20,20
4,1749,6.200024673983113e-11,0.9645897152148705,0.035410284394115144,3.2901422250421136e-10,25,20,20
4,1750,5.0816777751890885e-11,0.987510550354022,0.01248943198071735,1.761444338565579e-08,25,20,20
4,1751,9.326368855715767e-11,0.931488197498524,0.06851178429584003,1.8112371610729267e-08,25,20,20
4,1752,0.0002863558034108086,0.9141260602659287,0.08558657417110327,1.0097595566522923e-06,25,20,20
4,1753,0.00028765851423648395,0.8722678587844795,0.12744254009419947,1.942607084107959e-06,25,20,20
4,1754,1.291911522589781e-06,0.8601026479615348,0.13989605930496604,8.219766477759081e-10,25,20,20
4,1755,1.2923397276472976e-06,0.8500589693604094,0.14993973787719025,4.226725598071296e-10,25,20,20
4,1756,1.2949406691096602e-06,0.8533579044845743,0.14664078911573397,1.145902233854591e-08,25,20,20
4,1757,3.137586882848788e-09,0.8687986432904762,0.1312013127794019,4.079253501764277e-08,25,20,20
4,1758,3.2606323621858386e-10,0.8069926121098896,0.19300736437527655,2.3188770603683862e-08,25,20,20
4,1759,1.8609562205974805e-09,0.909820499529699,0.09017884777336858,6.508359762960871e-07,25,20,20
4,1760,1.8113063840845244e-09,0.9092554649629331,0.09074386521095196,6.680148085444416e-07,25,20,20
4,1761,5.6992519616994285e-08,0.9271101447351308,0.07288978214775674,1.6124592512879984e-08,25,20,20
4,1762,2.5465155615935065e-11,0.9096598308226624,0.09034015761649669,1.1535375467678691e-08,25,20,20
4,1763,9.89740943259542e-08,0.9032888799166529,0.0967107304189707,2.906902817320203e-07,25,20,20
4,1764,4.844572783735698e-09,0.9313757151947706,0.06862424401984711,3.594080902053433e-08,25,20,20
4,1765,3.081165861523583e-09,0.8636360135231801,0.13636396503195441,1.836369953078565e-08,25,20,20
4,1766,8.176969490669824e-09,0.9596786505998415,0.04032130632951131,3.489367746805295e-08,25,20,20
4,1767,2.7473877092558996e-09,0.8286508232824388,0.17134915655958294,1.7410591241134248e-08,25,20,20
4,1768,2.699203377063973e-09,0.8868511859157066,0.11314879403847505,1.7346614595987816e-08,25,20,20
4,1769,5.452871939122647e-09,0.9006218397210339,0.09937811854278981,3.6283304423554285e-08,25,20,20
4,1770,4.87612758510004e-10,0.8855991255547636,0.11440085606795498,1.788966892789099e-08,25,20,20
4,1771,5.051808360212484e-10,0.8299983196715991,0.17000164709224158,3.273097781105694e-08,25,20,20
4,1772,8.749635693674817e-11,0.906099510049733,0.09390047777859613,1.2084174682725476e-08,25,20,20
4,1773,1.7692829740299695e-09,0.876654708357747,0.12334527805151924,1.1821450477376435e-08,25,20,20
4,1774,2.363138042938596e-09,0.9043700920346089,0.09562990412462775,1.4776250692750851e-09,25,20,20
4,1775,1.373562880752584e-09,0.9333301845195604,0.06666980356626497,1.054061134286976e-08,25,20,20
4,1776,6.790210030793867e-10,0.8990651459811144,0.10093485189507904,1.4447851304775257e-09,25,20,20
4,1777,5.043163532606651e-06,0.8453912624478568,0.15460368525371643,9.134893322439333e-09,25,20,20
4,1778,5.043158656372123e-06,0.9234325401800457,0.07656212709380988,2.8956748733849973e-07,25,20,20
4,1779,5.043148927455662e-06,0.8586429130301295,0.1413507660184715,1.277802470707693e-06,25,20,20
4,1780,5.094147452253586e-06,0.8430386228019953,0.15695544713698084,8.359135711128373e-07,25,20,20
4,1781,9.146774345003389e-10,0.9147274734918159,0.085271960850081,5.647434252991587e-07,25,20,20
4,1782,2.794488688206996e-10,0.8973399632617614,0.10266001725412602,1.9204663791609203e-08,25,20,20
4,1783,2.6304456975897335e-07,0.8312265191429402,0.16877318173012054,3.608236869462107e-08,25,20,20
4,1784,5.7250588340407753e-08,0.8576634453265768,0.14233643839897409,5.902386075298294e-08,25,20,20
4,1785,7.697083603687247e-11,0.8968028519730374,0.10319712930733349,1.864265790664524e-08,25,20,20
4,1786,8.448542301735305e-11,0.9244118022574989,0.07558817934215326,1.831586230886715e-08,25,20,20
4,1787,1.501764390865833e-09,0.8790546567372044,0.12094533047971888,1.1281312640766315e-08,25,20,20
4,1788,1.5726681655351279e-09,0.8354184838074953,0.16458151423913717,3.806994117389624e-10,25,20,20
4,1789,3.460370912702528e-05,0.8602217711474696,0.13974359712002424,2.802337910842335e-08,25,20,20
4,1790,2.280298690958773e-08,0.9321701605808392,0.06782981565055066,9.656231671866902e-10,25,20,20
4,1791,1.4261957951296036e-10,0.9717345343782314,0.028265448247578543,1.7231570866483544e-08,25,20,20
4,1792,1.4118357637228984e-10,0.9319474445639017,0.06805252786645624,2.742845837504305e-08,25,20,20
4,1793,8.30892743605481e-10,0.9430171410901417,0.056982840242355184,1.7836610122875305e-08,25,20,20
4,1794,7.97600245469337e-11,0.8989792880670916,0.10102032943403681,3.8241911115380653e-07,25,20,20
4,1795,2.4796915967440534e-07,0.8848595366007729,0.11514019638739345,1.904267340699079e-08,25,20,20
4,1796,8.129034808313229e-11,0.8937945594140853,0.1062054229905137,1.751410993725844e-08,25,20,20
4,1797,1.0433029614136236e-08,0.9183825387775073,0.08161743256066294,1.8228799406234212e-08,25,20,20
4,1798,2.9333757121927025e-09,0.9346818114925567,0.06531815759116469,2.798290281460406e-08,25,20,20
4,1799,3.4076099312857032e-09,0.8910451709847713,0.1089544437503427,3.818572760503476e-07,25,20,20
4,1800,1.7659017048331423e-09,0.9316278979398812,0.06837208231791546,1.7976301092544062e-08,25,20,20
4,1801,8.535492561662502e-08,0.9220794321885719,0.07792044703258606,3.54239162784216e-08,25,20,20
4,1802,1.0764443702938955e-09,0.8842691057135066,0.1157308683089868,2.490106197661459e-08,25,20,20
4,1803,5.196513848706304e-11,0.9528080488253461,0.04719194419452297,6.928165824569726e-09,25,20,20
4,1804,1.895138748132307e-11,0.9349805370080726,0.06501943949188908,2.3481086773982336e-08,25,20,20
4,1805,2.641840902456324e-12,0.8796898717268646,0.12030954675459248,5.81515900637457e-07,25,20,20
4,1806,2.043278002198481e-08,0.8237306516196319,0.17614184669525482,0.00012748125233354206,25,20,20
4,1807,2.783001765256687e-09,0.9015095912727084,0.09848938903978084,1.0169045095020473e-06,25,20,20
4,1808,1.5518626226873715e-11,0.91859830376643,0.08140166392295592,3.229509476037915e-08,25,20,20
4,1809,7.813929849111308e-10,0.9031255025835407,0.09687438585701827,1.1077804738146031e-07,25,20,20
4,1810,7.981705109390758e-08,0.904917928969523,0.09508103188072116,9.593327044303712e-07,25,20,20
4,1811,6.318817035779135e-11,0.8951961497023088,0.10480289922062261,9.510138797948051e-07,25,20,20
4,1812,2.1381058175594883e-12,0.9448111485420929,0.055187900158376074,9.512973925393336e-07,25,20,20
4,1813,7.497169704208639e-10,0.9164804940445687,0.08348402509571647,3.548010999738448e-05,25,20,20
4,1814,6.24820093478913e-11,0.9248846561487076,0.07511534301659961,7.722103614442056e-10,25,20,20
4,1815,7.58841901964341e-11,0.9004384395157582,0.09956155913907884,1.2692786384851628e-09,25,20,20
4,1816,2.690362156067531e-09,0.8153179569066693,0.1846819944150434,4.598792481544674e-08,25,20,20
4,1817,1.220426452228444e-07,0.8554806311602234,0.14451922835160966,1.8445521504801184e-08,25,20,20
4,1818,5.275456792969477e-11,0.8953044097445628,0.1046951962197334,3.9398294879692665e-07,25,20,20
4,1819,0.00047386605526663174,0.7631473066395924,0.23637879118295618,3.6122184058109084e-08,25,20,20
4,1820,5.6958827095141515e-08,0.8846234577322857,0.11537647197269679,1.333619068049702e-08,25,20,20
4,1821,6.513600181773157e-11,0.9143127652425852,0.0856708131447164,1.6421547561889982e-05,25,20,20
4,1822,3.8881171335850384e-08,0.9637857812749593,0.03621417919544221,6.484271709989427e-10,25,20,20
4,1823,7.194787424886425e-05,0.967068131263702,0.03285933617134374,5.846907053485361e-07,25,20,20
4,1824,7.191167877801812e-05,0.9183544260276324,0.08157307759871216,5.846948775153402e-07,25,20,20
4,1825,7.191356442758277e-05,0.7552777071165144,0.2446347951992102,1.5584119846999094e-05,25,20,20
4,1826,2.434200914512327e-08,0.882909330655458,0.11707591649542612,1.4728507106057545e-05,25,20,20
4,1827,2.150522488184991e-08,0.9013173261454861,0.09868265168248996,6.667992185233583e-10,25,20,20
4,1828,2.14932328486457e-08,0.9074239035837702,0.09257607394686905,9.761276884728307e-10,25,20,20
4,1829,7.689358148266499e-11,0.9739912558191471,0.02600872592285162,1.8181107510473363e-08,25,20,20
4,1830,3.444600810824028e-10,0.8948099466499694,0.10519002407546488,2.8930105889044e-08,25,20,20
4,1831,3.050491295133696e-09,0.9126718402128531,0.08732815600291657,7.337391365110831e-10,25,20,20
4,1832,3.399525054435653e-10,0.9064766367597659,0.0935233619051192,9.951621636793627e-10,25,20,20
4,1833,2.622161611636835e-10,0.9416896541959747,0.058310344894959884,6.468491181977493e-10,25,20,20
4,1834,2.7055383949129897e-11,0.9449501189577041,0.05504986337814727,1.763709329507314e-08,25,20,20
4,1835,2.5906691125556854e-11,0.9860510873448873,0.0139489122924685,3.367375315317012e-10,25,20,20
4,1836,3.6561233676844794e-09,0.9602579287664734,0.039742049654044306,1.7923358879556964e-08,25,20,20
4,1837,1.5596367134464945e-07,0.982970965321562,0.01702886047915929,1.8235607918421568e-08,25,20,20
4,1838,6.96231611925099e-11,0.9556690902384899,0.04433090872915156,9.627350702187391e-10,25,20,20
4,1839,1.86338733776635e-11,0.9114017122968449,0.08859827422629465,1.3458226800815896e-08,25,20,20
4,1840,2.7159737191219777e-09,0.9073507228742846,0.09264926229814359,1.2111597775078035e-08,25,20,20
4,1841,1.5569990655841342e-08,0.939379787125404,0.0606201787622961,1.8542308283652835e-08,25,20,20
4,1842,1.562852139259967e-11,0.9623177249594762,0.037682274567477296,4.5741804974774466e-10,25,20,20
4,1843,1.0078830115053552e-09,0.9450681743784302,0.05493182385949933,7.541875249596695e-10,25,20,20
4,1844,3.7501181073792134e-10,0.9280612152236752,0.07193874789816525,3.6503147428588345e-08,25,20,20
4,1845,1.3068463853553788e-08,0.9444766200996484,0.05552331327784196,5.3554045642604545e-08,25,20,20
4,1846,2.7909061707196913e-09,0.9257459854461364,0.07425401122208958,5.408672046370418e-10,25,20,20
4,1847,1.5674735168597476e-07,0.9071228501819469,0.09287698077885179,1.2291849113499727e-08,25,20,20
4,1848,3.3797492377087454e-08,0.8657973699875978,0.13418702158150572,1.55746334034147e-05,25,20,20
4,1849,2.1649573258709596e-06,0.9157304422804367,0.08425262334802641,1.476941421076692e-05,25,20,20
4,1850,2.1636177899610927e-06,0.942630462517658,0.05736734902190528,2.4842646854077736e-08,25,20,20
4,1851,2.166974548472012e-06,0.957508669419356,0.0424891620818336,1.5242621793440915e-09,25,20,20
4,1852,2.163604805163826e-06,0.9574841249312691,0.04251369325209356,1.8211832066303705e-08,25,20,20
4,1853,7.095051752921281e-10,0.8754568320454019,0.12454313077898892,3.646610400686791e-08,25,20,20
4,1854,2.8212438525115185e-11,0.8853480435694755,0.11465195569634398,7.059685219400434e-10,25,20,20
4,1855,4.17540164729533e-09,0.932038983858375,0.06796044665120776,5.653150151508788e-07,25,20,20
4,1856,5.669039877212025e-09,0.847299962171475,0.15266797648362396,3.205567586092641e-05,25,20,20
4,1857,2.174520079672381e-11,0.9349608893474446,0.06503874557037197,3.6506043767947825e-07,25,20,20
4,1858,3.651642934381646e-09,0.8719846330821011,0.12801536146362058,1.802635859345352e-09,25,20,20
4,1859,6.1878191350205945e-09,0.8917577662185665,0.10824222593529263,1.6583220600675136e-09,25,20,20
4,1860,7.552871060834669e-11,0.9242640265139144,0.07573597215907095,1.2514856899515723e-09,25,20,20
4,1861,2.592332779655141e-11,0.8696599437054776,0.13033839040152975,1.6658670691174437e-06,25,20,20
4,1862,5.111886315229135e-11,0.9010013743828184,0.0989985745672472,5.0998815415643464e-08,25,20,20
4,1863,2.5271171296889604e-10,0.8752093036335953,0.12479039409362234,3.020200701311031e-07,25,20,20
4,1864,9.857842251581736e-08,0.8456216707943167,0.154378188575033,4.2052227645327835e-08,25,20,20
4,1865,8.430695105618181e-10,0.8339553732767503,0.1660442265034416,3.993767383071631e-07,25,20,20
4,1866,1.8616397663386328e-08,0.8428650280264326,0.15713448566578334,4.676913859944322e-07,25,20,20
4,1867,5.6498226802094044e-08,0.9129771936502974,0.08702199864935704,7.512021187136739e-07,25,20,20
4,1868,1.7940846875467633e-09,0.8771350238509643,0.12286495632553074,1.8029419782829144e-08,25,20,20
4,1869,4.4607483264557426e-09,0.8546586306687215,0.14534133169687385,3.3173656040589123e-08,25,20,20
4,1870,6.165180425908228e-11,0.9199577752265838,0.08004221899665163,5.715112579550687e-09,25,20,20
4,1871,2.6706545069852586e-06,0.780015870684791,0.21998145307055345,5.590148291840771e-09,25,20,20
4,1872,3.5302579948113615e-09,0.9324278620649754,0.06757117048064504,9.63924121608069e-07,25,20,20
4,1873,7.722448545252054e-10,0.9846702774889081,0.015328758235992453,9.635028548017926e-07,25,20,20
4,1874,7.284323724884168e-08,0.8972024004088052,0.10279655219517321,9.745527841608706e-07,25,20,20
4,1875,6.674014338649331e-10,0.8912994605107327,0.10869954460582645,9.94216038755438e-07,25,20,20
4,1876,6.629770928194576e-10,0.934646093942773,0.06535292409909865,9.812951509761161e-07,25,20,20
4,1877,2.4133372788604213e-10,0.9213008607394216,0.07869910313979117,3.587945322034591e-08,25,20,20
4,1878,2.8608783076021757e-09,0.9020708663684629,0.09792908530141585,4.546924289077889e-08,25,20,20
4,1879,2.82820483840793e-09,0.8511476524729781,0.14885230942523273,3.5273584354360226e-08,25,20,20
4,1880,1.013386879249934e-07,0.9284124755127802,0.07158740438389669,1.876463520776559e-08,25,20,20
4,1881,1.251862490198726e-10,0.8852563179670018,0.1147427065563783,9.75351433318797e-07,25,20,20
4,1882,1.4953791357390743e-10,0.953110775477365,0.04688918863050029,3.574259697146382e-08,25,20,20
4,1883,1.3790295453432608e-10,0.9370526886878294,0.06294725826814292,5.290612481144888e-08,25,20,20
4,1884,2.1497397140471876e-08,0.924058137010208,0.07594182304102713,1.845136741208359e-08,25,20,20
4,1885,2.2374291832729412e-08,0.8499398167494736,0.15006015445354365,6.4226903182711165e-09,25,20,20
4,1886,1.0819842142402206e-09,0.8747602747954965,0.1252387671033378,9.570191811441986e-07,25,20,20
4,1887,2.5552636220469793e-09,0.8838418204380807,0.11615816090185055,1.6104804629087755e-08,25,20,20
4,1888,2.7065691280349834e-09,0.9428327823955168,0.05716721395723808,9.40675671740594e-10,25,20,20
4,1889,9.286485498789465e-10,0.9343477112095848,0.0656522636181817,2.424358463144623e-08,25,20,20
4,1890,6.779783362537029e-10,0.9417993271031255,0.058200653761524064,1.8457371900990293e-08,25,20,20
4,1891,1.1974235762653255e-10,0.9136792244692127,0.08632075827437459,1.7136669902495556e-08,25,20,20
4,1892,1.2852699269607821e-10,0.9223205164169401,0.07767945411945393,2.9335078608389245e-08,25,20,20
4,1893,8.355881854177685e-11,0.90085902711425,0.09913997689377901,9.959084114460884e-07,25,20,20
4,1894,1.5164558004917144e-10,0.9109748830261251,0.08902414983789106,9.66984338413623e-07,25,20,20
4,1895,5.923515046011384e-08,0.8184458790573342,0.18155404957246368,1.2135051269035477e-08,25,20,20
4,1896,6.710987667761805e-11,0.934702210800169,0.06529740754697094,3.815857501475288e-07,25,20,20
4,1897,1.2656626183116841e-10,0.9169607435759246,0.08303925564765281,6.498560324655937e-10,25,20,20
4,1898,1.023299125198279e-08,0.8198074692898379,0.18017779231140846,1.4728165762489469e-05,25,20,20
4,1899,1.3004106097108679e-08,0.8039423639050588,0.19604245108928306,1.51720015515397e-05,25,20,20
4,1900,2.9039493345144906e-09,0.9034553788993821,0.09654458134755142,3.6849117096230105e-08,25,20,20
4,1901,2.809296118393165e-09,0.8729526232421584,0.12704734893634181,2.501220286133285e-08,25,20,20
4,1902,5.605762333236289e-09,0.8476033853384922,0.1523966071991874,1.8565574274443607e-09,25,20,20
4,1903,5.626193759659394e-09,0.9436908737577135,0.05630816949645633,9.511196361269641e-07,25,20,20
4,1904,5.549369916910285e-09,0.9040815532546199,0.09591747191769763,9.692783124056384e-07,25,20,20
4,1905,5.09327492450334e-08,0.876817496341681,0.1231814672547295,9.854708401657993e-07,25,20,20
4,1906,2.760470606061386e-09,0.9156235435390453,0.08437455298994154,1.9007105423336668e-06,25,20,20
4,1907,6.143917024813713e-09,0.8367484492922996,0.16324863981889706,2.90474488593502e-06,25,20,20
4,1908,2.741617755007324e-09,0.8869994585365184,0.1129992762975612,1.2624243020135244e-06,25,20,20
4,1909,2.491808448266953e-07,0.9012526083468124,0.09874713706817355,5.404168697005764e-09,25,20,20
4,1910,9.4788353716787e-10,0.9164807211930995,0.08351927214115067,5.717866080639737e-09,25,20,20
4,1911,3.9799006729106294e-11,0.9607857189744435,0.03921427942325399,1.5625033806415678e-09,25,20,20
4,1912,5.155280306555467e-06,0.9452597531781255,0.054735075636318006,1.590524962857869e-08,25,20,20
4,1913,1.567075015912506e-11,0.9368588822234121,0.063141116706462,1.0544550439793516e-09,25,20,20
4,1914,0.0008654992975641356,0.7715167188934821,0.22761777630996863,5.498984503728461e-09,25,20,20
4,1915,8.608787839313771e-08,0.944240882232856,0.055759030452645214,1.2266202689059997e-09,25,20,20
4,1916,2.562187292081846e-09,0.9196434747213186,0.08035623334513473,2.8937135933913596e-07,25,20,20
4,1917,7.347859757640461e-10,0.9464638942357746,0.05353513783360479,9.671958346630576e-07,25,20,20
4,1918,6.773583239582374e-08,0.8770247496208319,0.12294982238264383,2.5360260691540533e-05,25,20,20
4,1919,2.159215599481999e-08,0.8361923120274694,0.1637761572464338,3.150913394055674e-05,25,20,20
4,1920,1.3968190430846363e-09,0.8925542218338665,0.10744480306588246,9.7370343144088e-07,25,20,20
4,1921,4.376210838926665e-09,0.8421443014788721,0.15785568793069768,6.2142187216900245e-09,25,20,20
4,1922,4.9110923853305225e-06,0.8591001009704405,0.14089443436616844,5.535710049822549e-07,25,20,20
4,1923,4.913093603963423e-06,0.9062687622728159,0.09372575852085031,5.661127298526787e-07,25,20,20
4,1924,4.910540933155166e-06,0.851173780199983,0.14882076108516776,5.481739162413079e-07,25,20,20
4,1925,4.81970416699067e-06,0.9546645465430162,0.045330091792795776,5.419600209309892e-07,25,20,20
4,1926,4.820438229578029e-06,0.8844821329377962,0.1155124939284895,5.526954849826682e-07,25,20,20
4,1927,5.6194432091175015e-06,0.8985216271556544,0.10145077094689786,2.1982454238862165e-05,25,20,20
4,1928,7.997530905661906e-07,0.9096743070411213,0.09030345138928525,2.144181650279703e-05,25,20,20
4,1929,7.990720744210578e-07,0.9097194580164397,0.09025925923033454,2.048368115117561e-05,25,20,20
4,1930,7.109943448597272e-10,0.9730837177416946,0.02691628029051756,1.2567936694372458e-09,25,20,20
4,1931,1.1988535332994564e-08,0.8659810007691333,0.13401898676385407,4.784775144216831e-10,25,20,20
4,1932,9.032037070878335e-11,0.97710262496245,0.022897374729914873,2.1731475944874955e-10,25,20,20
4,1933,4.150406312714229e-09,0.9270343531358162,0.07296468261064468,9.601031326977475e-07,25,20,20
4,1934,1.524665409562563e-09,0.9140584500280613,0.08594058762691875,9.608203543335697e-07,25,20,20
4,1935,1.4945861225389835e-10,0.9556684913410076,0.04433052324193631,9.852675969798305e-07,25,20,20
4,1936,4.370292829945788e-09,0.9234445646850586,0.0765544796249665,9.513196820962726e-07,25,20,20
4,1937,5.200987434907975e-11,0.8845326844250971,0.11546731441424722,1.1086460686699272e-09,25,20,20
4,1938,1.2325638736730018e-08,0.8420631783780442,0.1579368034352276,5.861088980894736e-09,25,20,20
4,1939,7.9107284704122e-11,0.8660350609339378,0.1339644368256911,5.021612637056932e-07,25,20,20
4,1940,8.530572143959206e-08,0.9482019121636013,0.05179799167514878,1.085552865665365e-08,25,20,20
4,1941,8.528080009546543e-08,0.947822120091327,0.05217776711140856,2.7516464570516536e-08,25,20,20
4,1942,1.5493154473800423e-07,0.9108957191892073,0.08908603929209798,1.80865871501543e-05,25,20,20
4,1943,1.5556170467334684e-07,0.8716030657387379,0.12839670833458508,7.036497245331288e-08,25,20,20
4,1944,1.534503257763532e-07,0.9197083815610619,0.0802269513618302,6.451362678152525e-05,25,20,20
4,1945,1.7811544379042353e-09,0.9439006178454431,0.05609938003868,3.347221295924841e-10,25,20,20
4,1946,7.26607974379125e-10,0.9185498175549729,0.08145016328868648,1.842973240103696e-08,25,20,20
4,1947,7.059451151061805e-10,0.9605882088819822,0.03941178967603418,7.360383903248291e-10,25,20,20
4,1948,1.0981010204861578e-08,0.9347645943582964,0.06523539419101099,4.696817559635321e-10,25,20,20
4,1949,1.0295612504771934e-08,0.9137300253733325,0.0862696002092388,3.641218157531981e-07,25,20,20
4,1950,1.0328905155583297e-08,0.9292798086033268,0.070720145070696,3.5997072353507895e-08,25,20,20
4,1951,6.370285260632947e-11,0.9154847776647628,0.08451522050860585,1.762928394388494e-09,25,20,20
4,1952,9.740466311027379e-08,0.9587472098840064,0.04125269185570537,8.556247596227711e-10,25,20,20
4,1953,9.753223617651371e-08,0.9388396416661,0.06116025976263856,1.0390246109739432e-09,25,20,20
4,1954,9.749079950639306e-08,0.8746940887740595,0.12530581301261345,7.225269139745231e-10,25,20,20
4,1955,9.74068136800247e-08,0.9451839252849042,0.05481597688468538,4.235964721732374e-10,25,20,20
4,1956,2.5573162802940613e-07,0.8537223203916343,0.14627741786843126,6.008306052378861e-09,25,20,20
4,1957,2.1138774526484843e-06,0.9378381344958726,0.0621588010566369,9.505700382544703e-07,25,20,20
4,1958,2.113902629526849e-06,0.9287694509897392,0.07122747566223711,9.594453938093646e-07,25,20,20
4,1959,4.022935931119759e-09,0.8748106835724889,0.1251892847900082,2.761456646876772e-08,25,20,20
4,1960,2.135140971453829e-10,0.9216340782394938,0.07836394210886126,1.9794381308293224e-06,25,20,20
4,1961,1.4465207042035549e-10,0.8808159833999138,0.1191830484318269,9.680236074758676e-07,25,20,20
4,1962,3.9575445726367726e-08,0.8243643478256996,0.14177729097397013,0.03385832162488497,25,20,20
4,1963,2.4135245416283143e-11,0.9196225869758742,0.0803773952674524,1.7732538087196264e-08,25,20,20
4,1964,1.2064767609943243e-10,0.9032318279247101,0.09676813654829554,3.540634699816789e-08,25,20,20
4,1965,9.900308750576633e-08,0.8238134831166681,0.17618638356953642,3.4310707678673374e-08,25,20,20
4,1966,2.3250420763271707e-09,0.8519029569137473,0.14809703999968415,7.615264516325324e-10,25,20,20
4,1967,2.274210724915697e-09,0.9152628067216773,0.0847371841651897,6.838922115628697e-09,25,20,20
4,1968,0.04062488600576119,0.8635966862403103,0.09577842518857248,2.5653555489607784e-09,25,20,20
4,1969,7.616643940652417e-11,0.9556624024769331,0.04433758723664645,1.0210253793717472e-08,25,20,20
4,1970,4.662526237721291e-11,0.8852132685682917,0.11478672630420649,5.080876438915888e-09,25,20,20
4,1971,7.437807586853043e-10,0.8892125367406539,0.11078742719561228,3.531995286058738e-08,25,20,20
4,1972,6.620240351301665e-11,0.8375277253914126,0.16247225597143372,1.857095111348603e-08,25,20,20
4,1973,9.300458477616502e-11,0.8273467499612022,0.1726529627712321,2.871745615619138e-07,25,20,20
4,1974,2.077548099445615e-06,0.7428719519572475,0.2571256537824076,3.167122447298206e-07,25,20,20
4,1975,7.278854486842841e-10,0.8320990258244972,0.1679009611038949,1.2343722042487775e-08,25,20,20
4,1976,2.840226899422956e-09,0.9159082417055218,0.08409173767934552,1.7774905676695867e-08,25,20,20
4,1977,3.488784600511006e-09,0.8844655206158016,0.11553446490863888,1.0986774475711496e-08,25,20,20
4,1978,7.806215052809395e-05,0.8773525992642375,0.1225682532667155,1.0853185180656405e-06,25,20,20
4,1979,8.925344903956422e-10,0.8274842738776392,0.17249772178310863,1.8003446717004242e-05,25,20,20
4,1980,0.000261327973123304,0.7624984505819934,0.23722219402901293,1.8027415869228653e-05,25,20,20
4,1981,9.716095916251753e-10,0.7794989488028449,0.2204650165349612,3.603369058325542e-05,25,20,20
4,1982,1.011395623211106e-09,0.8741465420247184,0.12583545815716674,1.79988067195877e-05,25,20,20
4,1983,1.5726936031789769e-09,0.784345092131382,0.2156545254268661,3.808690575439139e-07,25,20,20
4,1984,1.1721991911147005e-05,0.7805023819018946,0.21948552034732263,3.7575887090453113e-07,25,20,20
4,1985,1.5825645813740137e-07,0.9105103235828331,0.08948949351782848,2.4642879843651567e-08,25,20,20
4,1986,2.79493313649685e-09,0.9217650978306459,0.07823485723673511,4.2137685724323316e-08,25,20,20
4,1987,1.473853560122239e-09,0.969683688861438,0.03031629207572891,1.7588979704221766e-08,25,20,20
4,1988,6.9590093031663e-10,0.9395344424627767,0.06046553953206572,1.7309256762075306e-08,25,20,20
4,1989,7.054330193306458e-10,0.9397922005351576,0.060207781146819545,1.7612589255136093e-08,25,20,20
4,1990,5.1211079597615115e-11,0.9267286431533751,0.07327132090685382,3.588855933860325e-08,25,20,20
4,1991,5.08341525108816e-11,0.9348084504042755,0.06519153152746188,1.801742803965364e-08,25,20,20
4,1992,9.863103962793886e-08,0.9260792875772624,0.07392060736620319,6.425494543840305e-09,25,20,20
4,1993,1.034212063391599e-07,0.8636973271722281,0.13630193035692134,6.39049643251576e-07,25,20,20
4,1994,2.220373827879585e-06,0.8894417276578155,0.11055603353568356,1.8432672528738498e-08,25,20,20
4,1995,5.037374412809502e-10,0.9302495446807464,0.0697504539132329,9.022827594553246e-10,25,20,20
4,1996,4.2400598217721206e-10,0.8690766474069018,0.13092333307359108,1.9095500793671017e-08,25,20,20
4,1997,1.2919902985563966e-10,0.9296976844906361,0.07030231440846654,9.716984836252945e-10,25,20,20
4,1998,7.156926571601828e-10,0.9180932540209098,0.08190674461017533,6.532223284491056e-10,25,20,20
4,1999,6.063974877114439e-11,0.8108056408028976,0.18915660712642166,3.7752010041091575e-05,25,20,20
4,2000,4.697389887257377e-11,0.8741011397927213,0.12589884223885478,1.7921450375644597e-08,25,20,20
4,2001,2.6482233608287393e-07,0.8311868511451587,0.16881286548999025,1.8542514641869424e-08,25,20,20
4,2002,2.681684009934531e-07,0.7902440526999749,0.20975567139289797,7.738725214527456e-09,25,20,20
4,2003,3.809201697977993e-09,0.9148845327644175,0.08511546121331143,2.2130693975174183e-09,25,20,20
4,2004,4.6261517989275907e-10,0.9355024629712161,0.0644975351376818,1.4284868714836545e-09,25,20,20
4,2005,7.525610116826658e-11,0.9642857351750691,0.03571426349237441,1.2573008537884176e-09,25,20,20
4,2006,1.997072222556538e-11,0.8951963296092083,0.10480365373981579,1.6631004923854713e-08,25,20,20
4,2007,1.4582260007184105e-05,0.8636896925203534,0.13610843586804594,0.00018728935159368986,25,20,20
4,2008,0.00016880175368366314,0.8832934757234289,0.11653771539871896,7.124168730126841e-09,25,20,20
4,2009,0.00016570492737157387,0.8506990238822861,0.14913524733076008,2.385958207452917e-08,25,20,20
4,2010,3.837416678781637e-11,0.8721344745935419,0.1278655243193549,1.0487293327437286e-09,25,20,20
4,2011,1.1306472511997903e-10,0.9186974378450264,0.08130256076200627,1.2799024756509802e-09,25,20,20
4,2012,5.008886364750379e-11,0.9640007901297186,0.035999192298575164,1.7521617554789048e-08,25,20,20
4,2013,3.745723692587325e-11,0.8948091086280892,0.10519085654827538,3.4786178084833965e-08,25,20,20
4,2014,3.604286371913514e-09,0.8696067241278154,0.13039327184655888,4.213391289864407e-10,25,20,20
4,2015,1.5966768237126945e-11,0.9072217769515228,0.09277822270081104,3.3169924196278066e-10,25,20,20
4,2016,7.451032482254838e-10,0.8766990491140194,0.1233009387578817,1.1382995358553727e-08,25,20,20
4,2017,3.766660305806081e-09,0.8345086624030429,0.1610478924962488,0.004443441334047741,25,20,20
4,2018,1.5075499251334948e-07,0.8920732371182492,0.10792661179351343,3.3324475056319207e-10,25,20,20
4,2019,2.3719324828252966e-07,0.8739874686196394,0.12601227372663912,2.046047254544945e-08,25,20,20
4,2020,1.4204616680529175e-05,0.8462101332239226,0.1537756520527257,1.0106671236486267e-08,25,20,20
4,2021,1.514326332873225e-07,0.9293444368070505,0.07065541130129896,4.5901730587666485e-10,25,20,20
4,2022,6.037324995909528e-06,0.8587057442909167,0.14128820351470858,1.486937848952259e-08,25,20,20
4,2023,3.968402721285745e-11,0.9168306184338966,0.08316934175595703,3.977046272974763e-08,25,20,20
4,2024,3.880075631946157e-09,0.8373661757642377,0.16261712362764577,1.6696728041028184e-05,25,20,20
4,2025,7.466024967027199e-10,0.827047002812394,0.1729526457136178,3.5072738525822345e-07,25,20,20
4,2026,1.6409225336783354e-10,0.7959458122138442,0.20405388052331344,3.070987499726365e-07,25,20,20
4,2027,1.3131907121666842e-09,0.7918994793247058,0.1743084306215862,0.03379208874051802,25,20,20
4,2028,1.576029833460568e-07,0.8205178053792516,0.17621277593818885,0.0032692610795765336,25,20,20
4,2029,4.0247807350655373e-08,0.7739960028379806,0.22594440380761976,5.955310659198267e-05,25,20,20
4,2030,8.908121898830324e-06,0.9201699411388095,0.07982113190203222,1.8837259199531675e-08,25,20,20
4,2031,2.561766104233658e-10,0.8224389940714271,0.1775607151553545,2.905170414014181e-07,25,20,20
4,2032,0.0014364724071625585,0.7443159455959022,0.25358569523257357,0.0006618867643603848,25,20,20
4,2033,1.2500653003398474e-08,0.9052186531115354,0.09476297083809498,1.8363549716541706e-05,25,20,20
4,2034,1.306599878979481e-08,0.9102996791483965,0.08968194485766215,1.8362927942601493e-05,25,20,20
4,2035,3.5686816698806373e-09,0.9209534384122472,0.07904560717500614,9.508440644371147e-07,25,20,20
4,2036,1.535402897646902e-09,0.8519097754890868,0.14805875954557784,3.1463429932563814e-05,25,20,20
4,2037,2.017592578169822e-11,0.8764635844953537,0.12353546458989921,9.508945709729378e-07,25,20,20
4,2038,5.447919117253908e-08,0.8525959171656556,0.1474030647866098,9.635685429200933e-07,25,20,20
4,2039,1.591389012250243e-07,0.7978078692859062,0.19725840500293962,0.004933566572252952,25,20,20
4,2040,1.3957032828843266e-07,0.8463820097548274,0.1536159136470655,1.937027778451879e-06,25,20,20
4,2041,5.735680067392372e-10,0.7976987057482829,0.2023008932917064,4.003864419773812e-07,25,20,20
4,2042,2.1566026116805353e-10,0.777295190799271,0.22270477391637808,3.506868971378256e-08,25,20,20
4,2043,3.2876538895264926e-12,0.7943327929444465,0.20566718346087562,2.3591389382138988e-08,25,20,20
4,2044,2.2132323171707856e-11,0.888558615572718,0.1114400555136241,1.3288915253822634e-06,25,20,20
4,2045,3.941405736901622e-10,0.7905831122542192,0.2094165038709128,3.8348072688058183e-07,25,20,20
4,2046,2.7913801413296533e-09,0.8212373340767439,0.17876266279092662,3.409493610457249e-10,25,20,20
4,2047,3.394356495909721e-10,0.8351171061327162,0.16487799277765156,4.900750196736982e-06,25,20,20
4,2048,2.1192015898160945e-10,0.9359950347094703,0.06400495964977955,5.428829795453571e-09,25,20,20
4,2049,5.853859475930984e-12,0.9004470092737423,0.09955200162242672,9.890979768710936e-07,25,20,20
4,2050,8.403491424502903e-08,0.8726766995437072,0.12732320544105494,1.0980323600077552e-08,25,20,20
4,2051,2.3067015038756362e-10,0.8753669277007947,0.12463306644135162,5.627183783079751e-09,25,20,20
4,2052,2.6937505138241517e-11,0.9605879123517771,0.03941206988400315,1.773728248241291e-08,25,20,20
4,2053,1.8519434263157912e-09,0.9245964519331916,0.07540298034118792,5.658736773390354e-07,25,20,20
4,2054,1.85141599610424e-09,0.9072849256301241,0.09271452454873018,5.479697300133689e-07,25,20,20
4,2055,3.5600750300601263e-10,0.8291908259017131,0.17080916832591167,5.416367329614926e-09,25,20,20
4,2056,2.7973034096827047e-11,0.8589936594549311,0.14100628757919734,5.293789861491921e-08,25,20,20
4,2057,1.6881834760563387e-09,0.8807903509191779,0.11920901444242132,6.329502174019886e-07,25,20,20
4,2058,1.2125136415865843e-08,0.8308982982215274,0.1691010513535081,6.382998282574047e-07,25,20,20
4,2059,2.3286668170495456e-08,0.893667137293984,0.10633280155099323,3.7868354608868993e-08,25,20,20
4,2060,2.092969241724821e-08,0.8989575504802647,0.10104240069750643,2.78925359417565e-08,25,20,20
4,2061,2.573467477215818e-08,0.8985776085720866,0.10142230301720412,6.267603425682386e-08,25,20,20
4,2062,1.3384938147985075e-08,0.9024355465526875,0.09756390678256166,5.332798120486616e-07,25,20,20
4,2063,5.773458913666861e-09,0.8852704845224035,0.11472950859080351,1.1133334044364312e-09,25,20,20
4,2064,2.8040231585371584e-09,0.882203475369802,0.11779650364889427,1.8177280168407442e-08,25,20,20
4,2065,3.8642346745567136e-08,0.9579664137832379,0.042032583771841894,9.63802573472041e-07,25,20,20
4,2066,4.387678578935578e-08,0.9098154598653749,0.09018350948739591,9.867704430396279e-07,25,20,20
4,2067,4.036982814673446e-08,0.8780401760530672,0.12195881325386514,9.703232393675788e-07,25,20,20
4,2068,4.3100983191110136e-08,0.9468314523160188,0.053167539856311646,9.647266866073267e-07,25,20,20
4,2069,1.0118915091269171e-07,0.974491943069949,0.0255079367169217,1.9023978438005626e-08,25,20,20
4,2070,5.5613698172122753e-05,0.8573486549975001,0.14259572669483758,4.609490222402894e-09,25,20,20
4,2071,8.252666123775681e-09,0.9620795962531712,0.037920393828681634,1.6654810694160007e-09,25,20,20
4,2072,8.261804341420289e-09,0.8978685050743301,0.10213148529222575,1.3716398004606804e-09,25,20,20
4,2073,5.551475990498896e-09,0.9540941956119333,0.045905797567941296,1.2686487202693507e-09,25,20,20
4,2074,6.209627521854241e-08,0.9135902725523245,0.08640963716525812,2.8186142565090994e-08,25,20,20
4,2075,1.0520408020816417e-10,0.8598530519029347,0.14014694747324696,5.186139811646473e-10,25,20,20
4,2076,2.0700049977384977e-09,0.901032628882989,0.09896730564945759,6.339754805747003e-08,25,20,20
4,2077,2.1653337585060868e-11,0.8238458579890466,0.17615410709923562,3.489006388709715e-08,25,20,20
4,2078,1.6835190035062382e-11,0.9337138421939801,0.06628615693888232,8.503020151059033e-10,25,20,20
4,2079,2.0909625071240484e-06,0.910883879958137,0.08911401224361486,1.683574102476684e-08,25,20,20
4,2080,2.6107218531388907e-09,0.8513682621333409,0.14863042106776547,1.3141881711798844e-06,25,20,20
4,2081,2.7983155539572417e-09,0.854934601574325,0.14506503099427492,3.646330847083988e-07,25,20,20
4,2082,1.5508573423618066e-07,0.8708512122336519,0.1291482508979824,3.817826313541194e-07,25,20,20
4,2083,1.677212993703747e-10,0.8567844787225006,0.14321512458382676,3.9652595115721074e-07,25,20,20
4,2084,1.4285674664679592e-10,0.9654608816886888,0.03453910055143434,1.7617020340537087e-08,25,20,20
4,2085,2.94524937742151e-10,0.880967301684196,0.11903269283866104,5.1826176031820154e-09,25,20,20
4,2086,3.1506954844202386e-09,0.9034910229524697,0.09650897295178455,9.45050128052056e-10,25,20,20
4,2087,1.0532025286113844e-10,0.9428043584866075,0.05719564075997099,6.481014867297779e-10,25,20,20
4,2088,1.1838184614948482e-06,0.866028938043298,0.13396987770417762,4.34062578984073e-10,25,20,20
4,2089,5.15314293713045e-08,0.9081634694561477,0.09183647839203818,6.203849114292414e-10,25,20,20
4,2090,2.0458766473415364e-07,0.8728366039922777,0.12716317314835085,1.827170655750251e-08,25,20,20
4,2091,1.537867085961461e-07,0.9294778566130479,0.07052197119300932,1.840723406096562e-08,25,20,20
4,2092,1.066212326021703e-09,0.9291493390361343,0.07085063550578491,2.4391868124654906e-08,25,20,20
4,2093,1.0238871534244e-09,0.8466592951896811,0.1533407029435633,8.428681462204995e-10,25,20,20
4,2094,1.7227439224744356e-09,0.8299610980918739,0.17002415383984285,1.4746345538531806e-05,25,20,20
4,2095,1.4974424750196527e-07,0.8992418129296439,0.10075803621295666,1.113151969729185e-09,25,20,20
4,2096,1.0344014591884373e-09,0.9516981992224253,0.04830179830371088,1.4394628145313268e-09,25,20,20
4,2097,1.6471972060915687e-05,0.716905849543805,0.28307766194800893,1.6536124302155598e-08,25,20,20
4,2098,1.5783412301680419e-06,0.925374054842561,0.07462435414391859,1.2672290157760129e-08,25,20,20
4,2099,1.5489846141106206e-07,0.9020992461734507,0.0979005932075098,5.720577993677993e-09,25,20,20
4,2100,2.8631500336091e-09,0.9722554940146252,0.02774450245213024,6.700947434309704e-10,25,20,20
4,2101,1.1107757494814302e-10,0.9311761674955118,0.0688238003758042,3.201760648146916e-08,25,20,20
4,2102,1.4074637839630212e-05,0.9140827948341652,0.08590310739575421,2.313224110329939e-08,25,20,20
4,2103,1.8309100262295943e-09,0.9334952240250628,0.06650475070743644,2.3436590844179738e-08,25,20,20
4,2104,1.8297001797976503e-09,0.9241092972918414,0.0758906843949022,1.6483556556829558e-08,25,20,20
4,2105,1.0286207634243884e-05,0.8780655493581704,0.12192299738463065,1.1670495647184172e-06,25,20,20
4,2106,6.202170108435326e-07,0.8872093104291134,0.11278940168831075,6.676655650646929e-07,25,20,20
4,2107,4.841272114395335e-09,0.8961109914372636,0.1038889564227221,4.729874268212497e-08,25,20,20
4,2108,4.1237787312911047e-10,0.9145049025167047,0.08549509073616615,6.33475130899031e-09,25,20,20
4,2109,6.218826354016868e-08,0.80552201040831,0.18973654107775584,0.004741386325669622,25,20,20
4,2110,9.980380747340414e-10,0.8152902445716727,0.18470804105457891,1.7133757094271346e-06,25,20,20
4,2111,7.668355851381561e-10,0.9038219700907932,0.0961780058345627,2.330780821954806e-08,25,20,20
4,2112,3.881348476021843e-10,0.8999368290392243,0.10006314762064164,2.2951998820583843e-08,25,20,20
4,2113,1.561303255964116e-07,0.940070681933337,0.059929126151202466,3.5785135223448085e-08,25,20,20
4,2114,1.5633071589614786e-07,0.9201753382145225,0.07982448164866926,2.3806092363589397e-08,25,20,20
4,2115,7.849011513262785e-10,0.9164085820459653,0.08359140638663433,1.0782499154731178e-08,25,20,20
4,2116,4.577489365768083e-09,0.8947497166578837,0.10524998491250036,2.9385212693145284e-07,25,20,20
4,2117,7.013275695905994e-11,0.957792586092607,0.04220646247670694,9.513605529434979e-07,25,20,20
4,2118,8.480452898244347e-11,0.9392731611832527,0.06072538669449882,1.4520374439552499e-06,25,20,20
4,2119,1.6222599328472104e-11,0.8791251572238843,0.12087482514229507,1.7617598159093222e-08,25,20,20
4,2120,1.8067003754233627e-06,0.8247766191769367,0.1726653578515645,0.0025562162711224704,25,20,20
4,2121,3.961417629278067e-09,0.8937804653685607,0.10621949558765456,3.5082366677305465e-08,25,20,20
4,2122,3.027213600417505e-09,0.9036706120882626,0.0963293669665711,1.791795256410252e-08,25,20,20
4,2123,4.726816258941786e-09,0.9062117744135846,0.0937881845506518,3.6308947002953945e-08,25,20,20
4,2124,1.612849965592763e-07,0.8011142675786195,0.19888552867745002,4.2458932871652597e-08,25,20,20
4,2125,9.851450819718622e-10,0.8867070563267139,0.11327488525213501,1.805743600571771e-05,25,20,20
4,2126,7.571909012677206e-08,0.8836938141268655,0.11630605806146979,5.2092574560309606e-08,25,20,20
4,2127,8.006740829461866e-08,0.9232966533130785,0.07670325639034054,1.0229172444645565e-08,25,20,20
4,2128,7.85491004886633e-08,0.9460347627567556,0.05396512383999789,3.4854146076946394e-08,25,20,20
4,2129,1.4588308367375832e-09,0.9133817138277793,0.08661763491274595,6.498006443485446e-07,25,20,20
4,2130,7.305246513015801e-10,0.9270597307517423,0.0729402678759136,6.418197057866454e-10,25,20,20
4,2131,2.550408341585115e-10,0.8740823709979594,0.12591760638327115,2.236372834204401e-08,25,20,20
4,2132,1.4632336852837128e-10,0.9076852581141956,0.09231471872301537,2.301646560427898e-08,25,20,20
4,2133,2.5245854670302075e-10,0.9286117250938998,0.0713702516687798,1.8022984861707904e-05,25,20,20
4,2134,6.665718693109686e-10,0.9560206445341264,0.04396130462530832,1.8050173993170547e-05,25,20,20
4,2135,8.135833158351498e-10,0.8936806541813571,0.10631932743449707,1.7570562542564537e-08,25,20,20
4,2136,6.802543434204499e-10,0.9596643641739719,0.04033561738045619,1.776531778156718e-08,25,20,20
4,2137,1.520347989647076e-11,0.9679359267116407,0.03206407284992771,4.23228468555382e-10,25,20,20
4,2138,2.910874220921458e-11,0.9110034402636531,0.08899618162065623,3.780865821645498e-07,25,20,20
4,2139,6.25294616834041e-11,0.8714022014763977,0.1285977908820071,7.579065363458518e-09,25,20,20
4,2140,3.587702800961085e-08,0.8003259163098548,0.1996731698100005,8.780031159964299e-07,25,20,20
4,2141,1.4452154425928657e-08,0.7892944366245981,0.2107051956628016,3.532604457275985e-07,25,20,20
4,2142,3.9289591570828634e-08,0.8570520873302807,0.14294689498850965,9.783916176837868e-07,25,20,20
4,2143,3.900496622787537e-08,0.9471438234797289,0.052856136539684434,9.756204007729024e-10,25,20,20
4,2144,3.905791600794038e-08,0.9342531408640171,0.06574681909128793,9.867788559140308e-10,25,20,20
4,2145,7.893006434209845e-10,0.8806477456845575,0.11935223519068963,1.8335451662043526e-08,25,20,20
4,2146,1.2588202299023171e-10,0.9914042316375565,0.008595749145006003,1.9091555528835535e-08,25,20,20
4,2147,8.174248299418829e-10,0.9590350059609368,0.04096496997150286,2.325013550450482e-08,25,20,20
4,2148,1.146674296933079e-09,0.9156694548670353,0.08433048685506252,5.71312275672377e-08,25,20,20
4,2149,7.145892914060661e-10,0.8917257987657895,0.10827417770103179,2.281858934301987e-08,25,20,20
4,2150,5.5582935562274314e-06,0.9021674024568804,0.09782703831403759,9.355255302558229e-10,25,20,20
4,2151,9.755063012439125e-10,0.8806016576533534,0.11939830769490513,3.367623504323463e-08,25,20,20
4,2152,2.792745505158062e-09,0.9060358378388562,0.09325001857702173,0.0007141407913762702,25,20,20
4,2153,5.145231753577853e-11,0.8772664791805904,0.12201938027502565,0.0007141404929316339,25,20,20
4,2154,2.2592364540725075e-11,0.8588112619364401,0.14118806686478494,6.711761827851026e-07,25,20,20
4,2155,1.1090798686027314e-10,0.9228920889412028,0.07710788189050191,2.9057387735289983e-08,25,20,20
4,2156,1.4289500934731972e-11,0.8966666082618672,0.1033333910222007,7.016429106300962e-10,25,20,20
4,2157,1.82758379461784e-09,0.8842334072433903,0.1157665728245681,1.810445760156863e-08,25,20,20
4,2158,7.72760871580289e-08,0.9197331267485167,0.08026579447622641,1.001499169756488e-06,25,20,20
4,2159,3.783303584018932e-08,0.9704330140391464,0.02956594631980972,1.0018080078111613e-06,25,20,20
4,2160,3.1871266277714464e-09,0.9397046658549785,0.06029531291240809,1.8045486238706544e-08,25,20,20
4,2161,2.176426816928114e-06,0.9468101530881441,0.0531876182134834,5.2271555229844654e-08,25,20,20
4,2162,2.1791137457719518e-06,0.8519042321550824,0.14809257885227875,1.0098788927127515e-06,25,20,20
4,2163,1.309501850705448e-10,0.8996056703411596,0.10039431162852067,1.7899369688194727e-08,25,20,20
4,2164,1.8090955175557386e-09,0.8929602254398287,0.10703975471532752,1.8035747469461436e-08,25,20,20
4,2165,2.2899999066106164e-10,0.8831877028944588,0.11681199570389036,3.01172650516841e-07,25,20,20
4,2166,6.048476673096528e-09,0.9356877694823426,0.06431220579979192,1.8669388797097286e-08,25,20,20
4,2167,5.545638311490563e-11,0.8264064742651862,0.17357877278976408,1.475288959288905e-05,25,20,20
4,2168,5.08801944106652e-08,0.8805266549038805,0.11947327564777888,1.8568146258688383e-08,25,20,20
4,2169,1.2558494272284508e-10,0.9039602198038226,0.0960397800425958,2.7996475721619068e-11,25,20,20
4,2170,6.575607066848169e-11,0.8835194775503217,0.11648052194572964,4.3819233003546217e-10,25,20,20
4,2171,7.827971817470825e-11,0.8270038932273743,0.17299559753459617,5.091597493211183e-07,25,20,20
4,2172,5.0754087326451714e-11,0.8984650604379506,0.10153443674026155,5.02771033758158e-07,25,20,20
4,2173,2.8323963634420775e-11,0.9453017782672103,0.05469771894058375,5.027638817452135e-07,25,20,20
4,2174,5.4034450102797654e-11,0.8813903120440257,0.11860887857113664,8.093308032274806e-07,25,20,20
4,2175,4.5254970252480893e-10,0.8912990845241705,0.10870090781366608,7.209613165547722e-09,25,20,20
4,2176,1.8765083216385813e-10,0.9356463110844042,0.06435368768071995,1.0472251074170142e-09,25,20,20
4,2177,1.628631353568164e-09,0.9256873603273037,0.07431261944672314,1.8597341773595122e-08,25,20,20
4,2178,4.4912566295492675e-11,0.9804977335991907,0.01950226539299929,9.628975521488445e-10,25,20,20
4,2179,1.1810590160123616e-07,0.8772151701620625,0.12278470432842115,7.40361467277787e-09,25,20,20
4,2180,9.177490268983137e-11,0.9325110760459677,0.06748827972285824,6.441393990513236e-07,25,20,20
4,2181,4.520134899719231e-08,0.7711127717974455,0.2288861977004171,9.853007877847014e-07,25,20,20
4,2182,7.990321929909703e-10,0.9180164807187933,0.08198351681728049,1.6648937379284386e-09,25,20,20
4,2183,4.622860799348076e-08,0.860699002664218,0.13929996474910358,9.86358070007895e-07,25,20,20
4,2184,4.1092579474697894e-08,0.9668532450519883,0.033146694801351066,1.9054080792925577e-08,25,20,20
4,2185,1.4499979139568008e-09,0.9340025638017138,0.06599741599682771,1.8751459969101255e-08,25,20,20
4,2186,7.526583452704212e-10,0.8851114851115192,0.1148884949840364,1.9151786013747818e-08,25,20,20
4,2187,1.1555592709628409e-08,0.7824948511244167,0.21750510120074928,3.611924079907651e-08,25,20,20
4,2188,6.012920215754209e-11,0.9005965355483828,0.09938544815340528,1.8016238083294692e-05,25,20,20
4,2189,2.944268753246805e-09,0.88915914591533,0.11084085049268108,6.477194660483623e-10,25,20,20
4,2190,1.5356553679757217e-11,0.9182544272390516,0.08174557207737507,6.682169103131037e-10,25,20,20
4,2191,1.5382819341206097e-07,0.9375236305459765,0.062476180642643674,3.498318671991939e-08,25,20,20
4,2192,2.587049405205524e-09,0.9454970075904984,0.054502004591831826,9.85230620379271e-07,25,20,20
4,2193,4.806522598281604e-10,0.901129896792851,0.09885172304185544,1.837968464082559e-05,25,20,20
4,2194,9.533949414972457e-11,0.9534426008256969,0.04655735371790812,4.536105566384242e-08,25,20,20
4,2195,8.800340928300455e-11,0.9733492610559169,0.026650737899799427,9.562804429841525e-10,25,20,20
4,2196,4.922251790209974e-11,0.9337690363016377,0.06622999056417908,9.730849603343058e-07,25,20,20
4,2197,1.6814440921139371e-09,0.908646949142416,0.09135209336493882,9.558112006913021e-07,25,20,20
4,2198,2.7924116532786606e-09,0.9383021894973074,0.061697800661783646,7.048497551700828e-09,25,20,20
4,2199,2.7356051609859697e-09,0.879458705293235,0.12054126320019172,2.8770968322318522e-08,25,20,20
4,2200,5.774685131593633e-06,0.8475442201390818,0.15034236212085605,0.002107643054930543,25,20,20
4,2201,7.766861628148222e-12,0.9649098617789085,0.0350901375870266,6.262982431419011e-10,25,20,20
4,2202,3.434347170458935e-11,0.8918279697683047,0.10817202029094525,9.906406835778678e-09,25,20,20
4,2203,1.1360449307897148e-08,0.8498213288913901,0.15017863051696737,2.9231192942278285e-08,25,20,20
4,2204,9.612863153171224e-08,0.8657065667045275,0.1342933030130325,3.415380799698838e-08,25,20,20
4,2205,8.482146971965798e-08,0.8924231761505537,0.10757670500712276,3.40208537970596e-08,25,20,20
4,2206,2.661193727327216e-07,0.8691869580370211,0.13081241069999527,3.651436110904869e-07,25,20,20
4,2207,8.482296539546549e-08,0.9297662344417319,0.07023367351949994,7.21580277983774e-09,25,20,20
4,2208,8.542398243816832e-08,0.8859978240609949,0.11400207672644226,1.3788579950156325e-08,25,20,20
4,2209,3.9542834925363575e-10,0.8411876493940729,0.1588120360046272,3.142058711918566e-07,25,20,20
4,2210,1.0704022352227416e-09,0.8541391849248906,0.14586080128327486,1.2721431480600253e-08,25,20,20
4,2211,2.677676552381749e-10,0.7602986566559621,0.23970131379137918,2.928489106304486e-08,25,20,20
4,2212,2.6530239291929864e-10,0.8032732862757206,0.19672670132226833,1.2136708112130012e-08,25,20,20
4,2213,2.636238006259992e-10,0.8922451351664756,0.10775450026357791,3.6430632256164707e-07,25,20,20
4,2214,9.452781125852276e-12,0.8876370254031545,0.11236295618230936,1.8405083246901682e-08,25,20,20
4,2215,2.8815569076703502e-09,0.8049487388919231,0.19505123973727376,1.8489246842710303e-08,25,20,20
4,2216,1.5308100048605826e-11,0.8664011647927792,0.133598833858876,1.3330368521611762e-09,25,20,20
4,2217,4.870518384870281e-11,0.8572129879789153,0.14278672226071848,2.897116611600397e-07,25,20,20
4,2218,5.878802914999986e-11,0.8452305996332095,0.15476937603047958,2.4277522929162354e-08,25,20,20
4,2219,1.0094652614502476e-09,0.8513429944981383,0.14865699834071097,6.1516853952846926e-09,25,20,20
4,2220,7.404040709064973e-12,0.904227170970913,0.09577282890305158,1.186314914184768e-10,25,20,20
4,2221,1.703901182382564e-09,0.8898137600663643,0.1101862378890152,3.407191547854375e-10,25,20,20
4,2222,2.4528821785010115e-09,0.864486787041487,0.13551222389606998,9.866095605866448e-07,25,20,20
4,2223,2.0120166701758708e-12,0.906472045083345,0.09352697935296979,9.755616728120273e-07,25,20,20
4,2224,2.762902259816806e-09,0.864374549707715,0.13562542271601205,2.481337057508232e-08,25,20,20
4,2225,5.728583915620816e-05,0.8307551414638064,0.16918112811662897,6.444580407550217e-06,25,20,20
4,2226,6.352871723480247e-11,0.9103109706641795,0.08968802884529298,1.0004269984651292e-06,25,20,20
4,2227,2.8468904767460228e-09,0.8998662093948765,0.10013375333797964,3.442025333763906e-08,25,20,20
4,2228,0.00011611462411228214,0.9251160332671828,0.07476691314800646,9.389606981310004e-07,25,20,20
4,2229,0.00011611188776450685,0.9034086361853453,0.09647430169107389,9.502358155344228e-07,25,20,20
4,2230,0.00011617186747911776,0.8655084442351639,0.13437444727987574,9.366174816489105e-07,25,20,20
4,2231,2.702245135690504e-09,0.9162589956048489,0.08374008956899479,9.121239112970895e-07,25,20,20
4,2232,7.474261220260249e-11,0.9327248914957412,0.06727474350938835,3.649201274682767e-07,25,20,20
4,2233,2.7443012279134e-09,0.9660946726620797,0.033904337846391824,9.867472270610233e-07,25,20,20
4,2234,2.833963707612014e-09,0.8696975483518764,0.1303024306894966,1.8124663115970894e-08,25,20,20
4,2235,8.453590672962617e-06,0.9375039848298851,0.062486593626145295,9.679532968928056e-07,25,20,20
4,2236,8.45187224202212e-06,0.936615815924641,0.06337478142567482,9.507774422490477e-07,25,20,20
4,2237,3.9219166811749317e-10,0.9420784794550423,0.05792151933248944,8.202765283660934e-10,25,20,20
4,2238,5.5280135922506576e-11,0.9279737070130052,0.07202625808528162,3.48464327157904e-08,25,20,20
4,2239,2.107350669783823e-12,0.9245222591599912,0.07544281054895745,3.493028894379718e-05,25,20,20
4,2240,7.749050748504176e-10,0.9277243298776908,0.07224072169625875,3.494765114478865e-05,25,20,20
4,2241,7.501905312930298e-10,0.8201254621912214,0.17985977298383485,1.4764074752622584e-05,25,20,20
4,2242,7.473306451837542e-10,0.8995827531467682,0.10041720299111366,4.3114787096108396e-08,25,20,20
4,2243,8.596277298740449e-10,0.9501339683727301,0.049866012319481186,1.8448160835143416e-08,25,20,20
4,2244,7.539820722191346e-10,0.8991633965638112,0.10083660203115494,6.510514075337044e-10,25,20,20
4,2245,8.061577011660884e-10,0.921796339266363,0.07820364203096575,1.7896513151562873e-08,25,20,20
4,2246,1.8105508785950818e-10,0.8505504495245901,0.149434803995478,1.4746298876474767e-05,25,20,20
4,2247,5.620097515699682e-09,0.8768521331397343,0.12313308118408221,1.4780056086187836e-05,25,20,20
4,2248,2.4731142976575268e-08,0.8005506017098536,0.19944933667698528,3.6882017442434036e-08,25,20,20
4,2249,2.743226251728392e-09,0.8451886968017901,0.15481029989256906,1.0005624142177354e-06,25,20,20
4,2250,5.4857315369500495e-09,0.9206789102445145,0.07932104889211261,3.537764113470798e-08,25,20,20
4,2251,3.920668892958913e-12,0.8943531258444659,0.10564687357186119,5.797523868092796e-10,25,20,20
4,2252,6.488983642639539e-11,0.916205947658045,0.0837930512065841,1.001070481260131e-06,25,20,20
4,2253,4.171834337128994e-12,0.9667345013069776,0.03326548024922247,1.8439627853281862e-08,25,20,20
4,2254,5.850072765254179e-11,0.8791657066363353,0.12083427479184974,1.8513313400204816e-08,25,20,20
4,2255,7.094634650632733e-10,0.9036684152492889,0.09633093105043149,6.529908157810065e-07,25,20,20
4,2256,3.4444636745068803e-09,0.8085154191343564,0.191483625042516,9.523786640097884e-07,25,20,20
4,2257,1.4516676508137487e-09,0.9315158549445658,0.06848350237802553,6.412257409660669e-07,25,20,20
4,2258,1.6151377342342878e-07,0.9498698165271946,0.05013000162147608,2.0337555576432348e-08,25,20,20
4,2259,1.0657556104003454e-09,0.8578958019376884,0.14210377949701844,4.17499536602913e-07,25,20,20
4,2260,3.22162998377546e-06,0.8281576259190464,0.17183878931826985,3.63132699459278e-07,25,20,20
4,2261,3.2216073298656304e-06,0.8863592965785426,0.1136371025124172,3.793017103371437e-07,25,20,20
4,2262,2.2900391438132635e-08,0.9160901823899293,0.08390883103669367,9.636729855175102e-07,25,20,20
4,2263,1.5852286836474096e-07,0.8626171896118913,0.13738262869361442,2.317162589903801e-08,25,20,20
4,2264,4.2726916025360897e-10,0.7887625344043436,0.21123744221371674,2.2954670529802896e-08,25,20,20
4,2265,1.4709105608104871e-09,0.8172956223294942,0.18270341830320894,9.578963861410962e-07,25,20,20
4,2266,0.00028228847130856,0.7974246838925751,0.20229151380190266,1.5138342131884817e-06,25,20,20
4,2267,1.7838124196385913e-06,0.7563196699024282,0.24360556672025524,7.297956489635385e-05,25,20,20
4,2268,1.3370792840098954e-11,0.97241445139495,0.027585548574036115,1.764306543789403e-11,25,20,20
4,2269,3.451084319622409e-09,0.9225972194052124,0.07740180941542875,9.677282740797904e-07,25,20,20
4,2270,3.3999936620761565e-09,0.8778923047085841,0.12210673094507513,9.609463465600154e-07,25,20,20
4,2271,2.696641821961036e-09,0.9278472363866002,0.07215179928970039,9.616270572453497e-07,25,20,20
4,2272,2.6966095544919862e-09,0.9576864825502424,0.04231253535864405,9.793945043406663e-07,25,20,20
4,2273,6.279424443682729e-11,0.9478178047008144,0.05218219521345799,2.2933417312525612e-11,25,20,20
4,2274,3.6188294760051007e-12,0.9088939639874224,0.09110601806078637,1.7948172521663635e-08,25,20,20
4,2275,5.0184162683241925e-11,0.9439184570460271,0.05608152527710273,1.7626686312390822e-08,25,20,20
4,2276,3.748003504378767e-11,0.9010270861042453,0.09897286031048776,5.354778695562417e-08,25,20,20
4,2277,7.22811730039572e-08,0.8139723621820346,0.18602754727643783,1.8260354659053916e-08,25,20,20
4,2278,7.29216126697111e-08,0.9099259092396956,0.09007399977675487,1.806193651596166e-08,25,20,20
4,2279,1.3963339863407902e-09,0.9102270485425608,0.08977198973064501,9.603304604545455e-07,25,20,20
4,2280,2.5354235458719633e-06,0.9068536416942835,0.09314287194516666,9.509370035371554e-07,25,20,20
4,2281,9.587677576505998e-08,0.9227201861880907,0.07727871761733447,1.0003177982423435e-06,25,20,20
4,2282,1.73916044891691e-10,0.9587180145694458,0.041281002226119724,9.83030518461385e-07,25,20,20
4,2283,1.609859377039558e-12,0.9460161057211941,0.053967491106833645,1.6403170362346113e-05,25,20,20
4,2284,8.4838642292386e-10,0.9315518572342484,0.06843173647799722,1.6405439367856547e-05,25,20,20
4,2285,8.717939328929702e-10,0.9166014221530305,0.08338120520633789,1.7371768837845504e-05,25,20,20
4,2286,2.973424994024194e-10,0.9150272905170088,0.08497268365851177,2.552713661382455e-08,25,20,20
4,2287,2.559046960121455e-09,0.8730588013565469,0.12694114429552472,5.1788881115686966e-08,25,20,20
4,2288,1.5631458367960772e-09,0.8758258754804557,0.12417406701483319,5.594156473976817e-08,25,20,20
4,2289,1.0766142781571395e-10,0.8928714407844913,0.10712852361615108,3.549169562948635e-08,25,20,20
4,2290,2.1891171392178784e-06,0.9103352865419199,0.08966186968921695,6.546517237401749e-07,25,20,20
4,2291,2.18915460650215e-06,0.8168121487264566,0.183185650413754,1.1705182085995177e-08,25,20,20
4,2292,4.453643823709407e-08,0.8394582016453127,0.16054124449350254,5.09324746408828e-07,25,20,20
4,2293,1.9451588926067555e-08,0.8188402957797384,0.1811591868586561,4.979100159975518e-07,25,20,20
4,2294,4.4600886922202803e-10,0.7873450944268161,0.21265490461141975,5.157544160764936e-10,25,20,20
4,2295,2.830115833149103e-09,0.8810746345018354,0.11892536211990011,5.48148564440985e-10,25,20,20
4,2296,6.178744431882458e-05,0.8672553942019302,0.13268281600705376,2.346697258692305e-09,25,20,20
4,2297,8.615650334187188e-07,0.7748490707314488,0.2251144866673308,3.558103618663416e-05,25,20,20
4,2298,9.183111876381506e-10,0.8949955410596269,0.10500414616619323,3.11855868222172e-07,25,20,20
4,2299,8.517559408999003e-10,0.9268116613457298,0.07318803064410147,3.0715841275546934e-07,25,20,20
4,2300,6.890332083681821e-10,0.9233886981111133,0.07661128288139495,1.8318457742620158e-08,25,20,20
4,2301,8.062567012193464e-10,0.8837490965203226,0.11625089725325571,5.420164600008835e-09,25,20,20
4,2302,8.196520436532601e-10,0.8951474787270313,0.10485251492064758,5.532668617375166e-09,25,20,20
4,2303,9.783220648102179e-10,0.8526203963400869,0.14737957994773415,2.2733856738183192e-08,25,20,20
4,2304,9.45367101963722e-10,0.8436557324032639,0.15632949848263702,1.4768168731411853e-05,25,20,20
4,2305,3.6893233270127116e-09,0.8285445163644459,0.1714394324064739,1.604753975620372e-05,25,20,20
4,2306,6.298386487443071e-12,0.8215477139352544,0.1784513296593411,9.563991056069013e-07,25,20,20
4,2307,4.966741195773329e-11,0.8692478882589134,0.13075181073448305,3.009569360785128e-07,25,20,20
4,2308,1.332573265251854e-11,0.8921803502167097,0.10781935924139387,2.9052857091928814e-07,25,20,20
4,2309,1.4664936378869753e-11,0.9301168673971368,0.0698828419881964,2.906000019554159e-07,25,20,20
4,2310,8.390502744735713e-10,0.9171069120479386,0.08289307552458018,1.1588430793050686e-08,25,20,20
4,2311,4.347021740352793e-10,0.8997279361904437,0.10027168645861721,3.769162367099158e-07,25,20,20
4,2312,4.037778379568312e-10,0.8767600067250485,0.12323962609914675,3.6677202669473816e-07,25,20,20
4,2313,4.466616850814716e-06,0.8166768359767351,0.18331782949307215,8.679133419508858e-07,25,20,20
4,2314,4.471381667606312e-06,0.8075168412938737,0.1924778139644194,8.733600388735007e-07,25,20,20
4,2315,5.1349495375881704e-08,0.9050302123753349,0.0949697353226685,9.525008945799367e-10,25,20,20
4,2316,1.2037444666476213e-08,0.9359512969998732,0.06404869052684177,4.3584042102920306e-10,25,20,20
4,2317,7.428979304335264e-11,0.9479427128761345,0.05205726893928282,1.8110292948831205e-08,25,20,20
4,2318,8.81348287123037e-11,0.9038798643926134,0.09612013407276772,1.4464839794043105e-09,25,20,20
4,2319,2.1374190821789014e-08,0.8699514329775464,0.13004852259031627,2.3057946122579448e-08,25,20,20
4,2320,2.2412478752009538e-08,0.8805430631342864,0.11945688130986626,3.314336852831503e-08,25,20,20
4,2321,2.1352143352005202e-08,0.9076931392436268,0.09230683918865218,2.155777385463001e-10,25,20,20
4,2322,2.135208510156896e-08,0.8812729021436894,0.11872705823798876,1.8266236636477086e-08,25,20,20
4,2323,2.1311832200001957e-08,0.9415554072098551,0.05844457126727488,2.1103765368283797e-10,25,20,20
4,2324,5.113891902028675e-12,0.9437952384245831,0.05620476122111217,3.4919055040000235e-10,25,20,20
4,2325,3.1030050940800664e-10,0.8448418638300383,0.15515778258061944,3.532790416395522e-07,25,20,20
4,2326,7.463066149561711e-11,0.948758338152253,0.05124164357740344,1.8195712803049045e-08,25,20,20
4,2327,2.7689150331961295e-09,0.9474619234533644,0.05253804416716779,2.9610552434038892e-08,25,20,20
4,2328,5.473024155928631e-09,0.9119512395453796,0.08804872044543557,3.453616043255164e-08,25,20,20
4,2329,1.4844287364840237e-09,0.8838793035595526,0.11611967817894861,1.0167770699591783e-06,25,20,20
4,2330,1.1416487418308668e-10,0.8283322578650069,0.1716487366956874,1.9005325140827838e-05,25,20,20
4,2331,2.859783020705532e-12,0.9035802180677179,0.09641976420839032,1.772103188785736e-08,25,20,20
4,2332,2.0834130783670628e-11,0.8399175249259626,0.1600824224622248,5.259097827826793e-08,25,20,20
4,2333,7.317762254787105e-10,0.8704760208118661,0.12952390638127012,7.20750874954547e-08,25,20,20
4,2334,9.412112817188554e-08,0.8982767120455251,0.10172317542716641,1.840617991014608e-08,25,20,20
4,2335,1.1156492767569517e-07,0.891661212330107,0.1083386653495264,1.075543905626125e-08,25,20,20
4,2336,1.1702081989050177e-07,0.8698932021441762,0.13010638157343304,2.9926157061621416e-07,25,20,20
4,2337,1.2463246045906785e-10,0.9338654319115407,0.06613456721632396,7.475029704359493e-10,25,20,20
4,2338,8.101920227528767e-11,0.9069659744944027,0.09303402447955193,9.450261206816602e-10,25,20,20
4,2339,1.1873571854276758e-10,0.8772602728884539,0.12273972604457545,9.482346039299752e-10,25,20,20
4,2340,1.3845264282503184e-08,0.8532823225430047,0.14307849635613046,0.0036391672556003733,25,20,20
4,2341,1.0138299529591858e-08,0.9333623843625577,0.06662285365747152,1.4751841671317728e-05,25,20,20
4,2342,7.523012996015457e-11,0.8308236824757712,0.16917630297958666,1.4469411711290326e-08,25,20,20
4,2343,3.4685712200058334e-08,0.8019923176361946,0.19800706623227324,5.814458194086441e-07,25,20,20
4,2344,6.246944580570632e-05,0.9090926952338588,0.09084387567042684,9.596499081876818e-07,25,20,20
4,2345,6.247219279903818e-05,0.8445688029458718,0.15536869800286227,2.685846718091187e-08,25,20,20
4,2346,0.0002650001726188844,0.7029299383959772,0.2968049794227296,8.200867357738714e-08,25,20,20
4,2347,0.0002649051258827142,0.798683064379549,0.20105199768143764,3.2813130445628784e-08,25,20,20
4,2348,1.0870731646281908e-09,0.8361022376665322,0.1638977444247226,1.682167152405467e-08,25,20,20
4,2349,3.4663963515410735e-10,0.8789433678651797,0.12105608408789958,5.477002809061373e-07,25,20,20
4,2350,3.8194523863527275e-08,0.8959146610090962,0.10329018914794609,0.0007951116484332606,25,20,20
4,2351,3.892300258090314e-08,0.8889349574255186,0.11027041503750867,0.0007945886139698258,25,20,20
4,2352,3.8566315400176025e-08,0.901260534177777,0.09794438346407316,0.000795043791834419,25,20,20
4,2353,1.3759369152941576e-06,0.9218655861257719,0.0781319299083679,1.1080289447315815e-06,25,20,20
4,2354,1.3742450499572492e-06,0.909940452501859,0.09005660516936878,1.5680837218919018e-06,25,20,20
4,2355,1.3729326685658046e-06,0.8856033374267496,0.1143946711384546,6.185021268336948e-07,25,20,20
4,2356,1.3729026849837458e-06,0.9273697116511496,0.07262828618463328,6.292615320758874e-07,25,20,20
4,2357,1.3567104245528362e-11,0.9326412759072141,0.0673587123808874,1.169833129506362e-08,25,20,20
4,2358,2.510810174709051e-11,0.8772053857093592,0.12279455425472778,6.001080437292883e-08,25,20,20
4,2359,7.859049917057428e-10,0.8854788466130041,0.11452111740273781,3.5198352471296115e-08,25,20,20
4,2360,2.62902275417597e-11,0.9276769647139644,0.07232303492829814,3.3144656179243515e-10,25,20,20
4,2361,9.301152330625235e-10,0.8608530469369498,0.1391469517067194,4.262152674413799e-10,25,20,20
4,2362,2.7107453552828313e-09,0.9162650352828452,0.08373430832333656,6.536830730752277e-07,25,20,20
4,2363,6.247717879882495e-11,0.8178916682968658,0.1821076550550456,6.765856106608168e-07,25,20,20
4,2364,1.782562172891528e-11,0.8942527272233933,0.10574727140759428,1.3511863158151174e-09,25,20,20
4,2365,1.7636600786779475e-11,0.9613408051183769,0.038659194112723,7.512631215642151e-10,25,20,20
4,2366,2.1296734379115284e-08,0.9291335611473669,0.07086641672445684,8.314419572686836e-10,25,20,20
4,2367,2.209799919325955e-08,0.8198187897704631,0.18018115408999058,3.404154736467255e-08,25,20,20
4,2368,1.6775166880476916e-10,0.9352964522872658,0.06470353549890896,1.2046073241878481e-08,25,20,20
4,2369,1.2355310686075293e-07,0.9092395395595442,0.09076033599052379,8.968250804767302e-10,25,20,20
4,2370,1.2679715162758425e-07,0.8539264930951924,0.14607336140023336,1.870742184167235e-08,25,20,20
4,2371,2.5682208722573597e-07,0.8785779861619875,0.12142074743364835,1.0095822761876444e-06,25,20,20
4,2372,1.542489150753643e-07,0.9286135653932669,0.07138627913457542,1.2232416107238163e-09,25,20,20
4,2373,7.601151613172288e-11,0.9354173275228627,0.06458237759724389,2.9480388144300624e-07,25,20,20
4,2374,2.057287122594662e-09,0.8789634892852959,0.12103621449157184,2.9416584497320036e-07,25,20,20
4,2375,1.7992756968235597e-09,0.8676719730843517,0.13232770645164793,3.1866472438023193e-07,25,20,20
4,2376,1.5110779356508977e-11,0.9705777331358779,0.029422231257941675,3.559106953567181e-08,25,20,20
4,2377,7.776974785087556e-10,0.867095807075239,0.13290292179345997,1.2703536032996827e-06,25,20,20
4,2378,1.5726818629358267e-07,0.9156235378315557,0.08437502365431976,1.28124593802864e-06,25,20,20
4,2379,3.824292391617117e-08,0.9187802803250484,0.08121964674651111,3.468551609949985e-08,25,20,20
4,2380,7.077428852969078e-10,0.9861915270918341,0.013808437010406665,3.519001639586158e-08,25,20,20
4,2381,6.3102513646474874e-09,0.9084651968308735,0.09153477830822539,1.8550649530854288e-08,25,20,20
4,2382,6.617137323497314e-09,0.9612227527191248,0.038777205557996706,3.510574093465656e-08,25,20,20
4,2383,9.55355596571482e-10,0.8903076109960985,0.10969236063879595,2.740974976556314e-08,25,20,20
4,2384,6.111620237705371e-11,0.9628499860146641,0.03715001254650165,1.3777178015021951e-09,25,20,20
4,2385,7.397622987115872e-11,0.882977602239806,0.11702208933279917,3.083534190375258e-07,25,20,20
4,2386,3.9723310925029103e-05,0.9006935192560848,0.09926640730166301,3.5013132646068033e-07,25,20,20
4,2387,4.358462868752289e-11,0.9343337324959653,0.06566624931270254,1.8147747719795056e-08,25,20,20
4,2388,3.405497711896596e-09,0.9335545414973021,0.06644541948117368,3.5616026592070155e-08,25,20,20
4,2389,4.6421592734877285e-06,0.860873429408291,0.139121904215222,2.4217213260720254e-08,25,20,20
4,2390,1.6181915994621354e-09,0.9133909437355888,0.08660869017302696,3.6447319253058024e-07,25,20,20
4,2391,1.6041922299683519e-09,0.9119042986438592,0.08809569955151587,2.0043271982884586e-10,25,20,20
4,2392,7.091439566531285e-08,0.8900366392648736,0.10996241093600836,8.788847216806481e-07,25,20,20
4,2393,1.1726233738706927e-07,0.9076758074540995,0.09232374496886069,3.303147027425999e-07,25,20,20
4,2394,2.890444015741937e-09,0.983397534558044,0.016602424966984154,3.7584527789315904e-08,25,20,20
4,2395,2.888873878958894e-09,0.95738996576313,0.042610012914912516,1.8433083126226495e-08,25,20,20
4,2396,2.5495785971048116e-08,0.8347485384161017,0.16525083807861862,5.980094927185366e-07,25,20,20
4,2397,1.1055471156312473e-10,0.8891620369843624,0.11083796129966822,1.6054143988090348e-09,25,20,20
4,2398,1.5443693009859345e-07,0.9018523388936128,0.09814747727259521,2.9396861860917042e-08,25,20,20
4,2399,4.1868753483122844e-10,0.8637513549336212,0.136247682319942,9.623277492774955e-07,25,20,20
4,2400,2.910486364282116e-10,0.8432960633835341,0.1567038964357021,3.9889714758975055e-08,25,20,20
4,2401,9.29913213762721e-10,0.9360161943874811,0.06398378067136443,2.401124201484988e-08,25,20,20
4,2402,1.1738907938555167e-09,0.9172319379727055,0.08276769459800823,3.6625539594901775e-07,25,20,20
4,2403,9.595913675142936e-10,0.9293336640134556,0.07066629306562157,4.196133138523921e-08,25,20,20
4,2404,7.72756772958463e-10,0.9099180950827678,0.09008190399424625,1.50229257179858e-10,25,20,20
4,2405,1.5526470643336465e-09,0.8891983337439678,0.11080032424981301,1.3404535716052617e-06,25,20,20
4,2406,1.5898195475930366e-07,0.9152671125706306,0.0847317001500491,1.0282973654569654e-06,25,20,20
4,2407,1.5520955963726215e-07,0.881169354408145,0.11883045456605151,3.5816244117802907e-08,25,20,20
4,2408,2.83136749339732e-09,0.861340588735878,0.13865938539710854,2.3035645087741405e-08,25,20,20
4,2409,5.643845741972508e-09,0.9505909514427574,0.049408074573631236,9.683397651855149e-07,25,20,20
4,2410,5.125690230650849e-11,0.823037040266071,0.1769619915373331,9.681453393139273e-07,25,20,20
4,2411,6.621389837861371e-11,0.906919875622004,0.0930800888481208,3.546366108871575e-08,25,20,20
4,2412,5.129784187261774e-06,0.7813157914441885,0.21867903189419377,4.687743017799084e-08,25,20,20
4,2413,6.128539065372666e-08,0.8937614335827717,0.10623849939230919,5.739528262967949e-09,25,20,20
4,2414,6.163477824373816e-10,0.8634274452110395,0.13585843110161763,0.0007141230709944129,25,20,20
4,2415,6.135642532461939e-13,0.9228134886899432,0.07718648263261839,2.8676824307874446e-08,25,20,20
4,2416,1.7037257979783383e-08,0.9241722822534868,0.07582761932764565,8.138160900723626e-08,25,20,20
4,2417,2.7351943896817574e-09,0.957509515389653,0.04249048154105729,3.3409514944987094e-10,25,20,20
4,2418,2.4285066161172527e-10,0.882621481225237,0.11737851249589015,6.036021867598054e-09,25,20,20
4,2419,3.0856369141360443e-10,0.9393821786894466,0.06061779741114387,2.3590845206937438e-08,25,20,20
4,2420,8.07725317097415e-08,0.9875905280969015,0.012409355706644724,3.542392182858763e-08,25,20,20
4,2421,8.348822788350952e-08,0.9600150874517641,0.03998479392773593,3.513227184178141e-08,25,20,20
4,2422,5.492004939462506e-08,0.884326439057436,0.11567348754433494,1.8478179245655237e-08,25,20,20
4,2423,2.436093832270743e-07,0.9271261926668061,0.07284303288829677,3.053083551376269e-05,25,20,20
4,2424,1.5760279891707619e-07,0.8282359118387821,0.1717639248848919,5.673527110163853e-09,25,20,20
4,2425,1.5724582405296513e-07,0.8909987694650554,0.10900105526288563,1.8026234885077433e-08,25,20,20
4,2426,3.262051652846756e-11,0.9422069691604139,0.05779301228266877,1.852429693546082e-08,25,20,20
4,2427,1.6134332619932077e-11,0.9246963832792988,0.0753035803761394,3.6328427033672544e-08,25,20,20
4,2428,1.3973213606667852e-10,0.8541298498942487,0.1458694997482177,6.502178017004729e-07,25,20,20
4,2429,9.61128193109851e-11,0.9391226672856909,0.060876682697765236,6.499204312702555e-07,25,20,20
4,2430,1.928313525195694e-07,0.9091170957868474,0.0908820617600057,6.496217945188738e-07,25,20,20
4,2431,1.0709483983567724e-09,0.8622174751934967,0.13778252339288782,3.42667543014498e-10,25,20,20
4,2432,1.0210709831925847e-09,0.9167417933565731,0.08325818770438144,1.791797395088361e-08,25,20,20
4,2433,1.7458213644155168e-12,0.9392589891879982,0.06074101066467529,1.4558020755024835e-10,25,20,20
4,2434,0.003907542914222928,0.8278798057463866,0.1682122847507914,3.665885990206162e-07,25,20,20
4,2435,3.920405851050672e-08,0.9021457558912767,0.0978528628673493,1.3420373152576805e-06,25,20,20
4,2436,3.919191002291888e-08,0.8711575429946709,0.12884109386421674,1.3239492021306662e-06,25,20,20
4,2437,1.476556161697703e-11,0.8615075608717703,0.13849243889382007,2.196437892566477e-10,25,20,20
4,2438,2.0862110075157827e-11,0.8452975870635475,0.15470239435438374,1.856120605681769e-08,25,20,20
4,2439,4.716476167821981e-11,0.8822663155356678,0.11773367209047864,1.2326688808852118e-08,25,20,20
4,2440,4.3639724842070125e-09,0.7989048450242674,0.20109514899160152,1.6201581707382833e-09,25,20,20
4,2441,0.005120861543581374,0.8365732196910574,0.15830591760587254,1.1594887420146634e-09,25,20,20
4,2442,7.222996698433753e-09,0.80887413221871,0.19112584274203168,1.781626153546876e-08,25,20,20
4,2443,1.9790880993065394e-07,0.839345938703811,0.16065384509438654,1.8292992074011546e-08,25,20,20
4,2444,2.694849188270312e-07,0.8706940436818698,0.12930566884442884,1.7988782230295877e-08,25,20,20
4,2445,6.460729221743017e-10,0.9202736224051487,0.07972637676894945,1.7982916614126504e-10,25,20,20
4,2446,3.3459930190937514e-09,0.8982622764298414,0.10173771946902967,7.551355085174491e-10,25,20,20
4,2447,4.76793050889754e-08,0.8719186844092612,0.12806486517848714,1.6402732946044667e-05,25,20,20
4,2448,2.5900067413788007e-09,0.8900809410399346,0.10991905108045559,5.289602922113556e-09,25,20,20
4,2449,1.8149214049387952e-09,0.8859442236774469,0.11405576310817375,1.1399457594273265e-08,25,20,20
4,2450,1.6935214119988965e-10,0.9406279973496264,0.05937197382450517,2.865651631597357e-08,25,20,20
4,2451,7.360475754359052e-07,0.9285565428867721,0.07142385221818577,1.88688474665195e-05,25,20,20
4,2452,7.360473270310195e-07,0.932204764361322,0.06777563134036071,1.886825099019099e-05,25,20,20
4,2453,8.170429473631534e-10,0.8388340151507266,0.16116596079229592,2.3239933995592455e-08,25,20,20
4,2454,4.935109347457921e-11,0.8750232118061987,0.12497677052494165,1.7619507814045792e-08,25,20,20
4,2455,2.9165034440506956e-09,0.963360064031463,0.03663991511535472,1.7936679095515545e-08,25,20,20
4,2456,1.5670919691312468e-07,0.9620086941809521,0.03799111388894525,3.522090622390623e-08,25,20,20
4,2457,1.5430213858780688e-07,0.9437490610231137,0.0562507494676324,3.520711533143169e-08,25,20,20
4,2458,5.1578918423704955e-11,0.9522082631368471,0.04779173568921858,1.1223554941641521e-09,25,20,20
4,2459,1.8821776052381663e-12,0.9213851498986493,0.07861482107802589,2.9021442677434476e-08,25,20,20
4,2460,2.7518700373556512e-08,0.8597903200223427,0.14020832255790217,1.3299010546139896e-06,25,20,20
4,2461,1.410859603833079e-08,0.8820415224980692,0.1179584454858435,1.7907490700652932e-08,25,20,20
4,2462,4.107831613314111e-08,0.9057258100320428,0.0942741310695388,1.7820102328404206e-08,25,20,20
4,2463,1.216617620738734e-10,0.9064143665330624,0.09358560688428476,2.6460991175676074e-08,25,20,20
4,2464,7.250524232450908e-10,0.8699576473075774,0.13004183282471093,5.191426597338058e-07,25,20,20
4,2465,7.468722392563068e-10,0.9054174491814336,0.09458107919011109,1.4708815823948026e-06,25,20,20
4,2466,7.807993798930006e-07,0.8296586544996327,0.17033961406126288,9.506397243481374e-07,25,20,20
4,2467,2.3210791399748896e-08,0.7430312965975189,0.2569686718992031,8.292486299816937e-09,25,20,20
4,2468,8.41909223805777e-11,0.8736735867858697,0.1263259545601326,4.585698062790375e-07,25,20,20
4,2469,4.6328134556781675e-08,0.7649934206902502,0.23500652304277825,9.938837056893295e-09,25,20,20
4,2470,2.74581471345124e-10,0.8523353292589466,0.14766425452489174,4.1594158020798393e-07,25,20,20
4,2471,1.4072859557792823e-08,0.8547192922669287,0.14526010811509316,2.0585545118586294e-05,25,20,20
4,2472,3.955855348350193e-11,0.8890744907835918,0.1109254637761675,4.540068230396753e-08,25,20,20
4,2473,7.157717878550322e-10,0.9672058828790072,0.03279409802438537,1.838083563810251e-08,25,20,20
4,2474,1.1770562614162537e-09,0.918888647374371,0.08111072544680406,6.260017685372641e-07,25,20,20
4,2475,8.600051162268041e-10,0.9617726146434952,0.038227094154757786,2.903417420251093e-07,25,20,20
4,2476,2.927768424881527e-06,0.9652072875032516,0.03478978337324573,1.3550775561247183e-09,25,20,20
4,2477,5.4352861799812394e-11,0.9635978023708783,0.03640219694268561,6.320835611072186e-10,25,20,20
4,2478,4.030997173542395e-08,0.9022762620921506,0.09772366276961497,3.4828262664564915e-08,25,20,20
4,2479,4.36525524235387e-08,0.9176783335439702,0.08232158829418118,3.450929609045327e-08,25,20,20
4,2480,7.926800907421239e-10,0.9065275820332388,0.0934723993407704,1.7833310867267355e-08,25,20,20
4,2481,1.2186934423395376e-06,0.8807488358145601,0.11924994486232031,6.29677305341139e-10,25,20,20
4,2482,6.481757496952858e-11,0.9204002082211441,0.07959879859341186,9.931206265416923e-07,25,20,20
4,2483,1.6047505485137992e-08,0.9169794347441375,0.08302051342754338,3.578081354483059e-08,25,20,20
4,2484,1.731964565683673e-08,0.8617131165706094,0.1382678569464767,1.90091632675161e-05,25,20,20
4,2485,1.4958883896192537e-09,0.8544635894347138,0.14553478320672453,1.625862672438515e-06,25,20,20
4,2486,1.5700436453419508e-09,0.9098978364452843,0.0901011635275559,9.984571155567967e-07,25,20,20
4,2487,1.4701004503169596e-08,0.8581093641601583,0.1418715962926601,1.9024846177149406e-05,25,20,20
4,2488,1.4040416691183012e-08,0.7752727849193497,0.22470684912429698,2.035191593601147e-05,25,20,20
4,2489,5.024537742161459e-08,0.8495839482144425,0.15039762122554332,1.8380314636900078e-05,25,20,20
4,2490,3.761851038511004e-08,0.8383169346286077,0.16168266286458305,3.6488829849000586e-07,25,20,20
4,2491,1.9708416582919542e-07,0.9274157502932927,0.07258402910818262,2.351435825005623e-08,25,20,20
4,2492,2.7792397602448525e-10,0.8662552153528793,0.13374474388047364,4.0488723236203866e-08,25,20,20
4,2493,1.9547837438499717e-08,0.9143000271688548,0.08569991306184699,4.022146052035111e-08,25,20,20
4,2494,1.3421594317717054e-06,0.825612991565219,0.17438564288169642,2.3393652637823107e-08,25,20,20
4,2495,1.2851043575798794e-06,0.8650261114488451,0.13497259177119048,1.1675606887267676e-08,25,20,20
4,2496,5.323655926290163e-13,0.9725960304568505,0.027403951182799657,1.8359817637295226e-08,25,20,20
4,2497,5.639767292205015e-08,0.9082517239892424,0.09174819441426753,2.5198816469299836e-08,25,20,20
4,2498,2.9236379146972837e-09,0.8905659875783871,0.10943400842012696,1.0778472198802044e-09,25,20,20
4,2499,5.98103288265048e-11,0.8804965072627065,0.11950349204910428,6.283786854440517e-10,25,20,20
4,2500,8.057316312693657e-10,0.9062328550745332,0.09376713902953872,5.090196424495887e-09,25,20,20
4,2501,1.15762382989522e-08,0.8817341177008321,0.11826586500959894,5.713330290176428e-09,25,20,20
4,2502,5.986347728308759e-08,0.8709308172954578,0.12905108883875882,1.8034002305763965e-05,25,20,20
4,2503,1.2468392850827553e-08,0.8220529424094969,0.17792807882105038,1.8966301059433206e-05,25,20,20
4,2504,3.9054588759717605e-09,0.9076210626512683,0.09237798261946475,9.508238077475762e-07,25,20,20
4,2505,7.564421775038871e-10,0.9852602388619154,0.014739759428186734,9.534563256402332e-10,25,20,20
4,2506,6.44449491581178e-08,0.9137344416186814,0.08626547170792015,2.2228448514368314e-08,25,20,20
4,2507,2.2041558235692583e-08,0.8540078292127959,0.14596586370830159,2.6285037343647e-05,25,20,20
4,2508,1.607849661541934e-09,0.8668736555151239,0.13312631884946835,2.402755751931599e-08,25,20,20
4,2509,1.496907601265829e-11,0.9489987259205863,0.051001255332704644,1.8731739971349172e-08,25,20,20
4,2510,4.2681535361311835e-11,0.8772116298050635,0.12278836876763548,1.3846191290979705e-09,25,20,20
4,2511,5.8605327547335365e-12,0.9629954742035872,0.037004524804878744,9.856732893012929e-10,25,20,20
4,2512,3.004008735142124e-10,0.8778561951215367,0.12214380351949475,1.0585676087148658e-09,25,20,20
4,2513,2.7136335715171248e-09,0.9408162834972849,0.05918369586148814,1.7927593239834844e-08,25,20,20
4,2514,5.148235062861162e-09,0.9391627353759402,0.060837258544589996,9.31234538557574e-10,25,20,20
4,2515,1.0150726217455428e-09,0.9298606409356036,0.07013933425371888,2.3795605294955312e-08,25,20,20
4,2516,1.1819229490434394e-08,0.8238960113062741,0.1761039699834367,6.89105938493575e-09,25,20,20
4,2517,4.472673921764622e-09,0.8455548051094215,0.15444516608153613,2.43363682125071e-08,25,20,20
4,2518,4.1587718529546415e-09,0.9062524479221764,0.09374753029229076,1.7626760388808418e-08,25,20,20
4,2519,4.3018589151941294e-08,0.9505860820485167,0.04941387364336729,1.2895268548682845e-09,25,20,20
4,2520,4.028829269608231e-08,0.9405494224532904,0.05945050757073041,2.9687686427053002e-08,25,20,20
4,2521,5.3133587650414634e-11,0.9369640629644601,0.06303529358669742,6.433957085518551e-07,25,20,20
4,2522,6.581111810184022e-11,0.8626231649512257,0.13737620244071966,6.325422431603531e-07,25,20,20
4,2523,7.785642847252975e-11,0.8569822956602693,0.1430176799358449,2.43260291009566e-08,25,20,20
4,2524,6.096570206607756e-11,0.8651374913666703,0.13486053544033916,1.973132024459455e-06,25,20,20
4,2525,6.615321422854511e-11,0.8274173150171898,0.17258170129097944,9.836256769915217e-07,25,20,20
4,2526,4.9512522268038185e-11,0.828714027194994,0.1712859669647081,5.790785493765683e-09,25,20,20
4,2527,8.676056757204677e-11,0.9140967825070113,0.08590319814817345,1.925805467637566e-08,25,20,20
4,2528,3.102134168928543e-11,0.7720794663705357,0.22792052261973936,1.0978703212024402e-08,25,20,20
4,2529,3.8487218144344555e-08,0.8149981459146057,0.18500141619731378,3.9940086197056703e-07,25,20,20
4,2530,8.44325153587734e-10,0.8323210466182419,0.16767856712700768,3.854104247734454e-07,25,20,20
4,2531,4.6762095811537344e-07,0.8069524031388859,0.19302762918342364,1.9500056731980516e-05,25,20,20
4,2532,3.0916767791033124e-07,0.8743941118687002,0.12560553329269158,4.5670930127569756e-08,25,20,20
4,2533,4.325191782723159e-10,0.8911196284983369,0.10888034192909596,2.9140048024779784e-08,25,20,20
4,2534,5.385386430084754e-10,0.8991836219555265,0.10081634805593931,2.944999607473434e-08,25,20,20
4,2535,9.892156631788799e-08,0.7914347065644387,0.20849650526772223,6.868924627232985e-05,25,20,20
4,2536,1.5649110914489642e-09,0.7938782858613712,0.2061204865478523,1.2260258648191986e-06,25,20,20
4,2537,1.5453927311132252e-09,0.8799492020101392,0.120050777050929,1.939353901598362e-08,25,20,20
4,2538,2.4304318748096935e-09,0.8403779499408318,0.15962201965624703,2.7972488750860423e-08,25,20,20
4,2539,2.857608567148713e-09,0.9233817456187975,0.07661823896772123,1.255587254705298e-08,25,20,20
4,2540,4.743707015372445e-09,0.8784452605732627,0.12155444477069896,2.899123312999743e-07,25,20,20
4,2541,1.2777073224722228e-09,0.8989044167695437,0.10107757322282854,1.8008729920095497e-05,25,20,20
4,2542,1.2676514977715909e-09,0.8865250606340848,0.11347492723196488,1.0866298903790182e-08,25,20,20
4,2543,3.0469089493771494e-09,0.9331630970171545,0.06683593551074246,9.644251941039542e-07,25,20,20
4,2544,3.844789078394478e-09,0.9089147867403371,0.09108519085012383,1.856474971362479e-08,25,20,20
4,2545,9.045457733260881e-10,0.9043338346647924,0.09566614649565178,1.7935009897052083e-08,25,20,20
4,2546,1.8803874653161774e-08,0.8204348373966717,0.1795649083251204,2.3547433316900708e-07,25,20,20
4,2547,1.0474338500136917e-10,0.868009842251373,0.13198968299292593,4.746509573986642e-07,25,20,20
4,2548,8.568058187139922e-06,0.9336270039148801,0.06636442675874175,1.2681905787668683e-09,25,20,20
4,2549,3.4184203817963856e-09,0.9328170348168462,0.067182943515927,1.8248806096394617e-08,25,20,20
4,2550,1.12907020333575e-08,0.903872694969192,0.09612630753757123,9.862025344875389e-07,25,20,20
4,2551,7.629404555397311e-10,0.7891388392214667,0.21086115409927125,5.9163216986501e-09,25,20,20
4,2552,4.651914120267072e-08,0.8039606886214272,0.19602282781364505,1.643704578635926e-05,25,20,20
4,2553,4.652202427633111e-08,0.8826128165120691,0.11737043311147576,1.6703854430825052e-05,25,20,20
4,2554,4.052635682454842e-10,0.8478536754154944,0.15214504644909133,1.2777301509078084e-06,25,20,20
4,2555,0.0001783618316556993,0.8013151292302786,0.19850487926664465,1.6296714206821473e-06,25,20,20
4,2556,0.00017836116525099153,0.8208175795060013,0.1789731891198533,3.0870208894466375e-05,25,20,20
4,2557,0.000178361200536844,0.7691765246576934,0.23061424394332342,3.0870198446229516e-05,25,20,20
4,2558,0.0001783612008243357,0.8393118021558288,0.16047897118209906,3.086546124722583e-05,25,20,20
4,2559,5.417610143633954e-08,0.8676322756802389,0.13234609424666796,2.1575896991144768e-05,25,20,20
4,2560,5.4875733042135745e-08,0.8885584401610587,0.1114415040563302,9.068780900006504e-10,25,20,20
4,2561,2.0341002181278417e-07,0.7878071765498359,0.21219261941568068,6.244611760338431e-10,25,20,20
4,2562,3.295121168009914e-11,0.8758331971812992,0.12416679308629,9.699459751235856e-09,25,20,20
4,2563,7.289710504809791e-11,0.8929768061718221,0.10702256135821996,6.323970605251569e-07,25,20,20
4,2564,0.00046669976406161037,0.8431256943092077,0.15640663472141458,9.712053163124968e-07,25,20,20
4,2565,3.900572218058589e-08,0.9440236907433615,0.055976207461197774,6.278971852253741e-08,25,20,20
4,2566,7.227406218610005e-10,0.8996098665693087,0.1003897583535095,3.74354440778626e-07,25,20,20
4,2567,4.3917844414768245e-12,0.9310483265567819,0.06895167178245411,1.6563718950388016e-09,25,20,20
4,2568,6.577817771891105e-11,0.9629595800555307,0.03704041788394328,1.9947479712894937e-09,25,20,20
4,2569,4.977371195816478e-11,0.9049133908833117,0.09508659019038808,1.8876526824596026e-08,25,20,20
4,2570,1.0016103800928803e-10,0.9281682068753646,0.07183177009988187,2.2924592231782848e-08,25,20,20
4,2571,2.7624332020792894e-09,0.9381999439199485,0.06180000703709273,4.628052486213472e-08,25,20,20
4,2572,4.60834212254969e-06,0.8846792794207725,0.11531578023396846,3.320031361575666e-07,25,20,20
4,2573,1.588925126237652e-07,0.899203413772997,0.10079612096673916,3.063677509439199e-07,25,20,20
4,2574,1.6171011929709677e-07,0.8943754832498857,0.10562432014198792,3.489800690083079e-08,25,20,20
4,2575,1.6795487238772016e-09,0.885020152614477,0.11497785921546531,1.986490508633241e-06,25,20,20
4,2576,1.7231041876301003e-09,0.8506206431510599,0.1493783983431829,9.56782652449118e-07,25,20,20
4,2577,1.7138355728712465e-09,0.8505062542034248,0.1494927354844457,1.00859829343335e-06,25,20,20
4,2578,7.68281091363815e-10,0.8664228980339885,0.13357679483992568,3.063578045613642e-07,25,20,20
4,2579,9.319505927592783e-10,0.9006370170699434,0.09936296377293302,1.8225172822380204e-08,25,20,20
4,2580,7.336791247264533e-10,0.8858099250624322,0.11419003922231406,3.498157451998768e-08,25,20,20
4,2581,7.470135288620568e-07,0.77399393549682,0.22600531716996033,3.1968954589192564e-10,25,20,20
4,2582,4.252558148385784e-08,0.8858828346263625,0.11411712179112453,1.056931419868637e-09,25,20,20
4,2583,2.7482845082688735e-09,0.9435854907275147,0.056414488363794923,1.816040587480453e-08,25,20,20
4,2584,4.698783597431639e-09,0.905951285491223,0.09403071113765935,1.7998672334214804e-05,25,20,20
4,2585,4.465359025532526e-09,0.9020881492861345,0.09791184530310991,9.453967193864522e-10,25,20,20
4,2586,3.3714914301201457e-07,0.739410904863778,0.26058875572176865,2.2653098319501045e-09,25,20,20
4,2587,1.0127166604595648e-09,0.9085090674052972,0.09149090654534986,2.503663569276348e-08,25,20,20
4,2588,1.6970145779725216e-09,0.9622423536542334,0.03775762001173394,2.463701811669966e-08,25,20,20
4,2589,1.099228066420628e-06,0.9077171120331231,0.09228178775233614,9.864739953955035e-10,25,20,20
4,2590,1.2548537357598904e-06,0.8950779195294403,0.10492079636359143,2.9253232267334893e-08,25,20,20
4,2591,1.771936027126222e-07,0.8651332780452041,0.13486652156411985,2.3197072978387848e-08,25,20,20
4,2592,3.514866564574007e-09,0.9110956922046484,0.08890426815762062,3.612286429627587e-08,25,20,20
4,2593,5.591178860774018e-06,0.8892528306384462,0.1107415593496351,1.8833057969789272e-08,25,20,20
4,2594,5.925003225042496e-09,0.8945844943280755,0.10541549297180683,6.775114264468526e-09,25,20,20
4,2595,5.4996253039686e-09,0.8659792940245613,0.1340206936995344,6.776279588593305e-09,25,20,20
4,2596,4.4655832510040385e-08,0.8594491946684958,0.14055045239733782,3.0827833317183264e-07,25,20,20
4,2597,4.7389918993792704e-08,0.8530086560186251,0.14699100016615121,2.964253043010826e-07,25,20,20
4,2598,0.005916973917232091,0.9043813600275412,0.08968901724414043,1.2648811086282029e-05,25,20,20
4,2599,0.0059169726008318265,0.9188943682232338,0.07517699364222283,1.166553371182202e-05,25,20,20
4,2600,2.807886594823415e-09,0.9210453269909606,0.078954670164716,3.643648309555581e-11,25,20,20
4,2601,1.2424815390561623e-05,0.7978137848425167,0.20217376574720902,2.4594883134644647e-08,25,20,20
4,2602,0.00048427169135579817,0.8180744695562718,0.18142324197375326,1.801677861841783e-05,25,20,20
4,2603,2.568333186643823e-06,0.8621934545230542,0.13780273828541584,1.2388583435295172e-06,25,20,20
4,2604,2.6546589059434334e-06,0.9024269700603789,0.09757008581695263,2.8946376255711833e-07,25,20,20
4,2605,2.771879678509154e-09,0.9196034848238743,0.08039622300410866,2.894001370752214e-07,25,20,20
4,2606,1.8193368747656522e-07,0.8741555871577142,0.12584423088543695,2.3161188367201386e-11,25,20,20
4,2607,4.37308374615102e-10,0.9211791509139505,0.07881926585628127,1.5827924598154017e-06,25,20,20
4,2608,1.5685948606224824e-07,0.9270233948739923,0.07297485588322646,1.5923832954517748e-06,25,20,20
4,2609,4.473052967695155e-10,0.9471801383981184,0.052819211489209275,6.496653665893115e-07,25,20,20
4,2610,1.4306777506117162e-11,0.9004250313859518,0.09957494469762705,2.3902114380299795e-08,25,20,20
4,2611,4.5617248562957865e-11,0.9016907036705455,0.09830925452410691,4.175973059960489e-08,25,20,20
4,2612,2.8398687877703237e-09,0.8525745217723152,0.147425439555733,3.583208315568906e-08,25,20,20
4,2613,2.2758887562537443e-08,0.831166677422816,0.16883329839367842,1.4246177952655624e-09,25,20,20
4,2614,2.5361100694682734e-06,0.8591372054209964,0.14086023504586898,2.342306501855203e-08,25,20,20
4,2615,2.0862445539003386e-08,0.8680832210195675,0.13191673607030371,2.204768260143005e-08,25,20,20
4,2616,3.435137858263808e-09,0.8666800870752904,0.13146575489624757,0.0018541545933243903,25,20,20
4,2617,4.102622673087823e-06,0.8757032688169619,0.12429216081414941,4.677462155293969e-07,25,20,20
4,2618,4.106166740018162e-06,0.8118186960451678,0.18817671275625167,4.850318405460206e-07,25,20,20
4,2619,7.843155777899148e-08,0.8558435346736993,0.1441251042461859,3.128264855707554e-05,25,20,20
4,2620,1.6522916517959175e-09,0.8659192437643823,0.13406272094080102,1.803364252489515e-05,25,20,20
4,2621,6.749777246488991e-10,0.8734502529299799,0.12654877143266102,9.749623811926521e-07,25,20,20
4,2622,1.5601141286500364e-07,0.8178319980129956,0.18216783386316882,1.211242274546318e-08,25,20,20
4,2623,6.452099770748655e-05,0.8372489542956812,0.16265753189108856,2.8992815522408196e-05,25,20,20
4,2624,1.1789322245025227e-10,0.8659942645816291,0.13400571678680653,1.8513670626425192e-08,25,20,20
4,2625,2.5513760306548733e-06,0.9108085408567851,0.08918860273897129,3.0502821273026697e-07,25,20,20
4,2626,7.105220985175064e-10,0.89352823862814,0.10647173631984364,2.4341493636346264e-08,25,20,20
4,2627,2.0433667475060326e-09,0.9278343670862738,0.07216561292837781,1.7941981533129624e-08,25,20,20
4,2628,2.0352816522640894e-09,0.8693443152572474,0.13065568204023942,6.672315685323888e-10,25,20,20
4,2629,4.3640328781030545e-11,0.8833501474199893,0.11664985187204766,6.643227499296988e-10,25,20,20
4,2630,4.6828710363112055e-09,0.8758619007272779,0.12413807108508554,2.3504765582341467e-08,25,20,20
4,2631,9.178535520351514e-10,0.8820237705689685,0.11797622280615638,5.707020755190722e-09,25,20,20
4,2632,8.530523404925551e-10,0.9038957155526268,0.09610427790895228,5.685368959764116e-09,25,20,20
4,2633,4.7469730847330356e-08,0.8644253867873526,0.1355598144171559,1.4751325760539915e-05,25,20,20
4,2634,8.587292381244756e-07,0.8775617301624457,0.1224223175894365,1.509351887978622e-05,25,20,20
4,2635,4.691316820456574e-08,0.9057632871350927,0.09423666521308997,7.386486844266352e-10,25,20,20
4,2636,6.014618752865197e-05,0.9058267757656706,0.09411305164268675,2.640411359179287e-08,25,20,20
4,2637,6.0101081456179786e-05,0.8773422613820524,0.12259697937736214,6.581591290071102e-07,25,20,20
4,2638,6.0103888810911864e-05,0.864006330924098,0.1359329078250363,6.573620548323904e-07,25,20,20
4,2639,3.49574312657876e-09,0.9174241014018825,0.08257587665029754,1.8452076427447805e-08,25,20,20
4,2640,2.830802225441389e-09,0.9241684726905238,0.07583055554320406,9.689354691196887e-07,25,20,20
4,2641,3.490829570798807e-05,0.8693067191680024,0.13065714082028815,1.2317160011459327e-06,25,20,20
4,2642,3.490828931946307e-05,0.9332733351356804,0.06669148053908076,2.760359187465186e-07,25,20,20
4,2643,3.9638383760646334e-08,0.9032147152469798,0.09678524396991087,1.144725211111066e-09,25,20,20
4,2644,1.46726675912823e-05,0.774394688189024,0.22521750414453298,0.0003731349988518675,25,20,20
4,2645,3.8973796484477736e-08,0.9639449034540758,0.03605505692044029,6.516874283538366e-10,25,20,20
4,2646,5.708748682085582e-08,0.8518112919607376,0.14816967687942684,1.8974072348206563e-05,25,20,20
4,2647,1.4089900256330636e-10,0.9228884198222925,0.077093581041618,1.7998995189856148e-05,25,20,20
4,2648,3.5373942388951946e-09,0.9179540332228444,0.08202796487954837,1.7998360212814586e-05,25,20,20
4,2649,4.906669642495219e-11,0.9529631555562859,0.047036844067088676,3.2755864533621326e-10,25,20,20
4,2650,1.0049040784139954e-10,0.9637814779645625,0.0362185209909609,9.43986393676299e-10,25,20,20
4,2651,1.4998672281751053e-10,0.9469643881039818,0.053035603776160956,7.969870430096493e-09,25,20,20
4,2652,3.46826842879193e-10,0.8377649638100173,0.16223502786025965,7.982896021936207e-09,25,20,20
4,2653,7.230221385431092e-10,0.9007241714659259,0.09927580956733624,1.8243715781239967e-08,25,20,20
4,2654,2.5644773427343745e-11,0.9364786147663642,0.06352043437185977,9.508361311249462e-07,25,20,20
4,2655,1.1346335338618763e-10,0.8434654729257075,0.15653354168452813,9.852763007154645e-07,25,20,20
4,2656,1.000131846116456e-07,0.8185735396015312,0.18142508604271942,1.274342563590613e-06,25,20,20
4,2657,7.949834251838097e-08,0.8403025904147955,0.15969729574968589,3.4337175565352244e-08,25,20,20
4,2658,1.5062116626469738e-07,0.9122466097964336,0.08775227112852717,9.684538735708631e-07,25,20,20
4,2659,2.3166561461361857e-07,0.7846376640428521,0.21535884789020943,3.256401323632402e-06,25,20,20
4,2660,4.7086158112427e-11,0.936804817795255,0.06319423166099283,9.504966654805481e-07,25,20,20
4,2661,2.9964407364765354e-11,0.9450093286553661,0.05499028975110461,3.815635642563112e-07,25,20,20
4,2662,1.1297527213570515e-08,0.8822973136180865,0.11767216186629172,3.0513218094604392e-05,25,20,20
4,2663,1.1365013782847876e-08,0.9013723642880811,0.0986276240009995,3.4590562914419177e-10,25,20,20
4,2664,3.0344270247161145e-10,0.8607989917869654,0.1392010072673385,6.422542486877262e-10,25,20,20
4,2665,2.09249197990734e-09,0.8310070840326844,0.16899238101117953,5.328636435755695e-07,25,20,20
4,2666,4.855436247070261e-10,0.9028825074868032,0.0971174911774033,8.502497105848258e-10,25,20,20
4,2667,1.1259485796394461e-10,0.9863431230197074,0.013656824476277297,5.239142040712279e-08,25,20,20
4,2668,7.08704211972821e-11,0.893029689674992,0.10697029559502674,1.4659110242370713e-08,25,20,20
4,2669,1.391267621305594e-11,0.8998201473916748,0.10017883374884344,1.0188455686480541e-06,25,20,20
4,2670,7.945825433127631e-10,0.884557946983377,0.11544141991311228,6.323089272364029e-07,25,20,20
4,2671,4.9535667238115944e-11,0.8246473274536434,0.17535229122478657,3.8127203433630527e-07,25,20,20
4,2672,4.8901240605064264e-11,0.9014729594667812,0.09852698809625915,5.238805800473617e-08,25,20,20
4,2673,8.437524844822677e-11,0.8721373921448926,0.1278620377485373,5.700221948158866e-07,25,20,20
4,2674,1.2316429886502715e-10,0.9250264922229341,0.07497294280456447,5.648493367990287e-07,25,20,20
4,2675,2.2204336807295016e-09,0.9271496443990468,0.07285032396897159,2.9411547646726712e-08,25,20,20
4,2676,2.1620575694134363e-09,0.9061536972548242,0.09384628899057479,1.159254357390542e-08,25,20,20
4,2677,3.279244370434139e-09,0.818080363854753,0.18191897906369195,6.538023102572043e-07,25,20,20
4,2678,2.806216392142278e-09,0.9244457799291723,0.07555419853040474,1.8734206422158726e-08,25,20,20
4,2679,3.063139050126818e-11,0.9135468833176448,0.08645309820152029,1.8450203289987124e-08,25,20,20
4,2680,6.619287054577547e-11,0.9377134901868331,0.062286474114173866,3.56328000443423e-08,25,20,20
4,2681,4.000452448265991e-08,0.9353914793461681,0.06460844515978646,3.548952082944509e-08,25,20,20
4,2682,3.995465154185357e-08,0.9304154846836625,0.06958443926227648,3.609940869454522e-08,25,20,20
4,2683,8.250952663079649e-10,0.9400410546936278,0.05995889210052015,5.2380756245256536e-08,25,20,20
4,2684,1.3862567633323883e-09,0.9628902751678212,0.03710968791051569,3.553540584173489e-08,25,20,20
4,2685,1.771041780161968e-09,0.9118193855192394,0.0881500471312071,3.0565578511654627e-05,25,20,20
4,2686,3.4226671016549626e-09,0.8781430957793107,0.12182636977660881,3.0531021413206104e-05,25,20,20
4,2687,2.9123756950857557e-09,0.8643918085321751,0.13557764045822668,3.054809722277086e-05,25,20,20
4,2688,2.627868202290147e-10,0.9132893905293648,0.08668006088863285,3.0548319215341544e-05,25,20,20
4,2689,2.093523641377021e-10,0.8884572371515159,0.11154273511562594,2.7523505351874225e-08,25,20,20
4,2690,2.201139426012511e-09,0.8209283123144319,0.17907105408029025,6.314041387101064e-07,25,20,20
4,2691,7.066218059211842e-10,0.9657183746282025,0.03428063966889823,9.849962776044644e-07,25,20,20
4,2692,2.9405484791677206e-09,0.9851049691464062,0.014895027259608411,6.534368772555447e-10,25,20,20
4,2693,2.887809560422274e-09,0.9211707170612065,0.07882924429457375,3.5756410089627605e-08,25,20,20
4,2694,2.2638407343725472e-08,0.9201428253385171,0.07985714236013278,9.662942798525453e-09,25,20,20
4,2695,2.838697598916871e-09,0.9132157435191977,0.08678425291498483,7.271201228991761e-10,25,20,20
4,2696,5.961905581201496e-08,0.8718507811397551,0.12814783363247995,1.3256087093538338e-06,25,20,20
4,2697,2.8115682623006765e-09,0.9116528187811177,0.08834716051272128,1.7894592619018217e-08,25,20,20
4,2698,8.939408475114299e-09,0.9175882777892015,0.08241070260680314,1.0106645871234617e-06,25,20,20
4,2699,3.2911930193176814e-09,0.8594896780795845,0.14051030041735157,1.8211870366644494e-08,25,20,20
4,2700,4.303001854001377e-08,0.9310052731272662,0.0689946556946686,2.814804655183383e-08,25,20,20
4,2701,2.879013206787115e-09,0.8875492658685593,0.112449548035573,1.1832168543395267e-06,25,20,20
4,2702,4.3597052649092657e-08,0.8760971684573589,0.12390276993105777,1.8014529951338627e-08,25,20,20
4,2703,4.415181530035541e-08,0.9363769717816607,0.06362296665480233,1.741172173811325e-08,25,20,20
4,2704,2.1397756585560423e-08,0.924955725345131,0.0750442532236608,3.3451691935342645e-11,25,20,20
4,2705,2.1369780785688914e-08,0.8807352479932077,0.11926470685836695,2.3778644094119703e-08,25,20,20
4,2706,3.242653686518727e-11,0.9015333200540632,0.09846629824533033,3.816681798277064e-07,25,20,20
4,2707,4.342890927943472e-08,0.852191487967956,0.14780844433007023,2.4273063885749753e-08,25,20,20
4,2708,0.00012253068011120434,0.8745282941446179,0.1253491406216075,3.455366266924574e-08,25,20,20
4,2709,8.092040521518483e-10,0.9214543281744639,0.07854566972182989,1.2945016261959962e-09,25,20,20
4,2710,2.7632698522023048e-09,0.9810592715982374,0.01894072497451591,6.639770445018355e-10,25,20,20
4,2711,1.1486295547170275e-08,0.9087185151790967,0.09128144937061007,2.3963997526989513e-08,25,20,20
4,2712,1.2869536851934222e-08,0.9033359704994531,0.09666401045351666,6.177493133813072e-09,25,20,20
4,2713,1.1358340986739973e-08,0.857528266071755,0.1424716929064684,2.9663435395175465e-08,25,20,20
4,2714,3.80586165484942e-09,0.8746557026113418,0.1253442930897803,4.930161939611967e-10,25,20,20
4,2715,2.6421907148074816e-11,0.9107051607565542,0.0892638617912608,3.097742576275037e-05,25,20,20
4,2716,3.513281629616731e-09,0.9087117813983453,0.09128818714359493,2.794477799071889e-08,25,20,20
4,2717,1.6441497329961018e-07,0.8367270898201746,0.16327269378675496,5.197809663073593e-08,25,20,20
4,2718,6.335268940011878e-11,0.9844807779291079,0.015519203519435016,1.848810452169216e-08,25,20,20
4,2719,1.6586833398704724e-11,0.9577920658410187,0.04220793337975073,7.626432661663917e-10,25,20,20
4,2720,2.5032288040666966e-08,0.9395846473529317,0.06041532612033993,1.4944398207111481e-09,25,20,20
4,2721,6.184944427421508e-08,0.9268480633950783,0.07315187432073,4.3474682306094807e-10,25,20,20
4,2722,3.717911097378437e-08,0.9492125705209137,0.050786845237464344,5.470625107611184e-07,25,20,20
4,2723,3.7252570313410156e-08,0.9526953302196363,0.04730461439461227,1.8133180706261847e-08,25,20,20
4,2724,3.8106468366326524e-08,0.9403331427152284,0.0596487931291949,1.8026049107610383e-05,25,20,20
4,2725,2.408729508649985e-08,0.8625032980385288,0.13749666767510937,1.0199066611693125e-08,25,20,20
4,2726,1.5958155701766073e-09,0.8787923308334554,0.12120766688469063,6.860384621575509e-10,25,20,20
4,2727,1.4590872662272876e-05,0.8305045617714356,0.16948084584806133,1.5078406362680282e-09,25,20,20
4,2728,1.5266090542142604e-11,0.8957199458603171,0.1042800530726812,1.0517354830240588e-09,25,20,20
4,2729,4.0378951298068136e-08,0.8885356352947669,0.11144959575290461,1.4728573376882906e-05,25,20,20
4,2730,2.455373151390405e-10,0.8670585013018972,0.13294149262985397,5.822711055547558e-09,25,20,20
4,2731,1.0410821649954366e-09,0.8826017828077832,0.11739784108164406,3.750694906272526e-07,25,20,20
4,2732,3.668891256073368e-07,0.7407753379750802,0.25921727353626367,7.021599529522767e-06,25,20,20
4,2733,4.960164945262677e-10,0.8664901569556485,0.13350983661416663,5.934168777618884e-09,25,20,20
4,2734,2.452924733749511e-10,0.8944137490259614,0.10558625019050552,5.382409477733463e-10,25,20,20
4,2735,3.2967730378977085e-10,0.9243770238880024,0.07562294390654185,3.187577771748401e-08,25,20,20
4,2736,1.0013037666742366e-07,0.8729745494552007,0.12702532340893558,2.700548669844143e-08,25,20,20
4,2737,4.430013440197481e-09,0.8819052095173744,0.11809477022865723,1.5823955142004073e-08,25,20,20
4,2738,7.150200219657011e-08,0.9083327150421461,0.09166720658536975,6.8704817634103275e-09,25,20,20
4,2739,3.960587848290776e-08,0.9313356405438202,0.06866368598474107,6.33865560272196e-07,25,20,20
4,2740,2.7678849072307928e-09,0.9328739745008676,0.0671259871085501,3.5622697507943503e-08,25,20,20
4,2741,1.8330364464308236e-09,0.9735920312551023,0.026407948481045967,1.843081544289712e-08,25,20,20
4,2742,1.5741974940631157e-07,0.8501046519911725,0.14989515416227847,3.642679973542541e-08,25,20,20
4,2743,5.2741193456178114e-11,0.8014740513134713,0.19852591057227995,3.806150734544477e-08,25,20,20
4,2744,8.569955858639865e-10,0.9020913449852409,0.09790864782170557,6.3360572272233276e-09,25,20,20
4,2745,8.933005426019266e-08,0.8457443560745611,0.15425553034455272,2.4250831716415996e-08,25,20,20
4,2746,8.866580364274707e-08,0.8851693968074231,0.11483049708416047,1.7442612525149424e-08,25,20,20
4,2747,1.2820019145273476e-10,0.8449336443408616,0.15506633805260178,1.7478336016277638e-08,25,20,20
4,2748,6.709133861315553e-11,0.8569642995112303,0.14303570013349887,2.881787413819528e-10,25,20,20
4,2749,2.804786466623729e-09,0.89794675976263,0.10205323682935813,6.032250504104409e-10,25,20,20
4,2750,2.8822420283394733e-09,0.8971538503609786,0.10284559434311483,5.524136642803165e-07,25,20,20
4,2751,4.317627314089739e-08,0.8083669895920194,0.18833577460917605,0.003297192622531123,25,20,20
4,2752,1.3712096525797831e-09,0.9146647058830968,0.08533427924706573,1.013498627426298e-06,25,20,20
4,2753,1.4226661967387083e-09,0.8520028594238573,0.14799612637358328,1.0127798928038806e-06,25,20,20
4,2754,1.067467370487229e-09,0.8925226157604138,0.10747735819047483,2.4981643768545065e-08,25,20,20
4,2755,3.75104382387967e-09,0.9229899436522792,0.0770100103241099,4.2272567186722446e-08,25,20,20
4,2756,3.847402564938582e-09,0.916113672874197,0.08388628031406585,4.2964334579476575e-08,25,20,20
4,2757,3.7086065918780027e-09,0.9408992552052108,0.059100704922374306,3.616380807682048e-08,25,20,20
4,2758,5.5198645690048756e-09,0.9126281779841334,0.08735703476053269,1.4781735468902464e-05,25,20,20
4,2759,3.4428461903002808e-09,0.9589263023550264,0.04107367536083549,1.8841292285537014e-08,25,20,20
4,2760,4.983265984911277e-10,0.9421403652625103,0.057859633126790655,1.1123724171769637e-09,25,20,20
4,2761,0.0003593976890603999,0.7913355503841685,0.20818171065179547,0.00012334127497555528,25,20,20
4,2762,2.927013174423184e-06,0.8865692073784838,0.11342785917439353,6.433947976051086e-09,25,20,20
4,2763,2.4760620171407784e-11,0.8585416595727484,0.14145833304917138,7.353319218933967e-09,25,20,20
4,2764,5.7217666225944685e-12,0.9276512595361553,0.07234873941429397,1.0438283530352454e-09,25,20,20
4,2765,8.539826473613454e-08,0.847213510805559,0.15278638820254822,1.5593627917793994e-08,25,20,20
4,2766,7.914865168537738e-10,0.8744331539734819,0.12556684426477166,9.702598814334535e-10,25,20,20
4,2767,2.605764381893697e-11,0.9061323358815315,0.09386766404843427,4.3976380533488466e-11,25,20,20
4,2768,9.72175808752948e-12,0.9082324153440049,0.09176757919088302,5.4553903487889044e-09,25,20,20
4,2769,2.6752772055685123e-09,0.8777949309732567,0.12220504837644658,1.7975019059617636e-08,25,20,20
4,2770,8.473284947623946e-08,0.868985092312823,0.1310147879352264,3.501910101259234e-08,25,20,20
4,2771,5.1272382298516835e-06,0.8470434045005121,0.15295142319187296,4.506938459047062e-08,25,20,20
4,2772,8.655556209810134e-08,0.8766069267255212,0.12339294113312226,4.558579366298291e-08,25,20,20
4,2773,1.8650314373737326e-07,0.8922510253901595,0.10774875142603703,3.6680658963108694e-08,25,20,20
4,2774,1.5834380235904446e-07,0.8988341537432286,0.10116537689181218,3.110211565736504e-07,25,20,20
4,2775,1.556726842959078e-07,0.928132506507585,0.07186702682728284,3.1099244738903656e-07,25,20,20
4,2776,2.9203481542845664e-09,0.8446294667236777,0.15537023040235598,2.9995361829697973e-07,25,20,20
4,2777,2.7433881516609305e-09,0.9476577744128518,0.05234173114620089,4.916975590423381e-07,25,20,20
4,2778,2.7015922555325114e-09,0.9722968862743457,0.027703110381820814,6.422413622122762e-10,25,20,20
4,2779,2.7587190073729026e-09,0.9276106209299482,0.07238898513979287,3.911715394729706e-07,25,20,20
4,2780,8.562834961767302e-11,0.906240797889805,0.09374082184294724,1.8380181618873698e-05,25,20,20
4,2781,1.6018749074341192e-09,0.9639712482815921,0.036028442525706146,3.0759082705506265e-07,25,20,20
4,2782,8.468622068515394e-10,0.8952400530723955,0.10475927484869281,6.712320487173871e-07,25,20,20
4,2783,8.47889998950837e-12,0.8530460436764679,0.1469535736101795,3.827048734388135e-07,25,20,20
4,2784,1.2991304346877581e-11,0.9109678264616241,0.08903180850488517,3.650204992311449e-07,25,20,20
4,2785,3.894420813745728e-09,0.828692208174374,0.17130664322813371,1.1447030713804796e-06,25,20,20
4,2786,2.8584255876518096e-09,0.9137554438114093,0.08624454196188322,1.136828203198309e-08,25,20,20
4,2787,2.9553680227438925e-10,0.9343521830024293,0.06564781627769559,4.243383769986747e-10,25,20,20
4,2788,1.1157016858157342e-10,0.9368972470080474,0.06310273447725974,1.8403122501608225e-08,25,20,20
4,2789,4.5189834276016275e-10,0.8582307331429883,0.14176894182910538,3.245760079434167e-07,25,20,20
4,2790,5.402739148073307e-09,0.8761611836789794,0.12383848563001916,3.252882620920162e-07,25,20,20
4,2791,8.556450372757613e-10,0.9181733682481564,0.08182662346280935,7.433388599823766e-09,25,20,20
4,2792,1.456999942546786e-09,0.8344152314718345,0.16558474963957898,1.743158601366497e-08,25,20,20
4,2793,6.54192122753473e-11,0.7906615004892663,0.20933847618955517,2.3255758296008328e-08,25,20,20
4,2794,5.178447751235739e-06,0.7913275647889846,0.20866725033464437,6.4286197021280036e-09,25,20,20
4,2795,5.533260614009149e-08,0.8683186558419282,0.13165016676895885,3.1122056506563376e-05,25,20,20
4,2796,2.3894579805585344e-13,0.9029452582056833,0.09702364342950069,3.109836457723298e-05,25,20,20
4,2797,3.1397902213610173e-13,0.8987617109939292,0.10123828857966195,4.260940024247374e-10,25,20,20
4,2798,2.3193936926719977e-11,0.8877382481283927,0.11226175110511954,7.432934298235359e-10,25,20,20
4,2799,5.781228168850077e-11,0.9403260294712444,0.059673969826343584,6.445988909331816e-10,25,20,20
4,2800,9.80656496038093e-10,0.9137888393064748,0.08621044874411346,7.109687548432134e-07,25,20,20
4,2801,2.850966261049795e-09,0.9298611565580833,0.07013761182986884,1.2287610808857968e-06,25,20,20
4,2802,9.827834550606693e-10,0.9309113875757375,0.06908829770751236,3.137339665394812e-07,25,20,20
4,2803,3.7240713972791705e-09,0.833666309792588,0.16631510299111793,1.858349222225078e-05,25,20,20
4,2804,2.8969197229747875e-09,0.9301006390959187,0.06989933916335286,1.8843809085767977e-08,25,20,20
4,2805,8.178312797890709e-11,0.8551470663795924,0.14485288126272894,5.2275895338009524e-08,25,20,20
4,2806,2.7824896957167098e-09,0.9209830881997146,0.07901690228047104,6.7373242759958615e-09,25,20,20
4,2807,4.785940158756627e-08,0.9271938815300138,0.07280602415685385,4.6453730727638446e-08,25,20,20
4,2808,0.0003427138252717564,0.7135078445825248,0.2860570441839416,9.239740826104542e-05,25,20,20
4,2809,2.6383516191657613e-09,0.8650824697711242,0.13491749300316028,3.458736367824802e-08,25,20,20
4,2810,2.625888902379814e-09,0.9185710571294423,0.08142794381298644,9.964316819869746e-07,25,20,20
4,2811,1.5795192845978796e-11,0.9508159038313562,0.04918407867265596,1.748019242842519e-08,25,20,20
4,2812,1.5732464606443044e-11,0.9362881442970488,0.06371182005871591,3.562850231487546e-08,25,20,20
4,2813,1.559991291372155e-11,0.9570237324296087,0.04297623208599601,3.546879476199087e-08,25,20,20
4,2814,4.960657054906134e-10,0.9472864320191273,0.052713537587965896,2.989684024291302e-08,25,20,20
4,2815,1.8169045736876681e-12,0.9186260970370657,0.08137390221683907,7.442781862842212e-10,25,20,20
4,2816,7.276754533714887e-10,0.8918031897467338,0.10819680288151609,6.644074624506984e-09,25,20,20
4,2817,2.2383021060953875e-09,0.8238855650476458,0.17611405702386712,3.75690185034162e-07,25,20,20
4,2818,1.1286259472871165e-07,0.7732391300892213,0.22676026597365737,4.9107452624017e-07,25,20,20
4,2819,1.3177052904267192e-09,0.9423706006071576,0.05762939741748116,6.576557589794314e-10,25,20,20
4,2820,1.266924932864851e-09,0.9346784977383038,0.06532148310979022,1.788498033793616e-08,25,20,20
4,2821,6.2214918814161075e-09,0.94865243423325,0.05134752358264523,3.5962612152286774e-08,25,20,20
4,2822,7.122564941783218e-09,0.895956576819086,0.10404339660633814,1.9452010763447423e-08,25,20,20
4,2823,6.598230294303697e-05,0.928847583938019,0.07108612674957744,3.070094598141633e-07,25,20,20
4,2824,3.4913666919474165e-09,0.8900037787126999,0.10999615615354548,6.16423879375051e-08,25,20,20
4,2825,2.155449137896911e-06,0.9638075967122652,0.03619019641664508,5.1421951886699933e-08,25,20,20
4,2826,1.3351404584174924e-11,0.9718025826555942,0.028197417001664702,3.2938975402277444e-10,25,20,20
4,2827,2.6566792114431014e-11,0.9470430214930632,0.05295696797556841,1.0504801404761586e-08,25,20,20
4,2828,2.899165629436152e-07,0.8216643697047055,0.1783343789559911,9.61422739845608e-07,25,20,20
4,2829,1.6105885524369926e-07,0.9895987611808934,0.010401076799752844,9.604983785199697e-10,25,20,20
4,2830,1.791776711277541e-07,0.900214326036092,0.09978520600160737,2.8878462928594734e-07,25,20,20
4,2831,2.3534815431943892e-07,0.9331534499150798,0.06684599089312461,3.2384364095581854e-07,25,20,20
4,2832,8.933422584077781e-10,0.9303437076034926,0.06965600231335517,2.891898094918363e-07,25,20,20
4,2833,3.9947236528822084e-05,0.9066529014251182,0.09328891233821991,1.8239000132779397e-05,25,20,20
4,2834,6.973766483088471e-11,0.8570969747293736,0.14290301325043508,1.1950453550571528e-08,25,20,20
4,2835,2.912601139639838e-11,0.7927177894901558,0.20728122345404504,9.870266722581816e-07,25,20,20
4,2836,2.129674885127943e-10,0.8647317214758865,0.13526825934163791,1.896950761959508e-08,25,20,20
4,2837,8.086312740390419e-07,0.8440255697341752,0.15597324011515454,3.8151939601903804e-07,25,20,20
4,2838,1.105726201776036e-09,0.8895509921965905,0.11044862460938834,3.8208829478586495e-07,25,20,20
4,2839,6.949647653320453e-10,0.93897663809878,0.061022960588041644,4.0061821320941563e-07,25,20,20
4,2840,6.943311545242089e-10,0.8574207381066321,0.14257887835702013,3.8284201646827185e-07,25,20,20
4,2841,7.392014784538679e-10,0.8780032878288125,0.12199632967538526,3.8175660087896514e-07,25,20,20
4,2842,2.2331503989007902e-06,0.8499318396988239,0.15006504377056162,8.833802151612745e-07,25,20,20
4,2843,0.0027240279582932377,0.8040798488283134,0.19316510653801436,3.1016675378364185e-05,25,20,20
4,2844,3.915458730684562e-08,0.891793010166204,0.1082069321245356,1.8554673434440778e-08,25,20,20
4,2845,5.679093326751257e-06,0.885955948602994,0.11403835373134642,1.857233234544778e-08,25,20,20
4,2846,5.672619448048547e-11,0.9643444889872768,0.03565551030579181,6.50205248776058e-10,25,20,20
4,2847,5.678623871103911e-11,0.9074572508873825,0.09254273087232551,1.8183505991752093e-08,25,20,20
4,2848,2.9725095417090113e-05,0.8653201423540279,0.1346500986043671,3.394618767905442e-08,25,20,20
4,2849,1.011390492644563e-09,0.9456351253320469,0.05436482264955201,5.100701068228434e-08,25,20,20
4,2850,1.916200710883648e-08,0.8916191684924345,0.10838027661395205,5.357316055856321e-07,25,20,20
4,2851,2.1345509466200357e-08,0.8274532852010507,0.17251565381263323,3.1039640806551416e-05,25,20,20
4,2852,2.682351360238849e-08,0.8102115907789976,0.18978581446708886,2.5679303998003914e-06,25,20,20
4,2853,8.661469728253572e-11,0.899786199341194,0.10021329832724028,5.022449508314399e-07,25,20,20
4,2854,9.366119236281937e-10,0.908625894537681,0.09135608842897974,1.8016096727408525e-05,25,20,20
4,2855,4.425569887044514e-10,0.9296403175172928,0.07035966456695852,1.7473191725586675e-08,25,20,20
4,2856,8.9623612187096e-08,0.8749224819026231,0.12507741099451783,1.7479246911705223e-08,25,20,20
4,2857,2.625963564558023e-11,0.9316990326452863,0.06830096665965835,6.687961815923321e-10,25,20,20
4,2858,1.4514049736714987e-08,0.8681328567167615,0.1318671224957049,6.273484383672746e-09,25,20,20
4,2859,0.00011673295198380703,0.7901709664429052,0.20971166277412753,6.378309834281021e-07,25,20,20
4,2860,7.521579652993939e-10,0.8881127262033252,0.1118872310674818,4.1977035670644954e-08,25,20,20
4,2861,1.3840455285006259e-09,0.9583666833597723,0.04163327396656197,4.1289620508570327e-08,25,20,20
4,2862,1.3853688393322003e-09,0.9323956476424097,0.06760430938327448,4.158894727653646e-08,25,20,20
4,2863,1.4142721251796942e-09,0.9425310749671231,0.05746887408070596,4.9537899190487414e-08,25,20,20
4,2864,2.7496581170244883e-10,0.8929487851513025,0.10705092003483227,2.9453889914389133e-07,25,20,20
4,2865,1.5598113154159755e-07,0.89419899454093,0.10580052412783589,3.253501023031742e-07,25,20,20
4,2866,4.038999867418182e-08,0.9584442455267665,0.04155542399143952,2.900917951011431e-07,25,20,20
4,2867,7.581714992084621e-11,0.8460527876050535,0.15394719534433668,1.6974792760549644e-08,25,20,20
4,2868,2.8851151985596504e-09,0.888594631338281,0.1114053583906945,7.385909599850251e-09,25,20,20
4,2869,1.2359800897698921e-08,0.8635865528881935,0.13639542429743926,1.80104545662188e-05,25,20,20
4,2870,1.4758232611442302e-08,0.8465119185954699,0.1534700670947343,1.799955156320272e-05,25,20,20
4,2871,7.7561339143203e-11,0.9121348146357678,0.08786514012744572,4.515922514790876e-08,25,20,20
4,2872,4.8959194442490935e-11,0.9243842230330179,0.07561575880341441,1.8114608416487372e-08,25,20,20
4,2873,8.840863365116144e-10,0.9227373424553446,0.0772271587832558,3.5497877313021e-05,25,20,20
4,2874,8.007046572525728e-11,0.9403949694751094,0.05960499443492964,3.6009890534370495e-08,25,20,20
4,2875,9.607622124330308e-11,0.8870388205485205,0.11292816282760022,3.301652780301227e-05,25,20,20
4,2876,1.6279838825990475e-10,0.9206619594998687,0.07932331123696937,1.4729100363621845e-05,25,20,20
4,2877,2.2067648975450398e-08,0.8617904372998676,0.13819426006238975,1.528057009375629e-05,25,20,20
4,2878,1.5634503781424506e-07,0.9674292279677814,0.032570586189166216,2.9498014494099896e-08,25,20,20
4,2879,2.542104066481193e-07,0.846754512193714,0.15324517512649088,5.8469389100223784e-08,25,20,20
4,2880,1.0148623010359602e-07,0.8707346837858873,0.1292651723171973,4.241068533876725e-08,25,20,20
4,2881,4.3388352742749484e-08,0.8594664100633074,0.14053354592335168,6.249876828886161e-10,25,20,20
4,2882,3.814412289578896e-08,0.8681451544860771,0.13185480675383177,6.159681836063576e-10,25,20,20
4,2883,2.8017582958345748e-09,0.9023167274930904,0.09768323449246459,3.5212686970035225e-08,25,20,20
4,2884,1.517561398502626e-11,0.9158362314168785,0.08414576926609076,1.7999301854749443e-05,25,20,20
4,2885,2.186146145683995e-12,0.9325047404199283,0.06749523463370057,2.494418454157604e-08,25,20,20
4,2886,2.397739787342195e-09,0.8413815340012476,0.15861839397564068,6.962537106201299e-08,25,20,20
4,2887,6.849562110921352e-10,0.9002373085066137,0.09976265563597807,3.517245193322858e-08,25,20,20
4,2888,6.68068463764311e-10,0.9193933310907241,0.08060663357745286,3.466375459368031e-08,25,20,20
4,2889,6.97553256400102e-10,0.8563940997356798,0.14360584240762503,5.715914189528286e-08,25,20,20
4,2890,2.7800946595002007e-11,0.9061721523106683,0.09382687253134302,9.751301877325748e-07,25,20,20
4,2891,7.409803703345776e-11,0.9623808398427178,0.03761815004471747,1.0100384663339923e-06,25,20,20
4,2892,1.662927316606474e-10,0.948494295380495,0.051504728082328664,9.763708834743357e-07,25,20,20
4,2893,7.71492221197203e-10,0.9416338269759144,0.05836519681300417,9.75439588833679e-07,25,20,20
4,2894,1.1881727256316964e-09,0.8586123473004464,0.14129555329891086,9.209821246975036e-05,25,20,20
4,2895,1.2774048168729478e-10,0.9424627333909403,0.057536273543123455,9.929381957093003e-07,25,20,20
4,2896,2.2205632194838006e-07,0.8842096595375925,0.11578979394617087,3.2445991447921936e-07,25,20,20
4,2897,1.6751785081273872e-07,0.9014314037462747,0.09856840471929186,2.4016582657395186e-08,25,20,20
4,2898,1.562564823463674e-07,0.9166885198639403,0.08330969191100468,1.6319685727718953e-06,25,20,20
4,2899,0.00026195175424966794,0.7737586396944106,0.22597725570749244,2.152843845720885e-06,25,20,20
4,2900,6.91029552379733e-08,0.8131972955460799,0.18680262916278914,6.188173476622334e-09,25,20,20
4,2901,3.0546222694895257e-09,0.8374207269821226,0.16257925366453765,1.6298717002728252e-08,25,20,20
4,2902,3.557521357297587e-09,0.9191195129694314,0.08088046513813366,1.833491336477249e-08,25,20,20
4,2903,1.4511253339298205e-09,0.8890994464636374,0.11090003255292454,5.195323125805941e-07,25,20,20
4,2904,4.0883021248002373e-10,0.9080741103092209,0.0919253389523618,5.503295869989861e-07,25,20,20
4,2905,5.935536306229397e-09,0.9080638830982379,0.09193556012079379,5.508454319193624e-07,25,20,20
4,2906,5.43824360978233e-09,0.9145430170455363,0.08545697657285997,9.433598774674364e-10,25,20,20
4,2907,4.705778506020055e-09,0.8864489287578339,0.11355104830141696,1.8234970222702506e-08,25,20,20
4,2908,1.7967826103311848e-09,0.8684139269926522,0.1315851089349351,9.622756299041281e-07,25,20,20
4,2909,1.5796191660707686e-07,0.8405792299152745,0.15942060660819654,5.514611975135552e-09,25,20,20
4,2910,5.491707459719727e-06,0.8450120622762536,0.15498242941638132,1.6599905003154873e-08,25,20,20
4,2911,5.490660314480886e-06,0.902736170043108,0.09725832776432576,1.1532251644038572e-08,25,20,20
4,2912,1.1669676280698162e-05,0.7890558951717707,0.20865961589896392,0.0022728192529840835,25,20,20
4,2913,1.1589910224447015e-08,0.8634819338708827,0.1365174284967112,6.260424954826205e-07,25,20,20
4,2914,8.407607493887034e-11,0.9248864291667489,0.07511355215085222,1.8598322492502922e-08,25,20,20
4,2915,1.8593676039812544e-09,0.9215449356436548,0.07845505213488153,1.0362095472186442e-08,25,20,20
4,2916,1.1874466172437898e-10,0.9502246420426852,0.049775339688936604,1.8149633236203968e-08,25,20,20
4,2917,1.396079469867756e-08,0.9352837397554825,0.06471529567415493,9.506095677711341e-07,25,20,20
4,2918,1.3894594563401903e-08,0.8625774100583739,0.13742162559138857,9.504556427528495e-07,25,20,20
4,2919,2.7053605598696048e-09,0.8666266700918149,0.13337234954102276,9.776618015905687e-07,25,20,20
4,2920,1.506975419490734e-10,0.9234154702351709,0.07658450177341958,2.784071130233598e-08,25,20,20
4,2921,2.215229792895404e-08,0.865093473905259,0.13490595599204716,5.479503950021925e-07,25,20,20
4,2922,2.042087272914398e-08,0.8657945029145008,0.13420492848517554,5.48179450007757e-07,25,20,20
4,2923,1.2131921942142467e-08,0.8918631499189799,0.10813541492612685,1.4230229704788333e-06,25,20,20
4,2924,0.00028631681960489903,0.8170923843271958,0.1826212790387078,1.9814491576115076e-08,25,20,20
4,2925,7.916717431884759e-11,0.8845795176624859,0.11541924229359363,1.2399647529195835e-06,25,20,20
4,2926,8.641401676689546e-11,0.9618356713568975,0.03816337712116508,9.514355229223063e-07,25,20,20
4,2927,1.598648953928987e-07,0.9693899190751663,0.030609919497254095,1.5626840510132515e-09,25,20,20
4,2928,2.0018772783400432e-07,0.8733679564124677,0.1266318419491282,1.4506760013356435e-09,25,20,20
4,2929,6.452829212218499e-11,0.9171432686405597,0.08285673085481517,4.4009703481982707e-10,25,20,20
4,2930,5.3204049471382636e-11,0.9295810130182224,0.07041898628110918,6.474644168471008e-10,25,20,20
4,2931,5.798081040248529e-12,0.8958270168450637,0.10417297608179198,7.0673462636171705e-09,25,20,20
4,2932,9.200099727474656e-10,0.9161819232153359,0.08381776896526467,3.0689938917884977e-07,25,20,20
4,2933,2.1817336437142517e-10,0.9334467102669918,0.06655296555805916,3.239567754981418e-07,25,20,20
4,2934,6.903679589147499e-10,0.90766094043201,0.09233871725663281,3.4162098921921467e-07,25,20,20
4,2935,6.854952744952733e-10,0.9092707002683388,0.09072926355917192,3.54869942727717e-08,25,20,20
4,2936,6.982947617202043e-10,0.9483040040664225,0.05169599490856955,3.26713110783795e-10,25,20,20
4,2937,7.980236883597791e-10,0.9329887088968368,0.06701126083572782,2.9469411311304738e-08,25,20,20
4,2938,1.0236482157399613e-09,0.8829487078941963,0.11705025607730735,1.0350048479846973e-06,25,20,20
4,2939,4.4363336958345394e-10,0.8633065992350185,0.1366930647781089,3.355432390203172e-07,25,20,20
4,2940,2.431371829488931e-10,0.9101754990945617,0.08982420485981922,2.958024820238084e-07,25,20,20
4,2941,1.6155270958958702e-07,0.9300655999220904,0.06993393172434322,3.0680085669749045e-07,25,20,20
4,2942,3.036224245583199e-09,0.8684311013326108,0.13156763400264793,1.2616285174215508e-06,25,20,20
4,2943,1.0895561137752703e-10,0.8708955715653746,0.1291044173613851,1.0964285136654667e-08,25,20,20
4,2944,1.4911637455137423e-10,0.9322487582447487,0.06775095220730318,2.893988314718269e-07,25,20,20
4,2945,3.897273598970901e-12,0.9588767597277625,0.04112322234163671,1.7926703671887895e-08,25,20,20
4,2946,3.882057219843035e-12,0.9192538539873567,0.08074585705831465,2.889504464022793e-07,25,20,20
4,2947,2.1433729531244212e-06,0.9434258107462834,0.05657105929027703,9.86590486610949e-07,25,20,20
4,2948,9.487892970680161e-10,0.8865833631478233,0.11341659518691545,4.071647219613646e-08,25,20,20
4,2949,4.2930427733440315e-09,0.8635014761393053,0.1364985016317831,1.7935868452100875e-08,25,20,20
4,2950,8.974759698190263e-06,0.8821947907812983,0.1177956642813678,5.701776354753904e-07,25,20,20
4,2951,8.97842486923385e-06,0.8786990478013234,0.12129139862909825,5.75144709125834e-07,25,20,20
4,2952,2.3898998626864812e-08,0.9100734300931679,0.08992597034308837,5.756647455281694e-07,25,20,20
4,2953,1.6921066308000612e-09,0.9718511374186466,0.028148859636337186,1.2529098387572663e-09,25,20,20
4,2954,1.1288688099380944e-08,0.9389607043140831,0.06103899502000496,2.893772237413142e-07,25,20,20
4,2955,3.864154696087178e-08,0.9228754973258829,0.07712311573655349,1.3482960163936774e-06,25,20,20
4,2956,1.5563551664135318e-09,0.8400816674417187,0.15991796512964984,3.658722757575878e-07,25,20,20
4,2957,1.7118264247419082e-09,0.8490990894880136,0.15090086123887028,4.756128968695095e-08,25,20,20
4,2958,1.0535759708775797e-06,0.8392441698515889,0.16075428582228132,4.907501584749126e-07,25,20,20
4,2959,7.547302061155345e-10,0.8845128451297688,0.11548713152641993,2.2589080689290568e-08,25,20,20
4,2960,4.5949965421631206e-10,0.8851501785049654,0.11484979834484031,2.2690694521322064e-08,25,20,20
4,2961,1.1003073350893232e-10,0.9263407719646743,0.0736592054284022,2.249689276486207e-08,25,20,20
4,2962,1.2238978068223342e-06,0.8541672368465217,0.14583153844373287,8.119380862062791e-10,25,20,20
4,2963,9.270325216616014e-11,0.9445543450611943,0.055445636917088016,1.7929014584669467e-08,25,20,20
4,2964,1.1401247740172367e-08,0.9431030017980266,0.05689698105604618,5.744679183623807e-09,25,20,20
4,2965,1.1177483881718565e-10,0.9713089693501773,0.028691029890891034,6.471571430763738e-10,25,20,20
4,2966,5.3518204380523383e-11,0.9614090105890538,0.038590982604241035,6.753187210344627e-09,25,20,20
4,2967,8.724294028021272e-06,0.9323170401810947,0.06767422816812739,7.356749694169098e-09,25,20,20
4,2968,4.962356990561387e-08,0.8668580251407744,0.13314190690116023,1.8334496006923703e-08,25,20,20
4,2969,4.959309879267344e-08,0.8908844044658568,0.10911554397637216,1.9646720526544807e-09,25,20,20
4,2970,7.390612833688449e-10,0.8904369257679506,0.10956307241445604,1.078531847969686e-09,25,20,20
4,2971,5.110984736825846e-06,0.856545298175708,0.14344957218434004,1.8655214955870483e-08,25,20,20
4,2972,2.1294696181651445e-08,0.8759930331996457,0.1240069271067211,1.8398936623897673e-08,25,20,20
4,2973,1.4869484807924257e-10,0.9662250060929877,0.033774975869530335,1.7888787267101464e-08,25,20,20
4,2974,5.64401709725547e-06,0.8941186426432237,0.10587569604018471,1.7299494362400314e-08,25,20,20
4,2975,7.810355006955065e-10,0.8412479980462099,0.15875199410570118,7.067053830565922e-09,25,20,20
4,2976,7.744885925714646e-10,0.9126446759386123,0.08735531591633658,7.370562832897395e-09,25,20,20
4,2977,2.3078804148110346e-08,0.8678657212927505,0.13213424796348394,7.664960895515096e-09,25,20,20
4,2978,3.609557143818514e-11,0.8706182570408982,0.12938172479272378,1.813028259459556e-08,25,20,20
4,2979,2.1986763394254626e-08,0.8859348898716638,0.11406507030969987,1.783187282157999e-08,25,20,20
4,2980,7.919211030993528e-10,0.8808056973207574,0.11919426671036538,3.517695549480633e-08,25,20,20
4,2981,4.475347693268274e-10,0.8276863362249705,0.17231307603166232,5.872958324424988e-07,25,20,20
4,2982,6.516216827468098e-11,0.9441622698733448,0.05583772910890218,9.525906185966864e-10,25,20,20
4,2983,3.389591487615595e-11,0.9309014320342714,0.06909856634451325,1.5873194788062946e-09,25,20,20
4,2984,7.077865900859878e-10,0.9723692818728645,0.027630715526236697,1.893111776466195e-09,25,20,20
4,2985,6.944728905699626e-11,0.9323739529499769,0.06762575756723839,2.8941333694064414e-07,25,20,20
4,2986,8.243155411684524e-10,0.8754880447984752,0.12451191898404733,3.539316109237645e-08,25,20,20
4,2987,7.082187740431439e-10,0.8799872939455727,0.12001265149697059,5.38492375934897e-08,25,20,20
4,2988,2.981042431274991e-09,0.845021816933257,0.15497785551172003,3.245739799191213e-07,25,20,20
4,2989,4.761743633851433e-11,0.8744024505301898,0.1255975263110193,2.3111173514921946e-08,25,20,20
4,2990,4.436736588305556e-09,0.8870553757555913,0.11294461881657009,9.911019114369896e-10,25,20,20
4,2991,8.312629921588733e-11,0.9210306273217449,0.07896937257728683,1.7841406358452186e-11,25,20,20
4,2992,5.11039274966583e-08,0.9422251857349399,0.057774761458543406,1.7025887544037456e-09,25,20,20
4,2993,1.4428945253391595e-11,0.8837095947823517,0.11628963777441753,7.674288015600573e-07,25,20,20
4,2994,1.4745739998797385e-09,0.865095123007809,0.13486854800802164,3.632750959503194e-05,25,20,20
4,2995,1.4063911383818662e-09,0.8821227116985484,0.11787690178437896,3.851106811042102e-07,25,20,20
4,2996,1.5507936166978926e-07,0.8808252986141275,0.11917415500898831,3.9129752232535073e-07,25,20,20
4,2997,8.816816265225305e-10,0.9039298384428611,0.0960701506175421,1.0057914954030097e-08,25,20,20
4,2998,1.5225855025794903e-07,0.9432832746113061,0.05671656286984425,1.0260299154562084e-08,25,20,20
4,2999,4.3444718110083583e-10,0.9151890214416726,0.08481097761603099,5.078495096672056e-10,25,20,20
4,3000,2.912213797100494e-09,0.8828171938567374,0.1171827858458769,1.738517177161878e-08,25,20,20
4,3001,2.1213322025504123e-10,0.8854751268841992,0.11452487287830276,2.5364716034353352e-11,25,20,20
4,3002,3.008537778918999e-09,0.9111948780530658,0.08880510051289432,1.8425501960406155e-08,25,20,20
4,3003,2.821934072700609e-09,0.9459671867385334,0.054032791503221864,1.893631029777184e-08,25,20,20
4,3004,2.8346557467766328e-09,0.9143155618013405,0.0856834574954906,9.77868513199137e-07,25,20,20
4,3005,4.1117561956714845e-09,0.9330867082479234,0.06691325276037036,3.487994953813951e-08,25,20,20
4,3006,6.425735427328935e-07,0.8851608057703322,0.1148385513261723,3.299526126542292e-10,25,20,20
4,3007,6.640008725094064e-11,0.879121615756302,0.12087838372777099,4.4952670565024906e-10,25,20,20
4,3008,3.3638289998927956e-11,0.9025021765265927,0.09749781275673866,1.0683029992786644e-08,25,20,20
4,3009,1.4538537732015931e-10,0.8980423708863018,0.10195696978348875,6.591848239078715e-07,25,20,20
4,3010,0.006166142555331494,0.8917706345726693,0.10206294754001421,2.753319846237472e-07,25,20,20
4,3011,6.576273323417089e-06,0.8456054908098385,0.15438752698327207,4.059335663568446e-07,25,20,20
4,3012,1.689835662788979e-05,0.7777663015189337,0.18850480452662988,0.03371199559780776,25,20,20
4,3013,1.3028403900617142e-07,0.8537996137226256,0.14351083112882082,0.0026894248645151675,25,20,20
4,3014,4.005525446642166e-09,0.9164112255236677,0.08358836436769586,4.0610311129393205e-07,25,20,20
4,3015,7.21454874887936e-09,0.9677560552446333,0.0322435416462483,3.9589457004690645e-07,25,20,20
4,3016,0.0004842708048114515,0.957179113084376,0.04233622035158277,3.9575922936677453e-07,25,20,20
4,3017,2.7712516105022585e-09,0.9251632458586365,0.07483669833426893,5.303584270277775e-08,25,20,20
4,3018,4.4716603888442155e-06,0.9489572683225418,0.05103822474964085,3.5267428761211197e-08,25,20,20
4,3019,2.1732509053194274e-08,0.8309084891357109,0.16909148799734047,1.1344394317354303e-09,25,20,20
4,3020,1.4173399613484781e-11,0.9358168258886654,0.06418315576394779,1.833321313690671e-08,25,20,20
4,3021,6.318844933387077e-11,0.8937261858724402,0.10627282887883276,9.85185538686431e-07,25,20,20
4,3022,3.482935494669589e-09,0.8559580216392338,0.1440387167898798,3.2580879506171028e-06,25,20,20
4,3023,8.486887065795358e-11,0.9037341416592101,0.0962658419578253,1.6298095941215476e-08,25,20,20
4,3024,2.7192029348483396e-09,0.9410032848874751,0.058996676568148575,3.5825173011415076e-08,25,20,20
4,3025,4.5103758539843956e-08,0.9409452484723394,0.05905468799464562,1.8429255986166435e-08,25,20,20
4,3026,1.4110476480230798e-07,0.8888011053047826,0.11119875279118707,7.992656809153644e-10,25,20,20
4,3027,1.1154487771938967e-09,0.8608557551807113,0.13914424305593026,6.47909566213447e-10,25,20,20
4,3028,4.560766651413165e-10,0.8361675215917996,0.1638324712918242,6.6602988596066026e-09,25,20,20
4,3029,1.1173360020452007e-10,0.8738011289562728,0.12619886950933118,1.422662100120386e-09,25,20,20
4,3030,1.1166340608154507e-10,0.8726462168482746,0.12735377674589057,6.294171094125402e-09,25,20,20
4,3031,1.1244593616127471e-10,0.8540590215790419,0.1459409778825641,4.259481218190089e-10,25,20,20
4,3032,5.118324719920534e-11,0.9164037199781344,0.08359627313706046,6.833621442001946e-09,25,20,20
4,3033,5.687621814046742e-08,0.9402499966077948,0.059749939781134215,6.734852929347917e-09,25,20,20
4,3034,5.860739978811051e-08,0.89449637816428,0.10550292414075574,6.390875644619496e-07,25,20,20
4,3035,2.840105771569815e-09,0.9325336367509212,0.0674657273806466,6.330283262590208e-07,25,20,20
4,3036,1.789966622854025e-09,0.9012835735173335,0.09871579178587832,6.329068212599002e-07,25,20,20
4,3037,2.4266938972882923e-09,0.8680611060723291,0.13193825878914858,6.327118274798417e-07,25,20,20
4,3038,1.0163450776239295e-07,0.8360249564466199,0.1639742796486159,6.622702558956421e-07,25,20,20
4,3039,7.13599275572308e-10,0.8979299616223411,0.10206940554351641,6.321205431207361e-07,25,20,20
4,3040,8.058439814772226e-10,0.8910207671857853,0.10897858261020785,6.493981628970293e-07,25,20,20
4,3041,2.3451764469994278e-08,0.7933227477309356,0.20667667813442595,5.506828735243837e-07,25,20,20
4,3042,1.664222084443572e-11,0.909888228610388,0.09011120457148877,5.668014810955237e-07,25,20,20
4,3043,1.3757017991827297e-09,0.8731004817710164,0.126898943010778,5.738425033077797e-07,25,20,20
4,3044,9.943104689533776e-08,0.8506752986856968,0.14932455896017735,4.2923079241183124e-08,25,20,20
4,3045,1.5320723089239915e-07,0.8306260814096272,0.16937338308795546,3.822951866544397e-07,25,20,20
4,3046,9.768116902500085e-10,0.8933619296361343,0.10663766998619163,3.99400862172991e-07,25,20,20
4,3047,4.391709999511435e-09,0.9657373918021045,0.03426258588463137,1.7921554415507208e-08,25,20,20
4,3048,2.763363035895908e-09,0.954693731174364,0.045305632651747994,6.33410525634179e-07,25,20,20
4,3049,2.713319473434031e-09,0.911363884889394,0.08862073394212441,1.5378455162059438e-05,25,20,20
4,3050,2.317795495982234e-08,0.8143670631369355,0.18563287626081718,3.742429239640809e-08,25,20,20
4,3051,6.422938038539518e-09,0.8595676181978782,0.14043235071978516,2.465939855524857e-08,25,20,20
4,3052,3.845249775839375e-09,0.8543702934444757,0.14562931270719265,3.9000308135161177e-07,25,20,20
4,3053,5.377245192971304e-08,0.8687996259697154,0.13119996957340935,3.506844227714642e-07,25,20,20
4,3054,1.3104105325354265e-08,0.8424501558239448,0.1575494982094668,3.328624830901485e-07,25,20,20
4,3055,2.5195294662649923e-10,0.89825473329202,0.10174526497255944,1.4834673501547775e-09,25,20,20
4,3056,5.536358335429538e-08,0.8455188031244176,0.1544808575375598,2.839744389225978e-07,25,20,20
4,3057,2.431857483592963e-11,0.8438325824183035,0.15616740680496774,1.0752410024374975e-08,25,20,20
4,3058,1.1534939610427632e-10,0.8979559918023541,0.10204400236314905,5.719146936740987e-09,25,20,20
4,3059,4.088119273722606e-09,0.891388437208197,0.10861152431939244,3.4384291078779294e-08,25,20,20
4,3060,8.908197145541203e-10,0.9372567854454354,0.06274224555839886,9.68105346547418e-07,25,20,20
4,3061,3.273522446038725e-10,0.8927303499470999,0.10647507681419911,0.0007945729113495767,25,20,20
4,3062,3.785111483362344e-08,0.8715322184740566,0.1284677094487369,3.4226091745640156e-08,25,20,20
4,3063,5.276013796117951e-10,0.8610637548086685,0.138936215114168,2.954956240365486e-08,25,20,20
4,3064,3.436815417366259e-09,0.8848622004830851,0.11513682030663583,9.757734635710127e-07,25,20,20
4,3065,2.7943402576846454e-09,0.8522882514342706,0.1477117449119512,8.594373127175192e-10,25,20,20
4,3066,0.0003006780699255178,0.9178261755452932,0.08187311791595411,2.8468826821040963e-08,25,20,20
4,3067,2.7214910479310097e-09,0.9279329984079893,0.07206699758204353,1.2884756735187325e-09,25,20,20
4,3068,2.7840105384141956e-09,0.9158930520857775,0.08410666873545974,2.763947519666767e-07,25,20,20
4,3069,4.1595690940172675e-08,0.9082429459514466,0.09175699412794751,1.8324914635636823e-08,25,20,20
4,3070,4.19250439827687e-08,0.8845648520496425,0.11540409712291223,3.1008902400701187e-05,25,20,20
4,3071,8.444348231650977e-07,0.8283051468038106,0.17166311571739853,3.089304396694774e-05,25,20,20
4,3072,3.584026004730918e-09,0.8129586895200202,0.18704130092945107,5.966503136184844e-09,25,20,20
4,3073,2.7624876739245384e-09,0.8782509682441838,0.1217490053624816,2.3630846808873447e-08,25,20,20
4,3074,7.257650565458819e-10,0.9177638738184392,0.08223608495821394,4.049758194721045e-08,25,20,20
4,3075,3.107783156959167e-09,0.8750539064822225,0.12494570323913462,3.8717085978153505e-07,25,20,20
4,3076,3.1427730506903782e-09,0.9227021651905535,0.07729743186116475,3.9980550847009295e-07,25,20,20
4,3077,1.3797323525419277e-08,0.9315150491618929,0.06848493608967605,9.511072947202958e-10,25,20,20
4,3078,7.32311451658318e-10,0.9339053919944841,0.06609460123437999,6.038824701057221e-09,25,20,20
4,3079,3.540208742111258e-06,0.8799741775987525,0.12002191270409196,3.69488413401074e-07,25,20,20
4,3080,3.3868626465312167e-06,0.9264455631697968,0.07355013895495294,9.110126039735139e-07,25,20,20
4,3081,8.422877288562333e-12,0.9349354212129607,0.06506357460219614,1.0041764202159852e-06,25,20,20
4,3082,8.867641122642834e-12,0.9323419794148802,0.06758930129624627,6.871928000557723e-05,25,20,20
4,3083,8.964935097862961e-06,0.8533725613625472,0.14661845495176454,1.8750590194901502e-08,25,20,20
4,3084,8.54408473579222e-09,0.8500661684984672,0.149796627376472,0.0001371955809750033,25,20,20
4,3085,1.5770341025889948e-07,0.9086983648446773,0.09130147584768704,1.6042247045741213e-09,25,20,20
4,3086,1.5698131275908098e-07,0.9296577942029564,0.07034204279484274,6.0208883849794595e-09,25,20,20
4,3087,1.5719047984005986e-07,0.8901557320854152,0.109844109951327,7.727771326595508e-10,25,20,20
4,3088,1.5717618729647563e-07,0.8833978737742253,0.11660196858883858,4.6074873608370766e-10,25,20,20
4,3089,3.147279691737424e-07,0.903908216293338,0.09609106810568627,4.0087300627970416e-07,25,20,20
4,3090,7.20035989281167e-09,0.940049252136012,0.059950705135663016,3.552796507001049e-08,25,20,20
4,3091,2.8467098514654884e-08,0.8508287887981401,0.14917054997230372,6.32762457574615e-07,25,20,20
4,3092,2.5037934830630542e-08,0.8888487977821695,0.11115053467317733,6.425067186255916e-07,25,20,20
4,3093,7.328515764512726e-08,0.8039061370350659,0.1960937672053789,2.2474396905695382e-08,25,20,20
4,3094,3.702104720488263e-08,0.8279988832708398,0.17200107363789247,6.070220624652749e-09,25,20,20
4,3095,2.7731866912429926e-08,0.830031987673792,0.16996798257470289,2.0196379294837218e-09,25,20,20
4,3096,2.7799160944828037e-08,0.9408335113430114,0.05916488363747061,1.577220356724076e-06,25,20,20
4,3097,2.9103476068989283e-09,0.9578518571345837,0.0421475134102556,6.26544813099142e-07,25,20,20
4,3098,3.6572376268169847e-09,0.8766215896709688,0.12334741751859367,3.098915319984048e-05,25,20,20
4,3099,8.32624890997716e-11,0.8990119925741205,0.10098798399364073,2.3348976405200027e-08,25,20,20
4,3100,6.788407234390561e-10,0.8622365517067547,0.1377630733088827,3.743055223192197e-07,25,20,20
4,3101,9.64956513964302e-08,0.9146709125194162,0.08532862595914838,3.650257840609257e-07,25,20,20
4,3102,5.4291405019675695e-08,0.8822920907585471,0.11770783715374586,1.7796301824311897e-08,25,20,20
4,3103,5.220055965595581e-08,0.8692587658414833,0.13074116378888914,1.8169067661101367e-08,25,20,20
4,3104,5.153076897212069e-08,0.8490858794133616,0.15091405101873664,1.8037132182806327e-08,25,20,20
4,3105,5.698236693396786e-08,0.9057961180549742,0.09420380704450419,1.791815447997367e-08,25,20,20
4,3106,4.041526059616507e-10,0.887041724922344,0.11294187131343246,1.6403360071109822e-05,25,20,20
4,3107,7.238605653657667e-10,0.9103979377233256,0.08960205550067243,6.052141290769135e-09,25,20,20
4,3108,2.1030869215607863e-06,0.9147963644891477,0.08520090225674833,6.301671819776746e-07,25,20,20
4,3109,4.326536655810828e-10,0.9424365816295276,0.057562774852101414,6.430857172375726e-07,25,20,20
4,3110,3.8696638829362976e-09,0.8865861741622225,0.11341319649387861,6.254742347483661e-07,25,20,20
4,3111,7.026303561171173e-07,0.8621472434673076,0.13783405764188386,1.7996260452596327e-05,25,20,20
4,3112,7.026611994172183e-07,0.9241597255525362,0.07582154124633454,1.8030539929945272e-05,25,20,20
4,3113,3.4428023041737388e-09,0.9615758877466563,0.03842410848074704,3.2979429417424494e-10,25,20,20
4,3114,3.5226318946499013e-09,0.9103135424257062,0.08968547019229596,9.838593652305462e-07,25,20,20
4,3115,1.0545583948789389e-06,0.8023653290754615,0.19763215982384835,1.4565422932753604e-06,25,20,20
4,3116,1.052987868319309e-06,0.8622285418695432,0.13776894236670642,1.4627758809660878e-06,25,20,20
4,3117,1.4930709421573335e-10,0.846965428230171,0.15303358120068247,9.904198385762527e-07,25,20,20
4,3118,3.850721066853816e-08,0.8501466404598957,0.1498523314373658,9.89595527102064e-07,25,20,20
4,3119,3.835117361231266e-08,0.8237057824884603,0.17549960759352826,0.0007945715668373959,25,20,20
4,3120,4.311583359462564e-08,0.8335973695828001,0.16560800037476536,0.0007945869266010496,25,20,20
4,3121,2.141162014426718e-11,0.8517527482155013,0.14824724451553617,7.247550364897685e-09,25,20,20
4,3122,4.968578184838706e-11,0.9290587950227702,0.07094118669639467,1.8231149556094677e-08,25,20,20
4,3123,1.283810678500147e-10,0.9228276521841349,0.07715071431860158,2.1633368882356994e-05,25,20,20
4,3124,6.392766516641935e-11,0.9343126832722523,0.06568729854825105,1.8115569220556897e-08,25,20,20
4,3125,1.7148009330616423e-12,0.8420155158773173,0.1579841953496563,2.8877131077882906e-07,25,20,20
4,3126,6.841402831720253e-10,0.8897498288482448,0.11025016983906831,6.285462548010745e-10,25,20,20
4,3127,6.536776272835021e-11,0.9023756448203519,0.09762435510499762,9.282334725825475e-12,25,20,20
4,3128,2.8156077609613833e-10,0.885340363279482,0.11465961222828738,2.4210670030339706e-08,25,20,20
4,3129,1.2376491849834727e-10,0.9263713445938463,0.07362864325139207,1.2030996528897711e-08,25,20,20
4,3130,6.372023742946768e-11,0.9017909639195598,0.09820902460684205,1.1409877446949903e-08,25,20,20
4,3131,1.1693403450535402e-10,0.9509263209661887,0.04907366045782826,1.8459048491424047e-08,25,20,20
4,3132,1.5584879224303648e-07,0.9081805111834109,0.09181929002249048,4.294530633392119e-08,25,20,20
4,3133,7.557245924351995e-11,0.8880996354336298,0.11190032104650478,4.3444292314224655e-08,25,20,20
4,3134,4.5682271475213966e-11,0.9015615309216659,0.09843844493391737,2.409873413463943e-08,25,20,20
4,3135,3.680871594721867e-09,0.9113008918997297,0.08869908609618134,1.8323216742320432e-08,25,20,20
4,3136,1.493986824587852e-10,0.8919541641804065,0.108045807371534,2.8298660671606893e-08,25,20,20
4,3137,6.277641560704834e-11,0.9565313250857286,0.04346768067524041,9.94176254366011e-07,25,20,20
4,3138,1.822088872993704e-08,0.9360522432188192,0.06394718810509327,5.504551984623374e-07,25,20,20
4,3139,1.543191336758621e-08,0.8086078010255316,0.19139163353663544,5.500059190904345e-07,25,20,20
4,3140,1.3141505336493866e-08,0.7935613737169709,0.206438593961206,1.9180317761764485e-08,25,20,20
4,3141,2.7674893929322542e-11,0.8686272049509779,0.1313727583212386,3.670010864105638e-08,25,20,20
4,3142,3.1428467141342175e-09,0.8950266750004177,0.10497328360031476,3.825642059522525e-08,25,20,20
4,3143,5.380615498622985e-09,0.8841549355730989,0.11584505840299761,6.432877736159758e-10,25,20,20
4,3144,1.5011442885414186e-07,0.7916586427570764,0.20834089923493324,3.0789356128345353e-07,25,20,20
4,3145,9.882149904951139e-12,0.8871198165240535,0.11287988238566288,3.0108040183001036e-07,25,20,20
4,3146,2.7472704177242263e-09,0.948476056113393,0.05152394079475732,3.445791283675918e-10,25,20,20
4,3147,2.8196148373277657e-09,0.9233438541130361,0.07665519253635822,9.505309904506603e-07,25,20,20
4,3148,5.469066588545042e-09,0.9434811257870082,0.05651884523142331,2.3512502064340454e-08,25,20,20
4,3149,2.7590600654989892e-09,0.9157904826692791,0.08420850805639352,1.0065152669913228e-06,25,20,20
4,3150,1.46669213529809e-11,0.8177627055492469,0.18223630602565188,9.884104334714736e-07,25,20,20
4,3151,8.470255157566189e-10,0.7966548707346832,0.2033451226677445,5.750546486977718e-09,25,20,20
4,3152,8.625235081301769e-08,0.8787395659468338,0.12126034697371235,8.271026664978138e-10,25,20,20
4,3153,8.691313042692083e-08,0.8303201232843307,0.16967977168137124,1.812116767458871e-08,25,20,20
4,3154,3.3351534649714925e-11,0.8559266559736914,0.14405017614193077,2.3167851026137765e-05,25,20,20
4,3155,6.5658558225953715e-12,0.9457543447625829,0.05422249409138022,2.3161139471073116e-05,25,20,20
4,3156,7.597876755247121e-10,0.9268028242445102,0.07317399562032899,2.3179375373373897e-05,25,20,20
4,3157,2.762330513438442e-09,0.9198352614109677,0.08016472041782839,1.5408873125715242e-08,25,20,20
4,3158,2.911767693318731e-09,0.874197150910112,0.12580279369922695,5.2478893345179345e-08,25,20,20
4,3159,2.3372058457731226e-08,0.9150958147178737,0.08490416064347941,1.2665882632544515e-09,25,20,20
4,3160,2.0683467202045823e-08,0.9476454197510344,0.05235455892574039,6.397576422192056e-10,25,20,20
4,3161,2.0660183297169317e-08,0.8360007073898962,0.16399927059954997,1.350370074641339e-09,25,20,20
4,3162,1.1804191874426976e-07,0.8179147837493984,0.18208508666924586,1.1539437073757687e-08,25,20,20
4,3163,2.703474548633418e-06,0.7636922461139776,0.23630503828697144,1.2124500891621313e-08,25,20,20
4,3164,2.2036807630801238e-06,0.854329251268931,0.1456681909823127,3.5406799296746125e-07,25,20,20
4,3165,3.1577723469339817e-09,0.912739081110328,0.08726091533626201,3.9563802088452275e-10,25,20,20
4,3166,2.152278392965969e-08,0.926149780486691,0.07385017059846408,2.7392061073667452e-08,25,20,20
4,3167,7.756928142351057e-10,0.9487829782451953,0.05121700213290764,1.8846204005680022e-08,25,20,20
4,3168,1.2145096970125089e-06,0.8914034172093835,0.1085949848218562,3.834590632936342e-07,25,20,20
4,3169,1.5143089124305857e-09,0.9683777564491264,0.03162224122552541,8.110394480627208e-10,25,20,20
4,3170,2.557149744589737e-08,0.8971092880990069,0.10289068495628198,1.3732135914392191e-09,25,20,20
4,3171,1.56391732174983e-09,0.8457854075730138,0.15419948158033855,1.5109282730330022e-05,25,20,20
4,3172,1.56901692114274e-09,0.8207570693851218,0.17924218250198773,7.46543873476857e-07,25,20,20
4,3173,1.5866047857295395e-07,0.8011043448486792,0.19889507848801233,4.1800282944838256e-07,25,20,20
4,3174,7.525648844740202e-10,0.8729910385101098,0.12700776423532123,1.196502004072374e-06,25,20,20
4,3175,8.054764529599427e-10,0.8883823901614711,0.11161759838118002,1.0651871790042212e-08,25,20,20
4,3176,8.968192377019773e-10,0.9224559518475032,0.07754404060817742,6.647499688753469e-09,25,20,20
4,3177,1.1582535046497908e-09,0.827373034520052,0.1725642373902508,6.27269314435507e-05,25,20,20
4,3178,1.1155335760774992e-09,0.9013722628680939,0.09862773526671485,7.496575054821167e-10,25,20,20
4,3179,3.4958398486400027e-09,0.8790303825856636,0.12096959554057829,1.837791823986632e-08,25,20,20
4,3180,5.128917160651084e-10,0.8894512329988831,0.11054875524049652,1.1247728614213073e-08,25,20,20
4,3181,2.0187319407637165e-09,0.908003712586135,0.09199626464335195,2.0751781269150035e-08,25,20,20
4,3182,1.5681222160404222e-09,0.8112132695244998,0.1887867125213813,1.6385996310430485e-08,25,20,20
4,3183,3.769442809017086e-10,0.8913188199433268,0.10868117215834106,7.521387645457334e-09,25,20,20
4,3184,4.34043329868265e-10,0.8933262719489359,0.10667370920164496,1.841537518395083e-08,25,20,20
4,3185,5.178539338848355e-11,0.9596222765330503,0.040377704690716075,1.8724447684846066e-08,25,20,20
4,3186,9.922309029001579e-11,0.9238863368187077,0.07611366276651284,3.155561977385897e-10,25,20,20
4,3187,1.8399912837673355e-09,0.921835160434782,0.0781638864726256,9.512526006994875e-07,25,20,20
4,3188,8.1725853583869e-10,0.9410308295845844,0.05896915145077561,1.8147381380779942e-08,25,20,20
4,3189,2.5051687027618738e-08,0.8654488717584699,0.13451620144766227,3.490174218075225e-05,25,20,20
4,3190,2.7771473062321716e-08,0.9253161206508297,0.07468385072966705,8.480300219613563e-10,25,20,20
4,3191,1.1763129510072702e-09,0.9105496274132467,0.08945037106615718,3.442830099936495e-10,25,20,20
4,3192,3.4010139738327767e-09,0.8596366173565856,0.1403630097345511,3.6950784911750683e-07,25,20,20
4,3193,4.4227913217182773e-10,0.8541390107374116,0.14586055497626702,4.338440420512508e-07,25,20,20
4,3194,2.0202248369190383e-11,0.915897453870302,0.08410254567456009,4.349358486139135e-10,25,20,20
4,3195,1.0188939937058833e-09,0.8656393239117051,0.13436067494445741,1.2494322164640955e-10,25,20,20
4,3196,2.2316633819614692e-10,0.9315999093375887,0.06840007222255168,1.8216692794602287e-08,25,20,20
4,3197,2.1287605386529865e-08,0.9470890298061699,0.052910915005560465,3.390066449041895e-08,25,20,20
4,3198,1.100711494885937e-09,0.8655000311075637,0.13449995006283064,1.772889352503104e-08,25,20,20
4,3199,2.8285132984112247e-09,0.8654261064975419,0.13457351953963598,3.7113430810825047e-07,25,20,20
4,3200,5.40846925524672e-11,0.896737160256326,0.10326246927973436,3.7040985426056406e-07,25,20,20
4,3201,5.068221297054985e-06,0.9036984653158052,0.09629644826298256,1.819991443815356e-08,25,20,20
4,3202,3.759900598820428e-09,0.8520630192876351,0.1479369462697699,3.0682693189186406e-08,25,20,20
4,3203,1.9117596153961592e-11,0.902717557343934,0.09728146938486057,9.732520874161357e-07,25,20,20
4,3204,8.75624744879449e-06,0.8613171747522184,0.13867405109829725,1.790203498534216e-08,25,20,20
4,3205,8.886903246086596e-08,0.9127239059579257,0.08727543492506351,5.702479785251626e-07,25,20,20
4,3206,1.2055882895795047e-06,0.8682335731251288,0.13174938457567095,1.583671091028963e-05,25,20,20
4,3207,8.886487815440053e-08,0.8172237849642403,0.18275990854637902,1.6217624502515978e-05,25,20,20
4,3208,9.160185759733201e-08,0.892894940356669,0.10708911442750166,1.5853613971731165e-05,25,20,20
4,3209,1.5582311469241718e-08,0.9168248838390369,0.08317508273853949,1.7840111564351492e-08,25,20,20
4,3210,1.5680853512284778e-08,0.9180838225154416,0.0819161436570104,1.814669421859035e-08,25,20,20
4,3211,2.1837254071820794e-06,0.9105454803902948,0.08945227850810207,5.737619572462391e-08,25,20,20
4,3212,1.1538601045307407e-10,0.8880093081249782,0.11199068541967014,6.339965241840202e-09,25,20,20
4,3213,2.864522435163707e-09,0.8242991102092878,0.17569990295416385,9.83972025891822e-07,25,20,20
4,3214,2.3025838184714545e-08,0.8758778601047755,0.12412210675767009,1.011171661869653e-08,25,20,20
4,3215,7.532642405143905e-10,0.9331762067267023,0.0668237741490326,1.837100080121796e-08,25,20,20
4,3216,1.950894095173097e-07,0.8337661123215243,0.16623204390751134,1.6486815542552549e-06,25,20,20
4,3217,1.976939795557147e-07,0.7815989702459177,0.21839983572763583,9.963324656770737e-07,25,20,20
4,3218,1.5202386900211352e-07,0.8972102788715232,0.10278857412386504,9.949807427678816e-07,25,20,20
4,3219,4.300638834669277e-08,0.8563193577217468,0.14368056350839764,3.5763467483903154e-08,25,20,20
4,3220,3.273148202808517e-08,0.8886600623358859,0.07594653885374891,0.035393366078883104,25,20,20
4,3221,2.8545014428704344e-09,0.8741321265195987,0.12586690183642568,9.687894736268564e-07,25,20,20
4,3222,4.565811246628253e-09,0.7797138533265019,0.22028612440251955,1.770516665470109e-08,25,20,20
4,3223,6.418509867900623e-11,0.9220755637064275,0.07792414651519308,2.897141944555977e-07,25,20,20
4,3224,7.060360027227511e-05,0.8598111111833502,0.14011798592869995,2.99287677547167e-07,25,20,20
4,3225,6.246948260986925e-05,0.8854506227317097,0.11448689790151834,9.8841623442159e-09,25,20,20
4,3226,6.24807649819683e-05,0.8410606925155311,0.1588768071658013,1.955368520549486e-08,25,20,20
4,3227,6.251221208874189e-05,0.8816697565086608,0.11825210242544566,1.5628853804781785e-05,25,20,20
4,3228,9.076771687621842e-12,0.9569028295858776,0.04309716051143697,9.893608761538249e-09,25,20,20
4,3229,1.1182142986747153e-09,0.9416525857692203,0.05834739460901358,1.850355166045431e-08,25,20,20
4,3230,6.996715671466497e-10,0.962435099037647,0.037564899618339476,6.443422911915547e-10,25,20,20
4,3231,1.416986126984819e-09,0.9525085563009322,0.047491440422297186,1.8597846024712922e-09,25,20,20
4,3232,6.857761645118809e-10,0.8982262681606867,0.10177373004993427,1.1036027860135786e-09,25,20,20
4,3233,3.4534830739167624e-09,0.922745857404544,0.07725413772802807,1.4139447111215346e-09,25,20,20
4,3234,4.365858356889781e-10,0.848601480731054,0.15139819944636967,3.1938599029756994e-07,25,20,20
4,3235,2.6582435463236677e-09,0.8511396356202464,0.14886005386465578,3.0785685384251913e-07,25,20,20
4,3236,0.0006499238514899139,0.8607570457807857,0.1385178680163956,7.516235132848277e-05,25,20,20
4,3237,4.2250041289597236e-10,0.8439398056826455,0.15605898444008093,1.2094547726935369e-06,25,20,20
4,3238,6.390865810495254e-08,0.8509659100310409,0.1490333457619544,6.802983465963669e-07,25,20,20
4,3239,0.0008089180894849377,0.71459892367923,0.2842283223797675,0.0003638358515169793,25,20,20
4,3240,4.5477677529495837e-07,0.8608571340277039,0.1391411665500979,1.2446454233660383e-06,25,20,20
4,3241,2.1767767635656612e-08,0.8139304923257384,0.18606948563313186,2.7336237877203175e-10,25,20,20
4,3242,1.049070381906376e-08,0.9034063654910366,0.09659361893063285,5.087626833613389e-09,25,20,20
4,3243,2.1906837522310317e-11,0.9440944981767011,0.05590545620986024,4.559153166965173e-08,25,20,20
4,3244,5.451508016061243e-09,0.8981310074635411,0.10186846712124317,5.199637077240964e-07,25,20,20
4,3245,6.99921956127432e-11,0.8399854476014478,0.16001405016199693,5.02166562892076e-07,25,20,20
4,3246,2.8236280245458165e-09,0.8899748001045475,0.11002519673028316,3.4154127808100163e-10,25,20,20
4,3247,1.4007489752675822e-10,0.8525045026229344,0.14749549687944455,3.575461917824372e-10,25,20,20
4,3248,4.765810793627399e-11,0.9027875807271621,0.09721241868957316,5.356068494452321e-10,25,20,20
4,3249,9.314566546733438e-10,0.9120673129706148,0.08793135505799292,1.3310399353341523e-06,25,20,20
4,3250,4.0331531221677455e-08,0.7954919149472687,0.20441469414359648,9.335057760278542e-05,25,20,20
4,3251,1.3757584979704766e-08,0.810371267786948,0.18962841070412,3.077513461693042e-07,25,20,20
4,3252,1.268779029473976e-08,0.9125070073621859,0.08749265401897334,3.2593105025787797e-07,25,20,20
4,3253,1.6255151742996827e-09,0.8851632078092868,0.1148367899188093,6.463887371097096e-10,25,20,20
4,3254,1.5765853349590478e-09,0.8684626585725589,0.1315226104425061,1.4729408349349901e-05,25,20,20
4,3255,1.6409686030367921e-09,0.7903236623871218,0.2096763349178132,1.0540955397427281e-09,25,20,20
4,3256,6.759330025214382e-10,0.9717611732295316,0.028238790764444757,3.533009090684017e-08,25,20,20
4,3257,9.652800792973658e-08,0.9616004400288682,0.03839944593474723,1.7508376713311963e-08,25,20,20
4,3258,1.3711533856619613e-12,0.9643823797365775,0.03561761992254122,3.3951018097589567e-10,25,20,20
4,3259,1.5888500666301496e-07,0.9430390484077019,0.05696077497113303,1.7736158156004816e-08,25,20,20
4,3260,1.5278999676525424e-07,0.9262194077182779,0.07378042154809371,1.7943631650404595e-08,25,20,20
4,3261,9.866769486893105e-08,0.9463423254154667,0.05365757554665719,3.7018145177468406e-10,25,20,20
4,3262,5.237017001578239e-11,0.9060782232868198,0.0939217582917211,1.836908903676622e-08,25,20,20
4,3263,9.490989230711987e-11,0.9126410389543019,0.08735894351071007,1.7440077863730472e-08,25,20,20
4,3264,7.98951755516493e-11,0.880518492838609,0.11948150695603901,1.2545683592820903e-10,25,20,20
4,3265,2.17662710383442e-06,0.8658228382733593,0.13417433574454052,6.493549962497642e-07,25,20,20
4,3266,2.726039179011839e-10,0.848197884508201,0.1518014776060815,6.376131135273682e-07,25,20,20
4,3267,5.361269284776462e-12,0.9488927742736557,0.05110657613412913,6.495868542173803e-07,25,20,20
4,3268,2.716740494469543e-09,0.9417826151138065,0.05821674985978478,6.323096678475688e-07,25,20,20
4,3269,7.437972075447885e-10,0.932950651291709,0.06704934224877059,5.715722656764372e-09,25,20,20
4,3270,7.465198701193911e-10,0.8804273619711082,0.11957263137246016,5.909911843729389e-09,25,20,20
4,3271,7.454252843015775e-10,0.9403321087227002,0.05966788894438509,1.5874889431767575e-09,25,20,20
4,3272,1.5197338561956107e-11,0.9644785846327549,0.03552139684630642,1.850574108380887e-08,25,20,20
4,3273,1.6693869851197003e-10,0.9217513013281683,0.07824803039412359,6.681107691737505e-07,25,20,20
4,3274,6.548987238548676e-11,0.8595095522616625,0.14049041685944566,3.0813402075683474e-08,25,20,20
4,3275,8.972866119926823e-11,0.8915759484615532,0.1084236801158514,3.713328664229892e-07,25,20,20
4,3276,4.318243449752318e-10,0.8545951182854093,0.14538685263674034,1.802864602572857e-05,25,20,20
4,3277,3.392353651431629e-08,0.8853812337312522,0.11180440504383853,0.0028143273013726826,25,20,20
4,3278,2.7331967965469384e-11,0.9247015114747275,0.07529793504849586,5.534494442327391e-07,25,20,20
4,3279,0.0002766354239626357,0.8690395738730377,0.13065215101300476,3.1639689995228156e-05,25,20,20
4,3280,1.3499703133676302e-11,0.9917517092196161,0.00824827291787868,1.7849005758226186e-08,25,20,20
4,3281,1.776443494374543e-09,0.9376624840113901,0.06233747799228788,3.621987852408085e-08,25,20,20
4,3282,1.7785444486389664e-09,0.8878421195805484,0.11215689255249113,9.860884157566153e-07,25,20,20
4,3283,6.497771835355466e-08,0.8234368004223582,0.17656215657203947,9.780278831604139e-07,25,20,20
4,3284,5.1604993306368074e-11,0.9355100064431937,0.06448902475463437,9.68750566956219e-07,25,20,20
4,3285,1.921655223874989e-11,0.9166345894452052,0.08336502165707983,3.888784990264239e-07,25,20,20
4,3286,7.09042819626291e-10,0.8813277434563977,0.11867186822591431,3.8760864537474016e-07,25,20,20
4,3287,3.774180096058191e-09,0.9288906539480495,0.07110896068455103,3.815932194837424e-07,25,20,20
4,3288,3.0995475397451307e-09,0.864746120523944,0.1352534951136913,3.812628172634468e-07,25,20,20
4,3289,3.5374937477153406e-08,0.8596118572312713,0.1403683475648802,1.975982891094288e-05,25,20,20
4,3290,8.716206665467955e-10,0.9141052773599269,0.08589470294823565,1.882021706588438e-08,25,20,20
4,3291,3.5650246505461414e-09,0.9291094330723588,0.07089056226508349,1.0975327332653172e-09,25,20,20
4,3292,8.817815631247382e-11,0.928763931099284,0.07123606808838832,7.241492019531188e-10,25,20,20
4,3293,2.09786787399486e-08,0.865921053754203,0.1340789252248788,4.2238922460220544e-11,25,20,20
4,3294,3.075759271398281e-11,0.8855196690852151,0.11448029487042195,3.6013605200751167e-08,25,20,20
4,3295,1.8608419097836985e-09,0.8907828045234081,0.10921719150700959,2.108740154651117e-09,25,20,20
4,3296,6.82782965381944e-11,0.8621532529593483,0.13784674690826101,6.411190597338327e-11,25,20,20
4,3297,2.3642532668443186e-08,0.8650851895060387,0.1349142117103571,5.751410710827888e-07,25,20,20
4,3298,2.2507860570043198e-08,0.8391317266484567,0.1608676691871313,5.816565505584305e-07,25,20,20
4,3299,4.548909245421408e-10,0.8349048804026039,0.16509510144828585,1.7694219266195138e-08,25,20,20
4,3300,6.112305190597253e-10,0.8634625872613255,0.13653740073206355,1.1395380282686454e-08,25,20,20
4,3301,1.8110325501329106e-09,0.8294163547050506,0.17058363179977523,1.1684141686401552e-08,25,20,20
4,3302,4.026332642804002e-09,0.8996351989805019,0.10036381989265958,9.771005055841463e-07,25,20,20
4,3303,3.3971404996244396e-09,0.946995803903035,0.053004175503440845,1.719638327425316e-08,25,20,20
4,3304,5.560350989749469e-09,0.9908078075263309,0.009192152132030923,3.478128722262433e-08,25,20,20
4,3305,5.624589243147113e-06,0.8747836127298227,0.12521074479458566,1.7886347966034333e-08,25,20,20
4,3306,9.94419221968498e-08,0.8537961794881642,0.14618262471537702,2.10963545364604e-05,25,20,20
4,3307,2.429268073410001e-07,0.9269178273990746,0.07308188516111933,4.451299812601754e-08,25,20,20
4,3308,4.309631336620773e-08,0.7862921723568158,0.21369305480714387,1.4729739726909409e-05,25,20,20
4,3309,2.8218329408397995e-09,0.9091470429391179,0.09085295359654491,6.425043864635706e-10,25,20,20
4,3310,2.0807123731951464e-06,0.912062833108854,0.0879341509286537,9.352501187120576e-07,25,20,20
4,3311,2.8121067010900486e-09,0.9426831241676459,0.057316854514331404,1.8505915988115483e-08,25,20,20
4,3312,1.9943161608685883e-10,0.9204406047553947,0.07955938317439921,1.1870774351785022e-08,25,20,20
4,3313,5.045856462587386e-06,0.7940632982399235,0.2059316385028546,1.740075864016565e-08,25,20,20
4,3314,3.256414909362548e-10,0.8799214172073937,0.12007855831350653,2.4153457974534304e-08,25,20,20
4,3315,1.5234453328146598e-07,0.9029775644092035,0.09702161250174593,6.707445167773425e-07,25,20,20
4,3316,2.091758453330089e-09,0.9493889164923721,0.05061043201066889,6.494052003985153e-07,25,20,20
4,3317,8.174290012025298e-08,0.8616636282415138,0.13833574428907197,5.457265138712449e-07,25,20,20
4,3318,6.312557805026755e-11,0.8786654389793251,0.12133454314546217,1.781208702675463e-08,25,20,20
4,3319,4.1932808383962166e-08,0.8798264299877931,0.12017250682257455,1.021256823787863e-06,25,20,20
4,3320,2.3206159075645482e-07,0.9014951240375675,0.09850464295414026,9.467015161829957e-10,25,20,20
4,3321,1.4845186672496221e-07,0.9331771715498511,0.06682172947916735,9.505191144698787e-07,25,20,20
4,3322,7.193878551060758e-11,0.8808377240012766,0.11915920148856446,3.074438220189573e-06,25,20,20
4,3323,1.1036264473003606e-10,0.8873370626553494,0.11266293709785719,1.3643031511434264e-10,25,20,20
4,3324,3.314308504183079e-06,0.8038448041370668,0.1961515022173198,3.7933710929416163e-07,25,20,20
4,3325,1.5313903640855883e-07,0.9004356655401338,0.09956418097306223,3.477672442799078e-10,25,20,20
4,3326,1.5354129458223514e-07,0.8142133037033906,0.18578587556378298,6.671915317939983e-07,25,20,20
4,3327,3.1472148158709597e-06,0.8695529766276021,0.13044264740933384,1.228748247680651e-06,25,20,20
4,3328,7.370111402159726e-11,0.8618086350192976,0.13819011880905607,1.2460979447020393e-06,25,20,20
4,3329,7.2349318788149845e-12,0.8885437147525853,0.11145475059978238,1.5346403971223154e-06,25,20,20
4,3330,2.3134358503084819e-07,0.8628646562222388,0.13713470538905842,4.0704511723464285e-07,25,20,20
4,3331,6.900352284217476e-10,0.9290985491547025,0.07090116036060512,2.897946569128101e-07,25,20,20
4,3332,1.8698396999023532e-11,0.8445038087625347,0.15549589626099636,2.949577699373127e-07,25,20,20
4,3333,3.9595325922365833e-08,0.88701794209967,0.11292397576356256,5.804254144111182e-05,25,20,20
4,3334,7.450236601764302e-10,0.9286009175982493,0.0713729571502596,2.6124506466981766e-05,25,20,20
4,3335,4.1458946049293816e-10,0.9089044535976346,0.0910949054041995,6.405835761663218e-07,25,20,20
4,3336,2.1638514566051917e-06,0.9388816202590469,0.06111618039893828,3.549055809021579e-08,25,20,20
4,3337,4.1448453718817224e-10,0.9159534355406298,0.08404652795735125,3.608753404051707e-08,25,20,20
4,3338,5.608313015583713e-06,0.8762593703782123,0.12370427720756232,3.0744101209632095e-05,25,20,20
4,3339,4.877455328518323e-10,0.8466312316636508,0.1533380361195759,3.07317290275374e-05,25,20,20
4,3340,1.1583576158440319e-09,0.9204690431805349,0.0795002114936431,3.07441674643801e-05,25,20,20
4,3341,1.210873637325044e-09,0.9170477869532455,0.08291729220304271,3.491963283799657e-05,25,20,20
4,3342,8.013678716143113e-10,0.9322822603936315,0.06771678189841628,9.56906584002556e-07,25,20,20
4,3343,1.1614318577740057e-10,0.8623267670256836,0.13767320177552703,3.108264556923993e-08,25,20,20
4,3344,2.762259092220943e-09,0.9144285263053039,0.08557079396457254,6.769678643789059e-07,25,20,20
4,3345,1.731066412003462e-12,0.9558624643960537,0.04413689399548525,6.416067301297377e-07,25,20,20
4,3346,2.3457066444846333e-10,0.8975431694728883,0.10245589135806508,9.389344761007237e-07,25,20,20
4,3347,2.2382312218535767e-07,0.84482710020233,0.15517233755571527,3.384188314553497e-07,25,20,20
4,3348,2.089386559819473e-09,0.8710538385537001,0.12894577752959777,3.8182731505601643e-07,25,20,20
4,3349,3.3227215238941306e-09,0.9014014040258361,0.09859821090458737,3.8174685465868253e-07,25,20,20
4,3350,3.8737273359663387e-10,0.9381790976084595,0.061819933889300245,9.681148675818607e-07,25,20,20
4,3351,8.727385697661473e-06,0.941103799248083,0.058886487748339295,9.856178800010577e-07,25,20,20
4,3352,5.6749616828527866e-05,0.8459773865369294,0.15396582892562466,3.4920617177117785e-08,25,20,20
4,3353,8.751016576803769e-06,0.8651700751728828,0.13482115599920294,1.7811337382284446e-08,25,20,20
4,3354,3.956799812020558e-08,0.9276762454376282,0.0723237143473157,6.470580583554819e-10,25,20,20
4,3355,3.953611471889068e-08,0.9634440982089864,0.03655586129493189,9.599675144715285e-10,25,20,20
4,3356,2.108393126845416e-10,0.9073958168311301,0.09260418230334315,6.546870028837518e-10,25,20,20
4,3357,1.2082883561328032e-09,0.8968524975866944,0.10314713639710582,3.648079117411624e-07,25,20,20
4,3358,2.726164930642249e-10,0.9158770478248769,0.08412295137906069,5.234459218221826e-10,25,20,20
4,3359,4.754339172828279e-10,0.9308769634167093,0.06912303576514005,3.4271646185371013e-10,25,20,20
4,3360,5.109266219744793e-10,0.9270051950815892,0.0729948040689667,3.3851748230238277e-10,25,20,20
4,3361,6.200384799150257e-11,0.9375225359445962,0.062477463049433794,9.43966155424388e-10,25,20,20
4,3362,1.4325592413443337e-11,0.864539468305687,0.135460513438071,1.8241916168953276e-08,25,20,20
4,3363,5.0051641921514796e-08,0.9346914399055963,0.06530848626266111,2.3780100874541365e-08,25,20,20
4,3364,6.579947951706278e-11,0.9069710604587209,0.09302892096765071,1.8507829402786157e-08,25,20,20
4,3365,8.899719270611983e-11,0.8759969132255243,0.12400180063032215,1.2860551562490677e-06,25,20,20
4,3366,3.470754059374262e-09,0.831193803341257,0.1688055169364505,6.762515383111638e-07,25,20,20
4,3367,6.736674881924392e-08,0.8765821841253891,0.12341774753728035,9.705819114080963e-10,25,20,20
4,3368,6.671661128856726e-08,0.9152135835152948,0.08478634849760251,1.2704917246832243e-09,25,20,20
4,3369,4.521933396659553e-08,0.9034104626789329,0.09658917321914869,3.188825843400841e-07,25,20,20
4,3370,4.531297491321024e-08,0.881202200821837,0.11879746475348998,2.89111697858174e-07,25,20,20
4,3371,1.4868160633103617e-11,0.9123080860930491,0.08769128117459504,6.327174874962398e-07,25,20,20
4,3372,6.961177901567883e-08,0.7783190980880441,0.22063065545869232,0.0010501768414842333,25,20,20
4,3373,2.6110235563351096e-10,0.9409624757953513,0.05903750093886285,2.3004683204255948e-08,25,20,20
4,3374,3.937706592249397e-08,0.9039806154417823,0.09601932166376835,2.3517383186506442e-08,25,20,20
4,3375,2.926359765017576e-06,0.9176194147461061,0.08237765257738058,6.316748369731248e-09,25,20,20
4,3376,6.249131014474063e-09,0.9260202788615038,0.07397970737916937,7.510195384938141e-09,25,20,20
4,3377,6.217729724019611e-09,0.9329013348069632,0.06709865222826976,6.747036851162696e-09,25,20,20
4,3378,2.8851314158400633e-09,0.9428928950506354,0.05710710108478235,9.794506002925045e-10,25,20,20
4,3379,1.1812252288833912e-07,0.8991267447148644,0.10087215424891254,9.829137002215231e-07,25,20,20
4,3380,5.042791956416043e-11,0.9653366667463475,0.034663315015810714,1.8187413592303202e-08,25,20,20
4,3381,1.0429394794420112e-10,0.875468661053512,0.12453131606603283,2.2776160922893787e-08,25,20,20
4,3382,1.1557784073145494e-10,0.8901570536393036,0.10984294057273017,5.672387988938745e-09,25,20,20
4,3383,1.2818638330938373e-09,0.8055796589704074,0.19442031643684943,2.3310879008223595e-08,25,20,20
4,3384,1.3719928576866311e-06,0.8552465070110871,0.14475197955312863,1.414429261474841e-07,25,20,20
4,3385,6.850592717817182e-11,0.8997849767339661,0.10021444090773983,5.822897874406611e-07,25,20,20
4,3386,2.0134986224038875e-11,0.9440871073056911,0.055911907164459415,9.855097143458533e-07,25,20,20
4,3387,4.698362751036228e-10,0.9058004904126006,0.09419946709591162,4.2021651307405556e-08,25,20,20
4,3388,2.644213491145284e-10,0.9365083732290009,0.0634916193624634,7.144114404174602e-09,25,20,20
4,3389,2.638547011839871e-10,0.9037903169496928,0.09620965377546283,2.9010989920364607e-08,25,20,20
4,3390,9.497033681057519e-11,0.8727871826243289,0.12721278929721166,2.798348945124775e-08,25,20,20
4,3391,3.5819054091885347e-09,0.9202072844443806,0.0797916867575825,1.0252161312427098e-06,25,20,20
4,3392,4.575989731618318e-11,0.930516189689563,0.06948279187480894,1.018389868099374e-06,25,20,20
4,3393,1.563782934604324e-10,0.9587605020875071,0.041239479017319905,1.8738794600139913e-08,25,20,20
4,3394,1.937950930961546e-08,0.9124449288910157,0.08755453868707948,5.130423951175599e-07,25,20,20
4,3395,3.896351506160439e-08,0.9318792865039458,0.06812063367243068,4.0860108226808257e-08,25,20,20
4,3396,3.896585495318309e-08,0.9220842196953443,0.0779150862175236,6.551212772659909e-07,25,20,20
4,3397,0.03945995121853068,0.731220782829202,0.22931925867326985,7.278997640174991e-09,25,20,20
4,3398,5.236946956951017e-09,0.8433990267212761,0.15660093366919592,3.4372581201496606e-08,25,20,20
4,3399,8.07265799199746e-09,0.7881793235310933,0.21179406126356365,2.660713268457942e-05,25,20,20
4,3400,2.3826042884945924e-06,0.8523562659299246,0.1476413437971388,7.668647430539456e-09,25,20,20
4,3401,3.553773500823472e-10,0.8919509015195709,0.10804872648250885,3.716425430590174e-07,25,20,20
4,3402,7.905894707030498e-10,0.890699980952353,0.10929998733961091,3.0917446647940104e-08,25,20,20
4,3403,3.0169826461266015e-09,0.7917667978863769,0.20823319196153275,7.135107240177829e-09,25,20,20
4,3404,5.069130365322317e-06,0.7329078225114819,0.267051229658062,3.5878700091109465e-05,25,20,20
4,3405,1.6653555930050764e-09,0.7558350263502831,0.2441628636617056,2.108322655543327e-06,25,20,20
4,3406,1.4435599938549023e-10,0.8033387651606607,0.1966449312388449,1.6303456138740023e-05,25,20,20
4,3407,1.3231100623298184e-10,0.9185602518971432,0.08143908717530982,6.60795235985046e-07,25,20,20
4,3408,1.0434814858202753e-10,0.9343469472273379,0.0656530338120701,1.8856243881240057e-08,25,20,20
4,3409,2.9307640581505046e-09,0.9352392216914213,0.0647607505151677,2.4862646930494302e-08,25,20,20
4,3410,2.8199670491514848e-09,0.9641841108374228,0.035815850656310884,3.568629881614619e-08,25,20,20
4,3411,6.964065311854675e-08,0.8770366649341328,0.12296224668149756,1.0187437165897677e-06,25,20,20
4,3412,5.878646323691953e-09,0.8990335859535286,0.10096639038323174,1.7784593640419886e-08,25,20,20
4,3413,9.250820422452039e-06,0.8442985827514992,0.15569213633818785,3.0089890486181193e-08,25,20,20
4,3414,7.380250190032565e-10,0.9689660041970108,0.03103399440863725,6.56327023163192e-10,25,20,20
4,3415,6.761848788547443e-11,0.8849657321788643,0.11501953419460746,1.473355891029391e-05,25,20,20
4,3416,7.476081261502061e-11,0.9505408458315698,0.049459135674755045,1.8418914223517582e-08,25,20,20
4,3417,2.7239365572098484e-11,0.9563711855383894,0.04362877421824635,4.021612467155193e-08,25,20,20
4,3418,2.2346064250026838e-10,0.9451819422165499,0.05481802242170594,3.5138282921958786e-08,25,20,20
4,3419,1.7064707642375676e-10,0.9164575086336358,0.0835421843124113,3.0688330593061094e-07,25,20,20
4,3420,7.249340532091453e-10,0.954455925786399,0.045544055860589384,1.762807770099583e-08,25,20,20
4,3421,1.8023091279419637e-11,0.7797214581270673,0.22027818464719637,3.572077129674375e-07,25,20,20
4,3422,2.1241136515784783e-10,0.9154624246686218,0.08453754003384922,3.508511763670236e-08,25,20,20
4,3423,2.756748885125447e-09,0.9539733438590033,0.046025660387896725,9.92996350991118e-07,25,20,20
4,3424,1.8014089096578764e-09,0.9476083962146586,0.05239158436882446,1.7615107842643616e-08,25,20,20
4,3425,1.85320290730164e-09,0.8880120595639639,0.11198764909376424,2.8948906912454904e-07,25,20,20
4,3426,1.8049717397243203e-09,0.895194486636762,0.10480550327405144,8.284214724792524e-09,25,20,20
4,3427,1.612078735372373e-09,0.9713198553307636,0.02868014193906492,1.1180926559114872e-09,25,20,20
4,3428,5.159674569481284e-11,0.8646845167208429,0.13531511213271863,3.7109484171071957e-07,25,20,20
4,3429,2.181392199613299e-12,0.9083279356973211,0.09167205726776217,7.032735249168269e-09,25,20,20
4,3430,8.530702632649328e-08,0.883209533815716,0.11679034841836732,3.245889016908788e-08,25,20,20
4,3431,2.3507154837689338e-11,0.9062500462281099,0.09374894757909073,1.0061692918570755e-06,25,20,20
4,3432,2.804909089258146e-09,0.9499336845150326,0.050065294387208914,1.0182928493152354e-06,25,20,20
4,3433,2.740496400003e-08,0.8866742816383228,0.11332467701757246,1.0139391399466344e-06,25,20,20
4,3434,2.8062087159507926e-08,0.8988587243272839,0.10114027429402808,9.733166002001072e-07,25,20,20
4,3435,5.3766148464430576e-11,0.9454483627873194,0.05455161856458611,1.859432853710849e-08,25,20,20
4,3436,3.584598639930818e-09,0.8914209475139018,0.10857847952698865,5.693745110297266e-07,25,20,20
4,3437,1.6097820661016919e-09,0.9010830661452579,0.09891636318526185,5.690596977620492e-07,25,20,20
4,3438,8.400030202850698e-10,0.9212725176573409,0.07872748083607908,6.665771296273863e-10,25,20,20
4,3439,0.0009241643381228044,0.820919778053217,0.1781559290744639,1.2853419592533296e-07,25,20,20
4,3440,2.1868622098994157e-10,0.9094532358562119,0.09054673980153977,2.4123562730419722e-08,25,20,20
4,3441,9.565305649673577e-10,0.9070312839677335,0.09296869034344672,2.473228927368838e-08,25,20,20
4,3442,5.3370866295354584e-11,0.9333806206904325,0.06661931932529153,5.993090521207028e-08,25,20,20
4,3443,1.2113403530148152e-09,0.9360884645273327,0.06391149792778754,3.633353898678025e-08,25,20,20
4,3444,7.538443534318905e-10,0.8809972698916788,0.11900243229922884,2.9705524743561195e-07,25,20,20
4,3445,2.127676465774198e-11,0.9581328906996649,0.04186709140625057,1.7872807962954245e-08,25,20,20
4,3446,2.4172689596268164e-09,0.9746330240041542,0.025366972944037062,6.345396764312731e-10,25,20,20
4,3447,3.0146138322440894e-09,0.9368837492574893,0.06311622967280234,1.8055094372091934e-08,25,20,20
4,3448,4.4099736895395887e-10,0.8929658654034273,0.1070341220064426,1.2149132497848524e-08,25,20,20
4,3449,5.742258753213904e-10,0.9392602894048102,0.06073970934318178,6.777822326085887e-10,25,20,20
4,3450,2.022006151463558e-10,0.869604389776531,0.13027561768173,0.0001199923395382374,25,20,20
4,3451,3.5878646571826243e-07,0.8323609511947003,0.13779177718341837,0.02984691283541531,25,20,20
4,3452,9.389046744523553e-10,0.8639540091740965,0.13604593783687435,5.205012427606711e-08,25,20,20
4,3453,9.067949859704854e-10,0.8880108058770116,0.11198915088246965,4.2333723501037546e-08,25,20,20
4,3454,1.6321736170984406e-09,0.9489185215681194,0.051081449270858545,2.752884804298931e-08,25,20,20
4,3455,1.5591806166702097e-07,0.9345403782589049,0.06545945379623455,1.2026798595881778e-08,25,20,20
4,3456,5.170306267548778e-06,0.8874916360772319,0.11247006279320476,3.313082329559769e-05,25,20,20
4,3457,4.987033488165972e-11,0.9463232850835387,0.053676713924499346,9.42091479648313e-10,25,20,20
4,3458,8.849683265874083e-11,0.8676587446721656,0.1323412534927853,1.7465511657143665e-09,25,20,20
4,3459,1.0070658930376826e-07,0.8078803103921344,0.19208904568633556,3.0543214940927384e-05,25,20,20
4,3460,2.791758964728788e-09,0.8808910007614371,0.11907799986543387,3.099658137014782e-05,25,20,20
4,3461,2.199748015864204e-06,0.9021385251687248,0.09782876048655717,3.0514596701998555e-05,25,20,20
4,3462,2.352967578847687e-06,0.9348763056407208,0.06509080972938883,3.053166231143902e-05,25,20,20
4,3463,3.671869328486557e-08,0.9369827257525087,0.06301723017380975,7.354988486524331e-09,25,20,20
4,3464,9.775451837203586e-10,0.9388860672461325,0.061113924723225306,7.053096516671936e-09,25,20,20
4,3465,7.896776777092172e-11,0.9364282006771396,0.06357178101556288,1.8228329354143554e-08,25,20,20
4,3466,2.8643673414149895e-09,0.9652320994450011,0.034767878318568056,1.9372063563730972e-08,25,20,20
4,3467,2.864100198437306e-09,0.9177985649612088,0.08220141248589188,1.968879901895447e-08,25,20,20
4,3468,1.287289447899555e-10,0.878698024802897,0.12130197339332677,1.6750468115069115e-09,25,20,20
4,3469,1.5653148637099514e-07,0.8273357038311059,0.1726641025904128,3.7046994248358265e-08,25,20,20
4,3470,1.490976712325072e-10,0.9184709043754691,0.0815290421694975,5.3305935225851744e-08,25,20,20
4,3471,2.1415699649084985e-08,0.9709090017962493,0.029090930581724357,4.6206326489484526e-08,25,20,20
4,3472,1.1208963434067563e-06,0.8949161463456164,0.10508193833306084,7.944249793079682e-07,25,20,20
4,3473,2.5500944059406576e-08,0.8935036371530067,0.1064960272325149,3.1011353418699806e-07,25,20,20
4,3474,3.0617331230254138e-06,0.8218967799386513,0.1780994871755194,6.711527062606242e-07,25,20,20
4,3475,4.180117699116322e-09,0.8595875088369072,0.14041123770190933,1.249281066008502e-06,25,20,20
4,3476,4.313523992004101e-09,0.9047764589037465,0.0952222978176706,1.2389650591068669e-06,25,20,20
4,3477,4.516124305806027e-11,0.9066431092819779,0.09335686228659788,2.8386262945411054e-08,25,20,20
4,3478,4.1279975858204675e-08,0.8996446266559032,0.10035530457189448,2.7492226489491342e-08,25,20,20
4,3479,1.950736881460787e-07,0.984518506362346,0.015481280425619753,1.813834571634092e-08,25,20,20
4,3480,1.118375218467545e-10,0.9575997695110285,0.04240022909116651,1.2859671214457374e-09,25,20,20
4,3481,5.0823731073758384e-11,0.8496415315931557,0.1503584556315652,1.2724455401828714e-08,25,20,20
4,3482,6.534254041072274e-11,0.8478406471626685,0.15215933557778513,1.7194203539095416e-08,25,20,20
4,3483,1.9737599571606763e-09,0.8557044749923948,0.14429550182754958,2.1206295662407356e-08,25,20,20
4,3484,1.5617395813904691e-09,0.7872376930975419,0.21276229002678523,1.531393225788497e-08,25,20,20
4,3485,7.597683135887402e-10,0.819893231865311,0.180106740895212,2.647970861268833e-08,25,20,20
4,3486,2.7363966892634793e-09,0.8487330791661235,0.15126691197717704,6.120302540786574e-09,25,20,20
4,3487,2.6970371256029836e-09,0.8981237609933851,0.10187622123962088,1.5069956554205903e-08,25,20,20
4,3488,2.1300212399098883e-08,0.9524678368108123,0.04753213150667473,1.0382300254442245e-08,25,20,20
4,3489,2.1704658319307577e-08,0.9328894890100179,0.06711048875842483,5.268987315768061e-10,25,20,20
4,3490,2.175524898900912e-08,0.8532481672631314,0.1467517935107214,1.747089791137466e-08,25,20,20
4,3491,2.17837837411783e-08,0.8300437699206222,0.16995619010696839,1.8188625706294106e-08,25,20,20
4,3492,5.12874162121013e-11,0.9254019217897534,0.07459744584572331,6.323132354989789e-07,25,20,20
4,3493,1.2530870627386308e-09,0.9220285471230004,0.07717687472589384,0.0007945768980179986,25,20,20
4,3494,8.014141670589516e-10,0.9160680797824571,0.0839319012854398,1.8130688850305894e-08,25,20,20
4,3495,1.2335959610439517e-09,0.9185244393441131,0.08147552366879098,3.575349885191058e-08,25,20,20
4,3496,1.3790777135400666e-10,0.9391687084273369,0.06083127217702435,1.925773040020016e-08,25,20,20
4,3497,1.5429421263540345e-11,0.9292771045730333,0.0707228766574864,1.875405059137933e-08,25,20,20
4,3498,4.0106035579201813e-11,0.8850004183458047,0.11499903731106091,5.443030277472437e-07,25,20,20
4,3499,5.512372773807818e-09,0.919857278628336,0.08014268047264682,3.538664455201894e-08,25,20,20
4,3500,1.5122920137138421e-07,0.9824333828258932,0.01756551514733507,9.507975706053982e-07,25,20,20
4,3501,1.4839778980742765e-07,0.9383692395007214,0.061629661137467505,9.509640214334836e-07,25,20,20
4,3502,1.4841092476932118e-07,0.9096357523194151,0.09036249900528787,1.6002643722232953e-06,25,20,20
4,3503,1.0703155562649974e-09,0.8792351379944721,0.12074415119036924,2.0709744842514914e-05,25,20,20
4,3504,1.0159367951832499e-09,0.8537138412953285,0.1462654556291388,2.0702059595470532e-05,25,20,20
4,3505,7.266254967765788e-10,0.8990391525053905,0.10094013349967684,2.071326830647493e-05,25,20,20
4,3506,1.96823636304684e-08,0.947372974718887,0.05262700481953125,7.792176990678621e-10,25,20,20
4,3507,9.773373916731384e-08,0.9279864727236763,0.07201280307111299,6.264714709636168e-07,25,20,20
4,3508,2.2294756699993957e-06,0.9834598339334961,0.016537935924377852,6.664559477976638e-10,25,20,20
4,3509,5.152532608957584e-09,0.9459175634080222,0.0540824305863015,8.531439104397476e-10,25,20,20
4,3510,1.3979155986992028e-09,0.9883758951476018,0.011623135080586364,9.683738960283196e-07,25,20,20
4,3511,6.25691049693093e-11,0.913989242586259,0.08601073810433352,1.924683828522639e-08,25,20,20
4,3512,1.0984228574111155e-10,0.9634032211118586,0.036596771417308625,7.360990547251027e-09,25,20,20
4,3513,9.761516897197485e-11,0.9168717445056203,0.08312822428809452,3.110866994858563e-08,25,20,20
4,3514,2.839684927294427e-09,0.9595387381452649,0.04046125804472939,9.703206846000946e-10,25,20,20
4,3515,1.60314691243395e-09,0.9389474020776002,0.06105256790990464,2.8409348292875325e-08,25,20,20
4,3516,8.618500745997051e-11,0.8273537523085652,0.17261134638703626,3.490121821313415e-05,25,20,20
4,3517,7.762876715627272e-11,0.827854057260798,0.1721105456920292,3.5396969543331204e-05,25,20,20
4,3518,0.0005668917521750383,0.8271031680089825,0.17232992029668726,1.9942155488788175e-08,25,20,20
4,3519,0.0005668912352272139,0.9141521707658548,0.0852809180595461,1.9939371975448545e-08,25,20,20
4,3520,0.00028460108153230136,0.8969464270146902,0.1027689503328968,2.1570880209946248e-08,25,20,20
4,3521,4.733214578163871e-10,0.9193737805732421,0.0806256716085437,5.473448923956309e-07,25,20,20
4,3522,6.065661853618865e-10,0.8996271473184204,0.1003722808460142,5.712289992980666e-07,25,20,20
4,3523,7.336441972568361e-10,0.836651702038516,0.16334826761940183,2.960843752678114e-08,25,20,20
4,3524,3.395416550434736e-11,0.9008605038740042,0.09913851275326849,9.833387730048447e-07,25,20,20
4,3525,1.1643506816436335e-12,0.9444899072625259,0.05551009157950841,1.156801190855312e-09,25,20,20
4,3526,1.8533053930579449e-09,0.8266122054706336,0.17338776914961213,2.3526448473664e-08,25,20,20
4,3527,1.1079815785471112e-09,0.8532826726264835,0.14671732544559946,8.199348996960324e-10,25,20,20
4,3528,7.567459464195299e-11,0.8611953520128874,0.1388046326260123,1.5285424976128667e-08,25,20,20
4,3529,1.2294922320184023e-10,0.8711723902915768,0.12882758788647847,2.1698995294562268e-08,25,20,20
4,3530,7.385844231350109e-11,0.9446855880329322,0.055314376078152365,3.581505690838762e-08,25,20,20
4,3531,2.756891133374338e-09,0.9516095327156059,0.04839044617902465,1.8348478676119473e-08,25,20,20
4,3532,9.308136950039355e-08,0.8497695478271866,0.15023032905036238,3.004108107609175e-08,25,20,20
4,3533,2.7827715447842304e-09,0.8670424348305644,0.13295756025519231,2.1314714309650127e-09,25,20,20
4,3534,2.8273124599438258e-09,0.9104430873867918,0.08955687262092002,3.716497592447074e-08,25,20,20
4,3535,4.513124498253412e-08,0.9035395818865107,0.0964603503037414,2.2678502806648025e-08,25,20,20
4,3536,5.228039655984311e-10,0.9460232652689768,0.05397670028324164,3.392497773605218e-08,25,20,20
4,3537,3.8959197429631534e-08,0.8393054294851986,0.1606941001756407,4.3137996292849593e-07,25,20,20
4,3538,1.279442134413363e-09,0.8974103855562571,0.10258957684913787,3.6315163530024825e-08,25,20,20
4,3539,1.4240890763188368e-09,0.9092520151681096,0.0907479240627873,5.934501357785458e-08,25,20,20
4,3540,1.2222365660425831e-08,0.8047387225349251,0.19526096333266843,3.019100400151814e-07,25,20,20
4,3541,1.2225811100168158e-08,0.8533298747719233,0.14666981141117405,3.0159109198612256e-07,25,20,20
4,3542,4.2776950734475474e-08,0.842201092825594,0.15779824727685599,6.171205989247503e-07,25,20,20
4,3543,1.5445483931666487e-07,0.8945591417383234,0.10544064560884019,5.819799724131491e-08,25,20,20
4,3544,1.5485025581126188e-07,0.9418704443483118,0.05812881913797804,5.816634539937023e-07,25,20,20
4,3545,1.5641374658392577e-07,0.9713177518645262,0.028682073487836468,1.8233890488168236e-08,25,20,20
4,3546,2.626275622573207e-09,0.9415026464473949,0.058497332762458144,1.8163871037873852e-08,25,20,20
4,3547,2.6162000132415913e-09,0.9418913473320099,0.05810862704181914,2.300997068016616e-08,25,20,20
4,3548,2.6122682194860446e-09,0.9408833795390078,0.0591166172070613,6.416627191863519e-10,25,20,20
4,3549,2.6910942913114104e-09,0.8668756007561212,0.13312439590760985,6.451739396910844e-10,25,20,20
4,3550,5.850354755551265e-11,0.8058394499756066,0.19415998946703167,5.604988579388256e-07,25,20,20
4,3551,3.973610979420187e-08,0.9448432554144448,0.0551567032795903,1.5698549307294204e-09,25,20,20
4,3552,3.9509178470898025e-08,0.8590310130165871,0.14096857360952592,3.738647090334233e-07,25,20,20
4,3553,0.0012844597084817916,0.7601108831660348,0.23038000134302244,0.008224655782460588,25,20,20
4,3554,5.155496435849697e-08,0.888047815369322,0.11195212335647335,9.719240592837284e-09,25,20,20
4,3555,2.507842364906014e-08,0.8036193124121196,0.19638064194801935,2.0561436909395217e-08,25,20,20
4,3556,3.911646812030598e-09,0.8816164831311726,0.1183834849370485,2.802013201227245e-08,25,20,20
4,3557,1.4308176122319958e-07,0.872294014069901,0.12770493850612696,9.043422105666537e-07,25,20,20
4,3558,1.3893710226298808e-07,0.870409884173757,0.12958907396215477,9.029269858427835e-07,25,20,20
4,3559,9.847942301202979e-08,0.8899184145918839,0.1100814752307128,1.1697979963639964e-08,25,20,20
4,3560,9.853245374284674e-08,0.8771364422567746,0.12286344225188862,1.6958883236512635e-08,25,20,20
4,3561,8.937083998499275e-10,0.8945892632032653,0.1054104462081958,2.8969483019464986e-07,25,20,20
4,3562,2.0293345478914326e-12,0.9362091658853964,0.06379083368822613,4.24348290160364e-10,25,20,20
4,3563,7.961699267474163e-07,0.8751843956698816,0.12481356943126481,1.2387289266613345e-06,25,20,20
4,3564,6.414359843632454e-07,0.8558186391471054,0.14417946337175522,1.2560451542828902e-06,25,20,20
4,3565,7.397027006283675e-07,0.8362432863349598,0.16375566882454912,3.051377903718779e-07,25,20,20
4,3566,6.452637586035666e-11,0.9481815675313434,0.05181839665677413,3.574735597651503e-08,25,20,20
4,3567,9.969488543131298e-11,0.9243499837789352,0.07564999767185394,1.8449515578767883e-08,25,20,20
4,3568,5.08604523250112e-11,0.9282808402028178,0.07171915909700094,6.493205279426498e-10,25,20,20
4,3569,1.5107824857372924e-07,0.9447055498013005,0.05529426402366942,3.509678172214022e-08,25,20,20
4,3570,1.514666441117677e-07,0.8618389940293286,0.13816083159782472,2.2906202411862523e-08,25,20,20
4,3571,1.845434506177629e-09,0.9096924677241419,0.09030751239480034,1.803562298715068e-08,25,20,20
4,3572,3.2139086053925832e-09,0.9475830085430811,0.052416986949363704,1.2936466569811053e-09,25,20,20
4,3573,2.181463322208905e-09,0.9094872963834163,0.09051268350191974,1.7933200558851682e-08,25,20,20
4,3574,2.7965374004256146e-09,0.9006982914890975,0.09930166500524264,4.070912206706465e-08,25,20,20
4,3575,3.483317083773716e-09,0.8240343148871723,0.17596564000047518,4.162903448737032e-08,25,20,20
4,3576,5.577454056627952e-09,0.9189166675445268,0.08108329256249805,3.43155205645008e-08,25,20,20
4,3577,5.591343443942605e-09,0.9258810603413842,0.07411888167995503,5.238731680236196e-08,25,20,20
4,3578,2.862646876658821e-09,0.8788842046040954,0.12111577424489259,1.8288364430390495e-08,25,20,20
4,3579,2.7661694465257736e-09,0.7783574174883503,0.22164256163812804,1.810735182171937e-08,25,20,20
4,3580,2.774373068001968e-09,0.9053571147209545,0.09464286428080199,1.822387018739222e-08,25,20,20
4,3581,7.062098007685156e-10,0.9224491698522086,0.0775508290198541,4.217276552681086e-10,25,20,20
4,3582,8.935061199109993e-10,0.959329775527397,0.04067019964262793,2.3936468828486053e-08,25,20,20
4,3583,0.016858527734002184,0.8310552223383489,0.15208624147144933,8.456199760211336e-09,25,20,20
4,3584,2.0418650854581146e-11,0.8066004734160989,0.193399521261661,5.301820590675837e-09,25,20,20
4,3585,4.206112576694662e-12,0.9426285221636871,0.057371459822924964,1.800918182978543e-08,25,20,20
4,3586,4.9180191881801855e-11,0.9624039693507019,0.03759599479766869,3.580244902128874e-08,25,20,20
4,3587,9.715315739859082e-11,0.9428010085758803,0.05719896231485211,2.901211401609585e-08,25,20,20
4,3588,2.5712241591658924e-06,0.8062221918174672,0.19377487049236325,3.6646600951104505e-07,25,20,20
4,3589,2.5898342711443095e-06,0.7895335267233122,0.2104635209198751,3.6252254094540984e-07,25,20,20
4,3590,1.6398306089301268e-10,0.8660246762186823,0.13397527757172356,4.60456107952492e-08,25,20,20
4,3591,2.9078298751673393e-09,0.8987454102120447,0.10125455732082432,2.9559300813018738e-08,25,20,20
4,3592,2.811147026720944e-09,0.942574870893557,0.057425125651077734,6.442176252972348e-10,25,20,20
4,3593,3.472673178536641e-09,0.8983482517258298,0.10165172667776316,1.8123733483336202e-08,25,20,20
4,3594,2.193504773869003e-10,0.7968622179216378,0.20313774643596882,3.542304290397109e-08,25,20,20
4,3595,7.594747467057377e-10,0.8356280985251208,0.16437188204547215,1.86699324514157e-08,25,20,20
4,3596,1.1237873543303915e-09,0.8705991353413072,0.12940082821701288,3.531789242624776e-08,25,20,20
4,3597,3.248247164705233e-10,0.861918467458876,0.13808114920552275,3.8301077567364704e-07,25,20,20
4,3598,6.66257899462583e-10,0.8475158622330358,0.15248412995814534,7.142560463550854e-09,25,20,20
4,3599,6.95049749438272e-10,0.9289209531624872,0.07107904547344622,6.690166133434736e-10,25,20,20
4,3600,8.563517200217828e-06,0.8933298039862484,0.10666161397927869,1.8517272290409164e-08,25,20,20
4,3601,9.978131660029267e-10,0.8560043126117942,0.14397768715087467,1.79992395178445e-05,25,20,20
4,3602,9.975918183585762e-10,0.8410282533207759,0.15895374670346502,1.7998978166891913e-05,25,20,20
4,3603,1.0552181960884974e-09,0.833739120699908,0.1662428795539642,1.799869090900128e-05,25,20,20
4,3604,2.9295383174062703e-09,0.9477295607102366,0.05227043631597523,4.4249916187127944e-11,25,20,20
4,3605,5.604079651289007e-09,0.8539643352919984,0.14603565806127605,1.042645842372755e-09,25,20,20
4,3606,2.7404928788702586e-09,0.8708585355381924,0.12914145549810752,6.223207076479576e-09,25,20,20
4,3607,3.757554745416402e-10,0.906443620526951,0.09355637191275994,7.184533561524937e-09,25,20,20
4,3608,7.17283140867684e-11,0.8851432940322659,0.11485634127469507,3.6462131079557954e-07,25,20,20
4,3609,3.005425695316748e-11,0.931042184428077,0.06895780861521417,6.926654424146751e-09,25,20,20
4,3610,1.798865322018465e-11,0.9151669243781189,0.08483306597854452,9.625347833700791e-09,25,20,20
4,3611,2.7002307985337634e-09,0.9182256796925288,0.0817563019743567,1.801563288307879e-05,25,20,20
4,3612,7.125720732162283e-10,0.9439852566689089,0.05601474210281995,5.156988516082623e-10,25,20,20
4,3613,6.893014417290003e-10,0.8919591697677114,0.10804082938818496,1.5480169801559764e-10,25,20,20
4,3614,4.1080025117269617e-10,0.8806319764511115,0.11936798181744795,4.132063997760903e-08,25,20,20
4,3615,5.675742252848254e-11,0.9152212109073519,0.08477877116657619,1.786931420143447e-08,25,20,20
4,3616,1.0648240544921305e-08,0.8778205381135336,0.12216141750473884,1.8033733487120127e-05,25,20,20
4,3617,2.599117671759882e-10,0.8906697617993637,0.1093122389310859,1.79990096382244e-05,25,20,20
4,3618,1.3819996449634383e-11,0.9682905364981695,0.03170944519521032,1.8292799906203998e-08,25,20,20
4,3619,2.9413653812632985e-10,0.8589333442486777,0.14106636523191118,2.902252740362146e-07,25,20,20
4,3620,8.104944690722248e-11,0.863378427903497,0.13662102487611005,5.471393426852277e-07,25,20,20
4,3621,4.844672317971065e-11,0.8950338398206336,0.10496561298022566,5.471506938485943e-07,25,20,20
4,3622,1.165745856895077e-06,0.7721873020161344,0.22781044233473566,1.0899032726442367e-06,25,20,20
4,3623,6.669893510221123e-10,0.9279491067699505,0.0720503219412458,5.706218140177335e-07,25,20,20
4,3624,6.9426756867391736e-12,0.8988284169106774,0.10117154958876387,3.3493615746028545e-08,25,20,20
4,3625,2.326888682576534e-12,0.9387253260252512,0.061274667541985454,6.430436306749536e-09,25,20,20
4,3626,1.9363815729382975e-12,0.9752422870735782,0.024757712293795874,6.306896435037953e-10,25,20,20
4,3627,7.479069320782589e-10,0.922474256898734,0.07752572475530975,1.7598048943457032e-08,25,20,20
4,3628,1.9447669538353154e-10,0.8629606632476338,0.13703933623015352,3.277363729512125e-10,25,20,20
4,3629,1.1150887063580856e-10,0.9065649659399869,0.09343503361030148,3.382027359444881e-10,25,20,20
4,3630,5.771827380436834e-08,0.8374143426899131,0.1625855813171805,1.8274631571237003e-08,25,20,20
4,3631,7.559823922025609e-08,0.8999132188739396,0.10008667949203782,2.6035783088892166e-08,25,20,20
4,3632,8.153764571500564e-11,0.8341462339483712,0.16585374134269387,2.4627397315717923e-08,25,20,20
4,3633,7.495105622690818e-11,0.879658640302817,0.12034079729248683,5.62329745167924e-07,25,20,20
4,3634,6.291009272504966e-09,0.9469952000231109,0.0530042372465043,5.564393752164825e-07,25,20,20
4,3635,7.465122027635411e-08,0.8802463710517995,0.11975247917775776,1.0751192222914043e-06,25,20,20
4,3636,1.6841338432676804e-11,0.9078666061714198,0.09213336999907872,2.3812660851754236e-08,25,20,20
4,3637,1.0030313501789378e-07,0.910297987825218,0.08970188179446933,3.0077178098029e-08,25,20,20
4,3638,2.4723758394695934e-09,0.9245911012369054,0.07540888348321909,1.2807499504206679e-08,25,20,20
4,3639,3.783456281872795e-08,0.9602528554547415,0.03974708876696661,1.794372913098117e-08,25,20,20
4,3640,7.862347628168463e-08,0.9268420328461913,0.07315787059733066,1.7933001009744405e-08,25,20,20
4,3641,3.781186996775679e-08,0.8974576581079136,0.10254228647080334,1.760941297314291e-08,25,20,20
4,3642,5.978016060081129e-08,0.9386027910017648,0.06139658527939522,5.63938678935099e-07,25,20,20
4,3643,1.85184541878126e-08,0.8965518561544792,0.10344765109648478,4.742305817129526e-07,25,20,20
4,3644,1.851604356560503e-08,0.9680068373620655,0.0319926526736496,4.914482410758456e-07,25,20,20
4,3645,4.4599553354865886e-10,0.9258466499318918,0.07415333184901458,1.7773097851624525e-08,25,20,20
4,3646,2.817717861784072e-09,0.8979484051512173,0.10203682901971,1.476301135459341e-05,25,20,20
4,3647,2.7847126999669347e-09,0.8519985442101904,0.14798670744381634,1.474556128012193e-05,25,20,20
4,3648,5.2849992649494636e-11,0.9270915045019344,0.07289374968453868,1.4745760676573261e-05,25,20,20
4,3649,4.822966978451102e-10,0.9442990683315913,0.055700901550697714,2.9635414287457075e-08,25,20,20
4,3650,1.435590052679279e-11,0.9350992729945172,0.06490072145669341,5.5344335777075604e-09,25,20,20
4,3651,1.1029534754269113e-09,0.909567319305669,0.0904316871739768,9.92417400423093e-07,25,20,20
4,3652,3.786321650711105e-08,0.9251443803523633,0.07485362140470733,1.960379712159866e-06,25,20,20
4,3653,3.7822622157477215e-08,0.9353048955847004,0.06469314036889039,1.9262237869870157e-06,25,20,20
4,3654,3.7233541770386865e-08,0.9619973930519979,0.0380016016195165,9.680949434839756e-07,25,20,20
4,3655,3.8200382174994394e-08,0.9053602894533281,0.09463872155102068,9.507952681729232e-07,25,20,20
4,3656,1.0500086851430212e-09,0.9068328079323186,0.09316719068933338,3.2833867224289573e-10,25,20,20
4,3657,7.653372654352728e-10,0.8798802623894253,0.12011973644665909,3.98578099758668e-10,25,20,20
4,3658,1.5200701482025632e-07,0.7940229706422209,0.20597686985065822,7.500105579992491e-09,25,20,20
4,3659,1.520481576544032e-07,0.8795106421388972,0.12048919838858906,7.4243561659606396e-09,25,20,20
4,3660,2.9625549835047263e-06,0.8216983638073839,0.1782806764386788,1.7997198953255974e-05,25,20,20
4,3661,2.6734831945142576e-11,0.8607119088917881,0.13928809055457206,5.269047868260383e-10,25,20,20
4,3662,1.2134362043032811e-06,0.8249695860994806,0.1742342065177402,0.0007949939465752072,25,20,20
4,3663,4.4275571671009435e-10,0.9512188713998951,0.04878107429940983,5.3857939137436934e-08,25,20,20
4,3664,1.4484607848721787e-09,0.9576685075359257,0.04233082270571444,6.683098988974979e-07,25,20,20
4,3665,2.2087699965910662e-08,0.9291268278607998,0.07087258475476534,5.652967341829811e-07,25,20,20
4,3666,0.0009814072351672274,0.7625727836156975,0.2363081956973956,0.00013761345173894925,25,20,20
4,3667,2.227006026187851e-09,0.9066698641062616,0.09333012606939711,7.597334811974775e-09,25,20,20
4,3668,5.411249316280898e-08,0.8925802148626972,0.10741973041482744,6.09981317006478e-10,25,20,20
4,3669,5.4110084561156905e-08,0.9036874605142351,0.09631243231111293,5.306456701100046e-08,25,20,20
4,3670,5.418334982769638e-08,0.9142690563388248,0.08573083641061606,5.3067209101122974e-08,25,20,20
4,3671,9.067860351825388e-08,0.8846371896143208,0.11536237522983493,3.444772404342786e-07,25,20,20
4,3672,2.463288019703295e-09,0.9011199787785871,0.09887938737867842,6.313794461095441e-07,25,20,20
4,3673,1.134381520859077e-09,0.8989573120872149,0.10104267977688605,7.00151735776282e-09,25,20,20
4,3674,1.4450980473613322e-09,0.8632023005445316,0.13679704797189798,6.500384719119812e-07,25,20,20
4,3675,4.0481396015280387e-10,0.8888757127795931,0.11112365400343266,6.328121601151665e-07,25,20,20
4,3676,1.5106450510776095e-11,0.9951414622786721,0.0048585192091266894,1.8497094803959284e-08,25,20,20
4,3677,3.0778351858958976e-10,0.9624033829642461,0.037596597922610234,1.880535998050833e-08,25,20,20
4,3678,1.4653072646013654e-10,0.957190137597447,0.042809826367904404,3.588811796694174e-08,25,20,20
4,3679,4.5227134199213834e-09,0.8287888322975802,0.17121112696719698,3.6212508712404905e-08,25,20,20
4,3680,5.245348868449402e-11,0.8971896441003118,0.1028103199631159,3.5884118602596884e-08,25,20,20
4,3681,2.820990011260153e-09,0.9320667688653941,0.06793320934159866,1.8972017140614773e-08,25,20,20
4,3682,4.5966400649571336e-09,0.9764435587176138,0.023555804669238293,6.320165077615515e-07,25,20,20
4,3683,7.55413633483699e-10,0.9113265160458413,0.08867310014549247,3.8305325269507076e-07,25,20,20
4,3684,2.7362715665124145e-09,0.9736945138214087,0.026305482482095785,9.60224168944922e-10,25,20,20
4,3685,9.500358188328402e-12,0.9345910339536633,0.06540896488959116,1.1472451824602996e-09,25,20,20
4,3686,2.1907056162511768e-08,0.8934895995270209,0.10651036692791775,1.1638005051341462e-08,25,20,20
4,3687,2.7693158218905346e-09,0.9522981062615165,0.04770186170661901,2.926254882368139e-08,25,20,20
4,3688,3.4453963131947548e-09,0.9243016766616613,0.07569830721953187,1.2673410148481316e-08,25,20,20
4,3689,4.392149107027298e-08,0.8158392630511696,0.18414594798064582,1.4745046692952199e-05,25,20,20
4,3690,4.399660143495613e-08,0.7579161983585672,0.24193645972340222,0.0001472979214290684,25,20,20
4,3691,5.4729346812344014e-09,0.9412289557279307,0.058771037579869186,1.219265189614786e-09,25,20,20
4,3692,3.8994705542800935e-08,0.8661124291383405,0.1338869663232273,5.65543725926998e-07,25,20,20
4,3693,6.609399327297349e-11,0.7563141647503838,0.2436858142088944,2.097462706299049e-08,25,20,20
4,3694,5.155582455099957e-11,0.7620388354475603,0.23796060092953458,5.635713480738961e-07,25,20,20
4,3695,6.391987542235727e-11,0.9294006563972559,0.07059932572899744,1.7809826321373763e-08,25,20,20
4,3696,5.31184184970564e-11,0.9321680667844151,0.06783190374845947,2.9414006919896425e-08,25,20,20
4,3697,2.5985598334069014e-11,0.9010447897714389,0.09895515280053323,5.740204171996829e-08,25,20,20
4,3698,5.2560829440418893e-05,0.8284741417732827,0.17147327449352556,2.2903750980781522e-08,25,20,20
4,3699,3.880032938609511e-08,0.8633306355438378,0.13666928992344743,3.573238527837186e-08,25,20,20
4,3700,3.941629517169184e-08,0.9188357627719926,0.08116416076921502,3.704249702764244e-08,25,20,20
4,3701,1.5380223170983514e-07,0.9195835298693937,0.0804162977868145,1.8541560181447173e-08,25,20,20
4,3702,1.5447313561356573e-07,0.9350539292573667,0.0649459149772312,1.292266177524478e-09,25,20,20
4,3703,2.7663208515584814e-09,0.9543005592277362,0.0456994374716043,5.343387870847464e-10,25,20,20
4,3704,2.8463325006919312e-09,0.9187279736477645,0.08127173389498202,2.89610921017965e-07,25,20,20
4,3705,1.227654552564397e-10,0.944188021870288,0.05581167200134355,3.0600560285196846e-07,25,20,20
4,3706,1.2132482413101488e-10,0.852600423789281,0.14737587315839953,2.3702930994261997e-05,25,20,20
4,3707,1.8055581674814272e-09,0.7976661082834399,0.20233290365376153,9.862572397203869e-07,25,20,20
4,3708,2.70350268897466e-09,0.7820081483300754,0.217990981661804,8.673046171397342e-07,25,20,20
4,3709,1.1603080817867618e-09,0.8505286970696768,0.14947128260455084,1.9165463755467195e-08,25,20,20
4,3710,1.2000587434984064e-06,0.8517760975630569,0.1482221714042491,5.309739499006347e-07,25,20,20
4,3711,1.0162915652033307e-07,0.8423268237349026,0.15767300615359697,6.848234383931959e-08,25,20,20
4,3712,1.0590537633596855e-07,0.7645980707177839,0.23540021121014262,1.6121666963373147e-06,25,20,20
4,3713,1.0152649603666086e-07,0.852211368487006,0.14778851320126976,1.6785227935956545e-08,25,20,20
4,3714,3.839323931873768e-09,0.906963103262906,0.09303592645214614,9.66445623383352e-07,25,20,20
4,3715,2.255279826847565e-10,0.809214848144213,0.19078317269880446,1.9789314546293846e-06,25,20,20
4,3716,9.622523025837962e-10,0.878295773998467,0.12170420649766182,1.8541618753023423e-08,25,20,20
4,3717,7.265187759001669e-10,0.8654638419472647,0.1345361452157065,1.211050968168413e-08,25,20,20
4,3718,1.537802371303925e-07,0.8950923499694544,0.10490747754659661,1.8703711804117835e-08,25,20,20
4,3719,1.5378124687859685e-07,0.9713336617961117,0.028666165727817237,1.869482439624114e-08,25,20,20
4,3720,5.4540861243405527e-11,0.9368266478282989,0.0631730380254938,3.140916661327485e-07,25,20,20
4,3721,2.552812914525621e-08,0.9052626323897749,0.09473732259269271,1.9489402917224466e-08,25,20,20
4,3722,2.5594908416050843e-08,0.883349359568663,0.11665059549919633,1.9337231540879735e-08,25,20,20
4,3723,5.95496403659557e-08,0.9297655878018218,0.07023435183258604,8.159515986263087e-10,25,20,20
4,3724,8.445071010554845e-07,0.8440263295637835,0.15597135294480505,1.4729843097572956e-06,25,20,20
4,3725,2.274614562951736e-08,0.8610466886876209,0.13895275568049048,5.32885742348983e-07,25,20,20
4,3726,1.1225502890346414e-07,0.7996831333813244,0.2003157684216476,9.859419992030121e-07,25,20,20
4,3727,2.947985985474773e-06,0.7665478548526511,0.23344818694712116,1.0102142425666041e-06,25,20,20
4,3728,3.065730813728002e-06,0.9157897220326713,0.08420717732994655,3.490656847720256e-08,25,20,20
4,3729,1.6768978356390614e-07,0.8334009538138735,0.16659853759050924,3.4090583312908006e-07,25,20,20
4,3730,7.439969015557393e-10,0.9292071804899013,0.0707928176932076,1.0728942344955554e-09,25,20,20
4,3731,1.8084740866844189e-09,0.9280382479209525,0.07196172604262654,2.42279468533595e-08,25,20,20
4,3732,1.2942795836408965e-09,0.9234311887286282,0.0765681697002476,6.402768442114274e-07,25,20,20
4,3733,3.846145968762209e-09,0.829550579041235,0.17044840136594724,1.0157466725447413e-06,25,20,20
4,3734,1.1086062714613995e-09,0.9005846150022007,0.09940000586608065,1.537802311212641e-05,25,20,20
4,3735,0.001296921855172844,0.7881012133816344,0.21050546754515725,9.639721803498558e-05,25,20,20
4,3736,1.9609263627970625e-09,0.8527016009686385,0.14729801432301562,3.827474192184139e-07,25,20,20
4,3737,7.664618114935172e-10,0.8930714621459918,0.10692817218696751,3.649005785415455e-07,25,20,20
4,3738,6.568582263155493e-11,0.9062964964129759,0.09370350276267737,7.586609835659634e-10,25,20,20
4,3739,7.060527531700585e-11,0.8430226455095721,0.15697685244306522,5.019767574471152e-07,25,20,20
4,3740,1.1165858199606394e-10,0.8724771903994574,0.1275223072014611,5.022874229725905e-07,25,20,20
4,3741,4.3566478299430636e-10,0.8761499561750277,0.12385004295329784,4.3600942196617645e-10,25,20,20
4,3742,1.9433057024497403e-09,0.8607911425973294,0.13920884565521038,9.804154760818489e-09,25,20,20
4,3743,2.959731081851418e-11,0.91929758658353,0.0807024128294422,5.574304541973652e-10,25,20,20
4,3744,5.398564485297291e-11,0.9343726380460121,0.0656273612632178,6.367841508474589e-10,25,20,20
4,3745,6.392597093243953e-11,0.8834112576228444,0.11658874198664165,3.265879888080322e-10,25,20,20
4,3746,7.684003340986865e-10,0.8831662938814017,0.11683370521053855,1.3965949056569614e-10,25,20,20
4,3747,8.468852783249779e-06,0.8863102973327653,0.11368121170157282,2.211287845662489e-08,25,20,20
4,3748,3.4520614376447053e-09,0.9393318739982215,0.06066809024976977,3.229994707546855e-08,25,20,20
4,3749,7.465111808137071e-10,0.9391745268847003,0.060825427002126044,4.5366662670499346e-08,25,20,20
4,3750,1.0990981229084925e-09,0.8658482243592309,0.13415174634799057,2.8193680221502227e-08,25,20,20
4,3751,2.469351862528557e-09,0.8793119988763096,0.1206715502666063,1.644838773165497e-05,25,20,20
4,3752,1.1120741791831122e-10,0.7897344089614486,0.2102655209861356,6.994120733036982e-08,25,20,20
4,3753,1.5700256708122538e-10,0.9207616945174953,0.07923828820428802,1.712121416708561e-08,25,20,20
4,3754,1.8142713331128503e-09,0.9206016788528859,0.07939829111939942,2.821344293727658e-08,25,20,20
4,3755,1.8425964524394652e-09,0.8217390243545067,0.1782249216512998,3.605215159636429e-05,25,20,20
4,3756,9.561762263346899e-11,0.8835738010525737,0.11642581673766847,3.821141396989194e-07,25,20,20
4,3757,5.862147748316309e-08,0.8689063186410293,0.13109324125205993,3.8148543362920383e-07,25,20,20
4,3758,6.810609932281919e-08,0.9101658608761131,0.08983406489120174,6.126585761150633e-09,25,20,20
4,3759,6.810478753551431e-08,0.8994957753084439,0.1005041416756673,1.4911101192331238e-08,25,20,20
4,3760,1.482539030033421e-11,0.9212102112484479,0.07878978797920606,7.575202928314392e-10,25,20,20
4,3761,5.992047237062411e-11,0.9263184826610217,0.07368149995892662,1.732013105626015e-08,25,20,20
4,3762,4.550349071259268e-11,0.9340501925539408,0.06594883240358868,9.749969671518354e-07,25,20,20
4,3763,1.7626269497495911e-09,0.8507079758734585,0.14929201498466732,7.379247281573101e-09,25,20,20
4,3764,1.7782515428316586e-09,0.8355472029732391,0.1644527952254569,2.3052123252343887e-11,25,20,20
4,3765,1.5723215325253405e-07,0.8932191662894892,0.1067806704610079,6.017349469992218e-09,25,20,20
4,3766,1.6771979053507847e-07,0.9176013429185018,0.0823981999687504,2.893929570833343e-07,25,20,20
4,3767,1.1415704432680104e-08,0.8666620113693042,0.13333795805359017,1.9161401568536125e-08,25,20,20
4,3768,1.5595002588703704e-07,0.915466670532352,0.08453278826607898,3.8525154314461745e-07,25,20,20
4,3769,9.907035778799026e-08,0.9348048429447191,0.06519504565558236,1.2329340904489913e-08,25,20,20
4,3770,8.967692335860593e-08,0.827134817745764,0.17286508685146157,5.725850459566631e-09,25,20,20
4,3771,1.197719497527261e-07,0.890450582694873,0.10954847962382157,8.179093556632703e-07,25,20,20
4,3772,3.957907799175142e-08,0.921233428949613,0.07876651368033627,1.7790972923346104e-08,25,20,20
4,3773,3.887688371179938e-08,0.881972394950113,0.1180275651433488,1.0296540388588655e-09,25,20,20
4,3774,3.9190188539655215e-08,0.9033338957230838,0.09666605807780843,7.008919087739201e-09,25,20,20
4,3775,3.778326335768292e-09,0.8561286066406774,0.1438713544995533,3.5081442954700156e-08,25,20,20
4,3776,1.4763928983152454e-10,0.895935088937724,0.10406490997999289,9.346436951173114e-10,25,20,20
4,3777,2.407764876689232e-09,0.886137000198574,0.1138396596465798,2.3337747081062683e-05,25,20,20
4,3778,2.408602194593851e-09,0.8900091511129955,0.10999021370721986,6.327711817825597e-07,25,20,20
4,3779,1.586593240539973e-07,0.9587619084907898,0.04123793219562631,6.542594351515396e-10,25,20,20
4,3780,1.5867712634946096e-07,0.8685130889181417,0.1314857966958207,9.557089104022883e-07,25,20,20
4,3781,1.6135119451724937e-07,0.9709944429550099,0.02900441206848291,9.836253126695636e-07,25,20,20
4,3782,2.1929366448671678e-07,0.9146906819164993,0.08530809738343584,1.0014064005892723e-06,25,20,20
4,3783,5.971441290271962e-08,0.8950713432768356,0.10491121058714135,1.7386421610167232e-05,25,20,20
4,3784,1.5119562574972642e-10,0.9193413085679117,0.08065840187249261,2.894084003474722e-07,25,20,20
4,3785,4.121361759294801e-08,0.8395838114251183,0.16041564593389787,5.014273656768408e-07,25,20,20
4,3786,4.038326625560272e-08,0.8763448950163412,0.12365457372342371,4.908769688952755e-07,25,20,20
4,3787,3.014462889615191e-07,0.8891343264850791,0.11086535379396775,1.827466434716135e-08,25,20,20
4,3788,1.4877505326970984e-07,0.9395986691929257,0.06040116350457415,1.8527446915269307e-08,25,20,20
4,3789,3.3876447408121577e-06,0.8371408697787176,0.16285572395812045,1.8618420785126657e-08,25,20,20
4,3790,3.2389396340271055e-06,0.8903123904731798,0.10968436949561583,1.0915703758856243e-09,25,20,20
4,3791,1.2020547397534053e-10,0.870245016560116,0.1297537429779467,1.2403417322002216e-06,25,20,20
4,3792,2.2929076258927497e-09,0.9118858605729918,0.0881131681775412,9.689565597607705e-07,25,20,20
4,3793,2.262459703695654e-09,0.8573752428350652,0.14262377941286192,9.754896127979167e-07,25,20,20
4,3794,1.5203404545873595e-09,0.900493539621682,0.09950645743277824,1.4251989128528282e-09,25,20,20
4,3795,1.5835433201166982e-09,0.8714820439860465,0.12851795300192084,1.4284888356261494e-09,25,20,20
4,3796,8.17283727046799e-10,0.8084242639227659,0.1915757292307708,6.029179115751239e-09,25,20,20
4,3797,8.331402043027367e-10,0.8100947338561356,0.1899048778273748,3.874833490468203e-07,25,20,20
4,3798,3.735172008497954e-09,0.7671738826595228,0.23282570121825852,4.1238704648917215e-07,25,20,20
4,3799,3.085461459336664e-09,0.8492439211356055,0.15075605277098103,2.300795162831602e-08,25,20,20
4,3800,5.884435745920034e-09,0.8284545946590971,0.17154442304424256,9.76412224405182e-07,25,20,20
4,3801,2.7289586919440504e-09,0.9049934650774639,0.09500651428554123,1.790803634658643e-08,25,20,20
4,3802,7.131413880609502e-10,0.8975156336310021,0.10248436438811469,1.2677417120286683e-09,25,20,20
4,3803,1.0949863851759753e-09,0.9039011898509502,0.09609827923797117,5.298160917892074e-07,25,20,20
4,3804,1.0955250464534195e-10,0.9621716246012473,0.03782837399815788,1.2910424815940316e-09,25,20,20
4,3805,2.1215438199148635e-08,0.9329183885797317,0.06708158855569542,1.6491348229534739e-09,25,20,20
4,3806,7.055541405076311e-08,0.9191820225813313,0.08079988962270432,1.801724055038281e-05,25,20,20
4,3807,2.232099193758053e-08,0.8344873614800273,0.16551166477051724,9.514284631493706e-07,25,20,20
4,3808,2.2014511767884662e-08,0.86101432237379,0.1389846868193956,9.687923021535562e-07,25,20,20
4,3809,1.138755188617498e-06,0.8521778883548805,0.14770097142217578,0.00012000146775520453,25,20,20
4,3810,1.1085969900455065e-10,0.87127234845749,0.12872762711208335,2.4319566799072154e-08,25,20,20
4,3811,3.1571469870938606e-10,0.7904932669299124,0.20950588043237148,8.523220009144852e-07,25,20,20
4,3812,8.810505293068616e-11,0.8047695978165976,0.1952298548387585,5.472565393363464e-07,25,20,20
4,3813,4.3089342425822924e-08,0.7753868868563142,0.22459779477632438,1.5275278018700027e-05,25,20,20
4,3814,4.4266429063596374e-08,0.7393677019742779,0.2606169780622451,1.5275697048073882e-05,25,20,20
4,3815,6.064250145146062e-08,0.8299156407517729,0.1700690141374364,1.5284468289037306e-05,25,20,20
4,3816,2.960061805372668e-10,0.8967889918699374,0.1032109799487621,2.7885293841989037e-08,25,20,20
4,3817,9.837576438183138e-11,0.8443377576291208,0.15564750482168954,1.4737450813084889e-05,25,20,20
4,3818,5.866205246226323e-09,0.8359005390504402,0.16409945465486203,4.284918380232657e-10,25,20,20
4,3819,4.2202057559665834e-08,0.9273671343564673,0.07263280512884189,1.8312632723228175e-08,25,20,20
4,3820,4.38913139172043e-08,0.9322248065813511,0.06777511464777815,3.4879556678902727e-08,25,20,20
4,3821,4.45452129216534e-08,0.9308381095984025,0.06916180407552265,4.178086170769565e-08,25,20,20
4,3822,5.4319185144433774e-09,0.8544661814424002,0.14553380628672824,6.838953551369981e-09,25,20,20
4,3823,6.508584244914311e-09,0.826027863264017,0.1739721051252509,2.5102147950074078e-08,25,20,20
4,3824,1.3339571899551557e-08,0.8177598131476224,0.1485059037146548,0.03373426979815055,25,20,20
4,3825,2.781018154847808e-09,0.9209605272499194,0.0790394695216069,4.4745519059618815e-10,25,20,20
4,3826,3.836151466137752e-09,0.8530496424400602,0.14695034325918252,1.0464605904097171e-08,25,20,20
4,3827,3.4658183151452583e-09,0.9136928893202001,0.0863071058304508,1.3835301553014832e-09,25,20,20
4,3828,3.3998261801671155e-09,0.9366125801352082,0.0633873985333817,1.7931583601437386e-08,25,20,20
4,3829,4.219552609363724e-09,0.8832838964130897,0.11671609261322377,6.754134232506417e-09,25,20,20
4,3830,2.4666697760382817e-09,0.841188913629317,0.15881107715410703,6.749906247127462e-09,25,20,20
4,3831,0.01486006052307069,0.7392885795249384,0.2458513414099369,1.854205361075446e-08,25,20,20
4,3832,3.6275201999375664e-09,0.9394916561819913,0.060508334462185,5.728303226031198e-09,25,20,20
4,3833,2.0027961457106218e-10,0.875403338981424,0.12459663772230935,2.3095986796962215e-08,25,20,20
4,3834,2.820070824500436e-10,0.8679942584381654,0.1320057356514337,5.628393408264745e-09,25,20,20
4,3835,1.3199999742918602e-09,0.8554337933893399,0.1445661990803959,6.210263866329513e-09,25,20,20
4,3836,3.351696023967354e-09,0.9354027862855577,0.06459719249560589,1.786714011836204e-08,25,20,20
4,3837,7.480090450935316e-11,0.909169359051238,0.09083064081628589,5.767501388946039e-11,25,20,20
4,3838,3.5850612863692385e-09,0.8740305387497572,0.12596943916179895,1.8503383024038398e-08,25,20,20
4,3839,7.258633562657961e-10,0.8896576485979609,0.11034233249274893,1.818342685933083e-08,25,20,20
4,3840,7.277621946854779e-10,0.8100931013684735,0.18990660278914592,2.9511461822803596e-07,25,20,20
4,3841,6.758710693703977e-11,0.893990860558888,0.10600913872948635,6.440387222876971e-10,25,20,20
4,3842,3.6305314919219657e-08,0.9024967858452478,0.09748750316142146,1.567468801572486e-05,25,20,20
4,3843,3.6408873324485485e-08,0.8424621417087641,0.15753658628751688,1.2355948459253171e-06,25,20,20
4,3844,3.0741236503655125e-06,0.7883398229664759,0.21163670555917527,2.0397350698626445e-05,25,20,20
4,3845,3.11288703791649e-06,0.8851686956414624,0.11480775234083403,2.0439130665464355e-05,25,20,20
4,3846,3.0382753343505165e-06,0.9111064065102111,0.08887109477010328,1.9460444350866652e-05,25,20,20
4,3847,3.0786972610580065e-06,0.8076081302297594,0.19235382325394304,3.4967819036244485e-05,25,20,20
4,3848,3.0383267741458414e-06,0.8996327298438871,0.10034412182832396,2.011000101511353e-05,25,20,20
4,3849,2.18097212906354e-06,0.9058013510704979,0.09419643174414427,3.621322847508763e-08,25,20,20
4,3850,5.588627675343596e-09,0.9237622128087262,0.07623749094841728,2.906542289133042e-07,25,20,20
4,3851,2.8402247332774365e-09,0.9201449588709028,0.07985474886971111,2.894191612140758e-07,25,20,20
4,3852,3.744805154153672e-09,0.8237044160507554,0.17629529142702036,2.887774190669167e-07,25,20,20
4,3853,7.240289433043083e-11,0.852909956356344,0.14709002536822746,1.820302555243479e-08,25,20,20
4,3854,5.103746707869135e-11,0.9441960660107885,0.05580393320328527,7.348886612983675e-10,25,20,20
4,3855,7.284288383277698e-09,0.7788167254897707,0.22118325589950383,1.1326436437566141e-08,25,20,20
4,3856,4.2481711013846335e-10,0.8877404058177778,0.11225957443033373,1.932707146973522e-08,25,20,20
4,3857,3.8909906986936246e-08,0.9150333438429247,0.08496658123343469,3.6013733227244294e-08,25,20,20
4,3858,5.3733506090644894e-11,0.937487100684979,0.06251240784161899,4.914196683023371e-07,25,20,20
4,3859,6.281413818502895e-11,0.8822400281724705,0.1177594885539301,4.832107849178231e-07,25,20,20
4,3860,2.619023750274211e-07,0.8441229641802498,0.15549631209071263,0.00038046182666204076,25,20,20
4,3861,7.324166590747614e-10,0.8736965617204372,0.12630342651336582,1.1033779938486908e-08,25,20,20
4,3862,7.251139044018537e-10,0.9269445192287544,0.07305547879660575,1.2495255478855565e-09,25,20,20
4,3863,1.0616610623395397e-09,0.8995174834516274,0.10048251446034992,1.026361537127799e-09,25,20,20
4,3864,8.87536159509599e-10,0.8585004229070242,0.14148157692827862,1.7999277161281185e-05,25,20,20
4,3865,2.7420884269932066e-09,0.8471257693987911,0.15287422711707147,7.420490390631119e-10,25,20,20
4,3866,1.5819784267618644e-07,0.913097234286397,0.08690260569098825,1.8247719708766522e-09,25,20,20
4,3867,1.591823597827388e-07,0.9281116268984344,0.07188820306571322,1.0853492436775267e-08,25,20,20
4,3868,1.2283902663304077e-08,0.8724852686348228,0.12751442842872038,2.906525545200161e-07,25,20,20
4,3869,1.1342800762466366e-08,0.8782460562630948,0.12175360820902265,3.241850814440132e-07,25,20,20
4,3870,8.923752013044448e-11,0.9069868266428035,0.09301315595732251,1.7310636556142803e-08,25,20,20
4,3871,1.579122221005357e-11,0.9763222051402571,0.023677777206270803,1.763768065318775e-08,25,20,20
4,3872,8.767478950925929e-08,0.8761451337467174,0.12385380050241804,9.780760747843015e-07,25,20,20
4,3873,8.756120139663157e-06,0.8924936054099757,0.10749763689218599,1.5776986419834496e-09,25,20,20
4,3874,8.756194707911233e-06,0.8865310195369357,0.1134599280512934,2.962170630734232e-07,25,20,20
4,3875,2.8569387036791925e-09,0.9171694804817802,0.08282926498785045,1.2516734307569152e-06,25,20,20
4,3876,5.077932671603982e-12,0.9090471591155408,0.09095281698926544,2.3890115532737036e-08,25,20,20
4,3877,0.0001356936375117823,0.9286870153281156,0.07117702266083126,2.683735415247599e-07,25,20,20
4,3878,4.500603285123638e-11,0.9298287773478403,0.0701712156631889,6.943964982966821e-09,25,20,20
4,3879,8.588848416540848e-06,0.8754776427370219,0.12451376768326936,7.312914528100007e-10,25,20,20
4,3880,1.2388392594337656e-10,0.877630872025273,0.12236912741933743,4.315054358747169e-10,25,20,20
4,3881,8.413202829174329e-10,0.8384275309171879,0.16157244454579797,2.3695693511047807e-08,25,20,20
4,3882,6.640277782059968e-11,0.9002261499878841,0.09977384414448853,5.801224380456353e-09,25,20,20
4,3883,2.6118078749682948e-11,0.8505171216011614,0.14948284609020318,3.228251758960262e-08,25,20,20
4,3884,8.828215361095521e-10,0.7648840281056498,0.2351159051378119,6.587371593577508e-08,25,20,20
4,3885,8.996914984445756e-10,0.8983474495323371,0.10165249920075806,5.036721375306319e-08,25,20,20
4,3886,1.1973385264148156e-09,0.9398643132034036,0.06013566744477373,1.8154484230458514e-08,25,20,20
4,3887,1.358644278284571e-08,0.8084439932541825,0.1915379763095267,1.80168498476173e-05,25,20,20
4,3888,1.2129468967743963e-09,0.7819326540029766,0.21806732648622948,1.8297846028266836e-08,25,20,20
4,3889,9.381605824663762e-10,0.7926072289532334,0.20739273464198899,3.546661639356851e-08,25,20,20
4,3890,6.982160710055814e-10,0.8316562736134933,0.16834368360587113,4.208241962686479e-08,25,20,20
4,3891,1.4512815173401405e-09,0.9127432911033256,0.08725666523106894,4.2214323549572026e-08,25,20,20
4,3892,1.0848897440532649e-09,0.9376099142419589,0.06239005726611273,2.740703833925951e-08,25,20,20
4,3893,3.92850174462755e-08,0.9199329017502471,0.08006649072325484,5.682414802933585e-07,25,20,20
4,3894,7.336684310537058e-10,0.9877562272350522,0.012243737247966688,3.478331272659609e-08,25,20,20
4,3895,1.5778339384332918e-08,0.9425395843884524,0.05746038427210944,1.5561098680547034e-08,25,20,20
4,3896,1.5979287379983254e-10,0.9871168869550712,0.012883076825302,3.605983388490536e-08,25,20,20
4,3897,1.860684142146047e-10,0.9648648065474269,0.0351046263407881,3.056692571639988e-05,25,20,20
4,3898,1.2205006616437964e-10,0.9652702001619013,0.03472976360562407,3.611042416988973e-08,25,20,20
4,3899,1.934688333999384e-08,0.9464241632602994,0.05357578984143244,2.75513844470821e-08,25,20,20
4,3900,1.2308780279390164e-06,0.8602282983731716,0.1397694702139979,1.000534802181467e-06,25,20,20
4,3901,3.366346817913747e-08,0.8582287389578097,0.14177023285630638,9.945224157257294e-07,25,20,20
4,3902,2.0104152845231753e-08,0.8683256665893893,0.13167272179869288,1.5915077651558372e-06,25,20,20
4,3903,2.1500254643191625e-08,0.8664977980012409,0.13347074554345736,3.143495504722712e-05,25,20,20
4,3904,6.674813017897643e-06,0.8407024168569356,0.159290896715904,1.1614142157516075e-08,25,20,20
4,3905,7.244075393712755e-08,0.8864104351086263,0.11358947472507575,1.7725543710089378e-08,25,20,20
4,3906,3.903193635726527e-08,0.9097120331334375,0.09026828478556256,1.964304906313397e-05,25,20,20
4,3907,7.493718898431997e-10,0.8758355187081419,0.1241644450684702,3.547401524694321e-08,25,20,20
4,3908,5.277628488818629e-11,0.9523906044153158,0.04760936851383306,2.7018074732341e-08,25,20,20
4,3909,5.076038701857389e-11,0.9123748250120691,0.08762517425944888,6.777212664609765e-10,25,20,20
4,3910,1.0914536072091054e-10,0.8846397854931496,0.11536021375360991,6.440948213882522e-10,25,20,20
4,3911,0.003321676333839848,0.7616084319509089,0.23506988050427494,1.121097614820139e-08,25,20,20
4,3912,2.9128358282818452e-09,0.8847473987786281,0.11525259052409545,7.78444083408055e-09,25,20,20
4,3913,1.6544720977784396e-09,0.8777224941152028,0.12227749624180094,7.988524567459622e-09,25,20,20
4,3914,3.034260326083986e-12,0.9387703185165415,0.06122966287880107,1.8601622975975587e-08,25,20,20
4,3915,3.5848438742183716e-09,0.9355075303705536,0.06449246521250802,8.320945115300357e-10,25,20,20
4,3916,0.0009919984602996656,0.8913283960019948,0.10767958472905974,2.0808645346913074e-08,25,20,20
4,3917,5.1523573705613886e-11,0.9328838562252397,0.06711614338814981,3.3508652486295495e-10,25,20,20
4,3918,8.47097004048218e-06,0.9188387583955184,0.08115180298465578,9.676497850120265e-07,25,20,20
4,3919,8.521223265837759e-06,0.9287423983572414,0.07124808877737272,9.91642119931843e-07,25,20,20
4,3920,1.4793518373581853e-08,0.9321461543827587,0.06785379487099885,3.595272374481627e-08,25,20,20
4,3921,7.204776424123832e-09,0.9244285771349771,0.07548153223338795,8.988342685824838e-05,25,20,20
4,3922,4.509089797290797e-08,0.8797555216154157,0.12020953753844983,3.4895755236748246e-05,25,20,20
4,3923,4.381007884124418e-09,0.9597310896837851,0.0402340101678492,3.489576735805492e-05,25,20,20
4,3924,1.7405714776372708e-09,0.9754063153670239,0.024558787110201943,3.489578220307942e-05,25,20,20
4,3925,1.5895319732405435e-07,0.8572763152618059,0.13975608528020605,0.0029674405047909135,25,20,20
4,3926,5.699595583302404e-08,0.7990574225525221,0.1979737429721151,0.0029687774794065515,25,20,20
4,3927,7.838833862246777e-10,0.9425583609203967,0.05744004499125551,1.5933044641155928e-06,25,20,20
4,3928,1.1384009039297874e-09,0.8906523274939814,0.1093469942810727,6.770865447154056e-07,25,20,20
4,3929,3.919024150046208e-08,0.9030508111561276,0.09694850522390555,6.444297250185867e-07,25,20,20
4,3930,3.853120875517185e-08,0.7661630096600041,0.23383628017426603,6.716345206230526e-07,25,20,20
4,3931,1.1282749575559584e-08,0.8082732369516452,0.19172611347669424,6.382889103972114e-07,25,20,20
4,3932,1.8473224744646094e-12,0.9460295973899515,0.05396977028616393,6.323220371241555e-07,25,20,20
4,3933,1.2266353835940368e-08,0.7857451440109283,0.21425447901117406,3.647115433225225e-07,25,20,20
4,3934,1.5017674916166752e-08,0.8006149170213755,0.19938468611724525,3.8184370407757294e-07,25,20,20
4,3935,1.5892432538201538e-08,0.8542127427325193,0.14578685853070542,3.828443423364998e-07,25,20,20
4,3936,2.2354343009882297e-07,0.838338355104282,0.16166141963701108,1.7152768019712946e-09,25,20,20
4,3937,7.435129949430334e-10,0.9145543850835642,0.0854456125965042,1.5764184159029616e-09,25,20,20
4,3938,6.12787415435316e-08,0.8360551617382881,0.16394280747806897,1.9695049015630747e-06,25,20,20
4,3939,1.7470405497819564e-09,0.8610882418170793,0.13891015228583842,1.604150042671632e-06,25,20,20
4,3940,2.2074206171342275e-09,0.8910416597244937,0.10895830298173417,3.50863518755933e-08,25,20,20
4,3941,5.889218465445001e-12,0.8661125188603429,0.13388747415093374,6.982833929302831e-09,25,20,20
4,3942,3.8662484001113556e-10,0.8902907158354029,0.10970890217366687,3.8160430508346814e-07,25,20,20
4,3943,2.782327191862036e-09,0.7850247541321222,0.2149746759831085,5.671024417216538e-07,25,20,20
4,3944,2.9491736171291146e-09,0.8560692087445679,0.14393077682620517,1.1480053491517886e-08,25,20,20
4,3945,4.379666129309504e-09,0.8611167431250444,0.138882283669704,9.688255855080587e-07,25,20,20
4,3946,2.911065681703647e-10,0.8707785308131322,0.12922050049060244,9.684051590885237e-07,25,20,20
4,3947,1.2949128112212227e-09,0.9195899271907984,0.08040909407408141,9.77440207597359e-07,25,20,20
4,3948,3.8895175544497393e-08,0.9356570105593107,0.06434293242757427,1.8117939465018975e-08,25,20,20
4,3949,6.915732744659663e-10,0.8710052817417367,0.12899471044869673,7.117992869940692e-09,25,20,20
4,3950,6.946030573617473e-10,0.8233839564492631,0.1766160357579139,7.098220225275517e-09,25,20,20
4,3951,5.443527280382194e-12,0.8352334203788268,0.16476629071938245,2.888963472506549e-07,25,20,20
4,3952,1.2048169887411441e-12,0.9403240479481102,0.05967558267691211,3.693737731199792e-07,25,20,20
4,3953,6.662955219870952e-10,0.904959912073776,0.0950397180847615,3.691751668637847e-07,25,20,20
4,3954,1.6700088979740272e-09,0.880730734556492,0.11926925805165284,5.721846223510579e-09,25,20,20
4,3955,9.798066736171781e-11,0.8388387394155616,0.16115616789463644,5.092591820302228e-06,25,20,20
4,3956,1.1114088726800946e-10,0.9015934960498526,0.09840650306591908,7.730867762219687e-10,25,20,20
4,3957,1.7707550171842767e-09,0.8849288327368595,0.11507115483650238,1.0655882561853555e-08,25,20,20
4,3958,2.1672671404458423e-08,0.9100456938467262,0.08992375380729133,3.0530673311421274e-05,25,20,20
4,3959,9.453502438014085e-10,0.9260565738166534,0.07394342488212201,3.5587467332681134e-10,25,20,20
4,3960,7.925561326661893e-10,0.9172073477770566,0.08279071718463622,1.9342457503714174e-06,25,20,20
4,3961,5.108271884479842e-10,0.8513900329815547,0.1486099200926983,4.6414919421042436e-08,25,20,20
4,3962,5.585301789865822e-10,0.9032127564327667,0.09678723556747455,7.44122841707903e-09,25,20,20
4,3963,2.9541791139345026e-09,0.9383591965611952,0.0616407908466193,9.638006227571005e-09,25,20,20
4,3964,1.353569174126509e-12,0.9914456401302948,0.008554342572295197,1.7296056380606575e-08,25,20,20
4,3965,1.1222789716940232e-10,0.8776401983233924,0.12235943655166835,3.6501271137309207e-07,25,20,20
4,3966,8.370391310259556e-07,0.9139771085396853,0.08602166070119437,3.9371998908956894e-07,25,20,20
4,3967,8.137518811774043e-10,0.9461940499132123,0.053805948629618267,6.434169262926302e-10,25,20,20
4,3968,3.1901978104117477e-10,0.8924795972782344,0.10752039090998045,1.1492765331390097e-08,25,20,20
4,3969,4.322159074534557e-12,0.9450552838911515,0.054944715789362795,3.1516371647768794e-10,25,20,20
4,3970,1.1179734426083305e-06,0.8728499503176392,0.12714893123522897,4.736888656663507e-10,25,20,20
4,3971,1.5640170094045856e-07,0.9115650311036216,0.08843479488599452,1.7608682859668264e-08,25,20,20
4,3972,1.5633962371181723e-07,0.921297526503718,0.07870231651188977,6.447683703786944e-10,25,20,20
4,3973,6.291925540178532e-11,0.905585945017656,0.09441405427448187,6.449429410722841e-10,25,20,20
4,3974,4.786611729746792e-10,0.8190326681241001,0.18096733014556826,1.2516709856919194e-09,25,20,20
4,3975,9.944030932547524e-11,0.9243155506538521,0.07568441437595698,3.487075055332398e-08,25,20,20
4,3976,1.5707392141996165e-08,0.8575708622046876,0.14242880230826582,3.1977965383382716e-07,25,20,20
4,3977,1.91434413760403e-11,0.9171576800120869,0.08284226099413976,5.897462994203755e-08,25,20,20
4,3978,7.310657887233313e-10,0.9380716433673163,0.06192833287984916,2.302176831006778e-08,25,20,20
4,3979,7.204985808296512e-10,0.9111821700059892,0.088817822901292,6.372220347382051e-09,25,20,20
4,3980,4.102239496736122e-12,0.9551696209186393,0.04483036050787547,1.856938303206619e-08,25,20,20
4,3981,2.7594423314082894e-09,0.9001535388230673,0.09984642853560553,2.988188519334202e-08,25,20,20
4,3982,3.798245722562428e-12,0.9471078488920612,0.052892150572433135,5.317071183950344e-10,25,20,20
4,3983,7.073551056225384e-09,0.8715043874063876,0.1284955977505658,7.769495301192014e-09,25,20,20
4,3984,5.1709605390892367e-11,0.8937223771502188,0.10627666588825445,9.56909817184262e-07,25,20,20
4,3985,3.776050077603268e-08,0.939040020385827,0.060959940266664514,1.5870081055091698e-09,25,20,20
4,3986,4.057223341265958e-08,0.9263896605255099,0.07361029749683672,1.4054199238344993e-09,25,20,20
4,3987,0.00021551453468908146,0.8442884779012725,0.15549564499221957,3.625718184271957e-07,25,20,20
4,3988,1.278821801716479e-09,0.8273893729009668,0.17261060826301824,1.7557192934524805e-08,25,20,20
4,3989,1.7812288026992287e-10,0.9177146213981711,0.08228536790876634,1.0514939291606157e-08,25,20,20
4,3990,1.0955692680292073e-09,0.8492582751293594,0.15074136000332194,3.6377174906453727e-07,25,20,20
4,3991,1.0814809165926268e-09,0.9070659107971639,0.09293277796872629,1.3101526288262506e-06,25,20,20
4,3992,1.0224063616903958e-09,0.8950285188938235,0.10497014967365148,1.3304101184549546e-06,25,20,20
4,3993,9.13188186850159e-08,0.8716537929000436,0.12834573534761698,3.8043352039089484e-07,25,20,20
4,3994,4.990072152999712e-06,0.801186579195884,0.19880806709966303,3.636322996069876e-07,25,20,20
4,3995,1.3866737504444302e-06,0.8171275668114929,0.18287065788126025,3.8863349610380673e-07,25,20,20
4,3996,1.3856958426361926e-06,0.8249746064669583,0.17502399618172762,1.1655470774149559e-08,25,20,20
4,3997,3.8560872742097764e-08,0.9412738380229054,0.05872610425262183,1.9163600025928645e-08,25,20,20
4,3998,9.18839259982e-11,0.94913028310734,0.05086971678086407,1.9912038707738523e-11,25,20,20
4,3999,3.793656527845647e-08,0.888908185472127,0.1110917595521847,1.7039122500985188e-08,25,20,20
4,4000,2.8284355242117385e-05,0.883571670068159,0.11639902771470816,1.0178618897160433e-06,25,20,20
4,4001,2.853725892269686e-11,0.9506740682394971,0.04932493058912461,1.001142840836312e-06,25,20,20
4,4002,2.8503835614893573e-09,0.9279768782770155,0.0720225755391021,5.433334988179185e-07,25,20,20
4,4003,2.8264044761983443e-09,0.9210064846658288,0.07899293455230574,5.779554610912674e-07,25,20,20
4,4004,2.852742369292506e-09,0.9281326162844671,0.07186651428228007,8.665805096592235e-07,25,20,20
4,4005,9.081751376573637e-08,0.9327098797804111,0.06728914019505769,8.892070178786132e-07,25,20,20
4,4006,3.269324865625148e-11,0.9805502443706874,0.019449754940458558,6.561612398015704e-10,25,20,20
4,4007,2.8395879936055455e-09,0.9904521693557308,0.009547809460102218,1.834457943681132e-08,25,20,20
4,4008,5.876089059955396e-09,0.9324607204572257,0.06753869733524627,5.763314389292001e-07,25,20,20
4,4009,4.3372050371318004e-09,0.9133928542003544,0.08660712246450354,1.899793667332845e-08,25,20,20
4,4010,3.763895595488776e-09,0.9051254452730746,0.09487451994002125,3.102300847264296e-08,25,20,20
4,4011,3.734003496936446e-09,0.9114054763645284,0.08859451279478824,7.106680005903237e-09,25,20,20
4,4012,3.130393162413334e-09,0.8920475343233037,0.10795185951348905,6.030328133658234e-07,25,20,20
4,4013,1.5931674293385503e-07,0.9146678481524693,0.08533194718348845,4.5347299834942334e-08,25,20,20
4,4014,1.5653108682109916e-07,0.8960395002627196,0.10396032035698247,2.284921110847608e-08,25,20,20
4,4015,1.5632085291567878e-07,0.9298092487140363,0.07018962108232234,9.738827884470677e-07,25,20,20
4,4016,1.5699579163161798e-07,0.9825697268330437,0.01742914837643757,9.677947274144813e-07,25,20,20
4,4017,1.5456622265654391e-07,0.9129645781492693,0.08703486813768292,3.991468252234102e-07,25,20,20
4,4018,8.356305575079288e-10,0.913579916995601,0.08642005916347552,2.3005292331459997e-08,25,20,20
4,4019,1.4436951802532516e-05,0.7792617710612714,0.22072372324961556,6.873730973836708e-08,25,20,20
4,4020,7.330210504164832e-10,0.8678621939061582,0.1321377929096682,1.2451152288262283e-08,25,20,20
4,4021,6.330606498751845e-11,0.9241593457984973,0.07584064644067878,7.697517760375038e-09,25,20,20
4,4022,6.96988184535324e-11,0.9187772183015338,0.08122278128422726,3.445399185120326e-10,25,20,20
4,4023,4.474899037447813e-09,0.9250447790145624,0.07495519896832285,1.75422155867241e-08,25,20,20
4,4024,6.290557545520989e-11,0.9130622231703128,0.08693774181186631,3.4954915209426984e-08,25,20,20
4,4025,4.331907380593198e-08,0.8685242184772014,0.13147572760491424,1.0598810602246156e-08,25,20,20
4,4026,2.6470988161485914e-11,0.9608965539779392,0.03910344533657225,6.590172213372786e-10,25,20,20
4,4027,2.605578966072283e-10,0.914587421707486,0.08539195261326553,2.0625418690413194e-05,25,20,20
4,4028,6.971103640457126e-10,0.9391248301985972,0.06087516245922806,6.645064286197728e-09,25,20,20
4,4029,6.841723864560085e-10,0.8772758909793255,0.12272410232040347,6.0160983447165135e-09,25,20,20
4,4030,1.3365160940986634e-09,0.9837598448364812,0.016240152892637645,9.343648611944856e-10,25,20,20
4,4031,3.5217420836501632e-09,0.918266583535225,0.08173303067916922,3.8226386374779506e-07,25,20,20
4,4032,2.8262919960837506e-09,0.8883851336046575,0.11161445293132545,4.106377248400764e-07,25,20,20
4,4033,1.1075371275700899e-08,0.8525740836432375,0.147425817609065,8.76723251367075e-08,25,20,20
4,4034,4.107552503482977e-11,0.9158953494935019,0.0841046493472041,1.1182179486875072e-09,25,20,20
4,4035,4.911674962156104e-09,0.9065539400596727,0.09344601924882627,3.577982625367741e-08,25,20,20
4,4036,9.997915295729278e-11,0.8944622842896354,0.10553771486227072,7.481150150360879e-10,25,20,20
4,4037,1.5790381023022901e-09,0.9020661514721501,0.09612128185076158,0.0018125650980501092,25,20,20
4,4038,5.52993481660198e-11,0.8612699004802448,0.1387300813436415,1.8120814152735248e-08,25,20,20
4,4039,5.914353766185368e-06,0.8249118043840318,0.16644916145076472,0.00863311981143723,25,20,20
4,4040,2.50346523058045e-09,0.9245426167848918,0.07545738005417925,6.5746405697378e-10,25,20,20
4,4041,3.8209706292582724e-08,0.9315915178466865,0.06840781744875243,6.264948547899017e-07,25,20,20
4,4042,4.88372039368761e-09,0.8505779247065748,0.14942143336217972,6.370475251389129e-07,25,20,20
4,4043,1.0060686471622649e-09,0.8754960050348557,0.12450398805636478,5.9027106646536026e-09,25,20,20
4,4044,2.155023473980027e-06,0.9558080666305296,0.0441897607227743,1.7623221683007243e-08,25,20,20
4,4045,2.154983525353214e-06,0.8572575575575505,0.14273999835830506,2.891006186386795e-07,25,20,20
4,4046,1.3826466649308323e-11,0.9357242560045453,0.0642757433255958,6.560319807786605e-10,25,20,20
4,4047,4.304000876069411e-09,0.887733685820117,0.11226629262171636,1.7254165335623534e-08,25,20,20
4,4048,4.342943638757931e-09,0.8359747494093717,0.16402522952293622,1.672474834443601e-08,25,20,20
4,4049,7.283123641465726e-10,0.83913960527377,0.16086038656792406,7.429993254838949e-09,25,20,20
4,4050,1.6153930321487735e-07,0.8573932051842915,0.14260661474157574,1.853482924353764e-08,25,20,20
4,4051,2.9747522415384967e-09,0.9189399389344698,0.0810600570331146,1.057663323065164e-09,25,20,20
4,4052,4.136852747007093e-10,0.8715481124522881,0.12845187921017592,7.923850606903968e-09,25,20,20
4,4053,2.3855727655530733e-08,0.8698947418215901,0.1300755938593845,2.9640463297625234e-05,25,20,20
4,4054,6.271200087891249e-08,0.9106377281552345,0.08933231306872365,2.9896064041091552e-05,25,20,20
4,4055,4.213841687978253e-08,0.8541704726914661,0.14582886031446832,6.248556490118015e-07,25,20,20
4,4056,2.917249786012157e-09,0.8978117755537269,0.10218822119647189,3.325515769995709e-10,25,20,20
4,4057,9.168944244919567e-10,0.8369773481883307,0.1630226497266636,1.1681113538109458e-09,25,20,20
4,4058,7.793280526688923e-10,0.8073531939924482,0.19264586653734925,9.386908748084789e-07,25,20,20
4,4059,4.075725307773034e-08,0.9267681803343842,0.07323145521038565,3.2369797720668365e-07,25,20,20
4,4060,5.6635818037850964e-08,0.9280753874824438,0.07190491328205756,1.9642599680399518e-05,25,20,20
4,4061,1.0608848787955465e-07,0.8074203826289889,0.19255985844672138,1.9652835801386692e-05,25,20,20
4,4062,5.481223887038278e-08,0.8141365125765414,0.18584378325669795,1.964935452058945e-05,25,20,20
4,4063,6.439976910123091e-10,0.9045949046619731,0.09540506976486704,2.4929162445695095e-08,25,20,20
4,4064,8.256191004495807e-10,0.838361147170236,0.16163785502379388,9.969803502801865e-07,25,20,20
4,4065,1.7988173580332763e-08,0.7436602689584815,0.2563396845777511,2.8475593022679885e-08,25,20,20
4,4066,2.1908441312281742e-07,0.7807367966727484,0.21926265025191075,3.3399092767317294e-07,25,20,20
4,4067,2.807698107188678e-09,0.8400643791619529,0.1599356010515414,1.6978806869883597e-08,25,20,20
4,4068,5.305217435044005e-09,0.8092415154704702,0.19074370879276123,1.4770431550680029e-05,25,20,20
4,4069,1.5387589682840448e-10,0.8733352022635088,0.12666476162030788,3.596230649900637e-08,25,20,20
4,4070,7.234652549058837e-10,0.9157567657224602,0.08424323259858665,9.554875138903028e-10,25,20,20
4,4071,2.5740674844500367e-11,0.9115074139353481,0.08849258448594613,1.5529651420654904e-09,25,20,20
4,4072,8.985069516770163e-10,0.8751852538984347,0.12481473836534385,6.837714040071454e-09,25,20,20
4,4073,1.5964657087543809e-09,0.8773146091792985,0.12268537120241332,1.8021822087794763e-08,25,20,20
4,4074,4.084675226169137e-09,0.9702032911556329,0.029796686432000632,1.8327691754367458e-08,25,20,20
4,4075,2.668180826162887e-10,0.9112690070888321,0.08872972178135743,1.2708629921422314e-06,25,20,20
4,4076,2.6893186443682163e-10,0.9582799732306144,0.04171974771407415,2.787863796486425e-07,25,20,20
4,4077,1.3056898906909423e-09,0.8925612956294057,0.10741554124017952,2.3161824724348192e-05,25,20,20
4,4078,4.912366464870316e-09,0.880585838039146,0.11939067280221041,2.3484246277084013e-05,25,20,20
4,4079,1.050355536723723e-09,0.9590110319940688,0.040987991207290644,9.75748284848778e-07,25,20,20
4,4080,2.0602380452919705e-09,0.9403746889528759,0.05962396317992767,1.3458069581691984e-06,25,20,20
4,4081,1.529681194019714e-07,0.9200590698292167,0.07994040558638175,3.716162823741441e-07,25,20,20
4,4082,3.394279964992897e-05,0.8729451890611182,0.12702049800098078,3.701382513244275e-07,25,20,20
4,4083,3.378974327163037e-05,0.8360418089833362,0.16392400775540328,3.935179888955454e-07,25,20,20
4,4084,1.018353654254011e-09,0.8545084289148798,0.1454911993773046,3.7068946164425776e-07,25,20,20
4,4085,3.065957590511268e-09,0.8504053836558524,0.14959329730753368,1.3159706562579214e-06,25,20,20
4,4086,2.0165243766994634e-08,0.8677134235620495,0.13085146240493134,0.0014350938677748124,25,20,20
4,4087,1.0442650583831392e-10,0.928149801632933,0.07185019662250518,1.6401347666481018e-09,25,20,20
4,4088,1.4375291298880218e-09,0.9269858345787082,0.073013178826354,9.851574084663272e-07,25,20,20
4,4089,1.4319470688793175e-09,0.9569062353806633,0.04309371110747306,5.207991649463246e-08,25,20,20
4,4090,5.285529299545118e-11,0.9880144818198174,0.011985500592771536,1.7534555670644125e-08,25,20,20
4,4091,1.7646752256308157e-09,0.9229030402784497,0.07709695627190943,1.684964870675869e-09,25,20,20
4,4092,5.2350969024174026e-11,0.9160559851706961,0.08394401320390196,1.5730512154504122e-09,25,20,20
4,4093,7.165829213115881e-10,0.9411990446966233,0.05880095333415972,1.2526336282294444e-09,25,20,20
4,4094,1.6664675398426483e-09,0.8787022459940834,0.12129767961369443,7.27257537137036e-08,25,20,20
4,4095,7.760383244680265e-10,0.911468112630172,0.08851715222995708,1.4734363832591496e-05,25,20,20
4,4096,4.447565952725568e-09,0.9345939130497766,0.06537498395898657,3.109854367098319e-05,25,20,20
4,4097,3.5534478254438123e-10,0.9060364064385104,0.0939635914836323,1.7225132316969077e-09,25,20,20
4,4098,3.142112215834322e-10,0.9081277362362914,0.09187224501955953,1.842993779824166e-08,25,20,20
4,4099,7.009922060061772e-10,0.9379505684047831,0.0620494063753396,2.4518884980457133e-08,25,20,20
4,4100,2.8117555368006133e-09,0.9345597470481137,0.06544021482158405,3.5318546980853374e-08,25,20,20
4,4101,1.6516357686988267e-10,0.9070032825432641,0.09299573188598026,9.854055920830138e-07,25,20,20
4,4102,1.8114448432308202e-10,0.9177267791845598,0.08227225233132504,9.683029708090144e-07,25,20,20
4,4103,8.475407083882802e-10,0.9320412158504727,0.06795876423418525,1.90678017836049e-08,25,20,20
4,4104,7.620803981580479e-10,0.9259928687177872,0.07400711248534442,1.803478782129767e-08,25,20,20
4,4105,1.512157873531512e-09,0.920679347685895,0.07932061421921902,3.6582728192334187e-08,25,20,20
4,4106,1.3719709732384205e-07,0.9695205469615717,0.030479296423203506,1.9418127205389995e-08,25,20,20
4,4107,3.151118141383174e-08,0.8449924754752125,0.15500650277625438,9.902373510492574e-07,25,20,20
4,4108,2.8166687918596043e-09,0.8933754236514129,0.10662363421754596,9.393143713330402e-07,25,20,20
4,4109,2.8121986926618817e-09,0.8625405152721817,0.13745854283333167,9.390822875815862e-07,25,20,20
4,4110,3.8667046603248355e-08,0.8918076338396322,0.10819230419972252,2.329359821194935e-08,25,20,20
4,4111,9.522635895849262e-11,0.8629892310617548,0.13701073874340083,3.009961749435089e-08,25,20,20
4,4112,1.563236880465123e-07,0.8536289266849516,0.14637088159756048,3.5393799574508055e-08,25,20,20
4,4113,1.5598658284319565e-07,0.8373086200612909,0.16269118173410843,4.2218017692129815e-08,25,20,20
4,4114,4.562666007119953e-10,0.909732103372313,0.09026734530673361,5.508646866939551e-07,25,20,20
4,4115,5.2255337480522264e-11,0.9479606695999897,0.052039329503323704,8.444314004371444e-10,25,20,20
4,4116,1.7842330946082912e-10,0.8883509911423644,0.11164898568901453,2.299019750651863e-08,25,20,20
4,4117,2.266375981072834e-07,0.857174582448513,0.14282517327841882,1.7635469967254308e-08,25,20,20
4,4118,1.0258387377162627e-09,0.9183492889081524,0.08165068574404151,2.4321966935481713e-08,25,20,20
4,4119,9.63347153825862e-07,0.8195502591913149,0.1804487348667727,4.2594758022300784e-08,25,20,20
4,4120,9.634200617478261e-07,0.942998001433598,0.05700100911531728,2.6031022846064356e-08,25,20,20
4,4121,9.633941768407757e-07,0.8835644826258165,0.11643452779602491,2.6183981826681335e-08,25,20,20
4,4122,9.62664337423416e-07,0.9266907450358756,0.0733082654666605,2.6833126922756842e-08,25,20,20
4,4123,9.770353927715915e-07,0.8689809434744349,0.13101806467319554,1.4816976672842372e-08,25,20,20
4,4124,5.703158656126698e-11,0.8882146557395353,0.11178530737175216,3.6831680704662934e-08,25,20,20
4,4125,9.42430696326291e-07,0.8617509904167621,0.13824691678194456,1.150370597432705e-06,25,20,20
4,4126,1.9944210335707583e-08,0.8900762907590135,0.10992366276628435,2.6530491916176668e-08,25,20,20
4,4127,1.504259284905873e-11,0.8611034357840114,0.13886605068191035,3.0513519035678455e-05,25,20,20
4,4128,2.4059314968756745e-08,0.8613428511021003,0.1386265757645805,3.054907400438971e-05,25,20,20
4,4129,5.5151200660956694e-09,0.9142463699526264,0.0857535887468857,3.5785367273964396e-08,25,20,20
4,4130,3.414922048288792e-09,0.8877768104801858,0.11222221765637481,9.684485166687536e-07,25,20,20
4,4131,7.268126979419578e-11,0.8988408115576105,0.10115918710534495,1.2643625327411432e-09,25,20,20
4,4132,8.088557054504324e-11,0.8802939055988241,0.11970605839850344,3.592178651283638e-08,25,20,20
4,4133,6.347293537553165e-08,0.7974827575870722,0.20251717829843977,6.415519259109598e-10,25,20,20
4,4134,6.348560902077142e-08,0.9143053030066376,0.08569460891823483,2.4589519054022173e-08,25,20,20
4,4135,6.343976401192336e-08,0.9287581039520325,0.07124181397603405,1.8632169511836925e-08,25,20,20
4,4136,8.479333516500954e-08,0.9080321822381856,0.09193720124723508,3.053172124396357e-05,25,20,20
4,4137,1.227682590883098e-07,0.8759887317782256,0.12401114542010286,3.341210474213098e-11,25,20,20
4,4138,6.345781779278543e-08,0.819618611672438,0.1803813130586888,1.181105574103546e-08,25,20,20
4,4139,8.478206448206314e-08,0.7522834608414297,0.24771599116012488,4.6321638167745784e-07,25,20,20
4,4140,8.480641329188259e-08,0.8115057506891415,0.1884941634818079,1.0226374344884047e-09,25,20,20
4,4141,6.558996936498865e-11,0.9177829121091409,0.08221708643342557,1.3918434784443136e-09,25,20,20
4,4142,4.874841706018317e-09,0.8876106292338198,0.11238933028224371,3.560909396862425e-08,25,20,20
4,4143,0.0001317466515465079,0.8353946232679847,0.164473611646286,1.8434182665879e-08,25,20,20
4,4144,8.76113390820794e-06,0.9252092713635771,0.07478196720582153,2.9669301280763366e-10,25,20,20
4,4145,9.46383824080414e-06,0.8622696117875663,0.13770262665303268,1.8297721159501796e-05,25,20,20
4,4146,1.9506712384663056e-07,0.8797830201663515,0.12021678434212417,4.244008624584457e-10,25,20,20
4,4147,6.093249465969075e-11,0.9053254711906686,0.09467450015374167,2.8594657354612863e-08,25,20,20
4,4148,7.843999246479382e-11,0.8309961158868535,0.1690038383833337,4.565137271786782e-08,25,20,20
4,4149,5.649642845447759e-11,0.90506757277929,0.09493237386845921,5.329575462557697e-08,25,20,20
4,4150,6.558901937354277e-11,0.8062100598057197,0.1937899047486896,3.5380001946200084e-08,25,20,20
4,4151,2.643378418416917e-10,0.8796746183555646,0.12032534569543082,3.5684666729197e-08,25,20,20
4,4152,3.7440842798523854e-08,0.8406452925187479,0.15935437880089862,2.9123951102944957e-07,25,20,20
4,4153,3.9854725964780893e-08,0.8591316060784715,0.14086833623593412,1.783086863872214e-08,25,20,20
4,4154,3.489804566608649e-11,0.9020410207113724,0.09795895382954639,2.542418317476903e-08,25,20,20
4,4155,2.6158451089419464e-09,0.9879773325068888,0.01202167929007347,9.855871930303843e-07,25,20,20
4,4156,3.450078954021173e-09,0.9144372745905305,0.08556268629956032,3.5659829607033194e-08,25,20,20
4,4157,2.720081673899465e-09,0.910961609849388,0.08903836960027733,1.7830252902715334e-08,25,20,20
4,4158,8.687765680099704e-10,0.9716937837660798,0.0283061791161039,3.624903980399882e-08,25,20,20
4,4159,8.584582958770265e-10,0.8857763618866653,0.1142236312044953,6.050381589669284e-09,25,20,20
4,4160,1.551477147654503e-07,0.8813219782419734,0.118677849688725,1.692158731787779e-08,25,20,20
4,4161,2.845711411752887e-09,0.8514485888996269,0.14855138007169416,2.8182966884670993e-08,25,20,20
4,4162,1.0483999654312307e-09,0.8570206476602407,0.14297935064038167,6.509770217707463e-10,25,20,20
4,4163,5.103252158599308e-11,0.8926303886799178,0.10736960061164356,1.0657405635084743e-08,25,20,20
4,4164,2.8537488308373276e-09,0.9012641499463727,0.09873584654042805,6.594500328178265e-10,25,20,20
4,4165,2.9641449286466394e-09,0.8982674595020543,0.10173158162052509,9.55913275534791e-07,25,20,20
4,4166,7.19555811434919e-11,0.9573160055261638,0.04268304295678515,9.514450952839961e-07,25,20,20
4,4167,9.049127764869974e-11,0.9441403632299793,0.05585868616124293,9.505182864866255e-07,25,20,20
4,4168,7.90873253015169e-11,0.8460790859670395,0.1539199567167686,9.572371043360638e-07,25,20,20
4,4169,9.963965192845743e-11,0.9614981321041698,0.03850091663636629,9.511598243314079e-07,25,20,20
4,4170,7.525284655774124e-10,0.8847416230533082,0.11525837544900176,7.45162023496099e-10,25,20,20
4,4171,2.113359863292944e-06,0.9222339164503909,0.07776301993875517,9.502509906596503e-07,25,20,20
4,4172,7.806082492824294e-10,0.883096958493583,0.11690304007038983,6.554182788398663e-10,25,20,20
4,4173,1.63063683897518e-09,0.8943970835338377,0.10560287858128012,3.625424536652746e-08,25,20,20
4,4174,7.01659416856919e-10,0.9451198286414385,0.0548801347153202,3.5941582270621796e-08,25,20,20
4,4175,1.7434611798132201e-09,0.9309082258144993,0.06909177209095411,3.510855375217401e-10,25,20,20
4,4176,3.891714889516328e-08,0.9480321077838364,0.05196783479416144,1.8504853377047474e-08,25,20,20
4,4177,3.8965477353459327e-08,0.8885535810369403,0.11144637865375037,1.3438316841252638e-09,25,20,20
4,4178,3.790586083748771e-09,0.9031402270950217,0.09685976878084337,3.3354886237278484e-10,25,20,20
4,4179,5.327186732994904e-11,0.8806671580521384,0.11933284154254949,3.520403498118665e-10,25,20,20
4,4180,2.708915778899053e-09,0.8798346852031682,0.1201649471671142,3.6492080158847805e-07,25,20,20
4,4181,2.7808182865962514e-09,0.8915547172540589,0.10844490862933563,3.7133578747101465e-07,25,20,20
4,4182,0.0002529225114981349,0.8050662484804844,0.1946808127173491,1.629066835660802e-08,25,20,20
4,4183,1.4389849969204646e-09,0.8964307369823691,0.1035692368709712,2.4707674937048698e-08,25,20,20
4,4184,1.531163729990537e-07,0.9184082437199638,0.08159159626870018,6.894963413698961e-09,25,20,20
4,4185,4.1798307664646203e-07,0.7896946168219544,0.21030496423923026,9.557382732255813e-10,25,20,20
4,4186,5.13458620225762e-11,0.9247571131331261,0.0752428864772229,3.3830471230208454e-10,25,20,20
4,4187,3.392969820395704e-12,0.9318008605826421,0.06819913918931425,2.2465025002456625e-10,25,20,20
4,4188,9.943862598868764e-08,0.8640587749751449,0.1359397731324491,1.3524537796188824e-06,25,20,20
4,4189,2.7775368749497324e-09,0.8659779351418362,0.13402005306497297,2.009015653226155e-06,25,20,20
4,4190,3.002354136918202e-09,0.8006069991176049,0.1993909966539977,2.001226042067289e-06,25,20,20
4,4191,1.147049393337882e-05,0.7628454170156266,0.23714172774477127,1.3847456683712805e-06,25,20,20
4,4192,2.9211222801139884e-11,0.8182515089937223,0.18174849064090437,3.361619359203776e-10,25,20,20
4,4193,1.685038990989076e-09,0.8385093214500111,0.16149066951565116,7.349298104176486e-09,25,20,20
4,4194,7.285436681017093e-10,0.9393913608486345,0.06058799571983378,2.0642702987432883e-05,25,20,20
4,4195,1.221268265660329e-09,0.8739479536246247,0.1260356414274516,1.6403726654928197e-05,25,20,20
4,4196,4.4565178184979336e-08,0.8575607349317492,0.14243823366754982,9.868355227750901e-07,25,20,20
4,4197,3.911047774430749e-08,0.9356752298597266,0.06432469543458329,3.559521229174963e-08,25,20,20
4,4198,9.39543413621909e-10,0.8099527852662309,0.1900472076093832,6.184842233969595e-09,25,20,20
4,4199,1.321149790081104e-09,0.9135747889605351,0.08642455570521143,6.540131033823807e-07,25,20,20
4,4200,4.87087342075672e-10,0.9209068115847414,0.0790918890626216,1.2988655494913651e-06,25,20,20
4,4201,4.821281762582162e-10,0.9173488716630535,0.08264985418517001,1.2736696486256145e-06,25,20,20
4,4202,1.5737137207426897e-07,0.9075164748800953,0.09170064890457016,0.0007827188439622882,25,20,20
4,4203,1.5968702113304122e-10,0.9103713759211028,0.08884593977248972,0.0007826841467204603,25,20,20
4,4204,7.1231058776389325e-09,0.8512345902695226,0.11764692939930069,0.031118473208071075,25,20,20
4,4205,7.259226978764529e-10,0.8854587686148028,0.11375913295592438,0.0007820977033504042,25,20,20
4,4206,1.3793848570410322e-08,0.9188480258906517,0.0811519547969879,5.518511738675091e-09,25,20,20
4,4207,9.086994235672893e-11,0.8927275245139091,0.10727152486980165,9.505254188848952e-07,25,20,20
4,4208,6.832644952777229e-11,0.9099929026576195,0.09000614674740406,9.505266498357657e-07,25,20,20
4,4209,2.1460748727517083e-11,0.9059767776262413,0.09402322233323865,1.9058984531668767e-11,25,20,20
4,4210,9.857182304673655e-08,0.8899623316889104,0.1100375694006115,3.386543513391917e-10,25,20,20
4,4211,9.85823368080118e-08,0.9502826470096238,0.04971725406584244,3.4219691806369193e-10,25,20,20
4,4212,9.143263338438707e-08,0.9049570123673537,0.09504233149168513,5.647083281671584e-07,25,20,20
4,4213,7.600820346696993e-10,0.9153971533001259,0.08460284453113967,1.4086522029430544e-09,25,20,20
4,4214,1.5996270129034382e-07,0.885919166783387,0.11408065453699846,1.8716913034065657e-08,25,20,20
4,4215,8.418966350300852e-10,0.8788206455577271,0.12117933530368324,1.8296692834726498e-08,25,20,20
4,4216,7.343477874562141e-10,0.8116751752049968,0.18832482402472295,3.59321974720475e-11,25,20,20
4,4217,8.284753333926371e-10,0.9289100876108326,0.07108989341992852,1.814076379687901e-08,25,20,20
4,4218,1.0267148958381771e-10,0.8617439350087396,0.13825574773166444,3.171569236047352e-07,25,20,20
4,4219,5.0433341407246285e-06,0.8986308708701957,0.10136379652170309,2.892739601563413e-07,25,20,20
4,4220,7.2090828268491136e-06,0.8836649755264524,0.11632779709836084,1.8292359389429692e-08,25,20,20
4,4221,7.506148511897708e-06,0.8125485026351122,0.18744397008767122,2.1128704921906483e-08,25,20,20
4,4222,2.1570232817687607e-06,0.9232353116989457,0.07676253046526221,8.125098739803491e-10,25,20,20
4,4223,2.156607553269491e-06,0.9292157553542075,0.07078113705191406,9.509863246230497e-07,25,20,20
4,4224,2.1545240703312027e-06,0.9547288924860894,0.04526895196488206,1.0249579783994568e-09,25,20,20
4,4225,1.2808554777297496e-11,0.9138536730250132,0.08614632672728235,2.348955068409348e-10,25,20,20
4,4226,1.24459501783237e-10,0.9543641888079334,0.04563579295648388,1.811112310975703e-08,25,20,20
4,4227,7.503437204124659e-10,0.9601964856687033,0.039802562134671565,9.514462815141784e-07,25,20,20
4,4228,1.966638615601592e-10,0.8766921613367588,0.1232931105960609,1.472787051594781e-05,25,20,20
4,4229,1.9632584193223767e-10,0.8877511095841167,0.11223414485804481,1.4745361512016981e-05,25,20,20
4,4230,6.195312329287593e-11,0.9455697624926341,0.0544302023451353,3.5100276783815674e-08,25,20,20
4,4231,5.5900335906055833e-11,0.9001790380736294,0.099819959089222,1.002781247961727e-06,25,20,20
4,4232,6.697451971438883e-11,0.8904475200664862,0.10955245018558855,2.9680950904566952e-08,25,20,20
4,4233,2.7996019403038095e-09,0.9101146997301853,0.08988526783421134,2.9636001276045243e-08,25,20,20
4,4234,1.6024739142275447e-09,0.8737818837096468,0.12621756703282022,5.476550591979674e-07,25,20,20
4,4235,1.6051042275323045e-09,0.8429701409880874,0.15702931006728446,5.473395242666072e-07,25,20,20
4,4236,4.184717559016285e-08,0.8240861199900293,0.17591282958287416,1.0085799204037884e-06,25,20,20
4,4237,7.477812589472756e-09,0.8374334767870331,0.16256649266636292,2.3068790548343328e-08,25,20,20
4,4238,2.466996004914356e-10,0.9021508253726442,0.09784916835671657,6.023939540028638e-09,25,20,20
4,4239,2.166762709233265e-06,0.8434615093908099,0.15653631784410502,6.002375146040551e-09,25,20,20
4,4240,2.165525286183562e-06,0.9164932142261967,0.08350407241056558,5.478379513654548e-07,25,20,20
4,4241,8.333906495587418e-10,0.908906258088535,0.09109318915643128,5.519216430273517e-07,25,20,20
4,4242,2.492347800875171e-10,0.9643850926612244,0.035614906347607056,7.419337862280437e-10,25,20,20
4,4243,2.568134325478321e-10,0.9232037084048181,0.07679628998963776,1.3487306095556046e-09,25,20,20
4,4244,2.1868927689905146e-10,0.910398087524187,0.08958389478699365,1.8017470130104924e-05,25,20,20
4,4245,7.823959401566427e-10,0.9168757949277989,0.08312420334739501,9.424107360431115e-10,25,20,20
4,4246,1.505803739440786e-07,0.9546822683842814,0.04531729358029932,2.8745504563468907e-07,25,20,20
4,4247,1.5039656680159387e-07,0.9294653153314067,0.07053451667166012,1.7600365837954428e-08,25,20,20
4,4248,1.7565196693026807e-12,0.9653359305961466,0.03466403417987522,3.5222221593799905e-08,25,20,20
4,4249,7.487156176418968e-11,0.9728731775969885,0.02712680387551715,1.8452622799515066e-08,25,20,20
4,4250,2.6622421676407773e-10,0.8766331142798381,0.12336650386474718,3.8158919047436327e-07,25,20,20
4,4251,8.999995129126354e-11,0.892621664965356,0.10737681958450779,1.5153601361574248e-06,25,20,20
4,4252,3.463543110180438e-09,0.9709293850574187,0.029070575202711137,3.6276327025362306e-08,25,20,20
4,4253,3.088056744658094e-09,0.9480425944735742,0.05195735979120222,4.264716643301945e-08,25,20,20
4,4254,2.944215815111962e-10,0.8730757100278568,0.12692425945049213,3.022722965923145e-08,25,20,20
4,4255,6.139232256675765e-11,0.9020928078049354,0.09790719117025107,9.634216051455073e-10,25,20,20
4,4256,7.33059288175829e-10,0.8441540834546051,0.15584591548770635,3.2462923435433156e-10,25,20,20
4,4257,8.041245188417427e-10,0.7952673675925412,0.20473261375045662,1.785287715456361e-08,25,20,20
4,4258,5.842043687509179e-10,0.7795537392096434,0.22044624242530989,1.7780842181881997e-08,25,20,20
4,4259,5.142285105283522e-10,0.8129307573653441,0.18706924209248865,2.793893443097646e-11,25,20,20
4,4260,1.0021486868157348e-09,0.8669031363632627,0.13309682207519857,4.0559390518694705e-08,25,20,20
4,4261,1.7098108164849297e-09,0.8583431890598946,0.14165676929148996,3.9938804406102656e-08,25,20,20
4,4262,1.2918413792194554e-11,0.9291966167259654,0.07080335612375831,2.7137357359562e-08,25,20,20
4,4263,1.3936740855226566e-11,0.8516856692966247,0.14831432045191137,1.0237526973145964e-08,25,20,20
4,4264,9.564687315439615e-08,0.896595227332634,0.10336977279296089,3.4904227531502635e-05,25,20,20
4,4265,5.008562225574779e-11,0.923453270053935,0.0765467292909362,6.050429870976076e-10,25,20,20
4,4266,1.1702027682806433e-10,0.9068526789858268,0.09314728490335558,3.5993797282780225e-08,25,20,20
4,4267,5.688566112277932e-09,0.8782399612298574,0.12176001432040406,1.876117201662022e-08,25,20,20
4,4268,2.8585949311829266e-09,0.9550877292622161,0.044911702478752175,5.654004368139236e-07,25,20,20
4,4269,7.465274165431903e-11,0.8784013172532322,0.12159784158694106,8.410851741555268e-07,25,20,20
4,4270,1.5744613763011022e-11,0.9690222178647797,0.030976252064970126,1.530054505576282e-06,25,20,20
4,4271,3.0696673297573384e-09,0.8996064756434572,0.10039199062789994,1.5306589751069798e-06,25,20,20
4,4272,5.581996894642019e-09,0.9137905610436735,0.08620943192553274,1.4487967317559805e-09,25,20,20
4,4273,1.5272769335774877e-10,0.8469122514490003,0.1529677552681075,0.000119993130164748,25,20,20
4,4274,7.499308689847452e-10,0.814700130008156,0.18529986747650348,1.7654089767148212e-09,25,20,20
4,4275,6.309430028236264e-11,0.8389158589757884,0.161084130109975,1.085114112629882e-08,25,20,20
4,4276,1.2043565408069587e-06,0.7708968567755612,0.22870268721448844,0.0003992516534079033,25,20,20
4,4277,1.791853169481171e-09,0.9548126566794931,0.04518732340818535,1.8120468030899715e-08,25,20,20
4,4278,1.5800224917555623e-10,0.9789327387532698,0.02106719013732715,7.095140061052619e-08,25,20,20
4,4279,2.453814153939595e-10,0.9350306734292527,0.06496829546672821,1.0308586373305014e-06,25,20,20
4,4280,0.0003799265360382006,0.8338159620114419,0.16580329731224172,8.141402778263821e-07,25,20,20
4,4281,5.435940650250383e-09,0.8861797250235053,0.11382026249372443,7.0468290395270475e-09,25,20,20
4,4282,1.5734052902453374e-07,0.9085692540636452,0.09143058064451892,7.951306687802239e-09,25,20,20
4,4283,2.714732793692365e-09,0.8891492887313486,0.11083593350352551,1.4775050392896024e-05,25,20,20
4,4284,2.7176427345045995e-09,0.8914058492240247,0.10859413538207056,1.267626193765105e-08,25,20,20
4,4285,2.274446980689659e-07,0.8378228642431526,0.1621613157230647,1.559258908436533e-05,25,20,20
4,4286,7.328990252655555e-10,0.922576502070375,0.07742349644253639,7.541896653321365e-10,25,20,20
4,4287,2.8309649012649905e-12,0.957694901874017,0.04230509759495123,5.282004808843757e-10,25,20,20
4,4288,9.520129296476661e-11,0.9693726926289125,0.030627306021844127,1.2540420043555275e-09,25,20,20
4,4289,0.003467480459107291,0.8774244691769268,0.1191080040943817,4.626958405947487e-08,25,20,20
4,4290,7.02805348754237e-07,0.864103813281391,0.1358954651038774,1.8809381976575224e-08,25,20,20
4,4291,7.02676182660322e-07,0.8285611850666217,0.17143808715120507,2.5105989512963043e-08,25,20,20
4,4292,2.8665676867142473e-09,0.9549475739105334,0.04505240429499348,1.892790541185193e-08,25,20,20
4,4293,9.381853506518573e-13,0.9410072704012369,0.05899272864026836,9.575559585082442e-10,25,20,20
4,4294,1.117447079236265e-10,0.9117899966506791,0.0882099505631264,5.267444924014644e-08,25,20,20
4,4295,1.0442012944851957e-09,0.9309980455559274,0.06900193527530066,1.812457077451374e-08,25,20,20
4,4296,7.071832532281622e-10,0.908087963169356,0.09191201813332528,1.7990135647400187e-08,25,20,20
4,4297,7.87050629215684e-10,0.9231954744051776,0.07680445430074259,7.050702910435386e-08,25,20,20
4,4298,5.608777269173312e-06,0.8161369588426609,0.18385737897543614,5.3404633200770214e-08,25,20,20
4,4299,8.519366875010858e-11,0.9284794411610242,0.0715205576774306,1.0763514155690485e-09,25,20,20
4,4300,4.3284810164629065e-08,0.8827245117227153,0.11720693405413157,6.851093834311818e-05,25,20,20
4,4301,1.891737123741576e-07,0.8215625809373843,0.17843720444013592,2.544876638776632e-08,25,20,20
4,4302,2.102640702223889e-08,0.9251855635654149,0.07481437982534823,3.558282936617787e-08,25,20,20
4,4303,2.1001603775433442e-08,0.9069329228035434,0.09306702062331518,3.557153708292244e-08,25,20,20
4,4304,1.6438389663260128e-07,0.8752961767426946,0.12470362321742025,3.565598791263676e-08,25,20,20
4,4305,2.1072637469626945e-08,0.9265295192365902,0.07347042412220288,3.5568569642759203e-08,25,20,20
4,4306,2.1197258255533617e-06,0.9323332694067961,0.06766459319339233,1.767398597624306e-08,25,20,20
4,4307,5.32578173707848e-11,0.978969841248502,0.021030128797845497,2.990039422406557e-08,25,20,20
4,4308,2.7393558802286457e-09,0.9149516946367054,0.0850482903723968,1.2251541445047064e-08,25,20,20
4,4309,8.585395872710045e-11,0.8512847723195097,0.14871458539266197,6.422019744662705e-07,25,20,20
4,4310,1.5670170753430443e-07,0.8969132516462569,0.1030862612036284,3.30448407412493e-07,25,20,20
4,4311,1.5383945729772443e-07,0.8703165344005837,0.12968170018979736,1.6115701616670774e-06,25,20,20
4,4312,3.2042404597269475e-11,0.9101431277763123,0.08985686078893051,1.1402714907238723e-08,25,20,20
4,4313,8.522708305979491e-11,0.9205391970693969,0.07946080108132098,1.7640545013155556e-09,25,20,20
4,4314,8.793593096377972e-11,0.9459438625616342,0.054056119406878954,1.79435504149507e-08,25,20,20
4,4315,9.636230736276677e-08,0.9624162122489757,0.03758365500375204,3.6384964652012346e-08,25,20,20
4,4316,1.9962502670693019e-10,0.9300124123889524,0.06998758666894728,7.42475066528741e-10,25,20,20
4,4317,8.751181611642175e-10,0.9030678782692608,0.09693173795756554,3.828980550085214e-07,25,20,20
4,4318,8.457232280507576e-06,0.8549129515773527,0.14507760253955063,9.886508155828581e-07,25,20,20
4,4319,5.531889767963635e-06,0.857514887566479,0.14247772284480698,1.8576989456076446e-06,25,20,20
4,4320,0.003163873016510766,0.8722914472202562,0.12454427756983204,4.021934004001605e-07,25,20,20
4,4321,5.490668747933741e-06,0.9307619439990812,0.06923253612240948,2.9209761400321613e-08,25,20,20
4,4322,5.494094644649688e-06,0.8235803394027482,0.1763469548964495,6.72116061576689e-05,25,20,20
4,4323,2.8793812275868526e-11,0.8910829327988941,0.10891704890425054,1.8268061566209048e-08,25,20,20
4,4324,2.9678893756517515e-10,0.874691280888065,0.12530871744061242,1.3745336970273459e-09,25,20,20
4,4325,3.969794865556035e-08,0.9329468507967107,0.06705310760909024,1.8962501524751163e-09,25,20,20
4,4326,3.959427597562574e-08,0.9599666441111888,0.04003331470359697,1.5909383137336145e-09,25,20,20
4,4327,4.050781910006811e-08,0.8379752045357486,0.1620247537912468,1.165184788225808e-09,25,20,20
4,4328,4.245576176230822e-08,0.8960314912442933,0.10396846452163466,1.7783099686549507e-09,25,20,20
4,4329,9.970236027772027e-10,0.8788808340609419,0.1211191464894058,1.8452628559981734e-08,25,20,20
4,4330,1.0226643489140124e-09,0.8528973188028682,0.14710267924005835,9.344087646759407e-10,25,20,20
4,4331,5.771781596202121e-08,0.8907013163747416,0.1092775888512371,2.1037056204729614e-05,25,20,20
4,4332,2.8213593219322953e-09,0.9199251261135315,0.08007486361616774,7.4489409467160016e-09,25,20,20
4,4333,9.99033350295323e-08,0.9296268188506451,0.07037242941468255,6.518313374214888e-07,25,20,20
4,4334,5.680243365136701e-06,0.8909379687643876,0.10905571207648673,6.389157601127358e-07,25,20,20
4,4335,1.3446965364845986e-09,0.8484243917285709,0.1515746445270307,9.623997014854572e-07,25,20,20
4,4336,5.818007897084873e-11,0.9292332638937159,0.07076671757074904,1.8477355179271682e-08,25,20,20
4,4337,2.3844145289955498e-11,0.8608491474289501,0.13915082391737704,2.86298291263034e-08,25,20,20
4,4338,1.769766229045978e-09,0.8950199908811769,0.1049799797982973,2.755075946757549e-08,25,20,20
4,4339,1.999282442754989e-10,0.8439150003901054,0.15608499907653,3.334363234538029e-10,25,20,20
4,4340,9.657708494885043e-08,0.8703475600251049,0.12965230829887286,3.509893720823509e-08,25,20,20
4,4341,1.5876170921975317e-11,0.9332998732181508,0.06670012626310885,5.028642656686791e-10,25,20,20
4,4342,2.0309569841223514e-10,0.8992439204405106,0.10075607813546383,1.2209298680385995e-09,25,20,20
4,4343,2.662007983288239e-10,0.7474090950243537,0.25259089831816534,6.3912790182535596e-09,25,20,20
4,4344,5.036824177036188e-09,0.8127955101647814,0.18720447882923158,5.969163225512967e-09,25,20,20
4,4345,5.454280556793175e-08,0.8389195846106706,0.161079829549806,5.312967177484294e-07,25,20,20
4,4346,3.367835444434598e-09,0.9191334318150147,0.08086604422156032,5.205955891841056e-07,25,20,20
4,4347,7.212683278714714e-08,0.8313707695137309,0.16860285713889678,2.6301220539637673e-05,25,20,20
4,4348,1.4540525090454832e-10,0.8518449631641203,0.14815501907713063,1.7613343500233777e-08,25,20,20
4,4349,2.506764686232032e-08,0.892112674265523,0.1078872827858037,1.788102641024859e-08,25,20,20
4,4350,2.32443459414327e-06,0.818929739937853,0.18101032613746618,5.760949008623435e-05,25,20,20
4,4351,9.103695957224732e-10,0.8652501347208443,0.1311798436250135,0.0035700207437724097,25,20,20
4,4352,7.226998781058876e-10,0.9152889017738667,0.08471107390049705,2.360293627282172e-08,25,20,20
4,4353,2.773244211217357e-11,0.8713656958425582,0.12863430300422188,1.1254869167208562e-09,25,20,20
4,4354,8.716413292643865e-08,0.7639852356771837,0.23426549746924777,0.001749179689435447,25,20,20
4,4355,5.444373116381912e-10,0.8171891434713366,0.1828108438973283,1.2086897210353699e-08,25,20,20
4,4356,2.303430937963545e-10,0.8734880659637163,0.1265113553474102,5.784585301853425e-07,25,20,20
4,4357,8.277155738693289e-11,0.8163919925578991,0.1836080066128382,7.464903698773279e-10,25,20,20
4,4358,1.281492777049748e-10,0.8635712034607829,0.13642879476926717,1.6418008052133744e-09,25,20,20
4,4359,5.003190259826106e-10,0.8724414384456631,0.12755816819750684,3.9285651091134295e-07,25,20,20
4,4360,5.239855064101736e-10,0.8943872850180921,0.1056126852019676,2.9255954772680428e-08,25,20,20
4,4361,6.316889207962096e-05,0.7594310573285834,0.24050576173345586,1.2045880190038976e-08,25,20,20
4,4362,8.16994033826365e-10,0.9207256807413944,0.0792743110766367,7.364974551643073e-09,25,20,20
4,4363,1.2886601515682433e-08,0.944357437672933,0.05564254334685244,6.093613073349378e-09,25,20,20
4,4364,1.4340633681441505e-11,0.9718820838588773,0.028117915490183287,6.365987109273091e-10,25,20,20
4,4365,7.720490664790758e-07,0.8727112772855299,0.1272879431789011,7.486502444879193e-09,25,20,20
4,4366,7.720364473935608e-07,0.805424790090275,0.19457443083662682,7.03665099959231e-09,25,20,20
4,4367,7.720383255035069e-07,0.8287187348050296,0.17128044474473036,4.841191421081582e-08,25,20,20
4,4368,7.722622972555201e-07,0.8908348691381566,0.10916345523356556,9.03365980270976e-07,25,20,20
4,4369,1.5413451885868065e-07,0.9409907778511019,0.05900903166693512,3.634744406445289e-08,25,20,20
4,4370,2.325546541648192e-07,0.9090135245400998,0.0909857336255735,5.092796724484403e-07,25,20,20
4,4371,2.6937073743350543e-10,0.8530025747440767,0.14699742364696766,1.3395845328953281e-09,25,20,20
4,4372,6.116020174903466e-08,0.9003022734588905,0.09969764712091374,1.8259993325601467e-08,25,20,20
4,4373,6.393575486357778e-08,0.9128445671370278,0.08715474204951436,6.268777026219819e-07,25,20,20
4,4374,6.400608388653718e-08,0.883963760003586,0.11603617501730952,9.730204049423282e-10,25,20,20
4,4375,4.242431152473197e-09,0.8916456768251237,0.10835430040689462,1.852555044985494e-08,25,20,20
4,4376,3.4388757426622817e-09,0.9558717320970972,0.04412826382149137,6.425357191521897e-10,25,20,20
4,4377,1.4009892348632558e-09,0.9630698568875965,0.03693014075147193,9.599423977130043e-10,25,20,20
4,4378,6.593309970370984e-08,0.8450318403192072,0.1549680850673058,8.680387275915253e-09,25,20,20
4,4379,7.338908619956294e-10,0.8936012216964084,0.10639873216806757,4.5401633478573077e-08,25,20,20
4,4380,1.5746676580669312e-07,0.8619908885850953,0.13800893030783562,2.3640303026969115e-08,25,20,20
4,4381,3.512516736463376e-09,0.7991474862382382,0.20085249746994754,1.2779297317296355e-08,25,20,20
4,4382,7.756915668664247e-10,0.8381525026224247,0.16184748443596322,1.2165920767362288e-08,25,20,20
4,4383,2.0671003040886666e-09,0.8375180106977873,0.16248196913939578,1.8095716233181438e-08,25,20,20
4,4384,4.500342968453657e-09,0.9022668270393084,0.09773313209928106,3.636106796254377e-08,25,20,20
4,4385,2.3579648520274787e-09,0.9472752667624366,0.0527247129680474,1.7911551097701834e-08,25,20,20
4,4386,2.3928757605208755e-09,0.8928019112044985,0.10719770348045995,3.829221654075887e-07,25,20,20
4,4387,3.511166466941098e-09,0.8827026268252787,0.11729698642063419,3.8324292063465245e-07,25,20,20
4,4388,3.543725421678278e-09,0.9376452170015572,0.06235476123216559,1.822255193173468e-08,25,20,20
4,4389,2.464402242420262e-09,0.9326993270428706,0.06730065255727377,1.793545325230247e-08,25,20,20
4,4390,1.6435993824208616e-07,0.792747816323207,0.207252017663554,1.6533006916328583e-09,25,20,20
4,4391,1.7136173038670474e-07,0.9154371814797949,0.0845616587533312,9.88405143478407e-07,25,20,20
4,4392,1.1022621537283846e-07,0.8703831486259445,0.12961582923665046,9.119111896691936e-07,25,20,20
4,4393,6.27526855151407e-08,0.8517405497583579,0.14825862310394652,7.643850099567158e-07,25,20,20
4,4394,4.3376657789539095e-09,0.9239621939128542,0.07603738421637148,4.175331087103033e-07,25,20,20
4,4395,9.006422122121858e-08,0.8739593560618246,0.1260405266720131,2.7201941109830582e-08,25,20,20
4,4396,8.967032254314721e-08,0.875087411127746,0.12489415431882078,1.8344883110140773e-05,25,20,20
4,4397,2.899164308683223e-10,0.8603185854436421,0.1396630690738775,1.834519256392904e-05,25,20,20
4,4398,1.6880756174322655e-09,0.870877211651866,0.1291047870734297,1.7999586627932735e-05,25,20,20
4,4399,1.0993399534051682e-06,0.8675338149271598,0.13246478978270393,2.959501819651425e-07,25,20,20
4,4400,1.0999205013756364e-06,0.9081524522487671,0.09184644737520753,4.555232921302353e-10,25,20,20
4,4401,4.227658615400472e-09,0.9303488767653554,0.06965111877908865,2.2789720654342684e-10,25,20,20
4,4402,7.637601637864864e-10,0.9067062710044069,0.09329370093377433,2.729805821187649e-08,25,20,20
4,4403,3.521715384840905e-09,0.9453334334513425,0.054666561670613435,1.3563291016808975e-09,25,20,20
4,4404,5.494472696425344e-06,0.9154133879205868,0.08458110515605406,1.245066184615565e-08,25,20,20
4,4405,8.606017083756931e-07,0.7255014491429859,0.27449751564935626,1.7460594945942434e-07,25,20,20
4,4406,0.0023955038667717097,0.8069181278162724,0.1906863501085912,1.8208364612098162e-08,25,20,20
4,4407,2.4330461518894007e-06,0.8944071513613175,0.10558940531997195,1.0102725580972073e-06,25,20,20
4,4408,2.2811189137636366e-06,0.9217540549187027,0.07824362835476477,3.5607618590954454e-08,25,20,20
4,4409,4.2858796688065544e-08,0.8989586458422597,0.10104080851089871,5.027880441449821e-07,25,20,20
4,4410,1.539992775148028e-07,0.8891397015029358,0.11086012646564289,1.8032143373133993e-08,25,20,20
4,4411,1.5653492268992718e-07,0.8597441168725201,0.14025570927673103,1.7315825833531058e-08,25,20,20
4,4412,2.0279405707043077e-11,0.8414898136411167,0.1585101860092833,3.2932000454552575e-10,25,20,20
4,4413,5.012380371011637e-10,0.9222562378574444,0.07774376099681096,6.445065274219124e-10,25,20,20
4,4414,4.848525064310753e-10,0.9485036441362712,0.051496354753059165,6.258170455322057e-10,25,20,20
4,4415,2.133858062115955e-08,0.9306190738875147,0.06938090412629407,6.476104408447832e-10,25,20,20
4,4416,3.063422268638883e-11,0.87978437581191,0.12021560782659886,1.63308568663429e-08,25,20,20
4,4417,7.324760794396453e-10,0.8998397922434421,0.10015923616024384,9.70863837983214e-07,25,20,20
4,4418,4.1559900519539296e-08,0.8817349906080988,0.11826494413345123,2.369854950438036e-08,25,20,20
4,4419,4.393042392788874e-08,0.8480152495538169,0.1519846825975986,2.3918160206961867e-08,25,20,20
4,4420,4.293155027080354e-08,0.8652470244565003,0.1347529093195648,2.3292384618659753e-08,25,20,20
4,4421,8.400959285632872e-08,0.8867414370089857,0.11325843878062596,4.020079501924906e-08,25,20,20
4,4422,1.2542220364852058e-07,0.7944951631199432,0.2055046931962859,1.8261567183271112e-08,25,20,20
4,4423,4.567568750758899e-08,0.8001117777100712,0.19988720795592055,9.68658320667016e-07,25,20,20
4,4424,3.8411631377193266e-08,0.8717807698142016,0.12821916801199582,2.3762171434124833e-08,25,20,20
4,4425,3.843533959359789e-08,0.8865342872539764,0.11346559872641934,7.558426482130321e-08,25,20,20
4,4426,3.4237454003845877e-12,0.922084298255701,0.0779156953053392,6.43553598344238e-09,25,20,20
4,4427,7.226865337976968e-10,0.854513055379221,0.1454869435593829,3.387093940211125e-10,25,20,20
4,4428,7.051968734429097e-10,0.944673270884828,0.055326710771037596,1.7638937423747422e-08,25,20,20
4,4429,1.5659382236941653e-07,0.9322247503314902,0.06777505137970494,4.169498212879812e-08,25,20,20
4,4430,5.952500051029213e-08,0.8978956136544747,0.10210426836472203,5.845580242496609e-08,25,20,20
4,4431,5.6875887128640356e-08,0.8468190335517977,0.15318085802409134,5.1548222935624346e-08,25,20,20
4,4432,1.2461893244708263e-10,0.9031469429953422,0.09685302805256597,2.88274730598204e-08,25,20,20
4,4433,5.715506731394779e-11,0.8752965438486122,0.12470342806697678,2.802725585554127e-08,25,20,20
4,4434,1.333899107141222e-10,0.9070229273795626,0.09297704468603789,2.7801009346872365e-08,25,20,20
4,4435,8.761340180139911e-06,0.9462632314338804,0.05372800584264503,1.383294382399333e-09,25,20,20
4,4436,1.3095893241107318e-10,0.8694729319910326,0.1305270564755544,1.1402454339809383e-08,25,20,20
4,4437,5.320917853054786e-11,0.9290834553970264,0.07091654372522106,8.245436200934217e-10,25,20,20
4,4438,1.7379975381539155e-09,0.9328700568906731,0.06712991816560333,2.320572580487518e-08,25,20,20
4,4439,7.965157568745711e-10,0.9103814223637754,0.0896185231631557,5.367655361176677e-08,25,20,20
4,4440,7.850067712840278e-10,0.9262374298441398,0.07376161854044236,9.508304106642687e-07,25,20,20
4,4441,7.733932874372712e-10,0.9766719149553973,0.02332806632938511,1.7941824482856544e-08,25,20,20
4,4442,4.029869012349364e-08,0.9100953920421365,0.0899045671359223,5.23250924235162e-10,25,20,20
4,4443,4.084128909443759e-08,0.8295361620543101,0.17046379664468972,4.597101625558928e-10,25,20,20
4,4444,3.9649657493404395e-08,0.858158921051624,0.14184102935313025,9.945587825015902e-09,25,20,20
4,4445,5.361602823277862e-08,0.8274893280676371,0.17251059062294058,2.7693393896078185e-08,25,20,20
4,4446,4.936389686261626e-09,0.9435780165205482,0.0564199923640253,1.9861790367118163e-06,25,20,20
4,4447,4.8913827180485095e-09,0.9056214149169578,0.09437724841454731,1.3317771120729948e-06,25,20,20
4,4448,3.2409698193494475e-09,0.8507354916220181,0.14926412310058523,3.8203642627141684e-07,25,20,20
4,4449,2.0664429107154745e-09,0.8033129471472209,0.19668703295843673,1.7827899384822368e-08,25,20,20
4,4450,1.8718820973018504e-09,0.8906062232254797,0.10939373973604467,3.5166593057773556e-08,25,20,20
4,4451,3.8861276769144696e-08,0.9058672958433118,0.0941326469817954,1.8313616078112327e-08,25,20,20
4,4452,1.097741728830129e-09,0.9167299633987216,0.08327003503827558,4.6526090540106514e-10,25,20,20
4,4453,1.0021741949365462e-09,0.901468958903773,0.09853103930892944,7.851230042235814e-10,25,20,20
4,4454,3.3335643871653184e-05,0.8337593956262944,0.16620725257610086,1.6153732967544488e-08,25,20,20
4,4455,4.00603068715416e-08,0.9045791191023989,0.09541942476118931,1.416076104874453e-06,25,20,20
4,4456,3.7826571415811734e-08,0.9183009934986162,0.08169772878243313,1.2398923793155174e-06,25,20,20
4,4457,3.713865498834973e-08,0.9044263959491652,0.09557225212204687,1.314790133168011e-06,25,20,20
4,4458,1.5962832091278756e-07,0.8886720708927015,0.11132740392400413,3.6555497346725543e-07,25,20,20
4,4459,1.5972296304997836e-07,0.9078362329816444,0.09216358850647646,1.878891645291113e-08,25,20,20
4,4460,5.781044857388998e-08,0.9342692870687453,0.06570960125882717,2.1053861978981807e-05,25,20,20
4,4461,4.80440719622195e-10,0.9427074370118403,0.05729254497206802,1.753565073726513e-08,25,20,20
4,4462,3.689048032489286e-10,0.8818589195381038,0.11814108006847221,2.4519142814435002e-11,25,20,20
4,4463,2.134149099834921e-06,0.8635126237626194,0.13648522514040168,1.6947878984841675e-08,25,20,20
4,4464,2.7752737170843676e-06,0.9177469564214804,0.08225023350136867,3.480343336495597e-08,25,20,20
4,4465,7.294496415667451e-10,0.8822781680941505,0.11772086216801914,9.690083802516226e-07,25,20,20
4,4466,4.4718427620175234e-06,0.8491723447664531,0.15081903618647483,4.147204309369328e-06,25,20,20
4,4467,1.6148529532128913e-10,0.8500633370632177,0.1499353468435916,1.3159317037893535e-06,25,20,20
4,4468,1.0091081287336047e-10,0.8819272788322837,0.11807238740112222,3.3366568233337777e-07,25,20,20
4,4469,7.907657949812668e-10,0.90916382566462,0.09083616711037422,6.434239720833187e-09,25,20,20
4,4470,3.979882792723619e-08,0.8485091995954922,0.1514897628095397,9.977961400271383e-07,25,20,20
4,4471,8.091953687315045e-07,0.8105879472394162,0.18940990001675867,1.3435484556306303e-06,25,20,20
4,4472,0.018039255742465902,0.7614960003414255,0.22046374131507243,1.0026010359739488e-06,25,20,20
4,4473,9.85379028018341e-11,0.8557332578051324,0.14426622277917547,5.193171538300223e-07,25,20,20
4,4474,2.6081142593031803e-10,0.916732277323115,0.08326770469504773,1.7721025455675332e-08,25,20,20
4,4475,1.2479154602017057e-09,0.9132963124176297,0.08670270290182744,9.83432627604712e-07,25,20,20
4,4476,4.351909451599656e-06,0.8586893448599894,0.1413054645414863,8.386890729705985e-07,25,20,20
4,4477,1.5782375082341676e-07,0.9383630038735078,0.06163681988206221,1.8420679107692494e-08,25,20,20
4,4478,2.9840631850276962e-09,0.9562998129675282,0.04370018244920268,1.5992058354348557e-09,25,20,20
4,4479,1.6312999397260406e-11,0.9677074966399752,0.03229250209082208,1.2528895333193122e-09,25,20,20
4,4480,7.033196172855667e-07,0.8931083408191918,0.10687240288524064,1.855297595034156e-05,25,20,20
4,4481,7.026279780428361e-07,0.8879032069319907,0.11207808447791687,1.8005962114250687e-05,25,20,20
4,4482,3.2022588992885917e-09,0.856421231054821,0.14357875323285027,1.2510069495713626e-08,25,20,20
4,4483,4.4689775543357065e-10,0.9667902335389741,0.03320974807868639,1.7935441629322216e-08,25,20,20
4,4484,7.392941825218011e-11,0.9897750537320306,0.010223994748144005,9.514458961326561e-07,25,20,20
4,4485,1.2405318184937337e-10,0.9400156947004956,0.05998333748838416,9.67687067243613e-07,25,20,20
4,4486,1.0614729474105795e-09,0.8944131780915575,0.10558653205463717,2.887923324548986e-07,25,20,20
4,4487,4.606420890704135e-08,0.9072769994143063,0.0927220039135418,9.506079428738606e-07,25,20,20
4,4488,4.342377181695135e-08,0.8880017051742837,0.11199825057193108,8.300134220383367e-10,25,20,20
4,4489,3.344978005546753e-11,0.9244196732519221,0.07557977965467985,5.470599476741027e-07,25,20,20
4,4490,7.676435915109729e-10,0.9394924491266992,0.06050722545797889,3.2464767843161345e-07,25,20,20
4,4491,2.141374581625499e-09,0.8475595954221312,0.15240597391229868,3.4428524195275934e-05,25,20,20
4,4492,5.957091167568681e-07,0.9189739694508138,0.08102543444396995,3.960994649388867e-10,25,20,20
4,4493,2.080208501410902e-08,0.9448754335159001,0.05512418041998464,3.652620301495817e-07,25,20,20
4,4494,2.657274604056397e-09,0.9564081498468409,0.04359089666275681,9.508331277339305e-07,25,20,20
4,4495,1.794632369165688e-09,0.9052289131765877,0.0947710838868068,1.1419731066269334e-09,25,20,20
4,4496,8.101745305184097e-07,0.8597178576190939,0.1402809682524401,3.6395393584367627e-07,25,20,20
4,4497,1.7506548345990007e-09,0.887980898170848,0.11201909414903781,5.929459376308149e-09,25,20,20
4,4498,5.0225449968653165e-11,0.9610190024514706,0.038980991452033896,6.046269703242486e-09,25,20,20
4,4499,8.845005765693164e-06,0.9639980421090147,0.03599307763621659,3.524900308116558e-08,25,20,20
4,4500,8.844958214297056e-06,0.9073438390735806,0.09264729807594668,1.7892258322771886e-08,25,20,20
4,4501,8.885240795949771e-08,0.8707989021690085,0.12919932821354638,1.6807650370872365e-06,25,20,20
4,4502,6.228936174991815e-11,0.9205311995425169,0.079468782516546,1.7878647395817637e-08,25,20,20
4,4503,2.8569893018048616e-09,0.871445808605418,0.1285361719788824,1.8016558710129693e-05,25,20,20
4,4504,5.5779101962518245e-09,0.9189990853577121,0.080999941243799,9.678205785344803e-07,25,20,20
4,4505,9.455222072536286e-09,0.9115334774750533,0.08844238419312102,2.4128876603039326e-05,25,20,20
4,4506,5.449790036756356e-09,0.9491210896654156,0.05087792554524297,9.793395511393296e-07,25,20,20
4,4507,1.629534398456703e-08,0.9169466046190443,0.08305240488172283,9.742038884420098e-07,25,20,20
4,4508,5.2083007434783656e-11,0.8760976651073762,0.12390138352409222,9.513164485431588e-07,25,20,20
4,4509,2.4144236426937574e-08,0.8501433704976246,0.14985605781407085,5.475440680845295e-07,25,20,20
4,4510,4.296245787107627e-10,0.8010441236436416,0.19895531965111574,5.562756178067567e-07,25,20,20
4,4511,5.51102263232112e-11,0.9458964378124436,0.054103561184674104,9.47771844485603e-10,25,20,20
4,4512,1.3153595642935329e-11,0.9417152726522684,0.0582847099341091,1.7400468756705986e-08,25,20,20
4,4513,1.2302201534290979e-08,0.8174001887179859,0.18259979831523132,6.64580993359428e-10,25,20,20
4,4514,1.5204389660182958e-08,0.8583980310331911,0.14160097054581497,9.832166044024875e-07,25,20,20
4,4515,1.2943059157238337e-08,0.8290037022633326,0.17099531722160335,9.675720047904636e-07,25,20,20
4,4516,1.662172394884746e-09,0.8261936010638512,0.17380449675665247,1.9005173243259432e-06,25,20,20
4,4517,1.496324406417042e-08,0.8471863854354054,0.15281326608183846,3.335195124005254e-07,25,20,20
4,4518,1.273067126867498e-09,0.9404126703924773,0.059587305178259345,2.3156196163560562e-08,25,20,20
4,4519,1.0465337130081748e-08,0.9436449763048778,0.0563540510793941,9.621503909984931e-07,25,20,20
4,4520,1.2221592000133594e-08,0.8813502802140011,0.11864970214881114,5.415595633943382e-09,25,20,20
4,4521,1.3226809924204935e-08,0.9209027419829752,0.07909720916680803,3.562340680473955e-08,25,20,20
4,4522,1.080975183827816e-08,0.8368889251926285,0.16311105829545552,5.702163913913609e-09,25,20,20
4,4523,5.339307978754043e-06,0.8658560204407594,0.1341386014665532,3.8784708795776766e-08,25,20,20
4,4524,7.433105223807186e-10,0.9376212907556141,0.06237869647094362,1.2030132015161225e-08,25,20,20
4,4525,2.967486530455303e-11,0.9196103040758679,0.08038968398049753,1.1913959845082998e-08,25,20,20
4,4526,2.8482455251099748e-11,0.8707431283133331,0.12925683779208466,3.386609961981904e-08,25,20,20
4,4527,6.656243459969538e-11,0.8800069162640662,0.11999304012260378,4.3546767455955196e-08,25,20,20
4,4528,1.1386639778749768e-09,0.91730855787888,0.08269140790274163,3.307971390673857e-08,25,20,20
4,4529,1.0660074527845955e-09,0.9143139528870641,0.0856850267557315,1.0192911961217446e-06,25,20,20
4,4530,1.7165831313489938e-07,0.8884010019253538,0.09740057189556732,0.014198254520765613,25,20,20
4,4531,4.5062053722026836e-08,0.9619753401411327,0.038024608495511425,6.301302268483264e-09,25,20,20
4,4532,1.5187977905841465e-07,0.9634513259192926,0.0365485209519072,1.2490215912936608e-09,25,20,20
4,4533,8.517453628884718e-11,0.9021590188929762,0.09784044369620791,5.373256409924601e-07,25,20,20
4,4534,2.564862333075575e-11,0.9075712835582318,0.09242821362869097,5.027874285737521e-07,25,20,20
4,4535,3.618944561606395e-11,0.834613248987749,0.16538624355642648,5.074196348414545e-07,25,20,20
4,4536,1.3334241443663276e-11,0.8923888936815122,0.10761109368275713,1.2622396092464412e-08,25,20,20
4,4537,4.215747751759816e-08,0.8411268919004697,0.1588730496697607,1.6272291815152624e-08,25,20,20
4,4538,5.6944811281580527e-08,0.9424297495217059,0.05757019287204503,6.614375814448481e-10,25,20,20
4,4539,1.6306428818979898e-07,0.8044624162825136,0.19553693755030527,4.83102892909314e-07,25,20,20
4,4540,8.42643757078132e-06,0.9126846940522286,0.08730686267724838,1.683295212255402e-08,25,20,20
4,4541,5.799819100532325e-08,0.9240106277187435,0.07598931395107134,3.3199398662245747e-10,25,20,20
4,4542,7.624663810539949e-11,0.948628905760076,0.05137107634311227,1.7820564668985955e-08,25,20,20
4,4543,1.5045329930191402e-07,0.9525801148600782,0.047419734050354344,6.362677062600735e-10,25,20,20
4,4544,5.132899353307455e-11,0.931321137976032,0.06867884386754426,1.810509374338747e-08,25,20,20
4,4545,4.29064872619712e-08,0.841053266190969,0.15894666123809076,2.9664452469146127e-08,25,20,20
4,4546,3.283755464724976e-09,0.8837026071289601,0.11629737715007364,1.2437210260635962e-08,25,20,20
4,4547,2.151512564068534e-09,0.9034018925569296,0.09659810391978825,1.3717693194370206e-09,25,20,20
4,4548,1.5582463290171606e-09,0.8623385799928905,0.13766109610539126,3.2234347122675734e-07,25,20,20
4,4549,2.933689401333651e-09,0.9203944522112779,0.0796054983697102,4.6485322545099555e-08,25,20,20
4,4550,1.3930596901818395e-09,0.8791222591589098,0.12087676578528378,9.73662746603953e-07,25,20,20
4,4551,8.966078441977596e-10,0.8425163898887242,0.15748265830432204,9.509103458696333e-07,25,20,20
4,4552,6.297094488846696e-11,0.9462233935065006,0.0537756559178984,9.505126301066816e-07,25,20,20
4,4553,1.1306002928491743e-10,0.9205836259335887,0.07941637377082164,1.8252942597160184e-10,25,20,20
4,4554,1.1257209980396386e-08,0.8614826273327233,0.13851736081627708,5.937894319897609e-10,25,20,20
4,4555,2.347221576886796e-10,0.8873359722895597,0.1126640040211678,2.3454550216381216e-08,25,20,20
4,4556,1.517776302037948e-08,0.83926900945281,0.16073095012278116,2.5246645653550022e-08,25,20,20
4,4557,1.3572531686298949e-08,0.83761838623023,0.1623809617849089,6.384123287036744e-07,25,20,20
4,4558,5.6936617481900273e-08,0.9150655229203397,0.08493441281401484,7.3290275979730075e-09,25,20,20
4,4559,5.6986956932426764e-08,0.849880109837414,0.15011952722984306,3.059457865190622e-07,25,20,20
4,4560,5.757779865119384e-08,0.7967409717560636,0.20325836804000852,6.026261282523128e-07,25,20,20
4,4561,4.584667031983372e-06,0.8269084159718537,0.17308646611086786,5.332502457552549e-07,25,20,20
4,4562,3.711864279273329e-09,0.8696441809397797,0.13035579762597832,1.7722377391490716e-08,25,20,20
4,4563,2.457804537999239e-10,0.8458104517363856,0.15418950376025972,4.425757322033654e-08,25,20,20
4,4564,2.7153926458376e-07,0.7789861022005019,0.22101357034925362,5.591097995577741e-08,25,20,20
4,4565,2.4892194382207545e-08,0.9142260470404919,0.0857738473068966,8.076041691375575e-08,25,20,20
4,4566,2.4677859943791207e-08,0.9240793976271909,0.07592054786309395,2.9831854362682434e-08,25,20,20
4,4567,1.3052011582955302e-10,0.9244452906769568,0.075554691225242,1.7967280597076153e-08,25,20,20
4,4568,2.4310609094030057e-10,0.8804689750091945,0.11953102410571131,6.419884368844686e-10,25,20,20
4,4569,2.666649469421998e-10,0.9175043868643437,0.08248088346163363,1.472940735768491e-05,25,20,20
4,4570,1.0947946210162716e-10,0.9366684328849939,0.06333156667937645,3.2614991882202363e-10,25,20,20
4,4571,9.299022801465152e-11,0.8751872152567307,0.12481185968117826,9.249691008181448e-07,25,20,20
4,4572,1.0194557736013794e-10,0.8921235445203236,0.10787548717075124,9.68206979144097e-07,25,20,20
4,4573,4.3359375050068254e-11,0.9044524170999779,0.09554661413295747,9.687237040553667e-07,25,20,20
4,4574,1.0354228744375203e-09,0.9109598488219759,0.08902215104515614,1.799909744502413e-05,25,20,20
4,4575,1.5173333721251358e-07,0.8694243745939866,0.1305564965627992,1.897710987694302e-05,25,20,20
4,4576,1.5186366179246134e-07,0.8931489429872803,0.10684992604258177,9.791064755337531e-07,25,20,20
4,4577,1.5183998082500246e-07,0.8881071892429315,0.11189165825247156,1.0006646154489991e-06,25,20,20
4,4578,6.998849609535364e-10,0.9105051741765107,0.0894948068784039,1.8245199854659516e-08,25,20,20
4,4579,1.1054471857340588e-10,0.7985057353284851,0.19867896301852753,0.0028153015424415666,25,20,20
4,4580,1.9610296874834462e-11,0.7983347176164873,0.20166527511267304,7.251227909324193e-09,25,20,20
4,4581,9.553874672003818e-12,0.9239681119421798,0.07603188691313154,1.1351350210509909e-09,25,20,20
4,4582,6.95514888823214e-10,0.9505249537610675,0.049475045192758006,3.5065972146147413e-10,25,20,20
4,4583,6.963698373505139e-10,0.9471879598742184,0.05281203876821432,6.61197482082198e-10,25,20,20
4,4584,1.154493670552374e-09,0.8492220708396383,0.15077666372398635,1.2642818816064884e-06,25,20,20
4,4585,1.0856422896851007e-09,0.8681514334223692,0.13184793407774162,6.314142469103504e-07,25,20,20
4,4586,4.898455792329255e-10,0.8489346119528197,0.15106435674892443,1.0308084100958839e-06,25,20,20
4,4587,2.5065395066581352e-08,0.896755153744404,0.10324413732620108,6.838639992355991e-07,25,20,20
4,4588,2.3955853647504667e-08,0.8366489995042096,0.16335097638942347,1.505131076413413e-10,25,20,20
4,4589,7.787037009072142e-10,0.8408551554594719,0.1591448422646626,1.4971615069531773e-09,25,20,20
4,4590,6.30239700526451e-11,0.8836970662494924,0.11630293305019704,6.37286435855871e-10,25,20,20
4,4591,7.323751478905009e-10,0.9665380058227518,0.0334609753592678,1.0180856051348074e-06,25,20,20
4,4592,8.917698093099631e-10,0.906320028986514,0.09367894739681094,1.022724905028496e-06,25,20,20
4,4593,1.3160393100927902e-10,0.9214906634800615,0.07850833497666444,1.0014116696939442e-06,25,20,20
4,4594,5.3980392189286277e-11,0.9443260722824632,0.055673909526008876,1.813754695170158e-08,25,20,20
4,4595,5.4045746133986564e-11,0.8758815793844892,0.12411842023978054,3.2168448356734747e-10,25,20,20
4,4596,5.452180356120974e-11,0.8963520133582017,0.10364798626293412,3.243424946921742e-10,25,20,20
4,4597,1.1185943677869395e-10,0.9360975396752336,0.0639024417847079,1.8428199190296803e-08,25,20,20
4,4598,1.5180265594476045e-07,0.845996415955078,0.1539685184124756,3.491382978994884e-05,25,20,20
4,4599,8.647859390055243e-10,0.8687743941298338,0.13122553346538096,7.153999919971e-08,25,20,20
4,4600,1.0904493003027764e-11,0.885955390950756,0.11404460727925429,1.759084485032026e-09,25,20,20
4,4601,3.417001341825451e-09,0.8790738515165765,0.12092612545793405,1.960848757622017e-08,25,20,20
4,4602,1.4532543523039716e-10,0.7894276212158544,0.21057172834000448,6.502988158101819e-07,25,20,20
4,4603,6.944543806859314e-11,0.8363409383314085,0.16365906016276072,1.43638527000199e-09,25,20,20
4,4604,1.6116049625366437e-09,0.8719094760405082,0.1280905041201784,1.8227708410747875e-08,25,20,20
4,4605,1.7156184941565772e-09,0.8893234439977609,0.1106765276526708,2.6633948779612654e-08,25,20,20
4,4606,4.774833824076101e-09,0.8555423623468333,0.14445731959719185,3.132811399527373e-07,25,20,20
4,4607,1.7307915200338484e-09,0.8380938805384639,0.16190493849681992,1.17923392399777e-06,25,20,20
4,4608,1.4876978604998619e-07,0.919521932920722,0.08047786438656163,5.392292959944781e-08,25,20,20
4,4609,1.513139188492533e-07,0.8896691718913412,0.11033067604758809,7.471514136557431e-10,25,20,20
4,4610,2.6262244128175278e-09,0.8752967321670737,0.12470324758862249,1.7618078894703625e-08,25,20,20
4,4611,2.6091559832483693e-09,0.957967432790009,0.04203254698233436,1.7618500568464057e-08,25,20,20
4,4612,7.117087568508448e-10,0.8594289082265628,0.14057105069509737,4.0366630576845347e-08,25,20,20
4,4613,6.85244647693671e-10,0.8658608853017276,0.13413907921820317,3.479482359806123e-08,25,20,20
4,4614,2.465175663805337e-09,0.8751495415381341,0.12485042049919444,3.5497495578708036e-08,25,20,20
4,4615,8.040874303856356e-10,0.913152965727999,0.08684699807997719,3.538793549971422e-08,25,20,20
4,4616,7.467013805258246e-10,0.9049789697880837,0.09502099387010972,3.5595105149163825e-08,25,20,20
4,4617,2.8051542963094143e-09,0.9167364970627162,0.08326349864534574,1.4867834843343237e-09,25,20,20
4,4618,3.547299141021076e-09,0.9326731599411766,0.06732683463134928,1.8801747547562017e-09,25,20,20
4,4619,1.0663629034378444e-09,0.9148645017102524,0.08513547220407602,2.501930888368974e-08,25,20,20
4,4620,1.2557024384123646e-10,0.9693225967672287,0.0306773667522861,3.635491521863669e-08,25,20,20
4,4621,8.852666309011763e-11,0.9440553850217859,0.05594456219795113,5.2691736149290214e-08,25,20,20
4,4622,9.014122736788969e-11,0.9018581424339213,0.0981418230607256,3.441521222066439e-08,25,20,20
4,4623,7.66459616094482e-11,0.9437161178187572,0.0562838193761153,6.272848155816697e-08,25,20,20
4,4624,1.3495871952438678e-09,0.9620528294353466,0.03794716856016405,6.549019313570452e-10,25,20,20
4,4625,9.334668495449844e-10,0.8788328392716726,0.12116679539524672,3.643996144541273e-07,25,20,20
4,4626,2.773174239411241e-11,0.9038900785334198,0.0961099163054586,5.13339041880828e-09,25,20,20
4,4627,3.5587370423827617e-12,0.9203293960068574,0.07967059886862851,5.120955411987744e-09,25,20,20
4,4628,1.473106220785908e-08,0.8715408621479759,0.12845908932753225,3.3793429693992905e-08,25,20,20
4,4629,2.847619811331463e-09,0.9495372059182192,0.050462761621863715,2.9612296969248422e-08,25,20,20
4,4630,1.9022823725366784e-10,0.8637769254325339,0.13622305078294247,2.359429504566759e-08,25,20,20
4,4631,4.8926242035893334e-08,0.8221604339229351,0.1778394881557831,2.8995039783437732e-08,25,20,20
4,4632,1.939176044283645e-07,0.8961416631127159,0.103858078580801,6.438887844540266e-08,25,20,20
4,4633,1.2258221613624463e-10,0.807377538521662,0.19262242794034495,3.341541058090391e-08,25,20,20
4,4634,3.5213683191040436e-09,0.9326072867645607,0.06739267379582808,3.59182428116989e-08,25,20,20
4,4635,1.0939313616975025e-10,0.8873247392887725,0.11267471298636508,5.476154690685879e-07,25,20,20
4,4636,7.922893438854095e-11,0.8659922604917537,0.1340071854048045,5.540242127452719e-07,25,20,20
4,4637,1.4593020514303924e-10,0.9640239735202363,0.03597601866414508,7.669688539518759e-09,25,20,20
4,4638,5.281880940125806e-11,0.8826544664294257,0.11734552708401587,6.433739408662288e-09,25,20,20
4,4639,1.201883920002347e-08,0.8532320254465349,0.146767893099454,6.943517174771566e-08,25,20,20
4,4640,8.562218096675825e-10,0.7888392950103095,0.21116039279019602,3.113432722098632e-07,25,20,20
4,4641,1.0760545178258446e-09,0.788294436665577,0.21170526228745307,2.999709148459922e-07,25,20,20
4,4642,9.8963561079185e-10,0.8353056651597729,0.16467931691649806,1.5016934093165216e-05,25,20,20
4,4643,2.112053182500988e-10,0.9356894146184619,0.06431056706405805,1.8106274457370992e-08,25,20,20
4,4644,4.8820124549898285e-08,0.8875428283386135,0.11245616562757499,9.572136868378143e-07,25,20,20
4,4645,1.6285442014263106e-09,0.8378002181564385,0.16218458288898244,1.5197326034119655e-05,25,20,20
4,4646,7.061984254465234e-08,0.7914633771605967,0.2085360830645833,4.6915497757103106e-07,25,20,20
4,4647,4.172289686203266e-09,0.845491990412304,0.15450798232523483,2.3090171047398328e-08,25,20,20
4,4648,3.5024549484217183e-09,0.8104725800033339,0.18952739480578998,2.1688421715422332e-08,25,20,20
4,4649,6.854043170046212e-10,0.8475496027674272,0.1524503905422864,6.00488172425293e-09,25,20,20
4,4650,2.375082579475918e-06,0.8794609327559144,0.12053665156093234,4.06005739473777e-08,25,20,20
4,4651,4.033062522587436e-09,0.9070736529656971,0.09292535272811389,9.902731263558667e-07,25,20,20
4,4652,3.046841084912356e-09,0.8711472375231226,0.1288518029051351,9.565249010482225e-07,25,20,20
4,4653,1.0158021778434994e-07,0.9249309762325835,0.07506890570797647,1.6479222078587958e-08,25,20,20
4,4654,3.8605913694253096e-09,0.9715557716174472,0.028444223553897325,9.680642056915911e-10,25,20,20
4,4655,3.0563446850356576e-09,0.8570242371712773,0.14297575872069013,1.0516876074657335e-09,25,20,20
4,4656,3.6573954744730198e-09,0.816000111595434,0.18399986611597055,1.863120045201457e-08,25,20,20
4,4657,1.2037204368781062e-07,0.8151884004578833,0.153523241872316,0.03128823729775642,25,20,20
4,4658,2.7532836711503334e-09,0.9056825997968548,0.09431737375438899,2.3695472180870115e-08,25,20,20
4,4659,1.0392701487404441e-09,0.8657486212712374,0.13425104713795738,3.305515346091889e-07,25,20,20
4,4660,2.195862651238529e-09,0.7517655362483378,0.24823391888587754,5.426699216698823e-07,25,20,20
4,4661,1.5690714151383186e-07,0.8548701566938604,0.14512912543998818,5.609590094140876e-07,25,20,20
4,4662,5.720332708690039e-12,0.9492809954970229,0.05071898678786048,1.7709395781217108e-08,25,20,20
4,4663,1.0919462662630266e-09,0.9513164590031308,0.048683521873251936,1.8031671043847835e-08,25,20,20
4,4664,1.4335222088753462e-11,0.9550710059172425,0.04492899280004222,1.2683802407168434e-09,25,20,20
4,4665,4.08796687047289e-06,0.8565116548734443,0.1434834439913711,8.131683140474577e-07,25,20,20
4,4666,4.120969066650207e-06,0.8226760989839037,0.17731902753816603,7.525088635710284e-07,25,20,20
4,4667,4.0758771049925636e-06,0.8660550617654381,0.13394008072309055,7.816343665493106e-07,25,20,20
4,4668,2.592135907387776e-09,0.8877467549455842,0.1122526402484122,6.022138671852945e-07,25,20,20
4,4669,1.122075175745116e-09,0.849821987552198,0.15017800374364673,7.58207953690471e-09,25,20,20
4,4670,5.756583596219619e-06,0.8624080342966021,0.13758535715702128,8.519627794127619e-07,25,20,20
4,4671,2.3928264654668573e-07,0.8395900379559298,0.16040970721940048,1.5542022801953726e-08,25,20,20
4,4672,5.256290945349888e-07,0.7787197584387694,0.22106777692681434,0.00021193900532048612,25,20,20
4,4673,5.768537254760602e-08,0.8250973127096767,0.17490225981850233,3.697864487946276e-07,25,20,20
4,4674,1.0185850113229172e-09,0.873241812614711,0.12675816264710507,2.3719598571934385e-08,25,20,20
4,4675,1.6158362535063703e-09,0.8413923299015829,0.1586071336562722,5.348263084354399e-07,25,20,20
4,4676,6.816914572346681e-10,0.9170311854756872,0.08296831115608212,5.026865392621772e-07,25,20,20
4,4677,7.533427531494823e-07,0.881851208078155,0.11814796189439908,7.668469253509286e-08,25,20,20
4,4678,7.317579528770474e-07,0.9315786729765566,0.06842055357800554,4.168748471557409e-08,25,20,20
4,4679,1.394676072520575e-11,0.9737806148488155,0.02621936701374567,1.812349216867869e-08,25,20,20
4,4680,7.1776229168159396e-12,0.8319914725351061,0.16800852710427278,3.534431138836743e-10,25,20,20
4,4681,1.9945612001936465e-10,0.8946287933429686,0.10537118355654497,2.2901029788933118e-08,25,20,20
4,4682,3.178823814049084e-10,0.8960567140445336,0.10394196409319484,1.3215443889320599e-06,25,20,20
4,4683,3.807879821483978e-10,0.87164482453887,0.12835324822607144,1.926854269998778e-06,25,20,20
4,4684,4.022744508223906e-10,0.8488516131076643,0.1511464519377607,1.9345522998463095e-06,25,20,20
4,4685,7.04615060089403e-05,0.7627848226925793,0.23714371523003294,1.0005713788352547e-06,25,20,20
4,4686,7.0037405737673815e-12,0.8944967840491378,0.10550319162431537,2.4319543040453293e-08,25,20,20
4,4687,1.3994784148214314e-09,0.9041545220338426,0.09584542387840049,5.268827819129001e-08,25,20,20
4,4688,1.396491193534378e-09,0.8499196157011478,0.150079415114163,9.677881974452631e-07,25,20,20
4,4689,1.2082332834653164e-10,0.8823937053700304,0.11760628747146859,7.037677483961781e-09,25,20,20
4,4690,2.8019997591226974e-09,0.8650676017195861,0.13493236578709747,2.9691316229486963e-08,25,20,20
4,4691,7.183063233357713e-12,0.8861905588358612,0.11380943575962078,5.397334821562511e-09,25,20,20
4,4692,2.193501682261174e-09,0.836284253127006,0.16371533950075562,4.0517873658116826e-07,25,20,20
4,4693,6.392821495754185e-08,0.8598290669028579,0.1401708337163291,3.545259757985273e-08,25,20,20
4,4694,2.5029850378150522e-08,0.9297488852053953,0.0702510548049528,3.495980188423758e-08,25,20,20
4,4695,6.649764363971835e-10,0.8857014356705356,0.11429853562357578,2.8040912124309663e-08,25,20,20
4,4696,1.5892859526655321e-07,0.866040230530656,0.13395960338492202,7.155825642508522e-09,25,20,20
4,4697,3.3976485706749585e-09,0.8663612467798063,0.13363825221956716,4.976029778548839e-07,25,20,20
4,4698,8.600505676928116e-07,0.7785113379717411,0.22146529786177646,2.2504115914332657e-05,25,20,20
4,4699,8.600918279769235e-07,0.7574846446958905,0.24249246998297405,2.2025229306850614e-05,25,20,20
4,4700,1.7138241098106442e-10,0.8886043456798128,0.11139470286322944,9.512855746438479e-07,25,20,20
4,4701,8.247025987787087e-10,0.9114034189674929,0.08859657913546033,1.072343650185081e-09,25,20,20
4,4702,7.482618427566107e-10,0.9056809597459009,0.09431902190609495,1.7599742514874846e-08,25,20,20
4,4703,1.1369170173010346e-10,0.8428213807089163,0.15717861884863135,3.287609522137038e-10,25,20,20
4,4704,2.385885915329495e-06,0.8566137847908314,0.14336909646744408,1.4732855808828754e-05,25,20,20
4,4705,8.535329383311237e-08,0.9150217286402825,0.0849781848873261,1.1190973567159937e-09,25,20,20
4,4706,8.536561198709031e-08,0.9035582083438953,0.09644170550379387,7.866986142849306e-10,25,20,20
4,4707,8.575984645037149e-08,0.8430533154371291,0.15694659082486392,7.978159936099547e-09,25,20,20
4,4708,7.650842963727527e-11,0.8703563088892936,0.12964369007320226,9.609954501470844e-10,25,20,20
4,4709,1.6109667958509711e-09,0.8172643693076541,0.18273562780559335,1.2757847620982158e-09,25,20,20
4,4710,3.0150763593014494e-10,0.8772285561056189,0.12276945902736208,1.9845655110897626e-06,25,20,20
4,4711,2.0250649897458928e-10,0.8517910927686142,0.14820861144021394,2.9558866500087905e-07,25,20,20
4,4712,5.576557081617123e-09,0.8420579928988452,0.15794196574499433,3.577960293782297e-08,25,20,20
4,4713,6.1950027299039624e-09,0.8874326567022828,0.11256733487015783,2.2325560613000895e-09,25,20,20
4,4714,2.8146042463604445e-09,0.9253005789527705,0.0746994169910481,1.2415770419390077e-09,25,20,20
4,4715,2.4961122653291995e-08,0.9195311122505645,0.08046798617140237,8.76616910385844e-07,25,20,20
4,4716,2.226294863961737e-08,0.9132697893199583,0.08672837973146344,1.8086856296802628e-06,25,20,20
4,4717,8.939019821568203e-11,0.8930237048482897,0.10697533374690965,9.6131540993384e-07,25,20,20
4,4718,1.2587917149142818e-10,0.9167710402529592,0.08319403638968803,3.4923231473560965e-05,25,20,20
4,4719,2.862315323899845e-09,0.9288702350178842,0.07109484918041435,3.491293938596771e-05,25,20,20
4,4720,2.80507048630919e-09,0.9419667166130756,0.05803327974499063,8.36863395719042e-10,25,20,20
4,4721,1.6047728100680347e-12,0.9053558458062275,0.09464414876801225,5.424155374618699e-09,25,20,20
4,4722,2.831066454423406e-11,0.8182774022750797,0.18172257490837382,2.278823549987837e-08,25,20,20
4,4723,2.6229372554135366e-12,0.8202282875697017,0.17977171167176967,7.559058028183944e-10,25,20,20
4,4724,2.3194308541949253e-09,0.8465346148444189,0.1534646453007927,7.375353574560236e-07,25,20,20
4,4725,6.243141560295137e-09,0.8747614563325155,0.125238250294076,2.871302664394829e-07,25,20,20
4,4726,3.436529545517198e-09,0.8847052466526661,0.11529446320905841,2.86701745433355e-07,25,20,20
4,4727,4.2775726635740195e-09,0.8565738245589258,0.14342588058547914,2.905780215959099e-07,25,20,20
4,4728,4.744617526272162e-08,0.8834082500128584,0.11647169123288136,0.00012001130808453109,25,20,20
4,4729,1.8034143326319574e-11,0.9446653925817696,0.055334606765502094,6.346939732321209e-10,25,20,20
4,4730,4.591352441543175e-06,0.8650672007042352,0.13492816644400066,4.149932185962981e-08,25,20,20
4,4731,7.10972903374157e-08,0.8594729019750154,0.14052664985200025,3.7707569301663264e-07,25,20,20
4,4732,2.410750533130568e-09,0.8842874065053198,0.11571201970804833,5.713758811447048e-07,25,20,20
4,4733,4.830240759427744e-09,0.8533283389487605,0.14667047751354903,1.1787074493890863e-06,25,20,20
4,4734,1.6793525292525496e-09,0.8387532754478064,0.16124672209866847,7.741719488491759e-10,25,20,20
4,4735,6.866080481283986e-10,0.9533053255435712,0.04669467315012707,6.196935678986065e-10,25,20,20
4,4736,2.8736149923207272e-09,0.9317992592791822,0.06820073712047564,7.26727107242653e-10,25,20,20
4,4737,3.531551359410463e-09,0.8209070545799411,0.1790914201417439,1.521746762773301e-06,25,20,20
4,4738,3.3883391911090323e-09,0.8486806810702917,0.15131866268821878,6.528531505146351e-07,25,20,20
4,4739,1.537829575083855e-07,0.9024825244647312,0.09751701537226438,3.063800465464915e-07,25,20,20
4,4740,7.691846913536135e-11,0.9266432233419163,0.07335624446145608,5.321197090473946e-07,25,20,20
4,4741,1.141608961269493e-08,0.9060639813735258,0.09393420246517824,1.8047452062076272e-06,25,20,20
4,4742,8.874660252912669e-11,0.9449277636874513,0.05507072096857049,1.5152552315141988e-06,25,20,20
4,4743,8.896942358837946e-11,0.849352987185772,0.15064648047619245,5.322490663875444e-07,25,20,20
4,4744,7.837130457062729e-10,0.9482826458782188,0.05171680400857394,5.493294939564929e-07,25,20,20
4,4745,7.261212423749315e-10,0.8832241426092707,0.11677494272853169,9.139360759156044e-07,25,20,20
4,4746,1.2276568742342927e-09,0.8959981066324753,0.1040018282906721,6.384919518490969e-08,25,20,20
4,4747,5.004466352380105e-10,0.887952190166527,0.11204779112309732,1.8209928991190192e-08,25,20,20
4,4748,3.215736417000034e-09,0.916802926602221,0.08319706884304028,1.339002496628042e-09,25,20,20
4,4749,7.372885757852336e-10,0.8977209941101694,0.1022789870073235,1.814521844460462e-08,25,20,20
4,4750,7.251932238221526e-10,0.914201390109191,0.08579857340954992,3.575606579763165e-08,25,20,20
4,4751,7.01859132860723e-10,0.9160590121049549,0.08394096942759145,1.7765594652000105e-08,25,20,20
4,4752,1.4785128781358687e-12,0.9129406320511498,0.08705935749835429,1.0449016945606215e-08,25,20,20
4,4753,8.315897064186522e-08,0.840839446292348,0.1591599206913562,5.498573249349012e-07,25,20,20
4,4754,1.5046149089035788e-08,0.8235727260650068,0.17642722835413116,3.0534712463044275e-08,25,20,20
4,4755,1.4295639062764491e-08,0.8908486133556566,0.10915135961993007,1.2728774506934462e-08,25,20,20
4,4756,5.226606903440459e-08,0.906972813904272,0.09302612986313681,1.0039665222938348e-06,25,20,20
4,4757,5.2265291472227514e-08,0.8744975558701313,0.125501394609784,9.972547934395862e-07,25,20,20
4,4758,3.9771542990625215e-08,0.8819901787007853,0.11797388957487359,3.589195279765004e-05,25,20,20
4,4759,3.8142155534127824e-08,0.930757202664452,0.06924177920734965,9.79986043089755e-07,25,20,20
4,4760,5.6353152746170144e-11,0.8528700615972211,0.1471299320047173,6.3417084911097584e-09,25,20,20
4,4761,4.460605411007844e-09,0.8747722897227931,0.12522769960610933,6.210492057948479e-09,25,20,20
4,4762,2.8507450303040632e-09,0.9603351835223357,0.03966479569710137,1.79298178401052e-08,25,20,20
4,4763,1.492850346149797e-11,0.9204513266146158,0.07954838358100004,2.8978945528926984e-07,25,20,20
4,4764,6.770229796415038e-10,0.947375026835723,0.05262468277183138,2.897154222869105e-07,25,20,20
4,4765,2.4278378936535062e-11,0.9100128214480314,0.0899871775555341,9.721565277753434e-10,25,20,20
4,4766,1.8112370105134994e-09,0.8815348475486366,0.11846514481596859,5.824158197455922e-09,25,20,20
4,4767,6.203163802971441e-07,0.8827924254806243,0.11720658864816062,3.655548351331086e-07,25,20,20
4,4768,6.204192151234241e-07,0.901664940542476,0.0983344211479051,1.7890403994065194e-08,25,20,20
4,4769,1.0848238051382205e-08,0.9057123728372847,0.09428760483521682,1.147926021917288e-08,25,20,20
4,4770,7.58831038218977e-10,0.9525051476600518,0.04749483396562237,1.7615494683369567e-08,25,20,20
4,4771,7.924905722636767e-10,0.9374893371307681,0.06251064429994214,1.7776798680000306e-08,25,20,20
4,4772,2.483316738714817e-10,0.9090375774334256,0.0909624218537079,4.6453439136012684e-10,25,20,20
4,4773,4.70102021715746e-11,0.9477280463225335,0.052271953116863584,5.13592476141444e-10,25,20,20
4,4774,9.57611131460544e-11,0.9883299856596827,0.011669995531415473,1.8713140956357592e-08,25,20,20
4,4775,4.567846388291445e-09,0.8799325064010445,0.11525882892329177,0.004808660107817261,25,20,20
4,4776,7.153128524678423e-10,0.9874494455441918,0.012550535506338376,1.82341571837861e-08,25,20,20
4,4777,1.3702654066122697e-08,0.911526963460993,0.08847302239999262,4.363602528691382e-10,25,20,20
4,4778,1.7246549851639942e-07,0.9122162262916081,0.08778360111928954,1.236036724844029e-10,25,20,20
4,4779,5.708053035438932e-08,0.8210938248981204,0.1789061113274882,6.6938607409992895e-09,25,20,20
4,4780,5.997547758810316e-08,0.8577665196507347,0.1422334133455286,7.0282586364008735e-09,25,20,20
4,4781,7.865175607085065e-08,0.8879357277193196,0.11206419330012986,3.287942581852526e-10,25,20,20
4,4782,2.406191892904385e-08,0.882777737307413,0.1172219385811977,3.000494699938823e-07,25,20,20
4,4783,2.3967453261410905e-08,0.8280717859214238,0.17192788973697515,3.003741476131524e-07,25,20,20
4,4784,5.0876551675283914e-11,0.9372249684926851,0.06277501333996598,1.811647256512434e-08,25,20,20
4,4785,6.645162385780913e-12,0.9687567512117612,0.031243248002637163,7.789562426832014e-10,25,20,20
4,4786,3.830211275921912e-08,0.9311691107506864,0.0688298717473239,9.791998766587067e-07,25,20,20
4,4787,3.5613345209913346e-09,0.9106644875901668,0.08933548562552185,2.3222976283514502e-08,25,20,20
4,4788,1.4299886348893288e-10,0.8417310398762704,0.15826891257071896,4.741001087981337e-08,25,20,20
4,4789,7.533914709378509e-10,0.9227159077848117,0.07728404878143097,4.26803655649303e-08,25,20,20
4,4790,4.2889139007453164e-08,0.9544835171899746,0.04551643895607509,9.648111468505595e-10,25,20,20
4,4791,2.6833540799708864e-09,0.9775152465607868,0.022484731959848455,1.8796010869996574e-08,25,20,20
4,4792,4.712829009561852e-10,0.8850215841781873,0.11497838567667991,2.9673849722132645e-08,25,20,20
4,4793,9.606941175678694e-11,0.8481366043066942,0.15186334621859518,4.937864053600188e-08,25,20,20
4,4794,2.9483752875352474e-10,0.8905716634598485,0.10942793653857363,3.997067399644751e-07,25,20,20
4,4795,2.1702944022817957e-08,0.936728768141029,0.06327119165199706,1.8504029685207466e-08,25,20,20
4,4796,2.165652653965638e-08,0.9541865263176064,0.045813451383018296,6.428488443438997e-10,25,20,20
4,4797,1.0776815275260459e-10,0.9157979255397379,0.0842011237121782,9.506403158038115e-07,25,20,20
4,4798,2.902689797530456e-09,0.7205197451390994,0.2794793013691516,9.505890587431853e-07,25,20,20
4,4799,0.00047924811939393,0.6922607132695741,0.30725907061129676,9.679997347434065e-07,25,20,20
4,4800,8.710351094236946e-08,0.7731109580466466,0.22688895397628828,8.73553030436688e-10,25,20,20
4,4801,3.0825605972718273e-06,0.81260756747999,0.18738897536980276,3.7458960927380343e-07,25,20,20
4,4802,3.081660808414512e-06,0.8996911537162869,0.1003054167474043,3.478755002479702e-07,25,20,20
4,4803,6.999598011769254e-10,0.9110603537105755,0.08893850406760788,1.1415218565620905e-06,25,20,20
4,4804,1.4886253947094306e-11,0.9563974487359936,0.04360251584920616,3.539991350334178e-08,25,20,20
4,4805,2.0054707438112018e-11,0.8851567006836791,0.11484298652730422,3.1276896178666814e-07,25,20,20
4,4806,7.375088239212186e-12,0.842236877986287,0.1577631156636221,6.342715612236967e-09,25,20,20
4,4807,6.817193046658663e-11,0.8714661513769962,0.12853384791264344,6.421885633885723e-10,25,20,20
4,4808,1.5730787224562444e-09,0.9072836564181679,0.09271634167359659,3.3515676834835936e-10,25,20,20
4,4809,1.3398104510404918e-09,0.8713552494880996,0.1286035892859846,4.115988610484801e-05,25,20,20
4,4810,5.4434337750614535e-11,0.9410607061814651,0.05893926572602572,2.8038074641962118e-08,25,20,20
4,4811,1.6292435302237724e-11,0.886519846248865,0.11348014380448586,9.93035652739727e-09,25,20,20
4,4812,1.1101384348372078e-09,0.9605939988840214,0.039405957966006724,4.203983326024168e-08,25,20,20
4,4813,1.154496185297382e-09,0.8854263963666553,0.11457359520238203,7.276466252846306e-09,25,20,20
4,4814,1.0441695751928811e-10,0.8739902799688172,0.1260097191509119,7.758539363467502e-10,25,20,20
4,4815,1.8480133278849974e-07,0.8654653395998662,0.13453445670741943,1.889138136281238e-08,25,20,20
4,4816,7.500258523747934e-11,0.9310667486791356,0.06893322239886765,2.8846994219345536e-08,25,20,20
4,4817,3.002865498212675e-08,0.9367627360954505,0.06323676602492972,4.678509648973715e-07,25,20,20
4,4818,2.2466581426256212e-08,0.897106860063623,0.10289227316995947,8.442998363240047e-07,25,20,20
4,4819,3.6521776316945983e-09,0.961443297044962,0.03855668079245802,1.8510402664103332e-08,25,20,20
4,4820,1.1940138576617476e-06,0.9702012495708633,0.02979754668714598,9.728133219097017e-09,25,20,20
4,4821,4.4873206461093125e-09,0.9356072430396111,0.06439275122537122,1.247696899793347e-09,25,20,20
4,4822,2.7488118765596576e-09,0.9891964530597448,0.010803543854647806,3.367957295309799e-10,25,20,20
4,4823,8.019608513696713e-11,0.9408993675775063,0.05910063199512543,3.471723566780283e-10,25,20,20
4,4824,1.9114643790548994e-09,0.8616532224721982,0.13834673443414486,4.118219195741973e-08,25,20,20
4,4825,5.608019539314311e-06,0.8687662622478931,0.1312280895984462,4.013412148254104e-08,25,20,20
4,4826,5.608153394308582e-06,0.8555535926436373,0.14444038986110447,4.0934186409734645e-07,25,20,20
4,4827,5.608215236726973e-06,0.9179579240739463,0.08203608049364713,3.872171699363412e-07,25,20,20
4,4828,4.631869124591392e-10,0.8810704079676763,0.1189291980487138,3.9352042263274773e-07,25,20,20
4,4829,3.11320999853502e-10,0.8939622422051134,0.10603772221196323,3.527160221284535e-08,25,20,20
4,4830,8.237920511699886e-10,0.9268539456240806,0.07314605289771778,6.544091751441039e-10,25,20,20
4,4831,5.3915636086857474e-11,0.9260537136600956,0.0739462859253085,3.6068012062365965e-10,25,20,20
4,4832,1.0446920441367352e-09,0.8002491542253152,0.19974987663029892,9.680996931308684e-07,25,20,20
4,4833,1.96421417050143e-09,0.7912067942737925,0.20879320303006726,7.319257282767212e-10,25,20,20
4,4834,7.53082765130893e-10,0.8715204740116862,0.12847952444015834,7.950722940133412e-10,25,20,20
4,4835,7.637223414681872e-10,0.8710451399624694,0.12895484103312563,1.824068240097897e-08,25,20,20
4,4836,1.1648807883781295e-10,0.9114585861945339,0.08854104890049914,3.6478847842516396e-07,25,20,20
4,4837,2.7366072475151462e-09,0.9324261382630972,0.06757348508202857,3.7391826667527485e-07,25,20,20
4,4838,1.920710289491296e-07,0.8111618408814114,0.18489890697646288,0.003939060071096237,25,20,20
4,4839,5.541257886547418e-09,0.8804079058318602,0.11959172339669352,3.652301878554125e-07,25,20,20
4,4840,2.711242503839624e-07,0.8549481959882179,0.1446678602093846,0.0003836726781472406,25,20,20
4,4841,5.545836750735341e-09,0.9247982665862322,0.07520170898204773,1.8885883198516594e-08,25,20,20
4,4842,1.7764428088699024e-09,0.9002070676780971,0.0997929235081655,7.03729410189906e-09,25,20,20
4,4843,3.5637950234861256e-09,0.8544709749799625,0.1455289959384054,2.5517837510277428e-08,25,20,20
4,4844,1.8346937841561424e-09,0.884788188985158,0.1151970809116618,1.4728268486376927e-05,25,20,20
4,4845,3.882062591327854e-09,0.83943078446033,0.1605691778350744,3.382253290765863e-08,25,20,20
4,4846,1.5772200124486613e-09,0.8069210683202382,0.1930571283545013,2.1801748039566315e-05,25,20,20
4,4847,2.5096820283408983e-09,0.7764070011442518,0.2235152182847018,7.777806136397358e-05,25,20,20
4,4848,2.1250336522895692e-08,0.9525860586487955,0.04741337712294977,5.429779186427106e-07,25,20,20
4,4849,5.637956521010445e-08,0.9226183832638464,0.07738137727200345,1.8308458512189945e-07,25,20,20
4,4850,7.715139595397901e-10,0.9667734355181389,0.03322652831271411,3.53976328839675e-08,25,20,20
4,4851,2.8817456321560475e-11,0.958963648714814,0.04103632857594718,2.2680421392598322e-08,25,20,20
4,4852,2.722476319037796e-10,0.8608307340788167,0.13916922520263136,4.0446304085843336e-08,25,20,20
4,4853,5.042875955191429e-09,0.8400943805653575,0.15990557369281044,4.0698955782441214e-08,25,20,20
4,4854,4.5753825877446335e-09,0.8432840593481058,0.15671496238285937,9.736936517174859e-07,25,20,20
4,4855,2.5013862803574117e-09,0.9215126563428435,0.0784863456910258,9.954647438166528e-07,25,20,20
4,4856,9.800991455178413e-10,0.9641009637771194,0.03589900019176628,3.505101473406915e-08,25,20,20
4,4857,7.530346383500766e-11,0.9594911009521883,0.0405078803361202,1.0186363880530077e-06,25,20,20
4,4858,1.562256079822187e-07,0.8078309959335133,0.19216881239834221,3.5442535664519055e-08,25,20,20
4,4859,2.253517663734371e-08,0.8282093868281649,0.17179056282007632,2.781658123008214e-08,25,20,20
4,4860,2.159930578035904e-08,0.8877565659859605,0.11224302095388111,3.914608523347672e-07,25,20,20
4,4861,4.4060605050217205e-08,0.9264967605375812,0.07350314062548774,5.477632587036326e-08,25,20,20
4,4862,2.6515063809649876e-08,0.9169024705392822,0.08307638860713705,2.1114338516588612e-05,25,20,20
4,4863,4.862376332787208e-09,0.9163981180290489,0.08360090901075674,9.680978175299156e-07,25,20,20
4,4864,3.5503875654663305e-09,0.9472224015180424,0.05277757711639402,1.7815175753246896e-08,25,20,20
4,4865,1.348110124428503e-10,0.8660218469519441,0.13397814594672025,6.966524078508095e-09,25,20,20
4,4866,7.5270170565304e-10,0.8709188779227898,0.12908013739530597,9.839292020066738e-07,25,20,20
4,4867,2.1077992652686183e-09,0.8953173228806974,0.10468264777282353,2.723867939572251e-08,25,20,20
4,4868,1.4069557615752679e-09,0.9251138853761409,0.07488609508093283,1.8135969774629905e-08,25,20,20
4,4869,6.852769221968801e-10,0.9066150097245582,0.09338497164808413,1.794208024529206e-08,25,20,20
4,4870,7.027025887188506e-07,0.8239301163995314,0.1760508933219814,1.828757589816448e-05,25,20,20
4,4871,7.06199042611285e-07,0.7975538702317805,0.1989216143042184,0.0035238092649580903,25,20,20
4,4872,7.053546853441079e-07,0.8981071381121398,0.10187289207542298,1.9264457751191146e-05,25,20,20
4,4873,7.029375622456664e-07,0.8862307639004725,0.11375021847499082,1.8314686974214383e-05,25,20,20
4,4874,7.328142465833838e-07,0.9178131723945988,0.08216780715402341,1.8287637130751528e-05,25,20,20
4,4875,7.273752767342749e-07,0.8451163238218935,0.1548646612590784,1.82875437510493e-05,25,20,20
4,4876,1.5140042803583812e-09,0.7778826467280059,0.22211702848986886,3.232681200116901e-07,25,20,20
4,4877,1.857396904364552e-09,0.8686496927408601,0.13134998710633325,3.1829540959928794e-07,25,20,20
4,4878,1.7570787248929963e-10,0.9042074233992925,0.09579226908263026,3.0734236930509917e-07,25,20,20
4,4879,1.6430509191224588e-09,0.8632222442001856,0.13677773593398418,1.8222779877721222e-08,25,20,20
4,4880,2.915678624588486e-09,0.9290222916701083,0.07097718567025653,5.197439566508606e-07,25,20,20
4,4881,2.829579362929948e-09,0.8475627911791743,0.15243667628564672,5.297055995217565e-07,25,20,20
4,4882,4.543111689642964e-09,0.9020589745806196,0.09794100945161471,1.1424653811890928e-08,25,20,20
4,4883,9.410318203176554e-11,0.8316596183908844,0.16833999982937342,3.816856389237347e-07,25,20,20
4,4884,4.497777616311804e-10,0.8599742328740346,0.14002538464069164,3.820354957579816e-07,25,20,20
4,4885,1.2527727109494324e-10,0.9021142133263892,0.09788483572476857,9.508235653218647e-07,25,20,20
4,4886,6.828485321918546e-08,0.7946199826775833,0.2053796378350764,3.112024868428399e-07,25,20,20
4,4887,5.9587362053300527e-08,0.9161197133875089,0.0838799203437113,3.0668141765584813e-07,25,20,20
4,4888,5.693878124847212e-08,0.925985035026335,0.07401489001653135,1.8018352639643792e-08,25,20,20
4,4889,6.086023163628601e-08,0.8740263834629262,0.12597354407938083,1.159746155587283e-08,25,20,20
4,4890,5.697482269347985e-08,0.8690585229573035,0.13094141958580674,4.82067238151763e-10,25,20,20
4,4891,1.2982319945156298e-10,0.8471258930390778,0.15287410651615027,3.149489595373877e-10,25,20,20
4,4892,1.1354106612767527e-10,0.878124990530486,0.12187500882980051,5.261721728891624e-10,25,20,20
4,4893,4.686167550229215e-10,0.8772699307673727,0.122730068131448,6.325615626700129e-10,25,20,20
4,4894,4.151616804458447e-11,0.8895875295461932,0.11041246977764824,6.346423401575683e-10,25,20,20
4,4895,4.591010759232072e-11,0.9358503489041103,0.06414963199929921,1.9050680456043188e-08,25,20,20
4,4896,2.176396816850953e-06,0.951291649481384,0.048706121238753945,5.2883045479401916e-08,25,20,20
4,4897,2.2190966656304976e-06,0.9071936620081393,0.09280368522484743,4.3367034719532594e-07,25,20,20
4,4898,2.1764001023206263e-06,0.9829590468197703,0.01703872480615266,5.197397458149884e-08,25,20,20
4,4899,2.2144562178852583e-06,0.9290228670601466,0.07097487658977926,4.189385569911395e-08,25,20,20
4,4900,4.9734825832565816e-11,0.9461426524510749,0.05385734716748043,3.317098479871455e-10,25,20,20
4,4901,1.297777324931258e-10,0.8408524196119135,0.15914756364519414,1.661311439077255e-08,25,20,20
4,4902,4.2569532866867626e-08,0.7905884343045628,0.20941149866008515,2.4465818250457045e-08,25,20,20
4,4903,3.54610536225557e-09,0.878246055500058,0.12175391579933251,2.5154504127874807e-08,25,20,20
4,4904,3.88422418805999e-08,0.9276760487756177,0.07232196307544009,1.9493067001728645e-06,25,20,20
4,4905,6.737340870160268e-09,0.862685331763336,0.13731362177326562,1.0397260569714833e-06,25,20,20
4,4906,3.0130308082511276e-09,0.9325200483926069,0.06747987143387492,7.716048748970008e-08,25,20,20
4,4907,9.163710199399707e-06,0.8099667617469433,0.19002398967084688,8.487201060746875e-08,25,20,20
4,4908,7.06214201126664e-10,0.9272477804797998,0.07275216545674362,5.3357241978858697e-08,25,20,20
4,4909,3.4567239878414426e-09,0.8757432884029653,0.12425665389275965,5.4247550889902455e-08,25,20,20
4,4910,6.143135684923109e-09,0.878682140441358,0.12131783344672778,1.9968778189846703e-08,25,20,20
4,4911,3.3961229061407926e-09,0.8679559583246159,0.13204403673598925,1.5432720321437483e-09,25,20,20
4,4912,6.854397130569948e-10,0.9553480627213929,0.044651918891524714,1.7701642611927985e-08,25,20,20
4,4913,3.600006526641426e-09,0.9358693705723296,0.06413060737691703,1.845074646726652e-08,25,20,20
4,4914,2.9073831580022843e-09,0.8893964169168045,0.1106035616369023,1.8538909184950483e-08,25,20,20
4,4915,2.9320881947431057e-09,0.8032382918719211,0.1967616612713586,4.392463182768816e-08,25,20,20
4,4916,1.7895671341947664e-09,0.8634727417169269,0.1365272240136931,3.247981273784976e-08,25,20,20
4,4917,1.15180261967354e-10,0.9239922796276742,0.07600765299005262,6.726709305923922e-08,25,20,20
4,4918,1.4886077405225351e-07,0.9556853360885753,0.044314512784415755,2.2662345045258953e-09,25,20,20
4,4919,1.2928907100087605e-10,0.9360068523905691,0.06399312906133049,1.8418810995366767e-08,25,20,20
4,4920,8.52000948729785e-12,0.9224346499130409,0.07756506098441608,2.8909402284254185e-07,25,20,20
4,4921,0.00023335962483273423,0.8664109250412045,0.13335560930717422,1.0602678797609841e-07,25,20,20
4,4922,2.642968264258869e-12,0.9764517672363826,0.023548214935344678,1.7825629303225974e-08,25,20,20
4,4923,4.7830278215965405e-09,0.9237285591383874,0.07627143526738328,8.112015560294955e-10,25,20,20
4,4924,1.5865567235521183e-09,0.942137692355823,0.05786230017413532,5.883484545883482e-09,25,20,20
4,4925,4.521156546675432e-08,0.8839214621967334,0.11607848133675479,1.1254945763787758e-08,25,20,20
4,4926,6.217188868201466e-11,0.9423150327849095,0.05768496205963835,5.093280079136996e-09,25,20,20
4,4927,1.135268947131702e-10,0.9619595358680948,0.0380404582970615,5.721316561916437e-09,25,20,20
4,4928,7.553942341039284e-10,0.9696137526040559,0.030386245691677468,9.488725820241934e-10,25,20,20
4,4929,3.6643810103949104e-06,0.8952590119255689,0.10371369959941497,0.0010236240940057913,25,20,20
4,4930,3.616281864729563e-06,0.9299812480063675,0.06999197964708172,2.3156064686429434e-05,25,20,20
4,4931,1.76087989919477e-11,0.891824165095792,0.10817582833863598,6.5479626508325505e-09,25,20,20
4,4932,7.398540546885156e-10,0.8218793441467342,0.1781206257403786,2.937303237139464e-08,25,20,20
4,4933,2.824894202091589e-08,0.8300004266566775,0.1699995316954952,1.339888491263481e-08,25,20,20
4,4934,2.8002631119670525e-09,0.8493506164197219,0.1506483994719515,9.813080625536727e-07,25,20,20
4,4935,1.1298393007690534e-08,0.8727331966106449,0.1272655268790176,1.2652119438608034e-06,25,20,20
4,4936,5.271349872885633e-11,0.9938115401196441,0.006188458878267378,9.493745164702117e-10,25,20,20
4,4937,1.5711065012185097e-07,0.9621954797660741,0.037804327086705586,3.603657022547204e-08,25,20,20
4,4938,1.4161699772104734e-09,0.9341324105584117,0.06586758623462198,1.790796338044113e-09,25,20,20
4,4939,7.22595845954558e-10,0.8931418663953684,0.10685718162621052,9.512558246466176e-07,25,20,20
4,4940,1.5920746135426916e-09,0.8775109991086621,0.12248803106192552,9.682373374516322e-07,25,20,20
4,4941,1.5022164839348738e-07,0.8721396744316339,0.12785891862132193,1.2567253954444118e-06,25,20,20
4,4942,9.54645777824575e-11,0.8654827420743613,0.13451599640550732,1.2614246661944237e-06,25,20,20
4,4943,5.346408176502119e-10,0.8501650511569039,0.1498339406620633,1.0076463918627962e-06,25,20,20
4,4944,2.0471744242421512e-07,0.7951994217290758,0.20479938258281874,9.909706627487488e-07,25,20,20
4,4945,2.683758937944927e-11,0.8917560029036773,0.1082439617183648,3.535112002899564e-08,25,20,20
4,4946,3.189174928667722e-11,0.8917268600391552,0.10827313895078024,9.781725970391793e-10,25,20,20
4,4947,7.364209062187897e-11,0.9153811545715074,0.08461883812740542,7.227444986385696e-09,25,20,20
4,4948,3.4401022163787206e-08,0.8897431995376154,0.10954264410381186,0.0007141219575503069,25,20,20
4,4949,6.393766773982927e-07,0.879972892833879,0.1200100762972546,1.6391492188741874e-05,25,20,20
4,4950,9.545399180871201e-06,0.9371995745369105,0.06277450595802668,1.6374105881945084e-05,25,20,20
4,4951,8.906163472477145e-06,0.8542204097393359,0.14577068396412177,1.330697513642082e-10,25,20,20
4,4952,0.00036069381284408385,0.7759223196804054,0.22371694100809172,4.549865867233538e-08,25,20,20
4,4953,7.677332005288481e-10,0.8649776089618926,0.13502199710627094,3.9316410307501685e-07,25,20,20
4,4954,3.312882082158017e-09,0.8586448596265128,0.1413550905965671,4.6464037904167087e-08,25,20,20
4,4955,1.500613133042835e-11,0.8837695522485521,0.11623044692047653,8.159655803935653e-10,25,20,20
4,4956,4.098298047172351e-11,0.9356786973579286,0.06432128451053983,1.8090548638361647e-08,25,20,20
4,4957,7.977182357151552e-11,0.8964938061395302,0.10350617535367186,1.8427025767710593e-08,25,20,20
4,4958,2.5652233504790403e-09,0.8529314103021431,0.14706858650734128,6.252924132743527e-10,25,20,20
4,4959,1.877451674286394e-09,0.8530983164329526,0.14690164961686789,3.207272768143067e-08,25,20,20
4,4960,4.621921958946936e-05,0.7374850758315853,0.2624686582990774,4.664974720143312e-08,25,20,20
4,4961,2.4805064768569997e-09,0.7543801930609257,0.24561978733246104,1.712610732834707e-08,25,20,20
4,4962,1.1831590318084092e-06,0.8601917288372372,0.13980654987019792,5.381335338377294e-07,25,20,20
4,4963,1.1858407632192696e-06,0.8612707920722943,0.1387274716398679,5.504470749430535e-07,25,20,20
4,4964,1.1839704651743803e-06,0.8375136306589422,0.16248433753290567,8.47837686935995e-07,25,20,20
4,4965,1.1856702639547092e-06,0.8662664433940581,0.133731539945093,8.309905850010664e-07,25,20,20
4,4966,1.1848819834139762e-06,0.9023950712449914,0.0976032067699073,5.371031179022912e-07,25,20,20
4,4967,1.7455033484583019e-09,0.9226207967450643,0.07737919551369044,5.9957420404419645e-09,25,20,20
4,4968,2.665339114862484e-10,0.9188072986357412,0.08119268285743997,1.8240285121433844e-08,25,20,20
4,4969,2.7581735983860363e-10,0.8456666142001156,0.1543330962386802,2.892853868016403e-07,25,20,20
4,4970,1.3083025538924612e-09,0.864909272173929,0.13509070879059584,1.772717276470519e-08,25,20,20
4,4971,7.359488368324472e-10,0.8450470287186471,0.15495263737132725,3.3317407660719856e-07,25,20,20
4,4972,3.4610883685718384e-09,0.9033593092319958,0.0966406696692075,1.763770809747737e-08,25,20,20
4,4973,2.377563236351596e-06,0.9564385247120315,0.04355907911145141,1.861328023212319e-08,25,20,20
4,4974,3.2578205617309766e-10,0.8401715802451964,0.15982835583625113,6.359276988829101e-08,25,20,20
4,4975,9.568173502327897e-11,0.9078628669268434,0.09213708050209661,5.247537799764355e-08,25,20,20
4,4976,1.7946077406601087e-09,0.8553420751322912,0.1446579051875209,1.7885580273449152e-08,25,20,20
4,4977,2.8802929727461048e-09,0.9183522716483788,0.08164674007378654,9.85397541825427e-07,25,20,20
4,4978,4.161922978975845e-08,0.8850912953230952,0.11490771218919704,9.508684774299185e-07,25,20,20
4,4979,1.7141375969812268e-09,0.8138626806859038,0.18613695236747932,3.652324788694338e-07,25,20,20
4,4980,3.060317419307773e-10,0.8755190732666042,0.12448063049544679,2.959319170261424e-07,25,20,20
4,4981,2.603431727680749e-10,0.8841365229480896,0.11586319835703264,2.7843453467304017e-07,25,20,20
4,4982,8.802300538656524e-08,0.9413739451557757,0.05862542029634096,5.465248780108527e-07,25,20,20
4,4983,9.347594875134862e-08,0.9218964027427882,0.07810266833794567,8.354433176332417e-07,25,20,20
4,4984,9.064918198790006e-08,0.8951413636035908,0.10485798148117834,5.642660490094547e-07,25,20,20
4,4985,5.3453662303307015e-09,0.959178615329176,0.04082137868248353,6.42974546653021e-10,25,20,20
4,4986,9.957192637397591e-11,0.9355860228990707,0.0644139763427738,6.585837160085138e-10,25,20,20
4,4987,1.4142885300977227e-09,0.8437314689487598,0.15623742208365837,3.110755329334389e-05,25,20,20
4,4988,5.695809374067512e-08,0.8586703496348388,0.141298485834162,3.110757290530131e-05,25,20,20
4,4989,8.906689349868565e-08,0.9190725003315565,0.0809274103976718,2.038780380215616e-10,25,20,20
4,4990,1.284736552608399e-07,0.798856422037945,0.20114208404824357,1.3654401558629904e-06,25,20,20
4,4991,3.952352567970424e-10,0.8245726633249107,0.17542697171597524,3.6456387797262963e-07,25,20,20
4,4992,7.080825192274719e-10,0.8820651799870737,0.11793480090934581,1.8395497058628093e-08,25,20,20
4,4993,1.7890572453112987e-09,0.848314625273533,0.15168500725513806,3.656822712393729e-07,25,20,20
4,4994,2.2160815463704636e-09,0.8645640351012419,0.13543596157566606,1.1070102812461421e-09,25,20,20
4,4995,5.1189718433726235e-09,0.8678617074691766,0.13213824476585176,4.264599973373292e-08,25,20,20
4,4996,6.357127452893956e-11,0.9701472287591497,0.029852753246336357,1.793094279432763e-08,25,20,20
4,4997,4.932834461986983e-10,0.857568326758485,0.1424316436621753,2.9086055842640268e-08,25,20,20
4,4998,6.567719234929372e-12,0.926884854365181,0.07311511643693995,2.9191311474861334e-08,25,20,20
4,4999,2.1818091060051896e-11,0.8967781658524813,0.10322089726481046,9.368608899980828e-07,25,20,20
4,5000,1.060071701925577e-09,0.9287317470576615,0.07126823426403375,1.7618233005627602e-08,25,20,20
4,5001,2.2238801413393355e-08,0.9111488794322146,0.08885108738244434,1.0946539839640466e-08,25,20,20
4,5002,2.759054082385569e-09,0.8985267706457601,0.10147322578278781,8.123976454573192e-10,25,20,20
4,5003,5.912019317461892e-07,0.8907099600600096,0.10928944812967696,6.083813070673008e-10,25,20,20
4,5004,1.511100364502734e-11,0.9789757540850185,0.021024245232821953,6.670487165818641e-10,25,20,20
4,5005,3.033541869467331e-09,0.863899329980031,0.13610062040880666,4.657762062671347e-08,25,20,20
4,5006,4.994368830636328e-08,0.8269499082763968,0.17304882881560732,1.2129643080694997e-06,25,20,20
4,5007,1.6672066805593685e-09,0.8524832704124767,0.14751669990520566,2.8015110318528945e-08,25,20,20
4,5008,8.73508320542195e-10,0.8414020566414904,0.1585979242378526,1.824714812108212e-08,25,20,20
4,5009,1.5638753602795624e-07,0.9047610728795686,0.09523876883151211,1.9013833983637103e-09,25,20,20
4,5010,1.536028735039017e-07,0.8966677082221528,0.10333213621047951,1.9644941458644024e-09,25,20,20
4,5011,1.93861216804235e-10,0.9091393696951442,0.0908606288277978,1.283196998473291e-09,25,20,20
4,5012,6.352731257715244e-11,0.9357579189983335,0.06424206185144943,1.908668968245382e-08,25,20,20
4,5013,8.085679221495991e-10,0.955491135353524,0.04450791269617266,9.51141735770706e-07,25,20,20
4,5014,7.552765512376259e-11,0.9188256662789671,0.08115958133945873,1.4752306046171065e-05,25,20,20
4,5015,5.383399178030795e-11,0.8700479980899594,0.12995199647335762,5.3828489892744966e-09,25,20,20
4,5016,8.142741684949238e-11,0.925349180356989,0.07465081952476706,3.681663981686372e-11,25,20,20
4,5017,2.849504455558424e-09,0.9206048440707971,0.07939515212027669,9.59422051222967e-10,25,20,20
4,5018,4.383830517202367e-11,0.9334732883006108,0.06652669333671374,1.8318837240202673e-08,25,20,20
4,5019,3.6315220756484636e-11,0.8779336794063459,0.12204792894756133,1.8391609777028296e-05,25,20,20
4,5020,9.47901404594704e-11,0.9188986724185897,0.08108328166247608,1.804582414419983e-05,25,20,20
4,5021,2.3977531765807925e-08,0.8052663681706689,0.19471555739647337,1.805045532519107e-05,25,20,20
4,5022,3.698953081923705e-10,0.7883951612424355,0.21160483790452247,4.831469289113307e-10,25,20,20
4,5023,2.9115039544152214e-11,0.9451621628378565,0.054837836808768484,3.2425987216936373e-10,25,20,20
4,5024,6.839718408417491e-10,0.9501434253094007,0.049856556004501736,1.8002125296512117e-08,25,20,20
4,5025,3.931541412230822e-11,0.8666508789194637,0.13334910955694068,1.1484280529089491e-08,25,20,20
4,5026,9.017445086915513e-12,0.8244653053198252,0.175534693092678,1.578479170599065e-09,25,20,20
4,5027,1.2221430595212227e-10,0.9020705832665621,0.09792939838717742,1.8224046280175348e-08,25,20,20
4,5028,1.6159394547845688e-07,0.9129576713805798,0.08704157242942635,5.945960479965574e-07,25,20,20
4,5029,1.6274501166894422e-07,0.9121725529308136,0.0878272827534958,1.5706780521930384e-09,25,20,20
4,5030,1.5990329684448546e-07,0.8269217714988328,0.1730780671078496,1.4900202703664166e-09,25,20,20
4,5031,1.5892407523571218e-07,0.8827280414703199,0.11727177559503202,2.401057279515611e-08,25,20,20
4,5032,3.042671863443261e-11,0.8612994194173837,0.13870057372034952,6.8318399515442865e-09,25,20,20
4,5033,7.270659411342794e-11,0.9404072958377092,0.059592703135430886,9.541531618717957e-10,25,20,20
4,5034,5.4987607928528756e-11,0.9272258569184727,0.07277414230243599,7.241033768200979e-10,25,20,20
4,5035,2.1641302349175907e-06,0.8948781708847118,0.10511964689557296,1.808948006301758e-08,25,20,20
4,5036,2.164213377945348e-06,0.9225976169936413,0.07740020000987959,1.8783100842991544e-08,25,20,20
4,5037,2.2201340205361717e-06,0.8765137443668297,0.12348401728542271,1.8213726844531105e-08,25,20,20
4,5038,5.685091771932522e-08,0.8394146686182559,0.1605705290725436,1.474545828277485e-05,25,20,20
4,5039,1.0736795900208797e-09,0.8507784534411874,0.14920679945676277,1.474602836983408e-05,25,20,20
4,5040,3.207704148789756e-12,0.8921734003108119,0.10780597393761066,2.062574836970309e-05,25,20,20
4,5041,2.519280475755213e-10,0.8897082622680008,0.11029144807938471,2.894006862784422e-07,25,20,20
4,5042,3.82861136164111e-08,0.9290509098432057,0.07094874507759809,3.067930827619633e-07,25,20,20
4,5043,2.741795187756401e-10,0.9391063805249,0.06089331183382911,3.073670911069829e-07,25,20,20
4,5044,2.776253120179972e-10,0.8717185660090171,0.12828113837130917,2.953420483185686e-07,25,20,20
4,5045,9.893407199659341e-11,0.9163092314212122,0.08369076033144632,8.148407904870246e-09,25,20,20
4,5046,7.430333869483184e-11,0.9762181110092695,0.02378188715503491,1.7613923142030222e-09,25,20,20
4,5047,7.363596248002012e-10,0.9439197898253667,0.05608020862667917,8.11594803796253e-10,25,20,20
4,5048,9.498677901171185e-10,0.8436251962477559,0.15637478472584138,1.8076535116136745e-08,25,20,20
4,5049,1.2228307752065682e-10,0.7982397165245841,0.20176025990245317,2.3450679524727917e-08,25,20,20
4,5050,1.4846615108618805e-10,0.9308308136521599,0.06916914524138904,4.095798435699658e-08,25,20,20
4,5051,5.035063057273116e-08,0.8721955422847756,0.12780436554975608,4.181483772326548e-08,25,20,20
4,5052,5.0050782984670255e-08,0.8297514484863975,0.170248465933485,3.552933473958572e-08,25,20,20
4,5053,5.268786895232744e-08,0.9332995287013227,0.06670040066406054,1.7946747750019333e-08,25,20,20
4,5054,4.0713829098694934e-08,0.8815063773939351,0.11849355311650589,2.87757300857566e-08,25,20,20
4,5055,3.851985713676709e-08,0.9593668187395711,0.040633124210572386,1.8529999523796325e-08,25,20,20
4,5056,6.340026016407592e-11,0.8419454101115638,0.15805457149907368,1.83259619035986e-08,25,20,20
4,5057,1.4510348234340846e-09,0.9297457098166028,0.07025427048396693,1.8248395133341233e-08,25,20,20
4,5058,7.316707445697195e-10,0.8916023633517572,0.10839761766012629,1.825644537841847e-08,25,20,20
4,5059,1.2084002780531143e-09,0.8891934490841433,0.11080651980153687,2.990591947818497e-08,25,20,20
4,5060,9.144908050799501e-06,0.7777567043118535,0.22223413132428108,1.9455814014314492e-08,25,20,20
4,5061,1.1719881434907307e-09,0.8889116274161657,0.1110883594878624,1.1923983653055146e-08,25,20,20
4,5062,2.7467044923501152e-09,0.9254889905327889,0.07451097722542638,2.9495080888960568e-08,25,20,20
4,5063,5.458796700117659e-09,0.9029288041223157,0.09707116143175235,2.8987135079898438e-08,25,20,20
4,5064,5.154479215599902e-09,0.9470196658280376,0.05298032889679522,1.2068786203964916e-10,25,20,20
4,5065,3.4583334580446895e-09,0.9272054419358311,0.07279455457578282,3.005201971769442e-11,25,20,20
4,5066,1.4067023021282042e-09,0.8777316275546042,0.12226782335334445,5.476853488511388e-07,25,20,20
4,5067,3.7091755512927076e-09,0.8802367156479951,0.11976327980634323,8.364856559988535e-10,25,20,20
4,5068,6.032665849276954e-10,0.8601660604753052,0.13981593996371885,1.799895770907693e-05,25,20,20
4,5069,2.759589771475238e-09,0.872186955105804,0.1278130355416753,6.59293043007005e-09,25,20,20
4,5070,4.466154542773775e-09,0.9277818840229171,0.07221748070790747,6.308030207987965e-07,25,20,20
4,5071,7.14173595310265e-09,0.9047319606792078,0.09526740610747474,6.260715816177485e-07,25,20,20
4,5072,2.3870393905279162e-09,0.8645607729933076,0.1354382144924793,1.0101271738981396e-06,25,20,20
4,5073,1.6156488798034504e-09,0.9109513370872416,0.08904862525725653,3.6039852632591856e-08,25,20,20
4,5074,1.0020905961379977e-11,0.9538713525875334,0.04612862907152206,1.8330923172680123e-08,25,20,20
4,5075,5.414809260371766e-08,0.8690128543760429,0.13098705640573047,3.507013434971565e-08,25,20,20
4,5076,1.112773476568346e-10,0.8725096397397276,0.12749035898457337,1.1644217244752988e-09,25,20,20
4,5077,6.318572741415542e-11,0.8869832830021188,0.11301671535212555,1.5825692664609112e-09,25,20,20
4,5078,3.132459590861415e-10,0.9493157028830478,0.05068392078519603,3.760185097820796e-07,25,20,20
4,5079,1.9951978527633342e-08,0.8620829939035035,0.13789577315983365,2.1212984683907186e-05,25,20,20
4,5080,6.830769462679647e-10,0.9443302624258045,0.05564903025341275,2.070663770583536e-05,25,20,20
4,5081,3.231302879619537e-10,0.9256982476082171,0.07430170521469785,4.685395473545054e-08,25,20,20
4,5082,3.9057274430527985e-10,0.9011577411772556,0.09884222904365031,2.9388521456659955e-08,25,20,20
4,5083,4.620316386270848e-08,0.8672278008373615,0.13275414937293298,1.8003586541221087e-05,25,20,20
4,5084,3.238355428239732e-06,0.8956836600047228,0.10429473949808672,1.8362141761645565e-05,25,20,20
4,5085,1.4675553077499217e-11,0.966838715575184,0.03314328575227566,1.799865786464334e-05,25,20,20
4,5086,8.327465992484811e-10,0.9136422730769586,0.0863577257655916,3.2470275813255546e-10,25,20,20
4,5087,6.82841474076753e-10,0.944627045797688,0.05537295267163099,8.47839006084136e-10,25,20,20
4,5088,7.680395515325549e-12,0.9213116241824555,0.07868721421423741,1.161595626072504e-06,25,20,20
4,5089,8.850583661645086e-08,0.9520791744027293,0.047920718551414075,1.854001933397201e-08,25,20,20
4,5090,6.115511041682407e-11,0.901098983970732,0.09890101512909646,8.390165958893505e-10,25,20,20
4,5091,4.170982607926968e-07,0.876138931110533,0.12376457361215562,9.607817905118436e-05,25,20,20
4,5092,1.6706380185939572e-11,0.9020788700381775,0.09792017882741652,9.511176992534097e-07,25,20,20
4,5093,4.7604973094634925e-12,0.9236381637732307,0.0763618358958875,3.261210020753799e-10,25,20,20
4,5094,5.842045983026972e-11,0.9352911704298684,0.06470882939991551,1.1179568435959336e-10,25,20,20
4,5095,1.5650892495328953e-10,0.8944661403488264,0.10553385939919498,9.546965639123783e-11,25,20,20
4,5096,8.454457898024604e-06,0.9178486289228249,0.0821419658519841,9.507672932080192e-07,25,20,20
4,5097,8.610018298275529e-06,0.96106118932451,0.03892923309275668,9.675644351653759e-07,25,20,20
4,5098,8.45481841005659e-06,0.7553853276979605,0.2446052497104869,9.677731418121277e-07,25,20,20
4,5099,4.855900521971792e-09,0.7907376611457484,0.20926167440806379,6.595902865821504e-07,25,20,20
4,5100,2.1542103382769477e-06,0.9166500260962108,0.08334781346635432,6.2270965210248924e-09,25,20,20
4,5101,1.3807848733351391e-09,0.7829685471359566,0.2170309484182246,5.030650336872851e-07,25,20,20
4,5102,6.646483440930993e-10,0.8218726586144882,0.17812679688649258,5.438343706807946e-07,25,20,20
4,5103,2.1171428304320645e-06,0.8550495134650784,0.14494780896664106,5.604254503486536e-07,25,20,20
4,5104,1.5104595033141171e-05,0.8161599311844714,0.18382481248935817,1.5173113712514742e-07,25,20,20
4,5105,2.979571955968044e-09,0.7580218079838388,0.2419775819681626,6.070684261780318e-07,25,20,20
4,5106,2.8412056728141588e-12,0.7356600901085727,0.2643399032821027,6.606482880652825e-09,25,20,20
4,5107,2.3349448370267967e-12,0.8429981807344135,0.15700181235281174,6.91044013370877e-09,25,20,20
4,5108,1.3479557330974708e-09,0.906569850723305,0.09343014120929276,6.719446338163282e-09,25,20,20
4,5109,6.657615622935842e-10,0.8916201686193079,0.1083798242690556,6.445874598865184e-09,25,20,20
4,5110,0.00011793541033390677,0.8854600747324016,0.11442194412161745,4.57356466808047e-08,25,20,20
4,5111,0.00011809113801023537,0.9021907103452068,0.09769114582926709,5.2687515490023366e-08,25,20,20
4,5112,0.00011809171808441955,0.8412298791645745,0.15865144312556867,5.859917722948638e-07,25,20,20
4,5113,1.5431185290564076e-09,0.8837198508108741,0.1162801404676809,7.178326035065735e-09,25,20,20
4,5114,3.467833522313902e-09,0.8827872622525379,0.11721271555630139,1.872332698374965e-08,25,20,20
4,5115,6.169343335877027e-09,0.9688771422043949,0.031122850348304733,1.277956814343163e-09,25,20,20
4,5116,2.7636496961896942e-09,0.9656111733166177,0.034387838374309705,9.8554542263484e-07,25,20,20
4,5117,1.4091522109059321e-08,0.9313221298378636,0.06867785511058642,9.600275315852257e-10,25,20,20
4,5118,3.956940482554308e-09,0.8837998418370293,0.1162001187005149,3.550551504803754e-08,25,20,20
4,5119,3.19403577014551e-09,0.9068555736505681,0.09314377087691651,6.522784794358802e-07,25,20,20
4,5120,4.900146324127817e-10,0.8587544090996535,0.14124397033945787,1.6200708741206113e-06,25,20,20
4,5121,5.691919170694443e-08,0.8953287410248717,0.10467089555893008,3.06497006086903e-07,25,20,20
4,5122,2.770702212481706e-11,0.7239974662940493,0.2760021454413155,3.8823692708421324e-07,25,20,20
4,5123,7.6742008667101e-11,0.8346793248371237,0.1653203520493088,3.2303682478721636e-07,25,20,20
4,5124,8.486979589739469e-10,0.9147870060726045,0.08521299229442886,7.842681615211184e-10,25,20,20
4,5125,7.771936744335833e-06,0.8681675767198402,0.13182464998766477,1.3557499984671657e-09,25,20,20
4,5126,6.21651963358149e-11,0.9148909751762182,0.085109024007153,7.54463440251739e-10,25,20,20
4,5127,6.985297831377422e-11,0.868233191345039,0.1317668085564236,2.86842223795584e-11,25,20,20
4,5128,2.9671423659082834e-09,0.8144585611800005,0.18554090296692738,5.328859290911627e-07,25,20,20
4,5129,1.779852432657499e-11,0.7171624469623515,0.2828371886845108,3.643353386023439e-07,25,20,20
4,5130,5.273275953643137e-12,0.8966887746773325,0.10331086110145947,3.6421593439088785e-07,25,20,20
4,5131,2.1118717380594044e-06,0.8534851595743186,0.14651071639635568,2.012157587690293e-06,25,20,20
4,5132,7.712266940469332e-11,0.8817796268244801,0.1182049868144005,1.5386283996590816e-05,25,20,20
4,5133,1.3256137113421988e-10,0.9315904865647695,0.06840887240669712,6.408959717494213e-07,25,20,20
4,5134,1.640777680882702e-09,0.9122926330461613,0.08770735847795955,6.835101655053888e-09,25,20,20
4,5135,1.9796564435930865e-10,0.9039440345757613,0.09605557654106381,3.886852094006255e-07,25,20,20
4,5136,1.143847850473835e-09,0.9492977380193378,0.05068263538567442,1.9625451139748215e-05,25,20,20
4,5137,3.5430114306537433e-09,0.9318653244489218,0.06813465345753977,1.855052672514103e-08,25,20,20
4,5138,3.5546686287233547e-09,0.9836634933642249,0.016336484857169896,1.8223935903215747e-08,25,20,20
4,5139,7.640237595932721e-10,0.9374583170680172,0.06254166355285097,1.861510776454917e-08,25,20,20
4,5140,0.00025265158154346947,0.9317384738316279,0.06800834084596884,5.337408591020333e-07,25,20,20
4,5141,0.00025265063304658145,0.9009496891880123,0.09879715649919751,5.036797431158231e-07,25,20,20
4,5142,1.8662566448908582e-10,0.7386856083569647,0.2613130666224314,1.32483397755769e-06,25,20,20
4,5143,2.0811593491127765e-10,0.8101044296034314,0.1898808297978146,1.4740390637416423e-05,25,20,20
4,5144,2.449305161201099e-10,0.9187302233015521,0.08125503035784576,1.474609567114014e-05,25,20,20
4,5145,2.589358319500733e-10,0.9002679602593637,0.09971666942144733,1.537006025254228e-05,25,20,20
4,5146,7.626932384423716e-11,0.9917431199874587,0.008256879591440123,3.4483178438867644e-10,25,20,20
4,5147,4.617565042110138e-09,0.933782246833794,0.06621773092611401,1.7622526692413124e-08,25,20,20
4,5148,1.3434255406208806e-11,0.9655316809265208,0.03446831871890994,3.411344060499896e-10,25,20,20
4,5149,1.6522021857229847e-11,0.93126490273891,0.06873509690582266,3.387447115950093e-10,25,20,20
4,5150,1.1550400160565542e-11,0.8601080727642827,0.13989164270033816,2.845238284260562e-07,25,20,20
4,5151,7.243391166603803e-10,0.8859886948108151,0.11401101931797618,2.851468700052834e-07,25,20,20
4,5152,3.831072355602214e-08,0.8878625582507282,0.11213648524888711,9.181896612388798e-07,25,20,20
4,5153,6.425464930615044e-07,0.9098608482095838,0.09013812745498263,3.817889405158405e-07,25,20,20
4,5154,8.229936702096203e-09,0.8925802492648311,0.1074197233689414,1.9136290588208696e-08,25,20,20
4,5155,2.7529683409911596e-09,0.8863430081542328,0.11365697021645724,1.887634096791606e-08,25,20,20
4,5156,4.0816368353007693e-11,0.911434862713003,0.0885645716363863,5.656097940567691e-07,25,20,20
4,5157,7.077780400276393e-08,0.9048162608727377,0.09518277496477276,8.933846850489826e-07,25,20,20
4,5158,5.581863938239845e-09,0.9658025920803935,0.03419736665584208,3.568189999283628e-08,25,20,20
4,5159,1.019935775453498e-08,0.9032549203828711,0.09673026685336138,1.4802564409739038e-05,25,20,20
4,5160,8.58875704915777e-11,0.936143336843126,0.06385616628956227,4.967814244772446e-07,25,20,20
4,5161,2.2922510975110556e-06,0.9035198393278882,0.09647737087252888,4.975484854601023e-07,25,20,20
4,5162,6.31291330942015e-11,0.8711866172856644,0.12881334725898508,3.539222136341616e-08,25,20,20
4,5163,2.8955392650649896e-11,0.9497930102598757,0.05020695377322952,3.5937939120714124e-08,25,20,20
4,5164,2.734703813454132e-09,0.9706065827783122,0.029393413526265014,9.60718723899339e-10,25,20,20
4,5165,2.781777315100591e-09,0.8556404197564718,0.14435955367523998,2.3786510714625226e-08,25,20,20
4,5166,6.501643904394129e-11,0.902352335378751,0.09764735310640177,3.11449830718541e-07,25,20,20
4,5167,1.7628642349366494e-11,0.9641367927860043,0.03586291810058982,2.890957777819426e-07,25,20,20
4,5168,8.727386786408869e-06,0.9341761408811655,0.0658151083746844,2.3357363494235203e-08,25,20,20
4,5169,1.7367645292803592e-05,0.9432699335328175,0.056712646666887225,5.2155002302344175e-08,25,20,20
4,5170,8.730135649483392e-06,0.9060879882529368,0.09390324702452311,3.458689073320193e-08,25,20,20
4,5171,1.496600535831517e-10,0.830860843111424,0.16901819756147468,0.00012095917744015653,25,20,20
4,5172,2.012348733688403e-10,0.9168012623663603,0.08319776830285511,9.691295496063597e-07,25,20,20
4,5173,1.1934553069645819e-09,0.8534917949912375,0.14650722057161825,9.832436883354827e-07,25,20,20
4,5174,1.01733457005573e-07,0.8805960780886766,0.11940353099123974,2.891866260435831e-07,25,20,20
4,5175,1.0037439330258385e-07,0.9074939155172785,0.09250597262085297,1.1487474732632953e-08,25,20,20
4,5176,6.226854110239359e-05,0.7850230603392494,0.21491465768815524,1.3431491312150002e-08,25,20,20
4,5177,1.4860207191748463e-09,0.9150231747974112,0.08497682251082216,1.2057450299967784e-09,25,20,20
4,5178,3.6143402959339495e-11,0.9117025946060354,0.0882974045309754,8.268455026825056e-10,25,20,20
4,5179,4.792067553371297e-06,0.8055015084362193,0.19449368939510556,1.0101121243788185e-08,25,20,20
4,5180,4.792331304979265e-06,0.8337607942051917,0.16623439652726446,1.693623811322095e-08,25,20,20
4,5181,3.003036211022091e-09,0.8757795695954339,0.12422041969811703,7.703412696322815e-09,25,20,20
4,5182,4.13309356799228e-08,0.8246556826962788,0.17532918331956993,1.5092653215096995e-05,25,20,20
4,5183,2.815977268779703e-06,0.7941263794178642,0.20585603133022926,1.4773274637527622e-05,25,20,20
4,5184,2.2048659824323245e-07,0.8760489069175168,0.12393560137622739,1.527121965731734e-05,25,20,20
4,5185,2.1270635437778145e-08,0.8610931295449307,0.13890629915103386,5.500333994927469e-07,25,20,20
4,5186,2.237322155599255e-08,0.8381173692084242,0.16188203828984157,5.70128512659635e-07,25,20,20
4,5187,6.265329154499612e-09,0.8476946394454185,0.15230532742099054,2.686826104895124e-08,25,20,20
4,5188,8.54890922692449e-10,0.930781251101127,0.06921873012662574,1.7917355805590466e-08,25,20,20
4,5189,1.327379978801104e-10,0.9503587750805764,0.049641206862738346,1.7923946755515717e-08,25,20,20
4,5190,5.188913941942539e-09,0.8782001560684825,0.12176415617317819,3.568256942473064e-05,25,20,20
4,5191,4.913698999471414e-06,0.8340203942269588,0.1659595777016848,1.5114372356198485e-05,25,20,20
4,5192,4.116551812312859e-09,0.8695314096833602,0.13045383949708342,1.4746703003922419e-05,25,20,20
4,5193,5.492719600564301e-06,0.8974222936161117,0.102571227525734,9.861385533428124e-07,25,20,20
4,5194,1.540173548773641e-07,0.9013420945384722,0.0986429710475278,1.478039664543571e-05,25,20,20
4,5195,1.644918990276162e-11,0.9860586165615195,0.013941364980317214,1.844171408222794e-08,25,20,20
4,5196,2.8370387124708565e-09,0.8877290307719999,0.11227094769704644,1.8693914400773918e-08,25,20,20
4,5197,5.4735480935757234e-08,0.8837887145281573,0.11621118472374105,4.6012620211793654e-08,25,20,20
4,5198,5.6610611966126575e-08,0.8927581203928131,0.10724180284707557,2.0149499032026816e-08,25,20,20
4,5199,5.0339542055620295e-09,0.9178352472782808,0.08216472832799376,1.9359770851069164e-08,25,20,20
4,5200,2.8559947137520295e-09,0.8866138796536838,0.11338609920212299,1.828819781524035e-08,25,20,20
4,5201,4.0233012108860434e-08,0.8761427915508567,0.12385651843887895,6.497772515779063e-07,25,20,20
4,5202,1.8927572439118274e-09,0.9423122264393363,0.057686139187959944,1.6324799468142366e-06,25,20,20
4,5203,2.2365021398293587e-09,0.9258028153553427,0.07419556711455728,1.6152935978198133e-06,25,20,20
4,5204,1.3966226147457536e-08,0.9173315931072495,0.08264807802333955,2.0314903184838946e-05,25,20,20
4,5205,4.3789674100122866e-05,0.8895336060733172,0.11042225747274419,3.4677983844766674e-07,25,20,20
4,5206,2.7354206450200692e-08,0.8433664464696369,0.15661879699536727,1.4729180789019852e-05,25,20,20
4,5207,8.871723240309821e-08,0.9451299424449816,0.05485523910767821,1.4729730107715573e-05,25,20,20
4,5208,8.416573272482652e-08,0.890901285453998,0.10908287812059829,1.5752259670696e-05,25,20,20
4,5209,3.2267338006217342e-09,0.8249810273525806,0.1750189338256712,3.559501408002649e-08,25,20,20
4,5210,2.420600024867467e-11,0.9284308958850492,0.07156907625462246,2.7836122127977484e-08,25,20,20
4,5211,3.273043872799168e-11,0.9350133182877397,0.06496865879757294,1.8022881956546916e-05,25,20,20
4,5212,1.2626653475651992e-11,0.8951497141732792,0.10485026840747881,1.7406615277385388e-08,25,20,20
4,5213,2.513658030957113e-10,0.8796407301034912,0.12035890399555481,3.656495879111324e-07,25,20,20
4,5214,2.4282835516366336e-06,0.8558768095188931,0.1441194239756545,1.3382219007216005e-06,25,20,20
4,5215,6.151939975522939e-08,0.9027532433092935,0.0972450949625933,1.6002087135284432e-06,25,20,20
4,5216,3.7411098590307394e-08,0.8630618272939141,0.1369371428928372,9.9240214995071e-07,25,20,20
4,5217,3.7171838772858753e-08,0.91881497764167,0.08118401687431909,9.683121722262372e-07,25,20,20
4,5218,5.335337345044507e-08,0.846693947481509,0.15330391095977933,2.0882053384327244e-06,25,20,20
4,5219,2.8759304240808773e-11,0.8854133427050518,0.11458663243910007,2.4827088299691804e-08,25,20,20
4,5220,1.5938635579557946e-09,0.8328842446633165,0.16711512126225292,6.324805672631074e-07,25,20,20
4,5221,2.774491061706404e-09,0.9492167229760291,0.05078263553901238,6.387104671762447e-07,25,20,20
4,5222,3.864235969418174e-08,0.908980262014318,0.0909837900366827,3.590930663977905e-05,25,20,20
4,5223,2.4166800641859117e-08,0.8426590961537838,0.15730597770829388,3.490197112175297e-05,25,20,20
4,5224,2.676529816417669e-10,0.896507686427582,0.10349230505542578,8.2493392551144e-09,25,20,20
4,5225,5.679307851751197e-10,0.8448349372965889,0.1551650563401559,5.795323911572866e-09,25,20,20
4,5226,4.74591240474197e-10,0.9338827471543745,0.06611725202340722,3.476270637120482e-10,25,20,20
4,5227,2.4108635473505827e-08,0.904498125652145,0.09549991590758493,1.934331634302488e-06,25,20,20
4,5228,8.888212081928768e-11,0.8746367281514672,0.12536103136115054,2.240398499923366e-06,25,20,20
4,5229,7.981581907293059e-10,0.9156471878584821,0.08435181954079198,9.918025676290101e-07,25,20,20
4,5230,8.726990221623778e-06,0.8810272584144448,0.11896301312050815,1.001474824874013e-06,25,20,20
4,5231,8.880973931446399e-06,0.9039154076147906,0.09607565778754848,5.362372920380233e-08,25,20,20
4,5232,1.5674342665191345e-07,0.8756659420264485,0.12433387047051045,3.075961401348498e-08,25,20,20
4,5233,3.380695407611722e-09,0.8806193215002294,0.11938065119335924,2.392571575251149e-08,25,20,20
4,5234,1.1906790470855698e-10,0.8749252289156627,0.12506001828560495,1.4752679664144019e-05,25,20,20
4,5235,1.3847914957996869e-09,0.8762659286358945,0.12373309811636862,9.718629453514561e-07,25,20,20
4,5236,3.7354240493678655e-07,0.8548406630857381,0.1451589276257376,3.5746119176116615e-08,25,20,20
4,5237,6.904463008803928e-10,0.9564479486833356,0.043552032915426524,1.7710791760260234e-08,25,20,20
4,5238,4.972315509257322e-11,0.92634742070172,0.07365160373002014,9.755185363338923e-07,25,20,20
4,5239,4.62264372365864e-09,0.9430422428760621,0.05695775216205802,3.3923566038347955e-10,25,20,20
4,5240,2.754932892683409e-09,0.9164073584347727,0.08359262076920229,1.80410918237418e-08,25,20,20
4,5241,5.0962584595406786e-11,0.9437538751849841,0.05624612432173918,4.423137151804164e-10,25,20,20
4,5242,7.874933361039473e-11,0.9611942627814426,0.03880573670668146,4.3312676790439785e-10,25,20,20
4,5243,2.7046708260901485e-09,0.8877719407585825,0.11222803921705349,1.7319692801614293e-08,25,20,20
4,5244,2.6077747883733943e-10,0.8983024646232449,0.10169753507608348,3.9894243474566905e-11,25,20,20
4,5245,2.1652305083380828e-10,0.8721133918866965,0.12788559500935903,1.012887421027602e-06,25,20,20
4,5246,2.96552010685672e-10,0.8946232059782656,0.1053758097835753,9.839416064510236e-07,25,20,20
4,5247,5.105542977220256e-11,0.8817649696315029,0.11823502933898801,9.784528761801009e-10,25,20,20
4,5248,9.748496367458114e-08,0.8897046853926046,0.11029518823924761,2.8883183781041696e-08,25,20,20
4,5249,1.563760036240708e-07,0.9217685694386119,0.0782312568636139,1.7321770965858958e-08,25,20,20
4,5250,3.189947399803283e-09,0.8974997627838464,0.10250021621885544,1.7807351138943736e-08,25,20,20
4,5251,2.8770731119380118e-11,0.9071201957006658,0.09287885364137007,9.506291933777408e-07,25,20,20
4,5252,2.6659718099738162e-11,0.892142949902499,0.10785703351561439,1.655522676075455e-08,25,20,20
4,5253,1.0639992334910615e-10,0.7545549779064994,0.24544383095914693,1.191027952951245e-06,25,20,20
4,5254,4.1727023792198823e-10,0.8749112189039233,0.12508814826259052,6.324162155413492e-07,25,20,20
4,5255,4.945524138799232e-10,0.8909533665437034,0.10904660844297151,2.451877271516467e-08,25,20,20
4,5256,1.452349183400166e-10,0.8997065263127709,0.10029290943197877,5.641100150576002e-07,25,20,20
4,5257,2.0479202186288697e-10,0.8958021943170206,0.10419777062732477,3.485086262522565e-08,25,20,20
4,5258,1.10761663184722e-10,0.899528467296058,0.1004715148828047,1.77103752626671e-08,25,20,20
4,5259,8.31346902095219e-08,0.9680563586741845,0.03194299125837449,5.669327509430616e-07,25,20,20
4,5260,6.649843907187279e-11,0.8795119114463636,0.12048808796516798,5.219693846275596e-10,25,20,20
4,5261,1.906957939360131e-08,0.7484343062538528,0.2515653052032385,3.6947332793455944e-07,25,20,20
4,5262,1.0162852464979306e-08,0.9298224761395473,0.07016179331617084,1.5720381429344942e-05,25,20,20
4,5263,3.9330929931412194e-10,0.9220114846346606,0.07798851416051163,8.115185329399813e-10,25,20,20
4,5264,4.641680157664401e-10,0.9081576826531951,0.0918413659498747,9.509327622139277e-07,25,20,20
4,5265,1.252021714298401e-07,0.8680560391211221,0.13194383502451493,6.521918203365362e-10,25,20,20
4,5266,3.6412785860530017e-10,0.849582663341789,0.15041675681189687,5.794821864830046e-07,25,20,20
4,5267,4.274792321771271e-10,0.7958669912622358,0.20413297341736825,3.48929169657154e-08,25,20,20
4,5268,4.2105258497283197e-10,0.8780625678370936,0.12193617689991805,1.2548419351930121e-06,25,20,20
4,5269,3.8716909791380564e-09,0.8962683219067061,0.1037313749422566,2.992793459594547e-07,25,20,20
4,5270,2.6619027647775503e-10,0.8938780588598179,0.10612163490093442,3.0597305782488886e-07,25,20,20
4,5271,1.8765853170026406e-09,0.777674551016012,0.22229024655889976,3.520054850277757e-05,25,20,20
4,5272,1.2675576441171236e-11,0.8889161622935141,0.11104864331166839,3.519438214270675e-05,25,20,20
4,5273,6.772562489391552e-11,0.9125715127357966,0.08742818824002319,2.989564550106962e-07,25,20,20
4,5274,0.0033846571888553625,0.8351041027344503,0.16151094100665414,2.990700400056561e-07,25,20,20
4,5275,2.47854623884839e-07,0.9233309015154166,0.07666885009745932,5.325000337979649e-10,25,20,20
4,5276,1.5021844608068128e-10,0.9321243814140522,0.06787523653314144,3.8190258773562595e-07,25,20,20
4,5277,5.687641477497523e-08,0.8582314614013171,0.14176811742311965,3.642991481376745e-07,25,20,20
4,5278,5.68945555154762e-08,0.8907822266475963,0.10921735185079941,3.6460704882787096e-07,25,20,20
4,5279,1.1382562473206048e-10,0.9373943553474348,0.06260562721840848,1.7320330813853537e-08,25,20,20
4,5280,6.15612008434538e-12,0.9202459488504298,0.07975403313234673,1.8011067388841965e-08,25,20,20
4,5281,3.309351185401157e-11,0.8624969699653308,0.13750301197423517,1.8027340250468376e-08,25,20,20
4,5282,6.523764392657412e-11,0.9229657799641451,0.07703421416850081,5.802116216508647e-09,25,20,20
4,5283,1.0843657489557204e-09,0.8778066421455096,0.12219332706684292,2.970328119749131e-08,25,20,20
4,5284,1.072665636190204e-09,0.8014038719825247,0.19859608461121947,4.2333589685081504e-08,25,20,20
4,5285,2.158486227079022e-08,0.8656028738681898,0.1343970956541164,8.892831255203286e-09,25,20,20
4,5286,2.4358029849432897e-08,0.8667622949280294,0.13323767192569594,8.788245186422761e-09,25,20,20
4,5287,2.003904492250253e-08,0.8441739221020765,0.15582604369707462,1.4161803751068091e-08,25,20,20
4,5288,3.6647576630732196e-10,0.9332277864267912,0.0667721903208226,2.2885910536177184e-08,25,20,20
4,5289,7.57135672767433e-08,0.8268317951032941,0.17316812849737848,6.857600403321231e-10,25,20,20
4,5290,7.438046974477285e-11,0.8815229638501294,0.1184770256143228,1.0461166957588919e-08,25,20,20
4,5291,9.477231190883002e-08,0.9734227830147126,0.026577121085065426,1.1279099613538551e-09,25,20,20
4,5292,9.999751635492755e-11,0.9517258957597744,0.04827408601551394,1.812471357307372e-08,25,20,20
4,5293,1.7509875894099774e-12,0.9894319321966515,0.01056806714721279,6.543846528263678e-10,25,20,20
4,5294,2.867993554609174e-09,0.9628256674237909,0.0371743290582285,6.499871151213597e-10,25,20,20
4,5295,2.869255522118248e-09,0.9369836034334972,0.0630163927257339,9.715130395069859e-10,25,20,20
4,5296,2.7648722456683906e-09,0.9423326378571931,0.0576667941956584,5.651822761567844e-07,25,20,20
4,5297,2.769144873381722e-09,0.8774954000979187,0.12250404937053716,5.477623987477257e-07,25,20,20
4,5298,2.710299385203489e-09,0.8956554724141493,0.10434451774781901,7.127732109280354e-09,25,20,20
4,5299,2.2458257152839972e-11,0.8600108173403466,0.13997118417729035,1.7998459904515735e-05,25,20,20
4,5300,2.972246582908901e-11,0.9693435767562046,0.030656376601553244,4.661251971475017e-08,25,20,20
4,5301,5.994520008082649e-09,0.899343220322566,0.10065616233527008,6.113476439513528e-07,25,20,20
4,5302,4.64050271586602e-09,0.8735763240375456,0.12639923556164662,2.4435760304892435e-05,25,20,20
4,5303,2.725228581599968e-09,0.8677117274836533,0.132288233779723,3.6011394603449926e-08,25,20,20
4,5304,3.960130574248355e-08,0.906018137991873,0.09398181617760003,6.229220965674757e-09,25,20,20
4,5305,1.0598128805490689e-07,0.8586373822580922,0.13854789633973089,0.0028146154208885613,25,20,20
4,5306,6.646618518297962e-08,0.9113756838064581,0.08862394314401412,3.065833422511779e-07,25,20,20
4,5307,3.3675803613112266e-06,0.8723496420253523,0.12764668314743452,3.072468522529848e-07,25,20,20
4,5308,3.762330873190347e-11,0.9005064716905702,0.09949352776118536,5.106214059730359e-10,25,20,20
4,5309,8.707717728085807e-11,0.8603637127630802,0.13963572676103975,5.603888028100564e-07,25,20,20
4,5310,8.045850222931789e-12,0.9311915010531454,0.06880849859670722,3.421012132500699e-10,25,20,20
4,5311,4.895878224877554e-08,0.8937774237967809,0.10622250975645181,1.7487984888912267e-08,25,20,20
4,5312,3.1776733022953737e-12,0.967254040385698,0.03274593538616027,2.422496423605367e-08,25,20,20
4,5313,7.22349033381699e-10,0.8840225593441153,0.11597743319727391,6.736261803684268e-09,25,20,20
4,5314,7.493853899432804e-08,0.9334536826250606,0.06654620778793116,3.464846957643168e-08,25,20,20
4,5315,2.6032712500732764e-11,0.9384153635993485,0.06158460172047428,3.465414408271768e-08,25,20,20
4,5316,4.050429285532036e-08,0.9290797278753484,0.0709199372931477,2.9432721087165567e-07,25,20,20
4,5317,7.847407882750885e-08,0.9481839184117173,0.05181499284854308,1.0102656609410865e-06,25,20,20
4,5318,6.550091035494282e-05,0.9126744797847021,0.08724309447110676,1.6924833836080955e-05,25,20,20
4,5319,3.068249298517568e-11,0.9403470019164133,0.059652987548160515,1.050474327114958e-08,25,20,20
4,5320,1.2194639690872316e-10,0.8849117156326035,0.11508773713173184,5.47113717495499e-07,25,20,20
4,5321,8.542313735656757e-11,0.933602654602065,0.06637931888600347,1.8026426508046857e-05,25,20,20
4,5322,3.5084063692268233e-12,0.947620464754925,0.05237952531466474,9.926901986987434e-09,25,20,20
4,5323,1.4703866243571819e-08,0.9173838549356244,0.08261515264019448,9.77720314965099e-07,25,20,20
4,5324,1.4269301154525645e-08,0.9220537666667454,0.077945233460495,9.85603458158492e-07,25,20,20
4,5325,1.3101949230391828e-05,0.8749809195922144,0.12500284732820083,3.131130354276813e-06,25,20,20
4,5326,2.666160769933743e-09,0.8002231783953855,0.1997768185965627,3.4189122338154816e-10,25,20,20
4,5327,2.8703529550846786e-09,0.7671612374771577,0.23283875320665995,6.445828809501539e-09,25,20,20
4,5328,6.537750701291467e-11,0.7545442686052417,0.24545478092854045,9.504008398583268e-07,25,20,20
4,5329,2.4961526073809594e-09,0.7235784268443263,0.2764209316875782,6.389719434455707e-07,25,20,20
4,5330,8.242578962204191e-10,0.8800772352477548,0.11992118135067052,1.5825773167486105e-06,25,20,20
4,5331,3.322601780579093e-11,0.9489095399728754,0.05109045876177126,1.2321271789257075e-09,25,20,20
4,5332,5.52769899441315e-11,0.8666284707104343,0.13337151044515325,1.8789135513033583e-08,25,20,20
4,5333,2.7989402820837377e-09,0.8384425847829462,0.16155740659311849,5.824994778500084e-09,25,20,20
4,5334,1.4236453993889367e-08,0.8539917692448447,0.14598983629312146,1.838022557942092e-05,25,20,20
4,5335,7.406045680155539e-10,0.8486355208425356,0.15134646844944435,1.8009967414579346e-05,25,20,20
4,5336,3.422148980565097e-11,0.8120055636765131,0.18797643729348046,1.7998995784468313e-05,25,20,20
4,5337,4.2808733813289413e-10,0.8966223999618369,0.10337759895333345,6.567423600963867e-10,25,20,20
4,5338,1.5386775074132192e-07,0.9162595883653988,0.08374022204144227,3.5725407848394875e-08,25,20,20
4,5339,1.5056434005898096e-11,0.9856238736682836,0.014376073110251596,5.320640803470702e-08,25,20,20
4,5340,7.534718489183666e-11,0.9416479052321287,0.05835205886006444,3.583245929308571e-08,25,20,20
4,5341,1.3557296852367947e-10,0.8916742253284913,0.10832573829455798,3.624137722290023e-08,25,20,20
4,5342,2.5025363803485224e-11,0.8976674232702472,0.10233257532904182,1.375685001989719e-09,25,20,20
4,5343,9.867595745566298e-08,0.8675067683602907,0.13249276710864544,3.658551057761331e-07,25,20,20
4,5344,8.103660461546862e-10,0.9348965698309099,0.06510306467663336,3.646820902455716e-07,25,20,20
4,5345,8.550466537148086e-10,0.9170376210459739,0.08296201308266463,3.650163148233722e-07,25,20,20
4,5346,5.777914299270044e-08,0.9362110802681874,0.06378886124704584,7.05623392347586e-10,25,20,20
4,5347,1.5563429617187708e-07,0.8941569329983124,0.10584290464643008,6.720961574790463e-09,25,20,20
4,5348,5.695038705572397e-08,0.9215777480958919,0.07842218789984097,7.053879812233173e-09,25,20,20
4,5349,5.705024787765821e-08,0.8896943381113337,0.11030560400604089,8.32376995681156e-10,25,20,20
4,5350,6.212517167742578e-08,0.8377762309799379,0.16220896078161512,1.4746113275084251e-05,25,20,20
4,5351,5.7049097562215404e-08,0.9093354905626542,0.09066445140374606,9.845019056995615e-10,25,20,20
4,5352,5.696417705302121e-08,0.8848978918215435,0.11510071911840111,1.332095877918484e-06,25,20,20
4,5353,5.772626411392919e-08,0.942887426309672,0.05711249818630858,1.7777755053834235e-08,25,20,20
4,5354,3.12034678978743e-07,0.9195929742219953,0.08040669377300032,1.9970325608247617e-08,25,20,20
4,5355,1.6099574997775081e-07,0.9111956830178107,0.08880374562707251,4.1035936676365347e-07,25,20,20
4,5356,3.8146733971879954e-08,0.8454290421011846,0.15457051394865964,4.0580342157027834e-07,25,20,20
4,5357,7.604895600857385e-08,0.8673160717582306,0.13266910600472984,1.4746188083146507e-05,25,20,20
4,5358,3.800794977972858e-08,0.8227087112967844,0.1772764867615715,1.4763933694461881e-05,25,20,20
4,5359,3.7854531485086925e-08,0.911928853425718,0.08807110839726809,3.224826847625456e-10,25,20,20
4,5360,3.876289400042697e-08,0.90421359210073,0.09578636911158776,2.4788318455777937e-11,25,20,20
4,5361,3.7871457023259246e-08,0.9367144962108017,0.06328546587613519,4.160643271692367e-11,25,20,20
4,5362,1.0430126991925674e-08,0.8847381217457972,0.11526185030099707,1.7523078578175994e-08,25,20,20
4,5363,1.0446297567901837e-08,0.8426685267406971,0.1573314577092785,5.103727097976412e-09,25,20,20
4,5364,9.45050671112403e-11,0.8807478066694888,0.11925217053066267,2.2705343086417323e-08,25,20,20
4,5365,1.3441759240223568e-09,0.8948245279292588,0.10517498643903457,4.842875303475677e-07,25,20,20
4,5366,3.809254366483071e-08,0.8750701313073098,0.12492935080361202,4.797965341788696e-07,25,20,20
4,5367,2.416350527303105e-07,0.8316773259709584,0.16832192364746917,5.087465194664027e-07,25,20,20
4,5368,4.071023521660598e-08,0.9469814736703601,0.0530180233147534,4.623046514855985e-07,25,20,20
4,5369,9.530897028588639e-08,0.8781453515885227,0.12185344162461938,1.111477888062461e-06,25,20,20
4,5370,5.2530825010130846e-11,0.9394051815041208,0.060594785029885356,3.3413462901141694e-08,25,20,20
4,5371,2.7328472342206452e-09,0.9505334917253198,0.049466477834506584,2.7707326063375643e-08,25,20,20
4,5372,2.7635246913772536e-09,0.9586299105008869,0.041370068483004285,1.8252584347244493e-08,25,20,20
4,5373,1.4390997592654733e-10,0.8890029407893684,0.11099704094223384,1.812448815019613e-08,25,20,20
4,5374,6.194213283683843e-09,0.9500475464592228,0.04995147918913326,9.68157430514981e-07,25,20,20
4,5375,1.009066461987454e-09,0.9282074084659006,0.07179257175156277,1.8773469938392686e-08,25,20,20
4,5376,7.671227081488738e-10,0.944771300426593,0.05522869797303313,8.3325106545351e-10,25,20,20
4,5377,7.417523952344793e-10,0.9188087222514679,0.0811912588878516,1.811892837885666e-08,25,20,20
4,5378,9.838239458984097e-10,0.9110380131284366,0.08896198524426602,6.434731778842897e-10,25,20,20
4,5379,4.467358020326471e-06,0.8682032581592941,0.13179140872156622,8.657611194206381e-07,25,20,20
4,5380,3.1182106285560225e-09,0.8709955045487848,0.12900446808336752,2.424963681241533e-08,25,20,20
4,5381,8.016533301916502e-10,0.8891631945623858,0.11083678681338151,1.782257915372988e-08,25,20,20
4,5382,7.430322919856825e-10,0.9699399635864533,0.030060000358581092,3.531193333654733e-08,25,20,20
4,5383,5.606701383406594e-06,0.9164024678992863,0.083573908446386,1.801695294390511e-05,25,20,20
4,5384,3.5069333176577085e-09,0.9348171058770156,0.06516392398266378,1.8966633387506646e-05,25,20,20
4,5385,4.735226521029585e-06,0.8852808219766792,0.1147126285279666,1.8142688331313698e-06,25,20,20
4,5386,8.57607056920746e-08,0.9135188391552702,0.08647979218981666,1.2828942073253736e-06,25,20,20
4,5387,8.65252632659632e-08,0.8892914521263363,0.11070651473312212,1.9466152771451327e-06,25,20,20
4,5388,9.088219003293833e-08,0.8123575678426349,0.1876404060952584,1.935179916097264e-06,25,20,20
4,5389,3.7211077182937104e-09,0.9331076984709926,0.06689229644572374,1.362175407725942e-09,25,20,20
4,5390,3.525916587656327e-09,0.9003773344202395,0.0996226612152598,8.385831743674157e-10,25,20,20
4,5391,3.8609317568566784e-11,0.9323528128172004,0.06764718650413709,6.400532673232576e-10,25,20,20
4,5392,1.0779950967306035e-10,0.9300035859541221,0.06999546333974713,9.505983312044188e-07,25,20,20
4,5393,9.874759640864943e-11,0.9636290536038489,0.036370928477478574,1.7819925289698542e-08,25,20,20
4,5394,3.9102084545907615e-08,0.898187993094221,0.10181196778833428,1.535915205156233e-11,25,20,20
4,5395,2.4234262973184318e-08,0.9287990703546417,0.07120090476739457,6.437002341733117e-10,25,20,20
4,5396,2.423975093653315e-08,0.9041986998014794,0.09578063362600311,2.0642332766376086e-05,25,20,20
4,5397,2.420965894268385e-08,0.933412396971669,0.06658757818395455,6.347175366264456e-10,25,20,20
4,5398,0.00030660684951831866,0.9313523112605666,0.06834107035250353,1.1537411456058005e-08,25,20,20
4,5399,3.279878396786786e-05,0.9590590655366283,0.040907858598238755,2.7708116466457636e-07,25,20,20
4,5400,1.0532601201867996e-11,0.9693748659154222,0.030625133117804893,9.56240164322058e-10,25,20,20
4,5401,1.138653905441112e-11,0.9262650108692415,0.0737349773647107,1.1754660697926749e-08,25,20,20
4,5402,3.948690152944179e-10,0.9173426774290095,0.08265731223142582,9.944695412871698e-09,25,20,20
4,5403,1.4212676441502274e-08,0.9266360314120025,0.0733635897643948,3.6461092601107406e-07,25,20,20
4,5404,2.820368591686426e-09,0.8927899968430383,0.10720999967879369,6.577988721942819e-10,25,20,20
4,5405,2.933306797966459e-10,0.9339201113476179,0.06607987010002736,1.8259023619324917e-08,25,20,20
4,5406,2.125646427810377e-06,0.9574028011949506,0.04259412202688535,9.51131736033756e-07,25,20,20
4,5407,2.685101216789313e-10,0.8385251245940155,0.1614748679455113,7.1919634135021625e-09,25,20,20
4,5408,2.4742127649162695e-06,0.9047207267209845,0.09527679879664339,2.696074268792754e-10,25,20,20
4,5409,2.211043739218972e-05,0.81685553718162,0.18298805019166747,0.00013430218931966126,25,20,20
4,5410,1.210842792616179e-10,0.9224509389291232,0.07754905998739017,9.624019280874176e-10,25,20,20
4,5411,1.5675666337480588e-09,0.8049829115192633,0.1950165666455583,5.202676113045261e-07,25,20,20
4,5412,1.3743810682103778e-09,0.9429118767817809,0.05708760211146904,5.197323685586695e-07,25,20,20
4,5413,3.7877279410403565e-08,0.8661835672549689,0.1338158574820419,5.373857089970184e-07,25,20,20
4,5414,1.1966938660478407e-06,0.8858090047663886,0.11418976327522462,3.526451999081001e-08,25,20,20
4,5415,4.633945675918922e-12,0.8849240149854406,0.11507598497475995,3.5165268748517606e-11,25,20,20
4,5416,5.7520799738715534e-12,0.9302421452984398,0.06975785404254943,6.532584226569112e-10,25,20,20
4,5417,1.1440962026956317e-09,0.8700238771430284,0.1299733548026973,2.7669101783574784e-06,25,20,20
4,5418,1.8355372938199405e-09,0.848657858412117,0.15134212958574422,1.0166600693088462e-08,25,20,20
4,5419,1.5311889468837428e-10,0.8853487729701977,0.11465025164776144,9.752289215658002e-07,25,20,20
4,5420,1.513297005226429e-07,0.8050652274966879,0.19493461533614487,5.837466405475257e-09,25,20,20
4,5421,1.512594580582599e-07,0.9176903803845734,0.08230851032846617,9.580275025189597e-07,25,20,20
4,5422,7.514786704311036e-10,0.9163697522259754,0.08363023835550784,8.667038474484894e-09,25,20,20
4,5423,9.164276494282985e-06,0.8046003353765421,0.19539049298032485,7.366638615305257e-09,25,20,20
4,5424,3.841286473143657e-08,0.8796572956675223,0.12034264813040776,1.7789205335372436e-08,25,20,20
4,5425,6.276632883968058e-11,0.9066302640182876,0.09336973485416276,1.0647829265679657e-09,25,20,20
4,5426,2.7625119684109042e-09,0.904726833519004,0.09527316360480194,1.136817794090722e-10,25,20,20
4,5427,2.747700664129586e-09,0.9342672181404987,0.06573277885900876,2.5279163787223895e-10,25,20,20
4,5428,2.925041108099316e-09,0.8942986262758906,0.10570109245365654,2.7834541186317245e-07,25,20,20
4,5429,2.180958830652705e-09,0.8479058982800127,0.15200134231549037,9.275722353795557e-05,25,20,20
4,5430,3.7906984043166044e-09,0.9365928906650849,0.06340707038916517,3.515505113039615e-08,25,20,20
4,5431,2.7254270163324985e-11,0.9195224628733872,0.08047687053259604,6.665667621051565e-07,25,20,20
4,5432,4.616607642124984e-11,0.8322951357814461,0.16770363348591033,1.2306864771811616e-06,25,20,20
4,5433,1.5729985858771844e-09,0.8693223224839659,0.1306776582251301,1.7717904804516356e-08,25,20,20
4,5434,1.013291124087591e-09,0.9096243378640007,0.09037566109447547,2.823271604675976e-11,25,20,20
4,5435,5.098656593461025e-06,0.8836747650270946,0.11631958878281677,5.475334951216801e-07,25,20,20
4,5436,5.097664425080346e-06,0.8812116872755341,0.11878282261454755,3.9244549277946746e-07,25,20,20
4,5437,7.101768591108085e-10,0.8677287992050647,0.1322711991520159,9.32742654506109e-10,25,20,20
4,5438,1.1272474304733477e-08,0.9395410088907192,0.060458010752006415,9.690847997720538e-07,25,20,20
4,5439,1.2269505633484729e-11,0.8853784399161617,0.11459009575914597,3.1464312422256355e-05,25,20,20
4,5440,1.117952302061534e-12,0.968984570989796,0.03101542836672138,6.423647050121508e-10,25,20,20
4,5441,7.889428387747818e-10,0.90430695278011,0.09569302748673986,1.8944207153386527e-08,25,20,20
4,5442,9.541584469476298e-10,0.9449562510360865,0.05504374676303943,1.246715438637723e-09,25,20,20
4,5443,2.683751537086006e-10,0.8547176698541464,0.1452823116288489,1.8248628768584287e-08,25,20,20
4,5444,0.0005557571829319189,0.8702337540378867,0.12920937463984766,1.114139333008212e-06,25,20,20
4,5445,1.994277419541584e-11,0.9357647112836017,0.06423424949398095,1.039202474373505e-06,25,20,20
4,5446,5.069702251779988e-11,0.9596122828145641,0.0403866783370989,1.0387976400625843e-06,25,20,20
4,5447,2.9872980909835055e-09,0.7833487961359199,0.21665115404240093,4.68343803128176e-08,25,20,20
4,5448,1.1568674378911744e-06,0.825533272155258,0.1744652433092422,3.276680611432858e-07,25,20,20
4,5449,5.012907486821425e-06,0.8099193494336272,0.19007416566980012,1.4719890855183286e-06,25,20,20
4,5450,1.0623205652713533e-09,0.8889090425732188,0.1110909496283071,6.736153420472499e-09,25,20,20
4,5451,7.880733477866154e-10,0.8919131072753954,0.10808658495619113,3.06980339601795e-07,25,20,20
4,5452,2.866571253854609e-09,0.9208904074776209,0.07910928207459689,3.075812107436698e-07,25,20,20
4,5453,1.55884778263675e-10,0.8972293751095577,0.09815384599319438,0.004616778741362661,25,20,20
4,5454,2.065796363105484e-11,0.923656185697014,0.07634344901798287,3.652643447310603e-07,25,20,20
4,5455,5.603271390838608e-09,0.9296398334516409,0.07035977292040836,3.8802467899773417e-07,25,20,20
4,5456,5.783067665598894e-06,0.9230885590175733,0.07690426432200426,1.3935927566019824e-06,25,20,20
4,5457,8.802617814994633e-06,0.8643174862292673,0.13567327861056058,4.3254235654084007e-07,25,20,20
4,5458,3.6501174226751e-12,0.9399323310170149,0.060067655820639825,1.3158695201124164e-08,25,20,20
4,5459,7.680430480223389e-10,0.9396831617082831,0.060316187401202474,6.501224709082384e-07,25,20,20
4,5460,7.26537860763538e-10,0.9409390372596712,0.059059670157871204,1.2918559192463862e-06,25,20,20
4,5461,4.39360349928203e-11,0.931038185659438,0.06896115464165384,6.596549719848285e-07,25,20,20
4,5462,9.074089285881856e-11,0.8972210395903469,0.10277831805422107,6.422646906819393e-07,25,20,20
4,5463,9.459135706154864e-11,0.9272453619197659,0.07275463754919118,4.364513192336933e-10,25,20,20
4,5464,1.3049275108387024e-11,0.9356288771222201,0.06437109832681555,2.4537915069653257e-08,25,20,20
4,5465,9.792042137110087e-08,0.8659647048445855,0.1340351784390178,1.8795974724734654e-08,25,20,20
4,5466,2.463999252193128e-07,0.9250828297806362,0.07491594392640105,9.798930375004478e-07,25,20,20
4,5467,1.501103961567922e-07,0.8793422258438869,0.08105114717896131,0.0396064768667555,25,20,20
4,5468,1.2836435726562872e-08,0.9296790578692287,0.07032065138176774,2.779125682576707e-07,25,20,20
4,5469,1.024761699138239e-08,0.8882724334966468,0.11172699018631618,5.660694200667036e-07,25,20,20
4,5470,6.664425115113305e-05,0.8455585698416899,0.15437424473821695,5.411689427147529e-07,25,20,20
4,5471,1.092809003360021e-09,0.824975292988455,0.17502468865296814,1.726576854865167e-08,25,20,20
4,5472,2.8162641720197626e-09,0.9136989817604382,0.08630100437447571,1.1048821741781326e-08,25,20,20
4,5473,5.84341539764332e-11,0.9030616694395966,0.09693831946187452,1.1040094288193076e-08,25,20,20
4,5474,2.6164421448434394e-12,0.9381574011177305,0.06184259846444791,4.1520528773898737e-10,25,20,20
4,5475,6.308222085441001e-11,0.9602780240906605,0.03972197490261222,9.436451732011163e-10,25,20,20
4,5476,1.5576911909227675e-07,0.9312739756586731,0.06872586763408474,9.381228911421682e-10,25,20,20
4,5477,0.00017421408783716875,0.9051825167258349,0.09464326823328459,9.530432548035692e-10,25,20,20
4,5478,2.256765425597606e-06,0.9273990047083295,0.07259872013026439,1.8395980437772758e-08,25,20,20
4,5479,2.8674236435785447e-09,0.936337379109937,0.06366259917400158,1.8848637581423114e-08,25,20,20
4,5480,6.935503729559624e-11,0.8562254238124514,0.14377360790175667,9.682164366617553e-07,25,20,20
4,5481,3.849033206347711e-08,0.8593956718474959,0.14060303209697425,1.2575651975176033e-06,25,20,20
4,5482,2.8338284002843786e-11,0.8585234300920216,0.14145594444717136,2.0625432468910736e-05,25,20,20
4,5483,1.7425863239527328e-09,0.8849869301425302,0.11501306271549787,5.399385233825292e-09,25,20,20
4,5484,7.620298712174981e-09,0.8033235187707874,0.19667645294266847,2.0666245811694448e-08,25,20,20
4,5485,9.238765090046653e-08,0.8259201080695178,0.17406180059551374,1.7998947317884052e-05,25,20,20
4,5486,4.864331068121522e-06,0.831745495857941,0.16823162030548044,1.8019505510416694e-05,25,20,20
4,5487,4.270149453174534e-11,0.8813063207521783,0.11869366717674958,1.202837028850494e-08,25,20,20
4,5488,8.21897513753473e-10,0.7809221684247614,0.21901199090479825,6.583984854235454e-05,25,20,20
4,5489,3.8866001672358764e-11,0.8239885553905417,0.1760114180133635,2.6557229008142684e-08,25,20,20
4,5490,3.8045602089948554e-08,0.8631537191117694,0.13684623064090437,1.2201723324951043e-08,25,20,20
4,5491,3.806875266544467e-08,0.9405641892492694,0.05943575425192521,1.8430052429745127e-08,25,20,20
4,5492,1.1231812027552385e-09,0.9147639107884679,0.08523607026248997,1.782585993621228e-08,25,20,20
4,5493,7.128386542892279e-10,0.866859244583972,0.13314073666319529,1.8039993371798113e-08,25,20,20
4,5494,4.588267198896885e-11,0.7839143834867687,0.21608559195730973,2.4510037933058733e-08,25,20,20
4,5495,2.7484034376684646e-09,0.9031434976617271,0.09685648220806327,1.7381805503401515e-08,25,20,20
4,5496,2.4769690154286323e-08,0.8794036319984548,0.12059605360121163,2.896306431616452e-07,25,20,20
4,5497,4.169885689575498e-12,0.9535599433006327,0.04644005604220429,6.529929718927245e-10,25,20,20
4,5498,4.3428593257797805e-11,0.9450928367223048,0.05490712793817262,3.5296094186826316e-08,25,20,20
4,5499,2.8371515831953605e-09,0.9548471783441316,0.04515280018629262,1.8632424501343516e-08,25,20,20
4,5500,4.906621849003727e-11,0.9177688345935622,0.08223115852667626,6.830694840208142e-09,25,20,20
4,5501,8.564512424964783e-06,0.9289025138288218,0.0710888758262784,4.583247404889522e-08,25,20,20
4,5502,1.76907487254832e-09,0.8698365674890859,0.13016340786348946,2.287834943208196e-08,25,20,20
4,5503,1.6552981291125396e-09,0.8713025484673227,0.12869713909826694,3.107791115489274e-07,25,20,20
4,5504,5.118311702071615e-10,0.8912179323851097,0.10878203163616275,3.546689592427226e-08,25,20,20
4,5505,2.115625713229659e-09,0.8211370884505432,0.17886290895462711,4.792037529194541e-10,25,20,20
4,5506,5.059901285040688e-11,0.8847789226364406,0.11522105989350803,1.7419451796262732e-08,25,20,20
4,5507,1.2026442156184529e-10,0.9308491106470522,0.06915084885457118,4.037811174551572e-08,25,20,20
4,5508,2.81624560588219e-11,0.9567412039944229,0.043258760421103035,3.555631132274221e-08,25,20,20
4,5509,4.8199727717122426e-11,0.9141346603795225,0.08586529705498154,4.251729612164082e-08,25,20,20
4,5510,2.7989723368299076e-09,0.8167954241467507,0.17995695185268215,0.0032476212015943758,25,20,20
4,5511,3.4808223093463546e-09,0.8448705338823075,0.15512880558630848,6.570505613564131e-07,25,20,20
4,5512,4.213719611470377e-09,0.8546927431889791,0.14528595978080955,2.1292816490881137e-05,25,20,20
4,5513,8.149114799367974e-10,0.9147106571634661,0.08526871648661727,2.062553500472455e-05,25,20,20
4,5514,2.415166592024113e-10,0.9345834667720474,0.06541653235121302,6.352229159832967e-10,25,20,20
4,5515,7.630848963868053e-10,0.9090939320536755,0.09090606572574066,1.4574989046176463e-09,25,20,20
4,5516,2.869639808460866e-09,0.8741706847440657,0.12582927590381823,3.648247667136443e-08,25,20,20
4,5517,3.2044139504109905e-07,0.9341598082840015,0.0658398523469907,1.892761219343335e-08,25,20,20
4,5518,1.6184335278817028e-07,0.8875240788419034,0.11247546960627354,2.8970846998072854e-07,25,20,20
4,5519,7.976661301751703e-07,0.9302226188263942,0.06977629574773064,2.8775974485382345e-07,25,20,20
4,5520,1.588438700135549e-07,0.9192068133581169,0.08079302713307648,6.649361873879968e-10,25,20,20
4,5521,1.691490996847574e-06,0.8515552735459141,0.11325516296326672,0.035187871999821894,25,20,20
4,5522,1.029612343650758e-09,0.9191589005232426,0.08084080935630863,2.8909083623406646e-07,25,20,20
4,5523,1.3671929120467057e-09,0.8482448634687059,0.1517551108531791,2.4310922857078394e-08,25,20,20
4,5524,1.0412398677294577e-09,0.8823286431436848,0.1176713551812581,6.338173458731833e-10,25,20,20
4,5525,2.8708590962236917e-09,0.9178166661255348,0.08218333004804639,9.555596387935817e-10,25,20,20
4,5526,7.276614864214017e-10,0.8798677412810298,0.1201310911051595,1.1668861490584299e-06,25,20,20
4,5527,3.6710215677834734e-09,0.8525776210076101,0.1474223639132441,1.1408124449110792e-08,25,20,20
4,5528,1.286725349645279e-09,0.887116902569779,0.11288306707862995,2.9064865215891108e-08,25,20,20
4,5529,3.470774846146643e-09,0.8691766712606495,0.1308232634214787,6.184709669306565e-08,25,20,20
4,5530,1.3524858015530956e-09,0.8448009001459702,0.15519904082712416,5.767441995054746e-08,25,20,20
4,5531,9.49832922855397e-10,0.8676186840115989,0.13238129678988872,1.8248679723857287e-08,25,20,20
4,5532,8.474015481341575e-10,0.8081978069914332,0.19180218666795473,5.4932100767965316e-09,25,20,20
4,5533,1.8401381908992481e-09,0.8523508114263475,0.14764918600804544,7.254687333333214e-10,25,20,20
4,5534,2.3652150738574684e-07,0.7818107344491372,0.2181886656594651,3.633698903825299e-07,25,20,20
4,5535,1.518842584155872e-09,0.8293105253019241,0.17068945503309205,1.814614089492099e-08,25,20,20
4,5536,4.386406582716523e-11,0.870418380141909,0.12958161943156632,3.8266057503927074e-10,25,20,20
4,5537,3.9441935848433924e-10,0.8290949593291369,0.17090503066240167,9.614041940909019e-09,25,20,20
4,5538,2.7309686474184344e-09,0.8635016983523057,0.13649730080796485,9.98108760742448e-07,25,20,20
4,5539,7.824216086412119e-11,0.9348976775715443,0.06510230425043323,1.809978001450136e-08,25,20,20
4,5540,7.539666253972764e-10,0.9299870750404032,0.07001292324166344,9.639660456934435e-10,25,20,20
4,5541,7.332332160933372e-10,0.9495080178001319,0.05049196315706927,1.8309565484030218e-08,25,20,20
4,5542,3.44746264646129e-09,0.7340760256653348,0.2659239517515723,1.9135629233468725e-08,25,20,20
4,5543,3.4844149488724915e-09,0.8194153399099353,0.18058365367634013,1.0029293093296598e-06,25,20,20
4,5544,4.2971541362458304e-11,0.8738345495637816,0.12616541472310439,3.5670142594252634e-08,25,20,20
4,5545,2.5450887005955004e-11,0.8806347156150878,0.11936527424879717,1.0110664105304037e-08,25,20,20
4,5546,1.0108279811355792e-09,0.8941471297488465,0.10585246769548413,4.0154484111770864e-07,25,20,20
4,5547,7.394944877035606e-11,0.9716319917690008,0.028367980123289643,2.8033759968881076e-08,25,20,20
4,5548,1.068090938892419e-09,0.8844926539611202,0.11550730250653805,4.246424976866278e-08,25,20,20
4,5549,7.808459622665204e-10,0.9085557231731941,0.0914442757002054,3.457538712961515e-10,25,20,20
4,5550,1.4287757885730825e-10,0.8872472703184358,0.1127527285264391,1.0122472816144177e-09,25,20,20
4,5551,2.9005314910538173e-09,0.9050137667596142,0.09498621799567061,1.2344183432126223e-08,25,20,20
4,5552,3.671530280989006e-08,0.9038923173322734,0.09610764513289043,8.195334543606452e-10,25,20,20
4,5553,1.7444960463618646e-11,0.8918435528516602,0.1081564193186121,2.7812282384439646e-08,25,20,20
4,5554,1.697872332022436e-11,0.865763643382967,0.1342363413819777,1.5218076148133647e-08,25,20,20
4,5555,1.9795204387162543e-07,0.8553758519988348,0.14462258602450231,1.3640246186591256e-06,25,20,20
4,5556,9.047973099305016e-08,0.7422290882774131,0.2576754170232597,9.540421959547932e-05,25,20,20
4,5557,5.7595666125918925e-09,0.858240632922532,0.14175932084424603,4.047365478483712e-08,25,20,20
4,5558,1.7017473695776892e-08,0.8716825844564875,0.1283173804139334,1.811210502850528e-08,25,20,20
4,5559,1.4092612059670215e-08,0.8519612567727021,0.14803872241526916,6.7194167812950866e-09,25,20,20
4,5560,5.6463532994909355e-09,0.8872522813291696,0.11274771220132992,8.231470452010847e-10,25,20,20
4,5561,2.831029393787724e-09,0.939287215661009,0.06071276308790348,1.8420058109952094e-08,25,20,20
4,5562,8.811154997241959e-08,0.9666026610689229,0.03339725032642654,4.931004654308092e-10,25,20,20
4,5563,8.537517355705773e-08,0.909824354659858,0.09017554301899695,1.6945971283985533e-08,25,20,20
4,5564,8.54019895817388e-08,0.8975422695957731,0.10242273211292398,3.4912889313129045e-05,25,20,20
4,5565,8.601314589596478e-08,0.8806909376459845,0.1193089755499666,7.909027434762276e-10,25,20,20
4,5566,1.4239282458051934e-08,0.8573300273729311,0.14266995817437586,2.1341058257793745e-10,25,20,20
4,5567,4.717006930504622e-12,0.9440054143807195,0.05599458558995208,2.461147440834717e-11,25,20,20
4,5568,1.0581092671627342e-06,0.8658648163640088,0.13413037956781043,3.7459589133699655e-06,25,20,20
4,5569,4.403190674628256e-09,0.8628219818057309,0.13717801358585704,2.0522138792804732e-10,25,20,20
4,5570,4.434218963715316e-09,0.9437838805499053,0.0562161140874313,9.28444930609899e-10,25,20,20
4,5571,7.737030386967176e-10,0.8951665370639413,0.10483344359769545,1.8564660245778473e-08,25,20,20
4,5572,1.544238751845311e-10,0.8832346863214542,0.11676531195452508,1.5695969783251382e-09,25,20,20
4,5573,1.473403338587958e-10,0.9761169449746415,0.023883054040757027,8.372607882194948e-10,25,20,20
4,5574,8.577173333417623e-10,0.9887717663314807,0.011228231857333801,9.534678987132645e-10,25,20,20
4,5575,4.399622054908109e-10,0.9190092526142155,0.08099072010108282,2.6844739253938217e-08,25,20,20
4,5576,3.758337888055982e-10,0.8926407761449141,0.10735919653771392,2.6941537846237476e-08,25,20,20
4,5577,1.7879870119594077e-11,0.8897938157372416,0.11020618360415338,6.407250378249134e-10,25,20,20
4,5578,5.2843156461160385e-11,0.9282783621210146,0.07172161890534992,1.892079230254305e-08,25,20,20
4,5579,6.913839284919359e-05,0.8602290832084811,0.13970165347029,1.2492837949194624e-07,25,20,20
4,5580,5.970504215513563e-08,0.8962516697254863,0.1037472773116709,9.932578004618607e-07,25,20,20
4,5581,5.6921086590430925e-08,0.9089130572200996,0.09108625250529358,6.333535193322942e-07,25,20,20
4,5582,5.693821173849668e-08,0.891074047635733,0.10892588539799009,1.0028065005103238e-08,25,20,20
4,5583,5.779668946484523e-08,0.7991462123308563,0.2008537237782534,6.094200054781421e-09,25,20,20
4,5584,6.977968855940355e-08,0.8211585315982911,0.17884139340163518,5.220384936504943e-09,25,20,20
4,5585,5.973385506867743e-08,0.9405682274624939,0.05943123941147923,4.733921718943688e-07,25,20,20
4,5586,2.8940401229094678e-09,0.9268766838710427,0.0731228219642685,4.91270648709797e-07,25,20,20
4,5587,5.564739334217483e-09,0.9482139115570507,0.05178603795712388,4.492108578511999e-08,25,20,20
4,5588,4.213411561854805e-09,0.8853006705217378,0.1146845728827992,1.4752382050642662e-05,25,20,20
4,5589,1.4140085661259062e-09,0.8895222998026787,0.11046241684380868,1.5281939503760262e-05,25,20,20
4,5590,1.2512342996732202e-09,0.9015331483597511,0.09846598569074548,8.646982693996731e-07,25,20,20
4,5591,8.200633270527493e-10,0.9396985500330893,0.06030114209517055,3.0705167706073034e-07,25,20,20
4,5592,7.947311745045168e-10,0.8717101196406931,0.12828957277998293,3.0678459315631245e-07,25,20,20
4,5593,2.7826848854910875e-09,0.972040787014117,0.027959181283205653,2.891999246440595e-08,25,20,20
4,5594,2.7837992853833695e-09,0.9408681533670544,0.05913182571906774,1.81300779356941e-08,25,20,20
4,5595,6.759812357740448e-11,0.8663272919950004,0.13365469148084072,1.8016456560261716e-05,25,20,20
4,5596,7.490333921705154e-10,0.9349387796870638,0.0650612186101225,9.537801464907303e-10,25,20,20
4,5597,7.01358869487724e-10,0.889707340818659,0.11029035586225014,2.3026177313224983e-06,25,20,20
4,5598,1.74208376267407e-09,0.8732569917589745,0.12674244260800924,5.638909322138139e-07,25,20,20
4,5599,7.1767311788720516e-12,0.9130417613723064,0.08695769091536959,5.477051472425204e-07,25,20,20
4,5600,2.286656829706584e-08,0.899951422930038,0.10002909899222813,1.9455211165185834e-05,25,20,20
4,5601,2.284549886654817e-08,0.9389929909740783,0.06100695661298602,2.956743678450646e-08,25,20,20
4,5602,4.766995294044979e-08,0.8185700718800331,0.18142984217582664,3.827418680728685e-08,25,20,20
4,5603,2.2096605843815043e-09,0.9042724332390499,0.09572755233924526,1.2212043808614904e-08,25,20,20
4,5604,3.4275132375875363e-09,0.9129935975433053,0.08700638102772171,1.8001459396958203e-08,25,20,20
4,5605,3.4007814394786154e-09,0.9252581019564725,0.07474186565103891,2.8991707133351122e-08,25,20,20
4,5606,7.220903978397024e-10,0.9491578531515584,0.0508421358933173,1.0233034172629777e-08,25,20,20
4,5607,8.007306792602681e-10,0.934938155141361,0.06506182242837619,2.1629531892090873e-08,25,20,20
4,5608,9.0665682244789e-10,0.9341341519668515,0.0658658466948304,4.3166083352046157e-10,25,20,20
4,5609,9.378566890262712e-08,0.9141795365355745,0.08582035128997541,1.8388780491457393e-08,25,20,20
4,5610,1.0493332738584414e-07,0.8228461143695047,0.17715346826754416,3.1242962310508096e-07,25,20,20
4,5611,1.55720570924673e-07,0.8867757157289864,0.11322408786667335,4.0683769443268466e-08,25,20,20
4,5612,2.536516601840666e-07,0.8588753360516047,0.14112436931608416,4.0980650942974446e-08,25,20,20
4,5613,1.5829230614243663e-07,0.8879466031458356,0.1120522529030844,9.856587738561633e-07,25,20,20
4,5614,1.5856776068800815e-07,0.9411621299993886,0.05883765845499016,5.297786019485599e-08,25,20,20
4,5615,8.657826211784498e-06,0.951341017599909,0.04864975867130514,5.659025740299431e-07,25,20,20
4,5616,8.658568001640231e-06,0.8920646499673458,0.10792665717048015,3.4294172190519214e-08,25,20,20
4,5617,8.657776022319912e-06,0.9485156110061901,0.051475713196645644,1.802114161901972e-08,25,20,20
4,5618,3.6471281617779356e-11,0.9501709114739242,0.049829087085125984,1.404478274453426e-09,25,20,20
4,5619,3.339653216682015e-11,0.9127176462935477,0.08728235289331913,7.797364574035662e-10,25,20,20
4,5620,3.237798875762613e-11,0.8945920630084043,0.10540793662038185,3.3883567837863013e-10,25,20,20
4,5621,3.4420351784121617e-06,0.8648379868212084,0.13515855243982855,1.8703784488922456e-08,25,20,20
4,5622,3.4421005622595412e-06,0.9252637805220781,0.07473276343705684,1.3940302158964675e-08,25,20,20
4,5623,3.442121807039503e-06,0.8264290231311405,0.17356696071566646,5.740313863963971e-07,25,20,20
4,5624,3.4459467765713336e-06,0.9184464471206685,0.08152570652391525,2.4400408639460798e-05,25,20,20
4,5625,3.4448202989667727e-06,0.8986363497475122,0.10136015321890297,5.2213285352170995e-08,25,20,20
4,5626,3.442460184397015e-06,0.8367656181781907,0.1632309316362434,7.72538155349984e-09,25,20,20
4,5627,3.475983684494464e-06,0.7936544442132418,0.20634014351843466,1.9362846386621536e-06,25,20,20
4,5628,1.3416472001706074e-08,0.8696490455345475,0.13034996248500427,9.785639762041095e-07,25,20,20
4,5629,7.071911460193571e-08,0.7999013344642562,0.20009858331717378,1.1499454944667143e-08,25,20,20
4,5630,1.2375581989248495e-08,0.7400341993203545,0.2599657649420583,2.3362003890880434e-08,25,20,20
4,5631,1.4792208072276411e-08,0.8856797207258529,0.1143193129049886,9.515769503101794e-07,25,20,20
4,5632,6.698924041430911e-05,0.8165822896541254,0.18334975556661967,9.655388409334487e-07,25,20,20
4,5633,6.698605005153671e-05,0.7991153522895342,0.20081764701909177,1.4641321914468759e-08,25,20,20
4,5634,2.533692950804965e-10,0.8324662879249742,0.16753369409750715,1.7724148791407233e-08,25,20,20
4,5635,1.2544091959684575e-06,0.8781080998117872,0.12189056948737097,7.629164523632477e-08,25,20,20
4,5636,2.906988883957005e-09,0.8292977285576789,0.17063770129594422,6.456723938746441e-05,25,20,20
4,5637,5.670687497710375e-11,0.8900860654573504,0.1099136182356294,3.16250312916803e-07,25,20,20
4,5638,7.664002640112031e-11,0.9205793059406072,0.07942038740537619,3.0657737593029516e-07,25,20,20
4,5639,1.1803381604668654e-07,0.8107690194833361,0.18920461669083843,2.6245792009067115e-05,25,20,20
4,5640,1.0597186322033416e-07,0.8685919026596354,0.1313836072001685,2.4384168332557016e-05,25,20,20
4,5641,3.2728972881608277e-07,0.7266098543939815,0.2733654689005524,2.4349415736496925e-05,25,20,20
4,5642,0.00011887894742706781,0.7951771145599021,0.20468738254976748,1.6623942902448462e-05,25,20,20
4,5643,2.4671751923031343e-09,0.9032764625296664,0.0967235121021262,2.2901032206550352e-08,25,20,20
4,5644,2.117255357110921e-08,0.8528300263217788,0.14716994709069392,5.414973749546538e-09,25,20,20
4,5645,1.6581607306010494e-10,0.814266013061772,0.18573398537395303,1.398458299166211e-09,25,20,20
4,5646,5.824273276530763e-10,0.8337277752001845,0.16627074177703796,1.4824403499688966e-06,25,20,20
4,5647,3.0293355225548816e-10,0.8639736089987106,0.13602638429429317,6.404062337380165e-09,25,20,20
4,5648,1.5819641859997957e-07,0.8987983893665386,0.10120116215270589,2.902843372832702e-07,25,20,20
4,5649,1.503981334852917e-07,0.9160140219976595,0.08398581916322388,8.440982993963733e-09,25,20,20
4,5650,5.609021775716631e-12,0.9253522402235643,0.07464775147348023,8.297346056446023e-09,25,20,20
4,5651,3.184651135787458e-09,0.9501539959507602,0.04984599862898004,2.2356086022383506e-09,25,20,20
4,5652,2.765841681478646e-09,0.9372011221834474,0.06279887379749116,1.2532196267505963e-09,25,20,20
4,5653,1.1603145004057407e-10,0.9157637735519474,0.08423622505766208,1.2743590435370367e-09,25,20,20
4,5654,2.8729922869345548e-09,0.9078835351369325,0.09211646083419466,1.155880034077008e-09,25,20,20
4,5655,1.2921250752690372e-09,0.872559532112015,0.12744045761546857,8.980390948822985e-09,25,20,20
4,5656,3.984966806318286e-09,0.8246271106434466,0.17537197684712458,9.085244617289107e-07,25,20,20
4,5657,2.701670950312895e-09,0.8684889448228813,0.13149517348618472,1.5878989262678546e-05,25,20,20
4,5658,1.9281316751949567e-11,0.8996391321391956,0.10036036597098667,5.018705366992306e-07,25,20,20
4,5659,4.666883395705701e-11,0.8858031151337908,0.11419636549670965,5.19322830440452e-07,25,20,20
4,5660,7.775029160991109e-10,0.9213356012286846,0.07866439735967533,6.341372707927412e-10,25,20,20
4,5661,1.601234094473005e-07,0.9276098078299768,0.07238999702976975,3.501684433187899e-08,25,20,20
4,5662,1.7928881208578582e-07,0.9302241738264153,0.06977562836699136,1.8517781206618144e-08,25,20,20
4,5663,5.969267284042228e-08,0.9471217165744014,0.05287817138472142,5.23482044628856e-08,25,20,20
4,5664,1.1985470159820143e-10,0.9699084551275652,0.030091509607305764,3.514527454299101e-08,25,20,20
4,5665,1.228184442357356e-10,0.9558053358573827,0.04419466398545482,3.434411883235727e-11,25,20,20
4,5666,8.144963849194553e-10,0.9164147353482595,0.08358431344866078,9.503885833070673e-07,25,20,20
4,5667,7.966200526844448e-10,0.9407753022112231,0.0592237459823708,9.510097857454947e-07,25,20,20
4,5668,2.522383564199925e-09,0.9188701051052297,0.08112987495845583,1.7413931015039392e-08,25,20,20
4,5669,4.013608296011479e-08,0.9015513326311961,0.09844702427324056,1.60295947993859e-06,25,20,20
4,5670,5.007476212957515e-10,0.9495055243576,0.050494473717706316,1.4239452346715274e-09,25,20,20
4,5671,2.2883021409338047e-09,0.9391946333010388,0.06076967720639779,3.568720426104188e-05,25,20,20
4,5672,2.5116135913326892e-08,0.8989551361777519,0.10104480932034252,2.9385769385865226e-08,25,20,20
4,5673,2.7476429012152614e-09,0.945263431290329,0.05473654794078587,1.802124225943451e-08,25,20,20
4,5674,2.0247640689638095e-11,0.8632492173060714,0.1367507536890702,2.8984610283737772e-08,25,20,20
4,5675,4.2160130557539274e-09,0.877922770967428,0.12207721961794304,5.198615772784794e-09,25,20,20
4,5676,3.2697330453695856e-10,0.8874025276941186,0.11259620203395128,1.269944956530146e-06,25,20,20
4,5677,1.0551139499313862e-10,0.9441810639866038,0.05581893558201743,3.2586732209252064e-10,25,20,20
4,5678,8.616209874852525e-10,0.8017897294765126,0.19820964396348553,6.256983811017592e-07,25,20,20
4,5679,1.1932738836932519e-05,0.7669084012978294,0.2330791774404712,4.88522862169439e-07,25,20,20
4,5680,2.250835388036781e-09,0.910500525262732,0.08949947207127901,4.1515289029223e-10,25,20,20
4,5681,6.073661126198212e-08,0.8862928472931967,0.11370665772209271,4.3424809909928645e-07,25,20,20
4,5682,3.870101424067013e-10,0.8764507722676723,0.12354876915107658,4.5819424106629974e-07,25,20,20
4,5683,1.6975327360664736e-10,0.9124811271356082,0.08751885380930326,1.8885334881828542e-08,25,20,20
4,5684,1.494786554163446e-10,0.8548552719213831,0.14514472685341837,1.0757191335984722e-09,25,20,20
4,5685,1.2838456037532286e-10,0.8679775637780804,0.13202241238015597,2.3713378055934095e-08,25,20,20
4,5686,1.307328210923435e-08,0.7670841752275804,0.2329157833867538,2.831238309821515e-08,25,20,20
4,5687,4.17103238081989e-08,0.8548361210097952,0.14516381946861853,1.781126205275279e-08,25,20,20
4,5688,1.565703195599543e-07,0.9518250365543621,0.048174771770590645,3.510472746796388e-08,25,20,20
4,5689,4.923800093129158e-11,0.9170491090933106,0.08295050895962014,3.818978316437411e-07,25,20,20
4,5690,6.959542490083299e-10,0.9399088742722299,0.060091107062188474,1.7969627602722118e-08,25,20,20
4,5691,2.2270436903273375e-06,0.9381197749211388,0.06187798035833736,1.7676833493776774e-08,25,20,20
4,5692,1.3961076993509417e-09,0.8723004062987605,0.12767900624123169,2.0586063900115175e-05,25,20,20
4,5693,2.569797844959438e-06,0.8311658685215434,0.16883029479098752,1.266889623468438e-06,25,20,20
4,5694,2.2385453327121716e-08,0.8421634564589107,0.15783520627867098,1.314876965069956e-06,25,20,20
4,5695,7.733088925526905e-08,0.8804383077992028,0.11956066343300842,9.514368990174254e-07,25,20,20
4,5696,4.230565151293351e-07,0.8009163737223954,0.19908151540755803,1.6878135306881697e-06,25,20,20
4,5697,3.4179321225585435e-12,0.8657182643690446,0.13428171481671597,2.0810821243640507e-08,25,20,20
4,5698,5.080718485052014e-11,0.9402460939121897,0.05975390561399111,4.230121229429608e-10,25,20,20
4,5699,7.631659748802326e-11,0.9125122267617065,0.08748775334411818,1.9817858164605686e-08,25,20,20
4,5700,4.0451093156044297e-08,0.9312185141541417,0.06876671721901254,1.47281757520646e-05,25,20,20
4,5701,5.5035957797468775e-09,0.8529378311429535,0.1470615554226341,6.079308160449878e-07,25,20,20
4,5702,8.753861294439415e-10,0.9173527651559965,0.0826472103666042,2.3602012703880428e-08,25,20,20
4,5703,5.765281924247872e-08,0.8349084401717002,0.16509150152515434,6.503255390580823e-10,25,20,20
4,5704,2.7562464681393226e-09,0.9014941686748372,0.0985058285391518,2.976393021599365e-11,25,20,20
4,5705,2.7432483675370097e-09,0.8208437738154462,0.17915622298342002,4.5788538376637083e-10,25,20,20
4,5706,2.7654374644522862e-11,0.9348789664451793,0.06512103317219667,3.549696534128923e-10,25,20,20
4,5707,3.818123749262276e-08,0.7899054013906321,0.21009358377099754,9.766571327366523e-07,25,20,20
4,5708,5.696194605500767e-08,0.899151075585146,0.10084886722069517,2.3221257709422833e-10,25,20,20
4,5709,1.3766417214253635e-11,0.9565457059715922,0.04345429347093283,5.437085565408649e-10,25,20,20
4,5710,2.8612939956006037e-11,0.8960577540743766,0.10394222849488771,1.7402122992970145e-08,25,20,20
4,5711,1.9795406722446192e-10,0.9014839957245467,0.09851598126973173,2.2807767690775843e-08,25,20,20
4,5712,2.834763736919875e-09,0.9016490989043302,0.09835086477129217,3.348961404206389e-08,25,20,20
4,5713,1.2254757643304916e-10,0.9154391550320802,0.084559834873511,1.0099718615725138e-06,25,20,20
4,5714,3.907936308700775e-08,0.9095426468097724,0.09045728622025802,2.7890606191458085e-08,25,20,20
4,5715,3.9748712602700346e-08,0.891213321288112,0.10878661116142116,2.7801754114062288e-08,25,20,20
4,5716,9.039454147093943e-08,0.7593599173631599,0.2405504457535864,8.954648871186873e-05,25,20,20
4,5717,5.412362403369096e-08,0.8085502495243461,0.19144905383133412,6.42520694925927e-07,25,20,20
4,5718,5.1401011980121105e-08,0.8668725035802793,0.13312688437477327,5.606439354303835e-07,25,20,20
4,5719,3.4358106179488293e-09,0.8646991607343801,0.13530025791474545,5.779150636572473e-07,25,20,20
4,5720,1.7671135084974962e-06,0.9193354444473048,0.08066278770424733,7.349393906226993e-10,25,20,20
4,5721,4.5183816965321135e-09,0.9718438409069944,0.028156153424774826,1.1498490242783904e-09,25,20,20
4,5722,2.7146328711176483e-09,0.9365727847652531,0.06342719377276419,1.8747349134891808e-08,25,20,20
4,5723,2.4286999322477272e-09,0.9450548804786326,0.054945081903590126,3.518907769482057e-08,25,20,20
4,5724,2.6236849399196402e-11,0.9518830115279252,0.048116970943296915,1.7502540234161633e-08,25,20,20
4,5725,7.809782675663093e-10,0.9377504820581584,0.06224948193924738,3.5221615580056284e-08,25,20,20
4,5726,1.5329273829751046e-10,0.7024954263150578,0.21781789550940758,0.07968667802224119,25,20,20
4,5727,1.1168755699967281e-10,0.7780545469669354,0.221945429730632,2.3190744468697913e-08,25,20,20
4,5728,4.146752311731458e-11,0.8398291798173202,0.16017081446315606,5.678055641273925e-09,25,20,20
4,5729,2.1281814324216714e-06,0.8852678095619163,0.11473004046780776,2.1788843343686143e-08,25,20,20
4,5730,1.129113588253494e-08,0.9396943850162254,0.0603056027315949,9.610439632852308e-10,25,20,20
4,5731,3.9078043798008935e-08,0.8776930340755981,0.12230662791750946,2.9892884838914085e-07,25,20,20
4,5732,4.276602212904719e-08,0.9335307830326879,0.06646913580982142,3.839146810901258e-08,25,20,20
4,5733,3.4844427701258424e-09,0.8758572878235811,0.12414269695460713,1.17373691364269e-08,25,20,20
4,5734,2.4699388637758815e-07,0.8622636642258782,0.13773607179136588,1.6988869945847823e-08,25,20,20
4,5735,2.698472606368989e-09,0.9195528732491425,0.08044712372613862,3.262457323821013e-10,25,20,20
4,5736,4.7943883420014046e-12,0.9076925163832738,0.09230748276139517,8.505366922117563e-10,25,20,20
4,5737,1.5463334033676272e-07,0.8545262397405314,0.14547360490033454,7.257939081774865e-10,25,20,20
4,5738,3.5052496799810756e-09,0.847619851175137,0.15234739572448888,3.2749595125091135e-05,25,20,20
4,5739,4.4623177150046654e-10,0.9080589849618365,0.09192298913419948,1.802545773243128e-05,25,20,20
4,5740,5.762384251097292e-08,0.9237322047345944,0.07626771021780603,2.742375643473651e-08,25,20,20
4,5741,1.9269941190976273e-07,0.7604296305505944,0.23957011357736366,6.317262954448883e-08,25,20,20
4,5742,8.480667468849459e-08,0.843172246370409,0.15682764042716635,2.839574964055517e-08,25,20,20
4,5743,1.2495309160794683e-10,0.9581405258434554,0.04185943759248219,3.643910924230436e-08,25,20,20
4,5744,4.8971338616344726e-06,0.8505379754125412,0.1494570586324452,6.882115181024323e-08,25,20,20
4,5745,4.936955384970402e-06,0.8861181242418446,0.11387687533677031,6.346599977995331e-08,25,20,20
4,5746,4.066452010771294e-08,0.8673340591819718,0.1326472976702607,1.8602483247305174e-05,25,20,20
4,5747,5.0260125562840474e-08,0.9148291526780102,0.0851707677201948,2.9341669409266272e-08,25,20,20
4,5748,7.956195056795187e-10,0.9861926386701776,0.013807342617071028,1.7917132178783092e-08,25,20,20
4,5749,3.5462154756283123e-09,0.9627267912184942,0.037273204573173395,6.621166100467523e-10,25,20,20
4,5750,8.849055514020365e-08,0.8976055149877067,0.10239437842738792,1.8094349992209804e-08,25,20,20
4,5751,2.4917328616163684e-09,0.9265563864134725,0.0734435858293904,2.5265403555035965e-08,25,20,20
4,5752,2.610463083006753e-09,0.8506143591140765,0.1493856301806332,8.094826903239865e-09,25,20,20
4,5753,3.975323673627563e-08,0.8764190456434712,0.12358090651619548,8.087096394970703e-09,25,20,20
4,5754,3.9789579221400194e-08,0.875595487623559,0.12440446489951285,7.687348503748582e-09,25,20,20
4,5755,3.972914187062286e-08,0.9067201263482592,0.09327982624040038,7.682197582909199e-09,25,20,20
4,5756,2.0513972284244356e-11,0.8383097002022971,0.16169029271969113,7.057496938157512e-09,25,20,20
4,5757,5.373123465435708e-11,0.8488747182465087,0.15112528134991307,3.4984672294323906e-10,25,20,20
4,5758,1.8465892894558792e-11,0.8881943109113215,0.11180567123087037,1.7839342075792725e-08,25,20,20
4,5759,5.554009916401066e-11,0.8527937845280692,0.14720521304998413,1.0023664056104254e-06,25,20,20
4,5760,1.0111714563445944e-09,0.836589406459876,0.16341056458949,2.793946198652884e-08,25,20,20
4,5761,4.7377579539480595e-08,0.7785593204764624,0.22144061357295938,1.8572997373619264e-08,25,20,20
4,5762,4.1888546938389004e-08,0.8597124234448746,0.14028750148475638,3.3181821616832624e-08,25,20,20
4,5763,4.121393302592339e-08,0.9039930485435215,0.0960069092037581,1.0387871570907184e-09,25,20,20
4,5764,7.181561543344152e-10,0.8627876402787245,0.13721234659858766,1.24045316985656e-08,25,20,20
4,5765,1.8105223603247116e-09,0.8819022229288711,0.11809776263714492,1.2623461020365039e-08,25,20,20
4,5766,1.7923071620868989e-09,0.9241613278470676,0.07583867002988513,3.3073979936679875e-10,25,20,20
4,5767,4.592577975307456e-09,0.8869826877285477,0.11301553122537944,1.7764534948576233e-06,25,20,20
4,5768,2.9145394296207897e-09,0.9191097314730999,0.08088928713486704,9.784774936729705e-07,25,20,20
4,5769,2.9529367406255813e-09,0.8786677904164247,0.12133125104589368,9.555847443344215e-07,25,20,20
4,5770,2.873924805674138e-09,0.894381369427517,0.10561862229164497,5.4069123234618285e-09,25,20,20
4,5771,2.7362150810343074e-09,0.9533151549235919,0.04668294071984458,1.901620348342279e-06,25,20,20
4,5772,4.7572492310774495e-09,0.9426423974226864,0.057356628535120045,9.692849442164542e-07,25,20,20
4,5773,3.4177886551315287e-09,0.8888279754324014,0.11117105501953631,9.66130272756111e-07,25,20,20
4,5774,3.4635027466006722e-09,0.8732428383585991,0.12675713491795226,2.325994549746939e-08,25,20,20
4,5775,4.0465542305558996e-09,0.8506874441995526,0.14931196437003613,5.873838564433605e-07,25,20,20
4,5776,5.1583308244860144e-08,0.9175796002296767,0.08242005878345138,2.8940356360449125e-07,25,20,20
4,5777,7.921430475532493e-10,0.911054416488903,0.08885207751202133,9.350520693262671e-05,25,20,20
4,5778,1.1303072413718675e-08,0.9613344746779202,0.03866517200911324,3.4200989414292137e-07,25,20,20
4,5779,1.1361303617879717e-08,0.9154998693975578,0.08449981031670677,3.0892443151443505e-07,25,20,20
4,5780,1.1713998619383443e-08,0.8233426474987872,0.17665704376195507,2.970252582767573e-07,25,20,20
4,5781,8.799184935309809e-10,0.8272964262431839,0.17270354440058291,2.847631465838351e-08,25,20,20
4,5782,4.495861555879736e-06,0.7804486048717435,0.21954638763322584,5.116334743266266e-07,25,20,20
4,5783,2.7899602218603216e-09,0.8617593010854533,0.13823972046262953,9.756619567286888e-07,25,20,20
4,5784,1.1297278982946304e-09,0.9108130464907619,0.08918594908348645,1.0032960232774159e-06,25,20,20
4,5785,1.0883886131324242e-10,0.8378893316482793,0.16209169440468288,1.8973838198405286e-05,25,20,20
4,5786,2.572834524114712e-07,0.7955143809642586,0.2044663591052118,1.9002647076801665e-05,25,20,20
4,5787,2.1798428152731848e-08,0.8789086704641071,0.1210903324285347,9.753089291938438e-07,25,20,20
4,5788,7.1880751568419305e-09,0.9002098060101698,0.09978919446556166,9.923361931060211e-07,25,20,20
4,5789,5.8978786551834275e-09,0.9050814445507078,0.09491849664256667,5.2908847238271634e-08,25,20,20
4,5790,2.88865231700596e-09,0.9554557048822175,0.044544274000391425,1.8228738933346144e-08,25,20,20
4,5791,5.556477153833193e-11,0.9575639526346909,0.04243602839712948,1.891261515068492e-08,25,20,20
4,5792,1.250987838180895e-10,0.9578779697617218,0.04212163023127321,3.998819059653345e-07,25,20,20
4,5793,2.4737725653521082e-08,0.8986159715900037,0.10138264638725022,1.3572850207150311e-06,25,20,20
4,5794,2.464111543153439e-08,0.9463121347292562,0.05368784011816033,5.114678173625627e-10,25,20,20
4,5795,1.5450119071762495e-09,0.8724684071305688,0.127531553171924,3.815249455084943e-08,25,20,20
4,5796,8.321153652581156e-10,0.9433473660247289,0.05665262578975444,7.3534004537362905e-09,25,20,20
4,5797,7.351954267777757e-10,0.9689361105643881,0.031063887427257207,1.2731591056990615e-09,25,20,20
4,5798,5.06617029020399e-06,0.8541080989513523,0.1458868062383957,2.863996115975927e-08,25,20,20
4,5799,5.0661159991738575e-06,0.872189198172735,0.1278057252141276,1.0497137687660257e-08,25,20,20
4,5800,1.5533952015713826e-09,0.8788249226625809,0.12117505758875671,1.819526685169512e-08,25,20,20
4,5801,5.025871728215622e-09,0.8701510541567774,0.1298489403559835,4.613671091047023e-10,25,20,20
4,5802,1.6932365122692693e-09,0.8150546770117094,0.18494530256198088,1.873307196924152e-08,25,20,20
4,5803,1.6678674116219223e-09,0.860705270915276,0.1392946999154758,2.7501380110042158e-08,25,20,20
4,5804,2.788168346722409e-09,0.8949617539358613,0.10503822575254361,1.752342648134913e-08,25,20,20
4,5805,5.598320602097305e-06,0.9544000863116331,0.04559428703661439,2.8331150742345087e-08,25,20,20
4,5806,3.44476919180046e-09,0.8968309133135496,0.10316905293039003,3.0311291433870614e-08,25,20,20
4,5807,8.048660689060017e-10,0.8972394540969735,0.1027602563134663,2.8878469447052876e-07,25,20,20
4,5808,1.692745090434236e-10,0.9144555421389551,0.08554442260520624,3.508656411302865e-08,25,20,20
4,5809,1.3886477115516168e-10,0.8870673886284414,0.11293259810032512,1.3132367893758887e-08,25,20,20
4,5810,2.7238919721865904e-09,0.9024934754448993,0.09750648949433602,3.233687235665527e-08,25,20,20
4,5811,4.883688135786459e-09,0.9180111939075393,0.08198879428277939,6.925993327601336e-09,25,20,20
4,5812,4.109396755288615e-09,0.9497510242553016,0.05024802019820009,9.514371011083768e-07,25,20,20
4,5813,2.7405618182304457e-09,0.8966738270682764,0.1033261695484787,6.426823503297344e-10,25,20,20
4,5814,2.7079136264114546e-09,0.9894844930300534,0.010515503604903427,6.571298144974929e-10,25,20,20
4,5815,8.204789830115054e-09,0.9099034906489458,0.09009648261922137,1.852704317303054e-08,25,20,20
4,5816,7.063865537910306e-09,0.9052125952188055,0.0947873915784116,6.138917265107556e-09,25,20,20
4,5817,2.927551147421998e-08,0.8735477730784091,0.12641633135724162,3.586628883748707e-05,25,20,20
4,5818,2.8389157720189913e-08,0.860570627114951,0.13939406453986597,3.527995602444685e-05,25,20,20
4,5819,1.4377487139488224e-08,0.8272160419474911,0.1727835739715065,3.697035142975202e-07,25,20,20
4,5820,1.5039648578357497e-09,0.9349303241904048,0.06506966158184851,1.272378172434944e-08,25,20,20
4,5821,6.209036006291137e-05,0.873667689793619,0.12555608826544049,0.0007141315808780252,25,20,20
4,5822,6.208177879911658e-05,0.9149271911660328,0.08501069464445463,3.24107133355704e-08,25,20,20
4,5823,3.2355404796365073e-06,0.7890407113240769,0.2109557514866421,3.0164880143018685e-07,25,20,20
4,5824,3.2382965889686414e-06,0.8416161093520931,0.1583803442357747,3.0811554349429964e-07,25,20,20
4,5825,3.392063526420531e-06,0.8931603735387583,0.10683619877935553,3.5618359803705307e-08,25,20,20
4,5826,3.5466636155890717e-06,0.8493236688992097,0.1506727315874431,5.284973157037774e-08,25,20,20
4,5827,1.1913428419361504e-06,0.9340760059273969,0.06592277555690881,2.7172852455346037e-08,25,20,20
4,5828,4.661464653846276e-11,0.93321680794176,0.06678318448292443,7.52870120243402e-09,25,20,20
4,5829,2.470868052908013e-10,0.9026922822108561,0.09730742951624909,2.8802580819589014e-07,25,20,20
4,5830,8.603886229746105e-06,0.9043222061940223,0.09566791028994441,1.279629803534104e-06,25,20,20
4,5831,1.6095583303530952e-10,0.9369868611331078,0.06301312076769784,1.793823825059994e-08,25,20,20
4,5832,7.430259119675289e-10,0.9184198189958366,0.08157963305117139,5.472099659295143e-07,25,20,20
4,5833,6.945704224366081e-10,0.8888561063816334,0.11114386857935857,2.4344437723064014e-08,25,20,20
4,5834,4.757119616974042e-11,0.9088595547671712,0.09114043936371984,5.821537683532434e-09,25,20,20
4,5835,1.7589390397244912e-09,0.8641457411717467,0.13513950249072015,0.0007147545785933929,25,20,20
4,5836,0.002856155099749741,0.8332898188727426,0.16313363138388726,0.0007203946436209727,25,20,20
4,5837,0.00017487048182906128,0.8569582649420269,0.1428465719057789,2.029267036560368e-05,25,20,20
4,5838,1.1908790514870778e-07,0.870684487242962,0.12931475010044272,6.435686904122582e-07,25,20,20
4,5839,1.1879858258421054e-07,0.9124048305674006,0.08759438305562471,6.675783921995712e-07,25,20,20
4,5840,5.887958564970182e-07,0.8147472886895798,0.18523347354882552,1.8648965738550363e-05,25,20,20
4,5841,1.2081068956286998e-07,0.7432793132643988,0.2567025393338172,1.802659109481182e-05,25,20,20
4,5842,1.458797959164741e-10,0.7593453714554318,0.24065302839816538,1.6000005228296035e-06,25,20,20
4,5843,3.905242765811604e-08,0.8861280374603563,0.11387191702904718,6.458168755391607e-09,25,20,20
4,5844,2.835355516589311e-09,0.910543744219358,0.08945624714775534,5.797531142590202e-09,25,20,20
4,5845,5.5563302039202e-09,0.876380030413335,0.12361995813491777,5.895417198591298e-09,25,20,20
4,5846,5.4106044963956806e-11,0.8960121884587104,0.1039877762838908,3.5203292678336e-08,25,20,20
4,5847,7.9764935708588e-08,0.7597611212991247,0.24023876724442975,3.1691508348920326e-08,25,20,20
4,5848,7.973686500184446e-08,0.7491568121349229,0.250843071067407,3.7060804525711535e-08,25,20,20
4,5849,1.6745478537644878e-06,0.7640068080094835,0.20115980682536289,0.03483171061729934,25,20,20
4,5850,9.071846311841782e-11,0.8733274020215233,0.1243470477939636,0.0023255500937944557,25,20,20
4,5851,1.9791882945046156e-10,0.8621865146357162,0.13781347486674161,1.0299622785609483e-08,25,20,20
4,5852,1.338807384405157e-09,0.8066971162513786,0.19330283755825803,4.485155524448444e-08,25,20,20
4,5853,2.5959356270851396e-07,0.7595187672282054,0.24048081356848677,1.5960974416779268e-07,25,20,20
4,5854,2.7286227529179893e-09,0.8399213638614601,0.16007863268338288,7.265340580293735e-10,25,20,20
4,5855,5.823697606889399e-08,0.9351886828521714,0.06481087724088228,3.8166997025569373e-07,25,20,20
4,5856,7.616526452613925e-10,0.8904390334232437,0.10954455143424362,1.6414380859595996e-05,25,20,20
4,5857,2.7936894393982183e-10,0.7586193068938911,0.2413806712782892,2.1548450229180275e-08,25,20,20
4,5858,1.264783820559281e-08,0.8942052952866884,0.10579437463731178,3.1742816120769407e-07,25,20,20
4,5859,2.7503986290510958e-11,0.8407767202460491,0.15922289833559122,3.8139085509920437e-07,25,20,20
4,5860,2.1417885359436428e-09,0.8789118538373397,0.12108811680680139,2.7214070031567082e-08,25,20,20
4,5861,1.2791015592676503e-06,0.9287234368094899,0.0712752647300891,1.9358861529062755e-08,25,20,20
4,5862,2.1563569308795883e-10,0.9078924476009064,0.09210755184507331,3.3838392918387725e-10,25,20,20
4,5863,4.852696546215187e-09,0.8822034252793578,0.11779655427669823,1.5591247310873645e-08,25,20,20
4,5864,4.969358808540963e-11,0.8863114222314534,0.11368856603183021,1.1687022635970663e-08,25,20,20
4,5865,7.337255133102466e-11,0.9041236600849358,0.09587632189405008,1.7947641947803584e-08,25,20,20
4,5866,3.836237333816301e-08,0.9147654116492077,0.08523449647817677,5.3510241958903416e-08,25,20,20
4,5867,7.983453157860146e-11,0.9298206748726375,0.07017927194632666,5.310120076645711e-08,25,20,20
4,5868,7.731793989566276e-11,0.8864539859503308,0.11354595105159969,6.292075181748556e-08,25,20,20
4,5869,7.04751405653266e-11,0.9448171514988313,0.05518282999809414,1.8432599092658468e-08,25,20,20
4,5870,1.327061643408825e-10,0.9338915968387337,0.06610743432930867,9.686992513387796e-07,25,20,20
4,5871,8.961974042699299e-10,0.9022068669747848,0.09779310829555721,2.383346037527487e-08,25,20,20
4,5872,5.666327908297216e-10,0.9513292339497442,0.04867072955577544,3.592784715285396e-08,25,20,20
4,5873,9.809378108744983e-10,0.9215188021749543,0.07848114367324156,5.317086631340206e-08,25,20,20
4,5874,6.809788858081457e-11,0.9483107976229913,0.05168920227781478,3.1095942912258e-11,25,20,20
4,5875,1.5613589091365003e-09,0.8889065099653161,0.11109348814744963,3.2587494882866123e-10,25,20,20
4,5876,4.850011866002268e-11,0.9635197635821843,0.03648023604501082,3.24304377021124e-10,25,20,20
4,5877,6.892210059344729e-10,0.8823556412148055,0.11764397662436586,3.814716075582461e-07,25,20,20
4,5878,2.802137317850415e-09,0.9386973434150431,0.061302272512477766,3.8127034185848763e-07,25,20,20
4,5879,3.312780521907971e-11,0.8540340524060436,0.1459655652605234,3.823003043240064e-07,25,20,20
4,5880,1.9990167225048215e-11,0.8918106055693424,0.10818939326246342,1.1482032518813444e-09,25,20,20
4,5881,3.6375209498042884e-10,0.8335251112198422,0.16647488027107332,8.145331825624202e-09,25,20,20
4,5882,8.90638466911186e-06,0.8805539538254178,0.11943713934315563,4.4675714874691933e-10,25,20,20
4,5883,4.4712758047284684e-06,0.869385878988911,0.13060960602354116,4.3711742609749126e-08,25,20,20
4,5884,2.70635319533694e-10,0.8541607651947846,0.1458391995391177,3.499546230671763e-08,25,20,20
4,5885,4.41204376849452e-05,0.877780215726006,0.12217467298206133,9.908542474836497e-07,25,20,20
4,5886,4.100071970133156e-08,0.8783381594692997,0.12166053163988738,1.2678900931203707e-06,25,20,20
4,5887,1.1294604282644043e-09,0.9093788282183989,0.09062114694290933,2.370923131365322e-08,25,20,20
4,5888,9.784627458080759e-11,0.9909901896362393,0.009009792652147457,1.761376688233278e-08,25,20,20
4,5889,5.6128990835139334e-11,0.9140505658566095,0.08594941597924917,1.8108012461701288e-08,25,20,20
4,5890,2.987055195305391e-10,0.8311765290876074,0.16880872474414907,1.4745869537558156e-05,25,20,20
4,5891,1.0584912445476542e-09,0.9382207592469307,0.06177923284324785,6.85133023857553e-09,25,20,20
4,5892,2.293927783341448e-06,0.7658297144839703,0.23254434015574799,0.0016236514324978644,25,20,20
4,5893,2.423666601815281e-10,0.9050629897985363,0.0949370092932963,6.658002784455163e-10,25,20,20
4,5894,2.0501520157908257e-10,0.8511127529170496,0.1488872290844475,1.7793487469573138e-08,25,20,20
4,5895,2.9058849992022756e-06,0.7567465808963472,0.24325049056472378,2.265392989305438e-08,25,20,20
4,5896,2.8984791369268027e-06,0.9069537188528323,0.09304336525959256,1.7408438216292537e-08,25,20,20
4,5897,2.9451089513061155e-06,0.8346659685588358,0.1653310618790803,2.445313264003231e-08,25,20,20
4,5898,2.918991611597108e-06,0.9316053382797985,0.06839119859058526,5.441380044460505e-07,25,20,20
4,5899,2.8985709597282542e-06,0.8530198655232867,0.146976928713818,3.0719193523061247e-07,25,20,20
4,5900,1.5984954419487157e-11,0.9463143715849363,0.05368533908355335,2.893155250613776e-07,25,20,20
4,5901,2.0700293115110762e-11,0.8971890245613645,0.10281095118502467,2.4232910382805113e-08,25,20,20
4,5902,2.1538957192803676e-06,0.9012027173947859,0.09879362631333956,1.5023961556879406e-06,25,20,20
4,5903,2.150734317594614e-06,0.9061145199297697,0.09388113654515771,2.192790754674502e-06,25,20,20
4,5904,5.547030462587979e-13,0.9056516188631702,0.09434781659424664,5.645420282626814e-07,25,20,20
4,5905,3.2918272375464358e-12,0.8674455065062374,0.13255447539261767,1.8097852874489137e-08,25,20,20
4,5906,1.792931069512105e-11,0.8482226459442945,0.15177731819840498,3.583937069725364e-08,25,20,20
4,5907,5.1663609102100984e-08,0.8856421559828869,0.11434303579922547,1.4756554278249164e-05,25,20,20
4,5908,1.4103592353637047e-08,0.8812648822364028,0.11873509754324657,6.116758218188102e-09,25,20,20
4,5909,5.051226411364477e-07,0.8671879117276167,0.1328084376079283,3.1455418135211723e-06,25,20,20
4,5910,1.623003670196862e-08,0.9209564522640928,0.07904349690029147,3.4605578902795135e-08,25,20,20
4,5911,1.3662248188801068e-08,0.960354429810255,0.03964552095146974,3.5576027102829984e-08,25,20,20
4,5912,1.0222591618351562e-07,0.781347543031601,0.21855342780033646,9.892694214508522e-05,25,20,20
4,5913,1.5162864626833e-08,0.8873941170563662,0.11257475961691893,3.1108163850272625e-05,25,20,20
4,5914,4.131528882623072e-11,0.9032940314292607,0.09670590260805423,6.592136939455429e-08,25,20,20
4,5915,2.427341683144486e-12,0.9334088084404526,0.06659116665791304,2.4899206819189032e-08,25,20,20
4,5916,6.439234202383799e-11,0.9060461361992842,0.09395384543881409,1.8297509030768196e-08,25,20,20
4,5917,1.0225123273190408e-10,0.8996164769559105,0.10038352171184868,1.2299894051214962e-09,25,20,20
4,5918,1.5051052819286093e-10,0.9129578601290831,0.0870421384623715,1.2580338944082209e-09,25,20,20
4,5919,1.53864228513203e-07,0.9144021551630002,0.08559768392553697,7.047234275423984e-09,25,20,20
4,5920,2.1915038107449795e-10,0.8091289041758055,0.1908710873071999,8.297844374186334e-09,25,20,20
4,5921,2.1236252701121528e-07,0.844124064157366,0.1558753401372558,3.8334285112142144e-07,25,20,20
4,5922,5.904838765053281e-08,0.8195958712024671,0.18040370358897795,3.6616016691869766e-07,25,20,20
4,5923,6.004808346181987e-08,0.8739652856071279,0.12603425382077874,4.005240098226258e-07,25,20,20
4,5924,3.0781349685416547e-06,0.8632747216018458,0.13672216957382516,3.068936050925183e-08,25,20,20
4,5925,9.306032557491617e-11,0.8952779100574034,0.10472206501067047,2.483886574518102e-08,25,20,20
4,5926,2.781357698979355e-09,0.8837416277222022,0.11625834495493122,2.454150862704008e-08,25,20,20
4,5927,4.267739552545525e-08,0.7703903735896186,0.2296095607305296,2.3002456307397908e-08,25,20,20
4,5928,4.140468681419564e-08,0.8588457917603097,0.14115411877318587,4.806181740458548e-08,25,20,20
4,5929,2.1343555673286984e-08,0.798765510264571,0.20123443710272323,3.1289150024803e-08,25,20,20
4,5930,2.6861210558854285e-08,0.9455001224426379,0.054499840163070586,1.0533080935101193e-08,25,20,20
4,5931,6.1932197936097355e-09,0.9856367647133107,0.014363210855786705,1.823768306660801e-08,25,20,20
4,5932,2.8158170315510403e-09,0.9226376189210851,0.07736234345012906,3.481296808548489e-08,25,20,20
4,5933,5.279330982483992e-11,0.8817874244779127,0.11821255745412966,1.801516365536048e-08,25,20,20
4,5934,5.5398540905759676e-11,0.9032843155935504,0.09671564833167634,3.601937434833369e-08,25,20,20
4,5935,6.783766986380084e-11,0.8980714572491248,0.1019285244747035,1.8208333394103665e-08,25,20,20
4,5936,7.919171477442858e-10,0.9094157966864437,0.09058416708210296,3.543953599976087e-08,25,20,20
4,5937,6.905632981406178e-10,0.819291851825634,0.18070813017722925,1.73065729874987e-08,25,20,20
4,5938,7.702742565001778e-10,0.9316819280753629,0.06831807050275245,6.516105496834339e-10,25,20,20
4,5939,1.1298565877121553e-09,0.9441670523862112,0.055832945548296466,9.35635869068231e-10,25,20,20
4,5940,1.0844740013474552e-09,0.9448268422791548,0.055173138474571407,1.8161799745231935e-08,25,20,20
4,5941,1.1658375605363897e-09,0.907583604619261,0.09241637601817983,1.819672103703482e-08,25,20,20
4,5942,4.880515716892068e-10,0.9239734822990006,0.07602649920273852,1.8010208999446918e-08,25,20,20
4,5943,1.5355072268506174e-07,0.8945153435181669,0.10548419601576048,3.0691534905020546e-07,25,20,20
4,5944,1.5529864841890704e-07,0.8009670819687049,0.19903209262814417,6.701045021349262e-07,25,20,20
4,5945,1.7708141972884206e-09,0.8499720657470055,0.15002727962033557,6.528618445765674e-07,25,20,20
4,5946,1.83840873173168e-11,0.9408557313220759,0.059144215789426656,5.287011308788375e-08,25,20,20
4,5947,4.350467799860747e-08,0.9002410908346244,0.09975858767205535,2.7798864233318884e-07,25,20,20
4,5948,7.138644596433341e-11,0.9179862904394297,0.08201370439372091,5.095463275008184e-09,25,20,20
4,5949,1.0538485512278264e-09,0.9138552089980206,0.08614478973914906,2.0898080680041312e-10,25,20,20
4,5950,1.0911157215767583e-07,0.81278593935878,0.18721358032592328,3.712037241732808e-07,25,20,20
4,5951,5.088732788010887e-08,0.862304185590806,0.13769576265860461,8.632608976247648e-10,25,20,20
4,5952,3.151154566831463e-07,0.9090886196744485,0.09091106445714982,7.529446979681142e-10,25,20,20
4,5953,2.2269373703898e-09,0.932431763963067,0.06756786966157068,3.641484248967655e-07,25,20,20
4,5954,7.636193101282735e-10,0.8648795124218907,0.13512043258452844,5.422996129858468e-08,25,20,20
4,5955,5.131059108872886e-07,0.9275680649973326,0.07243138920159732,3.2695159383716616e-08,25,20,20
4,5956,3.668103822920881e-10,0.9269135547231012,0.07308594212881384,5.02781274306281e-07,25,20,20
4,5957,4.712899014951947e-11,0.8923495266045862,0.10764952272179693,9.506264875838415e-07,25,20,20
4,5958,5.8141567459041767e-11,0.9005491141471396,0.09944993455966973,9.512350487121889e-07,25,20,20
4,5959,5.908844155429852e-08,0.8175975998149191,0.1824013837476381,9.573490006640605e-07,25,20,20
4,5960,1.4045269707849928e-10,0.866274565149204,0.1337239195665002,1.5151438428343276e-06,25,20,20
4,5961,1.0838805140117534e-09,0.9625771823087622,0.03742278190611323,3.470124399976336e-08,25,20,20
4,5962,1.1006625817176371e-09,0.8846485798665992,0.1153504185304433,1.000502294717265e-06,25,20,20
4,5963,6.040357906832475e-11,0.9412099056770166,0.05878952984317305,5.644194068770173e-07,25,20,20
4,5964,2.3091067048964754e-08,0.8410815920507617,0.1589177959633914,5.88894779311723e-07,25,20,20
4,5965,4.521736670610629e-09,0.8786669505201528,0.12133248850006872,5.564580413707207e-07,25,20,20
4,5966,1.7611378293447448e-09,0.7944384538590987,0.20556099223106128,5.521487014516392e-07,25,20,20
4,5967,5.592295097930431e-08,0.8943599424788037,0.10563999005896262,1.1539282507670958e-08,25,20,20
4,5968,5.855603249270077e-08,0.9234564415166513,0.07654348820443439,1.1722881351065539e-08,25,20,20
4,5969,1.7735553308216279e-09,0.905120142774171,0.09487982578896012,2.9663313504088335e-08,25,20,20
4,5970,7.526938634974199e-10,0.8604097381726241,0.13958987926443356,3.818102489829882e-07,25,20,20
4,5971,6.26430405809162e-11,0.9321645210037011,0.06783546078653811,1.814711736062665e-08,25,20,20
4,5972,2.0788659363514687e-11,0.9240783765986513,0.07588547456288523,3.6148817674495014e-05,25,20,20
4,5973,3.0108142854469913e-09,0.9334757671676566,0.06647010019123913,5.412963028943204e-05,25,20,20
4,5974,1.847672315635794e-08,0.9002362489105126,0.09972712805826517,3.6604554498940833e-05,25,20,20
4,5975,9.361496142084148e-12,0.9411027927775563,0.05889720656338074,6.497011554258838e-10,25,20,20
4,5976,2.5897211767198265e-11,0.9349707802330446,0.0650289131057358,3.066353220114891e-07,25,20,20
4,5977,1.097672144696177e-09,0.8686410878350178,0.13132399875589648,3.4912311413294234e-05,25,20,20
4,5978,4.190303251446807e-09,0.899122970787225,0.1008770236870794,1.3353920347776945e-09,25,20,20
4,5979,1.1110382021276741e-09,0.8814888396993829,0.11851114117448631,1.801509220095712e-08,25,20,20
4,5980,2.224618265534397e-08,0.8733891523801816,0.1266105002510622,3.251225733354482e-07,25,20,20
4,5981,2.1661723093351167e-08,0.8065712845866144,0.19342836759637383,3.261552879650212e-07,25,20,20
4,5982,2.6320271783515944e-09,0.8318274096870916,0.16817073101364163,1.8566672394618945e-06,25,20,20
4,5983,6.485847287296812e-09,0.8573289101714967,0.1426698151886439,1.2681540116276757e-06,25,20,20
4,5984,5.841411678783703e-09,0.8484112211336482,0.15158700027615404,1.7727487860249387e-06,25,20,20
4,5985,3.168621992421536e-09,0.8767806868415117,0.12321929166194526,1.832792056499092e-08,25,20,20
4,5986,4.609560510001771e-12,0.879247087401166,0.12075289348368559,1.9110538603142807e-08,25,20,20
4,5987,2.04825295298825e-12,0.9710172102474417,0.02898278924300144,5.075089490996344e-10,25,20,20
4,5988,3.0491689734393713e-10,0.9007728543177792,0.09918144265378846,4.5702723514984304e-05,25,20,20
4,5989,2.0123653043496122e-08,0.894192027081807,0.1057619428605578,4.60099339815079e-05,25,20,20
4,5990,1.0389083009001715e-10,0.8749453172765055,0.1250236927120734,3.0989907529650514e-05,25,20,20
4,5991,3.2565740688293315e-07,0.8991983329252986,0.10077035569472073,3.098572257305923e-05,25,20,20
4,5992,6.398073935740198e-11,0.9343806972201645,0.06558831684895312,3.0985866901484885e-05,25,20,20
4,5993,1.1737907050352674e-10,0.9207433775214665,0.07925660398020754,1.8380946600655128e-08,25,20,20
4,5994,6.755957322412896e-11,0.8727314536230979,0.12726854595945827,3.4988431106113314e-10,25,20,20
4,5995,7.865262892092422e-11,0.8968065299493165,0.1031934526574517,1.731457954028252e-08,25,20,20
4,5996,6.807992148717431e-10,0.8429943435220939,0.1570056381759056,1.7621200900289717e-08,25,20,20
4,5997,2.9973562976044388e-09,0.7486454146011197,0.2513339392844459,2.0643117077474887e-05,25,20,20
4,5998,2.9847296464180025e-09,0.7254231158057075,0.27455623820467306,2.0643004889052168e-05,25,20,20
4,5999,8.816665257881911e-11,0.7933992929833019,0.20660069970277792,7.2257532849750835e-09,25,20,20
4,6000,2.614681885806994e-11,0.9356609778702815,0.06433901521002626,6.893545503450073e-09,25,20,20
4,6001,3.2296878879570454e-11,0.9014895826901637,0.098509862473315,5.548042243082328e-07,25,20,20
4,6002,2.198405572459887e-09,0.8686899778088361,0.13127838940802342,3.1630584734428636e-05,25,20,20
4,6003,2.1143254770633792e-10,0.804331415895838,0.19563693654633238,3.164734639724702e-05,25,20,20
4,6004,1.9197030901868107e-09,0.8429599600408231,0.15703914071926497,8.973202085025658e-07,25,20,20
4,6005,6.763768256908405e-11,0.8819684338255928,0.1180315432442711,2.2862498285724595e-08,25,20,20
4,6006,8.004966626773572e-11,0.8943993114584923,0.10559973775050356,9.507109538541278e-07,25,20,20
4,6007,2.3682631955252814e-06,0.8486313080667083,0.15136630555826552,1.811183035802591e-08,25,20,20
4,6008,1.0661801804366498e-07,0.8147987913606685,0.18520108409220384,1.7929109306915056e-08,25,20,20
4,6009,2.79361848850524e-09,0.9054142289251337,0.0945857505464782,1.7734769533576833e-08,25,20,20
4,6010,9.963289222168347e-10,0.8879001140443955,0.11079542356151748,0.0013044613977577205,25,20,20
4,6011,1.6707052988090174e-11,0.9165184760043167,0.08348052269946475,1.0012795119505554e-06,25,20,20
4,6012,1.5456384653637515e-07,0.953254435747418,0.046745373373074835,3.631566059504938e-08,25,20,20
4,6013,1.562527993340569e-07,0.8719716847509541,0.1280281229932797,3.600296623412074e-08,25,20,20
4,6014,1.429876463213594e-10,0.9198475785948196,0.08015237920789453,4.2054297679772024e-08,25,20,20
4,6015,1.0650615664944895e-10,0.9317624165116097,0.06823754796556471,3.541631916747727e-08,25,20,20
4,6016,3.738987966372154e-11,0.898278702528738,0.10172127952306628,1.791080650220165e-08,25,20,20
4,6017,1.2487184818425974e-09,0.8809634306028876,0.11903655010027107,1.804812272740589e-08,25,20,20
4,6018,2.6612129702748812e-11,0.9330443835066294,0.06695561507837434,1.38838405703077e-09,25,20,20
4,6019,4.953332014912185e-10,0.7989725913072544,0.2010264339950198,9.742023918489862e-07,25,20,20
4,6020,1.3208926914157001e-10,0.8574573365901064,0.14254171265057508,9.506272292070775e-07,25,20,20
4,6021,7.288760472615567e-10,0.9257052547807421,0.07429379368956428,9.508008180356286e-07,25,20,20
4,6022,1.7294878849782503e-05,0.8437532281998537,0.1562294535455053,2.337579116272163e-08,25,20,20
4,6023,7.27401657778533e-10,0.8978770065331176,0.10212299208823879,6.51241454667123e-10,25,20,20
4,6024,1.448667646369761e-09,0.915898538338912,0.08410143526182369,2.4950596823154704e-08,25,20,20
4,6025,1.4451805566292302e-12,0.9069301290447814,0.09306985312734206,1.7826431401952582e-08,25,20,20
4,6026,7.03555599711801e-11,0.8872716073112049,0.11272742491996293,9.676984769222336e-07,25,20,20
4,6027,2.8643989220882682e-09,0.9341832152614011,0.06581580797023265,9.739039669718e-07,25,20,20
4,6028,4.5185049514351794e-08,0.8183364249680487,0.1816625447516248,9.850952764094942e-07,25,20,20
4,6029,3.5975741889464636e-11,0.8103598022487876,0.18964016875497067,2.8960265110232968e-08,25,20,20
4,6030,1.619323245101275e-11,0.9088832522223156,0.0911167362490456,1.1512445253246672e-08,25,20,20
4,6031,1.7314031504054982e-09,0.8945212824286126,0.10547834821499753,3.6762498644597205e-07,25,20,20
4,6032,1.835529759184076e-10,0.9242816476318646,0.07571829396046846,5.8224113870555706e-08,25,20,20
4,6033,2.123638429665252e-08,0.7666125729462966,0.23338738762208977,1.8195228583438046e-08,25,20,20
4,6034,3.312649220845281e-08,0.8286645703260386,0.1713350889804096,3.0756705894858147e-07,25,20,20
4,6035,2.2959124426063032e-08,0.8521119863654454,0.14788736535275482,6.253226750059515e-07,25,20,20
4,6036,9.296476156188872e-08,0.7902499037203831,0.20975000282548723,4.893675257547265e-10,25,20,20
4,6037,5.208486987720809e-10,0.8918536992057825,0.10811139905465479,3.490121871357969e-05,25,20,20
4,6038,4.2226777636825635e-10,0.9094829613272506,0.09048214403154053,3.489421894111415e-05,25,20,20
4,6039,1.7540928793263099e-09,0.8443902182674415,0.15560926792142935,5.120570361421676e-07,25,20,20
4,6040,1.5591640718201068e-08,0.8618252729021931,0.1381742093349053,5.021712606628998e-07,25,20,20
4,6041,5.772133806829822e-09,0.8620441798761478,0.1379558139948368,3.56881432577512e-10,25,20,20
4,6042,1.0676422208440526e-09,0.8162602709523626,0.18373970365675768,2.432323668625581e-08,25,20,20
4,6043,7.433317456142664e-10,0.9073515514657784,0.09264842901503734,1.8775852009562113e-08,25,20,20
4,6044,1.6831939570882386e-11,0.9348702584305154,0.0651297237277755,1.7824876987456904e-08,25,20,20
4,6045,2.751728757556732e-09,0.9231637415640473,0.07683623805252575,1.7631697481772903e-08,25,20,20
4,6046,3.737990385972373e-08,0.7667777919096147,0.23322215255122086,1.8159260105255875e-08,25,20,20
4,6047,9.521027631029064e-10,0.8221369800744048,0.17786301818430858,7.891834297604181e-10,25,20,20
4,6048,7.535730352521549e-11,0.9331076646259027,0.06689233495202117,3.4671850426098596e-10,25,20,20
4,6049,1.1387798915100054e-09,0.9101290796138042,0.08987089083535349,2.8412062359346846e-08,25,20,20
4,6050,6.876208149810376e-10,0.9202750330052837,0.07972496627382389,3.3271348774845304e-11,25,20,20
4,6051,6.111607174140051e-11,0.9078274299656559,0.09217156944563501,1.0005275927651788e-06,25,20,20
4,6052,1.5424023511560723e-07,0.8282955765660662,0.17170323695233214,1.0322413658893794e-06,25,20,20
4,6053,1.4033309012322867e-10,0.941445361607039,0.058554602842107,3.541052093805858e-08,25,20,20
4,6054,2.313338097666909e-08,0.8944475436140708,0.10555241196415084,2.128839707855124e-08,25,20,20
4,6055,0.00016443010311700354,0.9187948368118429,0.08104072154397572,1.1541064062034074e-08,25,20,20
4,6056,1.532722033507856e-11,0.9595557303024893,0.04042954149059147,1.4728191592468917e-05,25,20,20
4,6057,1.0642782492338906e-09,0.8764835628481454,0.1235017015047498,1.4734582826469718e-05,25,20,20
4,6058,5.5384204461476196e-11,0.9246363235846815,0.07536327760869849,3.987512359315601e-07,25,20,20
4,6059,6.782594306201513e-10,0.8973510654322897,0.10264855200937135,3.8188007941114365e-07,25,20,20
4,6060,4.512567680128679e-10,0.9401593876949661,0.05984032245770265,2.893960743059344e-07,25,20,20
4,6061,3.920575947109679e-08,0.9062482135135203,0.09375145757117148,2.8970954867973295e-07,25,20,20
4,6062,4.337600817472069e-08,0.891966018550763,0.1080336197110687,3.183621601442494e-07,25,20,20
4,6063,1.6659802415651158e-11,0.9714143383755193,0.028585660834078108,7.737425167898197e-10,25,20,20
4,6064,4.3546168584428954e-09,0.8989521194067541,0.10104627087128878,1.6053673400212027e-06,25,20,20
4,6065,4.514974802988491e-08,0.8761988581210676,0.12380078940038533,3.0732879872295206e-07,25,20,20
4,6066,2.5968194104408126e-10,0.9181423338411683,0.08185676748795633,8.984111931458577e-07,25,20,20
4,6067,4.023718813421857e-09,0.8075643330989556,0.1924183622418272,1.7300635497870873e-05,25,20,20
4,6068,1.9461289845608644e-09,0.8482080217832242,0.1517911088974292,8.673732179731686e-07,25,20,20
4,6069,8.593023116686197e-07,0.853781800757467,0.14621731635278903,2.3587432734952456e-08,25,20,20
4,6070,7.546335776222395e-07,0.8312290784435084,0.1687691622546043,1.0046683093929176e-06,25,20,20
4,6071,1.797699783308255e-09,0.9001955970414403,0.09980336637213619,1.0347887234226177e-06,25,20,20
4,6072,4.8834334034861546e-08,0.8024372503411861,0.19756262853959153,7.228488875232093e-08,25,20,20
4,6073,1.950340297458977e-05,0.8633391343249462,0.13664131909700608,4.3175072996523586e-08,25,20,20
4,6074,1.570445670026205e-08,0.8785052445448271,0.12149469939803369,4.035268276338708e-08,25,20,20
4,6075,7.036987751877127e-07,0.8225129578991576,0.17748571809287111,6.203091952822657e-07,25,20,20
4,6076,6.151817766463106e-07,0.856824604554661,0.1431737994863819,9.807771803915071e-07,25,20,20
4,6077,8.777682588447085e-11,0.9567777325298775,0.04322223166583239,3.571651342375027e-08,25,20,20
4,6078,2.822167706169708e-09,0.8755114340377466,0.12448788977738552,6.733626998061372e-07,25,20,20
4,6079,2.768367876495149e-09,0.8877144738472379,0.11228521680031424,3.0658408047411633e-07,25,20,20
4,6080,2.8002545920363922e-09,0.8316077216856885,0.16839198541760994,2.9009644678468847e-07,25,20,20
4,6081,2.469899406380161e-08,0.909469426445586,0.0905305368172273,1.2038192456848122e-08,25,20,20
4,6082,8.503073985388182e-10,0.7900902482126183,0.20990974897754375,1.95953024347103e-09,25,20,20
4,6083,3.2371483931553874e-09,0.9124148241279904,0.08758511324283899,5.939202251349106e-08,25,20,20
4,6084,5.020512042696262e-10,0.8630494896089358,0.13695050203858922,7.850424254098137e-09,25,20,20
4,6085,4.589120641112338e-10,0.8072735205673919,0.19272647741570093,1.5579951842360203e-09,25,20,20
4,6086,2.860011240391037e-09,0.907443631623537,0.09255636437243464,1.1440168758896226e-09,25,20,20
4,6087,7.579936041177556e-10,0.8635521569065235,0.13644687372372982,9.68611752882316e-07,25,20,20
4,6088,2.0392291712391964e-09,0.9502814400548736,0.049717572496537084,9.854093602753249e-07,25,20,20
4,6089,1.968095468954097e-09,0.9628841363135191,0.03711489378170742,9.679366777737047e-07,25,20,20
4,6090,4.930020647543713e-11,0.8603960721517625,0.13960391019670224,1.7602234934876887e-08,25,20,20
4,6091,1.135116282798361e-08,0.9138900657263465,0.0861096338319711,2.8909051967971433e-07,25,20,20
4,6092,1.1294455275916464e-08,0.9002894780942738,0.0949609830967516,0.004749527514519349,25,20,20
4,6093,0.00015928393904807877,0.9180254126221543,0.08179739205776132,1.7911381036552074e-05,25,20,20
4,6094,0.00015928397806622716,0.9085257813790841,0.0912823132887497,3.2621354099987394e-05,25,20,20
4,6095,0.00015928526927488996,0.8851471871198651,0.11467561543861857,1.7912172241719738e-05,25,20,20
4,6096,1.2639982257371573e-10,0.9329960321923597,0.06700299161025344,9.760709866026365e-07,25,20,20
4,6097,3.244823526088164e-09,0.9022948453438547,0.09770513310767148,1.8303649604085194e-08,25,20,20
4,6098,4.4328331919598e-09,0.9543907890428964,0.04560920619028691,3.339831342395604e-10,25,20,20
4,6099,1.6198165863940908e-09,0.9133778945997106,0.08660408835669216,1.8015423780546356e-05,25,20,20
4,6100,4.519217925347421e-08,0.8995793792364526,0.10040255477175836,1.8020799609119698e-05,25,20,20
4,6101,2.333694571409546e-11,0.8390148653917389,0.16098512822505182,6.359871676159949e-09,25,20,20
4,6102,7.044083251633694e-11,0.9010801178832889,0.09891987602860741,6.01766261920731e-09,25,20,20
4,6103,3.277871989264013e-09,0.8835970311825819,0.1164029424629977,2.307654749026574e-08,25,20,20
4,6104,2.381710438060605e-06,0.8840139249114297,0.11598364419249307,4.918563893906949e-08,25,20,20
4,6105,2.390311266307888e-06,0.9314282663086444,0.06856933795621002,5.4238792553459e-09,25,20,20
4,6106,2.994356578135428e-06,0.8494572530377839,0.1505397065106952,4.609494276329853e-08,25,20,20
4,6107,2.9948143836536167e-06,0.7949084198485805,0.2050881932748325,3.920622039652038e-07,25,20,20
4,6108,6.180090141879515e-07,0.8691891569029364,0.13080983793819553,3.8714985446964003e-07,25,20,20
4,6109,1.4245400870639687e-08,0.9288463243073746,0.07115328695062463,3.7449659976430194e-07,25,20,20
4,6110,1.4223293889031915e-08,0.9634701087482948,0.03652949513230072,3.8189611061092815e-07,25,20,20
4,6111,6.747796024976068e-06,0.8234929698228497,0.17650023566088677,4.672023798717878e-08,25,20,20
4,6112,5.3034395941700344e-11,0.8917827524359022,0.10821721268047885,3.4830584266197464e-08,25,20,20
4,6113,0.00027880707403349304,0.8117415639293946,0.18797927954466953,3.4945190220410864e-07,25,20,20
4,6114,3.913302820976751e-08,0.8813695044429108,0.1186304318829852,2.454107541540103e-08,25,20,20
4,6115,1.7832588759852722e-09,0.8188174536283661,0.18118252676579824,1.7822576386436836e-08,25,20,20
4,6116,1.7956195455468977e-09,0.9314078763324255,0.06859212183052771,4.142702200433733e-11,25,20,20
4,6117,3.9737237300963756e-08,0.9723527193515108,0.027647240263279235,6.479727610321163e-10,25,20,20
4,6118,3.977355443750863e-08,0.9323601954628248,0.06763975739668218,7.366938216166739e-09,25,20,20
4,6119,7.977237119760521e-11,0.8687003518239497,0.13129962934587916,1.8750398643288834e-08,25,20,20
4,6120,7.671176502184344e-08,0.9312080741257236,0.06879184818849798,9.74013672159523e-10,25,20,20
4,6121,7.60303079101918e-10,0.886618571547792,0.11338142180625177,5.8856532652033795e-09,25,20,20
4,6122,3.514135010491204e-09,0.9116252235765719,0.08837477165228125,1.2570114789527783e-09,25,20,20
4,6123,6.873156360560218e-10,0.9859005848528339,0.014099395913162447,1.8546688357945675e-08,25,20,20
4,6124,6.914251002524584e-10,0.9575265542927403,0.04247339180098595,5.3214848363268524e-08,25,20,20
4,6125,2.773524930551461e-09,0.9017302885412635,0.09826969739113983,1.1294071955390297e-08,25,20,20
4,6126,7.378935135141246e-10,0.9313956568698523,0.06860431173369312,3.065856111055737e-08,25,20,20
4,6127,1.9065014476442198e-07,0.9609099912833089,0.039089815928215546,2.138330549966865e-09,25,20,20
4,6128,1.8727101832891297e-07,0.9438942470122997,0.056104914778394625,6.509382871593784e-07,25,20,20
4,6129,1.8726175965048112e-07,0.8846404557330498,0.11535878099078581,5.760144045853406e-07,25,20,20
4,6130,1.872354429212551e-07,0.9590627661279292,0.040937028373992046,1.8262635769777907e-08,25,20,20
4,6131,9.937682169439814e-07,0.8866309318529921,0.11334745968509412,2.061469369651867e-05,25,20,20
4,6132,3.130710013495162e-09,0.8147841469690384,0.18521583741297917,1.2487272194999169e-08,25,20,20
4,6133,2.4506347559179113e-08,0.9311169211354123,0.06888305368918324,6.690569167660504e-10,25,20,20
4,6134,3.275110292183596e-12,0.9837857783215196,0.01621327051721936,9.511579858305221e-07,25,20,20
4,6135,5.223933186278316e-11,0.8822726181969095,0.11772643054060444,9.512102468887092e-07,25,20,20
4,6136,3.784699912339394e-08,0.9714235168089145,0.028576427395418234,1.7948667662681938e-08,25,20,20
4,6137,1.9128947796412053e-07,0.9233420360764623,0.0766567661411543,1.0064929052379328e-06,25,20,20
4,6138,7.005497117699317e-06,0.8369858598245129,0.16290990074875164,9.723392961667043e-05,25,20,20
4,6139,4.7883956367574176e-08,0.878769200592436,0.12121598916506825,1.4762358538595352e-05,25,20,20
4,6140,4.104768513801831e-08,0.8597937992538413,0.14020575612114974,4.035773236783391e-07,25,20,20
4,6141,3.795220030476586e-08,0.9184865509090269,0.08151300677959845,4.043591746348844e-07,25,20,20
4,6142,3.715562294916089e-08,0.9895846395553315,0.010415271525113656,5.176393234249801e-08,25,20,20
4,6143,1.3666488601511496e-09,0.9313922657331297,0.06860772555148076,7.348740357416367e-09,25,20,20
4,6144,7.679386934774785e-10,0.8605110592085451,0.13948865090423457,2.891192808822721e-07,25,20,20
4,6145,3.520028995482786e-09,0.8627933589805643,0.13720634820370567,2.892957003941657e-07,25,20,20
4,6146,2.8366224163045968e-09,0.941966965502046,0.058033030687937776,9.733934780803904e-10,25,20,20
4,6147,2.267886193944516e-08,0.9371368096638042,0.06286123994329613,1.9277140375488767e-06,25,20,20
4,6148,2.2587225930365056e-08,0.892588073568537,0.10741094317269088,9.606715458502747e-07,25,20,20
4,6149,4.456143309903924e-09,0.9196165298378809,0.08038346538756448,3.184114038394806e-10,25,20,20
4,6150,4.719899778280082e-05,0.8932007644634937,0.10673082733787043,2.1209200852592004e-05,25,20,20
4,6151,2.5632591237821224e-07,0.8679481208820949,0.132051240176539,3.826154535268067e-07,25,20,20
4,6152,7.692455583642078e-10,0.9291467878630444,0.07085224366606394,9.677016461501837e-07,25,20,20
4,6153,1.3975041762157732e-09,0.8437214668254858,0.1562775809568381,9.508201716437784e-07,25,20,20
4,6154,0.00015928415463441987,0.8381075313516252,0.1617143405194225,1.8843974316970256e-05,25,20,20
4,6155,2.504844395237105e-10,0.8823117600783532,0.11768823903429981,6.368627297954455e-10,25,20,20
4,6156,4.408198976025833e-09,0.8156778190002346,0.18432120848326497,9.681083011921918e-07,25,20,20
4,6157,1.2047737140110745e-10,0.9147508819755683,0.08524814471538182,9.731885726393874e-07,25,20,20
4,6158,1.6097279170646867e-11,0.9379797401336778,0.062020236952163,2.2898061644071102e-08,25,20,20
4,6159,1.333359327892267e-11,0.9663375904682491,0.0336624095060327,1.2384675336683106e-11,25,20,20
4,6160,2.3761578348587853e-11,0.9435215443277584,0.05647809166185607,3.6398662392964153e-07,25,20,20
4,6161,3.879825632571336e-10,0.9267743417261205,0.0732252766065336,3.8127936312037455e-07,25,20,20
4,6162,3.999339922970961e-10,0.8632729327120476,0.13672541085159623,1.6560364221327609e-06,25,20,20
4,6163,2.763765498659727e-09,0.8675028942313486,0.13249579378632415,1.3092185614073748e-06,25,20,20
4,6164,8.351177796673803e-11,0.9230746197278974,0.0769243766945954,1.0034939952695798e-06,25,20,20
4,6165,2.8448428789525564e-09,0.9077112193839261,0.09228773951764384,1.038253587407006e-06,25,20,20
4,6166,5.376769743764633e-08,0.8705567462580039,0.12944317670504074,2.326925798803811e-08,25,20,20
4,6167,1.5936819333554165e-09,0.9173236770219116,0.08267630366010245,1.772430320749932e-08,25,20,20
4,6168,1.5948544237267936e-09,0.9265202152567837,0.07347978259109018,5.572714870233614e-10,25,20,20
4,6169,3.071319056556943e-08,0.8697429142013601,0.1302560951186547,9.599667947485981e-07,25,20,20
4,6170,4.5660126227200094e-09,0.8710962497551552,0.12890373992484186,5.753989942967936e-09,25,20,20
4,6171,4.40845100070343e-08,0.8998510898155946,0.10014885467744991,1.1422444492809604e-08,25,20,20
4,6172,4.232097540492296e-08,0.8851958008027171,0.11480360843254558,5.484437612991074e-07,25,20,20
4,6173,2.894865745263371e-07,0.9220738329332511,0.07792583688819256,4.069198161086692e-08,25,20,20
4,6174,3.898479500264724e-08,0.8790701739674893,0.12092944481499515,3.422327202067908e-07,25,20,20
4,6175,4.1693703839983275e-08,0.8926554268880758,0.10734450680728902,2.461093126942542e-08,25,20,20
4,6176,2.7600201333720825e-09,0.9816735969043987,0.018326382496783006,1.7838798397186048e-08,25,20,20
4,6177,1.3322370126495985e-07,0.9674623536727709,0.03253744186490585,7.123862173184717e-08,25,20,20
4,6178,9.496842059675106e-10,0.9354424298871012,0.06455751588240978,5.328080394869687e-08,25,20,20
4,6179,1.0393288095764154e-07,0.807515574811186,0.19248371898367786,6.022722546929041e-07,25,20,20
4,6180,1.7132586668607636e-09,0.8490696690328571,0.15093029413801062,3.511587283697179e-08,25,20,20
4,6181,2.2448932882719768e-09,0.8839366451153733,0.11606332359350369,2.9046229315910226e-08,25,20,20
4,6182,2.7734625225710954e-09,0.9180378451640605,0.08194738930591744,1.476275655942426e-05,25,20,20
4,6183,7.576946692240279e-10,0.9434940892579484,0.05649118178902702,1.4728195329569624e-05,25,20,20
4,6184,2.6751299387474642e-11,0.8585497121667498,0.14142081428947345,2.9473517025846277e-05,25,20,20
4,6185,3.995063058493867e-08,0.86022789986999,0.13977204878598162,1.1393398065899983e-08,25,20,20
4,6186,3.787415686622663e-08,0.8399714300409911,0.1600285311466916,9.381601493802091e-10,25,20,20
4,6187,6.983966720324865e-11,0.8929374256955568,0.10706255630789732,1.792670624640909e-08,25,20,20
4,6188,2.5983219102717702e-08,0.8614256131609906,0.13857433093815413,2.991763575632935e-08,25,20,20
4,6189,2.2058165331552575e-09,0.923875446273811,0.07612452773004859,2.379032363485487e-08,25,20,20
4,6190,8.254901676428327e-11,0.8743416016414883,0.12565836326476465,3.5011198098622195e-08,25,20,20
4,6191,1.5420006613075414e-07,0.9454943910418032,0.05450540168655621,5.307157420139849e-08,25,20,20
4,6192,8.127597057744038e-11,0.9458482895718199,0.05415072597567043,9.843712333768814e-07,25,20,20
4,6193,0.000662386994216187,0.8697870331266633,0.12955057860963387,1.2694865102767201e-09,25,20,20
4,6194,4.050389945352879e-11,0.9683696282256343,0.03163034487663181,2.685723000758945e-08,25,20,20
4,6195,7.742911774618773e-08,0.885857893656606,0.11414194990773209,7.900654447548238e-08,25,20,20
4,6196,3.254129165617128e-07,0.7513477061423002,0.24853159487016005,0.00012037357462263231,25,20,20
4,6197,7.557544012915056e-10,0.9265905434245286,0.07340943757477125,1.824494568543357e-08,25,20,20
4,6198,1.3918249537007967e-09,0.9297879380139291,0.07021204261787518,1.7976370497476645e-08,25,20,20
4,6199,7.313085044378703e-10,0.9656928972699487,0.034306092014140664,1.0099846022355555e-06,25,20,20
4,6200,5.135230725296564e-06,0.9308709850698368,0.06912333608721742,5.436122200165791e-07,25,20,20
4,6201,5.13795367074055e-06,0.9376486229376576,0.062346237486505425,1.6221662728906676e-09,25,20,20
4,6202,2.760931832522998e-09,0.90884933152241,0.09115066429255307,1.4241043281460317e-09,25,20,20
4,6203,2.748571918647459e-09,0.9247612587409035,0.07523873716545174,1.3450729255410995e-09,25,20,20
4,6204,2.8688473024475716e-09,0.9219040242781317,0.07809594758363778,2.5269382825343453e-08,25,20,20
4,6205,3.410015742333339e-09,0.9898011521632245,0.010198826177263885,1.824949536919588e-08,25,20,20
4,6206,6.794024446590407e-10,0.9231309467555291,0.07686905193697968,6.28088601461305e-10,25,20,20
4,6207,3.495960673924208e-05,0.9061295628795953,0.09383520138011062,2.7613355445591135e-07,25,20,20
4,6208,1.5007209885534785e-07,0.8388462002169202,0.16115363089310106,1.8817879377429002e-08,25,20,20
4,6209,9.85295032616347e-08,0.947712618491898,0.052287282365732685,6.128661037624521e-10,25,20,20
4,6210,9.859242206195813e-08,0.9416281351778143,0.05837174773209558,1.8497668372252416e-08,25,20,20
4,6211,9.85689788828731e-08,0.9150917321109989,0.08490721819110682,9.511289150856987e-07,25,20,20
4,6212,3.697552131881736e-11,0.9121660211497895,0.08783368939876798,2.894144673426504e-07,25,20,20
4,6213,1.5925633541703059e-09,0.8038436032733267,0.19615575311150074,6.4202260772751e-07,25,20,20
4,6214,1.9704479346684143e-07,0.8148103791534436,0.18518912757411132,2.962276516763565e-07,25,20,20
4,6215,1.9856984380101926e-07,0.9342224854013571,0.06577704665260808,2.6937619102394286e-07,25,20,20
4,6216,1.6527190482778838e-05,0.8132537480317878,0.18672939234292682,3.3243480219034204e-07,25,20,20
4,6217,4.266116726541224e-08,0.9419870201287324,0.05801171766276467,1.2195473352763022e-06,25,20,20
4,6218,3.486377389648067e-09,0.9298432554309892,0.07015668816302173,5.291961151647512e-08,25,20,20
4,6219,9.17392972428144e-08,0.8559769983655942,0.14402286831867536,4.157643316417501e-08,25,20,20
4,6220,5.8304679572988194e-08,0.8317187823373972,0.16828020212323008,9.572346928616949e-07,25,20,20
4,6221,3.995489387222522e-08,0.8677441127628499,0.13225368898057968,2.1583016766901445e-06,25,20,20
4,6222,2.7987677070797784e-09,0.8934190779340686,0.10658091860878544,6.583780829039782e-10,25,20,20
4,6223,5.5792917038098376e-08,0.8844907713051969,0.11550888369205178,2.8920983408031467e-07,25,20,20
4,6224,1.406539133023541e-08,0.878591686806923,0.12140772149240371,5.776352818008051e-07,25,20,20
4,6225,4.669088802732463e-08,0.8798721389221886,0.12012752455378772,2.8983313562245485e-07,25,20,20
4,6226,1.4818383199766903e-08,0.9279866161211778,0.07201207224336839,1.2968170702375137e-06,25,20,20
4,6227,2.0821529170776965e-08,0.8919205972845244,0.10807936360121935,1.829272687794464e-08,25,20,20
4,6228,6.453690930103185e-07,0.8565711103880166,0.14342821558851696,2.8654373874873467e-08,25,20,20
4,6229,5.619508797046127e-09,0.9380806269905034,0.06191933771248112,2.9677506396365584e-08,25,20,20
4,6230,2.7960358301937042e-09,0.8914320471150354,0.1085679445936269,5.495301771672612e-09,25,20,20
4,6231,3.5962583345612186e-09,0.9386815959587967,0.06130199695000805,1.6403494936845016e-05,25,20,20
4,6232,1.5769345393885227e-10,0.962726409068518,0.03727258730874787,1.0034650405242785e-06,25,20,20
4,6233,1.5586656790295432e-07,0.9559780621090881,0.04402076863610239,1.0133882417556943e-06,25,20,20
4,6234,7.362312600970267e-10,0.9223218229486545,0.07767815385888756,2.2456226771546657e-08,25,20,20
4,6235,7.248330199236956e-10,0.930183935549976,0.06981575164584133,3.1207934982791636e-07,25,20,20
4,6236,2.8029193332131936e-09,0.9825059857831708,0.017493048632607713,9.62781302070976e-07,25,20,20
4,6237,3.6805476350190677e-09,0.9601437719758177,0.039856223073664994,1.2699697309701258e-09,25,20,20
4,6238,3.932245411784265e-08,0.9917704878499929,0.008229437556340867,3.5271212555110765e-08,25,20,20
4,6239,5.931786247133092e-08,0.8261794987446384,0.1738193237309196,1.1182065787393669e-06,25,20,20
4,6240,3.972889325190887e-09,0.8165575688755099,0.18344146347291967,9.63678681311961e-07,25,20,20
4,6241,9.243892528037123e-08,0.8086593740986061,0.1913392063203649,1.3271421034847198e-06,25,20,20
4,6242,5.3879783042365955e-09,0.8489879529730581,0.15101173479683488,3.0684212883166714e-07,25,20,20
4,6243,3.805913906538068e-09,0.862514045715386,0.13748591074546598,3.973323408461531e-08,25,20,20
4,6244,3.947893762449159e-09,0.772239460704227,0.22773921031686017,2.1325031017980176e-05,25,20,20
4,6245,2.8028288002665946e-10,0.8727386554685782,0.12723946150373672,2.1882747401550926e-05,25,20,20
4,6246,2.9979481327377795e-11,0.9382129920530895,0.061786718815557036,2.8910137441633265e-07,25,20,20
4,6247,2.461728466432194e-08,0.9135268509823193,0.08647311114810895,1.3252286912944884e-08,25,20,20
4,6248,2.963857440432159e-11,0.9582241885662879,0.04177581075958625,6.444869473220565e-10,25,20,20
4,6249,6.211650283981057e-11,0.9626764894641032,0.03732350311014262,7.363637787991798e-09,25,20,20
4,6250,1.0005433776084934e-10,0.8451784190651854,0.15482154903993686,3.179482313805889e-08,25,20,20
4,6251,2.239878549224008e-09,0.890629213920835,0.10937022879554,5.550437459246549e-07,25,20,20
4,6252,6.546509166435581e-11,0.8539428155201518,0.14605670582052427,4.785938579202574e-07,25,20,20
4,6253,2.801020813388288e-09,0.9732217919672271,0.026778186997887306,1.823386490139124e-08,25,20,20
4,6254,3.5885030141218213e-09,0.9629922755624102,0.03700770253857164,1.8310515644656373e-08,25,20,20
4,6255,1.0097003851781405e-09,0.8395026294178706,0.16049733484831777,3.472411059902001e-08,25,20,20
4,6256,8.659406619904826e-11,0.9068591946002428,0.09314080456785767,7.453047805419849e-10,25,20,20
4,6257,1.4181439034883057e-07,0.8239837622221059,0.17600002548864324,1.6070474860377294e-05,25,20,20
4,6258,2.7306364717483814e-08,0.9236623150933073,0.07633764588270896,1.1717618442751328e-08,25,20,20
4,6259,6.576463366372528e-09,0.9466829599813198,0.05331700351627773,2.992593902119155e-08,25,20,20
4,6260,5.448620910616457e-09,0.921023563779439,0.07892611938737272,5.031138456713372e-05,25,20,20
4,6261,2.944046305064082e-07,0.9240249607303729,0.075974743157751,1.7072453340606062e-09,25,20,20
4,6262,7.053871034861182e-10,0.9172489124406163,0.0827510851789721,1.675023412855573e-09,25,20,20
4,6263,3.4598862323791097e-09,0.8813247757943384,0.11867520299642088,1.7749354423017968e-08,25,20,20
4,6264,3.407121659715679e-09,0.9295023832497685,0.07049759572062532,1.762248460079431e-08,25,20,20
4,6265,2.8328140863132197e-09,0.8192502811277838,0.1807496810688389,3.497056302314379e-08,25,20,20
4,6266,3.4099771127047143e-09,0.9037064109960837,0.0962935502094369,3.5384502122606843e-08,25,20,20
4,6267,4.734333994620808e-06,0.8810245430740364,0.11897019013323358,5.324587352241587e-07,25,20,20
4,6268,4.734400766573982e-06,0.8574470142715804,0.14252873722078988,1.9514106863549266e-05,25,20,20
4,6269,1.7259255200594572e-10,0.947650762712513,0.052348253668939894,9.834459544943822e-07,25,20,20
4,6270,7.508263639154917e-10,0.88830177995265,0.11169724497042811,9.743260956253967e-07,25,20,20
4,6271,7.72065530990157e-10,0.8843258174528412,0.1156732068858118,9.748892813895957e-07,25,20,20
4,6272,1.7301221205396088e-10,0.966060268043427,0.03393969646133839,3.532222267249528e-08,25,20,20
4,6273,3.9294462645884746e-12,0.8532200183285366,0.14677997478595195,6.881582142452225e-09,25,20,20
4,6274,1.7475533812300697e-09,0.8454111851193116,0.1545888112999426,1.8331915175847576e-09,25,20,20
4,6275,1.1026138481874418e-10,0.879024224091801,0.12097577442002098,1.3779158319426835e-09,25,20,20
4,6276,1.502833185900246e-07,0.9168269052360078,0.08317293842674384,6.053929442678848e-09,25,20,20
4,6277,3.022653396584705e-07,0.8913496809315277,0.1086497014055225,3.1539760981900774e-07,25,20,20
4,6278,1.543929159181113e-07,0.8879712653186549,0.11202854542876745,3.4859661814389856e-08,25,20,20
4,6279,1.5316995946301227e-07,0.8863187784806817,0.11366408392686203,1.698442249661809e-05,25,20,20
4,6280,1.538576614258517e-07,0.9063372322435077,0.09366204950766864,5.643911620816135e-07,25,20,20
4,6281,6.260791417476401e-11,0.983489102413678,0.016510878737944476,1.878576971821314e-08,25,20,20
4,6282,5.237576668092224e-09,0.9132682235827236,0.08671595355740867,1.5817622290554188e-05,25,20,20
4,6283,2.104508173404309e-08,0.833681472145595,0.1663185058551627,9.541599904184067e-10,25,20,20
4,6284,4.505344006698169e-12,0.9869975817989698,0.013002400073723946,1.812280089490296e-08,25,20,20
4,6285,4.676901804571157e-10,0.9073287655779098,0.09267123319583509,7.58564719359885e-10,25,20,20
4,6286,1.915522938036484e-11,0.9816746850729785,0.018325296984559106,1.7923306898388273e-08,25,20,20
4,6287,2.6805544921216245e-09,0.8892040855171156,0.11079589428585304,1.7516476328898555e-08,25,20,20
4,6288,2.6706762001122877e-11,0.8823203879716816,0.11767956923396658,4.2767645023235363e-08,25,20,20
4,6289,1.0688566192515167e-09,0.8802864983294664,0.1197128336699698,6.669317070904639e-07,25,20,20
4,6290,7.14867542554849e-10,0.9019663455340935,0.09803328274031406,3.710107244597076e-07,25,20,20
4,6291,1.4065101657529192e-09,0.9169313332050437,0.0830686647473673,6.410788797297889e-10,25,20,20
4,6292,7.16508333231172e-10,0.9478118217237835,0.0521881772229988,3.367096105070174e-10,25,20,20
4,6293,9.045246780058452e-06,0.7607611536946938,0.23922949078664194,3.102718819455837e-07,25,20,20
4,6294,7.63846149742584e-10,0.8590347733087031,0.14096486131157868,3.646158713914145e-07,25,20,20
4,6295,2.7148908199871115e-09,0.8873707642483106,0.11262886843110186,3.646056962555352e-07,25,20,20
4,6296,8.628992169880082e-11,0.8851829711653878,0.11481700520185278,2.3546469465282836e-08,25,20,20
4,6297,8.803786409992081e-10,0.8469602162630544,0.1530397579775057,2.4879061466625772e-08,25,20,20
4,6298,4.042400730370373e-11,0.9885224158377389,0.01147756618138733,1.7940450103160257e-08,25,20,20
4,6299,6.280456911113996e-11,0.8591910847196949,0.14080889770032604,1.7517175163411568e-08,25,20,20
4,6300,0.0035743157639694443,0.8747663543912598,0.12165214519126544,7.184653505042384e-06,25,20,20
4,6301,3.410601339234134e-09,0.9518131187981291,0.048186859658182604,1.8133086865546724e-08,25,20,20
4,6302,1.2971831723213345e-10,0.9399468258803675,0.06005317305060576,9.393081755957896e-10,25,20,20
4,6303,9.342030177948159e-11,0.9118566747745724,0.0881432890400285,3.6091978215975385e-08,25,20,20
4,6304,1.6167685493229914e-11,0.933509102110593,0.06649053224744784,3.656257909451854e-07,25,20,20
4,6305,1.3486979011547706e-05,0.9072399361692675,0.09274051534174665,6.061509974545512e-06,25,20,20
4,6306,1.1186009441685001e-10,0.9476314430404014,0.052368538404720735,1.84430175329149e-08,25,20,20
4,6307,6.959210663564239e-10,0.9161028808721363,0.08389673695761807,3.814743241851573e-07,25,20,20
4,6308,7.146874424071774e-10,0.8954656656215354,0.1045342975386461,3.6125130595822744e-08,25,20,20
4,6309,6.739334816146152e-09,0.9672392295243756,0.03276074580605182,1.7930237494053336e-08,25,20,20
4,6310,2.371785867753657e-09,0.9545352772507337,0.04546470275108196,1.7626397913883318e-08,25,20,20
4,6311,3.1645229582627843e-09,0.9045075590255106,0.09549243710009049,7.098756787675825e-10,25,20,20
4,6312,1.6633426029607323e-10,0.9093810545619465,0.09061892695936213,1.8312357044005976e-08,25,20,20
4,6313,1.304312771591686e-10,0.9031677279432553,0.0968311321345973,1.1397917156985542e-06,25,20,20
4,6314,1.7364661887019366e-10,0.9341130332579455,0.0658707200051766,1.6246563230958648e-05,25,20,20
4,6315,3.1427021255104713e-10,0.8863593170242378,0.1136244364053797,1.6246256111955784e-05,25,20,20
4,6316,1.4598669264642687e-10,0.9128137909852337,0.08716955531048097,1.665355829811683e-05,25,20,20
4,6317,4.929296742305092e-11,0.8276205456622765,0.17237848131211833,9.729763115774484e-07,25,20,20
4,6318,1.451567716521518e-11,0.8907260669530026,0.10927389877668196,3.425579982028199e-08,25,20,20
4,6319,0.007331717748833609,0.8214318971575294,0.1712351472669787,1.2378266578693678e-06,25,20,20
4,6320,1.5394241766126482e-07,0.916249352156688,0.08375047547273344,1.8428160770770286e-08,25,20,20
4,6321,9.708738387923905e-11,0.951566050005338,0.048433931122415466,1.8775158435437604e-08,25,20,20
4,6322,2.5098780888013342e-08,0.9151585186461278,0.0848414442010529,1.2054038038221065e-08,25,20,20
4,6323,2.5076317039695095e-08,0.9325707098372569,0.06742923648851434,2.8597911316791792e-08,25,20,20
4,6324,2.46420402492422e-08,0.9377738242843944,0.062226139677457236,1.1396107897798526e-08,25,20,20
4,6325,2.741687314580708e-08,0.9182100919869635,0.08178986857388672,1.2022276467079058e-08,25,20,20
4,6326,4.965088833347843e-11,0.9236503781175166,0.07634962117230931,6.605233279273464e-10,25,20,20
4,6327,7.07401572814126e-10,0.9649177296707805,0.03508226916463116,4.571869827003373e-10,25,20,20
4,6328,1.1643581301772086e-09,0.9283641926233899,0.07163578824776909,1.796448235502484e-08,25,20,20
4,6329,1.3036682568585313e-07,0.7967420953409952,0.20325776279138444,1.1500793662876292e-08,25,20,20
4,6330,9.024994992085231e-08,0.8886542688128913,0.1113446749236214,9.660135374500104e-07,25,20,20
4,6331,9.051906329794716e-08,0.8339837237763719,0.1660142480593481,1.9376452161298743e-06,25,20,20
4,6332,6.332625892622514e-11,0.868849219266131,0.1311507795620187,1.1085233686868158e-09,25,20,20
4,6333,3.830389334016284e-08,0.8989037826350093,0.10109616052294662,1.8538150894135624e-08,25,20,20
4,6334,3.834824896234562e-08,0.8535423390697116,0.14645729362545606,3.289565822330166e-07,25,20,20
4,6335,1.546073940675566e-09,0.8428546140694182,0.1571450445984243,3.397860834267118e-07,25,20,20
4,6336,1.0549656929185309e-05,0.8050823966490459,0.16513995459882128,0.0297670990952036,25,20,20
4,6337,1.3365260205746949e-06,0.8747704838602598,0.12522760008974407,5.795239752651644e-07,25,20,20
4,6338,1.2677607450941835e-06,0.9082466199599982,0.09175152379661343,5.884826426177999e-07,25,20,20
4,6339,1.5276042878606298e-09,0.8894985128759346,0.11050083383862075,6.517578400515575e-07,25,20,20
4,6340,4.272957028812756e-09,0.9306412127729792,0.06935875516248975,2.779157406295586e-08,25,20,20
4,6341,2.8281204874912446e-09,0.9351630720001259,0.06483690695126176,1.8220491746017596e-08,25,20,20
4,6342,2.8027674650963376e-09,0.956675345223409,0.043324651349313126,6.245102940552604e-10,25,20,20
4,6343,1.7850340183151813e-05,0.8984163985514119,0.10156574972627323,1.3821318321452922e-09,25,20,20
4,6344,5.286476721987974e-10,0.877252181748846,0.12274780756638469,1.0156121661977481e-08,25,20,20
4,6345,5.477588247740748e-10,0.921236548406015,0.07876343244298367,1.8603242305852883e-08,25,20,20
4,6346,6.346842968685854e-11,0.9048856306937034,0.09511436828894296,9.538853994645146e-10,25,20,20
4,6347,2.5053311615885004e-11,0.8756852222714423,0.12431476040741707,1.7296087474187552e-08,25,20,20
4,6348,3.441805838408334e-09,0.8243485247925496,0.1756514484757913,2.3289852987537444e-08,25,20,20
4,6349,5.3875537504724906e-09,0.9331795073477032,0.06682012234633933,3.6491840332329463e-07,25,20,20
4,6350,1.8084025770610186e-07,0.8489945540696907,0.1510041182238903,1.1468661606268559e-06,25,20,20
4,6351,4.1874226433115324e-10,0.9141710705521383,0.08582846193718688,4.6709193243771566e-07,25,20,20
4,6352,7.781286792568326e-10,0.9350239872232141,0.06497600626715169,5.731505443722849e-09,25,20,20
4,6353,2.4376211483768724e-11,0.8351862827155344,0.16481332404472135,3.9321536735301204e-07,25,20,20
4,6354,4.198183964570832e-09,0.9331107492952623,0.06688886389127253,3.8261528115471724e-07,25,20,20
4,6355,4.271600498383752e-09,0.871735356409628,0.12826462150108905,1.781768213744494e-08,25,20,20
4,6356,1.2855239836664823e-07,0.9005309286868283,0.09946893180462014,1.0956153183093717e-08,25,20,20
4,6357,8.769203796624037e-08,0.8592121948037965,0.13797240901982122,0.0028153084843439446,25,20,20
4,6358,8.770664907581917e-08,0.9563433411152273,0.043655559832802976,1.011345320244343e-06,25,20,20
4,6359,8.848778339571018e-08,0.8884895307227072,0.11151035275038466,2.8039123801469437e-08,25,20,20
4,6360,1.7734028859837426e-09,0.8713626674507615,0.1286373027222648,2.805356989656493e-08,25,20,20
4,6361,2.7877953030340848e-12,0.9121505828727726,0.08784940657806219,1.0546376690002852e-08,25,20,20
4,6362,2.8017846747062104e-12,0.9276892599759395,0.07231071217942954,2.7841828931268915e-08,25,20,20
4,6363,1.2084908054286825e-06,0.8990083047003707,0.10099044902504384,3.778377936950967e-08,25,20,20
4,6364,4.0285889729072144e-10,0.8532611702461337,0.14673827207987541,5.572711322041494e-07,25,20,20
4,6365,4.717585952524359e-11,0.9032072602327694,0.09679219235881206,5.473612419790337e-07,25,20,20
4,6366,2.2364548720454212e-09,0.8478846154599374,0.1521150003997773,3.819038304579175e-07,25,20,20
4,6367,2.5215425189776672e-09,0.8964737495696149,0.10352586531743797,3.825914048802193e-07,25,20,20
4,6368,4.24279511903687e-09,0.8643209476365263,0.1356790457689757,2.3517026837920284e-09,25,20,20
4,6369,1.2676825073995708e-06,0.8071423309739356,0.19285639325041784,8.093138263519607e-09,25,20,20
4,6370,9.05974784296993e-11,0.9129606714794634,0.08703932673515558,1.6947833656640823e-09,25,20,20
4,6371,2.226202595131658e-06,0.9337128276851452,0.06628493810974852,8.002511073710738e-09,25,20,20
4,6372,1.8168792655423695e-09,0.9057639966009916,0.09423598352422381,1.8057905513485525e-08,25,20,20
4,6373,1.6759139949178767e-10,0.8962853300828332,0.1037146684636269,1.2859483445662532e-09,25,20,20
4,6374,5.941391008577372e-08,0.8047527196054997,0.19524623112412465,9.898564652747135e-07,25,20,20
4,6375,1.020096396104204e-08,0.9097587311231069,0.09022653037138884,1.4728304539945196e-05,25,20,20
4,6376,0.007049464939995875,0.8704475869884114,0.12248793645580083,1.5011615791639355e-05,25,20,20
4,6377,1.5831964785731444e-09,0.9256897601754343,0.07430989718437142,3.4105699762421783e-07,25,20,20
4,6378,9.745087190061805e-11,0.9916152703083079,0.008384711665354505,1.7928886572609173e-08,25,20,20
4,6379,7.944460709094498e-10,0.9077137716408988,0.09228619232019414,3.524446045637531e-08,25,20,20
4,6380,7.062750314608586e-10,0.9213657001747778,0.07863424577290656,5.3346040638954803e-08,25,20,20
4,6381,2.182757486230091e-09,0.937464442682682,0.06253526182332661,2.933112333863005e-07,25,20,20
4,6382,1.6207680409212312e-07,0.8452406397672323,0.15475918387874807,1.42772152466589e-08,25,20,20
4,6383,2.866605121251656e-09,0.8660690920881849,0.13393089762020594,7.425003823156802e-09,25,20,20
4,6384,2.855691713525094e-09,0.8658221887966059,0.13417680820785335,1.0001398488239505e-06,25,20,20
4,6385,4.119810819038942e-10,0.9109926869781725,0.08900727721469785,3.5395148451334526e-08,25,20,20
4,6386,1.5858706157837608e-09,0.9129085917939577,0.08709137136465847,3.525551269784119e-08,25,20,20
4,6387,1.4942596902052154e-07,0.9252956158322212,0.07470421623534756,1.8506461997621044e-08,25,20,20
4,6388,1.2915146996468423e-06,0.9033930177752282,0.09660564927351523,4.143655634600223e-08,25,20,20
4,6389,1.7906668470855628e-06,0.893313538253957,0.10668384552023547,8.255589605323592e-07,25,20,20
4,6390,8.06554755843555e-06,0.8640863633907966,0.1359046496930376,9.213686071608918e-07,25,20,20
4,6391,1.7290877627508578e-05,0.807854012049273,0.19212710371832967,1.593354769011845e-06,25,20,20
4,6392,6.446099150172052e-11,0.8404123439948656,0.15958762223569967,3.370497350593814e-08,25,20,20
4,6393,1.102606924444715e-10,0.7938043605259105,0.20619561068538295,2.867844605088214e-08,25,20,20
4,6394,8.205778783088539e-10,0.9138607744336192,0.08613918862424479,3.61215582871955e-08,25,20,20
4,6395,9.108976685763447e-10,0.8678041546174721,0.13219580854423305,3.592739701666858e-08,25,20,20
4,6396,8.9050540981707e-06,0.8721128243037795,0.12787823552452474,3.5117597354672625e-08,25,20,20
4,6397,8.90245649271422e-06,0.9158102444435587,0.08418083404313143,1.905681647169509e-08,25,20,20
4,6398,1.5828852362711218e-07,0.9415446765130973,0.05845415859590019,1.0066024785103913e-06,25,20,20
4,6399,1.5814834684741152e-07,0.9274129534012591,0.07258493735203472,1.9510983590818284e-06,25,20,20
4,6400,1.5035831685196428e-07,0.9535530792892634,0.04644480176054283,1.9685918763305617e-06,25,20,20
4,6401,2.1805954760185652e-08,0.9268169340596095,0.07318300784938009,3.6285055013645646e-08,25,20,20
4,6402,1.0128540953135384e-10,0.9656240143032118,0.03437596737303099,1.822247170261787e-08,25,20,20
4,6403,2.763733145757109e-09,0.9421031998142247,0.05789579621081865,1.0012112233605923e-06,25,20,20
4,6404,7.028050031655899e-07,0.8958775373647195,0.10410374412652988,1.801570374679809e-05,25,20,20
4,6405,7.027508341656746e-07,0.8643958547519435,0.13558544410603413,1.799839118731012e-05,25,20,20
4,6406,7.055821984856319e-12,0.7886746339482805,0.21132507659175875,2.8945290496945175e-07,25,20,20
4,6407,5.225943326636133e-06,0.8628424144858247,0.13715230300591139,5.6564937306618714e-08,25,20,20
4,6408,5.308595500394178e-11,0.9394885055477538,0.060511487363916844,7.035243355598539e-09,25,20,20
4,6409,1.520594712189446e-07,0.8422122891813075,0.15777281396912074,1.4744790100797496e-05,25,20,20
4,6410,1.2757778814303501e-10,0.8525645032119149,0.14743419688172685,1.299778780236709e-06,25,20,20
4,6411,2.8807117747641255e-09,0.8036845877721426,0.19631439859752034,1.010749625106429e-06,25,20,20
4,6412,7.775932186964078e-10,0.9105913132983204,0.08940866862267555,1.7301410707742027e-08,25,20,20
4,6413,2.8687436903141415e-09,0.8839420143069792,0.11605796493757708,1.788670004129104e-08,25,20,20
4,6414,7.494548655773176e-10,0.8297744756836621,0.1702255227537001,8.13182331946703e-10,25,20,20
4,6415,7.846506866705696e-10,0.917387570170674,0.08261242171508876,7.329586766783197e-09,25,20,20
4,6416,4.192240824981212e-09,0.8580311852866817,0.1419685204916941,2.9002938304232517e-07,25,20,20
4,6417,6.880109325353923e-10,0.870460874204345,0.12953910634374272,1.876390082378432e-08,25,20,20
4,6418,6.954576969293063e-10,0.885212461989724,0.11478753606368185,1.2511364455002061e-09,25,20,20
4,6419,1.4342687787470205e-09,0.902986742699854,0.0970127816637207,4.7420215638698557e-07,25,20,20
4,6420,1.453855516231553e-09,0.9185314488806507,0.08146709942523866,1.4502402547259835e-06,25,20,20
4,6421,1.3178402535779798e-09,0.8805465107985623,0.11945265032066942,8.375629281416418e-07,25,20,20
4,6422,1.7033959624007452e-09,0.8228576284317257,0.17714189088236876,4.789825090554684e-07,25,20,20
4,6423,1.4300222026383172e-09,0.904307510612231,0.09569200538278633,4.825749598386107e-07,25,20,20
4,6424,1.095655720641631e-09,0.9025020918604133,0.09749789650719838,1.0536732580953873e-08,25,20,20
4,6425,3.0487108507787263e-11,0.8938852295887746,0.106114760569897,9.810841158814795e-09,25,20,20
4,6426,5.164804832481976e-11,0.9610049853251387,0.03899401175384616,1.0028693672537242e-06,25,20,20
4,6427,7.360659321033378e-10,0.8881769303670848,0.11182208311396268,9.857828855122123e-07,25,20,20
4,6428,1.5670846431507957e-07,0.9468250459468729,0.05317476111976994,3.622489228394806e-08,25,20,20
4,6429,1.5873269909160287e-07,0.8770567888552974,0.12294268666876673,3.6574323678103355e-07,25,20,20
4,6430,1.4539023327410505e-08,0.898035887853371,0.10196285823810475,1.2393695006172734e-06,25,20,20
4,6431,3.597304634532753e-08,0.8129559213674352,0.18701291468046388,3.112797905370792e-05,25,20,20
4,6432,2.7152134288235307e-09,0.971784450331937,0.02821554536936237,1.5834872587013005e-09,25,20,20
4,6433,2.926574004339667e-06,0.9335348787033404,0.06646120163683587,9.930858197118795e-07,25,20,20
4,6434,2.792754664644001e-09,0.9306900647589917,0.06930896401530076,9.684329528790377e-07,25,20,20
4,6435,3.802482798972599e-11,0.9268413281875054,0.07315734473691025,1.3270375598552277e-06,25,20,20
4,6436,3.516872503118399e-05,0.931007278046295,0.06895755248107503,7.475990153618333e-10,25,20,20
4,6437,6.346267886997939e-11,0.9558684649012283,0.04413149906627368,3.596903526873955e-08,25,20,20
4,6438,7.236307295914379e-10,0.9458221910031844,0.05417777243899608,3.5834188399347714e-08,25,20,20
4,6439,3.973704066337408e-09,0.9597910572823684,0.040207987917488086,9.508264393764433e-07,25,20,20
4,6440,2.674564037668555e-09,0.9308012289945196,0.0691977827213927,9.856095237298293e-07,25,20,20
4,6441,1.433029267939172e-07,0.8325689598878253,0.16743087881150778,1.7997739420373935e-08,25,20,20
4,6442,3.346500244501253e-10,0.8587286376222538,0.14125027476007573,2.1087283020037683e-05,25,20,20
4,6443,3.439577313062909e-09,0.8933185441181462,0.10668047786019937,9.74582077510643e-07,25,20,20
4,6444,1.348008581379885e-09,0.9185669121814256,0.08143212265489304,9.63815672751818e-07,25,20,20
4,6445,7.495067532501833e-10,0.9453626074570647,0.05463735687269104,3.492073717702847e-08,25,20,20
4,6446,5.39155072736845e-11,0.9191572418963111,0.08084275758927185,4.605020045812385e-10,25,20,20
4,6447,1.3670580668607695e-10,0.9031586023604611,0.09684139664128086,8.615524732558727e-10,25,20,20
4,6448,8.069882447294246e-11,0.8478250763532906,0.15217491188199095,1.1684019240166656e-08,25,20,20
4,6449,6.705288181634767e-11,0.9151453452330274,0.08485465418790504,5.120137911520916e-10,25,20,20
4,6450,1.5219458293521113e-07,0.8795747446102925,0.12042506830738063,3.488774408312022e-08,25,20,20
4,6451,4.45288789288614e-11,0.9605526942744186,0.039447293972175175,1.1708877385721319e-08,25,20,20
4,6452,2.0196378760500276e-09,0.8538324549969267,0.14616752243744713,2.0545988434085245e-08,25,20,20
4,6453,1.0292060126313591e-10,0.8963219033161626,0.10367808457881393,1.2002103283215674e-08,25,20,20
4,6454,1.632408182394616e-05,0.7900553094182869,0.20992794720002286,4.192998650904567e-07,25,20,20
4,6455,6.962894802374736e-11,0.8535464466074465,0.14645324791379305,3.054091316868289e-07,25,20,20
4,6456,2.959222791131961e-11,0.9131534337439681,0.08684626553661574,3.006898240877246e-07,25,20,20
4,6457,6.91317118741563e-10,0.9121452200885685,0.08785448994503695,2.8927507740369547e-07,25,20,20
4,6458,6.817794588048701e-11,0.8469659947634964,0.1530339871733883,1.7994937294575996e-08,25,20,20
4,6459,3.0243791261451793e-10,0.8181216300745536,0.18187806299064438,3.0663236333595977e-07,25,20,20
4,6460,3.2535882909916253e-10,0.8260905487233436,0.17390914419921377,3.06752083002083e-07,25,20,20
4,6461,2.843741829279077e-11,0.8825304300447986,0.117469569672262,2.5450163160303867e-10,25,20,20
4,6462,4.166745628197054e-11,0.8903774502322122,0.1096221741725008,3.7555361905938304e-07,25,20,20
4,6463,1.5631321543240033e-07,0.947459901951659,0.05253992383337107,1.7901753982572937e-08,25,20,20
4,6464,1.5703886907401184e-07,0.9358905461731867,0.06410929106637667,5.72156754433866e-09,25,20,20
4,6465,6.23130716670551e-11,0.9418576602586619,0.05814232174718775,1.7931837196824807e-08,25,20,20
4,6466,2.4663107834319385e-08,0.8888700943634309,0.11112984192656927,3.904689185698572e-08,25,20,20
4,6467,8.254687558752506e-11,0.8955564215076164,0.10444356719917033,1.1210666419110344e-08,25,20,20
4,6468,1.5202769494169694e-07,0.8856578896935757,0.11434163500060567,3.232781234970144e-07,25,20,20
4,6469,5.331858031476718e-10,0.8669771922407064,0.1330227928651826,1.4360925316666356e-08,25,20,20
4,6470,5.597154338734815e-06,0.8968391131193023,0.10315466007169173,6.296546669476988e-07,25,20,20
4,6471,4.256857278511892e-08,0.905173865465886,0.09481135302417,1.4738941371046863e-05,25,20,20
4,6472,1.12133230419863e-09,0.9022920305864192,0.09770795077133941,1.7520908577834037e-08,25,20,20
4,6473,1.0646386047554229e-10,0.9046359144689337,0.09536408507532754,3.4927449522128864e-10,25,20,20
4,6474,1.0902868576583332e-09,0.8865636074424359,0.11343636239788824,2.906938839007953e-08,25,20,20
4,6475,6.243944083190534e-11,0.9404770371714534,0.05952291122458292,5.154152395174426e-08,25,20,20
4,6476,9.714631538254005e-11,0.9730138547234081,0.026986099032480587,4.6146964825228564e-08,25,20,20
4,6477,1.566476967256616e-10,0.9319544886555472,0.06803074802333677,1.4763164468066904e-05,25,20,20
4,6478,1.8971827933538738e-09,0.9687681175801398,0.03123184509859055,3.5424086855240155e-08,25,20,20
4,6479,2.03613505668589e-10,0.9417638419240943,0.05823613996428516,1.7908006731079255e-08,25,20,20
4,6480,4.230742412097427e-10,0.8746348735954294,0.12536511280509574,1.317640065640942e-08,25,20,20
4,6481,6.779994107893951e-10,0.9024924618149136,0.09750753720264516,3.0444150794523573e-10,25,20,20
4,6482,1.4983213535784053e-09,0.8822883499162744,0.11771109920596375,5.493794408743046e-07,25,20,20
4,6483,2.0571917303715862e-11,0.9658209267596932,0.03417903824433158,3.497540300537756e-08,25,20,20
4,6484,7.115883819881269e-10,0.9180410991969744,0.0819441538175081,1.474627392875138e-05,25,20,20
4,6485,6.201983379292483e-08,0.8455497396388586,0.1544501867469479,1.1594359444929941e-08,25,20,20
4,6486,1.6404943442561432e-10,0.9311208813884992,0.0688791061068251,1.2340625773559547e-08,25,20,20
4,6487,3.7874906908714e-08,0.8869889754953664,0.11301097989805861,6.731667175240947e-09,25,20,20
4,6488,2.402036569124937e-10,0.8440723829461143,0.155927047684003,5.691296789791678e-07,25,20,20
4,6489,2.8382583798443324e-09,0.9521932955072555,0.047806665581495406,3.6072991147581206e-08,25,20,20
4,6490,1.2593050711362534e-10,0.8990824650868932,0.10089951832704401,1.8016460132201504e-05,25,20,20
4,6491,9.592934994406499e-11,0.867932107481908,0.13204986690253004,1.8025519632594655e-05,25,20,20
4,6492,1.790962406189811e-09,0.9339963176343984,0.06600364182959448,3.874504465967384e-08,25,20,20
4,6493,2.6684675500169994e-09,0.9706608067856919,0.029338221648361827,9.688974786827525e-07,25,20,20
4,6494,1.4494440045565102e-11,0.9722025434179165,0.027797455915444094,6.521450209275368e-10,25,20,20
4,6495,1.932417231373816e-10,0.9597013135378295,0.040298651151046985,3.511788191020791e-08,25,20,20
4,6496,1.1638074575351682e-09,0.8497059024876754,0.1502940612827807,3.5065735406730474e-08,25,20,20
4,6497,8.997573120444558e-08,0.8457865824462039,0.15421272495578628,6.026222775514178e-07,25,20,20
4,6498,8.96575968156065e-08,0.9695463927135128,0.030452908975258493,6.086536315826813e-07,25,20,20
4,6499,6.778620035449461e-11,0.9019802533629095,0.09801877828848253,9.68280821002256e-07,25,20,20
4,6500,5.928415681122255e-11,0.9143467632157136,0.08565321846169947,1.8263302166932307e-08,25,20,20
4,6501,2.783174321821e-11,0.9373355402482307,0.0626644416890901,1.8034846994434196e-08,25,20,20
4,6502,7.392723500433967e-08,0.8847531557403289,0.1152467601364837,1.019595146680358e-08,25,20,20
4,6503,6.156132101864847e-09,0.9257883011273773,0.0742116751937455,1.752274494785203e-08,25,20,20
4,6504,4.431453684574195e-08,0.9069593834610822,0.09303893438763837,1.637836742137116e-06,25,20,20
4,6505,6.885191525490439e-10,0.9551788064972959,0.044821191854956144,9.592287282075639e-10,25,20,20
4,6506,4.026184963789466e-05,0.9188769076478884,0.08108250275542873,3.277470448708332e-07,25,20,20
4,6507,4.027613510288132e-05,0.8964135602000534,0.10354582951566163,3.3414918200323536e-07,25,20,20
4,6508,1.7026946748021067e-07,0.8342621277344748,0.16573764650038722,5.5495670574487044e-08,25,20,20
4,6509,3.1463449070196414e-07,0.9713137646311197,0.028685875696810883,4.503757866081002e-08,25,20,20
4,6510,1.5667742876341305e-07,0.9255497690587907,0.07441951666903564,3.055759474463194e-05,25,20,20
4,6511,1.5592448040344246e-07,0.9393278748384075,0.06067156753700453,4.0170010718878297e-07,25,20,20
4,6512,5.1331198900764763e-11,0.8936742942701719,0.10632532118053689,3.8449796010413756e-07,25,20,20
4,6513,4.464860321270536e-08,0.7767441136941077,0.2232554571493152,3.84507973388435e-07,25,20,20
4,6514,1.5896230823402995e-10,0.8692479514075241,0.13075166269751445,3.8573599949238576e-07,25,20,20
4,6515,1.1190571573921494e-10,0.9008938665340088,0.09910613177493718,1.5791478587353794e-09,25,20,20
4,6516,4.475031305979563e-09,0.8609563502663178,0.13904364411191986,1.1467310420987164e-09,25,20,20
4,6517,1.5573928221301288e-07,0.8522869926786357,0.14771283396278437,1.7619296900355377e-08,25,20,20
4,6518,2.1193916195488217e-08,0.9147624172901847,0.08523754372376333,1.7792135504345732e-08,25,20,20
4,6519,1.7773112518060592e-09,0.8573250460570223,0.14267431738155642,6.347841096505343e-07,25,20,20
4,6520,5.143655417706026e-11,0.8937320560049935,0.10626757868752076,3.652560493491519e-07,25,20,20
4,6521,5.672500986922885e-08,0.9105235400202533,0.0894763803367984,2.2917938655387806e-08,25,20,20
4,6522,5.610095757324332e-06,0.8635995228329416,0.13639482138683895,4.568446159678892e-08,25,20,20
4,6523,1.5445580495466096e-08,0.8794136233607357,0.12058633589616355,2.529751973101263e-08,25,20,20
4,6524,7.149322947953096e-10,0.9526365941890274,0.047363386952624424,1.814341615973072e-08,25,20,20
4,6525,2.185226060579564e-11,0.9399621093549411,0.06003787207732998,1.8545876653846427e-08,25,20,20
4,6526,7.665988294691626e-10,0.8683321900805784,0.13166777225455562,3.689826730662142e-08,25,20,20
4,6527,4.005218009475762e-10,0.909038105692792,0.09096187533854205,1.8568143845505426e-08,25,20,20
4,6528,6.051046250247699e-11,0.9626503950693206,0.037349604523773026,3.463955158379292e-10,25,20,20
4,6529,5.7661617795608764e-11,0.9122238935803796,0.08777608858918326,1.777277534769868e-08,25,20,20
4,6530,5.669711026762429e-11,0.9244256043897271,0.07557439432821926,1.2253564092875803e-09,25,20,20
4,6531,4.1850750989542735e-08,0.8812211293755365,0.1187771360792493,1.6926944634338827e-06,25,20,20
4,6532,1.922693612474917e-08,0.9416590910710722,0.058339108489081214,1.7812129104439848e-06,25,20,20
4,6533,4.1522603489128615e-08,0.9222679046393316,0.0777317057863604,3.4805170431666976e-07,25,20,20
4,6534,2.899267636708102e-09,0.9604297627325074,0.0395702326851901,1.683034975438712e-09,25,20,20
4,6535,3.909889571284913e-12,0.9074179954331482,0.0925817147658553,2.897970867003344e-07,25,20,20
4,6536,1.3687798911762488e-11,0.9625091598800191,0.03749083946930612,6.36987415282802e-10,25,20,20
4,6537,7.296739046479576e-10,0.9188659990165863,0.08113397062412657,2.9629613292777256e-08,25,20,20
4,6538,7.062012885223066e-10,0.9029929068420476,0.09700707438036066,1.8071390096549787e-08,25,20,20
4,6539,7.35989032016377e-10,0.8482746654856369,0.15172438280592515,9.509724485919228e-07,25,20,20
4,6540,8.563516682177758e-06,0.855186339523943,0.14480412873688592,9.682224885055494e-07,25,20,20
4,6541,6.764829074423697e-10,0.936541829289752,0.0634581692795104,7.542545641237195e-10,25,20,20
4,6542,4.359495491718841e-09,0.8651690686094854,0.13483089752468705,2.95063324476162e-08,25,20,20
4,6543,1.442587477669035e-09,0.8517130894141911,0.14828687933579257,2.980742874830858e-08,25,20,20
4,6544,8.232829881951912e-11,0.9221679249174958,0.07783204568401686,2.931615875706475e-08,25,20,20
4,6545,1.147128961754881e-06,0.9094380309905659,0.0905608037173928,1.8163078857805314e-08,25,20,20
4,6546,1.1453345941883279e-10,0.9213856091528505,0.07861399134804298,3.9938457295291115e-07,25,20,20
4,6547,8.568318146522481e-06,0.9101070804641919,0.08988396262456413,3.885930974947909e-07,25,20,20
4,6548,3.897246603531517e-09,0.8632093247513335,0.13679028831440915,3.830370108724929e-07,25,20,20
4,6549,3.878247546723487e-09,0.9132582977281755,0.0867410272284795,6.711650970239562e-07,25,20,20
4,6550,5.76596441633643e-09,0.9276028133697655,0.07239716179015912,1.907411098174827e-08,25,20,20
4,6551,2.7481646627709496e-10,0.8136348046821453,0.18636519470761762,3.3542021647972695e-10,25,20,20
4,6552,2.173476157640692e-08,0.8807926675747707,0.1192067677071734,5.429832946732196e-07,25,20,20
4,6553,9.856224164858822e-08,0.8932300504474457,0.1067698328895143,1.8100798730130095e-08,25,20,20
4,6554,6.074344589737381e-11,0.8864133068255191,0.11358665737298274,3.574075397957639e-08,25,20,20
4,6555,2.7711630987254813e-09,0.9596744825053094,0.040325496484020666,1.8239506919840876e-08,25,20,20
4,6556,7.540985300872496e-10,0.9262882231068442,0.0737117746937148,1.4453428416745987e-09,25,20,20
4,6557,7.555567304434866e-10,0.9466973006671446,0.05330231569725439,3.8288004415824365e-07,25,20,20
4,6558,0.00027110054993327365,0.951124762411567,0.04860315965344039,9.773850589193094e-07,25,20,20
4,6559,5.117003590437883e-11,0.9128471645967609,0.08715283512879209,2.232767171905829e-10,25,20,20
4,6560,5.7684587062411744e-08,0.901259639866883,0.09871926577951409,2.103666901594217e-05,25,20,20
4,6561,6.190633842771087e-08,0.8511473071220323,0.14883157663732502,2.10543343038085e-05,25,20,20
4,6562,5.7851105164117004e-08,0.8065860072601204,0.19339194350945077,2.199137932387123e-05,25,20,20
4,6563,5.766876198281899e-08,0.8292848392389144,0.17067765241266766,3.745067965608184e-05,25,20,20
4,6564,5.8365034337678126e-08,0.8853404464422031,0.1146384579397642,2.1037252997921135e-05,25,20,20
4,6565,5.989672348146921e-08,0.8479244725110849,0.15205443045953593,2.10371326554386e-05,25,20,20
4,6566,5.7684231645332254e-08,0.9040666531738484,0.09591223520924066,2.1053932678596017e-05,25,20,20
4,6567,1.1042814702496102e-10,0.9867920773667984,0.013207887027380969,3.549539253377951e-08,25,20,20
4,6568,5.686905141683771e-10,0.9262361440544475,0.07376382539787009,2.997899203976422e-08,25,20,20
4,6569,2.308145225552699e-08,0.8578664501374798,0.142133509553519,1.7227549380370358e-08,25,20,20
4,6570,1.3267032874128582e-10,0.9334314226551125,0.0665685655075,1.1704717132777707e-08,25,20,20
4,6571,3.6528947807172854e-11,0.9282530289769406,0.0717469590180958,1.1968434590327765e-08,25,20,20
4,6572,6.92814591596846e-12,0.9125303537795095,0.08746964513819595,1.075366461546963e-09,25,20,20
4,6573,0.0235266509047933,0.8336593088378443,0.14281403337190177,6.8854605843881196e-09,25,20,20
4,6574,3.080474962123153e-09,0.889894868198449,0.11010512166085253,7.0602236798469225e-09,25,20,20
4,6575,2.3274963282354155e-08,0.9258431141390361,0.0741568535070191,9.078981544595835e-09,25,20,20
4,6576,8.178222543878232e-07,0.8574080645213071,0.142586016061841,5.101594597266839e-06,25,20,20
4,6577,3.01122750240624e-09,0.8923950426486629,0.10760494718903012,7.1510792149680865e-09,25,20,20
4,6578,1.7852157715833682e-09,0.8755617984912591,0.12443819230561161,7.417913932216747e-09,25,20,20
4,6579,1.77094766569549e-09,0.8853750573460567,0.11462439646448404,5.444185112931421e-07,25,20,20
4,6580,7.266801778769289e-09,0.879197891722825,0.12080151204417469,5.889661981098728e-07,25,20,20
4,6581,5.539226958596744e-09,0.840116007849648,0.15988339212881575,5.944823086794796e-07,25,20,20
4,6582,1.6451470659476574e-10,0.9585872988512972,0.04141268222120606,1.8762981829001096e-08,25,20,20
4,6583,1.0497298383543364e-07,0.8858965571859805,0.11410330129922562,3.654180982368284e-08,25,20,20
4,6584,2.7869044759416175e-09,0.970360027067242,0.029639917032488382,5.3113365112674554e-08,25,20,20
4,6585,2.780286552080394e-09,0.8946168912449416,0.10538308799348656,1.7981285203695084e-08,25,20,20
4,6586,9.095511251537e-11,0.9479785388645422,0.052021442903452036,1.8141051098204384e-08,25,20,20
4,6587,1.656304728729333e-09,0.9257956322758235,0.07420433820559726,2.786227455170287e-08,25,20,20
4,6588,9.585922238398384e-08,0.8045111255434185,0.19548782725474959,9.513426091496817e-07,25,20,20
4,6589,1.537336661474066e-10,0.931953943906584,0.06804510533162296,9.506080590350523e-07,25,20,20
4,6590,2.9332066173713125e-09,0.8793250495814963,0.12067399187339908,9.556118973594222e-07,25,20,20
4,6591,1.533390090780333e-07,0.9208956563248879,0.07910324002500559,9.503110973459384e-07,25,20,20
4,6592,1.6224265057011317e-11,0.9206812556336381,0.07931870909865422,3.525148351876442e-08,25,20,20
4,6593,1.517046689001717e-07,0.9401402174261831,0.0598595787970672,5.207208038841114e-08,25,20,20
4,6594,1.761337081715289e-07,0.9679411193307724,0.03205868667112836,1.7864391325162303e-08,25,20,20
4,6595,2.45484549094435e-08,0.8926279951183258,0.1073719792057609,1.127458542192108e-09,25,20,20
4,6596,2.966910842190117e-09,0.96237197497742,0.03762800319974356,1.885592528193737e-08,25,20,20
4,6597,3.6531797279755175e-09,0.9573232383569821,0.04267578873835715,9.692514806819074e-07,25,20,20
4,6598,3.895064258464579e-08,0.9527587045094553,0.047240288218620564,9.683212811967701e-07,25,20,20
4,6599,0.002230483411861889,0.8373070147054199,0.1604624650374559,3.684526182853131e-08,25,20,20
4,6600,6.969878154562177e-10,0.9448078816310757,0.055192112257506885,5.4144297756581965e-09,25,20,20
4,6601,1.0537135671423121e-09,0.925994029176173,0.07400498356802046,9.862020923861502e-07,25,20,20
4,6602,4.3177079376054986e-10,0.8855132994120286,0.1144866821717334,1.7984467443523406e-08,25,20,20
4,6603,3.676137906089802e-08,0.9816785035002082,0.018321441036764897,1.8701647945566832e-08,25,20,20
4,6604,1.1655603607094844e-10,0.9463469862005353,0.0536526490916144,3.64591294483213e-07,25,20,20
4,6605,1.2600563369349072e-10,0.8464205124306362,0.15357849077094832,9.966724094161612e-07,25,20,20
4,6606,1.5638097843819015e-08,0.8166646288670687,0.18333462569690834,7.297979250988473e-07,25,20,20
4,6607,2.6505901993089966e-06,0.8092618937074346,0.19063776535345905,9.769034890653098e-05,25,20,20
4,6608,9.496811041685052e-08,0.8762150256858595,0.12376900419946649,1.587514656350203e-05,25,20,20
4,6609,5.3580337981418826e-08,0.8384762065517785,0.16148899478687057,3.474508101263378e-05,25,20,20
4,6610,5.4064204208207116e-08,0.9157084267854539,0.08427203030797564,1.948884236609841e-05,25,20,20
4,6611,4.831111231428777e-10,0.8974347793112843,0.10256519111894952,2.908665463508913e-08,25,20,20
4,6612,4.181478371866032e-09,0.8927143912751151,0.10728558661013046,1.793327608483997e-08,25,20,20
4,6613,2.7948739248006196e-09,0.8821100378406664,0.11788994069761818,1.8666841434572484e-08,25,20,20
4,6614,2.9909081144941414e-09,0.9293765641587011,0.07062312615132757,3.0669906318700285e-07,25,20,20
4,6615,2.5102431008952415e-10,0.8627476894505276,0.13725198880901543,3.214894326576492e-07,25,20,20
4,6616,2.7365652378158814e-09,0.9034079105754641,0.09659202433236992,6.235560040801061e-08,25,20,20
4,6617,6.601308842118433e-11,0.9392536479496087,0.06074633361307764,1.8371300277578675e-08,25,20,20
4,6618,1.4315579406603307e-10,0.945143807904049,0.05485615683524694,3.511754807472315e-08,25,20,20
4,6619,7.980700133707527e-10,0.9045494356720698,0.09545054612964947,1.7400210304184974e-08,25,20,20
4,6620,7.977441003086662e-10,0.8905194130273537,0.10947962456854288,9.616063593361617e-07,25,20,20
4,6621,3.5034953261904816e-09,0.8627400410103522,0.13725959047831288,3.6500783934466327e-07,25,20,20
4,6622,2.491352012157643e-07,0.8592430449445853,0.14075632317539483,3.827448187135793e-07,25,20,20
4,6623,6.429560488482034e-11,0.899563814928757,0.10043616620396253,1.880298429023715e-08,25,20,20
4,6624,9.447207305939091e-11,0.9343995432760948,0.06560045617823378,4.511993094987191e-10,25,20,20
4,6625,8.958567794782461e-08,0.9154312689015579,0.08456864147468482,3.80791954966782e-11,25,20,20
4,6626,8.953783300012918e-08,0.9035986268041928,0.09640030819570233,9.754622715720372e-07,25,20,20
4,6627,9.081086159751377e-08,0.8439559525955532,0.15604366779506543,2.88798519343583e-07,25,20,20
4,6628,8.575510352445644e-11,0.8707363526303595,0.12926362420669332,2.3077191514927125e-08,25,20,20
4,6629,1.4622043161126887e-11,0.9285200573943654,0.07147993655988587,6.031126436493769e-09,25,20,20
4,6630,1.5002429421186642e-09,0.9127154452569318,0.08728452636630682,2.6876518462748292e-08,25,20,20
4,6631,2.7246122827776613e-09,0.9259372388418251,0.07406272292771951,3.55058434896962e-08,25,20,20
4,6632,3.4234111258543694e-09,0.9320207244566364,0.06797927085441828,1.2655341252466518e-09,25,20,20
4,6633,1.4671445111663797e-09,0.8972458738339364,0.10275383550865008,2.8919026818935933e-07,25,20,20
4,6634,1.5599033845170882e-07,0.8747670522256237,0.125232479936459,3.1184757845272585e-07,25,20,20
4,6635,3.372366132914509e-05,0.9025293137168932,0.09743692519750743,3.74242704175519e-08,25,20,20
4,6636,3.3569989227122156e-05,0.9555783840940698,0.044388035377549755,1.0539153179168249e-08,25,20,20
4,6637,3.497271889124714e-05,0.8610859720309199,0.1388790164852175,3.876497081519165e-08,25,20,20
4,6638,1.4033182278115888e-06,0.832774803817594,0.16722377171475006,2.11494274352083e-08,25,20,20
4,6639,1.4417147855711349e-06,0.7926893243235589,0.207309203979678,2.998197673274501e-08,25,20,20
4,6640,1.4017737186456524e-06,0.9256298474482472,0.07436873891441785,1.1863616717332832e-08,25,20,20
4,6641,4.41396469485777e-09,0.8562999556051628,0.14350140172278314,0.0001986382580890042,25,20,20
4,6642,2.8992678704144686e-09,0.9162763236462784,0.08372365501394212,1.8440511227573804e-08,25,20,20
4,6643,9.289524841426686e-11,0.893163542067574,0.10683643922484329,1.861468709270442e-08,25,20,20
4,6644,6.69431569633423e-11,0.8853248983137111,0.11467506588023672,3.573910893847231e-08,25,20,20
4,6645,3.2186057324933824e-11,0.8885710496334772,0.1114289147062491,3.5628087000954776e-08,25,20,20
4,6646,9.493886377938873e-10,0.8612127441843884,0.13878626617351048,9.88692712199666e-07,25,20,20
4,6647,2.927818471583407e-09,0.9288598759729383,0.07114011952477567,1.5744673334510678e-09,25,20,20
4,6648,1.9493794941328182e-07,0.8873558865252407,0.11264391791091238,6.258967905886578e-10,25,20,20
4,6649,1.9466543659406587e-07,0.879376983036218,0.12062223375084866,5.88547496511247e-07,25,20,20
4,6650,6.86873787789062e-07,0.827778086874553,0.17220414101233897,1.708523931992785e-05,25,20,20
4,6651,2.3458370415645813e-08,0.902593766002134,0.09740620992148646,6.180087820061391e-10,25,20,20
4,6652,2.682069520255868e-09,0.8930682188044804,0.10693123538262268,5.431308272553047e-07,25,20,20
4,6653,1.3292962066867799e-05,0.8646254149247592,0.13535910043278235,2.191680391383013e-06,25,20,20
4,6654,3.7956070237118565e-10,0.8237203285283237,0.17626457738009393,1.509371202180264e-05,25,20,20
4,6655,1.2631226186422895e-10,0.929942076704611,0.07005759858531346,3.245837634655178e-07,25,20,20
4,6656,1.1674448335014008e-10,0.9356223964166956,0.06437729604206154,3.0742449833460564e-07,25,20,20
4,6657,1.3225749397114438e-10,0.9433750651057784,0.05662491650579142,1.8256172439912113e-08,25,20,20
4,6658,1.5396292858100325e-10,0.9717332464567623,0.028266753032170158,3.571051891016306e-10,25,20,20
4,6659,7.360229170214948e-11,0.8956767256839937,0.10432327387919813,3.632054783229887e-10,25,20,20
4,6660,8.066269290308843e-10,0.9147339585555316,0.0852660218887835,1.874905801814871e-08,25,20,20
4,6661,7.867051396680766e-10,0.8391045869410995,0.16087739553247535,1.8016739719107153e-05,25,20,20
4,6662,8.217874503724974e-11,0.8496252414901568,0.15037475261144906,5.81621468133689e-09,25,20,20
4,6663,4.8279680042501745e-11,0.7823327459258684,0.2176672482302501,5.795600893373716e-09,25,20,20
4,6664,2.825798537965456e-09,0.8815546261438008,0.11844536909656618,1.933834516941002e-09,25,20,20
4,6665,1.2578940665934297e-10,0.8587565547950452,0.14124344367033742,1.4088277406758897e-09,25,20,20
4,6666,3.2262451934558166e-09,0.8673841201541269,0.13258475629307634,3.112032655153811e-05,25,20,20
4,6667,0.0029348422511107685,0.7919533563774627,0.2050665243347841,4.527703664140901e-05,25,20,20
4,6668,6.310292762016216e-09,0.8991201379020403,0.1008641596206019,1.5696167065037538e-05,25,20,20
4,6669,2.9335299795304396e-09,0.8921018192963198,0.10789817700750459,7.626450596687795e-10,25,20,20
4,6670,2.3175819281769486e-07,0.8531333327630682,0.14686642625467666,9.224062094540388e-09,25,20,20
4,6671,4.191594225168146e-05,0.8458554774739875,0.15410258617160055,2.041216007757743e-08,25,20,20
4,6672,4.191873914366747e-05,0.8326778786394853,0.16728019310746706,9.513904151286496e-09,25,20,20
4,6673,4.184370923181989e-05,0.8972604016603276,0.10269775415398186,4.764581218414846e-10,25,20,20
4,6674,0.02550273106300966,0.7696259826537176,0.20482039495004487,5.0891333228078965e-05,25,20,20
4,6675,2.7797226905879717e-09,0.7913001823951907,0.20869923334758142,5.814775049096512e-07,25,20,20
4,6676,7.487539789514762e-08,0.7909485446804889,0.20905081540350515,5.650406075360142e-07,25,20,20
4,6677,2.7725767992756316e-07,0.8790915596369798,0.12090683134256204,1.331762777446383e-06,25,20,20
4,6678,4.9559267375214404e-06,0.9238546862416923,0.0761397813493013,5.764822683600472e-07,25,20,20
4,6679,1.0672384688611284e-09,0.9163947131419263,0.08360493874482143,3.4704601325229794e-07,25,20,20
4,6680,1.556223287318603e-07,0.903476585451993,0.09652192732625078,1.331599426990527e-06,25,20,20
4,6681,9.94366722643321e-10,0.8773647597734947,0.12263486978965886,3.6944247945495293e-07,25,20,20
4,6682,1.6573889661100888e-09,0.8544739578582817,0.145525665184562,3.752997666630365e-07,25,20,20
4,6683,2.7565533079012e-06,0.8804027995954574,0.11959343712609156,1.0067251430092831e-06,25,20,20
4,6684,6.432458269066165e-07,0.8710907639871079,0.1289085464073969,4.6359668237770135e-08,25,20,20
4,6685,5.144692593412908e-11,0.9532831527206111,0.04671682889740608,1.833053556645999e-08,25,20,20
4,6686,2.8683869967868117e-09,0.9156180965541485,0.08438188255482729,1.802263720013753e-08,25,20,20
4,6687,1.0445425346952256e-10,0.9237322949064357,0.07626770419615293,7.92956867557482e-10,25,20,20
4,6688,5.1753543291794235e-11,0.9366130714347095,0.0633869214714283,7.042108431597127e-09,25,20,20
4,6689,6.122499865338413e-05,0.9284805407844567,0.0714307144445708,2.7519772319279664e-05,25,20,20
4,6690,2.5102859898116193e-10,0.844329749095987,0.15567023271110875,1.7941875363717128e-08,25,20,20
4,6691,9.419296728540664e-10,0.9288308919874256,0.07116778741386566,1.3196567786738123e-06,25,20,20
4,6692,1.4663483748513216e-09,0.9057196834391386,0.0942802855064055,2.9588107369828552e-08,25,20,20
4,6693,7.469388246363969e-10,0.9161901877611172,0.08380979970282589,1.1789118217183504e-08,25,20,20
4,6694,6.84905885899945e-10,0.8680320892906053,0.13196789822076574,1.1803722877937937e-08,25,20,20
4,6695,1.5750550102762185e-07,0.9198580116002385,0.0801418298089997,1.0852607715179593e-09,25,20,20
4,6696,2.163530163301252e-06,0.8967755102549126,0.10322133547032722,9.907445968133853e-07,25,20,20
4,6697,2.3192592565794963e-06,0.9256994321450243,0.07429728101964087,9.67576078345175e-07,25,20,20
4,6698,2.1634864065127003e-06,0.9651576221830918,0.03484017964379896,3.46867030918648e-08,25,20,20
4,6699,2.66572327461135e-09,0.8421055408248392,0.15789349458024987,9.61929187349957e-07,25,20,20
4,6700,1.351912596571289e-08,0.9155647472531618,0.08443487486004284,3.643676693568425e-07,25,20,20
4,6701,4.200639691020328e-11,0.9373533138465152,0.06264666817046476,1.7941013916600662e-08,25,20,20
4,6702,3.952674051830798e-08,0.9297144866006818,0.07028446410649568,1.0097660816412981e-06,25,20,20
4,6703,3.8079914866344604e-08,0.9575588911394556,0.0424400958668261,9.749138033318793e-07,25,20,20
4,6704,3.809401986695345e-08,0.9056343361037814,0.09436465088391673,9.749182816302434e-07,25,20,20
4,6705,1.1812784872097228e-06,0.7962760654513054,0.20369151446654485,3.123880366241198e-05,25,20,20
4,6706,1.1835747073421613e-06,0.8104112536282504,0.189557307127823,3.0255669219276983e-05,25,20,20
4,6707,1.8074404647346993e-07,0.731000996712695,0.2689988020111273,2.0532129993053747e-08,25,20,20
4,6708,2.6376022117512955e-07,0.87835700070431,0.11680134662193517,0.004841388913533461,25,20,20
4,6709,0.0007106653452475633,0.9014244746659652,0.09786485959051468,3.982720503467026e-10,25,20,20
4,6710,1.2824067246719668e-09,0.8786641070218704,0.1213358910710812,6.246415990875728e-10,25,20,20
4,6711,1.3269580369262164e-09,0.8843821653958231,0.11556832397419761,4.950930302098327e-05,25,20,20
4,6712,1.3296495861603352e-09,0.9385913435695078,0.06140863686537875,1.8235463955521373e-08,25,20,20
4,6713,2.8489850800747847e-09,0.9047184406214942,0.0952815389246149,1.7604905417956262e-08,25,20,20
4,6714,2.8299523988764994e-09,0.9917060502910247,0.008293945288626328,1.5903965481684862e-09,25,20,20
4,6715,6.31363252967047e-11,0.9729329375552496,0.027067043613076838,1.876853725555376e-08,25,20,20
4,6716,1.79780673267023e-09,0.9132511177554917,0.0867488785551297,1.8915716992346925e-09,25,20,20
4,6717,2.119972865429377e-09,0.885559045370555,0.11444095168828695,8.211850690524302e-10,25,20,20
4,6718,1.3296186087209486e-09,0.8122886765042081,0.18771092931364286,3.928525303863779e-07,25,20,20
4,6719,6.310866120463147e-11,0.9098742429301225,0.09012537489509576,3.8211167328174286e-07,25,20,20
4,6720,2.8928455197028952e-09,0.9171301555681909,0.0828698403951918,1.1437717408454023e-09,25,20,20
4,6721,2.6805382860428833e-09,0.8522197374955467,0.14778025900183056,8.220843928139344e-10,25,20,20
4,6722,2.780839131748526e-09,0.9419121516703082,0.05808784521769337,3.3115969106349654e-10,25,20,20
4,6723,8.117611768233919e-10,0.8949213764018321,0.10507859831442565,2.4471980777867154e-08,25,20,20
4,6724,3.593818470544712e-09,0.9352177239695633,0.06478223701900288,3.541761531857093e-08,25,20,20
4,6725,8.800744049041308e-10,0.8110329593516067,0.15532978813503276,0.03363725163328582,25,20,20
4,6726,5.700805264331173e-08,0.9193565063635413,0.08064278640701854,6.502213873574338e-07,25,20,20
4,6727,1.0536225773307416e-09,0.879858527115109,0.12014032108800635,1.1507432613881753e-06,25,20,20
4,6728,9.06795829581997e-08,0.9202255465311064,0.07977304291449576,1.3198748147291655e-06,25,20,20
4,6729,4.007913553194602e-08,0.87447182673919,0.12552681374573882,1.3194359356116402e-06,25,20,20
4,6730,4.118776925374853e-10,0.8302530882007639,0.16974559609621281,1.315291144773807e-06,25,20,20
4,6731,4.5383576209740354e-10,0.7973646182952145,0.20263538041980012,8.311489793286581e-10,25,20,20
4,6732,1.4200551999035268e-09,0.9078691710313755,0.09213082566699801,1.8815712870608655e-09,25,20,20
4,6733,6.777794098296517e-10,0.8722718459179671,0.1277281349616468,1.8442606142883948e-08,25,20,20
4,6734,3.324376275300943e-11,0.7936060125908898,0.20639396923312486,1.8142741188503846e-08,25,20,20
4,6735,7.669682061576761e-11,0.849145879953386,0.1508529378253446,1.1821445728618744e-06,25,20,20
4,6736,1.3725956995184152e-10,0.8391235750317984,0.1608752431134061,1.1817175358003742e-06,25,20,20
4,6737,8.482019210134446e-08,0.9556576990178917,0.04434104154624951,1.174615666914373e-06,25,20,20
4,6738,8.495326007785246e-08,0.9197465825987156,0.0802321647415582,2.1167706466098613e-05,25,20,20
4,6739,8.471305364177667e-08,0.7522090654881776,0.208040834909715,0.039750014889053234,25,20,20
4,6740,5.12516044596794e-06,0.9061259973507068,0.09386681769334679,2.0597955000743745e-06,25,20,20
4,6741,8.74540425104607e-08,0.9142324144822476,0.08576694310334476,5.54960364913014e-07,25,20,20
4,6742,2.7596701797877676e-09,0.9347725852399507,0.0652273821768037,2.982357546283583e-08,25,20,20
4,6743,0.02833908974867697,0.8834040359096995,0.08825682621020398,4.813141912864486e-08,25,20,20
4,6744,8.423280999860878e-08,0.9113758938405099,0.08862345742753186,5.644991482273556e-07,25,20,20
4,6745,5.32934674977338e-11,0.8880212892760868,0.11197869669738587,1.3973233931160245e-08,25,20,20
4,6746,2.06882377278468e-11,0.8787795399369789,0.12121946740933373,9.926329991631087e-07,25,20,20
4,6747,1.0685845549646508e-05,0.8142523909411038,0.18573689362278098,2.9590565390004797e-08,25,20,20
4,6748,5.0064689255027685e-11,0.8825375706896993,0.1174624238501782,5.410057750066601e-09,25,20,20
4,6749,8.567254167757926e-10,0.8498091341616077,0.15018989965489782,9.653267683978975e-07,25,20,20
4,6750,3.725592472763778e-12,0.9478023693806564,0.052197620681258335,9.934359703626153e-09,25,20,20
4,6751,8.446616814746376e-10,0.9859917620330161,0.014008236463358248,6.589642581124219e-10,25,20,20
4,6752,8.566430607124506e-06,0.9478218446717684,0.052169068758059434,5.201395650747703e-07,25,20,20
4,6753,3.0908490664735634e-06,0.9458405521827654,0.054156350113070593,6.8550974481730985e-09,25,20,20
4,6754,2.1442957682241346e-08,0.8682295629503701,0.1309453188714047,0.0008250967352670228,25,20,20
4,6755,1.1993908667737883e-07,0.8609743939568274,0.13820040670193529,0.0008250794021502708,25,20,20
4,6756,2.419869846071573e-08,0.9533684156317982,0.04663059957594168,9.60593561962063e-07,25,20,20
4,6757,2.4352310473615463e-08,0.9021425932532163,0.0978570446096634,3.377848099546305e-07,25,20,20
4,6758,1.461527600907131e-09,0.9551144617421636,0.04488551836132814,1.843498091543984e-08,25,20,20
4,6759,3.7841744336196206e-10,0.9437006764561654,0.05629879027847272,5.328869444699077e-07,25,20,20
4,6760,3.3246938477746594e-11,0.9634009224211139,0.036599075942588793,1.6030502560706207e-09,25,20,20
4,6761,7.357862436081587e-10,0.9113862268241024,0.08861318798633232,5.844537790160984e-07,25,20,20
4,6762,6.98708922902145e-11,0.9131212672819499,0.08687754447841892,1.188169760517562e-06,25,20,20
4,6763,2.1852013861639137e-08,0.9208575638428131,0.07914121633259077,1.1979725815069591e-06,25,20,20
4,6764,2.4716126533773467e-08,0.9279727077320978,0.07202670123577104,5.66316004469891e-07,25,20,20
4,6765,1.4638536397556618e-10,0.9599621499219226,0.04003783170948991,1.8222201760731173e-08,25,20,20
4,6766,1.019832497259594e-08,0.9346097432518004,0.06537550047954512,1.474607032931883e-05,25,20,20
4,6767,7.11787820538559e-10,0.9370153799337639,0.06298431156403325,3.077904153136567e-07,25,20,20
4,6768,2.522426634901807e-12,0.960993199583475,0.03900647564627707,3.247677258234988e-07,25,20,20
4,6769,8.454774714673412e-06,0.963857854004409,0.03613272293670831,9.682841676369747e-07,25,20,20
4,6770,2.5744448369055282e-05,0.8251565512023951,0.17481673580890467,9.68540331432907e-07,25,20,20
4,6771,1.5813382101706956e-07,0.8598330046361846,0.14016680747817506,2.9751819147513192e-08,25,20,20
4,6772,2.052044144911823e-08,0.8801954717558546,0.11980450701559235,7.081110197833286e-10,25,20,20
4,6773,2.0396780195204913e-08,0.8463990296506677,0.15360093086367294,1.908887916786155e-08,25,20,20
4,6774,7.335230718331551e-10,0.959619536811411,0.040380461187267166,1.2677986750018178e-09,25,20,20
4,6775,4.673739425940935e-12,0.910739719425554,0.08926027278097884,7.7887929034232e-09,25,20,20
4,6776,3.197787946666646e-06,0.8921269806552732,0.10786980180529011,1.975148964985492e-08,25,20,20
4,6777,2.9570593531187314e-09,0.9365815251698042,0.06341844627183976,2.5601296834565622e-08,25,20,20
4,6778,1.4598025570674324e-10,0.9120852727074746,0.08791471897014819,8.176396876877025e-09,25,20,20
4,6779,6.400849247678939e-11,0.9663918858510873,0.03360811250488946,1.5800148432708412e-09,25,20,20
4,6780,3.534397107515444e-11,0.9069107035718108,0.09308928904102032,7.351824530021786e-09,25,20,20
4,6781,4.07896602924512e-10,0.9016907052932456,0.09830928787915927,6.4196987521332455e-09,25,20,20
4,6782,1.9815680902255885e-09,0.8682442697377502,0.13175570438093734,2.3899744445993347e-08,25,20,20
4,6783,2.0295737142373198e-09,0.8246895795176333,0.17531038785214645,3.060064695565228e-08,25,20,20
4,6784,2.733719542347203e-09,0.8692500484506388,0.1307499183254767,3.0490164516240565e-08,25,20,20
4,6785,4.73609357370932e-06,0.8739053530328492,0.12608935427485263,5.565987242889253e-07,25,20,20
4,6786,4.7360470438401564e-06,0.9022085131386922,0.09778621843182268,5.323824413075349e-07,25,20,20
4,6787,4.7862990145959765e-11,0.8735718975366626,0.12642808611877146,1.6296702253743583e-08,25,20,20
4,6788,5.700028178667174e-08,0.9463561533298838,0.05364378262427832,7.0455556663786704e-09,25,20,20
4,6789,1.1160927069061728e-10,0.9412038922768798,0.05879513258566196,9.750258488999858e-07,25,20,20
4,6790,4.480912473596535e-10,0.9657733149933533,0.034225733397316854,9.511612384449301e-07,25,20,20
4,6791,5.082635319856869e-11,0.9927570908897205,0.007242908407736673,6.517166071849418e-10,25,20,20
4,6792,1.3978960251673694e-11,0.9542728665723381,0.04572598926285215,1.1441508304815278e-06,25,20,20
4,6793,9.825027548531885e-11,0.8570689747842464,0.14293100038135237,2.473615122231603e-08,25,20,20
4,6794,6.276081890049326e-11,0.8903414789281635,0.10965849811936515,2.2889710520386605e-08,25,20,20
4,6795,1.2366419895605649e-12,0.924606013180711,0.07539398678781946,3.023233967566945e-11,25,20,20
4,6796,4.127291659162877e-06,0.8502062034080052,0.14969967286986335,8.999643047211809e-05,25,20,20
4,6797,7.429564023521183e-07,0.9180905625738675,0.08188778046421571,2.0914005514117042e-05,25,20,20
4,6798,4.055807588365256e-09,0.8378049666946539,0.16219502178698086,7.462556968162175e-09,25,20,20
4,6799,1.2575606135907348e-07,0.8179132399758342,0.18208659249845335,4.1769652122847926e-08,25,20,20
4,6800,3.7086611442907674e-09,0.9322173306333884,0.06778262392019979,4.173775075150398e-08,25,20,20
4,6801,0.0030888522426392824,0.8378302290823996,0.15908009840056656,8.202743950808143e-07,25,20,20
4,6802,2.1296730141541876e-11,0.8942973262401885,0.1057022748517917,3.988867231798656e-07,25,20,20
4,6803,2.7654320367182097e-09,0.9206314962697211,0.07936850051332021,4.5152707123137003e-10,25,20,20
4,6804,6.661700094630368e-11,0.9561296640562916,0.043870317939099984,1.7937991426914825e-08,25,20,20
4,6805,6.181426826620142e-11,0.8718182162034394,0.12818176562972755,1.810501876471378e-08,25,20,20
4,6806,1.540057541935928e-11,0.8935298728529623,0.1064701264750833,6.565543407022842e-10,25,20,20
4,6807,7.681330487573965e-10,0.9047814642655111,0.09521852884327764,6.123078680380218e-09,25,20,20
4,6808,8.048746693512047e-11,0.9007088323505615,0.09929114920729536,1.8361655746197985e-08,25,20,20
4,6809,1.5895403394522397e-07,0.9390738767058615,0.06092591204486872,5.2295236012018274e-08,25,20,20
4,6810,1.5892521530142484e-07,0.9424372439987186,0.057562579382728817,1.7693337405451627e-08,25,20,20
4,6811,1.5796291429408602e-06,0.9475121573376204,0.05248623500996381,2.8023272664511088e-08,25,20,20
4,6812,6.066541165283307e-06,0.8559255685782169,0.14406832892635363,3.595426380859188e-08,25,20,20
4,6813,1.6079259055939477e-07,0.9498215768640211,0.050178226810909575,3.553247807215921e-08,25,20,20
4,6814,0.0007461014119864753,0.8421205773632348,0.15713330254525174,1.86795270822625e-08,25,20,20
4,6815,7.542108602397121e-10,0.8912034822958639,0.1087964990107549,1.7939170236468528e-08,25,20,20
4,6816,2.7056022232037005e-09,0.7909320861398166,0.20906763042052698,2.807340532856452e-07,25,20,20
4,6817,2.472790290865647e-09,0.8466751551210203,0.15332483546966635,6.936523125198489e-09,25,20,20
4,6818,1.1622582093989712e-05,0.7899480751577894,0.21004029474233904,7.517776995646624e-09,25,20,20
4,6819,3.303879733901962e-11,0.9060402504123399,0.09395974445734157,5.097279379095891e-09,25,20,20
4,6820,4.312255837651661e-11,0.9296999510024739,0.07030004352964477,5.424758870336414e-09,25,20,20
4,6821,3.7172705654660034e-11,0.9275810632601178,0.07241892499675216,1.1705957472544369e-08,25,20,20
4,6822,5.999196426512891e-11,0.9067552364534471,0.09324474020002377,2.3286537141490822e-08,25,20,20
4,6823,6.192846825528723e-11,0.9433710416297355,0.056628957691164265,6.171719682862398e-10,25,20,20
4,6824,5.0477256942555444e-11,0.9678911579440519,0.032108823905695465,1.8099775319634597e-08,25,20,20
4,6825,9.780302599520489e-11,0.9641287194686694,0.03587029501419846,9.85419329205683e-07,25,20,20
4,6826,3.074391808547144e-11,0.8941325258566599,0.10586692706900663,5.470435897547463e-07,25,20,20
4,6827,4.740931083665648e-10,0.8833489128620471,0.11665107949911872,7.16474126548488e-09,25,20,20
4,6828,1.0864980823509452e-09,0.9035023346756084,0.0957133411908861,0.0007843230470071312,25,20,20
4,6829,8.14261839862966e-10,0.9155743549837234,0.0836413199206205,0.0007843242813941842,25,20,20
4,6830,2.115093861949114e-08,0.9268105869819064,0.07318937307438632,1.879276839262692e-08,25,20,20
4,6831,2.8245026442214444e-09,0.9045696818374913,0.09543030822183159,7.116174446610565e-09,25,20,20
4,6832,2.7859034834859098e-09,0.8762588613909722,0.12374112411165625,1.1711467893305945e-08,25,20,20
4,6833,5.4877273664278856e-09,0.8718043658659725,0.12819560936430416,1.9281996213386716e-08,25,20,20
4,6834,3.148094385720365e-07,0.853473140436991,0.14652650897842645,3.577514370273881e-08,25,20,20
4,6835,1.5920342610676452e-07,0.8993701340335326,0.10062970601545772,7.475833272045855e-10,25,20,20
4,6836,1.582377280322112e-07,0.899680286025756,0.10031955473591085,1.0006048983827456e-09,25,20,20
4,6837,2.3344795900194e-12,0.9163487998991643,0.08365119288836642,7.210134276733547e-09,25,20,20
4,6838,1.729928269122294e-09,0.9266567146036603,0.07334265777396615,6.258924449166358e-07,25,20,20
4,6839,1.9377633095387287e-09,0.8290634385857544,0.1709355696742356,9.898022458058562e-07,25,20,20
4,6840,1.2450451264193196e-11,0.8959844000996264,0.10401523556353828,3.6432438403429757e-07,25,20,20
4,6841,6.125547167160518e-13,0.9503155585865649,0.04968407710389466,3.6430892812239297e-07,25,20,20
4,6842,2.9712877117674113e-10,0.8892611265212793,0.11073849190607256,3.8127551935174137e-07,25,20,20
4,6843,5.306244693847965e-11,0.9021838915878466,0.09781572677053378,3.815885567818696e-07,25,20,20
4,6844,1.7382554182018953e-09,0.866550370000319,0.13344961064742902,1.761399625200748e-08,25,20,20
4,6845,4.1338295711467535e-09,0.8658042735280819,0.1341358944980126,5.982784007541516e-05,25,20,20
4,6846,5.154749954890581e-08,0.8817354890733404,0.11826440091497237,5.8464187900053686e-08,25,20,20
4,6847,2.013025667480353e-08,0.8565086144350242,0.14349135992264547,5.512073809394869e-09,25,20,20
4,6848,1.9009711961991422e-10,0.879192672925344,0.12080732585958459,1.0249742575040975e-09,25,20,20
4,6849,2.137873239989825e-10,0.8370150644451383,0.16298493349012402,1.850950175750241e-09,25,20,20
4,6850,4.6346000281240915e-08,0.8597560803334648,0.14024071069481095,3.1626257238708704e-06,25,20,20
4,6851,1.1495713245603605e-10,0.9155885239131155,0.08441144026630303,3.570562470636026e-08,25,20,20
4,6852,1.0785565526797251e-10,0.8694737306536916,0.13052626923023705,8.215072899786394e-12,25,20,20
4,6853,1.5747161954965788e-07,0.8764190295119023,0.12358053459781092,2.784186666454015e-07,25,20,20
4,6854,4.816237925735156e-06,0.8859326139691731,0.11406229091091603,2.788819847390043e-07,25,20,20
4,6855,6.309931391005388e-11,0.9075383031662447,0.09246140648204033,2.9028861570167817e-07,25,20,20
4,6856,4.110557968966897e-10,0.9309704100075694,0.06902958862515261,9.562221654252956e-10,25,20,20
4,6857,0.030802820889818356,0.7612144405231195,0.20778268567284908,0.00020005291421154207,25,20,20
4,6858,2.6755845623642936e-10,0.9421916894017914,0.05780776325069221,5.470799578684623e-07,25,20,20
4,6859,7.743914608435317e-11,0.9311072392566527,0.06889274221466091,1.8451247181513576e-08,25,20,20
4,6860,6.194888450750462e-12,0.8934977212867525,0.10650226058347587,1.8123576346778082e-08,25,20,20
4,6861,1.0498388529684292e-10,0.9275427255410826,0.07245723844229955,3.5911633613613904e-08,25,20,20
4,6862,8.933779875461592e-08,0.9269068710011947,0.07309299473106802,4.492993820044154e-08,25,20,20
4,6863,7.787328422143187e-10,0.9025108972270454,0.09748906643505192,3.555916982842398e-08,25,20,20
4,6864,2.22234467675462e-06,0.9272302728974974,0.07276745333239579,5.1425430001145755e-08,25,20,20
4,6865,5.703379379269168e-08,0.8931065019794389,0.10689313441785706,3.0656891058906185e-07,25,20,20
4,6866,5.695507216661759e-08,0.8772451306097264,0.1227545121958443,3.0023935722419887e-07,25,20,20
4,6867,9.510806331120532e-08,0.7953878811403076,0.20461199958123552,2.4170393469084772e-08,25,20,20
4,6868,1.924825794627236e-09,0.9456968015418138,0.05430318519611742,1.1337243171273444e-08,25,20,20
4,6869,1.8562019457735275e-10,0.8413365697915403,0.15866176370172652,1.6663211133313837e-06,25,20,20
4,6870,5.030708550894308e-11,0.9569742937863757,0.043025688856360766,1.730695639399409e-08,25,20,20
4,6871,7.487350501265957e-08,0.8962784437648785,0.10372145573746995,2.5624146543933872e-08,25,20,20
4,6872,7.531990210424181e-08,0.7968467277335889,0.2031226592251151,3.053772139408321e-05,25,20,20
4,6873,7.588669115108674e-08,0.8595889281222304,0.14041098236275887,1.3628319089164128e-08,25,20,20
4,6874,7.658899646362933e-08,0.7944971920089487,0.2055027227902237,8.611831258653806e-09,25,20,20
4,6875,2.6124582668772245e-07,0.750182171276314,0.24981750817699702,5.9300862015720096e-08,25,20,20
4,6876,5.7308224033327985e-08,0.8528964705451674,0.14710250425461394,9.678919941512983e-07,25,20,20
4,6877,6.747572483723562e-11,0.872898047929156,0.12710193335336029,1.8650007684188035e-08,25,20,20
4,6878,7.134144205009654e-10,0.9212918261489602,0.07870813752216547,3.5615460021688285e-08,25,20,20
4,6879,1.541489275654154e-07,0.9335052817685545,0.06649298162954588,1.5824529719724718e-06,25,20,20
4,6880,1.574424332670931e-07,0.9545402675956162,0.045458606550461814,9.684114886712032e-07,25,20,20
4,6881,5.499932445848898e-09,0.9826838301696442,0.01731517876541392,9.855650091571188e-07,25,20,20
4,6882,2.6590340669787863e-09,0.9540344480082077,0.045963598562737226,1.950770020687224e-06,25,20,20
4,6883,2.6461747468255927e-09,0.9377385685118721,0.06226044555525118,9.832867016611335e-07,25,20,20
4,6884,5.4278058133564384e-11,0.8896366093623513,0.11036338452522136,6.05814885272245e-09,25,20,20
4,6885,2.933144858868752e-10,0.8976755442187963,0.10232444833001011,7.1578796910071455e-09,25,20,20
4,6886,7.074597477581798e-10,0.9500620531337364,0.04993794510994376,1.0488604420532142e-09,25,20,20
4,6887,2.718613593207302e-12,0.9344240052286849,0.06557570535828491,2.8941031122943096e-07,25,20,20
4,6888,5.690142938743051e-08,0.963925816679849,0.03607410912022856,1.7298492922308923e-08,25,20,20
4,6889,3.776048046121321e-08,0.9158206979969179,0.08417828070316752,9.83539433733965e-07,25,20,20
4,6890,8.063081879310161e-08,0.8006532822790143,0.19934661824346672,1.884669930270585e-08,25,20,20
4,6891,4.760993295772138e-06,0.8869083019651339,0.11308689145196926,4.5589601515171e-08,25,20,20
4,6892,4.762726031252467e-06,0.8432399611058746,0.15675526607068213,1.0097412741552121e-08,25,20,20
4,6893,4.811769903418901e-06,0.8248855015395142,0.17510967050212944,1.618845224131473e-08,25,20,20
4,6894,4.811746833789042e-06,0.8732177667066996,0.12677741084116081,1.0705305565364343e-08,25,20,20
4,6895,1.5873078502920836e-09,0.8541410079346169,0.1458589617669136,2.8711161610147425e-08,25,20,20
4,6896,3.1458558393293863e-09,0.8445754916991138,0.1554245031101372,2.0448930934109163e-09,25,20,20
4,6897,1.4453574248565306e-11,0.8918246358352208,0.10817536371507608,4.352494496100602e-10,25,20,20
4,6898,3.496543717982642e-09,0.9413013192723505,0.058698676268729766,9.623756538671965e-10,25,20,20
4,6899,3.6856090854790874e-08,0.9005607974561863,0.09943915416302404,1.1524698076636102e-08,25,20,20
4,6900,3.680793744275426e-08,0.8695793071403191,0.13042063622014852,1.9831595661008136e-08,25,20,20
4,6901,7.363294908866328e-10,0.9400600706612482,0.05993990994441718,1.8658005213305725e-08,25,20,20
4,6902,3.9185171064106254e-08,0.9078698359764839,0.09213008904546668,3.5792878195661986e-08,25,20,20
4,6903,1.8297181944444815e-09,0.8754930487121598,0.12450650443698161,4.450211405955972e-07,25,20,20
4,6904,4.04126269551287e-08,0.9642717896263048,0.03572813442652997,3.553453836385903e-08,25,20,20
4,6905,9.724716728744536e-08,0.8862242692161881,0.11377508318823903,5.5034840597453e-07,25,20,20
4,6906,3.966349756890629e-08,0.8925478345879246,0.10745115969389905,9.660546788942928e-07,25,20,20
4,6907,4.230409418357384e-08,0.9063324364531818,0.09366752028670913,9.560151030176718e-10,25,20,20
4,6908,1.7098559357162807e-07,0.9345595353687111,0.06544029269063953,9.550556487038221e-10,25,20,20
4,6909,9.282843087144417e-08,0.8554317378842695,0.14456814564134654,2.364595364841226e-08,25,20,20
4,6910,1.6078735170004703e-09,0.8339050624697762,0.16609379653187958,1.1393904706287354e-06,25,20,20
4,6911,7.410456337598503e-09,0.8487251268063063,0.15127485905487073,6.728366330050864e-09,25,20,20
4,6912,4.2941154715742185e-09,0.8352310964544273,0.16467454224461914,9.435700683750114e-05,25,20,20
4,6913,1.406336803750563e-09,0.866891461290588,0.13310851784886849,1.9454206121303227e-08,25,20,20
4,6914,3.4392110346109507e-11,0.8323244442457975,0.1676755355704991,2.01493110897178e-08,25,20,20
4,6915,1.3756367829588742e-10,0.9343992034348402,0.06560043182875745,3.645988381406044e-07,25,20,20
4,6916,5.093308974764292e-11,0.9849519055198455,0.015048042452491221,5.197672999565351e-08,25,20,20
4,6917,6.340817637943808e-11,0.9310517276199259,0.06894827197624877,3.4041662596167254e-10,25,20,20
4,6918,1.031230391979392e-09,0.8750978182965568,0.12490216413587196,1.653634065486625e-08,25,20,20
4,6919,1.6953388239343623e-09,0.8901727661338726,0.10982721582704341,1.6343744892934733e-08,25,20,20
4,6920,8.658625997922973e-06,0.8515659279900111,0.14842536099842155,5.2385569309235975e-08,25,20,20
4,6921,1.008968706572946e-09,0.8974554218222888,0.10254455923407155,1.7934670952433627e-08,25,20,20
4,6922,1.000298795142423e-09,0.8975132803160636,0.10248671818132986,5.023075214661825e-10,25,20,20
4,6923,3.008233928029444e-12,0.8453755379086489,0.15459819509634282,2.6266992000035395e-05,25,20,20
4,6924,5.5976036688927535e-11,0.8943389818054809,0.10566101708370958,1.0548333184764306e-09,25,20,20
4,6925,4.10661348267551e-08,0.8420275258821459,0.15795770477836937,1.4728273349731403e-05,25,20,20
4,6926,2.201439053117178e-08,0.851876001013277,0.14812395556986588,2.1402466411851045e-08,25,20,20
4,6927,7.638519579238297e-11,0.9353900370012924,0.06460897895894142,9.83963380805668e-07,25,20,20
4,6928,1.1284158863044961e-08,0.935760340851103,0.06423962870271022,1.9162027453245406e-08,25,20,20
4,6929,1.2278248640356626e-08,0.8469885938023252,0.15301136982515207,2.409427347790526e-08,25,20,20
4,6930,1.1658558618389413e-08,0.8870393754747019,0.1129596442312357,9.686355035142518e-07,25,20,20
4,6931,2.1370496358602596e-08,0.934873942105705,0.06512508538092784,9.511428704871715e-07,25,20,20
4,6932,2.1322153929316494e-08,0.9406149941062195,0.05938498423486121,3.36765335438737e-10,25,20,20
4,6933,2.136968119609587e-08,0.9412931183366642,0.05870682532876937,3.4964884574139775e-08,25,20,20
4,6934,2.770820450417742e-09,0.9455227643408651,0.054477160402629794,7.248568462910128e-08,25,20,20
4,6935,1.5769515914376098e-07,0.9306279259874313,0.06937184884082291,6.74765860861887e-08,25,20,20
4,6936,1.6121906808037984e-07,0.8974822314451447,0.10251754941148607,5.79243009338291e-08,25,20,20
4,6937,5.53126940903679e-08,0.9173198198277319,0.08268012392043678,9.39136755802871e-10,25,20,20
4,6938,3.72157537643322e-08,0.9035248632697822,0.09647509887389001,6.405738765829038e-10,25,20,20
4,6939,3.717680110304746e-08,0.88778509676225,0.11221486586858527,1.9236325201420164e-10,25,20,20
4,6940,5.6824521466830116e-11,0.8600122025739083,0.13998779185748966,5.51177668848453e-09,25,20,20
4,6941,2.815108471713846e-09,0.9023496078996334,0.09765037197303363,1.73122243703813e-08,25,20,20
4,6942,3.0249230766472252e-09,0.8451490246831938,0.1548509497008042,2.2591078803623725e-08,25,20,20
4,6943,1.5549995743309089e-09,0.9039425811584999,0.09605739438691785,2.2899583152931255e-08,25,20,20
4,6944,1.8974085293113835e-09,0.8813855398679968,0.1186144466207202,1.1613874470364988e-08,25,20,20
4,6945,7.915206296186277e-08,0.7978546766694048,0.20212424802172366,2.0996156809211148e-05,25,20,20
4,6946,5.6573998724525255e-08,0.8658401324768462,0.13413882296485816,2.098798429651387e-05,25,20,20
4,6947,5.346937813247325e-11,0.9400355659389333,0.05996439900048409,3.500711317648672e-08,25,20,20
4,6948,1.4016133903614785e-08,0.8269143895633168,0.1730855957501598,6.703898699639554e-10,25,20,20
4,6949,1.0946921849023177e-08,0.9120029446478264,0.08799673697506956,3.074301824081947e-07,25,20,20
4,6950,7.498496997688293e-11,0.9808618407526802,0.019138158201789837,9.705455365381099e-10,25,20,20
4,6951,5.989301346535733e-09,0.9490726190453814,0.05092674893873408,6.26026583051189e-07,25,20,20
4,6952,7.319295013531463e-09,0.9170346450010853,0.08296469488811209,6.52791507313151e-07,25,20,20
4,6953,1.2070236869247866e-09,0.9381753642051752,0.061823998662116145,6.359256847058928e-07,25,20,20
4,6954,5.887468377296025e-10,0.9728466529181808,0.02715272079839929,6.25694673057408e-07,25,20,20
4,6955,6.49352570892164e-11,0.9536106173631416,0.0463893535712503,2.9000672802187378e-08,25,20,20
4,6956,9.499393399667143e-11,0.8885797791919064,0.11142019141401337,2.9299086331146026e-08,25,20,20
4,6957,1.598534339551066e-09,0.9194939272375876,0.08050607080701443,3.5686317217953613e-10,25,20,20
4,6958,1.2682430738454768e-10,0.9369057985434481,0.06309416468668111,3.664304614479578e-08,25,20,20
4,6959,2.8273128543319154e-09,0.9071252851658603,0.09287469338853194,1.8618294821700918e-08,25,20,20
4,6960,7.437732138784006e-11,0.932151938639222,0.06784802546896422,3.5817436392845684e-08,25,20,20
4,6961,1.1553251234706374e-10,0.9250337497217381,0.07496624950419532,6.585338901767993e-10,25,20,20
4,6962,2.423812640961871e-11,0.9455657096823983,0.05441956209834254,1.4728195020809243e-05,25,20,20
4,6963,5.130873400601282e-11,0.938058325412192,0.06194167371014573,8.263531224658777e-10,25,20,20
4,6964,1.930605801551641e-08,0.9291557167364191,0.07084426331780626,6.397166152146936e-10,25,20,20
4,6965,2.876804286470062e-09,0.9110559533367969,0.08894402584768128,1.793871718054784e-08,25,20,20
4,6966,2.1519670775884043e-10,0.8792852238379987,0.12071413529471178,6.406520926935306e-07,25,20,20
4,6967,2.8001951942791383e-09,0.8924169969107214,0.10758140890052945,1.5913885536492802e-06,25,20,20
4,6968,1.8492724099479828e-10,0.7953367258019134,0.20466115040569074,2.123607468094468e-06,25,20,20
4,6969,3.050263696868298e-11,0.9297974319196998,0.07020256771284,3.3695769211930036e-10,25,20,20
4,6970,5.5449744384975245e-09,0.9380965153400151,0.06190346127735057,1.783766011303392e-08,25,20,20
4,6971,7.003176932848548e-10,0.92692727992877,0.07307266676534878,5.260556336089595e-08,25,20,20
4,6972,2.7757892931811372e-09,0.8729585385524063,0.12704144081050353,1.7861300674657166e-08,25,20,20
4,6973,2.7491654299633642e-09,0.9908776918318185,0.009122304447242132,9.717742819763534e-10,25,20,20
4,6974,7.444207437294445e-13,0.9467344719562815,0.05326551842290094,9.620072979205413e-09,25,20,20
4,6975,1.7037532727143262e-08,0.9423637114285913,0.0576349236265393,1.3479073364790653e-06,25,20,20
4,6976,1.9825820473148982e-08,0.9657472127810063,0.034252402785205055,3.6460796818343565e-07,25,20,20
4,6977,3.449546404479249e-09,0.892492626883874,0.1075064191376907,9.505288881238191e-07,25,20,20
4,6978,3.5032835848130246e-09,0.9292012670111999,0.07079776147154294,9.68013973676979e-07,25,20,20
4,6979,8.360078973824225e-10,0.9166652357761064,0.08333381283994999,9.505479350944464e-07,25,20,20
4,6980,7.582218731286967e-10,0.9683946245747616,0.0316043988970119,9.757700045533237e-07,25,20,20
4,6981,6.425890470194734e-11,0.9425423256637463,0.057457673236125835,1.0358686650752395e-09,25,20,20
4,6982,7.324017246005292e-11,0.9557052462526512,0.04429475264075403,1.0333543986906266e-09,25,20,20
4,6983,7.552727778924123e-11,0.9572343886445884,0.04276530480274561,3.0647713827267173e-07,25,20,20
4,6984,6.362702075005548e-11,0.9587991300455081,0.041200869564628005,3.262366510719719e-10,25,20,20
4,6985,7.806257075360344e-10,0.9156136834828139,0.08438629772649393,1.8010066101482635e-08,25,20,20
4,6986,3.413897809805874e-05,0.8224549756292758,0.1525857948331706,0.024925090559454636,25,20,20
4,6987,2.806395898494691e-09,0.8964253150812597,0.10357463615019435,4.596214962240048e-08,25,20,20
4,6988,1.286530926660241e-10,0.9203297547958562,0.0796702268552637,1.822022659881456e-08,25,20,20
4,6989,4.581702759579165e-08,0.8652711938822683,0.1347287592704361,1.0302678687062124e-09,25,20,20
4,6990,3.154592930920068e-09,0.7795739616532105,0.22042601997701705,1.521517852798861e-08,25,20,20
4,6991,3.506345098386521e-09,0.9533215053802645,0.0466784897545558,1.3588341807884212e-09,25,20,20
4,6992,3.5467294526534854e-09,0.8899940664962896,0.1100059236121057,6.344874787975922e-09,25,20,20
4,6993,2.9316326305347525e-09,0.8675324643615978,0.13246753062638664,2.080382170396668e-09,25,20,20
4,6994,1.3881741898013884e-06,0.8949228183222034,0.10507576307249003,3.043111672264397e-08,25,20,20
4,6995,1.5453660411221483e-06,0.915637683251425,0.08433805452733019,2.2716855203913532e-05,25,20,20
4,6996,1.3874142303824392e-06,0.8842674545808219,0.1157311401645373,1.7840410118659537e-08,25,20,20
4,6997,1.1977954256934822e-08,0.8392518351605441,0.16074814074689517,1.2114606566223693e-08,25,20,20
4,6998,1.1351355410301588e-08,0.9079582389808333,0.09204174921859336,4.492180841209955e-10,25,20,20
4,6999,1.5384012019606935e-07,0.9380917299186358,0.06190811519061399,1.050629776856268e-09,25,20,20
4,7000,2.3432992321416076e-07,0.9461297973724929,0.053869914297659804,5.3999924105323276e-08,25,20,20
4,7001,1.5463189671865793e-07,0.9565754935056354,0.043424281965082245,6.989738547941911e-08,25,20,20
4,7002,1.82098709185721e-10,0.9198024343733686,0.08019753813904003,2.7305492692328633e-08,25,20,20
4,7003,7.965201452409987e-11,0.8081493520631894,0.19185063017729148,1.7679866216797564e-08,25,20,20
4,7004,1.1141014614167961e-10,0.9455402391746697,0.05445974340514942,1.730877081305812e-08,25,20,20
4,7005,1.5440486961889954e-11,0.8664548414443878,0.1335451519352815,6.6048904494404405e-09,25,20,20
4,7006,3.478839281874745e-05,0.7997029633160353,0.20026210976841877,1.3852272690065732e-07,25,20,20
4,7007,1.8306536777581258e-09,0.8758162370320148,0.12418280959170958,9.515456217051133e-07,25,20,20
4,7008,2.393307577108488e-09,0.9074452306464791,0.0925538148186864,9.521415268096611e-07,25,20,20
4,7009,1.0802673022388322e-09,0.8677911060806437,0.13220884572921585,4.710987265545386e-08,25,20,20
4,7010,1.040551183002487e-09,0.8586965407008956,0.1413028824345994,5.758239537227129e-07,25,20,20
4,7011,1.7370870782146074e-09,0.8916695732223245,0.10833041309846696,1.194212118322152e-08,25,20,20
4,7012,1.4232858302123916e-09,0.9272284352733433,0.07277055101910604,1.0122842647688375e-06,25,20,20
4,7013,1.1907328600466696e-10,0.8778422567470082,0.12215773101046346,1.2123454559800827e-08,25,20,20
4,7014,5.720251637731787e-11,0.860129371529273,0.13987061599271777,1.2420806097432106e-08,25,20,20
4,7015,1.467314732373069e-11,0.959246720352025,0.04075327837348716,1.2598152266725532e-09,25,20,20
4,7016,3.790499785562884e-08,0.9336058531300121,0.06639409129307035,1.7671919331951294e-08,25,20,20
4,7017,2.6801619593458864e-11,0.9040277108186001,0.09597228848213865,6.724590296093236e-10,25,20,20
4,7018,6.910043426347669e-10,0.937340041739418,0.06265957472750017,3.828420772844343e-07,25,20,20
4,7019,1.0737984148369485e-09,0.9440358751575006,0.05596409974052012,2.4028180707536236e-08,25,20,20
4,7020,6.209495744747031e-11,0.9094609792257035,0.09053742682123042,1.593890971256636e-06,25,20,20
4,7021,2.9560630047708357e-09,0.8962158973682929,0.10378409871387088,9.617731237376122e-10,25,20,20
4,7022,5.516487376472941e-09,0.8876075814607218,0.1123770942229916,1.5318799799270833e-05,25,20,20
4,7023,1.0642274113651956e-06,0.9326491890242506,0.06734830243193644,1.4443164016840322e-06,25,20,20
4,7024,1.0677462613505026e-06,0.9458446051594273,0.054151897344785864,2.4297495257874046e-06,25,20,20
4,7025,4.306967034163322e-09,0.9705193521065396,0.029479682880546032,9.607059474282684e-07,25,20,20
4,7026,1.135228012765673e-08,0.8794045988962738,0.12059535523680831,3.451463757155759e-08,25,20,20
4,7027,4.316059568823229e-09,0.8223080913292995,0.17769187071305917,3.364158151946195e-08,25,20,20
4,7028,8.718572758954655e-08,0.9126781682435111,0.08732173456542251,1.0005339024213926e-08,25,20,20
4,7029,9.300187986208806e-09,0.7755456721685351,0.22435973403085252,9.458450042333278e-05,25,20,20
4,7030,2.6837529107944266e-09,0.8324285296721768,0.16757145046193458,1.718213506745316e-08,25,20,20
4,7031,1.7187885292070903e-11,0.9058278345747709,0.09415743713304538,1.472827499547543e-05,25,20,20
4,7032,6.38492076054858e-05,0.8220400949095965,0.1778813270251106,1.4728857687464476e-05,25,20,20
4,7033,7.572518464445511e-10,0.9139230443597216,0.08607695411631466,7.667115673424876e-10,25,20,20
4,7034,1.7935088755350653e-09,0.935280097424863,0.06471988247446916,1.8307158797698774e-08,25,20,20
4,7035,1.3727128836067462e-11,0.9070743411357094,0.09292565804156191,8.090014793319355e-10,25,20,20
4,7036,2.476863978374561e-06,0.8347693529404849,0.165227521249662,6.48945875469333e-07,25,20,20
4,7037,3.29346787178381e-07,0.8307428567499463,0.16443721761415223,0.004819596289113778,25,20,20
4,7038,2.832606616578017e-06,0.6761044071572013,0.31900665325558797,0.004886106980593277,25,20,20
4,7039,7.705877160534715e-10,0.706659401787218,0.2933394091339904,1.1883082033130817e-06,25,20,20
4,7040,4.518400718247483e-08,0.8773821284216429,0.12261782549751846,8.968315116483591e-10,25,20,20
4,7041,9.740225213347806e-10,0.9085650933602261,0.0914349051890873,4.766643102920753e-10,25,20,20
4,7042,1.807365986010887e-09,0.8273726017616352,0.17088390714582816,0.001743489285169957,25,20,20
4,7043,1.4704259042160999e-09,0.9603523482285045,0.03964669929984552,9.510012239000348e-07,25,20,20
4,7044,7.923955909078641e-10,0.9482316418147246,0.051768339583868485,1.780901090619835e-08,25,20,20
4,7045,1.993710943729801e-07,0.8503268525947775,0.14967217487637666,7.731577517099632e-07,25,20,20
4,7046,1.0305025010797931e-10,0.924202350745871,0.07579764819447021,9.566083602689096e-10,25,20,20
4,7047,1.5887015352370008e-07,0.8956395754109979,0.1043597011628461,5.645560024712769e-07,25,20,20
4,7048,1.8155020492622041e-09,0.8644536511285894,0.1355463290558445,1.8000064076012667e-08,25,20,20
4,7049,3.88077443249395e-08,0.8905243105987555,0.10947564987371475,7.197851132874127e-10,25,20,20
4,7050,7.909828584809698e-10,0.8787131440320082,0.12128649027052228,3.6490648647034656e-07,25,20,20
4,7051,8.604052486783417e-11,0.8672786709479143,0.1327209641695596,3.647964852594944e-07,25,20,20
4,7052,9.651825251620201e-08,0.9504913553620381,0.049508548080738055,3.897089528320571e-11,25,20,20
4,7053,9.651978548450796e-08,0.9004488432068938,0.09955104203953041,1.823379011362349e-08,25,20,20
4,7054,3.8444404668185784e-10,0.8495317061173931,0.15046826608522534,2.7412937217223954e-08,25,20,20
4,7055,1.1276130454266355e-10,0.8709311427038401,0.12906884725473375,9.928664779039223e-09,25,20,20
4,7056,8.459923987339936e-08,0.8739792801516217,0.12602063380389178,1.44524611472641e-09,25,20,20
4,7057,0.02031522312738867,0.8546468733961108,0.12503785307153195,5.0404968397751965e-08,25,20,20
4,7058,2.3836209419519241e-07,0.803726473089037,0.19627327006979253,1.847907618978333e-08,25,20,20
4,7059,8.453252094161955e-08,0.8424452130997436,0.1575541588093539,5.435583814681888e-07,25,20,20
4,7060,6.082080125577447e-12,0.8627099574565836,0.13729004221790858,3.194255910840871e-10,25,20,20
4,7061,1.8269416406191786e-09,0.8304213661219683,0.1695770002178065,1.6318332837951684e-06,25,20,20
4,7062,6.171894811100619e-09,0.9293872107248758,0.07061181466238325,9.684408459439324e-07,25,20,20
4,7063,7.585398277960421e-12,0.889136830751768,0.1108631683685416,8.721051934854974e-10,25,20,20
4,7064,2.1324533727028066e-08,0.834434529185619,0.165565439041443,1.0448404103688633e-08,25,20,20
4,7065,9.029309206439656e-11,0.8994670198998924,0.10053297924948115,7.603328789600392e-10,25,20,20
4,7066,7.309777342458917e-10,0.9055307256031946,0.09446896695952038,3.0670630707926764e-07,25,20,20
4,7067,1.1177785742438585e-09,0.9396934829074164,0.060306191782005795,3.241927993656838e-07,25,20,20
4,7068,1.149606363697122e-09,0.8910042634560901,0.10899476701636533,9.683779379587996e-07,25,20,20
4,7069,4.74140999775951e-10,0.875493915662211,0.12450579387086655,2.8999278099261064e-07,25,20,20
4,7070,7.306189047538379e-09,0.8994585337947345,0.1005414587580252,1.4105091980951213e-10,25,20,20
4,7071,7.788698315474635e-10,0.8770147957004754,0.12298424781631744,9.557043368538345e-07,25,20,20
4,7072,8.505527582636418e-10,0.8493153820743552,0.15068363912265567,9.779524360545627e-07,25,20,20
4,7073,7.471856847636171e-10,0.7929803049042263,0.207018688542587,1.0058060005689528e-06,25,20,20
4,7074,1.9280895038537e-07,0.8774674910904924,0.12253231545623762,6.443196807359789e-10,25,20,20
4,7075,5.124958697775174e-11,0.8691168360390447,0.1308822135896283,9.50320077572114e-07,25,20,20
4,7076,2.8705038034130385e-09,0.8604405413394944,0.13955945562306263,1.6693939377260975e-10,25,20,20
4,7077,5.661058121511735e-11,0.9294767270120394,0.070523272276721,6.546289161051576e-10,25,20,20
4,7078,2.7324104372633693e-09,0.9715985954948692,0.028401400529193106,1.243527434665215e-09,25,20,20
4,7079,2.745788369323734e-09,0.9061899932513997,0.09380998546573145,1.8537080051372527e-08,25,20,20
4,7080,2.8439098565468214e-09,0.9593287048789211,0.04067127320002123,1.9077148209281337e-08,25,20,20
4,7081,9.234647874062988e-11,0.9365344392296325,0.06346554191702734,1.8760993246138063e-08,25,20,20
4,7082,1.2874884397195294e-10,0.8995770318910775,0.1004229146208887,5.335928473931197e-08,25,20,20
4,7083,6.931510549573324e-11,0.8850973618309668,0.1149026026356111,3.5464106978126655e-08,25,20,20
4,7084,6.553946544785389e-11,0.9093566819374798,0.0906432822790635,3.571791697540408e-08,25,20,20
4,7085,4.0428618434730826e-11,0.9011734612480837,0.09882555269986387,9.860116238107019e-07,25,20,20
4,7086,1.1452591450542544e-06,0.8872894745703743,0.11270828358679555,1.0965836849304324e-06,25,20,20
4,7087,1.5869831396905602e-09,0.9217257992347863,0.07827419858871297,5.895173374292369e-10,25,20,20
4,7088,1.5379092217665527e-07,0.9495393803376235,0.050460447507368944,1.836408526019631e-08,25,20,20
4,7089,3.0971340224639446e-10,0.9297218402643435,0.07027779495392959,3.6447201371460636e-07,25,20,20
4,7090,2.0733326453037895e-09,0.8836541916497797,0.11634541384500639,3.924318811819383e-07,25,20,20
4,7091,7.49412192626568e-11,0.8634340950026307,0.1365653490630547,5.558593732200551e-07,25,20,20
4,7092,9.868044029025714e-08,0.8773015026289557,0.12269785173176771,5.469588362676689e-07,25,20,20
4,7093,7.41524508151188e-10,0.916098760402832,0.08390029246212068,9.463935224338363e-07,25,20,20
4,7094,4.48175818606746e-09,0.8925945817367972,0.10740436756210188,1.0462193422481977e-06,25,20,20
4,7095,1.480480618599702e-09,0.9756416861312316,0.024358292827202033,1.9561085900392413e-08,25,20,20
4,7096,1.589780035960558e-07,0.8868369650385277,0.11316286958619931,6.397269383533571e-09,25,20,20
4,7097,4.246322098713385e-10,0.9548639868106258,0.04513599610690418,1.6657837447498207e-08,25,20,20
4,7098,1.0113898871064496e-10,0.9331674347237078,0.06683255994718552,5.2279681531682485e-09,25,20,20
4,7099,2.3769137459857116e-06,0.9272198208446395,0.07277780149571242,7.459021486442211e-10,25,20,20
4,7100,6.753173146156421e-06,0.8155103221959249,0.18448292367795976,9.52969461796598e-10,25,20,20
4,7101,2.314881652883274e-08,0.9110582550212452,0.08894073834323808,9.834866999656607e-07,25,20,20
4,7102,0.00015769159789597004,0.8725055253104543,0.1273364662068806,3.1688476916386155e-07,25,20,20
4,7103,0.000157690123908794,0.82467278268068,0.17516920254188065,3.246535299392781e-07,25,20,20
4,7104,0.000157692273501263,0.8895171533449313,0.11032481962065134,3.3476091544280955e-07,25,20,20
4,7105,2.7631405324657436e-09,0.8483524463814692,0.15164753567164369,1.5183745780544643e-08,25,20,20
4,7106,2.600399076845786e-12,0.9551391467041558,0.04486083229296356,2.1000280103481383e-08,25,20,20
4,7107,1.3311385476548756e-11,0.9444482445118464,0.05555175513500785,3.3983430896110403e-10,25,20,20
4,7108,3.8453263745489746e-08,0.9397469112030518,0.06025303271619225,1.762749185853627e-08,25,20,20
4,7109,1.2965255098068406e-07,0.9315384169618693,0.06846139029785041,6.308772929910683e-08,25,20,20
4,7110,1.3310183166195725e-07,0.8879473682435705,0.11205245310743893,4.554715808480061e-08,25,20,20
4,7111,9.333099355009405e-08,0.9240172284849645,0.07598266727853403,1.09055076875915e-08,25,20,20
4,7112,9.060295322772224e-08,0.8953647107639406,0.1046351622350714,3.6398033831536665e-08,25,20,20
4,7113,7.698290445438852e-07,0.9082254654194238,0.09177375866370108,6.087830419690026e-09,25,20,20
4,7114,1.5008912557397117e-09,0.8353922167306622,0.16460747501844392,3.067500022964971e-07,25,20,20
4,7115,2.401114760861767e-07,0.8687632774812112,0.1312364436480351,3.875927799777801e-08,25,20,20
4,7116,2.1099939278760397e-07,0.8832808404130426,0.11671891334752912,3.524003573712786e-08,25,20,20
4,7117,5.7319593251656644e-08,0.928647090690491,0.07135283408280983,1.7907105760540447e-08,25,20,20
4,7118,5.66452802364006e-08,0.9503237331393707,0.04967619189130815,1.8324040386642997e-08,25,20,20
4,7119,3.1014690102286645e-11,0.9156740484018577,0.08432594513080258,6.436324645096467e-09,25,20,20
4,7120,2.52024400376426e-12,0.8976572331503067,0.1023427666336194,2.1355374045925113e-10,25,20,20
4,7121,3.0616376701556957e-10,0.873961496802439,0.12603816998282094,3.3290857603209424e-07,25,20,20
4,7122,3.4012701787763586e-10,0.900077274059075,0.09992226399175666,4.616090413194036e-07,25,20,20
4,7123,1.5237981739739479e-09,0.9224121023739911,0.07758789404907863,2.0531318112610827e-09,25,20,20
4,7124,1.524568777542138e-09,0.8457065311016566,0.1542934665454998,8.282744738422117e-10,25,20,20
4,7125,3.961227609833749e-08,0.9516310942442613,0.04836886548482224,6.586406615993365e-10,25,20,20
4,7126,1.1282838764296774e-06,0.797515292155579,0.2024835639101434,1.5650400851964714e-08,25,20,20
4,7127,1.449645101552336e-08,0.8451119982102656,0.15486691769402885,2.1069599253538384e-05,25,20,20
4,7128,7.385982164084541e-10,0.8899791369342753,0.1100198937881208,9.685390053793647e-07,25,20,20
4,7129,1.9515395230427928e-08,0.8877408668323057,0.11225768915340162,1.424498896875605e-06,25,20,20
4,7130,1.099260764983804e-09,0.8316281731470099,0.16837061756912278,1.208184606509434e-06,25,20,20
4,7131,7.211601739547577e-10,0.9260239343441619,0.07397509588081895,9.690538587563008e-07,25,20,20
4,7132,1.5675384899752807e-06,0.8323451288663246,0.16536386388588828,0.002289439709296453,25,20,20
4,7133,7.324672376877469e-10,0.946476927803232,0.05352207955473886,9.91909561501958e-07,25,20,20
4,7134,1.0756397271360668e-11,0.8945923975920923,0.1054075768515969,2.5545554444909253e-08,25,20,20
4,7135,2.7496448599101245e-09,0.8770299356875535,0.12297002512339579,3.643940569010133e-08,25,20,20
4,7136,9.968353630246774e-11,0.9608150570784383,0.03918490657659674,3.624528120443039e-08,25,20,20
4,7137,2.9793083454525477e-09,0.8601207187942709,0.1398785690680977,7.091583229081164e-07,25,20,20
4,7138,5.4717902401752156e-08,0.7893698062012173,0.2106301376969867,1.3838935822512426e-09,25,20,20
4,7139,5.258583106878011e-08,0.8459826342580237,0.15401729480677603,1.8349368600576243e-08,25,20,20
4,7140,1.572421425916245e-07,0.8424267783119216,0.15757301799280782,4.645312723399341e-08,25,20,20
4,7141,4.1802361808000946e-08,0.8356051615668559,0.16439446115052156,3.354802604621639e-07,25,20,20
4,7142,1.7113057047282064e-09,0.9186987783741718,0.08130116701243517,5.290208718751232e-08,25,20,20
4,7143,4.380559388935256e-11,0.9544034840963246,0.045596445939806794,6.992006296390893e-08,25,20,20
4,7144,3.80275820953736e-09,0.9609922168747315,0.03900774406178192,3.5260728306297086e-08,25,20,20
4,7145,1.4987373827646626e-11,0.9302456007816253,0.06975407580336862,3.234000184516832e-07,25,20,20
4,7146,2.7014776727388833e-09,0.9616305043726999,0.0383694869130034,6.012818808677415e-09,25,20,20
4,7147,3.1023965150947865e-09,0.9401843097324329,0.05981568620658191,9.58588239209787e-10,25,20,20
4,7148,2.750315258378069e-09,0.8221857667984677,0.17781422441883754,6.032378307524562e-09,25,20,20
4,7149,2.7233653090449334e-09,0.8647822503317764,0.1352177245478536,2.2397004143991147e-08,25,20,20
4,7150,2.776201603005146e-09,0.919015549019003,0.08098440815417125,4.0050623833975115e-08,25,20,20
4,7151,6.659466226615097e-11,0.9078469231524522,0.09215305857122219,1.8209730880282563e-08,25,20,20
4,7152,8.464746403836868e-10,0.8572123644843914,0.14276961853458597,1.801613454822675e-05,25,20,20
4,7153,5.207388256769664e-10,0.8952017563926699,0.10479823140374311,1.1682847683592764e-08,25,20,20
4,7154,1.1773117005301056e-09,0.9037401924043911,0.0962598062111438,2.0715324425765398e-10,25,20,20
4,7155,8.236524191652592e-10,0.7575435323557852,0.24245645523650716,1.1584053982953234e-08,25,20,20
4,7156,7.743912193649713e-09,0.8836296187280392,0.11637030431207919,6.921596931961987e-08,25,20,20
4,7157,3.2807726160287656e-09,0.8885752791778659,0.11142467058052041,4.6960840979627956e-08,25,20,20
4,7158,4.793339924418652e-10,0.8823042056300082,0.11769578198295505,1.190770240434009e-08,25,20,20
4,7159,3.909377849317516e-10,0.8807476920140893,0.11925230171796727,5.877005353770377e-09,25,20,20
4,7160,5.251673021971152e-11,0.9208348021397988,0.07916517455179987,2.3255884686452917e-08,25,20,20
4,7161,7.704942720940424e-11,0.8578813346234905,0.1421186461175135,1.918194649411005e-08,25,20,20
4,7162,5.572346435513345e-06,0.9048038812536733,0.09519054526210252,1.1377886249429651e-09,25,20,20
4,7163,2.8847707379097024e-10,0.8531172909710818,0.14688270821122973,5.292113131894247e-10,25,20,20
4,7164,7.182977149754082e-11,0.8649979699197395,0.13500202937175496,6.366757123946444e-10,25,20,20
4,7165,3.2555672781435134e-08,0.8189613568708002,0.18103827827984464,3.3229368214476125e-07,25,20,20
4,7166,9.805487279442093e-10,0.8179143418142054,0.18208526188325028,3.9532199563814515e-07,25,20,20
4,7167,3.1593788678362932e-09,0.8728377617218992,0.12716190181222284,3.3330649895657364e-07,25,20,20
4,7168,5.206760262538699e-11,0.8929342390217586,0.10706573610317438,2.48229989402377e-08,25,20,20
4,7169,4.1474007545252154e-12,0.9169091948188353,0.08309080412921749,1.0477996741903049e-09,25,20,20
4,7170,3.368485654745919e-09,0.9605394759952872,0.0394595698290762,9.508071510005192e-07,25,20,20
4,7171,2.7182756993160686e-09,0.959150239403369,0.04084973930949154,1.8568863997996296e-08,25,20,20
4,7172,1.0477358089434491e-10,0.8254599193620816,0.174540014755475,6.577766891772844e-08,25,20,20
4,7173,2.7508936811747286e-08,0.8591734805327884,0.14082649135904185,5.992328224615602e-10,25,20,20
4,7174,0.05488064820959151,0.7409703427330198,0.20414900830873145,7.486564019005208e-10,25,20,20
4,7175,6.382318384794988e-08,0.7976340903216311,0.20236584026105495,5.5941295168819625e-09,25,20,20
4,7176,6.223602008307085e-10,0.8609768373369132,0.1390231568701793,5.170547204373298e-09,25,20,20
4,7177,3.951589327343596e-10,0.868322931398236,0.13167676156730795,3.066392968536514e-07,25,20,20
4,7178,2.1753741708158833e-09,0.8478113964683668,0.15218828451736321,3.168388956471451e-07,25,20,20
4,7179,8.816730616174267e-10,0.8695125692871006,0.13048740237153963,2.745968567713916e-08,25,20,20
4,7180,3.71403685830819e-09,0.878581046107523,0.12141799990479347,9.502736462733165e-07,25,20,20
4,7181,2.1234178978427426e-09,0.8763964114000201,0.12360295587222585,6.306043353799356e-07,25,20,20
4,7182,3.0919156840163668e-09,0.942099307789045,0.057900671518373005,1.7600666146204573e-08,25,20,20
4,7183,1.2376878323818064e-10,0.8803706070032358,0.11962935768151514,3.51914798537254e-08,25,20,20
4,7184,7.551323170597096e-10,0.9591835836910967,0.04081637965417457,3.589959609224632e-08,25,20,20
4,7185,6.921010138612817e-10,0.9618792310388755,0.03812072791656531,4.035245771504631e-08,25,20,20
4,7186,6.678075633133244e-10,0.9439145604957168,0.056085403244312666,3.559216271178506e-08,25,20,20
4,7187,4.89206326866033e-11,0.9525597916456321,0.04744020188047813,6.4249691436114555e-09,25,20,20
4,7188,3.4816539739320394e-09,0.9560679439145017,0.04393105045317435,1.0021506702442886e-06,25,20,20
4,7189,8.67228774675479e-10,0.9199960480682404,0.08000393355324344,1.751128751255208e-08,25,20,20
4,7190,3.465781236458568e-09,0.9383556488449709,0.061643396843282856,9.508459646709059e-07,25,20,20
4,7191,2.9287549243790923e-09,0.8774999808896617,0.1224999985436808,1.7637901748979732e-08,25,20,20
4,7192,3.525631850358508e-09,0.8936808055456922,0.10631918388484127,7.0438343123381534e-09,25,20,20
4,7193,7.250488393672559e-10,0.8767599750068952,0.12324001678392692,7.484128449237893e-09,25,20,20
4,7194,1.55226092684422e-07,0.987213031328661,0.01278679551506492,1.7930181451710743e-08,25,20,20
4,7195,3.47349710141978e-09,0.9472792337588639,0.05272076211122057,6.564180782751382e-10,25,20,20
4,7196,4.3498926274043e-10,0.9440461231700784,0.05595385802434828,1.8370583650080385e-08,25,20,20
4,7197,9.690040478143408e-10,0.8303001454808875,0.16969982589607668,2.765403180191447e-08,25,20,20
4,7198,1.5576059487314954e-07,0.878763144317394,0.12123667660180859,2.3320202856648036e-08,25,20,20
4,7199,2.00115665612968e-07,0.8173452962183607,0.18265448044253352,2.3223439433834996e-08,25,20,20
4,7200,5.4443613067308216e-11,0.8519187911530992,0.14808118509784005,2.36946174402693e-08,25,20,20
4,7201,2.793253430285764e-09,0.8483839207174724,0.15161604726326997,2.9226003976156437e-08,25,20,20
4,7202,8.320845118040138e-11,0.8015268085060014,0.19847317937452014,1.2036269334461032e-08,25,20,20
4,7203,7.597148294102165e-11,0.9319903628000087,0.06800961897147109,1.8152548457778935e-08,25,20,20
4,7204,1.1865574343932137e-10,0.9419943690842634,0.05800562994612577,8.509549856724369e-10,25,20,20
4,7205,7.968885052727804e-11,0.8916885157931937,0.10831110739559373,3.767315234232992e-07,25,20,20
4,7206,7.37815026561701e-10,0.9524356431457619,0.04756433820088518,1.7915537614694173e-08,25,20,20
4,7207,8.807611896605033e-11,0.984669753908841,0.015330244745940698,1.2571421761035672e-09,25,20,20
4,7208,6.328145398123335e-11,0.964405535664292,0.03559446332024464,9.521818265149952e-10,25,20,20
4,7209,1.1210654818703703e-10,0.9329853681223957,0.06701463103365893,7.318383745092131e-10,25,20,20
4,7210,1.0309574416298571e-10,0.8898927381381234,0.11010724297171516,1.8787065505351724e-08,25,20,20
4,7211,3.0899805025351066e-07,0.9282873240569068,0.07171233137821484,3.5566827512848695e-08,25,20,20
4,7212,3.105764803645324e-07,0.8995632112932128,0.10043646065625986,1.747404644007862e-08,25,20,20
4,7213,1.5688647381248553e-09,0.9042236862312072,0.0957762823505305,2.9849397620964316e-08,25,20,20
4,7214,6.966183785536209e-10,0.9148634583933243,0.08513652222223232,1.8687824892087985e-08,25,20,20
4,7215,1.883808225152247e-07,0.9481361068213181,0.05186270068394312,1.0041139161004267e-06,25,20,20
4,7216,7.57872163908596e-10,0.9265596670243623,0.07344030293650644,2.9281258572910327e-08,25,20,20
4,7217,8.736667187591279e-08,0.9211045884243286,0.07889531369171757,1.0517281680508752e-08,25,20,20
4,7218,1.4069707089080525e-09,0.8997619950189627,0.10023800324310977,3.3095711722761407e-10,25,20,20
4,7219,7.631770926525712e-10,0.8712154805402718,0.12878410211707003,4.165794802229766e-07,25,20,20
4,7220,4.707913632489686e-10,0.9020897498432023,0.0979102391221283,1.0563877335708342e-08,25,20,20
4,7221,1.2036165576191727e-10,0.903163015093671,0.09683694173928657,4.304668051401405e-08,25,20,20
4,7222,7.19929338243302e-10,0.9357866147264866,0.06421337463682653,9.91675736653113e-09,25,20,20
4,7223,1.985785441090565e-12,0.9236805763737159,0.07631905931972498,3.643045735043215e-07,25,20,20
4,7224,1.1538508081986395e-09,0.8724814928675191,0.12751749189605222,1.0140825776532822e-06,25,20,20
4,7225,4.347124488694718e-10,0.9568781594628875,0.04312129586161885,5.442407810827178e-07,25,20,20
4,7226,8.193397557650647e-11,0.9392737970326073,0.060726191310040936,1.157541771024875e-08,25,20,20
4,7227,9.50002699074183e-11,0.942519209114588,0.05747982809971257,9.626906995518125e-07,25,20,20
4,7228,2.6863071924272808e-11,0.9372605120738217,0.06273948725700244,6.423124810633137e-10,25,20,20
4,7229,1.0344931253069093e-07,0.8559733029927049,0.14400858290732563,1.8010650656169533e-05,25,20,20
4,7230,5.6921355680071876e-08,0.8968795158198951,0.10312041490551248,1.235323605370226e-08,25,20,20
4,7231,1.505354181821715e-07,0.8909999401320688,0.1089649816590792,3.492767343357159e-05,25,20,20
4,7232,9.351018955085969e-08,0.8135503116969035,0.18641468943708625,3.490535582013589e-05,25,20,20
4,7233,9.350700294296589e-08,0.8699186855774195,0.1300462980632282,3.4922852348625066e-05,25,20,20
4,7234,3.2005979711738075e-09,0.9370317318520752,0.06296824692694128,1.8020385415420108e-08,25,20,20
4,7235,1.9305144919162836e-11,0.9485021057754452,0.051496875392071255,1.018813178199898e-06,25,20,20
4,7236,1.6156948964467414e-05,0.8569651940046764,0.14301864806886827,9.774912155264618e-10,25,20,20
4,7237,6.04876557226815e-11,0.940474030227354,0.05952595187873017,1.7833427955935727e-08,25,20,20
4,7238,1.0314676888109905e-09,0.9291611904729532,0.07083784076791896,9.677276601826724e-07,25,20,20
4,7239,3.261079303211433e-11,0.9123092377163985,0.08768979461583797,9.67635152995686e-07,25,20,20
4,7240,6.268305205001802e-12,0.8905525115871018,0.10944657644559733,9.119610327503999e-07,25,20,20
4,7241,9.692650403301466e-11,0.9033387066404686,0.09666129228054039,9.82064385839864e-10,25,20,20
4,7242,1.8915705355034276e-12,0.9174986825390441,0.08250131712357131,3.3549320025545083e-10,25,20,20
4,7243,3.3422416690464955e-11,0.8897519636877051,0.11024800068595543,3.559291712118601e-08,25,20,20
4,7244,2.9528837880193296e-09,0.9258074211955956,0.07419254754363024,2.8307890234093747e-08,25,20,20
4,7245,1.550969708073153e-07,0.9088411112224337,0.09115833244065456,4.0123994046692925e-07,25,20,20
4,7246,3.4556751296261113e-09,0.8945584451933267,0.10544151475557138,3.659542702168484e-08,25,20,20
4,7247,2.8525520820178982e-09,0.8622415693526438,0.13775839202658052,3.576822364693954e-08,25,20,20
4,7248,1.0054474981855422e-06,0.7236538516429871,0.27634480988711607,3.3302239787589937e-07,25,20,20
4,7249,4.6056054340695785e-08,0.7826957466365405,0.21730389527960206,3.1202780194611165e-07,25,20,20
4,7250,4.604388077187553e-08,0.8017692191720998,0.19822943814992183,1.2966340974333102e-06,25,20,20
4,7251,4.9295415640984674e-08,0.9449059951416341,0.05509363842344538,3.171395050176107e-07,25,20,20
4,7252,4.659789735452633e-08,0.8723051776425729,0.12769447665702663,2.9910250307553856e-07,25,20,20
4,7253,4.7871641652222326e-08,0.8829775858983915,0.11702203271666287,3.335133036225151e-07,25,20,20
4,7254,9.096461853964942e-07,0.885404308909523,0.11459436427664288,4.171676479148071e-07,25,20,20
4,7255,3.4912170671902112e-09,0.9204693602721085,0.07953059405059221,4.21860821754695e-08,25,20,20
4,7256,3.006234205117778e-09,0.846001561265261,0.1491585947169971,0.004839841011507004,25,20,20
4,7257,2.842104088692797e-09,0.8915074834915023,0.10849251306835475,5.980383433156054e-10,25,20,20
4,7258,3.583989768586504e-09,0.8006216310198642,0.19937799410910959,3.7128703540019604e-07,25,20,20
4,7259,2.8361349802604325e-09,0.8625909932679958,0.13740897825452955,2.564133905071339e-08,25,20,20
4,7260,1.6129804441989241e-09,0.9038734199727599,0.09612655344704586,2.4967213568807297e-08,25,20,20
4,7261,5.38600175972088e-08,0.880015048719139,0.11998460823270561,2.8918813788580056e-07,25,20,20
4,7262,1.6994332924315995e-05,0.7933195605922269,0.20666301494992934,4.3012491859846635e-07,25,20,20
4,7263,1.5603367220070573e-07,0.7746911814281738,0.22528237797642547,2.628456172719276e-05,25,20,20
4,7264,1.5463588502542702e-07,0.8331398991918857,0.16685936159384163,5.845783872727671e-07,25,20,20
4,7265,4.485444861183677e-10,0.8491800506873679,0.15081939912179862,5.497422883442882e-07,25,20,20
4,7266,1.4773213624718976e-09,0.9346483679782132,0.06535159463788003,3.590658509101542e-08,25,20,20
4,7267,3.665412237436705e-06,0.9200453248395369,0.07995099072519492,1.9023030264311288e-08,25,20,20
4,7268,1.4974745007092712e-09,0.9410531492442139,0.058946813379044324,3.5879267321812006e-08,25,20,20
4,7269,1.8405231237162655e-09,0.944690473386017,0.055309477957442905,4.681601684727346e-08,25,20,20
4,7270,2.5450232656537357e-09,0.8694885964300711,0.1305113635003348,3.752457110995088e-08,25,20,20
4,7271,2.579641569401656e-09,0.9510028971427416,0.048997088832205354,1.1445411615012251e-08,25,20,20
4,7272,1.8893073532846435e-07,0.8393427387814172,0.1606390729394689,1.799934837847249e-05,25,20,20
4,7273,1.4399412573345913e-09,0.9446541686448648,0.055327802688145945,1.802722704801533e-05,25,20,20
4,7274,1.3895748848502788e-09,0.8958978811109443,0.10408410263363199,1.801486584875838e-05,25,20,20
4,7275,1.599801922444617e-09,0.8708270291451591,0.1291729633711692,5.883869761274634e-09,25,20,20
4,7276,3.115919548130926e-11,0.8119253986409349,0.1880745780322823,2.3295623093641522e-08,25,20,20
4,7277,5.3991711574323725e-09,0.914628496998366,0.08537149084160926,6.760853130919353e-09,25,20,20
4,7278,1.5024626272510117e-10,0.9451609049391478,0.05483905307038007,4.184022571497938e-08,25,20,20
4,7279,5.7018117668426926e-11,0.8764002557829009,0.12359972729791265,1.686216807387399e-08,25,20,20
4,7280,4.6295831214724283e-10,0.9104800556693792,0.0895199328929186,1.0974743822053355e-08,25,20,20
4,7281,4.1844530820611034e-10,0.8944671824725244,0.10553278955321739,2.755581212855612e-08,25,20,20
4,7282,5.921253151016339e-10,0.8705767945355295,0.1294222367373901,9.681349552112383e-07,25,20,20
4,7283,2.9946648317727844e-09,0.9178705154916627,0.08212948075107013,7.626024593707793e-10,25,20,20
4,7284,2.990695792659778e-09,0.926400360068633,0.07359961831595538,1.862471568535506e-08,25,20,20
4,7285,7.971929052400421e-08,0.9128295753571759,0.08717032690011343,1.8023420083662195e-08,25,20,20
4,7286,2.599677478725924e-10,0.9590866491615069,0.04091333276326844,1.781525702702486e-08,25,20,20
4,7287,4.760490583197195e-10,0.8784147344123351,0.12158523594924668,2.9162369200446673e-08,25,20,20
4,7288,4.383797657668481e-10,0.8413686691259024,0.158631318553454,1.1882263816429385e-08,25,20,20
4,7289,2.279033454949532e-06,0.7594473389093805,0.240549812229418,5.698277459084607e-07,25,20,20
4,7290,1.1991644633284734e-05,0.8569605608025803,0.14302744634136666,1.2114195004865025e-09,25,20,20
4,7291,7.160150649534367e-10,0.8983351277931688,0.10166487026596763,1.2248484485538667e-09,25,20,20
4,7292,7.405074271604057e-10,0.8969392351332671,0.10305975328727633,1.0108389489065003e-06,25,20,20
4,7293,1.0987540872968014e-05,0.8738820734007912,0.12610690319499182,3.58633434883176e-08,25,20,20
4,7294,2.902675111973489e-09,0.9032455390987394,0.0967544399609738,1.8037611325363494e-08,25,20,20
4,7295,2.0998807543049033e-09,0.8677533116478974,0.13224665885572656,2.7396494964532697e-08,25,20,20
4,7296,1.062282506217508e-09,0.7913122872103459,0.20867241678912624,1.5294938245193384e-05,25,20,20
4,7297,1.5355572832754899e-07,0.8923149422739265,0.10768485107312795,5.309721731937322e-08,25,20,20
4,7298,1.5316330450799281e-07,0.8753232032722784,0.12467658570145662,5.7862960052327817e-08,25,20,20
4,7299,1.5346977763643432e-07,0.8738434622896443,0.1261563444961131,3.9744464266896976e-08,25,20,20
4,7300,1.532749044488982e-07,0.8378594804263275,0.1621223330875122,1.803321125470223e-05,25,20,20
4,7301,1.555041174640157e-07,0.8702624341481652,0.12971744416024966,1.9966187467312593e-05,25,20,20
4,7302,1.554078592228025e-07,0.9197198365569667,0.0802790406713997,9.673637746559132e-07,25,20,20
4,7303,3.851166571094558e-08,0.9007602275668259,0.09923868911439565,1.0448071134688827e-06,25,20,20
4,7304,3.117108680612235e-11,0.9454207550746944,0.05457820605331212,1.0388408217601774e-06,25,20,20
4,7305,8.502460057569214e-11,0.8916418728517721,0.10835711176807182,1.0152951309686111e-06,25,20,20
4,7306,5.314444885727817e-11,0.8821965303222477,0.1177818344538082,2.1635170799482744e-05,25,20,20
4,7307,9.848121216867524e-08,0.9198954888038027,0.08010439491351004,1.7801474963666817e-08,25,20,20
4,7308,8.747113255772344e-06,0.8413290932597098,0.15866213682708882,2.2799945864098813e-08,25,20,20
4,7309,5.345366952002006e-11,0.9641620962275327,0.035837903379756925,3.392566515288671e-10,25,20,20
4,7310,1.358157116254827e-07,0.8264730398687982,0.1735268086613427,1.565414667003351e-08,25,20,20
4,7311,6.125732339466668e-11,0.8935909868940172,0.10640899512180574,1.792291992478118e-08,25,20,20
4,7312,2.087604348401016e-09,0.9014059112542625,0.09859408591914443,7.389884480368753e-10,25,20,20
4,7313,2.8451675402443837e-09,0.9358803542538083,0.06411964197552851,9.254954967430981e-10,25,20,20
4,7314,9.878905824390447e-11,0.9740196091867337,0.025979439258843336,9.514556342083831e-07,25,20,20
4,7315,4.178362576523445e-08,0.9167708623705075,0.08322814032501383,9.555208524650576e-07,25,20,20
4,7316,9.941722565110507e-08,0.8881418481033585,0.11185685636137059,1.1961180457382925e-06,25,20,20
4,7317,7.643520554218662e-08,0.8986369359747417,0.10136298746161271,1.284404183584413e-10,25,20,20
4,7318,1.0625768494153906e-09,0.9460709897419141,0.05392900844610094,7.494084379819769e-10,25,20,20
4,7319,8.609056646535685e-06,0.8803537272685653,0.11963766265991543,1.0148722996682844e-09,25,20,20
4,7320,4.118944426769872e-08,0.8636555475220719,0.13634440424708358,7.041400263462115e-09,25,20,20
4,7321,3.8545321247390536e-08,0.8330883273045713,0.16691159929108598,3.485902058152216e-08,25,20,20
4,7322,3.850127238786027e-08,0.8505838570367373,0.14941512215279185,9.823091982201022e-07,25,20,20
4,7323,1.0414135999137463e-11,0.9367375715355409,0.06326144379894812,9.846550966063714e-07,25,20,20
4,7324,2.7044244434109334e-11,0.9233800274973618,0.0766199365424378,3.593315571849762e-08,25,20,20
4,7325,5.178281530520313e-09,0.7731709492677387,0.22682900991571994,3.563825957463945e-08,25,20,20
4,7326,1.0319474734864505e-09,0.9144647209122972,0.08553523600446843,4.205128722620967e-08,25,20,20
4,7327,3.957817409281849e-08,0.9277242786702677,0.07227561746216397,6.428939398743693e-08,25,20,20
4,7328,1.9236907369055703e-09,0.8843815322941357,0.11561743753961666,1.0282425571501502e-06,25,20,20
4,7329,8.138070279558316e-07,0.8820078989723557,0.11799030366166594,9.835589502593218e-07,25,20,20
4,7330,8.13801618935842e-07,0.824658826100642,0.1753403409438517,1.9153887022885607e-08,25,20,20
4,7331,8.173023541410296e-07,0.8715389504763051,0.1284602130757082,1.9145632617387443e-08,25,20,20
4,7332,3.5601530593018363e-09,0.9036205668914544,0.09637940605669817,2.3491694346498128e-08,25,20,20
4,7333,4.4458308959826277e-10,0.9267815413230709,0.07321845758311865,6.492274447452634e-10,25,20,20
4,7334,4.671731999736272e-10,0.9185290657879057,0.08147091561522866,1.8129692743634056e-08,25,20,20
4,7335,4.070224914304202e-10,0.9294905070024667,0.0705094743514152,1.8239095163408176e-08,25,20,20
4,7336,4.203533232339994e-08,0.8528726867515286,0.14712725339601507,1.7817123301576866e-08,25,20,20
4,7337,4.2037651947503224e-08,0.8269028870560446,0.17309705275928583,1.8147016946712756e-08,25,20,20
4,7338,2.8290266322287713e-09,0.9314620723821804,0.06853788946596995,3.5322823028174636e-08,25,20,20
4,7339,3.5124324097202428e-09,0.9322717085761566,0.06772825227095879,3.564045188796726e-08,25,20,20
4,7340,4.237861851052526e-08,0.9621330875150912,0.03786683466969235,3.5436597606948356e-08,25,20,20
4,7341,7.556953139296904e-11,0.936110556319627,0.06388944224209507,1.3627082714670088e-09,25,20,20
4,7342,0.002937150395825521,0.7622436183065942,0.2347774766023295,4.175469525042409e-05,25,20,20
4,7343,9.760638404102699e-08,0.9442124991152441,0.05575251100978832,3.48922685831566e-05,25,20,20
4,7344,9.847909438888304e-08,0.8708473947526517,0.12911687059829746,3.56361699561193e-05,25,20,20
4,7345,8.630234971553843e-11,0.8981088102552178,0.10189067031343998,5.193450394322534e-07,25,20,20
4,7346,5.743347366204231e-11,0.8262312409309321,0.17376875795872246,1.052911259870357e-09,25,20,20
4,7347,4.84520036567089e-10,0.9541247950844794,0.0458745710602503,6.333707503851954e-07,25,20,20
4,7348,1.6063257462408715e-07,0.8582624578542027,0.1417357226478424,1.6588653797162242e-06,25,20,20
4,7349,2.894113158081786e-10,0.8662511205542275,0.13374886115953274,1.799682803795033e-08,25,20,20
4,7350,1.6588136402845665e-07,0.8122653885246685,0.18773442164958484,2.394438276974838e-08,25,20,20
4,7351,1.425033033213626e-08,0.9235772867992312,0.07642265745912714,4.1491311343491e-08,25,20,20
4,7352,1.166428257907027e-09,0.8774830501592913,0.12251688285198918,6.582229069784236e-08,25,20,20
4,7353,6.977316430656438e-10,0.895938115793478,0.10406089054199691,9.929667935765855e-07,25,20,20
4,7354,4.0169748072987725e-08,0.8621971592640135,0.13780087676693736,1.9237993005989617e-06,25,20,20
4,7355,3.738528812243489e-08,0.889949818551728,0.11004822071221294,1.923350770734644e-06,25,20,20
4,7356,2.1111105489445585e-12,0.9081147993286929,0.09188518296586688,1.7703329042569168e-08,25,20,20
4,7357,1.462259278901036e-11,0.9871777430511259,0.012822221619582902,3.5314668635680706e-08,25,20,20
4,7358,1.5827051008309737e-07,0.8806050830145672,0.11939472340999893,3.5304924068239515e-08,25,20,20
4,7359,4.500623892531428e-11,0.8352336535788173,0.16476594699809038,3.9937808545554126e-07,25,20,20
4,7360,1.4531622695521476e-12,0.9087453692084196,0.09125461286908906,1.7921038366957362e-08,25,20,20
4,7361,2.6361043416916077e-11,0.9235227519122182,0.07647723010146518,1.795995532227426e-08,25,20,20
4,7362,3.918902930780812e-10,0.8192027030103202,0.1807972783379264,1.825986219444975e-08,25,20,20
4,7363,5.140615155200291e-05,0.7484841289522176,0.2514640868171438,3.780790869405364e-07,25,20,20
4,7364,1.9523835877055657e-10,0.8181036755764779,0.18189531078202203,1.0134462613406137e-06,25,20,20
4,7365,8.72779691819562e-06,0.9274720217109098,0.0725186012777466,6.492144252645524e-07,25,20,20
4,7366,4.634019178666904e-11,0.864357537689501,0.13561192862466848,3.0533639490192964e-05,25,20,20
4,7367,9.47202993596695e-11,0.9257764797165149,0.07422351967686663,5.118978329275392e-10,25,20,20
4,7368,1.537331338694159e-07,0.8940405205470349,0.10595930731103541,1.840879497627153e-08,25,20,20
4,7369,6.614269484905854e-10,0.9650225343972281,0.03497746381583941,1.1255055429292514e-09,25,20,20
4,7370,1.0880122580867132e-11,0.9117041437890123,0.08829585507658094,1.123525961840827e-09,25,20,20
4,7371,3.49111258259332e-09,0.8845096486524124,0.11549030869806685,3.915840808900525e-08,25,20,20
4,7372,8.303950310113116e-10,0.9048817364099796,0.09511820500444763,5.775517770979523e-08,25,20,20
4,7373,2.7137147822602623e-09,0.9490852989300101,0.05091466178415215,3.657212241940707e-08,25,20,20
4,7374,7.627169934377725e-11,0.9213572730911659,0.07864241875293183,3.080796302582939e-07,25,20,20
4,7375,1.4335464060405392e-08,0.9057995766078564,0.09420040230773204,6.748947212377506e-09,25,20,20
4,7376,6.20920689216215e-11,0.9297504157148262,0.07024956636771212,1.7855369726259157e-08,25,20,20
4,7377,6.252831103033435e-11,0.907383933647523,0.09261604845585898,1.7834089747404516e-08,25,20,20
4,7378,1.4093122834474522e-11,0.9430251824332905,0.05697479971749447,1.783512188295134e-08,25,20,20
4,7379,1.2130678565890963e-06,0.88844823767142,0.1115505485692049,6.915177105651928e-10,25,20,20
4,7380,1.2566478665695602e-06,0.7789671319251251,0.2210302878520747,1.3235749327982255e-06,25,20,20
4,7381,1.2053160044751962e-06,0.9735670152290347,0.026431769006767948,1.044819287687817e-08,25,20,20
4,7382,1.2081733232336481e-06,0.9066074180614839,0.09339023157406384,1.142191128270541e-06,25,20,20
4,7383,2.6230878509223086e-10,0.9338461644650016,0.06615381734856705,1.7924122231344863e-08,25,20,20
4,7384,1.0464683136521138e-09,0.9172884442079051,0.08271057046233246,9.842832940755952e-07,25,20,20
4,7385,6.759667244286481e-10,0.8650305299696197,0.13496946386318595,5.491227671432951e-09,25,20,20
4,7386,1.108718998632587e-09,0.8438859824113194,0.15611399984699914,1.6632962216259997e-08,25,20,20
4,7387,2.6059114441041405e-09,0.8087361029413549,0.1912638841290439,1.0323690011019256e-08,25,20,20
4,7388,3.3307695715940614e-11,0.9646179214173658,0.03538206862513207,9.924194296171251e-09,25,20,20
4,7389,7.319109852959194e-11,0.9577606466913531,0.042239334736525136,1.849893094281156e-08,25,20,20
4,7390,1.5983781486877667e-09,0.9076754670982734,0.09232451230332435,1.900002387947632e-08,25,20,20
4,7391,2.8965038136105407e-09,0.917279278628374,0.08271970727426092,1.0112008605904462e-06,25,20,20
4,7392,2.1246505470366092e-06,0.9141482217085196,0.08584960209966874,5.154126375683557e-08,25,20,20
4,7393,1.2788441145786424e-10,0.9411054740643335,0.058894479083590176,4.672419142326725e-08,25,20,20
4,7394,6.889603527713374e-10,0.9626439017164025,0.03735606249993277,3.509470453143341e-08,25,20,20
4,7395,1.5800705241777335e-07,0.831462115473569,0.16853674046555026,9.860538282692152e-07,25,20,20
4,7396,1.4513626218680207e-10,0.8395561893798308,0.1604428244914212,9.859836113437136e-07,25,20,20
4,7397,1.1255764606742267e-10,0.9456001153179538,0.05439986673572617,1.783376246050375e-08,25,20,20
4,7398,7.700800494745e-11,0.9727279655467085,0.027272034348466763,2.7817215372346576e-11,25,20,20
4,7399,6.743585843753393e-11,0.8670985144490126,0.13290028535098825,1.200132563175164e-06,25,20,20
4,7400,4.3761262027746214e-11,0.8485426640618313,0.1514573190674035,1.6827003778003326e-08,25,20,20
4,7401,2.4691392565809775e-08,0.7359552369752087,0.26404473138490503,6.948493381303377e-09,25,20,20
4,7402,1.0410733213353791e-07,0.8560985812369178,0.14390076696453197,5.476912176464818e-07,25,20,20
4,7403,3.550493601379447e-09,0.9447639377926265,0.055236040194467984,1.84624114393894e-08,25,20,20
4,7404,5.695831073038705e-09,0.9694749725692112,0.03052502059074261,1.1442151679102442e-09,25,20,20
4,7405,7.769259509303689e-11,0.9431474629866312,0.05685253072393434,6.211741676514685e-09,25,20,20
4,7406,5.018607951508851e-11,0.9858070401621736,0.01419294245345169,1.7334189103458995e-08,25,20,20
4,7407,9.723768522270707e-08,0.8713992592290435,0.1286006360940006,7.439270653129367e-09,25,20,20
4,7408,2.747940399846319e-09,0.8998664827369413,0.10013351318151738,1.3336003512310525e-09,25,20,20
4,7409,1.1421337672918774e-08,0.8401561224320621,0.1598438434738453,2.267275448367769e-08,25,20,20
4,7410,1.2132504712748954e-08,0.8849916109768504,0.11500835352180844,2.3368836302443218e-08,25,20,20
4,7411,1.4067630343107025e-09,0.9106306410974079,0.08936840586665407,9.516291749063549e-07,25,20,20
4,7412,2.2799479635992057e-09,0.8349036150942255,0.1650963819860659,6.397595459289098e-10,25,20,20
4,7413,6.974693573339283e-11,0.908388603535213,0.09161139573605741,6.589824467018912e-10,25,20,20
4,7414,6.924020012448484e-10,0.9473830720016752,0.0526169263553939,9.50529166227421e-10,25,20,20
4,7415,2.73442857997887e-09,0.9472112447788319,0.05278875186268335,6.240559659090046e-10,25,20,20
4,7416,1.5201432994884742e-07,0.9893529357536266,0.010646911607579808,6.244639062329179e-10,25,20,20
4,7417,2.0883931741890977e-07,0.9660348400835541,0.03396495075330821,3.2382038678949057e-10,25,20,20
4,7418,0.0002920712752993701,0.9599563251671465,0.0397515860188081,1.753874627031008e-08,25,20,20
4,7419,3.970055200957009e-12,0.9947686157908889,0.005231383542914341,6.622270775855087e-10,25,20,20
4,7420,1.3734270758569084e-11,0.9255330117954526,0.07446696974681209,1.8444001241678514e-08,25,20,20
4,7421,1.121459479926459e-10,0.8689923716428555,0.1310076097867632,1.8458235317035943e-08,25,20,20
4,7422,1.572269613113238e-09,0.8967368061140898,0.10326312975724916,6.255639092430173e-08,25,20,20
4,7423,2.4159089233626354e-08,0.8430268366119016,0.156972556538429,5.826905794922415e-07,25,20,20
4,7424,1.488194112366158e-11,0.9092942252165398,0.09070573816051683,3.660806149882246e-08,25,20,20
4,7425,2.854012925643584e-09,0.9308304548387885,0.06916950688218028,3.542501860438332e-08,25,20,20
4,7426,1.8945605671699453e-07,0.8686558513057233,0.13134395179928648,7.438933585881214e-09,25,20,20
4,7427,0.00038291637533935575,0.7731059979628191,0.22651032073357094,7.649282695740495e-07,25,20,20
4,7428,8.72658614789707e-06,0.8418881490616619,0.1581025311263949,5.932257952492011e-07,25,20,20
4,7429,8.725899037967438e-06,0.8797441793629939,0.1202465186884896,5.7604947828184e-07,25,20,20
4,7430,1.1474046501207547e-10,0.9284556045834645,0.0715443949738224,3.279725541310956e-10,25,20,20
4,7431,3.1872806250658835e-11,0.913654103230804,0.08634587865330666,1.808401637384715e-08,25,20,20
4,7432,1.625819729441877e-09,0.9082205619479027,0.09177941803505066,1.8391226490514654e-08,25,20,20
4,7433,8.004427486453826e-11,0.843874954761256,0.1561250022462276,4.2912472066370166e-08,25,20,20
4,7434,9.737885735232237e-08,0.8362081451116257,0.16379134730146158,4.102080558698398e-07,25,20,20
4,7435,5.684760664806934e-08,0.8178151850689751,0.18218470801570305,5.0067714632274537e-08,25,20,20
4,7436,6.126018631035857e-08,0.8956962988353453,0.10430265347777529,9.86426692462884e-07,25,20,20
4,7437,1.3393617205111995e-11,0.9643171911449266,0.03568279101113137,1.783054851117705e-08,25,20,20
4,7438,1.2144870306739313e-06,0.9556058363885984,0.044392931431288224,1.7693082548493093e-08,25,20,20
4,7439,2.145853207919162e-09,0.9069290778699769,0.09307090217395508,1.7810214136166843e-08,25,20,20
4,7440,1.1858513462415776e-08,0.813378840354899,0.18662111968404413,2.810254261986124e-08,25,20,20
4,7441,5.235765154940539e-09,0.7804739247293411,0.2195260350441163,3.499077660998157e-08,25,20,20
4,7442,2.1914840949915993e-09,0.8632789134484448,0.13672105522181047,2.9138260358493923e-08,25,20,20
4,7443,3.2198167768373327e-09,0.8960158291663552,0.1039841335885362,3.4025291904471216e-08,25,20,20
4,7444,3.937317082179786e-08,0.8751890792052269,0.12481049528981028,3.861317918812585e-07,25,20,20
4,7445,1.2748346072126075e-10,0.858281479636206,0.14171848120752664,3.902878357286517e-08,25,20,20
4,7446,3.5342823702056126e-09,0.8788118429251444,0.12118811251825623,4.102231660146819e-08,25,20,20
4,7447,4.115258643114543e-09,0.9299163685320844,0.07008357392883471,5.342382175451359e-08,25,20,20
4,7448,2.756921004577347e-09,0.9453934587286373,0.054606520498910675,1.8015530579251637e-08,25,20,20
4,7449,3.1745288359119444e-09,0.9086691155558642,0.09133086356349385,1.7706113457254133e-08,25,20,20
4,7450,2.7904275085557932e-09,0.8272675421245708,0.1727321477220472,3.0736295354684784e-07,25,20,20
4,7451,1.0839774795000063e-08,0.8585767633687997,0.14142293551313248,2.902782930118261e-07,25,20,20
4,7452,4.0494276120484564e-07,0.822054612314851,0.1779449521626574,3.0579730251900054e-08,25,20,20
4,7453,8.169230942645744e-08,0.9280578891379777,0.07194200613521895,2.3034493709736445e-08,25,20,20
4,7454,1.0342269032604375e-08,0.9134497479900776,0.0865502237446596,1.79229935728683e-08,25,20,20
4,7455,2.836552660736821e-09,0.9208310040074867,0.07916802482239937,9.683335605834927e-07,25,20,20
4,7456,2.8284811144459346e-11,0.9366164070403564,0.06338359191557466,1.015783732070883e-09,25,20,20
4,7457,7.596560656422954e-10,0.8465962351640133,0.15336885123185218,3.4912844478462636e-05,25,20,20
4,7458,1.539297190818649e-07,0.8422296656781749,0.157735284501272,3.4895890833951626e-05,25,20,20
4,7459,1.9189301574373e-09,0.8570809796904233,0.1428841234283097,3.4894962336308204e-05,25,20,20
4,7460,1.575105418184852e-07,0.9042943631231598,0.09570547923268839,1.336098965768321e-10,25,20,20
4,7461,3.2242090578628647e-11,0.7943815217683649,0.20561810677838882,3.714210034945398e-07,25,20,20
4,7462,1.4193602911305386e-08,0.7415423690503797,0.258455766301973,1.8504540429412273e-06,25,20,20
4,7463,1.3554834409499754e-08,0.7847469052594,0.21525223732972812,8.438560378057051e-07,25,20,20
4,7464,3.974663762688685e-08,0.8590463295446723,0.14095315089725455,4.798114355945589e-07,25,20,20
4,7465,7.560695507964978e-10,0.8373277867335474,0.16267135238131147,8.601290713759699e-07,25,20,20
4,7466,1.0118900010083573e-07,0.9407968494169927,0.05920303128147008,1.8112537151320344e-08,25,20,20
4,7467,7.848948731533995e-10,0.8970313195878151,0.10296865159632838,2.8030961218765173e-08,25,20,20
4,7468,0.0015706564084281484,0.7751281807917896,0.2232662637415406,3.489905824126024e-05,25,20,20
4,7469,9.560561999078795e-08,0.8884153628156121,0.11154963508558119,3.4906493186438785e-05,25,20,20
4,7470,9.567084646630885e-08,0.8882467489977425,0.11171826601658033,3.488931483043847e-05,25,20,20
4,7471,9.917057670342564e-08,0.8998285441421123,0.10013646705787055,3.488962943996158e-05,25,20,20
4,7472,7.540357894097659e-10,0.9009321710265804,0.0990678278826921,3.36691446545517e-10,25,20,20
4,7473,8.255930702874904e-12,0.9189486544488138,0.08105132111738458,2.4425545563732733e-08,25,20,20
4,7474,4.355174757504527e-12,0.9192532568106064,0.08074673145533301,1.1729705343818947e-08,25,20,20
4,7475,2.3276200860278233e-09,0.9147405857482699,0.08525891439840659,4.975257032603989e-07,25,20,20
4,7476,2.2570611998825863e-09,0.8772899583970271,0.12270954211445538,4.97231456412996e-07,25,20,20
4,7477,1.2033961118989817e-07,0.747147128873379,0.2528524091585369,3.4162847220015196e-07,25,20,20
4,7478,9.926682553057035e-08,0.7745771547328216,0.2254214646441299,1.2813562226408966e-06,25,20,20
4,7479,1.5441985058573891e-07,0.8870571192266772,0.11294238482065035,3.415328218296114e-07,25,20,20
4,7480,3.936394792810093e-10,0.9005773598843945,0.09942164324936893,9.964725968480752e-07,25,20,20
4,7481,4.810850631645421e-11,0.9335437083705012,0.06645629126479076,3.1659958797350744e-10,25,20,20
4,7482,2.8308651775422605e-09,0.9250625024086289,0.07493749442334365,3.371623547250092e-10,25,20,20
4,7483,8.050750055380815e-10,0.9176026377965772,0.0823809486356914,1.6412762656539146e-05,25,20,20
4,7484,3.8510425144150335e-08,0.9376457662303911,0.062354194914824905,3.4435848248194746e-10,25,20,20
4,7485,3.8382329491052166e-08,0.918343368587736,0.08165657652091003,1.65090239456926e-08,25,20,20
4,7486,9.861417373770165e-11,0.8780935698723386,0.12190578219160458,6.478374424639839e-07,25,20,20
4,7487,5.097077401955415e-08,0.8753624624381857,0.12463747712494362,9.466096474511569e-09,25,20,20
4,7488,6.222643362037053e-08,0.872504735933306,0.1274952015212287,3.1903145098481795e-10,25,20,20
4,7489,5.0896152807753644e-08,0.9380385477183023,0.06196140073981882,6.457262756738191e-10,25,20,20
4,7490,5.1604829108193966e-08,0.9451319957789305,0.054867934122023974,1.8494216787835293e-08,25,20,20
4,7491,6.071640781163363e-08,0.8745410158642172,0.12333347025146199,0.00212545316791315,25,20,20
4,7492,1.0866660503989497e-09,0.8836803272902316,0.11631926691201563,4.0471108644717034e-07,25,20,20
4,7493,1.1249654720591077e-09,0.9342435935713108,0.06575601702055116,3.88283172474671e-07,25,20,20
4,7494,8.101025291619574e-11,0.8675232260679528,0.1324767733067085,5.443280504477481e-10,25,20,20
4,7495,8.807668978845628e-10,0.948136514424975,0.051863465831899005,1.8862359040902257e-08,25,20,20
4,7496,9.866085165322855e-08,0.9777641041674157,0.022235779358586057,1.7813146256631156e-08,25,20,20
4,7497,9.86103347732357e-08,0.9505608879657401,0.04943899529837654,1.812554787804631e-08,25,20,20
4,7498,8.620631178876749e-10,0.9421131058766252,0.05788688093189274,1.2329418624756148e-08,25,20,20
4,7499,1.2301952670074104e-10,0.9397170091249544,0.06028298979731707,9.54708622391469e-10,25,20,20
4,7500,6.355629970339117e-11,0.9609014689232939,0.039098530995954534,1.719492819108144e-11,25,20,20
4,7501,4.8982142758344345e-11,0.8961003507639252,0.10389964917505667,1.2035383396591281e-11,25,20,20
4,7502,1.2687343005536073e-06,0.8996272003183986,0.10037040337149719,1.1275758034285745e-06,25,20,20
4,7503,4.854072371252235e-10,0.9527633634889119,0.047235999470030564,6.365556500814403e-07,25,20,20
4,7504,4.238060151594066e-12,0.9591917992717228,0.04080819975188255,9.721562398172273e-10,25,20,20
4,7505,3.410235424590732e-09,0.9348007878674762,0.06519920825876685,4.635208245648708e-10,25,20,20
4,7506,7.571428129664444e-10,0.9317792937913761,0.06822070480791582,6.43565012531214e-10,25,20,20
4,7507,6.574543688034872e-12,0.9330229002417793,0.06697709880073842,9.5090708027808e-10,25,20,20
4,7508,8.53069441797983e-08,0.8467132450396506,0.15328664485405333,2.479935125037535e-08,25,20,20
4,7509,7.375122503932446e-10,0.9031309415669392,0.0968690394327711,1.826277788581848e-08,25,20,20
4,7510,6.485962683051496e-11,0.7926898124113919,0.20730956071564957,6.268080984902257e-07,25,20,20
4,7511,6.132247058259648e-11,0.8394071228993734,0.16059224991858198,6.27120721723981e-07,25,20,20
4,7512,1.0781837996456427e-09,0.8253760368837675,0.1746233347285218,6.273095268335697e-07,25,20,20
4,7513,7.094696472413151e-10,0.8429662082933812,0.15703348477917817,3.062179704751644e-07,25,20,20
4,7514,2.2181674418211516e-09,0.8901142214531141,0.10988528682439842,4.895043195590717e-07,25,20,20
4,7515,1.0271567000820145e-09,0.9234169850519333,0.07658299625883185,1.7662078255381977e-08,25,20,20
4,7516,1.4837281596896958e-07,0.9009984622948681,0.09900043883823313,9.504940823796382e-07,25,20,20
4,7517,1.637322391891091e-08,0.8846257802998662,0.11537420238557941,9.413300271876e-10,25,20,20
4,7518,1.446599245144853e-08,0.865861052340676,0.13413893268249272,5.108386970307157e-10,25,20,20
4,7519,1.6800282828666044e-09,0.8835781787770588,0.11642181857993839,9.62974220005192e-10,25,20,20
4,7520,1.4113925069967728e-09,0.989581045857894,0.010418917226098012,3.550461535064046e-08,25,20,20
4,7521,8.30783377166178e-11,0.8954095584184258,0.1045904236003401,1.789815544017638e-08,25,20,20
4,7522,6.141395377436017e-05,0.9199640053489394,0.07997454510572745,3.5591558097740306e-08,25,20,20
4,7523,6.141467852999168e-05,0.9040937242399397,0.09584484276016689,1.8321363727172404e-08,25,20,20
4,7524,3.6082824723511e-08,0.866264963374613,0.13371700191860728,1.7998623955474873e-05,25,20,20
4,7525,1.394013615420531e-10,0.8759823070237522,0.1239996935087851,1.799932806143786e-05,25,20,20
4,7526,1.6258843101409643e-10,0.89941703357351,0.10058296449930917,1.764592190061732e-09,25,20,20
4,7527,2.04114746783271e-11,0.9737513896552968,0.02624860875580872,1.5684834121307553e-09,25,20,20
4,7528,1.59755878319021e-07,0.9532512912480506,0.046748538752955905,1.0243115326404746e-08,25,20,20
4,7529,5.0903530402410865e-09,0.9558581602217683,0.04414023371913703,1.6009687419078281e-06,25,20,20
4,7530,5.1307588114697035e-09,0.8128773208748191,0.18712107322786345,1.6007665578221294e-06,25,20,20
4,7531,3.375481570936375e-09,0.8939491791047277,0.10604984226137985,9.752584104877418e-07,25,20,20
4,7532,8.956106281857829e-10,0.9147441427427448,0.08525554916517145,3.07196472848953e-07,25,20,20
4,7533,1.5829079697305684e-09,0.8472157213094887,0.15278396959631463,3.0751128838954695e-07,25,20,20
4,7534,8.73982016675592e-08,0.8813447796246127,0.11865450066400046,6.323131851491585e-07,25,20,20
4,7535,8.734369193595544e-08,0.9181733970842961,0.08182651523128914,3.4072256950752697e-10,25,20,20
4,7536,1.2512412873054468e-07,0.9233216554742212,0.0766772676585509,9.517430990121111e-07,25,20,20
4,7537,4.164797614504233e-08,0.8997501152405087,0.10024888022218054,9.62889334302062e-07,25,20,20
4,7538,1.0146903038903289e-09,0.8745843799514179,0.12541559471929797,2.4314593219726172e-08,25,20,20
4,7539,1.593709907970002e-11,0.9215240766629271,0.07847591698281577,6.338319569925188e-09,25,20,20
4,7540,3.153701347056817e-11,0.9366722864943019,0.0633277125392418,9.3491982518622e-10,25,20,20
4,7541,5.456419229683974e-11,0.8438295530683051,0.15617004151185518,4.053652753875802e-07,25,20,20
4,7542,1.8120172305166404e-10,0.8933389390266819,0.10666103624147161,2.4550644918912575e-08,25,20,20
4,7543,2.410343857925121e-10,0.9656641221991488,0.0343349088886066,9.68671210316827e-07,25,20,20
4,7544,2.902729285131787e-09,0.8937556901784127,0.10624374847975301,5.584391048432612e-07,25,20,20
4,7545,8.13653028357599e-10,0.9050590417619608,0.0949403992161767,5.582082096250557e-07,25,20,20
4,7546,1.556169006303993e-07,0.9196897752409723,0.08030968723606868,3.8190605840379813e-07,25,20,20
4,7547,2.1014164361344183e-10,0.9327335161039187,0.06726619395478518,2.8973115396013936e-07,25,20,20
4,7548,2.631217331414568e-10,0.9101654354428094,0.0898342681687243,2.96125343916112e-07,25,20,20
4,7549,7.17904211088798e-09,0.9454049294304633,0.05459504070253901,2.2687955506163202e-08,25,20,20
4,7550,3.5117039106459206e-09,0.9384620511139548,0.061537927872812516,1.7501528776395828e-08,25,20,20
4,7551,1.4851704706843263e-11,0.9404809592938912,0.05951902224248972,1.8448766958346996e-08,25,20,20
4,7552,8.53728945716641e-10,0.8779993095873949,0.12199972725785614,9.623010197533431e-07,25,20,20
4,7553,8.236024781942163e-10,0.8906611292220736,0.10933885813698747,1.1817336170230993e-08,25,20,20
4,7554,2.1059431176442656e-06,0.8687108650860778,0.13128702121289929,7.757904897634757e-09,25,20,20
4,7555,1.5428012321135272e-08,0.8968628348775551,0.10313619630322057,9.533912114996718e-07,25,20,20
4,7556,7.555987963804345e-10,0.7733975313040868,0.2266020845697592,3.8337055459753004e-07,25,20,20
4,7557,7.675860193568163e-10,0.885691804648725,0.11430816965552636,2.4928162306779874e-08,25,20,20
4,7558,4.0796349184632925e-08,0.8019394379351421,0.19806049748409207,2.3784416768963426e-08,25,20,20
4,7559,7.7504245351392e-08,0.8352618821250166,0.16473802958933295,1.0781404928354713e-08,25,20,20
4,7560,4.187542016686327e-08,0.8506494549333361,0.1493504823642502,2.0826993821274956e-08,25,20,20
4,7561,7.548478017521929e-10,0.916173188558749,0.08382679165162608,1.9034777500081628e-08,25,20,20
4,7562,1.526210167385558e-09,0.8985191358266061,0.10146609867088553,1.4763976298165624e-05,25,20,20
4,7563,1.0353306111317232e-10,0.9154977234024381,0.08450224068846231,3.580556614267094e-08,25,20,20
4,7564,9.861681597955254e-08,0.9507962534636324,0.04920359449897894,5.34205722190539e-08,25,20,20
4,7565,1.4393542208619102e-07,0.8589260573178966,0.1410737579634508,4.078323008152937e-08,25,20,20
4,7566,1.466310032946361e-07,0.8424284642540896,0.1574782284440423,9.316067086439033e-05,25,20,20
4,7567,1.1923863161504048e-05,0.7363983381933124,0.2635143625993928,7.53753441327754e-05,25,20,20
4,7568,1.579077032281824e-07,0.8510851366559362,0.14891469366543186,1.1770928535012271e-08,25,20,20
4,7569,9.996452619614912e-08,0.8775127595089544,0.12248714001887823,5.076412288862575e-10,25,20,20
4,7570,7.480806427415662e-10,0.9480608680145509,0.05193911358924252,1.7648125789272216e-08,25,20,20
4,7571,1.4454952510493327e-11,0.9875842542876373,0.012415744757955104,9.399525009497899e-10,25,20,20
4,7572,4.454123424112758e-09,0.8999837437060827,0.10001625119104249,6.48750307479975e-10,25,20,20
4,7573,6.115018864782376e-08,0.8063705519506567,0.18888231816609038,0.004747068733063513,25,20,20
4,7574,2.7342757780790567e-09,0.99031485569708,0.009685141540832203,2.781191138291066e-11,25,20,20
4,7575,5.063729814826988e-11,0.9646590007936934,0.03534098156141566,1.7594253981532134e-08,25,20,20
4,7576,1.1189158275043537e-10,0.8349981557501215,0.16500180909114434,3.504684159055134e-08,25,20,20
4,7577,8.496875673700715e-10,0.8326025502603859,0.16739642155586157,1.0273340641284667e-06,25,20,20
4,7578,2.3551593114692826e-10,0.8836997157985945,0.11630026543445098,1.853143868791679e-08,25,20,20
4,7579,0.0006875487836175527,0.8264047276916249,0.1728728095514504,3.491397330629264e-05,25,20,20
4,7580,4.710020723351017e-11,0.949896179933247,0.05010325548088324,5.645387695989158e-07,25,20,20
4,7581,1.742553062325773e-10,0.8960922212222365,0.10390721373189131,5.648716163962025e-07,25,20,20
4,7582,1.0282383629148332e-09,0.8716317187163249,0.1283677327448648,5.47510571114379e-07,25,20,20
4,7583,1.1164770349778992e-09,0.9090630395490628,0.09093639463003182,5.647044284182613e-07,25,20,20
4,7584,3.3345308967059786e-12,0.9459587098127646,0.0540412723316597,1.785224109787076e-08,25,20,20
4,7585,6.108593958535729e-12,0.9175736656200438,0.082426034171464,3.00202383661684e-07,25,20,20
4,7586,6.761131408757795e-10,0.8548617618687843,0.14513820868215385,2.8772948338884322e-08,25,20,20
4,7587,5.0745378607309886e-11,0.9298781976380849,0.07012178400837922,1.8302790558029224e-08,25,20,20
4,7588,4.919281109135702e-11,0.9882754606878577,0.01172452165902325,1.7603926391933946e-08,25,20,20
4,7589,3.962911810487814e-08,0.9342539653434426,0.06574501990579233,9.751216467356898e-07,25,20,20
4,7590,7.076653977221488e-08,0.6060252076045912,0.38927803141286643,0.00469669021600157,25,20,20
4,7591,1.787013370483165e-11,0.8310213026083803,0.16897868007112646,1.7302622937765093e-08,25,20,20
4,7592,1.5563095535410257e-07,0.9088237711092974,0.09117605565320033,1.7606546602448115e-08,25,20,20
4,7593,6.745729621251077e-11,0.9189824572755334,0.08101752473179223,1.792521687220667e-08,25,20,20
4,7594,1.0494664335047485e-09,0.806846268738092,0.19315335886487742,3.7134756416926694e-07,25,20,20
4,7595,8.325711695264049e-11,0.8528417880795491,0.147157846978168,3.6485902587065353e-07,25,20,20
4,7596,1.7387288584539556e-08,0.8272597274480756,0.1727391988871674,1.0562774679528945e-06,25,20,20
4,7597,2.4519204974351843e-09,0.8448436197582846,0.15515599139836392,3.863914305004797e-07,25,20,20
4,7598,2.111302647736478e-09,0.8202368495042155,0.17976276228699486,3.860974867001245e-07,25,20,20
4,7599,4.192462187742761e-09,0.8894832850278688,0.11051666100012804,4.9779540800639416e-08,25,20,20
4,7600,1.6379273193108912e-10,0.8689188669208273,0.13108055861732107,5.742980587741299e-07,25,20,20
4,7601,1.8013429361121074e-09,0.8617560784791142,0.13824391859856194,1.1209809454140773e-09,25,20,20
4,7602,5.215770372497404e-09,0.8411315748363393,0.15886840212249007,1.7825400263225644e-08,25,20,20
4,7603,1.5855727582992542e-07,0.9840369095873466,0.0159629136233138,1.8232063367372778e-08,25,20,20
4,7604,1.5863568179962695e-07,0.923753532813643,0.07624629001056259,1.8540112452123405e-08,25,20,20
4,7605,1.571372847402436e-07,0.8788178028378292,0.12118199208609254,4.793879335706889e-08,25,20,20
4,7606,1.5640417055461116e-07,0.9197804100480849,0.08020470415723396,1.4729390510431072e-05,25,20,20
4,7607,1.6201736360845562e-07,0.9380905587047585,0.06190830263191944,9.766459576303156e-07,25,20,20
4,7608,3.4850341197078035e-09,0.9037509645520132,0.09624903057379028,1.389161533073139e-09,25,20,20
4,7609,2.8948995972136168e-09,0.9664094903897198,0.03359047047141384,3.6243966017108536e-08,25,20,20
4,7610,2.835288288645484e-09,0.9170521227791997,0.08294787373870523,6.468055951583824e-10,25,20,20
4,7611,2.7858419934785393e-09,0.9251991524327582,0.07479986902853977,9.75752860423406e-07,25,20,20
4,7612,4.7254150868779826e-08,0.8638417196734213,0.1361572567108266,9.76361600713004e-07,25,20,20
4,7613,1.1613505671722705e-08,0.8844223795995834,0.11557662780585826,9.809810525216132e-07,25,20,20
4,7614,1.011671847696818e-08,0.864424739179461,0.13556052282742148,1.4727876398616821e-05,25,20,20
4,7615,1.0089673201443764e-08,0.907578347664522,0.09240691439267058,1.4727853133658802e-05,25,20,20
4,7616,1.0411527549353385e-08,0.9078570890886546,0.09212813763228554,1.4762867531561344e-05,25,20,20
4,7617,5.7151513264852957e-08,0.862908744814316,0.13707616379961915,1.5034234551418856e-05,25,20,20
4,7618,2.9435029007886616e-06,0.8481265439855296,0.1518687033088309,1.8092027383904015e-06,25,20,20
4,7619,2.9011357042715257e-06,0.8698678661027686,0.13009337531673557,3.585744479138387e-05,25,20,20
4,7620,3.425900380578753e-09,0.8851900158651053,0.11477506310954819,3.49175994457195e-05,25,20,20
4,7621,2.7825228850577285e-09,0.9303959599811275,0.06960400194277255,3.5293576954555523e-08,25,20,20
4,7622,1.1120539999210029e-10,0.9918088509678484,0.008191148903536104,1.741032320033424e-11,25,20,20
4,7623,1.1682002080381808e-09,0.9543716336268905,0.04562836388664568,1.3182637792050228e-09,25,20,20
4,7624,6.86213560678917e-10,0.9649334134485307,0.03506658523921457,6.260414228434428e-10,25,20,20
4,7625,9.408399986140484e-11,0.9622883680601103,0.037711631821550094,2.4255663452106478e-11,25,20,20
4,7626,3.792213211914508e-09,0.9462768242298947,0.05372277321619785,3.987616941066897e-07,25,20,20
4,7627,1.7911301864388795e-09,0.9494402601137796,0.050559704125306866,3.396978308260935e-08,25,20,20
4,7628,1.7883090473710448e-09,0.9026203978209846,0.09737920091995096,3.9947075599814384e-07,25,20,20
4,7629,2.6507292276309097e-09,0.8667535037104898,0.13324648640244305,7.236338012749254e-09,25,20,20
4,7630,5.064394083921927e-08,0.7323756435488447,0.26762311383364334,1.1919735699966163e-06,25,20,20
4,7631,4.02266326455084e-08,0.8359914540980372,0.164008139947938,3.6572739170346795e-07,25,20,20
4,7632,1.232464426208677e-06,0.7793650521162212,0.22063369914994074,1.6269411229744773e-08,25,20,20
4,7633,9.752835111388518e-12,0.8285644782886133,0.1714355149716882,6.72994566157788e-09,25,20,20
4,7634,1.5574285050211174e-07,0.8724052733386087,0.1275940232326879,5.476858524779826e-07,25,20,20
4,7635,6.765004814095336e-11,0.9353872211153784,0.06461277816491844,6.520532181288061e-10,25,20,20
4,7636,1.5568091379509445e-07,0.9106698480380189,0.08932997773250338,1.8548563944988892e-08,25,20,20
4,7637,3.086198893067848e-07,0.8663965990946642,0.1336021464336932,9.458517535275298e-07,25,20,20
4,7638,2.52432873069899e-07,0.866079451958425,0.13391962772486832,6.678838339605147e-07,25,20,20
4,7639,2.0515858773621258e-07,0.7516788717823544,0.24831996380375404,9.592553029808598e-07,25,20,20
4,7640,1.5909824058123058e-07,0.8964126502313505,0.10358654053823521,6.501321729370342e-07,25,20,20
4,7641,1.5944199780508427e-07,0.82981590058228,0.1701832847685687,6.552071525505296e-07,25,20,20
4,7642,2.408233036516088e-07,0.8436819025168166,0.15631782417975076,3.248012841506328e-08,25,20,20
4,7643,8.521227747889518e-08,0.9454042836820902,0.05459559731856466,3.3787068136308e-08,25,20,20
4,7644,1.7590959256506126e-07,0.9231325873462636,0.07686722715773717,9.586407019113584e-09,25,20,20
4,7645,7.0363412315096e-06,0.9056851866347365,0.0943046151342521,3.161889779305571e-06,25,20,20
4,7646,7.223798565286284e-11,0.9122384555557613,0.08776152654565308,1.7826347038973136e-08,25,20,20
4,7647,1.0750364267694315e-09,0.8935154966508145,0.1064845005988414,1.6753075050397665e-09,25,20,20
4,7648,3.577937225973886e-11,0.8058654604198331,0.19411653977704166,1.7999767345706702e-05,25,20,20
4,7649,1.1777128187126562e-10,0.8884188920863038,0.11156307341568995,1.8034380235167388e-05,25,20,20
4,7650,5.879629960555093e-07,0.905974338008022,0.09402505123728362,2.2791698162696182e-08,25,20,20
4,7651,6.10510201014348e-07,0.8860740847523245,0.11392429566773467,1.0090697395453755e-06,25,20,20
4,7652,1.1557342100414803e-06,0.89893891727932,0.10105892302597118,1.0039604985444464e-06,25,20,20
4,7653,8.63700507540605e-06,0.863271369285349,0.13671896771383787,1.0259957373344784e-06,25,20,20
4,7654,2.201784394559015e-08,0.8761203779378992,0.12387959866977019,1.374486495570186e-09,25,20,20
4,7655,7.359367943788925e-08,0.8761039060919223,0.12389601324205327,7.072345039124579e-09,25,20,20
4,7656,7.559435031279139e-10,0.9315818297608729,0.06841814548440461,2.3998779436119286e-08,25,20,20
4,7657,7.235174866121961e-11,0.9340423151292676,0.06595764413826592,4.0660114835060816e-08,25,20,20
4,7658,6.444849454884826e-11,0.8958127510844262,0.10418628009312973,9.687579959618338e-07,25,20,20
4,7659,2.1150508984287802e-10,0.9269663065982052,0.0730327040411384,9.89149151006352e-07,25,20,20
4,7660,2.707986288390495e-10,0.9220787401546652,0.07791934006187087,1.9195126652753057e-06,25,20,20
4,7661,7.744095171707466e-10,0.884619112859342,0.11537991795206573,9.684141819755543e-07,25,20,20
4,7662,8.062464657848068e-10,0.8440104163049921,0.1559885910697277,9.918190328876073e-07,25,20,20
4,7663,1.046804411912503e-09,0.895828151151214,0.1041708734470541,9.743549275414218e-07,25,20,20
4,7664,4.1451645939328957e-10,0.8389179219967555,0.16108207670240787,8.863200957462642e-10,25,20,20
4,7665,3.2042501141876467e-05,0.7942734669581685,0.2056943405875744,1.4995311567516537e-07,25,20,20
4,7666,1.7057449395580234e-09,0.8726869539940956,0.12731274915866064,2.951414993335815e-07,25,20,20
4,7667,6.64298517648979e-11,0.9912849482692451,0.008715015587156623,3.6077169077270253e-08,25,20,20
4,7668,1.561183838392591e-09,0.9731952597234447,0.02680472023165992,1.8483711995566354e-08,25,20,20
4,7669,5.2821669122904464e-09,0.9222562708744497,0.07774272740170363,9.96441679461606e-07,25,20,20
4,7670,3.4542373798844153e-09,0.903726019582672,0.09627299071887084,9.862442197226533e-07,25,20,20
4,7671,3.5526009606613053e-10,0.8728783620098898,0.12712163659782613,1.03702426517412e-09,25,20,20
4,7672,3.1476228871448174e-10,0.893505192633297,0.10649480660260947,4.4933171905744387e-10,25,20,20
4,7673,2.8038789173458667e-09,0.8977743552440444,0.10221090394845628,1.4738003620822648e-05,25,20,20
4,7674,1.995170304361724e-09,0.8452435445537937,0.15475642042930202,3.3021734002919614e-08,25,20,20
4,7675,1.6825634702529677e-10,0.8467225034632309,0.15327712682700215,3.6954151046310265e-07,25,20,20
4,7676,1.3834937344369004e-07,0.8255897162584235,0.17440975626871932,3.891234830156445e-07,25,20,20
4,7677,3.9063909815022486e-08,0.8169866012213665,0.18301296439131437,3.95323408510414e-07,25,20,20
4,7678,1.2075284744915948e-10,0.8776527404352212,0.12234609444626438,1.1649977612686082e-06,25,20,20
4,7679,2.686358176692933e-10,0.8577030674984266,0.14229692010423722,1.21287004312477e-08,25,20,20
4,7680,9.140543315957462e-11,0.8919980875450311,0.10800136439190382,5.479716598602728e-07,25,20,20
4,7681,1.711783366710761e-09,0.8628934527303201,0.13710653953583724,6.0220586525443875e-09,25,20,20
4,7682,1.5309401009754593e-09,0.896703499203924,0.10329648690828785,1.2356847771056752e-08,25,20,20
4,7683,3.909495518184972e-09,0.9519207052333042,0.04807927898889363,1.1868307137191573e-08,25,20,20
4,7684,1.8779573829013264e-08,0.8870108458229135,0.11298912429172576,1.110578672379821e-08,25,20,20
4,7685,1.2170333145718275e-12,0.965026685021061,0.03497331465552863,3.2219314817432664e-10,25,20,20
4,7686,9.321961366976567e-11,0.9505778406011726,0.049421183361914256,9.759436929152235e-07,25,20,20
4,7687,1.1964691368585991e-06,0.8497294878892112,0.15026846857570744,8.470659442263706e-07,25,20,20
4,7688,1.161089560673127e-06,0.899133849420238,0.10086362478103293,1.364709168744659e-06,25,20,20
4,7689,5.66755003102735e-09,0.865448504187213,0.13452094151228547,3.054863295210167e-05,25,20,20
4,7690,6.034237778295481e-10,0.9023453449412222,0.09765465382804991,6.273043976386776e-10,25,20,20
4,7691,1.7817167333369806e-11,0.9363073650712559,0.06369263436856341,5.423632850518938e-10,25,20,20
4,7692,7.807565894390115e-07,0.9025023201645301,0.09749689855437127,5.245093850279974e-10,25,20,20
4,7693,1.5772437276972064e-07,0.9162957244611151,0.08370408265936341,3.5155148464197375e-08,25,20,20
4,7694,1.5774415383981267e-07,0.9330569304370951,0.06694287655648974,3.5262261087301173e-08,25,20,20
4,7695,1.26977456487813e-09,0.9513607619829199,0.048639226518660456,1.0228645147482072e-08,25,20,20
4,7696,1.3007796634250444e-09,0.9275031790498215,0.07249681900209108,6.473074954919308e-10,25,20,20
4,7697,7.804766937853004e-10,0.9176165223022068,0.08238345928314057,1.763417620017914e-08,25,20,20
4,7698,3.875569255528512e-08,0.9329060832303133,0.06709289284032258,9.85173671603389e-07,25,20,20
4,7699,2.8888130932744734e-09,0.9673547344336239,0.032645261619516606,1.058046758362288e-09,25,20,20
4,7700,9.259886003391278e-08,0.9470678220584341,0.052932066945004096,1.8397701887023458e-08,25,20,20
4,7701,3.185862185464249e-09,0.9080125335229584,0.0919874626692596,6.219197279603172e-10,25,20,20
4,7702,6.240939438044155e-06,0.8312684369424274,0.1687227008256352,2.6212924984903142e-06,25,20,20
4,7703,1.6653310493764986e-10,0.9418695834532972,0.05813041421044554,2.1697241136850443e-09,25,20,20
4,7704,1.4106208485976703e-11,0.8075221655859718,0.1917637062898543,0.0007141281100678718,25,20,20
4,7705,2.7398500264684634e-09,0.8685603132298444,0.13072460583484086,0.0007150781954645605,25,20,20
4,7706,7.362083260814551e-11,0.914532395915224,0.08546759620747102,7.803684569625905e-09,25,20,20
4,7707,9.633714644228088e-10,0.8887208421030369,0.11127913807014572,1.8863444977185073e-08,25,20,20
4,7708,2.8798724662110876e-09,0.9574359606698676,0.04256402428286523,1.2167394965000025e-08,25,20,20
4,7709,1.9101375622476132e-08,0.9095866163408953,0.09041298887757027,3.7568015807702995e-07,25,20,20
4,7710,1.3630020664576752e-08,0.8549451322838593,0.1450544721801012,3.8190601957099467e-07,25,20,20
4,7711,1.9707843592849656e-07,0.8808637138737463,0.11913541738147883,6.716663394853958e-07,25,20,20
4,7712,4.7832099859641644e-08,0.8934804748078993,0.1065178552868376,1.6220731631538384e-06,25,20,20
4,7713,1.8399764202738402e-07,0.9062393990714501,0.09375847671449776,1.9402164097863797e-06,25,20,20
4,7714,1.7905387734525955e-10,0.8993307298229315,0.10065417661114966,1.5093386864775758e-05,25,20,20
4,7715,2.733401713509191e-11,0.9386235627105964,0.06137643622428638,1.0377833165145686e-09,25,20,20
4,7716,4.3422654346257844e-08,0.9434638946802871,0.05653541117500361,6.507220546344102e-07,25,20,20
4,7717,2.761817655073169e-09,0.8940819377631332,0.10591803587243406,2.360261564008669e-08,25,20,20
4,7718,2.8786424983165297e-09,0.91487711327659,0.08510813359783194,1.4750246935830744e-05,25,20,20
4,7719,2.8930228716578327e-09,0.9000558392760543,0.09994415273672695,5.094196639319351e-09,25,20,20
4,7720,3.6307586583557043e-11,0.9269551172220402,0.07304488209642264,6.45229661626653e-10,25,20,20
4,7721,3.939087778449034e-11,0.8913374986810824,0.10866250054049051,7.39036353313041e-10,25,20,20
4,7722,9.596636453237944e-11,0.8531383471478658,0.14686165115038846,1.605779343740022e-09,25,20,20
4,7723,1.389569537175365e-06,0.8209225401210014,0.1790754035546998,6.667547611176313e-07,25,20,20
4,7724,2.6303186263034696e-10,0.897755834498289,0.10224378795972099,3.7727895803797797e-07,25,20,20
4,7725,5.027321675375049e-11,0.8743081567956051,0.1256918354836756,7.670445738225841e-09,25,20,20
4,7726,3.2566077939671483e-11,0.9708336496590501,0.029166349350648636,9.577355764295584e-10,25,20,20
4,7727,4.661989474984573e-10,0.8118961455640837,0.18807334045305055,3.0513516665378657e-05,25,20,20
4,7728,1.4087900914113732e-09,0.8845476903033607,0.11542179478889938,3.051349894963301e-05,25,20,20
4,7729,3.747187735214934e-08,0.8676331958325423,0.13233529080463352,3.147589094614849e-05,25,20,20
4,7730,4.7939164664741904e-08,0.8009802801964686,0.1989881972644825,3.147459988336443e-05,25,20,20
4,7731,9.266328840172242e-08,0.8527592175835552,0.14724010679006178,5.829630945242462e-07,25,20,20
4,7732,1.1129470332975506e-10,0.9013360597163554,0.09866364540667581,2.947656736826249e-07,25,20,20
4,7733,9.212556526233975e-11,0.9182245257771424,0.08177518534470335,2.887860286463438e-07,25,20,20
4,7734,1.719735568988834e-09,0.9331620444434671,0.06683697712117218,9.767156250905865e-07,25,20,20
4,7735,6.868062132236045e-10,0.9331503380732116,0.06684964341171201,1.7828270242473705e-08,25,20,20
4,7736,7.013204056452425e-10,0.9229376760199794,0.0770623053435614,1.7935138259678083e-08,25,20,20
4,7737,3.4090450495098223e-09,0.9660999600233418,0.033900001771251936,3.479636138036345e-08,25,20,20
4,7738,1.436693451960409e-09,0.8922832658181521,0.10771668773525793,4.500989649904125e-08,25,20,20
4,7739,5.137412772711601e-06,0.9343126536038351,0.06568219091879797,1.8064593761884675e-08,25,20,20
4,7740,5.134766549216171e-06,0.8951692318309779,0.10482534284151543,2.905609572483747e-07,25,20,20
4,7741,5.291370784763662e-06,0.9675126232699993,0.032481134043091255,9.513161243169477e-07,25,20,20
4,7742,4.223095854475373e-09,0.9281675950219942,0.07183238226992784,1.8484982069009333e-08,25,20,20
4,7743,1.6706441747310811e-09,0.9260526993937971,0.07394726287999638,3.6055561984220856e-08,25,20,20
4,7744,3.0118130456535015e-10,0.843944384850267,0.1560552909888141,3.2385973675406355e-07,25,20,20
4,7745,1.0991164589736037e-10,0.8853458734075051,0.11465409139729484,3.508528838832007e-08,25,20,20
4,7746,7.592554155483891e-11,0.9248038611600495,0.07519609406431207,4.46997124867537e-08,25,20,20
4,7747,6.778361802861651e-10,0.8877759161607653,0.11222379347986523,2.896815330055205e-07,25,20,20
4,7748,2.431091898885361e-09,0.9483573264207921,0.05164238177722596,2.893708901112839e-07,25,20,20
4,7749,7.383185194495052e-10,0.9424989457834069,0.057501052842870194,6.354041614832418e-10,25,20,20
4,7750,7.85511044505305e-10,0.9390313026725944,0.060968678944151485,1.7597743042365356e-08,25,20,20
4,7751,4.992036611857629e-11,0.9337673645342456,0.06623261659351821,1.8822315765019703e-08,25,20,20
4,7752,2.0872017333079447e-06,0.883537581406944,0.11646031272458257,1.8666739290014837e-08,25,20,20
4,7753,1.536369299849146e-10,0.9001940229472103,0.09980595399044793,2.2908704841049416e-08,25,20,20
4,7754,2.8980162917345242e-09,0.8767649258256561,0.12323506525556048,6.020766468139761e-09,25,20,20
4,7755,2.5675594400406013e-06,0.8439144448875466,0.15608295949729808,2.8055714869453755e-08,25,20,20
4,7756,7.977843679673431e-11,0.8473172620453541,0.15268242674638968,3.1112847698260447e-07,25,20,20
4,7757,5.862479423311984e-12,0.9203457057892835,0.07965428911532137,5.089532490894735e-09,25,20,20
4,7758,1.5390970267307187e-07,0.907295843391349,0.09270400132482594,1.3741222788164435e-09,25,20,20
4,7759,1.0064321089802441e-07,0.8797843022085335,0.12021464051708058,9.566311747941712e-07,25,20,20
4,7760,4.78367720332893e-08,0.9045361828575501,0.09546281685110221,9.524545754982482e-07,25,20,20
4,7761,4.746153836516353e-08,0.854350059810487,0.1456498915941401,1.1338355118871217e-09,25,20,20
4,7762,2.1122179422484422e-09,0.8623180326147138,0.13768196463024535,6.428229563557534e-10,25,20,20
4,7763,1.7832227023352744e-09,0.8377984486106865,0.1622015144946721,3.5111418659913956e-08,25,20,20
4,7764,4.163100083102493e-09,0.8915024714442426,0.10849749941998885,2.497266850151256e-08,25,20,20
4,7765,2.842507764991193e-09,0.922594320897592,0.07740565863801127,1.762188899626406e-08,25,20,20
4,7766,2.9253759130207787e-09,0.9419189745501424,0.05808099951491656,2.3009564767586086e-08,25,20,20
4,7767,5.650564566969934e-09,0.9151257150677679,0.08487426044466836,1.8836999348910164e-08,25,20,20
4,7768,4.333148526075848e-09,0.7921398737944719,0.20785955687832278,5.649940549814726e-07,25,20,20
4,7769,1.5449180744594553e-09,0.92947600538552,0.07052300716350517,9.859060567644628e-07,25,20,20
4,7770,1.510745445801346e-09,0.9328155105683399,0.06718445222396285,3.56969515934196e-08,25,20,20
4,7771,4.3409024161437705e-10,0.925528522470093,0.0744710836175034,3.9347831318787876e-07,25,20,20
4,7772,1.66200806617154e-11,0.9621978447239904,0.03780178968959523,3.65569793965914e-07,25,20,20
4,7773,4.820303642434624e-11,0.9421510938657334,0.05784887154551761,3.4540545745135614e-08,25,20,20
4,7774,1.0162858286666285e-10,0.9455391764964598,0.054460778529351356,4.487256007603939e-08,25,20,20
4,7775,2.92685991278164e-09,0.9433396264562173,0.0566603076557001,6.296122302339269e-08,25,20,20
4,7776,5.978991690583111e-08,0.9649883007697503,0.035011639088974825,3.5135779772480864e-10,25,20,20
4,7777,5.699039328476269e-08,0.9242549418910161,0.07574496519384576,3.5924745114475584e-08,25,20,20
4,7778,7.124623075091902e-08,0.9343661409465418,0.06563279724063469,9.905665932180076e-07,25,20,20
4,7779,1.4298893686438387e-08,0.9013517500800421,0.09864822794237192,7.678691877047487e-09,25,20,20
4,7780,7.808906532797275e-10,0.9279540985188034,0.07204589941770356,1.2826025814061483e-09,25,20,20
4,7781,1.7731379812902575e-09,0.9088562895540465,0.09114370761120949,1.0616059700750466e-09,25,20,20
4,7782,4.9772626882032526e-11,0.9447555269543644,0.05524443634000461,3.6655858538606296e-08,25,20,20
4,7783,9.854325313424092e-11,0.9504636518961546,0.04953633008928764,1.7916014524001045e-08,25,20,20
4,7784,6.933475431983534e-07,0.8135890155333335,0.18639228260292875,1.8008516193740476e-05,25,20,20
4,7785,7.097805537339803e-10,0.9150179032949188,0.08498207876719825,1.7228101808877812e-08,25,20,20
4,7786,1.8749972198653704e-09,0.9243761701692974,0.07562382734833263,6.073728660888867e-10,25,20,20
4,7787,1.0876792436578418e-10,0.9374638173487084,0.06253618202099283,5.215306927116948e-10,25,20,20
4,7788,1.5597237738424372e-07,0.8552649341680387,0.14473490921328278,6.463008609882575e-10,25,20,20
4,7789,2.1389426900160022e-08,0.923246469671528,0.07675294468844808,5.64250596408306e-07,25,20,20
4,7790,2.1722709809832003e-08,0.7944274554437019,0.20557196665632266,5.561772663378785e-07,25,20,20
4,7791,2.8338116364698604e-09,0.936617036959549,0.06338295925180146,9.548377233270052e-10,25,20,20
4,7792,3.301457928060693e-11,0.9278249979760251,0.07217498351617033,1.8474789476150678e-08,25,20,20
4,7793,3.8270041112532615e-11,0.9431369603982751,0.056863032512016805,7.051437839342086e-09,25,20,20
4,7794,2.3124276651144036e-12,0.9009268847337596,0.09907311481752165,4.464064225883749e-10,25,20,20
4,7795,7.763614932998403e-10,0.944257860759555,0.05574118756193158,9.509021522807553e-07,25,20,20
4,7796,9.768601514780344e-10,0.8463165516899044,0.15368315778035208,2.895528835671208e-07,25,20,20
4,7797,2.3244339128423052e-12,0.8741164987984281,0.1258835003493545,8.498930695393078e-10,25,20,20
4,7798,4.468157490278233e-06,0.8190068090397646,0.18098822002998827,5.027727565824609e-07,25,20,20
4,7799,2.50765667075101e-11,0.7642754248485538,0.2357065530991291,1.802202724009163e-05,25,20,20
4,7800,1.3637760653164679e-11,0.9459304932727132,0.054069489111740116,1.7601909135656448e-08,25,20,20
4,7801,3.423167386551913e-09,0.9190441523358612,0.0809558094514326,3.4789538803544814e-08,25,20,20
4,7802,7.969873728662784e-10,0.8441623200137485,0.15583728044193496,3.9874732945105335e-07,25,20,20
4,7803,1.7975536541596082e-09,0.8830316384005357,0.11696834179300666,1.8008904201705896e-08,25,20,20
4,7804,1.536867701923981e-07,0.8648699194889927,0.1351298736007848,5.322345214096311e-08,25,20,20
4,7805,7.228200846207903e-10,0.9259691102184849,0.07403088780383114,1.2548636259716534e-09,25,20,20
4,7806,2.761732007032716e-09,0.9160547239274794,0.08394432130686065,9.520039276279281e-07,25,20,20
4,7807,2.6855361141663697e-11,0.9635157983780833,0.0364841825195821,1.9075478969037883e-08,25,20,20
4,7808,9.131870977659372e-10,0.9016474944258621,0.09835249831996658,6.340983504326518e-09,25,20,20
4,7809,2.6958620433280117e-09,0.84513097765051,0.1548690131997847,6.453842814079975e-09,25,20,20
4,7810,1.9803116662094337e-08,0.9267177126641346,0.07328223218576083,3.534698783951946e-08,25,20,20
4,7811,1.973028283100381e-08,0.921848734973814,0.07815122753884877,1.7757054203851696e-08,25,20,20
4,7812,2.2925215534223214e-11,0.9219347148743986,0.07806528355002879,1.552646977109708e-09,25,20,20
4,7813,2.449758028852056e-12,0.9301592280146894,0.06983979646293396,9.755199262474953e-07,25,20,20
4,7814,1.395272295869205e-10,0.8510801681651007,0.14891885624602555,9.754493464100693e-07,25,20,20
4,7815,1.0573226228586596e-09,0.9299319365065156,0.07006708125492836,9.811812327552253e-07,25,20,20
4,7816,1.0002388546541256e-09,0.9107232338923201,0.08927637712127735,3.8798616341921834e-07,25,20,20
4,7817,1.5228493270020575e-11,0.9261749400200227,0.0738250495508949,1.0413854269978998e-08,25,20,20
4,7818,1.0205692245864118e-09,0.9309597829510861,0.06904021531497584,7.133683958137501e-10,25,20,20
4,7819,1.0710367528428784e-09,0.8536526626852364,0.14634730051656783,3.5727159126839307e-08,25,20,20
4,7820,8.383306657010266e-10,0.9207062716511237,0.07929372646279437,1.0477517549703248e-09,25,20,20
4,7821,8.434146504627239e-10,0.8881984202023355,0.11180157220409055,6.750159971898579e-09,25,20,20
4,7822,8.647062937017931e-08,0.8255175720238538,0.17448204242415533,2.990813618887885e-07,25,20,20
4,7823,3.0191009035644854e-09,0.9343905359567433,0.06560880669892948,6.543252265035256e-07,25,20,20
4,7824,1.0138205849685809e-07,0.908720341147718,0.09127952879895668,2.867126675444044e-08,25,20,20
4,7825,9.85449357709871e-08,0.8954566409161235,0.10454321313369826,4.740524228954996e-08,25,20,20
4,7826,9.856458525303786e-08,0.7773892370076276,0.22261063021683358,3.421095266757147e-08,25,20,20
4,7827,1.356868929009534e-10,0.8245665519791472,0.17543344197624844,5.908916946697833e-09,25,20,20
4,7828,7.22881730185727e-11,0.8491261630815404,0.15087383654739628,2.98775336754172e-10,25,20,20
4,7829,3.916783393430848e-08,0.8624415118635291,0.13755843165096882,1.7317668035667995e-08,25,20,20
4,7830,3.9853429208605435e-08,0.8537741171049541,0.14622580767118287,3.537043377762151e-08,25,20,20
4,7831,3.9875970556061125e-08,0.845463470890903,0.15453641887125735,7.036186912320807e-08,25,20,20
4,7832,7.576203584924453e-10,0.946806421871974,0.053193577017401766,3.530043996733239e-10,25,20,20
4,7833,6.764889765266201e-10,0.924310680347511,0.07568930149116176,1.7484837837902043e-08,25,20,20
4,7834,1.4088818674919016e-09,0.9398823806768415,0.06011759987835856,1.803591774140645e-08,25,20,20
4,7835,7.421467310484024e-10,0.8922068500916933,0.10779314840936756,7.56792040273578e-10,25,20,20
4,7836,8.926541565644684e-11,0.8903696896861091,0.10963002078835211,2.8943627353520175e-07,25,20,20
4,7837,8.304075033905101e-10,0.8991320856338725,0.1008676233443787,2.9019134086230053e-07,25,20,20
4,7838,2.3976972748284275e-09,0.8951845395908004,0.10478019822716453,3.52597843373253e-05,25,20,20
4,7839,2.617009822508932e-09,0.9009677253463235,0.09903224328518441,2.8751481873211306e-08,25,20,20
4,7840,3.1883326834526266e-06,0.9479299181501676,0.05206652180815502,3.717089937346836e-07,25,20,20
4,7841,3.1856683005107025e-06,0.83399623323941,0.16599956372174351,1.017370545609899e-06,25,20,20
4,7842,2.839165285749736e-09,0.9167339587112042,0.08326603795041772,4.992121024306016e-10,25,20,20
4,7843,1.3163106423149286e-08,0.8808242287257434,0.11917480219574227,9.559154066604164e-07,25,20,20
4,7844,1.3103922440244953e-08,0.9145247774326117,0.08547520320987102,6.253594068516887e-09,25,20,20
4,7845,5.240329860554017e-06,0.9398880334832943,0.060106086206187924,6.399806579747024e-07,25,20,20
4,7846,5.241047810967941e-06,0.8478282117015926,0.15216541822741303,1.129023183618184e-06,25,20,20
4,7847,5.844165490622187e-06,0.8640759026260221,0.13591762018923018,6.330192563066708e-07,25,20,20
4,7848,7.293510451498153e-10,0.9284402912623109,0.07155967160785781,3.64004799545745e-08,25,20,20
4,7849,3.3817933600511393e-11,0.9015342418760979,0.09846572200729962,3.608278465861065e-08,25,20,20
4,7850,2.4056111537590907e-08,0.8957827617233697,0.10421569523286484,1.5189876532814697e-06,25,20,20
4,7851,8.458076513447653e-06,0.8627888429123562,0.13720170931815093,9.89692978719363e-07,25,20,20
4,7852,8.456056725744195e-06,0.9178472270115133,0.08214333262266635,9.84309094344565e-07,25,20,20
4,7853,2.0978538103621005e-08,0.8072064275884344,0.1927612411075095,3.231032551753037e-05,25,20,20
4,7854,1.1197496878292478e-06,0.9203776102030717,0.07962025757149521,1.0124757452274187e-06,25,20,20
4,7855,2.4081319924764927e-08,0.8834883010894364,0.11651112040860731,5.544206360297869e-07,25,20,20
4,7856,6.695908317449766e-08,0.8628478353568749,0.1371520792773605,1.8406681468814087e-08,25,20,20
4,7857,6.857360674055239e-08,0.8785907220797903,0.12140920828776715,1.0588358731752143e-09,25,20,20
4,7858,3.540566498929051e-11,0.9028136291750289,0.09718635254860505,1.824096067269906e-08,25,20,20
4,7859,3.630879271039195e-11,0.9138522491827301,0.08614679981879016,9.509621702866015e-07,25,20,20
4,7860,2.6687676310119437e-10,0.8599950243380219,0.1400049690783544,6.316746624818541e-09,25,20,20
4,7861,2.751163609974915e-09,0.9847782398339312,0.01522175645898432,9.559205463560032e-10,25,20,20
4,7862,3.914629370693021e-08,0.9137372431670882,0.08626271631250367,1.3741145246405347e-09,25,20,20
4,7863,4.3331870899271374e-08,0.8909858980764882,0.10901375083747376,3.077541665988793e-07,25,20,20
4,7864,4.5210134503686576e-08,0.8652421827917712,0.1347574653371363,3.0666095791498823e-07,25,20,20
4,7865,3.8146154219488814e-09,0.7950688434597468,0.20493076299167653,3.897339613602079e-07,25,20,20
4,7866,2.727703201780847e-09,0.8803140895688766,0.11968588452587049,2.3177549557069157e-08,25,20,20
4,7867,1.3837610823551646e-09,0.8852903496954911,0.11470964381716899,5.103578721642083e-09,25,20,20
4,7868,7.814619780210105e-07,0.8910707450691965,0.10892845585462878,1.7614196195947782e-08,25,20,20
4,7869,3.710559845866124e-08,0.9032157513262306,0.09678324414230018,9.674258704212925e-07,25,20,20
4,7870,1.5358642195224735e-09,0.91849269227701,0.08150730615551305,3.161195751813333e-11,25,20,20
4,7871,0.00011967101592438689,0.8134869716736166,0.18512820956097065,0.0012651477494877684,25,20,20
4,7872,2.701285200795946e-09,0.9366830101461479,0.06331695225019915,3.490236762410601e-08,25,20,20
4,7873,4.331240899982889e-08,0.8544061776022953,0.14559374469286512,3.439243037696074e-08,25,20,20
4,7874,3.283599485575198e-09,0.8147156955074645,0.18528428302743763,1.818149811237027e-08,25,20,20
4,7875,4.4034251059012804e-10,0.8887360731532309,0.11126392474225337,1.664173200658955e-09,25,20,20
4,7876,9.345797707074042e-12,0.8439881411289738,0.15601185802004947,8.416308062912961e-10,25,20,20
4,7877,9.69981058605256e-10,0.85548153133754,0.1445184613321955,6.36028328141626e-09,25,20,20
4,7878,7.470223271147592e-10,0.8312283927700989,0.16877160612256212,3.603168581368025e-10,25,20,20
4,7879,2.8943240647957763e-11,0.8268731593384295,0.17312588978907267,9.508435541589526e-07,25,20,20
4,7880,1.0438626942023634e-10,0.8450867428294102,0.15491287452612743,3.8254007599150007e-07,25,20,20
4,7881,2.13703145003789e-06,0.8464386145174058,0.15355885773293243,3.907182118463737e-07,25,20,20
4,7882,3.38789030115169e-11,0.8973103430994513,0.1026886978035391,9.590631312099346e-07,25,20,20
4,7883,2.3019082392374838e-06,0.8699733627069522,0.1300095638073927,1.4771577416384034e-05,25,20,20
4,7884,7.498886802186711e-10,0.8545498426019755,0.14545010388115728,5.2766978291979376e-08,25,20,20
4,7885,6.887987027286761e-10,0.9442164580195567,0.05578352368982089,1.760182367345171e-08,25,20,20
4,7886,6.216250089813069e-09,0.8994322223564957,0.10056069861456,7.0728126933762915e-06,25,20,20
4,7887,2.188509634526175e-08,0.907414745951268,0.09258520247082691,2.969280835378996e-08,25,20,20
4,7888,2.1908360314439805e-08,0.8843826584136539,0.11561731902194936,6.560364188509678e-10,25,20,20
4,7889,7.415107349819852e-10,0.9353559310826944,0.06464406802810715,1.4768780069204609e-10,25,20,20
4,7890,2.3967845456348536e-08,0.9679240954086821,0.03207585298629338,2.7637179367174418e-08,25,20,20
4,7891,2.057336033872595e-08,0.9259855557598236,0.07401439661933887,2.7047477056277836e-08,25,20,20
4,7892,2.1117518603130754e-06,0.8843327517535665,0.11566512646817002,1.0026402829521467e-08,25,20,20
4,7893,2.094737173168072e-06,0.9294321248859295,0.07056577406462959,6.312268103850758e-09,25,20,20
4,7894,7.468823168691809e-11,0.9263446228133085,0.07359086173127447,6.451538072861671e-05,25,20,20
4,7895,3.482659972999676e-11,0.8933082780195707,0.10669172150973198,4.3587079195779177e-10,25,20,20
4,7896,4.621675099776504e-09,0.8493137472588123,0.15068624715374734,9.657653052112834e-10,25,20,20
4,7897,1.7670488412559156e-09,0.902178591200974,0.0978213721676866,3.4864290902458985e-08,25,20,20
4,7898,3.278150797286405e-11,0.8952148594802409,0.10478508863485801,5.1852119208334386e-08,25,20,20
4,7899,1.5063204148713642e-09,0.8625164017007961,0.13748357949689508,1.7295987619740607e-08,25,20,20
4,7900,7.308739120535814e-11,0.9335436765680788,0.06645540170475381,9.216540799270216e-07,25,20,20
4,7901,7.221122835219871e-10,0.9458870136214504,0.05411171320643117,1.2724500061000564e-06,25,20,20
4,7902,4.641591029625193e-08,0.8819910228252107,0.118007670714524,1.2600443545390801e-06,25,20,20
4,7903,3.683158756720159e-08,0.8673319053721129,0.13266803917252779,1.8623771730536974e-08,25,20,20
4,7904,7.5356603316227e-08,0.9337235657607136,0.06627634093033698,1.7952346139125448e-08,25,20,20
4,7905,7.529468537736135e-08,0.9399855383712074,0.06001436191251756,2.4421589252009527e-08,25,20,20
4,7906,3.853639810308651e-08,0.9296416561260058,0.07035830466519483,6.724009754421606e-10,25,20,20
4,7907,3.853582208061676e-08,0.9029370208016212,0.09706290456263252,3.609992436195795e-08,25,20,20
4,7908,8.075773857378985e-07,0.9058251658734217,0.09417362855049469,3.979986971403314e-07,25,20,20
4,7909,3.920728224793507e-08,0.9402497247477364,0.059749818185415825,4.178595656615913e-07,25,20,20
4,7910,7.639693919261279e-05,0.9261600645357979,0.07372886209275004,3.4676432259177574e-05,25,20,20
4,7911,7.63608660121222e-05,0.8857712271285948,0.11411808259310546,3.432941228706144e-05,25,20,20
4,7912,1.5436048871073612e-07,0.9109079044363686,0.08909192272659794,1.847654426476464e-08,25,20,20
4,7913,1.4727352163537123e-11,0.9883702820292819,0.011629700103776737,1.785221391332549e-08,25,20,20
4,7914,2.106791465783352e-09,0.9371897472439658,0.06280988602026259,3.646289805899831e-07,25,20,20
4,7915,1.863802181605822e-09,0.9199882120261723,0.08001176765926722,1.8450758756872623e-08,25,20,20
4,7916,3.5128205753651056e-09,0.8649849247974997,0.135015053234436,1.8455244548215212e-08,25,20,20
4,7917,4.802079404573792e-10,0.9190361754283893,0.0809637947099972,2.9381405448498344e-08,25,20,20
4,7918,8.638230198481868e-06,0.8263016568375705,0.1690064386529003,0.004683266279330583,25,20,20
4,7919,8.63747976579285e-06,0.9385251303560764,0.061466226458220044,5.705937598805547e-09,25,20,20
4,7920,1.132453843241395e-08,0.8399022202927291,0.1600977674406148,9.421178286759548e-10,25,20,20
4,7921,4.989898594175716e-08,0.7385271256278696,0.1886700030077081,0.07280282146543648,25,20,20
4,7922,4.933320103314779e-08,0.8745510290535666,0.12473476403886757,0.0007141575743643637,25,20,20
4,7923,8.46520907127212e-06,0.8302985995284873,0.16897784047774964,0.0007150947846917311,25,20,20
4,7924,1.0866834671228528e-08,0.8840167439520852,0.11598323967959631,5.5014839647107855e-09,25,20,20
4,7925,6.073113936348489e-11,0.8900717086271244,0.10992792121775828,3.700943862954957e-07,25,20,20
4,7926,4.1204512289360415e-09,0.8173141205597976,0.1826858467674056,2.8552345351950697e-08,25,20,20
4,7927,2.929699476233776e-11,0.8250914202431845,0.1749085513735711,2.835394707534232e-08,25,20,20
4,7928,5.472222067559796e-09,0.8795735012637461,0.1204264749553059,1.8308725689071378e-08,25,20,20
4,7929,2.7075199973994364e-07,0.8477001498939455,0.15229787055813337,1.7087959204969715e-06,25,20,20
4,7930,3.2207127335909756e-06,0.8795589188830438,0.12043747518750475,3.8521671803017524e-07,25,20,20
4,7931,3.223538380288106e-06,0.9092411225821461,0.09075562961500401,2.426446971274248e-08,25,20,20
4,7932,3.2209133517765676e-06,0.8481175322934122,0.15187923941661402,7.376622207441816e-09,25,20,20
4,7933,3.218166960698529e-06,0.7931956677555841,0.20680055542369538,5.586537590412992e-07,25,20,20
4,7934,8.788849970457823e-10,0.8575423751423439,0.14245760995177137,1.4026999688695545e-08,25,20,20
4,7935,1.1398196694725798e-10,0.9368867736229209,0.06311320193144787,2.4331649148049404e-08,25,20,20
4,7936,8.640201852496979e-08,0.9288113694425529,0.07115797821587946,3.056593954930398e-05,25,20,20
4,7937,1.4434029513306977e-10,0.9502309325383113,0.049769066344675775,9.72672864067705e-10,25,20,20
4,7938,3.7357926845386985e-10,0.8396426897831195,0.1603560696724059,1.2401708949904495e-06,25,20,20
4,7939,2.1780674667590682e-11,0.8217635681794551,0.17823613691454823,2.9488421571048636e-07,25,20,20
4,7940,2.747019554355915e-09,0.9461424095073063,0.05385757634069103,1.1404982798462862e-08,25,20,20
4,7941,4.032159434469612e-08,0.9455746808457393,0.05442522710263594,5.1730030492306657e-08,25,20,20
4,7942,5.455540779352459e-09,0.9291280270050735,0.030967817634559327,0.039904149904826366,25,20,20
4,7943,2.793247740922411e-09,0.954382846067065,0.04561714572430512,5.415381732175894e-09,25,20,20
4,7944,9.270144940766626e-12,0.8313783282931962,0.16862166660912056,5.0884130911029834e-09,25,20,20
4,7945,2.5241406220254896e-11,0.9227812915112429,0.07721870273643859,5.727077531133981e-09,25,20,20
4,7946,3.7808006221934675e-08,0.8916676992242075,0.10833131246317246,9.505046137968784e-07,25,20,20
4,7947,7.104778257456659e-10,0.9096631631538347,0.09033683486305161,1.27263580529758e-09,25,20,20
4,7948,8.532485889054643e-08,0.9146820020424624,0.08531790001537955,1.2617298455547255e-08,25,20,20
4,7949,8.534205340602547e-08,0.8768794137434095,0.12312049993583728,9.786991593771193e-10,25,20,20
4,7950,1.1909322549091281e-07,0.7720734245903178,0.18819121594638027,0.03973524037007604,25,20,20
4,7951,1.0621230055665156e-09,0.8814895439412864,0.11851012181959288,3.3317699750262997e-07,25,20,20
4,7952,2.6373977947782293e-07,0.8479337244132055,0.15206598159456144,3.025245309396634e-08,25,20,20
4,7953,2.2558780672911785e-11,0.9350393438959661,0.0649606557694551,3.120203332807945e-10,25,20,20
4,7954,3.06344716791619e-06,0.942092196487899,0.05790472149061614,1.8574317034364143e-08,25,20,20
4,7955,1.1517388948432232e-05,0.9073679593625176,0.09261954482199179,9.784265420792164e-07,25,20,20
4,7956,2.767502291057672e-09,0.9565072569522864,0.04349272245881642,1.782139486836914e-08,25,20,20
4,7957,5.6875550544226273e-08,0.918100626078515,0.081898741572367,5.754735674576062e-07,25,20,20
4,7958,5.692153783970184e-08,0.9024600639940397,0.09753890518272418,9.73901698552515e-07,25,20,20
4,7959,3.491555258132136e-09,0.9023114383065178,0.0976885012705722,5.693135454743182e-08,25,20,20
4,7960,1.0194533870645757e-07,0.8982308645841995,0.10176899141013766,4.206032381460301e-08,25,20,20
4,7961,9.855537548124141e-08,0.9049421161450533,0.09505776750987946,1.7789691071290882e-08,25,20,20
4,7962,3.441707308643969e-07,0.8077066602259653,0.19229297793035996,1.76729439478947e-08,25,20,20
4,7963,3.1138297182040234e-07,0.8625854741298268,0.13741421382426208,6.629392050668886e-10,25,20,20
4,7964,1.2442936957627783e-09,0.8109745434838306,0.18900336922803057,2.2086043844928676e-05,25,20,20
4,7965,2.0913225412391678e-09,0.8643049450675359,0.13567250073664414,2.255210449689314e-05,25,20,20
4,7966,9.086970950113747e-11,0.8869734289945348,0.1130260978100652,4.7310453016276097e-07,25,20,20
4,7967,1.0786877773901401e-10,0.8581650332673548,0.1418339938554977,9.727692784180488e-07,25,20,20
4,7968,2.6561593689142278e-11,0.8860309935632548,0.11396805448046689,9.51929716473193e-07,25,20,20
4,7969,6.360793819472825e-11,0.9447687729001933,0.055230258314385446,9.687218131558638e-07,25,20,20
4,7970,2.8514655100509758e-09,0.9300977418069653,0.06990223663257508,1.8708993499214584e-08,25,20,20
4,7971,7.28580065391406e-10,0.9654789448968508,0.034521043840899,1.0533670048317296e-08,25,20,20
4,7972,8.566767474162778e-08,0.9079388539096118,0.09205991248087889,1.147941834563846e-06,25,20,20
4,7973,8.489897030251052e-08,0.8665668158391844,0.13343213828372336,9.609781224107363e-07,25,20,20
4,7974,8.484010305686173e-08,0.8650589821568547,0.13494093270098162,3.0206060965419034e-10,25,20,20
4,7975,2.7850854244019643e-09,0.9480474650164221,0.05195253186225428,3.36238482042664e-10,25,20,20
4,7976,2.317204380080489e-08,0.8806803903919538,0.11931861786592454,9.685700773931263e-07,25,20,20
4,7977,4.164883487561267e-08,0.884819255522071,0.1151806665972279,3.623186643130787e-08,25,20,20
4,7978,3.64528537636232e-09,0.7792739857435972,0.22072540022399934,6.103871171719067e-07,25,20,20
4,7979,4.619044910961979e-08,0.8520656027025661,0.14793430083918177,5.0267803240325744e-08,25,20,20
4,7980,4.6166300130315676e-08,0.8753126574082334,0.12468723998502379,5.6440441949579745e-08,25,20,20
4,7981,7.673713959392175e-11,0.8943951258099976,0.10560484647068996,2.7642575300108003e-08,25,20,20
4,7982,3.760573615277616e-09,0.8745623897254425,0.12543760570309434,8.108892163194298e-10,25,20,20
4,7983,3.187237636999038e-11,0.8015569743529504,0.19844205001375453,9.756014221790235e-07,25,20,20
4,7984,7.860870672718638e-11,0.7955337105313245,0.20446628873215345,6.579120013737123e-10,25,20,20
4,7985,9.261453167126696e-11,0.8270228276119457,0.17297628401409976,8.882813401308844e-07,25,20,20
4,7986,6.155170798469619e-09,0.8521817017094208,0.14781825858264316,3.355276505362794e-08,25,20,20
4,7987,1.3724005535064368e-11,0.9038365271217179,0.09616346715051215,5.714045690122781e-09,25,20,20
4,7988,1.3786369867678667e-11,0.87662834377095,0.12337065680179653,9.994134672820725e-07,25,20,20
4,7989,1.1356231912036394e-10,0.863629967261399,0.1363351371970795,3.489542795966976e-05,25,20,20
4,7990,4.510871315271297e-11,0.9271982030358988,0.07276688463483487,3.491228415790538e-05,25,20,20
4,7991,1.602091862747069e-09,0.884495774622433,0.11546930174764208,3.492202783330405e-05,25,20,20
4,7992,1.4186383358111084e-11,0.9028528800762332,0.09714710197906429,1.7930516258348257e-08,25,20,20
4,7993,1.5253213059625243e-08,0.8522815300453368,0.1477180724132004,3.822882497088619e-07,25,20,20
4,7994,1.0451379971353101e-09,0.8444403642730134,0.15555962321379208,1.1468056000320195e-08,25,20,20
4,7995,5.592397487404378e-08,0.8232464904760991,0.17675249138556068,9.622143648931711e-07,25,20,20
4,7996,8.228152225339035e-11,0.8777833638312252,0.12221626641979841,3.6966669437193717e-07,25,20,20
4,7997,7.522208323285539e-10,0.8860643984593204,0.11393521397331974,3.8681513884037306e-07,25,20,20
4,7998,7.138495909093908e-11,0.8688222084301016,0.13117742740020905,3.6409830417714236e-07,25,20,20
4,7999,1.5719807273464443e-07,0.8466205681067553,0.15337886955784602,4.051373260582513e-07,25,20,20
4,8000,1.466667431071269e-09,0.8494691681500209,0.15053015292989436,6.774534168463735e-07,25,20,20
4,8001,1.238325607311451e-07,0.8624642183649877,0.1375356225387528,3.5263698555672745e-08,25,20,20
4,8002,7.206460732239511e-10,0.9630247695954068,0.036975211453027595,1.823091930496444e-08,25,20,20
4,8003,3.554209668047825e-09,0.8600611564730667,0.13993881666982788,2.3302895320385014e-08,25,20,20
4,8004,3.523614165993386e-11,0.8622297396782933,0.1377697069152478,5.533712218323513e-07,25,20,20
4,8005,1.3766366589636218e-11,0.9505135233923742,0.04948646995744297,6.636416527150712e-09,25,20,20
4,8006,2.6306450041052108e-11,0.9322146655228295,0.06778532335296532,1.1097898615510102e-08,25,20,20
4,8007,5.171425208601562e-11,0.9724457279765781,0.027554270995297597,9.7640986799695e-10,25,20,20
4,8008,6.474603359452279e-11,0.9174981994993908,0.08250177678358282,2.3652279820204355e-08,25,20,20
4,8009,3.3287830726789245e-09,0.8444280853940189,0.15557028246220506,1.628814992646923e-06,25,20,20
4,8010,4.846084900325189e-10,0.8671029113581414,0.13286608530849256,3.1002848756562787e-05,25,20,20
4,8011,5.322229793824892e-10,0.904371650024008,0.09562833061519058,1.8828578055109185e-08,25,20,20
4,8012,1.6067031400623657e-10,0.9698462175543743,0.030153762913059653,1.937189575870964e-08,25,20,20
4,8013,2.712560579837718e-09,0.9305514562600459,0.06944852247614518,1.8551248408335077e-08,25,20,20
4,8014,6.839244553298354e-10,0.9645159514427055,0.03548306238952514,9.854838450858649e-07,25,20,20
4,8015,7.315954506524251e-10,0.9115291788853669,0.08847078459716667,3.57858709275109e-08,25,20,20
4,8016,5.005601050307648e-11,0.9458757067289683,0.054124257756338084,3.5464637634749994e-08,25,20,20
4,8017,1.5546273266615332e-07,0.9561064964667456,0.04389331354025861,3.453026306286925e-08,25,20,20
4,8018,2.8341389912063426e-09,0.9449929429539848,0.055007036377049,1.7834826955888107e-08,25,20,20
4,8019,6.318780369667949e-11,0.8757939876585266,0.12420598944116383,2.283712160055743e-08,25,20,20
4,8020,2.9971239756001594e-09,0.8598387500516558,0.14016092213496623,3.248162532830236e-07,25,20,20
4,8021,2.1202967974232857e-10,0.9164133668878316,0.08358634348489864,2.8941524002332713e-07,25,20,20
4,8022,0.039500575114329264,0.8392205996180057,0.1212785179926011,3.072750639042627e-07,25,20,20
4,8023,1.5746201219110146e-07,0.956816838452219,0.04318295582454832,4.8261220137796916e-08,25,20,20
4,8024,1.7410710111722082e-09,0.9020793374555618,0.09792063121733188,2.9586035151420036e-08,25,20,20
4,8025,1.4761530833607283e-11,0.9447859298353785,0.055214069418440356,7.314193227826117e-10,25,20,20
4,8026,2.146272555407058e-06,0.9092054694379427,0.09079140948310985,9.748063924148266e-07,25,20,20
4,8027,2.295620232487699e-06,0.9442904955597154,0.05570624348280097,9.653372508492004e-07,25,20,20
4,8028,1.5192520701806919e-07,0.9188533895788552,0.08114642949879736,2.8997139635934337e-08,25,20,20
4,8029,2.0301931055084865e-12,0.906092120647899,0.09390787879314778,5.56923155527217e-10,25,20,20
4,8030,1.403656085958136e-09,0.9079383658772444,0.09205935998368486,2.2727354147986324e-06,25,20,20
4,8031,1.498994277159426e-06,0.8657860720896009,0.1342107230826327,1.7058334886599282e-06,25,20,20
4,8032,5.3609213531843156e-11,0.8481478517061105,0.15185212981062443,1.8429655561126005e-08,25,20,20
4,8033,1.3616838108634086e-06,0.83992994944959,0.16005065488731168,1.8033979287017812e-05,25,20,20
4,8034,2.900476092232811e-11,0.8939836014444961,0.1059983634449473,1.803508155152303e-05,25,20,20
4,8035,9.419508361246074e-10,0.863498006595392,0.1365016354812807,3.569813766943841e-07,25,20,20
4,8036,3.7157735506774628e-09,0.9181029697969331,0.08189668097261173,3.4551468150428854e-07,25,20,20
4,8037,3.706950445593952e-10,0.8863817447222192,0.11358180735267019,3.644755441512958e-05,25,20,20
4,8038,2.6618214204655115e-11,0.960237180770023,0.03976186857046061,9.50632898157347e-07,25,20,20
4,8039,6.309575805849997e-11,0.9918767719472406,0.008123227649989769,3.396736400095129e-10,25,20,20
4,8040,4.95685792775443e-06,0.92167313080716,0.0783213543798476,5.579550644705564e-07,25,20,20
4,8041,8.483188519938777e-10,0.8867911409929664,0.11320883399234467,2.4166369659287993e-08,25,20,20
4,8042,7.867342466530095e-10,0.9006588984987982,0.09934008863576381,1.0120787034114733e-06,25,20,20
4,8043,1.273709958006231e-05,0.7698394656902535,0.22550038536264733,0.004647411847517924,25,20,20
4,8044,4.722073424350185e-10,0.9314461713415286,0.06855381006337317,1.8122890623362295e-08,25,20,20
4,8045,3.7299759490914406e-11,0.8911734884884531,0.10882648274588796,2.8728358402463965e-08,25,20,20
4,8046,7.089301106350791e-10,0.9037739694073669,0.09622602947529994,4.0840257999411975e-10,25,20,20
4,8047,2.9626527272278374e-11,0.874842604978889,0.12515735641025494,3.858122899992335e-08,25,20,20
4,8048,6.817387927604216e-10,0.9718756118959359,0.028124376593263348,1.0829061704732565e-08,25,20,20
4,8049,6.648100635477929e-10,0.8947899247905167,0.1052100553334456,1.921122740048674e-08,25,20,20
4,8050,2.321504384648334e-08,0.9029261414853512,0.09707380867959131,2.6620013114389997e-08,25,20,20
4,8051,1.3955373499086162e-08,0.9032184875678501,0.09677640613626966,5.092340506429412e-06,25,20,20
4,8052,1.2995826197793594e-10,0.9534394276390731,0.04656057220987678,2.1092050979026347e-11,25,20,20
4,8053,2.170663506505353e-10,0.8917653822549739,0.10823434870492854,2.6882303112923264e-07,25,20,20
4,8054,6.825759832343745e-08,0.6725569849395957,0.3274425447475489,4.0205525660391547e-07,25,20,20
4,8055,3.4797092961269505e-09,0.980269545118166,0.019730449531121953,1.871002853105888e-09,25,20,20
4,8056,3.683425340614762e-09,0.9338293121390258,0.06616992120050294,7.629770454488652e-07,25,20,20
4,8057,1.224081631047766e-10,0.9410217162201734,0.058978265035293506,1.862212459484961e-08,25,20,20
4,8058,8.6921725963842e-10,0.899673691926845,0.1003262657154758,4.148846140426339e-08,25,20,20
4,8059,3.929828238737335e-08,0.8735558505798221,0.12644405791877736,5.2203117877945794e-08,25,20,20
4,8060,5.262996633033177e-08,0.8819380866228965,0.11806183720877284,2.353836349170878e-08,25,20,20
4,8061,1.0172570048703764e-06,0.8406802904160809,0.15931866455818094,2.776873263830858e-08,25,20,20
4,8062,4.068478380762846e-08,0.8420557979122358,0.15794411620475582,4.519822374718999e-08,25,20,20
4,8063,3.7971525657141966e-08,0.9481911929958415,0.05180875176586732,1.7266765275466658e-08,25,20,20
4,8064,4.921469081245499e-08,0.8685798067876789,0.13141918720576526,9.567918647820467e-07,25,20,20
4,8065,1.139729938501402e-08,0.8635976206114077,0.13640236075310264,7.238189766029407e-09,25,20,20
4,8066,1.4041757092947458e-08,0.8647973578905418,0.1352026275460774,5.216237974563176e-10,25,20,20
4,8067,2.7646758618480106e-09,0.9069496337865496,0.0930499804436392,3.830051349819848e-07,25,20,20
4,8068,2.842219275703678e-09,0.8482826325518162,0.15171699982890913,3.6477705556300324e-07,25,20,20
4,8069,2.8450594356268773e-09,0.8247196194573196,0.17528000190467405,3.757929463328657e-07,25,20,20
4,8070,2.4179487922008648e-08,0.8869844826985452,0.11301414187779005,1.3512441767667772e-06,25,20,20
4,8071,2.243726170014424e-08,0.8382716298233368,0.16172805140959912,2.963298022463162e-07,25,20,20
4,8072,2.3742620849053482e-08,0.8055074697577694,0.19449250583921252,6.603971881194745e-10,25,20,20
4,8073,4.03773747817322e-09,0.8725111664950659,0.12748882850752943,9.596671559243196e-10,25,20,20
4,8074,4.359620045398973e-09,0.8426988132424108,0.15730118194636536,4.516034222696988e-10,25,20,20
4,8075,1.98346084962643e-09,0.8877837373861014,0.11221624258010224,1.8050335523189088e-08,25,20,20
4,8076,1.970937261708473e-09,0.8798843709513187,0.12011562640911778,6.686267642847149e-10,25,20,20
4,8077,3.939761209444245e-09,0.8172247578256362,0.18277428132217424,9.56912428288515e-07,25,20,20
4,8078,1.9886068251664302e-07,0.8851827626972171,0.11481194614074092,5.0923013593749255e-06,25,20,20
4,8079,8.534274846209009e-08,0.8742788488775517,0.1257210319718608,3.380783860893806e-08,25,20,20
4,8080,8.537855594095347e-08,0.8929277064080782,0.1070721462625977,6.195076792971428e-08,25,20,20
4,8081,8.530461474867359e-08,0.7969082780240783,0.2030912625058012,3.7416550567096394e-07,25,20,20
4,8082,7.2675311546340355e-12,0.8388782818535268,0.16112137148668154,3.466525239340142e-07,25,20,20
4,8083,1.1318495150283807e-10,0.8889332920962343,0.11106668967214019,1.81184404266285e-08,25,20,20
4,8084,2.180898582163031e-06,0.9133787722556296,0.08661875156222938,2.952835584746681e-07,25,20,20
4,8085,3.301954290660738e-06,0.8873508614249268,0.11264580131985348,3.530092957937636e-08,25,20,20
4,8086,3.299619309979846e-06,0.9370597208772914,0.06293694389808197,3.560531636091132e-08,25,20,20
4,8087,2.334821433424533e-06,0.838065251636742,0.1619323444185112,6.91233130888791e-08,25,20,20
4,8088,1.5368217899858657e-07,0.8785874726862355,0.12141139990124589,9.737303394750755e-07,25,20,20
4,8089,1.5618874098502603e-07,0.9168429779331317,0.08315684293862477,2.2939502512784266e-08,25,20,20
4,8090,1.5346852501242222e-07,0.9683072074595038,0.031692638098091204,9.73879950755734e-10,25,20,20
4,8091,3.8443362904087973e-08,0.880544273483043,0.11944093704170834,1.4751031885732386e-05,25,20,20
4,8092,3.82132771904548e-08,0.9706494848628793,0.02935044163979242,3.528405118840794e-08,25,20,20
4,8093,8.405409055660582e-10,0.8642086741040269,0.13579130663484515,1.842058606912937e-08,25,20,20
4,8094,1.2073593776010774e-09,0.8834633275127622,0.11653667031781931,9.620586796273287e-10,25,20,20
4,8095,2.766992332341151e-11,0.9206975070234436,0.07930249199553648,9.533500034741327e-10,25,20,20
4,8096,5.962949172684642e-08,0.8576619320666762,0.14233800097275937,7.3310721459391084e-09,25,20,20
4,8097,5.690240604856018e-08,0.8168363327669617,0.17963725663766375,0.0035263536929681445,25,20,20
4,8098,1.865308874367129e-09,0.8281277679646041,0.17180750106677686,6.472910330986069e-05,25,20,20
4,8099,2.9504740730930775e-09,0.9297949562119725,0.07020502293014626,1.790740719044913e-08,25,20,20
4,8100,3.533429337807413e-09,0.8685041173723458,0.1314958369148142,4.21794103097222e-08,25,20,20
4,8101,2.4707811364061413e-08,0.8750819630386353,0.12491744427324596,5.67980307041306e-07,25,20,20
4,8102,2.204106366207831e-08,0.9238958078273163,0.07606869655316766,3.547357845222499e-05,25,20,20
4,8103,9.43120203922845e-11,0.8529822667353031,0.14698252538754425,3.520778284028235e-05,25,20,20
4,8104,2.8108793310310048e-09,0.9163903895671119,0.08357469435932026,3.4913262688430845e-05,25,20,20
4,8105,2.7834764293426454e-09,0.9369834098144709,0.06301601714826749,5.702537848710493e-07,25,20,20
4,8106,2.7351547367030436e-07,0.7994173072837631,0.20057420011228014,8.219088482755137e-06,25,20,20
4,8107,1.681143085314001e-07,0.925116255607949,0.07488302192038529,5.543573568211777e-07,25,20,20
4,8108,1.5387778491839376e-07,0.9429358846582221,0.057063943010774956,1.8453217322129137e-08,25,20,20
4,8109,6.434513360962592e-11,0.9935278633783784,0.0064721184086018145,1.8148674679607328e-08,25,20,20
4,8110,1.69356091258878e-10,0.9567146244360303,0.043284842204839656,5.331897736331977e-07,25,20,20
4,8111,1.4212796966118414e-06,0.9215371946806986,0.07846085142362687,5.326159775003515e-07,25,20,20
4,8112,3.16269540514925e-09,0.8370916987649913,0.1629077390084554,5.590638575299531e-07,25,20,20
4,8113,4.2228996152865456e-10,0.8677179036483283,0.13226734976725746,1.4746162123817408e-05,25,20,20
4,8114,4.425315267659021e-11,0.8610597817004926,0.13892547290991872,1.4745345335536189e-05,25,20,20
4,8115,1.6482171348944374e-11,0.8545402913074804,0.14544496322702113,1.4745449016563767e-05,25,20,20
4,8116,6.786843308532062e-10,0.867521890383727,0.13247810832807577,6.095127142016146e-10,25,20,20
4,8117,6.930188602260856e-10,0.8981467171341112,0.1018532584948477,2.3678021921352606e-08,25,20,20
4,8118,1.4873434973673773e-07,0.8621392668118141,0.13786027170766582,3.127461701397998e-07,25,20,20
4,8119,1.514677341381078e-07,0.8519810014532961,0.14801884129206871,5.786900556852502e-09,25,20,20
4,8120,7.203558544662104e-05,0.8221092679958809,0.17781812260903218,5.738096399403386e-07,25,20,20
4,8121,1.3074861924570782e-09,0.8597704556111215,0.14022951969892608,2.338246561333036e-08,25,20,20
4,8122,1.9317928201181156e-08,0.8703409221506173,0.12965905788863397,6.428204436509138e-10,25,20,20
4,8123,6.428356176088771e-11,0.893642606543375,0.10635739284334379,5.489974751452781e-10,25,20,20
4,8124,2.1913925324366555e-08,0.8572408973383919,0.1427590659588828,1.4788799418153627e-08,25,20,20
4,8125,8.454499324873689e-06,0.8923744335257944,0.10759975914525297,1.735282962731334e-05,25,20,20
4,8126,1.1345317822965768e-10,0.8541606252178892,0.14583937446035367,2.0830315180315775e-10,25,20,20
4,8127,7.187330504395625e-10,0.9460973154944123,0.05390266626720211,1.7519651957192082e-08,25,20,20
4,8128,1.4756165887595869e-09,0.9381638175672422,0.06183519167136645,9.892857743570397e-07,25,20,20
4,8129,3.2913446922454954e-10,0.8758264101695957,0.12415197543218676,2.1614069083324507e-05,25,20,20
4,8130,1.0178773370471651e-09,0.8425176294109252,0.15746075075319255,2.1618818004506455e-05,25,20,20
4,8131,2.0319934078063723e-09,0.8915798051453772,0.10839956761468762,2.062520794149551e-05,25,20,20
4,8132,1.6272572720866845e-09,0.9363961685159917,0.06358320434039051,2.0625516360591685e-05,25,20,20
4,8133,9.535201068005172e-10,0.9296520668466235,0.07032728948908792,2.064271076845445e-05,25,20,20
4,8134,9.725638602852264e-10,0.9037165993224976,0.09626275761401706,2.064209092167639e-05,25,20,20
4,8135,6.572277803051179e-09,0.8891869537438314,0.11079206495471094,2.0974729179460125e-05,25,20,20
4,8136,4.5974250411079875e-09,0.9196564205252478,0.08034357371206195,1.1652650888039788e-09,25,20,20
4,8137,1.4639609357124419e-09,0.8867065232892952,0.11329346840419578,6.842548323681737e-09,25,20,20
4,8138,1.2049222175253584e-08,0.8917543704119995,0.10824561694597992,5.927983806827183e-10,25,20,20
4,8139,8.324022706660005e-10,0.8914360096544393,0.10856398829567716,1.2174809675693492e-09,25,20,20
4,8140,6.074377427920999e-11,0.9514453302877054,0.048554634007576224,3.5643974360044e-08,25,20,20
4,8141,7.507343329810186e-10,0.9110917722162943,0.08890694534475824,1.281688212421834e-06,25,20,20
4,8142,9.056990737723424e-10,0.9035219801986755,0.09645809487932035,1.99240163051627e-05,25,20,20
4,8143,3.5710459846633343e-12,0.9585153877270284,0.04148362720968017,9.850597204251886e-07,25,20,20
4,8144,7.950767192248329e-10,0.9592412764646341,0.04075868658718463,3.61531045988378e-08,25,20,20
4,8145,4.091450588910149e-09,0.9421958203885142,0.0578041396719037,3.584813148624577e-08,25,20,20
4,8146,5.8816636851843426e-08,0.889224964963107,0.11077460782781885,3.683924368816591e-07,25,20,20
4,8147,4.207385040224329e-09,0.87841066052576,0.1215893128763525,2.2390501666541282e-08,25,20,20
4,8148,2.300159627772073e-09,0.8661196977274949,0.13388027304616648,2.69261785530136e-08,25,20,20
4,8149,5.454809919230252e-08,0.8385399029863805,0.16145938308443442,6.593810852955142e-07,25,20,20
4,8150,2.076219739741473e-07,0.9220183539857838,0.07798141302304225,2.5369199619226713e-08,25,20,20
4,8151,6.229271812866383e-10,0.7970017908496068,0.20299817272207896,3.580538673756002e-08,25,20,20
4,8152,1.7487156610858987e-10,0.914034191920379,0.08596576291277,4.499197914341161e-08,25,20,20
4,8153,2.8435960919037352e-09,0.8944114401193037,0.10558852930370304,2.7733396973802477e-08,25,20,20
4,8154,2.7875989205193113e-09,0.8022673467918993,0.19773263499852928,1.542197239984346e-08,25,20,20
4,8155,4.4922674456797364e-09,0.8130650294448685,0.18693495540818159,1.0654681861411761e-08,25,20,20
4,8156,4.513586933135916e-05,0.7355076007353623,0.2644468865902912,3.7680501401064944e-07,25,20,20
4,8157,7.578119353640886e-10,0.8766691361865517,0.12333052042856636,3.426270699720889e-07,25,20,20
4,8158,2.061358601388874e-11,0.9159461889533012,0.0840538106785198,3.475662262888202e-10,25,20,20
4,8159,2.754205528285879e-09,0.8712835868742704,0.12871641002378065,3.4774306809849035e-10,25,20,20
4,8160,2.1898570637591237e-07,0.9065375647791831,0.09346219057725444,2.565785601319929e-08,25,20,20
4,8161,1.3225816247879735e-11,0.9667771384292747,0.03322284342102147,1.813647850028615e-08,25,20,20
4,8162,5.2764307807055966e-11,0.9658520568450225,0.034147936767630636,6.3345821793098605e-09,25,20,20
4,8163,6.388966425931278e-11,0.9421733304476916,0.057826658937874545,1.0550543632960596e-08,25,20,20
4,8164,2.957690240604016e-06,0.8901442774250722,0.10985272958968245,3.5295004686312886e-08,25,20,20
4,8165,0.002002669739293188,0.7464275497317281,0.2515697222503129,5.8278665797605456e-08,25,20,20
4,8166,7.291015287604827e-10,0.9036237667430517,0.09637620672204882,2.5805798262263613e-08,25,20,20
4,8167,7.748299403293539e-10,0.907247614889793,0.09275201239450878,3.7194086807231883e-07,25,20,20
4,8168,6.11032464164325e-08,0.8659295623464099,0.13406999969168923,3.768586540678448e-07,25,20,20
4,8169,1.4007461719184666e-09,0.8464972744074124,0.15350269315104356,3.104079744525425e-08,25,20,20
4,8170,5.281405652726066e-09,0.8208578335549646,0.17914046323983793,1.6979237913040866e-06,25,20,20
4,8171,3.4532201101081684e-10,0.8427695583489124,0.15723042757600886,1.3729756582865648e-08,25,20,20
4,8172,1.504950780396779e-08,0.8309709101836895,0.1690290468837835,2.788301859248628e-08,25,20,20
4,8173,1.536207109687171e-08,0.8462698515290445,0.15373010847744634,2.4631438318594358e-08,25,20,20
4,8174,4.803163581997267e-11,0.9885730194231074,0.011426979580738733,9.481223559862996e-10,25,20,20
4,8175,4.167248549337824e-10,0.86319685616332,0.13680313243128786,1.0988667389617199e-08,25,20,20
4,8176,7.622479175801995e-11,0.9214249501630267,0.07857503984820362,9.91254443231046e-09,25,20,20
4,8177,1.1451837175329778e-08,0.851559738113397,0.1484398340006682,4.1643409609159906e-07,25,20,20
4,8178,1.0179575589118503e-10,0.8878306739842149,0.11216932494993669,9.640517597673629e-10,25,20,20
4,8179,2.943985376700832e-11,0.8623294708736005,0.13767052782373926,1.2732205716154245e-09,25,20,20
4,8180,2.7467159001547962e-09,0.8365020359041584,0.16349792572861205,3.5620513615776586e-08,25,20,20
4,8181,3.441243580092283e-09,0.9354656110165821,0.06453339198454354,9.935576307117291e-07,25,20,20
4,8182,4.126970512014958e-08,0.8710915162308601,0.12890747778470688,9.647147275600662e-07,25,20,20
4,8183,3.6905051988558814e-09,0.8760305439248254,0.12396913443831545,3.179463535905532e-07,25,20,20
4,8184,9.54297982133159e-10,0.8706749880214365,0.12932470317043138,3.0785383403373434e-07,25,20,20
4,8185,8.313547890485298e-10,0.8488342916740851,0.15116568861934676,1.8875214001240418e-08,25,20,20
4,8186,8.099896049544316e-07,0.8911866592272603,0.10881116370997625,1.3670731583430418e-06,25,20,20
4,8187,8.092853652155288e-07,0.9100717491509329,0.08992607478477949,1.3667789222126753e-06,25,20,20
4,8188,8.691921504352985e-07,0.8952734059417194,0.10472536048286336,3.643832668004393e-07,25,20,20
4,8189,8.692508576767157e-07,0.8510451574290032,0.1489536042840097,3.6903612886533676e-07,25,20,20
4,8190,8.092944682344492e-07,0.8840941625719929,0.11590466370402368,3.644295150557656e-07,25,20,20
4,8191,3.552442371338522e-09,0.9111027433522833,0.08889721748858276,3.560669141554116e-08,25,20,20
4,8192,1.1149792247242024e-09,0.8343370486908654,0.1656629264819154,2.371223948414216e-08,25,20,20
4,8193,3.915897901844143e-09,0.9103955833529531,0.08960439439938167,1.8331767803761267e-08,25,20,20
4,8194,8.526304450005968e-08,0.9432623622352587,0.05673700598898581,5.465127112944844e-07,25,20,20
4,8195,1.1425674373716678e-10,0.9803346951938486,0.01966433600161729,9.68690277371279e-07,25,20,20
4,8196,2.0451119399629983e-11,0.9350834913969441,0.06491553979026671,9.687923378232205e-07,25,20,20
4,8197,7.241808338038418e-10,0.8949301904886602,0.1050678743535518,1.9344336065653045e-06,25,20,20
4,8198,8.224641466022111e-10,0.8843511857376842,0.11564783408826225,9.793515890712172e-07,25,20,20
4,8199,6.581988810311836e-10,0.8403065080893245,0.15967780334184506,1.56879106308233e-05,25,20,20
4,8200,1.872490174247446e-11,0.8471331005892648,0.15286661639485027,2.8299716022904586e-07,25,20,20
4,8201,8.248833627911086e-07,0.8180718067104894,0.1819060526141484,2.1315791998926187e-05,25,20,20
4,8202,2.5967663939686383e-07,0.8314151859927535,0.16858455371088904,6.197178745086986e-10,25,20,20
4,8203,2.1310246028903473e-08,0.9171481144710085,0.08285186370972147,5.090243159696603e-10,25,20,20
4,8204,5.635834836301856e-09,0.9092984069067732,0.09070060412245469,9.83334937168949e-07,25,20,20
4,8205,2.904364752660762e-09,0.8698018716439768,0.13019812540496892,4.668966511089079e-11,25,20,20
4,8206,1.5563834153329536e-07,0.9122146627732929,0.08778516374715087,1.7841214693045573e-08,25,20,20
4,8207,6.998332679883506e-10,0.8772083507903372,0.12279066676528232,9.817445466713285e-07,25,20,20
4,8208,1.394683313616652e-09,0.8863658360260851,0.11363315860221646,1.003977015254632e-06,25,20,20
4,8209,3.8146130390909277e-08,0.8343402354404469,0.1656587230208086,1.0033926138847803e-06,25,20,20
4,8210,1.1692661475893331e-09,0.9229878141207135,0.07701022874989161,1.9559601284916164e-06,25,20,20
4,8211,4.041513690403296e-10,0.9280078596728484,0.07199211158826732,2.833473283141667e-08,25,20,20
4,8212,1.5147636759628915e-07,0.955055056825267,0.04494472169680191,7.000156335724801e-08,25,20,20
4,8213,5.617153635930132e-09,0.8589149295250538,0.14108502866002112,3.619777175589698e-08,25,20,20
4,8214,5.855897043282595e-11,0.9153244590790055,0.08467550545713182,3.5405302913099024e-08,25,20,20
4,8215,1.1203356875679491e-10,0.8655204281984841,0.13447955374852844,1.794095347176382e-08,25,20,20
4,8216,5.343676788475733e-11,0.8592367010000354,0.1407632633442618,3.560226579123197e-08,25,20,20
4,8217,5.317679784635975e-08,0.8771446726467323,0.12285525540269149,1.8773777914183544e-08,25,20,20
4,8218,3.899672759842527e-08,0.9108048776769495,0.08916451708864878,3.056623767392786e-05,25,20,20
4,8219,3.900195494852422e-08,0.8327985541271974,0.16717089243254027,3.051443830754263e-05,25,20,20
4,8220,7.205315998771074e-10,0.8685002010166946,0.1314692672411288,3.053102164504224e-05,25,20,20
4,8221,7.290228607964223e-10,0.8945804825872787,0.10541951603559747,6.481009687478757e-10,25,20,20
4,8222,2.6767644884144924e-11,0.8513935212528216,0.14860647861413046,1.0628011629895932e-10,25,20,20
4,8223,1.3698409386757808e-12,0.9055587863287131,0.09444121325659667,4.133201787325551e-10,25,20,20
4,8224,8.423754805019576e-10,0.921143909828002,0.07885607009016482,1.923945781753187e-08,25,20,20
4,8225,2.9839470668270743e-09,0.9341000786286411,0.06589958552699621,3.328604156314186e-07,25,20,20
4,8226,5.416705471819337e-08,0.9168215516066244,0.08317803795404313,3.562722777797362e-07,25,20,20
4,8227,3.8935161263476506e-08,0.9185507014102093,0.08143451380930335,1.4745845326036597e-05,25,20,20
4,8228,1.11654594307506e-09,0.8559250995498365,0.1440743315335078,5.678001093252305e-07,25,20,20
4,8229,6.945517716525974e-10,0.9485009199312927,0.05149904584263301,3.3531522789595e-08,25,20,20
4,8230,2.9886460767267635e-09,0.9102256579026369,0.08977431226941991,2.6839296449768273e-08,25,20,20
4,8231,5.3100350536110416e-11,0.9296987831688434,0.07030119703735015,1.9740706644086957e-08,25,20,20
4,8232,4.590785019474708e-08,0.860854760582961,0.13914487669105471,3.168181339599071e-07,25,20,20
4,8233,3.6275796295974697e-09,0.9568493696561332,0.043149669513182595,9.572031048403996e-07,25,20,20
4,8234,4.051252290766639e-08,0.8753598248117214,0.12464010916347093,2.5512284832461554e-08,25,20,20
4,8235,6.898649365953655e-10,0.9689833302324113,0.03101663336398602,3.5713737701299887e-08,25,20,20
4,8236,9.851257265952157e-08,0.914297348704188,0.08570189744591972,6.553373196541077e-07,25,20,20
4,8237,9.850003510110094e-08,0.927247529892709,0.07275172242074529,6.491865103771185e-07,25,20,20
4,8238,9.87028401994839e-08,0.8725273016590012,0.12747160364045163,9.959977069778811e-07,25,20,20
4,8239,5.961151603450213e-11,0.8694873388721246,0.13051266043096185,6.37302108373777e-10,25,20,20
4,8240,9.360192646299274e-08,0.8279719976054872,0.17202789093625875,1.7856326718789862e-08,25,20,20
4,8241,1.2416634136805018e-10,0.9014681179549481,0.09853157561659281,3.0630429244642743e-07,25,20,20
4,8242,1.6604361887158148e-10,0.8482124290945062,0.15178673253325012,8.382062003236802e-07,25,20,20
4,8243,1.636043915083634e-10,0.8452232976208178,0.15477615236607284,5.498495048206624e-07,25,20,20
4,8244,2.330607685030218e-10,0.8815312755847238,0.11846819215175833,5.320304567916058e-07,25,20,20
4,8245,3.0493180990872295e-09,0.8353201544021279,0.16467929270007317,5.498484802849745e-07,25,20,20
4,8246,1.5680570246836803e-05,0.7492400135481099,0.2507442556323317,5.02493113511418e-08,25,20,20
4,8247,2.192231106791586e-07,0.9208026685648082,0.07791286435290008,0.0012842478591807655,25,20,20
4,8248,6.485689917199135e-08,0.8748038722149125,0.12391181519922309,0.0012842477289646548,25,20,20
4,8249,6.480433877411666e-08,0.9011487856803104,0.09756691896486562,0.0012842305504850455,25,20,20
4,8250,2.764026767261771e-09,0.8824981565401334,0.11747130397593829,3.0536719901299726e-05,25,20,20
4,8251,4.626445625460879e-08,0.8724246069764148,0.12754386114560257,3.1485613526631e-05,25,20,20
4,8252,4.65274401942811e-08,0.8567965699930811,0.1431853649445248,1.8018534954426693e-05,25,20,20
4,8253,2.5026194257429033e-08,0.8819539613435576,0.11804600214024133,1.1490006662435099e-08,25,20,20
4,8254,2.4983507086845486e-08,0.8953234086073016,0.10467557184600006,9.945631908132372e-07,25,20,20
4,8255,5.333641274231862e-06,0.9073756518027296,0.0926190133864283,1.1695670912266412e-09,25,20,20
4,8256,5.750403704803415e-07,0.8066103750254059,0.19337432173169605,1.4728202527157215e-05,25,20,20
4,8257,5.775937607569397e-07,0.8045303357651796,0.19545341060042606,1.5676040633475633e-05,25,20,20
4,8258,7.744553422853492e-07,0.7953863498763103,0.20458340387284366,2.9471795503433874e-05,25,20,20
4,8259,6.716231813769602e-11,0.8236022200184103,0.17639713271948565,6.471949415213361e-07,25,20,20
4,8260,2.175669030084348e-09,0.8316170529808027,0.168382915905842,2.893768653091545e-08,25,20,20
4,8261,4.617577415596042e-10,0.8323080917418116,0.16769189597282452,1.1823606565837627e-08,25,20,20
4,8262,7.579812115193463e-08,0.8480713436180832,0.1519285730923341,7.491461584158134e-09,25,20,20
4,8263,1.4186896579559742e-10,0.9409238561166718,0.05907612514748606,1.8593973243754124e-08,25,20,20
4,8264,4.4972803251972224e-10,0.9159867956800847,0.08401319785821236,6.011974894081503e-09,25,20,20
4,8265,2.3177184024961245e-10,0.897272632654404,0.10270936780817941,1.7999305644334774e-05,25,20,20
4,8266,1.0188910235787766e-09,0.9382417616226142,0.061758229996926615,7.361568122534846e-09,25,20,20
4,8267,3.836156932689012e-08,0.9297151924436357,0.07028378562086596,9.835739286367086e-07,25,20,20
4,8268,1.236609867342513e-07,0.924726588119979,0.07527230526206093,9.829569732983363e-07,25,20,20
4,8269,8.707935616424236e-08,0.8885195359463396,0.1114800129872489,3.639870553692718e-07,25,20,20
4,8270,1.7795381684625431e-09,0.8393436783223999,0.16065630251331356,1.7384747946605338e-08,25,20,20
4,8271,1.8016053531079214e-09,0.9294318098539648,0.07056817033339471,1.801103476259044e-08,25,20,20
4,8272,2.2989392505942217e-08,0.8931204625331743,0.10687949007462784,2.4402805338492316e-08,25,20,20
4,8273,1.4450577420073242e-11,0.9790178209294582,0.02098216143589144,1.76201995391056e-08,25,20,20
4,8274,6.186513380837984e-07,0.9614922249240232,0.03850620589154927,9.505330895080259e-07,25,20,20
4,8275,2.8361227347560237e-09,0.9505060652615398,0.04949298121358242,9.506887544298214e-07,25,20,20
4,8276,2.8353631144336707e-09,0.9679082078700703,0.032090838903818766,9.503907480875569e-07,25,20,20
4,8277,2.760120950180588e-10,0.8584384510749615,0.14156152453512333,2.4113902485022135e-08,25,20,20
4,8278,6.381962368564855e-10,0.9167820494023229,0.08321793369484735,1.626463337984219e-08,25,20,20
4,8279,5.22194399332488e-11,0.9174706793985048,0.0825293148467133,5.702561909764787e-09,25,20,20
4,8280,8.409411587350846e-11,0.8462164183124647,0.15376621070346033,1.7370899980293348e-05,25,20,20
4,8281,1.5723854441122076e-11,0.8453418771955401,0.15464168425230856,1.6438536426822816e-05,25,20,20
4,8282,4.378702461929493e-09,0.8889844019735922,0.11099821643410174,1.7377213602825294e-05,25,20,20
4,8283,3.5059940126851996e-09,0.9117379062319535,0.08826206704705006,2.321500208432855e-08,25,20,20
4,8284,8.310029790522886e-08,0.9203959837214717,0.07960245074293783,1.4824352926994886e-06,25,20,20
4,8285,8.386702422321433e-08,0.8867960773764106,0.11320136817023262,2.470586332169694e-06,25,20,20
4,8286,8.388325397378324e-08,0.8957991782370126,0.10419923288960459,1.5049901284420114e-06,25,20,20
4,8287,5.753287227410539e-08,0.8296168681407053,0.1703810882221346,1.9861042876703583e-06,25,20,20
4,8288,2.784929069209667e-09,0.8687864071355722,0.13121355835215578,3.17273429246266e-08,25,20,20
4,8289,2.659100649740765e-09,0.861287065245991,0.13871291456319867,1.7531708976995936e-08,25,20,20
4,8290,8.19308897134574e-11,0.8242600325918684,0.1739839989778031,0.0017559683483972107,25,20,20
4,8291,2.7970833901440957e-09,0.8056250179348726,0.19261901068842469,0.0017559685796195983,25,20,20
4,8292,9.059981300653382e-10,0.8537731181457074,0.14622591229242124,9.686558729729926e-07,25,20,20
4,8293,1.2718059247008398e-10,0.9021517659200247,0.0978482164198164,1.7532978583833005e-08,25,20,20
4,8294,2.471486571391876e-07,0.7908960804626542,0.2091036267902405,4.559844729342466e-08,25,20,20
4,8295,2.0450497132776195e-12,0.8441712264790301,0.15582874456149765,2.8957426839031956e-08,25,20,20
4,8296,2.363202470366589e-12,0.8949460514230482,0.10505391338233626,3.519225219910357e-08,25,20,20
4,8297,2.201159596085163e-08,0.9380909030827418,0.06190903922660079,3.5679061256038023e-08,25,20,20
4,8298,2.7884288613835497e-09,0.910914861451191,0.08908508326976883,5.249061144076352e-08,25,20,20
4,8299,8.682403741262422e-06,0.8078162984697377,0.19217500099797896,1.8128541601256642e-08,25,20,20
4,8300,5.79893812471596e-09,0.8757144831269753,0.12428549334848672,1.7725600065246922e-08,25,20,20
4,8301,4.68153719189006e-08,0.9010098521908044,0.09898892139288515,1.1796009384355135e-06,25,20,20
4,8302,8.894307573261902e-08,0.8819930420784398,0.11800629993082484,5.690476599615886e-07,25,20,20
4,8303,8.892101983763202e-08,0.8257027321414862,0.17429631475128612,8.641862077543976e-07,25,20,20
4,8304,4.155104722180185e-09,0.9534316060541629,0.04656837114140435,1.8649327799490893e-08,25,20,20
4,8305,3.391330449499564e-09,0.9449271089799232,0.05507285191194274,3.571680336728375e-08,25,20,20
4,8306,1.3848987755878279e-08,0.9592897741132327,0.04071019379248003,1.8245299216101076e-08,25,20,20
4,8307,4.32129211716787e-08,0.9407852742489686,0.05919995312435797,1.4729413751903726e-05,25,20,20
4,8308,1.3190469525051714e-10,0.9160747532425191,0.08392524556429053,1.0612856316728778e-09,25,20,20
4,8309,5.956576536785527e-10,0.8871004523429282,0.11289927793950173,2.691219114448496e-07,25,20,20
4,8310,1.108213232085667e-10,0.8408300512902076,0.1591699478623104,7.366603297514327e-10,25,20,20
4,8311,4.479374286113521e-11,0.8492217116216031,0.15074337580130603,3.491253229754314e-05,25,20,20
4,8312,5.484202783809043e-08,0.900725340611883,0.09923969138401761,3.491316207156188e-05,25,20,20
4,8313,5.416717609221341e-08,0.8477786500939657,0.15222127720175696,1.853710145011559e-08,25,20,20
4,8314,2.1028288966586005e-06,0.8278450349932269,0.17215283807394152,2.4103935250908094e-08,25,20,20
4,8315,7.326350706211697e-10,0.8778413644378356,0.1221586103947123,2.4434816523401862e-08,25,20,20
4,8316,6.987877970245816e-10,0.9893554506370557,0.010644548302634515,3.6152227244597363e-10,25,20,20
4,8317,1.4550175818782917e-11,0.9739229175340708,0.02607708147763007,9.73748859759353e-10,25,20,20
4,8318,5.050378572768596e-11,0.9919492379429939,0.008050761671042213,3.3546009574604847e-10,25,20,20
4,8319,3.8470773865323404e-08,0.9102173706359332,0.08978192432209273,6.665712007739465e-07,25,20,20
4,8320,3.678955476029531e-08,0.8838822044037589,0.1161171022911583,6.565155284060984e-07,25,20,20
4,8321,3.402352547853493e-09,0.9077200871817839,0.09227990893484123,4.810225740324424e-10,25,20,20
4,8322,2.470165714556684e-09,0.8528021557200088,0.14719784117589507,6.339307716734561e-10,25,20,20
4,8323,2.639406244705566e-08,0.9353612642559922,0.06463870882423599,5.257096290842118e-10,25,20,20
4,8324,1.4453603346075938e-11,0.9186532675528329,0.08134673148870444,9.440088305491345e-10,25,20,20
4,8325,1.938299802486517e-09,0.8738501525960362,0.12614981733254974,2.81331147380472e-08,25,20,20
4,8326,3.747249491916356e-09,0.8410805136306528,0.15801681939230414,0.0009026632297940904,25,20,20
4,8327,2.2510243888931197e-09,0.913603292669811,0.08549403507114324,0.0009026700080216293,25,20,20
4,8328,3.5241330630297445e-09,0.9037068798113542,0.09539044697593323,0.0009026696885796922,25,20,20
4,8329,3.8342516083996796e-08,0.9876386123359846,0.012361331378908689,1.7942590055615186e-08,25,20,20
4,8330,3.84865667963028e-08,0.9344974571661061,0.06550250329106733,1.0562595664048832e-09,25,20,20
4,8331,4.055797365212291e-08,0.8712364467704719,0.1287635117268043,9.447493987168128e-10,25,20,20
4,8332,3.989145189452497e-08,0.9091135358172179,0.09088642302917195,1.262157650016584e-09,25,20,20
4,8333,7.687367172592071e-10,0.8138166207288978,0.18618284105425642,5.374481083456266e-07,25,20,20
4,8334,1.0640074618962464e-09,0.8572511900863121,0.14274877374275885,3.510692163422629e-08,25,20,20
4,8335,7.87024351795038e-11,0.8731686751733904,0.1268313073210267,1.7426880755381196e-08,25,20,20
4,8336,7.584931947198154e-09,0.8210288592765685,0.1789711152908679,1.784763164635854e-08,25,20,20
4,8337,7.599072975969126e-10,0.9307720846455068,0.0692279142431431,3.514426288017274e-10,25,20,20
4,8338,1.785938806999745e-10,0.9686823816505025,0.03131761812635292,4.455057789727699e-11,25,20,20
4,8339,7.944920957986662e-10,0.9484911209602466,0.05150884250966081,3.573559990741906e-08,25,20,20
4,8340,2.3238654435554255e-09,0.8436822006294247,0.15631692295721877,8.740894905146142e-07,25,20,20
4,8341,5.583644314089413e-09,0.9111423332048558,0.08885765384925998,7.362239262747001e-09,25,20,20
4,8342,7.368486870646792e-09,0.8877870954715488,0.1122123490774918,5.480824723037926e-07,25,20,20
4,8343,9.454278493012769e-10,0.9259255414117132,0.07407391060080273,5.470420558927689e-07,25,20,20
4,8344,1.4940527670083016e-08,0.9219898735800556,0.07801009346073295,1.8018684148038697e-08,25,20,20
4,8345,8.485880761470232e-06,0.8697912932834585,0.13020016904253176,5.179324809812698e-08,25,20,20
4,8346,1.515351644218381e-08,0.8414604390994463,0.15853919790569884,3.4784133834737023e-07,25,20,20
4,8347,1.7042614445739956e-08,0.8730336315480648,0.12696629015211552,6.125720526941124e-08,25,20,20
4,8348,2.7366110902043507e-11,0.8706709690457483,0.12932899725190874,3.3674977077864633e-08,25,20,20
4,8349,1.936190931061699e-07,0.9008414927349113,0.0991524248688861,5.888777109051868e-06,25,20,20
4,8350,2.9395841932021073e-09,0.9115452412145956,0.08845446672777818,2.891180414964662e-07,25,20,20
4,8351,1.2039631982327754e-07,0.7560050859471242,0.24395153344438922,4.326021216631274e-05,25,20,20
4,8352,6.388163054546191e-11,0.9279817866302082,0.0720181834844464,2.982146378029664e-08,25,20,20
4,8353,2.8691896958241007e-09,0.815944305361067,0.18405565583112263,3.593862090297698e-08,25,20,20
4,8354,2.82797844888176e-09,0.9096766835958209,0.09032203930240362,1.274273796372325e-06,25,20,20
4,8355,5.160422067596876e-09,0.910706600471213,0.08929142484799041,1.969520374667915e-06,25,20,20
4,8356,2.981702692362547e-09,0.8219182354889099,0.17808174380566183,1.7723725356259912e-08,25,20,20
4,8357,4.5998372899132025e-09,0.8835483449502222,0.11645163318815151,1.7261788712041685e-08,25,20,20
4,8358,5.540483115887563e-09,0.9377617718909151,0.06223822220479297,3.638089530093261e-10,25,20,20
4,8359,2.7983568238315446e-09,0.8824752435679954,0.11752343363080882,1.320002838705766e-06,25,20,20
4,8360,2.977318892411347e-09,0.8556215760495802,0.1443770658355823,1.3551375182357688e-06,25,20,20
4,8361,4.469933469397263e-06,0.9028244295834845,0.09716964814045706,1.4523425884582986e-06,25,20,20
4,8362,4.47058529098319e-06,0.7884421499534371,0.21155287719404442,5.022672270074192e-07,25,20,20
4,8363,4.574269150963392e-06,0.8632496615460451,0.13674526183869223,5.023461116387293e-07,25,20,20
4,8364,4.572595178789601e-06,0.8680948998244133,0.13189954573302212,9.81847385410847e-07,25,20,20
4,8365,7.647198402417472e-10,0.8764819359133855,0.12351757050059825,4.928212960983581e-07,25,20,20
4,8366,7.836186323122524e-10,0.9152725067569055,0.0847260613314304,1.4311280451216904e-06,25,20,20
4,8367,1.149663555921412e-10,0.9601038167564111,0.03989425016403871,1.93296458359469e-06,25,20,20
4,8368,5.0990582500974903e-11,0.9610296306475123,0.03897036764066282,1.660833700113508e-09,25,20,20
4,8369,1.0012034128212115e-09,0.9372829358179796,0.06271704505840962,1.812240746840461e-08,25,20,20
4,8370,1.2661373348836127e-10,0.86079344833446,0.1392061696051006,3.819338253085167e-07,25,20,20
4,8371,5.684001935509386e-08,0.8065632179849319,0.1934359971291478,7.280459005229952e-07,25,20,20
4,8372,6.043673227389889e-11,0.9059934198960877,0.0940065616075824,1.8435893139698106e-08,25,20,20
4,8373,1.1161341746361102e-10,0.9055375856049963,0.09446239540938522,1.8874004038727612e-08,25,20,20
4,8374,3.975547763217489e-08,0.9402639651246686,0.05973594921809723,4.5901756297346156e-08,25,20,20
4,8375,1.1328816310207941e-10,0.9171426592487447,0.08285733482754738,5.8104196491651665e-09,25,20,20
4,8376,2.243995559998161e-10,0.8517995774500975,0.14820041164552725,1.0679975821356757e-08,25,20,20
4,8377,7.337757625658427e-11,0.7815682692577733,0.21843171173511025,1.8933738403384107e-08,25,20,20
4,8378,1.5850378531185566e-11,0.813177932698921,0.18682206616328365,1.1219448445586922e-09,25,20,20
4,8379,3.3149782886810254e-11,0.9050467396983111,0.0949528949901679,3.6527837119175e-07,25,20,20
4,8380,4.953546206855738e-11,0.8888821784374946,0.11111650651755087,1.3149954193190656e-06,25,20,20
4,8381,1.7305965213874565e-09,0.8953780825274013,0.10462095342277238,9.62319230209197e-07,25,20,20
4,8382,1.3924745661473138e-10,0.8545067880619261,0.14549221496924297,9.968295831387764e-07,25,20,20
4,8383,3.569030642860265e-09,0.8937307056572708,0.1062683104658766,9.803078216611914e-07,25,20,20
4,8384,3.5270095100755215e-09,0.9097818864697286,0.09021808547131772,2.4531944156224745e-08,25,20,20
4,8385,2.7515983547514145e-09,0.8725372235410898,0.1274627608810963,1.2826215878683916e-08,25,20,20
4,8386,1.8292529975995072e-11,0.9421531092241804,0.05784688404051109,6.717016120221272e-09,25,20,20
4,8387,1.0135028950568584e-10,0.8964666962484708,0.10353329133464413,1.2315534698471747e-08,25,20,20
4,8388,5.671414362854994e-11,0.8471612408448955,0.15283711967536728,1.639423022885616e-06,25,20,20
4,8389,2.7833686734200723e-09,0.8901261585211562,0.1098738089732738,2.9722201394045548e-08,25,20,20
4,8390,1.5319613636895004e-07,0.9400371820820811,0.059962663775215475,9.46566555784725e-10,25,20,20
4,8391,4.664718026104688e-10,0.8926342646330164,0.10736572490016799,1.0000343212708269e-08,25,20,20
4,8392,7.952598883743045e-11,0.9054504399375066,0.09454955448220145,5.5007652542667965e-09,25,20,20
4,8393,6.841317542625761e-11,0.908406247958197,0.09159375155404537,4.193437905948258e-10,25,20,20
4,8394,9.915650348595888e-10,0.890236291353274,0.10976370660461698,1.0505433994047882e-09,25,20,20
4,8395,4.7396226223801726e-11,0.8755543878928457,0.12444561181130552,2.484527421262809e-10,25,20,20
4,8396,3.317603787088998e-11,0.8115220484740672,0.18847795118762087,3.0513486176568035e-10,25,20,20
4,8397,2.474126889184981e-08,0.8102713810848547,0.18972859336936512,8.045111010316311e-10,25,20,20
4,8398,6.19464628888197e-09,0.9224799642889271,0.07752001169391029,1.7822516316121843e-08,25,20,20
4,8399,7.621918352507836e-10,0.8467536065155034,0.15324607151305045,3.212092534012126e-07,25,20,20
4,8400,0.0002540960357152588,0.9195776370041662,0.0801682114809834,5.547913476615939e-08,25,20,20
4,8401,0.00025409884846227843,0.8697684441781088,0.12997742300730294,3.396612643492685e-08,25,20,20
4,8402,5.603382533137993e-10,0.9441863386905502,0.055813650297748166,1.045136300643197e-08,25,20,20
4,8403,6.419507774305381e-07,0.925603380180589,0.07439541243046416,5.654381689635437e-07,25,20,20
4,8404,2.0884277501240518e-12,0.9731244751274484,0.02687495214580273,5.727246599879272e-07,25,20,20
4,8405,4.466830747131717e-12,0.9638456674909059,0.03615431458467063,1.7919956569346672e-08,25,20,20
4,8406,7.507976705957743e-11,0.985044465499355,0.01495549916568429,3.525988145515036e-08,25,20,20
4,8407,4.513347394589298e-08,0.9630584314130158,0.036941233751612734,2.8970189802455454e-07,25,20,20
4,8408,1.409267231535996e-07,0.8266429478655601,0.17335662140121677,2.898065001781316e-07,25,20,20
4,8409,1.419677444950482e-07,0.8634177768221233,0.1365808240160287,1.2571941038464992e-06,25,20,20
4,8410,9.652781398092437e-08,0.8961573892172278,0.10384148035166256,1.0339032961979167e-06,25,20,20
4,8411,4.589326707551708e-10,0.816686402904369,0.18331321644408993,3.801926086208511e-07,25,20,20
4,8412,4.275506208369667e-10,0.8772366706418567,0.12273280045526117,3.052847533130869e-05,25,20,20
4,8413,5.20031299293629e-10,0.866297950934837,0.1337020332505299,1.529460146013223e-08,25,20,20
4,8414,1.1064859953644699e-09,0.8681115464454962,0.13188841966922493,3.277879279558952e-08,25,20,20
4,8415,3.308122812459622e-09,0.8668879064186684,0.13311048461201444,1.6056611939459404e-06,25,20,20
4,8416,3.354397673412099e-09,0.8754266541486733,0.12457237303027657,9.694666522044557e-07,25,20,20
4,8417,1.1114625797126938e-09,0.8227903574418017,0.17720960431626284,3.713047194370445e-08,25,20,20
4,8418,1.4326609215378725e-09,0.9437554804615312,0.05624450819255942,9.913248362348666e-09,25,20,20
4,8419,1.4913226272492061e-07,0.9460995480872696,0.053899352260831875,9.505196355074694e-07,25,20,20
4,8420,2.884933265698801e-07,0.9026228306167975,0.09737592333660146,9.575532744558855e-07,25,20,20
4,8421,1.4908383332555536e-07,0.9133122014885715,0.0866866724926676,9.7693492763078e-07,25,20,20
4,8422,1.5489071231247347e-06,0.8922116402443632,0.10774673980137474,4.007104713879739e-05,25,20,20
4,8423,2.803484676544881e-09,0.9580045143646178,0.04199548156488598,1.2670110727458045e-09,25,20,20
4,8424,2.897090626765572e-12,0.9526098185915296,0.04739018105555884,3.500139293804008e-10,25,20,20
4,8425,3.7788436055703555e-10,0.8778123469197319,0.1221876361092706,1.659311283211076e-08,25,20,20
4,8426,8.567659353871924e-06,0.9399151025846412,0.06007629448721413,3.5268790635071286e-08,25,20,20
4,8427,8.723590648238948e-06,0.9049384971724262,0.09505274455810887,3.46788163523575e-08,25,20,20
4,8428,8.567686882641971e-06,0.8919201951037973,0.10807120271189749,3.449742216458647e-08,25,20,20
4,8429,8.07484729399796e-11,0.9418430188500984,0.05815698073206019,3.3709306822638735e-10,25,20,20
4,8430,1.4547417736457193e-09,0.9241745532940289,0.07582444294177104,1.002309458149009e-06,25,20,20
4,8431,2.7705544963932415e-10,0.9625260680282589,0.037472929559867814,1.0021348177618736e-06,25,20,20
4,8432,7.135273869292282e-11,0.9374925964289753,0.06250641860976684,9.848899050814132e-07,25,20,20
4,8433,3.236392800331136e-06,0.8694641614452749,0.13053221905813822,3.8310378637751417e-07,25,20,20
4,8434,7.332155162661727e-10,0.8762163520611317,0.12378364624710742,9.585449075287324e-10,25,20,20
4,8435,3.4845236028807696e-09,0.8369553829643496,0.16304459023929802,2.3311828402833403e-08,25,20,20
4,8436,1.0132333922519198e-08,0.8686465545810681,0.13130380632380848,4.962896278895037e-05,25,20,20
4,8437,1.0804290010938069e-08,0.8758546766212872,0.12409567266389222,4.963991053006392e-05,25,20,20
4,8438,1.0852215858256545e-08,0.8698442899794598,0.1301060600350581,4.963913326583656e-05,25,20,20
4,8439,2.4908909399543933e-09,0.8102360081474568,0.18972907066319528,3.491869845679792e-05,25,20,20
4,8440,0.0002092128455648308,0.76953084601837,0.2302599040833454,3.7052718990422215e-08,25,20,20
4,8441,3.8190350139594705e-05,0.8339625782150919,0.16599923081413884,6.206289515885853e-10,25,20,20
4,8442,1.0197050367526463e-09,0.839419063365796,0.1605809178874065,1.7727092535394928e-08,25,20,20
4,8443,5.439096082815862e-11,0.890216473493088,0.10978349126641794,3.5186103144438485e-08,25,20,20
4,8444,9.338586338046262e-13,0.987740059738842,0.012259921821033495,1.8439190493646118e-08,25,20,20
4,8445,1.4744405456622859e-08,0.9096914986923982,0.0903084553320198,3.123117623407814e-08,25,20,20
4,8446,1.4599572825562604e-11,0.9395094468570607,0.060490545978594164,7.149745608776199e-09,25,20,20
4,8447,9.958785324112255e-08,0.9202899097220576,0.07970997295853019,1.7731558503604614e-08,25,20,20
4,8448,1.082581280926195e-08,0.9210173344907985,0.07898265393466634,7.487222774071673e-10,25,20,20
4,8449,5.103286708759083e-11,0.9251215121062982,0.07487848781480232,2.7866285152731114e-11,25,20,20
4,8450,2.1092171422974595e-06,0.8171368677525861,0.1828569904183378,4.0326119335838676e-06,25,20,20
4,8451,3.0610389878142515e-11,0.8558590157353866,0.14414003261507757,9.516189249855695e-07,25,20,20
4,8452,2.0851555540873088e-08,0.8399864781355043,0.16001253214683647,9.688661030620663e-07,25,20,20
4,8453,2.0825730539962008e-08,0.9088529594308571,0.09114696009275487,5.965065711080318e-08,25,20,20
4,8454,2.2234011375507856e-08,0.9398868547245124,0.06011258548840428,5.37553071816647e-07,25,20,20
4,8455,2.145880667831012e-08,0.8868456164612829,0.11315382233544913,5.397444610728413e-07,25,20,20
4,8456,4.177630273216215e-08,0.8105314273697383,0.1894679918857113,5.389682471252753e-07,25,20,20
4,8457,4.0159423077655704e-08,0.932651836518437,0.06734759055128137,5.327708589217975e-07,25,20,20
4,8458,1.1261173667870116e-10,0.8771472146947393,0.1228527667065249,1.8486124339356373e-08,25,20,20
4,8459,1.25660347787858e-10,0.9429116186616432,0.05708836337602586,1.7836670897532413e-08,25,20,20
4,8460,1.5384055847467403e-07,0.9136593211634441,0.0863257611113855,1.4763884611957075e-05,25,20,20
4,8461,9.802867751475916e-07,0.8733423881481679,0.12663395727137597,2.267429368082906e-05,25,20,20
4,8462,3.791620575782036e-08,0.9463502121488646,0.05364908232652792,6.676084010789995e-07,25,20,20
4,8463,2.7802703111455685e-09,0.9178283086205703,0.08217167028035853,1.8318800626534597e-08,25,20,20
4,8464,5.923096075010622e-09,0.8460825660342534,0.15391684069963374,5.873430170144812e-07,25,20,20
4,8465,1.617211947583473e-08,0.7959402060815871,0.2040450489234596,1.4728822833595698e-05,25,20,20
4,8466,3.1127386898043705e-11,0.739575512493591,0.26035601880212156,6.846867315915117e-05,25,20,20
4,8467,4.0190582996608535e-08,0.9112657920436389,0.08873320810653214,9.59659245959777e-07,25,20,20
4,8468,3.765103940555068e-09,0.8232407963996173,0.1767591985732576,1.2620206542083673e-09,25,20,20
4,8469,9.048047912362776e-06,0.7563239038091237,0.24366539283004598,1.6553129177598623e-06,25,20,20
4,8470,8.758866629776601e-06,0.8974006465160447,0.10259057670460343,1.791272208681288e-08,25,20,20
4,8471,8.757004820677135e-06,0.8038701390238665,0.19612108594380084,1.802751181096339e-08,25,20,20
4,8472,2.5363201549327127e-09,0.9450284963636955,0.05497148298663742,1.811334671243505e-08,25,20,20
4,8473,3.635181401772846e-09,0.9512899468161199,0.04871003098777363,1.8560924900319372e-08,25,20,20
4,8474,4.236645913562087e-09,0.8999008429372769,0.1000811132848762,1.8039541200461515e-05,25,20,20
4,8475,1.5426203282341286e-09,0.9178344761337799,0.08214751336105093,1.8008962548420212e-05,25,20,20
4,8476,9.015244745429216e-11,0.9168727720354711,0.0831272175723242,1.0302051728800816e-08,25,20,20
4,8477,8.252423699085752e-10,0.9233786056882951,0.07661948260189994,1.9108845624623177e-06,25,20,20
4,8478,9.032016577990668e-10,0.890030550649726,0.10996847786293658,9.705841355954002e-07,25,20,20
4,8479,5.3422102746305e-10,0.8560185234270622,0.14398023675153582,1.2392871800952457e-06,25,20,20
4,8480,6.966292588113409e-11,0.8750883241064199,0.12489272677578601,1.8949048131053743e-05,25,20,20
4,8481,7.116793262259964e-10,0.9038281656723584,0.09617183309404337,5.219189423268164e-10,25,20,20
4,8482,7.362089596457544e-10,0.894981006786135,0.10501799156425799,1.000913398020541e-06,25,20,20
4,8483,5.6176018955006e-11,0.9176692341608684,0.0823307308797152,3.490323998725365e-08,25,20,20
4,8484,5.923662354672305e-11,0.9054195428503086,0.0945804044624704,5.262798414830695e-08,25,20,20
4,8485,1.4066142842183505e-10,0.8944972450761045,0.1055027087350471,4.6048186333502054e-08,25,20,20
4,8486,2.3621369654159674e-11,0.9186558673332776,0.08134409733933799,3.530376270383483e-08,25,20,20
4,8487,2.2250868281282103e-11,0.8962652669962209,0.10373469056828011,4.2413247955213335e-08,25,20,20
4,8488,4.161722063648577e-10,0.8218395292275703,0.17815981435186692,6.560043900974474e-07,25,20,20
4,8489,3.865364227099224e-11,0.9425202759863176,0.05747805705888001,1.666916148892116e-06,25,20,20
4,8490,2.8311859076664426e-09,0.9650687559831103,0.03493122181231311,1.9373390520233865e-08,25,20,20
4,8491,3.831540978010517e-08,0.9243025518896879,0.07569737389458508,3.590031725063623e-08,25,20,20
4,8492,3.826583752730473e-08,0.9487024843542923,0.05129745893425989,1.844561038859675e-08,25,20,20
4,8493,3.448906361537061e-09,0.9470432299041791,0.05295674138328525,2.5263629302936177e-08,25,20,20
4,8494,3.5030654672381145e-09,0.9054170180980698,0.09458294868880386,2.9710060680145995e-08,25,20,20
4,8495,6.259113416700801e-11,0.866586624297717,0.13341336984350552,5.7961854095999776e-09,25,20,20
4,8496,2.8115201589117024e-06,0.8786062895342195,0.12137291637866021,1.798256696111549e-05,25,20,20
4,8497,2.8109274208840936e-06,0.8598913104409911,0.14008753341053934,1.834522104798697e-05,25,20,20
4,8498,3.752975107338434e-09,0.9406199352760914,0.05937967824428786,3.8272664484011215e-07,25,20,20
4,8499,2.771003930741877e-09,0.8483052124415829,0.15169440262062397,3.8216678886143646e-07,25,20,20
4,8500,2.9118551027585944e-09,0.8540441143261264,0.14595557619866414,3.065633538604298e-07,25,20,20
4,8501,1.6002631183841436e-10,0.8856056811258296,0.11439367174888689,6.469652566981753e-07,25,20,20
4,8502,2.8649157337925605e-09,0.9306927796631008,0.06930655942870939,6.580432742014002e-07,25,20,20
4,8503,5.689269248726632e-11,0.9075421474315623,0.09245721164752937,6.408640158480481e-07,25,20,20
4,8504,4.922763151047196e-11,0.9922753148583812,0.007724683836274532,1.2561167376782998e-09,25,20,20
4,8505,2.7035945748158423e-11,0.9897857574666843,0.010213258878221405,9.836280585721446e-07,25,20,20
4,8506,6.314644115479053e-12,0.9328564363525086,0.06714329428932343,2.6935185324109063e-07,25,20,20
4,8507,7.027342757022231e-10,0.8724549123051237,0.12754479918223297,2.878099091041448e-07,25,20,20
4,8508,7.06014173361597e-10,0.9441780105903937,0.055821952409645395,3.6293946979588716e-08,25,20,20
4,8509,7.06964105691869e-05,0.7971392194971463,0.20275831493280447,3.176915947993516e-05,25,20,20
4,8510,2.095118568811959e-11,0.8906440109919146,0.10935597904424942,9.942884748223569e-09,25,20,20
4,8511,6.852673653445834e-11,0.8962427193482055,0.10375727943608781,1.147180135991258e-09,25,20,20
4,8512,2.7141346266309543e-09,0.9030639401425132,0.09693605671146534,4.31886983433124e-10,25,20,20
4,8513,6.65284510113088e-11,0.9149158783577179,0.08508410377303859,1.7802714807857682e-08,25,20,20
4,8514,4.51338368323869e-06,0.8715855931682179,0.1283951649720564,1.4728476041870652e-05,25,20,20
4,8515,4.511900310248002e-06,0.9061375593873526,0.09384318341542867,1.4745296908225443e-05,25,20,20
4,8516,4.041511811774658e-08,0.9165439718635439,0.08344124112127176,1.4746600066077146e-05,25,20,20
4,8517,6.182325900897227e-08,0.9398334297353459,0.060151769762728485,1.473867866661508e-05,25,20,20
4,8518,4.0411883204399304e-08,0.8639741811110276,0.13601071177528856,1.5066701800468445e-05,25,20,20
4,8519,2.079159079752287e-07,0.8309374352664476,0.16904757077755075,1.4786040093503247e-05,25,20,20
4,8520,1.94187210856228e-07,0.7669594774958436,0.23302553138906973,1.4796927876053757e-05,25,20,20
4,8521,4.0441908137651e-08,0.7922610943516637,0.20772372037796694,1.5144828461120123e-05,25,20,20
4,8522,2.78801649344862e-11,0.8242061096091686,0.17579388985907232,5.038795468334705e-10,25,20,20
4,8523,1.1860758803039015e-10,0.8796350187226423,0.12035025208256274,1.4729076187604557e-05,25,20,20
4,8524,1.3292941326793343e-10,0.8411737590780871,0.15881151165765173,1.4729131331429768e-05,25,20,20
4,8525,1.3631489656772903e-10,0.8998967058007973,0.10010329229887077,1.7640167190255692e-09,25,20,20
4,8526,7.342901205662262e-11,0.9896811428878155,0.010318856071648595,9.671068762627212e-10,25,20,20
4,8527,1.7462916779863994e-09,0.9771486245305883,0.02285137349470823,2.2841181615699643e-10,25,20,20
4,8528,5.138280830961851e-09,0.9745931278942986,0.025406849167469776,1.779995054656438e-08,25,20,20
4,8529,2.701513111294841e-09,0.9368464767206259,0.06315350267339764,1.7904462679539595e-08,25,20,20
4,8530,0.0018636120469383048,0.8599007970912274,0.13823450571422874,1.085147604663551e-06,25,20,20
4,8531,0.0018636295464172505,0.9056389058193048,0.09249694818150545,5.164527725237536e-07,25,20,20
4,8532,0.0018302991992884309,0.9562732703945102,0.04189615975593711,2.706502640390165e-07,25,20,20
4,8533,2.176389744472741e-06,0.9736576775424708,0.026340111710087356,3.435769751765867e-08,25,20,20
4,8534,2.465228348495272e-09,0.9003035995107489,0.09969526261618007,1.1354078425776346e-06,25,20,20
4,8535,6.963089623643112e-10,0.9439104944450762,0.05608895627112372,5.48587490762088e-07,25,20,20
4,8536,3.045116390383028e-10,0.9087402606903042,0.09125972037805818,1.8627126085669878e-08,25,20,20
4,8537,3.525248544707269e-11,0.9070415270822586,0.09295845411280115,1.876968746630755e-08,25,20,20
4,8538,3.796344633183754e-11,0.876155918400293,0.12384406279507315,1.8766670263098832e-08,25,20,20
4,8539,5.868434083097488e-10,0.9210753637916119,0.0789245799250806,5.569646374700476e-08,25,20,20
4,8540,2.4759032927521247e-09,0.9357098212073338,0.06429015815461497,1.8162147672214153e-08,25,20,20
4,8541,2.10257473782476e-09,0.9533412532064623,0.046658229792097446,5.148988652750565e-07,25,20,20
4,8542,3.5126805014889727e-09,0.8924383250821226,0.10756164704724705,2.4357949604362368e-08,25,20,20
4,8543,1.184759198932314e-09,0.8550121732044204,0.14498782530722923,3.0359100556624257e-10,25,20,20
4,8544,7.464559398072697e-08,0.7898297676449162,0.21016882101384365,1.3366956457812854e-06,25,20,20
4,8545,1.0936072013656971e-06,0.8373949482671996,0.16255287852502853,5.107960056967523e-05,25,20,20
4,8546,7.665189472378147e-10,0.8391985879319279,0.16080042094853242,9.903530205218614e-07,25,20,20
4,8547,1.2079620659353955e-10,0.8917046498632031,0.10829532568413427,2.4331866328253334e-08,25,20,20
4,8548,1.1097143922502429e-10,0.9254175480726207,0.07458240530219046,4.651421742572755e-08,25,20,20
4,8549,1.057174594007628e-09,0.8948058568001984,0.10519409616432751,4.597829872499783e-08,25,20,20
4,8550,2.2078679231920512e-10,0.9549972802774006,0.045002684612628616,3.488918412715182e-08,25,20,20
4,8551,1.929960739834727e-09,0.9265582697347928,0.07344072602175782,1.0023134883720774e-06,25,20,20
4,8552,1.157909692144626e-10,0.9310991294788629,0.06889988958421796,9.80821128228306e-07,25,20,20
4,8553,7.947257555682127e-10,0.9770492047417944,0.02294883469287755,1.959770602310626e-06,25,20,20
4,8554,1.4696561915461204e-09,0.9385888738247543,0.06141110151169791,2.3193891477088512e-08,25,20,20
4,8555,2.423385584985152e-09,0.8930867101321518,0.10691327601719389,1.1427268132558813e-08,25,20,20
4,8556,2.4245418347734836e-09,0.9251278520202153,0.07487213384373302,1.1711509931149577e-08,25,20,20
4,8557,2.283519754675372e-09,0.9120398150955559,0.08796014737872236,3.5242201823116204e-08,25,20,20
4,8558,7.439452186797659e-11,0.9520412565888863,0.04795872602149676,1.7315222663998608e-08,25,20,20
4,8559,3.9129872295433034e-08,0.8910723502582933,0.10892755783913945,5.2772694686631774e-08,25,20,20
4,8560,3.406981339961317e-11,0.87641921317649,0.12358072889972997,5.788970997549724e-08,25,20,20
4,8561,3.458294786778043e-11,0.859147582737315,0.1408523598449851,5.7383116559596395e-08,25,20,20
4,8562,2.2040020173347853e-12,0.8990411500353354,0.10095883245696069,1.750549967956879e-08,25,20,20
4,8563,1.1376979006257371e-10,0.9021556268124526,0.09784435518525203,1.7888524801647674e-08,25,20,20
4,8564,1.503863007126764e-07,0.9002597642243133,0.09973942896124552,6.564281405328165e-07,25,20,20
4,8565,6.243212191137239e-11,0.9599770776545591,0.04002225485512599,6.67427882604925e-07,25,20,20
4,8566,1.6572969812743687e-10,0.8843209360960855,0.11567902905061801,3.4687566618784706e-08,25,20,20
4,8567,1.4843154908835276e-07,0.9454003907513789,0.05459850011160992,9.607054619812671e-07,25,20,20
4,8568,1.7463778295881383e-09,0.926057778864397,0.07394158603924456,6.333499803071957e-07,25,20,20
4,8569,8.798977898098518e-11,0.9089159385428939,0.09108377165454876,2.8971456750620686e-07,25,20,20
4,8570,8.981327001730837e-11,0.890271486467566,0.10972818225768241,3.3118493784570993e-07,25,20,20
4,8571,1.3804788517682542e-11,0.9292014705278377,0.07079851163843612,1.7819920922977003e-08,25,20,20
4,8572,2.2357923418644987e-10,0.9301717372333606,0.0698282223707192,4.0172340452325156e-08,25,20,20
4,8573,5.58559384915168e-08,0.856114628352472,0.1438655277647125,1.9788026876358338e-05,25,20,20
4,8574,1.2773588314330723e-10,0.9138857170252098,0.08611423791019282,4.493686140164981e-08,25,20,20
4,8575,4.804143306520419e-10,0.9086793330399142,0.09132063933644517,2.7143226131837432e-08,25,20,20
4,8576,5.44527190322524e-09,0.9872300508984401,0.012768950676574282,9.92979714236301e-07,25,20,20
4,8577,1.5513715772354127e-10,0.9119598514443947,0.08803949802048157,6.503799863729723e-07,25,20,20
4,8578,1.331689235358306e-10,0.9891944132024988,0.01080556880834776,1.7855984427251147e-08,25,20,20
4,8579,8.267996775862746e-11,0.906667028620279,0.09333296619781137,5.099229605501425e-09,25,20,20
4,8580,5.187306199917996e-11,0.9544954041652777,0.045504589450201964,6.332647343295351e-09,25,20,20
4,8581,6.898723735633347e-11,0.925313801082397,0.07468619314589885,5.7027166994410655e-09,25,20,20
4,8582,3.983214707120699e-08,0.937481540301444,0.06251841890104672,9.653616331477354e-10,25,20,20
4,8583,6.89906297661318e-11,0.9419391667097249,0.058060815700032194,1.7521252583631227e-08,25,20,20
4,8584,3.162574294751422e-11,0.9153843664398926,0.08461561537875995,1.8149721992656407e-08,25,20,20
4,8585,1.1855508129452539e-10,0.9125463489006935,0.08745359748044315,5.35003081095855e-08,25,20,20
4,8586,5.940106196549703e-11,0.8811870931151676,0.11881288283382511,2.3991605917887707e-08,25,20,20
4,8587,1.4437916469949247e-09,0.7987811547845933,0.2012188220078362,2.176377780857312e-08,25,20,20
4,8588,5.692357671486929e-08,0.8104009896582205,0.18959892424195413,2.917624850761863e-08,25,20,20
4,8589,3.5141683692201437e-09,0.9068079186452686,0.09319204795782726,2.9882736149296246e-08,25,20,20
4,8590,0.0003779116333308838,0.9055193319499826,0.094099724615032,3.0318016547839e-06,25,20,20
4,8591,6.571603387215212e-11,0.9123355609165889,0.08766442059917788,1.8418516870144164e-08,25,20,20
4,8592,2.7146702998656e-09,0.8880953623241041,0.11190461035453557,2.460668970357749e-08,25,20,20
4,8593,3.3926987558378624e-09,0.772775028850178,0.22722494469332652,2.306379580818546e-08,25,20,20
4,8594,1.2435325034936957e-10,0.874118417411662,0.12588129304914625,2.894148382607455e-07,25,20,20
4,8595,1.6210916944556805e-09,0.9051824468814899,0.09481723429274215,3.1720467628312974e-07,25,20,20
4,8596,1.7060901641605153e-09,0.8474709348550654,0.1525290462576192,1.7181224486263846e-08,25,20,20
4,8597,4.907840867591488e-10,0.8572881451641275,0.14271184350197522,1.0843112642403671e-08,25,20,20
4,8598,3.91855171927506e-10,0.8857555032523357,0.11424446884129429,2.7514514841141462e-08,25,20,20
4,8599,3.9934859921636656e-08,0.9137139428117683,0.08628598887265147,2.8380719762630985e-08,25,20,20
4,8600,8.854511536900798e-11,0.9125921525352108,0.08740782865999608,1.8716247919582262e-08,25,20,20
4,8601,6.98610396037605e-10,0.9451166969081839,0.054883284755125654,1.7638079742549876e-08,25,20,20
4,8602,2.8569158166815893e-09,0.8853808251339247,0.11461819500448592,9.770046738953837e-07,25,20,20
4,8603,5.7105734353714834e-11,0.8438692514403122,0.15613072046360751,2.8038974056711234e-08,25,20,20
4,8604,3.134235335456237e-09,0.7808178136064186,0.2179181566253848,0.0012640266339609693,25,20,20
4,8605,8.092039024268051e-06,0.8279899430899087,0.17199829203988642,3.6728311809343077e-06,25,20,20
4,8606,5.969032017628673e-08,0.9163288822114665,0.08367105643252877,1.6656841335131835e-09,25,20,20
4,8607,1.0088800470207223e-07,0.9442454422127657,0.05575443783875594,1.9060473573366427e-08,25,20,20
4,8608,7.40457095823798e-07,0.9383593532377529,0.06163951835720833,3.879479427790879e-07,25,20,20
4,8609,2.163504418178337e-10,0.8891810590373009,0.11081894038604805,3.6030119461342385e-10,25,20,20
4,8610,0.00015944396963587845,0.858327207973438,0.1414954375408977,1.791051602778584e-05,25,20,20
4,8611,1.4291386601655317e-08,0.8845572040247578,0.11544240043077324,3.8125308224599384e-07,25,20,20
4,8612,1.7034574138627894e-08,0.8288933994669395,0.17110519969338178,1.3838051044462355e-06,25,20,20
4,8613,3.81167067503987e-08,0.8698464655206136,0.13015318965176775,3.0671091194199677e-07,25,20,20
4,8614,3.8780259984210397e-08,0.8463166636739848,0.15368200763555617,1.2899101986180345e-06,25,20,20
4,8615,7.523014404741939e-10,0.9089419283859672,0.0910577814676091,2.893941224550192e-07,25,20,20
4,8616,7.016516353254965e-10,0.8343624070875347,0.16563730281150696,2.8939930703043205e-07,25,20,20
4,8617,2.6952469203069637e-11,0.9175073303732262,0.08249237989751763,2.8970230324398927e-07,25,20,20
4,8618,3.211829298733535e-12,0.8840308789895004,0.11596880266310394,3.183441841477431e-07,25,20,20
4,8619,1.3910026258173e-09,0.8513643157423971,0.14863563700301907,4.586358137242256e-08,25,20,20
4,8620,1.1025148154318532e-08,0.9595236287491322,0.040476354963410364,5.2623090584571305e-09,25,20,20
4,8621,1.033903185187091e-08,0.9582368977324394,0.04176308696397793,4.964550641619316e-09,25,20,20
4,8622,8.538395376106569e-10,0.9285208789852933,0.07147911981503222,3.4583478807699137e-10,25,20,20
4,8623,1.6014004582576946e-09,0.9611316134816786,0.03884940093194247,1.8983984978626013e-05,25,20,20
4,8624,3.4514913825215927e-09,0.9518402473743877,0.04815973094030748,1.823381284766632e-08,25,20,20
4,8625,4.014563644387535e-08,0.9316167907813956,0.06838313304498919,3.602797835233267e-08,25,20,20
4,8626,2.1390018891952048e-10,0.8617941144782837,0.13820586717442543,1.813339070001901e-08,25,20,20
4,8627,4.045197159692737e-10,0.9293380698478672,0.07066192972478878,2.2824363279057532e-11,25,20,20
4,8628,5.7034100129672385e-08,0.8968251347807833,0.10317478356951199,2.461560448337329e-08,25,20,20
4,8629,6.24861603011019e-08,0.9370499033451715,0.06294903443446283,9.997342056231414e-07,25,20,20
4,8630,6.128217805692502e-08,0.7985684510684369,0.201431462556223,2.509316089260978e-08,25,20,20
4,8631,2.7127870668554775e-09,0.8765720626806076,0.12342697668162661,9.579249783855026e-07,25,20,20
4,8632,6.884154353583678e-09,0.87321306823234,0.12678595624003647,9.686434690719232e-07,25,20,20
4,8633,5.442873697597129e-09,0.8879747989584232,0.11202519046889496,5.129808169491316e-09,25,20,20
4,8634,2.9089113649321564e-08,0.9259298234106655,0.07407014745007723,5.014351260742702e-11,25,20,20
4,8635,5.518419538500091e-09,0.9436519183916566,0.056348058878108696,1.7211815396227212e-08,25,20,20
4,8636,2.786949806790551e-09,0.9202083954343597,0.07979158445759287,1.7321097341311213e-08,25,20,20
4,8637,3.81489543868554e-09,0.8900974416269335,0.10990158614549621,9.684126742998104e-07,25,20,20
4,8638,4.277433612380899e-09,0.8738271460108681,0.12617189923377775,9.50477919848145e-07,25,20,20
4,8639,9.812934253567298e-11,0.9628651046092425,0.037133908993568936,9.862990584926595e-07,25,20,20
4,8640,9.357064751706286e-08,0.9093053083609541,0.09069401603979436,5.820286038778433e-07,25,20,20
4,8641,3.892672014305178e-08,0.9283146919680659,0.07168466891823136,6.001869818330545e-07,25,20,20
4,8642,2.940114348517191e-11,0.9291396885453506,0.07086027487205987,3.655318785162974e-08,25,20,20
4,8643,3.4653470713845326e-09,0.8909242761992904,0.10907569635060184,2.398476047018332e-08,25,20,20
4,8644,7.207014232726048e-08,0.879004921624214,0.12099497552671443,3.0778928775330395e-08,25,20,20
4,8645,7.217107875781631e-08,0.897893474081987,0.10210606403579237,3.897111415139495e-07,25,20,20
4,8646,8.75379437996368e-08,0.8954748539895092,0.10452472571487226,3.327576747149529e-07,25,20,20
4,8647,2.7704994782242653e-12,0.9036633155285894,0.09633668414318544,3.2545416000556467e-10,25,20,20
4,8648,1.419589152197068e-11,0.9709751207514425,0.029024878902735193,3.316265330051186e-10,25,20,20
4,8649,8.116847954834453e-08,0.8328354257545477,0.1671639505042506,5.425727224479488e-07,25,20,20
4,8650,2.750075938965856e-09,0.9275789832291302,0.07242100800600637,6.014787651387556e-09,25,20,20
4,8651,6.686151241946454e-10,0.8780602423398693,0.12193879408369261,9.62907822883897e-07,25,20,20
4,8652,1.7041731110403193e-09,0.8426176269885896,0.15736243279930506,1.99385079319793e-05,25,20,20
4,8653,2.6828912198378532e-09,0.8384292992645874,0.16155220894488534,1.8489107635618008e-05,25,20,20
4,8654,1.6194980566447593e-09,0.8082738939967772,0.19169557257451766,3.0531809207224865e-05,25,20,20
4,8655,2.128728799246239e-06,0.8990533422346249,0.10094450386022702,2.5176348691113824e-08,25,20,20
4,8656,1.5612653644715358e-07,0.845926512091522,0.15407137994482797,1.95183711359748e-06,25,20,20
4,8657,1.0449920018207462e-10,0.8815127394482493,0.11848624483782516,1.0156094266528684e-06,25,20,20
4,8658,3.8638390604416676e-11,0.7828273444841465,0.21717262039160726,3.508560700907666e-08,25,20,20
4,8659,1.8147925543382492e-10,0.8243162466118907,0.17568375156411586,1.6425135287939274e-09,25,20,20
4,8660,5.3560999501467456e-11,0.9115409785505926,0.08845902046360447,9.322415450823506e-10,25,20,20
4,8661,5.052800377514049e-11,0.8750147437954768,0.12498523836503664,1.7788958548012726e-08,25,20,20
4,8662,2.817935551472335e-09,0.8966363880165278,0.10336360803635569,1.129180695259265e-09,25,20,20
4,8663,1.4113275653759799e-08,0.8726212715345154,0.12737869578682878,1.8565379772936642e-08,25,20,20
4,8664,1.4039662373740255e-08,0.8299202834858262,0.17007968198178255,2.0492728963830006e-08,25,20,20
4,8665,8.184964663303654e-07,0.8380200601799683,0.1619585026496447,2.0618673920944574e-05,25,20,20
4,8666,8.062524002549336e-07,0.8521332915514523,0.14784528341955785,2.0618776589286934e-05,25,20,20
4,8667,9.609258854231543e-07,0.9049248124988816,0.09505362241727972,2.0604157953051603e-05,25,20,20
4,8668,9.609301955371802e-07,0.8486115856900714,0.15134884613839214,3.860724134028961e-05,25,20,20
4,8669,1.806372139271717e-09,0.9459136904772582,0.0540683090615442,1.7998654824942228e-05,25,20,20
4,8670,4.562230548494281e-09,0.9494774576074977,0.05050453886037423,1.799896989746544e-05,25,20,20
4,8671,1.5663434675931915e-07,0.8928241402502772,0.1071753503925813,3.527227943024755e-07,25,20,20
4,8672,7.970700827836882e-11,0.8614112476480281,0.13858839382867824,3.5844358623527696e-07,25,20,20
4,8673,1.4768707239982643e-10,0.8795326265639831,0.12046700318941353,3.7009891649201555e-07,25,20,20
4,8674,1.4496148614274638e-10,0.863528641500815,0.13647100687789568,3.514763277608704e-07,25,20,20
4,8675,9.100079823404982e-12,0.7693367306289639,0.23066291757285548,3.517890799924653e-07,25,20,20
4,8676,7.999778944869526e-06,0.8586297009602003,0.14136105382200168,1.2454388526914727e-06,25,20,20
4,8677,1.1683973880527554e-08,0.8885899334296616,0.11139360016148568,1.645472487845708e-05,25,20,20
4,8678,1.1574374949549426e-08,0.8728046599158367,0.12638430186394967,0.0008110266458381531,25,20,20
4,8679,1.7218382783702301e-10,0.8840072738760151,0.11519812511941842,0.0007946008323819906,25,20,20
4,8680,8.849514411710166e-10,0.8944438245382856,0.1047615913034331,0.000794583273329264,25,20,20
4,8681,1.011109574260166e-09,0.8489590475988096,0.1502454347179471,0.0007955166721329121,25,20,20
4,8682,5.6914244895879174e-08,0.9426951854731729,0.057304392884478535,3.6472810372704254e-07,25,20,20
4,8683,2.392374422440776e-09,0.9321734624121321,0.06782615246572096,3.8272977246762355e-07,25,20,20
4,8684,1.696104399493104e-09,0.9042073631567524,0.09577426711813895,1.8368029004111085e-05,25,20,20
4,8685,1.9289694439347927e-10,0.9263300681526023,0.07366992622609368,5.428406606702343e-09,25,20,20
4,8686,9.343937905410843e-10,0.8750677304783122,0.12493188674580907,3.818414847525209e-07,25,20,20
4,8687,1.5955282801232032e-07,0.988509258379869,0.011490564441569023,1.7625733920185395e-08,25,20,20
4,8688,3.2531487602169702e-09,0.9014427881554057,0.09855717899937337,2.9592071238098467e-08,25,20,20
4,8689,1.2732435691289797e-10,0.9283545907524882,0.07164539619616464,1.2924022221150892e-08,25,20,20
4,8690,1.3458300448544662e-10,0.9508204627969497,0.0491795148621102,2.2206357055371886e-08,25,20,20
4,8691,8.469671926664148e-11,0.919422651923777,0.08057732673378147,2.125774419000538e-08,25,20,20
4,8692,1.992284256818614e-10,0.9507799913430586,0.0492200083400847,1.1762760271745656e-10,25,20,20
4,8693,7.754189228773136e-10,0.8722474444837247,0.12775225923652497,2.9550433126175987e-07,25,20,20
4,8694,7.130943727096558e-10,0.9517804652133709,0.048219509846296145,2.4227238947812844e-08,25,20,20
4,8695,1.1607120732812029e-07,0.8553611992638404,0.14462063311414386,1.8051550807724826e-05,25,20,20
4,8696,2.6941511829986736e-07,0.8276405447738477,0.1722628322892291,9.635352180418567e-05,25,20,20
4,8697,2.3134287113433613e-07,0.8037429586207284,0.19625679782877753,1.220762218964353e-08,25,20,20
4,8698,3.816357693674361e-06,0.74296418513238,0.2570257110780965,6.287431830073399e-06,25,20,20
4,8699,3.815159790836214e-06,0.72967363740946,0.2703215670439544,9.803867942296411e-07,25,20,20
4,8700,2.5095733309384334e-07,0.7328428655252605,0.26715684749726626,3.60201394424865e-08,25,20,20
4,8701,7.295040131316212e-09,0.7432917976900281,0.2566141839052927,9.401110963877715e-05,25,20,20
4,8702,3.8224225985719274e-08,0.8642113655429168,0.1357882317451684,3.644876888207702e-07,25,20,20
4,8703,1.150465115399056e-10,0.8350543569868699,0.16494564164627845,1.251804525969609e-09,25,20,20
4,8704,8.751280380917877e-12,0.8771781759180193,0.12282182281947833,1.2537508694512758e-09,25,20,20
4,8705,7.377834162574305e-10,0.9172268191789267,0.08277317944290052,6.403885683193806e-10,25,20,20
4,8706,1.5065166030543946e-09,0.8802031643977054,0.11979655622698164,2.7786879542157005e-07,25,20,20
4,8707,2.311043484088444e-08,0.9418740369876033,0.05812568068364974,2.5921831185674077e-07,25,20,20
4,8708,2.233954804903213e-08,0.9692242836703586,0.03077569301236075,9.777327562728563e-10,25,20,20
4,8709,2.17336280186169e-08,0.9173491867469857,0.08265076304038338,2.8479002837419994e-08,25,20,20
4,8710,9.715733422317032e-11,0.8681467013682379,0.13183828066668432,1.5017867920638483e-05,25,20,20
4,8711,4.3202761691932024e-10,0.8915772732505135,0.10840769724190306,1.5029075555387238e-05,25,20,20
4,8712,7.231223545896392e-09,0.865288190491423,0.13471178353244861,1.8744905495695585e-08,25,20,20
4,8713,0.003381677105869152,0.7774604779252541,0.21915780930908177,3.565979466134735e-08,25,20,20
4,8714,6.734725863154468e-11,0.885786943480084,0.11421301435439572,4.209817296027119e-08,25,20,20
4,8715,2.5331861452815254e-08,0.9017303232542855,0.09826962392305388,2.749079868952506e-08,25,20,20
4,8716,1.2403750998522602e-12,0.9300177835987654,0.06998221575672792,6.432662250441042e-10,25,20,20
4,8717,4.057528263852798e-08,0.9291315658674989,0.07085364755667829,1.4746000539927275e-05,25,20,20
4,8718,4.056051069134766e-08,0.8413150961845963,0.15866913280749262,1.573044740000903e-05,25,20,20
4,8719,5.0925991351467596e-08,0.8721501040782463,0.12777687017058909,7.297482517288609e-05,25,20,20
4,8720,5.532066325127067e-08,0.7902101750747282,0.20978881201197042,9.575926387540894e-07,25,20,20
4,8721,5.536785071243165e-08,0.8239985333976558,0.17600140319154195,8.04295176647658e-09,25,20,20
4,8722,1.6465823888109988e-09,0.8867071690660567,0.11329282234776611,6.939595152850396e-09,25,20,20
4,8723,4.2219505631124365e-10,0.8103833792647761,0.1896166017776314,1.8535397372031893e-08,25,20,20
4,8724,2.4717291564372683e-06,0.7668070897212167,0.23319016065310808,2.778965192513073e-07,25,20,20
4,8725,1.3709168724481357e-11,0.8715865400308919,0.1284134413933976,1.856200139323084e-08,25,20,20
4,8726,4.4196623007685e-12,0.9586439945406905,0.04135600482508843,6.298017674122785e-10,25,20,20
4,8727,1.503951324976474e-07,0.9177884303289958,0.0822114005043324,1.877153910892452e-08,25,20,20
4,8728,1.5329461494419768e-07,0.8560504970820191,0.14394835212126142,9.97502104616475e-07,25,20,20
4,8729,6.258373868361356e-11,0.9014788988907607,0.09852045031208823,6.507345677054621e-07,25,20,20
4,8730,1.2814998354199256e-10,0.9173598429616789,0.08264015689665807,1.35130550726614e-11,25,20,20
4,8731,1.5754965189873996e-10,0.9001338515826524,0.09986612100773934,2.7252058188830964e-08,25,20,20
4,8732,4.466445364575397e-12,0.9553279401242558,0.044672059520635125,3.506422538300045e-10,25,20,20
4,8733,6.699976476462193e-10,0.9617363578708619,0.03826364110050537,3.586351374722947e-10,25,20,20
4,8734,7.366511342514741e-10,0.9036982252488376,0.09630177306959821,9.449127959473624e-10,25,20,20
4,8735,7.20761333083985e-10,0.9330764699740319,0.06692352195948095,7.345725292651166e-09,25,20,20
4,8736,5.01979166626238e-11,0.8883876280725705,0.11161237061137626,1.2658557169444374e-09,25,20,20
4,8737,8.304998767346694e-11,0.8500820502340918,0.1499179493368289,3.4602963173060143e-10,25,20,20
4,8738,1.1955068306502984e-10,0.9301475032275358,0.0698524959196806,7.332330281402155e-10,25,20,20
4,8739,7.56669705344945e-10,0.9449346521532012,0.05506534615203102,9.380979772059992e-10,25,20,20
4,8740,8.839702397604377e-10,0.8587769969069164,0.141222997002444,5.20666892709094e-09,25,20,20
4,8741,1.795638844684184e-09,0.8728434340055613,0.12715656345946283,7.393368412019462e-10,25,20,20
4,8742,8.382944376016894e-11,0.8675600470907996,0.13243995122568408,1.5996863945852713e-09,25,20,20
4,8743,5.531611052173069e-11,0.8548160106331036,0.14518358909702653,4.002145532336178e-07,25,20,20
4,8744,3.4186981829216253e-10,0.9174375518640804,0.08256243514540054,1.2648648836019395e-08,25,20,20
4,8745,1.5144036390996308e-07,0.9193558613741375,0.08064361058075475,3.766047436951736e-07,25,20,20
4,8746,3.797566598226153e-08,0.8949376472080024,0.10506229074311543,2.4073216213306447e-08,25,20,20
4,8747,3.789347828403337e-08,0.948253470542652,0.051746473888792395,1.7675077462001014e-08,25,20,20
4,8748,4.129854563573176e-08,0.9384918522097488,0.06150806158146453,4.491024038764144e-08,25,20,20
4,8749,7.337357913443853e-06,0.8743752254585838,0.12561658465812833,8.525253741945333e-07,25,20,20
4,8750,7.3336983974299435e-06,0.890185989887016,0.10980582878783532,8.476267508901555e-07,25,20,20
4,8751,8.807867969849606e-08,0.9264894797740588,0.07351042415146912,7.995792200694697e-09,25,20,20
4,8752,2.8078182713428056e-09,0.9446555582214414,0.05534443803677652,9.339636389013818e-10,25,20,20
4,8753,7.630895498287926e-11,0.977741481847644,0.02225851743813845,6.379088879774142e-10,25,20,20
4,8754,0.026137860446133702,0.8423858244475665,0.1314753106664122,1.0044398880117453e-06,25,20,20
4,8755,4.310283875725477e-08,0.8337358218012585,0.16626315225638894,9.82839513247919e-07,25,20,20
4,8756,4.0228743800774205e-08,0.9130345803512704,0.08696383785600871,1.541563976273718e-06,25,20,20
4,8757,1.9181429460746337e-07,0.8689756115023066,0.1310241607615345,3.592186388995886e-08,25,20,20
4,8758,4.090516407145151e-08,0.9186753331816624,0.08132460744350353,1.8469669526136444e-08,25,20,20
4,8759,5.56690974782759e-09,0.9514482027474156,0.04855177366669791,1.8018976226225976e-08,25,20,20
4,8760,2.8802850591163433e-09,0.9474003621623599,0.05259959914587327,3.5811481478659013e-08,25,20,20
4,8761,2.8317639497924357e-09,0.9880460650019397,0.011953930916065312,1.2502310683825653e-09,25,20,20
4,8762,8.811709543622935e-08,0.953134632164277,0.04686525170609477,2.8012533072453654e-08,25,20,20
4,8763,8.561943955186268e-08,0.8336866352398392,0.1663129562832119,3.22857509162544e-07,25,20,20
4,8764,8.695052577319611e-08,0.848974211394065,0.15102540301203604,2.986433734524679e-07,25,20,20
4,8765,2.374986782707377e-07,0.8242327831189676,0.17576666301728217,3.163650711975271e-07,25,20,20
4,8766,2.3532338531529662e-07,0.88703932120144,0.11295989371664436,5.497585296693178e-07,25,20,20
4,8767,4.5136607029292237e-10,0.843227550541864,0.15677242102733696,2.7979432693476694e-08,25,20,20
4,8768,1.6162848058494208e-08,0.789837585257977,0.21016238756879313,1.1010381599550988e-08,25,20,20
4,8769,1.5787926787093963e-08,0.8650948360759625,0.13490514718715851,9.4895195112957e-10,25,20,20
4,8770,1.5875813703071333e-08,0.8486360288812493,0.1513639534917083,1.7512287440253476e-09,25,20,20
4,8771,1.1378017393623799e-09,0.8207644687364061,0.17923496921815368,5.609076385569074e-07,25,20,20
4,8772,9.155558110076089e-11,0.8904296879761305,0.10956977388746422,5.380448493614277e-07,25,20,20
4,8773,2.725223494906189e-07,0.8544470169358697,0.14555270953312602,1.008654622114195e-09,25,20,20
4,8774,2.8816778421556573e-09,0.870244936570336,0.1297550603985132,1.4947290792831317e-10,25,20,20
4,8775,2.2291405186969782e-08,0.9271128172622521,0.07288657318398187,5.872623610727117e-07,25,20,20
4,8776,2.2329709338597287e-08,0.8964182610276084,0.10358114688498382,5.697576985416088e-07,25,20,20
4,8777,2.4413549441587966e-05,0.8048839047899604,0.19509111192605366,5.697345444075461e-07,25,20,20
4,8778,8.362382452802134e-11,0.8681861436368752,0.1318138558009613,4.785395998209021e-10,25,20,20
4,8779,1.6034946542220158e-07,0.8309463285463192,0.16905252732543516,9.837787801553294e-07,25,20,20
4,8780,1.6036012719560357e-07,0.9168706044067504,0.08312823406362807,1.0011694943445488e-06,25,20,20
4,8781,1.6007341867844437e-07,0.8383888110511513,0.16161005185303004,9.770223998261025e-07,25,20,20
4,8782,2.682212762497793e-09,0.8905414112764555,0.1094575912155464,9.94825785277977e-07,25,20,20
4,8783,2.819942845388094e-09,0.9048543756256713,0.0951453140335555,3.07520830082569e-07,25,20,20
4,8784,2.6721968335629404e-11,0.9590171188954796,0.04098286222814978,1.884964832648531e-08,25,20,20
4,8785,7.169503390085921e-11,0.9275022003191108,0.07249777827701817,2.133217566889803e-08,25,20,20
4,8786,2.7878086027359752e-09,0.8349886926279205,0.16500620101015792,5.103574112930321e-06,25,20,20
4,8787,3.871206253828607e-09,0.9281804857754686,0.07181949191489007,1.8438434750044917e-08,25,20,20
4,8788,4.259268578075947e-09,0.8338025364567706,0.16619745851934004,7.646200515196983e-10,25,20,20
4,8789,2.8304319128469747e-09,0.9721071167004511,0.027892868716553575,1.1752563764588341e-08,25,20,20
4,8790,3.4350640597103447e-12,0.9042869462238285,0.09571304804507463,5.72766199674625e-09,25,20,20
4,8791,2.8252000319787067e-09,0.9445901594503451,0.0554098321032041,5.621250224528358e-09,25,20,20
4,8792,5.1327731570297645e-11,0.8787925038732883,0.1212074837597217,1.2315662274826483e-08,25,20,20
4,8793,2.1740294983549836e-11,0.9271271951910947,0.07287275924130986,4.5545854733992936e-08,25,20,20
4,8794,7.573627097310144e-11,0.9157744632054345,0.08422551832356856,1.839526037596984e-08,25,20,20
4,8795,9.204434425767957e-11,0.8959340952524276,0.104064935685283,9.689702451715957e-07,25,20,20
4,8796,3.988933908743333e-08,0.7874574040003348,0.21254154173298798,1.014377337277908e-06,25,20,20
4,8797,4.858111739542454e-10,0.8866933391583852,0.11330663567198648,2.4683817223830633e-08,25,20,20
4,8798,3.1471243207176e-09,0.8998635924287288,0.10013539728146342,1.0071426833759952e-06,25,20,20
4,8799,2.74861230588259e-09,0.882689987210132,0.11730804479074022,1.9652505149011456e-06,25,20,20
4,8800,1.4251554106744904e-08,0.8830894429569528,0.11691052997671131,1.2814781572133684e-08,25,20,20
4,8801,1.4255595180774032e-08,0.8401740953297184,0.15982440915341495,1.4812612709625287e-06,25,20,20
4,8802,3.380475528915595e-11,0.8589075889584644,0.14109240565921652,5.3485137510430914e-09,25,20,20
4,8803,9.151670112358996e-11,0.8676814228845108,0.1323185763876609,6.363113328536256e-10,25,20,20
4,8804,4.025705921005587e-10,0.8189341281780534,0.1810655536423854,3.17776990154139e-07,25,20,20
4,8805,4.314428408780842e-09,0.8908564673747089,0.10914257279683977,9.555140220623552e-07,25,20,20
4,8806,4.307674631441444e-09,0.8846557450638189,0.1152794118972945,6.483873121159e-05,25,20,20
4,8807,2.59932008280484e-08,0.8759310924082618,0.1240688637965835,1.7801953881296778e-08,25,20,20
4,8808,9.621209029079328e-08,0.9150608623973535,0.08490414573500753,3.489565554922358e-05,25,20,20
4,8809,2.804734391341469e-11,0.9496720226701248,0.05029308235263172,3.489494919602649e-05,25,20,20
4,8810,6.352354872080054e-11,0.935433657224073,0.06456631960969679,2.3102706650163916e-08,25,20,20
4,8811,7.932913963895301e-11,0.9570013059204859,0.04299867616270283,1.78374821995054e-08,25,20,20
4,8812,2.810247047807032e-09,0.8684101165745345,0.1315898626181328,1.7997085583310592e-08,25,20,20
4,8813,2.7582409516948617e-09,0.910852962585668,0.08911136517860994,3.566947748084204e-05,25,20,20
4,8814,1.724047371936346e-09,0.9175590797208354,0.08240462331792818,3.6295237189411806e-05,25,20,20
4,8815,1.7942746609518803e-07,0.8716855467850547,0.12827794067570275,3.633311177634748e-05,25,20,20
4,8816,2.1230539975536718e-08,0.8785497610080705,0.12138361987042279,6.659789096684704e-05,25,20,20
4,8817,7.199251564501909e-10,0.9355951110301425,0.06440488593728823,2.312644029024766e-09,25,20,20
4,8818,2.113299074769711e-06,0.9416031047260143,0.058393804544990636,9.774299197369404e-07,25,20,20
4,8819,9.53318322943082e-10,0.8422542970577088,0.15774568362913105,1.8359840898540715e-08,25,20,20
4,8820,8.417787967198251e-11,0.8917729119736783,0.10822678082608916,3.071160542704796e-07,25,20,20
4,8821,0.001648777428936962,0.8282917335762946,0.17005923843452564,2.505602422762422e-07,25,20,20
4,8822,3.801457239326463e-09,0.8021791501245708,0.19782082762529576,1.8448675160161844e-08,25,20,20
4,8823,5.795851996069357e-08,0.7965505556415653,0.20344937914178898,7.25812478623408e-09,25,20,20
4,8824,5.693033224492291e-08,0.8399006478748441,0.16009927035337565,2.4841447407200413e-08,25,20,20
4,8825,1.04965788267733e-07,0.8915179250347394,0.10846340472165628,1.8565277815872865e-05,25,20,20
4,8826,1.4924565667060166e-05,0.8963666616462729,0.1036184028930676,1.0894992511712916e-08,25,20,20
4,8827,5.8320720185031244e-08,0.9066767088579749,0.09332319092069392,4.1900610937371295e-08,25,20,20
4,8828,3.496957244078964e-09,0.8942234978747541,0.1057764803710966,1.8257191913016434e-08,25,20,20
4,8829,6.98231475988219e-05,0.7770268341983071,0.22287161496623134,3.1727687862385395e-05,25,20,20
4,8830,6.986099551873929e-05,0.782701992574102,0.21719645362221976,3.16928081590733e-05,25,20,20
4,8831,3.814859798635345e-08,0.9174238343207827,0.08257554528707428,5.822435445862574e-07,25,20,20
4,8832,3.8481766898757323e-08,0.9243654616504099,0.0756344992182853,6.495378311749424e-10,25,20,20
4,8833,7.864259095218489e-11,0.9480365087157581,0.05196347327233055,1.7933268986414798e-08,25,20,20
4,8834,8.156722757243195e-12,0.9467361672309651,0.05326383210313418,6.577442571485414e-10,25,20,20
4,8835,2.001584058234824e-07,0.889964541379575,0.1100352104894774,4.797254174444809e-08,25,20,20
4,8836,7.151492576049884e-10,0.9674241147535402,0.03257490815233922,9.763789716852521e-07,25,20,20
4,8837,1.7876553195394015e-09,0.9406498486437174,0.05935014871034425,8.582832758414807e-10,25,20,20
4,8838,0.010016619113499735,0.8973428866282709,0.09262036750385089,2.0126754378999823e-05,25,20,20
4,8839,3.0818216045296182e-06,0.883000718610395,0.11699555728082922,6.42287171556967e-07,25,20,20
4,8840,7.289099748191224e-10,0.9429659914099945,0.057033700662288585,3.071988062793312e-07,25,20,20
4,8841,2.9337944913477167e-09,0.937888651204352,0.06211132739877858,1.8463075045044225e-08,25,20,20
4,8842,1.2989335166544396e-08,0.8840157038695893,0.11598426529573069,1.784534447913492e-08,25,20,20
4,8843,3.651168176289872e-12,0.8482927561563477,0.15170723350429688,1.0335703463674551e-08,25,20,20
4,8844,3.6934970177632204e-12,0.9174846011320583,0.08251538863713036,1.0227117549480583e-08,25,20,20
4,8845,2.708075085338373e-09,0.9413532245758535,0.05864582219249257,9.505235788281998e-07,25,20,20
4,8846,6.117966633643093e-08,0.851232898931365,0.14876676576383255,2.741251361430187e-07,25,20,20
4,8847,2.779804372205068e-08,0.9253503017922128,0.07464937899774533,2.914119982220037e-07,25,20,20
4,8848,1.8356723821067547e-07,0.9343418859703349,0.06565765043980373,2.8002262316806105e-07,25,20,20
4,8849,6.40709937322122e-07,0.8637649578006843,0.13621772388985745,1.6677599521023988e-05,25,20,20
4,8850,2.7073674218297467e-09,0.9092638851720468,0.09073607736579785,3.4754787577419955e-08,25,20,20
4,8851,5.8264363128626176e-12,0.8702286814739382,0.1297709366246366,3.8189559837210117e-07,25,20,20
4,8852,3.799201741115744e-08,0.862966414797234,0.13703314888504978,3.9832569874787123e-07,25,20,20
4,8853,3.799391132954378e-08,0.8372329887893346,0.16276620917213966,7.640446141834096e-07,25,20,20
4,8854,3.892021813885684e-08,0.9061492304567891,0.09384994807642107,7.825465715364429e-07,25,20,20
4,8855,5.388441601223171e-08,0.9014332499121481,0.09856633108669573,3.651167399187275e-07,25,20,20
4,8856,5.3837149939309986e-08,0.8509812755264872,0.1490183050985831,3.6553777903507047e-07,25,20,20
4,8857,1.2378264574515614e-08,0.9085174441277418,0.09146417961465902,1.8363879333815523e-05,25,20,20
4,8858,4.889402423253324e-11,0.9121673199701903,0.08783231504308428,3.6493783135263306e-07,25,20,20
4,8859,8.759584230249657e-06,0.9144787197036931,0.08551215539455083,3.653175259212935e-07,25,20,20
4,8860,8.759585408639831e-06,0.9740297242775187,0.025961515931310967,2.0576131143833157e-10,25,20,20
4,8861,1.0022166926656582e-09,0.9342236397855149,0.06577635901145426,2.008142449169752e-10,25,20,20
4,8862,1.8075440766486422e-12,0.9915697871297141,0.008430211930240126,9.382382568190304e-10,25,20,20
4,8863,2.7340686306186134e-09,0.9491905470777319,0.05080944925971323,9.284857907192463e-10,25,20,20
4,8864,1.538005651260351e-07,0.9249442511449492,0.07505559483189092,2.2259458001237908e-10,25,20,20
4,8865,2.104644030735593e-05,0.8889468699050695,0.11103208193032593,1.7242969153414057e-09,25,20,20
4,8866,1.5441714984837188e-07,0.9850512603940536,0.014948584837313785,3.5148289015298944e-10,25,20,20
4,8867,3.057248286230541e-07,0.971004362103618,0.02899438114204487,9.510295083588689e-07,25,20,20
4,8868,1.5922045033131912e-07,0.9562162953851576,0.04378354465017527,7.44216439739252e-10,25,20,20
4,8869,1.5379748414033882e-07,0.8281360255020326,0.17186379350811648,2.7192365840808853e-08,25,20,20
4,8870,1.537929612360816e-07,0.8805753094070404,0.11942453636328397,4.367146811417213e-10,25,20,20
4,8871,5.8087846876540774e-11,0.938018277440789,0.06198171139332411,1.1107798751388304e-08,25,20,20
4,8872,4.672930699233314e-09,0.8541306873613582,0.1458683288708956,9.790948153460632e-07,25,20,20
4,8873,0.000650194585991302,0.8339659134072183,0.16538256309900412,1.3289077858703262e-06,25,20,20
4,8874,5.575605701376148e-09,0.9206077841772909,0.07939159269149376,6.175556092137744e-07,25,20,20
4,8875,1.1011502050443958e-10,0.9621156818753022,0.037882751301776756,1.566712805548929e-06,25,20,20
4,8876,1.237591355966468e-09,0.907339348436239,0.09264491960083941,1.5730725329775266e-05,25,20,20
4,8877,3.776080247157849e-11,0.9404750655551126,0.05952394847820517,9.859289215293712e-07,25,20,20
4,8878,9.34144468817922e-08,0.9394969118756884,0.06050200749625516,9.872136090919808e-07,25,20,20
4,8879,2.2659688800818147e-11,0.938611706734855,0.061387319788740166,9.734537446632941e-07,25,20,20
4,8880,1.3362630372441487e-11,0.9653959242356823,0.03460405110241157,2.4648543318350072e-08,25,20,20
4,8881,4.204054512133364e-08,0.9467410976338386,0.053258852980655746,7.344960605738284e-09,25,20,20
4,8882,2.105028047305106e-08,0.8976784485022477,0.10232152958276952,8.647024071613915e-10,25,20,20
4,8883,9.200254388554319e-10,0.9089114761766559,0.09108822804401533,2.9485930283788657e-07,25,20,20
4,8884,2.775544233246983e-09,0.897251197511831,0.10274878211858018,1.7594044243258356e-08,25,20,20
4,8885,1.5525865317397113e-07,0.8754533080702142,0.12454653598417456,6.869580814398456e-10,25,20,20
4,8886,5.796171142469099e-11,0.9443613505558495,0.0556386490435855,3.4260319073399714e-10,25,20,20
4,8887,9.86201101770255e-11,0.8844142782672013,0.11558572139995986,2.342191165290741e-10,25,20,20
4,8888,9.784522276473218e-08,0.8089452962894746,0.19105307749379916,1.528371503133529e-06,25,20,20
4,8889,4.581857132280856e-11,0.9595989153983661,0.040401084206270525,3.495448955333225e-10,25,20,20
4,8890,3.438999127267559e-11,0.9324435853202879,0.06755641400004353,6.452785267587524e-10,25,20,20
4,8891,2.8610777935031753e-09,0.9331950305555359,0.06680496576014187,8.232446264147428e-10,25,20,20
4,8892,2.8737927431947345e-09,0.8974305376846643,0.10256945816896502,1.2725775309593795e-09,25,20,20
4,8893,2.41415353782676e-10,0.9446760497591175,0.055323931917738406,1.808172874309542e-08,25,20,20
4,8894,4.677006607621709e-09,0.8764366086535321,0.12356301202030479,3.7464915634227367e-07,25,20,20
4,8895,1.5394009772919097e-07,0.9492187039430209,0.05078107882420543,6.329267598164547e-08,25,20,20
4,8896,1.538604156999968e-07,0.9877180984263728,0.01228172918821671,1.8524994837975862e-08,25,20,20
4,8897,9.51826779021441e-11,0.8830790834339465,0.11692086364059687,5.2830273985053626e-08,25,20,20
4,8898,2.7817640500417327e-09,0.936351801399972,0.06364819011248231,5.705781759381233e-09,25,20,20
4,8899,2.7980759986615596e-09,0.9467596420903339,0.053240354776383274,3.3520654315954985e-10,25,20,20
4,8900,2.983184870073739e-09,0.8467475857340816,0.15325211580035142,2.954823824565601e-07,25,20,20
4,8901,3.805698607780162e-09,0.8171584958495557,0.18284148627183883,1.4072906348826671e-08,25,20,20
4,8902,2.683334499853355e-09,0.8987753692159491,0.10122462075345619,7.347260381794027e-09,25,20,20
4,8903,5.424715352870928e-09,0.8629686179237323,0.13697603264597938,5.534400557336259e-05,25,20,20
4,8904,1.7665487619043968e-09,0.9051921962879936,0.09480777775900778,2.4186450078321074e-08,25,20,20
4,8905,4.064060460909079e-08,0.7896590181617831,0.20676949500509997,0.0035714461925120716,25,20,20
4,8906,5.385177980281826e-09,0.8664738087444271,0.13352616489126723,2.097912773651259e-08,25,20,20
4,8907,5.816748169268037e-12,0.9232709183797635,0.07672906542714447,1.618727511246007e-08,25,20,20
4,8908,1.0713030577885167e-09,0.8519471162838782,0.14805286950610885,1.3138709464888695e-08,25,20,20
4,8909,2.1409935437890355e-08,0.8847366909993549,0.11526328667849661,9.122127847888104e-10,25,20,20
4,8910,2.405772063074024e-08,0.9046400459887286,0.0953599174513921,1.2502158624202479e-08,25,20,20
4,8911,4.833906925319395e-11,0.9250720052186193,0.07492734402243596,6.507106055734513e-07,25,20,20
4,8912,5.097112153156548e-11,0.926311185059486,0.07368816479275724,6.500967855723597e-07,25,20,20
4,8913,1.8692364140866982e-07,0.8944334594541465,0.10556635298271741,6.394944277532934e-10,25,20,20
4,8914,4.894936410578104e-05,0.9069976468735058,0.09295339224405157,1.1518337166170564e-08,25,20,20
4,8915,4.903466568646798e-05,0.8317360214025258,0.1682133678086035,1.5761231843322451e-06,25,20,20
4,8916,1.5535152904562163e-09,0.966955249042023,0.03304471364203848,3.576242330593555e-08,25,20,20
4,8917,3.52761190145253e-05,0.8564551484911987,0.14350830002465992,1.2753651264121792e-06,25,20,20
4,8918,9.897444330992732e-08,0.8765065298227642,0.1234923779159639,9.932868282450726e-07,25,20,20
4,8919,1.0074877836932673e-07,0.8452122225742511,0.1547876595960715,1.7080898817164127e-08,25,20,20
4,8920,1.033417105617724e-07,0.7986591781092436,0.20134035310965054,3.6543939513956837e-07,25,20,20
4,8921,9.897417466490991e-08,0.8694176352270293,0.13058226485533833,9.434576011017345e-10,25,20,20
4,8922,9.857354509407018e-08,0.89295745286181,0.10702444990693177,1.799865771339049e-05,25,20,20
4,8923,9.864829190203144e-08,0.9695880830861142,0.03041181732402159,9.41572554489783e-10,25,20,20
4,8924,1.0007484965386314e-07,0.9314417698242289,0.06855812841492237,1.6859995022573761e-09,25,20,20
4,8925,1.2477997070838156e-10,0.9329700026751112,0.06702999582136966,1.3787394880207466e-09,25,20,20
4,8926,3.9083294922636387e-11,0.9600847318251866,0.03991431763603519,9.504996951152113e-07,25,20,20
4,8927,6.870944676052767e-10,0.9516757090231214,0.04832428965801222,6.317718820134735e-10,25,20,20
4,8928,1.5668456299130452e-07,0.9524948442871367,0.047504980893098375,1.813520200005147e-08,25,20,20
4,8929,2.8564660647596928e-09,0.9501685953263244,0.049831366945836696,3.4871373119336683e-08,25,20,20
4,8930,1.7117454862220927e-10,0.9248191895675162,0.07518051995808017,2.903032288237495e-07,25,20,20
4,8931,9.485925201447803e-11,0.9391692944086835,0.06083068151697919,2.3979477254460816e-08,25,20,20
4,8932,3.638835191076905e-10,0.8947635714207476,0.10523639168913432,3.652623406833822e-08,25,20,20
4,8933,1.1439643218248687e-06,0.8791718370669129,0.1208112903076256,1.5728661139047154e-05,25,20,20
4,8934,3.0230048773643873e-09,0.9060674483188877,0.093916489150645,1.605950746166361e-05,25,20,20
4,8935,2.9231909674827857e-09,0.9310111263277875,0.06897412540479106,1.4745344230780557e-05,25,20,20
4,8936,2.9102659644201404e-10,0.948281236670249,0.05170401757116117,1.4745467563587762e-05,25,20,20
4,8937,5.144713191154148e-11,0.8955460679636644,0.10445393134097176,6.439170535919919e-10,25,20,20
4,8938,1.0376596432701683e-08,0.8635700788541197,0.1364298931688876,1.760039566515011e-08,25,20,20
4,8939,9.842741235330775e-08,0.8111859319409078,0.18881393104634397,3.8585336175560653e-08,25,20,20
4,8940,9.847542052245907e-08,0.9053244188863501,0.09467546163647893,2.1001750173029288e-08,25,20,20
4,8941,1.1421749813558203e-07,0.7491101371332372,0.25088934036659305,4.082826712206337e-07,25,20,20
4,8942,5.168773434399341e-10,0.7297548450845345,0.27024434196373043,8.12434857222977e-07,25,20,20
4,8943,4.171257960755059e-10,0.809210497890884,0.19078945684328766,4.484870171659523e-08,25,20,20
4,8944,4.175822977246726e-10,0.8008321739738785,0.1991678149167813,1.0691757519688734e-08,25,20,20
4,8945,1.1485509728773145e-10,0.9235313145044376,0.07646866094716986,2.4433537302376598e-08,25,20,20
4,8946,3.2186247243470434e-11,0.9262828544929428,0.07371713854913717,6.925733847115414e-09,25,20,20
4,8947,3.96960970376893e-08,0.89250839996238,0.10749153585530609,2.4486216614958127e-08,25,20,20
4,8948,4.002698273447196e-08,0.879872650108345,0.1201263526532257,9.572114458734856e-07,25,20,20
4,8949,2.749145035427384e-09,0.9350592736113761,0.06494070602040089,1.7619078024942813e-08,25,20,20
4,8950,2.865120069027395e-09,0.8128521568357072,0.18714005467727465,7.785621897870804e-06,25,20,20
4,8951,3.761651285815873e-08,0.8902458404752,0.10975408756350914,3.4344777978688025e-08,25,20,20
4,8952,9.03676718034851e-10,0.8298012114150698,0.17019876022278427,2.745846914894115e-08,25,20,20
4,8953,1.4574953443509004e-10,0.8815089216280749,0.11849070340442416,3.7482175067053623e-07,25,20,20
4,8954,3.0374648834057518e-09,0.9455588839525856,0.0544401466074243,9.664025250508573e-07,25,20,20
4,8955,2.5159571999321725e-06,0.8291519471791369,0.17078111312358524,6.44237400769659e-05,25,20,20
4,8956,8.413770859292612e-10,0.9401908670824557,0.059809130379585566,1.6965809395044423e-09,25,20,20
4,8957,8.231708422697681e-10,0.9367603099952541,0.06323932332287768,3.658586966177222e-07,25,20,20
4,8958,1.4245647656462806e-10,0.8946380744561799,0.10536191265462229,1.2746741129989116e-08,25,20,20
4,8959,1.4439391171759025e-09,0.9411371574913775,0.05886283900955679,2.0551263713991755e-09,25,20,20
4,8960,1.3797266418014994e-09,0.9087166345393521,0.09128336216892789,1.911993722728489e-09,25,20,20
4,8961,1.1151670381387392e-09,0.9342064301670229,0.06575810363305055,3.5465084759618744e-05,25,20,20
4,8962,7.652240812086075e-10,0.9270999667515493,0.07289853899191284,1.4934913141563644e-06,25,20,20
4,8963,6.470994097293616e-11,0.9673424367665469,0.03265756283321195,3.35531571903072e-10,25,20,20
4,8964,5.0385598232607846e-11,0.9486041566625341,0.05139584297366407,3.134164620976719e-10,25,20,20
4,8965,7.448461196961402e-10,0.9546319541551767,0.045368044264331255,8.356454015218602e-10,25,20,20
4,8966,4.361815316068051e-11,0.8785209900337293,0.12147900957463065,3.480219022050651e-10,25,20,20
4,8967,1.0272021746353449e-09,0.8778342199267455,0.12216531562981389,4.6341623872033473e-07,25,20,20
4,8968,7.658114943193476e-10,0.9278014405332355,0.07219855834823051,3.5272219191281136e-10,25,20,20
4,8969,2.8033787133510494e-09,0.8927980270474787,0.10720196886478303,1.2843600675576318e-09,25,20,20
4,8970,3.4810729461164073e-09,0.9400116867802077,0.05998695675025518,1.3529884637039688e-06,25,20,20
4,8971,7.144028525887029e-10,0.8831414397446197,0.11685720686168474,1.3526792928131534e-06,25,20,20
4,8972,3.13692164677926e-11,0.8919991673598321,0.10799982035229572,1.0122565030109849e-06,25,20,20
4,8973,3.0048226363026055e-10,0.8941237684509818,0.10587524121142083,9.900371151215794e-07,25,20,20
4,8974,1.8147682714615787e-11,0.8816608022617543,0.11833919677049087,9.4960633164526e-10,25,20,20
4,8975,6.38483073949578e-08,0.8573442530415966,0.14256081341480495,9.486969529057834e-05,25,20,20
4,8976,1.4617510887334838e-10,0.9242883760704897,0.07571104550236202,5.782809731813689e-07,25,20,20
4,8977,7.763311054176495e-11,0.892201214229949,0.10779821534054591,5.703518713819187e-07,25,20,20
4,8978,1.1618393363926027e-10,0.9495824723980993,0.05041752653406391,9.51652534446576e-10,25,20,20
4,8979,1.900964217069661e-09,0.9496594094164543,0.050339637675154716,9.510074270349734e-07,25,20,20
4,8980,7.905761395633001e-10,0.9362344935697966,0.06376550559907611,4.0551649232918254e-11,25,20,20
4,8981,9.047515879894716e-08,0.8940447473452461,0.10595515200198877,1.0177605547487408e-08,25,20,20
4,8982,3.5139947859960118e-09,0.9450990312072918,0.054900947293135015,1.798557820728624e-08,25,20,20
4,8983,7.927494607866374e-10,0.9587481976218535,0.041251800642928306,9.424687069693473e-10,25,20,20
4,8984,7.562264007841348e-10,0.9451263110740047,0.05487368763488432,5.348842014363367e-10,25,20,20
4,8985,1.7783120447870861e-09,0.8594656127451635,0.14053438471313998,7.633841663711571e-10,25,20,20
4,8986,2.3817134154358175e-09,0.873956230466462,0.12604347736107566,2.897907486145263e-07,25,20,20
4,8987,1.72312342899056e-09,0.9056853688292101,0.09431459434311977,3.51045464791238e-08,25,20,20
4,8988,8.035199791381237e-08,0.8061058468351738,0.1938935479015008,5.249113277051022e-07,25,20,20
4,8989,9.144170636197263e-10,0.8518860698738507,0.14811390024717463,2.8964557403153765e-08,25,20,20
4,8990,3.3395586717074354e-12,0.8660764496166599,0.13392347130691892,7.907308185960268e-08,25,20,20
4,8991,6.758862334941682e-10,0.9254410564956583,0.0745589010116512,4.181680393552323e-08,25,20,20
4,8992,1.4125861641389295e-09,0.9478891501775226,0.05210987069497468,9.777149166063558e-07,25,20,20
4,8993,1.3894146142435113e-09,0.8611871416358103,0.1388118794467491,9.775280255420362e-07,25,20,20
4,8994,3.869447905744079e-08,0.865150809227615,0.13484820118964577,9.508882597870667e-07,25,20,20
4,8995,6.138993964373171e-07,0.912855653230761,0.08714318806890164,5.448009405230211e-07,25,20,20
4,8996,7.686888221479557e-07,0.9395295211405701,0.0604694165892134,2.9358139429464765e-07,25,20,20
4,8997,1.5644713872165158e-07,0.9122287179899794,0.08777072650333002,3.9905955244230424e-07,25,20,20
4,8998,5.10448723612157e-06,0.8767812493538217,0.12321361716519716,2.899374515824897e-08,25,20,20
4,8999,5.104529493976594e-06,0.8743687957939738,0.12562608146175433,1.8214777801756164e-08,25,20,20
4,9000,5.066925434349275e-06,0.7970104229534565,0.2029844927384395,1.7382669492880737e-08,25,20,20
4,9001,0.0024516406608879587,0.8393137499796681,0.15823457562494872,3.373449504635827e-08,25,20,20
4,9002,2.811951199511026e-09,0.9642419875768895,0.035757985071576355,2.4539582928626773e-08,25,20,20
4,9003,1.3513237495121233e-09,0.9326392163057239,0.06736075822285338,2.4120099133273847e-08,25,20,20
4,9004,9.244670127319788e-10,0.9339708406797064,0.06602914078028527,1.7615541245203587e-08,25,20,20
4,9005,1.9547433170023576e-09,0.8669713456320187,0.13302865148224702,9.30991140180325e-10,25,20,20
4,9006,1.2459739802797878e-09,0.8804005279620606,0.11959945285136449,1.7940600974091095e-08,25,20,20
4,9007,6.283730203414805e-10,0.8883794487772131,0.11161998060910826,5.699853056561932e-07,25,20,20
4,9008,9.808363563624901e-11,0.929772314238159,0.07022764201414648,4.3649610392577846e-08,25,20,20
4,9009,2.7597422517227138e-09,0.9107586637733833,0.08924130719757248,2.6269301860892086e-08,25,20,20
4,9010,2.4532261434780216e-10,0.8980565426848502,0.10194344735748441,9.712342624030035e-09,25,20,20
4,9011,1.085282560812344e-09,0.8852170938489365,0.11478190762705116,9.97438729509927e-07,25,20,20
4,9012,2.413796411399942e-09,0.8522075332373897,0.14779092052164408,1.5438271695190795e-06,25,20,20
4,9013,2.301977045533858e-09,0.857993278535516,0.1420061494707424,5.696917644395072e-07,25,20,20
4,9014,7.151738727766156e-09,0.9157284249725552,0.08427102011791598,5.477577899382915e-07,25,20,20
4,9015,3.130678518319159e-09,0.9090460885216727,0.09095387194936583,3.639828259461734e-08,25,20,20
4,9016,1.3803237191565558e-08,0.8911331058611167,0.10886657238585325,3.0794979302253705e-07,25,20,20
4,9017,2.2853797591950926e-06,0.7972024696836622,0.20279495527778058,2.896587978820947e-07,25,20,20
4,9018,3.902339289361641e-08,0.9006245294266302,0.09937514116713565,2.903828412193082e-07,25,20,20
4,9019,3.901825879658165e-08,0.947750219678928,0.052249740347436555,9.553758813865273e-10,25,20,20
4,9020,7.61925912411949e-11,0.8942275819535775,0.1057724176339165,3.363132980484254e-10,25,20,20
4,9021,5.70280393606575e-08,0.8533559224365689,0.14318176507522268,0.003462255460169029,25,20,20
4,9022,2.1082306352047644e-07,0.8347632110596295,0.16523657748578294,6.315227772654505e-10,25,20,20
4,9023,1.0297679413563619e-08,0.8270492107641436,0.1729507671795503,1.1758625979971371e-08,25,20,20
4,9024,2.4770966825378086e-08,0.8213940308750258,0.1786059296684172,1.4685589878637281e-08,25,20,20
4,9025,2.648392443906841e-08,0.7076019670460691,0.2922635283188498,0.00013447815115585907,25,20,20
4,9026,2.3401476117900093e-08,0.7396871052168146,0.26031282328694216,4.809476614982495e-08,25,20,20
4,9027,2.261151350413546e-08,0.8876041010824705,0.11239584826507984,2.8040936600747205e-08,25,20,20
4,9028,3.134973944467683e-09,0.9080744974560063,0.09192547618770319,2.3221316347195352e-08,25,20,20
4,9029,7.473373423968902e-08,0.7889894955498125,0.20484862095172587,0.0061618087647266305,25,20,20
4,9030,3.572249982921722e-10,0.8331183229493085,0.16616752532726622,0.0007141513662000068,25,20,20
4,9031,2.4319396092535612e-09,0.8286208249770892,0.17137916669939857,5.891571992820585e-09,25,20,20
4,9032,1.976223986721016e-11,0.8691755760182012,0.1308244009675089,2.2994526977947808e-08,25,20,20
4,9033,6.982182453380134e-10,0.8247427529020661,0.17525720157311211,4.4826602806119245e-08,25,20,20
4,9034,3.461347137498479e-10,0.9272583186946366,0.072741674733783,6.22544563183855e-09,25,20,20
4,9035,3.597961283368806e-10,0.9388320901689511,0.061167886259936896,2.3211316027247028e-08,25,20,20
4,9036,1.1345964538274195e-10,0.9181228716030959,0.08187710458099637,2.3702448264077268e-08,25,20,20
4,9037,3.709571554894214e-12,0.9172678752734386,0.08273115653522377,9.68187628186139e-07,25,20,20
4,9038,2.7320139925341113e-11,0.9196066630425547,0.08035617682954106,3.7160100584180955e-05,25,20,20
4,9039,4.0866437694882074e-08,0.8952897147600208,0.1047079337364523,2.310637088721909e-06,25,20,20
4,9040,2.7468966180138107e-09,0.9721001857192602,0.02789886020526534,9.513285783340878e-07,25,20,20
4,9041,1.2243598732769907e-09,0.8486472095744303,0.1513527560671105,3.313409893202296e-08,25,20,20
4,9042,4.35834560226298e-10,0.9136228581663436,0.08637712258370894,1.8814112850372972e-08,25,20,20
4,9043,3.752616739779684e-08,0.9536293390061246,0.04636965583403371,9.676336739082484e-07,25,20,20
4,9044,3.9553072687270106e-08,0.9066784587661164,0.09331990151719817,1.6001636121009495e-06,25,20,20
4,9045,3.897270347219368e-08,0.9478789573815383,0.052119421173968686,1.582471790007383e-06,25,20,20
4,9046,8.452595312957768e-06,0.9291383608343294,0.07085157809343945,1.6084769182844892e-06,25,20,20
4,9047,9.028258161989593e-08,0.9583499169956556,0.04164934296086628,6.497608968520879e-07,25,20,20
4,9048,3.5660527991574886e-09,0.9171215027959903,0.08287847632799472,1.7309961939972997e-08,25,20,20
4,9049,9.651747373702166e-08,0.915974824234278,0.08402507797582447,1.2724233567320078e-09,25,20,20
4,9050,1.9639698463063218e-07,0.9540744251453738,0.045924410048335605,9.6840930516785e-07,25,20,20
4,9051,1.5723413949032815e-07,0.9325049962988493,0.06749425285805499,5.936089561875585e-07,25,20,20
4,9052,1.598523834015122e-07,0.9546451194373003,0.045354685413774395,3.5296541546413514e-08,25,20,20
4,9053,2.649648053567069e-09,0.8773188303690085,0.12268074934270144,4.176386417499325e-07,25,20,20
4,9054,1.038495574721227e-07,0.8552462916175483,0.144753186717313,4.1781558106011655e-07,25,20,20
4,9055,1.0384408426529155e-07,0.8750471375087219,0.12495236257602133,3.9607117227986984e-07,25,20,20
4,9056,2.8407793003870295e-10,0.8247393961457717,0.17526005004387796,5.535262715092423e-07,25,20,20
4,9057,4.108601644029503e-12,0.9869738288018024,0.01302613666050977,3.4533578977715435e-08,25,20,20
4,9058,3.779228997587501e-10,0.8604634351955801,0.13951854779187797,1.8016634619368285e-05,25,20,20
4,9059,1.5422606447685534e-07,0.9377666769868882,0.06223216591629319,1.0028707538613072e-06,25,20,20
4,9060,1.539085539018886e-07,0.9033910360115209,0.09660742084466868,1.3892352569253119e-06,25,20,20
4,9061,2.0133077782426068e-07,0.8339792989469196,0.16602039102641794,1.0869588385674723e-07,25,20,20
4,9062,2.651382939822227e-07,0.8039176078431415,0.1960610709038056,2.1056114757689858e-05,25,20,20
4,9063,1.1005898883021129e-09,0.835841804076019,0.16415815607238773,3.875100258663477e-08,25,20,20
4,9064,7.777778316917457e-10,0.8110704407346745,0.1889295402734623,1.8214085328918147e-08,25,20,20
4,9065,2.128369758774983e-07,0.8090636937620169,0.19085939311193945,7.670028906682428e-05,25,20,20
4,9066,1.7596793029113948e-09,0.7805219254655518,0.21947806348475024,9.290017721719127e-09,25,20,20
4,9067,4.1934118761550534e-06,0.8152736883733773,0.18472182390539402,2.943093526051779e-07,25,20,20
4,9068,4.00039225333869e-05,0.8528358496454813,0.14712380771560934,3.387163756052733e-07,25,20,20
4,9069,4.0004703522801144e-05,0.8570064957429557,0.14295279678892117,7.027646002838774e-07,25,20,20
4,9070,5.711783881580822e-08,0.8740576229584528,0.1259419318485568,3.8807515144988546e-07,25,20,20
4,9071,5.7021007428152646e-08,0.8913506861039768,0.10864921591205114,4.096296442174163e-08,25,20,20
4,9072,2.063613518265695e-07,0.8956752042378507,0.10432456515865648,2.4242140865602716e-08,25,20,20
4,9073,1.0041826055231803e-07,0.8956283958047861,0.10437118476954524,3.190074080023258e-07,25,20,20
4,9074,1.0360800285466699e-10,0.9474851440218747,0.05251482046336033,3.541115628755859e-08,25,20,20
4,9075,4.8475347809983236e-11,0.9168995765484442,0.08310038107701594,4.232606371443302e-08,25,20,20
4,9076,6.185311794209065e-11,0.9356129935014361,0.06438698159134006,2.4845370501940135e-08,25,20,20
4,9077,1.1144915071216388e-10,0.8893756647840725,0.11062431047044302,2.4634035547703463e-08,25,20,20
4,9078,1.5908319253377333e-07,0.9247718358588303,0.07522796994530592,3.5112670986938146e-08,25,20,20
4,9079,1.5907191590199738e-07,0.8840877698993936,0.11591177622272136,2.9480596880379955e-07,25,20,20
4,9080,2.1333385786843167e-08,0.9572375537663459,0.04276187801269457,5.468875737471714e-07,25,20,20
4,9081,2.7528541549077057e-09,0.9885177431226786,0.011482235559320542,1.856514669611317e-08,25,20,20
4,9082,1.6645074499227306e-11,0.9438826889947189,0.05611730525647987,5.732155952930401e-09,25,20,20
4,9083,7.253911026046805e-10,0.8559481212559001,0.14405187787327972,1.454288666470175e-10,25,20,20
4,9084,5.405947492553013e-05,0.8224124681880014,0.17753316504020147,3.072968716464987e-07,25,20,20
4,9085,7.277357382135847e-08,0.8349483327864603,0.16505084228591907,7.521540468354166e-07,25,20,20
4,9086,3.1378756178876727e-11,0.8445802940823316,0.1554197048276217,1.0586671683701064e-09,25,20,20
4,9087,1.7603247566939667e-07,0.8779808642527804,0.12201893592750908,2.3787234149173128e-08,25,20,20
4,9088,1.5207854268246538e-07,0.9369716156236797,0.06302820901119369,2.3286583938182793e-08,25,20,20
4,9089,1.5263596392442951e-07,0.9611890990769382,0.0388107250580275,2.3229070287810435e-08,25,20,20
4,9090,1.5389235926224219e-07,0.883256887996522,0.11674247499820184,4.831129163619172e-07,25,20,20
4,9091,1.0621472648847925e-10,0.8938647383855689,0.10613525008176278,1.1426453019252504e-08,25,20,20
4,9092,2.1809931669327526e-06,0.8839647056964072,0.11603307726842171,3.604200441123843e-08,25,20,20
4,9093,3.1527234858548717e-06,0.8278450215241532,0.1721517705329894,5.5219371471692626e-08,25,20,20
4,9094,2.1838637658644205e-06,0.831344117311358,0.16865364597135435,5.285352141769271e-08,25,20,20
4,9095,1.1314178985861476e-10,0.9191914306164507,0.0808075833879017,9.85882505754579e-07,25,20,20
4,9096,3.809914063444646e-09,0.9305503986778474,0.06944859419732642,1.003314911831955e-06,25,20,20
4,9097,5.1261161828989253e-11,0.9688043150601356,0.031194733747663916,9.511409394329771e-07,25,20,20
4,9098,9.918297527386627e-11,0.8761286017582934,0.12387139671945535,1.423067729197551e-09,25,20,20
4,9099,1.769448521128266e-09,0.9042041603791023,0.09579583733624679,5.152019893689164e-10,25,20,20
4,9100,4.3441951555847357e-10,0.8586471221244133,0.14135286579239748,1.1648769247033863e-08,25,20,20
4,9101,3.1945760557915236e-09,0.767939503156529,0.23206017826741568,3.153814784406577e-07,25,20,20
4,9102,3.2039408030553713e-09,0.8506914303519629,0.14930731152908405,1.254915011234203e-06,25,20,20
4,9103,8.57040709253218e-07,0.7366882359177919,0.2633059783203182,4.928721178764353e-06,25,20,20
4,9104,4.00030670510242e-11,0.9167428791401838,0.08325709370383577,2.7115977065586623e-08,25,20,20
4,9105,1.7094138997483226e-11,0.921323461677018,0.07867652905589821,9.249989231832162e-09,25,20,20
4,9106,1.5691537938808587e-08,0.8957640622363497,0.1042359210342721,1.0378403932601952e-09,25,20,20
4,9107,5.0245937968508506e-11,0.9315863637795414,0.06841361793480917,1.8235403430463587e-08,25,20,20
4,9108,1.894028011689055e-09,0.9264694327061133,0.07352956873754322,9.966623151925724e-07,25,20,20
4,9109,2.7961487553076393e-09,0.9668915899747538,0.03310735822648278,1.0490026142091108e-06,25,20,20
4,9110,7.287353344779815e-10,0.9626905295566026,0.03730945139729691,1.83173654290109e-08,25,20,20
4,9111,3.9752606971576605e-11,0.9344203647881337,0.0655796164095526,1.876256109237261e-08,25,20,20
4,9112,1.389932149998135e-09,0.9013135753987019,0.09868642213265781,1.0787072188691197e-09,25,20,20
4,9113,4.570179231562624e-06,0.9449329176585677,0.05506152013950798,9.92022692657551e-07,25,20,20
4,9114,4.530540905277551e-06,0.9157331805773865,0.08426129720703673,9.916746712515375e-07,25,20,20
4,9115,4.533078869218605e-06,0.8833123891018551,0.11668205591742584,1.0219018496312546e-06,25,20,20
4,9116,4.681621754154233e-06,0.8688882275922347,0.13110702001835717,7.076765362939809e-08,25,20,20
4,9117,1.1124244591357955e-10,0.8786304428727724,0.12136953863570885,1.838027623216418e-08,25,20,20
4,9118,4.563558204983696e-10,0.9177113515026502,0.0822876727299796,9.753110140737106e-07,25,20,20
4,9119,9.41884518869547e-10,0.8722205336178165,0.1277788337850268,6.316552720548193e-07,25,20,20
4,9120,5.108566080440898e-08,0.8807685661750634,0.11921600567057761,1.537706869849345e-05,25,20,20
4,9121,4.9829650148119835e-08,0.8714309203298443,0.12856810018726997,9.296532359847224e-07,25,20,20
4,9122,1.088288267314995e-08,0.8826216487745387,0.1173777656920729,5.746505057501907e-07,25,20,20
4,9123,6.769403710479997e-11,0.9010768905012648,0.09892309057681813,1.8854222493496158e-08,25,20,20
4,9124,2.007883776641419e-09,0.8305604420200067,0.16943896491456717,5.910575425061323e-07,25,20,20
4,9125,1.9706590367492478e-09,0.774788137063082,0.225211279532383,5.814338754702906e-07,25,20,20
4,9126,3.0809084025799037e-09,0.8576786024548081,0.1423210869982896,3.0746599303400695e-07,25,20,20
4,9127,4.749426948846136e-09,0.8596308996035973,0.1403690770749652,1.8572010349233632e-08,25,20,20
4,9128,7.390831483884664e-09,0.9337950292786563,0.06620494454977142,1.8780741099891265e-08,25,20,20
4,9129,4.626334691303481e-09,0.8923152860942299,0.10768466845036645,4.082906870707128e-08,25,20,20
4,9130,2.9033628581983552e-09,0.9602134606452932,0.03978648384920237,5.2602141261826446e-08,25,20,20
4,9131,5.766379702159839e-08,0.9312981110000932,0.06870179520005892,3.613605066520538e-08,25,20,20
4,9132,5.695949497746807e-08,0.9337361471364509,0.06626376016927311,3.57347806912489e-08,25,20,20
4,9133,6.011903256583774e-08,0.8639498030019647,0.13605011862359112,1.8255411630332653e-08,25,20,20
4,9134,5.703551798796968e-08,0.8945660677779066,0.10543387419825118,9.883241557915551e-10,25,20,20
4,9135,9.854172873668487e-11,0.9286134525698004,0.07138654667861882,6.530388756056005e-10,25,20,20
4,9136,4.22695554752882e-09,0.864471522989322,0.13552651522867631,1.957555045147961e-06,25,20,20
4,9137,1.2633024935713458e-08,0.8526694716112821,0.1473295497183544,9.660373374505793e-07,25,20,20
4,9138,2.7628615175598427e-09,0.9474348634378126,0.05256513283560849,9.637172333445354e-10,25,20,20
4,9139,5.5462432673131105e-09,0.903446561167969,0.09655341514082606,1.8144961606207096e-08,25,20,20
4,9140,2.7691444632386547e-09,0.8136141803806578,0.18638545253156696,3.643186302279305e-07,25,20,20
4,9141,1.154946108428669e-06,0.8150266699294874,0.18497179319942222,3.8192498230054507e-07,25,20,20
4,9142,5.385600125726444e-09,0.845170020001071,0.15482926356130455,7.110520242859702e-07,25,20,20
4,9143,3.4539076662324073e-09,0.8932896721131857,0.10670991958989623,4.048430102749564e-07,25,20,20
4,9144,2.409393400680639e-08,0.8417957198937995,0.15820423307314438,2.2939121864137722e-08,25,20,20
4,9145,2.140327213656448e-08,0.8949324340129233,0.10506753313712254,1.1446682226067281e-08,25,20,20
4,9146,3.2297588345731475e-10,0.8819950447911339,0.11800494330888117,1.157700891602528e-08,25,20,20
4,9147,4.6456197870068236e-11,0.8476534674984696,0.1523465205646932,1.1890381207915447e-08,25,20,20
4,9148,8.219088551174896e-11,0.8545450560451415,0.14545374288557114,1.200987096832865e-06,25,20,20
4,9149,8.157555285510831e-11,0.895066753463271,0.10493259637606048,6.500790927929441e-07,25,20,20
4,9150,3.4644492993487605e-10,0.8700551156666392,0.1299445024395168,3.815473990493971e-07,25,20,20
4,9151,0.00011968318559632658,0.8866716347833057,0.11320775964607996,9.223850178509117e-07,25,20,20
4,9152,0.00011438409041731178,0.8263008012249952,0.17358359846491367,1.2162196733541623e-06,25,20,20
4,9153,3.973962236257928e-11,0.8564903885949279,0.14350903256823921,5.787970926661388e-07,25,20,20
4,9154,3.957878514780619e-08,0.9181768365263819,0.08182310575992859,1.813490412700489e-08,25,20,20
4,9155,2.8104858033468838e-09,0.9213498239332861,0.07865016682613822,6.430089744517441e-09,25,20,20
4,9156,3.218639902087055e-06,0.8704987526600182,0.129497716153739,3.1254634044790593e-07,25,20,20
4,9157,4.7527860111746246e-08,0.8729531726973171,0.12704647890390874,3.0087091384344385e-07,25,20,20
4,9158,1.5144867977380343e-11,0.8585281386069586,0.14147186011784468,1.2600519462624895e-09,25,20,20
4,9159,7.103141521120869e-10,0.9135381023474752,0.08646160051517274,2.964270381975421e-07,25,20,20
4,9160,4.008273620627947e-09,0.9353431223903905,0.06465561050145358,1.2630998826489503e-06,25,20,20
4,9161,3.9148243642510755e-09,0.8728727307446482,0.1271266633568904,6.019836369396419e-07,25,20,20
4,9162,4.706764520541153e-09,0.8538607792937494,0.1461388917285607,3.242709249917319e-07,25,20,20
4,9163,1.6207823960125992e-09,0.8824111028697303,0.11758857044936327,3.2506012397220583e-07,25,20,20
4,9164,9.325663885181378e-10,0.9495059500839105,0.05049403058480916,1.8398713320004782e-08,25,20,20
4,9165,2.0679282144222648e-10,0.8815604249516553,0.1184395275381702,4.730338112698689e-08,25,20,20
4,9166,8.284082910198702e-10,0.9043071470387946,0.09569283373555577,1.8397241300412818e-08,25,20,20
4,9167,8.906112851808252e-08,0.8166726566046484,0.18332724833702277,5.9972003666399995e-09,25,20,20
4,9168,1.3453426754225764e-10,0.9544094202579835,0.04559056176145629,1.784602606088719e-08,25,20,20
4,9169,1.5561257033925287e-10,0.9116440890627796,0.08835494233578384,9.684458237811683e-07,25,20,20
4,9170,1.9190606131670385e-11,0.8651060736987667,0.13489392478416018,1.4978822243937743e-09,25,20,20
4,9171,5.928308796712076e-11,0.8414076046897754,0.15859139960990346,9.95641037838953e-07,25,20,20
4,9172,2.1357571534006308e-11,0.8256112251064064,0.17438876938849102,5.483744801790746e-09,25,20,20
4,9173,3.6222653967455777e-12,0.8247522548276351,0.17524707525073197,6.699180099320414e-07,25,20,20
4,9174,1.116642542262415e-11,0.8781950860707068,0.12180415978065176,7.541374746937764e-07,25,20,20
4,9175,9.717658510746442e-08,0.9108035213302534,0.08919600582227682,3.7567088445330763e-07,25,20,20
4,9176,1.8746698195918353e-09,0.9502696386454168,0.0496946902080205,3.5669271892576284e-05,25,20,20
4,9177,5.143110331483092e-08,0.8487743300580692,0.1512076187627246,1.7999748102810983e-05,25,20,20
4,9178,6.765981565002571e-10,0.8232024583894056,0.17679754044981688,4.841788206679885e-10,25,20,20
4,9179,2.8651399302549545e-06,0.8309594324082865,0.16902296958385032,1.473286793345197e-05,25,20,20
4,9180,1.6744151287906743e-11,0.8940391659084704,0.1059461055751705,1.4728499615072397e-05,25,20,20
4,9181,2.7540489260536925e-09,0.8791531632507824,0.12084681608531361,1.7909854982479236e-08,25,20,20
4,9182,6.9444193844579355e-12,0.819219694297516,0.18078026543540615,4.026013324184597e-08,25,20,20
4,9183,7.335584533886224e-10,0.8978049170781658,0.10219506436754414,1.78207315410254e-08,25,20,20
4,9184,2.7170019953751893e-11,0.9491294565746332,0.050870525262364026,1.813583226691481e-08,25,20,20
4,9185,2.6184704847362063e-09,0.9044262199693562,0.0955721562771142,1.6211350593579852e-06,25,20,20
4,9186,2.5278311633884562e-11,0.9338536356658288,0.06614636326337009,1.0455232102450187e-09,25,20,20
4,9187,1.0219229122516356e-10,0.9168839456793836,0.08311605308403108,1.1343933257194563e-09,25,20,20
4,9188,8.089612788955385e-07,0.8907396762307461,0.10924276492632959,1.6749881645611794e-05,25,20,20
4,9189,2.98812677244566e-06,0.8394089907834612,0.16058767403608246,3.4705368377050124e-07,25,20,20
4,9190,7.698536315427273e-07,0.8293878941302876,0.17061098990695547,3.461091249440894e-07,25,20,20
4,9191,9.803686122924846e-06,0.7673779176427616,0.2326118866025855,3.9206852898421374e-07,25,20,20
4,9192,7.69809149792258e-07,0.8984521593690351,0.10154671788002995,3.529417854962946e-07,25,20,20
4,9193,7.698361653085693e-07,0.8665700209791347,0.13342885562672302,3.535579765602706e-07,25,20,20
4,9194,1.0940184320307295e-08,0.8752203828905413,0.12477958843085371,1.7738420411597666e-08,25,20,20
4,9195,1.0903647635843959e-08,0.9318397537484523,0.06816021697458809,1.8373311441952075e-08,25,20,20
4,9196,1.1616635816828112e-08,0.8733423746155627,0.12665759020219902,2.356560220019813e-08,25,20,20
4,9197,9.179259284385163e-10,0.9595258188033879,0.040474173898881,6.379805017362247e-09,25,20,20
4,9198,7.032843114199448e-10,0.8840788569147036,0.11592114153387487,8.481368555872919e-10,25,20,20
4,9199,5.812996718309151e-09,0.8273304442202964,0.1726469630382406,2.2586928465730904e-05,25,20,20
4,9200,5.949392835654774e-10,0.8717167991744575,0.1282625501284938,2.0650102109632107e-05,25,20,20
4,9201,1.0338348288242024e-09,0.8897286405225979,0.1102713324036001,2.603996745123199e-08,25,20,20
4,9202,2.7345490941651068e-09,0.8904745529344269,0.10952540859660059,3.573442347155543e-08,25,20,20
4,9203,2.707414177313366e-09,0.9471418607114158,0.05285812790724088,8.673928740177353e-09,25,20,20
4,9204,2.6452397238853017e-11,0.9322043504351609,0.06779563109459114,1.844379569145006e-08,25,20,20
4,9205,2.1880592423845813e-12,0.9364618875020622,0.06353809307242696,1.942332273754499e-08,25,20,20
4,9206,4.681944097229143e-10,0.9200167180018225,0.07998328058335406,9.46628747421161e-10,25,20,20
4,9207,5.441893551150245e-10,0.843298674863145,0.15670132426818392,3.244818896286118e-10,25,20,20
4,9208,1.342403100319368e-09,0.917453435360124,0.08254655595222893,7.34524436152443e-09,25,20,20
4,9209,1.0360626877405467e-07,0.8396003498648967,0.16039954560128034,9.27554280559288e-10,25,20,20
4,9210,3.110495623239554e-09,0.8930562324242695,0.10694376278737475,1.677859774615397e-09,25,20,20
4,9211,3.1209464143638046e-09,0.8876258983890724,0.11237409761147149,8.785096887461089e-10,25,20,20
4,9212,3.1125707505938792e-09,0.8737128152266694,0.12628652820462968,6.534561294928703e-07,25,20,20
4,9213,3.9924895896685825e-10,0.855231093046643,0.14476854131516917,3.652389385494796e-07,25,20,20
4,9214,3.769877296344822e-10,0.8667368696742815,0.13248070757982414,0.0007824223689065851,25,20,20
4,9215,1.0017415291025689e-09,0.9144296706207982,0.08478822785781626,0.0007821005196441526,25,20,20
4,9216,2.002291138888555e-09,0.8259598310513963,0.16841621577065677,0.00562395117565597,25,20,20
4,9217,1.6838731078023547e-09,0.9473828703552191,0.0526167622305351,3.657303726416613e-07,25,20,20
4,9218,1.7323934761019925e-09,0.9474172404139445,0.05258235709630031,4.00757361613783e-07,25,20,20
4,9219,1.347910970755156e-11,0.8902787565634054,0.10972028783996907,9.555831465332196e-07,25,20,20
4,9220,6.844277892748173e-10,0.8730159492290744,0.12698403227238622,1.7814111380822548e-08,25,20,20
4,9221,7.555943887949638e-10,0.8336080485950835,0.16639193303435015,1.7614971626272024e-08,25,20,20
4,9222,2.5007653595695756e-09,0.9010421872304266,0.09895779842685867,1.1841948350060388e-08,25,20,20
4,9223,2.4497847526041772e-09,0.8403676048612558,0.15963236389518262,2.8793777041578215e-08,25,20,20
4,9224,6.284575041678061e-11,0.832051075892567,0.16794891689802505,7.14656247227455e-09,25,20,20
4,9225,2.655338190004509e-07,0.8008879512948104,0.19911012413518459,1.6590361854817593e-06,25,20,20
4,9226,1.4646498519480954e-06,0.6685165884416685,0.32890770615565146,0.0025742407528268423,25,20,20
4,9227,1.1989814207023477e-06,0.8009063389808021,0.1990924202201836,4.1817593341255814e-08,25,20,20
4,9228,5.4225031830645974e-08,0.8160736343142355,0.18392590526172709,4.061990054044099e-07,25,20,20
4,9229,2.876912086249991e-09,0.9476224822426473,0.052377478835407644,3.604503306193292e-08,25,20,20
4,9230,9.048441683709475e-08,0.9372944414810574,0.028955074091821378,0.03375039394270456,25,20,20
4,9231,9.180205314405832e-08,0.9686093183967982,0.03139056080366867,2.8997480031907317e-08,25,20,20
4,9232,9.179286468545101e-08,0.8786007751192845,0.12139910439142683,2.8696424315015683e-08,25,20,20
4,9233,9.11270875526201e-08,0.8596736043387058,0.1403262657971121,3.873709452128095e-08,25,20,20
4,9234,8.301668478255922e-08,0.9404332560684662,0.059566110979057375,5.499357909116825e-07,25,20,20
4,9235,5.90742640852861e-11,0.8502045099258015,0.14979544423053498,4.578458960438321e-08,25,20,20
4,9236,4.229739155085501e-08,0.9285607089174839,0.07143858073217463,6.68052949762169e-07,25,20,20
4,9237,3.897000995452744e-08,0.9167632275299686,0.08323669768832023,3.58117010138879e-08,25,20,20
4,9238,7.532991276923293e-11,0.9908807912440062,0.009119208335780463,3.4488350167188994e-10,25,20,20
4,9239,7.603886183532992e-10,0.923221037765773,0.07677867174468073,2.897291580791996e-07,25,20,20
4,9240,3.73888222815139e-05,0.9091989783258414,0.09076333763923504,2.9521264152536097e-07,25,20,20
4,9241,3.516951844034628e-05,0.9075907740986148,0.092374055329951,1.0529935831120072e-09,25,20,20
4,9242,3.5169859738509715e-05,0.8312210627088915,0.16874376129670948,6.134659624692317e-09,25,20,20
4,9243,8.231367613590513e-10,0.8843901370083863,0.1156098607877545,1.3807219334011724e-09,25,20,20
4,9244,2.2374891122269737e-10,0.8321239980689384,0.16787597077234095,3.0934971015410024e-08,25,20,20
4,9245,9.608233353176964e-10,0.8232915908433165,0.17670837130069064,3.6895168079776654e-08,25,20,20
4,9246,1.482911878507153e-09,0.888041878726682,0.11195805382394534,6.596646031352247e-08,25,20,20
4,9247,6.848968061010745e-10,0.9302685146978301,0.069731448935386,3.568188666667674e-08,25,20,20
4,9248,5.0364440639864476e-11,0.9016007313606766,0.09839888625180114,3.823371573421315e-07,25,20,20
4,9249,6.488585822640968e-11,0.9902532872041739,0.009746677041116559,3.5689823508592434e-08,25,20,20
4,9250,7.205784890235596e-10,0.9740693749268597,0.025930607151785457,1.7200776599808456e-08,25,20,20
4,9251,2.9368955270331703e-10,0.9190024149940651,0.08099663400541957,9.507068254346425e-07,25,20,20
4,9252,9.791263942094734e-08,0.9199502299246433,0.08004967163731097,5.254059118599123e-10,25,20,20
4,9253,2.8298555455587732e-09,0.9648620947213581,0.03513786719077607,3.5258010386932684e-08,25,20,20
4,9254,4.314937858619116e-09,0.8341416449891347,0.09755591384109481,0.06830243685483231,25,20,20
4,9255,1.4014882872788837e-07,0.9097383718479936,0.09026147073565025,1.7267527381146755e-08,25,20,20
4,9256,4.215933402896268e-08,0.9277293015347015,0.07227064587986262,1.0426101483354075e-08,25,20,20
4,9257,4.411588630322983e-08,0.9314694355873374,0.06853051892857004,1.3682061096089913e-09,25,20,20
4,9258,3.7921287262567185e-08,0.8808670871810897,0.11913287336263632,1.534985555186971e-09,25,20,20
4,9259,2.3794221256742732e-07,0.9038382057226236,0.09616092323795454,6.330972085964304e-07,25,20,20
4,9260,1.487306535188167e-07,0.9177418245309056,0.08225802053355157,6.204889274528392e-09,25,20,20
4,9261,1.5475870312833827e-09,0.8047456149845331,0.19523935617744123,1.5027290438549828e-05,25,20,20
4,9262,0.0017541055473302264,0.8518199461581538,0.14641056752462644,1.538076988879197e-05,25,20,20
4,9263,9.423780106501271e-08,0.8338699977700891,0.1661151707032062,1.473728890333452e-05,25,20,20
4,9264,1.7700894875727952e-08,0.8259038583601702,0.17409575899530996,3.6494362472320817e-07,25,20,20
4,9265,3.4491626343220833e-09,0.9515942500159799,0.04840574445885835,2.075999384083136e-09,25,20,20
4,9266,3.962286870380002e-08,0.8708981547192322,0.12910178225995197,2.3397946326191523e-08,25,20,20
4,9267,7.778641784037774e-10,0.9008330337406443,0.09916694227369492,2.3207795809487854e-08,25,20,20
4,9268,2.8836936140718666e-09,0.8280848798125523,0.17191509864460092,1.865915255175404e-08,25,20,20
4,9269,3.075760256848565e-11,0.8937576102659375,0.10624238232767452,7.375630225560834e-09,25,20,20
4,9270,3.900989484502097e-08,0.898462280727388,0.100743115010201,0.0007945652525156968,25,20,20
4,9271,3.820301183104942e-08,0.9119061643884515,0.08729921466299886,0.0007945827455373435,25,20,20
4,9272,1.0619737497594602e-09,0.9580808316660705,0.04191913193904561,3.533291031391331e-08,25,20,20
4,9273,9.967656666654334e-08,0.9018544434720946,0.0981454565228261,3.2851239626404965e-10,25,20,20
4,9274,9.862248245194495e-08,0.8703692553333063,0.12959497593507258,3.567010913857229e-05,25,20,20
4,9275,0.030122265052391888,0.7203211189979223,0.2495169847600414,3.96311896435848e-05,25,20,20
4,9276,4.619754036147599e-08,0.8904955628627149,0.10950408404924739,3.06890497500888e-07,25,20,20
4,9277,3.454590046408541e-09,0.8518325373100746,0.1481674587932023,4.421326735292771e-10,25,20,20
4,9278,3.655799411555625e-09,0.8806761221384373,0.11932385627156199,1.793420115214249e-08,25,20,20
4,9279,7.31193023420331e-10,0.8782836209178161,0.1217161031035232,2.7524746780803307e-07,25,20,20
4,9280,9.959393958690266e-11,0.8736908149688083,0.12630916651282878,1.8418769061663585e-08,25,20,20
4,9281,5.435962521736419e-10,0.8833790510495231,0.11662091910537273,2.9301507573674962e-08,25,20,20
4,9282,5.131845787543741e-11,0.880744303772816,0.11925566025651667,3.591934877664178e-08,25,20,20
4,9283,1.967592281613128e-08,0.8435623755719868,0.15643706696335852,5.377887317032531e-07,25,20,20
4,9284,1.7457657783180696e-07,0.8135470911714807,0.18645219622794698,5.380239937472534e-07,25,20,20
4,9285,2.573123465352638e-08,0.8046940362274992,0.1951764843802704,0.00012945366099490608,25,20,20
4,9286,2.2808254326347054e-08,0.9232046552743209,0.07675851655488222,3.6805362542713086e-05,25,20,20
4,9287,1.971104614604548e-08,0.836133099304813,0.16386636082082068,5.201633196604179e-07,25,20,20
4,9288,1.9697287622852403e-08,0.885472439509605,0.11452702030715535,5.204859520594963e-07,25,20,20
4,9289,1.062352697960353e-07,0.8638429510197273,0.1361559036628387,1.0390821647773757e-06,25,20,20
4,9290,1.0293773214591457e-07,0.8292944385329344,0.1707044016628111,1.056866522297057e-06,25,20,20
4,9291,2.3780382005714115e-07,0.8438323914988344,0.15616680483422504,5.658631203823115e-07,25,20,20
4,9292,9.752594040953534e-10,0.8008850937972299,0.19911488143650272,2.3791006938439875e-08,25,20,20
4,9293,3.7166248449822854e-09,0.8952304562166524,0.10476953434328642,5.723435857873042e-09,25,20,20
4,9294,6.00813680703622e-11,0.9582945353831295,0.04170545408353958,1.0473249509816085e-08,25,20,20
4,9295,8.489136468768358e-11,0.9345263314312717,0.06547364083894341,2.764489336548394e-08,25,20,20
4,9296,5.592134659083409e-11,0.888127753938749,0.11187169392262827,5.520827010079221e-07,25,20,20
4,9297,2.8867558210990188e-12,0.9656820968820675,0.03431786192516493,4.118988118479915e-08,25,20,20
4,9298,1.3144105136994948e-10,0.9202326776187387,0.07976727971085441,4.2538965733290445e-08,25,20,20
4,9299,8.964145334566242e-11,0.8588576064385507,0.14114238168256507,1.1789243200325474e-08,25,20,20
4,9300,1.1182559359842078e-10,0.9169465924759399,0.08305303234295529,3.7506927954875386e-07,25,20,20
4,9301,8.53431322247832e-11,0.8987634185627073,0.10123654758989818,3.376205132454233e-08,25,20,20
4,9302,9.410855902572274e-10,0.8762509336865923,0.12374905352259692,1.1849725361913399e-08,25,20,20
4,9303,1.0743333578211908e-09,0.9188857783672661,0.08111421287621637,7.68218453625747e-09,25,20,20
4,9304,3.2177286210032127e-10,0.8890042968418367,0.11099569567399235,7.162397756785953e-09,25,20,20
4,9305,1.1612031246827258e-09,0.7710009416703634,0.2289990169092025,4.0259230099462795e-08,25,20,20
4,9306,5.069598594803633e-11,0.9109625311458064,0.08903745880016327,1.0003334343437123e-08,25,20,20
4,9307,5.038002187506661e-09,0.7893632408397506,0.2106362148293309,5.392929152306053e-07,25,20,20
4,9308,4.698104309536305e-09,0.7772377619818345,0.22276218123622907,5.2083830756654946e-08,25,20,20
4,9309,2.4153013864404457e-11,0.9226198030993434,0.07738017450961357,2.236688997165593e-08,25,20,20
4,9310,6.775143976592102e-10,0.8850582236098364,0.11494081971110143,9.560015474562725e-07,25,20,20
4,9311,1.1256142939589619e-10,0.9746281689118581,0.025371829710134824,1.26544533290801e-09,25,20,20
4,9312,5.533600255356324e-09,0.9523480896624419,0.047651885735472195,1.906848546417843e-08,25,20,20
4,9313,5.0179412283670526e-11,0.9229881422207876,0.07701185629932682,1.4297056284199039e-09,25,20,20
4,9314,1.7340007033360002e-10,0.9083136019201884,0.09168534854577233,1.0493606386378059e-06,25,20,20
4,9315,1.6551224761449373e-10,0.8454879875279676,0.15451201160684747,6.996723303309806e-10,25,20,20
4,9316,1.927026858696794e-10,0.8378514779600738,0.16214850355715854,1.8290064919901704e-08,25,20,20
4,9317,3.728854236815408e-08,0.9047191553053834,0.09528077813989576,2.926617840841318e-08,25,20,20
4,9318,3.728654900865372e-08,0.9146319359156603,0.08536799750663596,2.929115446940061e-08,25,20,20
4,9319,3.1276357841260456e-10,0.9210805703451479,0.0789194002166156,2.9125472847327525e-08,25,20,20
4,9320,1.1529842314532014e-09,0.8544364730175446,0.14556352061169278,5.2177784279887145e-09,25,20,20
4,9321,2.6080562697377614e-10,0.9099120863561808,0.09008762430041832,2.8908259476443223e-07,25,20,20
4,9322,3.162687704429601e-09,0.8235034838209491,0.17649622375436352,2.8926199838143485e-07,25,20,20
4,9323,5.815548807895354e-09,0.8423937065818743,0.1576059631997515,3.2440282555924027e-07,25,20,20
4,9324,7.99945138211388e-09,0.8743706092446267,0.1256293196927075,6.30632141222563e-08,25,20,20
4,9325,4.194855319424169e-09,0.888578691511288,0.11142127658312814,2.7710728106373423e-08,25,20,20
4,9326,2.767821030486481e-09,0.903737524310241,0.09626245435909127,1.8562846317767176e-08,25,20,20
4,9327,1.6060518855853383e-09,0.8708612615827199,0.1291387182828113,1.8528416287020538e-08,25,20,20
4,9328,1.0145007976072566e-10,0.8909878800001313,0.1090121012870234,1.8611394828195888e-08,25,20,20
4,9329,2.745240353426071e-11,0.884748720708171,0.11524976083000495,1.5184343715467617e-06,25,20,20
4,9330,1.4977869446249432e-07,0.8154018885248917,0.18459642364611803,1.5380502963901839e-06,25,20,20
4,9331,4.082792812509483e-07,0.8614273484545645,0.13857186364107948,3.7962507481967547e-07,25,20,20
4,9332,2.578981272288186e-07,0.8724771402410044,0.12752259478829425,7.0725736070565236e-09,25,20,20
4,9333,3.791530558160814e-09,0.9222467742726522,0.07775320402225966,1.7913557284866966e-08,25,20,20
4,9334,1.0870878712002468e-09,0.8309259093402309,0.1690740881819001,1.3907803638014723e-09,25,20,20
4,9335,1.7562577106721077e-07,0.8482249104354392,0.15177489022477597,2.3714013532085776e-08,25,20,20
4,9336,1.8073687074360688e-06,0.8082258569597439,0.19177136997405778,9.656974913257886e-07,25,20,20
4,9337,6.904396603269191e-10,0.9378136075041106,0.06218444001909156,1.9517863580631666e-06,25,20,20
4,9338,4.430257699018566e-05,0.8947706984373726,0.10518399113854077,1.0078470968132974e-06,25,20,20
4,9339,3.4446014237765063e-09,0.9113923729156095,0.08860762298466014,6.551290697863211e-10,25,20,20
4,9340,1.33766820366041e-09,0.8756529166115824,0.1243467575099454,3.245408035952177e-07,25,20,20
4,9341,5.612340272506667e-08,0.9457120138835151,0.054287911522970037,1.8470111580614323e-08,25,20,20
4,9342,5.69036504199726e-08,0.895081275610111,0.10491866105990282,6.426335268654983e-09,25,20,20
4,9343,5.790219082432647e-08,0.8261375632264852,0.17386237214674247,6.724581334985769e-09,25,20,20
4,9344,1.520514271707449e-08,0.9130902357403359,0.0869097306802052,1.8374316029410983e-08,25,20,20
4,9345,3.6869462632782663e-09,0.8539530763261136,0.14604691984372523,1.432145022475854e-10,25,20,20
4,9346,3.4394506517688996e-09,0.8726932162921536,0.12730678023054562,3.784968842505682e-11,25,20,20
4,9347,1.6953004568348706e-09,0.8723721436329808,0.12762785402946325,6.422552732291011e-10,25,20,20
4,9348,2.5478148708239066e-10,0.9007180283459799,0.09928193579906822,3.5600169916558244e-08,25,20,20
4,9349,1.7594245607753575e-09,0.9175765928685437,0.08242338788746899,1.748456264703885e-08,25,20,20
4,9350,2.4471083907627287e-09,0.8799837422269134,0.1200162313041106,2.4021868035052552e-08,25,20,20
4,9351,2.8532130406110693e-11,0.9351324570080517,0.06486752564369344,1.7319722862444146e-08,25,20,20
4,9352,7.11088928447804e-10,0.9192368818567417,0.08076216690751366,9.505246554762326e-07,25,20,20
4,9353,5.8978065147074504e-08,0.8430488659111548,0.15695106807067424,7.040105764189979e-09,25,20,20
4,9354,7.195686012693271e-08,0.7853665004439846,0.21463340246227983,2.513687489075577e-08,25,20,20
4,9355,1.3771065236788048e-08,0.8568618662673191,0.14313810175382968,1.8207784992828808e-08,25,20,20
4,9356,1.6108677728460976e-08,0.8235357661046392,0.17646418882381706,2.8962865236921868e-08,25,20,20
4,9357,1.4615280668636267e-08,0.8913812907953755,0.10861868287727897,1.1712064848910687e-08,25,20,20
4,9358,8.56283955430934e-06,0.9607236906972761,0.03926772882926528,1.7633904057377072e-08,25,20,20
4,9359,1.3576401179568982e-08,0.7914384845103397,0.20856121245402448,2.8945923408562876e-07,25,20,20
4,9360,1.0930651220656098e-08,0.8445652814395963,0.15543467907712033,2.855263182629803e-08,25,20,20
4,9361,1.1051874614277223e-08,0.8594548477818962,0.140544841361216,2.998050132491865e-07,25,20,20
4,9362,4.899021056590966e-11,0.8346333367662911,0.16536664264907056,2.0535647956715633e-08,25,20,20
4,9363,1.4890874715158965e-10,0.9418315939405388,0.05816838245144217,2.345911038833713e-08,25,20,20
4,9364,8.378776416209405e-10,0.920407897887265,0.07959207677403078,2.4500826438857186e-08,25,20,20
4,9365,1.4355742081141998e-09,0.9367242791920535,0.06327568337954358,3.599282823634021e-08,25,20,20
4,9366,1.2538509546224696e-06,0.9141007794859174,0.08589740322756809,5.63435560258532e-07,25,20,20
4,9367,3.36698382646367e-06,0.9431927397424608,0.05680237939745094,1.5138762622425687e-06,25,20,20
4,9368,6.784168302169464e-07,0.8879986116469564,0.1119973393943992,3.3705418145593048e-06,25,20,20
4,9369,5.280971767093491e-09,0.8879127158014536,0.11208629465046945,9.842671049934705e-07,25,20,20
4,9370,1.5439490327933566e-07,0.8646678952340585,0.13533193320081863,1.717022032884272e-08,25,20,20
4,9371,3.6416375254692115e-09,0.8715877084552798,0.12841192329717976,3.646059033430914e-07,25,20,20
4,9372,3.783577708770175e-09,0.8760060359383723,0.12399359535009494,3.649279548288096e-07,25,20,20
4,9373,2.6917966000061187e-08,0.8787187713524527,0.12128117421025701,2.751932389642038e-08,25,20,20
4,9374,2.4132981607998336e-08,0.9012621401243684,0.09873777316804327,6.25746063893662e-08,25,20,20
4,9375,1.7954340795710827e-07,0.8740828798231081,0.1259169125306894,2.8102794406972664e-08,25,20,20
4,9376,1.5830251817312722e-07,0.8834681494589754,0.11653167962578205,1.2612723605701466e-08,25,20,20
4,9377,1.58293611990833e-07,0.8887141529322359,0.11128568793335022,8.408017958073368e-10,25,20,20
4,9378,2.830384257081605e-09,0.9032179836611033,0.09678197169172403,4.1816788904796076e-08,25,20,20
4,9379,1.5113873516539346e-07,0.9415982878418806,0.05840059271897839,9.683004060662662e-07,25,20,20
4,9380,6.49713932344911e-09,0.9545506200338122,0.0454493379606665,3.550838168805869e-08,25,20,20
4,9381,8.192409057826535e-09,0.9432276497895313,0.05677232410949327,1.7908565740485883e-08,25,20,20
4,9382,1.8896771394198107e-07,0.9320276555758633,0.06797209942704907,5.6029373383975905e-08,25,20,20
4,9383,6.043928163329908e-09,0.9387489305061056,0.0612500710344053,9.924155604223994e-07,25,20,20
4,9384,3.3615222009754764e-09,0.9438045591432881,0.05619543665685354,8.383360927390914e-10,25,20,20
4,9385,5.757174411141054e-07,0.9159507268227637,0.0840339697059104,1.4727753884480899e-05,25,20,20
4,9386,1.0220247297395243e-09,0.8774033760725147,0.12259662154056655,1.3648937616190423e-09,25,20,20
4,9387,4.519560352611209e-12,0.8137173434967315,0.1862826273973983,2.910135039941715e-08,25,20,20
4,9388,4.597818580927943e-09,0.8464663791774006,0.15353356439888383,5.182589670204354e-08,25,20,20
4,9389,3.80888669558061e-08,0.8654836322996468,0.13451632333839977,6.273085828525475e-09,25,20,20
4,9390,6.381242878310032e-11,0.953743127341831,0.04625686075272905,1.1841627466178077e-08,25,20,20
4,9391,1.152465502984777e-09,0.8705741474880252,0.12942549424389133,3.571156176500862e-07,25,20,20
4,9392,9.855909030662065e-10,0.8749397249738388,0.12505988474652202,3.8929404733211916e-07,25,20,20
4,9393,1.5151909825785402e-11,0.9160180662033404,0.08398156835237688,3.654291304683375e-07,25,20,20
4,9394,5.2739668818779e-11,0.9076431355299738,0.09235648225045555,3.821668306756702e-07,25,20,20
4,9395,5.332196385752537e-11,0.9057604875959043,0.09423949371286292,1.863791053262558e-08,25,20,20
4,9396,7.186514897414013e-09,0.8862835002340154,0.1135652373102001,0.00015125526926964989,25,20,20
4,9397,5.27849529236288e-10,0.9132774566789792,0.08672251786047204,2.4932699253753517e-08,25,20,20
4,9398,6.878045702619175e-09,0.859899419485297,0.14010057220782335,1.4288337614182493e-09,25,20,20
4,9399,1.0454882476553472e-09,0.9409819594382313,0.0590180324749035,7.041376955258947e-09,25,20,20
4,9400,3.991893516999907e-08,0.9157859232288484,0.08421403010259612,6.74962049368093e-09,25,20,20
4,9401,8.546699703411333e-08,0.8967839568983542,0.1032159507665666,6.868082459400149e-09,25,20,20
4,9402,3.849139292298934e-08,0.9176260421826399,0.08237391835578857,9.701781113392897e-10,25,20,20
4,9403,2.825567969771104e-09,0.8674708414623201,0.1325291324448847,2.326722688027696e-08,25,20,20
4,9404,1.5560809818960365e-07,0.841854748266398,0.15814507270010977,2.3425393634574607e-08,25,20,20
4,9405,5.7116311453112655e-08,0.9078259495858366,0.09217359975049108,3.935473610642139e-07,25,20,20
4,9406,3.027946994758134e-10,0.9161162949818694,0.08388369897335886,5.7419766844832666e-09,25,20,20
4,9407,3.0183725417837286e-10,0.9252447362622084,0.07475526276398889,6.719653255186164e-10,25,20,20
4,9408,8.433324190139055e-10,0.9345042787728466,0.0654777037055196,1.8016678301558816e-05,25,20,20
4,9409,5.0320882858613934e-11,0.9132602739955432,0.08672172629504055,1.7999659095225383e-05,25,20,20
4,9410,1.8306032838038053e-09,0.8855286840205154,0.11446972654124572,1.5876076352357938e-06,25,20,20
4,9411,8.450846213403844e-06,0.9305126227168445,0.06947702623802716,1.9001989145525568e-06,25,20,20
4,9412,1.1192657370530947e-09,0.9341195933240709,0.06587943716217205,9.68394491438748e-07,25,20,20
4,9413,7.183277351624442e-09,0.8237240988829424,0.17626021395623745,1.567997754279358e-05,25,20,20
4,9414,1.7890380053950713e-09,0.865634516526206,0.1343645073774967,9.74307259081762e-07,25,20,20
4,9415,1.7645749136164994e-09,0.8632471622096767,0.13675216281937666,6.732063713816608e-07,25,20,20
4,9416,2.897872159008128e-09,0.9542726039233834,0.04572737474515098,1.8433593353327675e-08,25,20,20
4,9417,5.1991284999711655e-11,0.985071504962486,0.014928459571745626,3.5413776730843734e-08,25,20,20
4,9418,3.8799396764303507e-08,0.8561628666742442,0.14383701946803126,7.505832739098095e-08,25,20,20
4,9419,1.8950206851899803e-10,0.8876621833338441,0.11233779175494311,2.4721710609976055e-08,25,20,20
4,9420,1.4592265412645683e-10,0.9224558832642361,0.07754411575191272,8.379279096894462e-10,25,20,20
4,9421,2.158483383878311e-06,0.8727163276227838,0.12728055906230396,9.548315276678263e-07,25,20,20
4,9422,4.655913752129158e-11,0.9486527369265937,0.05134726269518252,3.316646145504616e-10,25,20,20
4,9423,0.010520814304366905,0.7824620719084233,0.2070170395642673,7.422294274684138e-08,25,20,20
4,9424,7.143435778655964e-10,0.9001205321218505,0.09987879379480187,6.73369003504273e-07,25,20,20
4,9425,1.5433414847235917e-09,0.9131651850974828,0.08683448350664096,3.298525346524965e-07,25,20,20
4,9426,7.463921854895975e-11,0.9351652746518306,0.06483469539278025,2.9880749693012656e-08,25,20,20
4,9427,4.474241018489241e-06,0.8941594639720688,0.10583605140332003,1.038359317773841e-08,25,20,20
4,9428,4.472241454070096e-06,0.9231918577127612,0.07680363740954003,3.263624442667284e-08,25,20,20
4,9429,4.474347942506287e-06,0.9122584521670786,0.08773703222748276,4.12574963214065e-08,25,20,20
4,9430,4.474363065426477e-06,0.8917091866515509,0.1082863152896755,2.3695708281000006e-08,25,20,20
4,9431,5.353779577325299e-11,0.9655130002831267,0.0344869987054353,9.579001343524438e-10,25,20,20
4,9432,4.505945560368586e-09,0.9251065836100365,0.07489339377477029,1.8109247497448768e-08,25,20,20
4,9433,4.459454754315419e-09,0.9557841214942571,0.044215837833133535,3.6213154502084064e-08,25,20,20
4,9434,2.853005590662664e-09,0.8930101349848587,0.10698982606209678,3.610003891439297e-08,25,20,20
4,9435,2.8425652674259503e-09,0.8844343501959077,0.11556560639802749,4.056349944689986e-08,25,20,20
4,9436,5.3322435913407795e-08,0.8399571549702943,0.1600423993686672,3.9233860208415907e-07,25,20,20
4,9437,4.1868399338900555e-08,0.8780353729997313,0.12196452173458316,6.339728616882081e-08,25,20,20
4,9438,4.186853511988403e-08,0.9202208143196396,0.07977910174265536,4.2069169376570694e-08,25,20,20
4,9439,4.458743893139325e-08,0.9369259439108539,0.06307397553878474,3.5962921730404366e-08,25,20,20
4,9440,4.069312585322133e-09,0.9854118306606915,0.014588112415369439,5.285462607453994e-08,25,20,20
4,9441,1.610254833694896e-09,0.941611192280408,0.05838878709595829,1.9013378693838354e-08,25,20,20
4,9442,4.3733988410002405e-09,0.929266641748333,0.07073236142396065,9.92454307043333e-07,25,20,20
4,9443,4.576155567277705e-08,0.918973496367363,0.08102615167537033,3.0619571048897034e-07,25,20,20
4,9444,4.5783547289199295e-08,0.9151269860274646,0.08487265685756058,3.113314272155998e-07,25,20,20
4,9445,1.6420210341618986e-09,0.8454175963809767,0.15458238569122404,1.6285777877098044e-08,25,20,20
4,9446,7.571754155966004e-10,0.9685040928461861,0.031495895888590995,1.0508047532988493e-08,25,20,20
4,9447,1.5845383745548301e-10,0.8588548988081212,0.14105449783525997,9.060319816434374e-05,25,20,20
4,9448,2.735495098145589e-09,0.9307295925996566,0.06926985745524802,5.4720960012735e-07,25,20,20
4,9449,4.9381038031902e-08,0.8429380117396016,0.15706193759044373,1.2889162559050465e-09,25,20,20
4,9450,4.106229957038103e-08,0.9014933363172624,0.09850662165086575,9.695723260117284e-10,25,20,20
4,9451,7.469161778057429e-10,0.9638350593689615,0.03616492107450131,1.880962122444536e-08,25,20,20
4,9452,7.486076300867083e-10,0.9021059313408258,0.09789309183404514,9.760765214049295e-07,25,20,20
4,9453,6.791463233452815e-10,0.9693467032988103,0.030653295374140858,6.479023410501402e-10,25,20,20
4,9454,6.892974618058888e-10,0.8966373826895817,0.1033625991138296,1.7507291475430877e-08,25,20,20
4,9455,9.836360592171347e-11,0.9072707144839781,0.09272928527922795,1.384302713589872e-10,25,20,20
4,9456,5.704033008151088e-11,0.8894621647958306,0.11053780803952348,2.7107606163669477e-08,25,20,20
4,9457,4.617033306903357e-07,0.7929915689474072,0.20696899173435546,3.897761490607047e-05,25,20,20
4,9458,2.53826029042466e-08,0.9465698564561787,0.05343009991846165,1.824275672925529e-08,25,20,20
4,9459,2.4726814422311242e-08,0.9473825794925292,0.052617378142666954,1.763798895624768e-08,25,20,20
4,9460,2.788378181898414e-09,0.8886237914695266,0.11137616543707693,4.030501767266336e-08,25,20,20
4,9461,3.650569689989127e-11,0.9115107746944782,0.0884892187675695,6.50144672324448e-09,25,20,20
4,9462,3.471750230130121e-11,0.8601539391233327,0.139846037478077,2.336387255397876e-08,25,20,20
4,9463,7.838222242484888e-11,0.8477189744869933,0.15228069649131373,3.289433103276124e-07,25,20,20
4,9464,6.125335337995753e-11,0.9043493722843526,0.09565060475143879,2.290295503965385e-08,25,20,20
4,9465,1.5384834463439347e-07,0.9864382806242706,0.013561564278217348,1.2491675713467614e-09,25,20,20
4,9466,1.5385426595418431e-07,0.9322237998357004,0.06775964189389383,1.6404416140363367e-05,25,20,20
4,9467,1.576192686553862e-07,0.9350949108065306,0.0649048958447262,3.5729474749556615e-08,25,20,20
4,9468,1.5546326312923475e-07,0.9640763008318686,0.03592354309249718,6.123709073761105e-10,25,20,20
4,9469,7.413798882326544e-10,0.8930400221885683,0.1069596120922772,3.6497777434177674e-07,25,20,20
4,9470,1.2247548115357577e-10,0.9150842103869388,0.08491541500714085,3.7448344499092235e-07,25,20,20
4,9471,6.044463866016353e-11,0.9020388192604615,0.09796080684053848,3.7383855521839926e-07,25,20,20
4,9472,3.952235541795136e-08,0.9219019964652309,0.07809661109789462,1.3529145192509007e-06,25,20,20
4,9473,3.8790667285610096e-08,0.9180017157199694,0.08199822357842729,2.191093608442613e-08,25,20,20
4,9474,3.8133718919408364e-08,0.8334193534316547,0.16658059789500296,1.0539622872910544e-08,25,20,20
4,9475,3.875555223729744e-08,0.912497502577445,0.08750242320531709,3.546168544315839e-08,25,20,20
4,9476,4.685582581012418e-08,0.8601465716213932,0.13985334686914444,3.465363623432154e-08,25,20,20
4,9477,3.8208671445690254e-08,0.9014522335233167,0.0985477041624488,2.4105562762925236e-08,25,20,20
4,9478,1.0589074059075201e-10,0.9363948329937937,0.06360511484456859,5.205574730225574e-08,25,20,20
4,9479,5.4609523276426985e-12,0.8772187406690474,0.12278121124808627,4.807740546712114e-08,25,20,20
4,9480,1.0909622148721048e-10,0.8933822148964162,0.1066177495935534,3.540093398250036e-08,25,20,20
4,9481,5.192522968070736e-10,0.7698101586844527,0.23018979899983522,4.179645920003405e-08,25,20,20
4,9482,4.6193096529067037e-10,0.8767561513834353,0.12324287929089356,9.688637396914182e-07,25,20,20
4,9483,4.0718826421789964e-10,0.9094541717859543,0.09054487728560696,9.505212498635499e-07,25,20,20
4,9484,2.154131903087004e-06,0.9242227050664914,0.07577417250162916,9.68299976148376e-07,25,20,20
4,9485,2.1540697536544305e-06,0.9267340917276314,0.07326278640350938,9.67799105281145e-07,25,20,20
4,9486,2.1549840134226996e-06,0.7757401083969951,0.22425676897353353,9.676454569736887e-07,25,20,20
4,9487,8.865411095040564e-05,0.7945684698980002,0.20514081643084364,0.0002020595602055135,25,20,20
4,9488,2.1547755213163415e-06,0.9111311486007206,0.08886571163839786,9.849853602560453e-07,25,20,20
4,9489,1.4269827534244237e-11,0.8976784143213403,0.10232155818435525,2.7480034406373373e-08,25,20,20
4,9490,2.8432622303706433e-09,0.9006825972262297,0.0993173992920023,6.385054876307674e-10,25,20,20
4,9491,1.0184893301887418e-10,0.8628992135859747,0.13710078575481918,5.573569605287298e-10,25,20,20
4,9492,1.0172971830258342e-10,0.9343781579420641,0.06562184118805604,7.681499346458124e-10,25,20,20
4,9493,3.9441215442265727e-10,0.8000062575587803,0.19999374147163654,5.751702866983249e-10,25,20,20
4,9494,7.256209365960891e-10,0.96731449360954,0.03268548792878709,1.7736051858818008e-08,25,20,20
4,9495,3.5704358185925765e-09,0.8728405008213668,0.12715947819809653,1.741010108710062e-08,25,20,20
4,9496,7.785668884225625e-11,0.9410795607579882,0.058920438432953304,7.312022838869063e-10,25,20,20
4,9497,6.790746223284074e-10,0.9826280570337163,0.017370956067978532,9.862192308054204e-07,25,20,20
4,9498,1.6158947684150492e-08,0.9491794005227746,0.050820463274188724,1.2004408901889084e-07,25,20,20
4,9499,1.2906112334656189e-08,0.9229797918734265,0.07701985053032519,3.446901360710711e-07,25,20,20
4,9500,8.157069129951342e-11,0.9034734551428437,0.09652652028620612,2.448937986889348e-08,25,20,20
4,9501,1.5258691841135272e-07,0.9254711557800076,0.0745277147552219,9.7687785190874e-07,25,20,20
4,9502,1.6797448928091544e-10,0.8502907126231147,0.14970759099122058,1.6962176901880982e-06,25,20,20
4,9503,1.2070481106189008e-08,0.8645704736303135,0.13542918539374824,3.289054567325608e-07,25,20,20
4,9504,7.650393747870736e-11,0.9104349747764944,0.08956497371279465,5.1434206285800995e-08,25,20,20
4,9505,6.287536540863025e-11,0.9534907093530989,0.046509290455929435,1.2809615503523594e-10,25,20,20
4,9506,6.798840102568227e-09,0.9125635133715778,0.08743533572246794,1.1441071144087185e-06,25,20,20
4,9507,3.2577380725674847e-10,0.8862824495701634,0.1137011469106524,1.6403193410023435e-05,25,20,20
4,9508,1.622392031128659e-10,0.8725127129848458,0.12747088353887498,1.6403314039502185e-05,25,20,20
4,9509,8.030001909481699e-11,0.8672818211813664,0.1327181782967094,4.4162398908562546e-10,25,20,20
4,9510,8.225496628870704e-10,0.8913749622777191,0.10861030871200933,1.4728187721798864e-05,25,20,20
4,9511,2.24105281490439e-08,0.8675210051467492,0.1324642443123892,1.4728130333326993e-05,25,20,20
4,9512,2.8957618194488303e-09,0.9195192577251238,0.08048072015508355,1.9224030904087125e-08,25,20,20
4,9513,1.6696503128566435e-09,0.8795735033779267,0.12042649418937498,7.630476656578377e-10,25,20,20
4,9514,2.9346823293111426e-11,0.9024171464092794,0.097582852449315,1.1120588793084176e-09,25,20,20
4,9515,1.3295491749602952e-11,0.9426015871324858,0.057398402926079874,9.92813908687202e-09,25,20,20
4,9516,8.619811605873587e-07,0.9175068444424115,0.08249228583599204,7.74043547115339e-09,25,20,20
4,9517,9.189203507239169e-07,0.9104225882652363,0.08957647906283704,1.3751576292707947e-08,25,20,20
4,9518,1.3552534292993757e-10,0.9370386687124842,0.06296133080290757,3.490827076794772e-10,25,20,20
4,9519,1.641189226089234e-09,0.9291985591273242,0.07080143890979214,3.216943308326765e-10,25,20,20
4,9520,5.170019285943639e-11,0.8675239243247601,0.13247569051617344,3.8510736615730504e-07,25,20,20
4,9521,1.2267373096216331e-11,0.7849091585870677,0.2150684158075628,2.2425593100973305e-05,25,20,20
4,9522,2.5097043287270535e-11,0.8542511653478297,0.1457488292238403,5.403232840449729e-09,25,20,20
4,9523,3.2792231375156935e-11,0.9105712156034863,0.08942875698409741,2.7379624230379945e-08,25,20,20
4,9524,1.5386516723367834e-07,0.9111071632821693,0.08889237628225655,3.065704065091259e-07,25,20,20
4,9525,2.1138513311299286e-07,0.9365442961987182,0.06345509251279205,3.999033564434719e-07,25,20,20
4,9526,1.5384751861907413e-07,0.9591318378023379,0.04086798988640374,1.846373971333042e-08,25,20,20
4,9527,2.295983239393692e-06,0.8949433420969594,0.10505339855013203,9.633696688960355e-07,25,20,20
4,9528,2.2776519999630528e-07,0.8047214572628917,0.19527745967573004,8.552961775140334e-07,25,20,20
4,9529,2.86706562609978e-07,0.8232486359504838,0.1767496366105483,1.44073240483336e-06,25,20,20
4,9530,2.124197132919075e-10,0.9188625440347425,0.08113648750004412,9.682527931864771e-07,25,20,20
4,9531,2.1227642126901724e-10,0.8541029865432841,0.145896984424959,2.881947981169411e-08,25,20,20
4,9532,5.701105190339766e-09,0.9013075019710525,0.09869151628896691,9.760388751491908e-07,25,20,20
4,9533,9.948138233172691e-08,0.8096806372730453,0.19031925689015938,6.3554128941132564e-09,25,20,20
4,9534,1.0133953831395337e-07,0.8909114147328192,0.10908844885570114,3.5071941299502376e-08,25,20,20
4,9535,1.0468071318261686e-07,0.8522016528111896,0.14779820105912406,4.14489732310945e-08,25,20,20
4,9536,1.0852585159108015e-07,0.800049768982216,0.19995011516290528,7.32902707801083e-09,25,20,20
4,9537,0.00013995198401575647,0.8693468966044644,0.1305124758208846,6.75590635256051e-07,25,20,20
4,9538,1.3916426185586847e-06,0.8887618070122913,0.11123642535670158,3.7598838889040775e-07,25,20,20
4,9539,1.0303248261830228e-07,0.8875236694623451,0.11244132714457188,3.490036060060128e-05,25,20,20
4,9540,9.891748565313337e-08,0.8332312261332712,0.16676865211901123,2.2830231905811684e-08,25,20,20
4,9541,9.898597262761567e-08,0.8529204160205043,0.14707947785655578,7.136967355344979e-09,25,20,20
4,9542,1.1781442747642913e-10,0.9142695111914664,0.08573048732861563,1.3621036282027982e-09,25,20,20
4,9543,1.050670866683009e-09,0.8900925465602019,0.10989271780839922,1.4734580727257643e-05,25,20,20
4,9544,1.0437692747073112e-09,0.9149995390245084,0.08498573144451736,1.4728487204231953e-05,25,20,20
4,9545,2.6221846699357867e-07,0.883558931135728,0.11644078228774228,2.4358062095811515e-08,25,20,20
4,9546,2.7629525259300064e-09,0.9225959398524963,0.0774039745573218,8.28272289303e-08,25,20,20
4,9547,5.763213475535016e-09,0.9240918332034189,0.0759081012702075,5.976315965687245e-08,25,20,20
4,9548,8.804293552557451e-08,0.9250921001591195,0.07490777617078581,3.562715828035121e-08,25,20,20
4,9549,2.2309451715758914e-11,0.9428185934663668,0.05718138691524447,1.9596078684975895e-08,25,20,20
4,9550,4.087970436443665e-09,0.8966255543103242,0.10337444024727357,1.3544318129410537e-09,25,20,20
4,9551,1.6600816028388284e-07,0.8907009324535781,0.10929887296687296,2.8571388718754118e-08,25,20,20
4,9552,8.453343670700388e-09,0.8261215985351831,0.17387741880830673,9.74203165760387e-07,25,20,20
4,9553,5.714968560791728e-11,0.864403973937601,0.13559563692319238,3.890820571237512e-07,25,20,20
4,9554,1.0688353602893823e-09,0.8766385022840193,0.12334078402572983,2.0712621415147507e-05,25,20,20
4,9555,2.0009428403911524e-09,0.8634940245239673,0.1365059555138374,1.796125198171464e-08,25,20,20
4,9556,5.061640602945484e-11,0.8981223575896401,0.10187762465305068,1.7706692569483887e-08,25,20,20
4,9557,4.777890840390138e-08,0.8768258981354632,0.12317283214911601,1.2219365121836956e-06,25,20,20
4,9558,6.270847107830327e-11,0.9222673032649147,0.07773267904862087,1.7623755867446624e-08,25,20,20
4,9559,1.538283785186765e-07,0.8936912748846231,0.10630853600245739,3.528454061740503e-08,25,20,20
4,9560,5.83383094485516e-11,0.8892939282983724,0.11070605323455712,1.84087317104705e-08,25,20,20
4,9561,2.0286085460023332e-10,0.877881048726235,0.12211855169840845,3.9937249566551427e-07,25,20,20
4,9562,1.4287892628179948e-08,0.9182426864432746,0.08175727536881075,2.390002206208305e-08,25,20,20
4,9563,1.4234291981309636e-08,0.9139372358858608,0.08606274274516021,7.1346870794208765e-09,25,20,20
4,9564,6.947850356837107e-11,0.9284113539382766,0.07158863418235874,1.1809886156070035e-08,25,20,20
4,9565,7.946980855450975e-10,0.881146433446488,0.118853547647385,1.8111428826400892e-08,25,20,20
4,9566,8.419310385035263e-11,0.9353032340917301,0.06467876623566622,1.7999588410842357e-05,25,20,20
4,9567,7.546787189250448e-10,0.9698835275045957,0.030085923233189735,3.054850753606839e-05,25,20,20
4,9568,1.0018499671773587e-09,0.9395088131449398,0.06049023409651553,9.517566943557377e-07,25,20,20
4,9569,3.946083500804488e-08,0.9192516474663244,0.08074736141958665,9.516532539459452e-07,25,20,20
4,9570,2.8035855381725035e-09,0.9740655736434105,0.025934422397922933,1.155080773725509e-09,25,20,20
4,9571,4.2108893264751555e-08,0.8531731494290427,0.14682641817850872,3.9028355579045925e-07,25,20,20
4,9572,1.6034058661966736e-07,0.8179181823139904,0.18208126469560404,3.926498184948313e-07,25,20,20
4,9573,6.2863194752038484e-09,0.8534695549322783,0.14652922692014322,1.2118612589194221e-06,25,20,20
4,9574,4.841945540619539e-09,0.8243366601260602,0.17566232077466634,1.014257327189388e-06,25,20,20
4,9575,3.940285873617918e-11,0.8474565062666254,0.15254348828675146,5.407219845748862e-09,25,20,20
4,9576,4.2159206994810926e-10,0.8857835753713565,0.11421640110474385,2.310230692045215e-08,25,20,20
4,9577,6.841444132372666e-11,0.9107983972660041,0.08920159714699173,5.518589646903527e-09,25,20,20
4,9578,7.524506360246928e-10,0.9115411859060072,0.08845881287107488,4.704675596445166e-10,25,20,20
4,9579,1.3951652492962722e-11,0.979275163180615,0.020724836467522392,3.3791105518703336e-10,25,20,20
4,9580,2.7392573055367154e-11,0.9751858822264786,0.024814099919565832,1.7826563050187037e-08,25,20,20
4,9581,2.745271704995446e-09,0.954839865062522,0.045160085721328846,4.647087679683859e-08,25,20,20
4,9582,2.383018891836384e-08,0.8941434731708391,0.10585557105865075,9.319403210058781e-07,25,20,20
4,9583,4.4846615598981027e-11,0.8563201173210512,0.1436792601517526,6.224823488354418e-07,25,20,20
4,9584,3.2940683915211215e-10,0.9037127340305874,0.09628666115643641,6.044835684383999e-07,25,20,20
4,9585,7.439817934718813e-10,0.9375734168424882,0.06242536352688772,1.2188866419358941e-06,25,20,20
4,9586,1.7694362249383193e-09,0.8970536432623607,0.10294634337753177,1.1590671520275633e-08,25,20,20
4,9587,1.0450035191238123e-07,0.8284908039796393,0.17150905299840638,3.852160254896694e-08,25,20,20
4,9588,1.0282893824655567e-07,0.9013500878677588,0.09864976439226882,4.4911034588178205e-08,25,20,20
4,9589,3.869435220020536e-08,0.8857292077613566,0.11427074168737374,1.1856917900220594e-08,25,20,20
4,9590,3.8434250500263593e-08,0.9738448853420428,0.02615506385053484,1.2373171871544958e-08,25,20,20
4,9591,4.1770811487922715e-08,0.9291149286702023,0.07088502085588369,8.703102518104581e-09,25,20,20
4,9592,4.3540937024528727e-08,0.90476519372423,0.09523472592426147,3.681057156004883e-08,25,20,20
4,9593,4.1106046021052824e-08,0.9475725678226162,0.052427372342149156,1.8729188403080344e-08,25,20,20
4,9594,6.878293144697404e-11,0.9464479044966848,0.05355207763083987,1.780369259879352e-08,25,20,20
4,9595,5.420465052307216e-11,0.8694290247880052,0.13057097513454835,2.3241071007612937e-11,25,20,20
4,9596,0.0001641822490257687,0.9038090947838594,0.09602638124248428,3.4172462999454366e-07,25,20,20
4,9597,0.00016418284414888298,0.8735379198206183,0.12629755115934058,3.461758919107723e-07,25,20,20
4,9598,0.00016414438238960955,0.8841396580348657,0.11569585868405659,3.388986876339329e-07,25,20,20
4,9599,0.00016414326483794002,0.8479491981519631,0.1518863075314946,3.5105170404507904e-07,25,20,20
4,9600,0.00016414584432872497,0.8192541765614457,0.18058134858794106,3.290062846709817e-07,25,20,20
4,9601,1.543424837207262e-07,0.8705705925144436,0.12942923432434902,1.8818723566807498e-08,25,20,20
4,9602,3.185828475292656e-09,0.8302644232413462,0.1697345972637756,9.763090492028627e-07,25,20,20
4,9603,3.104643414144408e-09,0.8175312486599938,0.18246871258090278,3.5654459941342615e-08,25,20,20
4,9604,2.1497510039870497e-09,0.8453819780398197,0.15461798499344573,3.48169832256666e-08,25,20,20
4,9605,3.1300859162616146e-09,0.8564647862123702,0.14353515156776603,5.908977804736915e-08,25,20,20
4,9606,2.217244113000946e-09,0.9222119270807257,0.07778802369887451,4.700315571847363e-08,25,20,20
4,9607,1.8863087423826065e-09,0.9537748980853135,0.04622505300954847,4.70188292717515e-08,25,20,20
4,9608,3.9981904873208525e-08,0.7628554937066039,0.23714444800063206,1.831085860633832e-08,25,20,20
4,9609,2.7944469219956814e-10,0.8163490080000436,0.18365099087396852,8.465423598688808e-10,25,20,20
4,9610,1.5195164339798411e-09,0.9002435765657079,0.09975640207329406,1.9841481077873248e-08,25,20,20
4,9611,3.124353702260452e-11,0.8855807154680467,0.11441926660453687,1.789617270629156e-08,25,20,20
4,9612,2.3030156638673584e-10,0.849396311594625,0.15060366963285823,1.854221493855256e-08,25,20,20
4,9613,1.042038492172539e-09,0.8115072650509778,0.18849271845961982,1.5447363202205213e-08,25,20,20
4,9614,7.94330771583408e-11,0.897114414320117,0.10288558493763356,6.628161200191929e-10,25,20,20
4,9615,2.324314466850162e-10,0.8539575804794453,0.14604240968766777,9.600455436007865e-09,25,20,20
4,9616,6.891106559211946e-11,0.8579083928700953,0.14209159696570364,1.0095290007395665e-08,25,20,20
4,9617,1.0270112914284478e-09,0.8823231732858206,0.11767679240544425,3.328172370678278e-08,25,20,20
4,9618,1.83941407981706e-09,0.8469961817938884,0.1530038093207016,7.0459960257851175e-09,25,20,20
4,9619,2.6153115490379853e-10,0.7757386569329268,0.22426133058748993,1.2218051936343407e-08,25,20,20
4,9620,6.174632224441427e-12,0.8599389968321506,0.1400610024091048,7.525701949453075e-10,25,20,20
4,9621,3.4941996609085582e-12,0.9587818614016547,0.041218138488603576,1.062474106571783e-10,25,20,20
4,9622,3.899719888571943e-08,0.9194162579181109,0.08058368455076004,1.853393016227398e-08,25,20,20
4,9623,2.7414300644213833e-09,0.9239073675667886,0.07607053292898142,2.209676279972266e-05,25,20,20
4,9624,2.522878193975498e-10,0.9156837390402097,0.08431625973597608,9.715270923808416e-10,25,20,20
4,9625,1.87290482834033e-08,0.7975287938520769,0.2024701382288099,1.0491900639543587e-06,25,20,20
4,9626,3.0494705811053243e-10,0.8346126340133639,0.16538641373819232,9.51943496330578e-07,25,20,20
4,9627,1.5244247010538339e-07,0.9188675576767862,0.08113225582384866,3.4056895644359266e-08,25,20,20
4,9628,1.3271310162044253e-10,0.9433802921104772,0.056619679899050084,2.7857759447878507e-08,25,20,20
4,9629,7.666143873013668e-10,0.8274551007465378,0.17254489112467547,7.362171816299971e-09,25,20,20
4,9630,2.206797943896267e-08,0.8591564835887722,0.1408434871812929,7.161955600023935e-09,25,20,20
4,9631,3.5329253460960875e-09,0.8754551341514994,0.12454483786028404,2.4455290775445203e-08,25,20,20
4,9632,1.0168437559567866e-09,0.868618350510365,0.13138164161223212,6.860558875836269e-09,25,20,20
4,9633,1.0448469316388656e-09,0.8673496428258001,0.13265033701705975,1.9112292595891288e-08,25,20,20
4,9634,7.742466844167648e-11,0.8302012474223913,0.1697987342949093,1.8205274502807567e-08,25,20,20
4,9635,1.4739208491985047e-10,0.8284457756547917,0.17155420628253726,1.791527899519792e-08,25,20,20
4,9636,8.427880563152522e-10,0.8560598976883389,0.14394008287677382,1.8592098554480182e-08,25,20,20
4,9637,8.996121981561306e-11,0.9080736676247354,0.09192629700464965,3.528065397332795e-08,25,20,20
4,9638,4.222671974333947e-09,0.9771778828877848,0.022822111756471135,1.1330726983223393e-09,25,20,20
4,9639,2.7489536518414166e-09,0.9670067228236867,0.032993273145996066,1.2813640052460792e-09,25,20,20
4,9640,1.0404083911626378e-08,0.8462065072808882,0.15379346121313076,2.110189703989575e-08,25,20,20
4,9641,5.489284592137365e-09,0.9343964666259719,0.06560351005848777,1.7826255690237622e-08,25,20,20
4,9642,0.00011793279155595512,0.9242954852339996,0.07558563465447875,9.47319965650547e-07,25,20,20
4,9643,0.0001179328895973279,0.829503142830418,0.17037794536433257,9.789156518766717e-07,25,20,20
4,9644,7.483930989674298e-11,0.890954800376242,0.109044555440286,6.441086327002571e-07,25,20,20
4,9645,8.388049188025329e-10,0.9647475941456052,0.03525080554164634,1.5994739429579092e-06,25,20,20
4,9646,1.8903779377757796e-10,0.9703466275053478,0.029652404281546394,9.680240673248613e-07,25,20,20
4,9647,1.5576713674300614e-07,0.9479761446240625,0.05202274909722866,9.505115717158625e-07,25,20,20
4,9648,1.5639366735199876e-07,0.8800005453121029,0.1199992627181036,3.557612612981495e-08,25,20,20
4,9649,2.301943125280012e-08,0.8766996244913837,0.12330031169216416,4.079702030481582e-08,25,20,20
4,9650,4.3969705514189755e-09,0.8994369257125419,0.10056108657584632,1.9833146406679205e-06,25,20,20
4,9651,7.192514848303105e-10,0.9010996934142815,0.09889933007616936,9.757902972754338e-07,25,20,20
4,9652,1.6077754800793073e-11,0.9151754829840354,0.08482353647497735,9.805249095570398e-07,25,20,20
4,9653,5.4306686332647855e-08,0.8642784156046248,0.1357215050458543,2.504283453170623e-08,25,20,20
4,9654,5.043169069219169e-06,0.9256306112942917,0.07436434489395338,6.426854051171929e-10,25,20,20
4,9655,5.0439372176847905e-06,0.811314965856905,0.18867998986986095,3.3601652902245837e-10,25,20,20
4,9656,7.961330433805646e-10,0.8687040110191461,0.13129598815760793,2.7112994312156337e-11,25,20,20
4,9657,1.2307688763700273e-09,0.811129920052188,0.18886950395764632,5.747593959840691e-07,25,20,20
4,9658,2.1291540071127214e-10,0.9135728397615669,0.08642659497059033,5.650549268449432e-07,25,20,20
4,9659,0.011403344640689716,0.9023759738445907,0.08622066254869112,1.8966028280793306e-08,25,20,20
4,9660,0.011403344842013424,0.8877633874088444,0.10083289760363685,3.7014550495245426e-07,25,20,20
4,9661,0.011403345351609967,0.8761213813946997,0.1124748906513288,3.8260236158825447e-07,25,20,20
4,9662,7.345523007100895e-10,0.8570416006351839,0.14295742133644404,9.772938193951395e-07,25,20,20
4,9663,6.250482849323586e-11,0.9001048167732567,0.09989452334774761,6.598164907119215e-07,25,20,20
4,9664,1.012696320968575e-09,0.9303343041958685,0.06966566746603163,2.7325403347318975e-08,25,20,20
4,9665,9.004239697717016e-12,0.8718461508231153,0.12815346916639966,3.800014803885329e-07,25,20,20
4,9666,2.2732599962400005e-11,0.858715949370523,0.1412840228912021,2.7715542113303515e-08,25,20,20
4,9667,6.775084354995791e-11,0.9052290287243396,0.09477095432643733,1.6881472258575477e-08,25,20,20
4,9668,8.106654661729306e-10,0.9224401491876845,0.07755984325811505,6.743535448305019e-09,25,20,20
4,9669,8.039720741720428e-10,0.9377936874666035,0.062206299915609595,1.1813814711706222e-08,25,20,20
4,9670,8.135334669826327e-11,0.9268002998968429,0.07189593981275466,0.001303760209048847,25,20,20
4,9671,1.0237230180111534e-07,0.8177060039809357,0.18229385891818178,3.4728580133698305e-08,25,20,20
4,9672,9.857878163829937e-08,0.9227850378620072,0.07721483389278261,2.966642839672962e-08,25,20,20
4,9673,1.9534684698870213e-10,0.9604507393758255,0.0395492540667953,6.362032045706969e-09,25,20,20
4,9674,9.384986891534839e-11,0.9237776746518227,0.07622229187320254,3.338112439180728e-08,25,20,20
4,9675,7.188385789251448e-05,0.9259247877292252,0.07400210522371824,1.2231891639931639e-06,25,20,20
4,9676,3.3976658036225132e-09,0.9467171349105549,0.05328220507491219,6.566168671413494e-07,25,20,20
4,9677,7.751255495237421e-10,0.974841164537186,0.025158198866066687,6.358216220629495e-07,25,20,20
4,9678,1.8014116907814234e-09,0.9518953928300822,0.04810460469878208,6.697244482379197e-10,25,20,20
4,9679,9.913156376093879e-12,0.9555109190316761,0.04448908093548183,2.2929037603103697e-11,25,20,20
4,9680,7.389521765690418e-08,0.9136765328148804,0.08632292000673304,4.73283169195272e-07,25,20,20
4,9681,4.910903410734463e-11,0.9900103391012712,0.00998964334608664,1.750353348351069e-08,25,20,20
4,9682,9.324393282017932e-10,0.892129095648596,0.10787088084473152,2.2574233141762897e-08,25,20,20
4,9683,7.242972040275641e-09,0.7438228240079642,0.2561762383233508,9.304257127064232e-07,25,20,20
4,9684,1.8791063826942957e-09,0.8208818312892244,0.17911657400759431,1.592824074546877e-06,25,20,20
4,9685,3.545488886485398e-09,0.8740382136281825,0.12596175872118187,2.4105146909931156e-08,25,20,20
4,9686,2.7740853664344613e-12,0.8696758006479304,0.13032419275934085,6.58995500065921e-09,25,20,20
4,9687,7.364680763162025e-11,0.7971485330479724,0.20283673843168756,1.472844669307066e-05,25,20,20
4,9688,1.7006844597703908e-09,0.9227735150736991,0.07722591361485548,5.696107609167352e-07,25,20,20
4,9689,5.607550959511286e-06,0.912241031450924,0.087752774344585,5.866535314729569e-07,25,20,20
4,9690,5.608779633375755e-06,0.9586773006442739,0.04131708975315331,8.229392315271994e-10,25,20,20
4,9691,5.609533065611566e-06,0.9449036145458478,0.05509077467341314,1.2476729478966573e-09,25,20,20
4,9692,5.60905008707562e-06,0.9467200610775034,0.05327432871168757,1.160721750856731e-09,25,20,20
4,9693,2.8797376397246514e-10,0.8748222628630938,0.1251773724580522,3.6439088008643004e-07,25,20,20
4,9694,7.312873514350069e-10,0.9620203322745421,0.037979302079833924,3.6491433650008593e-07,25,20,20
4,9695,1.4162532585669243e-09,0.9104718284285745,0.08952780574620943,3.6440896226088335e-07,25,20,20
4,9696,2.4091466099863285e-09,0.8822572722555269,0.11774207197728495,6.533580413170523e-07,25,20,20
4,9697,1.7531778937130436e-09,0.8701039860108581,0.12989601142097137,8.149924627205322e-10,25,20,20
4,9698,1.7530605111243078e-09,0.8528556531488459,0.14714432299577754,2.2102315809227474e-08,25,20,20
4,9699,1.4592479497826257e-09,0.9360377869958576,0.06396219331906003,1.8225834276900454e-08,25,20,20
4,9700,5.694249138324105e-08,0.919304284366975,0.08069565165763817,7.032895070582827e-09,25,20,20
4,9701,9.568084248984382e-10,0.8666077055141611,0.13339192813361758,3.6539541259331345e-07,25,20,20
4,9702,1.8021092468572733e-09,0.8357346633248423,0.16426444767373416,8.87199313663134e-07,25,20,20
4,9703,3.0628423617094154e-09,0.8531158422956693,0.14685912499595463,2.5029645533174916e-05,25,20,20
4,9704,2.411840966759603e-09,0.9041772776411504,0.09576759989681011,5.512005019846859e-05,25,20,20
4,9705,1.5240854820003075e-07,0.8205893090485655,0.1793544330584246,5.610548446103216e-05,25,20,20
4,9706,1.4414328538596857e-09,0.9061685646846798,0.09383140642644557,2.7447441204216724e-08,25,20,20
4,9707,5.5117029543209885e-09,0.9062965046321587,0.09370348930849491,5.476430810497189e-10,25,20,20
4,9708,1.2202633578298989e-08,0.7891837362512777,0.2108156254052012,6.26140886833196e-07,25,20,20
4,9709,4.2513613962655114e-08,0.9608514002783466,0.039148521801316255,3.5406722889256075e-08,25,20,20
4,9710,4.119700283579671e-09,0.952513855612269,0.047486105166070616,3.510195933697198e-08,25,20,20
4,9711,7.784002760575602e-10,0.9463522542661919,0.05364770983954711,3.511586030741516e-08,25,20,20
4,9712,1.4988192427229238e-07,0.9663619435335117,0.033637844863352785,6.172121086384508e-08,25,20,20
4,9713,1.4943921180855247e-07,0.919423038067628,0.08057677184604387,4.0647115980068035e-08,25,20,20
4,9714,2.500159276468231e-07,0.9470053364443154,0.05299438958491463,2.395484203212374e-08,25,20,20
4,9715,7.146528303858761e-10,0.9647609760554503,0.03523800306260545,1.0201672914131675e-06,25,20,20
4,9716,6.372577976987313e-08,0.9006385533672687,0.09936132749488764,5.541206387184e-08,25,20,20
4,9717,1.2369450757795074e-05,0.8601604968862189,0.13982613595744392,9.977055790663102e-07,25,20,20
4,9718,8.367279721049915e-06,0.8745817660081379,0.12540891920733496,9.475048061496185e-07,25,20,20
4,9719,1.5513155726989355e-07,0.8797320849301299,0.12026774766117894,1.2277133635533473e-08,25,20,20
4,9720,2.7184429188327218e-09,0.9230566802294569,0.07694331164146961,5.410630227401975e-09,25,20,20
4,9721,4.367526175543165e-08,0.8372632350744377,0.16273669153646167,2.971383877182521e-08,25,20,20
4,9722,2.721376145024815e-09,0.8040316141543846,0.19596808700812685,2.9611611230380145e-07,25,20,20
4,9723,4.097427773439704e-08,0.8838602588978961,0.11613965866923627,4.145858908809503e-08,25,20,20
4,9724,3.831579908264441e-08,0.9080734918991741,0.09192645195523812,1.7829788490598105e-08,25,20,20
4,9725,8.883493164586106e-11,0.9086210147037643,0.09137800322429764,9.819831031530098e-07,25,20,20
4,9726,3.373713468450962e-11,0.958108804540981,0.041891176750939715,1.8674341939380107e-08,25,20,20
4,9727,7.668544088459565e-10,0.9583697862983263,0.04162922941756884,9.835172507449277e-07,25,20,20
4,9728,3.791857166017444e-09,0.9338499401368248,0.06614906135749327,9.947138245012853e-07,25,20,20
4,9729,1.565843666117957e-08,0.8593300734604307,0.14066891025745404,1.0006236782438137e-06,25,20,20
4,9730,1.2166660003196009e-08,0.9015838458535805,0.09841612324772246,1.8732036504062428e-08,25,20,20
4,9731,2.199374674255541e-09,0.9342606931097481,0.06573875724155771,5.474493194924312e-07,25,20,20
4,9732,2.234962126703384e-08,0.9328684457557904,0.06713153093787184,9.567162627262678e-10,25,20,20
4,9733,7.645180037311046e-11,0.9345875024103887,0.06541150402848579,9.934846734494082e-07,25,20,20
4,9734,3.2988025824234077e-11,0.9372524879785531,0.06274714696780653,3.65020652131174e-07,25,20,20
4,9735,1.515367610825009e-08,0.8768385361979466,0.1231604689197009,9.797286757562349e-07,25,20,20
4,9736,3.1930627895051036e-09,0.9288369762692632,0.0711620695945838,9.50943090617972e-07,25,20,20
4,9737,7.772554764849789e-10,0.9012245554700634,0.0987754334208733,1.033180794546789e-08,25,20,20
4,9738,1.784674426517734e-09,0.807937858095697,0.19204411371440883,1.8026405219469375e-05,25,20,20
4,9739,7.765364528315906e-10,0.8683709655063404,0.13162899952098298,3.419613997558673e-08,25,20,20
4,9740,3.236407375537779e-06,0.851380177146188,0.14861656863319117,1.781324536989761e-08,25,20,20
4,9741,3.5036485885137863e-06,0.8522730143026075,0.14772345847247778,2.3576326495318276e-08,25,20,20
4,9742,2.5130064175268224e-07,0.8672509791543623,0.13274772607084537,1.0434741501718872e-06,25,20,20
4,9743,2.3530376221677178e-07,0.8683318524992873,0.13166724515794934,6.670390009356919e-07,25,20,20
4,9744,0.0221090713702712,0.8669631407592516,0.11092708358169205,7.042887849598771e-07,25,20,20
4,9745,1.9402640684786482e-07,0.914866281924189,0.0851328681266577,6.559227465822116e-07,25,20,20
4,9746,2.3020253973638623e-10,0.9092631934589221,0.0907364356676616,3.7064321387871865e-07,25,20,20
4,9747,8.152673497348227e-11,0.9368471491390618,0.06315284983639373,9.430178821653438e-10,25,20,20
4,9748,2.7692368363384865e-09,0.9061945526425464,0.09380542139646984,2.319174671620132e-08,25,20,20
4,9749,3.181358030603926e-09,0.7946668152735967,0.2053331519631626,2.9581882580633775e-08,25,20,20
4,9750,1.3108062147316038e-10,0.8891985893612836,0.11080139228951466,1.8218120740119913e-08,25,20,20
4,9751,2.7467220998530787e-09,0.8825095477241863,0.11749043210341814,1.7425673005540272e-08,25,20,20
4,9752,5.56475506399787e-08,0.9255197673727635,0.07448015948605384,1.749363134238162e-08,25,20,20
4,9753,2.733775307820141e-09,0.9633477931488298,0.03665122867025922,9.754471356012714e-07,25,20,20
4,9754,2.906874420383111e-12,0.9132578522955913,0.08674214052082548,7.180675953292642e-09,25,20,20
4,9755,3.2238013701038707e-12,0.9124352076975402,0.08756479200295017,2.9628607248254824e-10,25,20,20
4,9756,9.187873025729062e-08,0.8976760767380566,0.10232326416507767,5.672181353840154e-07,25,20,20
4,9757,1.300927753181503e-09,0.9268404781758087,0.07315951956163755,9.616257534097216e-10,25,20,20
4,9758,2.6899390838945267e-09,0.9924877861811815,0.007512193870125111,1.7258753867960352e-08,25,20,20
4,9759,2.26399475092793e-09,0.9193557025962132,0.08064427771983523,1.7419956436885842e-08,25,20,20
4,9760,3.509950936529329e-10,0.8454239749764687,0.15455800901663552,1.8015655900571235e-05,25,20,20
4,9761,4.793996601075904e-10,0.7807676399229433,0.2192143384641965,1.8021133459412815e-05,25,20,20
4,9762,2.757358922039413e-10,0.8272399724760588,0.17276002121617762,6.032027426319198e-09,25,20,20
4,9763,6.275666974816622e-08,0.8747455596857188,0.12525437701717565,5.404355219797111e-10,25,20,20
4,9764,2.649030932636924e-10,0.8578612764627835,0.1421387224402537,8.320597024447507e-10,25,20,20
4,9765,1.0752704529875942e-10,0.8699991934045525,0.13000078867360634,1.7814313803959774e-08,25,20,20
4,9766,1.835827087328686e-09,0.8872613246188983,0.11273865521778868,1.8327485999855414e-08,25,20,20
4,9767,1.7944446924928832e-09,0.9045220819121853,0.09547620344652065,1.712846849562802e-06,25,20,20
4,9768,7.127168777725384e-11,0.946514509303979,0.053485454777738,3.584701147633045e-08,25,20,20
4,9769,3.7934007453912634e-08,0.8947476447470518,0.10525229830568468,1.901325633496609e-08,25,20,20
4,9770,3.729214717010856e-08,0.8862744631983237,0.11369060357544072,3.489593408819337e-05,25,20,20
4,9771,9.637568148858849e-08,0.9595065721666343,0.040492966601134335,3.6485655022271157e-07,25,20,20
4,9772,5.697306845805043e-08,0.8587230199292029,0.1412618307000947,1.5092397633816885e-05,25,20,20
4,9773,7.816113072678016e-08,0.8468080404385465,0.15319151108052337,3.7031979935500465e-07,25,20,20
4,9774,1.0068809222378405e-10,0.9241599373206811,0.07584005552454895,7.054081521424517e-09,25,20,20
4,9775,9.059826810432338e-08,0.9271014789134217,0.07289840259216844,2.7896141836952927e-08,25,20,20
4,9776,2.616342490264901e-11,0.8993517515772406,0.10064776223198865,4.861646071425938e-07,25,20,20
4,9777,3.325863836432921e-05,0.8721413450073606,0.12782178319741383,3.6131568604769577e-06,25,20,20
4,9778,1.1253644715565583e-09,0.9172543496220336,0.08274564871330713,5.392950982244744e-10,25,20,20
4,9779,9.40110369246235e-08,0.8882578895663572,0.11174201538373926,1.0388663633221987e-09,25,20,20
4,9780,1.031623437212755e-07,0.8361559089958296,0.16384395696295814,3.0878868852979296e-08,25,20,20
4,9781,7.494151117636944e-10,0.9599213954673809,0.04007765297014907,9.508130550266739e-07,25,20,20
4,9782,3.710892639269887e-12,0.9839369253388796,0.016063074332919383,3.2448986370986315e-10,25,20,20
4,9783,1.1196204552162867e-10,0.9548771768727269,0.045122804290131484,1.8725179258025368e-08,25,20,20
4,9784,1.597850308196771e-10,0.951658702298864,0.048339277699100375,2.0198422504771674e-06,25,20,20
4,9785,8.232918990260366e-10,0.938070714236608,0.06192730837871977,1.9765613800825712e-06,25,20,20
4,9786,5.144310035949123e-11,0.9143772076025529,0.08562277703184609,1.5314157389946938e-08,25,20,20
4,9787,1.096084922981926e-07,0.7710078242991184,0.22899205578698564,1.0305403892484555e-08,25,20,20
4,9788,2.6064714990809522e-06,0.7579328028556059,0.24204792739013925,1.66632827549481e-05,25,20,20
4,9789,9.7477646688304e-11,0.873640852933371,0.12635911978494152,2.7184209594947658e-08,25,20,20
4,9790,9.121425552725695e-06,0.8154992930403167,0.18407953280988468,0.0004120527242450586,25,20,20
4,9791,2.1357783899522592e-08,0.9483299079138253,0.05167003363645262,3.7091938104817706e-08,25,20,20
4,9792,4.066308345416274e-08,0.9508434495741476,0.049156490736146835,1.902662201379172e-08,25,20,20
4,9793,1.5027634477428244e-10,0.8651878095015431,0.1347974345551629,1.4755793017757285e-05,25,20,20
4,9794,2.1443551911113444e-08,0.8551389206788356,0.1448606763359167,3.815416954251862e-07,25,20,20
4,9795,6.384660309535552e-11,0.8654008086842546,0.1345978380486604,1.3532032381912549e-06,25,20,20
4,9796,3.803053003370787e-10,0.8396020110067944,0.1603966008046797,1.3878082202457302e-06,25,20,20
4,9797,3.0000314938811147e-09,0.8845457989636186,0.11545187610732772,2.321929021640329e-06,25,20,20
4,9798,8.668836077211679e-07,0.8812123323721096,0.11875466255442044,3.2138189862080935e-05,25,20,20
4,9799,8.626896365403949e-07,0.848656075832917,0.15134204750946811,1.0139679776874205e-06,25,20,20
4,9800,2.7951559534100794e-09,0.8968860973474222,0.10311389903941143,8.180097843132381e-10,25,20,20
4,9801,1.0786814291032647e-09,0.8727204669947768,0.12727953094109234,9.854490128593629e-10,25,20,20
4,9802,1.8081978365904628e-09,0.8818569830826223,0.11814299609907558,1.9010104295328327e-08,25,20,20
4,9803,2.9625091759087957e-09,0.9140592214174726,0.08594077526986249,3.5015568782945e-10,25,20,20
4,9804,1.962063832221579e-09,0.8872858639667023,0.11271412764646743,6.424766535642188e-09,25,20,20
4,9805,7.943205820202858e-10,0.9641427179912586,0.03585727477823202,6.4361883344124234e-09,25,20,20
4,9806,1.1735165052037717e-10,0.8900075008956445,0.10999248268400277,1.6303000418517795e-08,25,20,20
4,9807,1.356573260561562e-09,0.8655545555592156,0.13444542487078037,1.8213430398941494e-08,25,20,20
4,9808,0.005004345744314439,0.7624294525451093,0.2325661885598622,1.3150713426596414e-08,25,20,20
4,9809,1.7017563105733177e-06,0.8166246127002033,0.10799385565471958,0.0753798298887665,25,20,20
4,9810,1.732410905715276e-09,0.9298010832628915,0.07019891434207587,6.626215158718546e-10,25,20,20
4,9811,7.81909156751319e-10,0.9069587938364783,0.09304120441069318,9.709194032347982e-10,25,20,20
4,9812,1.2833340344402735e-11,0.963569056820932,0.036430937745139155,5.421095441297766e-09,25,20,20
4,9813,5.089289166005901e-09,0.8929173654759862,0.1070826115105682,1.7924156040518892e-08,25,20,20
4,9814,1.696547478702932e-11,0.9091879313262526,0.09081206800521832,6.515634966557951e-10,25,20,20
4,9815,1.4916243093040598e-11,0.9175055019020134,0.0824944734822883,2.4600782075555686e-08,25,20,20
4,9816,2.0655354640236886e-11,0.830109496280038,0.16988949175070206,1.0119486046011674e-06,25,20,20
4,9817,7.801806019424668e-07,0.8638563232681039,0.13614288838700428,8.164290072468785e-09,25,20,20
4,9818,7.80143393213556e-07,0.8557497360940312,0.14424947672130758,7.0412677883518214e-09,25,20,20
4,9819,7.801963376563958e-07,0.9263585503990504,0.07364065147923404,1.7925378336702348e-08,25,20,20
4,9820,6.177617420860612e-11,0.9128802422360028,0.08711973935971594,1.8342504925030625e-08,25,20,20
4,9821,0.00027696577093785577,0.831800342863355,0.16792269005632296,1.3093832811363818e-09,25,20,20
4,9822,2.9578891208969126e-09,0.9236771379107874,0.07632284851508919,1.0616233377528857e-08,25,20,20
4,9823,2.8132011311182188e-09,0.9131233841137498,0.08687632543240893,2.876406395402204e-07,25,20,20
4,9824,6.56444851301853e-11,0.9146728005158622,0.08532691258465931,2.8683383365006974e-07,25,20,20
4,9825,2.9671229405611348e-09,0.8840626273498904,0.11593708222719157,2.8745579512995735e-07,25,20,20
4,9826,1.2921770099508345e-06,0.8857913470760836,0.11420709141764485,2.693292615509298e-07,25,20,20
4,9827,1.2929191852346048e-06,0.9305182103101635,0.06948046122934351,3.554130749163486e-08,25,20,20
4,9828,7.489275555653193e-10,0.8871750652786475,0.11282487562853337,5.834389100897421e-08,25,20,20
4,9829,1.4468753579209478e-09,0.8901986163643832,0.109800114307609,1.2678811324433865e-06,25,20,20
4,9830,4.879144220517893e-09,0.9217518017660266,0.07824766080241513,5.325524140572854e-07,25,20,20
4,9831,5.2870669401509915e-09,0.8876785477888469,0.11232091404091943,5.328831664459452e-07,25,20,20
4,9832,4.507358566339736e-10,0.8636095408001865,0.1363899153993384,5.433497394270302e-07,25,20,20
4,9833,6.759657330677504e-11,0.8368332703586642,0.16316635449534445,3.750783950922671e-07,25,20,20
4,9834,1.4418389037046075e-11,0.9488993722050162,0.0511006160338891,1.1746676531007693e-08,25,20,20
4,9835,1.3386569137890378e-10,0.8892046703353028,0.11079436791820328,9.616126274833521e-07,25,20,20
4,9836,9.981848522682474e-08,0.8494557446305961,0.1505431760672476,9.794836712579432e-07,25,20,20
4,9837,3.9698093970122964e-08,0.869389490618079,0.13061007420207457,3.9548175220996093e-07,25,20,20
4,9838,1.3113818684402924e-09,0.8309696895749497,0.16902992205993395,3.870537340985955e-07,25,20,20
4,9839,3.237352437356809e-06,0.9145910443585826,0.0854049901131466,7.281758331558231e-07,25,20,20
4,9840,9.844097223552915e-08,0.9200115085135127,0.07998837659274381,1.6452771146949772e-08,25,20,20
4,9841,4.7755164578543996e-08,0.9041775258754027,0.09582209644842092,3.299210117505598e-07,25,20,20
4,9842,4.7736826786132374e-08,0.9164947420356211,0.08350492096265957,2.8926489269380304e-07,25,20,20
4,9843,4.775380180771408e-08,0.8425769669031419,0.1574226961629297,2.89180126669652e-07,25,20,20
4,9844,8.66037245147757e-06,0.8431556755426142,0.1568356633574769,7.274572457130779e-10,25,20,20
4,9845,1.610549943339583e-07,0.8265060463924189,0.17349351423719964,2.783153869866556e-07,25,20,20
4,9846,1.584548128780371e-07,0.8906356872637166,0.10936415383670108,4.447693827663422e-10,25,20,20
4,9847,2.798972710225682e-09,0.9178861426176788,0.08209259737764148,2.1257205707128557e-05,25,20,20
4,9848,3.323089630053794e-11,0.8983685237319843,0.10162983685472916,1.639380055387218e-06,25,20,20
4,9849,1.856381544947291e-10,0.8898490979111184,0.11013455236293014,1.634954031256736e-05,25,20,20
4,9850,2.543212286124518e-10,0.9257835278387091,0.07420074247290118,1.5729434067987583e-05,25,20,20
4,9851,2.7505741255613144e-09,0.9748704360145227,0.02512956041667778,8.182254451068878e-10,25,20,20
4,9852,7.674521521704998e-10,0.9503208763484645,0.04967912191037242,9.737107234232128e-10,25,20,20
4,9853,1.3976045376025402e-09,0.9217626141112849,0.0782369226027681,4.6188834197722486e-07,25,20,20
4,9854,1.4765614021188458e-09,0.9850544595433736,0.014945538914069488,6.5995193729536e-11,25,20,20
4,9855,7.678076499929236e-10,0.8283542774790733,0.17164454944419014,1.1723089287585823e-06,25,20,20
4,9856,1.8795729432109148e-09,0.8097186477464554,0.19028105485620778,2.9551776275817704e-07,25,20,20
4,9857,6.4592082634727765e-09,0.8781010654828242,0.12189861428082799,3.137771392313992e-07,25,20,20
4,9858,3.3433790016773917e-06,0.9067884694195224,0.09320683022369199,1.356977783543967e-06,25,20,20
4,9859,1.0244484796594052e-09,0.812100888093398,0.18789909249623585,1.8385917673230935e-08,25,20,20
4,9860,2.5907504250724914e-10,0.9012556152404414,0.09874438328544982,1.2150331623855964e-09,25,20,20
4,9861,2.2602466408350682e-10,0.9367132569502047,0.06328672491625681,1.790751377511005e-08,25,20,20
4,9862,2.722913876962216e-10,0.8501256192058263,0.14987436262528736,1.7896594828772433e-08,25,20,20
4,9863,0.00010071771985998379,0.8386188367836199,0.1612689182810276,1.152721549196211e-05,25,20,20
4,9864,2.7367101955361564e-09,0.8475100503638621,0.15248939618348728,5.507159405814444e-07,25,20,20
4,9865,4.1077965098666545e-08,0.8843416587416273,0.11565829923132963,9.4907758018431e-10,25,20,20
4,9866,3.855644444521529e-08,0.9307397154156101,0.06926024474883125,1.2791136925933105e-09,25,20,20
4,9867,0.027025352051703987,0.7953826664535905,0.17745873995560602,0.0001332415390983731,25,20,20
4,9868,3.8578392092954046e-08,0.8755425253396101,0.12445741723758465,1.8844412945113068e-08,25,20,20
4,9869,1.5750315212891246e-10,0.8683440054503291,0.1316559651541985,2.9237968966303997e-08,25,20,20
4,9870,2.455263774049657e-10,0.9084367958531321,0.0915632034500611,4.512802590503118e-10,25,20,20
4,9871,7.647647295695201e-11,0.8568943585803701,0.1431056410125457,3.3060747040636784e-10,25,20,20
4,9872,9.419958317878954e-10,0.9059272396443774,0.09407275923144537,1.8218113842552927e-10,25,20,20
4,9873,2.5467733567029144e-11,0.9416570215000545,0.058342977337793915,1.1366840065986494e-09,25,20,20
4,9874,3.717820748626166e-10,0.8788529117375997,0.12114696604212626,1.2184849104744282e-07,25,20,20
4,9875,6.177351062108593e-08,0.9060569878376957,0.0939429258431601,2.45456331720232e-08,25,20,20
4,9876,6.178944291001887e-08,0.8361846565888024,0.16381521327952725,6.83422270316043e-08,25,20,20
4,9877,4.186480950223668e-08,0.9593074361086624,0.040692497492160695,2.4534367351320313e-08,25,20,20
4,9878,2.9523541522256516e-09,0.95821006302481,0.041789908554029524,2.546880634656901e-08,25,20,20
4,9879,8.683160691646118e-11,0.9476052230803818,0.05239473801998448,3.881280209864223e-08,25,20,20
4,9880,7.479092993987187e-11,0.9722488819249819,0.027751090170039037,2.7830187814188926e-08,25,20,20
4,9881,7.970767306265597e-11,0.886255736645841,0.11374425304182123,1.0232630332089154e-08,25,20,20
4,9882,7.716296451374718e-10,0.9392464970535184,0.06075348383392014,1.834093153855372e-08,25,20,20
4,9883,6.514371012213776e-11,0.9421515380860499,0.057848460902782374,9.460239901117335e-10,25,20,20
4,9884,6.252360669247205e-11,0.8694405511826576,0.13055943334996628,1.5404851642250725e-08,25,20,20
4,9885,4.418945794506553e-09,0.7410369243055045,0.2589630605144227,1.0761127001382593e-08,25,20,20
4,9886,3.0249075332579088e-09,0.855975078725953,0.14402392425879315,9.939903464102952e-07,25,20,20
4,9887,1.6144693516927665e-09,0.8462140105742136,0.15378568037254067,3.0743877629008233e-07,25,20,20
4,9888,2.770613573456129e-11,0.9391235890818757,0.06087636529659929,4.5593818504270265e-08,25,20,20
4,9889,1.0392090725900748e-10,0.9227281740698484,0.07727182484126803,9.849623300106385e-10,25,20,20
4,9890,2.7508634314186337e-09,0.9344375984809707,0.06556239762343428,1.1447316501985684e-09,25,20,20
4,9891,4.848743002249532e-11,0.9243839099331592,0.07561508621868081,1.003799672293966e-06,25,20,20
4,9892,1.5438693366823677e-12,0.9666910423832854,0.03330895697790728,6.372633499631681e-10,25,20,20
4,9893,3.4207189729281543e-09,0.9241933060439013,0.07580667261384572,1.7921533945913327e-08,25,20,20
4,9894,2.8478606873476802e-09,0.9232499851516749,0.07674903739473195,9.746057322492263e-07,25,20,20
4,9895,1.5896865664306018e-07,0.9315864524293157,0.0684133650831577,2.3518869978756435e-08,25,20,20
4,9896,1.3491295667386807e-11,0.9280159193248635,0.07198406270190397,1.79597412225103e-08,25,20,20
4,9897,5.04398246763209e-06,0.9095322961577823,0.09046265231283158,7.546918317635524e-09,25,20,20
4,9898,5.100368001111329e-06,0.8991332247792256,0.10084329462041591,1.83802323572878e-05,25,20,20
4,9899,2.1904800129632444e-10,0.85757159121172,0.14241038032918493,1.8028240047051532e-05,25,20,20
4,9900,1.8024967591716768e-09,0.9500464277925809,0.04995357038573575,1.918642224320917e-11,25,20,20
4,9901,3.80041268570222e-10,0.917325962978898,0.08267403622478225,4.1627856806830995e-10,25,20,20
4,9902,1.584744421630073e-07,0.9893023825373676,0.010697440555836497,1.8432354088139293e-08,25,20,20
4,9903,2.781132045765395e-09,0.9861559599598428,0.013843052422032563,9.84836992496898e-07,25,20,20
4,9904,2.717987126459594e-09,0.9074952025940974,0.09250380598913839,9.886987767826213e-07,25,20,20
4,9905,7.810221071733471e-11,0.9065102235571048,0.09348972343319635,5.293159634740928e-08,25,20,20
4,9906,7.245190654668158e-11,0.9280532615297876,0.07194673806140886,3.363514314255095e-10,25,20,20
4,9907,4.7879043491979606e-11,0.884619727431302,0.11538026731250714,5.208311567371873e-09,25,20,20
4,9908,1.3225194010507535e-10,0.7581123211189492,0.2418696794785498,1.7999270248876312e-05,25,20,20
4,9909,6.75068482317927e-11,0.8785720360450269,0.12142757242217846,3.9146528821116246e-07,25,20,20
4,9910,5.609156049956494e-09,0.9346105946957652,0.06538900022346433,3.994716144302564e-07,25,20,20
4,9911,2.6582996110567563e-11,0.9172631912750359,0.08273680743216698,1.2662141557242598e-09,25,20,20
4,9912,1.1319558806625376e-10,0.9335778096734056,0.0664221487865288,4.142686950600883e-08,25,20,20
4,9913,1.0721455844230298e-10,0.8636292841010025,0.1363706743814127,4.1410369764400066e-08,25,20,20
4,9914,1.5653627245596988e-07,0.8855143410328763,0.11448448953461746,1.0128962337204052e-06,25,20,20
4,9915,1.3120518906105674e-09,0.8293505586663851,0.17064943132466573,8.696897748174746e-09,25,20,20
4,9916,2.6842883861831278e-11,0.9695497342379591,0.030450265707538008,2.7659998932879477e-11,25,20,20
4,9917,7.475673741410555e-05,0.9282799190476774,0.07164531358025,1.0634658167717075e-08,25,20,20
4,9918,1.0689160210512443e-10,0.9574325440950089,0.042567454859477376,9.38621947170549e-10,25,20,20
4,9919,8.563071210316601e-11,0.9517542374070319,0.048245761870721535,6.366156187378671e-10,25,20,20
4,9920,2.855217889091611e-09,0.9573593438978472,0.042640634715732234,1.853120271107634e-08,25,20,20
4,9921,1.5751446991504993e-07,0.964087037941984,0.035912803115031984,1.4285138382751074e-09,25,20,20
4,9922,1.2525066820729536e-06,0.7477697886409085,0.25183021583670884,0.00039874301569960737,25,20,20
4,9923,6.668769590596354e-11,0.9246143669172961,0.07538534391480024,2.891012153693578e-07,25,20,20
4,9924,7.434137977068443e-10,0.9702617160890322,0.029738264424467607,1.8743086430436103e-08,25,20,20
4,9925,1.5731253649271646e-07,0.8530420032728775,0.14695779866567732,4.074890801013241e-08,25,20,20
4,9926,7.119266364616872e-05,0.885407544729197,0.11452070066308835,5.619440690400096e-07,25,20,20
4,9927,7.246052183202337e-05,0.9034282779409898,0.0964986995016944,5.62035483497327e-07,25,20,20
4,9928,4.319315971377679e-09,0.8634815315841058,0.13651845393340878,1.016316917734972e-08,25,20,20
4,9929,0.0005916215530470348,0.816473487433273,0.18293487304133355,1.797234500547916e-08,25,20,20
4,9930,2.7222590438137182e-09,0.9112498796579663,0.08874925117661307,8.664431610449014e-07,25,20,20
4,9931,1.3052785688765524e-10,0.8905354244493603,0.10946370848250313,8.669376083335041e-07,25,20,20
4,9932,3.3500011817770136e-10,0.893150982375767,0.10684815054445136,8.667447815317007e-07,25,20,20
4,9933,5.788537923581764e-11,0.9157752151273294,0.0842239183609672,8.664538181794976e-07,25,20,20
4,9934,6.80237896300943e-11,0.898768064589449,0.10121684348773854,1.5091854788763048e-05,25,20,20
4,9935,2.0984389150359943e-11,0.8533145246560028,0.1466703826458585,1.5092677154263557e-05,25,20,20
4,9936,7.706054856971176e-10,0.9332014033430316,0.06679857734059186,1.8545770957589625e-08,25,20,20
4,9937,3.96166752729754e-08,0.9091530687891879,0.09084687320945604,1.8384681022519668e-08,25,20,20
4,9938,7.675859023069186e-10,0.9070957211154917,0.09290423368390544,4.443301660328813e-08,25,20,20
4,9939,9.785299963850664e-11,0.9501454349457188,0.04985456431860747,6.378208980287922e-10,25,20,20
4,9940,2.7623491680698492e-09,0.9443652229561751,0.055632873261962174,1.9010195138761965e-06,25,20,20
4,9941,5.891554597529087e-09,0.8501707046938572,0.14982736351407255,1.925900515544893e-06,25,20,20
4,9942,4.773054349269817e-09,0.7718801465178234,0.22811982028129893,2.8427823125110027e-08,25,20,20
4,9943,1.7891781121164744e-11,0.9310325424622604,0.06896745137881624,6.1410313083506185e-09,25,20,20
4,9944,6.31285426596982e-11,0.9332955023771313,0.06670449741915606,1.405839871915633e-10,25,20,20
4,9945,1.4134121728691474e-08,0.8631809417803044,0.1368190084176505,3.5667923567213625e-08,25,20,20
4,9946,6.2125993444558125e-09,0.918354884523079,0.08164472626892519,3.829953956171008e-07,25,20,20
4,9947,3.4636740857068116e-09,0.8868707875709496,0.1131288088769972,4.000883787524763e-07,25,20,20
4,9948,2.7819572833624433e-09,0.874927981992382,0.12507197877037723,3.645528335322294e-08,25,20,20
4,9949,4.532245991953116e-09,0.8930934382265084,0.10690651582535375,4.1415891181337194e-08,25,20,20
4,9950,5.127656291250246e-11,0.8792548179075219,0.12074516379303275,1.8248168146701312e-08,25,20,20
4,9951,8.328693727841111e-10,0.8200071668524229,0.17999279440985883,3.790484813979446e-08,25,20,20
4,9952,9.951033128668201e-08,0.8363267731358652,0.16367310912533806,1.822846501033056e-08,25,20,20
4,9953,8.791923230629134e-10,0.9244155818069854,0.07558438866600814,2.8647814262961484e-08,25,20,20
4,9954,2.7135557455985494e-09,0.8490754228272419,0.15092361838790602,9.560712954760137e-07,25,20,20
4,9955,2.8113205892612538e-09,0.8589970591758642,0.14100198193806462,9.560747498035707e-07,25,20,20
4,9956,5.015044532306692e-08,0.8278058593482812,0.17218999011875344,4.100382519174037e-06,25,20,20
4,9957,3.869120996265308e-07,0.7132321154258479,0.2867671833627867,3.1429926478594925e-07,25,20,20
4,9958,6.621702200109908e-11,0.9070545384363843,0.09294517239054267,2.891068559980051e-07,25,20,20
4,9959,3.044122731263174e-11,0.9063236772669546,0.09367603360419398,2.8909840982084344e-07,25,20,20
4,9960,3.790685599458021e-08,0.93439822019588,0.06560174155425222,3.430117034541239e-10,25,20,20
4,9961,3.310675456586996e-12,0.8907447798827174,0.10925521963907514,4.748973274658538e-10,25,20,20
4,9962,1.1193611750573283e-09,0.8756814387334423,0.12431819509949216,3.6504770444438174e-07,25,20,20
4,9963,0.0006615608849234321,0.8960742479599901,0.10326417206418079,1.9090905554712604e-08,25,20,20
4,9964,7.710086003650506e-10,0.9098241993915255,0.09017482393644427,9.759010212335334e-07,25,20,20
4,9965,1.6347817723171522e-07,0.8498834323987744,0.15011581480278693,5.893202609919943e-07,25,20,20
4,9966,1.153061278279612e-08,0.8621145070567806,0.13788489239582988,5.890167763801058e-07,25,20,20
4,9967,1.002200785510363e-10,0.9340656893766811,0.06593402049370427,2.9002939444788655e-07,25,20,20
4,9968,1.05062493978877e-09,0.903430322633906,0.09656938722942966,2.890860391149163e-07,25,20,20
4,9969,7.010554920653136e-10,0.8393555928560487,0.1606293717226376,1.5034720257653574e-05,25,20,20
4,9970,7.180800527426525e-10,0.8623334033530046,0.13766628709219858,3.0883671646790995e-07,25,20,20
4,9971,5.0941053575358575e-11,0.8839719867785124,0.11602772388732585,2.8928322044381614e-07,25,20,20
4,9972,3.7955308671113366e-08,0.9177542047594309,0.08224575167892366,5.60633685111454e-09,25,20,20
4,9973,3.87160155842137e-08,0.9072239183452235,0.09277602504997198,1.7888788850555804e-08,25,20,20
4,9974,3.869200611338424e-08,0.9093572084779872,0.09064273495176713,1.787823934912943e-08,25,20,20
4,9975,3.870385665002371e-08,0.9562885603786375,0.043711366197321376,3.472018462993668e-08,25,20,20
4,9976,7.00437179976747e-10,0.9484834629386075,0.05151651884129391,1.7519661569049574e-08,25,20,20
4,9977,4.912299989962769e-10,0.8849479607577811,0.11505146323615144,5.755148374142534e-07,25,20,20
4,9978,5.7372750687456685e-08,0.9272273893455703,0.07277199893067116,5.543510078154205e-07,25,20,20
4,9979,5.850022738816199e-08,0.8731926177844119,0.12671649487749137,9.082883786917128e-05,25,20,20
4,9980,5.6993243539651316e-08,0.913244668795112,0.08675526687738432,7.33425976700997e-09,25,20,20
4,9981,5.949441208209561e-11,0.9427706971737045,0.0572293013286036,1.438196983777287e-09,25,20,20
4,9982,7.454416102224502e-10,0.9639444196010015,0.03605556014622354,1.9507333214705148e-08,25,20,20
4,9983,3.865197353569907e-08,0.9661768602708052,0.03382308286230251,1.8214918578306555e-08,25,20,20
4,9984,1.719662582372787e-10,0.9579534534978882,0.0420465450777281,1.2524173934827466e-09,25,20,20
4,9985,2.371123375458787e-08,0.887165925262646,0.11283403262952026,1.8396599369713682e-08,25,20,20
4,9986,4.9992731460155023e-11,0.9305951087789961,0.06940487335377138,1.781723944522837e-08,25,20,20
4,9987,3.352926129611824e-12,0.9187487689571493,0.08125120836665593,2.267284147772775e-08,25,20,20
4,9988,5.6830895208020437e-08,0.9215271785345962,0.07847274660420482,1.8030303496335764e-08,25,20,20
4,9989,8.985573285961067e-11,0.8832175455969979,0.11671975183211708,6.270248102945747e-05,25,20,20
4,9990,7.047042209443133e-11,0.8895494389360747,0.11045055997768063,1.0157744103391636e-09,25,20,20
4,9991,4.770692375448537e-10,0.8776032617601082,0.12239670824647422,2.9516347989640082e-08,25,20,20
4,9992,5.168486463967502e-11,0.8816865355202226,0.11831346298541552,1.4426768661121135e-09,25,20,20
4,9993,2.3304797471269738e-07,0.7901161902866172,0.20988304979019784,5.268752097041059e-07,25,20,20
4,9994,1.5877051968879927e-07,0.8675587837799879,0.13244105672124268,7.282501871537844e-10,25,20,20
4,9995,6.632433115818639e-09,0.896730228112842,0.10326976420421059,1.0505141908396251e-09,25,20,20
4,9996,8.206163032835467e-09,0.9761367505267529,0.023863188068467607,5.319861654364592e-08,25,20,20
4,9997,5.507860103671026e-09,0.966336581856542,0.03366339450260829,1.8132988968378196e-08,25,20,20
4,9998,2.1184198481635705e-08,0.915243866446006,0.08475562178179938,4.905879957676952e-07,25,20,20
4,9999,1.9208468010138954e-08,0.8873974128209803,0.11260207679329326,4.911772583322058e-07,25,20,20
4,10000,3.4415059502246718e-09,0.8736870606875559,0.12631290019362268,3.567731514726526e-08,25,20,20
