run,generation,degenerate,holistic,other,compositional,popsize,turnover_rounds,group_rounds
44,0,0.998604100340889,1.4265450615270749e-08,0.0013949126323002914,9.72761361585614e-07,25,10,20
44,1,0.8739787400086944,2.659039488147677e-07,0.12601954097878482,1.4531085742963265e-06,25,10,20
44,2,0.876913005219058,0.001641197078863942,0.12143297269209598,1.2825009982354505e-05,25,10,20
44,3,0.8211034538324564,2.8449603859205906e-05,0.17578746821253752,0.0030806283511475756,25,10,20
44,4,0.8496202360161204,7.408133486975241e-05,0.14720365293627272,0.003102029712736571,25,10,20
44,5,0.9419609059776797,3.2498009116521177e-07,0.05779219434599393,0.00024657469623551596,25,10,20
44,6,0.8883108924500575,0.00020867314332861445,0.11114924587261699,0.00033118853399787635,25,10,20
44,7,0.9707602237576196,8.034490806916239e-06,0.029210663617122042,2.107813445134747e-05,25,10,20
44,8,0.9668407384686865,9.664595453824207e-06,0.03311078780643414,3.880912942579431e-05,25,10,20
44,9,0.983793853805927,6.060070456360951e-07,0.016141774017758157,6.376616926929567e-05,25,10,20
44,10,0.985731407655736,1.8244043455918592e-07,0.01426683128586411,1.578617965006133e-06,25,10,20
44,11,0.9272856583930456,2.7674163799001546e-05,0.07268481797261075,1.8494705445038215e-06,25,10,20
44,12,0.9378734975434267,3.286617965313795e-05,0.062066733789001904,2.6902487918009592e-05,25,10,20
44,13,0.9664641630160166,4.196586641427923e-06,0.03348971272845511,4.192766888687677e-05,25,10,20
44,14,0.9087180195434162,2.0968701624347064e-07,0.09126573796574698,1.603280382089713e-05,25,10,20
44,15,0.9155831294649169,5.228043478739613e-07,0.08441491998964906,1.4277410862839867e-06,25,10,20
44,16,0.9141216475451235,2.835279419898242e-07,0.08587388128432007,4.18764261450891e-06,25,10,20
44,17,0.9037486244821318,5.266817118451206e-07,0.0962410733958906,9.775440266147626e-06,25,10,20
44,18,0.874453466056874,2.6522584030411632e-06,0.12551864420350417,2.5237481218973167e-05,25,10,20
44,19,0.9213190965092498,1.3831128601142683e-05,0.07864992831905268,1.7144043096444874e-05,25,10,20
44,20,0.9366013206108567,9.112495073873137e-05,0.0632852222480108,2.233219039407857e-05,25,10,20
44,21,0.9192741606219889,9.92578824693231e-05,0.08053111260894408,9.546888659779949e-05,25,10,20
44,22,0.9396040855514053,1.5609084748473405e-05,0.060264074925958075,0.00011623043788900856,25,10,20
44,23,0.9414010721342924,1.2940438264464833e-05,0.05566030650574768,0.0029256809216954838,25,10,20
44,24,0.9471479865508518,1.1705821605266636e-06,0.05278391230746551,6.69305595223359e-05,25,10,20
44,25,0.9141467019848966,1.8533313847416222e-07,0.08582555014782275,2.756253414180807e-05,25,10,20
44,26,0.9429708144715423,2.7582691097437606e-05,0.05528759882236786,0.0017140040149924676,25,10,20
44,27,0.9063890571397143,8.947106943570015e-06,0.09353716054916583,6.48352041758003e-05,25,10,20
44,28,0.9237884490103855,3.6021825190540134e-07,0.07608506432821435,0.00012612644314817346,25,10,20
44,29,0.9080815915443591,2.395190518930201e-06,0.091665767526822,0.0002502457382999757,25,10,20
44,30,0.8875376364471113,6.516786209649683e-07,0.11232004428880843,0.0001416675854596363,25,10,20
44,31,0.8992166057989328,7.6269888538704e-07,0.10065333316070608,0.00012929834147562425,25,10,20
44,32,0.8946123876918005,5.189558335343343e-07,0.10536267656776829,2.441678459689227e-05,25,10,20
44,33,0.9232939244487212,5.3651690932976375e-06,0.07666395996313574,3.6750419049355734e-05,25,10,20
44,34,0.932621313793888,1.2585441154087264e-06,0.06568148449230138,0.001695943169694833,25,10,20
44,35,0.9269107405180972,7.186287930088251e-05,0.07131746747793494,0.0016999291246670208,25,10,20
44,36,0.9348599068174441,9.28585033667334e-06,0.06510273400857064,2.807332364825896e-05,25,10,20
44,37,0.8695585205991209,2.9597711344136662e-05,0.12980975548074603,0.0006021262087889366,25,10,20
44,38,0.865864689186885,5.101947080685442e-05,0.13341252376141222,0.00067176758089674,25,10,20
44,39,0.9055198848923317,5.858258911449339e-06,0.09445246980406966,2.1787044686693917e-05,25,10,20
44,40,0.9131197065329292,1.480913820989925e-06,0.08669374071396413,0.00018507183928564674,25,10,20
44,41,0.8919288259025704,3.0750217078325773e-06,0.10765473419253063,0.0004133648831910975,25,10,20
44,42,0.9323299181969921,1.7010588103593687e-06,0.06747184135168093,0.00019653939251673813,25,10,20
44,43,0.8593115790060152,4.094427334190674e-06,0.14029231019107788,0.00039201637557275467,25,10,20
44,44,0.8317155024514427,1.2445647748973571e-05,0.1679702910524288,0.00030176084837930234,25,10,20
44,45,0.842213090525761,2.3411339201751858e-05,0.15724973107781476,0.0005137670572235055,25,10,20
44,46,0.8800107271640688,1.1234566630158585e-05,0.11315859726418363,0.006819441005117668,25,10,20
44,47,0.9418819472875039,9.203313100469904e-06,0.058036565148247794,7.22842511472833e-05,25,10,20
44,48,0.907549227933774,1.2958623283070589e-05,0.09239949917668257,3.8314266260266317e-05,25,10,20
44,49,0.884368168971749,4.509566646013507e-05,0.11541295980239767,0.0001737755593931201,25,10,20
44,50,0.8794453890851721,3.446947183948285e-05,0.12035542059009247,0.00016472085289653487,25,10,20
44,51,0.8737559202946976,0.00016949251279746864,0.12606840006356587,6.187128938900972e-06,25,10,20
44,52,0.9142236799651299,1.1115210161454841e-06,0.08577135267741577,3.855836438694106e-06,25,10,20
44,53,0.9249269202749367,0.0010114195727277638,0.07405480265422289,6.857498112520354e-06,25,10,20
44,54,0.9468003835636745,0.0010115073858890107,0.05216390794600276,2.420110443382389e-05,25,10,20
44,55,0.9083610250314109,9.376454027680632e-06,0.0882491201989412,0.0033804783156200424,25,10,20
44,56,0.9289152977067843,7.834235256556802e-07,0.06770921889254869,0.003374699977141026,25,10,20
44,57,0.9755950000043001,1.4292529730616848e-06,0.023954006938450907,0.0004495638042756676,25,10,20
44,58,0.9196305163364571,7.766881081388316e-07,0.0803240690582152,4.463791722036075e-05,25,10,20
44,59,0.945830393555355,4.991067731063754e-06,0.054156436811330845,8.178565582986852e-06,25,10,20
44,60,0.9380187922718196,2.0354837431907943e-05,0.061955912666979744,4.940223768968134e-06,25,10,20
44,61,0.903003739230869,7.195510268462695e-07,0.09699460560933616,9.356087681134714e-07,25,10,20
44,62,0.9046752005438755,2.846071255679395e-07,0.09531689179082622,7.62305817317592e-06,25,10,20
44,63,0.9235535954520704,8.207995529225796e-07,0.07642410194690061,2.1481801476470735e-05,25,10,20
44,64,0.913726389165657,2.9815234197861064e-06,0.08615014338524613,0.0001204859256774172,25,10,20
44,65,0.8966288354153005,3.56842252777228e-07,0.10314004085935,0.00023076688309684568,25,10,20
44,66,0.9305878426365197,2.536908212455766e-07,0.06934202201123744,6.988166142139571e-05,25,10,20
44,67,0.9453901407017823,8.65844861091158e-06,0.054529264881529614,7.193596807675431e-05,25,10,20
44,68,0.9670159911251595,5.834461067989604e-07,0.03294143771124059,4.198771749307728e-05,25,10,20
44,69,0.9099234267412206,5.971899577238108e-07,0.08996871850051645,0.00010725756830497282,25,10,20
44,70,0.9189371136797492,9.15550752285872e-05,0.08039848260530416,0.0005728486397182885,25,10,20
44,71,0.911905082365141,9.085880048798264e-05,0.08747738839076391,0.000526670443607336,25,10,20
44,72,0.9177214060329065,9.242234829987651e-07,0.07845030346660925,0.0038273662770004473,25,10,20
44,73,0.9642009197617739,4.768857406116639e-07,0.03198365506906917,0.0038149482834158133,25,10,20
44,74,0.9631083260522266,1.1901710382513247e-06,0.03668417672693778,0.00020630704979804096,25,10,20
44,75,0.9468113872643533,1.1666366721106568e-06,0.05259374874544862,0.0005936973535258965,25,10,20
44,76,0.8559015429236535,1.5316033599991966e-06,0.14408282309824322,1.4102374742012259e-05,25,10,20
44,77,0.9358762475232488,6.404118402551328e-06,0.06408234931795632,3.499904039249652e-05,25,10,20
44,78,0.945686453900965,4.855742301734972e-06,0.054237799034392964,7.089132234013667e-05,25,10,20
44,79,0.9518739612981189,1.6590540911373935e-06,0.04812173233345495,2.6473143351336348e-06,25,10,20
44,80,0.8989027427097628,5.555170127313586e-07,0.09727893694381513,0.0038177648294095965,25,10,20
44,81,0.937201356526451,4.777019155638643e-07,0.06275036409163938,4.780167999419361e-05,25,10,20
44,82,0.9147764338862905,6.00488829178236e-07,0.08447952290511612,0.0007434427197637258,25,10,20
44,83,0.9268218025793251,2.4335729999224486e-07,0.07246268001902464,0.0007152740443501937,25,10,20
44,84,0.9658494473286332,6.997582323808176e-07,0.03414795817164866,1.8947414856967275e-06,25,10,20
44,85,0.9099775065107057,2.5974119584134345e-05,0.08403832882694262,0.0059581905427671085,25,10,20
44,86,0.9230339369745585,2.4881667121734612e-05,0.07099564311884655,0.0059455382394731845,25,10,20
44,87,0.9093035764892831,1.0072090438632504e-06,0.09005897289273695,0.0006364434089346187,25,10,20
44,88,0.9315752540592266,1.3079447418471809e-05,0.06840476912735005,6.8973660052479465e-06,25,10,20
44,89,0.8943370081968669,0.00018235152861056006,0.10545514327268155,2.549700184036196e-05,25,10,20
44,90,0.9851290140263963,1.527633278691753e-07,0.014696363173463607,0.0001744700368119282,25,10,20
44,91,0.9808622581336155,8.651825480358315e-07,0.019129278253527268,7.598430309218084e-06,25,10,20
44,92,0.9763499831312984,2.4588632917487473e-07,0.023634454373333492,1.5316609038421214e-05,25,10,20
44,93,0.9271709018626314,1.5838652449780163e-07,0.07282391392344115,5.02582740238765e-06,25,10,20
44,94,0.9750767603518944,8.419243176749896e-07,0.02492065037583183,1.7473479561340494e-06,25,10,20
44,95,0.967678176094394,9.976152679715135e-07,0.03231657881199986,4.2474783378774305e-06,25,10,20
44,96,0.9504193117605039,0.0007515827182502849,0.04882869086696728,4.1465427806697456e-07,25,10,20
44,97,0.9554059542227453,1.2461618277180607e-06,0.04458127822040626,1.1521395020451865e-05,25,10,20
44,98,0.9554525022163347,1.8868099143578184e-07,0.044536884774495966,1.042432817737843e-05,25,10,20
44,99,0.970286201493069,8.516070931148243e-07,0.029705118713058108,7.828186780334582e-06,25,10,20
44,100,0.92448914229039,4.111167455224493e-05,0.07546444575082294,5.3002842350072375e-06,25,10,20
44,101,0.9264827697568923,3.209320632624133e-05,0.07347197333984602,1.3163696934769733e-05,25,10,20
44,102,0.9052839424278631,1.247625499246363e-05,0.09442430199205963,0.00027927932508467327,25,10,20
44,103,0.9361444048638403,3.3150106578946803e-07,0.06147950584427152,0.0023757577908223824,25,10,20
44,104,0.9237178314797094,1.2771812699575785e-06,0.07326925469430477,0.0030116366447160143,25,10,20
44,105,0.9552377925252185,3.226599536895499e-07,0.042357349699775726,0.0024045351150522544,25,10,20
44,106,0.8544007489807497,1.0476719171168675e-06,0.13558837059568232,0.010009832751650906,25,10,20
44,107,0.7889080542227518,0.00021144934900317998,0.19236347922951416,0.01851701719873034,25,10,20
44,108,0.797139603190936,0.0002022110248398281,0.19404936905608147,0.008608816728142926,25,10,20
44,109,0.8586880861477391,2.593031369837138e-06,0.14130405706216553,5.26375872556617e-06,25,10,20
44,110,0.9150436990187251,2.5971622029759832e-05,0.08276247648219666,0.002167852877048689,25,10,20
44,111,0.8924005518936518,4.5541083985420514e-06,0.06812402480107191,0.03947086919687812,25,10,20
44,112,0.8887729793554758,4.359264671481516e-06,0.07167729307772701,0.03954536830212598,25,10,20
44,113,0.8778236653158554,5.095664816143352e-06,0.08261654064192571,0.0395546983774021,25,10,20
44,114,0.9092099439600853,5.309561340492739e-06,0.051120841948568474,0.03966390453000583,25,10,20
44,115,0.9200875497786933,3.5384596942271113e-06,0.0410728266963329,0.03883608506527952,25,10,20
44,116,0.9200791152165003,3.25276314615551e-07,0.04088237270866097,0.03903818679852403,25,10,20
44,117,0.8742564257364239,4.398481139852208e-07,0.08383116540232274,0.041911969013139566,25,10,20
44,118,0.8609640375781973,4.5011245594196354e-05,0.09928325747938675,0.039707693696821277,25,10,20
44,119,0.8681248335614778,5.415964213937769e-06,0.1318104292627695,5.9321211538434085e-05,25,10,20
44,120,0.9238500248712559,3.404264192272249e-05,0.07585237248257529,0.00026356000424644426,25,10,20
44,121,0.9389711929065578,1.7029908567242016e-05,0.06034710539907077,0.0006646717858045776,25,10,20
44,122,0.9266872187975511,1.2410067682710406e-06,0.07327049495928431,4.1045236395861624e-05,25,10,20
44,123,0.8917712762982087,8.604694744169725e-08,0.1081706410679065,5.799658693741075e-05,25,10,20
44,124,0.8577569768771375,0.00018688507937420626,0.14205428803469794,1.850008791333406e-06,25,10,20
44,125,0.9482195808292998,0.00018689847525660277,0.05159082478583282,2.695909610258134e-06,25,10,20
44,126,0.9284717489692685,2.8519519780679485e-05,0.07149247570186774,7.2558090832750435e-06,25,10,20
44,127,0.9291680126517143,5.529338079943163e-07,0.07082388028779273,7.5541266848222945e-06,25,10,20
44,128,0.8990633882934865,1.1805607380069612e-06,0.09835799706168412,0.0025774340840914994,25,10,20
44,129,0.8743252659389357,9.235210333989274e-07,0.12566843861086252,5.371929168288117e-06,25,10,20
44,130,0.8864500013375317,2.3449259250798287e-06,0.11354524482713567,2.408909407517375e-06,25,10,20
44,131,0.9351566734552651,5.846650508927717e-07,0.06482384836844146,1.8893511243237e-05,25,10,20
44,132,0.9565418491453745,1.779762524595823e-07,0.04341330242566339,4.467045270947458e-05,25,10,20
44,133,0.9770283846391989,4.6870274339326004e-07,0.02295619853743502,1.494812062240752e-05,25,10,20
44,134,0.9506802601133938,1.72132088425183e-06,0.049297113493373575,2.0905072348492066e-05,25,10,20
44,135,0.8990028102496679,1.6751285035675424e-06,0.10096522009521099,3.0294526617804457e-05,25,10,20
44,136,0.9006959421526468,0.0001827428678957305,0.09909077638622335,3.0538593233885495e-05,25,10,20
44,137,0.9100474528426505,8.280243461542393e-05,0.08983125477421396,3.848994852032016e-05,25,10,20
44,138,0.9267472493335168,8.370301222059572e-05,0.07316540770086483,3.6399533973432556e-06,25,10,20
44,139,0.9251620474094264,9.332569593551353e-06,0.07476476914174503,6.385087923538382e-05,25,10,20
44,140,0.9252042599901951,1.1182003612565742e-05,0.07110641693914405,0.0036781410670480895,25,10,20
44,141,0.8634471133276197,1.1625908395859501e-05,0.13261844633839787,0.003922814425587231,25,10,20
44,142,0.8782663733789792,1.1997097988649354e-05,0.12153047737247588,0.0001911521505562825,25,10,20
44,143,0.9523099259848331,1.3615149466387295e-05,0.04760359276000977,7.286610569060989e-05,25,10,20
44,144,0.9382259519064676,5.160238249011137e-07,0.06172939687776236,4.413519194459538e-05,25,10,20
44,145,0.8961588646953538,7.3735478489061e-05,0.10365449381450427,0.00011290601165318386,25,10,20
44,146,0.9394040616596775,7.641894804620334e-07,0.060582371275832526,1.280287501018184e-05,25,10,20
44,147,0.9098950404193871,1.8380599696741478e-06,0.0899673359551586,0.00013578556548471548,25,10,20
44,148,0.9255595269218607,3.673998045101957e-05,0.07433733801614129,6.639508154727599e-05,25,10,20
44,149,0.9060143084751279,3.551166996363288e-05,0.09326034813427576,0.0006898317206325055,25,10,20
44,150,0.9520376286331381,7.3686004929357e-07,0.04793831501074913,2.331949606348432e-05,25,10,20
44,151,0.9212447187217256,7.312680229929176e-07,0.07873334607749215,2.1203932759074474e-05,25,10,20
44,152,0.9279913368425055,1.5147555892222598e-06,0.07192244520402691,8.470319787813879e-05,25,10,20
44,153,0.8817988069828679,1.5935201739353165e-06,0.1181281789981959,7.14204987624014e-05,25,10,20
44,154,0.8971848805451108,3.4004154742841326e-06,0.10253412911773975,0.0002775899216749746,25,10,20
44,155,0.9599136571646616,1.39021656357068e-07,0.040010854889227,7.534892445479418e-05,25,10,20
44,156,0.91808017775392,2.9972458414672183e-06,0.08144057889434299,0.0004762461058950581,25,10,20
44,157,0.945626369232587,1.0946918198416672e-06,0.054371606701771505,9.29373821808768e-07,25,10,20
44,158,0.9688891499019907,4.459196172248544e-06,0.03110124414432465,5.146757512401849e-06,25,10,20
44,159,0.91291755025786,2.3534372640718354e-06,0.08626314171705435,0.0008169545878211908,25,10,20
44,160,0.8765354705325372,9.964851163833005e-07,0.12346266566032649,8.673220188455768e-07,25,10,20
44,161,0.9181554310740191,4.489336443410632e-05,0.0817843383103583,1.5337251188339245e-05,25,10,20
44,162,0.9612794280539642,9.73004873595998e-07,0.03870756312591969,1.2035815243214156e-05,25,10,20
44,163,0.8766172700578327,2.1102760849451545e-06,0.12332202230886083,5.85973572212406e-05,25,10,20
44,164,0.8886939277136959,1.5905623803617373e-06,0.11128093384628754,2.3547877636897818e-05,25,10,20
44,165,0.850148068992023,2.323017712338751e-06,0.14984164274111805,7.96524914776079e-06,25,10,20
44,166,0.8415968130221542,3.929319550185834e-06,0.15830006416611206,9.91934921834133e-05,25,10,20
44,167,0.9072684917225133,4.003703339954109e-06,0.08492820148415273,0.007799303089993985,25,10,20
44,168,0.8877407001963153,5.9639633478779764e-05,0.1121929623137422,6.697856463359279e-06,25,10,20
44,169,0.9376350333198081,3.0445170999382445e-06,0.06234902249009299,1.2899672998968392e-05,25,10,20
44,170,0.9469395138995402,6.21962630030862e-07,0.05305014464334718,9.719494482459503e-06,25,10,20
44,171,0.8737874500787741,7.423641664645453e-07,0.1259391607733709,0.0002726467836887924,25,10,20
44,172,0.905951870656332,3.12460538385657e-07,0.09400595246443194,4.1864418696853465e-05,25,10,20
44,173,0.9566329865353828,6.4116274822876855e-06,0.04029065430680194,0.0030699475303329815,25,10,20
44,174,0.939501098467371,1.101172354552358e-06,0.0574260318752158,0.003071768485059398,25,10,20
44,175,0.9501977584739513,1.608777097441255e-05,0.0497768577263533,9.296028721416964e-06,25,10,20
44,176,0.9552605068122,1.708812802676576e-05,0.04471765412994843,4.750929825392518e-06,25,10,20
44,177,0.8870975891428049,1.8385168991638413e-05,0.11032715973637629,0.002556865951826876,25,10,20
44,178,0.8801775524642403,0.0002675743253800391,0.11735773825052556,0.0021971349598545464,25,10,20
44,179,0.9264637045589977,2.783519780819843e-06,0.07340933586092589,0.0001241760602961238,25,10,20
44,180,0.8939113653324996,1.9340993112467918e-05,0.10554938340345549,0.0005199102709315096,25,10,20
44,181,0.912714931859081,1.6877970541898674e-05,0.08677888914050634,0.0004893010298696538,25,10,20
44,182,0.9457574000038147,5.497189503537021e-07,0.053894907101998284,0.0003471431752367811,25,10,20
44,183,0.9453583003091538,5.6857026225724684e-05,0.05435047406039816,0.0002343686042222769,25,10,20
44,184,0.9535404019457832,3.210599440205246e-05,0.04542239088608277,0.0010051011737318395,25,10,20
44,185,0.8746637055678059,3.09623288764147e-05,0.12529895852226902,6.373581048759785e-06,25,10,20
44,186,0.8837061949119992,2.902355611068434e-06,0.11628450473189883,6.398000491370399e-06,25,10,20
44,187,0.8745780995315734,1.485080727462674e-06,0.12383769809909483,0.0015827172886042629,25,10,20
44,188,0.9097835295807702,2.50934766089436e-05,0.08838437429321452,0.0018070026494060362,25,10,20
44,189,0.9329234373918284,4.05616511761359e-07,0.065506229869758,0.0015699271219016848,25,10,20
44,190,0.9176140247661744,1.274698993003348e-07,0.0808058510239398,0.0015799967399865813,25,10,20
44,191,0.9273370904089713,4.841307207630744e-07,0.0726089386997454,5.348676056315394e-05,25,10,20
44,192,0.8933866436354003,3.347800094315464e-06,0.10608614552181785,0.0005238630426869336,25,10,20
44,193,0.8708905881860326,3.5639771725841015e-06,0.12853509485131456,0.0005707529854791885,25,10,20
44,194,0.8563306602933538,5.404703222392878e-06,0.14361553701633997,4.839798708306226e-05,25,10,20
44,195,0.8809358728656319,2.0390967703714316e-06,0.11905284985132968,9.238186267579013e-06,25,10,20
44,196,0.8837153798561974,5.163686373846046e-05,0.11487234150143469,0.0013606417786296617,25,10,20
44,197,0.8425859603517227,2.540199730665309e-06,0.14995108599757512,0.007460413450971062,25,10,20
44,198,0.8627614845376412,0.0010427845054565546,0.13613329654124812,6.243441565281958e-05,25,10,20
44,199,0.90756390706128,1.388345920787213e-06,0.09241476314545566,1.9941447342873327e-05,25,10,20
44,200,0.8841751809938532,3.409334025920632e-05,0.11577660901409567,1.4116651791707063e-05,25,10,20
44,201,0.9059022439211225,7.774225083778232e-06,0.09406445189069718,2.5529963096550975e-05,25,10,20
44,202,0.864549101955483,1.577134863842186e-05,0.135399791818442,3.53348774379433e-05,25,10,20
44,203,0.8926850389715838,0.00028767553108534035,0.10701664238616586,1.0643111165302627e-05,25,10,20
44,204,0.9567582305746462,1.6042208923089496e-06,0.04323717085643567,2.9943480257904997e-06,25,10,20
44,205,0.9473664702110718,1.239712249307937e-06,0.052620551778596425,1.1738298082452788e-05,25,10,20
44,206,0.9438231668949729,4.911416874647638e-06,0.05546792541724382,0.0007039962709088316,25,10,20
44,207,0.8994482696405778,1.2640537117900511e-05,0.09977005023728208,0.0007690395850217668,25,10,20
44,208,0.9171265005752341,1.2628509155418451e-05,0.0821305773640125,0.0007302935515983833,25,10,20
44,209,0.9625895402996558,2.780039442793209e-07,0.03726960885618748,0.00014057284021247164,25,10,20
44,210,0.9167219519754936,1.0133136652352253e-06,0.08282561926150986,0.00045141544933138925,25,10,20
44,211,0.882573921780223,1.4320079813952809e-05,0.1169568695836388,0.0004548885563248446,25,10,20
44,212,0.8990527866582112,1.3850101786081687e-05,0.10087091643822654,6.244680177659116e-05,25,10,20
44,213,0.9690649167899362,2.470896793737396e-07,0.030895644028576606,3.919209180738135e-05,25,10,20
44,214,0.9633803421475653,2.9481865644686995e-07,0.03657541992691141,4.394310686653882e-05,25,10,20
44,215,0.9331716453409468,0.001115707972974254,0.06570339562540974,9.251060668572983e-06,25,10,20
44,216,0.9036876628375827,1.0135578397682907e-05,0.09622447761766503,7.772396635444324e-05,25,10,20
44,217,0.9124755652567923,4.796798905870665e-06,0.08746949191360683,5.014603069482173e-05,25,10,20
44,218,0.9482262082794981,1.7264742419595085e-06,0.051749171947059865,2.2893299199992055e-05,25,10,20
44,219,0.9391396897600224,2.0585006914268897e-06,0.060649297546012504,0.00020895419327339514,25,10,20
44,220,0.9627032030689132,6.252102545184501e-07,0.03672207114936476,0.0005741005714673198,25,10,20
44,221,0.9820300543905561,2.009102118133483e-07,0.017960523881094675,9.22081813755389e-06,25,10,20
44,222,0.9389732924836451,5.970593117011122e-06,0.06100683602672734,1.3900896510551376e-05,25,10,20
44,223,0.9433733702530246,1.050661988414726e-05,0.05660728876313426,8.834363957179413e-06,25,10,20
44,224,0.9373501497262553,1.1082963852741257e-05,0.062283718827167295,0.00035504848272448273,25,10,20
44,225,0.9223734761364204,4.333256486575912e-05,0.07491978841255792,0.00266340288615565,25,10,20
44,226,0.9152462853253981,9.26747061685592e-06,0.08469901987835325,4.5427325631479664e-05,25,10,20
44,227,0.8870885199726305,2.2547148048014436e-05,0.11288140020008351,7.5326792372762774e-06,25,10,20
44,228,0.9473781211041481,2.46276776476541e-06,0.052614870821425824,4.5453066602506925e-06,25,10,20
44,229,0.9456251896584702,3.9862338141601584e-05,0.05412435845851483,0.00021058954487306874,25,10,20
44,230,0.8834097011471026,2.1367707002824284e-06,0.11657865281788457,9.509264312737123e-06,25,10,20
44,231,0.9602879771313836,1.6933251087164471e-06,0.03965881958908081,5.150995442766864e-05,25,10,20
44,232,0.9095250715576941,3.780462209592342e-06,0.09033345008326502,0.00013769789683118198,25,10,20
44,233,0.9289478795922159,2.8290202227972903e-06,0.07103848071324191,1.0810674318491444e-05,25,10,20
44,234,0.9180273882414052,5.2941370810686435e-06,0.04310973748839712,0.03885758013311651,25,10,20
44,235,0.8496864409847684,3.3036368177952615e-06,0.11127443446360166,0.03903582091481309,25,10,20
44,236,0.9074667011974753,1.7254512623983722e-05,0.05339923721201883,0.03911680707788164,25,10,20
44,237,0.9317172139277292,1.2846925356640523e-06,0.03072420154026474,0.03755729983947067,25,10,20
44,238,0.8769923793227993,1.7336949160806538e-06,0.09190613086027896,0.031099756122005356,25,10,20
44,239,0.8469046221643742,1.6462301366265927e-06,0.15294393508868562,0.00014979651680323833,25,10,20
44,240,0.9338192929757549,2.2273102863858575e-06,0.06616424159176618,1.4238122192204958e-05,25,10,20
44,241,0.8823040065980878,7.068506851825838e-07,0.11769217877865033,3.1077725767746825e-06,25,10,20
44,242,0.8876880920777888,9.269760610323738e-07,0.1122328872076012,7.809373855027584e-05,25,10,20
44,243,0.8814034022269308,5.885895476833427e-06,0.11857845412990135,1.2257747691148139e-05,25,10,20
44,244,0.9173393174482567,6.0828315409760124e-06,0.08253945697776473,0.00011514274243757481,25,10,20
44,245,0.8785687314613636,1.4052392060618406e-06,0.12140056427211157,2.9299027318197002e-05,25,10,20
44,246,0.9105392284507517,1.6120998439573797e-06,0.0894388604076822,2.0299041721489487e-05,25,10,20
44,247,0.8753977932875919,2.039213999528505e-05,0.12458093323668723,8.813357253838593e-07,25,10,20
44,248,0.855342078106622,2.194875481833066e-05,0.14253645592734454,0.0020995172112153702,25,10,20
44,249,0.9644330570810395,1.6612645727683846e-06,0.03556147155673055,3.8100976569056977e-06,25,10,20
44,250,0.9435277055093758,1.8629860876662088e-06,0.056460942262570486,9.489241965849994e-06,25,10,20
44,251,0.9481577429109654,3.652665097608546e-05,0.05174103329528206,6.469714277576224e-05,25,10,20
44,252,0.9835085883265977,5.153598371751555e-06,0.016231156894829023,0.00025510118020136006,25,10,20
44,253,0.9397550638833602,5.9138890109738465e-06,0.06017162293991849,6.739928771018674e-05,25,10,20
44,254,0.9449046881299467,7.652486633040855e-07,0.055087902234709905,6.644386680256844e-06,25,10,20
44,255,0.901365902472851,4.496847191707433e-07,0.09862664904982689,6.998792602247273e-06,25,10,20
44,256,0.9016662589076745,2.4914254590378727e-07,0.0980380853879383,0.0002954065618402221,25,10,20
44,257,0.8616251517974007,2.7267491574349108e-06,0.13752996943716256,0.000842152016279212,25,10,20
44,258,0.7648609938063905,0.0002229776469956464,0.23428359300035,0.0006324355462625541,25,10,20
44,259,0.842150699266017,8.179497164625768e-07,0.15781263742907906,3.584535518712306e-05,25,10,20
44,260,0.8610587487249094,1.631622454347477e-05,0.1388907244449343,3.4210605613046595e-05,25,10,20
44,261,0.9183227577158647,2.324884957777252e-07,0.08059518818634898,0.0010818216092905021,25,10,20
44,262,0.8058261041581154,3.7369164891642682e-06,0.1941017854931911,6.837343220515225e-05,25,10,20
44,263,0.860677894229354,1.3361979563306086e-05,0.13919411952871344,0.00011462426236964437,25,10,20
44,264,0.8286294138482417,2.990180287945968e-06,0.16953083795183957,0.0018367580196301861,25,10,20
44,265,0.8998604290992231,1.8617852456739374e-06,0.09983650380627399,0.00030120530925684385,25,10,20
44,266,0.9181351136638435,5.095853964138344e-05,0.07589087749072133,0.005923050305793981,25,10,20
44,267,0.9675621566705697,2.636911149994526e-05,0.0322167914051733,0.00019468281275690128,25,10,20
44,268,0.9795526084679815,3.586849224462601e-07,0.020445791210180867,1.2416369152013563e-06,25,10,20
44,269,0.9665555513252957,2.942952216649682e-07,0.03344195374845143,2.2006310320059107e-06,25,10,20
44,270,0.9161472292828902,1.4533375841128576e-07,0.08382199160738307,3.0633775967921526e-05,25,10,20
44,271,0.9306207910255693,5.3936368151003486e-06,0.06934964630505305,2.4169032563026455e-05,25,10,20
44,272,0.9513088146971262,4.0536116815092547e-07,0.04868826797841929,2.511963286756629e-06,25,10,20
44,273,0.9362265100482037,5.223910251494358e-05,0.06371737875036669,3.8720989147084395e-06,25,10,20
44,274,0.9167337632577612,8.609132612205083e-06,0.08325562419269662,2.0034169294116805e-06,25,10,20
44,275,0.9389629688218748,1.2940462783113957e-06,0.060916142131808376,0.00011959500003847203,25,10,20
44,276,0.9558888020794878,5.920169482145775e-07,0.04397925405466112,0.00013135184890283974,25,10,20
44,277,0.9196718756310919,3.414182260009376e-05,0.07990993174094844,0.00038405080535956174,25,10,20
44,278,0.9495067184928968,0.0007606055836030295,0.04968604740892532,4.662851457471999e-05,25,10,20
44,279,0.9170168024222005,0.00076070756063937,0.082204716132624,1.7773884535949627e-05,25,10,20
44,280,0.951852096669263,1.6931078575918548e-07,0.04810639678602384,4.13372339272225e-05,25,10,20
44,281,0.9371269796189128,8.275011310419419e-07,0.06281873494801642,5.345793193984275e-05,25,10,20
44,282,0.888394847103266,0.00012453989413135563,0.10706008776299798,0.0044205252396045955,25,10,20
44,283,0.8889426625409069,0.0001250620397313804,0.10652761760161025,0.004404657817751862,25,10,20
44,284,0.9112445796735185,9.723322134856773e-07,0.08824390452332061,0.0005105434709474897,25,10,20
44,285,0.9497703847705377,3.609822717002505e-05,0.04982485438034798,0.0003686626219439932,25,10,20
44,286,0.9674410529546096,3.6874857161873035e-05,0.03250537977417971,1.6692414048938577e-05,25,10,20
44,287,0.9097444741193061,7.182627722660808e-07,0.09023414656872668,2.06610491944081e-05,25,10,20
44,288,0.8933826372277021,2.6113538387946352e-05,0.10658322199911055,8.027234800001671e-06,25,10,20
44,289,0.8529981985177559,0.00039131951881491654,0.14649074899289924,0.00011973297053059998,25,10,20
44,290,0.8251177154434057,0.00036567235721773265,0.17451134226584838,5.269933528666449e-06,25,10,20
44,291,0.741719637452555,0.00036465127926705866,0.25790184611066125,1.3865157516182274e-05,25,10,20
44,292,0.8309059796663764,2.0139894245868305e-05,0.1690690957312343,4.7847081426158965e-06,25,10,20
44,293,0.9073505132411814,1.331878607869075e-05,0.09257610971388174,6.0058258858886976e-05,25,10,20
44,294,0.9056399563095405,1.3059813347745016e-05,0.09428704830708784,5.9935570024418897e-05,25,10,20
44,295,0.9117054148265369,1.259544619850926e-05,0.08827661246792283,5.3772593414236045e-06,25,10,20
44,296,0.8877975535854992,8.82215588579304e-07,0.11219951405455769,2.0501443551503714e-06,25,10,20
44,297,0.8801078362086407,1.5773865745635405e-06,0.11988669009653974,3.8963082444072925e-06,25,10,20
44,298,0.9004364946075267,4.53651004522102e-07,0.09950124751448276,6.180422698661395e-05,25,10,20
44,299,0.9779954382886445,2.9961746949857555e-06,0.021996356633668973,5.20890299102832e-06,25,10,20
44,300,0.9619681199455326,6.465640834006856e-07,0.03790710831271943,0.00012412517766419103,25,10,20
44,301,0.9263025713964903,1.3147744249981547e-06,0.07357599867870417,0.00012011515038013529,25,10,20
44,302,0.901904869840833,1.2060350551155168e-05,0.09796028080886902,0.00012278899974719896,25,10,20
44,303,0.8908267127600922,5.319213751174716e-07,0.10911587889540586,5.687642312636347e-05,25,10,20
44,304,0.8726124206931034,4.532848427765021e-06,0.12733065339686808,5.23930616011314e-05,25,10,20
44,305,0.8929701424892811,4.601097710959347e-06,0.10160238527584557,0.005422871137162554,25,10,20
44,306,0.9237179283670146,4.071658065397183e-06,0.07623598386255616,4.2016112363721035e-05,25,10,20
44,307,0.9585236692226831,1.8958767731596874e-06,0.04141447027725742,5.996462328621999e-05,25,10,20
44,308,0.9494685396651164,6.024095041351337e-07,0.05052614903781233,4.708887568162544e-06,25,10,20
44,309,0.9277324580002787,7.209928923445862e-07,0.07225155529940377,1.526570742566879e-05,25,10,20
44,310,0.9526265313680479,4.5764525649956335e-06,0.04714539571555022,0.00022349646383669865,25,10,20
44,311,0.9459484265087564,1.0459736126389176e-06,0.053990461784017854,6.006573361222112e-05,25,10,20
44,312,0.9102881440669228,3.973460290738728e-05,0.08966287690013384,9.244430036306676e-06,25,10,20
44,313,0.9144047496623712,4.786557602760812e-05,0.08487694659476099,0.0006704381668411678,25,10,20
44,314,0.812339520996572,3.279732152221505e-05,0.18579387450194149,0.001833807179964852,25,10,20
44,315,0.8186753389358961,3.069728488801634e-05,0.16610630652747221,0.0151876572517439,25,10,20
44,316,0.8599119199984118,7.204052097566075e-06,0.13682472818183947,0.003256147767650627,25,10,20
44,317,0.9003833333799554,5.320508401602071e-07,0.09961372908339233,2.4054858115259185e-06,25,10,20
44,318,0.8701688827838966,1.357725577726023e-06,0.12970201843616339,0.00012774105436236648,25,10,20
44,319,0.8988701439568998,9.348680130864015e-06,0.10109158337602356,2.89239869451126e-05,25,10,20
44,320,0.9189194432269748,6.388676954263504e-06,0.08077496799373703,0.00029920010233427745,25,10,20
44,321,0.9183390643353019,5.5894493719879875e-06,0.08164975486920852,5.591346117543623e-06,25,10,20
44,322,0.9574899366753484,2.0337532975805493e-05,0.042485110365014365,4.615426661721211e-06,25,10,20
44,323,0.9599292193761009,5.065376483264722e-06,0.039754069172478056,0.0003116460749373499,25,10,20
44,324,0.9168764561246845,1.460654742231095e-06,0.08290186384326496,0.00022021937730884496,25,10,20
44,325,0.8656737020043253,1.5029237940005118e-06,0.1340571403741161,0.0002676546977643534,25,10,20
44,326,0.9292872235734219,1.5344696419622244e-05,0.07061624519205814,8.118653810010255e-05,25,10,20
44,327,0.9444145319804307,1.7198116322308704e-06,0.055525663751782445,5.808445615522288e-05,25,10,20
44,328,0.8966259097169065,1.7747536423631064e-06,0.10301591720705051,0.00035639832240037735,25,10,20
44,329,0.8392598852399792,2.9693808804541808e-06,0.16013579007246725,0.0006013553066727348,25,10,20
44,330,0.8340526969909096,7.383973043225182e-06,0.1658344990458317,0.00010541999021548682,25,10,20
44,331,0.8342196515185375,5.6058099069622285e-06,0.1657691328067169,5.609864838012556e-06,25,10,20
44,332,0.8997508203223284,2.159635721374302e-06,0.10020575805203952,4.126198991107e-05,25,10,20
44,333,0.8605610265484449,4.794138687134616e-06,0.13941383131936005,2.034799350760742e-05,25,10,20
44,334,0.9293912965694318,2.699447408380836e-06,0.07059442527480292,1.1578708357197453e-05,25,10,20
44,335,0.9096736286849191,5.046435314426461e-07,0.08997042825601113,0.0003554384155380659,25,10,20
44,336,0.9095633737501534,2.4797244198853556e-06,0.09008538821907636,0.00034875830635056407,25,10,20
44,337,0.8550936546497243,3.850455959374936e-07,0.1449026952627241,3.265041955066017e-06,25,10,20
44,338,0.8487628686200125,1.33635729482278e-06,0.15122986879107136,5.926231621941983e-06,25,10,20
44,339,0.851825355164418,0.00026994741120063196,0.1476994367040176,0.00020526072036355401,25,10,20
44,340,0.9446097343913793,2.8650382900392408e-05,0.055223610865091734,0.0001380043606284415,25,10,20
44,341,0.9710851848049218,1.842994247208423e-06,0.028912060061051764,9.121397793278805e-07,25,10,20
44,342,0.9398326009503797,1.5338210045247354e-05,0.059151541766936155,0.0010005190726391504,25,10,20
44,343,0.9584426729450604,2.3015318252859203e-06,0.041323097789086854,0.00023192773402743512,25,10,20
44,344,0.896949338254116,2.3892120212860887e-05,0.10302279368997067,3.975935699753305e-06,25,10,20
44,345,0.91364694718108,8.25825140343864e-06,0.08630243423833182,4.236032918398851e-05,25,10,20
44,346,0.9188686275050013,2.81987654839277e-05,0.08108565059409534,1.7523135419492207e-05,25,10,20
44,347,0.7953702430353107,0.00022714392793898413,0.20438394037697297,1.8672659774651542e-05,25,10,20
44,348,0.8922927446941784,0.0002220479431308132,0.107457118779396,2.8088583294240615e-05,25,10,20
44,349,0.9150682585228372,1.6679673586237052e-06,0.0848945763510633,3.5497158740197815e-05,25,10,20
44,350,0.8962732057838929,1.7155442792256683e-06,0.10369017982453371,3.489884729403676e-05,25,10,20
44,351,0.8703528905916782,1.0402517166659429e-07,0.12941362241033783,0.00023338297281235768,25,10,20
44,352,0.8343893422848886,1.5281770298034253e-07,0.16021069251592682,0.005399812381481656,25,10,20
44,353,0.9015669068336314,2.499591651988827e-07,0.09842031793302457,1.2525274179352947e-05,25,10,20
44,354,0.9075933608843976,1.6221592362599017e-06,0.09217283720309863,0.00023217975326709242,25,10,20
44,355,0.9183292188778135,1.8259470461484706e-06,0.08165398381359613,1.4971361544185902e-05,25,10,20
44,356,0.9706368272843077,1.9223700364359998e-06,0.028425448962400193,0.000935801383255816,25,10,20
44,357,0.9386398410005958,1.210542774856342e-05,0.06131916640618537,2.8887165470912136e-05,25,10,20
44,358,0.9840254993413954,3.2527954271128083e-06,0.015967323609932235,3.9242532454141826e-06,25,10,20
44,359,0.9552592103561567,1.3739569189395906e-05,0.044686000533345115,4.104954130861361e-05,25,10,20
44,360,0.9642674885961823,4.186572082572039e-06,0.03570781974867771,2.0505083057655013e-05,25,10,20
44,361,0.9620296310403299,5.59270304899863e-07,0.03795186962385659,1.7940065508400402e-05,25,10,20
44,362,0.9009862702900905,1.8528510508957144e-06,0.09899989222677412,1.1984632084856789e-05,25,10,20
44,363,0.9094703031401572,1.9564573022668668e-06,0.09052412289284147,3.6175096989974833e-06,25,10,20
44,364,0.9129373490208376,5.767158739072797e-07,0.08700082243799125,6.12518252974282e-05,25,10,20
44,365,0.9052247721910145,6.941932382466127e-07,0.09472978475095221,4.474886479562483e-05,25,10,20
44,366,0.9236378532941338,2.261847875377664e-07,0.07147914099200742,0.004882779529070611,25,10,20
44,367,0.875386264536548,0.002212353097956744,0.12176797254809228,0.0006334098174030023,25,10,20
44,368,0.9110370537729257,0.0021639979542780454,0.08617655604298326,0.0006223922298133468,25,10,20
44,369,0.9641834371093203,2.4850966489133128e-05,0.03574701462972684,4.469729446357883e-05,25,10,20
44,370,0.9536490297258118,7.83332072606482e-06,0.04629012491443359,5.301203902822272e-05,25,10,20
44,371,0.9824976130137323,1.7651622413990467e-06,0.01749945428943261,1.1675345935326497e-06,25,10,20
44,372,0.8761704829076246,5.05222054708492e-07,0.12365869203746364,0.00017031983285659553,25,10,20
44,373,0.9292389581879595,3.7060340581278864e-07,0.06919266007447779,0.0015680111341570548,25,10,20
44,374,0.9623618861082103,6.520216810575702e-06,0.037393477723959054,0.00023811595102013046,25,10,20
44,375,0.9270836101427178,3.2613905741564916e-06,0.07265607773547798,0.00025705073123065853,25,10,20
44,376,0.9010427758112921,3.550654869782593e-06,0.09890666739546618,4.700613837196207e-05,25,10,20
44,377,0.8979488962074521,2.1515235333624926e-06,0.10201323798805037,3.571428096469232e-05,25,10,20
44,378,0.8618608944345979,2.4495358857177896e-05,0.13810447351965013,1.0136686895124397e-05,25,10,20
44,379,0.8920823709315522,2.7801831471493585e-05,0.10788655635483277,3.2708821433127263e-06,25,10,20
44,380,0.9269089785139367,7.895551528082097e-06,0.07307620112777663,6.9248067590392776e-06,25,10,20
44,381,0.8042345052643463,1.2027007046371936e-05,0.18708648288358506,0.008666984845021401,25,10,20
44,382,0.792219527971318,1.172852141594192e-05,0.19913105326121033,0.008637690246056155,25,10,20
44,383,0.8230162114494688,7.441525924635479e-07,0.17698225304726323,7.913506751933718e-07,25,10,20
44,384,0.8685908732376554,8.792112904087399e-05,0.13106434005969247,0.00025686557361132104,25,10,20
44,385,0.9012028487078502,1.5813298751698291e-06,0.09870009442867486,9.547553359949886e-05,25,10,20
44,386,0.8694365809664815,1.9391980254005466e-06,0.1305050698885136,5.640994697861902e-05,25,10,20
44,387,0.891956342541743,1.5958159506871498e-06,0.10795543451472772,8.662712757837547e-05,25,10,20
44,388,0.8292620288477316,7.1272968948488866e-06,0.17063429890818715,9.654494718569731e-05,25,10,20
44,389,0.879462440175339,6.133475446331032e-06,0.12040319847183109,0.0001282278773839342,25,10,20
44,390,0.8859227066203672,4.835582299082602e-05,0.1138684689297561,0.0001604686268856172,25,10,20
44,391,0.9467424389590756,4.720446808640838e-05,0.05318047142308994,2.9885149748036832e-05,25,10,20
44,392,0.935606434751381,9.86518360091602e-07,0.06428860698955421,0.00010397174070509485,25,10,20
44,393,0.8979901458370267,1.1130496214298255e-06,0.10193173676339459,7.7004349958275e-05,25,10,20
44,394,0.9259256333237376,5.410548584331106e-06,0.07402637212066432,4.258400701403122e-05,25,10,20
44,395,0.9603401626447727,3.7724543476480153e-07,0.03957904173990355,8.04183698890497e-05,25,10,20
44,396,0.9284544316789181,3.8677267167725934e-07,0.07149055790198504,5.462364642501046e-05,25,10,20
44,397,0.9269064945351702,3.1268536709909423e-07,0.07071820558970719,0.0023749871897555124,25,10,20
44,398,0.9048957278723714,1.6260674755605683e-07,0.09276550670901028,0.0023386028118705876,25,10,20
44,399,0.9137559319658612,0.0001301763126359716,0.08610492082443039,8.970897073115848e-06,25,10,20
44,400,0.8901150202370863,2.7981448444383978e-05,0.10985127161799534,5.726696474421661e-06,25,10,20
44,401,0.9433962329053963,7.959445886463447e-06,0.056577392240613526,1.8415408103852895e-05,25,10,20
44,402,0.9633495911882537,0.00016434700534036174,0.03646975966771865,1.6302138687361445e-05,25,10,20
44,403,0.9044382829880161,8.044167605729521e-07,0.09553543578166787,2.547681355532002e-05,25,10,20
44,404,0.8458137190389441,4.567732442070831e-06,0.15404488432812147,0.0001368289004924184,25,10,20
44,405,0.8903852842434565,4.613972530036041e-06,0.1095968536599197,1.3248124094266068e-05,25,10,20
44,406,0.9219407936787767,0.00015604900902648638,0.07765082816635828,0.0002523291458384955,25,10,20
44,407,0.9089162316858562,0.00015779479298668847,0.0907351039594957,0.0001908695616617128,25,10,20
44,408,0.8654655125794889,0.0001611580619578745,0.13075985822146524,0.003613471137088213,25,10,20
44,409,0.8602712882880741,0.0001610627055313795,0.13622112481341353,0.0033465241929808774,25,10,20
44,410,0.9269024202684628,2.3709514020662426e-07,0.07308940267153588,7.939964861121995e-06,25,10,20
44,411,0.9000568704837667,3.6631585093708747e-07,0.09969278748332329,0.000249975717059388,25,10,20
44,412,0.9313113462887362,6.857169173114613e-07,0.06818306138234852,0.0005049066119974948,25,10,20
44,413,0.9014591287724933,2.368196606216183e-06,0.09851363232375,2.4870707150080945e-05,25,10,20
44,414,0.8821087115341038,1.3530514972294285e-06,0.11761204559006884,0.00027788982432965946,25,10,20
44,415,0.8958221497444402,2.860410305255312e-06,0.10364785416292108,0.0005271356823322255,25,10,20
44,416,0.8922305765475618,1.473079595128705e-06,0.10704890780920341,0.0007190425636392926,25,10,20
44,417,0.9057187070003552,1.6727179832245137e-06,0.09289454791733924,0.0013850723643220526,25,10,20
44,418,0.8825071809148235,1.8438838607842078e-06,0.11727628217759373,0.00021469302372184576,25,10,20
44,419,0.9449553067787865,3.197059696810097e-06,0.05501082603815974,3.067012335682994e-05,25,10,20
44,420,0.9273551705411517,5.664652553825821e-06,0.07261854089800414,2.0623908289927112e-05,25,10,20
44,421,0.9101524054317415,3.009670345726571e-06,0.08978556866371293,5.901623419889403e-05,25,10,20
44,422,0.9408883284538885,2.518521979989069e-06,0.05909302943762116,1.6123586510483817e-05,25,10,20
44,423,0.9378664750337424,2.4144697321991567e-06,0.062014298086181856,0.00011681241034372354,25,10,20
44,424,0.9433502261830831,0.00020902374084710642,0.05640406420900732,3.668586706170713e-05,25,10,20
44,425,0.8509670957253985,3.486168516504438e-05,0.14895359769320454,4.444489623287239e-05,25,10,20
44,426,0.8308631575239882,7.869991060936148e-06,0.1688241786966085,0.0003047937883429915,25,10,20
44,427,0.892787955845838,3.484199194010362e-06,0.10698652101287215,0.00022203894209627567,25,10,20
44,428,0.8502592886518697,7.054207015937078e-05,0.1496384968831496,3.167239482049592e-05,25,10,20
44,429,0.8398575849137484,1.9761098828253066e-06,0.15987252190325624,0.00026791707311193247,25,10,20
44,430,0.9115689156510592,2.1166218823783163e-05,0.08809595187981303,0.000313966250303819,25,10,20
44,431,0.9243535346631144,3.041852742349518e-07,0.07524744967603243,0.0003987114755796079,25,10,20
44,432,0.874400062727241,1.219610717139626e-06,0.12558740517492223,1.131248711969949e-05,25,10,20
44,433,0.9214029090720756,1.9063958518033788e-05,0.07856701730153856,1.1009667867259984e-05,25,10,20
44,434,0.8855853371688391,8.699329067219646e-06,0.11402793685804186,0.0003780266440520325,25,10,20
44,435,0.8603635566921481,3.712661093646432e-07,0.13922970271468837,0.0004063693270550497,25,10,20
44,436,0.8756519982103826,1.4560756528215024e-05,0.12391648563281123,0.00041695540027829407,25,10,20
44,437,0.904222753476474,1.883776844366907e-05,0.09574687554092842,1.1533214153609684e-05,25,10,20
44,438,0.9052082668594283,2.5787166527580824e-06,0.0947215074612713,6.764696264678808e-05,25,10,20
44,439,0.8944424079271756,8.832933230072625e-07,0.1055005393186358,5.6169460865379744e-05,25,10,20
44,440,0.9144316146081808,8.130430726495723e-07,0.08550787414845681,5.969820028905835e-05,25,10,20
44,441,0.8700055116371551,2.2756993812487087e-07,0.12981165923080826,0.00018260156209851,25,10,20
44,442,0.8620726309933666,3.435787425717713e-05,0.13773262667665837,0.00016038445571791164,25,10,20
44,443,0.9375893711224034,5.272796901001351e-06,0.06237735922456315,2.7996856132937544e-05,25,10,20
44,444,0.9390626982671003,5.897566621491919e-06,0.060900940073738606,3.04640925397226e-05,25,10,20
44,445,0.9309822964129375,1.340741732251851e-05,0.06897281705421486,3.147911552524471e-05,25,10,20
44,446,0.9109724441726557,6.131855604517715e-06,0.08402240820972429,0.004999015762015536,25,10,20
44,447,0.8816398076892465,9.314002166038725e-06,0.11786712703869419,0.00048375126989433056,25,10,20
44,448,0.919961669451888,1.2687072712190719e-05,0.07997741218392242,4.823129147701888e-05,25,10,20
44,449,0.9563581047226694,2.352881297378531e-05,0.04361556387719037,2.802587166571553e-06,25,10,20
44,450,0.9652399295906836,2.206942168594325e-06,0.03471981610691241,3.804736023531902e-05,25,10,20
44,451,0.8891049656790311,5.538125511745983e-07,0.11084648126641,4.799924200785459e-05,25,10,20
44,452,0.8925216400460156,7.023606660182549e-07,0.10745948384162787,1.8173751690179997e-05,25,10,20
44,453,0.8632638483515567,2.202247001145036e-06,0.13662307402542376,0.00011087537601826252,25,10,20
44,454,0.9095526041846584,6.306996688708364e-07,0.08406920137575388,0.006377563739918415,25,10,20
44,455,0.872473671181163,7.369631800054814e-07,0.08853001012896615,0.038995581726690716,25,10,20
44,456,0.8845711009245507,6.462135107278664e-07,0.08258284347133157,0.032845409390607254,25,10,20
44,457,0.886777916303812,5.792214565404466e-07,0.080448837466421,0.032772667008310295,25,10,20
44,458,0.8868416016323744,6.933584023811762e-07,0.08038828208600693,0.032769422923216135,25,10,20
44,459,0.9184754263860316,8.542585963038765e-05,0.04551494401031706,0.03592420374402071,25,10,20
44,460,0.9154866990171735,8.632415931436557e-05,0.054113226692379265,0.03031375013113353,25,10,20
44,461,0.8187301837159492,9.810707543858951e-05,0.12850649978185874,0.05266520942675354,25,10,20
44,462,0.8136447905480039,2.857613151586386e-06,0.13687852786471177,0.04947382397413277,25,10,20
44,463,0.8144571824633497,9.133379240773605e-07,0.14598963839029303,0.039552265808433455,25,10,20
44,464,0.8263711171258475,1.671343063782984e-06,0.13410781914757364,0.039519392383515484,25,10,20
44,465,0.9327186790625025,1.2390000398604812e-06,0.027802871138094928,0.039477210799362894,25,10,20
44,466,0.8781414709106856,2.06807235301736e-06,0.05833425874561371,0.0635222022713478,25,10,20
44,467,0.8098324026015387,2.1976657059134947e-06,0.1266569667681682,0.06350843296458722,25,10,20
44,468,0.8564356994790348,4.3418504763327e-07,0.0781401858558501,0.06542368048006769,25,10,20
44,469,0.889386072436745,6.518686371318134e-07,0.07185655900825715,0.03875671668636082,25,10,20
44,470,0.8903616940603508,1.2820892549187771e-05,0.070619326017849,0.039006159029250906,25,10,20
44,471,0.9360234077855167,2.2494573504949636e-06,0.03887569673513528,0.025098646021997687,25,10,20
44,472,0.8438455840900438,4.2831012921118445e-06,0.13061018680115066,0.025539946007513192,25,10,20
44,473,0.8392905167312338,0.00015768438647800257,0.12088784534862494,0.03966395353366328,25,10,20
44,474,0.9263848610303199,1.4849250798988919e-06,0.04566880850780395,0.027944845536796513,25,10,20
44,475,0.9135285578512153,1.4225195795607709e-06,0.060852150815596265,0.025617868813609456,25,10,20
44,476,0.9367045763876877,5.884598785809439e-07,0.02431564063526177,0.03897919451717221,25,10,20
44,477,0.9318263531015799,7.991754472416783e-07,0.041392808874711806,0.02678003884826124,25,10,20
44,478,0.839319999424643,2.090478060719645e-06,0.13382425761720834,0.02685365248008824,25,10,20
44,479,0.8361315632099894,2.097948112183522e-06,0.12487700620913332,0.038989332632764606,25,10,20
44,480,0.8911468071053895,6.345571285370803e-07,0.06979694537797482,0.03905561295950733,25,10,20
44,481,0.9258385399865087,6.162886477583758e-07,0.0349026803891437,0.0392581633357001,25,10,20
44,482,0.9047821016884474,6.800186800255868e-07,0.05437964757465898,0.04083757071821326,25,10,20
44,483,0.9013889009451677,1.1246118185495323e-07,0.05585207711398387,0.04275890947966606,25,10,20
44,484,0.8544912778147031,7.101334525291077e-08,0.10275504254777726,0.04275360862417339,25,10,20
44,485,0.8874978857486191,2.8245189594851314e-06,0.08392883704725429,0.028570452685166912,25,10,20
44,486,0.908668546682669,4.2379785928393184e-07,0.06275950532500177,0.02857152419446943,25,10,20
44,487,0.8783484125658124,6.746528729368981e-07,0.08383766902745096,0.03781324375386375,25,10,20
44,488,0.9064759769481924,3.88365366390078e-05,0.062225924784510556,0.03125926173065827,25,10,20
44,489,0.888331018596469,1.2309387169555095e-06,0.10531942510995164,0.006348325354862417,25,10,20
44,490,0.8702498120548833,6.281248141995234e-06,0.12336871609850869,0.006375190598465583,25,10,20
44,491,0.864586631226834,2.628367507733114e-05,0.12803188296111231,0.007355202136975988,25,10,20
44,492,0.8895303952139025,7.997403327920397e-06,0.10683641453925889,0.003625192843510025,25,10,20
44,493,0.9107033361663843,1.6772257410403854e-06,0.08919404893915452,0.00010093766871950257,25,10,20
44,494,0.9246859337264355,1.663014534164004e-06,0.07520664737391738,0.0001057558851132191,25,10,20
44,495,0.8782569978055668,6.55081169133487e-07,0.1217403851312759,1.9619819888638625e-06,25,10,20
44,496,0.9002698403662345,3.9251249620683053e-07,0.0997049397745673,2.482734670215948e-05,25,10,20
44,497,0.8995694008427536,6.062336946131596e-07,0.10039034826183102,3.9644661720503616e-05,25,10,20
44,498,0.9373239553097967,2.581446043665868e-07,0.06266871921708864,7.067328510228515e-06,25,10,20
44,499,0.9148152049108549,4.285389689494595e-05,0.08513361708545146,8.324106798968293e-06,25,10,20
44,500,0.8539160082863978,2.9603223136078358e-05,0.14517196193735138,0.0008824265531148532,25,10,20
44,501,0.8298275203977312,6.781051861249741e-07,0.16949536439857693,0.0006764370985057035,25,10,20
44,502,0.8834116241016519,1.0690533672610939e-06,0.1163822140459758,0.0002050927990055947,25,10,20
44,503,0.8844990004855127,4.1529965074215836e-05,0.11538339495065567,7.607459875730604e-05,25,10,20
44,504,0.8761213876981107,4.278993700394354e-05,0.12195251010161748,0.0018833122632678483,25,10,20
44,505,0.8067772760649448,4.0602045927896206e-05,0.19122250143760805,0.0019596204515201767,25,10,20
44,506,0.9110071973364345,1.3558933941806476e-05,0.08698819709499858,0.00199104663462493,25,10,20
44,507,0.9491058534659784,3.1195074679444934e-06,0.050870248352327,2.0778674226780627e-05,25,10,20
44,508,0.9178876976473397,2.2394387466263557e-06,0.08208506223161471,2.5000682298262768e-05,25,10,20
44,509,0.8782905583664424,0.0024719643468771786,0.11915790211878415,7.957516789581724e-05,25,10,20
44,510,0.8088836624512404,0.0001930676980653361,0.19072488407375804,0.00019838577693624248,25,10,20
44,511,0.8928958898060564,1.8029814600500647e-06,0.10701340644418518,8.890076829790044e-05,25,10,20
44,512,0.9168694133380905,4.663755333758917e-07,0.08305530776605446,7.481252032142686e-05,25,10,20
44,513,0.941886555669548,4.792677447399968e-07,0.058107160708937115,5.804353769625387e-06,25,10,20
44,514,0.9442349836436688,5.529695956939554e-07,0.055758584850665135,5.878536069683073e-06,25,10,20
44,515,0.9010124474153973,9.04722413784855e-05,0.09888435398498911,1.27263582351493e-05,25,10,20
44,516,0.908696972227307,2.8124776411107244e-05,0.09118762070343933,8.72822928421865e-05,25,10,20
44,517,0.9341699926145485,1.4904550126133148e-06,0.0656848083495641,0.00014370858087494077,25,10,20
44,518,0.9807241410492387,4.3195058699065946e-07,0.019272631612919443,2.7953872546888213e-06,25,10,20
44,519,0.9615149419552007,1.5883095433034335e-07,0.038473559161974064,1.1340051870762304e-05,25,10,20
44,520,0.9642711545329664,1.7960118865794344e-07,0.035678845455564066,4.982041028104946e-05,25,10,20
44,521,0.9559686419828298,4.031651210565388e-06,0.043085970046224914,0.0009413563197344539,25,10,20
44,522,0.9326471605008451,4.414288381218158e-05,0.0671718197808298,0.00013687683451351094,25,10,20
44,523,0.94706582145756,8.063437712940868e-07,0.05290226541931667,3.110677935242921e-05,25,10,20
44,524,0.9516243730134905,5.189234012459846e-07,0.04836993718738145,5.170875726657882e-06,25,10,20
44,525,0.9327176215336468,6.995233493167064e-07,0.06722916667710135,5.25122659022391e-05,25,10,20
44,526,0.9201847623012189,1.1807760906705817e-06,0.07503463034317177,0.00477942657951911,25,10,20
44,527,0.9307329787968739,5.802931896280218e-07,0.06464506967901179,0.004621371230924291,25,10,20
44,528,0.9255071241067949,1.219550099332987e-05,0.07447412739281586,6.552999395643038e-06,25,10,20
44,529,0.9446335668153529,1.0900015344665686e-06,0.055078953502490285,0.0002863896806229187,25,10,20
44,530,0.9378434016270244,7.292232497063662e-08,0.062152829963552786,3.6954870987249484e-06,25,10,20
44,531,0.9531438914796412,5.163597725525723e-07,0.04680414642132028,5.144573926573742e-05,25,10,20
44,532,0.9062739345291244,7.024985869410674e-06,0.09360192267297256,0.00011711781203339721,25,10,20
44,533,0.8755902230918848,3.3459902757053864e-05,0.12434315936146366,3.3157643893895235e-05,25,10,20
44,534,0.9131651144603705,7.234599762770285e-06,0.08668955858474325,0.00013809235512350195,25,10,20
44,535,0.9269231028338268,3.727441795057605e-07,0.07285862029664343,0.0002179041253501512,25,10,20
44,536,0.9516612988625254,4.6950468588234344e-07,0.047725373037722826,0.0006128585950662395,25,10,20
44,537,0.9634691764724387,2.3208730072947844e-07,0.036527164642037244,3.4267982228749343e-06,25,10,20
44,538,0.9362776749798373,1.5205622154671598e-05,0.06370365398490231,3.465413104965663e-06,25,10,20
44,539,0.8889601052434705,4.822003248347475e-05,0.11090304584027436,8.862888377262837e-05,25,10,20
44,540,0.9488762681299896,3.813128650156541e-06,0.051111450789946083,8.467951413846773e-06,25,10,20
44,541,0.9571141098398407,1.4060358810679998e-05,0.04234353016132185,0.0005282996400266739,25,10,20
44,542,0.9291458461786724,3.342226026928988e-06,0.07013749233519599,0.000713319260104489,25,10,20
44,543,0.9088604764230526,1.0407594093677973e-05,0.09107696774237835,5.214824047476145e-05,25,10,20
44,544,0.932453268789093,9.090093229218232e-06,0.06753526294706638,2.378170610887723e-06,25,10,20
44,545,0.9622974352426786,3.309583137153118e-06,0.03765942884405128,3.982633013295645e-05,25,10,20
44,546,0.905911983825318,2.4900822016179844e-06,0.09399246689865468,9.305919382559212e-05,25,10,20
44,547,0.9222143536060511,4.3178790637487344e-07,0.07670489885069968,0.0010803157553431687,25,10,20
44,548,0.8695619658567327,6.436921414680268e-06,0.12785992977228713,0.002571667449565642,25,10,20
44,549,0.9161923655739624,4.828288311418873e-06,0.0824832682694318,0.0013195378682951875,25,10,20
44,550,0.8566369298585189,0.00016820320065525764,0.10270230978384738,0.04049255715697866,25,10,20
44,551,0.9041173380707442,8.894403134045739e-07,0.056670045873282913,0.03921172661565925,25,10,20
44,552,0.9294164778781163,1.3520878708650783e-06,0.07053567049795119,4.649953606198303e-05,25,10,20
44,553,0.9173622104195427,6.249044617682495e-06,0.08255335485256947,7.818568327138446e-05,25,10,20
44,554,0.9460147745094981,2.266810885105077e-05,0.05390854550391191,5.401187773935632e-05,25,10,20
44,555,0.9518975785290128,2.1910814257854622e-05,0.04806674406951032,1.3766587219035572e-05,25,10,20
44,556,0.9211664620701966,7.250784016575424e-07,0.07881974890020554,1.3063951196134728e-05,25,10,20
44,557,0.9388769058848532,1.2386905926233546e-07,0.06109842741912605,2.4542826961462795e-05,25,10,20
44,558,0.9224050252478699,6.237518176159022e-07,0.07758436720837865,9.983791933438161e-06,25,10,20
44,559,0.9446492813531758,7.123576861446914e-07,0.05521079444026362,0.00013921184887419382,25,10,20
44,560,0.9105208826785006,4.552435047093484e-07,0.08945752404149948,2.1138036494855393e-05,25,10,20
44,561,0.9563243299339451,1.8093051958432054e-07,0.04366023146469909,1.5257670836108895e-05,25,10,20
44,562,0.9269293280505515,0.0002442085705910218,0.07281921130555055,7.2520733067838705e-06,25,10,20
44,563,0.9556834484586374,7.276814261575685e-07,0.044296599890704565,1.92239692315723e-05,25,10,20
44,564,0.8915612832896883,2.4659043709860844e-06,0.10815634185354944,0.00027990895239099966,25,10,20
44,565,0.8821553370240557,2.2549772313745766e-05,0.11780083471848858,2.1278485141882185e-05,25,10,20
44,566,0.896222721828402,1.7336157404351646e-05,0.10373990917838771,2.0032835806051506e-05,25,10,20
44,567,0.9014327122586931,1.008815835917305e-06,0.09528770150756923,0.0032785774179017162,25,10,20
44,568,0.893804517849103,3.087830293456784e-05,0.10277033346273448,0.003394270385227785,25,10,20
44,569,0.9015992558041559,4.68185844160029e-05,0.09499806066640373,0.003355864945023914,25,10,20
44,570,0.9423742787625331,3.2607395514198895e-05,0.05722753185075434,0.000365581991197846,25,10,20
44,571,0.9632286344720873,4.785594373175984e-07,0.03668194201241901,8.894495605702549e-05,25,10,20
44,572,0.9514610389581073,4.870425602431952e-07,0.04842618471207439,0.00011228928725740758,25,10,20
44,573,0.9382823841298921,2.742989233100976e-07,0.06161379746999929,0.00010354410118523174,25,10,20
44,574,0.9460389247415274,3.2592261505125127e-07,0.05394690553270988,1.3843803147495549e-05,25,10,20
44,575,0.8580954255184049,5.42931894322747e-05,0.1417585646234272,9.171666873551801e-05,25,10,20
44,576,0.8694560375430157,1.8247317811831697e-06,0.13041629908722738,0.00012583863797570232,25,10,20
44,577,0.8361071085359154,1.3596129707532604e-05,0.16370331994124282,0.00017597539313442156,25,10,20
44,578,0.916833248957839,7.325438867075167e-06,0.0829947999176706,0.0001646256856234141,25,10,20
44,579,0.9473350764361878,2.119516047618514e-06,0.05261287702248813,4.9927025276497195e-05,25,10,20
44,580,0.931593328519213,3.3920441314208055e-06,0.06838676224999829,1.6517186658066663e-05,25,10,20
44,581,0.9076602663548635,2.103163531962266e-06,0.09220931583027545,0.00012831465133046982,25,10,20
44,582,0.9462392979510901,1.146991661688155e-05,0.05363255958709356,0.00011667254519992353,25,10,20
44,583,0.9056388269118669,1.3514836984915106e-06,0.09400596893969532,0.00035385266473945764,25,10,20
44,584,0.8918793220277251,9.079569717674256e-06,0.10801148868656434,0.00010010971599301278,25,10,20
44,585,0.9117076530477987,8.936470618851749e-06,0.0882119477904784,7.146269110448212e-05,25,10,20
44,586,0.9261491758506214,6.934366463661472e-06,0.07377277709245703,7.111269045774638e-05,25,10,20
44,587,0.9598490820590985,1.4128830570465647e-06,0.040140518497758564,8.986560085936373e-06,25,10,20
44,588,0.9600948235787373,1.3992969000176237e-06,0.03989680694686403,6.970177498470499e-06,25,10,20
44,589,0.947708202758535,3.356593723057287e-07,0.05228258223865519,8.879343437344958e-06,25,10,20
44,590,0.93830249442954,1.2185184548248753e-06,0.061685050835812126,1.123621619274959e-05,25,10,20
44,591,0.9001239729435762,2.0894366682414415e-06,0.09985353854105616,2.0399078699475914e-05,25,10,20
44,592,0.9055637694016891,2.5645347390533236e-05,0.09440462330298084,5.961947939460144e-06,25,10,20
44,593,0.9488443410497122,1.1502148939480982e-05,0.051141233931833605,2.9228695148977327e-06,25,10,20
44,594,0.8711435609954549,1.1657451103758433e-05,0.1274363562135944,0.001408425339846064,25,10,20
44,595,0.9671044600114007,1.0033765613181314e-05,0.0328678094031929,1.769681979301292e-05,25,10,20
44,596,0.946305294666563,2.0591303791650307e-05,0.05366414466199175,9.96936765361004e-06,25,10,20
44,597,0.9461672626048012,0.00036453200233410566,0.053415785903545905,5.241948931794366e-05,25,10,20
44,598,0.9709057452975912,3.530579650639862e-07,0.029084016537951257,9.885106492508184e-06,25,10,20
44,599,0.9793632540254811,1.7785971056910787e-07,0.020622804619089278,1.3763495719212708e-05,25,10,20
44,600,0.9450201040499578,8.960157742312978e-06,0.05478835766414132,0.0001825781281586706,25,10,20
44,601,0.9239355101501578,3.4609337155997484e-05,0.0757978160365828,0.00023206447610369486,25,10,20
44,602,0.8905218619479713,0.0004831840788527806,0.10889674001248202,9.821396069400811e-05,25,10,20
44,603,0.9086147834935163,2.7542603286211838e-05,0.08815498373364622,0.003202690169551294,25,10,20
44,604,0.9382505370113471,2.688480543264316e-05,0.06169858200243798,2.399618078283003e-05,25,10,20
44,605,0.9389671238564782,8.737066694461312e-06,0.060993479416040504,3.065966078699636e-05,25,10,20
44,606,0.9822287060865211,2.3103420000871855e-07,0.01773660438939723,3.445848988205351e-05,25,10,20
44,607,0.9634203971376941,8.577534766208215e-06,0.036534974531581305,3.605079595869064e-05,25,10,20
44,608,0.9176165242776959,3.175975677363816e-07,0.08225085325891919,0.00013230486581734571,25,10,20
44,609,0.9600958061238087,4.3776529786541067e-07,0.03989829891540134,5.457195491764086e-06,25,10,20
44,610,0.8830886402575233,3.355800511539609e-07,0.11686875352157043,4.227064085521548e-05,25,10,20
44,611,0.8598478253030483,2.203181732186553e-06,0.1341902638783394,0.005959707636879862,25,10,20
44,612,0.770496585904263,3.2378991910215033e-06,0.22362917392358583,0.00587100227295943,25,10,20
44,613,0.8096373783987674,3.252398549946949e-06,0.19034478605570843,1.45831469739889e-05,25,10,20
44,614,0.8678593306418229,3.6056266237275913e-05,0.13206590557457815,3.870751736111986e-05,25,10,20
44,615,0.8481175920751464,3.501400156759767e-05,0.15180172599646405,4.566792682242079e-05,25,10,20
44,616,0.8850117584746238,2.7846849090356317e-06,0.11496977149830419,1.568534216393065e-05,25,10,20
44,617,0.8717562075827732,1.6534272228697326e-06,0.12820530927215085,3.682971785412627e-05,25,10,20
44,618,0.8793149595494288,7.789007113861672e-06,0.101400830373004,0.019276421070453447,25,10,20
44,619,0.9183381818210095,2.8359885977171135e-05,0.062377356652513816,0.01925610164049958,25,10,20
44,620,0.874748838407336,1.6452864638811517e-06,0.0501716696796239,0.07507784662657632,25,10,20
44,621,0.8960234550198918,1.4972703389945922e-06,0.024897839932908773,0.07907720777686043,25,10,20
44,622,0.8861417471817319,1.8625912644305745e-07,0.05975008544493139,0.05410798111420969,25,10,20
44,623,0.850528188326396,1.38594119147334e-06,0.1269565100801979,0.022513915652216044,25,10,20
44,624,0.8610284304974222,2.2130422114464352e-06,0.10710349407014846,0.03186586239021846,25,10,20
44,625,0.8690156190063165,7.26832808773216e-07,0.09200441561315106,0.03897923854772439,25,10,20
44,626,0.832324427392907,7.439232547952835e-07,0.16167305563931175,0.006001773044526002,25,10,20
44,627,0.9313287404803154,9.790690923898981e-07,0.06865192879077986,1.835165981259944e-05,25,10,20
44,628,0.8780264716352465,0.00010583744166278317,0.12183295141891227,3.473950417805529e-05,25,10,20
44,629,0.9178447027189928,0.00010540499155926168,0.08083160728673984,0.0012182850027072226,25,10,20
44,630,0.8747876923315141,0.0001627553438147169,0.1231355071801967,0.001914045144473254,25,10,20
44,631,0.9466817243182362,0.00011266972210063574,0.053119159640331794,8.644631933158475e-05,25,10,20
44,632,0.8795244869825197,1.1001109005902505e-05,0.12045456503161739,9.946876857003539e-06,25,10,20
44,633,0.9109430513677254,1.6568604919915355e-05,0.0889593594889888,8.102053836571768e-05,25,10,20
44,634,0.8156110169082512,2.10870839631414e-06,0.18344326070802613,0.0009436136753248505,25,10,20
44,635,0.7878347839948243,1.8231718156238085e-06,0.21127220666798216,0.0008911861653768373,25,10,20
44,636,0.8127767130101405,5.062401027340322e-07,0.186314325670477,0.0009084550792799475,25,10,20
44,637,0.9230545270404714,7.863809456647339e-08,0.0769403097560357,5.084565397812697e-06,25,10,20
44,638,0.8394430351044708,2.326308864286072e-06,0.15356707598548414,0.006987562601181231,25,10,20
44,639,0.8914886595917004,7.758306278991782e-07,0.10832794478464654,0.0001826197930254116,25,10,20
44,640,0.9125147683709165,2.3520056004695771e-07,0.08731539775049992,0.00016959867802319496,25,10,20
44,641,0.9020709821096727,1.1062574923934298e-07,0.09775917048653733,0.00016973677804041313,25,10,20
44,642,0.8839161960492773,1.5786683892675627e-06,0.1160068019253038,7.542335703036424e-05,25,10,20
44,643,0.8884405464451504,6.609877153949466e-07,0.11150050271176912,5.828985536485766e-05,25,10,20
44,644,0.8974641282600524,2.8132162597026346e-05,0.10231350382770532,0.00019423574964590095,25,10,20
44,645,0.8681037875609231,2.8125254648499938e-05,0.1316882333443365,0.00017985384009224853,25,10,20
44,646,0.9068357630003047,1.7271440146549576e-06,0.093111743901461,5.076595421973649e-05,25,10,20
44,647,0.8197474725972492,1.9015530836318962e-06,0.1799346329119163,0.0003159929377501447,25,10,20
44,648,0.8402386128571783,1.762480829580312e-06,0.15936576286450102,0.0003938617974914728,25,10,20
44,649,0.9106514309505317,1.7337850361697678e-06,0.08895261404550947,0.0003942212189227271,25,10,20
44,650,0.9398751610677494,8.869605397040102e-06,0.06010347900945008,1.2490317403305664e-05,25,10,20
44,651,0.9143384577503704,0.03302370128842313,0.052627161726146045,1.067923506080308e-05,25,10,20
44,652,0.9339782175487713,0.033024048245399944,0.03286396250171447,0.00013377170411472616,25,10,20
44,653,0.9053914362772113,0.033023617455523485,0.0615771093543421,7.836912923566185e-06,25,10,20
44,654,0.9268244996159265,0.0039122138782044765,0.06766175695872002,0.001601529547149017,25,10,20
44,655,0.9397975067822677,6.946743113785851e-08,0.060195749753208086,6.673997093206032e-06,25,10,20
44,656,0.8522330069968277,1.9240398271373233e-05,0.14769190059849568,5.585200640515639e-05,25,10,20
44,657,0.936830061949718,2.011622088171158e-05,0.06311962972466886,3.019210473161415e-05,25,10,20
44,658,0.9407897133005756,2.9844835181725174e-05,0.05915915149825942,2.1290365983277204e-05,25,10,20
44,659,0.9622464218916097,8.869748509255407e-06,0.03772539068627617,1.9317673605166774e-05,25,10,20
44,660,0.9195603133805694,4.3549231214460695e-06,0.0803206048967578,0.00011472679955056101,25,10,20
44,661,0.8707695910601071,1.3645153069683116e-05,0.12918559382294728,3.1169963875033085e-05,25,10,20
44,662,0.9126128077772573,1.1323717599691231e-06,0.08738120475823209,4.855092750287377e-06,25,10,20
44,663,0.800298734882395,8.79425289986663e-06,0.1996492156394619,4.3255225242523985e-05,25,10,20
44,664,0.7649080314530978,1.636534654213113e-06,0.23508802042026195,2.3115919850457682e-06,25,10,20
44,665,0.9213529879060807,1.3114482967739504e-06,0.07858661719101186,5.9083454610398144e-05,25,10,20
44,666,0.9405505782151975,2.4845350970378577e-05,0.059412318825769084,1.2257608063152274e-05,25,10,20
44,667,0.9393961606593321,2.515380194042263e-07,0.06059202288068048,1.1564921968402224e-05,25,10,20
44,668,0.9669230585306039,6.311096377904198e-07,0.03306780859396247,8.501765795932149e-06,25,10,20
44,669,0.9640272438265741,6.317148416692089e-07,0.03596791657835381,4.207880230528816e-06,25,10,20
44,670,0.8896733786142618,1.3761964656618017e-06,0.11025768826637697,6.755692289581282e-05,25,10,20
44,671,0.9409362273597427,3.873235178404758e-07,0.059058634225893594,4.751090845658438e-06,25,10,20
44,672,0.9179802357637337,3.151329388870165e-05,0.08190543585084992,8.281509152784135e-05,25,10,20
44,673,0.8816760588880315,7.715790914388612e-06,0.11717366914232728,0.0011425561787269437,25,10,20
44,674,0.8828946875889272,7.074649787834346e-06,0.1048909275784039,0.012207310182880569,25,10,20
44,675,0.9012225460432421,2.9157296857044757e-05,0.09854740520163688,0.00020089145826331903,25,10,20
44,676,0.9601840464811002,7.884837198078174e-06,0.03960861014155573,0.0001994585401453016,25,10,20
44,677,0.9603914383047996,3.713715876460475e-06,0.039569807012596964,3.504096672648397e-05,25,10,20
44,678,0.9612763983211039,6.55493748522686e-07,0.03871378776237286,9.158422774229863e-06,25,10,20
44,679,0.9415987933145422,0.0002957219969711684,0.05809230608554274,1.3178602943336871e-05,25,10,20
44,680,0.9694083628544984,0.00010044986400025765,0.0304788852978367,1.2301983664361951e-05,25,10,20
44,681,0.9175785798149968,5.210488465817023e-06,0.08239975124088933,1.6458455647943503e-05,25,10,20
44,682,0.9156082258808468,7.6181746494317505e-06,0.08437443072600793,9.725218496693285e-06,25,10,20
44,683,0.9447236053298533,4.515166096235437e-06,0.05522772742578938,4.415207826144539e-05,25,10,20
44,684,0.8767020304633636,4.7509190687424005e-06,0.12309454154484063,0.00019867707272856554,25,10,20
44,685,0.887776492129205,5.622384820396541e-07,0.11218899526103725,3.3950371276300453e-05,25,10,20
44,686,0.9503746746348777,3.9294239099285037e-07,0.04961310412797289,1.1828294757886245e-05,25,10,20
44,687,0.9028221546765549,5.107716152301186e-07,0.09711866210215782,5.867244967236073e-05,25,10,20
44,688,0.9770295630049456,6.449353259979728e-07,0.022928385818120737,4.140624160784146e-05,25,10,20
44,689,0.9189290991536809,8.389063084844313e-05,0.08091824437444062,6.87658410302963e-05,25,10,20
44,690,0.9239902229847609,2.4881600164033672e-05,0.07592882898416926,5.606643090521197e-05,25,10,20
44,691,0.9573755757770425,8.737741813460291e-07,0.04257894380277946,4.460664599706401e-05,25,10,20
44,692,0.9028918653252489,0.00021396179649952333,0.09239217282205642,0.004502000056195301,25,10,20
44,693,0.8830305607208772,0.000214981871549922,0.11243081656905239,0.0043236408385210435,25,10,20
44,694,0.9112725227589621,0.0005006783574697137,0.08807381704749984,0.00015298183606854646,25,10,20
44,695,0.9421323901902955,1.7047207669215953e-06,0.05772417093649143,0.00014173415244642413,25,10,20
44,696,0.9457334361578098,5.177951780272513e-06,0.05420972941670226,5.1656473708139956e-05,25,10,20
44,697,0.9095557796433436,1.0770212079952482e-05,0.09038461426098628,4.883588358958367e-05,25,10,20
44,698,0.9173294881995905,1.7342330838033268e-06,0.08266303149503687,5.746072288883846e-06,25,10,20
44,699,0.9640118485735713,1.2130683088154406e-05,0.035969897780893205,6.122962447768567e-06,25,10,20
44,700,0.9211105522599132,1.0309824230344984e-06,0.07888503846813322,3.3782895303483667e-06,25,10,20
44,701,0.9264958986422732,5.114640663458215e-07,0.07349617043121605,7.419462444082062e-06,25,10,20
44,702,0.9157209804685021,1.334859248354552e-07,0.08427192436122768,6.961684345748718e-06,25,10,20
44,703,0.9385241460537651,6.2529168745615455e-06,0.061248088639834386,0.0002215123895259447,25,10,20
44,704,0.9543181693358149,6.352932834730548e-07,0.045628812979873715,5.238239102797172e-05,25,10,20
44,705,0.9636032715888239,5.524910181204067e-07,0.03638350755933729,1.2668360820352009e-05,25,10,20
44,706,0.9107411170999901,1.0108221428508994e-05,0.08908534025684499,0.00016343442173668638,25,10,20
44,707,0.9081347940368802,3.5550818209228265e-06,0.09182677405764603,3.487682365232447e-05,25,10,20
44,708,0.8560484994206078,1.9348198139636587e-05,0.14385483778779717,7.731459345516366e-05,25,10,20
44,709,0.8623632798399825,4.54272009517211e-05,0.13274195601260916,0.004849336946455718,25,10,20
44,710,0.9064309142232267,3.771376906251778e-06,0.08872510536955669,0.0048402090303096175,25,10,20
44,711,0.9139395686754308,0.008308267403760712,0.07291209005518465,0.004840073865623128,25,10,20
44,712,0.8793310773102392,6.021824765231964e-06,0.120626240705794,3.666015920205148e-05,25,10,20
44,713,0.9573690625735394,1.868503155876032e-05,0.042576717010749776,3.553538415159058e-05,25,10,20
44,714,0.9217679707599359,1.8564176113146687e-05,0.0776795027443268,0.0005339623196239971,25,10,20
44,715,0.9469196624623146,7.525549653089527e-06,0.0526828756607204,0.00038993632731208587,25,10,20
44,716,0.9364763140805045,0.00027256746921842993,0.06321873116238512,3.2387287892136034e-05,25,10,20
44,717,0.9328945468323624,0.00025104486619989086,0.06684855643297782,5.851868459632846e-06,25,10,20
44,718,0.9677952570852484,0.00025121645138395947,0.031934272298175276,1.9254165192624173e-05,25,10,20
44,719,0.9615345109557544,0.00025152706372868,0.03819176600533825,2.2195975178364817e-05,25,10,20
44,720,0.9610469984224292,6.088421616948431e-07,0.038924832321225795,2.756041418347328e-05,25,10,20
44,721,0.955490244940996,6.204108097116383e-07,0.04449643091194694,1.2703736247341806e-05,25,10,20
44,722,0.9617443248447379,1.0699791247970315e-06,0.038135918193496154,0.00011868698264118603,25,10,20
44,723,0.9682993937451198,2.0343025831621796e-07,0.0316892119649334,1.119085968840959e-05,25,10,20
44,724,0.954981248399988,6.28893972575932e-07,0.045010872830746215,7.2498752934149215e-06,25,10,20
44,725,0.9565769566642084,7.478161936780344e-07,0.042693096961881304,0.0007291985577163961,25,10,20
44,726,0.9686026669387156,1.4476553546707433e-06,0.0306329773599826,0.0007629080459473025,25,10,20
44,727,0.9451502316791875,3.1409392769249494e-07,0.05409438127698816,0.0007550729498964627,25,10,20
44,728,0.9398984318640369,1.6894801675742342e-07,0.060096032933077075,5.366254869651986e-06,25,10,20
44,729,0.9295217306525936,1.395737361454501e-06,0.0704564535784224,2.042003162275519e-05,25,10,20
44,730,0.8932050561592626,1.598902943199322e-06,0.104614526269522,0.0021788186682720465,25,10,20
44,731,0.8915421948980203,4.2867096904212175e-05,0.1084034002054656,1.1537799609938099e-05,25,10,20
44,732,0.9444647543094297,2.5019170521486472e-06,0.0555254195464726,7.324227045673945e-06,25,10,20
44,733,0.8733766154961293,0.005784323009316152,0.1205768807424997,0.0002621807520552589,25,10,20
44,734,0.9434361609189544,0.005721676402265908,0.050491442170408185,0.0003507205083713112,25,10,20
44,735,0.9577729575365281,7.711187163353364e-07,0.04219178712897424,3.448421578156711e-05,25,10,20
44,736,0.8983304563281357,1.3466138541116832e-06,0.07191432249354253,0.029753874564467576,25,10,20
44,737,0.8911380953921576,4.5948223318298384e-06,0.07917936618595736,0.02967794359955358,25,10,20
44,738,0.9216180084351815,3.7511533065105284e-06,0.04833128771277539,0.03004695269873682,25,10,20
44,739,0.9001630045556759,3.066911915222492e-05,0.06972215337386733,0.030084172951304385,25,10,20
44,740,0.8768190565427839,3.01958064698456e-05,0.11565670895560425,0.007494038695141567,25,10,20
44,741,0.870864845595963,3.0265861672354412e-05,0.12159832026032313,0.007506568282041727,25,10,20
44,742,0.921758990979431,3.697839636611945e-07,0.03909855773855446,0.03914208149805103,25,10,20
44,743,0.899665297635871,2.6007789993252873e-07,0.060454551644768456,0.03987989064145992,25,10,20
44,744,0.8678825737973055,2.44252578661684e-06,0.12146347851016862,0.010651505166739583,25,10,20
44,745,0.7698639366830374,1.3629866400098715e-05,0.2300923919140494,3.0041536513072876e-05,25,10,20
44,746,0.793626132247323,1.4014872397757946e-05,0.2063334853865851,2.6367493693778506e-05,25,10,20
44,747,0.9050677457411509,1.4515033481841306e-06,0.09490861765072828,2.21851047724916e-05,25,10,20
44,748,0.8753804825027913,8.282709248696178e-07,0.09674776896574108,0.027870920260542564,25,10,20
44,749,0.900066351254025,2.5103328896910685e-06,0.060961894984566,0.038969243428519006,25,10,20
44,750,0.9144187296905342,7.012490935189352e-06,0.08554399721031236,3.026060821873792e-05,25,10,20
44,751,0.8913166015914594,4.44319908036453e-06,0.10861337469807113,6.558051138923401e-05,25,10,20
44,752,0.9599717434072355,5.312632427203033e-06,0.03999826735479121,2.4676605546220435e-05,25,10,20
44,753,0.9782296798113533,2.0600761183514185e-05,0.021690951407931328,5.876801953167006e-05,25,10,20
44,754,0.9130475949399331,8.25853336285483e-05,0.08683930357126245,3.051615517522066e-05,25,10,20
44,755,0.9138099592335892,7.482048009152582e-07,0.086156527613464,3.276494814530302e-05,25,10,20
44,756,0.9286780655649777,2.040218327950052e-06,0.07127729448771838,4.259972897569862e-05,25,10,20
44,757,0.9442769561192244,1.933182357457951e-06,0.05561661838388674,0.00010449231453157623,25,10,20
44,758,0.9313800150011966,1.0640756671798411e-05,0.06860122204038374,8.12220174817849e-06,25,10,20
44,759,0.9007046985520967,2.2870932843549033e-06,0.09920140177617227,9.161257844640147e-05,25,10,20
44,760,0.9173979455265693,2.19644409405949e-06,0.08259681072263207,3.0473067032007336e-06,25,10,20
44,761,0.9617391802529122,4.4568949433332486e-07,0.03795219007987719,0.0003081839777163474,25,10,20
44,762,0.8959205504062122,5.382690084811424e-06,0.10404377864711764,3.0288256585683953e-05,25,10,20
44,763,0.9263423791350547,8.157963796751848e-07,0.07364459545649514,1.2209612069689553e-05,25,10,20
44,764,0.9497424617513626,1.8578645760623908e-06,0.05009500558794607,0.00016067479611491062,25,10,20
44,765,0.9212254710823231,5.553861250849288e-07,0.05835736037587963,0.02041661315567191,25,10,20
44,766,0.8508797835293161,0.0003345509539783127,0.1282672910645132,0.020518374452192237,25,10,20
44,767,0.8606162966404173,0.0003341409818001327,0.1048468501238157,0.03420271225396629,25,10,20
44,768,0.9003276272443074,1.2202020725106858e-06,0.060304435536061976,0.039366717017558464,25,10,20
44,769,0.9180826590304412,3.6765136718680144e-07,0.04256658984342041,0.03935038347477142,25,10,20
44,770,0.899794271093872,4.990974752061191e-06,0.061294712396627274,0.038906025534748215,25,10,20
44,771,0.8180694302654898,8.778054608090639e-06,0.15319542135537753,0.028726370324524665,25,10,20
44,772,0.8536728913320896,2.0947872783819696e-06,0.11877189591618233,0.02755311796444951,25,10,20
44,773,0.8332679597390477,2.679766500196053e-06,0.1272088248967073,0.03952053559774506,25,10,20
44,774,0.8748710568311371,9.140760520608004e-07,0.08592510364040157,0.03920292545240899,25,10,20
44,775,0.8316593526414369,1.86316280739213e-06,0.1321665049994406,0.036172279196315056,25,10,20
44,776,0.9015659690061796,1.4786784445255586e-06,0.0930479800576388,0.005384572257736598,25,10,20
44,777,0.9197470150751472,1.0311688559701349e-05,0.07810891410929707,0.0021337591269964674,25,10,20
44,778,0.9427126877899468,2.5400363914941012e-06,0.057277917483509876,6.85469015157452e-06,25,10,20
44,779,0.9399669301122752,9.454519741046682e-07,0.05980916137237778,0.0002229630633730232,25,10,20
44,780,0.9035339330392312,1.064942500946937e-05,0.09626253118287491,0.00019288635288381087,25,10,20
44,781,0.8087442936628675,2.330452745551393e-05,0.19120044325073643,3.1958558940050664e-05,25,10,20
44,782,0.8833500619772683,1.1094788715720717e-05,0.11641144151155337,0.00022740172246253152,25,10,20
44,783,0.8174607900483268,1.189285535944597e-05,0.18233846680735655,0.00018885028895612122,25,10,20
44,784,0.8869924546119221,1.2571891173920021e-05,0.1114889512635264,0.0015060222333769032,25,10,20
44,785,0.8792648449104199,1.1968686900595372e-06,0.11946581703065356,0.0012681411902362382,25,10,20
44,786,0.9127756397327087,0.0006199210764791033,0.08660129546380688,3.1437270048636752e-06,25,10,20
44,787,0.9129206859629785,0.0006157011384444294,0.08639996559727531,6.364730130209342e-05,25,10,20
44,788,0.9209971300133296,0.0006158318323814145,0.0782478169800369,0.00013922117425248698,25,10,20
44,789,0.9098654495602103,0.000632463555943691,0.0893515990126704,0.00015048787117606806,25,10,20
44,790,0.9566024136798613,2.5092415716020476e-07,0.042934637804292776,0.00046269759168893676,25,10,20
44,791,0.9088135601643215,4.510119743380017e-06,0.09072367037839302,0.00045825933754132945,25,10,20
44,792,0.9496426710225699,4.623358623225482e-06,0.05034623405922062,6.47155958663473e-06,25,10,20
44,793,0.9344343394665338,7.678094814263491e-07,0.06489224036347456,0.0006726523605105789,25,10,20
44,794,0.9151544680821091,0.00016414856199400575,0.08400451290001727,0.0006768704558797304,25,10,20
44,795,0.9442204136003624,6.508807726852837e-06,0.05480002339822129,0.0009730541936896427,25,10,20
44,796,0.9663230128847424,1.4805830619085313e-06,0.03067013877434006,0.003005367757855152,25,10,20
44,797,0.9720248792412596,4.6916881484272737e-07,0.027969712767617803,4.938822307189876e-06,25,10,20
44,798,0.9866186989191652,8.344047935016315e-07,0.013370587193411797,9.87948262952365e-06,25,10,20
44,799,0.9106140216520869,5.140776560757577e-07,0.06737016102541292,0.022015303244843763,25,10,20
44,800,0.8864085679965309,1.951489691498873e-06,0.09185039881448126,0.02173908169929603,25,10,20
44,801,0.897719392371341,1.1791890922452956e-06,0.1022686095167576,1.0818922808779909e-05,25,10,20
44,802,0.902036426213431,1.4916703579846917e-06,0.09795930535403106,2.776762180371339e-06,25,10,20
44,803,0.9324601539619742,1.0562423305097287e-06,0.06747836813829895,6.04216573969594e-05,25,10,20
44,804,0.9395868693871199,8.374536281985882e-07,0.06040525920826674,7.033950985555267e-06,25,10,20
44,805,0.9490171386841284,4.876861295389614e-07,0.050975102157053406,7.271472688882695e-06,25,10,20
44,806,0.8997683013199594,4.685823076426736e-06,0.09374234243742777,0.006484670419537146,25,10,20
44,807,0.803668674664686,9.552225197505532e-07,0.19631844700755238,1.1923105242068755e-05,25,10,20
44,808,0.8462354417052123,3.576838506164418e-06,0.15375443669560526,6.5447606761012e-06,25,10,20
44,809,0.845991389980751,7.464990114068579e-07,0.15400146866449987,6.394855738111579e-06,25,10,20
44,810,0.9115464856476362,7.638369489595922e-07,0.08844530387934046,7.446636074386732e-06,25,10,20
44,811,0.9518411466184881,6.167711135931704e-07,0.048113804578404265,4.443203199421975e-05,25,10,20
44,812,0.9303950357611892,2.7367177218028494e-07,0.0695256456578825,7.904490915594332e-05,25,10,20
44,813,0.9482583297902529,2.2661600737165174e-07,0.051684646136299986,5.6797457439102587e-05,25,10,20
44,814,0.9495404009071626,2.585490356025034e-06,0.05033808032336367,0.00011893327911673626,25,10,20
44,815,0.9651255704413992,7.550971946409306e-06,0.034835472592236155,3.1405994417849045e-05,25,10,20
44,816,0.8934539736689676,0.00013049263149692697,0.10632349645798257,9.203724155249136e-05,25,10,20
44,817,0.8776558041442651,0.0001275331052039001,0.12219683255403545,1.983019649558998e-05,25,10,20
44,818,0.9290746334225326,7.899009412752136e-07,0.07090727103739257,1.7305639133344456e-05,25,10,20
44,819,0.9506487705492184,0.00019158998009396664,0.0491544338387574,5.205631929830469e-06,25,10,20
44,820,0.963821308722291,0.00018643818157606916,0.035987836004947836,4.417091184562772e-06,25,10,20
44,821,0.9165378940870451,3.3645182697144375e-07,0.08345246750987487,9.301951253039319e-06,25,10,20
44,822,0.8969124024541402,1.8414982255089986e-07,0.10307421774195219,1.3195654085034636e-05,25,10,20
44,823,0.9347314074152364,6.971968178838474e-07,0.06525259273066358,1.530265728246762e-05,25,10,20
44,824,0.9219643402417751,1.7942180358570404e-07,0.0776153928616578,0.0004200874747632369,25,10,20
44,825,0.9042778142082475,2.6569624796612064e-07,0.08877105450130679,0.006950865594198417,25,10,20
44,826,0.9220101833235755,2.2789038826794944e-07,0.07797413407544256,1.5454710593642367e-05,25,10,20
44,827,0.9171335646234229,1.6867498063786933e-06,0.08283148194921353,3.3266677556615567e-05,25,10,20
44,828,0.9329215351277351,1.472665999433038e-06,0.06702184930006282,5.514290620288353e-05,25,10,20
44,829,0.935451814876327,1.3010147184412486e-06,0.06398817569294885,0.0005587084160058601,25,10,20
44,830,0.9410322004997517,1.1728031021755157e-06,0.058442412283815394,0.0005242144133301017,25,10,20
44,831,0.9337740207226638,1.2220891759875406e-05,0.06616461038826808,4.914799730813421e-05,25,10,20
44,832,0.9053994414246656,1.0782419126533713e-06,0.0945610320628823,3.844827054094952e-05,25,10,20
44,833,0.9853924961986286,3.7392821150930787e-07,0.014570347192209832,3.678268095079747e-05,25,10,20
44,834,0.9778602943561973,1.0912245005288365e-06,0.022058500534857882,8.011388444446412e-05,25,10,20
44,835,0.9561252157358013,1.161322365650407e-06,0.04384303869371421,3.058424811909153e-05,25,10,20
44,836,0.9153211015014402,4.3715679397924875e-07,0.052745488383975,0.03193297295779094,25,10,20
44,837,0.8820279011122707,8.601039846560158e-07,0.08549182628016913,0.03247941250357474,25,10,20
44,838,0.932703727393843,3.209409906370229e-07,0.06083561756407075,0.006460334101095415,25,10,20
44,839,0.9335044090872944,2.9633365878278853e-06,0.06629804898453245,0.00019457859158590138,25,10,20
44,840,0.9580723761980551,4.9769676358631956e-06,0.0419099641546242,1.2682679685164177e-05,25,10,20
44,841,0.9233497645870979,1.107021300599134e-05,0.07302433610429056,0.0036148290956058288,25,10,20
44,842,0.9506546419918473,1.2624656018235983e-05,0.04581164220522976,0.003521091146904558,25,10,20
44,843,0.8951386940588546,2.872236719743139e-05,0.10474077531996981,9.180825397825306e-05,25,10,20
44,844,0.9171674674031233,1.9376206329833433e-05,0.08257321924868384,0.0002399371418629291,25,10,20
44,845,0.880769144771318,4.544213045851903e-05,0.11894110838430506,0.00024430471391798027,25,10,20
44,846,0.9212354740097755,3.225756540298833e-05,0.0772795586775673,0.0014527097472547513,25,10,20
44,847,0.9323719871555278,5.773450460917323e-07,0.06760632079064505,2.111470878119041e-05,25,10,20
44,848,0.9434642355157946,1.6608522413741873e-06,0.05645221412612103,8.188950584295906e-05,25,10,20
44,849,0.9566863978867522,1.8928741637180865e-06,0.04322816186100296,8.354737808085748e-05,25,10,20
44,850,0.9146611308320471,5.749543019273447e-05,0.0852439162993527,3.7457438407109265e-05,25,10,20
44,851,0.869725073057852,6.782220858481315e-05,0.13019963020723435,7.47452632896401e-06,25,10,20
44,852,0.8657734476057635,4.868687493501885e-05,0.13416942701997334,8.438499329191616e-06,25,10,20
44,853,0.9097005611152885,3.08803043214889e-06,0.09022402221255574,7.232864172372652e-05,25,10,20
44,854,0.9268747600187827,2.1870184963816633e-07,0.07311734894469453,7.67233467387186e-06,25,10,20
44,855,0.8433897647589652,1.6908234759957127e-06,0.1565725806959245,3.5963721633754815e-05,25,10,20
44,856,0.8215105031985024,3.8357301780902475e-06,0.16212144869203526,0.016364212379285578,25,10,20
44,857,0.9109659981176057,1.027064561182779e-06,0.07266389334324425,0.01636908147458849,25,10,20
44,858,0.8710767105517349,3.4173642143371323e-06,0.10459510982303925,0.02432476226101181,25,10,20
44,859,0.9461172017863597,0.0003170645301549455,0.0535540713017463,1.1662381738753151e-05,25,10,20
44,860,0.958825453767295,2.8440671493714233e-06,0.041159823640350736,1.1878525204725454e-05,25,10,20
44,861,0.9093862348330864,1.3671106854578063e-05,0.09058078705803703,1.9307002021684862e-05,25,10,20
44,862,0.9256172832458573,1.239109661860575e-06,0.07436576816718493,1.5709477295821178e-05,25,10,20
44,863,0.895654414582903,8.979675011062477e-07,0.10433843222648007,6.255223115293945e-06,25,10,20
44,864,0.9399648704681621,5.641426455216508e-06,0.06002488179932568,4.6063060565586184e-06,25,10,20
44,865,0.912892898476848,0.00025449918463746704,0.08211834547634687,0.004734256862166979,25,10,20
44,866,0.8856505294486098,5.247640373927558e-06,0.10960016195896209,0.0047440609520542675,25,10,20
44,867,0.9057819287710401,1.7738215374486907e-06,0.08944014369746439,0.0047761537099574305,25,10,20
44,868,0.8745006514891834,2.4027965275039726e-06,0.12075872416739535,0.004738221546893794,25,10,20
44,869,0.9059588162311468,5.833240141011076e-06,0.09402197925904097,1.3371269671233953e-05,25,10,20
44,870,0.8897838385289741,1.3157941693950804e-06,0.10993867043219016,0.0002761752446659146,25,10,20
44,871,0.9043060989804645,5.859544737347221e-06,0.09530248308611686,0.00038555838868221276,25,10,20
44,872,0.8829139911619415,5.807270449245038e-06,0.11704508552403171,3.5116043577224945e-05,25,10,20
44,873,0.8908388999868232,5.929066657348597e-06,0.10892295135708974,0.00023221958942939606,25,10,20
44,874,0.9611816791010197,1.8185710261645272e-06,0.038648352210339854,0.00016815011761384617,25,10,20
44,875,0.9221213697733412,2.1532232465272617e-05,0.07781629668145947,4.08013127333528e-05,25,10,20
44,876,0.8937005126588367,1.3971216588489516e-05,0.10623454385911624,5.0972265458683876e-05,25,10,20
44,877,0.884348516426993,1.384705197176569e-05,0.11561580749401233,2.1829027022893377e-05,25,10,20
44,878,0.9489805469880292,1.366175134666925e-05,0.050999307937702604,6.483322921557526e-06,25,10,20
44,879,0.9211779810147043,0.0002846739550990131,0.07820918674169276,0.00032815828850401684,25,10,20
44,880,0.8933479967563912,1.888646564695592e-06,0.10632709130702601,0.00032302329001797434,25,10,20
44,881,0.9051024752989763,1.8477583035852305e-06,0.09488907041263132,6.606530089110532e-06,25,10,20
44,882,0.945434601364121,5.649211851464721e-07,0.05456305448200727,1.7792326860966044e-06,25,10,20
44,883,0.921056241462962,2.2795698370895527e-07,0.07874352378866999,0.00020000679138359133,25,10,20
44,884,0.9287195463113588,4.368776589352916e-07,0.07109051916108138,0.00018949764990090775,25,10,20
44,885,0.9416009393737284,1.1213147891989419e-07,0.05828501463849016,0.00011393385630241673,25,10,20
44,886,0.9352962140209529,7.902372157503472e-06,0.06467500050332878,2.088310356061791e-05,25,10,20
44,887,0.9380303415237207,1.8472844358099785e-06,0.06193646493735353,3.134625449039988e-05,25,10,20
44,888,0.9609837175842414,5.260995617345316e-07,0.03899349195707731,2.226435911934078e-05,25,10,20
44,889,0.9783855955667106,2.945851457564293e-07,0.0215524834444467,6.162640369655521e-05,25,10,20
44,890,0.9249946334667142,8.571928551465301e-06,0.07480231826735947,0.0001944763373748468,25,10,20
44,891,0.9616221320066702,3.366496036047442e-06,0.038362912560513884,1.1588936779371776e-05,25,10,20
44,892,0.9077493785402619,4.360595999484356e-06,0.09223766855513947,8.592308599418858e-06,25,10,20
44,893,0.950707599258392,6.589754974662667e-07,0.04928464671279935,7.095053310851283e-06,25,10,20
44,894,0.9200473297441785,1.429197242808633e-05,0.07992635005653988,1.202822685310873e-05,25,10,20
44,895,0.907426088193936,6.879108860158235e-07,0.09196986656228226,0.0006033573328953216,25,10,20
44,896,0.8747634237916385,2.8537622457799296e-06,0.12455108113044316,0.0006826413156725492,25,10,20
44,897,0.8587010163344521,2.49751897718881e-05,0.14047630664217256,0.0007977018336035907,25,10,20
44,898,0.8607587605123881,3.081157272810459e-05,0.13917042947559474,3.999843928962443e-05,25,10,20
44,899,0.9338316925763966,1.942681671718549e-05,0.06612885024098188,2.003036590455964e-05,25,10,20
44,900,0.9095302012815157,1.6486690487220381e-06,0.09045168934888727,1.6460700548639388e-05,25,10,20
44,901,0.8667353010069838,1.5841727365655338e-06,0.13292087095429556,0.0003422438659841133,25,10,20
44,902,0.8615088238770694,1.472815583064288e-06,0.13814434568757197,0.00034535761977565064,25,10,20
44,903,0.8577009886539123,0.00010069994551994674,0.14218685935131822,1.1452049249738861e-05,25,10,20
44,904,0.8535314835977218,4.79575984920954e-05,0.14641047052123668,1.0088282548951005e-05,25,10,20
44,905,0.8646537037312046,4.848650333857277e-05,0.13524754216104187,5.0267604414380536e-05,25,10,20
44,906,0.9208616252075028,0.0005709891056838863,0.07854128635345085,2.6099333362997128e-05,25,10,20
44,907,0.9260213144596393,5.365996659063735e-06,0.059687518472141515,0.014285801071560654,25,10,20
44,908,0.8817508957794525,4.49171935829014e-06,0.11789680738470215,0.00034780511648685973,25,10,20
44,909,0.8671976431166197,2.628456863743134e-06,0.13245760765586886,0.00034212077064826754,25,10,20
44,910,0.8808660922556294,2.451523239827274e-06,0.11879534609600936,0.00033611012512165564,25,10,20
44,911,0.9578368885625317,3.664713606157964e-07,0.04213512428348305,2.7620682624767686e-05,25,10,20
44,912,0.968639225831282,1.0762993860704262e-06,0.03135481515710904,4.882712222826425e-06,25,10,20
44,913,0.9302293882287842,1.461065673614715e-06,0.06976000555151242,9.145154028869564e-06,25,10,20
44,914,0.9079848428601066,2.421332787255539e-06,0.09200203728189979,1.0698525205624772e-05,25,10,20
44,915,0.8955209691485244,2.669549864781979e-06,0.1044640884013619,1.2272900248580308e-05,25,10,20
44,916,0.9604938314743855,5.403733914952572e-07,0.039489692005669014,1.5936146553948957e-05,25,10,20
44,917,0.9259895528563249,3.2458706713418974e-06,0.07399626828315073,1.0932989853305343e-05,25,10,20
44,918,0.9334369765560383,3.750625266663713e-06,0.06653959824879313,1.9674569901962022e-05,25,10,20
44,919,0.8469746887635208,4.2082312835074836e-06,0.12373875270386762,0.029282350301327864,25,10,20
44,920,0.8373470314554063,2.8940533923650935e-06,0.12279157838726212,0.03985849610393827,25,10,20
44,921,0.8971485455690914,6.913660480106324e-07,0.07409798437813069,0.0287527786867293,25,10,20
44,922,0.9053359375176327,2.8387387431851315e-05,0.09166525254805707,0.0029704225468791907,25,10,20
44,923,0.9363217444156074,2.887900149185046e-05,0.06361958060399767,2.979597890331558e-05,25,10,20
44,924,0.889524779958652,2.0857055530196557e-06,0.1097595447837646,0.0007135895520303856,25,10,20
44,925,0.9060864310218517,5.455482244827163e-06,0.09359693993941637,0.0003111735564873967,25,10,20
44,926,0.8813220934724244,9.946229655043854e-06,0.11862827272095366,3.968757696718879e-05,25,10,20
44,927,0.871799444895895,1.0936699722702108e-06,0.11725058747134415,0.010948873962788964,25,10,20
44,928,0.9038224126439617,9.980833381297256e-07,0.08529042565251199,0.01088616362018857,25,10,20
44,929,0.9029636384759445,1.035647364401063e-06,0.09694800524572728,8.732063096370419e-05,25,10,20
44,930,0.8853486267970382,4.0576753011383567e-07,0.11412497373498377,0.0005259937004481821,25,10,20
44,931,0.8928913287623145,8.24013618658346e-07,0.10672603834343976,0.0003818088806271553,25,10,20
44,932,0.9172690303790971,6.748598979046989e-07,0.08245145394227482,0.0002788408187305948,25,10,20
44,933,0.8908248412173466,9.84217974183101e-07,0.1089168354863495,0.00025733907832976356,25,10,20
44,934,0.8800664724175492,1.1592939853338322e-06,0.11992153210959038,1.083617887551207e-05,25,10,20
44,935,0.8572511670357437,0.0002120132938165776,0.14249572262614665,4.1097044292691635e-05,25,10,20
44,936,0.9033054377164963,2.2650848585010445e-05,0.09662888059808011,4.3030836838380085e-05,25,10,20
44,937,0.920832968355536,2.07779874734491e-06,0.07913602403172436,2.8929813992224926e-05,25,10,20
44,938,0.9749165406287001,1.7419545199791333e-05,0.024956937048082703,0.00010910277801710381,25,10,20
44,939,0.8744181215290885,0.00043285188000560435,0.12511738071570244,3.164587520325908e-05,25,10,20
44,940,0.9070280801306297,1.057660186077309e-06,0.0929572151278229,1.364708136085388e-05,25,10,20
44,941,0.9289465467313621,1.3696867058136581e-05,0.07102034952543808,1.940687614183842e-05,25,10,20
44,942,0.9189423550524279,9.149214089823667e-06,0.06979913153516036,0.011249364198322382,25,10,20
44,943,0.9201022565099851,4.6729667205790474e-05,0.07812812737998986,0.0017228864428193416,25,10,20
44,944,0.9454158948521176,4.6440920112289395e-05,0.0545188235901603,1.8840637610065968e-05,25,10,20
44,945,0.9110907939459587,4.874164095250235e-05,0.08884079600437098,1.9668408717150065e-05,25,10,20
44,946,0.9212458263111578,4.762579519933196e-05,0.07861538715364948,9.116073999238367e-05,25,10,20
44,947,0.8749540407769558,9.108660785988567e-07,0.12503947063692147,5.57772004317942e-06,25,10,20
44,948,0.8464604174197841,1.4313723628870426e-06,0.15349703065196482,4.11205558881508e-05,25,10,20
44,949,0.925894182618933,1.892507491579945e-05,0.07220089073026947,0.0018860015758820714,25,10,20
44,950,0.9382025537645642,4.929048113380261e-06,0.061688188476417105,0.00010432871090529854,25,10,20
44,951,0.9536268217767159,6.448382706460661e-07,0.04626789682820671,0.00010463655680719102,25,10,20
44,952,0.9483028080631368,4.399557183653819e-06,0.05133430350634291,0.00035848887333747456,25,10,20
44,953,0.9242299699722862,1.5400553843039364e-05,0.07170436982300833,0.00405025965086241,25,10,20
44,954,0.8975243115403562,8.418037177149771e-06,0.10244524214719414,2.202827527372347e-05,25,10,20
44,955,0.9689568965073954,6.209225728851369e-06,0.030967089864787453,6.980440208879886e-05,25,10,20
44,956,0.9618735281387764,6.415852346820978e-07,0.03810942806713969,1.6402208849885587e-05,25,10,20
44,957,0.9347664347797837,1.0016567613531692e-06,0.06501813514642295,0.0002144284170325937,25,10,20
44,958,0.9338809388866494,9.03472715465396e-07,0.06591746650085013,0.00020069113978473318,25,10,20
44,959,0.9323236851991601,2.1245034023261644e-07,0.06302009719350923,0.004656005156990466,25,10,20
44,960,0.8933963521059405,8.661136383805495e-06,0.10616705134383464,0.00042793541384093033,25,10,20
44,961,0.8978788334200671,1.1438620145109731e-05,0.10208133517617725,2.8392783610165375e-05,25,10,20
44,962,0.8981529942344626,2.61983289765619e-06,0.10168916753064199,0.00015521840199734957,25,10,20
44,963,0.9239954990832345,2.0400812213981016e-05,0.07598220396304481,1.896141506707788e-06,25,10,20
44,964,0.9498062664726917,2.0156467223827832e-05,0.05016547652859716,8.100531487449692e-06,25,10,20
44,965,0.9238177399971107,1.310649079705848e-07,0.07607447133057688,0.00010765760740455443,25,10,20
44,966,0.956315704479413,8.098326287135751e-07,0.043680882258259376,2.6034296985056735e-06,25,10,20
44,967,0.8760396153666646,1.4754743105534914e-06,0.12355882039146385,0.0004000887675602526,25,10,20
44,968,0.8996234281615512,1.4211788559591035e-05,0.0998908638571916,0.0004714961926980818,25,10,20
44,969,0.9078741913272776,1.2375873537297422e-05,0.09160758352756387,0.0005058492716216094,25,10,20
44,970,0.9072155423910446,1.2437272251792587e-05,0.09241093585675163,0.00036108447995161704,25,10,20
44,971,0.8736511043319973,6.36812582040678e-05,0.1259064347662978,0.00037877964350062273,25,10,20
44,972,0.9340868449139751,8.452302463992433e-07,0.06501241428816062,0.0008998955676180194,25,10,20
44,973,0.8975805232124818,6.957764552109673e-06,0.10238168090299092,3.083811997560911e-05,25,10,20
44,974,0.9272325732902644,5.350636549195739e-06,0.07273215955136293,2.9916521823983793e-05,25,10,20
44,975,0.9592335737407222,9.678022706623351e-07,0.040687005631955236,7.845282505207851e-05,25,10,20
44,976,0.9055019450890498,1.8183816651174052e-06,0.09428520185174426,0.00021103467754017644,25,10,20
44,977,0.8541891206572019,5.107031913262423e-06,0.14554709701960392,0.00025867529128166604,25,10,20
44,978,0.9010276361788374,1.1608984856540022e-07,0.09873292116064392,0.0002393265706703657,25,10,20
44,979,0.944252888533631,3.020169726549878e-06,0.05571220874530254,3.188255133967172e-05,25,10,20
44,980,0.900941255980734,3.482720198366066e-06,0.09885738751541204,0.00019787378365551848,25,10,20
44,981,0.8858417167579463,0.0012741606391297872,0.11287874523314897,5.377369774494583e-06,25,10,20
44,982,0.919032347523514,2.6866801936108887e-06,0.08094039968673356,2.456610955818967e-05,25,10,20
44,983,0.8657895559160358,3.158905328897916e-06,0.13409336427177948,0.00011392090685609329,25,10,20
44,984,0.9202026902774115,0.0002520712528200871,0.07944202523461139,0.0001032132351571103,25,10,20
44,985,0.9509598132884158,1.0312480246477897e-06,0.04902921895733602,9.936506223420446e-06,25,10,20
44,986,0.9151659133475379,3.2171231948576867e-06,0.08480432256765347,2.6546961613115754e-05,25,10,20
44,987,0.8866855846984256,8.879235780940153e-05,0.11213848511103974,0.0010871378327252693,25,10,20
44,988,0.9191253620634637,1.6921623084984773e-06,0.07964505461489245,0.0012278911593348453,25,10,20
44,989,0.8703532748073077,2.029385867623881e-06,0.12851525352016396,0.0011294422866597103,25,10,20
44,990,0.8327586041969728,1.2899335514203517e-06,0.16611744583959695,0.0011226600298786086,25,10,20
44,991,0.9385010491365295,3.0251074467890344e-07,0.06141080701562546,8.784133710019241e-05,25,10,20
44,992,0.9102699753642571,1.234805197910403e-05,0.08921252123943697,0.0005051553443270226,25,10,20
44,993,0.9156301622652238,8.32126525168327e-06,0.08434347939385294,1.8037075671699996e-05,25,10,20
44,994,0.927328812122843,5.546627922511262e-06,0.0726423833499398,2.325789929496959e-05,25,10,20
44,995,0.9142467050208894,1.0358800221373397e-06,0.08572064937744284,3.160972164486058e-05,25,10,20
44,996,0.8426787226025744,1.2797934463362593e-06,0.15728939766569913,3.059993828008883e-05,25,10,20
44,997,0.8749854838509579,2.6532341438513123e-05,0.12497688031752759,1.1103490076607924e-05,25,10,20
44,998,0.8528763337938995,8.538861107423623e-06,0.14709856026586962,1.6567079124105816e-05,25,10,20
44,999,0.9011003216991207,1.2569395409567233e-06,0.09888936620229377,9.055159044477499e-06,25,10,20
44,1000,0.9032990013338528,1.8628273228685635e-07,0.0966985620547111,2.250328703928115e-06,25,10,20
44,1001,0.8949833795919834,1.843800888964594e-05,0.09829315686610407,0.0067050255330223605,25,10,20
44,1002,0.9426134998949727,3.4288862026101746e-06,0.057372663807154375,1.0407411670328137e-05,25,10,20
44,1003,0.8828915369576038,1.4934517856416802e-05,0.11708257357626747,1.0954948272499507e-05,25,10,20
44,1004,0.8699600186218882,0.00033461375041143367,0.12771338331252602,0.001991984315174313,25,10,20
44,1005,0.8496305668239346,1.4148464920663353e-05,0.15034851799099214,6.766720152426208e-06,25,10,20
44,1006,0.8330377379798124,1.3480436517585897e-05,0.16694523360311866,3.547980550970389e-06,25,10,20
44,1007,0.9096780528758295,1.9953962651986994e-06,0.09031732014173936,2.6315861660302585e-06,25,10,20
44,1008,0.898535144583525,4.7549192028168294e-06,0.10142170640225924,3.839409501327495e-05,25,10,20
44,1009,0.98352958816209,2.3789899667108883e-06,0.01642793836656372,4.009448137954192e-05,25,10,20
44,1010,0.947513925870156,3.337442618643443e-05,0.05231748296147274,0.00013521674218519114,25,10,20
44,1011,0.9526236389316682,2.093965776982448e-06,0.04733451228656928,3.9754815985456856e-05,25,10,20
44,1012,0.9333940490616264,1.344186165541922e-06,0.06593301360299833,0.0006715931492098294,25,10,20
44,1013,0.9522371269283046,6.106561308562714e-07,0.047725073818159686,3.718859740506124e-05,25,10,20
44,1014,0.875255944813794,8.634738722963598e-07,0.12470308808617153,4.010362616223792e-05,25,10,20
44,1015,0.9202831453128966,7.61046601266821e-07,0.07965318154873349,6.291209176842153e-05,25,10,20
44,1016,0.9332803903036272,1.4574115062817624e-06,0.06669821076243805,1.9941522428179386e-05,25,10,20
44,1017,0.8983671032103776,1.2180271513233234e-06,0.10160871353079372,2.296523167726017e-05,25,10,20
44,1018,0.9154931794750706,1.2240403436459283e-05,0.08440328912379473,9.129099769769852e-05,25,10,20
44,1019,0.8740851005576306,9.365911248508884e-06,0.12580511942854272,0.00010041410257728414,25,10,20
44,1020,0.9213367914675152,2.0373662952675747e-06,0.07859473557137299,6.643559481618819e-05,25,10,20
44,1021,0.8804900255480115,0.00041963517099411174,0.11901287090899572,7.746837199775143e-05,25,10,20
44,1022,0.891512351277402,0.0004199813134930273,0.10781620926853823,0.0002514581405665631,25,10,20
44,1023,0.897670854800768,3.2178662674473976e-06,0.10231471718642288,1.1210146541478523e-05,25,10,20
44,1024,0.8939424470725768,1.8251689566553972e-05,0.10597087345334871,6.842778450763052e-05,25,10,20
44,1025,0.8496453084048251,0.0001076864970655449,0.14058231068007274,0.009664694418037169,25,10,20
44,1026,0.8892287181325774,2.1966737175391e-05,0.10148758457120768,0.00926173055903955,25,10,20
44,1027,0.9361560951912274,3.7339280062809436e-06,0.05370111999658562,0.010139050884180871,25,10,20
44,1028,0.8593039807510346,7.689948697763375e-05,0.1295240564649753,0.01109506329701234,25,10,20
44,1029,0.8952073578037865,1.7102507829678276e-06,0.10382394361302584,0.000966988332404521,25,10,20
44,1030,0.9037884809251713,2.4262732502900047e-06,0.0962011326508654,7.960150713114423e-06,25,10,20
44,1031,0.9112417970022884,1.6979054284279192e-06,0.08874533816944244,1.1166922840760719e-05,25,10,20
44,1032,0.9083673543492918,4.1167179645262654e-07,0.09161900790382514,1.3226075086942896e-05,25,10,20
44,1033,0.8821029486694338,2.1264226639221764e-07,0.1178827920614981,1.404662680046029e-05,25,10,20
44,1034,0.8299743288118256,8.536615899075247e-07,0.16996873646192387,5.6081064659986337e-05,25,10,20
44,1035,0.9075102542196042,8.432918248700946e-07,0.0924789107653062,9.991723264805599e-06,25,10,20
44,1036,0.9399365543722198,3.3344851766487214e-07,0.06004992814827114,1.3184030991988155e-05,25,10,20
44,1037,0.9176793348121827,1.3047934882417174e-06,0.08230935797451272,1.0002419817204285e-05,25,10,20
44,1038,0.8730175199956216,2.198997430641511e-06,0.12693108127317518,4.9199733773622167e-05,25,10,20
44,1039,0.8756515803354802,2.7282511803535824e-07,0.12398089253924097,0.000367254300161036,25,10,20
44,1040,0.8764326696898966,1.4702998533176057e-06,0.12339689472726034,0.00016896528299016375,25,10,20
44,1041,0.9074765676305206,4.039994849729641e-07,0.09251420761106066,8.820758933510961e-06,25,10,20
44,1042,0.9538742608928544,2.1731367050521654e-07,0.04595319424048095,0.00017232755299416324,25,10,20
44,1043,0.9050897587784636,2.3676309906511232e-05,0.09466126591382347,0.00022529899780610288,25,10,20
44,1044,0.9276501055679129,1.481646229095162e-06,0.07234067809097287,7.734694885411715e-06,25,10,20
44,1045,0.9018544443085088,3.071031713415261e-05,0.09791880332877344,0.0001960420455826549,25,10,20
44,1046,0.9682022019708008,2.5795027472999076e-06,0.03178786207016365,7.356456288474041e-06,25,10,20
44,1047,0.8823203789963844,1.917849624471963e-06,0.11756858074536682,0.00010912240862493626,25,10,20
44,1048,0.9181079310872908,1.4310629683067406e-06,0.08187129801460687,1.9339835134220417e-05,25,10,20
44,1049,0.9577314245285922,2.1683393713920524e-07,0.04226600950431719,2.3491331529264657e-06,25,10,20
44,1050,0.8937106019961305,7.320155167789269e-07,0.10628271151926053,5.954469092423069e-06,25,10,20
44,1051,0.8676635643025545,2.642207318319779e-06,0.13222238656504412,0.00011140692508271433,25,10,20
44,1052,0.924052528837514,3.1318013326658806e-07,0.07569481643152942,0.000252341550823477,25,10,20
44,1053,0.8869331028051252,2.5659312167907107e-07,0.11279709869690613,0.00026954190484802223,25,10,20
44,1054,0.9178337667062593,9.763441469548665e-07,0.08212303988415817,4.221706543628903e-05,25,10,20
44,1055,0.950529966202379,1.0456988220090524e-06,0.04922232004234532,0.0002466680564539822,25,10,20
44,1056,0.9070275705903049,4.1284487651409017e-07,0.09116593513774833,0.0018060814270703582,25,10,20
44,1057,0.8554597527961915,2.2905525882421853e-05,0.14421715367468402,0.0003001880032425722,25,10,20
44,1058,0.8523253903235974,3.22633059279219e-07,0.1476151444768925,5.914256645119498e-05,25,10,20
44,1059,0.8672040447312306,1.805252169825605e-05,0.13268294499798075,9.495774909100568e-05,25,10,20
44,1060,0.8881697549940748,5.873481596628171e-07,0.11182328539637564,6.372261390282812e-06,25,10,20
44,1061,0.927827043452183,2.288412982945715e-06,0.07216148904186283,9.17909297086942e-06,25,10,20
44,1062,0.9367703532346439,1.900470464420635e-06,0.06322118652178293,6.559773108807931e-06,25,10,20
44,1063,0.9259473780848956,1.1109084838732417e-05,0.07395884828410944,8.266454615628549e-05,25,10,20
44,1064,0.8685307015683412,1.0640145771860064e-05,0.13059324172942316,0.0008654165564630545,25,10,20
44,1065,0.9086972086369818,1.3681712358064751e-06,0.09067737839232679,0.0006240447994554394,25,10,20
44,1066,0.9316975742432285,4.016880024117722e-06,0.0676864324236857,0.0006119764530619107,25,10,20
44,1067,0.9172907553060591,7.050432582354478e-05,0.07818659661628381,0.004452143751833397,25,10,20
44,1068,0.8760342688454851,1.0576356823687788e-05,0.11952444197326983,0.004430712824421689,25,10,20
44,1069,0.8940085497829807,9.414460349562926e-07,0.1047640587484301,0.0012264500225543013,25,10,20
44,1070,0.865317960776517,3.34074793056833e-06,0.13182262954998164,0.0028560689255702925,25,10,20
44,1071,0.9117977558204139,1.880774169852841e-06,0.08759126096994513,0.0006091024354706765,25,10,20
44,1072,0.9383037922362408,5.581560348349685e-05,0.06135472070629798,0.0002856714539774499,25,10,20
44,1073,0.9411694096889913,6.795442401828228e-05,0.058555369838140185,0.0002072660488498461,25,10,20
44,1074,0.9655314108414003,9.064346046041143e-07,0.03445674489853608,1.0937825459002904e-05,25,10,20
44,1075,0.8869594466976669,4.704855435626924e-06,0.11295332059252745,8.252785436973107e-05,25,10,20
44,1076,0.9085423243851841,8.475544909624532e-06,0.09117415369902221,0.0002750463708836115,25,10,20
44,1077,0.9307630466593758,4.133847176371659e-06,0.06854440473839475,0.0006884147550527506,25,10,20
44,1078,0.9541292184945311,1.869753683858666e-05,0.0456269900067449,0.0002250939618852472,25,10,20
44,1079,0.9442834842608883,1.711933580404589e-05,0.055432821253824135,0.00026657514948303355,25,10,20
44,1080,0.9318842616300553,2.2937843793105775e-06,0.06790935524123151,0.00020408934433313857,25,10,20
44,1081,0.9462692931311575,2.020122082869714e-06,0.05365166754812847,7.7019198630859e-05,25,10,20
44,1082,0.9178344881973532,7.528248575691698e-06,0.08211308784791665,4.489570615454079e-05,25,10,20
44,1083,0.890819146452158,1.1337002794704777e-05,0.1085571993461075,0.0006123171989393121,25,10,20
44,1084,0.9433175514002212,1.1049047779908743e-05,0.05609485032789326,0.0005765492241056854,25,10,20
44,1085,0.9259140375930768,2.6623273284831585e-05,0.07405280577379073,6.533359847822887e-06,25,10,20
44,1086,0.8557486790808524,6.727007198142377e-07,0.14391451234044234,0.0003361358779860934,25,10,20
44,1087,0.7952164583308904,1.1887776944604377e-06,0.18045518398269478,0.02432716890872039,25,10,20
44,1088,0.8344393571883153,1.244183838804958e-06,0.14123072045640128,0.02432867817144402,25,10,20
44,1089,0.8705198292952646,1.2803747181032345e-06,0.1051386474850502,0.02434024284496692,25,10,20
44,1090,0.8232394957919132,3.0224638954834223e-06,0.14212499407309487,0.03463248767109575,25,10,20
44,1091,0.8628213978191954,2.9111680510374685e-06,0.12466666264672155,0.012509028366031983,25,10,20
44,1092,0.9061322914363217,2.3248233260989435e-06,0.09292515445864981,0.0009402292817026711,25,10,20
44,1093,0.9204040614097744,1.0130024925852955e-06,0.07868485344704794,0.0009100721406850225,25,10,20
44,1094,0.8745871747469338,2.797729797705927e-05,0.08583010699546384,0.039554740959625266,25,10,20
44,1095,0.8885663768092995,6.929692114101532e-07,0.07183957890189382,0.0395933513195955,25,10,20
44,1096,0.8752193581719865,7.102602527146244e-07,0.12457851379899441,0.00020141776876685222,25,10,20
44,1097,0.9030774761914471,6.003127539096252e-08,0.09689470097375291,2.7762803523974774e-05,25,10,20
44,1098,0.9277475010657816,2.1977771682570688e-07,0.07222162960028358,3.0649556217980593e-05,25,10,20
44,1099,0.9264001108538228,6.12268259713952e-07,0.06966953034726457,0.003929746530653145,25,10,20
44,1100,0.9567275725427554,9.091417352545594e-07,0.042729550158281254,0.00054196815722799,25,10,20
44,1101,0.9000056489425752,3.2460535739813993e-07,0.09988896525951636,0.0001050611925502585,25,10,20
44,1102,0.8812759476284662,2.2580666385411943e-06,0.11867934134577725,4.245295911803045e-05,25,10,20
44,1103,0.8649790529055985,1.0673718391027376e-06,0.13363465666895216,0.001385223053609042,25,10,20
44,1104,0.905669970173943,2.307004357323612e-06,0.09432184547094823,5.877350751763143e-06,25,10,20
44,1105,0.8947948883403483,6.377303976117052e-06,0.10519668842598005,2.04592969581968e-06,25,10,20
44,1106,0.905392720719146,0.00018336231992264107,0.09439227181440037,3.164514653109101e-05,25,10,20
44,1107,0.9126147705209842,0.0001906695731253072,0.08718805568408365,6.504221807159729e-06,25,10,20
44,1108,0.9575566176094921,6.171914835869889e-06,0.04233064335481385,0.00010656712085775214,25,10,20
44,1109,0.9109203776815039,3.6029410727760244e-05,0.08892904650640786,0.00011454640135997623,25,10,20
44,1110,0.9036464218016217,2.558782723192693e-05,0.09581981988822191,0.0005081704829243373,25,10,20
44,1111,0.8897792699074124,1.8639913411668858e-05,0.1097994552764606,0.00040263490271510787,25,10,20
44,1112,0.9392637721084169,6.001973762058749e-07,0.06070358869017872,3.203900402795258e-05,25,10,20
44,1113,0.9359159068252098,1.6461261844418021e-06,0.06407906882527632,3.3782233290362237e-06,25,10,20
44,1114,0.9208236441080173,1.4906351039243466e-05,0.07908893403883992,7.251550210345893e-05,25,10,20
44,1115,0.9383710436201662,1.6314984538875034e-05,0.06138729723494943,0.00022534416034474252,25,10,20
44,1116,0.9203339891822157,4.6747923746067775e-07,0.07943968055938978,0.0002258627791563847,25,10,20
44,1117,0.8991345030222183,0.0005298142137336175,0.10033347112726818,2.211636780163131e-06,25,10,20
44,1118,0.9101631887253674,0.0005210654811523821,0.08930257651307784,1.316928040279565e-05,25,10,20
44,1119,0.9119817198131759,8.49822871513359e-06,0.08772322899120022,0.0002865529669081997,25,10,20
44,1120,0.8601050336776471,1.5105483482275129e-05,0.13888074823271013,0.00099911260615969,25,10,20
44,1121,0.8675882826108023,0.00013812192464832755,0.13225599877681868,1.7596687730271493e-05,25,10,20
44,1122,0.8735844202888239,6.331793503702112e-05,0.12631823884081603,3.4022935322817326e-05,25,10,20
44,1123,0.8915250294866351,6.3272543475777e-05,0.10836226099707431,4.9436972815668575e-05,25,10,20
44,1124,0.9058265015260207,6.324812767629989e-05,0.09407249350667728,3.775683962550228e-05,25,10,20
44,1125,0.9262629296572932,3.5928178758136445e-07,0.0737260208719112,1.0690189007913964e-05,25,10,20
44,1126,0.934686627762933,3.6047509934505294e-06,0.059231659798110056,0.006078107687962931,25,10,20
44,1127,0.9413986721075612,1.4415509682198243e-05,0.0585278060537196,5.910632903634455e-05,25,10,20
44,1128,0.9295187441323783,1.875955464209139e-06,0.07033283440504211,0.0001465455071150434,25,10,20
44,1129,0.9417477350185385,1.5285855373702646e-06,0.0579116671426334,0.0003390692532905357,25,10,20
44,1130,0.8972027521435797,6.940400521024882e-06,0.10243727595560886,0.0003530315002910997,25,10,20
44,1131,0.9001273198100429,6.74147560297199e-06,0.09949228111662739,0.00037365759772766587,25,10,20
44,1132,0.9209144350115562,2.619159506267528e-07,0.07903721729524901,4.808577724481623e-05,25,10,20
44,1133,0.8664309440637203,1.0171830586527939e-05,0.13351580824119055,4.3075864501849566e-05,25,10,20
44,1134,0.9157882453593216,9.160375513605474e-06,0.08416723964969024,3.535461547436933e-05,25,10,20
44,1135,0.9316908229787627,4.269508948172018e-05,0.06812712584170476,0.0001393560900508024,25,10,20
44,1136,0.9737119742469066,2.6968096074183107e-05,0.02613944349794028,0.00012161415907919789,25,10,20
44,1137,0.9722079884693764,2.6167205991361655e-05,0.027666731432561372,9.911289207127291e-05,25,10,20
44,1138,0.9489256332215222,2.6303829050254773e-05,0.05094819169503878,9.987125438845971e-05,25,10,20
44,1139,0.9520542039719537,2.6253860314201962e-05,0.04785234254941957,6.719961831257065e-05,25,10,20
44,1140,0.9818810054927944,5.320582326777753e-06,0.018106024937166256,7.648987712654286e-06,25,10,20
44,1141,0.9672345954893773,2.6915417330403968e-05,0.03270798867688715,3.050041640535123e-05,25,10,20
44,1142,0.9320683204982936,5.473807618370922e-06,0.06792037198124955,5.83371283909886e-06,25,10,20
44,1143,0.8967948007012504,9.36832547958483e-07,0.1011419839208477,0.0020622785453541024,25,10,20
44,1144,0.8675886399016587,8.250127268069019e-07,0.1302686761044921,0.002141858981122966,25,10,20
44,1145,0.9479331669039286,5.970228278376839e-06,0.05196354690708725,9.73159607061821e-05,25,10,20
44,1146,0.9507755115120837,4.06482812134086e-06,0.049026517364765904,0.00019390629502861158,25,10,20
44,1147,0.9429322253989486,5.03343477924594e-07,0.05647416586679218,0.0005931053907813989,25,10,20
44,1148,0.9365876569057373,8.266361572916874e-07,0.06317685269396292,0.00023466376414264548,25,10,20
44,1149,0.9694028053339991,6.635450093351594e-08,0.030573213121650827,2.391518984905711e-05,25,10,20
44,1150,0.9286843667804652,2.0000924908824915e-05,0.06780820085253975,0.0034874314420861086,25,10,20
44,1151,0.8881270090484008,1.3590686815681838e-06,0.11170255113321405,0.00016908074970376237,25,10,20
44,1152,0.9580713223228661,6.183543419417324e-07,0.04191291410187833,1.5145220913870538e-05,25,10,20
44,1153,0.9335163638006181,5.119467645296991e-06,0.06573723649961605,0.0007412802321207114,25,10,20
44,1154,0.9264419044192627,1.684484143158408e-05,0.07319889128878856,0.00034235945051675,25,10,20
44,1155,0.9354327360777339,8.936607145092505e-07,0.06437908527254449,0.00018728498900698258,25,10,20
44,1156,0.8641151360505526,1.0146462628926818e-06,0.13570069841965407,0.0001831508835292449,25,10,20
44,1157,0.9159674837525474,5.104214755579268e-07,0.08402658810865077,5.417717326914921e-06,25,10,20
44,1158,0.9435235751057793,1.834416421097959e-06,0.055084805439396416,0.0013897850384030188,25,10,20
44,1159,0.9031442113328682,7.250099245531515e-06,0.0968251497550877,2.33888127985062e-05,25,10,20
44,1160,0.8984426426955117,2.2699667584832125e-05,0.10107105329576506,0.0004636043411388001,25,10,20
44,1161,0.8972590562832156,2.962847102139179e-05,0.10223403111488837,0.0004772841308747058,25,10,20
44,1162,0.9568391689179845,1.5396754918054698e-07,0.04314645013950194,1.4226974964414792e-05,25,10,20
44,1163,0.909782077540374,7.05333446698384e-07,0.08998428906498032,0.00023292806119868756,25,10,20
44,1164,0.9113688130313506,1.1491666132349577e-06,0.08757329303408984,0.0010567447679458075,25,10,20
44,1165,0.9359127597291192,7.197072433497882e-07,0.06398103132830286,0.00010548923533392542,25,10,20
44,1166,0.9515539219515509,6.78108705791017e-07,0.04842857436531095,1.6825574432323213e-05,25,10,20
44,1167,0.9133336635402958,9.372728384131986e-07,0.0865977525070335,6.764667983240301e-05,25,10,20
44,1168,0.9122516324030906,5.588334441163104e-07,0.08772660679530615,2.1201968159069918e-05,25,10,20
44,1169,0.9604655697913093,3.3467129146756165e-07,0.03947817897238393,5.591656501526317e-05,25,10,20
44,1170,0.9049098813134512,8.926604688105841e-07,0.09502865880742828,6.056721865150357e-05,25,10,20
44,1171,0.8833712694799287,5.968212386388016e-07,0.11638059330093022,0.00024754039790256645,25,10,20
44,1172,0.9192531688632317,2.207170008877543e-06,0.0807181718045687,2.6452162190368707e-05,25,10,20
44,1173,0.9426041773899683,5.893643638535885e-07,0.05734796532474065,4.726792092734397e-05,25,10,20
44,1174,0.9226662410052934,1.1262948118548819e-05,0.07727086270874568,5.1633337841771796e-05,25,10,20
44,1175,0.8968864684015314,8.17220906285645e-05,0.10298891374557821,4.289576226113409e-05,25,10,20
44,1176,0.9385184170894249,8.335129182260446e-05,0.06136365269214127,3.457892661072162e-05,25,10,20
44,1177,0.9487111732174957,7.912460433988183e-05,0.05120345940690124,6.242771263047882e-06,25,10,20
44,1178,0.9495175766666063,6.356023569744136e-06,0.050470282168748666,5.785141075396318e-06,25,10,20
44,1179,0.936147683886028,6.300907962064774e-06,0.0638037374793272,4.227772668242585e-05,25,10,20
44,1180,0.9330449380509664,6.867468783420968e-06,0.06689814275264165,5.005172760834968e-05,25,10,20
44,1181,0.8834825521941532,6.402919269954024e-06,0.11645489457149236,5.615031508430367e-05,25,10,20
44,1182,0.886474625474155,3.701899959177738e-05,0.11321839859871417,0.00026995692753978615,25,10,20
44,1183,0.9053161001481307,1.1706269802287385e-05,0.09465709765012517,1.5095931941842406e-05,25,10,20
44,1184,0.8942734703851989,9.199345745971173e-06,0.10570008477871334,1.7245490341942453e-05,25,10,20
44,1185,0.934447423137002,2.7039052806368105e-06,0.06552038403875106,2.9488918966786835e-05,25,10,20
44,1186,0.9065778418548984,1.0441398454548232e-07,0.09341548552052328,6.5682105936629175e-06,25,10,20
44,1187,0.9108596851003271,6.11099468970487e-07,0.089136006189897,3.697610307385901e-06,25,10,20
44,1188,0.8988213062300388,2.5018887826495734e-06,0.10114792094309882,2.8270938079897627e-05,25,10,20
44,1189,0.9088887659848627,2.7687995352141696e-05,0.09105519557453051,2.835044525433427e-05,25,10,20
44,1190,0.911204186706149,2.6951371136268616e-05,0.0887511664433367,1.7695479378124042e-05,25,10,20
44,1191,0.9321056764283497,2.7142918507692192e-05,0.06783147071489372,3.5709938248961766e-05,25,10,20
44,1192,0.9072829968336826,7.855290109406977e-07,0.09270996849342639,6.249143879963186e-06,25,10,20
44,1193,0.9490214777703251,8.214722041540064e-06,0.05093076839889294,3.953910874031192e-05,25,10,20
44,1194,0.9514463990311895,5.333822581846644e-06,0.04852021035624322,2.805678998557782e-05,25,10,20
44,1195,0.9347605424181629,7.253832892064148e-06,0.0650820535573077,0.00015015019163726724,25,10,20
44,1196,0.9439378031476718,9.853197933454338e-07,0.05599595345554549,6.525807698904703e-05,25,10,20
44,1197,0.9564989188142278,8.814784223692838e-08,0.043497231261934874,3.761775995376119e-06,25,10,20
44,1198,0.8947211944882725,8.708825320840208e-05,0.10518830894532254,3.4083131966968418e-06,25,10,20
44,1199,0.8802572242236214,7.596603697931891e-05,0.10059592253060438,0.01907088720879548,25,10,20
44,1200,0.8627372610793267,8.974013160293184e-05,0.11810134364493255,0.019071655144137917,25,10,20
44,1201,0.8763921320204947,7.741166139795297e-05,0.0835093879906233,0.040021068327483915,25,10,20
44,1202,0.8506720078207775,1.5690939169489178e-06,0.11244924071256927,0.03687718237273522,25,10,20
44,1203,0.8252707193837955,0.00015468158166768718,0.16812413830120732,0.006450460733328651,25,10,20
44,1204,0.8549528081578707,0.00014923910247788649,0.13843738152624607,0.0064605712134051885,25,10,20
44,1205,0.8437848391241676,0.0001508514786261964,0.1495824205500229,0.006481888847183538,25,10,20
44,1206,0.8918138994638766,0.0001504319004013398,0.10156846683553562,0.006467201800186673,25,10,20
44,1207,0.8833436577483793,2.0854368953765903e-05,0.11653644513642714,9.904274623938022e-05,25,10,20
44,1208,0.9186588334793823,3.6259651253625016e-05,0.08113765615365086,0.000167250715713724,25,10,20
44,1209,0.935855384129399,2.0899516316332663e-05,0.06403211501346408,9.160134082128311e-05,25,10,20
44,1210,0.9517101181112883,8.111004535814575e-06,0.04827376601237561,8.004871800374467e-06,25,10,20
44,1211,0.9011523737127746,8.946588517668252e-05,0.09873522460622443,2.2935795824368336e-05,25,10,20
44,1212,0.952709591926735,0.00010118158982949398,0.0471615532525204,2.7673230914924315e-05,25,10,20
44,1213,0.8741713114779682,1.0840861152131103e-05,0.125790357699442,2.7489961437418093e-05,25,10,20
44,1214,0.8863267066065751,5.016317276997157e-06,0.113660435501659,7.841574488791931e-06,25,10,20
44,1215,0.9333512577351118,1.6409009494575225e-06,0.06657280399145724,7.42973724815197e-05,25,10,20
44,1216,0.9365814243189639,4.2759798593731754e-07,0.06309409850669759,0.00032404957635259724,25,10,20
44,1217,0.9228875698884101,1.0514970344083597e-06,0.07684705541937734,0.00026432319517840323,25,10,20
44,1218,0.9366952256231705,1.4661371321173465e-06,0.06329851975852513,4.788481172247175e-06,25,10,20
44,1219,0.9476944842473795,8.119499180528388e-07,0.05230100849084222,3.695311860517546e-06,25,10,20
44,1220,0.9092888725997806,2.024073310884387e-06,0.09064747707463715,6.162625227199703e-05,25,10,20
44,1221,0.8706844099098434,1.3358129915380487e-06,0.1292460406204587,6.821365670708008e-05,25,10,20
44,1222,0.8228765171307407,4.316325112211803e-05,0.17706431338947262,1.6006228664243077e-05,25,10,20
44,1223,0.8767912401165368,0.0005635305849144989,0.12261887943039042,2.6349868158370918e-05,25,10,20
44,1224,0.9321195955277947,7.390990853764853e-07,0.06786878395090258,1.0881422217653331e-05,25,10,20
44,1225,0.8808464920364026,2.006972702302044e-06,0.11891066320087468,0.0002408377900200436,25,10,20
44,1226,0.8891270441910702,0.00010904734298117149,0.11056273062741802,0.00020117783853025953,25,10,20
44,1227,0.8962820484083767,0.0001983526126300655,0.103509194245732,1.0404733261425424e-05,25,10,20
44,1228,0.8370870621047466,0.00023319298775980156,0.16264290486290242,3.6840044591086635e-05,25,10,20
44,1229,0.7573574974533004,1.9756303714024312e-06,0.24261019354596564,3.033337036004649e-05,25,10,20
44,1230,0.8166172103567162,1.4425783567818259e-05,0.18331297091847293,5.539294124142345e-05,25,10,20
44,1231,0.7702005869594706,0.0005103310092099931,0.2292571125763607,3.1969454958658236e-05,25,10,20
44,1232,0.8986851747141218,0.000494843157813299,0.10080255326851618,1.7428859548442537e-05,25,10,20
44,1233,0.9734211865087601,1.2247847771099043e-06,0.02657386408758724,3.7246188754793057e-06,25,10,20
44,1234,0.9044748807959744,3.6108332619634268e-06,0.09522313463215275,0.00029837373861085493,25,10,20
44,1235,0.8089884164671157,1.7195645906975207e-05,0.19068059490950887,0.0003137929774681791,25,10,20
44,1236,0.8631407715471007,1.7093451583305154e-05,0.12285198481337176,0.01399015018794367,25,10,20
44,1237,0.8295654868382717,1.3846620769378346e-05,0.1567651812043815,0.01365548533657747,25,10,20
44,1238,0.8747970831425265,1.2539089869524373e-06,0.1251881331666989,1.3529781787797877e-05,25,10,20
44,1239,0.895987049677699,8.186683007716585e-07,0.10400151611765208,1.061553634788576e-05,25,10,20
44,1240,0.9404170455657079,1.478800978252468e-06,0.05956861849884567,1.2857134467842105e-05,25,10,20
44,1241,0.9540545500764388,3.846824586786567e-05,0.045754393394993376,0.00015258828270004946,25,10,20
44,1242,0.9380960445062085,1.6990401528724777e-06,0.06166097156770941,0.0002412848859293058,25,10,20
44,1243,0.914022020681488,3.695441101640981e-07,0.08577854576618764,0.0001990640082141991,25,10,20
44,1244,0.927105953132356,1.4277945406372468e-06,0.07288908674109568,3.532332007449724e-06,25,10,20
44,1245,0.9030088667686372,1.3686884784440268e-06,0.09698669608240605,3.0684604784457743e-06,25,10,20
44,1246,0.9126518409914242,2.8048704973820475e-06,0.06872792531951269,0.018617428818564815,25,10,20
44,1247,0.8769381846025233,0.00010819128884022361,0.10420126349868335,0.018752360609953923,25,10,20
44,1248,0.8460204353784476,0.0009182301244938963,0.11738479676412387,0.035676537732935026,25,10,20
44,1249,0.8373834395485109,8.374362371095842e-05,0.12698209938251007,0.03555071744526784,25,10,20
44,1250,0.8515028801471093,7.648257839640331e-07,0.11294498021223376,0.035551374814871674,25,10,20
44,1251,0.8537724780071742,4.658148717252512e-07,0.10733014741576336,0.03889690876219081,25,10,20
44,1252,0.8397463667056759,0.00032395710406341364,0.15980252272617787,0.00012715346408319344,25,10,20
44,1253,0.912050253053056,0.00032872543490165807,0.08739949845743517,0.00022152305460723123,25,10,20
44,1254,0.8869299823284943,1.8496750844260606e-06,0.11295746516811954,0.0001107028283030989,25,10,20
44,1255,0.8979832934765973,6.120526749938075e-07,0.10194418221711843,7.191225361085046e-05,25,10,20
44,1256,0.9044154451297075,1.5926980553996721e-06,0.09547619621286964,0.00010676595936836363,25,10,20
44,1257,0.9648541478926979,1.1710880456100427e-06,0.03513380832269972,1.087269655634529e-05,25,10,20
44,1258,0.9066274450246509,5.105855770313047e-06,0.08553729504804554,0.007830154071534152,25,10,20
44,1259,0.8474543034492384,3.8529265596198006e-06,0.14463662983130587,0.007905213792896146,25,10,20
44,1260,0.835561754694118,2.6386783571973976e-06,0.15634898379045092,0.008086622837073792,25,10,20
44,1261,0.9121680187249619,9.83978784152702e-07,0.08761123284945833,0.0002197644467949889,25,10,20
44,1262,0.9294055914463165,1.0983028634261864e-06,0.0693075441204644,0.0012857661303558388,25,10,20
44,1263,0.9624108928656624,8.43035091229651e-06,0.03755348983164202,2.7186951783648247e-05,25,10,20
44,1264,0.9438200579774189,6.186441722909474e-06,0.056155728430062196,1.802715079718435e-05,25,10,20
44,1265,0.9039553394368219,5.741199378243707e-06,0.09578682213328302,0.0002520972305169938,25,10,20
44,1266,0.8826685813442857,5.965277052474636e-06,0.11713932959119805,0.0001861237874639375,25,10,20
44,1267,0.9437372820861119,1.7985159246175088e-06,0.056238562780980945,2.2356616982523158e-05,25,10,20
44,1268,0.9730513649164925,2.4391777793511344e-06,0.02692182645492468,2.4369450803539284e-05,25,10,20
44,1269,0.9641438345265416,2.69835898808738e-06,0.035577990542406165,0.0002754765720641462,25,10,20
44,1270,0.9124391039479478,4.019543850927327e-06,0.08714569468895564,0.0004111818192455088,25,10,20
44,1271,0.9489348721072023,9.754428940805219e-07,0.05104881144679255,1.5341003111283225e-05,25,10,20
44,1272,0.9255605981670633,6.2337572067164445e-06,0.0743472334377006,8.593463802888634e-05,25,10,20
44,1273,0.9022255792779329,1.269341746334545e-05,0.09772506107288934,3.666623171478624e-05,25,10,20
44,1274,0.9118927925699661,7.30174959978302e-06,0.08805715212833487,4.2753552099704335e-05,25,10,20
44,1275,0.9103752049395792,1.3018632312110153e-06,0.08957397246385616,4.9520733333181696e-05,25,10,20
44,1276,0.923695718772949,1.674423807001437e-06,0.07627770617475266,2.4900628491489008e-05,25,10,20
44,1277,0.9304373995231514,2.1163260445974708e-06,0.06952919784422712,3.128630657658296e-05,25,10,20
44,1278,0.8794471853342215,0.0005775894939331642,0.1192100920184066,0.0007651331534386627,25,10,20
44,1279,0.8796644367529218,1.0413901253553102e-06,0.1179240570531309,0.0024104648038213486,25,10,20
44,1280,0.894685051597045,8.454902482842733e-07,0.09960952306782214,0.0057045798448847555,25,10,20
44,1281,0.8368998350819618,3.206807170681622e-05,0.1543035518613341,0.008764544984997276,25,10,20
44,1282,0.8119730800753372,1.770179057473608e-05,0.1816314963036327,0.006377721830455318,25,10,20
44,1283,0.8817705455112168,1.8042580690864745e-05,0.11799260269508619,0.0002188092130058776,25,10,20
44,1284,0.9288337429756204,1.5893522034643624e-05,0.07099869392535446,0.0001516695769904254,25,10,20
44,1285,0.9067130780594124,6.514727313359416e-06,0.09310367564772497,0.00017673156554952058,25,10,20
44,1286,0.9292221838385433,1.081427181854921e-06,0.0704043188700009,0.00037241586427413334,25,10,20
44,1287,0.8645330743036445,0.005064370968511116,0.13021822722793686,0.00018432749990711993,25,10,20
44,1288,0.9147682523800087,1.6788402858458887e-06,0.0487770841173455,0.03645298466236011,25,10,20
44,1289,0.8577581354463283,5.466002939639926e-05,0.13573425829939004,0.0064529462248847595,25,10,20
44,1290,0.878836297230875,5.433922921468624e-05,0.12098677865743963,0.0001225848824703421,25,10,20
44,1291,0.8531805528188824,5.3483219440407776e-05,0.14659215279417004,0.00017381116750682618,25,10,20
44,1292,0.9120386384193866,5.633619170572317e-07,0.08795855421204468,2.244006651808807e-06,25,10,20
44,1293,0.901749471595311,9.46126967574363e-06,0.0981555328881377,8.553424687512943e-05,25,10,20
44,1294,0.8820190608898457,1.0961112118647163e-06,0.11705001695488682,0.000929826044054554,25,10,20
44,1295,0.8703177500786853,5.51669997442376e-06,0.09886664801438828,0.030810085206951977,25,10,20
44,1296,0.9131457007062793,2.82910652133765e-06,0.05953460802092463,0.027316862166274793,25,10,20
44,1297,0.9020023428487647,2.3595035596225022e-06,0.08897517121536958,0.009020126432306376,25,10,20
44,1298,0.8973777910430606,1.110809043820981e-05,0.10251638068513244,9.472018136869253e-05,25,10,20
44,1299,0.8884908732601114,0.016474495032420735,0.09477586976581476,0.0002587619416526658,25,10,20
44,1300,0.860011494078021,0.016473978719863346,0.122953961500978,0.0005605657011376219,25,10,20
44,1301,0.8625160152902608,1.6606396859918995e-05,0.1367013938254473,0.0007659844874330892,25,10,20
44,1302,0.8539454626085298,9.145114668916835e-06,0.14568209377499636,0.0003632985018049368,25,10,20
44,1303,0.7875068043720109,2.6959011892635825e-06,0.2121487988521575,0.0003417008746413365,25,10,20
44,1304,0.8157518474450043,1.4498132989908693e-06,0.18354583503411737,0.0007008677075800166,25,10,20
44,1305,0.86245682099517,8.32914990292187e-06,0.1371879672201822,0.00034688263474468695,25,10,20
44,1306,0.9480132843116046,8.52343140653411e-06,0.05196315147830709,1.504077868185549e-05,25,10,20
44,1307,0.966177695977082,7.953457278050803e-06,0.0338013593643702,1.2991201269264448e-05,25,10,20
44,1308,0.9374139190973675,1.380860726858863e-06,0.06253937067294185,4.5329368963658047e-05,25,10,20
44,1309,0.9503772535221464,4.539899872060044e-06,0.04957346668768811,4.4739890293350184e-05,25,10,20
44,1310,0.9338951819899536,9.502873415307016e-06,0.06596605466404241,0.0001292604725886202,25,10,20
44,1311,0.8992808582656722,1.4960311627617551e-05,0.07274976479019286,0.027954416632507223,25,10,20
44,1312,0.9077341367112264,2.1227830221181894e-05,0.06423555273111761,0.028009082727434596,25,10,20
44,1313,0.9110829918677513,1.1026405408224077e-05,0.06101318306607735,0.027892798660762472,25,10,20
44,1314,0.9271658858695043,1.1497731149385348e-06,0.044970081417202275,0.027862882940178073,25,10,20
44,1315,0.9287885008402449,5.5978168795860205e-06,0.06493787007341154,0.006268031269463331,25,10,20
44,1316,0.9828882084581619,7.807945433493452e-07,0.017094160632971256,1.685011432333394e-05,25,10,20
44,1317,0.9279810764362003,6.214603678559653e-05,0.0719505998465909,6.1776804225299865e-06,25,10,20
44,1318,0.9317628135062425,5.9974522876408856e-05,0.06817337300545442,3.838965426501022e-06,25,10,20
44,1319,0.8915343777577747,1.8675514610127748e-05,0.1083896665096517,5.728021796372924e-05,25,10,20
44,1320,0.907636751367336,1.4048390051861317e-06,0.09213114205993986,0.00023070173371846601,25,10,20
44,1321,0.897135170369197,1.2758375564705427e-06,0.10000185891633549,0.0028616948769107585,25,10,20
44,1322,0.8423695706980889,5.984189567890573e-07,0.1574735826140248,0.00015624826892970823,25,10,20
44,1323,0.9329288958534443,6.860707586900188e-07,0.06700562386732627,6.479420847099298e-05,25,10,20
44,1324,0.93453876933697,1.0429892138671995e-06,0.06539492639941635,6.526127439920187e-05,25,10,20
44,1325,0.9700384071258624,1.3885671443621167e-06,0.029954536265296493,5.66804169623299e-06,25,10,20
44,1326,0.8641710257479315,9.095671244656577e-06,0.135752732535961,6.714604486190364e-05,25,10,20
44,1327,0.8609349831089781,3.94753745232566e-06,0.13882591923784174,0.00023515011572716138,25,10,20
44,1328,0.9010389867924714,2.8633424475073534e-06,0.09870817092627349,0.00024997893880748735,25,10,20
44,1329,0.9293327788181012,1.4309806843637117e-05,0.07041884332643766,0.00023406804861809624,25,10,20
44,1330,0.9434014720907636,0.00037244096286129886,0.056191440244758264,3.464670161714178e-05,25,10,20
44,1331,0.9071696851802773,1.699525491482221e-07,0.09281545719485314,1.4687672320828106e-05,25,10,20
44,1332,0.867016371505676,4.0397490240443075e-05,0.13293438805251093,8.842951573700835e-06,25,10,20
44,1333,0.8587124880434176,7.944061449232943e-06,0.14123452224704958,4.5045648084257334e-05,25,10,20
44,1334,0.9568060567499721,8.323794832259105e-06,0.04317999411749285,5.625337702540988e-06,25,10,20
44,1335,0.940908651729847,2.0111338158867574e-05,0.05904425251053064,2.698442146330497e-05,25,10,20
44,1336,0.9018132588534123,2.8223401101707164e-05,0.09803185887761068,0.00012665886787589588,25,10,20
44,1337,0.8576285938738987,1.1989441240553211e-05,0.1423077281994761,5.168848538345254e-05,25,10,20
44,1338,0.9464875846668594,3.7133014965196005e-06,0.053484816173503306,2.388585814110889e-05,25,10,20
44,1339,0.9479833541489591,2.5861251951788663e-07,0.05200302290106081,1.3364337461071852e-05,25,10,20
44,1340,0.9498795303745774,3.638123062176769e-07,0.050093416346922624,2.668946619393893e-05,25,10,20
44,1341,0.9055185586871001,4.160905081612137e-05,0.09410664294006697,0.0003331893220173729,25,10,20
44,1342,0.8474571048385662,4.1983704125149064e-05,0.15204844922635147,0.0004524622309565416,25,10,20
44,1343,0.8922423915083536,4.15007791669265e-05,0.10740584904220998,0.00031025867026961986,25,10,20
44,1344,0.9363368919157709,1.1261388813531206e-06,0.06363508949362812,2.6892451719417195e-05,25,10,20
44,1345,0.8912875117585053,1.3708518926302694e-05,0.10868092176249892,1.7857960068017387e-05,25,10,20
44,1346,0.918911112329636,5.239523369801299e-06,0.07975265432351297,0.0013309938234811263,25,10,20
44,1347,0.9155019349989871,3.228360616413073e-05,0.08446350166322832,2.2797316202696393e-06,25,10,20
44,1348,0.8795354630012444,0.0002946371028594164,0.11394342721835365,0.0062264726775431755,25,10,20
44,1349,0.8459975306540438,0.0002815728875018171,0.1428827466610085,0.010838149797446087,25,10,20
44,1350,0.9219022766771365,4.185738473038293e-07,0.0523155573479354,0.025781747401081318,25,10,20
44,1351,0.9442997091805867,6.306868801726452e-06,0.055679237266242604,1.474668436918819e-05,25,10,20
44,1352,0.8992094057882197,6.144642536087611e-05,0.08461629429592744,0.016112853490491207,25,10,20
44,1353,0.9209063572801639,3.0661843566099287e-07,0.0790475375875095,4.5798513890288386e-05,25,10,20
44,1354,0.9113470053829519,1.0414303382468599e-07,0.08863896744886629,1.3923025147941145e-05,25,10,20
44,1355,0.8590063649601857,1.2561221505267355e-05,0.1409511590778942,2.991474041481421e-05,25,10,20
44,1356,0.8220465019577677,5.321459414533126e-06,0.17776826407183663,0.00017991251098130827,25,10,20
44,1357,0.8822082009922149,3.5358085404806234e-07,0.11776759885362498,2.384657330610629e-05,25,10,20
44,1358,0.9278882837846888,1.1415678026166308e-07,0.07210207878004686,9.523278483414163e-06,25,10,20
44,1359,0.9431396288055959,3.9540434915790955e-07,0.05516153443220255,0.0016984413578525002,25,10,20
44,1360,0.8852874278266359,1.6315151363678078e-06,0.1128235208913406,0.0018874197668863981,25,10,20
44,1361,0.9536695568824071,1.0752013797821897e-06,0.046323408405499825,5.9595107132984754e-06,25,10,20
44,1362,0.9321083020435443,1.641380516668842e-05,0.0677842531973523,9.103095393687327e-05,25,10,20
44,1363,0.9544478074970741,1.628367266632453e-05,0.04553073054500726,5.178285252354215e-06,25,10,20
44,1364,0.9348099596279336,2.2071842094520225e-06,0.06518291507969458,4.918108161970797e-06,25,10,20
44,1365,0.9371194334488954,3.287676626173322e-06,0.06285674385273793,2.0535021740742845e-05,25,10,20
44,1366,0.8278081919907178,3.1739409520215935e-06,0.17214083465464872,4.7799413682523886e-05,25,10,20
44,1367,0.8913620751046822,2.8009869351276264e-06,0.10858644061780778,4.868329057552208e-05,25,10,20
44,1368,0.9626806964544836,1.7503644875342377e-05,0.03727265500256969,2.9144898071283014e-05,25,10,20
44,1369,0.8538126212690743,4.432260089649613e-06,0.14616681274459883,1.6133726236828615e-05,25,10,20
44,1370,0.8422848061395379,3.356765863251829e-06,0.15769897633105442,1.286076354466872e-05,25,10,20
44,1371,0.8501066268301203,2.3928883595946157e-06,0.14965994691207177,0.00023103336944735618,25,10,20
44,1372,0.8341453702184254,2.3366374646032672e-05,0.16578508850666698,4.6174900261805637e-05,25,10,20
44,1373,0.8630861636526496,1.0774582152203289e-05,0.1366289297263413,0.0002741320388578188,25,10,20
44,1374,0.86191652669049,1.0639299109158985e-05,0.13799536744289248,7.746656750891879e-05,25,10,20
44,1375,0.9270661808020723,4.842608962285914e-06,0.0728836545233365,4.53220656290612e-05,25,10,20
44,1376,0.9457420281983522,0.0002674041611818672,0.053452072842911307,0.0005384947975541263,25,10,20
44,1377,0.9538186403903456,2.1967085177038442e-05,0.04611820998610939,4.118253836803303e-05,25,10,20
44,1378,0.9590957238290356,1.2540773891080287e-06,0.04047129623201369,0.00043172586156121554,25,10,20
44,1379,0.9478034886352298,0.00010454522027323571,0.05208541372925575,6.552415241887661e-06,25,10,20
44,1380,0.8822734049254026,7.463079275853355e-06,0.11770773260082676,1.1399394494826033e-05,25,10,20
44,1381,0.8689846340249752,3.2441230913608584e-05,0.13095487319784446,2.8051546266619673e-05,25,10,20
44,1382,0.8928429696845461,2.0910238865837916e-06,0.10712682382618975,2.811546537781397e-05,25,10,20
44,1383,0.9171046830089038,1.4025085458852275e-06,0.08287898368750377,1.493079504616958e-05,25,10,20
44,1384,0.9182199375956915,1.7784984756202027e-06,0.08176590686189565,1.2377043936858592e-05,25,10,20
44,1385,0.8645751358303342,8.84192920895434e-07,0.1193341568362347,0.0160898231405099,25,10,20
44,1386,0.9132272880168365,1.1537187731589215e-06,0.08178568652541028,0.004985871738979923,25,10,20
44,1387,0.9153274571209937,2.510636526374424e-06,0.08466639656140428,3.63568107559755e-06,25,10,20
44,1388,0.8963134862490248,1.6901748995170842e-06,0.10368025656976095,4.567006314851555e-06,25,10,20
44,1389,0.9372726689153232,5.61913873040472e-06,0.061973368509697646,0.0007483434362485285,25,10,20
44,1390,0.8874212066837888,4.456396675776886e-06,0.07327153107154616,0.03930280584798945,25,10,20
44,1391,0.8153567585367182,4.205198839529656e-05,0.14529586003301423,0.03930532944187207,25,10,20
44,1392,0.8876986290354343,3.736909943555694e-05,0.07579064385008114,0.03647335801504926,25,10,20
44,1393,0.8797891211004624,1.1024897804210514e-05,0.09307149862187886,0.027128355379855126,25,10,20
44,1394,0.9189190086048669,1.5671403485868245e-05,0.07897817238056896,0.0020871476110782923,25,10,20
44,1395,0.9392933231937489,1.482662498563983e-06,0.060698275604365665,6.91853938700497e-06,25,10,20
44,1396,0.938068369931961,5.953853521582153e-07,0.060635369535868816,0.0012956651468179984,25,10,20
44,1397,0.9213952631123798,4.5574799461681486e-07,0.07732206173043105,0.0012822194091940359,25,10,20
44,1398,0.8901255325366728,6.620701933982229e-07,0.10860182174701331,0.0012719836461203978,25,10,20
44,1399,0.9289825984410353,8.280049766547679e-07,0.06967941617583406,0.0013371573781539978,25,10,20
44,1400,0.895053167122125,1.0504501159439197e-06,0.10362572830783214,0.001320054119927216,25,10,20
44,1401,0.9187246443825545,7.150734848132292e-07,0.0799913766782917,0.0012832638656684828,25,10,20
44,1402,0.9234097461360594,0.0002447163421008991,0.07625730699195882,8.823052988117739e-05,25,10,20
44,1403,0.9407966483584912,8.011199399303684e-06,0.059177174186411746,1.8166255698292843e-05,25,10,20
44,1404,0.9234744430700671,3.463488880484914e-05,0.07645660615011186,3.431589101670228e-05,25,10,20
44,1405,0.9345277336788652,3.196654841570576e-05,0.06543580886298471,4.4909097343641975e-06,25,10,20
44,1406,0.8904458427395232,2.486358699913176e-05,0.10950799486559479,2.1298807882182652e-05,25,10,20
44,1407,0.9497377246794314,1.0032334097777054e-05,0.050241939523015915,1.0303463455244298e-05,25,10,20
44,1408,0.94484749292772,1.8196362297091224e-06,0.05513996611913643,1.0721316913493287e-05,25,10,20
44,1409,0.85562599262257,5.287209566514978e-07,0.144088518619569,0.0002849600369036269,25,10,20
44,1410,0.8433034119168145,6.244115131001713e-07,0.15641035566857775,0.0002856080030951667,25,10,20
44,1411,0.8511608648838724,2.158460047763289e-05,0.14855983807851916,0.00025771243713115804,25,10,20
44,1412,0.9054094581767498,1.5978062004850468e-05,0.09456534794116563,9.215820080770511e-06,25,10,20
44,1413,0.9458640000682405,0.0011138214758913691,0.052977378977021275,4.479947884706269e-05,25,10,20
44,1414,0.9464640635345354,0.0011136610867911022,0.05228851592667273,0.0001337594520007081,25,10,20
44,1415,0.8898545082065504,2.625527844900014e-06,0.1092291779854032,0.0009136882802020988,25,10,20
44,1416,0.8899256217484264,3.0710319342516835e-06,0.10926433145853945,0.0008069757611004672,25,10,20
44,1417,0.8805159591940678,2.4817221053900594e-06,0.11866489129606198,0.0008166677877656937,25,10,20
44,1418,0.9459409946898787,4.351387949088421e-06,0.05402049491316646,3.415900900627265e-05,25,10,20
44,1419,0.9081667088222283,7.174374705429439e-07,0.09178326454010398,4.93092001978223e-05,25,10,20
44,1420,0.950703847335659,1.136641319448011e-05,0.04920651173080414,7.827452034202387e-05,25,10,20
44,1421,0.9076484773499345,4.706107777847581e-06,0.09080432765186477,0.0015424888904219968,25,10,20
44,1422,0.9163995494785719,2.325832926407328e-07,0.08357432321277831,2.589472535731325e-05,25,10,20
44,1423,0.8656666817739067,2.1285724220668225e-05,0.13430720772358026,4.824778292258595e-06,25,10,20
44,1424,0.9111448163048194,1.0016204439745922e-07,0.0888467102587167,8.373274419269614e-06,25,10,20
44,1425,0.9583348033824136,9.980433749426117e-07,0.04159143499814921,7.276357606252117e-05,25,10,20
44,1426,0.9021023467130508,4.830461958511532e-07,0.09779811426310131,9.905597765286759e-05,25,10,20
44,1427,0.895758972107478,6.204087601259145e-06,0.10420559099447865,2.923281044198674e-05,25,10,20
44,1428,0.8866367190246451,1.4098945563889985e-05,0.1132545125606254,9.466946916610139e-05,25,10,20
44,1429,0.8792713539228966,1.3478835198703696e-06,0.12067367120777478,5.3626985809356426e-05,25,10,20
44,1430,0.8950822104748132,5.703463145172338e-07,0.10491199867446088,5.220504411947077e-06,25,10,20
44,1431,0.9073849317141263,5.979528148658699e-05,0.09251623322779218,3.903977659507749e-05,25,10,20
44,1432,0.8825821723363144,4.2536437707408715e-07,0.11735903897206908,5.836332723876552e-05,25,10,20
44,1433,0.8768983729429916,5.901558180458801e-07,0.12309575673778093,5.280163409812139e-06,25,10,20
44,1434,0.886209205600738,6.61123807824066e-07,0.11369325528973256,9.687798572250765e-05,25,10,20
44,1435,0.8877201162563628,8.574645532806284e-07,0.07358630262622484,0.038692723652859515,25,10,20
44,1436,0.8892388092097445,2.020945327316613e-06,0.07546910116381038,0.035290068681117705,25,10,20
44,1437,0.7982888439381469,3.2862732368198962e-06,0.17514044399148176,0.026567425797134545,25,10,20
44,1438,0.8137803424315022,1.8400351969045657e-06,0.14666214787954407,0.03955566965375683,25,10,20
44,1439,0.8009979746969137,1.280537954360975e-06,0.1599253296153207,0.0390754151498113,25,10,20
44,1440,0.9024955625819363,1.9338777047593462e-06,0.058356652569937134,0.03914585097042118,25,10,20
44,1441,0.899217935329466,4.1590558370281235e-06,0.06138845677495783,0.03938944883973924,25,10,20
44,1442,0.9064270656605754,3.263025422222106e-06,0.05421678562970924,0.03935288568429286,25,10,20
44,1443,0.9029154061822466,4.319741287285072e-06,0.05764987869293084,0.039430395383535266,25,10,20
44,1444,0.8871644316389381,2.005661892489029e-06,0.1049785762376855,0.007854986461484748,25,10,20
44,1445,0.8754860236010787,4.884042127316112e-06,0.0848579401179158,0.03965115223887824,25,10,20
44,1446,0.9101614471600531,2.617929381056262e-06,0.050317679049748515,0.03951825586081746,25,10,20
44,1447,0.8352851611091778,3.7602293174786883e-06,0.12806762358589158,0.03664345507561322,25,10,20
44,1448,0.879547396754809,3.2989253985116976e-06,0.08367196436479184,0.03677733995500107,25,10,20
44,1449,0.8959122271179315,2.505466547530767e-07,0.08167635571702013,0.022411166618393537,25,10,20
44,1450,0.8985244025574537,1.9906780522109915e-06,0.0863135939899269,0.015160012774566618,25,10,20
44,1451,0.9120162140756766,1.885254478952086e-06,0.07167723373892816,0.016304666930916548,25,10,20
44,1452,0.939273545902742,1.8734676600616466e-06,0.060581104061291156,0.00014347656830695986,25,10,20
44,1453,0.9759950265148953,1.8600908226018556e-06,0.023900256921734236,0.00010285647254809864,25,10,20
44,1454,0.9102822223054352,0.005725491434667895,0.08397768239179879,1.4603868097974432e-05,25,10,20
44,1455,0.9352990871631789,5.5969178252548077e-05,0.06462406431578746,2.087934278107761e-05,25,10,20
44,1456,0.8647317140349311,4.326028000971974e-06,0.13498624283276361,0.0002777171043037657,25,10,20
44,1457,0.7749576547481699,3.760464211791263e-06,0.21990465120914993,0.005133933578468594,25,10,20
44,1458,0.8118549804096289,1.619566135903394e-06,0.18275637006719084,0.005387029957044637,25,10,20
44,1459,0.8091338278591036,8.907222396591888e-07,0.1905831009883096,0.0002821804303473083,25,10,20
44,1460,0.9197731109041407,5.965728048563357e-07,0.07991800814492431,0.0003082843781296986,25,10,20
44,1461,0.833515409161256,2.8743893630129607e-05,0.162147190171556,0.0043086567735576755,25,10,20
44,1462,0.8719773710203174,1.1655497294151158e-06,0.12778690100874635,0.0002345624212067166,25,10,20
44,1463,0.8192954283855914,2.0535067784933126e-05,0.18043568721771155,0.00024834932891239084,25,10,20
44,1464,0.8489828719291483,0.000238349926162737,0.1507706213136876,8.156831001458522e-06,25,10,20
44,1465,0.7692363148861413,0.00023881399193335568,0.2264242602673416,0.004100610854584179,25,10,20
44,1466,0.8774863952342415,0.0002386206737564175,0.12226642266649783,8.561425504066712e-06,25,10,20
44,1467,0.8862240840899475,2.8876168796440847e-06,0.11374918302512313,2.3845268049748772e-05,25,10,20
44,1468,0.9137417839059218,1.033456092187281e-05,0.0859800002474405,0.00026788128571555157,25,10,20
44,1469,0.8971024928341924,1.3533738978142944e-05,0.10263750517256298,0.00024646825426652386,25,10,20
44,1470,0.9628542021604187,4.5920264348962844e-07,0.036939820790404865,0.0002055178465327026,25,10,20
44,1471,0.9790806865194327,1.1603771173018771e-07,0.02075529624529844,0.00016390119755680245,25,10,20
44,1472,0.9520231634872028,5.278594721332635e-06,0.011603449607241363,0.036368108310834556,25,10,20
44,1473,0.8943679420700192,6.494047336869475e-06,0.0691906070024772,0.03643495688016703,25,10,20
44,1474,0.9399911214193805,5.906972489449478e-06,0.05999639999737926,6.571610751082402e-06,25,10,20
44,1475,0.9717671957047416,6.000307703851404e-06,0.028182370880646485,4.4433106908084754e-05,25,10,20
44,1476,0.9082610635100388,1.7246025108190709e-06,0.09173237150833888,4.840379111686703e-06,25,10,20
44,1477,0.9186713053311233,6.494353559067341e-07,0.08129361994628753,3.4425287233195145e-05,25,10,20
44,1478,0.9066802831091106,7.071924796570633e-07,0.09326597581777969,5.303388062879964e-05,25,10,20
44,1479,0.9393484337746691,6.707992317509156e-07,0.06064236343172625,8.531994373073355e-06,25,10,20
44,1480,0.9382851178425565,8.108447091713489e-06,0.06170125391551199,5.51979483954932e-06,25,10,20
44,1481,0.8831159126417952,0.0001156088689084017,0.11676184715144457,6.631337851964618e-06,25,10,20
44,1482,0.8848225864889657,9.756687467504304e-05,0.11504066377211818,3.9182864241251066e-05,25,10,20
44,1483,0.8993906963678922,3.2803844541528537e-07,0.10060561196065108,3.363633011189488e-06,25,10,20
44,1484,0.927882674959331,2.01278756786088e-07,0.07211474824908926,2.3755128233405263e-06,25,10,20
44,1485,0.9571696916625756,9.482164346910835e-06,0.04240043835439286,0.00042038781868480716,25,10,20
44,1486,0.9691267253255359,9.21702448893427e-06,0.030848288901051034,1.5768748924228543e-05,25,10,20
44,1487,0.9034144978482753,4.53709176918189e-06,0.09632372796220132,0.0002572370977543697,25,10,20
44,1488,0.9059483475376896,5.349503610810718e-07,0.09379391937006128,0.0002571981418879747,25,10,20
44,1489,0.9208547658247632,4.1775285003670353e-07,0.07888526708114565,0.0002595493412417601,25,10,20
44,1490,0.9027616065511908,1.071244170860716e-06,0.09699217949393953,0.0002451427106988134,25,10,20
44,1491,0.9061228813249029,8.49253116054791e-05,0.09232006559198572,0.0014721277715057416,25,10,20
44,1492,0.9365070733669879,7.175087614901798e-05,0.06276202017421775,0.0006591555826452123,25,10,20
44,1493,0.958440626478639,1.5658829253515376e-06,0.04151988555127131,3.7922087164038323e-05,25,10,20
44,1494,0.9203011214456558,8.335111297010688e-07,0.07951240730630724,0.0001856377369065091,25,10,20
44,1495,0.8857897565170775,2.393701145016875e-06,0.11416208110744798,4.5768674329843435e-05,25,10,20
44,1496,0.9061639299358863,8.002549593255058e-07,0.09362699807283503,0.00020827173631910072,25,10,20
44,1497,0.8732262888161398,1.1151221736943482e-05,0.08895236964297416,0.03781019031914979,25,10,20
44,1498,0.8506289831926331,8.750239086422071e-07,0.1100066469828522,0.039363494800606226,25,10,20
44,1499,0.8587228312894802,2.816813151859502e-06,0.11997067746999587,0.021303674427371338,25,10,20
44,1500,0.8666185535633569,2.3913517412047184e-06,0.11208003119319321,0.021299023891708773,25,10,20
44,1501,0.8582525240316526,5.145940132173952e-06,0.1204315195104228,0.021310810517793755,25,10,20
44,1502,0.8859332046182132,5.016791189332258e-06,0.07485766297678183,0.039204115613815746,25,10,20
44,1503,0.8893746668652713,5.336917874021036e-06,0.07119193770944865,0.03942805850740566,25,10,20
44,1504,0.9022909927305554,2.1862885887749922e-05,0.07373424683721924,0.023952897546336952,25,10,20
44,1505,0.9073410417643484,1.1942542955863097e-06,0.053420033640442274,0.03923773034091411,25,10,20
44,1506,0.9295591413925373,1.7246497706816378e-06,0.03160430469379947,0.03883482926389256,25,10,20
44,1507,0.8708299341895834,3.914058952813951e-05,0.12906003367224148,7.089154864617521e-05,25,10,20
44,1508,0.9243734492270872,9.885146302446643e-07,0.07561189440837705,1.3667849905644209e-05,25,10,20
44,1509,0.9542625461930402,2.0045896022829462e-07,0.045644376019226635,9.287732877275668e-05,25,10,20
44,1510,0.9070724123523406,7.582483147379737e-06,0.07993776166447057,0.012982243500041705,25,10,20
44,1511,0.7780956302315402,9.867965838179578e-06,0.1832962424159489,0.038598259386674744,25,10,20
44,1512,0.7898582730161141,8.256275854248281e-06,0.17269102207133025,0.03744244863670231,25,10,20
44,1513,0.8531554582359938,2.1274234935040816e-05,0.1466213555550284,0.00020191197404242542,25,10,20
44,1514,0.9271417260882374,6.21154139666342e-06,0.07265473529596418,0.00019732707440179217,25,10,20
44,1515,0.9348696565105932,5.699904216112943e-06,0.06511637125699887,8.272328191469421e-06,25,10,20
44,1516,0.8178832915766283,1.3326641434677516e-05,0.1817708355773495,0.00033254620458622174,25,10,20
44,1517,0.9159941147333648,1.1916222690228615e-05,0.08349915923693514,0.0004948098070104415,25,10,20
44,1518,0.899541964694507,9.169474673788845e-05,0.10012766622325227,0.00023867433550277048,25,10,20
44,1519,0.9352060709961723,1.0300196556090981e-05,0.06466302190393851,0.00012060690333287578,25,10,20
44,1520,0.9068139090915288,4.964631932972802e-06,0.09315090134274398,3.022493379425901e-05,25,10,20
44,1521,0.8788710123907734,0.0005257778560504026,0.12058385467133069,1.9355081845122453e-05,25,10,20
44,1522,0.9747504395154785,1.5472001344133656e-07,0.02524749243148217,1.9133330257421756e-06,25,10,20
44,1523,0.9302567305569184,2.686564620997841e-07,0.069740349884174,2.650902445763587e-06,25,10,20
44,1524,0.9206468781780308,8.427562164066109e-07,0.07931889983377277,3.337923198020826e-05,25,10,20
44,1525,0.8700145860150963,2.218323990032836e-06,0.12988867817082173,9.451749009221965e-05,25,10,20
44,1526,0.9220948578853632,1.4948537339536522e-06,0.07788318001170795,2.04672491947322e-05,25,10,20
44,1527,0.9053576895223838,1.8116216786272347e-06,0.09463452866031132,5.970195626219951e-06,25,10,20
44,1528,0.9443089022636323,1.5435592805143091e-06,0.05556607209459278,0.0001234820824949221,25,10,20
44,1529,0.9397739098786897,2.3434726580838196e-06,0.06016560357648336,5.814307216922511e-05,25,10,20
44,1530,0.8896373001629039,2.894358865446152e-05,0.11029263458555759,4.112166288324638e-05,25,10,20
44,1531,0.8707983156225088,1.1939241067779002e-05,0.12917500284378614,1.4742292637347272e-05,25,10,20
44,1532,0.8393429550687511,3.3579913104879353e-06,0.16062697021466105,2.671672527770556e-05,25,10,20
44,1533,0.8506714034425326,6.291254861812073e-06,0.14925528905317736,6.701624942835413e-05,25,10,20
44,1534,0.9140066728775897,3.301905559483741e-06,0.08594285441809513,4.717079875575222e-05,25,10,20
44,1535,0.8982621444937606,9.459125757303738e-05,0.10159146158813752,5.180266052970791e-05,25,10,20
44,1536,0.9010431185278862,9.412624595557219e-05,0.09883068036558182,3.207486057610211e-05,25,10,20
44,1537,0.8352785642481632,9.354437242834215e-05,0.16445673219971027,0.0001711591796977477,25,10,20
44,1538,0.8827708814551035,5.619776880068976e-07,0.11659169562150926,0.0006368609456996212,25,10,20
44,1539,0.9036878540896466,7.323984285822034e-06,0.09560457589807815,0.0007002460279894134,25,10,20
44,1540,0.9164739676083501,7.238767764744819e-07,0.08278220472962977,0.0007431037852431036,25,10,20
44,1541,0.902116775496162,7.857531232024918e-07,0.09748450102252582,0.0003979377281889275,25,10,20
44,1542,0.9623441519208487,5.378418355071745e-07,0.037257849824390996,0.0003974604129257497,25,10,20
44,1543,0.9600596200112267,5.663068398593856e-07,0.03993766791851009,2.145763423029835e-06,25,10,20
44,1544,0.9526040397243924,5.36234899346313e-07,0.04738085622186898,1.4567818838548925e-05,25,10,20
44,1545,0.9359818901817438,3.0144698299286873e-07,0.0639640939804574,5.37143908157524e-05,25,10,20
44,1546,0.915457170751556,0.000563537493090675,0.08385271582165593,0.00012657593369773653,25,10,20
44,1547,0.8374777149721163,0.00010112146639310237,0.16215071415502502,0.00027044940646518163,25,10,20
44,1548,0.8959730633026676,1.4388275870000924e-05,0.10397876169331072,3.378672815162054e-05,25,10,20
44,1549,0.9270489957541637,2.173865649367448e-05,0.0729027908887519,2.6474700590272828e-05,25,10,20
44,1550,0.8494868071143111,9.515098874273728e-06,0.1503902235139013,0.00011345427291239557,25,10,20
44,1551,0.8809123727103331,1.3424744963222089e-06,0.11905762345704143,2.866135812912451e-05,25,10,20
44,1552,0.8701573339153785,4.2769176186298036e-06,0.12959599077896386,0.00024239838803957297,25,10,20
44,1553,0.9105395000152585,0.0001670701616063996,0.0873195153956492,0.001973914427486043,25,10,20
44,1554,0.8675896600037389,0.00016870975099616677,0.1317612469195603,0.0004803833257040675,25,10,20
44,1555,0.860889908738839,0.00017974231279918297,0.13878063099593976,0.0001497179524213963,25,10,20
44,1556,0.8537221162650394,1.2817330889954654e-06,0.14626114413719113,1.5457864681653543e-05,25,10,20
44,1557,0.865000482786882,5.747967252638517e-07,0.13496837590271807,3.056651367634988e-05,25,10,20
44,1558,0.9261325716477131,1.9183271142381238e-07,0.07381777959071763,4.9456928857535804e-05,25,10,20
44,1559,0.8918494886495716,9.419045390083147e-06,0.10799981528118614,0.00014127702385260903,25,10,20
44,1560,0.9512236274824168,7.168624420307019e-06,0.048761614535112116,7.589358050743027e-06,25,10,20
44,1561,0.9436536019625282,4.370597956615872e-07,0.05634222040505121,3.7405726249584386e-06,25,10,20
44,1562,0.9174303172770552,7.988057857753201e-07,0.08252511319630669,4.377072085267122e-05,25,10,20
44,1563,0.8998324886416619,0.00029052284714926104,0.09985998693868962,1.700157249897371e-05,25,10,20
44,1564,0.9126667116197134,1.7122576165249737e-05,0.08671063297155729,0.0006055328325640623,25,10,20
44,1565,0.9373003477751155,2.058261552766248e-05,0.061804392973089435,0.0008746766362679973,25,10,20
44,1566,0.9194527666109318,2.1190530059021305e-05,0.07988364612297283,0.000642396736036753,25,10,20
44,1567,0.9756760933312836,1.9069952848472114e-06,0.023675868656925055,0.0006461310165065873,25,10,20
44,1568,0.9167642723503446,1.7135048304794265e-06,0.08317846392444382,5.5550220380853644e-05,25,10,20
44,1569,0.9531921881831411,7.120708393432262e-05,0.04673433909170797,2.2656412167901534e-06,25,10,20
44,1570,0.9199894834762116,2.6838733652557994e-06,0.07985983572434564,0.00014799692607737083,25,10,20
44,1571,0.9407805718217329,1.4983234873944993e-06,0.05921636840412327,1.5614506564276105e-06,25,10,20
44,1572,0.9174800566802404,1.118157262870575e-05,0.08118150983768124,0.001327251909449621,25,10,20
44,1573,0.8827717535732057,1.1661517369734733e-05,0.11656104264027117,0.0006555422691543688,25,10,20
44,1574,0.8143347455180447,1.841265815591543e-05,0.18491871704111248,0.0007281247826859702,25,10,20
44,1575,0.8067457650374064,0.00012092806353529239,0.19304240338775905,9.090351129894618e-05,25,10,20
44,1576,0.9091578794377956,1.7662384793698921e-06,0.09083186153543166,8.492788293592006e-06,25,10,20
44,1577,0.914476894163482,1.558452971058651e-06,0.0614650321161893,0.024056515267358,25,10,20
44,1578,0.8785183332044134,1.6556693694093274e-06,0.0818889202605054,0.039591090865711276,25,10,20
44,1579,0.8750818610732245,2.306932053792935e-06,0.08531024048289196,0.03960559151182975,25,10,20
44,1580,0.8663130969847532,2.4061366030035987e-06,0.09769587059345573,0.035988626285188785,25,10,20
44,1581,0.8701057318036663,1.5091795521661445e-06,0.12988617617081624,6.582845965611678e-06,25,10,20
44,1582,0.9513958151272293,5.806275836899744e-07,0.04854619866574343,5.740557944380667e-05,25,10,20
44,1583,0.9076074019649988,6.368809048296067e-07,0.09235087726534234,4.108388875321972e-05,25,10,20
44,1584,0.9753072620106968,3.505422042236759e-08,0.024689796656997585,2.9062780848551193e-06,25,10,20
44,1585,0.8848473146630027,2.6006501878784784e-06,0.11507904591797326,7.103876883497715e-05,25,10,20
44,1586,0.8834859830690754,1.1962649100080992e-07,0.11452253938623556,0.0019913579181987284,25,10,20
44,1587,0.9101231807946922,7.642362115602275e-07,0.0873544351952413,0.0025216197738554885,25,10,20
44,1588,0.93216145245561,4.976911183696733e-07,0.06547256511062265,0.002365484742649505,25,10,20
44,1589,0.9254034062697492,5.076593553614742e-05,0.07210683248533796,0.002438995309376898,25,10,20
44,1590,0.8710195470720552,5.3528776273625885e-05,0.128403271351757,0.0005236527999142927,25,10,20
44,1591,0.8441128644544709,5.121676974613374e-05,0.1553179034152595,0.0005180153605237374,25,10,20
44,1592,0.9248795887384883,5.051546787528494e-05,0.0749996095144465,7.028627918999313e-05,25,10,20
44,1593,0.9205765703277784,3.512487804703872e-05,0.0793169280667554,7.137672741973751e-05,25,10,20
44,1594,0.9296609609517441,4.450763777120339e-07,0.07032784961314817,1.07443587302077e-05,25,10,20
44,1595,0.8550267865010599,0.00037927496396089876,0.14277522913460006,0.001818709400378751,25,10,20
44,1596,0.9044963621643958,3.535003715247564e-07,0.09549616751292325,7.1168223090742845e-06,25,10,20
44,1597,0.9341537275805085,3.4704794958503687e-07,0.06582731483046639,1.8610541075372952e-05,25,10,20
44,1598,0.9523129881146157,7.327721606223441e-06,0.04709547885904027,0.0005842053047376086,25,10,20
44,1599,0.9004113409242099,7.452662367392036e-06,0.09954519363890105,3.601277452213171e-05,25,10,20
44,1600,0.8243666056930162,2.796813400680115e-05,0.17521613982345882,0.0003892863495185944,25,10,20
44,1601,0.8886727413407585,2.7566320576073367e-05,0.11090961816258531,0.0003900741760806857,25,10,20
44,1602,0.8937407061939825,4.916667140518574e-07,0.10614129147786519,0.00011751066143810171,25,10,20
44,1603,0.819183725051984,8.631043086491253e-07,0.18079856479015682,1.6847053551826944e-05,25,10,20
44,1604,0.8661155614913219,1.160782722999928e-06,0.13341665850544523,0.00046661922050920734,25,10,20
44,1605,0.9267669357764619,1.3323395792131804e-07,0.07322000245271645,1.2928536863306593e-05,25,10,20
44,1606,0.9365924315326489,0.00011105434940362909,0.06288324642833991,0.0004132676896074533,25,10,20
44,1607,0.9610600445177414,5.290702598947638e-08,0.03889251630212905,4.738627310360814e-05,25,10,20
44,1608,0.9438969403937777,1.3976177361992852e-06,0.054956600547062064,0.0011450614414246182,25,10,20
44,1609,0.8674720377292645,2.3921247370280747e-05,0.1323175891737064,0.00018645184965977837,25,10,20
44,1610,0.8766480555047906,3.3546418512162877e-06,0.12332834334627198,2.0246507086906867e-05,25,10,20
44,1611,0.8493421270323488,4.982775800177367e-06,0.1506244019635623,2.8488228288381284e-05,25,10,20
44,1612,0.9512590902230847,4.900419870669849e-06,0.04867411373185668,6.189562518772047e-05,25,10,20
44,1613,0.906689837430518,2.7483022420913325e-06,0.09328664524190416,2.0769025335824236e-05,25,10,20
44,1614,0.9395052762424791,1.7243228946078152e-06,0.060345624192390715,0.00014737524223558884,25,10,20
44,1615,0.8916316606351202,2.448943612840604e-06,0.1082794134503649,8.647697090223809e-05,25,10,20
44,1616,0.927210680689585,2.511128693010205e-06,0.07277950360818215,7.304573539623285e-06,25,10,20
44,1617,0.9146943784868138,3.857393203669133e-06,0.05361522874462873,0.03168653537535384,25,10,20
44,1618,0.8658233400333909,1.6521891511279597e-05,0.10243704765767032,0.031723090417427005,25,10,20
44,1619,0.8630088686429015,2.3534571366230304e-06,0.11180399479367197,0.02518478310628982,25,10,20
44,1620,0.9020196066945213,2.541746317228755e-06,0.05887860882319854,0.03909924273596319,25,10,20
44,1621,0.8844861233599092,4.550032969226134e-06,0.07640072387429356,0.03910860273282805,25,10,20
44,1622,0.9055537442698054,1.1390400220110441e-05,0.09371675969194021,0.000718105638033751,25,10,20
44,1623,0.9580368580410074,3.0524331948525937e-07,0.04194981824002879,1.3018475645151308e-05,25,10,20
44,1624,0.9205142465809816,1.809184461240441e-07,0.07853167117239912,0.0009539013281735587,25,10,20
44,1625,0.9170353669166282,9.605799791062589e-07,0.08294524617696959,1.8426326423110116e-05,25,10,20
44,1626,0.8769043586707695,7.248821298243925e-06,0.12295916051113961,0.000129231996791664,25,10,20
44,1627,0.8580617105059213,7.208106570358567e-06,0.1417599743568769,0.00017110703063188758,25,10,20
44,1628,0.9015836674338427,7.16226727398869e-06,0.09824405710504117,0.0001651131938419061,25,10,20
44,1629,0.9154243327369835,8.685544467886084e-07,0.0844511940332697,0.0001236046752999594,25,10,20
44,1630,0.9285778754552044,4.2967290662360436e-07,0.07137451422373109,4.718064815773659e-05,25,10,20
44,1631,0.9150680880651108,2.0864832151135304e-05,0.08241990245790606,0.002491144644831757,25,10,20
44,1632,0.9220849265121458,1.2403381266150383e-06,0.07542444767568232,0.002489385474045174,25,10,20
44,1633,0.9222399420600523,1.6026738582961923e-05,0.07773655089574837,7.4803056156621755e-06,25,10,20
44,1634,0.917187525541905,2.263467960409279e-06,0.08278623727240834,2.39737177257034e-05,25,10,20
44,1635,0.8940435057837297,2.161378518272003e-07,0.10595505053631885,1.2275420993295867e-06,25,10,20
44,1636,0.904142915435905,8.217668024873812e-06,0.09581743230775153,3.1434588318710396e-05,25,10,20
44,1637,0.9485896311715376,1.3083755974236393e-07,0.05052609208550421,0.0008841459053981418,25,10,20
44,1638,0.8872058882310214,3.133806337399404e-06,0.11192244932331921,0.0008685286393213587,25,10,20
44,1639,0.8305175075819391,4.272930466576797e-07,0.1686340068540192,0.0008480582709949186,25,10,20
44,1640,0.9066711071844367,2.720855094356547e-07,0.093325592778241,3.0279518123234715e-06,25,10,20
44,1641,0.9201638284075685,1.0680354584194344e-07,0.07959812777328631,0.00023793701559867906,25,10,20
44,1642,0.9514465986221933,1.0655959665222852e-06,0.04831240128976123,0.00023993449207878795,25,10,20
44,1643,0.9499247858503899,6.156260852169251e-07,0.04983953381843505,0.0002350647050890388,25,10,20
44,1644,0.9067120191325188,3.72094029364661e-06,0.09311129927518225,0.00017296065200555488,25,10,20
44,1645,0.9222939611849835,3.958294743389338e-06,0.07569369265544772,0.0020083878648250626,25,10,20
44,1646,0.8855626138902255,3.214533467353659e-07,0.11405284165924703,0.00038422299717989257,25,10,20
44,1647,0.8535863309941151,2.7885612838716436e-06,0.13699506250205593,0.009415817942544593,25,10,20
44,1648,0.8892494292558426,4.076086398070616e-07,0.10171751881067145,0.009032644324846338,25,10,20
44,1649,0.8734196172944698,6.690682678406831e-06,0.12522767482913244,0.001346017193718361,25,10,20
44,1650,0.8509269885041058,0.00013298969532828984,0.14664918852139247,0.0022908332791734213,25,10,20
44,1651,0.8655866825789172,0.00014476327444131287,0.13344875426211542,0.0008197998845261785,25,10,20
44,1652,0.9208867683216033,2.0482160084483455e-05,0.07908133840181049,1.1411116502038532e-05,25,10,20
44,1653,0.8935263860156126,2.53399034590805e-06,0.1064668228560271,4.257138015007677e-06,25,10,20
44,1654,0.8722762698041159,9.796907809967802e-07,0.12771439691898695,8.353586115708764e-06,25,10,20
44,1655,0.9411094615688937,5.787318271496439e-06,0.058878382217281804,6.368895553121499e-06,25,10,20
44,1656,0.9144318009518928,1.2562391514367753e-06,0.08555983471499427,7.1080939604588054e-06,25,10,20
44,1657,0.9072248793018726,3.3787726965346046e-06,0.09276315037191908,8.59155351218521e-06,25,10,20
44,1658,0.9118204879399033,1.5370410258752342e-06,0.08817172909567861,6.245923391705007e-06,25,10,20
44,1659,0.9592601812858245,1.470397854767675e-07,0.04068182289871054,5.784877567966014e-05,25,10,20
44,1660,0.9691031148396978,2.6177155382170917e-07,0.03086902089325487,2.760249549385431e-05,25,10,20
44,1661,0.8173930161833609,4.6252875491647225e-06,0.1824924538923031,0.00010990463678572834,25,10,20
44,1662,0.8943342762211499,5.902922941992521e-05,0.10557301893720897,3.3675612221870387e-05,25,10,20
44,1663,0.9096749565869916,9.211178569395079e-07,0.0902987438477836,2.5378447368250074e-05,25,10,20
44,1664,0.8905092474869172,1.2270670637018288e-06,0.10941340537706865,7.612006895069687e-05,25,10,20
44,1665,0.9348384855601268,1.7823325214741898e-07,0.06508659742763516,7.473877898560129e-05,25,10,20
44,1666,0.90985488787456,9.858537398385158e-07,0.08035632861568547,0.009787797656014419,25,10,20
44,1667,0.9127741248376396,5.616124758518315e-06,0.07745028726112897,0.009769971776473079,25,10,20
44,1668,0.876813347488211,8.000618331963559e-07,0.11469670495906817,0.008489147490887939,25,10,20
44,1669,0.890643136944125,1.9211026073893445e-07,0.1093548736538997,1.797291714674514e-06,25,10,20
44,1670,0.9129413385530395,1.1080132141330296e-06,0.08701339298410009,4.41604496464481e-05,25,10,20
44,1671,0.8801028594520615,5.325381038764164e-07,0.11989169503520065,4.912974633455684e-06,25,10,20
44,1672,0.8777226587016463,1.6855027118452232e-06,0.1222705041255748,5.151670066823686e-06,25,10,20
44,1673,0.88577864882925,5.729686453766805e-06,0.1141022614143329,0.00011336006996303423,25,10,20
44,1674,0.8439614064904757,1.9222706792259992e-06,0.15586625482784044,0.00017041641100555552,25,10,20
44,1675,0.8945901136998131,6.217586392130295e-07,0.10269004032349098,0.0027192242180561804,25,10,20
44,1676,0.8715098363722542,0.00018342989060627515,0.1255861702660165,0.0027205634711230386,25,10,20
44,1677,0.893897656573411,0.0001854461700619942,0.10591104344802779,5.853808499451593e-06,25,10,20
44,1678,0.9283719249810197,2.773322501971442e-06,0.07161754699124229,7.754705236299552e-06,25,10,20
44,1679,0.9590097935994468,2.839595123251061e-07,0.040976734415223745,1.3188025817471621e-05,25,10,20
44,1680,0.9350600555617913,7.542133604538319e-08,0.04941514157807611,0.015524727438797136,25,10,20
44,1681,0.9372174162869215,1.1677575663118248e-05,0.04715764709203179,0.015613259045384052,25,10,20
44,1682,0.9541457673216742,3.1499165858108596e-07,0.030344046325766545,0.015509871360900247,25,10,20
44,1683,0.8685143346529987,6.172273504511081e-06,0.11552559393016348,0.015953899143332194,25,10,20
44,1684,0.8405621132050167,7.0473064674770135e-06,0.127010886525482,0.032419952963034036,25,10,20
44,1685,0.8554588666409383,2.1348677359832147e-06,0.1051334479470663,0.03940555054425967,25,10,20
44,1686,0.8905469839081622,5.0223714969700995e-06,0.07047560252865015,0.03897239119169077,25,10,20
44,1687,0.8437565083534309,1.7928467622907875e-06,0.11725019451901363,0.03899150428079335,25,10,20
44,1688,0.8870447613946317,4.1194053767330765e-08,0.07410514084513879,0.03885005656617571,25,10,20
44,1689,0.8720209013034438,1.7764176405623376e-07,0.12777327458076107,0.00020564647403144707,25,10,20
44,1690,0.8550759109903876,5.130773347736628e-07,0.1448133435893371,0.00011023234293995945,25,10,20
44,1691,0.9161174500552375,1.078363099346378e-06,0.08385943377045585,2.2037811207038228e-05,25,10,20
44,1692,0.9014504366538812,1.6268648178161506e-06,0.09840507783043748,0.00014285865086334916,25,10,20
44,1693,0.9131593731091355,0.00015344664118425793,0.08654751678118652,0.0001396634684938482,25,10,20
44,1694,0.8620459655198406,3.188137641545427e-05,0.13602417077981152,0.001897982323931889,25,10,20
44,1695,0.9197263826521069,3.01074854781764e-05,0.0783108727875311,0.001932637074882962,25,10,20
44,1696,0.8907569302752782,3.7280012796113225e-05,0.10735124805206767,0.0018545416598579024,25,10,20
44,1697,0.8986237528462155,6.744328269035071e-07,0.1013408774172294,3.4695303728290246e-05,25,10,20
44,1698,0.9676175852858806,4.82813078732234e-07,0.032362334856394746,1.959704464579428e-05,25,10,20
44,1699,0.9648411681074515,1.2085279388139636e-05,0.03498665236483991,0.00016009424831992252,25,10,20
44,1700,0.9578335113997258,1.242995363934975e-05,0.04206493679491866,8.912185171638106e-05,25,10,20
44,1701,0.9282754028204802,1.2066431285474018e-05,0.07159453847229175,0.00011799227594255904,25,10,20
44,1702,0.8899054803998045,1.3433151878767026e-05,0.1099536693821292,0.00012741706618749903,25,10,20
44,1703,0.8836402279492026,1.2461844368377688e-05,0.11619762080854544,0.00014968939788433553,25,10,20
44,1704,0.9181961603944114,9.535439632239517e-07,0.08179360706344543,9.278998179544378e-06,25,10,20
44,1705,0.8577120113353328,3.87708539711054e-06,0.14225063702227295,3.347455699777358e-05,25,10,20
44,1706,0.8656483058995472,0.00011990565013056823,0.13414064412152607,9.114432879651923e-05,25,10,20
44,1707,0.833953948361119,1.0552718027629348e-05,0.16600165321166307,3.384570919007737e-05,25,10,20
44,1708,0.9371971883663316,6.710480671913613e-07,0.06279165964851639,1.0480937084681944e-05,25,10,20
44,1709,0.8711596966313853,6.046166152078168e-06,0.1288276574511306,6.599751331848216e-06,25,10,20
44,1710,0.93627673048806,1.3432323382764772e-06,0.06370089550570983,2.1030773891961934e-05,25,10,20
44,1711,0.9334766844292018,5.941555789937878e-07,0.06644993954381194,7.278187140694124e-05,25,10,20
44,1712,0.9062783006752414,1.8572127531683417e-07,0.09369919070498982,2.2322898493603507e-05,25,10,20
44,1713,0.907142576107472,2.3084551353585787e-06,0.092794974301869,6.0141135524187615e-05,25,10,20
44,1714,0.9438547495362478,0.0021551185426861193,0.053983887485197946,6.244435868539077e-06,25,10,20
44,1715,0.9151846835033101,2.3866308752545264e-05,0.08478472882772982,6.721360207494111e-06,25,10,20
44,1716,0.9463984063437941,2.1004297320543724e-06,0.053554975575434816,4.4517651038211406e-05,25,10,20
44,1717,0.9474995061440608,1.3517312043600434e-06,0.05249523585228157,3.90627245321942e-06,25,10,20
44,1718,0.9045395446992687,2.9548926573053065e-06,0.09543114945939787,2.6350948676689065e-05,25,10,20
44,1719,0.8943849009177591,1.6589340470292426e-06,0.10560163968296132,1.180046523201507e-05,25,10,20
44,1720,0.9096588805324726,1.1614702015891064e-05,0.09028679030167913,4.27144638329672e-05,25,10,20
44,1721,0.9221481846538575,4.4790837565890055e-06,0.07778963180545878,5.7704456926900317e-05,25,10,20
44,1722,0.9437561833327475,8.448408842161707e-08,0.056192875389939514,5.085679322435073e-05,25,10,20
44,1723,0.9189468714786383,5.606242492195299e-07,0.07840404316936991,0.0026485247277427074,25,10,20
44,1724,0.9075968781060297,7.031971040615628e-07,0.089980417507299,0.002422001189567368,25,10,20
44,1725,0.9179708572374181,9.092751547330872e-06,0.08201449707041034,5.552940624369913e-06,25,10,20
44,1726,0.9686957290141067,1.5737693334518564e-06,0.0313016532410846,1.0439754749878114e-06,25,10,20
44,1727,0.9445028822718631,1.1243161876630436e-07,0.055486396787248704,1.0608509269313798e-05,25,10,20
44,1728,0.9165759604271958,7.191981379126693e-07,0.08341004532547931,1.3275049186422729e-05,25,10,20
44,1729,0.9332222914123203,8.819254068890117e-07,0.06670682850522663,6.999815704630835e-05,25,10,20
44,1730,0.9514273485334022,1.3694854301880261e-05,0.048547029437207255,1.1927175088585421e-05,25,10,20
44,1731,0.8911039035443958,1.8927982775686898e-05,0.10886468673313057,1.2481739697665314e-05,25,10,20
44,1732,0.9294990943438941,2.956937246353685e-07,0.06943903806561041,0.0010615718967706485,25,10,20
44,1733,0.9058904129189872,1.3595307598779754e-06,0.09279477672777879,0.0013134508224740184,25,10,20
44,1734,0.8737905126292046,1.4540290197025246e-06,0.1248669881129136,0.0013410452288617983,25,10,20
44,1735,0.8707378147825142,4.344437390144548e-06,0.12795209492901166,0.0013057458510832077,25,10,20
44,1736,0.9112348059135106,2.7115396314155028e-06,0.08742094877759544,0.0013415337692628511,25,10,20
44,1737,0.9255726708173316,4.233406787517227e-06,0.07410384025869644,0.00031925551718466657,25,10,20
44,1738,0.9410043434568196,2.9013867577561023e-06,0.05868318470641954,0.00030957045000337214,25,10,20
44,1739,0.8930770036959611,1.2693425186226147e-06,0.10594762249346978,0.0009741044680500813,25,10,20
44,1740,0.9053566116367224,8.453849230950038e-06,0.0746922863700417,0.01994264814400508,25,10,20
44,1741,0.8836498369851837,1.7515997613830257e-05,0.07818594055541404,0.03814670646178851,25,10,20
44,1742,0.8597851321499115,2.4946199702866483e-06,0.1020449876699414,0.038167385560176424,25,10,20
44,1743,0.8233667459882682,2.5959032366951153e-06,0.13768761320740183,0.03894304490109351,25,10,20
44,1744,0.8704436466660528,2.779222893250293e-06,0.09808000647841959,0.03147356763263506,25,10,20
44,1745,0.7850242289508467,5.030228396243913e-06,0.1756179891094185,0.0393527517113391,25,10,20
44,1746,0.8529782494047399,5.98448901513519e-07,0.10709422780686521,0.039926924339492596,25,10,20
44,1747,0.8211971288809647,1.3852549854123053e-06,0.13944667364362362,0.03935481222042578,25,10,20
44,1748,0.886712571335113,6.712138489227816e-07,0.07405504020696568,0.039231717244072116,25,10,20
44,1749,0.833760202174792,4.771151795860709e-06,0.126987210480016,0.03924781619339543,25,10,20
44,1750,0.8905348507296665,4.671008229244402e-06,0.07021827841914668,0.03924219984295764,25,10,20
44,1751,0.9087127199648957,2.577340857747192e-05,0.08547516425668342,0.005786342369843438,25,10,20
44,1752,0.8358346582766164,0.0010134334917361566,0.15390238863618014,0.009249519595468188,25,10,20
44,1753,0.8866609165121825,0.0001488308649868456,0.1130029332891999,0.00018731933363021788,25,10,20
44,1754,0.9206779954490039,1.0459910627571615e-06,0.07925905889832909,6.189966160457672e-05,25,10,20
44,1755,0.8905750098503485,1.114073439762798e-06,0.1092934223466253,0.00013045372958624436,25,10,20
44,1756,0.9222700721661916,8.004649163550268e-07,0.077691627509331,3.7499859561043255e-05,25,10,20
44,1757,0.8882614885061808,3.1140308711614665e-05,0.11166413220935452,4.32389757528784e-05,25,10,20
44,1758,0.9159847960776238,3.0408956855182556e-05,0.08346498359254224,0.0005198113729792982,25,10,20
44,1759,0.908482234378021,1.1483208913833143e-06,0.09137069847380257,0.00014591882728524558,25,10,20
44,1760,0.9177730038702431,1.7055231592776242e-05,0.08218073184055852,2.920905760529434e-05,25,10,20
44,1761,0.8771546601505454,1.7732614719018789e-06,0.12277397078108505,6.959580689665567e-05,25,10,20
44,1762,0.9563580479688231,2.9969730376011157e-07,0.04361110596162079,3.0546372252400876e-05,25,10,20
44,1763,0.8766141585521753,8.290496842352863e-07,0.10042393399084178,0.022961078407297886,25,10,20
44,1764,0.8716785066679796,3.0767070210642623e-06,0.10536109170692186,0.022957324918077348,25,10,20
44,1765,0.9243952202951529,9.094446667760856e-07,0.052642379924504025,0.022961490335676273,25,10,20
44,1766,0.8822831162325369,5.130119367334114e-07,0.08761456483397811,0.03010180592154853,25,10,20
44,1767,0.8898514413457024,2.3407835975342762e-07,0.07040463690092229,0.03974368767501564,25,10,20
44,1768,0.8933332052168876,4.523561740887135e-06,0.0674234890854108,0.03923878213596126,25,10,20
44,1769,0.919444264434972,1.7568607388985518e-06,0.041539831665589284,0.039014147038699806,25,10,20
44,1770,0.915590931560004,9.686050648004604e-07,0.045400131183745696,0.03900796865118624,25,10,20
44,1771,0.9267641230354396,4.678304196766811e-07,0.06956312647816523,0.003672282655975785,25,10,20
44,1772,0.8824260775747079,1.9123338336229055e-05,0.11364258249423251,0.0039122165927229285,25,10,20
44,1773,0.9062499835721867,2.4750753076099834e-05,0.09349572272542166,0.0002295429493153086,25,10,20
44,1774,0.8155383185260346,2.345794396146324e-05,0.18438825767035064,4.9965859653430194e-05,25,10,20
44,1775,0.825125708921492,2.323410678661536e-05,0.1748239062156576,2.71507560638118e-05,25,10,20
44,1776,0.8764530964954408,1.948180843648269e-05,0.12350925277520743,1.8168920915556764e-05,25,10,20
44,1777,0.8618826772325492,2.035016528508717e-05,0.13806921138316727,2.7761218999122792e-05,25,10,20
44,1778,0.8860604487538617,2.0687984583377885e-05,0.1139078516616083,1.1011599946966852e-05,25,10,20
44,1779,0.9281850312025266,0.00018714786154719278,0.07161926522433136,8.55571159494129e-06,25,10,20
44,1780,0.938091660868954,0.00016668127369940414,0.06172862573136201,1.303212598427067e-05,25,10,20
44,1781,0.9030554174014972,7.708759763424137e-06,0.09664162923275392,0.00029524460598472064,25,10,20
44,1782,0.9072278978174703,7.676637504551989e-05,0.09222431621207107,0.0004710195954120201,25,10,20
44,1783,0.8357095362026665,0.009114075989215506,0.15384743343118581,0.0013289543769317883,25,10,20
44,1784,0.8164409350564155,0.00904156926974147,0.14309050792661293,0.03142698774723036,25,10,20
44,1785,0.867309239545137,0.009044915298497644,0.08278933860909689,0.040856506547268315,25,10,20
44,1786,0.909754935316787,0.00024662338531927227,0.08233122678257987,0.007667214515313388,25,10,20
44,1787,0.8925541432463494,0.00024679577147960997,0.0809689547868823,0.026230106195288733,25,10,20
44,1788,0.8758432921004156,0.00024160094864249186,0.09769203244123187,0.026223074509710318,25,10,20
44,1789,0.8903025838370208,0.00024051986361063027,0.07272404154666258,0.03673285475270562,25,10,20
44,1790,0.9148852655211254,3.7846518288698014e-05,0.048390024596652356,0.036686863363933064,25,10,20
44,1791,0.8775392862478563,1.7944974823459028e-05,0.09050381174604157,0.03193895703127954,25,10,20
44,1792,0.8557382365128998,1.3174733778248449e-05,0.11230893834515727,0.03193965040816377,25,10,20
44,1793,0.8824859967181888,1.0290121360291602e-05,0.07842686745454965,0.03907684570590181,25,10,20
44,1794,0.8732052039624614,8.647665369013257e-06,0.08786732753397086,0.038918820838198274,25,10,20
44,1795,0.900151388589387,1.2597993703329911e-05,0.07558666822424072,0.02424934519266841,25,10,20
44,1796,0.9645296175854292,3.317782926955392e-07,0.03490332136813805,0.0005667292681399895,25,10,20
44,1797,0.9103423342793049,2.0411748857426496e-07,0.08925326413192237,0.000404197471285486,25,10,20
44,1798,0.9228071225079265,7.75990039290129e-06,0.07716006551335784,2.5052078323545878e-05,25,10,20
44,1799,0.9187844351919524,7.74690742995734e-06,0.08117861659313023,2.9201307487282903e-05,25,10,20
44,1800,0.9321141258728168,1.1191405360851902e-06,0.06740230978975262,0.0004824451968941807,25,10,20
44,1801,0.9162735741862786,1.3047158506156995e-05,0.08368443706100782,2.89415942077702e-05,25,10,20
44,1802,0.9329700145127058,1.3244423858758937e-05,0.06698439955302345,3.2341510411980884e-05,25,10,20
44,1803,0.880987050055864,0.0001287840657238909,0.11882795184814882,5.6214030263256454e-05,25,10,20
44,1804,0.9483866543949973,1.8000149213953206e-05,0.051587921236704484,7.424219084957587e-06,25,10,20
44,1805,0.9272863857079604,1.938512356173184e-05,0.07231958530898709,0.0003746438594915416,25,10,20
44,1806,0.9279374107218227,8.981162386875262e-07,0.07181870539059361,0.00024298577134532754,25,10,20
44,1807,0.831183188218728,0.00024261379908032996,0.16300175576178672,0.0055724422204043314,25,10,20
44,1808,0.8434086969102278,2.894069744496078e-06,0.15658212118406167,6.2878359663708755e-06,25,10,20
44,1809,0.8813791942334821,2.0713402107166605e-06,0.11861357310664325,5.16131966370781e-06,25,10,20
44,1810,0.8530680945252241,1.0942432878069107e-06,0.14691022735184148,2.0583879646225376e-05,25,10,20
44,1811,0.8719301027400056,3.6038619438540617e-06,0.12598561921778517,0.0020806741802646455,25,10,20
44,1812,0.890569254565483,4.88872877843911e-06,0.10937692126163406,4.8935444104649585e-05,25,10,20
44,1813,0.9044205634082507,3.4937251507524177e-06,0.09557495023958516,9.926270135359327e-07,25,10,20
44,1814,0.9286745497610565,2.8086502050633077e-06,0.0712812574031689,4.138418556923402e-05,25,10,20
44,1815,0.8903647861919162,1.3124743458113584e-06,0.10959361342532649,4.0287908411734245e-05,25,10,20
44,1816,0.9256545603437961,7.823868809715488e-07,0.07434086746298374,3.789806339841905e-06,25,10,20
44,1817,0.9722715029898678,5.921271600279948e-07,0.027718525913932472,9.378969039765737e-06,25,10,20
44,1818,0.8745059788432065,7.13354764989662e-07,0.12545126886014693,4.203894188100034e-05,25,10,20
44,1819,0.8274463104202456,1.0632145295285512e-06,0.16918599368367723,0.003366632681548609,25,10,20
44,1820,0.818519378807434,0.00026382489293252427,0.17614162713693748,0.00507516916269683,25,10,20
44,1821,0.865043367428711,0.0002648802747937298,0.1288463271833873,0.005845425113107869,25,10,20
44,1822,0.8197132037898222,0.0002649024527342785,0.179996040273013,2.585348443031656e-05,25,10,20
44,1823,0.9069959942817373,0.000551265347771567,0.09172627148608287,0.0007264688844092669,25,10,20
44,1824,0.887261313745826,8.575310146211233e-05,0.11190896076413223,0.0007439723885806172,25,10,20
44,1825,0.9155396096045045,1.2876024209213749e-05,0.0844284382643808,1.907610690643242e-05,25,10,20
44,1826,0.9150044035747839,0.00035207302331804124,0.08463766848580528,5.8549160930821625e-06,25,10,20
44,1827,0.9344050067305268,4.379543912494706e-06,0.06555549482645896,3.511889910199083e-05,25,10,20
44,1828,0.9143792514804566,3.6449862059249944e-06,0.08560365167915274,1.3451854185044363e-05,25,10,20
44,1829,0.9006680777296177,5.064122480251136e-06,0.0993101593297952,1.6698818107214814e-05,25,10,20
44,1830,0.9525926168844971,4.333646881427485e-07,0.047395123891554654,1.182585926018238e-05,25,10,20
44,1831,0.9197006152832309,7.347525323270266e-07,0.07862576629811377,0.0016728836661234084,25,10,20
44,1832,0.8904846362568363,8.263354821858728e-08,0.10784509893320719,0.001670182176408622,25,10,20
44,1833,0.9262502420252889,5.652613009375366e-07,0.07329891967418382,0.0004502730392266139,25,10,20
44,1834,0.9152141940331506,1.2725418218223688e-05,0.08476259035512189,1.0490193508997064e-05,25,10,20
44,1835,0.9439028865660164,9.505114119421437e-06,0.05559257344280438,0.0004950348770596315,25,10,20
44,1836,0.9330241667084594,7.613238519407484e-06,0.06692741316055628,4.080689246488975e-05,25,10,20
44,1837,0.9058550158085497,2.420974274988847e-06,0.09406072557239986,8.183764477473921e-05,25,10,20
44,1838,0.9456155124387,6.857270879799561e-07,0.0542900941651698,9.370766904146306e-05,25,10,20
44,1839,0.9400760900497797,5.565083328330982e-07,0.05961132722086879,0.0003120262210184014,25,10,20
44,1840,0.8930811166114139,3.2028175610660666e-06,0.10668798560427575,0.0002276949667495744,25,10,20
44,1841,0.9360201174843172,1.1684345238862123e-05,0.06374937347847226,0.00021882469197185124,25,10,20
44,1842,0.9565880250933496,2.4681648872211025e-07,0.043229039441471544,0.00018268864869015508,25,10,20
44,1843,0.9440514676052615,9.305990102109204e-07,0.050394124364356266,0.005553477431371488,25,10,20
44,1844,0.9237659601055648,1.4604807901640435e-05,0.0761345565032571,8.487858327626042e-05,25,10,20
44,1845,0.9485521899059218,2.9328980070758395e-06,0.05144389888703473,9.783090362942632e-07,25,10,20
44,1846,0.8957265540101476,2.338338561380329e-06,0.10407493699593838,0.00019617065535212027,25,10,20
44,1847,0.9343030155434753,3.31162190538122e-06,0.06567405343347293,1.9619401146661546e-05,25,10,20
44,1848,0.9267239070008347,3.419367280933437e-07,0.07326705061011603,8.700452321706775e-06,25,10,20
44,1849,0.9261703715996802,3.002841587111369e-07,0.07381756110365036,1.1767012510669934e-05,25,10,20
44,1850,0.9453999208609942,4.122234872680862e-07,0.0545302427955869,6.942411993154906e-05,25,10,20
44,1851,0.9076823281274493,1.6441575460120514e-06,0.09210016454943139,0.00021586316557396389,25,10,20
44,1852,0.9245588066259833,2.753551393436123e-06,0.07409579412058404,0.0013426457020396477,25,10,20
44,1853,0.9105580759868629,1.0845841802141326e-06,0.08922324052383061,0.00021759890512623077,25,10,20
44,1854,0.9821399956102276,8.074054043858834e-06,0.017769096093779267,8.283424194897549e-05,25,10,20
44,1855,0.8923487020309027,7.358932412757779e-07,0.10757614581493062,7.441626092490412e-05,25,10,20
44,1856,0.9162237999496982,5.942942716354654e-07,0.0756190701028585,0.008156535653172203,25,10,20
44,1857,0.9289549459642871,7.589730853142935e-07,0.06263860621479334,0.008405688847834747,25,10,20
44,1858,0.9359545589805148,1.763573920139013e-05,0.05587300075823369,0.008154804522050401,25,10,20
44,1859,0.9763171164780254,1.1383244725596266e-06,0.02366843823578009,1.3306961722051582e-05,25,10,20
44,1860,0.9448370686994392,8.220358521296634e-06,0.05485868292076004,0.00029602802127907073,25,10,20
44,1861,0.9383048075078859,1.4711021652626209e-05,0.023836006874535142,0.037844474595926124,25,10,20
44,1862,0.9224161443393606,2.561697488450923e-07,0.03804537604562519,0.03953822344526602,25,10,20
44,1863,0.8436989171388377,1.5979802553326644e-06,0.11842123978910234,0.037878245091804374,25,10,20
44,1864,0.871349144674015,1.7604325113506687e-06,0.08999186521485082,0.03865722967862268,25,10,20
44,1865,0.9194248266633694,1.4537038316340956e-06,0.0767900238052507,0.003783695827548244,25,10,20
44,1866,0.9297376661506372,1.8654917745334333e-07,0.06975666028149403,0.0005054870186907546,25,10,20
44,1867,0.8962462537185687,4.556826074546495e-05,0.102240796815372,0.001467381205313817,25,10,20
44,1868,0.9331935528529985,9.370345303130558e-06,0.06532987008083341,0.0014672067208645193,25,10,20
44,1869,0.9250255075621959,9.29519908696609e-06,0.0734848635083903,0.0014803337303259676,25,10,20
44,1870,0.9431717668880418,3.7244668952600048e-06,0.056797799649125603,2.6708995936771617e-05,25,10,20
44,1871,0.9269910953589009,1.363259991714025e-06,0.07296857597738231,3.896540372457125e-05,25,10,20
44,1872,0.8525318239619427,4.409931025229001e-05,0.1473982564436257,2.5820284180634303e-05,25,10,20
44,1873,0.8643153448051498,2.5704794704179664e-06,0.12351211132793707,0.01216997338744287,25,10,20
44,1874,0.9011187861649345,2.2423161012310947e-06,0.09886198412887565,1.6987390089226646e-05,25,10,20
44,1875,0.8990886711440548,9.058461680047685e-07,0.10046689787229958,0.0004435251374779272,25,10,20
44,1876,0.9401517837432719,6.540463478508864e-07,0.05982174790232013,2.58143080601665e-05,25,10,20
44,1877,0.9596912160785083,2.336501998807446e-07,0.03928904648815106,0.0010195037831406872,25,10,20
44,1878,0.9362962774303667,2.22555051893547e-06,0.06265143009687762,0.0010500669222370182,25,10,20
44,1879,0.9324218029792898,1.1746945953997758e-06,0.06753337901818987,4.3643307924158965e-05,25,10,20
44,1880,0.9254951376675747,2.0361088655880735e-06,0.07449956073291662,3.265490642345115e-06,25,10,20
44,1881,0.9528259464917701,1.6521257295390256e-06,0.04716597432747805,6.42705502201457e-06,25,10,20
44,1882,0.9106854438753712,2.838798808642239e-07,0.08930172718105454,1.2545063694600386e-05,25,10,20
44,1883,0.9556820579262018,3.99529967645818e-07,0.04431300479367846,4.537750151932146e-06,25,10,20
44,1884,0.9425443582525546,1.2691621335673825e-05,0.05744168403814342,1.2660879666724127e-06,25,10,20
44,1885,0.9347176319361025,2.5300365847459655e-06,0.06527695018472283,2.8878425887936686e-06,25,10,20
44,1886,0.9139786706266488,2.9008123045879565e-06,0.08596032569267635,5.8102868370096547e-05,25,10,20
44,1887,0.9143434940514119,6.427570427321137e-07,0.08564458367522036,1.1279516324772954e-05,25,10,20
44,1888,0.9092498261842659,5.318689710968121e-06,0.09073074318800961,1.4111938014156347e-05,25,10,20
44,1889,0.8985954033101373,6.188689332258357e-07,0.10137665486359675,2.732295733295697e-05,25,10,20
44,1890,0.895648074025719,1.4303262064898815e-07,0.10397960807290625,0.0003721748687535174,25,10,20
44,1891,0.921339883852379,5.597276084526951e-07,0.06073813527314405,0.01792142114686928,25,10,20
44,1892,0.9262595463019662,2.750287707130248e-07,0.0558373857531666,0.017902792916096356,25,10,20
44,1893,0.8926789990509916,1.019387727596293e-06,0.06833388528138652,0.038986096279893585,25,10,20
44,1894,0.8765760769638707,7.944289165918783e-08,0.08444764383889951,0.03897619975433782,25,10,20
44,1895,0.7722735941613081,1.6050484000260406e-05,0.1573124598301798,0.07039789552451087,25,10,20
44,1896,0.860312325502303,6.999808475103528e-07,0.0955821209802556,0.04410485353659352,25,10,20
44,1897,0.8571440744875605,8.250536868099911e-07,0.10696167644133753,0.03589342401741582,25,10,20
44,1898,0.8841892956194225,0.015827116862782466,0.0685288689839139,0.03145471853388131,25,10,20
44,1899,0.888865884844235,0.030585789778921478,0.05022762490621625,0.03032070047062751,25,10,20
44,1900,0.8868230125777763,0.00013565444167374413,0.07382974119608848,0.03921159178446156,25,10,20
44,1901,0.831577120389549,0.00013715014842290756,0.1285512394913904,0.03973448997063766,25,10,20
44,1902,0.838212864444747,3.2805825262453002e-06,0.12217245571523914,0.03961139925748756,25,10,20
44,1903,0.8845392684005049,7.98048529401542e-06,0.07583488658596127,0.0396178645282403,25,10,20
44,1904,0.8026154944123062,8.59170340952181e-06,0.15835640604148388,0.039019507842800796,25,10,20
44,1905,0.8562551456335131,1.0590154728724731e-06,0.10470550747541033,0.03903828787560361,25,10,20
44,1906,0.8498922949042051,1.7781405203869613e-06,0.11109145077128094,0.03901447618399361,25,10,20
44,1907,0.8655633959978366,9.671070054685095e-07,0.09537373392534838,0.03906190296980996,25,10,20
44,1908,0.8497375392585004,1.7861139791201945e-06,0.11134953417372218,0.038911140453798725,25,10,20
44,1909,0.8212325141197769,3.1603409906903106e-06,0.1396232526862889,0.03914107285294406,25,10,20
44,1910,0.8646731911297592,1.1577749228485568e-06,0.09605251657485865,0.039273134520459246,25,10,20
44,1911,0.895208417591854,8.449605638868837e-07,0.0655993297619947,0.039191407685587244,25,10,20
44,1912,0.8467365632969639,1.249393742195359e-06,0.11408152177764175,0.03918066553165307,25,10,20
44,1913,0.820604899592623,1.1621234382770704e-05,0.15161662690012517,0.027766852272869073,25,10,20
44,1914,0.7823281749432911,1.5483677692861065e-05,0.1760290022347732,0.04162733914424268,25,10,20
44,1915,0.7990582955788749,1.0248693726804396e-05,0.1742771505112799,0.026654305216118727,25,10,20
44,1916,0.8392886704195714,7.4675530223786825e-06,0.12475488850183584,0.03594897352557041,25,10,20
44,1917,0.8786398414614771,2.2157844485920952e-05,0.08587623575831808,0.035461764935719134,25,10,20
44,1918,0.8035714699446498,2.3123183411177615e-05,0.16054940072571455,0.03585600614622443,25,10,20
44,1919,0.8568340982823592,2.1347678420546456e-05,0.14313596163153364,8.592407686447964e-06,25,10,20
44,1920,0.8935820770145508,2.0301796692704112e-05,0.10639225412133889,5.367067417896647e-06,25,10,20
44,1921,0.9594955133385268,1.045209941284986e-07,0.04050026721960184,4.114920876893932e-06,25,10,20
44,1922,0.912941280095896,5.970813143959281e-07,0.08704021934061343,1.7903482176258184e-05,25,10,20
44,1923,0.9168951999680556,6.790934449045646e-06,0.0829927346766205,0.00010527442087541878,25,10,20
44,1924,0.9482059039260063,6.031652834896223e-07,0.05176576094919503,2.773195951494464e-05,25,10,20
44,1925,0.9277101685483153,6.930373783152183e-06,0.07227124646088207,1.1654617019944112e-05,25,10,20
44,1926,0.9397229793365384,8.802195983857518e-07,0.060273252328014365,2.8881158489373722e-06,25,10,20
44,1927,0.8994403513380402,9.612136903690555e-07,0.10055236235922782,6.325089041106539e-06,25,10,20
44,1928,0.9525955786870571,0.0006361356399199197,0.046757955985187005,1.0329687836251375e-05,25,10,20
44,1929,0.9449356741054221,1.5478510944690295e-05,0.05503323870389241,1.5608679740915912e-05,25,10,20
44,1930,0.8717158410447507,1.6553579711330137e-05,0.12822761450293074,3.999087260679794e-05,25,10,20
44,1931,0.965535697965389,2.5318436483921425e-05,0.03441105567811514,2.792792001198138e-05,25,10,20
44,1932,0.9000453862362385,1.4771776681922303e-05,0.09993550062613972,4.341360939734031e-06,25,10,20
44,1933,0.9262674722768416,3.7699455845989835e-07,0.07372896310905452,3.187619545615988e-06,25,10,20
44,1934,0.95349289893162,2.202755002576393e-06,0.0465011570499754,3.7412634021652105e-06,25,10,20
44,1935,0.9129339381196959,2.633642432911128e-06,0.08678085667797374,0.00028257155989741333,25,10,20
44,1936,0.919280701404483,6.177575485143439e-07,0.08044064044657921,0.00027804039138991615,25,10,20
44,1937,0.9543876676281496,4.863434100351725e-07,0.04560362043986408,8.225588576931666e-06,25,10,20
44,1938,0.9196507854544851,1.3307045304996776e-06,0.08031277850705833,3.510533392622497e-05,25,10,20
44,1939,0.9383941972518809,9.01248684199334e-05,0.06144559692476851,7.008095493030273e-05,25,10,20
44,1940,0.8515785382808025,5.389522274967359e-07,0.13167744581872165,0.01674347694824887,25,10,20
44,1941,0.9169099632470946,5.010708134541765e-07,0.06648955116660589,0.016599984515486256,25,10,20
44,1942,0.868334762285736,1.068597893136233e-05,0.11500513456041922,0.01664941717491404,25,10,20
44,1943,0.9302785908747784,9.474261945696815e-06,0.06970424329751253,7.691565763457785e-06,25,10,20
44,1944,0.8926864406150223,8.663701606000948e-06,0.10728874987854034,1.614580483130378e-05,25,10,20
44,1945,0.9085291292516484,1.003602242001035e-06,0.09146615166660174,3.7154795076416284e-06,25,10,20
44,1946,0.8723739776002135,3.6914090831574596e-06,0.12761656673292157,5.764257781913775e-06,25,10,20
44,1947,0.8766094531203656,8.089034170391182e-07,0.12321492911771394,0.00017480885850404133,25,10,20
44,1948,0.9137938199281502,1.21382713146916e-05,0.08605661322524664,0.000137428575288976,25,10,20
44,1949,0.8732774490840564,1.2167714887324186e-05,0.12504195765790474,0.0016684255431520382,25,10,20
44,1950,0.9123268342257732,1.1509051219261547e-05,0.08604190043305836,0.0016197562899497523,25,10,20
44,1951,0.8836220790099256,1.625513910323115e-05,0.11626877753021247,9.288832075818806e-05,25,10,20
44,1952,0.8828514196647376,3.7849373651726506e-05,0.11643087573167517,0.0006798552299348986,25,10,20
44,1953,0.944598403672708,2.0088107213797327e-05,0.05502535881724836,0.00035614940282981925,25,10,20
44,1954,0.9384499072480278,4.893562893032858e-06,0.05990481296456933,0.0016403862245102571,25,10,20
44,1955,0.9200571658928289,4.938531573848179e-06,0.07134113848573573,0.008596757089861753,25,10,20
44,1956,0.9430245717602002,3.716652965591437e-07,0.049681792435610286,0.007293264138893069,25,10,20
44,1957,0.9150203494594433,1.2007634646635175e-05,0.07735473850507099,0.007612904400839446,25,10,20
44,1958,0.885646341401835,1.1675255087168494e-05,0.1044422435615347,0.009899739781542915,25,10,20
44,1959,0.8651053487519441,1.9269508241544216e-06,0.1348824126266021,1.0311670629760983e-05,25,10,20
44,1960,0.8897857479345683,7.690989024509787e-06,0.10964260826298325,0.0005639528134244494,25,10,20
44,1961,0.8911568034922805,7.530149455577357e-06,0.10828803219052789,0.0005476341677357016,25,10,20
44,1962,0.8515162941334269,1.6557054446250088e-05,0.14833294773166375,0.00013420108046430666,25,10,20
44,1963,0.9200550470830126,1.635693129007298e-05,0.07983770925791726,9.08867277801447e-05,25,10,20
44,1964,0.922643587649198,9.279830868925792e-06,0.07729621977626515,5.091274366786401e-05,25,10,20
44,1965,0.8845500921995066,4.7018483872594746e-05,0.11534885067650233,5.403864011890461e-05,25,10,20
44,1966,0.8413722016690707,4.700042601847111e-05,0.15852056838529674,6.022951961344768e-05,25,10,20
44,1967,0.8716934354605155,4.4096995184633085e-05,0.1281464187728279,0.00011604877147204397,25,10,20
44,1968,0.9420187474945717,1.435263924288712e-07,0.05796737121058685,1.3737768448926927e-05,25,10,20
44,1969,0.9318736287723719,5.3024374470489555e-05,0.03586205947700433,0.03221128737615321,25,10,20
44,1970,0.9143627742242542,1.8885217883829672e-06,0.021227863603999725,0.06440747364995808,25,10,20
44,1971,0.9256076184247146,2.221724158083457e-07,0.06216319916480404,0.01222896023806612,25,10,20
44,1972,0.9574775837676006,3.2249015008093715e-06,0.042363409125562385,0.00015578220533648586,25,10,20
44,1973,0.9650266346335549,1.3396176375783151e-06,0.03430560442035452,0.000666421328452644,25,10,20
44,1974,0.9588863351554217,1.1241937611717324e-06,0.04094829880301055,0.00016424184780634482,25,10,20
44,1975,0.9548939091393888,1.1659232604884134e-06,0.04492577638398635,0.00017914855336416787,25,10,20
44,1976,0.9055416452241335,6.900499590712305e-06,0.09408045678151364,0.0003709974947617328,25,10,20
44,1977,0.9481903995423022,2.3050437528605743e-06,0.05176418567925796,4.310973468670796e-05,25,10,20
44,1978,0.9607896619653549,6.448855302364257e-07,0.039163312282095984,4.6380867018755544e-05,25,10,20
44,1979,0.9255458121369561,7.90945837672984e-06,0.07443532200999962,1.095639466736361e-05,25,10,20
44,1980,0.9330204504300882,1.588523167992818e-05,0.06694738179835193,1.628253988072304e-05,25,10,20
44,1981,0.9771292226159077,8.103814213191163e-06,0.022857078496984245,5.5950728950205105e-06,25,10,20
44,1982,0.9242518674381344,8.95442372717289e-06,0.07570938085061452,2.979728752457055e-05,25,10,20
44,1983,0.9221360214347522,6.170101911434218e-07,0.07785457035559169,8.791199464670036e-06,25,10,20
44,1984,0.9455404304778411,1.0009682088836463e-06,0.05445722446382629,1.344090123619708e-06,25,10,20
44,1985,0.922055121478269,8.440112240139611e-07,0.0779417835781002,2.2509324069337106e-06,25,10,20
44,1986,0.9307306527124749,8.297234282475534e-07,0.0692666664375273,1.8511265697248693e-06,25,10,20
44,1987,0.9591791921767095,1.0405394915381046e-06,0.040808506225293854,1.1261058504708855e-05,25,10,20
44,1988,0.9629562256820132,1.02915141461464e-06,0.03697542002095298,6.732514561881457e-05,25,10,20
44,1989,0.9060479466110962,0.006015246017522696,0.0878197330435967,0.0001170743277840596,25,10,20
44,1990,0.9817419564753668,2.585467003678585e-06,0.01823260833873859,2.284971889093812e-05,25,10,20
44,1991,0.9692786759688957,1.694613855900645e-06,0.030718361279441716,1.2681378070533245e-06,25,10,20
44,1992,0.9442981740165406,1.7786362351276743e-05,0.05566298801381924,2.1051607288781568e-05,25,10,20
44,1993,0.9482955942178859,5.241380966728063e-07,0.051672669940270824,3.121170374665888e-05,25,10,20
44,1994,0.9198434973750197,7.786657731595182e-05,0.08007699598882588,1.6400588389157489e-06,25,10,20
44,1995,0.9395155915624879,5.002406989940143e-06,0.060477779776643474,1.6262538782588765e-06,25,10,20
44,1996,0.9344268865561834,8.346079458850045e-06,0.055540545827565485,0.010024221536792038,25,10,20
44,1997,0.9144817740810433,0.000503306858765481,0.08481884906527012,0.0001960699949213145,25,10,20
44,1998,0.929743894055756,2.6653931446582506e-05,0.07005806199723537,0.00017139001556215315,25,10,20
44,1999,0.9334089364477287,0.0011523682158922992,0.06540744351827162,3.1251818106918164e-05,25,10,20
44,2000,0.9198545962945244,0.001128016078932948,0.07750116134159554,0.0015162262849468724,25,10,20
44,2001,0.8420020319429227,7.369320796444665e-07,0.15241638780065925,0.005580843324338343,25,10,20
44,2002,0.8218965539860607,0.0003347375407125542,0.17776472595722959,3.98251599843622e-06,25,10,20
44,2003,0.8140704484614514,0.00192203531736133,0.1839934229163177,1.409330486972508e-05,25,10,20
44,2004,0.826351912427823,0.00010889271119628844,0.17346710888643962,7.208597454156683e-05,25,10,20
44,2005,0.8814603822422766,3.258568083183538e-05,0.11842522047721715,8.181159967462073e-05,25,10,20
44,2006,0.8940369899370911,3.3513456478763285e-06,0.10561111243513527,0.00034854628212575926,25,10,20
44,2007,0.9198072794650258,5.606991206811213e-07,0.08017987888983832,1.2280946015832601e-05,25,10,20
44,2008,0.9597109625734221,1.0066713665899762e-06,0.039567421641294606,0.0007206091139162757,25,10,20
44,2009,0.9415243821637174,8.062876620309242e-05,0.05837694978093128,1.8039289148189646e-05,25,10,20
44,2010,0.8648988596103611,3.4139278885819917e-06,0.13464528375414772,0.0004524427076032885,25,10,20
44,2011,0.8585652344008732,2.520730576178931e-06,0.1409724150847505,0.00045982978380019346,25,10,20
44,2012,0.8868480001895911,5.641744420655602e-06,0.11203687271168715,0.0011094853543004194,25,10,20
44,2013,0.937283060599472,7.604239771800829e-06,0.06162658448254806,0.0010827506782079977,25,10,20
44,2014,0.9153228312671754,5.849865703133372e-06,0.08357921640232004,0.0010921024648015247,25,10,20
44,2015,0.9039346994254597,6.382303640411993e-05,0.09597734573035085,2.4131807784328214e-05,25,10,20
44,2016,0.8725108323772472,6.385849369032599e-05,0.11685213007014308,0.010573179058919649,25,10,20
44,2017,0.8953000530332984,6.48650942589011e-05,0.10459774850324571,3.733336919660467e-05,25,10,20
44,2018,0.869910720052305,1.653394987118236e-06,0.10574980801153368,0.024337818541173645,25,10,20
44,2019,0.9072795297913953,1.385682116574564e-06,0.0792700193242051,0.013449065202283554,25,10,20
44,2020,0.8679508912080691,6.812031665557203e-07,0.11909233771283512,0.01295608987592939,25,10,20
44,2021,0.8871332341889264,2.1543820771593163e-07,0.11201777023188818,0.0008487801409774925,25,10,20
44,2022,0.8808495939058845,1.0360217403896784e-05,0.11866920338713735,0.0004708424895743975,25,10,20
44,2023,0.8582865365664197,7.904899528266975e-06,0.1415529259779901,0.00015263255606163607,25,10,20
44,2024,0.869242999469051,2.0387953249810554e-06,0.1301719273500928,0.0005830343855304907,25,10,20
44,2025,0.788840542294126,0.00014460087489793493,0.206958040828499,0.004056816002474714,25,10,20
44,2026,0.9235607977925162,1.7073472165645906e-06,0.07415563669258644,0.0022818581676807546,25,10,20
44,2027,0.8524899757052747,1.2349184577129004e-06,0.14750141222987284,7.377146394063391e-06,25,10,20
44,2028,0.9108594027960979,6.464828065323842e-06,0.08910923976893642,2.489260690090028e-05,25,10,20
44,2029,0.8495220498833704,2.820735458878838e-05,0.1503468036351064,0.0001029391269342495,25,10,20
44,2030,0.9182181680030864,9.749642660350847e-06,0.0816289726176362,0.00014310973661674185,25,10,20
44,2031,0.8809795312498224,2.146407389470471e-06,0.11892869986657731,8.962247621058896e-05,25,10,20
44,2032,0.91869876811408,1.0977902719505789e-05,0.07408737277822862,0.007202881204971638,25,10,20
44,2033,0.9049665636473345,1.7002569480039423e-05,0.08789292250322105,0.0071235112799645514,25,10,20
44,2034,0.9348544443698465,4.162896018121331e-06,0.06509429503772479,4.7097696410531876e-05,25,10,20
44,2035,0.9001740791895143,7.802451336160873e-05,0.09929432849269114,0.00045356780443154085,25,10,20
44,2036,0.9390337212784985,2.458037074822231e-06,0.06095971390003269,4.10678439398023e-06,25,10,20
44,2037,0.9497152451350547,1.0201321308475686e-06,0.05025050264773531,3.3232085078687046e-05,25,10,20
44,2038,0.9721514314303983,2.628096003407963e-07,0.027802378376124794,4.592738387675862e-05,25,10,20
44,2039,0.9728560017905612,3.242746223956247e-07,0.027105099765678625,3.8574169137455256e-05,25,10,20
44,2040,0.9747695327318684,2.3144531530467894e-07,0.025197553226439465,3.268259637658261e-05,25,10,20
44,2041,0.8681806863243017,8.310950658276173e-07,0.12591121898055274,0.005907263600078738,25,10,20
44,2042,0.9350216020316185,7.543884157044402e-07,0.0627355010100966,0.0022421425698685767,25,10,20
44,2043,0.9182089033688289,4.3591631808269705e-06,0.08160519185702317,0.00018154561096759127,25,10,20
44,2044,0.9332087155535577,5.233541314245685e-06,0.06651559193432956,0.0002704589707984127,25,10,20
44,2045,0.947618079610133,1.897376230796767e-06,0.05210295459138099,0.0002770684222555603,25,10,20
44,2046,0.9017620959787789,2.725281949014801e-06,0.09820056382869818,3.461491057378203e-05,25,10,20
44,2047,0.898937010450916,7.60959380681153e-06,0.10098415879250058,7.122116277660139e-05,25,10,20
44,2048,0.9156566243947941,7.2122220042007755e-06,0.08432162516105794,1.4538222142969523e-05,25,10,20
44,2049,0.9418090013726317,6.193945588007724e-06,0.058176277368731905,8.527313048844503e-06,25,10,20
44,2050,0.8860885293118546,1.219800350685826e-06,0.11379342581288172,0.00011682507491279624,25,10,20
44,2051,0.934067981235658,3.514230502184387e-07,0.06557608890438722,0.00035557843690496013,25,10,20
44,2052,0.9551703027541194,4.6717643605384395e-07,0.04446880166784178,0.00036042840160264067,25,10,20
44,2053,0.9733790411609209,6.852864209286994e-07,0.026611348702652943,8.924850005143822e-06,25,10,20
44,2054,0.9333663327469224,2.1979984216687748e-05,0.06660692548756593,4.7617812950496085e-06,25,10,20
44,2055,0.88249315979079,0.00010495241706417945,0.11739632194157121,5.565850575236565e-06,25,10,20
44,2056,0.9080372014646381,0.00010775424396851925,0.09185102528128607,4.019010107940391e-06,25,10,20
44,2057,0.9339390520946352,2.8704567774207757e-05,0.06602853011627972,3.7132213104977287e-06,25,10,20
44,2058,0.9575322401613923,6.441204128503761e-07,0.04246517314872915,1.9425694660720624e-06,25,10,20
44,2059,0.9538836071517551,6.218264186957164e-07,0.046112569528806456,3.201493019445208e-06,25,10,20
44,2060,0.9522688062654514,2.5385783240955703e-05,0.0476105952521089,9.521269919896268e-05,25,10,20
44,2061,0.9210778248479526,1.2208765477847497e-06,0.0788046429501048,0.00011631132539493931,25,10,20
44,2062,0.9485185228698718,8.949230647411653e-06,0.05119969335313364,0.0002728345463474268,25,10,20
44,2063,0.954106732659546,1.2550212447137485e-05,0.04587366415473153,7.052973275191319e-06,25,10,20
44,2064,0.9459705345212892,2.58822869480196e-07,0.05358863745943137,0.0004405691964106201,25,10,20
44,2065,0.9521091234607204,2.4638427620893848e-06,0.04787191761100342,1.6495085514357596e-05,25,10,20
44,2066,0.9757292135759462,3.3677363467041865e-07,0.024126802841831437,0.00014364680858728528,25,10,20
44,2067,0.9573651952741382,9.009749981031877e-07,0.04241815160177051,0.0002157521490929675,25,10,20
44,2068,0.9241602332018448,1.7427005527115936e-05,0.07507100639804223,0.0007513333945864462,25,10,20
44,2069,0.8891164624987056,1.7239571624014758e-06,0.11086880130046,1.3012243671465518e-05,25,10,20
44,2070,0.9023762216418879,5.08664344490042e-06,0.09759433269128795,2.4359023378757692e-05,25,10,20
44,2071,0.9383762562973536,5.115045118570579e-06,0.06159411366036388,2.451499716412754e-05,25,10,20
44,2072,0.9312134095184109,7.795977512201215e-06,0.06876580154239319,1.2992961684019704e-05,25,10,20
44,2073,0.9608679321298552,3.3959703403151e-06,0.03910504178326518,2.3630116539297366e-05,25,10,20
44,2074,0.927517810318239,2.219521034704507e-05,0.07244691965873243,1.307481268168932e-05,25,10,20
44,2075,0.929447616327798,5.154189897566832e-06,0.0704661567768527,8.107270545197032e-05,25,10,20
44,2076,0.8898098604693045,6.1557075936958716e-06,0.11012892467773178,5.50591453713331e-05,25,10,20
44,2077,0.9261846359897402,9.653747351814344e-06,0.07375312689383709,5.25833690710755e-05,25,10,20
44,2078,0.9634364638566467,4.787713377925104e-06,0.036534930528204036,2.381790177116254e-05,25,10,20
44,2079,0.9035283054357134,1.8432950788871047e-06,0.09646103996498472,8.811304223678185e-06,25,10,20
44,2080,0.8968104018137385,1.594212536038181e-06,0.10315352805309563,3.4475920629584636e-05,25,10,20
44,2081,0.8828280642668007,1.4752063170512034e-06,0.11705649800932218,0.00011396251756101575,25,10,20
44,2082,0.9152472653439386,7.177833347789657e-07,0.08473495163157263,1.7065241153892055e-05,25,10,20
44,2083,0.9312095782437934,1.12534994560729e-06,0.06874010313929955,4.919326696205156e-05,25,10,20
44,2084,0.8909082123000382,1.0142672493997765e-05,0.10905919119206418,2.2453835404000104e-05,25,10,20
44,2085,0.8887871324237578,4.166633724422351e-06,0.11106163986523625,0.00014706107728185418,25,10,20
44,2086,0.9033279372273726,1.0177868007183066e-06,0.09642393803135414,0.00024710695447248323,25,10,20
44,2087,0.8985129281499963,1.1899119693419251e-05,0.08658696090004278,0.014888211830266349,25,10,20
44,2088,0.8609804312234339,9.392023107103548e-07,0.13900924616753013,9.383406725146248e-06,25,10,20
44,2089,0.8985112813649553,5.403102839798408e-07,0.10147228565836766,1.5892666393211852e-05,25,10,20
44,2090,0.8009401688042256,0.00013509184548152322,0.19887377463955289,5.096471073916471e-05,25,10,20
44,2091,0.8488838037630194,5.415843692126735e-05,0.14961800256091687,0.0014440352391424825,25,10,20
44,2092,0.8913140676627003,5.368096796777721e-05,0.10853850956510663,9.374180422590928e-05,25,10,20
44,2093,0.9019327070753167,1.9198057705480796e-06,0.09752800305237364,0.0005373700665395141,25,10,20
44,2094,0.8744412470251003,1.2998719448973646e-06,0.12501037939594253,0.0005470737070122285,25,10,20
44,2095,0.9298058703387383,5.189610708147189e-06,0.0701711703454886,1.776970506536124e-05,25,10,20
44,2096,0.8983680321993414,9.110634908336773e-07,0.10143445044220238,0.00019660629496516795,25,10,20
44,2097,0.8435519160758672,1.1147143457551033e-06,0.15618865731572154,0.0002583118940656838,25,10,20
44,2098,0.8840936196582253,3.4899081645369054e-07,0.11587794167137618,2.8089679582493725e-05,25,10,20
44,2099,0.9563158455973756,7.310989406162577e-08,0.043514820421762294,0.00016926087096855543,25,10,20
44,2100,0.9397139324560816,7.272877345608383e-05,0.06019440194476051,1.8936825701478778e-05,25,10,20
44,2101,0.8662788276776924,2.969099070334254e-06,0.13361885717642497,9.934604681315691e-05,25,10,20
44,2102,0.8823463827052465,2.395008574473852e-06,0.11762790530802152,2.331697815764185e-05,25,10,20
44,2103,0.9141164492817369,2.7536523540878724e-07,0.08578620422015704,9.70711328703703e-05,25,10,20
44,2104,0.8623803550623679,2.764370888105594e-06,0.13713462422605224,0.00048225634069149967,25,10,20
44,2105,0.8858624662403314,2.7565436417117266e-06,0.11402045380793079,0.00011432340809458523,25,10,20
44,2106,0.9054778266267535,2.4933106775102022e-06,0.09450953679688393,1.0143265684919412e-05,25,10,20
44,2107,0.8935094255228351,1.975618250069322e-06,0.1062812918075767,0.00020730705133843692,25,10,20
44,2108,0.9157596214971487,1.912321741470253e-06,0.08399005117537502,0.0002484150057353789,25,10,20
44,2109,0.9279231884033856,1.8589378803852675e-06,0.07185904973637318,0.00021590292236087354,25,10,20
44,2110,0.8669789329455057,1.4814673159215951e-05,0.13279454995610204,0.0002117024252326631,25,10,20
44,2111,0.8474908183008221,8.085840937382339e-05,0.1520823825695491,0.00034594072025559956,25,10,20
44,2112,0.9020345132231156,1.190961016166633e-05,0.09754927441811408,0.0004043027486086579,25,10,20
44,2113,0.9175444455438004,4.881781256146396e-06,0.0823791319559166,7.154071902702273e-05,25,10,20
44,2114,0.8548070460766414,0.00041893495752569175,0.14466466682658094,0.00010935213925238757,25,10,20
44,2115,0.8640345674214204,0.00042649970732406965,0.1355174876245157,2.1445246738818205e-05,25,10,20
44,2116,0.8889358914838583,1.5597842812445538e-06,0.11090373472661114,0.0001588140052494196,25,10,20
44,2117,0.916681978933832,9.303478550062311e-06,0.08320449563908935,0.00010422194852869117,25,10,20
44,2118,0.9604776578814233,3.963650134036619e-06,0.03943372919729267,8.464927115012637e-05,25,10,20
44,2119,0.9144560000974836,3.8638011238043466e-07,0.073475543780425,0.012068069741978583,25,10,20
44,2120,0.9393250197569841,0.0004862200177799759,0.06011878320965689,6.997701557893938e-05,25,10,20
44,2121,0.9238420103714217,2.1766247789938512e-06,0.07614633371552337,9.4792882760182e-06,25,10,20
44,2122,0.9196860737249812,2.7096275511738487e-07,0.08028100883611128,3.2646476152109846e-05,25,10,20
44,2123,0.891869253398162,3.443836554400216e-07,0.108098860023083,3.1542195099934184e-05,25,10,20
44,2124,0.9221111398069155,1.8660129611044978e-05,0.07786934543880986,8.54624664200798e-07,25,10,20
44,2125,0.8745350650193968,1.8964073981650264e-05,0.12467295954469504,0.0007730113619259385,25,10,20
44,2126,0.8975172887679426,1.845866662070594e-05,0.10244587772880304,1.8374836633575953e-05,25,10,20
44,2127,0.9456187884144704,1.81911980044002e-05,0.05435960476324333,3.4156242813677896e-06,25,10,20
44,2128,0.9235037864436841,7.85546428413827e-06,0.07647821500828661,1.0143083745139259e-05,25,10,20
44,2129,0.9378642036601811,2.0361145011407776e-06,0.062122236498565145,1.1523726752220896e-05,25,10,20
44,2130,0.9317050556628866,1.742146515561025e-05,0.06827278919980734,4.733672150219874e-06,25,10,20
44,2131,0.9242973166303944,2.337846045381176e-05,0.07469717082713107,0.0009821340820208575,25,10,20
44,2132,0.8949282997620063,4.475274787347226e-06,0.09539167102801421,0.009675553935193353,25,10,20
44,2133,0.9253602811070865,4.684708606664646e-06,0.07368425050973686,0.0009507836745701682,25,10,20
44,2134,0.9631906524856008,5.251075209977991e-07,0.03584271066907514,0.0009661117378028932,25,10,20
44,2135,0.9004748188049062,1.7778530070781988e-06,0.09549291079391546,0.004030492548171162,25,10,20
44,2136,0.9251428379247687,3.20318157887367e-07,0.07459856083745811,0.0002582809196152616,25,10,20
44,2137,0.881331680491741,1.7887769585398119e-07,0.11861938922854319,4.8751402019834985e-05,25,10,20
44,2138,0.8504189662507762,6.246262648932938e-07,0.14946527064778922,0.0001151384751702405,25,10,20
44,2139,0.8940598770110805,1.3809011252115598e-06,0.10591207215856781,2.6669929225835985e-05,25,10,20
44,2140,0.9311252558398402,1.0133767451513213e-06,0.06885906976452878,1.466101888570504e-05,25,10,20
44,2141,0.8901307271594446,1.0544015823620717e-06,0.10985135986933907,1.685856963369512e-05,25,10,20
44,2142,0.9530125112590606,4.00342888725432e-06,0.04698083827728376,2.647034767973542e-06,25,10,20
44,2143,0.942511930144174,4.264051053191959e-07,0.05453966417920855,0.0029479792715118654,25,10,20
44,2144,0.8788684214764185,3.5124272880119895e-07,0.12070219058866764,0.00042903669218521804,25,10,20
44,2145,0.8591432937930757,1.2962271305830394e-06,0.1408258555944473,2.955438534656237e-05,25,10,20
44,2146,0.8720395710313825,2.041184068262299e-05,0.12791325054793715,2.6766579998666256e-05,25,10,20
44,2147,0.894689904877239,2.6234616191729894e-05,0.10525062350386133,3.323700270849291e-05,25,10,20
44,2148,0.8686133952350972,3.67847231365768e-05,0.13104705842862835,0.00030276161313736404,25,10,20
44,2149,0.8680456356789318,3.080264123213774e-05,0.1318814557209716,4.210595886464892e-05,25,10,20
44,2150,0.8898941475502931,1.4745955886067916e-05,0.07102272134771753,0.03906838514610298,25,10,20
44,2151,0.8510811179104333,4.361543606301126e-07,0.1098541777661039,0.03906426816910227,25,10,20
44,2152,0.9297235454725089,1.6558040735930018e-06,0.035097377903574804,0.03517742081984285,25,10,20
44,2153,0.9030348883036463,1.7936986716872836e-06,0.06990275532893514,0.02706056266874731,25,10,20
44,2154,0.9059741205064288,2.1243042110891657e-06,0.05457728779784867,0.03944646739151136,25,10,20
44,2155,0.9206720500430211,9.285474257224558e-07,0.03989650804035924,0.03943051336919403,25,10,20
44,2156,0.9109797896091217,2.126974609766081e-06,0.06019232799197173,0.02882575542429679,25,10,20
44,2157,0.9075798868376479,2.8934745362335363e-07,0.06359594121029578,0.028823882604603116,25,10,20
44,2158,0.8985142910855601,1.6505480712828768e-05,0.0725411832846461,0.028928020149081024,25,10,20
44,2159,0.9112058628261657,9.935580169551386e-07,0.060902918372554266,0.02789022524326311,25,10,20
44,2160,0.8847318817242775,2.711922551463715e-06,0.07487944876077086,0.040385957592399796,25,10,20
44,2161,0.8840742609881858,2.571472658495711e-06,0.0773218696271354,0.038601297912019904,25,10,20
44,2162,0.8598670308508849,4.661248653096194e-06,0.10134800224336646,0.038780305657095754,25,10,20
44,2163,0.8644593724541093,4.274626982734148e-06,0.12924453048615336,0.0062918224327552985,25,10,20
44,2164,0.8482681626250348,4.243189247001965e-06,0.1480959582379276,0.0036316359477907545,25,10,20
44,2165,0.8337352731883177,6.934538162876204e-06,0.16624955192868576,8.240344833886864e-06,25,10,20
44,2166,0.9124555187126754,3.051663517432312e-06,0.08753602526619918,5.404357607622748e-06,25,10,20
44,2167,0.940161321238954,3.1214795885968505e-06,0.059829605213010915,5.9520684464932055e-06,25,10,20
44,2168,0.911597512491603,2.433610124047474e-06,0.08836795253343903,3.210136483405986e-05,25,10,20
44,2169,0.9467741488222576,0.00014460799298199862,0.05304741058268109,3.3832602079403136e-05,25,10,20
44,2170,0.9475506776027445,4.649038771931882e-06,0.052398145088946135,4.652826953743401e-05,25,10,20
44,2171,0.9447950791090415,4.782310131875938e-06,0.055167736758818815,3.2401822007853526e-05,25,10,20
44,2172,0.9183850775227468,8.791472461759214e-07,0.08135221342121071,0.0002618299087961998,25,10,20
44,2173,0.9258681514519239,3.0086324433104107e-05,0.07380944040334507,0.0002923218202980161,25,10,20
44,2174,0.8853472029209847,6.062767690942216e-05,0.11365410880953739,0.0009380605925690653,25,10,20
44,2175,0.9446316249174737,7.43110548217913e-07,0.05535012017327845,1.7511798699217975e-05,25,10,20
44,2176,0.9661912323473917,1.7207264622215901e-06,0.03377318169183869,3.386523430747802e-05,25,10,20
44,2177,0.8987043033917341,4.167409140025624e-06,0.10124895313104626,4.257606808006912e-05,25,10,20
44,2178,0.8916559561097523,8.186265309113426e-06,0.10804159429851293,0.00029426332642464557,25,10,20
44,2179,0.8812726492685645,8.956681464079452e-06,0.11840697739814647,0.000311416651824461,25,10,20
44,2180,0.9535990914871877,9.82740805276964e-06,0.04626749897789982,0.00012358212685979907,25,10,20
44,2181,0.9536828657228026,7.168363175270646e-07,0.04631087284753974,5.544593339854183e-06,25,10,20
44,2182,0.9489351686743102,4.3946317968232483e-07,0.051037770667741775,2.662119476760977e-05,25,10,20
44,2183,0.9155163509109551,1.9395624736699994e-07,0.08446590116711881,1.7553965678769e-05,25,10,20
44,2184,0.9456802745961287,3.082986919959013e-07,0.05424565516096805,7.37619442107642e-05,25,10,20
44,2185,0.9384660508475612,2.757174864070017e-05,0.06146273400794282,4.36433958556454e-05,25,10,20
44,2186,0.9196651903794519,1.9697522744738824e-06,0.08024771072875429,8.512913952005483e-05,25,10,20
44,2187,0.9296897682457507,1.917412378747131e-06,0.07011059070858047,0.00019772363329031108,25,10,20
44,2188,0.9180091934528339,7.7012258872118e-06,0.08179001289747619,0.0001930924238022421,25,10,20
44,2189,0.9394142192380006,3.0781314695835586e-06,0.06051281757763553,6.988505289370667e-05,25,10,20
44,2190,0.9115368025625871,8.057944673189623e-06,0.08820587143620594,0.000249268056533839,25,10,20
44,2191,0.9232464102088278,4.803723511676345e-06,0.0767174061797361,3.137988792459712e-05,25,10,20
44,2192,0.9488819653917294,2.14958954397709e-06,0.051112169990995646,3.7150277307362872e-06,25,10,20
44,2193,0.9390953038118975,1.7695000333782192e-06,0.060772049473891226,0.00013087721417791239,25,10,20
44,2194,0.9499909069413219,6.618746109200069e-07,0.04818801652165753,0.0018204146624098993,25,10,20
44,2195,0.9391010768922814,2.562283492188939e-05,0.059052470113992096,0.0018208301588050493,25,10,20
44,2196,0.9503090171734675,7.004912127158316e-07,0.04786969980678422,0.0018205825285357705,25,10,20
44,2197,0.9371078443938312,1.0253485976653136e-06,0.06288838195534313,2.748302228001094e-06,25,10,20
44,2198,0.9613071157947786,3.75043146905339e-07,0.038685293460551134,7.21570152365993e-06,25,10,20
44,2199,0.9331208111553407,1.3948485362963193e-06,0.06678626541711162,9.152857901121715e-05,25,10,20
44,2200,0.9005073650930138,2.2630301272389745e-05,0.09944616930909898,2.3835296615099647e-05,25,10,20
44,2201,0.9070561052337923,0.00010013277934180803,0.0928010668170268,4.269516983873098e-05,25,10,20
44,2202,0.8333005894451655,0.00010074546761036578,0.1663616597939243,0.00023700529329902717,25,10,20
44,2203,0.8809348202981501,0.00010113963106444123,0.11873008174914643,0.00023395832163869735,25,10,20
44,2204,0.9586812444785928,7.390622210262192e-07,0.04092076369756802,0.0003972527616179033,25,10,20
44,2205,0.9521543629703173,5.597422393932729e-06,0.04771463640204018,0.0001254032052485258,25,10,20
44,2206,0.9288440923935471,3.3425295149255086e-05,0.06437481334100756,0.006747668970296122,25,10,20
44,2207,0.9204608091168939,4.2547475083869954e-05,0.0791008541509345,0.0003957892570880246,25,10,20
44,2208,0.9308513894836097,9.969394842859443e-06,0.06910376741564508,3.487370590340336e-05,25,10,20
44,2209,0.913993234073396,6.374638345151167e-05,0.08592762062542185,1.5398917730733242e-05,25,10,20
44,2210,0.944997505662609,1.457959369266175e-07,0.054386409265143536,0.0006159392763106764,25,10,20
44,2211,0.8664257946684515,0.0003897114324717992,0.13256198610133998,0.0006225077977364709,25,10,20
44,2212,0.883373468916044,3.946915520038151e-05,0.11614934909769792,0.00043771283105677823,25,10,20
44,2213,0.8899451254120794,9.83967438340296e-05,0.1079930730081056,0.001963404835981056,25,10,20
44,2214,0.9051357958997719,1.3333650026815552e-06,0.09437783825657388,0.0004850324786515666,25,10,20
44,2215,0.8790918286342676,1.0342159595831948e-06,0.12084582359048125,6.131355929188792e-05,25,10,20
44,2216,0.9137757130514583,5.121484227657644e-07,0.08613742555683229,8.634924328680788e-05,25,10,20
44,2217,0.952113850343398,1.7268634617710654e-06,0.047819341326225645,6.508146691410614e-05,25,10,20
44,2218,0.9047959168893435,5.795996191953638e-05,0.09490924923553001,0.00023687391320678186,25,10,20
44,2219,0.9222532142415709,3.2130662778173137e-06,0.07771780375761665,2.576893453412937e-05,25,10,20
44,2220,0.8445035930018442,3.225850356401107e-05,0.1440133392997347,0.011450809194856802,25,10,20
44,2221,0.8914723155281823,9.187524641890938e-06,0.06883160697344218,0.03968688997373332,25,10,20
44,2222,0.8078221711511013,9.092148463593025e-06,0.15251954691972103,0.03964918978071247,25,10,20
44,2223,0.8551832294802731,8.77883742763167e-06,0.10506299639902573,0.03974499528327203,25,10,20
44,2224,0.8885390601347665,8.074289901523247e-06,0.08705119846191973,0.024401667113411823,25,10,20
44,2225,0.8960237191904845,8.762120198499105e-06,0.07958708850412387,0.024380430185192897,25,10,20
44,2226,0.8402008857531804,9.822187838132022e-06,0.1300486489018024,0.029740643157178795,25,10,20
44,2227,0.9061959134016355,0.0002358553044073468,0.06387845636020835,0.02968977493374955,25,10,20
44,2228,0.8596009364443346,0.00023610492013943215,0.10062243816578624,0.03954052046974,25,10,20
44,2229,0.9042975926334745,0.00010451299018719892,0.056046995948841126,0.03955089842749696,25,10,20
44,2230,0.8639900883769512,1.386774158948444e-05,0.10033997951355557,0.03565606436790358,25,10,20
44,2231,0.8937383300457935,6.284279587028771e-07,0.0671991286932431,0.03906191283300451,25,10,20
44,2232,0.9127686192228311,5.00819088292095e-07,0.04782325244047523,0.039407627517604765,25,10,20
44,2233,0.9340647752194714,3.291996756097609e-05,0.0658625516019666,3.975321100124591e-05,25,10,20
44,2234,0.9698605874081092,1.4170285106232452e-06,0.02999799761587986,0.0001399979475003764,25,10,20
44,2235,0.9411081760061747,9.426023843354586e-07,0.05888410207868691,6.779312754513097e-06,25,10,20
44,2236,0.9229440345400984,7.393506818479978e-07,0.0769621349066032,9.309120261624164e-05,25,10,20
44,2237,0.9126466162860865,3.1308977533864096e-05,0.08722974505653737,9.232967984168348e-05,25,10,20
44,2238,0.919696383110486,0.00023770994629689022,0.0799918460168592,7.40609263578442e-05,25,10,20
44,2239,0.9346039603535244,1.8731862555585773e-06,0.06532362349672023,7.054296349931864e-05,25,10,20
44,2240,0.8834655594251732,1.3184377798529525e-06,0.11525990660728593,0.0012732155297620826,25,10,20
44,2241,0.9490618625956554,2.0899076826938895e-05,0.050875707475314204,4.153085220318786e-05,25,10,20
44,2242,0.8966893370221379,1.1039999439838682e-05,0.10278722232368137,0.0005124006547409769,25,10,20
44,2243,0.9161682857597147,6.923418003952251e-07,0.08382241224853593,8.609649948468921e-06,25,10,20
44,2244,0.8226308749726005,0.00036947681525979927,0.17699131162710224,8.336585037281304e-06,25,10,20
44,2245,0.8258513873911704,0.0003685579394641679,0.17377367026782442,6.3844015417443215e-06,25,10,20
44,2246,0.8572141699678003,5.526028352326488e-06,0.14272883379054935,5.1470213299648384e-05,25,10,20
44,2247,0.9050809546738199,1.2879203058069823e-06,0.094648083193959,0.00026967421191532304,25,10,20
44,2248,0.9040170443510752,1.073752525529558e-06,0.09596626207191253,1.561982448639112e-05,25,10,20
44,2249,0.8817226255722836,7.762635054251225e-05,0.11775118491541636,0.00044856316175682123,25,10,20
44,2250,0.9151965835860295,7.934554294162819e-05,0.0847068358239534,1.723504707495968e-05,25,10,20
44,2251,0.8611424188418646,7.697777924661655e-05,0.1334617319045559,0.005318871474333055,25,10,20
44,2252,0.8500466135528225,3.2467318542511456e-06,0.14960042419738728,0.00034971551793624674,25,10,20
44,2253,0.9150107942012583,2.458842102733766e-06,0.08496853793038993,1.8209026249051633e-05,25,10,20
44,2254,0.9263604925334785,8.475880301687564e-07,0.0735868929512799,5.176692721077985e-05,25,10,20
44,2255,0.8936875857920324,1.7113359938411027e-05,0.10623580835698157,5.949249104759355e-05,25,10,20
44,2256,0.9165940698448142,8.441052203379124e-07,0.08324852667777068,0.00015655937219469002,25,10,20
44,2257,0.8582406139455852,4.203610039255279e-05,0.14165258590076993,6.476405325213745e-05,25,10,20
44,2258,0.9075075751476936,4.297023729651483e-05,0.09237139335327377,7.806126173626356e-05,25,10,20
44,2259,0.8665854110206288,4.912262914252063e-05,0.13332035137608744,4.511497414243257e-05,25,10,20
44,2260,0.9224631080859992,4.776184169651506e-05,0.07741593008493612,7.319998736788636e-05,25,10,20
44,2261,0.8955310948599915,1.4100924710265236e-05,0.10441116852092314,4.363569437531389e-05,25,10,20
44,2262,0.8953480502461005,1.4586064740845091e-05,0.10456623617288786,7.112751627105095e-05,25,10,20
44,2263,0.8693331321594456,9.662114308179875e-06,0.1306383975295426,1.8808196703211645e-05,25,10,20
44,2264,0.9232719659521639,1.0570378240381207e-05,0.07648945189180588,0.00022801177778974935,25,10,20
44,2265,0.9425404157184137,3.967571958016835e-05,0.057357182997085594,6.272556492065632e-05,25,10,20
44,2266,0.9226735934686683,1.0649691490744734e-06,0.07728499669956708,4.0344862615873295e-05,25,10,20
44,2267,0.9273798937997103,3.0877400927000078e-06,0.07260043852014852,1.657994004802617e-05,25,10,20
44,2268,0.9098495511466846,9.227691967719053e-07,0.09012182813814022,2.7697945978196458e-05,25,10,20
44,2269,0.9419942259946462,3.168870763200848e-07,0.05800110657597016,4.350542306710148e-06,25,10,20
44,2270,0.9376161711703962,4.927925278340874e-06,0.06234873098075662,3.0169923568720052e-05,25,10,20
44,2271,0.9307222568510474,4.213116633906709e-07,0.06689683792412918,0.0023804839131597714,25,10,20
44,2272,0.9325990203095196,4.7809011996309015e-06,0.06732483070572715,7.136808355360868e-05,25,10,20
44,2273,0.9326014502234101,9.052703859254911e-06,0.06738270928463751,6.787788092981987e-06,25,10,20
44,2274,0.9281603666380636,0.0001409942215512761,0.07159986857669509,9.877056369009919e-05,25,10,20
44,2275,0.9436915253570908,1.3836862738725386e-06,0.056233814091415486,7.327686521955806e-05,25,10,20
44,2276,0.9401478716417984,4.7363084375674207e-07,0.05984128947171588,1.036525564271812e-05,25,10,20
44,2277,0.9058561315515474,8.666678632114252e-05,0.09395207637253829,0.00010512528959322376,25,10,20
44,2278,0.9194221551937999,4.036571433513993e-05,0.08045517356557857,8.230552628636925e-05,25,10,20
44,2279,0.9657772532781338,4.504919823707042e-07,0.03402313842506489,0.0001991578048185582,25,10,20
44,2280,0.9694324822412926,4.451642536181351e-07,0.030278157895674198,0.00028891469877933385,25,10,20
44,2281,0.9574146403587462,4.251059429555243e-07,0.042498756816851085,8.617771845918268e-05,25,10,20
44,2282,0.9516163101590885,2.3544050951069983e-06,0.04831437759297534,6.695784284146447e-05,25,10,20
44,2283,0.9292977333218206,6.851991254152323e-07,0.07067882805762721,2.275342142714084e-05,25,10,20
44,2284,0.9149694482550065,2.447278436203998e-05,0.0850032832407665,2.7957198652428453e-06,25,10,20
44,2285,0.9383229707167365,2.435163210400791e-05,0.06163874257147068,1.3935079688857656e-05,25,10,20
44,2286,0.9691728322983069,1.0544838984112026e-05,0.030790863497505386,2.575936520342764e-05,25,10,20
44,2287,0.9327755111757398,6.671490308299434e-06,0.06683558004705946,0.00038223728689234344,25,10,20
44,2288,0.9083960430878144,0.0018134319475222266,0.08933867899457465,0.00045184597008868644,25,10,20
44,2289,0.8989851383005778,0.0018157174009590816,0.09879073838449752,0.00040840591396491393,25,10,20
44,2290,0.866369429927627,0.0018120361048747336,0.13139586342161422,0.000422670545884258,25,10,20
44,2291,0.8413212870463217,0.0018116746283342456,0.15685080165057677,1.6236674766697492e-05,25,10,20
44,2292,0.8956901913417661,4.660478166438984e-06,0.10421906650013112,8.608167993731349e-05,25,10,20
44,2293,0.9127296554909186,3.0474949332578578e-06,0.08717693986339149,9.035715075696674e-05,25,10,20
44,2294,0.8781462500343395,1.5275456317099638e-05,0.10905350395774542,0.012784970551598763,25,10,20
44,2295,0.8628184187558041,4.018708608504748e-05,0.13701569036421676,0.0001257037938947668,25,10,20
44,2296,0.8748955680810292,4.038056281974544e-05,0.12450481090357025,0.0005592404525812189,25,10,20
44,2297,0.938814647943027,1.0843284879133343e-06,0.060631276762520454,0.0005529909659650591,25,10,20
44,2298,0.929230795111212,1.371218221115745e-06,0.07072096363729902,4.687003326779141e-05,25,10,20
44,2299,0.9039527507796332,2.059703964229304e-06,0.0960426659203161,2.5235960869964727e-06,25,10,20
44,2300,0.8913224982507926,3.117765167839523e-06,0.10866544524244227,8.938741596779088e-06,25,10,20
44,2301,0.9131022676613899,1.2940390588373222e-06,0.08689359930350812,2.8389960427333574e-06,25,10,20
44,2302,0.8571866308953282,8.084727195334644e-07,0.1427659839382154,4.657669373694503e-05,25,10,20
44,2303,0.9157211466018643,7.775549797375916e-07,0.08424208935652679,3.598648662942721e-05,25,10,20
44,2304,0.9285670141315109,2.0498461543066303e-06,0.07140205722442321,2.8878797911375353e-05,25,10,20
44,2305,0.9123711450354007,1.954524772189375e-05,0.08759846963627765,1.0840080600732422e-05,25,10,20
44,2306,0.9026286975989015,2.0448893071043873e-05,0.07439114860707426,0.022959704900953018,25,10,20
44,2307,0.889164363103281,2.135154859491546e-06,0.08787496899795288,0.022958532743905812,25,10,20
44,2308,0.8990065135296887,1.310583937375096e-06,0.07907555904034866,0.021916616846024722,25,10,20
44,2309,0.8574693877368951,1.594345392285654e-06,0.11761093742372516,0.024918080493986902,25,10,20
44,2310,0.9190764533773279,1.2664139725247097e-06,0.057842108096316965,0.023080172112382953,25,10,20
44,2311,0.8782450476288852,5.842476740792671e-05,0.11323960266718158,0.008456924936524855,25,10,20
44,2312,0.8935654555690447,4.133110912134405e-05,0.1062921489019345,0.00010106441989937992,25,10,20
44,2313,0.8827060471177703,8.055043501565974e-07,0.1169900477438195,0.00030309963405970863,25,10,20
44,2314,0.846493754148018,4.351412708329708e-05,0.15326263270626872,0.00020009901863022,25,10,20
44,2315,0.8747391081490068,6.764261941178784e-06,0.12509850736649286,0.00015562022255908843,25,10,20
44,2316,0.949516629207248,6.813473649550755e-07,0.05032598000086112,0.0001567094445256326,25,10,20
44,2317,0.8892146153063348,7.669844247608267e-06,0.11059093876774387,0.00018677608167340186,25,10,20
44,2318,0.8393283538824295,0.00026220137077874505,0.15733681861608825,0.0030726261307034825,25,10,20
44,2319,0.9250736176615726,0.00026222788902629303,0.07444288965118616,0.0002212647982151392,25,10,20
44,2320,0.950617881529123,1.8753634260898714e-06,0.049358088459026214,2.2154648425479314e-05,25,10,20
44,2321,0.9352414732829165,8.275888909017773e-07,0.0645534848118005,0.0002042143163918387,25,10,20
44,2322,0.9453384096377171,6.994477959662734e-07,0.05465057183090319,1.0319083583971808e-05,25,10,20
44,2323,0.9851727757817274,6.174399127008562e-07,0.014818580988208043,8.02579015185025e-06,25,10,20
44,2324,0.9694147839512638,9.319580565035643e-06,0.03025104582845296,0.00032485063971789526,25,10,20
44,2325,0.9180039326854973,8.1570777887111e-06,0.08092557671684171,0.0010623335198732767,25,10,20
44,2326,0.9168719918495647,8.787963116536216e-07,0.08301010997687913,0.00011701937724500495,25,10,20
44,2327,0.8823110757948036,6.793583715467288e-06,0.11566074817100379,0.0020213824504770857,25,10,20
44,2328,0.9045712898835724,2.2018483208963012e-06,0.09542028115059048,6.2271175160939805e-06,25,10,20
44,2329,0.8339307493433884,5.033800944099201e-06,0.1660127926133034,5.142424236307729e-05,25,10,20
44,2330,0.8844946476641924,4.125169997385177e-06,0.11549867474183588,2.5524239744891914e-06,25,10,20
44,2331,0.8684495630820405,2.638267473632045e-05,0.13141741365550802,0.0001066405877147014,25,10,20
44,2332,0.8333567025476535,2.6879272391708877e-05,0.16405534714438094,0.002561071035573859,25,10,20
44,2333,0.9321164325941156,2.829153691049555e-06,0.06644749383686518,0.0014332444153283314,25,10,20
44,2334,0.9362915637891801,4.2702593709600096e-06,0.06359305837822328,0.0001111075732253612,25,10,20
44,2335,0.9037857127921004,4.520155153919012e-06,0.0961898300888258,1.9936963919456244e-05,25,10,20
44,2336,0.9271427036686113,3.7694199448587154e-06,0.07282999754900792,2.3529362436260892e-05,25,10,20
44,2337,0.9204501063460799,4.991085961834571e-05,0.07949648924306846,3.493551232777583e-06,25,10,20
44,2338,0.919397537959832,5.1721285185563375e-06,0.08055821521349961,3.907469814861321e-05,25,10,20
44,2339,0.8932562076546593,6.405063870751789e-06,0.10672463718506829,1.2750096401604776e-05,25,10,20
44,2340,0.9112676888121554,7.786803002416859e-07,0.08861367759874156,0.00011785490880314033,25,10,20
44,2341,0.8942017591427228,1.3826733943996545e-06,0.10577449176637382,2.236641750939627e-05,25,10,20
44,2342,0.8996856544570606,2.8076280911134073e-05,0.10023829915016241,4.797011186657618e-05,25,10,20
44,2343,0.9417377043477165,3.186145945043535e-07,0.05825573769796422,6.239339724536335e-06,25,10,20
44,2344,0.9433992873550694,6.8349386940644655e-06,0.05658617680988675,7.700896350050862e-06,25,10,20
44,2345,0.9237955572825824,7.435571221552821e-06,0.07619146274218198,5.544404014160131e-06,25,10,20
44,2346,0.969179456548992,1.1507739693866407e-06,0.03081705468822398,2.3379888146425234e-06,25,10,20
44,2347,0.925066942271765,1.4799773881995844e-06,0.07492790545143584,3.6722994111624783e-06,25,10,20
44,2348,0.9884797165092059,5.412119962971243e-07,0.011482022792554223,3.7719486243304724e-05,25,10,20
44,2349,0.9483724960527689,1.3945628944018195e-05,0.05159328632336321,2.0271994923367352e-05,25,10,20
44,2350,0.8896513448981221,2.736498554440585e-06,0.11020163136247182,0.0001442872408515679,25,10,20
44,2351,0.8888875371304907,1.7936187902094287e-05,0.11093161880464836,0.00016290787695893595,25,10,20
44,2352,0.8907495322387016,1.0063515054792266e-05,0.09424297526244267,0.01499742898380098,25,10,20
44,2353,0.8329129849987834,2.5952498239602833e-05,0.15206061453714942,0.015000447965828636,25,10,20
44,2354,0.9043715374845068,4.476293829145641e-06,0.080656631732432,0.014967354489232391,25,10,20
44,2355,0.8773834422196124,1.952026331976181e-06,0.09213575229525434,0.030478853458799863,25,10,20
44,2356,0.90218655109734,6.908961303428595e-07,0.06733457541332956,0.03047818259319983,25,10,20
44,2357,0.865647213692325,8.065554496666589e-07,0.09301337642006192,0.04133860333216365,25,10,20
44,2358,0.8967378187225272,6.249740744538944e-07,0.0637225885758692,0.03953896772752916,25,10,20
44,2359,0.9056435870083449,1.3649784386801679e-06,0.054484870349642334,0.03987017766357356,25,10,20
44,2360,0.9105672360029259,7.239440586519588e-07,0.04990064906776964,0.03953139098524512,25,10,20
44,2361,0.9181607026703982,8.224707104307936e-08,0.04227866491192407,0.039560550170606994,25,10,20
44,2362,0.9251316255935665,8.716909820678993e-06,0.03520831809375045,0.039651339402862494,25,10,20
44,2363,0.9345149279989259,9.136357824778968e-06,0.04104095593437476,0.024434979708874573,25,10,20
44,2364,0.9294490792218197,1.401374611402137e-06,0.04621827288015951,0.02433124652340871,25,10,20
44,2365,0.8967754057153647,1.18377749089307e-06,0.10297978334890309,0.00024362715824199959,25,10,20
44,2366,0.9208955758739887,1.7762033710882849e-06,0.07906934368482975,3.330423781020798e-05,25,10,20
44,2367,0.9382832008962448,2.191265143131164e-06,0.061686349786781294,2.8258051830698058e-05,25,10,20
44,2368,0.859965940658373,3.551302489921144e-05,0.13837882560376746,0.0016197207129595645,25,10,20
44,2369,0.8991203685776311,3.7340663068137817e-06,0.10078523946454021,9.065789152202249e-05,25,10,20
44,2370,0.9267142700080175,3.1016588750851877e-06,0.07230330201787993,0.0009793263152272416,25,10,20
44,2371,0.9219888995478266,1.43300118682782e-06,0.07783515693368516,0.0001745105173014544,25,10,20
44,2372,0.9572343712284345,1.200004945443315e-07,0.04276187934060667,3.6294304640913393e-06,25,10,20
44,2373,0.9429925633676696,2.487050461016698e-06,0.056960745153271514,4.420442859817736e-05,25,10,20
44,2374,0.9620079904436766,3.0799613213194076e-06,0.03798035566844621,8.573926555800632e-06,25,10,20
44,2375,0.9193750733218269,1.6274034275745498e-05,0.08043075978449704,0.00017789285940088024,25,10,20
44,2376,0.9647003008854956,2.272301378438519e-06,0.03529618777171989,1.2390414055238578e-06,25,10,20
44,2377,0.8940055086306473,1.2063906803027153e-05,0.10596554279874393,1.6884663805253135e-05,25,10,20
44,2378,0.8692387679666403,1.0511962610830908e-05,0.1307290556204617,2.166445028778204e-05,25,10,20
44,2379,0.9345344422036058,1.7727571880139186e-05,0.0653717307237364,7.60995007776197e-05,25,10,20
44,2380,0.9403347458094033,1.1952421368814244e-07,0.059622094755123915,4.303991125927277e-05,25,10,20
44,2381,0.9371082509937643,2.8407204453038245e-06,0.06252868964242904,0.0003602186433614814,25,10,20
44,2382,0.9092551239835204,2.953729125094919e-05,0.08972114218685634,0.0009941965383723516,25,10,20
44,2383,0.8086602999348755,4.528606712818711e-06,0.19044579207758405,0.0008893793808272999,25,10,20
44,2384,0.8546693014793734,9.811389469454307e-06,0.14493597101969655,0.00038491611145992637,25,10,20
44,2385,0.876742955332525,6.74267804663415e-06,0.12287303128857546,0.00037727070085181855,25,10,20
44,2386,0.8695218162896636,4.26478148504224e-06,0.13035130428818234,0.00012261464066940197,25,10,20
44,2387,0.9363282127557419,4.630600521235928e-05,0.06359417414794201,3.130709110355078e-05,25,10,20
44,2388,0.9259993043938273,4.986988108932725e-05,0.07389940590367554,5.141982140806795e-05,25,10,20
44,2389,0.9240026278965581,4.906658131482451e-05,0.07592410562630231,2.4199895824348756e-05,25,10,20
44,2390,0.9581314935748664,4.827885083897982e-05,0.04180273884740026,1.748872689467112e-05,25,10,20
44,2391,0.9514165711064141,2.5829776304225378e-06,0.04857886576564572,1.9801503098590025e-06,25,10,20
44,2392,0.9012840487323858,0.0038648995176271965,0.09407697390663666,0.000774077843350501,25,10,20
44,2393,0.8874140228429132,0.0038642892969826554,0.10868890711318249,3.278074692172666e-05,25,10,20
44,2394,0.9470293568592645,3.0509360343719353e-05,0.052855357067198044,8.477671319398101e-05,25,10,20
44,2395,0.9133083132134316,8.04476966153398e-08,0.07362838255755202,0.013063223781319197,25,10,20
44,2396,0.8794289586824736,1.2745194575777696e-06,0.08095377160923517,0.03961599518883376,25,10,20
44,2397,0.9181283434904917,6.84978663894129e-07,0.05157628584305846,0.030294685687785875,25,10,20
44,2398,0.8727322885342064,1.5489527354178262e-06,0.0882417231819867,0.03902443933107128,25,10,20
44,2399,0.8859186803376801,4.160608933416597e-07,0.07440083871707379,0.03968006488435219,25,10,20
44,2400,0.920368609314863,4.2664500388437196e-07,0.04049892379808697,0.03913204024204619,25,10,20
44,2401,0.9062163273480954,9.329282650355767e-07,0.05877712826409995,0.03500561145953918,25,10,20
44,2402,0.8955194367088337,3.595390321734743e-07,0.06560208663878417,0.03887811711334926,25,10,20
44,2403,0.8411661310276454,9.835428497055449e-07,0.11929900117959166,0.03953388424991256,25,10,20
44,2404,0.85847161250175,1.8299061857624539e-06,0.1019941380092926,0.03953241958277118,25,10,20
44,2405,0.8586679901091698,0.0005022670435823525,0.10122128408281522,0.03960845876443228,25,10,20
44,2406,0.8590486287751834,0.0014514748700060933,0.10026737956515772,0.039232516789652824,25,10,20
44,2407,0.8518927681527018,1.0014374885576107e-05,0.10886342395783252,0.039233793514579306,25,10,20
44,2408,0.8460850453702418,6.562935299221927e-05,0.114364195731558,0.039485129545206755,25,10,20
44,2409,0.9102805479462915,5.3743658553924206e-05,0.05356120815787273,0.03610450023728231,25,10,20
44,2410,0.8886243031212204,7.986967437454718e-05,0.07538846342497088,0.03590736377943475,25,10,20
44,2411,0.9029324061999021,1.2923498660825655e-06,0.06117369005333792,0.03589261139689382,25,10,20
44,2412,0.9190353975072375,1.2285886917944705e-05,0.07187905540526693,0.009073261200577557,25,10,20
44,2413,0.9278376149474248,1.1712552867152449e-05,0.06046603223418984,0.011684640265518324,25,10,20
44,2414,0.9404315936088432,2.3761419769920605e-06,0.05049241481949067,0.009073615429689074,25,10,20
44,2415,0.9428522537363139,1.826761725407458e-06,0.048081915719235625,0.00906400378272488,25,10,20
44,2416,0.8976116666849276,1.763446255745128e-05,0.09320074812114648,0.009169950731368679,25,10,20
44,2417,0.8931459696294588,1.112265591464746e-07,0.09779117740311377,0.009062741740868286,25,10,20
44,2418,0.8653182817044255,2.605996895642545e-06,0.13464747184071924,3.1640457960932464e-05,25,10,20
44,2419,0.8910268260717317,1.4902582147277478e-06,0.10896722821188884,4.455458165473724e-06,25,10,20
44,2420,0.8996199786793428,1.5581086428916953e-06,0.10036934237296688,9.120839046843757e-06,25,10,20
44,2421,0.8650037975218738,1.202546553328719e-07,0.13301112433574824,0.001984957887722798,25,10,20
44,2422,0.9116040029240016,1.0899670661799158e-06,0.08837871143400046,1.6195674932380116e-05,25,10,20
44,2423,0.9617007570067954,3.879276347549352e-07,0.03828251160238751,1.634346318233543e-05,25,10,20
44,2424,0.9686065438247111,1.0448138031202464e-06,0.03138760230482555,4.809056660172053e-06,25,10,20
44,2425,0.9638582276770662,1.664820013354996e-05,0.03612212507082167,2.999051979093821e-06,25,10,20
44,2426,0.9049594792308895,2.5213042574579276e-05,0.09501063469998354,4.673026552828735e-06,25,10,20
44,2427,0.9117429511794269,2.3480403870301106e-05,0.0882246130335972,8.95538310535041e-06,25,10,20
44,2428,0.9205629724985481,2.5238738428150672e-05,0.07927495498999239,0.0001368337730319151,25,10,20
44,2429,0.9208676426796991,1.3062758693825426e-06,0.07778139498189864,0.0013496560625331179,25,10,20
44,2430,0.9339063655910637,8.222435502564809e-07,0.06170212624744251,0.004390685917943779,25,10,20
44,2431,0.8958317537158398,2.724103407746547e-06,0.09722431640583111,0.006941205774920213,25,10,20
44,2432,0.8807352121975072,1.7731392664598123e-05,0.11667847337924941,0.0025685830305782033,25,10,20
44,2433,0.9350747072693878,4.3803291888760114e-06,0.06463275958897954,0.00028815281244401177,25,10,20
44,2434,0.9406162320709152,3.248441352879502e-06,0.05926509551435915,0.0001154239733732164,25,10,20
44,2435,0.8242168638234861,3.547057953016008e-07,0.17574480178354712,3.797968717169853e-05,25,10,20
44,2436,0.9146980493136825,1.7962397075004815e-06,0.0851093424302249,0.00019081201638533547,25,10,20
44,2437,0.9622247913509109,9.795137841717172e-08,0.03760096215785646,0.00017414853985409649,25,10,20
44,2438,0.9190217208406797,2.5251440912434556e-05,0.08080712183246307,0.00014590588594378773,25,10,20
44,2439,0.9478065870283088,2.231937870824641e-05,0.04979718891687541,0.0023739046761070072,25,10,20
44,2440,0.8838926187207942,8.427016032642703e-07,0.11376922383974028,0.0023373147378621395,25,10,20
44,2441,0.9170504395348096,0.00035369607337055797,0.08258218010306695,1.368428875296455e-05,25,10,20
44,2442,0.9166837058162841,0.00036489741711593715,0.08294048767822362,1.0909088376258682e-05,25,10,20
44,2443,0.8756711097960819,1.2288427712765414e-05,0.12424250380375439,7.409797245084409e-05,25,10,20
44,2444,0.8610194223507546,9.624572753511506e-05,0.13594231633535678,0.002942015586353926,25,10,20
44,2445,0.9585214029987205,8.781823974696111e-05,0.04130553034415484,8.524841737821526e-05,25,10,20
44,2446,0.9191493880706253,1.0677760421705114e-06,0.0708246963525097,0.010024847800822847,25,10,20
44,2447,0.8877186703641544,1.552319840175873e-07,0.10072562842995872,0.01155554597390326,25,10,20
44,2448,0.8955609587256619,1.9427933625213214e-06,0.10146325541580936,0.002973843065166717,25,10,20
44,2449,0.9006157124659705,3.913524311708639e-06,0.07512190485275022,0.024258469156967916,25,10,20
44,2450,0.8714252583413149,2.8127056651718412e-05,0.08914123699763384,0.03940537760440009,25,10,20
44,2451,0.7564607338695513,7.353036160294572e-05,0.20050688686734974,0.04295884890149608,25,10,20
44,2452,0.8676724703276242,2.2920243937975516e-05,0.12074557220292192,0.011559037225516816,25,10,20
44,2453,0.8858998942982091,0.00024463734589917597,0.10097740771435579,0.012878060641535873,25,10,20
44,2454,0.903311132255131,0.00030292793559026426,0.09634552095763473,4.04188516438148e-05,25,10,20
44,2455,0.9427739505348148,4.4708845164439303e-07,0.05721601542580917,9.586950924286384e-06,25,10,20
44,2456,0.8933768278687049,1.4551169578980376e-05,0.10654677605390164,6.184490781393476e-05,25,10,20
44,2457,0.958458777461574,1.1200120099285002e-05,0.041524913245885406,5.109172441613056e-06,25,10,20
44,2458,0.9523929826213611,1.7746374003524957e-05,0.04443484168590188,0.0031544293187337775,25,10,20
44,2459,0.9389908545472743,5.112576447528546e-06,0.06097730634119139,2.6726535086828173e-05,25,10,20
44,2460,0.9164974515845224,1.4649908953950372e-06,0.08345239106457678,4.86923600056548e-05,25,10,20
44,2461,0.8204253037554864,2.3813518313336384e-05,0.17945594206677076,9.494065943015696e-05,25,10,20
44,2462,0.9043360284427377,4.265500869849129e-07,0.09561761047671759,4.5934530457660664e-05,25,10,20
44,2463,0.8449119903440593,2.238737011350998e-06,0.15498860026279487,9.717065613359818e-05,25,10,20
44,2464,0.8999719221188126,4.240422422410069e-05,0.09994336264207694,4.231101488596323e-05,25,10,20
44,2465,0.9171712574892342,2.450555370919661e-06,0.08256956360895343,0.00025672834644117833,25,10,20
44,2466,0.9175045602808385,7.414435590677998e-07,0.08227561258134913,0.00021908569425314759,25,10,20
44,2467,0.9283493691438812,9.507073991801689e-08,0.07143659368425533,0.00021394210112350302,25,10,20
44,2468,0.9521328920457249,1.492642964961084e-05,0.04784249274309505,9.688781529908768e-06,25,10,20
44,2469,0.9287540610132113,1.0788042752527427e-07,0.07102566915935618,0.00022016194700460068,25,10,20
44,2470,0.9444938594292535,2.0748165114847035e-07,0.055376052789665335,0.0001298802994299231,25,10,20
44,2471,0.8682957068566715,4.059074777201081e-07,0.10798164419522065,0.023722243040628928,25,10,20
44,2472,0.8332483035767421,3.088092130044056e-07,0.14125222853954802,0.02549915907449625,25,10,20
44,2473,0.8780426028560925,2.3148623572024084e-05,0.09459068728732112,0.027343561233014166,25,10,20
44,2474,0.8900333869431063,2.7026738163331195e-05,0.0709730603928893,0.038966525925840885,25,10,20
44,2475,0.8642526040905539,2.3066625784403005e-05,0.09677776992035309,0.03894655936330895,25,10,20
44,2476,0.8947201262603224,5.362278617530765e-07,0.06603637104929828,0.03924296646251814,25,10,20
44,2477,0.8386534675488153,2.2378264065868154e-07,0.12230853746117919,0.03903777120736431,25,10,20
44,2478,0.7762959137743546,5.246197831222589e-07,0.19982072938418388,0.023882832221677076,25,10,20
44,2479,0.852506273378755,7.129022654625997e-07,0.10840790494367156,0.03908510877530755,25,10,20
44,2480,0.9032779703490718,2.199578549903309e-05,0.09669158149142935,8.452374000625281e-06,25,10,20
44,2481,0.8907632515355921,1.5165898137903557e-05,0.10908539471900668,0.00013618784726365777,25,10,20
44,2482,0.9019903921790499,1.5787995040738048e-05,0.09796495640369524,2.8863422214502975e-05,25,10,20
44,2483,0.9299225233090095,1.0464586517173779e-05,0.0700503187325669,1.669337190625456e-05,25,10,20
44,2484,0.961657177390024,1.6912018911472147e-05,0.03832373782545795,2.1727656065221274e-06,25,10,20
44,2485,0.9285207527186992,6.658300831416233e-08,0.07145374680998896,2.5433888303226866e-05,25,10,20
44,2486,0.9435939991026336,3.6204719781661736e-07,0.05638713828465383,1.8500565515038947e-05,25,10,20
44,2487,0.9038246861752764,4.304780253592848e-06,0.0961510583279074,1.9950716562064934e-05,25,10,20
44,2488,0.9532323418741651,1.1145545486709297e-06,0.04675213564489591,1.4407926390206917e-05,25,10,20
44,2489,0.9147417763512783,6.9557362776606615e-06,0.07795697553660463,0.007294292375838591,25,10,20
44,2490,0.9461109893580081,7.088889335750669e-06,0.05385190392304837,3.0017829607412583e-05,25,10,20
44,2491,0.9625199441748298,6.705364575564144e-07,0.0374659803024884,1.3404986224278623e-05,25,10,20
44,2492,0.9687180754688788,7.453988619887155e-06,0.03124657221775564,2.789832474566795e-05,25,10,20
44,2493,0.9482347931489049,1.6309658041964589e-06,0.05176267865190758,8.972333826170875e-07,25,10,20
44,2494,0.9067227610421166,5.433796803704286e-05,0.09321131776280439,1.1583227041125965e-05,25,10,20
44,2495,0.8858256850279512,5.480801625820333e-05,0.11409908731388625,2.0419641902755314e-05,25,10,20
44,2496,0.9135345664232452,3.376459474763846e-07,0.08599776275040324,0.00046733318040428283,25,10,20
44,2497,0.9505547166828372,3.1969653316952817e-06,0.04897354869960565,0.00046853765222611734,25,10,20
44,2498,0.9293439636051586,3.592236481239577e-06,0.07062946266368592,2.2981494673876032e-05,25,10,20
44,2499,0.9154797498150923,9.89152147667465e-07,0.08451136422187393,7.896810885248254e-06,25,10,20
44,2500,0.898366065068942,2.779334552206445e-05,0.10160017120677116,5.970378764969707e-06,25,10,20
44,2501,0.908003315072258,1.6212843969597512e-06,0.09104113277080962,0.0009539308725347906,25,10,20
44,2502,0.9341289068871701,9.611707791579232e-06,0.06585473404016023,6.747364878194852e-06,25,10,20
44,2503,0.9836957266246854,4.787252359992634e-07,0.01630096375469873,2.830895379616851e-06,25,10,20
44,2504,0.9573413704667045,4.488265287555239e-07,0.04265483006228693,3.350644480320295e-06,25,10,20
44,2505,0.9214078277755461,8.172181147653473e-06,0.078524383455101,5.961658820531013e-05,25,10,20
44,2506,0.9344455446516734,3.9892403697807403e-07,0.06547626484392047,7.7791580369355e-05,25,10,20
44,2507,0.9475760499227044,9.001907140039044e-07,0.05225888214485121,0.0001641677417306073,25,10,20
44,2508,0.8801032487073256,2.348909485683491e-06,0.11982663885663788,6.776352655179138e-05,25,10,20
44,2509,0.8956387590423938,2.429648514404144e-06,0.10434757843581377,1.1232873277964377e-05,25,10,20
44,2510,0.9317584046950748,5.578451162934875e-06,0.06819882446463396,3.7192389127949913e-05,25,10,20
44,2511,0.8721401985401088,4.4569485294084145e-06,0.12781679534275953,3.85491686021454e-05,25,10,20
44,2512,0.9193031302077186,4.688166535141586e-06,0.08065582088597295,3.6360739773015325e-05,25,10,20
44,2513,0.9231769346883023,5.2631953497330865e-06,0.07496588139235259,0.0018519207239954842,25,10,20
44,2514,0.9328581712367864,3.8748367348676496e-07,0.06520542743100313,0.0019360138485368704,25,10,20
44,2515,0.9347118310572609,2.7597263449364182e-05,0.06336147556108453,0.0018990961182055674,25,10,20
44,2516,0.9206437459372324,7.103569846153615e-07,0.07923161155821053,0.00012393214757189645,25,10,20
44,2517,0.9031780755007907,6.73229464062725e-07,0.09681989065245197,1.3606172921535266e-06,25,10,20
44,2518,0.8840487816099651,2.2266806404279116e-06,0.11578111309686481,0.00016787861252973838,25,10,20
44,2519,0.8483651434359986,1.3958705345854833e-05,0.15140254260966238,0.00021835524899326377,25,10,20
44,2520,0.8606828039744188,1.059358492272533e-06,0.13904694295635742,0.0002691937107318754,25,10,20
44,2521,0.8499410221458509,1.2898161531059088e-05,0.14838648912757843,0.0016595905650401727,25,10,20
44,2522,0.8683923091027785,1.3913315098569726e-05,0.12992491110721954,0.0016688664749039122,25,10,20
44,2523,0.8773980952035594,2.5063160768658403e-05,0.12101083222773559,0.0015660094079371731,25,10,20
44,2524,0.8562978193338878,2.4879915924934316e-05,0.14209315350555765,0.001584147244629425,25,10,20
44,2525,0.8425792406716329,1.8104213944854153e-06,0.14823331263952066,0.009185636267452365,25,10,20
44,2526,0.831364717040409,0.00045424762905768974,0.16806637806874883,0.00011465726178463268,25,10,20
44,2527,0.8284306811046777,1.7334866050869405e-06,0.17146822822916133,9.935717955551964e-05,25,10,20
44,2528,0.9243525819227287,3.887713461132984e-06,0.07555433654374284,8.919382006757339e-05,25,10,20
44,2529,0.9809155495599614,1.244600939540775e-07,0.019049993286107972,3.43326938369612e-05,25,10,20
44,2530,0.9259844697529591,4.585199981226566e-06,0.0739721163714872,3.8828675572304426e-05,25,10,20
44,2531,0.964429798627913,6.40397681739941e-07,0.03511651319604099,0.0004530477783640082,25,10,20
44,2532,0.8565432315191284,0.0002086794096265791,0.14315838457759797,8.970449364627755e-05,25,10,20
44,2533,0.8923079913112278,4.433831498850826e-05,0.10701149832133496,0.0006361720524486722,25,10,20
44,2534,0.9322576415079925,4.4446314314187065e-05,0.06711035664271557,0.0005875555349783172,25,10,20
44,2535,0.9168550101156119,2.421704924219543e-05,0.08311124876974864,9.52406539671903e-06,25,10,20
44,2536,0.9015978652967859,1.9435414475459375e-06,0.09839292586570837,7.26529605839763e-06,25,10,20
44,2537,0.9296254331139784,6.762453325378187e-07,0.06813722826571333,0.002236662374975608,25,10,20
44,2538,0.9446057371857435,7.064822884079003e-07,0.05137597744083032,0.0040175788911377,25,10,20
44,2539,0.9103347077789826,7.836990519573746e-07,0.08966009456646316,4.413955502429857e-06,25,10,20
44,2540,0.9467796527102947,2.2021684640602435e-05,0.05297349728670757,0.00022482831835741118,25,10,20
44,2541,0.9652714483926471,7.90800443871528e-06,0.03471213068196473,8.51292094899778e-06,25,10,20
44,2542,0.9686680137799933,8.072358824451914e-06,0.03125553474758471,6.837911359761557e-05,25,10,20
44,2543,0.9235084854327461,1.4341293068415122e-05,0.0764652457244567,1.1927549728645913e-05,25,10,20
44,2544,0.882460634755699,6.898143090269414e-06,0.11752737310048729,5.094000723864268e-06,25,10,20
44,2545,0.9053733094845002,4.198307250872425e-05,0.09457619061402933,8.5168289618068e-06,25,10,20
44,2546,0.8773887644306582,1.7452856315420658e-06,0.1225960389959422,1.3451287768602945e-05,25,10,20
44,2547,0.9255328028467856,3.146408721597339e-06,0.07380968873169098,0.0006543620128020218,25,10,20
44,2548,0.9864716629123218,7.503872423442487e-08,0.013520464664506746,7.797384447691704e-06,25,10,20
44,2549,0.9736851068990603,5.303700670291309e-07,0.025509693322109627,0.0008046694087637422,25,10,20
44,2550,0.9597230962354308,1.0653304671281216e-06,0.04026704673512455,8.79169897755785e-06,25,10,20
44,2551,0.9613335199518964,4.205230175579088e-07,0.03864363640343806,2.242312164792333e-05,25,10,20
44,2552,0.9232815141888051,5.05353755594623e-06,0.07667708271291093,3.6349560728247255e-05,25,10,20
44,2553,0.942062419867529,1.2963865417256654e-06,0.05788862676283503,4.7656983093957924e-05,25,10,20
44,2554,0.9309870036897923,1.0222520967580577e-06,0.06899155701443349,2.04170436772905e-05,25,10,20
44,2555,0.9379957980127908,1.683542497600373e-07,0.06196117061573656,4.2863017222850295e-05,25,10,20
44,2556,0.926039846632041,1.3239623269615315e-07,0.07349452414814786,0.00046549682357854843,25,10,20
44,2557,0.8902257851398914,2.4478851298717234e-07,0.1079071646593493,0.001866805412246857,25,10,20
44,2558,0.9176872804682484,4.768728405576004e-05,0.08223004874068077,3.498350701481141e-05,25,10,20
44,2559,0.9236612573014281,2.1218207350336363e-05,0.07628560947119459,3.191502002668365e-05,25,10,20
44,2560,0.9228616180993618,3.98060774789947e-05,0.07706175109714403,3.6824726014523875e-05,25,10,20
44,2561,0.9334103356631112,1.331274388565027e-05,0.06648070123482996,9.565035817337711e-05,25,10,20
44,2562,0.9454222118997306,8.265499962602708e-06,0.05455845220498579,1.1070395321274164e-05,25,10,20
44,2563,0.8882386512650107,8.08506982826017e-06,0.11173537868436133,1.788498079933259e-05,25,10,20
44,2564,0.9085919013686805,1.4066865255083156e-05,0.09138432049438942,9.71127167511379e-06,25,10,20
44,2565,0.960007173425496,1.343831157236662e-05,0.03990730144092874,7.208682200327613e-05,25,10,20
44,2566,0.920014391827671,2.545278108706658e-06,0.07989756885497626,8.549403924412239e-05,25,10,20
44,2567,0.8915701900470758,1.4798212046607031e-06,0.10835149151256372,7.683861915577979e-05,25,10,20
44,2568,0.9553446439861247,8.547587524246972e-07,0.04457310133765824,8.139991746428184e-05,25,10,20
44,2569,0.955562166361934,8.44167516744994e-08,0.044431380199267824,6.369022046130632e-06,25,10,20
44,2570,0.9321400107809122,3.5764610457808345e-07,0.06785242510751917,7.206465463745931e-06,25,10,20
44,2571,0.8856426510682774,8.145159375907274e-07,0.11435135216126743,5.182254518045402e-06,25,10,20
44,2572,0.839177837399488,4.312008812956758e-06,0.16052114440913964,0.0002967061825589443,25,10,20
44,2573,0.871658252986682,3.290767622069396e-05,0.12801766188951405,0.0002911774475838779,25,10,20
44,2574,0.8316237942323427,1.8778125713076242e-06,0.1681023315838731,0.0002719963712125179,25,10,20
44,2575,0.8909907019900466,2.472118329625864e-07,0.108362200715468,0.0006468500826533056,25,10,20
44,2576,0.9339270771070365,5.311696224777669e-06,0.0638320622817641,0.002235548914975314,25,10,20
44,2577,0.9038190179048509,4.942020807669187e-06,0.0959833145694788,0.00019272550486270102,25,10,20
44,2578,0.8587962474628041,7.632134024107544e-06,0.14080842201529456,0.00038769838787681504,25,10,20
44,2579,0.9012561395019063,2.396151396779277e-06,0.09870802806885125,3.343627784557193e-05,25,10,20
44,2580,0.8459208362912868,3.202828624153085e-05,0.1527656674016009,0.0012814680208704493,25,10,20
44,2581,0.9348746520353471,5.7105889195521606e-05,0.06504974557655084,1.8496498906097164e-05,25,10,20
44,2582,0.9652458919335701,5.843615401604065e-05,0.03469233050383371,3.341408579783215e-06,25,10,20
44,2583,0.9588333291442014,5.831359181704137e-05,0.04106301086094892,4.534640303281951e-05,25,10,20
44,2584,0.964648571601084,1.7626596564741329e-06,0.035300348048857406,4.931769040276378e-05,25,10,20
44,2585,0.9007103236429528,4.896973763546525e-06,0.09821485640764628,0.0010699229756369795,25,10,20
44,2586,0.8985287605493724,6.965000727110211e-06,0.1014063862827697,5.788816713038689e-05,25,10,20
44,2587,0.925959458552627,6.912175999877111e-06,0.07397290373363677,6.072553773625977e-05,25,10,20
44,2588,0.9020192938176428,9.718739671282317e-05,0.09632848068100676,0.0015550381046379753,25,10,20
44,2589,0.9373349772872411,5.211063618750445e-05,0.060941063117387485,0.0016718489591835536,25,10,20
44,2590,0.9599636532904843,1.3528695105290354e-05,0.039942746484472914,8.00715299375746e-05,25,10,20
44,2591,0.9028810414957611,1.953355893442763e-05,0.09701838348186176,8.104146344297775e-05,25,10,20
44,2592,0.9035858583384939,1.002889254521644e-06,0.09389086130058884,0.0025222774716629043,25,10,20
44,2593,0.8928544986989579,3.2037190904842857e-07,0.10447471605696076,0.002670464872172849,25,10,20
44,2594,0.8587218130055334,8.530663267499353e-07,0.13448983051735985,0.006787503410780461,25,10,20
44,2595,0.8770749909691805,5.6037767643775896e-05,0.12266617730834256,0.00020279395483280963,25,10,20
44,2596,0.8959120798297922,7.993569779187964e-06,0.10402802867705012,5.1897923378008056e-05,25,10,20
44,2597,0.9099712876288977,1.499942597977262e-06,0.089898580837427,0.00012863159107770765,25,10,20
44,2598,0.9162656325221153,4.404955153724044e-07,0.08368313712436277,5.0789858006708296e-05,25,10,20
44,2599,0.9012620635157799,2.2703541121145878e-06,0.09872695742114822,8.708708959598622e-06,25,10,20
44,2600,0.9431728813585357,1.8950719321199489e-06,0.056677689037344096,0.00014753453218797652,25,10,20
44,2601,0.9185553041696786,6.93781722933015e-07,0.08140772766960346,3.627437899490209e-05,25,10,20
44,2602,0.8217793267525586,0.0002703756648862901,0.17794320345219464,7.094130360557152e-06,25,10,20
44,2603,0.8942965891985292,2.3519631728421246e-05,0.10566867861206163,1.1212557681158765e-05,25,10,20
44,2604,0.9085557211878885,2.3198744657838105e-05,0.07926598122722987,0.012155098840223788,25,10,20
44,2605,0.9191734311891228,5.454012771186109e-06,0.06863977382882328,0.012181340969282512,25,10,20
44,2606,0.8774887981388245,6.955595888022824e-06,0.11015879307697896,0.012345453188309182,25,10,20
44,2607,0.8422164364507442,8.040546176901333e-06,0.14545750018291834,0.012318022820163387,25,10,20
44,2608,0.8920348593320123,6.444779425239509e-06,0.09559046376726574,0.012368232121297206,25,10,20
44,2609,0.8271942530003094,2.4249647083219528e-05,0.1722663616952703,0.0005151356573365886,25,10,20
44,2610,0.8871343864337945,2.5677414073616774e-07,0.11136146343869445,0.0015038933533705202,25,10,20
44,2611,0.9148712064537851,1.9800159034797703e-06,0.08493973346269701,0.00018708006761548654,25,10,20
44,2612,0.9217177027002548,1.689398056392473e-05,0.07814912920184501,0.00011627411733643034,25,10,20
44,2613,0.9582574673995613,1.615152795843753e-05,0.041538611536188146,0.00018776953629267068,25,10,20
44,2614,0.9397450071531869,1.7483474368011053e-06,0.06015824348173995,9.500101763648179e-05,25,10,20
44,2615,0.9404742605986101,2.3672531719374607e-06,0.05878399060266855,0.0007393815455491341,25,10,20
44,2616,0.9453324030505361,1.4051620118727458e-06,0.05455777525224184,0.00010841653521041692,25,10,20
44,2617,0.9567151597431192,1.2537681495337715e-06,0.042951757349328566,0.0003318291394034889,25,10,20
44,2618,0.965767319988506,1.2057332864476071e-06,0.03406387820529969,0.00016759607290830258,25,10,20
44,2619,0.9391600658699576,1.4658297899444324e-06,0.06063203025961147,0.0002064380406412775,25,10,20
44,2620,0.9259136572675684,1.300309926803381e-06,0.07407874824735831,6.2941751467535816e-06,25,10,20
44,2621,0.9206349288486081,6.377652479087008e-05,0.07879242760173388,0.0005088670248669884,25,10,20
44,2622,0.9374217134465038,6.0059285878740624e-05,0.06197712618301271,0.0005411010846052071,25,10,20
44,2623,0.9175380894089733,6.225858853891616e-05,0.08184843377081083,0.000551218231677378,25,10,20
44,2624,0.9061184107656775,3.5474767325022086e-06,0.09335860771251601,0.0005194340450736636,25,10,20
44,2625,0.9532750554182793,3.900796614403061e-06,0.046684868347792896,3.617543731353408e-05,25,10,20
44,2626,0.8939501532217328,2.2675473040075513e-05,0.10593719272812642,8.997857710083485e-05,25,10,20
44,2627,0.8377552045544241,2.0113377406088327e-05,0.16216909658217027,5.5585485999648515e-05,25,10,20
44,2628,0.8799093720041552,5.8131450828165214e-05,0.11999921176102556,3.328478399146028e-05,25,10,20
44,2629,0.9502957635350597,4.481936193582192e-07,0.049700206831379434,3.5814399415876275e-06,25,10,20
44,2630,0.9567036126005264,4.995114475769737e-07,0.04327873868649032,1.7149201535148617e-05,25,10,20
44,2631,0.9649189533615636,1.3773431174190216e-06,0.03507448704838236,5.182246936251109e-06,25,10,20
44,2632,0.9692452354538296,1.2864634947122631e-05,0.030696271477693476,4.5628433530125865e-05,25,10,20
44,2633,0.87113253328055,0.0005927160949418119,0.1282474776019954,2.7273022512270627e-05,25,10,20
44,2634,0.9486374390166091,7.285861130842335e-07,0.051339233652169566,2.2598745108343846e-05,25,10,20
44,2635,0.946867212582111,1.881861586097254e-05,0.05307618394417946,3.77848578485549e-05,25,10,20
44,2636,0.9470837171077651,1.8861028268694688e-05,0.05286303344192118,3.438842204520887e-05,25,10,20
44,2637,0.9532043096013021,3.633767535233706e-07,0.04676025755449913,3.5069467445638084e-05,25,10,20
44,2638,0.9637518028142732,4.235618199777771e-07,0.03621474903327682,3.302459063012353e-05,25,10,20
44,2639,0.9634282237154208,4.3926403379540316e-07,0.03656604545926722,5.291561277976012e-06,25,10,20
44,2640,0.9649546861526287,1.4431528723018918e-06,0.03491806529924889,0.00012580539525023133,25,10,20
44,2641,0.9506017042758431,7.372543154031089e-07,0.04937291843204135,2.464003779990026e-05,25,10,20
44,2642,0.9139677937284073,6.893199574791653e-06,0.0859700643467677,5.5248725249932237e-05,25,10,20
44,2643,0.9063831173961117,6.842180425257046e-06,0.09357442283360577,3.5617589857270844e-05,25,10,20
44,2644,0.9229297902370354,6.037427246126793e-06,0.07702158075034524,4.2591585372793863e-05,25,10,20
44,2645,0.9047075679469054,2.791237668394428e-07,0.09520789432311898,8.425860620853407e-05,25,10,20
44,2646,0.8969563249804867,1.5747938665003152e-06,0.10298606167669329,5.603854895338114e-05,25,10,20
44,2647,0.9282570052524092,1.155893639737645e-06,0.07169056359014087,5.1275263810725435e-05,25,10,20
44,2648,0.9655900766906304,1.3287626892375688e-06,0.03440733259518043,1.261951499731813e-06,25,10,20
44,2649,0.9431006351716325,7.373936680203764e-06,0.056850163520908825,4.182737077854408e-05,25,10,20
44,2650,0.9214404447294817,1.377498279613792e-06,0.07855409286026677,4.08491197199453e-06,25,10,20
44,2651,0.9278600487106324,4.112810384025859e-07,0.07198459524207915,0.00015494476624950827,25,10,20
44,2652,0.9531526098747115,4.5321414947891093e-07,0.04669131951116176,0.00015561739997760224,25,10,20
44,2653,0.9485237893655346,1.2133040851902171e-06,0.05146933980677356,5.65752360646056e-06,25,10,20
44,2654,0.9450567961176125,1.0686719545729047e-06,0.054937656611299984,4.478599132227404e-06,25,10,20
44,2655,0.9657883370138154,1.3915205099680348e-07,0.03420581744480326,5.7063893300744205e-06,25,10,20
44,2656,0.9545423366758752,3.2237902588119865e-06,0.04543143791905064,2.3001614814899575e-05,25,10,20
44,2657,0.9354256069164357,4.2604910075909234e-06,0.06452489760983479,4.5234982721842725e-05,25,10,20
44,2658,0.9307370948568735,1.6902373939422544e-06,0.069230398517082,3.081638865110074e-05,25,10,20
44,2659,0.9033467010156601,9.164331807766186e-07,0.09664589756945373,6.484981705596421e-06,25,10,20
44,2660,0.9269487577500551,9.657979596323925e-06,0.0730351169831424,6.467287206079823e-06,25,10,20
44,2661,0.9341362585627553,0.0004813749387504556,0.06536148802448732,2.087847400720867e-05,25,10,20
44,2662,0.8877997093343423,2.2540244720465705e-06,0.11217491134101616,2.312530016940655e-05,25,10,20
44,2663,0.9775165788098846,1.19235652232267e-06,0.02238759041017243,9.463842342101198e-05,25,10,20
44,2664,0.9713617868562217,6.187575261027128e-07,0.028614062927120223,2.3531459132020328e-05,25,10,20
44,2665,0.9708920953842114,2.5004911620594485e-07,0.029105881850293263,1.7727163792816044e-06,25,10,20
44,2666,0.9173746869741508,1.0909885339539531e-05,0.08237437779761303,0.00024002534289617775,25,10,20
44,2667,0.8917030985153552,2.3086124995772766e-06,0.10818834537740968,0.00010624749473564597,25,10,20
44,2668,0.939196964182024,2.399835368086972e-07,0.06079576018289412,7.0356515450230394e-06,25,10,20
44,2669,0.9386477154928791,2.2135275569737201e-07,0.06068008825640829,0.0006719748979575163,25,10,20
44,2670,0.8581229232400805,1.6277268707239117e-07,0.14184862466145862,2.828932577437523e-05,25,10,20
44,2671,0.8530419318438338,0.0009699819558232199,0.1450607374012436,0.0009273487990988738,25,10,20
44,2672,0.8932057689909719,6.882382126186399e-06,0.09883171312060286,0.007955635506298664,25,10,20
44,2673,0.8700035430980432,6.991544935999424e-06,0.12211776035578416,0.007871705001235657,25,10,20
44,2674,0.8800200949818308,5.705801044710033e-06,0.11927828847535307,0.0006959107417715915,25,10,20
44,2675,0.9551261649034428,2.507475359522652e-06,0.04474688629760184,0.00012444132359546673,25,10,20
44,2676,0.9391340375188437,3.221608762497383e-07,0.060411318041348465,0.0004543222789315976,25,10,20
44,2677,0.9496867248695336,4.406598738904977e-07,0.050157346814283965,0.00015548765630869857,25,10,20
44,2678,0.9503406953331449,1.2469084168634522e-06,0.049409231464282624,0.00024882629415588986,25,10,20
44,2679,0.9615574869419085,2.2338713974080053e-07,0.038438228465488423,4.061205463725986e-06,25,10,20
44,2680,0.9526937026464575,2.664537256144823e-06,0.047295396826507574,8.235989779158685e-06,25,10,20
44,2681,0.9054112689139336,1.749067109327097e-06,0.09441153999083979,0.00017544202811698017,25,10,20
44,2682,0.9343926679743885,1.7895097428040577e-07,0.06538884234412531,0.00021831073051198886,25,10,20
44,2683,0.9627509569805645,1.5406729362119496e-05,0.03721739282224319,1.6243467829855686e-05,25,10,20
44,2684,0.9585464538168487,9.597409177678666e-06,0.04142530984398781,1.8638929985231304e-05,25,10,20
44,2685,0.9182111094291695,3.0357091640470885e-06,0.08160745386783162,0.0001784009938347305,25,10,20
44,2686,0.851347552406985,1.0033055732131607e-05,0.14774693044452758,0.0008954840927546879,25,10,20
44,2687,0.8535978862341902,3.7900076135423837e-06,0.1456616974404758,0.0007366263177200266,25,10,20
44,2688,0.8654938094021978,3.0458942365461196e-06,0.13374365515334402,0.0007594895502215662,25,10,20
44,2689,0.8493906889628581,1.0408947069686591e-05,0.14777558095108734,0.002823321138985759,25,10,20
44,2690,0.9074958524150376,3.565111852249232e-06,0.0924564179115884,4.416456152142567e-05,25,10,20
44,2691,0.9326145629727263,3.875263288499405e-06,0.06722704147677011,0.00015452028721447595,25,10,20
44,2692,0.9449705565747812,4.466011141693982e-06,0.05500313730501292,2.1840109063631977e-05,25,10,20
44,2693,0.9504682679871577,5.79425483128896e-07,0.049296063551090924,0.00023508903626764542,25,10,20
44,2694,0.9391923839496791,9.461500208402536e-07,0.060542486095885556,0.0002641838044153203,25,10,20
44,2695,0.914403132264239,9.293856020121399e-06,0.08347350167601032,0.0021140722037304395,25,10,20
44,2696,0.9052041543131607,9.26449170429676e-06,0.09240949582393201,0.0023770853712033377,25,10,20
44,2697,0.9042718066426828,4.225740084617439e-06,0.09567882141954362,4.5146197688726965e-05,25,10,20
44,2698,0.9624978739213397,3.105425298386131e-06,0.036580554194732384,0.0009184664586295975,25,10,20
44,2699,0.9059661191673831,9.58917995883686e-07,0.09403060119751576,2.3207171049797396e-06,25,10,20
44,2700,0.9257503871394408,4.75808121771192e-07,0.07419148520786015,5.7651844577468055e-05,25,10,20
44,2701,0.9671324378669378,3.335683663008856e-05,0.03282788738066273,6.317915769110975e-06,25,10,20
44,2702,0.9286823285982203,3.464460128703539e-05,0.07127609846047789,6.928340014521604e-06,25,10,20
44,2703,0.9205501230793363,1.3943003923086398e-06,0.07935250614215514,9.597647811624766e-05,25,10,20
44,2704,0.905284944664527,2.991517651472723e-07,0.08137263834550663,0.013342117838200543,25,10,20
44,2705,0.8820348525329745,9.968729713541432e-06,0.07892326289260494,0.03903191584470632,25,10,20
44,2706,0.9029517507685321,4.821109043453572e-05,0.05788661022423494,0.03911342791679784,25,10,20
44,2707,0.8739555006622913,6.028179082940302e-05,0.08690404356640805,0.03908017398047141,25,10,20
44,2708,0.9210344672585979,5.599176627153445e-07,0.04003413276754987,0.03893084005618954,25,10,20
44,2709,0.8798004421720083,7.974599558616435e-07,0.11648103696294752,0.0037177234050880074,25,10,20
44,2710,0.8893260554986991,2.6179344517332403e-07,0.11053525938855621,0.00013842331929821513,25,10,20
44,2711,0.8705670513928188,0.00010308593770916464,0.1291899018699362,0.00013996079953686744,25,10,20
44,2712,0.9059392945908222,2.1773229444367235e-06,0.09404841146771395,1.0116618519975305e-05,25,10,20
44,2713,0.9260458090414808,4.834070507105784e-07,0.07394542782650208,8.279724966730087e-06,25,10,20
44,2714,0.8913047907098863,6.548229919492057e-07,0.10868666130196449,7.893165158034735e-06,25,10,20
44,2715,0.9311040082121673,6.868579911484586e-06,0.06884240244998568,4.672075793534329e-05,25,10,20
44,2716,0.910579012819105,8.054151196211143e-06,0.08936558538136664,4.7347648331785365e-05,25,10,20
44,2717,0.8760739563848274,8.334727400926794e-07,0.1238805907433263,4.461939910600929e-05,25,10,20
44,2718,0.8645739846999431,8.522535694467866e-06,0.10289283815639387,0.03252465460796858,25,10,20
44,2719,0.8150719475871027,3.882824708703316e-06,0.14550297808281715,0.03942119150537133,25,10,20
44,2720,0.8784454645887572,1.215689102406941e-06,0.12061458293353,0.0009387367886104767,25,10,20
44,2721,0.9654716062142211,8.851736406669386e-07,0.03452460296388683,2.905648251128331e-06,25,10,20
44,2722,0.9719148722864829,7.604581355158834e-07,0.028080870463881594,3.4967914999683966e-06,25,10,20
44,2723,0.9864575075020524,7.573722039475962e-07,0.013537413777668246,4.321348075645468e-06,25,10,20
44,2724,0.9789487132325199,9.901328038450983e-07,0.021032624913846432,1.7671720829708925e-05,25,10,20
44,2725,0.9437421600300415,6.855391974043825e-07,0.05625210124019068,5.053190570206542e-06,25,10,20
44,2726,0.9553604501049443,1.8063559088100058e-07,0.04461842382420831,2.094543525645483e-05,25,10,20
44,2727,0.9001973179959589,4.916439587565591e-06,0.07634898017907027,0.02344878538538313,25,10,20
44,2728,0.925114974493003,4.916353408638615e-06,0.03587171973634168,0.039008389417246755,25,10,20
44,2729,0.8795002931077525,5.072328051447745e-06,0.08124986411411066,0.0392447704500851,25,10,20
44,2730,0.8193103556652414,9.613418020741648e-07,0.1414515287357063,0.03923715425725064,25,10,20
44,2731,0.8549499004907136,3.508473684198797e-06,0.10581462161019654,0.03923196942540595,25,10,20
44,2732,0.8851605337483666,2.472635526715932e-06,0.07559336478890713,0.03924362882719958,25,10,20
44,2733,0.8542357567977068,1.087966213893742e-05,0.14489225359511074,0.0008611099450436677,25,10,20
44,2734,0.8642295928849731,8.981934801868577e-06,0.13491250597564222,0.0008489192045830018,25,10,20
44,2735,0.8878845656267619,3.3433129884044543e-06,0.1112599271027924,0.0008521639574576101,25,10,20
44,2736,0.9026500857338963,1.5182124725175136e-05,0.09733006720939728,4.664931980890396e-06,25,10,20
44,2737,0.8682371460162303,1.574654985552023e-05,0.13174287846108937,4.228972825176164e-06,25,10,20
44,2738,0.9478402584942524,0.0020186558456789933,0.05013992767416279,1.1579859056816326e-06,25,10,20
44,2739,0.9608063655874507,2.170285753589026e-06,0.03915051237316556,4.09517536299329e-05,25,10,20
44,2740,0.9498101564545358,5.621945108456201e-07,0.050104583155057246,8.469819589548195e-05,25,10,20
44,2741,0.944295454646636,6.545918289759572e-06,0.05569030719619606,7.692238877685235e-06,25,10,20
44,2742,0.9582272895913085,5.304702631444836e-06,0.04173334180115276,3.4063904907191255e-05,25,10,20
44,2743,0.9352038281741936,3.969457894100335e-07,0.06476716281559788,2.8612064418769208e-05,25,10,20
44,2744,0.9258794391764918,5.540550317808946e-07,0.07351875139405528,0.0006012553744211054,25,10,20
44,2745,0.9414106465602824,1.7506041754326293e-06,0.0585666486447513,2.0954190790800554e-05,25,10,20
44,2746,0.9467729515937263,2.0738337746281603e-06,0.053203070908307525,2.190366419177646e-05,25,10,20
44,2747,0.9593109063578977,4.997301032349916e-06,0.04064247023465529,4.162610641464059e-05,25,10,20
44,2748,0.8931369748943321,9.231381910289311e-07,0.10683820152672836,2.3900440747406072e-05,25,10,20
44,2749,0.8514607202368388,3.0880862266907875e-05,0.14822724293291137,0.0002811559679827121,25,10,20
44,2750,0.9246582511412095,3.453720041900507e-07,0.07507861367950011,0.0002627898072861955,25,10,20
44,2751,0.9214699904669275,4.685319482297443e-06,0.07821533044298498,0.0003099937706053239,25,10,20
44,2752,0.9250142142717442,4.435876669564225e-06,0.07492796506395089,5.338478763496355e-05,25,10,20
44,2753,0.8905496565499792,2.078642446277233e-07,0.10943549706448215,1.4638521294293782e-05,25,10,20
44,2754,0.8323309010897091,8.157907029326228e-06,0.1676489271446812,1.2013858581468805e-05,25,10,20
44,2755,0.8629035166954183,4.820952962212471e-07,0.1370749814643001,2.101974498448564e-05,25,10,20
44,2756,0.9016741814106427,6.695925265352205e-07,0.09829777008463245,2.7378912198277876e-05,25,10,20
44,2757,0.8591037532727512,1.4131059602862985e-06,0.14085004318021901,4.479044106850532e-05,25,10,20
44,2758,0.900456328926858,1.5854281899332376e-07,0.0994631352972038,8.03772331190026e-05,25,10,20
44,2759,0.9636304307531859,1.2263095845147375e-05,0.03625988774145819,9.741840951042295e-05,25,10,20
44,2760,0.9115994757241542,1.4599132515362673e-05,0.08833362649784719,5.229864548380917e-05,25,10,20
44,2761,0.9148480163782924,3.786085303850744e-05,0.08506779964176396,4.6323126905376266e-05,25,10,20
44,2762,0.912604014880386,1.220463536032195e-06,0.08726218764020605,0.00013257701587195375,25,10,20
44,2763,0.9075843794408427,5.633819744856412e-06,0.09238218800895026,2.7798730462199432e-05,25,10,20
44,2764,0.95222240221365,1.2337810801988728e-05,0.047740311065837496,2.494890971023553e-05,25,10,20
44,2765,0.8685534450979167,7.907553020068786e-06,0.1313742575392438,6.438980981985019e-05,25,10,20
44,2766,0.899299582425071,6.788670876344501e-06,0.1004226164130129,0.0002710124910391203,25,10,20
44,2767,0.8990265647344995,3.5297263032865275e-05,0.10075861913051722,0.00017951887194992962,25,10,20
44,2768,0.8926743990848748,3.3179996552645034e-05,0.10711113967151605,0.00018128124705628378,25,10,20
44,2769,0.8959675612973534,3.5324622014885185e-05,0.10399257290562237,4.541175009580022e-06,25,10,20
44,2770,0.8954807238673312,3.524516091344942e-05,0.10444886642628123,3.5164545474460133e-05,25,10,20
44,2771,0.8780536491765395,1.3012495476944247e-05,0.12181817608092374,0.00011516224706014043,25,10,20
44,2772,0.8168958829548003,0.00017803500218160619,0.17971990901681736,0.0032061730262004807,25,10,20
44,2773,0.9502545891939858,1.2330472536368974e-05,0.04965174606768039,8.133426579744776e-05,25,10,20
44,2774,0.9741525274796901,1.323129933108631e-06,0.025836538581945633,9.610808431515414e-06,25,10,20
44,2775,0.9597452606211921,2.6200650128054326e-07,0.04024889293261762,5.5844396895018955e-06,25,10,20
44,2776,0.9036465812919284,2.0300716473642284e-06,0.09632900015229923,2.2388484125252484e-05,25,10,20
44,2777,0.8548984719279327,1.873730025792403e-06,0.14509244998656368,7.2043554778339575e-06,25,10,20
44,2778,0.9167526252356205,1.978935741583828e-06,0.08323433665312654,1.1059175510778706e-05,25,10,20
44,2779,0.843930451004471,1.3170671392991261e-05,0.15500357330046072,0.001052805023675267,25,10,20
44,2780,0.8660124869791567,1.4401344705437793e-05,0.1329250974850104,0.0010480141911267666,25,10,20
44,2781,0.9100581487401347,4.888873465889682e-06,0.08993042445958924,6.537926810279748e-06,25,10,20
44,2782,0.8974956901885064,8.1443500696519e-07,0.102449277908787,5.421746769873887e-05,25,10,20
44,2783,0.879822504165241,1.4040965366674856e-05,0.11751084129565999,0.0026526135737317824,25,10,20
44,2784,0.9402946533085771,1.0417069988157043e-05,0.05961489109909051,8.003852234437161e-05,25,10,20
44,2785,0.8977093462785638,4.072790828715795e-05,0.10217907073659896,7.085507655005185e-05,25,10,20
44,2786,0.9147686797585411,4.074864959832887e-05,0.08516867564148699,2.1895950373243332e-05,25,10,20
44,2787,0.8982127661985004,6.843309624719111e-07,0.10176389479673195,2.265467380491473e-05,25,10,20
44,2788,0.9170444451909688,2.1058224851402906e-07,0.08294152095100599,1.3823275776609126e-05,25,10,20
44,2789,0.9078128104988064,2.2707619146718292e-07,0.09218361252755146,3.3498974512803447e-06,25,10,20
44,2790,0.9094297475041835,5.9551598438739135e-05,0.09037966291183591,0.0001310379855425915,25,10,20
44,2791,0.8771817371741024,1.579144772869737e-06,0.12280157466228953,1.5109018834748017e-05,25,10,20
44,2792,0.8692439871330662,1.4761116544208653e-06,0.13072638775678125,2.8148998497753272e-05,25,10,20
44,2793,0.9312822518597993,7.701806835834266e-06,0.06869520359941796,1.4842733946677776e-05,25,10,20
44,2794,0.9124992294996863,6.622815256157535e-07,0.08749263558906506,7.472629722767082e-06,25,10,20
44,2795,0.9400160097904451,6.669801128877444e-07,0.05998073278604586,2.5904433954166693e-06,25,10,20
44,2796,0.9534526273748927,9.658184509736687e-06,0.04652194499129881,1.5769449298181702e-05,25,10,20
44,2797,0.9084104155181878,8.29751192566372e-05,0.09145436502134675,5.224434120850125e-05,25,10,20
44,2798,0.9418421005117059,6.201434047940957e-06,0.05814385020091506,7.84785333094377e-06,25,10,20
44,2799,0.9408151921861593,1.5836876821185526e-07,0.05918263442947608,2.0150155965098368e-06,25,10,20
44,2800,0.9483710767749897,2.7109372162041892e-06,0.050834981862954425,0.0007912304248392499,25,10,20
44,2801,0.9251845866604883,1.1878758877230067e-05,0.0747153728303188,8.816175031569008e-05,25,10,20
44,2802,0.8989867270118355,1.039071075876261e-05,0.09480584016727901,0.00619704211012703,25,10,20
44,2803,0.9241476872225867,2.887077061836758e-06,0.07581678657592397,3.263912442683872e-05,25,10,20
44,2804,0.9077940929165466,2.9019103880027585e-06,0.09218433610376922,1.8669069296997316e-05,25,10,20
44,2805,0.9661473119448272,5.0216882992148395e-06,0.033830075801545255,1.7590565328338168e-05,25,10,20
44,2806,0.958386349172089,1.2351011210254874e-06,0.04146115544579367,0.00015126028099612574,25,10,20
44,2807,0.9270687013028703,5.328479224632263e-07,0.07292444754351257,6.318305694591517e-06,25,10,20
44,2808,0.9428348941838601,3.2619064250371105e-07,0.057102580417900846,6.21992075962811e-05,25,10,20
44,2809,0.9248676313572568,6.729590101700425e-07,0.07499724600280089,0.00013444968093152674,25,10,20
44,2810,0.9056543258462633,0.001061507169746687,0.09327828497809314,5.882005896461204e-06,25,10,20
44,2811,0.9334893860004392,0.001067031513942117,0.06536264980007293,8.093268554608444e-05,25,10,20
44,2812,0.8925705104092979,0.0010680487630226054,0.1060081171908421,0.00035332363683769565,25,10,20
44,2813,0.9521455231165002,8.475012306519237e-06,0.04780160943202065,4.439243917267379e-05,25,10,20
44,2814,0.9686516215734855,1.9383390885931564e-07,0.031327428213295844,2.0756379310019123e-05,25,10,20
44,2815,0.9160408432008671,1.1578795966347014e-05,0.08393705378417274,1.0524218993768015e-05,25,10,20
44,2816,0.9257130940969138,4.542407953458426e-05,0.07168635679988644,0.002555125023665079,25,10,20
44,2817,0.9741007600538276,9.382093357121824e-07,0.02572663070997807,0.00017167102685859998,25,10,20
44,2818,0.9346246368284165,6.467782617323825e-07,0.06524154789172434,0.00013316850159751601,25,10,20
44,2819,0.9438137564439955,1.669081423976973e-06,0.055769922725578576,0.00041465174900241113,25,10,20
44,2820,0.9722043325644545,1.3396069288294318e-06,0.02766561353330408,0.00012871429531259213,25,10,20
44,2821,0.935055917200804,1.4305792702122195e-06,0.06480493520186481,0.000137717018061009,25,10,20
44,2822,0.961247563096025,3.6084279676090767e-07,0.03874333162568192,8.744435496866845e-06,25,10,20
44,2823,0.8946029586750115,2.619398288687404e-06,0.07429978342800192,0.03109463849869806,25,10,20
44,2824,0.9229482046580054,3.594119553031472e-07,0.040809780951866326,0.03624165497817304,25,10,20
44,2825,0.9099846316755069,1.0677819724238157e-05,0.05046120727986534,0.03954348322490331,25,10,20
44,2826,0.9018295586969094,7.15503683484371e-07,0.06880900692641596,0.02936071887299009,25,10,20
44,2827,0.9367309596261932,3.4391534156302334e-07,0.03390211799826426,0.029366578460201076,25,10,20
44,2828,0.9181126307567412,3.937437944431707e-06,0.042754877928470575,0.03912855387684364,25,10,20
44,2829,0.8538935295048478,1.0097530662682492e-07,0.10698414412508385,0.039122225394760984,25,10,20
44,2830,0.791612072457495,7.294174226047249e-08,0.16884404376737347,0.0395438108333878,25,10,20
44,2831,0.9190921896036361,1.1379714710736913e-05,0.0537375847052676,0.027158845976385498,25,10,20
44,2832,0.8986262947559127,1.1964542947281397e-05,0.10135359505079675,8.14565034304472e-06,25,10,20
44,2833,0.8816703059453659,1.1421335791597654e-05,0.11487106968357684,0.0034472030352653642,25,10,20
44,2834,0.93063265126734,1.1395296681888617e-05,0.06930964109889991,4.631233707836475e-05,25,10,20
44,2835,0.9351861938945635,1.1312975360765652e-05,0.06479570631303985,6.786817036340141e-06,25,10,20
44,2836,0.9294983992614791,1.1099457869375273e-05,0.07008193372187757,0.0004085675587738947,25,10,20
44,2837,0.9513795453729429,4.798476916731907e-06,0.048155782394720854,0.00045987375541975325,25,10,20
44,2838,0.894631730619048,5.097774691554189e-06,0.10525688419434415,0.00010628741191664556,25,10,20
44,2839,0.9356905888219277,2.4623619195770593e-05,0.06427132768442106,1.3459874456228024e-05,25,10,20
44,2840,0.9619604091262955,1.6177469246759262e-05,0.037997869154394584,2.55442500627993e-05,25,10,20
44,2841,0.9236287098716719,9.496774854028636e-06,0.07633750526045799,2.428809301567064e-05,25,10,20
44,2842,0.9341552136885494,2.3986506223706225e-06,0.06580319999428949,3.918766653806579e-05,25,10,20
44,2843,0.9366204232001468,5.232077302969519e-06,0.06333835213313532,3.599258941478642e-05,25,10,20
44,2844,0.8523991404116034,2.795504280190883e-06,0.14754325371649635,5.4810367619570844e-05,25,10,20
44,2845,0.935587635653342,2.441820427723467e-06,0.06427154865823036,0.00013837386799930444,25,10,20
44,2846,0.8942367066518855,8.084444206279705e-05,0.10527084029411898,0.00041160861193185696,25,10,20
44,2847,0.9043185950656358,0.0002388880691857094,0.09511129167089766,0.00033122519428109326,25,10,20
44,2848,0.9216641724581807,1.4498817604960447e-05,0.07816087705237718,0.00016045167183744216,25,10,20
44,2849,0.8656529472581542,3.419317765685006e-05,0.13417374874197774,0.00013911082221101253,25,10,20
44,2850,0.849832000153491,9.734456408305206e-06,0.14970560150094273,0.00045266388915726335,25,10,20
44,2851,0.885606846266874,6.753145691192332e-06,0.11436012525650366,2.627533093055872e-05,25,10,20
44,2852,0.9340218660446231,2.0120662943449506e-05,0.06591328100101689,4.4732291416446724e-05,25,10,20
44,2853,0.8752589189007309,1.3971972802821543e-06,0.12316499978570362,0.0015746841162850617,25,10,20
44,2854,0.9184596490489535,0.0003184095729172642,0.07896634061663582,0.0022556007614933987,25,10,20
44,2855,0.8919704047827568,8.790571994421543e-06,0.10560440682379456,0.002416397821454131,25,10,20
44,2856,0.8368618040002712,3.1445350152892344e-06,0.16239998171560768,0.0007350697491057207,25,10,20
44,2857,0.8716136405841405,1.2362387651593694e-05,0.12829715940191275,7.68376262952887e-05,25,10,20
44,2858,0.9574066669768518,5.103770368261466e-05,0.04250838999593833,3.3905323527003115e-05,25,10,20
44,2859,0.9704384800624212,4.720925921432927e-07,0.029536461064089813,2.4586780896747254e-05,25,10,20
44,2860,0.851842947868578,6.551023433825906e-05,0.14732456847144706,0.0007669734256362101,25,10,20
44,2861,0.8788039396023143,2.427820358680856e-06,0.12115345326770387,4.017930962313275e-05,25,10,20
44,2862,0.9742204553349748,9.597864872238257e-08,0.02576768367011122,1.1765016265448305e-05,25,10,20
44,2863,0.9242187125756264,0.0004906221582875487,0.07527779592173339,1.2869344352543018e-05,25,10,20
44,2864,0.9432554101686307,0.00014845783214706562,0.056563384276647935,3.274772257433858e-05,25,10,20
44,2865,0.9254572318222785,5.805643615515567e-07,0.05984904276252232,0.014693144850837387,25,10,20
44,2866,0.9305366870482795,1.4056485137459631e-06,0.06945627981424346,5.627488963471829e-06,25,10,20
44,2867,0.9184415411416876,4.906717447596589e-07,0.08151877388120327,3.9194305364239196e-05,25,10,20
44,2868,0.8129565634638989,3.8863377920723055e-06,0.17934879051690314,0.00769075968140561,25,10,20
44,2869,0.7990377473740858,1.1074056775148318e-06,0.1934158025266561,0.007545342693579293,25,10,20
44,2870,0.8274603325905433,2.6714646053627935e-07,0.17253238592370626,7.014339289725166e-06,25,10,20
44,2871,0.8431233963648596,3.705254729833999e-07,0.1567028652931725,0.0001733678164945032,25,10,20
44,2872,0.8601647370579214,4.724749037347205e-06,0.1381443227034206,0.0016862154896200633,25,10,20
44,2873,0.8804206216752302,1.1515443989068249e-05,0.11598321722901427,0.003584645651765748,25,10,20
44,2874,0.8670449542509493,1.610910084881932e-06,0.09463634424055928,0.038317090598405865,25,10,20
44,2875,0.8722698176120711,2.5587349634000504e-05,0.0892698305577539,0.03843476448054139,25,10,20
44,2876,0.8016071753472999,3.55378958325834e-05,0.1592713748118752,0.03908591194499281,25,10,20
44,2877,0.764620613424472,3.631670053916489e-05,0.20631945993078993,0.029023609944199103,25,10,20
44,2878,0.7772778039091225,1.3053922001366573e-05,0.19305429851586794,0.029654843653009348,25,10,20
44,2879,0.8733204941350431,1.5251183079118523e-05,0.1257026733573331,0.0009615813245445084,25,10,20
44,2880,0.9160247026382506,1.1967745858674382e-05,0.08310770725419582,0.0008556223616952062,25,10,20
44,2881,0.8858728697912174,1.1525960758074349e-05,0.1141069046273363,8.699620688130178e-06,25,10,20
44,2882,0.8830230586425968,3.0389793164977445e-06,0.11695594556755948,1.7956810527119765e-05,25,10,20
44,2883,0.9449747689574532,1.1840740981918107e-07,0.05485969609875891,0.00016541653637815895,25,10,20
44,2884,0.9260177135198403,9.89985123583362e-08,0.07397419424514083,7.99323650664643e-06,25,10,20
44,2885,0.9421808414645334,1.784274082358968e-06,0.056674634031960824,0.001142740229423551,25,10,20
44,2886,0.9052645264737958,2.966910784644783e-06,0.09358291496473338,0.0011495916506857975,25,10,20
44,2887,0.8919842129357538,1.599316524322059e-06,0.10665643582875868,0.0013577519189632381,25,10,20
44,2888,0.9193307994867004,6.86723693304518e-07,0.07940424732483779,0.001264266464768556,25,10,20
44,2889,0.9350730216048528,0.00019633717432238854,0.06461186261037719,0.00011877861044752684,25,10,20
44,2890,0.9034812007878233,1.6080715990222745e-06,0.09651140635173784,5.784788839770065e-06,25,10,20
44,2891,0.8880176338072634,1.050674741220335e-06,0.1119760469632896,5.268554706511829e-06,25,10,20
44,2892,0.8859122741838393,0.0009460589480717686,0.11311930233448075,2.236453360819424e-05,25,10,20
44,2893,0.9425452608704835,1.8905495828649852e-06,0.05744835221236433,4.49636756930095e-06,25,10,20
44,2894,0.9222302929561534,2.386698954536704e-06,0.07708922887048908,0.0006780914744030519,25,10,20
44,2895,0.8487791676408605,9.211020046657795e-06,0.15119704093763578,1.458040145594833e-05,25,10,20
44,2896,0.8866324658224252,1.4097901753158773e-05,0.11333899816958558,1.4438106236264077e-05,25,10,20
44,2897,0.8805264343466865,0.0015683798243559593,0.11788388773791782,2.1298091038582904e-05,25,10,20
44,2898,0.9217495304184959,1.5691067879685525e-05,0.07821864561672989,1.6132896894468336e-05,25,10,20
44,2899,0.9616690558753328,1.8070311761092514e-06,0.03831731430719862,1.1822786292572827e-05,25,10,20
44,2900,0.9379969391295095,0.0005893095609057087,0.061401290751169714,1.2460558415167015e-05,25,10,20
44,2901,0.9436873250046373,2.1045331889599542e-07,0.056255055265635664,5.740927640852094e-05,25,10,20
44,2902,0.9715625831107999,4.642484563409839e-06,0.028364702496039142,6.807190859748281e-05,25,10,20
44,2903,0.9393905184405078,8.733300970672933e-07,0.060555975960009265,5.263226938596666e-05,25,10,20
44,2904,0.8735484748823055,3.913770942215111e-06,0.12588226224400162,0.00056534910275223,25,10,20
44,2905,0.9292763390185472,9.429338427904421e-07,0.07016081551077046,0.0005619025368394001,25,10,20
44,2906,0.911251560539192,2.681006362174872e-05,0.06716079489687762,0.021560834500309004,25,10,20
44,2907,0.8588220098802908,2.686825324772478e-05,0.10273105624999021,0.03842006561647271,25,10,20
44,2908,0.8374128777582156,2.1423219596492728e-05,0.13720697555125713,0.025358723470932088,25,10,20
44,2909,0.9349511398256332,1.944153455748818e-06,0.04066156800104225,0.0243853480198692,25,10,20
44,2910,0.9112240876074297,6.248219362969888e-07,0.05256046433548786,0.0362148232351454,25,10,20
44,2911,0.9240695014499188,4.624650020563802e-07,0.05930472152202224,0.01662531456305673,25,10,20
44,2912,0.8677810255948755,1.924621276674939e-06,0.1155532678005352,0.016663781983312732,25,10,20
44,2913,0.9465991811983518,1.8268845764092518e-07,0.036746980968124045,0.016653655145066802,25,10,20
44,2914,0.9697506543113208,2.985714177628119e-07,0.03023219839644514,1.6848720816107708e-05,25,10,20
44,2915,0.9276957917800176,3.9837663216168865e-06,0.07224247583215133,5.7748621509857316e-05,25,10,20
44,2916,0.9349914288588325,1.0991752781537611e-05,0.06478156035679855,0.00021601903158803868,25,10,20
44,2917,0.9158488752798707,1.3167335759794059e-05,0.08409309765994799,4.485972442104686e-05,25,10,20
44,2918,0.870672508950926,1.8454468226031996e-06,0.1293126375732121,1.300802903927892e-05,25,10,20
44,2919,0.9407212846917234,1.7922189822403638e-06,0.05925835068601397,1.8572403280224696e-05,25,10,20
44,2920,0.9397608631375679,9.393507701256052e-07,0.060223932543077695,1.4264968584014107e-05,25,10,20
44,2921,0.9390863648674791,4.609380093093411e-06,0.06090771275204695,1.3130003808020162e-06,25,10,20
44,2922,0.9164442490172792,1.1201377653460218e-05,0.08353332880235236,1.122080271475762e-05,25,10,20
44,2923,0.8943405533688832,2.2357616952252933e-05,0.10561363066393445,2.3458350229404002e-05,25,10,20
44,2924,0.9027993489323636,2.345830805821909e-05,0.09157191834777571,0.00560527441180125,25,10,20
44,2925,0.7943523005167598,8.851067941036159e-05,0.19998347654848356,0.0055757122553458,25,10,20
44,2926,0.9100205335932726,3.0322592972153508e-05,0.089920494735044,2.8649078711026225e-05,25,10,20
44,2927,0.8970170034659417,1.7161696773994798e-05,0.10294806486131913,1.7769975964885492e-05,25,10,20
44,2928,0.9248370167854801,2.9003519965209927e-06,0.07486987437417027,0.00029020848835332796,25,10,20
44,2929,0.9126812985488637,6.410147329391122e-06,0.08729521402636489,1.707727744178196e-05,25,10,20
44,2930,0.8368103397361168,0.001403191778092705,0.16164966662268884,0.000136801863102419,25,10,20
44,2931,0.8640586833690223,0.0013985475577747866,0.13441277175644048,0.00012999731676251614,25,10,20
44,2932,0.8854826596419136,1.6471384930863272e-05,0.11449083711319416,1.0031859960541995e-05,25,10,20
44,2933,0.8890920859264084,2.4674546221279067e-06,0.08614054671369525,0.024764899905273773,25,10,20
44,2934,0.8670342937213484,2.6798517349360586e-06,0.10786567419764603,0.02509735222927036,25,10,20
44,2935,0.8661454764435116,1.8305259244644291e-06,0.09580131858949839,0.03805137444106455,25,10,20
44,2936,0.904097976377808,7.811142613869412e-07,0.06087010159629305,0.03503114091163729,25,10,20
44,2937,0.9325948427668622,5.023128331249412e-08,0.028474820860534603,0.038930286141319576,25,10,20
44,2938,0.8968464302682955,7.896610374828312e-08,0.06399327839829189,0.03916021236730867,25,10,20
44,2939,0.8360525923234386,2.0918744046765724e-06,0.1247792275807104,0.03916608822144654,25,10,20
44,2940,0.8682222185627931,4.260350952077569e-06,0.11558785184270809,0.016185669243546735,25,10,20
44,2941,0.8445420160883603,1.1309651870260224e-06,0.13080712414842166,0.02464972879803057,25,10,20
44,2942,0.9380146410017137,2.293578471704708e-06,0.037333593964724514,0.024649471455090066,25,10,20
44,2943,0.94543833106132,8.582805047275426e-08,0.029910011760138477,0.0246515713504913,25,10,20
44,2944,0.9072924961242735,2.8589606784557824e-06,0.056350865828649115,0.03635377908639863,25,10,20
44,2945,0.884217144088031,4.638694859077995e-07,0.04784890051744729,0.06793349152503575,25,10,20
44,2946,0.8512054673142765,1.6376595038259063e-05,0.09476148783117627,0.05401666825950856,25,10,20
44,2947,0.908462746178349,4.231828513258142e-07,0.06463815931518922,0.02689867132361027,25,10,20
44,2948,0.942744202859831,1.5452659246366978e-06,0.055687325251085704,0.001566926623158749,25,10,20
44,2949,0.9419532618112375,4.998729611222276e-07,0.05798132190126208,6.491641453948705e-05,25,10,20
44,2950,0.8534227569608013,0.00016497846202455694,0.1462888321804473,0.0001234323967271882,25,10,20
44,2951,0.8522737199942589,2.8294932501445283e-07,0.14766952647338463,5.6470583031980645e-05,25,10,20
44,2952,0.9026255045467957,1.7814304946122443e-05,0.09735111307754954,5.568070708858238e-06,25,10,20
44,2953,0.9251563177919512,2.7798209208394973e-05,0.07480561943933396,1.026455950640516e-05,25,10,20
44,2954,0.9385772180734746,5.338705668071257e-05,0.06136364052523103,5.754344613831192e-06,25,10,20
44,2955,0.9252509303586969,5.530534662271876e-05,0.07403427497917604,0.0006594893155047734,25,10,20
44,2956,0.9132298616909683,1.83794661739454e-05,0.08674781322712377,3.945615733803436e-06,25,10,20
44,2957,0.9125869106053721,1.8519355479787262e-05,0.08738590858346203,8.661455685905119e-06,25,10,20
44,2958,0.8259962543903263,1.2938443982154347e-06,0.1737368977630993,0.00026555400217591135,25,10,20
44,2959,0.9030797509345844,3.5249655744822963e-07,0.09292820853265026,0.003991688036207475,25,10,20
44,2960,0.9319598060169321,4.4134499976008214e-07,0.06802665482067646,1.3097817391968339e-05,25,10,20
44,2961,0.9613764371337987,3.83538432235413e-06,0.03861354749057914,6.179991299985071e-06,25,10,20
44,2962,0.8975860406545491,3.272867891851631e-05,0.10229332323678704,8.790742974512204e-05,25,10,20
44,2963,0.9156004833190865,3.262055241211163e-05,0.08435204441012564,1.4851718375091293e-05,25,10,20
44,2964,0.8548679369892115,1.9277596040126017e-06,0.1443766757773772,0.0007534594738062545,25,10,20
44,2965,0.9122824174687609,6.062320304979745e-07,0.08728440592330174,0.00043257037590634757,25,10,20
44,2966,0.9591647796882841,1.381158770352648e-06,0.04082901769546157,4.821457483981715e-06,25,10,20
44,2967,0.9393305878426811,1.742706064150479e-06,0.06063419748223895,3.347196901615737e-05,25,10,20
44,2968,0.8864160484317722,1.0796796488781249e-06,0.11340955693365685,0.0001733149549217422,25,10,20
44,2969,0.9259644832557421,1.737298962202862e-06,0.06457509138733117,0.009458688057963977,25,10,20
44,2970,0.9269600490396048,1.9026121471275724e-06,0.06374119504436998,0.009296853303877906,25,10,20
44,2971,0.9253906415242732,1.0328940386714134e-05,0.06305207313119543,0.011546956404144873,25,10,20
44,2972,0.9710507689504297,5.969460646819413e-07,0.028921841297288746,2.6792806216995955e-05,25,10,20
44,2973,0.9439505352990567,1.519484833881323e-07,0.05604618390869638,3.128843763806692e-06,25,10,20
44,2974,0.9557018268410321,2.4504324314913942e-05,0.04420822045608367,6.544837856904136e-05,25,10,20
44,2975,0.912240412739541,2.586556617507177e-05,0.08761702828701265,0.00011669340727166164,25,10,20
44,2976,0.8952387368148108,0.00015749978953839467,0.10450387679167344,9.988660397763582e-05,25,10,20
44,2977,0.9178915646282627,8.078431753770239e-06,0.08192889631555829,0.00017146062442518757,25,10,20
44,2978,0.8542405994884021,1.2106336403992889e-05,0.1456865931463091,6.0701028885021294e-05,25,10,20
44,2979,0.8441096198178347,1.4752083007206278e-06,0.1554265562940468,0.0004623486798181423,25,10,20
44,2980,0.7570620835613141,2.0272492370163285e-05,0.24267080578717137,0.0002468381591431689,25,10,20
44,2981,0.8659499688557569,1.4348197295081089e-07,0.13404186701843376,8.020643836878205e-06,25,10,20
44,2982,0.8665254110529941,1.0912814196619424e-06,0.13344315750334146,3.0340162243170458e-05,25,10,20
44,2983,0.8525483813435839,8.880598181128242e-07,0.14741025436066005,4.047623593706515e-05,25,10,20
44,2984,0.9055607270698744,0.00010674347552730253,0.09431928144195259,1.3248012645783913e-05,25,10,20
44,2985,0.8319061242312089,2.202795985105892e-06,0.16787340171471485,0.00021827125809129668,25,10,20
44,2986,0.8248821038448404,2.6599956891793587e-06,0.15640736552440482,0.01870787063506629,25,10,20
44,2987,0.8828163749739264,6.293381704097611e-07,0.07815713595795037,0.03902585972995293,25,10,20
44,2988,0.8258380040456594,5.672651160911835e-07,0.13508608070625427,0.03907534798297003,25,10,20
44,2989,0.8761223361939835,8.192087449330145e-07,0.09948213346123312,0.024394711136038576,25,10,20
44,2990,0.8235580546514543,1.066284504612798e-06,0.15211203330361417,0.024328845760426772,25,10,20
44,2991,0.8463257708925148,4.4728271800760194e-07,0.11435787960892368,0.03931590221584332,25,10,20
44,2992,0.9123292787606857,2.2302999573138776e-06,0.08743734267750716,0.00023114826185047729,25,10,20
44,2993,0.9266079322697951,2.2206147281234433e-05,0.07326393751437454,0.00010592406854922543,25,10,20
44,2994,0.9519847161654147,3.7577909774541444e-06,0.045455412531121356,0.002556113512486351,25,10,20
44,2995,0.9272541480096841,4.939763416879258e-05,0.07259897047902086,9.7483877126276e-05,25,10,20
44,2996,0.9203232016746903,8.995823479759348e-08,0.07965664264646956,2.0065720604821695e-05,25,10,20
44,2997,0.9559970749944317,3.857663107186278e-05,0.04377873242948743,0.00018561594500926228,25,10,20
44,2998,0.9386200639901929,2.1609607094037516e-06,0.06129123879917308,8.653624992447548e-05,25,10,20
44,2999,0.9285829235012525,2.4663332234977317e-06,0.07131500748441658,9.960268110736193e-05,25,10,20
44,3000,0.8233635168910147,3.9113570843783e-06,0.17648538599430832,0.00014718575759255884,25,10,20
44,3001,0.8779768074758081,0.0002051471700910381,0.12172418432918207,9.386102491776124e-05,25,10,20
44,3002,0.9425599382320909,3.8795059444742006e-05,0.057363058854603806,3.820785386035731e-05,25,10,20
44,3003,0.9583710533949484,1.810654208551006e-05,0.041586195505995446,2.4644556970222133e-05,25,10,20
44,3004,0.9550242448421813,6.172099047553545e-06,0.04484820912289335,0.0001213739358776479,25,10,20
44,3005,0.9217919197509465,2.147514050846784e-05,0.07273847584320119,0.005448129265343403,25,10,20
44,3006,0.9627349761415513,6.938097825171705e-06,0.035418869214287406,0.0018392165463359295,25,10,20
44,3007,0.9894124039279356,7.564527695373132e-07,0.010577917453337722,8.92216595749995e-06,25,10,20
44,3008,0.9021748864251607,4.561784088067517e-07,0.09781570586662237,8.951529808396186e-06,25,10,20
44,3009,0.9482372218755525,1.0856434757603818e-06,0.05173679058555328,2.490189541833762e-05,25,10,20
44,3010,0.9401536235000756,1.9015768692076073e-06,0.05983271546888951,1.1759454165408181e-05,25,10,20
44,3011,0.9679860757776872,1.7691412669687555e-06,0.03200026077103276,1.1894310013416068e-05,25,10,20
44,3012,0.9085004919249121,9.214521466758566e-06,0.09146913891197352,2.115464164738792e-05,25,10,20
44,3013,0.8871949863754157,5.4449219107003245e-06,0.11274729787084943,5.2270831824494884e-05,25,10,20
44,3014,0.9328544387295445,7.227084206619076e-06,0.067133837111616,4.4970746327799666e-06,25,10,20
44,3015,0.9570662163854613,6.472970402890543e-06,0.04291643231388585,1.087833024976596e-05,25,10,20
44,3016,0.9529480161739033,9.669952137644488e-06,0.047014985146264524,2.7328727694375647e-05,25,10,20
44,3017,0.9402297505648625,4.2021985071033685e-06,0.05928604667391607,0.0004800005627137338,25,10,20
44,3018,0.8936976330005112,6.179706397286668e-05,0.10622834582815052,1.2224107365047874e-05,25,10,20
44,3019,0.929292908732582,1.733242543726963e-05,0.07066799538542522,2.1763456555774474e-05,25,10,20
44,3020,0.9017227061500733,2.3763407048609936e-06,0.09824158768169829,3.3329827524170986e-05,25,10,20
44,3021,0.9277316385590055,1.9029306007484477e-06,0.07225168403826762,1.4774472126611048e-05,25,10,20
44,3022,0.9102917028547535,1.5467110258023517e-07,0.08934984816967884,0.00035829430446513024,25,10,20
44,3023,0.8458668111556402,6.492639767003118e-06,0.15397299073571225,0.0001537054688800845,25,10,20
44,3024,0.9188643304937416,7.038135919971699e-06,0.08095214962468184,0.00017648174565644824,25,10,20
44,3025,0.8826884224741928,7.528084832309547e-06,0.11726693208762486,3.711735335021054e-05,25,10,20
44,3026,0.9002587055610064,3.1912453764640126e-06,0.09932285793198671,0.00041524526162993355,25,10,20
44,3027,0.920967565773141,2.603829267829973e-06,0.07859279522139045,0.0004370351762003403,25,10,20
44,3028,0.901321094443732,1.54434660345121e-05,0.0986055269198628,5.793517036963147e-05,25,10,20
44,3029,0.8769020313268966,1.1506627756698848e-05,0.12302155445114028,6.490759420583682e-05,25,10,20
44,3030,0.8949886137726918,3.1581478689191005e-06,0.08937289717856142,0.015635330900877542,25,10,20
44,3031,0.8831814003571035,9.063370341032224e-06,0.11659260018759827,0.00021693608495699092,25,10,20
44,3032,0.8807889414218171,4.3924327266778464e-05,0.11088219895614443,0.008284935294771794,25,10,20
44,3033,0.9068809960300096,1.212297133966717e-06,0.0927073155659485,0.0004104761069086257,25,10,20
44,3034,0.9076541068978358,4.454185574426692e-05,0.09189767660525218,0.0004036746411675086,25,10,20
44,3035,0.906572439170664,1.9305295800627475e-06,0.09304333124112193,0.000382299058634289,25,10,20
44,3036,0.8986703148636841,3.4635753512960543e-06,0.10123981740457527,8.640415638990094e-05,25,10,20
44,3037,0.9148471072668847,2.4612559532843518e-06,0.08511515933930895,3.527213785401206e-05,25,10,20
44,3038,0.8939629895004165,1.383928363398659e-06,0.10600264173198955,3.298483923015588e-05,25,10,20
44,3039,0.9112562774540441,9.96640758588798e-07,0.08871294321659401,2.978268860290889e-05,25,10,20
44,3040,0.9191306163843248,3.975138381634339e-06,0.08085214933465806,1.3259142635820113e-05,25,10,20
44,3041,0.9679789039382405,9.489664990029942e-07,0.031941549594288986,7.859750097144577e-05,25,10,20
44,3042,0.959695474558933,4.540841264826629e-06,0.040217475686608106,8.250891319417633e-05,25,10,20
44,3043,0.9355039652534163,1.957649537826862e-06,0.0644874603667354,6.616730311283986e-06,25,10,20
44,3044,0.9412736384957751,1.0169972481639656e-06,0.05489980828721849,0.0038255362197583526,25,10,20
44,3045,0.900081056319775,3.1522238902280813e-07,0.0960958864207416,0.003822742037094087,25,10,20
44,3046,0.8657846383696346,0.005424465703473396,0.12539284821003935,0.003398047716852444,25,10,20
44,3047,0.9081717549325212,5.032555937496154e-07,0.09178867011197867,3.907169990590515e-05,25,10,20
44,3048,0.9487288899562759,1.1031073143071721e-05,0.05125694386508905,3.1351054918261608e-06,25,10,20
44,3049,0.9467749908552427,1.0999832267018197e-05,0.05298448987717388,0.00022951943531600814,25,10,20
44,3050,0.8653902503189276,0.00031386818741036216,0.11949679981038126,0.01479908168328007,25,10,20
44,3051,0.8784044876669277,2.2014211380348906e-06,0.10654426211299993,0.01504904879893376,25,10,20
44,3052,0.8573685445957154,9.070979904272329e-07,0.127791123649467,0.014839424656827376,25,10,20
44,3053,0.8426762606378422,8.105540353178834e-07,0.12106896629383324,0.036253962514289494,25,10,20
44,3054,0.8618340220506839,1.9512083170064584e-05,0.137974256015534,0.00017220985061187417,25,10,20
44,3055,0.8169062991288049,2.0732035877546584e-05,0.18304261027226537,3.0358563051765056e-05,25,10,20
44,3056,0.892620612073007,1.865870517966408e-05,0.10733235326106554,2.8375960747586202e-05,25,10,20
44,3057,0.9158528915592337,2.7804132846951854e-07,0.08413706221290934,9.768186527935125e-06,25,10,20
44,3058,0.9260576709758794,1.0599497054786054e-06,0.07390311266380105,3.8156410614158443e-05,25,10,20
44,3059,0.9534644931239084,1.256194944849028e-07,0.04648922432907431,4.615692752317863e-05,25,10,20
44,3060,0.9336163763035655,3.6976025050490835e-07,0.06638168930083652,1.5646353470867457e-06,25,10,20
44,3061,0.9409970149888184,2.521885993855502e-06,0.05898482811647799,1.5635008709527106e-05,25,10,20
44,3062,0.9484024464825631,2.628691541477583e-06,0.051569658040775505,2.526678511893078e-05,25,10,20
44,3063,0.9235824334025637,3.784609332880844e-07,0.07639766742604831,1.952071045439243e-05,25,10,20
44,3064,0.890275094146945,8.000096489779535e-06,0.10928004652145168,0.0004368592351126665,25,10,20
44,3065,0.8811843919436163,5.97200879054606e-06,0.11877802470958652,3.161133800573309e-05,25,10,20
44,3066,0.8394656856913172,4.681097810050598e-06,0.1330024755018483,0.027527157709024554,25,10,20
44,3067,0.875908713783496,3.835617591694307e-06,0.0969705548954632,0.027116895703449457,25,10,20
44,3068,0.8883685069893255,9.207924170171515e-06,0.08458255054049485,0.02703973454600966,25,10,20
44,3069,0.9072170046481031,2.583000687472495e-05,0.09142270705982099,0.0013344582852007013,25,10,20
44,3070,0.8897181374379034,2.193926686305274e-05,0.11022123460394141,3.868869129270904e-05,25,10,20
44,3071,0.9296993811995644,2.8157996921627675e-06,0.07025214501685569,4.565798388732751e-05,25,10,20
44,3072,0.8721274640806927,1.294993983225939e-05,0.12778831132588636,7.127465358812227e-05,25,10,20
44,3073,0.8823514500112833,1.2570018586013254e-06,0.11751969831414018,0.00012759467271690795,25,10,20
44,3074,0.9224143531072171,1.3166751666445658e-06,0.07755888096101629,2.544925659918558e-05,25,10,20
44,3075,0.872668036425802,0.005404771833567752,0.12181442517266991,0.00011276656795992555,25,10,20
44,3076,0.9015843104399391,0.005403190863583208,0.09296912418420136,4.337451227651242e-05,25,10,20
44,3077,0.8792433773109236,9.552072390476283e-06,0.12073388094661346,1.3189670073127361e-05,25,10,20
44,3078,0.8889085484432425,0.00013452270436348899,0.11095095682942406,5.972022969660713e-06,25,10,20
44,3079,0.8287418723107463,0.0001259954696320598,0.17112422962594157,7.902593680556728e-06,25,10,20
44,3080,0.9306784830425384,7.197770115305372e-06,0.06930855175075172,5.767436594934983e-06,25,10,20
44,3081,0.9266365374781084,4.3942668643440624e-05,0.07331392170547088,5.598147777564851e-06,25,10,20
44,3082,0.9178369260151369,3.656941986051934e-05,0.0813670781386693,0.000759426426333671,25,10,20
44,3083,0.9174411724296182,5.749461937720273e-06,0.08177367860546463,0.000779399502979755,25,10,20
44,3084,0.9012002678255943,2.6940424131650815e-07,0.09806908709386022,0.0007303756763046168,25,10,20
44,3085,0.9247114950504839,2.7997846292942905e-06,0.07456287874090207,0.0007228264239846568,25,10,20
44,3086,0.8515858894991635,9.6600427164234e-06,0.14764319518659536,0.0007612552715248724,25,10,20
44,3087,0.8906261108301737,1.8791420296311978e-06,0.10890606929013963,0.00046594073765625284,25,10,20
44,3088,0.8769070960020241,1.3835223025645673e-06,0.0859783747221174,0.03711314575355544,25,10,20
44,3089,0.8746255829039,1.3234018968383187e-06,0.09931567863444102,0.02605741505976213,25,10,20
44,3090,0.9070205742226863,1.169147365559108e-06,0.06694771187941143,0.026030544750536847,25,10,20
44,3091,0.8551844919054862,3.39484985346817e-06,0.10516531645603769,0.039646796788623234,25,10,20
44,3092,0.8468929349470561,1.3214404963704357e-05,0.11389263353398305,0.03920121711399715,25,10,20
44,3093,0.7678949443375263,1.0761660304633707e-05,0.19289371907995484,0.039200574922214765,25,10,20
44,3094,0.7994410788764477,3.1758362015942767e-06,0.17474360338025324,0.02581214190709748,25,10,20
44,3095,0.8805657551101643,2.358517338312138e-06,0.08533567930603533,0.034096207066462,25,10,20
44,3096,0.9099733348700352,1.3853669296803111e-07,0.05605632734464969,0.033970199248621755,25,10,20
44,3097,0.8789624345686758,4.960748668412045e-07,0.08202012483383792,0.03901694452261945,25,10,20
44,3098,0.9033971982515111,6.25538804098291e-07,0.09468173953038829,0.0019204366792960736,25,10,20
44,3099,0.9074324617245035,3.307511532011822e-07,0.09256112540755038,6.082116792400612e-06,25,10,20
44,3100,0.8922162240929548,6.014542801184194e-07,0.10774468304407281,3.849140869245674e-05,25,10,20
44,3101,0.9318521585206377,2.921157596515399e-07,0.06807167468666389,7.587467693882807e-05,25,10,20
44,3102,0.936309052346013,3.360730236035182e-05,0.06359900030460662,5.8340047020162565e-05,25,10,20
44,3103,0.9544465432839381,1.5185764802118128e-06,0.04549919119376338,5.27469458187875e-05,25,10,20
44,3104,0.9515240303468028,1.1532167947293567e-06,0.04840438278254573,7.043365385684227e-05,25,10,20
44,3105,0.9092924734594063,6.652457252542415e-06,0.09048759450018419,0.00021327958315742388,25,10,20
44,3106,0.9148123467260284,0.00012103176103897302,0.08491420039542501,0.00015242111750824697,25,10,20
44,3107,0.9453980339037967,1.1839278453054675e-07,0.054591584646660404,1.0263056758340222e-05,25,10,20
44,3108,0.9608419691443589,3.1712282742043206e-07,0.03913827505107403,1.94386817395655e-05,25,10,20
44,3109,0.9088615729164592,1.8821563653927205e-07,0.09099197753358784,0.00014626133431644745,25,10,20
44,3110,0.901161429356105,5.018216288134694e-07,0.09852911801527368,0.00030895080699184233,25,10,20
44,3111,0.9503781388221154,1.4239743725899049e-07,0.049591518794212114,3.019998623495012e-05,25,10,20
44,3112,0.9571598121689461,5.149928137259183e-07,0.04283042471345503,9.248124784883871e-06,25,10,20
44,3113,0.9386106982421785,1.8762913156590385e-06,0.0613670900251361,2.0335441370167043e-05,25,10,20
44,3114,0.9178980402457104,1.143340774187116e-06,0.08207440896619754,2.6407447318002646e-05,25,10,20
44,3115,0.8852110528395979,7.365729653837942e-07,0.11478522851169112,2.982075745876016e-06,25,10,20
44,3116,0.9320807313195146,1.0708729324214695e-06,0.06787574453751774,4.245327003544356e-05,25,10,20
44,3117,0.8923721263560204,1.952227617543239e-06,0.10762119858450916,4.722831853166864e-06,25,10,20
44,3118,0.9433865817765122,9.081854301209663e-07,0.04854829568705628,0.00806421435100155,25,10,20
44,3119,0.873067108957831,0.0001305563795582023,0.1184345384380698,0.008367796224541311,25,10,20
44,3120,0.8941751606707113,3.891892828938565e-06,0.10545922046260248,0.00036172697385745696,25,10,20
44,3121,0.8634956888641347,8.21100389751917e-05,0.13158111878436812,0.004841082312521139,25,10,20
44,3122,0.9169634202702635,7.939877295093315e-05,0.08287389134523927,8.328961154620199e-05,25,10,20
44,3123,0.8744526738685265,1.530562917203964e-05,0.1255267073246916,5.31317761039431e-06,25,10,20
44,3124,0.8535026665320106,0.0010942571024444194,0.145270618417486,0.0001324579480585984,25,10,20
44,3125,0.8904826505623502,3.634718615357962e-05,0.10938785933605946,9.314291543675392e-05,25,10,20
44,3126,0.8638140404176424,2.5676530868318248e-06,0.13607926757403754,0.00010412435523359785,25,10,20
44,3127,0.9489735558780141,1.1787949036759233e-05,0.050989976429781654,2.4679743167784363e-05,25,10,20
44,3128,0.9439964424398081,1.3920723980493598e-06,0.05598941080559376,1.2754682200352514e-05,25,10,20
44,3129,0.9526650684025839,4.300961057198941e-07,0.047276807381223945,5.7694120086730246e-05,25,10,20
44,3130,0.8728137137133029,5.861364607352325e-06,0.12532707996825715,0.0018533449538338592,25,10,20
44,3131,0.8531036495321729,2.356010325969818e-06,0.1468894466237934,4.547833708404699e-06,25,10,20
44,3132,0.9318226992307568,2.0085533480543226e-06,0.06816661126651201,8.68094938369627e-06,25,10,20
44,3133,0.8966264566075935,3.513513670925976e-06,0.1033463479968404,2.368188189489398e-05,25,10,20
44,3134,0.8728684967817938,2.1195218927391404e-06,0.12710058543736322,2.8798258950525605e-05,25,10,20
44,3135,0.9219456306769723,7.524863536369059e-07,0.0780341572856899,1.9459550983855052e-05,25,10,20
44,3136,0.9071443377197332,9.490163726224831e-07,0.09285200130500126,2.7119588925565498e-06,25,10,20
44,3137,0.8749951201777418,1.4280952543477598e-06,0.1249878413306051,1.5610396398676654e-05,25,10,20
44,3138,0.8680109125569555,0.0002964206890432602,0.13167595800690515,1.670874709687551e-05,25,10,20
44,3139,0.8624831842553695,2.0287888257843073e-05,0.1371987906185345,0.0002977372378384221,25,10,20
44,3140,0.8817338307594242,1.3188617227657327e-06,0.11824505281131227,1.9797567540198987e-05,25,10,20
44,3141,0.9341099742907734,1.2425792241767177e-06,0.06588320805365128,5.575076351405244e-06,25,10,20
44,3142,0.9749131255217404,2.417114696414559e-07,0.025044680214946678,4.195255184349589e-05,25,10,20
44,3143,0.8805202371613251,1.0691873991488827e-05,0.11937448537919274,9.458558549045813e-05,25,10,20
44,3144,0.8274052516186592,2.741888592953537e-06,0.17256463406280545,2.7372429944003598e-05,25,10,20
44,3145,0.8265050114445393,4.160801846190208e-06,0.173420548022282,7.027973133359402e-05,25,10,20
44,3146,0.910011453325439,2.5830097250544914e-06,0.08992331045122497,6.265321361113677e-05,25,10,20
44,3147,0.8947549885304518,2.2630945060311124e-07,0.10521004589907766,3.4739261020534045e-05,25,10,20
44,3148,0.9156245752212745,9.829305344452683e-06,0.08433209085475582,3.350461862501878e-05,25,10,20
44,3149,0.866958868710621,2.349284346513326e-06,0.13293551681090265,0.0001032651941288037,25,10,20
44,3150,0.918235999067945,3.428944528149798e-07,0.08168508662452871,7.857141307319345e-05,25,10,20
44,3151,0.8984395392392104,3.690481518566733e-07,0.10103749310659028,0.0005225986060471083,25,10,20
44,3152,0.9297758626246712,1.2046646606007723e-06,0.06971506327355763,0.0005078694371110265,25,10,20
44,3153,0.8852586918380456,3.3776676626100585e-07,0.11473867141452881,2.2989806596616583e-06,25,10,20
44,3154,0.8272552030239018,3.577977706743008e-07,0.17273830813353072,6.131044797660339e-06,25,10,20
44,3155,0.8611785039394406,1.8419292760780706e-06,0.1385351805644374,0.0002844735668455577,25,10,20
44,3156,0.8879447343450217,1.1042231346351767e-06,0.11204944179569726,4.719636146244029e-06,25,10,20
44,3157,0.8667819214524434,7.180652458854565e-07,0.13217699066697158,0.001040369815339408,25,10,20
44,3158,0.8823982608186189,1.4332007449897305e-06,0.11737131069003885,0.0002289952905975586,25,10,20
44,3159,0.8754010216089866,1.3822682270994132e-06,0.12436729441322729,0.00023030170955896768,25,10,20
44,3160,0.8907480917482995,7.678207006108753e-07,0.10920670924689915,4.44311841010558e-05,25,10,20
44,3161,0.9486623434433126,6.40782725932198e-07,0.051315190240132,2.182553382926727e-05,25,10,20
44,3162,0.9403586826064532,7.077646716138309e-07,0.059613539519926366,2.7070108948845886e-05,25,10,20
44,3163,0.9230416278518576,0.00820454362202369,0.06838868802363807,0.00036514050248085154,25,10,20
44,3164,0.8611726088768183,0.006954627422794111,0.13186072963010054,1.2034070286860254e-05,25,10,20
44,3165,0.8827221500881691,0.006953226888856801,0.1103213938361848,3.2291867893595136e-06,25,10,20
44,3166,0.8253895875354462,0.0069657387687967745,0.16763063038984094,1.4043305915885201e-05,25,10,20
44,3167,0.8777709201840487,1.514111285851139e-05,0.12219692361350468,1.701508958835163e-05,25,10,20
44,3168,0.7841489175019531,1.4084348883845258e-05,0.21578463794774147,5.236020142171117e-05,25,10,20
44,3169,0.9276472633757035,7.568433673476335e-05,0.07163863144975491,0.0006384208378070267,25,10,20
44,3170,0.9197307799262954,1.3383967623999775e-06,0.08001937572688382,0.000248505950058698,25,10,20
44,3171,0.9199242783837256,3.973380418994047e-06,0.08004700185269825,2.4746383157120706e-05,25,10,20
44,3172,0.9227871516788981,4.3088576879549805e-07,0.07720585537239258,6.56206294090751e-06,25,10,20
44,3173,0.8924306971418564,2.6377505272976066e-05,0.10753404666833019,8.878684540051302e-06,25,10,20
44,3174,0.8942186107709058,3.170982924596343e-05,0.10567622060322637,7.345879662178355e-05,25,10,20
44,3175,0.8813638310117139,2.6144077386736412e-05,0.09165789310837635,0.02695213180252262,25,10,20
44,3176,0.9315750394228622,7.792722190404305e-06,0.06840864994106938,8.517913878157313e-06,25,10,20
44,3177,0.8962423711947751,7.315817903558697e-07,0.10374692603718483,9.971186249941952e-06,25,10,20
44,3178,0.9259996172717908,3.178314944374646e-05,0.07396391899364314,4.68058512260005e-06,25,10,20
44,3179,0.8801717095517247,3.415356132507423e-05,0.11975823092678921,3.590596016104621e-05,25,10,20
44,3180,0.8673900379678768,6.92897060836223e-06,0.13259013857044205,1.2894491072932973e-05,25,10,20
44,3181,0.9071997540850483,1.2523286890833843e-05,0.09272647034603632,6.125228202486264e-05,25,10,20
44,3182,0.8753254018169611,3.7127748947292144e-07,0.12466074981697586,1.3477088573960774e-05,25,10,20
44,3183,0.9426076426307568,3.0571269763492223e-07,0.057379582629572295,1.2469026973885684e-05,25,10,20
44,3184,0.927412149559294,5.286865561964351e-06,0.07252587903774528,5.668453739879509e-05,25,10,20
44,3185,0.9098158605303801,5.152548318965034e-06,0.09017674530388778,2.2416174125937785e-06,25,10,20
44,3186,0.9249628037054469,4.648358174995671e-06,0.07489594990211339,0.00013659803426424523,25,10,20
44,3187,0.901588613726855,4.075700784121409e-06,0.09823324953561714,0.00017406103674306385,25,10,20
44,3188,0.8877513894553691,4.1944922258547145e-07,0.11223280884678445,1.5382248623818398e-05,25,10,20
44,3189,0.9058629677414981,1.704255339342736e-06,0.09412646340381901,8.864599342945797e-06,25,10,20
44,3190,0.8919059368430353,3.209081337606874e-07,0.10808875052353142,4.991725299422959e-06,25,10,20
44,3191,0.9200258090921318,1.9124697076461663e-05,0.07656125347879489,0.0033938127319964413,25,10,20
44,3192,0.9121570517983701,1.9666689438238278e-05,0.08780795283111383,1.532868107762373e-05,25,10,20
44,3193,0.9099800941503144,4.771760587044089e-06,0.08986940911602144,0.00014572497307766252,25,10,20
44,3194,0.9555630101258553,6.47598822541396e-07,0.04429029373399526,0.00014604854132664925,25,10,20
44,3195,0.9702551174454451,7.798048623956501e-07,0.029594878725587314,0.00014922402410488033,25,10,20
44,3196,0.9340411246839028,7.680376490109899e-07,0.06586947723235119,8.863004609658092e-05,25,10,20
44,3197,0.9367508601367724,1.7086482950425143e-06,0.06322694496818082,2.048624675175778e-05,25,10,20
44,3198,0.9402672581392858,6.9281682392900526e-06,0.05685195998498758,0.0028738537074871717,25,10,20
44,3199,0.9915515537708772,1.4766513440010402e-06,0.008441112640724075,5.856937054680453e-06,25,10,20
44,3200,0.9837425885672461,1.2183180697589174e-06,0.01623430667625121,2.1886438432814986e-05,25,10,20
44,3201,0.9624242411657415,1.3613833390172844e-05,0.03753940607359487,2.2738927273379664e-05,25,10,20
44,3202,0.9623254021623354,7.307619443876163e-07,0.0376572097531435,1.6657322576982778e-05,25,10,20
44,3203,0.9555814180312986,5.967254855573218e-07,0.038027026677963094,0.006390958565252696,25,10,20
44,3204,0.9148224003198806,3.4336430168795694e-06,0.07878770781784579,0.006386458219257037,25,10,20
44,3205,0.9351960816863051,8.071720450733253e-07,0.06479267041647875,1.0440725170732868e-05,25,10,20
44,3206,0.9386602038341805,1.6415421059066095e-06,0.05682609225462932,0.004512062369084343,25,10,20
44,3207,0.9701588579682894,1.979221658276519e-06,0.029723791908652535,0.00011537090139968624,25,10,20
44,3208,0.9472234663753926,0.00028147280204595786,0.05249127297226618,3.7878502958434563e-06,25,10,20
44,3209,0.9702445965257853,3.236100418949095e-06,0.029741177313704726,1.0990060091685754e-05,25,10,20
44,3210,0.9131489451428625,6.194467443520246e-06,0.08674040999107921,0.00010445039861518129,25,10,20
44,3211,0.91823853418691,4.525193222320249e-06,0.0817515222936571,5.4183262113079005e-06,25,10,20
44,3212,0.9363351078225073,7.735025015193724e-06,0.06364307021410548,1.4086938371966888e-05,25,10,20
44,3213,0.9339473765256279,2.14101282973952e-07,0.06604064209311514,1.1767279973936842e-05,25,10,20
44,3214,0.9205281229181953,3.832019454002266e-06,0.07946540410459396,2.6409577564890106e-06,25,10,20
44,3215,0.9167278684399567,1.3794496825194177e-05,0.08301416123318575,0.0002441758300323635,25,10,20
44,3216,0.935931388613462,1.244455160654097e-06,0.06395957687350572,0.00010779005787134454,25,10,20
44,3217,0.9126970572591168,2.0447100309790265e-05,0.08716551012424265,0.00011698551632974441,25,10,20
44,3218,0.9538092880321705,1.0044072997621062e-06,0.04556031789645539,0.0006293896640743334,25,10,20
44,3219,0.990113769669466,1.451311068913825e-07,0.009884466843777327,1.618355649915184e-06,25,10,20
44,3220,0.963648347661114,2.490183365452776e-07,0.0363315078300346,1.9895490514909e-05,25,10,20
44,3221,0.9672613408339017,8.631388453221809e-07,0.032278691943552366,0.0004591040836997991,25,10,20
44,3222,0.8566898810286836,3.007323221791471e-06,0.14280525454414017,0.000501857103955496,25,10,20
44,3223,0.8780760185110563,2.776534287788524e-06,0.12145426397738017,0.0004669409772768686,25,10,20
44,3224,0.8703374069019445,1.551536688370718e-06,0.12673477074778552,0.00292627081358192,25,10,20
44,3225,0.8826712535995993,2.2083674330304134e-06,0.11727870368936412,4.783434360263737e-05,25,10,20
44,3226,0.846960527168917,0.00032664307320083715,0.15263234168064418,8.048807723825922e-05,25,10,20
44,3227,0.8836824072437638,0.0005004442134571932,0.11568985472844838,0.0001272938143313054,25,10,20
44,3228,0.9010313373927472,1.3940146324282413e-06,0.09895738948113336,9.879111487552925e-06,25,10,20
44,3229,0.8929700182548373,4.440330994577116e-07,0.1070236093601873,5.928351875761822e-06,25,10,20
44,3230,0.8807858560653193,3.4793516551899754e-07,0.11901986316857283,0.00019393283094189316,25,10,20
44,3231,0.8709743953948842,2.0379963569685592e-05,0.12898950757143393,1.571707011266426e-05,25,10,20
44,3232,0.85716720954934,9.166494679571199e-05,0.14272499391044374,1.6131593420350953e-05,25,10,20
44,3233,0.8435400981715285,0.0005573061139564731,0.15588663811433123,1.595760018348029e-05,25,10,20
44,3234,0.9002496271747279,0.00046632872021735896,0.09926610258654169,1.7941518513060707e-05,25,10,20
44,3235,0.898880467383119,0.00046712053003744515,0.10052757775526121,0.0001248343315821068,25,10,20
44,3236,0.9233759699910722,0.00046654673242870447,0.07603290284653616,0.0001245804299627303,25,10,20
44,3237,0.908590468312569,3.3346767398612945e-06,0.09085209515652572,0.0005541018541658829,25,10,20
44,3238,0.9179289750816062,8.454770247204133e-06,0.07980530720710498,0.002257262941041888,25,10,20
44,3239,0.9204926831547655,8.673080161534643e-06,0.07736431837962278,0.0021343253854507497,25,10,20
44,3240,0.9407948090700015,6.267269694976217e-06,0.05902396514284829,0.00017495851745492783,25,10,20
44,3241,0.9323283331221388,1.0501249611755109e-06,0.06751561284005053,0.0001550039128484481,25,10,20
44,3242,0.868425374940055,2.315806896212597e-06,0.1315463924255505,2.591682749934866e-05,25,10,20
44,3243,0.9228275404920402,2.101554008688407e-06,0.07714534613793662,2.501181601461834e-05,25,10,20
44,3244,0.9061463953626817,6.300390934516849e-06,0.09382050127832396,2.680296806045281e-05,25,10,20
44,3245,0.8637168597105852,3.913907253569509e-05,0.13622913971450193,1.4861502377954579e-05,25,10,20
44,3246,0.9320949391686796,3.7665543301585982e-06,0.06788715390484595,1.4140372144251196e-05,25,10,20
44,3247,0.9695715879219492,2.8777902225093524e-06,0.03036565279991353,5.988148791486406e-05,25,10,20
44,3248,0.9549460720107632,1.0555017288773025e-06,0.04504199757345458,1.0874914053435802e-05,25,10,20
44,3249,0.9225329912545988,4.9672177607695766e-06,0.0774386070591,2.3434468540351038e-05,25,10,20
44,3250,0.8887031365963768,1.3177431387497062e-06,0.10954052018951571,0.0017550254709687517,25,10,20
44,3251,0.8860787463193689,1.539101966710667e-06,0.11389322568275646,2.6488895907337637e-05,25,10,20
44,3252,0.9294824199956642,5.53379956297479e-07,0.07049023623014943,2.6790394230155417e-05,25,10,20
44,3253,0.9100247228318602,2.2675879286801056e-06,0.08989500735700454,7.800222320704267e-05,25,10,20
44,3254,0.8753364315302751,4.1376606126081155e-05,0.12425944157354803,0.00036275029005020755,25,10,20
44,3255,0.8997736767006523,3.83471777644014e-05,0.09994590274413095,0.00024207337745283696,25,10,20
44,3256,0.9341770588916505,6.035403000998697e-07,0.06581708594492416,5.2516231249245046e-06,25,10,20
44,3257,0.9725775253993523,9.605756668078882e-07,0.02723408155984866,0.0001874324651321223,25,10,20
44,3258,0.9511630218698527,7.477145317459481e-07,0.048731202814063714,0.00010502760155145261,25,10,20
44,3259,0.9875876973056218,2.662424516540255e-07,0.012409524057545602,2.512394380848806e-06,25,10,20
44,3260,0.903700608048876,4.354284614550969e-07,0.09374545579240369,0.0025535007302578353,25,10,20
44,3261,0.9206919839117207,1.4316600671517816e-06,0.07925213352771827,5.445090049424714e-05,25,10,20
44,3262,0.9231283103207804,1.1954820289575545e-06,0.07680278484006474,6.770935712611237e-05,25,10,20
44,3263,0.9360173990717819,6.983498582930154e-07,0.06388624153193652,9.56610464228504e-05,25,10,20
44,3264,0.9398194528579608,2.939961145980049e-07,0.060175745857372814,4.507288551577155e-06,25,10,20
44,3265,0.8668537120216151,6.552862262766179e-07,0.13308055569045632,6.507700170250207e-05,25,10,20
44,3266,0.9132951826608234,2.510734270742597e-05,0.08666187551383456,1.783448263464216e-05,25,10,20
44,3267,0.8674142407610038,2.6846827269080964e-05,0.13223571545485707,0.00032319695686961874,25,10,20
44,3268,0.938842292713068,1.8165193034428031e-06,0.06113459009174114,2.1300675887277115e-05,25,10,20
44,3269,0.9789886695214394,3.6215390262994027e-07,0.02099672730793676,1.4241016721086189e-05,25,10,20
44,3270,0.8967098296554856,1.2919621050775912e-07,0.10327508353403542,1.495761426870766e-05,25,10,20
44,3271,0.8262111819441733,1.1303706586438398e-06,0.1737031622271522,8.452545801439195e-05,25,10,20
44,3272,0.8449864356216485,1.2065687664404947e-05,0.1548465286555615,0.00015497003512517587,25,10,20
44,3273,0.9000076681715613,3.4679624472355263e-06,0.09636847457449622,0.0036203892914951057,25,10,20
44,3274,0.9079649102163159,4.283968233193243e-06,0.08367866660543276,0.008352139210018242,25,10,20
44,3275,0.8279047692976959,6.046792702920919e-07,0.13255021291545868,0.03954441310757475,25,10,20
44,3276,0.8333996549255828,7.942018039908163e-06,0.12692826705310448,0.039664136003272524,25,10,20
44,3277,0.9153406522900582,8.985899141152488e-06,0.08458749311316412,6.286869763612101e-05,25,10,20
44,3278,0.8769582770500306,4.5268686710897125e-05,0.12299147007282198,4.984190436768333e-06,25,10,20
44,3279,0.9344158484456672,5.071394649227686e-07,0.06557392016763221,9.724247235569393e-06,25,10,20
44,3280,0.9284588647382941,4.7528047431124456e-07,0.07153378299459048,6.8769866408283036e-06,25,10,20
44,3281,0.9569146852216912,1.111205888079155e-06,0.04306308005046282,2.112352195783453e-05,25,10,20
44,3282,0.9532708308448272,7.923542911416084e-08,0.04670036951025466,2.8720409489085353e-05,25,10,20
44,3283,0.9231450006944805,3.0653593015039514e-07,0.07680887356342868,4.581920616106142e-05,25,10,20
44,3284,0.9259371093206182,1.7483453170655318e-07,0.07404658860270369,1.6127242146437884e-05,25,10,20
44,3285,0.8378870858588199,3.9604870433570405e-05,0.1620524061047549,2.0903165990965493e-05,25,10,20
44,3286,0.9381709214370397,4.201494439216499e-06,0.061810512425270865,1.4364643250145615e-05,25,10,20
44,3287,0.9650563880014957,4.094974351501331e-06,0.03492945484998128,1.0062174171829223e-05,25,10,20
44,3288,0.9629953638505343,4.359193012868032e-06,0.03698719731712916,1.3079639323518558e-05,25,10,20
44,3289,0.9086906767721727,3.3879568650359e-05,0.09126128474257941,1.4158916598002215e-05,25,10,20
44,3290,0.9278185874356428,3.987374703814588e-06,0.07215607597258397,2.1349217069408545e-05,25,10,20
44,3291,0.9374197789836072,1.2967443765866458e-06,0.0625595900921105,1.9334179905368094e-05,25,10,20
44,3292,0.8713756673231592,1.2179834435849724e-06,0.12861736211931799,5.752574079317292e-06,25,10,20
44,3293,0.8919969249143479,1.375775269394237e-06,0.10799392737003126,7.771940351356978e-06,25,10,20
44,3294,0.8603419875077519,0.00011191691529046682,0.13923590165154606,0.00031019392541065566,25,10,20
44,3295,0.8414866747180831,1.8547125042978564e-06,0.15817774761776637,0.00033372295164657296,25,10,20
44,3296,0.9245429107990093,3.693582403150881e-06,0.07514739448547025,0.00030600113311688,25,10,20
44,3297,0.9515502731350306,4.706213193019877e-07,0.04815492372869138,0.00029433251495855465,25,10,20
44,3298,0.959870452658732,1.2003973466944112e-05,0.04010326314007127,1.4280227729520973e-05,25,10,20
44,3299,0.9455729151242587,2.2532514539953595e-06,0.05438978879602749,3.5042828260052456e-05,25,10,20
44,3300,0.9333790227803648,7.168555481017909e-07,0.06661104953099245,9.210833094021227e-06,25,10,20
44,3301,0.9316218706508133,6.688361584173356e-07,0.06828177946857501,9.56810444532784e-05,25,10,20
44,3302,0.919511914834294,9.001943527759822e-07,0.06248669874645497,0.018000486224898443,25,10,20
44,3303,0.8987712950920982,6.490624083113926e-07,0.06180258171706086,0.03942547412843254,25,10,20
44,3304,0.9441586176611427,6.335317101860198e-07,0.05582394774419133,1.6801062956164845e-05,25,10,20
44,3305,0.9400030367758783,1.1771420742986887e-06,0.059983874859027085,1.1911223021097792e-05,25,10,20
44,3306,0.9217787419840134,2.432518851306146e-06,0.07820694543178068,1.1880065354376731e-05,25,10,20
44,3307,0.9533472683924201,1.927574252719441e-06,0.046638525127978676,1.2278905348619168e-05,25,10,20
44,3308,0.9042117810550627,6.777850500678515e-07,0.0954849346140658,0.0003026065458222958,25,10,20
44,3309,0.9060395165848594,4.103659971178319e-05,0.09361506773440587,0.00030437908102379696,25,10,20
44,3310,0.9175044678236284,4.0576084878657757e-07,0.08248471023424848,1.0416181274650862e-05,25,10,20
44,3311,0.9589716894766457,1.976367314218496e-05,0.04099428113753402,1.4265712678376979e-05,25,10,20
44,3312,0.9482834205654239,4.4584027625375436e-07,0.051697893752879934,1.8239841419686316e-05,25,10,20
44,3313,0.9482985676880855,3.332229325877638e-07,0.051689262175738,1.1836913244318306e-05,25,10,20
44,3314,0.9447200997139711,4.945158513976927e-07,0.05501996397895905,0.0002594417912184044,25,10,20
44,3315,0.9103532104436641,8.094841982842258e-07,0.08938590726879284,0.00026007280334486483,25,10,20
44,3316,0.9282512808970157,8.613061899173498e-07,0.07119936842550219,0.0005484893712925482,25,10,20
44,3317,0.9274613751701155,2.3801566535946805e-05,0.0722822990187637,0.0002325242445855912,25,10,20
44,3318,0.9170972814980795,1.8157296026043756e-07,0.08278176456682317,0.00012077236213774435,25,10,20
44,3319,0.9071011527170479,1.2473538378886338e-07,0.09287816690556311,2.0555642005551652e-05,25,10,20
44,3320,0.8812812860509358,3.8631386273518945e-05,0.11864704819511727,3.303436767369444e-05,25,10,20
44,3321,0.9194131174407814,1.456607265697972e-05,0.08054867177898614,2.36447075753383e-05,25,10,20
44,3322,0.9020507472840197,1.365914584161275e-06,0.09777316754170191,0.00017471925969503695,25,10,20
44,3323,0.915286832589883,0.0018385900034052147,0.08271737080148123,0.00015720660523077783,25,10,20
44,3324,0.9062643180009522,3.3639252820788984e-05,0.09333598829873058,0.0003660544474959249,25,10,20
44,3325,0.9058748576316284,1.8496710595351285e-06,0.0940197156582999,0.00010357703901158521,25,10,20
44,3326,0.9486688198707004,6.960597802322671e-08,0.05123104654372973,0.00010006397959196503,25,10,20
44,3327,0.9018205354812799,1.9467803223505583e-07,0.09812309409433316,5.617574635471511e-05,25,10,20
44,3328,0.964898359566849,5.9578384568402e-08,0.03500352162987215,9.805922489413808e-05,25,10,20
44,3329,0.9496883288984493,9.975292639236487e-06,0.05027744611821776,2.424969069358857e-05,25,10,20
44,3330,0.9253016028416384,4.281123073944467e-06,0.07461486678435257,7.92492509358865e-05,25,10,20
44,3331,0.8857140514005003,5.335759636184149e-06,0.11425820299178083,2.2409848082688533e-05,25,10,20
44,3332,0.9308904107005799,4.975203433144032e-06,0.0690792016852417,2.541241074558664e-05,25,10,20
44,3333,0.889529149644439,0.0006503583529054298,0.10959392142802966,0.0002265705746262429,25,10,20
44,3334,0.9028193902203294,4.276372235156956e-07,0.09710000681288843,8.017532955971223e-05,25,10,20
44,3335,0.8358140752961478,3.519832884231627e-05,0.1641037206935968,4.700568141218995e-05,25,10,20
44,3336,0.8505315716545542,3.296287236859569e-05,0.13248791061709986,0.01694755485597716,25,10,20
44,3337,0.8510580718989839,4.356399090048003e-07,0.13188634291551016,0.017055149545596636,25,10,20
44,3338,0.910058891221469,7.125414013072036e-06,0.07705817509266748,0.01287580827185037,25,10,20
44,3339,0.8893665837756609,7.236846748243695e-06,0.07463252626931129,0.035993653108279386,25,10,20
44,3340,0.9457947835063504,1.154277226877793e-06,0.014958752379001865,0.03924530983742072,25,10,20
44,3341,0.9336724078615589,1.4543501709868741e-06,0.02689873668138337,0.039427401106887,25,10,20
44,3342,0.9101444015335314,9.821868794107293e-07,0.050808876522996795,0.03904573975659183,25,10,20
44,3343,0.9322829676749117,7.446711003166416e-07,0.02843259026589048,0.03928369738809755,25,10,20
44,3344,0.9236083516390673,1.3913332493962174e-07,0.03998320203060146,0.0364083071970056,25,10,20
44,3345,0.9253285818676479,2.47127986449895e-06,0.03555499256425373,0.03911395428823417,25,10,20
44,3346,0.758376400064877,1.1881001130681832e-05,0.20246259821600873,0.03914912071798351,25,10,20
44,3347,0.8850841748933952,9.95463232649119e-07,0.1148775867489467,3.7242894424847744e-05,25,10,20
44,3348,0.844501325187533,1.079498601017691e-06,0.15546042247914835,3.717283471766293e-05,25,10,20
44,3349,0.9047233781238707,2.817447889422696e-06,0.09526444222713554,9.362201104311998e-06,25,10,20
44,3350,0.9313675567282735,8.598641506618073e-07,0.06862774096442842,3.8424431475912084e-06,25,10,20
44,3351,0.871500892163142,1.1335217000450649e-06,0.1282719716426881,0.0002260026724693084,25,10,20
44,3352,0.8842238919250889,1.111549123394062e-06,0.11559559178781596,0.00017940473797085658,25,10,20
44,3353,0.9455052509888321,1.7331574358459643e-06,0.05448908668850409,3.929165228020636e-06,25,10,20
44,3354,0.9371880903115531,1.7869349329472963e-06,0.06279526900679643,1.4853746717220456e-05,25,10,20
44,3355,0.9712116993784047,4.692513972740633e-07,0.028722863418848395,6.496795134945463e-05,25,10,20
44,3356,0.9684876008651809,3.6567713323330443e-07,0.03144498953631502,6.704392137077244e-05,25,10,20
44,3357,0.9259301942693702,1.05555333622924e-06,0.0739218129850308,0.00014693719226314302,25,10,20
44,3358,0.9255518394737341,2.858231866168973e-05,0.07391837943526931,0.000501198772334797,25,10,20
44,3359,0.9002969496446928,4.843523405666345e-06,0.0996861336563881,1.207317551409173e-05,25,10,20
44,3360,0.8854331572606908,4.334480905853499e-05,0.11014435695996909,0.004379140970281523,25,10,20
44,3361,0.9587923594127868,1.038057626369838e-06,0.04114871235627657,5.789017331011417e-05,25,10,20
44,3362,0.9452442926917383,7.031379634343235e-07,0.05469579935975883,5.920481053943652e-05,25,10,20
44,3363,0.8889171009093445,3.7531749686369334e-06,0.11106071886446407,1.8427051221428373e-05,25,10,20
44,3364,0.9509938345512523,3.4907398060952498e-06,0.04869417489984315,0.00030849980909831764,25,10,20
44,3365,0.9119783848463876,9.637127958110973e-07,0.0858973800967031,0.0021232713441131108,25,10,20
44,3366,0.9167210995410778,2.2381265020735784e-06,0.08327200993543275,4.65239698692704e-06,25,10,20
44,3367,0.8583319495443587,1.0310446600082768e-05,0.141610497139547,4.72428694954975e-05,25,10,20
44,3368,0.9557863769802206,9.27885116661149e-06,0.04406223376675834,0.00014211040185430052,25,10,20
44,3369,0.9199169979480604,2.0962747159794454e-06,0.08007009717375163,1.0808603471762469e-05,25,10,20
44,3370,0.8930891582663317,1.7742846662691504e-06,0.1068940858422081,1.4981606794349936e-05,25,10,20
44,3371,0.9300708162208459,4.874385641633778e-06,0.06991034712160257,1.3962271909676686e-05,25,10,20
44,3372,0.9295710736905626,1.0816127866836805e-06,0.0704135771295367,1.4267567113986945e-05,25,10,20
44,3373,0.9266657935603844,2.6746070309557857e-06,0.07293197712306262,0.00039955470952202185,25,10,20
44,3374,0.8969536242461646,2.6133407171717777e-06,0.10264459745318791,0.00039916495993074365,25,10,20
44,3375,0.9047830451104067,7.076169281851155e-06,0.09494796259535193,0.00026191612495927985,25,10,20
44,3376,0.9581484346720346,7.296093500226064e-05,0.0415183779057938,0.00026022648716985015,25,10,20
44,3377,0.946365521154911,7.267543128062772e-05,0.05345498247833054,0.0001068209354774897,25,10,20
44,3378,0.921562293032502,5.258801820959162e-05,0.07829327475134322,9.184419794450823e-05,25,10,20
44,3379,0.9136439761387695,2.125684789727129e-06,0.08626328100179652,9.061717464451817e-05,25,10,20
44,3380,0.9214604676988943,1.7528006874871924e-06,0.07826219190780204,0.0002755875926159036,25,10,20
44,3381,0.8816144272907711,1.6098334277752101e-06,0.11810597564187568,0.00027798723392537825,25,10,20
44,3382,0.8042830423425542,1.278977436149638e-05,0.19504505637217032,0.0006591115109136618,25,10,20
44,3383,0.8881587025872875,7.945964144011902e-05,0.1110790383109503,0.0006827994603218252,25,10,20
44,3384,0.9076053383906835,8.08261920026564e-05,0.0922958881523944,1.7947264919513572e-05,25,10,20
44,3385,0.907002584862574,7.038286279901251e-06,0.09298183721806484,8.539633081730677e-06,25,10,20
44,3386,0.9038856017373149,2.483955225580785e-07,0.09595063180462768,0.00016351806253485533,25,10,20
44,3387,0.9110148648197708,4.6502298675511293e-07,0.0889581537046482,2.6516452594432335e-05,25,10,20
44,3388,0.8453886084872664,7.605495306463507e-07,0.15458547079145402,2.5160171747468772e-05,25,10,20
44,3389,0.9002901579215294,8.648396608512282e-07,0.09959843456948002,0.00011054266932871549,25,10,20
44,3390,0.9097842005883602,1.9115896156550556e-06,0.09018886370002271,2.5024122001704196e-05,25,10,20
44,3391,0.8879850872167205,0.0005024842707276267,0.11150926425626104,3.1642562912427494e-06,25,10,20
44,3392,0.8945720587990977,1.2330425941346944e-05,0.1053733150494998,4.2295725461273215e-05,25,10,20
44,3393,0.8587748073862954,1.2370673057798295e-05,0.14120681264636337,6.00929428347219e-06,25,10,20
44,3394,0.8884900959413145,1.177092746170387e-05,0.11148854509450846,9.58803671528859e-06,25,10,20
44,3395,0.88139319220558,1.922434332706405e-06,0.11855684435377865,4.804100630854659e-05,25,10,20
44,3396,0.9565295954252468,5.899441023311454e-06,0.04341881738053253,4.5687753197384696e-05,25,10,20
44,3397,0.9559383593602037,4.58467479727608e-06,0.044051938287584934,5.117677414114616e-06,25,10,20
44,3398,0.9532315460953694,5.115112009401555e-06,0.046675158959225235,8.817983339564501e-05,25,10,20
44,3399,0.9405061880195673,4.1974491518579215e-06,0.05921476824839319,0.0002748462828875768,25,10,20
44,3400,0.9542779615834543,9.701685817022535e-07,0.04561396097848904,0.00010710726947524274,25,10,20
44,3401,0.9403363056185354,9.281743083956925e-07,0.05906302445988827,0.0005997417472683399,25,10,20
44,3402,0.8982132856560758,1.2367482717268722e-05,0.10168380050648657,9.054635471961986e-05,25,10,20
44,3403,0.9181905423869793,2.5746073274668705e-06,0.08172963676336918,7.724624232370319e-05,25,10,20
44,3404,0.8905514003846388,3.6994328421727973e-06,0.108559078404776,0.0008858217777434108,25,10,20
44,3405,0.9103281827986364,3.319392589757383e-06,0.08829935837319178,0.0013691394355820332,25,10,20
44,3406,0.9014714753943543,1.2351966845922753e-05,0.09687738777968317,0.0016387848591164075,25,10,20
44,3407,0.9082860294405906,4.421549818960858e-06,0.09121798664015611,0.0004915623694338855,25,10,20
44,3408,0.9006266627281764,5.349687974613637e-06,0.07047737953390466,0.02889060804994379,25,10,20
44,3409,0.9308945710457108,2.9065433242905087e-06,0.02997288343571406,0.039129638975250534,25,10,20
44,3410,0.9307926442918046,4.1996003517455225e-06,0.02744292353668236,0.04176023257116145,25,10,20
44,3411,0.9324694967351996,3.451359490377592e-06,0.028387341725173845,0.039139710180135644,25,10,20
44,3412,0.9015072982163694,4.7551981368798324e-06,0.0593840921164164,0.03910385446907734,25,10,20
44,3413,0.8625826587087585,3.4353738196475175e-06,0.09831251558601233,0.03910139033140976,25,10,20
44,3414,0.8527278839634248,3.381171619693276e-06,0.10244493974630371,0.04482379511865202,25,10,20
44,3415,0.8433354781428376,5.332014374248901e-06,0.11707722876172064,0.03958196108106854,25,10,20
44,3416,0.8640653336389971,4.108936430356591e-06,0.0968707522329502,0.039059805191622464,25,10,20
44,3417,0.8942872689075193,1.0226794350309997e-06,0.06658157363463064,0.03913013477841485,25,10,20
44,3418,0.8550745114566254,9.695011573142103e-07,0.1054094633092488,0.03951505573296831,25,10,20
44,3419,0.9087881994511988,7.932454246000817e-07,0.05258578289087599,0.03862522441250088,25,10,20
44,3420,0.8547956401204776,0.00041948053218943403,0.14427490559881062,0.0005099737485220609,25,10,20
44,3421,0.8874071295406002,5.259908211341325e-07,0.11231746453359884,0.0002748799349800306,25,10,20
44,3422,0.9307944017312194,1.8861692228626526e-05,0.06917901327866031,7.723297891856783e-06,25,10,20
44,3423,0.9721844798297926,2.6101685786766554e-06,0.027807526568416088,5.3834332130990885e-06,25,10,20
44,3424,0.9012175219876554,2.7900369111484033e-06,0.08637406929888808,0.01240561867654569,25,10,20
44,3425,0.9501808335649593,3.3052640925841766e-07,0.04981536275979469,3.473148836824165e-06,25,10,20
44,3426,0.9784098652269477,8.217359531372238e-06,0.021575532892418186,6.384521103254247e-06,25,10,20
44,3427,0.8915923569908467,1.0018554487294674e-06,0.10840191482531467,4.726328390496113e-06,25,10,20
44,3428,0.8696994149335769,1.5124509655884234e-06,0.13028907598467074,9.996630787040936e-06,25,10,20
44,3429,0.8508446629306999,0.00046243349051169197,0.14868688904785934,6.014530928815621e-06,25,10,20
44,3430,0.9031105516185606,0.0004718993174138491,0.09636191895603058,5.563010799530835e-05,25,10,20
44,3431,0.8452323522719106,1.3370368927656344e-05,0.15472148004029812,3.279731886385395e-05,25,10,20
44,3432,0.9030620861176173,2.2216000131391102e-05,0.09678207313678792,0.00013362474546346667,25,10,20
44,3433,0.9384595171130162,7.102318563256398e-07,0.061534565705057824,5.206950069387687e-06,25,10,20
44,3434,0.9706742891749519,5.184617484599181e-07,0.029253795535455086,7.139682784433336e-05,25,10,20
44,3435,0.9150351748750082,9.51000843584335e-07,0.08477424115078964,0.00018963297335875608,25,10,20
44,3436,0.9513790634783242,1.6038144093203698e-07,0.04861047064794488,1.0305492289660192e-05,25,10,20
44,3437,0.9106157926799296,1.9969970605915306e-06,0.08910942832818985,0.00027278199481969644,25,10,20
44,3438,0.9524860045688331,1.2264424311613055e-07,0.04741161925295188,0.00010225353397166091,25,10,20
44,3439,0.9357985598953728,1.8698861743851247e-05,0.06402482029352431,0.0001579209493591399,25,10,20
44,3440,0.8923008573090307,8.83196814863911e-06,0.09645170432078627,0.01123860640203338,25,10,20
44,3441,0.9157968945882221,2.939051149195195e-06,0.08417081917715034,2.9347183478383357e-05,25,10,20
44,3442,0.8664771239132688,2.0248072010420254e-06,0.13351549454482925,5.356734699662939e-06,25,10,20
44,3443,0.9155856526638014,8.418015596985184e-07,0.08439765395076847,1.585158387042279e-05,25,10,20
44,3444,0.9024058603342979,2.127321096239338e-06,0.09758565898184973,6.353362755783551e-06,25,10,20
44,3445,0.9010955857907464,2.5425221277982585e-05,0.09887393613223977,5.0528557354308505e-06,25,10,20
44,3446,0.9059527996114335,0.00010938155622439086,0.09390211682677072,3.5702005571886334e-05,25,10,20
44,3447,0.863982911739936,0.00010965033514894447,0.13587414067408715,3.329725082913701e-05,25,10,20
44,3448,0.9424990962671648,4.3507884546762836e-07,0.057486724636748004,1.374401724202604e-05,25,10,20
44,3449,0.9407291293653679,7.44259873197941e-05,0.058778562159777475,0.00041788248753569845,25,10,20
44,3450,0.8987067709086873,0.00033899068773840193,0.100925838465955,2.8399937619881303e-05,25,10,20
44,3451,0.9438443286163181,1.0382325949700893e-05,0.0561279137773713,1.737528036127855e-05,25,10,20
44,3452,0.8442920155471159,0.00011772347404769519,0.1555812764387314,8.984540105391327e-06,25,10,20
44,3453,0.8674221997407777,1.2542069329024344e-05,0.13254017207316957,2.508611672302557e-05,25,10,20
44,3454,0.9017240929519609,3.988619378224126e-07,0.0981934024540152,8.210573208590024e-05,25,10,20
44,3455,0.9212069633105954,5.953297927259193e-07,0.07871260844027768,7.983291933376381e-05,25,10,20
44,3456,0.9129305540439538,5.3148174325251105e-06,0.08698379489457525,8.033624403818412e-05,25,10,20
44,3457,0.9170763721651197,1.7579637949043617e-06,0.08288152535824928,4.034451283664516e-05,25,10,20
44,3458,0.9386331030365695,1.5245488725453721e-06,0.06130162895406501,6.37434604928451e-05,25,10,20
44,3459,0.9465126200953974,7.528136747184193e-07,0.053441198818349925,4.54282725777186e-05,25,10,20
44,3460,0.9275759787620192,3.888178101751473e-05,0.07233745347365401,4.7685983308283134e-05,25,10,20
44,3461,0.9201360013035282,3.955956911004523e-05,0.07981107560928322,1.3363518078772867e-05,25,10,20
44,3462,0.9415783515246942,9.732295203465184e-07,0.058410673004918576,1.0002240867229885e-05,25,10,20
44,3463,0.9049159100062754,3.1547557800415384e-06,0.09503780808793057,4.312715001357332e-05,25,10,20
44,3464,0.9161477014867507,1.1487727243620402e-06,0.08384253792936391,8.611811160020029e-06,25,10,20
44,3465,0.9270623603319759,1.6698568541190137e-06,0.07292972902892002,6.240782249632175e-06,25,10,20
44,3466,0.9360511844652631,2.0416885941286471e-07,0.06393477705265645,1.3834313220254615e-05,25,10,20
44,3467,0.9538970775303736,1.5003863868680974e-05,0.04372648794862208,0.0023614306571352025,25,10,20
44,3468,0.9457610873083199,1.880246180430797e-06,0.05187275929959823,0.0023642731459009615,25,10,20
44,3469,0.9358091650117373,5.253952772082464e-07,0.06418081213133096,9.497461653799448e-06,25,10,20
44,3470,0.9911953586592923,2.9142316314154462e-05,0.008767961770642447,7.537253750589445e-06,25,10,20
44,3471,0.9214459647010012,2.8975602399181644e-05,0.07764193852928736,0.0008831211673121622,25,10,20
44,3472,0.9450370748842716,2.893777791523283e-05,0.0544483464295437,0.0004856409082695886,25,10,20
44,3473,0.968881072693407,9.45680002984887e-07,0.030965050286298326,0.0001529313402920296,25,10,20
44,3474,0.8365145038919934,1.929096264419185e-06,0.1534533242817398,0.010030242730003348,25,10,20
44,3475,0.826068763678516,1.9589378187559267e-06,0.13446916555947322,0.039460111824192144,25,10,20
44,3476,0.7969902932606306,2.7851921335043355e-05,0.16361128241146067,0.0393705724065745,25,10,20
44,3477,0.86192036358511,6.924391065631445e-05,0.09872796190542193,0.03928243059881195,25,10,20
44,3478,0.9093286549847578,5.049762460088228e-05,0.051333016656842874,0.039287830733798414,25,10,20
44,3479,0.865350804800179,5.61580060555524e-06,0.10999564745922226,0.024647931939993643,25,10,20
44,3480,0.8342304046288394,4.491184398978742e-06,0.1262244204295944,0.039540683757167405,25,10,20
44,3481,0.7980965368052043,1.0813246721630813e-05,0.1749053282980043,0.02698732165006956,25,10,20
44,3482,0.8446412710067467,8.871176716783363e-06,0.15530257486079907,4.7282955738173e-05,25,10,20
44,3483,0.931508585023586,1.2785529127019186e-06,0.0684707899506546,1.9346472846935185e-05,25,10,20
44,3484,0.9672706286787691,4.0549892146083153e-07,0.032710485755607574,1.8480066702419087e-05,25,10,20
44,3485,0.9369124968294692,4.8237609998910405e-06,0.06284639987656164,0.0002362795329694764,25,10,20
44,3486,0.9519675131041295,6.10206950634289e-05,0.04765599819057557,0.00031546801023131434,25,10,20
44,3487,0.9327932600199813,1.1334357458344628e-06,0.067196954429687,8.652114585736025e-06,25,10,20
44,3488,0.9684473119441595,1.3982590182994897e-06,0.03153062803086,2.0661765961620723e-05,25,10,20
44,3489,0.9700035468874417,8.565524822864785e-05,0.0297726304620006,0.00013816740232919125,25,10,20
44,3490,0.9541418044735456,1.4343983572880455e-06,0.045827797764830785,2.8963363266387362e-05,25,10,20
44,3491,0.9533637411393572,2.296674562168997e-07,0.04657076403946554,6.52651537209537e-05,25,10,20
44,3492,0.8634833659327147,1.709412872029472e-06,0.13641133889222895,0.00010358576218453104,25,10,20
44,3493,0.9036413480213288,2.2993266143571842e-07,0.09633004508914876,2.8376956861881864e-05,25,10,20
44,3494,0.9324031900451172,5.98003550359329e-06,0.06752886382475216,6.196609462763087e-05,25,10,20
44,3495,0.9248599919403065,0.0009812001096097035,0.07411850492635334,4.030302373033781e-05,25,10,20
44,3496,0.9125978695366164,9.875909513575023e-07,0.08739247434599985,8.668526432036315e-06,25,10,20
44,3497,0.8723121778681202,1.5031928149487206e-06,0.11577134044600566,0.011914978493058616,25,10,20
44,3498,0.908825930164107,2.763253706861755e-06,0.09115419982025338,1.7106761932472083e-05,25,10,20
44,3499,0.8751508550257978,1.8069870150437307e-06,0.12484265318289013,4.684804296765807e-06,25,10,20
44,3500,0.9314560780631099,1.5482921870437643e-06,0.06676952308796705,0.0017728505567354957,25,10,20
44,3501,0.9718857074190906,7.747686141150053e-07,0.028112159890405657,1.357921889661289e-06,25,10,20
44,3502,0.9528156795719347,3.4489533956529853e-06,0.047096615220174824,8.425625449436112e-05,25,10,20
44,3503,0.9737681194261407,8.112938953810797e-06,0.026205155669251662,1.8611965653786885e-05,25,10,20
44,3504,0.9344188459798596,1.2265213634730718e-05,0.06510404689249193,0.00046484191401413084,25,10,20
44,3505,0.8939453450575244,3.5218779128364468e-06,0.10600607988795892,4.505317660344758e-05,25,10,20
44,3506,0.901753999524764,0.00024499078065958423,0.09793991192590289,6.10977686735119e-05,25,10,20
44,3507,0.9337588287438595,5.741018286445859e-06,0.06620545168727948,2.9978550574804426e-05,25,10,20
44,3508,0.966280370277848,6.02635970589641e-07,0.0335108938650749,0.00020813322110697192,25,10,20
44,3509,0.9186190359918734,6.3811487310249236e-06,0.08112751467251698,0.0002470681868786535,25,10,20
44,3510,0.9734185604798412,1.1619443335876045e-05,0.02627533320235612,0.00029448687446682274,25,10,20
44,3511,0.9460103089174793,4.478890127687397e-06,0.0536771580269301,0.00030805416546322053,25,10,20
44,3512,0.9333637645897234,6.39531037752274e-07,0.06654247711952413,9.31187597145656e-05,25,10,20
44,3513,0.9113190929713998,2.2118824452802026e-05,0.08865457148084528,4.2167233021578216e-06,25,10,20
44,3514,0.8746232839008212,4.233708556825116e-05,0.12528515686533617,4.922214827477044e-05,25,10,20
44,3515,0.8648814121863679,2.991750347720482e-06,0.13508674305437657,2.8853008908210913e-05,25,10,20
44,3516,0.8633213192289229,3.3064592129025507e-06,0.13665599729994088,1.9377011922058678e-05,25,10,20
44,3517,0.846259737881377,1.5814007309159064e-05,0.15368259049642652,4.1857614886276406e-05,25,10,20
44,3518,0.8617266325532075,8.280030969900901e-06,0.13815226390717888,0.00011282350864311019,25,10,20
44,3519,0.8408429218881218,2.5591295984284604e-05,0.156458772232406,0.0026727145834876138,25,10,20
44,3520,0.9599720188882577,1.3656418043497066e-06,0.039485650896556916,0.0005409645733812297,25,10,20
44,3521,0.9042948812332843,7.750267573651764e-05,0.09507380517285201,0.0005538109181263416,25,10,20
44,3522,0.8986580887470361,1.5046700181419969e-06,0.09736088425510726,0.003979522327838275,25,10,20
44,3523,0.8895801730639548,7.796185201790181e-06,0.1103834194971281,2.861125371503779e-05,25,10,20
44,3524,0.9144112649870106,1.5343708382859467e-05,0.08370411120757838,0.0018692800970281393,25,10,20
44,3525,0.9665689180215393,1.0946005205932368e-05,0.03156079222169135,0.0018593437515632026,25,10,20
44,3526,0.9318924834539711,9.255447877700252e-07,0.06808492692907876,2.1664072162004997e-05,25,10,20
44,3527,0.8889512050857256,3.7304302145310156e-05,0.1109598791213641,5.1611490764709e-05,25,10,20
44,3528,0.9100914040124424,2.6042438931799905e-05,0.0897004940307559,0.00018205951786987994,25,10,20
44,3529,0.9183608951286749,4.871406070703455e-06,0.07731224554802353,0.004321987917231024,25,10,20
44,3530,0.9223665313722098,9.603586298762712e-08,0.07761821924828757,1.5153343639614523e-05,25,10,20
44,3531,0.9211107702782435,3.1398462192157165e-06,0.07887654091031317,9.548965224440262e-06,25,10,20
44,3532,0.8411137139962741,7.085059028557655e-06,0.15703164708577358,0.001847553858922799,25,10,20
44,3533,0.9090477390169214,5.863476867320571e-06,0.08906651332911285,0.0018798841770981242,25,10,20
44,3534,0.9240904788947484,3.108827389326405e-05,0.07403243699418217,0.0018459958371764467,25,10,20
44,3535,0.8833537927603823,2.956325700230626e-05,0.11474304808697472,0.0018735958956400136,25,10,20
44,3536,0.8959747792357149,5.976805859921531e-07,0.10138631573050065,0.002638307353198768,25,10,20
44,3537,0.8552655407968262,3.5268393460701487e-07,0.10531814265951266,0.039415963859726386,25,10,20
44,3538,0.9271286057248866,4.1564242392872656e-07,0.0398778649104497,0.032993113722239634,25,10,20
44,3539,0.9088044576769828,2.659119448278277e-05,0.058149080149707585,0.03301987097882747,25,10,20
44,3540,0.898561103428314,0.0011642042776704004,0.06809070647063493,0.03218398582338028,25,10,20
44,3541,0.8933132951278909,0.0011617005819705315,0.07871342104819982,0.026811583241938365,25,10,20
44,3542,0.9178412601452501,2.7441896736615027e-07,0.04307092917659317,0.039087536259189495,25,10,20
44,3543,0.9356031168356173,5.88396336392266e-07,0.026562254735452248,0.037834040032594336,25,10,20
44,3544,0.9287335889972413,3.806100706649506e-07,0.045258791189329656,0.026007239203357842,25,10,20
44,3545,0.9065901381570117,2.3972389249696946e-06,0.06426350250637915,0.029143962097684054,25,10,20
44,3546,0.8227926846873338,6.409201652507585e-05,0.16364449674203643,0.013498726554104012,25,10,20
44,3547,0.8852841058461165,3.0011268295267585e-06,0.11199519581826585,0.0027176972087891915,25,10,20
44,3548,0.8744283464548794,1.0106983340995194e-06,0.12360777630959471,0.0019628665371916316,25,10,20
44,3549,0.9479788894608415,5.960291750047975e-07,0.05069092810072518,0.0013295864092582647,25,10,20
44,3550,0.9727411605042454,2.0207200409143077e-07,0.02724939242380061,9.244999949924939e-06,25,10,20
44,3551,0.9313995435732894,1.204267333731908e-06,0.041661183288819646,0.026938068870557105,25,10,20
44,3552,0.8609517725754876,1.1317991646962535e-06,0.11203037960827794,0.027016716017070723,25,10,20
44,3553,0.7574979114665115,1.3835946512747154e-06,0.20366527042397145,0.038835434514864785,25,10,20
44,3554,0.8284070504591509,1.4054578717483e-06,0.13036822822281935,0.041223315860158545,25,10,20
44,3555,0.8192325070415033,2.0264243543338614e-05,0.14179118801038249,0.03895604070457051,25,10,20
44,3556,0.8338482431411045,7.938110724758239e-07,0.1267324517146334,0.03941851133319001,25,10,20
44,3557,0.8920287398405519,1.0026086478326788e-06,0.0683768410146138,0.03959341653618634,25,10,20
44,3558,0.8736038321701365,1.5655624036173055e-06,0.12604223665368378,0.0003523656137764692,25,10,20
44,3559,0.9028247159604113,2.019553212107021e-06,0.09716159233428233,1.1672152094692271e-05,25,10,20
44,3560,0.8894700261155526,4.436472893200495e-07,0.07986484154453129,0.030664688692627173,25,10,20
44,3561,0.8871005781193867,2.9233393241980255e-07,0.07900320607418959,0.03389592347249083,25,10,20
44,3562,0.9376206685391242,3.5769912117451115e-07,0.05933784240046862,0.003041131361286273,25,10,20
44,3563,0.9473920192157653,9.328904134259552e-07,0.05257614669322962,3.090120059162787e-05,25,10,20
44,3564,0.9430404686816657,8.379924132741577e-07,0.056944083752508534,1.4609573412476191e-05,25,10,20
44,3565,0.9325861655570519,3.9375575165887237e-05,0.06728031179651153,9.414707127057274e-05,25,10,20
44,3566,0.9490272076038386,0.00038436309639521693,0.05050804020389111,8.038909587484752e-05,25,10,20
44,3567,0.8366258761026125,4.000675392031769e-06,0.1632623095756095,0.00010781364638633516,25,10,20
44,3568,0.8875272323379093,2.0489164329340164e-05,0.11241140292962598,4.0875568134755696e-05,25,10,20
44,3569,0.9410120626278161,9.269396096760758e-07,0.058978480085604384,8.530346969405647e-06,25,10,20
44,3570,0.8706456201924913,8.071962938991337e-07,0.12922825512932165,0.0001253174818929999,25,10,20
44,3571,0.9038357110522414,4.3611332069624124e-05,0.0960999440014373,2.073361425197517e-05,25,10,20
44,3572,0.9635201655437261,4.280627595377018e-07,0.03647548709313612,3.91930037826717e-06,25,10,20
44,3573,0.9613038251455478,3.5089999961975944e-07,0.038514280650564524,0.00018154330388751627,25,10,20
44,3574,0.9321223251925328,1.0999239234294744e-06,0.06771287815051394,0.00016369673303089644,25,10,20
44,3575,0.9428207503747426,0.0004765995510641115,0.0566913170773741,1.1332996819233208e-05,25,10,20
44,3576,0.9272240761713862,1.3526011342447909e-06,0.07263444990200572,0.0001401213254731462,25,10,20
44,3577,0.8826465189314061,1.1985225011022101e-05,0.11411810207942467,0.003223393764158296,25,10,20
44,3578,0.8711827308271424,1.0434875155021377e-05,0.12714846585804276,0.001658368439660707,25,10,20
44,3579,0.9264159763606074,8.925301733244931e-07,0.07278495825249545,0.0007981728567243904,25,10,20
44,3580,0.9349337204062781,3.5273223517452246e-06,0.0641684873789497,0.0008942648924210547,25,10,20
44,3581,0.9266781282047946,2.583846980535503e-05,0.07328907441504452,6.958910355159443e-06,25,10,20
44,3582,0.897610797299218,2.132010970254735e-05,0.10236348326334657,4.399327732511858e-06,25,10,20
44,3583,0.8894515011734069,2.1279696004427216e-05,0.1002055345505229,0.010321684580065544,25,10,20
44,3584,0.8915070640254942,3.4751986425807225e-06,0.09815644622495773,0.010333014550905007,25,10,20
44,3585,0.8685102353271086,2.413847900473496e-06,0.13148070934094122,6.641484049637249e-06,25,10,20
44,3586,0.8914841047816198,1.927234104820322e-06,0.10850452347209417,9.444512181270284e-06,25,10,20
44,3587,0.9047916845035882,7.952235226925154e-05,0.09511779256479569,1.1000579346976939e-05,25,10,20
44,3588,0.9158176961228159,5.025124468349348e-06,0.08382108782526285,0.0003561909274522612,25,10,20
44,3589,0.9091860186766719,5.840612285852596e-06,0.09069473457966996,0.0001134061313727831,25,10,20
44,3590,0.9457975332171324,2.0571297130437826e-06,0.05402530769245242,0.00017510196070191653,25,10,20
44,3591,0.9387632590035007,2.872641670947859e-05,0.06120336339534103,4.6511844491374085e-06,25,10,20
44,3592,0.9025015380322481,6.794812879666717e-05,0.09738772414763278,4.27896913231566e-05,25,10,20
44,3593,0.8821153488659084,4.968927564353769e-07,0.11768532857100382,0.00019882567033150143,25,10,20
44,3594,0.9323972980067761,1.529737597265484e-06,0.06756091560672206,4.0256648904563216e-05,25,10,20
44,3595,0.9635795026542201,2.3003900393599073e-06,0.035829164192400696,0.0005890327633397717,25,10,20
44,3596,0.9864662193335346,2.6559383968845656e-06,0.012956065564041417,0.0005750591640269687,25,10,20
44,3597,0.944973479514916,0.0006125680722894718,0.05441213630547298,1.8161073220333e-06,25,10,20
44,3598,0.953455353654619,2.287487604129568e-06,0.046338121126219406,0.00020423773155784565,25,10,20
44,3599,0.908440202052128,3.4127718095684094e-06,0.09153004524421737,2.6339931845618006e-05,25,10,20
44,3600,0.9567808219116158,6.094201540217011e-06,0.04319566418377525,1.7419703068175134e-05,25,10,20
44,3601,0.8698444209355713,6.264432357965547e-06,0.130125618723635,2.369590843527628e-05,25,10,20
44,3602,0.8833852910463336,0.00018052695930795935,0.11636022354079456,7.3958453563351e-05,25,10,20
44,3603,0.8958535374923551,8.622307941194267e-06,0.10349028015045528,0.0006475600492481431,25,10,20
44,3604,0.8801837793029111,8.053300257550921e-06,0.11974348396823607,6.468342859561536e-05,25,10,20
44,3605,0.9012235115155809,3.991043153343215e-05,0.09544460412673059,0.0032919739261544783,25,10,20
44,3606,0.892834179383009,3.628175551524771e-05,0.10412646674195183,0.0030030721195232753,25,10,20
44,3607,0.8937178275586517,1.3012064451284823e-05,0.10332816759615553,0.0029409927807414705,25,10,20
44,3608,0.9050712369170525,1.625835276122768e-05,0.09081442165759462,0.0040980830725908905,25,10,20
44,3609,0.9188695184206537,7.470275174501415e-07,0.08111590520613353,1.382934569490626e-05,25,10,20
44,3610,0.9565256024646341,3.2372577259574883e-07,0.04346920754841695,4.866261176315974e-06,25,10,20
44,3611,0.9488179559478241,5.805665740470973e-06,0.05093262102705906,0.00024361735937578142,25,10,20
44,3612,0.898956552669121,6.990913112491789e-05,0.09999697187937842,0.0009765663203752588,25,10,20
44,3613,0.9023913199195345,4.191150694206019e-05,0.09756295374890504,3.8148246185949e-06,25,10,20
44,3614,0.9311083333508324,7.935513442280059e-06,0.0657758031462666,0.003107927989459068,25,10,20
44,3615,0.8898394673062523,2.881253614319537e-06,0.11015601136879932,1.6400713337720568e-06,25,10,20
44,3616,0.8658181376818758,1.2585612040589282e-05,0.13295362306039255,0.0012156536456904578,25,10,20
44,3617,0.9328662856802932,1.5886776461690872e-06,0.06706391342024833,6.821222181230567e-05,25,10,20
44,3618,0.8899140197325629,4.267431983253182e-06,0.10962023858468908,0.00046147425076442677,25,10,20
44,3619,0.9030477374158142,4.0386956199246e-06,0.09648147935915918,0.0004667445294065138,25,10,20
44,3620,0.885387884385439,6.748541988412828e-06,0.11456072601452562,4.4641058046398276e-05,25,10,20
44,3621,0.9131465507853653,5.436307966043498e-06,0.08537130407834484,0.0014767088283235657,25,10,20
44,3622,0.8203473051195584,0.00011905327577866064,0.17807774928649006,0.0014558923181721762,25,10,20
44,3623,0.9578501871567815,5.092975889472535e-06,0.040672220517014746,0.0014724993503141034,25,10,20
44,3624,0.9400144316331143,1.3614841101803574e-06,0.059963878920387674,2.032796238783121e-05,25,10,20
44,3625,0.9111374345304313,6.704684222459327e-06,0.08879817982690935,5.768095843602331e-05,25,10,20
44,3626,0.9364538313779139,4.644142906584666e-06,0.06348708865503505,5.443582414417006e-05,25,10,20
44,3627,0.9485175658386937,9.04780256512759e-07,0.05076515058157018,0.0007163787994793149,25,10,20
44,3628,0.8790858573943694,9.141443845097235e-05,0.11753539125042675,0.0032873369167529297,25,10,20
44,3629,0.9464800175203679,1.4381754072034479e-06,0.05278967478491078,0.0007288695193142518,25,10,20
44,3630,0.9416886408913032,1.2134068765929273e-07,0.05798954228662,0.00032169548138895847,25,10,20
44,3631,0.9054636324042842,8.972542968194859e-07,0.09428485803513496,0.0002506123062832474,25,10,20
44,3632,0.9424543230818656,2.6507244098122536e-06,0.057394886988531145,0.00014813920519332472,25,10,20
44,3633,0.9230301540942177,4.300596464534795e-06,0.076888544546376,7.700076294140196e-05,25,10,20
44,3634,0.9209391742124517,7.996948381428668e-06,0.07897380333070658,7.902550845962234e-05,25,10,20
44,3635,0.9581376160572312,5.421668351936168e-06,0.04177579724294014,8.116503147656475e-05,25,10,20
44,3636,0.9106375571559375,9.890003256719796e-07,0.08929201289742983,6.944094630709873e-05,25,10,20
44,3637,0.8760103591158992,4.772824801904074e-06,0.1237287058355197,0.00025616222377920317,25,10,20
44,3638,0.8985761927837111,4.706808345812061e-06,0.10122654358775368,0.00019255682018914921,25,10,20
44,3639,0.9241152263519087,9.486399869926368e-06,0.07534390422006629,0.0005313830281560091,25,10,20
44,3640,0.9000375363092794,2.8421913716786185e-07,0.09986738617575558,9.479329582747924e-05,25,10,20
44,3641,0.9344047427393342,4.117675537630704e-06,0.0654419226196139,0.0001492169655140694,25,10,20
44,3642,0.9578121262066319,7.285446498179321e-07,0.042110723789696755,7.642145902159982e-05,25,10,20
44,3643,0.9670384558359327,2.0000097948320715e-07,0.03287496858093176,8.637558215594381e-05,25,10,20
44,3644,0.9341651778650742,1.270070719720717e-07,0.06573982177581797,9.487335203545965e-05,25,10,20
44,3645,0.9121367560130299,1.975869893103113e-07,0.08782958121646697,3.346518351400557e-05,25,10,20
44,3646,0.9192761559043972,2.39562821610583e-06,0.0806194138995932,0.0001020345677941796,25,10,20
44,3647,0.9493749054766641,5.099556616270377e-06,0.05061665949511476,3.335471604802108e-06,25,10,20
44,3648,0.9305257910946391,8.88617120573494e-06,0.06932190371689938,0.00014341901725564384,25,10,20
44,3649,0.8662122366149388,0.000355576905505248,0.13325235138189578,0.00017983509766001732,25,10,20
44,3650,0.8558623939899188,0.0003492180259212416,0.14374716570086668,4.122228329318323e-05,25,10,20
44,3651,0.9071136010958406,1.6742144063132181e-06,0.09286924510335162,1.5479586401204398e-05,25,10,20
44,3652,0.9061648377154264,6.489651221949073e-07,0.09376808849073498,6.642482871642156e-05,25,10,20
44,3653,0.9351453041416526,2.108297839016044e-05,0.06478025512258968,5.335775736782108e-05,25,10,20
44,3654,0.9261920598329163,1.3268353702353677e-06,0.07372727421580315,7.933911591056218e-05,25,10,20
44,3655,0.9208720309049334,5.886783241258419e-06,0.07902278413210954,9.929817971576045e-05,25,10,20
44,3656,0.8920516248509642,5.7280392531781116e-06,0.1079044085045529,3.823860523217871e-05,25,10,20
44,3657,0.9295075681668479,8.002493167521094e-07,0.0701834226109887,0.0003082089728463896,25,10,20
44,3658,0.9066173059918207,1.361054803185619e-06,0.09303830247368751,0.00034303047968924777,25,10,20
44,3659,0.8940070133276715,9.50436670617445e-05,0.10555190786313523,0.00034603514213042713,25,10,20
44,3660,0.919215366930467,4.3143327712397926e-05,0.08071950318137303,2.1986560447796664e-05,25,10,20
44,3661,0.9451846286427593,6.32647580189998e-06,0.0532010164976111,0.0016080283838276243,25,10,20
44,3662,0.9676257609537302,1.5106237505024101e-06,0.03075854283852032,0.0016141855839987246,25,10,20
44,3663,0.9138984873311408,4.299458588491253e-06,0.08571610007680346,0.00038111313346710557,25,10,20
44,3664,0.8438472040980004,2.7550242761196386e-06,0.15580203316576405,0.0003480077119598231,25,10,20
44,3665,0.8811341800383264,3.420433365252441e-06,0.11851464018496935,0.0003477593433396506,25,10,20
44,3666,0.9093026551046354,2.851757058753385e-06,0.09017086343912335,0.0005236296991824792,25,10,20
44,3667,0.8777024825695062,2.0122328113882156e-06,0.1219533006221891,0.0003422045754928549,25,10,20
44,3668,0.8562118168058821,4.290502345234612e-07,0.1437853616516118,2.3924922714914853e-06,25,10,20
44,3669,0.881470240923131,8.253705306037574e-07,0.118488453434054,4.0480272283641616e-05,25,10,20
44,3670,0.8403212228561,1.4062163649489076e-06,0.15967212565372071,5.245273813901448e-06,25,10,20
44,3671,0.9102593802889993,6.3521706062476075e-06,0.08970820651771394,2.6061022680339625e-05,25,10,20
44,3672,0.9411350936342978,2.5093210034213687e-06,0.058856543341109416,5.853703588727181e-06,25,10,20
44,3673,0.923924576894896,1.9809063734960476e-06,0.07606495358519666,8.488613533932918e-06,25,10,20
44,3674,0.9476317373690755,1.0850198029868637e-06,0.05235709499021933,1.0082620901886456e-05,25,10,20
44,3675,0.9160076320012519,2.070701360495913e-07,0.08398228049915783,9.880429453302542e-06,25,10,20
44,3676,0.9207993759083464,4.947288673515476e-06,0.07918021357634393,1.5463226636114858e-05,25,10,20
44,3677,0.9065342117812376,1.4572242547247283e-07,0.09340692006816843,5.872242816753232e-05,25,10,20
44,3678,0.8974979603315596,2.0342538211522285e-05,0.10246903455052678,1.2662579702336868e-05,25,10,20
44,3679,0.9253231629734181,8.226510102648595e-06,0.07464522827132691,2.3382245151649527e-05,25,10,20
44,3680,0.96287354907635,1.2490412034999297e-05,0.03710338165600306,1.0578855611762292e-05,25,10,20
44,3681,0.9040052465668326,9.416279678451495e-07,0.08968961724764282,0.0063041945575574455,25,10,20
44,3682,0.8346113714059242,1.6953614155673768e-06,0.16536805135446137,1.8881878199375702e-05,25,10,20
44,3683,0.8422692460499733,8.10901197266773e-06,0.15758794847755292,0.0001346964605015399,25,10,20
44,3684,0.8604253184996631,2.463490841176116e-06,0.13954571866581328,2.649934368225549e-05,25,10,20
44,3685,0.8550648063900167,2.836029261083312e-06,0.14492432448362874,8.033097093630224e-06,25,10,20
44,3686,0.945406878492998,5.4057897603919654e-06,0.05456526648807234,2.244922916992837e-05,25,10,20
44,3687,0.9437758706537639,1.1148808593700501e-05,0.05620019971988714,1.2780817755177919e-05,25,10,20
44,3688,0.9410719721313694,2.7966141946711674e-06,0.05886625799218609,5.8973262249709544e-05,25,10,20
44,3689,0.9542387738246778,1.5495432012926065e-06,0.04573416163335145,2.551499877012644e-05,25,10,20
44,3690,0.8722003676455743,5.987753221836194e-06,0.12773796507500124,5.567952620267873e-05,25,10,20
44,3691,0.9306538711023655,1.4193935324520093e-06,0.054711185646604134,0.014633523857498512,25,10,20
44,3692,0.937894093169631,4.625864688826378e-06,0.047413202103197605,0.014688078862482145,25,10,20
44,3693,0.9233336835438958,1.6884301355922236e-06,0.07658996742404707,7.466060192124317e-05,25,10,20
44,3694,0.8763413226110831,6.061496145426453e-06,0.0844252681915773,0.0392273477011941,25,10,20
44,3695,0.8634317384186926,7.695798130279837e-07,0.0973543794044062,0.03921311259708822,25,10,20
44,3696,0.8463360336153377,4.897757072455557e-06,0.1428664968726245,0.010792571754965041,25,10,20
44,3697,0.9321644489863397,2.983427011028271e-06,0.06772582058359687,0.00010674700305295127,25,10,20
44,3698,0.9472205224029635,2.9267780057356433e-06,0.05277488272999396,1.668089036764061e-06,25,10,20
44,3699,0.9017682097035089,5.06435781664335e-06,0.09821929813801039,7.427800663941721e-06,25,10,20
44,3700,0.9375149203570744,2.9318190595487925e-06,0.062479931449797396,2.2163740685654936e-06,25,10,20
44,3701,0.9343867923643181,1.8109409414788953e-06,0.0656000962894545,1.1300405286161179e-05,25,10,20
44,3702,0.9588798947644678,2.7935360647665267e-06,0.04109463814676028,2.2673552706939008e-05,25,10,20
44,3703,0.9201227909773594,1.013729147197269e-06,0.07986141407819031,1.4781215302632749e-05,25,10,20
44,3704,0.9393205681277813,2.075523135280271e-05,0.060654595732018785,4.080908846410081e-06,25,10,20
44,3705,0.9139984426286256,2.002556161276977e-05,0.0856579726691663,0.0003235591405953187,25,10,20
44,3706,0.9459102279087339,2.1747933510459384e-05,0.05394805524619953,0.0001199689115564713,25,10,20
44,3707,0.9174641908370417,2.5855386777665934e-05,0.0823697107927634,0.0001402429834178716,25,10,20
44,3708,0.9302557023419098,1.875965294165081e-05,0.06892105987753644,0.0008044781276119308,25,10,20
44,3709,0.9255284463389288,1.7017819621725768e-05,0.07442758839983785,2.6947441610653483e-05,25,10,20
44,3710,0.9164227461844014,1.7677275219675312e-06,0.08354830377959745,2.7182308479402614e-05,25,10,20
44,3711,0.9055227041363614,1.3602781379118593e-06,0.09442467009092516,5.126549457528484e-05,25,10,20
44,3712,0.9292427111425837,4.936950684157391e-07,0.07071280893083526,4.398623151245288e-05,25,10,20
44,3713,0.8748123425018615,6.170958522647866e-07,0.12509680173110233,9.023867118307766e-05,25,10,20
44,3714,0.8993625447746743,1.5655954536035046e-06,0.10053331284685992,0.0001025767830119887,25,10,20
44,3715,0.9345174707231106,1.6423555881451691e-06,0.06547820171193969,2.6852093616509636e-06,25,10,20
44,3716,0.8917053636627975,1.172848776010464e-06,0.10828812042522232,5.343063204282377e-06,25,10,20
44,3717,0.8888318364398217,0.016426468617171442,0.09473050645967362,1.1188483333969843e-05,25,10,20
44,3718,0.8751765240962099,0.016427364844780534,0.10835637517901789,3.9735879991932417e-05,25,10,20
44,3719,0.9034300537793549,0.005701977931811601,0.09048635927321462,0.00038160901561874413,25,10,20
44,3720,0.9689212718009576,3.6786983206845986e-06,0.031053873581082782,2.1175919639375624e-05,25,10,20
44,3721,0.966539935629378,3.2737867046458876e-06,0.03342940745112389,2.7383132793248462e-05,25,10,20
44,3722,0.9661904561720455,2.0377703368048123e-06,0.033785496285854186,2.2009771762924478e-05,25,10,20
44,3723,0.9127155569834775,0.0002676696543147761,0.08660332248029262,0.00041345088191499876,25,10,20
44,3724,0.9197410105497511,2.879176778149661e-06,0.07993960898080156,0.0003165012926693196,25,10,20
44,3725,0.9694051609911224,8.538751897545873e-07,0.030585712023607797,8.273110080344386e-06,25,10,20
44,3726,0.9254307439098727,6.653016136674062e-07,0.07456336333355523,5.2274549586351585e-06,25,10,20
44,3727,0.8750486070008815,0.000293597581523737,0.1246399552171607,1.784020043362883e-05,25,10,20
44,3728,0.947119570457512,1.1477782984338288e-06,0.05286280021907858,1.6481545110720038e-05,25,10,20
44,3729,0.8020717081590698,0.00021044432166376394,0.16130930650283687,0.0364085410164303,25,10,20
44,3730,0.836239392524517,1.8587974201788887e-05,0.12474362551530539,0.03899839398597454,25,10,20
44,3731,0.836169101688566,1.1117881720366631e-05,0.09932695855373988,0.06449282187597342,25,10,20
44,3732,0.8165045579815594,1.2326284959769306e-05,0.1233960272727884,0.060087088460691815,25,10,20
44,3733,0.8406856450097636,1.1182676937336893e-05,0.09956963269277297,0.059733539620525376,25,10,20
44,3734,0.8396700604349762,4.2073053987122535e-07,0.08680078592440882,0.07352873291007567,25,10,20
44,3735,0.833983888855301,1.1146995867638286e-06,0.12665452679674757,0.03936046964836512,25,10,20
44,3736,0.849376986064212,6.79239187728244e-07,0.11473660862704184,0.035885726069558366,25,10,20
44,3737,0.9121380264602101,1.6000739771463193e-07,0.04877012511251148,0.03909168841987964,25,10,20
44,3738,0.9106147212716715,1.045347662141334e-07,0.05029401461695482,0.03909115957660813,25,10,20
44,3739,0.8703197976876038,2.2291617686356144e-06,0.09257461202345675,0.03710336112717108,25,10,20
44,3740,0.9057950068355336,1.5981340433221905e-06,0.051823567629448467,0.04237982740097463,25,10,20
44,3741,0.8723576973633669,9.275734394749313e-07,0.08330906495127932,0.04433231011191355,25,10,20
44,3742,0.885826934529801,5.424520534907572e-07,0.07184800872236324,0.042324514295781525,25,10,20
44,3743,0.8309782021770712,6.676308765565845e-07,0.12659126535020135,0.042429864841850747,25,10,20
44,3744,0.8923316127959714,5.137449651892513e-06,0.06843872133540796,0.03922452841896817,25,10,20
44,3745,0.928129272421634,1.7350103346145148e-07,0.03265543413651221,0.039215119940820165,25,10,20
44,3746,0.9129911956859909,5.154193488438004e-07,0.0478004996689437,0.03920778922571624,25,10,20
44,3747,0.8942272168702624,1.0086209250213558e-06,0.06648490588540286,0.03928686862340962,25,10,20
44,3748,0.8731202480568001,1.7310083601372603e-06,0.08758235164685337,0.03929566928798639,25,10,20
44,3749,0.8852466892581191,5.078583986268008e-07,0.07553733271293811,0.03921547017054366,25,10,20
44,3750,0.8596916171754081,1.1084043220893601e-05,0.10105340579513104,0.039243892986240335,25,10,20
44,3751,0.9061872470845002,3.779424107746244e-06,0.05460155536560581,0.03920741812578605,25,10,20
44,3752,0.8808004752414427,3.285858812822114e-06,0.11645454167030078,0.002741697229443908,25,10,20
44,3753,0.9160943769835569,2.689860422735925e-06,0.08120217827788251,0.0027007548781382775,25,10,20
44,3754,0.8947756965851391,1.0367311665433547e-05,0.10087740224244966,0.004336533860746019,25,10,20
44,3755,0.8777547893325004,1.6958267282619366e-05,0.12039936198991526,0.0018288904103007269,25,10,20
44,3756,0.8580559950800192,1.105508865524665e-05,0.1401001411302321,0.001832808701093069,25,10,20
44,3757,0.9124911452590716,2.274725184804351e-06,0.08718036809110552,0.0003262119246386839,25,10,20
44,3758,0.8870264404875562,4.012047606588665e-05,0.11256271156845482,0.00037072746792403584,25,10,20
44,3759,0.8476308402562774,1.0688951529774295e-05,0.15159683116016537,0.0007616396320287506,25,10,20
44,3760,0.8873622889740809,3.084035758516104e-07,0.11185397227625468,0.0007834303460901089,25,10,20
44,3761,0.9557728231618974,1.9306881839191947e-07,0.04347730507270305,0.0007496786965811328,25,10,20
44,3762,0.9030982712883905,8.797916061494435e-05,0.09603602123418487,0.0007777283168099909,25,10,20
44,3763,0.9465159010820368,5.220077501884303e-07,0.05271455914675325,0.000769017763459764,25,10,20
44,3764,0.9327375583009183,3.872450655052194e-07,0.06724277941621355,1.9275037802640532e-05,25,10,20
44,3765,0.8940450817759181,8.784645887845934e-06,0.10548256093193693,0.0004635726462575447,25,10,20
44,3766,0.8967559204543392,8.875244750436729e-06,0.09796571449598936,0.005269489804922077,25,10,20
44,3767,0.9262830034785159,3.2841230499736344e-06,0.06818010997166642,0.0055336024267672555,25,10,20
44,3768,0.9570163450992466,1.563895650786157e-06,0.03769231373776333,0.005289777267338943,25,10,20
44,3769,0.9109749482803047,1.1849208892883687e-06,0.08901138039278393,1.2486406021692928e-05,25,10,20
44,3770,0.8634027246698867,0.00010820844089578789,0.1363805293868985,0.00010853750231778473,25,10,20
44,3771,0.8095979640335291,2.2585952581725053e-06,0.19037840658822588,2.1370782987276304e-05,25,10,20
44,3772,0.8572561010866044,2.175559478334884e-06,0.14267798108459462,6.374226932229373e-05,25,10,20
44,3773,0.900889271928719,4.679195817244579e-06,0.09794971020794993,0.0011563386675136655,25,10,20
44,3774,0.9338136533548443,3.5906403007136194e-06,0.06605499950734985,0.00012775649750529288,25,10,20
44,3775,0.9139597514650758,3.3006384569831397e-06,0.08275060104306878,0.0032863468533978557,25,10,20
44,3776,0.9304563464650383,2.8647234734637067e-06,0.06625545557400764,0.0032853332374809746,25,10,20
44,3777,0.8686095634356751,4.7883783737903995e-06,0.12810120153369903,0.0032844466522528263,25,10,20
44,3778,0.8728127322765283,1.5169562126759844e-06,0.12706928321640168,0.0001164675508574782,25,10,20
44,3779,0.9009966737114568,6.767420217283715e-06,0.09886217341778003,0.00013438545054632504,25,10,20
44,3780,0.8455474769892543,1.3907537646300294e-05,0.15426548322111366,0.0001731322519856764,25,10,20
44,3781,0.8577200759773401,1.0309388098576463e-05,0.14208929162457468,0.0001803230099860818,25,10,20
44,3782,0.8168726748595843,4.730593844831579e-06,0.18304126254205805,8.133200451264627e-05,25,10,20
44,3783,0.8295160587731181,1.2183341007498417e-06,0.165269125292465,0.005213597600317303,25,10,20
44,3784,0.9004547599771467,1.8510750322074727e-06,0.0943667590004913,0.005176629947329453,25,10,20
44,3785,0.8422575829212317,2.2676650580412484e-06,0.15245953649859337,0.005280612915117031,25,10,20
44,3786,0.8975474876531737,1.246338612003044e-06,0.10233389863754715,0.00011736737066684496,25,10,20
44,3787,0.9023875001566429,4.248501341048319e-06,0.09747723141228776,0.00013101992972924177,25,10,20
44,3788,0.9108892670515611,3.4282838235007225e-05,0.08896120761050401,0.00011524249970023839,25,10,20
44,3789,0.9213918865669178,8.458029839085465e-07,0.07848776606539248,0.00011950156470578937,25,10,20
44,3790,0.9145408684749583,3.563036281507536e-07,0.08538358437812628,7.519084328778413e-05,25,10,20
44,3791,0.9018157481540982,3.7421661229211243e-06,0.09804062638550541,0.0001398832942732308,25,10,20
44,3792,0.8685995269796571,3.435604738877406e-05,0.13132763477897355,3.848219398011055e-05,25,10,20
44,3793,0.8976754146487046,2.784611482018074e-05,0.10226258062634833,3.415861012659922e-05,25,10,20
44,3794,0.9058278436029495,9.87690040173625e-07,0.09399548032462893,0.00017568838238139571,25,10,20
44,3795,0.903189701499209,9.97928937060722e-07,0.0966746969649572,0.00013460360689676327,25,10,20
44,3796,0.9704210569295332,8.143283721905097e-07,0.02957551776648609,2.6109756085530427e-06,25,10,20
44,3797,0.9487245090029621,8.505734943919435e-08,0.05042108121715904,0.0008543247225293388,25,10,20
44,3798,0.9416013914159156,2.018140897001051e-07,0.05707256599792634,0.001325840772068182,25,10,20
44,3799,0.8600120871467571,2.5869011925348444e-06,0.13990468215964114,8.064379240984642e-05,25,10,20
44,3800,0.8729797145182908,2.3267681192783697e-06,0.1269762006919699,4.175802162008785e-05,25,10,20
44,3801,0.9075574066651232,8.852345611128495e-07,0.0923697972446773,7.191085563814017e-05,25,10,20
44,3802,0.9538252304913958,6.28846616070659e-07,0.04612018455905823,5.3956102929946314e-05,25,10,20
44,3803,0.9580468050382349,8.648262340016206e-07,0.041898173076333325,5.415705919752738e-05,25,10,20
44,3804,0.9417247509306071,5.752770080565448e-07,0.05670704844374413,0.001567625348640216,25,10,20
44,3805,0.922081445599361,3.1150228117225554e-05,0.07631446263254274,0.0015729415399786508,25,10,20
44,3806,0.9152757915084441,2.799508551568324e-05,0.0846538148043022,4.239860173792209e-05,25,10,20
44,3807,0.9143065924261887,3.400892640309465e-07,0.08567179908472737,2.1268399819886465e-05,25,10,20
44,3808,0.9382914166218049,7.820236697110405e-06,0.06163554808651819,6.521505497964302e-05,25,10,20
44,3809,0.9056945381957413,2.97352869781887e-06,0.0942796621951922,2.2826080369110013e-05,25,10,20
44,3810,0.8069656549991966,2.665278986528494e-06,0.19301481323664355,1.6866485174025925e-05,25,10,20
44,3811,0.8939410287556515,5.1176280257542955e-05,0.10598782387562618,1.9971088465283817e-05,25,10,20
44,3812,0.9072882487835,7.208402347693527e-06,0.09269669474339624,7.848070756418928e-06,25,10,20
44,3813,0.8896516270152734,0.00017092259881123384,0.11014773277315465,2.971761276007145e-05,25,10,20
44,3814,0.8664890135252138,2.697322023386728e-06,0.13303474673858914,0.0004735424141737992,25,10,20
44,3815,0.9422369301500804,2.5902959355398223e-06,0.05738275820636916,0.00037772134761476653,25,10,20
44,3816,0.9497275025826248,8.132358317441179e-07,0.04378348159776815,0.006488202583775091,25,10,20
44,3817,0.9759402684053866,2.208825371580904e-05,0.024036103033328416,1.5403075700827575e-06,25,10,20
44,3818,0.9361985818283846,2.679092850727618e-05,0.06376523965642962,9.38758667925822e-06,25,10,20
44,3819,0.8782590129079928,3.1646837485160437e-06,0.12165316687931954,8.465552893889805e-05,25,10,20
44,3820,0.9152437994156755,4.4526022382975595e-06,0.08474805958778175,3.6883943049577344e-06,25,10,20
44,3821,0.8710370368426682,2.2834574731452696e-06,0.1289600016391744,6.780606842977538e-07,25,10,20
44,3822,0.8717190845025781,4.909056719475475e-06,0.09967657242529429,0.028599434015408307,25,10,20
44,3823,0.8766114412455954,2.338853782996427e-06,0.09465492818508248,0.028731291715538374,25,10,20
44,3824,0.9050389162972148,2.1434183030318117e-06,0.064969232369847,0.02998970791463456,25,10,20
44,3825,0.8872005358516968,3.5264472554351055e-07,0.08591431255319723,0.026884798950380224,25,10,20
44,3826,0.8848252863878003,2.523312881935592e-06,0.07863164347526427,0.03654054682405338,25,10,20
44,3827,0.9160754529646776,1.7457316102541905e-07,0.055613538323245774,0.028310834138915573,25,10,20
44,3828,0.8674731709286605,9.200912029235127e-07,0.13228904555347729,0.00023686342665893236,25,10,20
44,3829,0.9257171902974464,6.1083122056414595e-06,0.07425699078211286,1.9710608235297637e-05,25,10,20
44,3830,0.9232156496048254,8.515399708870525e-06,0.07677247294415038,3.362051314900252e-06,25,10,20
44,3831,0.9048399596112726,1.3959243654438082e-06,0.0951519230136969,6.721450664056352e-06,25,10,20
44,3832,0.9260958099755001,3.033820394406157e-06,0.07388248907600628,1.8667128098717935e-05,25,10,20
44,3833,0.9042226877217001,5.09853043327204e-05,0.0957210067613449,5.320212622562788e-06,25,10,20
44,3834,0.9093232899261544,5.132869329313004e-05,0.09062372685823475,1.6545223174332317e-06,25,10,20
44,3835,0.9215531357460788,5.074082577961317e-05,0.07838252393374984,1.3599494391744611e-05,25,10,20
44,3836,0.9191696287899273,5.471894094387052e-05,0.08077401391770204,1.6383514272436998e-06,25,10,20
44,3837,0.8773325983167226,5.2261837032875615e-05,0.11867699046655147,0.003938149379693669,25,10,20
44,3838,0.8788379669979096,5.278431141437806e-05,0.12105213284007371,5.711585060264819e-05,25,10,20
44,3839,0.9324567299167353,1.908595386580462e-06,0.06751802978077241,2.3331707105741884e-05,25,10,20
44,3840,0.9188246444014502,2.1907508344678815e-06,0.04769255549657002,0.03348060935114579,25,10,20
44,3841,0.9178469966091772,5.891776362597862e-07,0.04868568096567079,0.033466733247515076,25,10,20
44,3842,0.9023231161499884,6.883402278885208e-07,0.0586352063747941,0.03904098913498878,25,10,20
44,3843,0.879680322827728,1.6396785681712998e-05,0.08117827552668246,0.03912500485990771,25,10,20
44,3844,0.8821269819882744,1.6577075504966348e-05,0.07830579711478775,0.03955064382143338,25,10,20
44,3845,0.9511143679357099,1.6364215461209436e-05,0.048860970214087994,8.29763474095628e-06,25,10,20
44,3846,0.9356570727663635,5.941059600389711e-07,0.06427501595021241,6.731717746387628e-05,25,10,20
44,3847,0.9325489683909471,9.27298770345417e-07,0.06737224984287461,7.785446740747688e-05,25,10,20
44,3848,0.8297051806818112,1.322039559679047e-06,0.16520104410871184,0.00509245316991793,25,10,20
44,3849,0.8599397183502359,5.68388994528336e-06,0.13860023080727915,0.0014543669525408124,25,10,20
44,3850,0.8750854662059736,6.903654020656893e-07,0.1234598370473936,0.0014540063812313179,25,10,20
44,3851,0.9224068466492037,2.533483960910717e-07,0.03808237955424441,0.03951052044815613,25,10,20
44,3852,0.8901806613350458,0.0004612166890846984,0.08919805686910108,0.020160065106768307,25,10,20
44,3853,0.8588247322250239,0.008941400657442736,0.09279517782939922,0.03943868928813367,25,10,20
44,3854,0.8379088506363139,0.010796549137094387,0.11180640323800524,0.039488196988585654,25,10,20
44,3855,0.8807551460436293,0.010759320717258925,0.08378238767529446,0.02470314556381684,25,10,20
44,3856,0.8456035161449009,0.010758921525956984,0.10492629073103173,0.03871127159811009,25,10,20
44,3857,0.8339297710641259,0.010759065473799269,0.11659696466397779,0.038714198798096316,25,10,20
44,3858,0.8689178910445965,7.459738522048546e-06,0.09222492748645601,0.038849721730424995,25,10,20
44,3859,0.9054480873623487,1.1813406571846172e-06,0.055773715097689906,0.038777016199304376,25,10,20
44,3860,0.8915268269869375,1.0472828830539995e-05,0.10804271250368594,0.00041998768054699124,25,10,20
44,3861,0.9020428406764698,4.200548213088222e-06,0.09759430806934725,0.0003586507059702023,25,10,20
44,3862,0.903870254983658,4.377858988136158e-06,0.09608585152171749,3.951563563660732e-05,25,10,20
44,3863,0.9336411184339127,1.671860225287202e-06,0.06634769637412946,9.513331731991525e-06,25,10,20
44,3864,0.901385323160172,1.6676742636426628e-06,0.09860502680573478,7.982359829428963e-06,25,10,20
44,3865,0.8503501930940034,1.5240617971550615e-05,0.14962926154986653,5.304738157590622e-06,25,10,20
44,3866,0.8940127710848504,2.653283828268501e-05,0.10595669535921086,4.000717654867601e-06,25,10,20
44,3867,0.9243227217002414,9.446469198734069e-07,0.07566463144964587,1.1702203192572801e-05,25,10,20
44,3868,0.9346664841151638,1.2872357011832695e-06,0.06532914717454048,3.0814745944298815e-06,25,10,20
44,3869,0.9206654903647098,1.0655866964233699e-05,0.07923410540457942,8.974836374652282e-05,25,10,20
44,3870,0.9271819072755614,1.3243362487997886e-06,0.07277974750620897,3.7020881980602424e-05,25,10,20
44,3871,0.9080078220162551,8.591933585809016e-07,0.09198574176661539,5.577023770772738e-06,25,10,20
44,3872,0.8601926162164165,9.503797547606978e-07,0.13978888109776139,1.755230606731988e-05,25,10,20
44,3873,0.8970297156456433,2.1400522287608456e-06,0.10241618164825946,0.0005519626538682467,25,10,20
44,3874,0.8621121213504276,4.228598737913255e-06,0.13598910288052563,0.0018945471703091894,25,10,20
44,3875,0.8730596915820201,4.354983861949155e-06,0.12671702716146407,0.0002189262726536716,25,10,20
44,3876,0.8990111577132907,1.4323585990804901e-05,0.10074775960289852,0.00022675909782062377,25,10,20
44,3877,0.8383780173753815,6.950101168675482e-05,0.1615234950029735,2.898660995876451e-05,25,10,20
44,3878,0.8885616874974671,3.414451767064112e-05,0.11133482070636265,6.934727849960265e-05,25,10,20
44,3879,0.9565217730574114,4.7230851846950366e-05,0.04322993739957133,0.00020105869117057715,25,10,20
44,3880,0.9367501586407883,1.3436179559034868e-05,0.0630416171151805,0.00019478806447225592,25,10,20
44,3881,0.9364577603210974,0.00029657678808182354,0.06321402567423412,3.163721658607501e-05,25,10,20
44,3882,0.9502010383675769,1.4395401473536863e-05,0.049703263377702346,8.130285324769302e-05,25,10,20
44,3883,0.9462824268403268,6.7584880282764884e-06,0.05359382659413685,0.00011698807750809749,25,10,20
44,3884,0.9339227577771801,1.4200194902498876e-06,0.06607280520805746,3.0169952723417205e-06,25,10,20
44,3885,0.9177103392165677,4.9428655907411726e-05,0.08223837067156806,1.8614559563538656e-06,25,10,20
44,3886,0.8804865341615098,0.0001041025127200522,0.11939221525901036,1.714806675869809e-05,25,10,20
44,3887,0.9108475434103188,5.6187911100467806e-05,0.08909187493859914,4.393739981909084e-06,25,10,20
44,3888,0.9224912700562078,1.4082983023736996e-06,0.07750047450367212,6.847141817520705e-06,25,10,20
44,3889,0.9076284231296292,5.4919540384295254e-05,0.0922706869131993,4.5970416786727366e-05,25,10,20
44,3890,0.8756705628634038,1.0089357690202825e-05,0.12428825934397021,3.108843493467611e-05,25,10,20
44,3891,0.9248564850653573,3.8886500596674464e-07,0.07495249046876508,0.00019063560087147324,25,10,20
44,3892,0.976402853181847,6.705890708714726e-07,0.023592552759040358,3.92347004177609e-06,25,10,20
44,3893,0.9171566408116013,5.850832316845271e-07,0.08271672866928409,0.00012604543588295948,25,10,20
44,3894,0.934779452926716,3.6538386798465805e-06,0.05224943428787736,0.012967458946726145,25,10,20
44,3895,0.9250173978439811,0.00011093744417880405,0.062286197859669254,0.012585466852171068,25,10,20
44,3896,0.8860010631657983,0.00011134702458117269,0.11382802075968604,5.956904993368671e-05,25,10,20
44,3897,0.8902782883214946,0.00016859471779322058,0.10949720543446659,5.5911526245329215e-05,25,10,20
44,3898,0.8830387155258234,0.00033234138318594586,0.1156026851957736,0.001026257895216903,25,10,20
44,3899,0.8750076948178516,0.00021511984605861685,0.12222508743082874,0.0025520979052610065,25,10,20
44,3900,0.8499720192538724,5.177978353537806e-06,0.15001534351158952,7.4592561830447766e-06,25,10,20
44,3901,0.9089136307620911,0.00010361686015551691,0.09093249989253631,5.02524852169549e-05,25,10,20
44,3902,0.8696496893983923,0.0001042352002394825,0.09310414896113066,0.03714192644023791,25,10,20
44,3903,0.8841667634279385,9.89168358926878e-06,0.11346873929101893,0.002354605597453374,25,10,20
44,3904,0.8259623394103714,2.0573068701251753e-06,0.14726282266313273,0.026772780619625194,25,10,20
44,3905,0.8800872711471726,1.338554380150381e-06,0.08078875307287549,0.03912263722557188,25,10,20
44,3906,0.9117386256906858,8.537638590686664e-07,0.08806816634892317,0.00019235419653190175,25,10,20
44,3907,0.9188846869137819,9.956421538811349e-07,0.08089000801072833,0.00022430943333704743,25,10,20
44,3908,0.8619638797830957,1.241782425890901e-06,0.13766265548836942,0.0003722229461104312,25,10,20
44,3909,0.9444097702227939,2.0731937729812116e-06,0.055542426464381844,4.573011905143395e-05,25,10,20
44,3910,0.9477404995382638,6.203887203506493e-06,0.05215573257043251,9.75640041000193e-05,25,10,20
44,3911,0.941820606270483,5.203429067523975e-06,0.05258536625900241,0.00558882404144585,25,10,20
44,3912,0.9668759485485032,4.616076895263392e-06,0.033099242217274935,2.0193157326635736e-05,25,10,20
44,3913,0.9322549334430903,1.1669887144929308e-05,0.06771852893927982,1.4867730485646383e-05,25,10,20
44,3914,0.9834292332260461,3.061917008010706e-07,0.01655871446646396,1.1746115788988124e-05,25,10,20
44,3915,0.9348619893265255,3.635195428400244e-06,0.065090945816743,4.342966130297201e-05,25,10,20
44,3916,0.9690871609159427,1.837331166660864e-07,0.03090425541303441,8.39993790603646e-06,25,10,20
44,3917,0.9440839004355948,4.167632200795629e-06,0.05590908339623638,2.8485359676469765e-06,25,10,20
44,3918,0.8819124962619643,1.1089175729565078e-06,0.11808138215605003,5.012664412611738e-06,25,10,20
44,3919,0.943373739228102,1.8917993088414295e-06,0.056200038217541284,0.0004243307550482948,25,10,20
44,3920,0.9410305011474898,2.348644239329394e-06,0.05894830501285183,1.8845195419096012e-05,25,10,20
44,3921,0.9140197580771247,2.5010416624440475e-05,0.08438008969093765,0.0015751418153132368,25,10,20
44,3922,0.9151616499077987,2.5029720144843498e-05,0.07986846462904763,0.004944855743008108,25,10,20
44,3923,0.9719900891083743,2.365895294629162e-06,0.02798688573149586,2.0659264835017174e-05,25,10,20
44,3924,0.9890401619234166,1.2069921643637613e-06,0.010956292819354516,2.3382650645562453e-06,25,10,20
44,3925,0.953658589464861,1.213665801891815e-06,0.046275740467735506,6.445640160145318e-05,25,10,20
44,3926,0.9457301542676286,5.813833936398886e-07,0.0542089561085921,6.030824038489421e-05,25,10,20
44,3927,0.9381023691151558,6.809328684226952e-06,0.061102080175449575,0.0007887413807101799,25,10,20
44,3928,0.9044062330628421,7.2043630312427286e-06,0.09533414054681096,0.00025242202731639045,25,10,20
44,3929,0.9052920941952154,1.0792813299419489e-05,0.0944175337214911,0.0002795792699947451,25,10,20
44,3930,0.9247079871470468,1.5974120852467022e-07,0.0750962450133411,0.00019560809840388902,25,10,20
44,3931,0.9231534071808197,4.142586060561684e-07,0.07593723426280169,0.000908944297772344,25,10,20
44,3932,0.8931187724192736,7.346385317325332e-05,0.10571429174476478,0.001093471982788638,25,10,20
44,3933,0.9311522660252796,8.938694105667114e-06,0.06865040120140037,0.00018839407921451858,25,10,20
44,3934,0.9042832919034453,6.297459359483638e-07,0.09418253888933982,0.001533539461278811,25,10,20
44,3935,0.8575867379411277,2.030272090926683e-05,0.1423235331465305,6.942619143337628e-05,25,10,20
44,3936,0.8637836826732146,2.009936504976011e-05,0.13618815217024186,8.065791493190367e-06,25,10,20
44,3937,0.8876068923045627,1.8531174349035019e-07,0.11237909132045538,1.3831063238233735e-05,25,10,20
44,3938,0.8967402741591616,9.294372913804009e-07,0.10325357204477426,5.224358772987333e-06,25,10,20
44,3939,0.8468673991550023,1.7093766490252255e-06,0.15187554783717236,0.001255343631176405,25,10,20
44,3940,0.8461544537203005,6.833297600976038e-05,0.1536884560906524,8.875721303817327e-05,25,10,20
44,3941,0.8478706311384246,0.0003944171164613233,0.12533815007430893,0.026396801670805735,25,10,20
44,3942,0.8701605888558837,8.666810207658765e-07,0.09075890125112865,0.03907964321196745,25,10,20
44,3943,0.872767933618649,8.873962784769762e-07,0.09669409315430136,0.030537085830771173,25,10,20
44,3944,0.9326596739829922,3.403728592963412e-07,0.04286346071037436,0.024476524933773804,25,10,20
44,3945,0.9313119422143578,8.14056294422354e-07,0.029598755356691254,0.03908848837265638,25,10,20
44,3946,0.8414690508384725,0.00019184538876070384,0.12245541108901853,0.03588369268374724,25,10,20
44,3947,0.9147204251883412,9.64894502503724e-07,0.04842299198489918,0.03685561793225718,25,10,20
44,3948,0.9036752038942565,2.9907676606607325e-07,0.06219061219885344,0.034133884830123626,25,10,20
44,3949,0.8231657454130921,7.2452640989741894e-06,0.14358433635113227,0.03324267297167688,25,10,20
44,3950,0.8625476730096355,2.1616194159227264e-05,0.10444404928098222,0.03298666151522404,25,10,20
44,3951,0.8958771986146745,3.6150379477251046e-07,0.07118939380233982,0.03293304607919189,25,10,20
44,3952,0.810369102250992,2.2834676367248748e-07,0.16275009375334065,0.026880575648905145,25,10,20
44,3953,0.866685821233297,4.913449503114659e-07,0.13306189608988916,0.0002517913318640647,25,10,20
44,3954,0.8963934716624954,7.85084325890653e-07,0.10335442232185504,0.00025132093132396204,25,10,20
44,3955,0.9318700766568879,6.913315573920547e-07,0.06785859788956895,0.0002706341219854271,25,10,20
44,3956,0.8858426646821878,2.6153827290573216e-06,0.11330966365409896,0.0008450562809844083,25,10,20
44,3957,0.9165881697135202,8.770438847159716e-07,0.08316158762489115,0.00024936561770421887,25,10,20
44,3958,0.8445950386638882,2.0607431647392133e-05,0.1553743437568766,1.00101475882887e-05,25,10,20
44,3959,0.8913792287898307,1.489614261300808e-06,0.1086099358250751,9.345770832995591e-06,25,10,20
44,3960,0.9662908660291829,5.66690784600815e-06,0.033363110242552625,0.00034035682041850466,25,10,20
44,3961,0.9594576585984699,5.617902226109406e-06,0.040196972865704055,0.00033975063359997115,25,10,20
44,3962,0.911230564276754,5.69827654566465e-06,0.0883964588233867,0.0003672786233146692,25,10,20
44,3963,0.9060810500240067,3.129171436880138e-06,0.09390490122587507,1.091957868113518e-05,25,10,20
44,3964,0.9312985617265696,0.0003761242291714433,0.0682525588614676,7.275518279165015e-05,25,10,20
44,3965,0.9604514775484363,0.00037449177918207814,0.03914152442860534,3.2506243776227615e-05,25,10,20
44,3966,0.953848533147733,1.5045294349738975e-07,0.04613512225629545,1.619414302740738e-05,25,10,20
44,3967,0.9161821873543429,1.0693592137555207e-05,0.08212224856849487,0.0016848704850250446,25,10,20
44,3968,0.9386215274026057,4.104528542643435e-06,0.061192859683955846,0.00018150838489510956,25,10,20
44,3969,0.9600398560370083,1.950715184394887e-06,0.03968240709023125,0.0002757861575759313,25,10,20
44,3970,0.923193342897457,7.74116387616352e-07,0.07676815560641306,3.772737974216227e-05,25,10,20
44,3971,0.8736548560244968,3.4623434316461087e-06,0.1254925938715501,0.0008490877605219961,25,10,20
44,3972,0.9280237960700458,3.321005896436302e-06,0.07182622072866977,0.00014666219538742522,25,10,20
44,3973,0.9330100497606715,2.3283459883062284e-06,0.06686270358743707,0.00012491830590297262,25,10,20
44,3974,0.9605299385539099,8.26503415226398e-07,0.03941626941287308,5.296552980128403e-05,25,10,20
44,3975,0.9559664458032887,4.639979870911656e-06,0.04284603715576065,0.001182877061079696,25,10,20
44,3976,0.9497947477687723,1.5433580620817687e-05,0.0501441846683542,4.563398225250959e-05,25,10,20
44,3977,0.9288438206444463,2.2934103105719038e-06,0.07109018829858667,6.369764665722273e-05,25,10,20
44,3978,0.9053172059163882,0.00018198075422356705,0.09442804704947692,7.2766279911091e-05,25,10,20
44,3979,0.9372331751070583,0.00018038656487451074,0.06257074460137929,1.5693726687636955e-05,25,10,20
44,3980,0.9057670847320416,1.941833465191639e-07,0.09419736324832942,3.535783628242848e-05,25,10,20
44,3981,0.9300296730774364,5.962756641082148e-07,0.06987252210438827,9.720854251085134e-05,25,10,20
44,3982,0.968457647200597,2.9367785988106295e-07,0.03150721766558307,3.484145595974343e-05,25,10,20
44,3983,0.9551360580521323,2.615370102270221e-07,0.04419895897697849,0.0006647214338790259,25,10,20
44,3984,0.9094950066352311,0.000236134106366232,0.0895749670516809,0.0006938922067219349,25,10,20
44,3985,0.9432386718831043,5.019005619342531e-06,0.056041874340480975,0.0007144347707961005,25,10,20
44,3986,0.8673335168483343,3.5072177880895765e-06,0.13203045068447264,0.0006325252494056364,25,10,20
44,3987,0.803163322423574,0.00010231186807220443,0.1959142858209731,0.0008200798873815466,25,10,20
44,3988,0.8802922439221023,1.8735846247720509e-07,0.11969615857852954,1.141014090632845e-05,25,10,20
44,3989,0.8511922114397579,9.84639112080592e-06,0.1487934712336246,4.47093549686057e-06,25,10,20
44,3990,0.8863930525751651,1.5944748920486673e-06,0.1135857907159916,1.9562233952077685e-05,25,10,20
44,3991,0.9299161313929403,8.321396665629061e-07,0.06980050616044742,0.000282530306945906,25,10,20
44,3992,0.9327446401940825,7.442340064346608e-07,0.06697506688222107,0.0002795486896901338,25,10,20
44,3993,0.9229077779565865,1.279865699786372e-06,0.07668828596282168,0.0004026562148923915,25,10,20
44,3994,0.988718441312239,6.671289458634519e-07,0.011013500048150906,0.00026739151066387573,25,10,20
44,3995,0.9640658140550841,3.409138718116091e-06,0.03497333056056856,0.0009574462456289132,25,10,20
44,3996,0.9220813808666626,0.0025440014991698263,0.07434472565826702,0.0010298919759011023,25,10,20
44,3997,0.935219641966216,8.493071434052683e-06,0.06399164162356162,0.0007802233387885711,25,10,20
44,3998,0.9537912109202806,3.510146692671909e-05,0.04549124654236116,0.0006824410704320953,25,10,20
44,3999,0.9771154763578964,6.411616562260678e-08,0.02287224700293717,1.221252300065488e-05,25,10,20
44,4000,0.9640171222071239,1.556858231472378e-05,0.03571145502799783,0.0002558541825641108,25,10,20
44,4001,0.9061153623532615,1.637007461766706e-07,0.09379245238141559,9.202156457708e-05,25,10,20
44,4002,0.9732902242406495,2.2805881793058892e-07,0.026108319328554144,0.0006012283719779107,25,10,20
44,4003,0.9710728216688707,2.9890540964968415e-05,0.02869746516801406,0.00019982262215005597,25,10,20
44,4004,0.9267059429502309,6.819400207799293e-07,0.0731358652118727,0.00015750989787476798,25,10,20
44,4005,0.8674625280014303,4.929905834321799e-05,0.1323190266774087,0.00016914626281678603,25,10,20
44,4006,0.8579258851784758,9.869421771112777e-07,0.14204659004001693,2.653783932951282e-05,25,10,20
44,4007,0.8640783604575552,1.9631168976989797e-06,0.1357469975719042,0.00017267885364197148,25,10,20
44,4008,0.9205555084746312,1.0613095143459241e-05,0.07926799744413328,0.00016588098609227563,25,10,20
44,4009,0.922797701972743,2.2343972391947174e-05,0.07717497333858805,4.9807162773491056e-06,25,10,20
44,4010,0.8735701404922035,1.0418440099396263e-05,0.12640137712010724,1.806394758832282e-05,25,10,20
44,4011,0.8906532997100333,6.679821871153349e-06,0.09864006113397324,0.010699959334122124,25,10,20
44,4012,0.8675413715259515,5.058276260632367e-05,0.1321433567018954,0.00026468900954629065,25,10,20
44,4013,0.9232586289997127,5.054558955271558e-05,0.07642590188891546,0.0002649235218190021,25,10,20
44,4014,0.9070719805334932,5.52091269521732e-06,0.09288287215605057,3.962639776178876e-05,25,10,20
44,4015,0.8471397829662716,2.8116521844689144e-05,0.1516960039124114,0.0011360965994726892,25,10,20
44,4016,0.8541624851315487,8.121230019961e-06,0.14349215532550885,0.002337238312922265,25,10,20
44,4017,0.8660840506469089,0.0009268138712432369,0.1311744304244167,0.0018147050574301696,25,10,20
44,4018,0.9132566921800138,1.6937118508958157e-06,0.08569585038304103,0.0010457637250935877,25,10,20
44,4019,0.8873483133794531,9.593833838212497e-07,0.11264910042776516,1.6268093980766627e-06,25,10,20
44,4020,0.9492551778796894,9.459501104644986e-07,0.05072537053741959,1.850563278053106e-05,25,10,20
44,4021,0.9418269928734353,1.451617520091216e-06,0.05816729738016328,4.2581288810395285e-06,25,10,20
44,4022,0.9672936364830291,1.8515644380618154e-07,0.032698174670641435,8.003689885199253e-06,25,10,20
44,4023,0.9707844149445478,4.360860617224131e-06,0.029204437024685198,6.787170149497317e-06,25,10,20
44,4024,0.9318789197594015,0.0012158462629555098,0.06684899861900317,5.62353586400198e-05,25,10,20
44,4025,0.9095147263884281,4.993475457786116e-07,0.09041075937650685,7.401488751914016e-05,25,10,20
44,4026,0.9389107201308892,3.411538688158343e-07,0.061084562687851784,4.376027390024289e-06,25,10,20
44,4027,0.9317158941554322,5.968273555670675e-06,0.0682524994377969,2.5638133214800052e-05,25,10,20
44,4028,0.9263613445637765,4.3733848519412515e-06,0.07355777892175086,7.650312962066305e-05,25,10,20
44,4029,0.9314833161801274,3.7278677007438125e-05,0.068477164950775,2.2401920900887094e-06,25,10,20
44,4030,0.9420849141135131,4.5190276767636126e-07,0.056716641839387405,0.0011979921443316505,25,10,20
44,4031,0.9485506724740964,1.706782206920339e-07,0.051332740024804514,0.00011641682287811666,25,10,20
44,4032,0.9075029400414647,1.1699402698718884e-06,0.09239181795283422,0.00010407206543115621,25,10,20
44,4033,0.8682235860815376,0.00014436951059303244,0.13161417202324377,1.787238462553741e-05,25,10,20
44,4034,0.8954553532570602,1.1813867601960042e-07,0.10453184451751021,1.268408675356922e-05,25,10,20
44,4035,0.918134870728483,3.2578873406081093e-05,0.08181553319444922,1.7017203661608262e-05,25,10,20
44,4036,0.9016062391834919,5.268951297508645e-06,0.0983857793246219,2.712540588464159e-06,25,10,20
44,4037,0.8845072927115153,5.172705264836389e-07,0.11547258623964454,1.960377831399643e-05,25,10,20
44,4038,0.9358165520055706,7.105505016300046e-07,0.06403683716110066,0.0001459002828272575,25,10,20
44,4039,0.9308207696811328,4.155999971026235e-07,0.06894142809374887,0.0002373866251217451,25,10,20
44,4040,0.9429483893291944,3.5357609712632284e-07,0.057045532964201104,5.724130507147469e-06,25,10,20
44,4041,0.9061716375944219,1.1087934059221696e-06,0.08837902418504504,0.005448229427126371,25,10,20
44,4042,0.9205551301815637,2.5949526710774794e-07,0.0793892136756765,5.5396647492210486e-05,25,10,20
44,4043,0.9107896549160871,3.890748986028577e-07,0.08904592477684328,0.00016403123217049513,25,10,20
44,4044,0.9577943937786813,4.6245953200035546e-07,0.04217251137916349,3.2632382623351584e-05,25,10,20
44,4045,0.9275361126750897,6.765253829870727e-06,0.07227994213039632,0.0001771799406841832,25,10,20
44,4046,0.9169491740173882,9.868794113066293e-07,0.08275961300173541,0.00029022610146445314,25,10,20
44,4047,0.8811107615667494,5.719061549749479e-06,0.1187819266994913,0.00010159267220956416,25,10,20
44,4048,0.8941735236498216,4.586339249592391e-06,0.10582024941281291,1.6405981148056424e-06,25,10,20
44,4049,0.9191197509683385,9.832393539695979e-07,0.08085568837750708,2.3577414800418885e-05,25,10,20
44,4050,0.9221410335977677,9.536999275607194e-07,0.07782701717699876,3.0995525306065916e-05,25,10,20
44,4051,0.878339121664686,2.010141324569743e-06,0.12164177272291914,1.709547107150173e-05,25,10,20
44,4052,0.8314145331025253,0.005149094812561167,0.1634200203272146,1.6351757699153846e-05,25,10,20
44,4053,0.8697067335612823,1.5176018746138642e-06,0.10907013322899867,0.021221615607845,25,10,20
44,4054,0.8914916474758939,4.179821816299315e-07,0.07349970112160714,0.03500823342031748,25,10,20
44,4055,0.8503182285340823,2.5876942776358106e-07,0.11462525716963987,0.03505625552684983,25,10,20
44,4056,0.8921204729244004,1.943922442301273e-06,0.03920112193623252,0.06867646121692456,25,10,20
44,4057,0.8920391588916519,1.945048605198949e-06,0.03912101978030402,0.06883787627943906,25,10,20
44,4058,0.8464217469773258,0.0003339607194570884,0.1470348594918822,0.006209432811334998,25,10,20
44,4059,0.8445217536192965,1.7078153005147686e-06,0.1492965533320747,0.006179985233328863,25,10,20
44,4060,0.8665496379241715,0.000130050554448706,0.1333059551389054,1.435638247447748e-05,25,10,20
44,4061,0.9309636872566756,1.3652755522948586e-05,0.06899876967254541,2.3890315255641054e-05,25,10,20
44,4062,0.9267139812787966,8.510372389943109e-07,0.07325988555672831,2.528212723664841e-05,25,10,20
44,4063,0.9166761469447902,4.362220396832514e-05,0.08327251313741293,7.717713828413463e-06,25,10,20
44,4064,0.9476800260339363,2.19458994776108e-06,0.05231516979406609,2.6095820502074505e-06,25,10,20
44,4065,0.9001854298889158,6.9718750560164e-07,0.09975848300428111,5.538991929731497e-05,25,10,20
44,4066,0.9491038437006093,7.80781094813088e-07,0.05088092905036662,1.4446467929446334e-05,25,10,20
44,4067,0.9484802253357699,5.124400349882525e-07,0.0514609064559738,5.835576822121456e-05,25,10,20
44,4068,0.8899172114277297,1.0569180212366903e-06,0.1099605333064475,0.00012119834780117099,25,10,20
44,4069,0.8873958752415108,9.918085887790298e-07,0.11254831065799338,5.482229190676112e-05,25,10,20
44,4070,0.9037465666600489,4.327644758197448e-07,0.09106366594371458,0.005189334631760755,25,10,20
44,4071,0.8976366309631879,2.970020659360524e-07,0.10229275893368552,7.031310106147848e-05,25,10,20
44,4072,0.9333765422957111,9.349832997296556e-07,0.06657287294969912,4.9649771290368885e-05,25,10,20
44,4073,0.9611642981523073,3.413217689965699e-07,0.03883085074136072,4.509784563250773e-06,25,10,20
44,4074,0.9023810248430116,7.1497209648466574e-06,0.09669895727208497,0.0009128681639386898,25,10,20
44,4075,0.8181605365262219,8.066461966155957e-06,0.17958695679151282,0.0022444402202981585,25,10,20
44,4076,0.88122110705655,6.995585158811853e-06,0.11875997133897057,1.192601932086896e-05,25,10,20
44,4077,0.9308196196854308,4.653725742256458e-06,0.0691454945706436,3.0232018183613372e-05,25,10,20
44,4078,0.9076807865089244,0.0001243064110181104,0.09216917739030482,2.5729689751989568e-05,25,10,20
44,4079,0.9281783351299605,0.00011847487488036635,0.07168849129818229,1.4698696976398635e-05,25,10,20
44,4080,0.8842341179752331,5.10210296577934e-07,0.1157032243089414,6.214750552867477e-05,25,10,20
44,4081,0.9312981952770979,3.052983036012306e-07,0.0686825016036423,1.8997820956150165e-05,25,10,20
44,4082,0.9175793931649114,6.090045173504184e-07,0.08219535180068079,0.00022464602989047213,25,10,20
44,4083,0.8983859731869727,2.826285460870564e-07,0.10160220668379123,1.1537500689210688e-05,25,10,20
44,4084,0.8933882159042038,6.999304301794831e-07,0.10659901322913895,1.2070936226649384e-05,25,10,20
44,4085,0.8842656808803275,1.6864745785648056e-06,0.11572778417959663,4.848465498352089e-06,25,10,20
44,4086,0.9249333299889977,3.4019498662857705e-06,0.07474585996075526,0.00031740810038111806,25,10,20
44,4087,0.9088925337745803,1.1527723310321307e-07,0.09066897225185741,0.00043837869632931963,25,10,20
44,4088,0.8915075100496302,4.2768318124374625e-07,0.10847595133487649,1.611093231199895e-05,25,10,20
44,4089,0.9120178440222717,1.10058326021484e-06,0.0870316284130751,0.0009494269813921126,25,10,20
44,4090,0.9743789407775038,2.2026568622539848e-07,0.025575955017292516,4.488393951777028e-05,25,10,20
44,4091,0.9223249214659343,9.060553746218548e-06,0.0762263746739021,0.0014396433064171313,25,10,20
44,4092,0.9408876326959811,5.774574647026444e-07,0.05881719612377925,0.00029459372277440397,25,10,20
44,4093,0.9510405933027289,1.1295309376322407e-06,0.04878536482277252,0.00017291234356072672,25,10,20
44,4094,0.9380381620271632,2.4569978443711504e-05,0.06161401890313022,0.00032324909126225975,25,10,20
44,4095,0.9396979172110461,2.80900996107205e-06,0.06010651948989392,0.00019275428909857283,25,10,20
44,4096,0.9219134128982651,1.4177491796082738e-06,0.07807556436099916,9.604991555465578e-06,25,10,20
44,4097,0.9193886147889764,1.523846941499828e-06,0.08060072692764435,9.134436436898603e-06,25,10,20
44,4098,0.9512561994771661,8.272744512382639e-07,0.04873912987384237,3.8433745403900975e-06,25,10,20
44,4099,0.9556326332686605,8.046507017144492e-07,0.044356044789813545,1.0517290824317154e-05,25,10,20
44,4100,0.9171029549469262,0.0002993482381314444,0.0825831624831567,1.4534331784951496e-05,25,10,20
44,4101,0.9403536105643291,4.324701213084296e-06,0.05963423801262311,7.82672183437778e-06,25,10,20
44,4102,0.9779143009821535,3.584687880922716e-06,0.02127924051656907,0.0008028738133968544,25,10,20
44,4103,0.9556580612676585,4.4497746356412e-06,0.043024890002010346,0.0013125989556951733,25,10,20
44,4104,0.9283345174848765,4.269198483170928e-06,0.07034714388270795,0.00131406943393237,25,10,20
44,4105,0.9235470475018509,1.2849073438161023e-06,0.07643923139012636,1.2436200678700226e-05,25,10,20
44,4106,0.8989060648555569,0.00025800312080347733,0.10068617827663477,0.00014975374700526968,25,10,20
44,4107,0.9000247455949348,0.00025777985039248936,0.09942444816432751,0.000293026390345618,25,10,20
44,4108,0.9030633329784894,0.00025784779539243243,0.09642148808530784,0.00025733114080992423,25,10,20
44,4109,0.9204235745721028,0.0002570009253480964,0.07788431801093126,0.001435106491617838,25,10,20
44,4110,0.9702161720214744,1.420484151601971e-06,0.029778698102996735,3.70939137708862e-06,25,10,20
44,4111,0.9527723385400563,3.3003687007416465e-07,0.04721532306402392,1.2008359049393504e-05,25,10,20
44,4112,0.9436412437160575,6.283130226167619e-06,0.056350267691464076,2.2054622518782976e-06,25,10,20
44,4113,0.9547440201238223,3.079193981516652e-05,0.04517368798824516,5.149994811756167e-05,25,10,20
44,4114,0.922504140631788,9.980810505877914e-08,0.07748719355394948,8.566006157753981e-06,25,10,20
44,4115,0.9414079460659841,1.4497666557351973e-07,0.05858157382412619,1.033513322381606e-05,25,10,20
44,4116,0.8985075723850607,1.6012942093823016e-05,0.09645546390777542,0.005020950765069243,25,10,20
44,4117,0.9200595611657845,8.77733438192255e-07,0.07993826777766341,1.2933231138927332e-06,25,10,20
44,4118,0.9540163047088807,4.729307207081968e-06,0.045964712158601075,1.4253825311706374e-05,25,10,20
44,4119,0.949059842642049,4.175908401508889e-06,0.05083070013770344,0.00010528131184606673,25,10,20
44,4120,0.9216080451519693,5.587430043586393e-06,0.07707261737098492,0.0013137500470021706,25,10,20
44,4121,0.9289678223549883,1.6195039382038357e-06,0.069730095483381,0.0013004626576924362,25,10,20
44,4122,0.9317934292180958,1.9716889405783e-06,0.06688536215823813,0.0013192369347257565,25,10,20
44,4123,0.8992706032109019,0.00014827058248568272,0.09932845111384628,0.001252675092765969,25,10,20
44,4124,0.9152252176758006,6.026825061229779e-07,0.08416125239126765,0.000612927250425328,25,10,20
44,4125,0.9158897285212191,1.044775424212544e-06,0.08348544689645399,0.0006237798069024616,25,10,20
44,4126,0.8835658387320586,2.6755779739987542e-06,0.11638603469556125,4.5450994405643495e-05,25,10,20
44,4127,0.9479904262715698,6.586422202923571e-07,0.0478068219797322,0.004202093106477548,25,10,20
44,4128,0.9151938028205189,2.344787285959616e-06,0.08060978710766953,0.004194065284525509,25,10,20
44,4129,0.8536430717015847,1.024738904160959e-05,0.1421108225947979,0.0042358583145762204,25,10,20
44,4130,0.8742910570682156,1.1575823534354236e-06,0.12565512102986695,5.266431956438907e-05,25,10,20
44,4131,0.9033647612507838,1.375663984586252e-06,0.09658351346086164,5.0349624369992525e-05,25,10,20
44,4132,0.9243658039491394,1.0195198130998724e-05,0.07547790949966754,0.00014609135306242207,25,10,20
44,4133,0.9322564914103293,1.6739933826248332e-06,0.06773726948275142,4.56511353660051e-06,25,10,20
44,4134,0.9285278815028265,1.186319996136351e-06,0.07146133934507803,9.592832099378366e-06,25,10,20
44,4135,0.8800697822365079,7.907982871368397e-06,0.11985382498602004,6.848479460054235e-05,25,10,20
44,4136,0.8934861658733853,7.570771952347285e-06,0.1063170770513619,0.00018918630329991772,25,10,20
44,4137,0.8718481688761918,0.0011316058387524364,0.12690391676884885,0.00011630851620709053,25,10,20
44,4138,0.8935555018789387,1.6202042308849045e-06,0.10632647337697566,0.00011640453985370504,25,10,20
44,4139,0.9510271715210884,3.9478383715337897e-07,0.0479065840660774,0.0010658496289966133,25,10,20
44,4140,0.9107335771630208,2.2776820122072124e-07,0.08818557978885386,0.0010806152799249912,25,10,20
44,4141,0.9157433628995421,8.83140850294698e-06,0.08418701213007057,6.079356188439031e-05,25,10,20
44,4142,0.9404783950765655,1.1382227929884492e-05,0.0595056648024864,4.5578930184514956e-06,25,10,20
44,4143,0.9136519193474975,7.753159293661112e-06,0.08629247125387696,4.785623933169445e-05,25,10,20
44,4144,0.8573243860046066,9.565919107185555e-06,0.14233378770030192,0.00033226037598481866,25,10,20
44,4145,0.8937003480978408,5.038377140280155e-07,0.10628386490717459,1.5283157271181134e-05,25,10,20
44,4146,0.8931456437986622,1.6728613334192831e-06,0.10636172079451478,0.0004909625454895857,25,10,20
44,4147,0.9614544288922312,9.3084376231964e-08,0.038534564542626826,1.0913480765385329e-05,25,10,20
44,4148,0.9404048474719109,3.420905928155731e-07,0.05958187566397708,1.2934773519006927e-05,25,10,20
44,4149,0.9201401258537248,8.809404254439051e-07,0.07975000154009529,0.00010899166575434267,25,10,20
44,4150,0.9153436070809481,0.00010971304951075327,0.0843797239225755,0.0001669559469660227,25,10,20
44,4151,0.8950776437633752,0.00010963964823441813,0.10479730791707649,1.5408671314189797e-05,25,10,20
44,4152,0.8833953978589011,9.113141165434008e-05,0.1128819704782401,0.0036315002512037503,25,10,20
44,4153,0.920511895536845,4.70178022139635e-07,0.07948427173887526,3.3625462579674403e-06,25,10,20
44,4154,0.913325274748937,3.09373325851546e-06,0.08652639665956481,0.00014523485823998418,25,10,20
44,4155,0.9181799851671706,1.800946901887497e-06,0.08170828480990734,0.00010992907602074165,25,10,20
44,4156,0.889691779380823,1.6484690489086145e-06,0.10987246583294208,0.00043410631718691944,25,10,20
44,4157,0.8655190830764085,5.922146712089581e-06,0.13438753821654212,8.745656033735194e-05,25,10,20
44,4158,0.9276326216014631,4.494674720794644e-06,0.07228803104299873,7.485268081798915e-05,25,10,20
44,4159,0.9393804627260955,3.5345028049677493e-06,0.06060904561925875,6.957151840942837e-06,25,10,20
44,4160,0.922646463602623,1.9602966197435132e-05,0.07731746254452272,1.6470886657238688e-05,25,10,20
44,4161,0.8756952998611129,0.00018722302996663077,0.12404592525051068,7.155185841015157e-05,25,10,20
44,4162,0.8768530765353114,0.00019082334487677263,0.12295432139093937,1.7787288730207852e-06,25,10,20
44,4163,0.8479554182327999,1.5206347349852624e-05,0.15200194691696967,2.742850288104816e-05,25,10,20
44,4164,0.9414289731297194,1.0773682883960656e-07,0.05794536079720336,0.000625558336248309,25,10,20
44,4165,0.9755446459016894,2.7260874804039793e-07,0.02379317490610103,0.0006619065834617033,25,10,20
44,4166,0.9801847150550771,1.6290837738394027e-07,0.019772565266689003,4.2556769856421664e-05,25,10,20
44,4167,0.9545632428598176,1.6416674169448657e-06,0.04539089383139644,4.422164136861281e-05,25,10,20
44,4168,0.9539364032491393,1.7033437152427179e-06,0.045950753516371366,0.00011113989077393792,25,10,20
44,4169,0.9414265484794703,1.6689108907351803e-06,0.05849806665129167,7.371595834674066e-05,25,10,20
44,4170,0.9128475114102926,4.18880529760287e-07,0.08685978942847522,0.00029228028070309457,25,10,20
44,4171,0.8935813706236942,9.084378093105211e-06,0.10617149383842393,0.00023805115978892593,25,10,20
44,4172,0.8277276704499608,2.1167697645855e-06,0.13279302627634032,0.03947718650393504,25,10,20
44,4173,0.8250897544768732,2.249777614778562e-05,0.14889566049311043,0.02599208725386816,25,10,20
44,4174,0.8244173309476153,2.4513314765396294e-06,0.1362668741840741,0.039313343536834126,25,10,20
44,4175,0.8740482151391241,1.951120667217501e-05,0.11817734708203259,0.007754926572171622,25,10,20
44,4176,0.7915925853416124,1.985427664586512e-05,0.1684712096064809,0.03991635077526105,25,10,20
44,4177,0.81988803545733,1.7779873964535992e-05,0.10203927486753987,0.07805490980116586,25,10,20
44,4178,0.833676774021027,1.7907434515141647e-06,0.09093383723433217,0.07538759800118938,25,10,20
44,4179,0.817009783666416,3.6483234856029293e-06,0.10389362991378491,0.07909293809631364,25,10,20
44,4180,0.8588960357282577,2.9834448501497164e-06,0.06211646357443043,0.07898451725246165,25,10,20
44,4181,0.8930624660784975,5.984079706745979e-07,0.039607002821822786,0.06732993269170925,25,10,20
44,4182,0.8433623731796994,0.00018084440342637848,0.08912816647041845,0.06732861594645564,25,10,20
44,4183,0.8429459820382279,0.00018064836586558573,0.08992541552262039,0.06694795407328549,25,10,20
44,4184,0.8316905161733527,0.0001805901753855907,0.09013475078777425,0.07799414286348688,25,10,20
44,4185,0.8770065506101132,0.00018051944095610637,0.08905592233335223,0.033757007615577955,25,10,20
44,4186,0.8669486977657682,0.00018488815901660484,0.09887395412001478,0.033992459955200005,25,10,20
44,4187,0.8045309243656824,0.00023749190834400808,0.18921979195872413,0.0060117917672491885,25,10,20
44,4188,0.8585664564988249,3.068144597018602e-07,0.14135332692368016,7.990976303501512e-05,25,10,20
44,4189,0.9023051273975676,1.1628936704165456e-06,0.09768118312106285,1.252658769946601e-05,25,10,20
44,4190,0.9347829147200545,6.142569585494772e-07,0.06521165015527332,4.820867713706982e-06,25,10,20
44,4191,0.8736434848187778,6.934593771975555e-07,0.12617362131372747,0.00018220040811759778,25,10,20
44,4192,0.9485321913360569,0.0007902890753611341,0.05062012827166902,5.73913169122087e-05,25,10,20
44,4193,0.9650043347791563,8.488147857904633e-06,0.03493399071891805,5.3186354067479886e-05,25,10,20
44,4194,0.9639045960734687,1.3169346072683216e-07,0.03604233140129864,5.294083177173518e-05,25,10,20
44,4195,0.8883562416757138,0.00020146505038859505,0.1114232320600866,1.9061213811228904e-05,25,10,20
44,4196,0.9738380715449282,5.229289130936198e-07,0.026149395685340974,1.2009840817768754e-05,25,10,20
44,4197,0.8854323590056699,8.660884684226206e-07,0.11421281801661344,0.000353956889248271,25,10,20
44,4198,0.926026682283473,6.839741575876344e-07,0.0736279517068739,0.00034468203549547,25,10,20
44,4199,0.883187321891365,3.868559701793177e-06,0.11657669465096265,0.00023211489797049558,25,10,20
44,4200,0.9247672677164538,3.972588626877744e-05,0.07514580924693014,4.7197150347118e-05,25,10,20
44,4201,0.9390628006351236,4.416121903050129e-05,0.06084623946704057,4.679867880525537e-05,25,10,20
44,4202,0.9349980378375193,2.036553744091852e-06,0.06499352485357288,6.400755163558125e-06,25,10,20
44,4203,0.9374793085619259,2.2103043781495096e-06,0.0625098326876175,8.648446078209103e-06,25,10,20
44,4204,0.930545191034552,5.45817646901029e-07,0.06944712775914286,7.135388658380548e-06,25,10,20
44,4205,0.9254295992889809,9.46701994286432e-08,0.07455605838685311,1.4247653966324252e-05,25,10,20
44,4206,0.9656477370207578,4.282868605051281e-06,0.03324550096975451,0.0011024791408830244,25,10,20
44,4207,0.9734898362948806,3.311906973998925e-07,0.02636675161595389,0.0001430808984676643,25,10,20
44,4208,0.9532086319103115,1.530016163105178e-05,0.04660842140588933,0.00016764652216782458,25,10,20
44,4209,0.9479378721873468,1.4868789874070785e-05,0.050706348118853176,0.0013409109039258257,25,10,20
44,4210,0.952738402211095,1.1306441528406648e-07,0.04724485090188108,1.6633822608808983e-05,25,10,20
44,4211,0.9085494564024681,5.749670754597552e-07,0.09143548909366453,1.447953679203321e-05,25,10,20
44,4212,0.8974034361083928,9.799802067680055e-07,0.10040983227259236,0.0021857516388073886,25,10,20
44,4213,0.9305998422214503,4.300905901363794e-07,0.06856905584573299,0.0008306718422261916,25,10,20
44,4214,0.9428958729675976,6.753961971858973e-07,0.05625429489525643,0.0008491567409489106,25,10,20
44,4215,0.9455805669102965,6.040081498133628e-06,0.054405620862662915,7.772145542418428e-06,25,10,20
44,4216,0.9220207969024611,2.8041417802783358e-06,0.07796818060260292,8.218353155099724e-06,25,10,20
44,4217,0.8633340096532146,6.1302740911232566e-06,0.13653350716203994,0.00012635291065369353,25,10,20
44,4218,0.908229197129223,1.019282544706907e-05,0.09169262416038033,6.798588494983598e-05,25,10,20
44,4219,0.8770926872375928,4.100302352830531e-05,0.12280675878399062,5.955095488835931e-05,25,10,20
44,4220,0.9492948763201582,9.644059994242831e-06,0.05063921704452266,5.626257532538682e-05,25,10,20
44,4221,0.8921185450840351,9.759750950912147e-06,0.10784866259206083,2.3032572952870172e-05,25,10,20
44,4222,0.8027825888619841,5.151429704927548e-06,0.19103280302862674,0.0061794566796855264,25,10,20
44,4223,0.8815244756780227,1.4958820118622574e-05,0.1181815491803921,0.0002790163214666841,25,10,20
44,4224,0.8777162745596171,0.00011867659763867187,0.12176811657061352,0.0003969322721312732,25,10,20
44,4225,0.9098843485682727,4.556538549389596e-07,0.0896903939751032,0.00042480180276882937,25,10,20
44,4226,0.8145248653666912,1.42109736979753e-06,0.16953713152295596,0.015936582012981905,25,10,20
44,4227,0.8742151280582107,7.114740436027771e-07,0.11009029184811556,0.015693868619630097,25,10,20
44,4228,0.89848934561604,1.2425738713624312e-05,0.08563619158666322,0.01586203705858331,25,10,20
44,4229,0.9578815020081671,1.2817574733584656e-05,0.042095187701460125,1.049271563928445e-05,25,10,20
44,4230,0.8727840579259761,4.106829985810804e-05,0.1268775136744529,0.0002973600997143922,25,10,20
44,4231,0.8270353966760036,4.072842478362614e-05,0.1722905872625148,0.0006332876366979167,25,10,20
44,4232,0.8676880724838792,5.519131670423807e-06,0.13193058026434704,0.00037582812010367986,25,10,20
44,4233,0.9377372610581053,5.638426275354932e-07,0.062214833558956045,4.734154031108082e-05,25,10,20
44,4234,0.9281753284458442,3.1166019821893956e-05,0.07175353686512198,3.996866921174831e-05,25,10,20
44,4235,0.8856869101755527,1.6726940230633398e-06,0.11424527509122952,6.61420391949551e-05,25,10,20
44,4236,0.9169845046310101,6.88380635581297e-07,0.04375392481644367,0.0392608821719102,25,10,20
44,4237,0.8551968856911962,9.107961071241175e-07,0.10493561888226491,0.039866584630432335,25,10,20
44,4238,0.8909995523828251,1.3625343691007746e-06,0.06985657573859914,0.03914250934420638,25,10,20
44,4239,0.8919047033465805,2.9846811543542453e-07,0.06886746719558291,0.03922753098972109,25,10,20
44,4240,0.8392623421652504,0.0004662470316486334,0.1212651534101502,0.03900625739295014,25,10,20
44,4241,0.8219076636439392,1.929272499260878e-05,0.13904998263620938,0.03902306099485868,25,10,20
44,4242,0.8420253299581332,2.1585050378675526e-05,0.11881732415558627,0.039135760835902124,25,10,20
44,4243,0.8232088518172438,0.00014345684461174212,0.13676898856508019,0.03987870277306439,25,10,20
44,4244,0.9033936161024008,3.944851756120689e-07,0.0684655657144336,0.02814042369798986,25,10,20
44,4245,0.911506814273539,1.7557628172484159e-07,0.06031129009009192,0.028181720060087453,25,10,20
44,4246,0.872139896810653,1.5209585521350051e-06,0.09971684083377916,0.02814174139701571,25,10,20
44,4247,0.8973715378719633,1.733908149443469e-07,0.06339838118441346,0.03922990755280814,25,10,20
44,4248,0.9003291460964834,1.5600915694084616e-06,0.060303329531571775,0.03936596428037578,25,10,20
44,4249,0.8453598615162803,6.473142713656277e-07,0.11976000435145019,0.03487948681799901,25,10,20
44,4250,0.8957812334980768,1.0813553551849904e-05,0.06499227063353674,0.03921568231483433,25,10,20
44,4251,0.8317216906219952,1.734258363633134e-06,0.12888359212089237,0.03939298299874943,25,10,20
44,4252,0.8641326156303333,1.7505119451986166e-06,0.09662248594725475,0.03924314791046642,25,10,20
44,4253,0.8633339185222204,6.319066864295846e-05,0.10111071631225067,0.0354921744968868,25,10,20
44,4254,0.8825212051327855,5.9126650454521245e-06,0.08193888277985643,0.03553399942231241,25,10,20
44,4255,0.8899993939950709,5.1523097680548645e-06,0.07433532772572209,0.035660125969439224,25,10,20
44,4256,0.9054393980836637,2.7141047619084147e-06,0.05887705210406479,0.035680835707509954,25,10,20
44,4257,0.9059986300497654,1.00792399971242e-06,0.08760498302517317,0.006395379001061302,25,10,20
44,4258,0.8415636257831162,1.3463210466632696e-05,0.15829454458988576,0.0001283664165320979,25,10,20
44,4259,0.9191885113824592,2.262362249641527e-07,0.07973290931180099,0.0010783530695154507,25,10,20
44,4260,0.929516209134078,1.7750978533035158e-07,0.07005159309362546,0.000432020262511369,25,10,20
44,4261,0.9654176561565658,8.377120483197834e-06,0.03450024417679914,7.372254615188058e-05,25,10,20
44,4262,0.9562593271830785,1.7934891586347674e-05,0.04365421623392003,6.852169141513721e-05,25,10,20
44,4263,0.868002147018298,9.094609160988507e-06,0.13116260927791276,0.0008261490946293692,25,10,20
44,4264,0.9014212758345874,8.828096061676005e-06,0.09774258617581895,0.0008273098935317975,25,10,20
44,4265,0.8810575503989668,2.4663400926995283e-06,0.11862845701602204,0.00031152624491889643,25,10,20
44,4266,0.9640010349576258,9.029220214614998e-07,0.03591565544924969,8.240667110331445e-05,25,10,20
44,4267,0.9472581177744682,1.8463533363151307e-07,0.05266321775324868,7.84798369492854e-05,25,10,20
44,4268,0.9040351309054943,4.537632243256546e-07,0.09579939033901208,0.00016502499226892748,25,10,20
44,4269,0.8518033665426152,5.873586088094931e-05,0.14786715831193561,0.00027073928456758525,25,10,20
44,4270,0.8780141097815072,5.47951865232686e-07,0.12173216824364756,0.00025317402297919954,25,10,20
44,4271,0.8907469879810916,2.006360589529976e-07,0.10897798387181921,0.0002748275110292414,25,10,20
44,4272,0.8898573014324793,0.00014670606410367544,0.09905312532341978,0.010942867179996953,25,10,20
44,4273,0.856084182140464,2.8958971647182864e-06,0.1327659720369178,0.011146949925454137,25,10,20
44,4274,0.8852483738147154,2.585449701644326e-05,0.11440019333640965,0.0003255783518588594,25,10,20
44,4275,0.9259250334442045,5.771047573811111e-06,0.07380251585084566,0.00026667965737582763,25,10,20
44,4276,0.9431122380588716,4.045536869639785e-05,0.05673596849620517,0.00011133807622708802,25,10,20
44,4277,0.9344852307555983,3.5307499639138533e-05,0.0654175876940528,6.187405070970943e-05,25,10,20
44,4278,0.9122355123621698,3.615323766374242e-05,0.0876397205210175,8.861387914834703e-05,25,10,20
44,4279,0.9197249340457527,3.766046810408446e-05,0.07014295946027754,0.01009444602586536,25,10,20
44,4280,0.9160876367814219,1.078906200635327e-06,0.07915504184683479,0.00475624246554254,25,10,20
44,4281,0.8338697387374434,1.6936476298587578e-05,0.16133537446882695,0.004777950317431532,25,10,20
44,4282,0.8715258180126297,2.5300152284208828e-05,0.12844173897434163,7.142860743931771e-06,25,10,20
44,4283,0.8969554318293863,8.432362176476404e-06,0.10300427280375503,3.186300468178821e-05,25,10,20
44,4284,0.9469840445752008,6.807849474133327e-06,0.05300765271613,1.4948591948240911e-06,25,10,20
44,4285,0.8865874453696148,1.769472314354442e-05,0.11337703813573864,1.7821771502826103e-05,25,10,20
44,4286,0.9038154404191053,1.439825758123354e-06,0.09614665145451445,3.646830062126098e-05,25,10,20
44,4287,0.8846512572832681,1.6777662739390305e-06,0.11533410899874613,1.2955951711403303e-05,25,10,20
44,4288,0.8887362188850958,1.0221840461068346e-05,0.11122089646838652,3.266280605702711e-05,25,10,20
44,4289,0.877500095778218,9.626680119144765e-06,0.1224349774163529,5.530012531131449e-05,25,10,20
44,4290,0.8465259266540621,9.23094460357671e-06,0.1532836744458415,0.00018116795549349588,25,10,20
44,4291,0.8250304783134587,1.2762666750630223e-05,0.1360566135277728,0.03890014549201765,25,10,20
44,4292,0.8830709789911013,6.3209482350560775e-06,0.07781563028357838,0.039107069777085515,25,10,20
44,4293,0.9045402196145893,2.4701714974951927e-05,0.0563441981280959,0.03909088054234011,25,10,20
44,4294,0.8755959220266156,2.503526709454577e-05,0.08517530758518532,0.03920373512110492,25,10,20
44,4295,0.9092802083532923,7.911213681285805e-07,0.05175801154421786,0.03896098898112173,25,10,20
44,4296,0.9038542495599323,3.5857624252239517e-06,0.057016752068689315,0.03912541260895344,25,10,20
44,4297,0.9201090656499994,4.906607563878802e-07,0.04936736133181573,0.030523082357428094,25,10,20
44,4298,0.9129226210970287,5.432550896764827e-07,0.05655055371712517,0.030526281930756925,25,10,20
44,4299,0.9235114164006355,4.485461344625635e-07,0.03684636650594713,0.03964176854728295,25,10,20
44,4300,0.8532153995722678,0.00017869793437677166,0.10754531838402726,0.039060584109328375,25,10,20
44,4301,0.8504431202449484,0.0001779490773757701,0.11033205929491025,0.03904687138276551,25,10,20
44,4302,0.8543091067786098,4.53265244046314e-06,0.1057117363061754,0.03997462426277398,25,10,20
44,4303,0.8455626942334944,1.053459323181118e-06,0.11437975428440332,0.04005649802277936,25,10,20
44,4304,0.8718411449145276,2.6452408116539597e-05,0.12714338561311947,0.00098901706423673,25,10,20
44,4305,0.8588525731903797,5.427225233988142e-07,0.14113385788643765,1.3026200659291395e-05,25,10,20
44,4306,0.8607723496884435,3.4341884849195786e-06,0.13918315370282794,4.106242024300153e-05,25,10,20
44,4307,0.8916142900678693,9.193823922125973e-06,0.10836448524367437,1.2030864534298866e-05,25,10,20
44,4308,0.8696769913049351,7.011577465988587e-06,0.1291812962875039,0.001134700830095609,25,10,20
44,4309,0.8449291423946204,2.778506808975696e-07,0.15494151341897455,0.00012906633572410208,25,10,20
44,4310,0.9023854616882523,5.142751456501304e-07,0.09752989404784448,8.412998875854696e-05,25,10,20
44,4311,0.9139999645829799,3.3594114665606167e-06,0.08597225916938216,2.4416836171668603e-05,25,10,20
44,4312,0.8772379802158556,7.4067678733813425e-06,0.12273483751578558,1.977550048520677e-05,25,10,20
44,4313,0.8722111463101763,8.708065982885658e-06,0.12776814451086843,1.2001112972426042e-05,25,10,20
44,4314,0.8955047566399305,1.7365768791000796e-06,0.10445746131125938,3.604547193080342e-05,25,10,20
44,4315,0.9138306404599466,6.402861408376528e-06,0.08611726730186449,4.56893767806269e-05,25,10,20
44,4316,0.9634192079954245,1.523297076103031e-07,0.03654557752903144,3.506214583627136e-05,25,10,20
44,4317,0.9634951458170404,2.882208181965806e-05,0.03633944832111165,0.00013658378002756895,25,10,20
44,4318,0.9319650116867557,5.83394943844648e-07,0.03394746303855476,0.03408694187974536,25,10,20
44,4319,0.8984199811902005,2.202352497526805e-06,0.07412890143994956,0.02744891501735181,25,10,20
44,4320,0.8846534370505396,2.415187302605195e-06,0.07575077133934052,0.039593376422817544,25,10,20
44,4321,0.8984238286771629,7.5995576085203844e-06,0.07035124038472898,0.03121733138049926,25,10,20
44,4322,0.9069819549410579,6.388466365880575e-06,0.07841603282225408,0.014595623770322261,25,10,20
44,4323,0.8769222323351014,1.3907319936696111e-05,0.10845717596935858,0.014606684375603429,25,10,20
44,4324,0.8968437352047528,1.3719325462781817e-05,0.08854781928379549,0.01459472618598767,25,10,20
44,4325,0.8308400197264173,1.8249585195691501e-06,0.15446049935993847,0.014697655955123576,25,10,20
44,4326,0.8137170360481731,1.938717121441035e-06,0.16463909319958045,0.021641932035126422,25,10,20
44,4327,0.9029206182011421,2.0545487200948737e-07,0.07553249630520414,0.021546680038781966,25,10,20
44,4328,0.8406766629759391,1.006437737115884e-06,0.13558307841164072,0.023739252174683798,25,10,20
44,4329,0.8334144537733057,1.1942353055989734e-06,0.16631323176725896,0.000271120224129026,25,10,20
44,4330,0.817716504995958,9.746283731028927e-05,0.18155768496576602,0.0006283472009652898,25,10,20
44,4331,0.8762214000978296,3.506070295755736e-05,0.12364833286205366,9.52063371594656e-05,25,10,20
44,4332,0.9008220839899955,3.805604247011231e-05,0.09908387804988697,5.5981917647106575e-05,25,10,20
44,4333,0.9472237321383568,2.4905818754500607e-06,0.05259770515213939,0.00017607212762845266,25,10,20
44,4334,0.8986541621919655,4.24132485323329e-05,0.10112424709200571,0.0001791774674968505,25,10,20
44,4335,0.897444835708406,2.414076488441944e-05,0.10238635385422999,0.00014466967248000212,25,10,20
44,4336,0.9829349818282545,5.712564386511191e-07,0.016896595253692394,0.00016785166161456723,25,10,20
44,4337,0.9166867273910689,2.029121614635277e-06,0.08327629631941878,3.494716789814074e-05,25,10,20
44,4338,0.9027462332895284,2.4483063196393473e-07,0.09721232443206577,4.1197447773189226e-05,25,10,20
44,4339,0.924934184622349,1.456662202980453e-06,0.0749444757772005,0.00011988293824771794,25,10,20
44,4340,0.9080160773563893,3.1727986325418945e-06,0.09185155735070459,0.00012919249427391382,25,10,20
44,4341,0.8841307255171951,3.149678616570391e-06,0.09634289411090675,0.019523230693281764,25,10,20
44,4342,0.8844487159207979,1.0513309002059325e-05,0.09601477741584435,0.01952599335435521,25,10,20
44,4343,0.8794092716377956,3.5632712400874296e-06,0.10103668980815174,0.019550475282812518,25,10,20
44,4344,0.8585377501576891,2.0955543398404807e-06,0.10218699335628965,0.039273160931681914,25,10,20
44,4345,0.8530426725627193,1.6846064375730158e-06,0.10784437424663224,0.03911126858421124,25,10,20
44,4346,0.9706124132376026,4.001681389257839e-07,0.02644987123171809,0.0029373153625403053,25,10,20
44,4347,0.9745415261190441,1.5364750176789867e-07,0.02252069661623893,0.0029376236172151517,25,10,20
44,4348,0.8780381204624215,1.9958876382079395e-07,0.12191635787037193,4.532207844407621e-05,25,10,20
44,4349,0.9079171222654401,7.894986419947106e-05,0.0919458728950135,5.8054975347748154e-05,25,10,20
44,4350,0.9110442665514197,4.3026392895447267e-07,0.0889065742345655,4.872895008671465e-05,25,10,20
44,4351,0.9575965366702692,7.692189378818195e-07,0.0423693146317636,3.337947902893015e-05,25,10,20
44,4352,0.9266620568933839,1.1997765082893795e-06,0.06874530617900587,0.00459143715110161,25,10,20
44,4353,0.9030419803810839,0.0004909928929911796,0.09170833414037015,0.004758692585554944,25,10,20
44,4354,0.9420097809836363,0.0004890529217697995,0.05738661243010356,0.00011455366449069624,25,10,20
44,4355,0.9588428339802726,1.0778393513957545e-05,0.04113599919279452,1.0388433419164809e-05,25,10,20
44,4356,0.941520222535622,1.744638164941036e-05,0.058448376137955255,1.3954944773155516e-05,25,10,20
44,4357,0.8841188796510495,0.0004279921716355677,0.11542783657980188,2.5291597513341172e-05,25,10,20
44,4358,0.9105874618754385,0.0004279512873022833,0.08896229403093286,2.2292806326133286e-05,25,10,20
44,4359,0.8795432634744798,0.0004514918887280161,0.11973776022831684,0.00026748440847576625,25,10,20
44,4360,0.8247075343168022,0.00044666309205842943,0.11162182307290278,0.06322397951823644,25,10,20
44,4361,0.8456143560135727,6.37246361029848e-06,0.10641606458853056,0.04796320693428616,25,10,20
44,4362,0.8605604431866589,3.1704489422596224e-06,0.073049588005004,0.06638679835939479,25,10,20
44,4363,0.8585562446137467,9.207868053404338e-07,0.06582511368040694,0.07561772091904101,25,10,20
44,4364,0.8527551794304449,1.4240137696461942e-05,0.0704833255774481,0.07674725485441078,25,10,20
44,4365,0.8861828905485732,5.271009254654161e-06,0.037212460396123304,0.07659937804604856,25,10,20
44,4366,0.9126202520134227,1.0112407308984867e-05,0.058273524751971256,0.029096110827296878,25,10,20
44,4367,0.9368338439700388,7.67390353276157e-06,0.06286071329521928,0.000297768831209211,25,10,20
44,4368,0.9300758061953128,3.2774211778753156e-06,0.06989716982506447,2.3746558445602237e-05,25,10,20
44,4369,0.9568464161728388,1.6033470684907807e-06,0.043145879743350705,6.100736742031618e-06,25,10,20
44,4370,0.9329244205471958,8.578972884609765e-06,0.06705694085599234,1.0059623927062298e-05,25,10,20
44,4371,0.9504497873824522,9.551034354070695e-07,0.04954139144892587,7.866065186904327e-06,25,10,20
44,4372,0.9573490551087399,1.130310413355736e-06,0.04264262397905073,7.190601795994572e-06,25,10,20
44,4373,0.9744857333901351,1.913101122658318e-06,0.025500328420577853,1.2025088164791227e-05,25,10,20
44,4374,0.9134960807691667,1.6012987016268506e-06,0.0863073448582851,0.0001949730738465461,25,10,20
44,4375,0.8722521601897825,1.022446715260331e-06,0.12755537682176438,0.00019144054173800656,25,10,20
44,4376,0.9129626257334904,5.083766205790239e-06,0.08684664283572785,0.00018564766457652236,25,10,20
44,4377,0.9168231881317804,1.0608232725213452e-05,0.08315948371230462,6.719923189873755e-06,25,10,20
44,4378,0.8904854989392103,1.673125985195007e-05,0.10948902095279461,8.748848143344915e-06,25,10,20
44,4379,0.8859887647892056,0.0013639958075317865,0.11263008213631606,1.7157266946743785e-05,25,10,20
44,4380,0.8825424793402754,3.1212582772147324e-06,0.11744687117377178,7.528227674391992e-06,25,10,20
44,4381,0.9341174701796935,0.00014869626367068292,0.06567093961787332,6.289393876229207e-05,25,10,20
44,4382,0.9184919081001275,0.00014843450425587457,0.08123578427609601,0.0001238731195203809,25,10,20
44,4383,0.9090777433203207,0.0012391327066365984,0.08966627838138046,1.6845591662698207e-05,25,10,20
44,4384,0.9038159362411078,2.005148822687989e-06,0.09616823282327655,1.3825786792731328e-05,25,10,20
44,4385,0.904630775346251,1.9874380769177042e-05,0.09533460741355448,1.4742859424962574e-05,25,10,20
44,4386,0.9631606822033971,1.4805548584840935e-06,0.03683307299757583,4.764244168936525e-06,25,10,20
44,4387,0.9752217551927416,2.216765890066056e-06,0.024764228950643945,1.1799090724782747e-05,25,10,20
44,4388,0.9289092954911046,0.00013895445849220373,0.07069709708937104,0.0002546529610321092,25,10,20
44,4389,0.8742382310238468,0.00014054296370840142,0.1255951357610127,2.6090251431931887e-05,25,10,20
44,4390,0.8464504362560668,1.1832979209158692e-06,0.14542070515431005,0.008127675291700777,25,10,20
44,4391,0.8302057871852081,2.1320276703459956e-05,0.13012511741818997,0.03964777511989835,25,10,20
44,4392,0.8965724065227186,9.168792075128918e-06,0.06399905570345099,0.03941936898175487,25,10,20
44,4393,0.8711279441041679,2.149710212976148e-06,0.08963288343810617,0.039237022747512756,25,10,20
44,4394,0.8663169008511825,1.1953410719122789e-06,0.09406232606749616,0.03961957774024986,25,10,20
44,4395,0.8940632590797715,1.979794359347515e-06,0.0562641761962415,0.049670584929627476,25,10,20
44,4396,0.9157722086512716,1.01717236033173e-06,0.04517726507257249,0.039049509103795434,25,10,20
44,4397,0.8968890581235971,6.952540791721146e-07,0.06401775237031546,0.03909249425200806,25,10,20
44,4398,0.9235845306009761,2.2157934118275588e-06,0.052484426892558125,0.023928826713053863,25,10,20
44,4399,0.8724224240826465,2.8933485366409267e-06,0.06447991841411581,0.06309476415470099,25,10,20
44,4400,0.8478300730433369,1.4741499275342041e-06,0.07663048516735028,0.07553796763938526,25,10,20
44,4401,0.8618879786746825,6.816122809493992e-06,0.06272341353674488,0.07538179166576292,25,10,20
44,4402,0.8091068501822221,6.812132589571293e-07,0.11551392976660631,0.07537853883791287,25,10,20
44,4403,0.8602595350298248,7.128524649829241e-07,0.09214865447033749,0.04759109764737291,25,10,20
44,4404,0.7999070924502031,3.6827340552623103e-06,0.18445107393939664,0.015638150876345666,25,10,20
44,4405,0.8477447484425695,1.1887844987484254e-05,0.11275062132672373,0.0394927423857196,25,10,20
44,4406,0.8703533079780325,1.8840313240196501e-06,0.09053989776254688,0.03910491022809726,25,10,20
44,4407,0.9042702842015031,3.6051318371779394e-06,0.05659777795004592,0.039128332716613576,25,10,20
44,4408,0.8674032542870532,6.361208213711215e-06,0.09352755176490452,0.0390628327398285,25,10,20
44,4409,0.947562878121792,4.005948437397525e-06,0.052356986438001664,7.612949176869586e-05,25,10,20
44,4410,0.9451502489540888,3.17875327100298e-07,0.05091453721600859,0.003934895954575335,25,10,20
44,4411,0.9679957976737117,3.2499466774795962e-06,0.03191124317867493,8.97092009360596e-05,25,10,20
44,4412,0.9569133467427398,2.0820147872422515e-05,0.04302626855269115,3.956455669629379e-05,25,10,20
44,4413,0.9568910515838427,1.8569485424083714e-06,0.04306907178436859,3.801968324620936e-05,25,10,20
44,4414,0.9148600084056376,5.962170542618398e-08,0.0821116231522068,0.0030283088204502017,25,10,20
44,4415,0.9204668498515405,1.0756372168572795e-05,0.07951554022079091,6.853555500197057e-06,25,10,20
44,4416,0.8808044410793135,1.5186143823636965e-05,0.11915941358399618,2.0959192866565313e-05,25,10,20
44,4417,0.832009917995275,1.2984134370881712e-05,0.16780020549879912,0.0001768923715559572,25,10,20
44,4418,0.8309026360648744,7.154915293391358e-07,0.14351915367455617,0.025577494769040147,25,10,20
44,4419,0.9415807673517356,7.417020228376618e-07,0.019279287481214765,0.039139203465027424,25,10,20
44,4420,0.9167275448013313,1.8678694103524827e-06,0.043616500465383255,0.03965408686387597,25,10,20
44,4421,0.9036273182711264,1.6284533204575126e-06,0.0670564634771449,0.029314589798408387,25,10,20
44,4422,0.8993313711562011,1.3841770087013247e-06,0.07059896970174714,0.03006827496504342,25,10,20
44,4423,0.9030883042423146,9.815588006827718e-07,0.060292471028086485,0.03661824317079813,25,10,20
44,4424,0.8987967277908804,1.5887256928420735e-06,0.10024100130494631,0.0009606821784808758,25,10,20
44,4425,0.9635953179688692,8.976634538028837e-07,0.03638944325548434,1.434111219307176e-05,25,10,20
44,4426,0.9520228302144753,1.1514710884696633e-06,0.04792474065560984,5.1277658826534225e-05,25,10,20
44,4427,0.9505473646218299,9.941357055664153e-07,0.04944644221855019,5.199023914664238e-06,25,10,20
44,4428,0.9501632356202916,3.2868266158173124e-07,0.04983088006290355,5.555634142864147e-06,25,10,20
44,4429,0.9358521411339694,9.175253617354093e-06,0.06390914634885574,0.000229537263557846,25,10,20
44,4430,0.9764503165501434,4.651691009096886e-06,0.023538248322997637,6.783435849850287e-06,25,10,20
44,4431,0.9440083324802626,5.3348546769661926e-06,0.05597888480161954,7.447863440660835e-06,25,10,20
44,4432,0.919565753814781,4.3142876196653414e-06,0.08041289074719005,1.7041150408624708e-05,25,10,20
44,4433,0.9541399397644962,2.8506090591023924e-05,0.04580796518848354,2.3588956429336552e-05,25,10,20
44,4434,0.8958001979423849,2.633896373917927e-05,0.10415745444871165,1.6008645164691487e-05,25,10,20
44,4435,0.908639080342244,1.8894253339226683e-07,0.09116583453281597,0.00019489618240678828,25,10,20
44,4436,0.9042628953841535,1.3325756658684026e-07,0.09562897336359978,0.00010799799468015088,25,10,20
44,4437,0.8974061424916462,9.975362129467531e-07,0.10258562875012163,7.231222018743332e-06,25,10,20
44,4438,0.9188378048220577,3.499517161797222e-07,0.08027568842593472,0.0008861568002909309,25,10,20
44,4439,0.9473958955335113,2.759045399538181e-07,0.05255961400278891,4.421455915931293e-05,25,10,20
44,4440,0.9567093736803698,3.865166866362785e-07,0.04320478107617497,8.545872676880617e-05,25,10,20
44,4441,0.9204171972928935,8.490667499007036e-08,0.07957848586159177,4.231938840101477e-06,25,10,20
44,4442,0.9654690017946728,8.99933102329196e-07,0.03450628996900279,2.3808303222185902e-05,25,10,20
44,4443,0.9117262617262599,2.636291564829338e-06,0.08705972605379125,0.0012113759283830844,25,10,20
44,4444,0.9225125148591314,2.9440440373437244e-06,0.07695091951306308,0.0005336215837677756,25,10,20
44,4445,0.9161130846148324,2.64421662873777e-06,0.08381109225143762,7.317891710094717e-05,25,10,20
44,4446,0.9244496013094229,6.743190806114913e-06,0.07546934196504176,7.431353472838675e-05,25,10,20
44,4447,0.9319206521252752,3.853489583020176e-06,0.06799713712657082,7.835725857081025e-05,25,10,20
44,4448,0.9509850651716483,3.196999545787952e-06,0.04898499375840222,2.6744070404199323e-05,25,10,20
44,4449,0.9593902424318105,3.5066436010577796e-06,0.040602429684774816,3.8212398139940705e-06,25,10,20
44,4450,0.8869392872976638,5.4413252897432575e-06,0.10986472317157858,0.003190548205468578,25,10,20
44,4451,0.9031117182102413,8.891076140662644e-05,0.09639996302065854,0.0003994080076934107,25,10,20
44,4452,0.8819824389020795,3.221134216871579e-06,0.11780306802652994,0.00021127193717404758,25,10,20
44,4453,0.8618673146311535,4.0568339591766164e-06,0.13810689395566383,2.1734579223012868e-05,25,10,20
44,4454,0.9135202155537278,2.2421211217491218e-07,0.08647319857398687,6.361660173400579e-06,25,10,20
44,4455,0.8558015631051487,1.5229239450131038e-05,0.14233827909589616,0.0018449285595042821,25,10,20
44,4456,0.8409950999308449,1.5292489808902427e-05,0.15718589412696216,0.001803713452384063,25,10,20
44,4457,0.8063172682842219,9.774681877256707e-06,0.19355662026224946,0.00011633677165200375,25,10,20
44,4458,0.8110541039363656,1.9348999537542397e-06,0.18881639602994482,0.00012756513373638105,25,10,20
44,4459,0.838577536336553,9.602087867462444e-06,0.1613248740626911,8.798751288784386e-05,25,10,20
44,4460,0.8702982344350899,1.041686753727224e-05,0.1294322767295534,0.00025907196781950264,25,10,20
44,4461,0.955307049367877,3.2556010996365243e-07,0.04461947018010239,7.315489191083116e-05,25,10,20
44,4462,0.8649352711100923,8.237521965654967e-07,0.12277288657945125,0.012291018558259242,25,10,20
44,4463,0.9169773102988882,9.91704992085784e-07,0.07145328862462999,0.01156840937148999,25,10,20
44,4464,0.9251235308693279,2.036411299031466e-06,0.07485783947586518,1.6593243507935175e-05,25,10,20
44,4465,0.8552706652536988,4.3322499049630366e-07,0.14435713130934608,0.00037177021196503623,25,10,20
44,4466,0.9256748446894391,1.4708243195188517e-06,0.07425973294887274,6.395153736805622e-05,25,10,20
44,4467,0.894319567122064,2.009161591579402e-06,0.06607573802879135,0.03960268568755289,25,10,20
44,4468,0.8844800263811645,1.5010578664012939e-06,0.07580780372045853,0.039710668840510596,25,10,20
44,4469,0.8885729516928386,0.0007592356693520734,0.07200545920549799,0.038662353432311815,25,10,20
44,4470,0.8540167969138289,0.000758613706646449,0.10599642401485697,0.03922816536466693,25,10,20
44,4471,0.914533654398848,2.791705411210143e-07,0.04635806967509877,0.03910799675551213,25,10,20
44,4472,0.9194685779142392,8.118301688035589e-06,0.041860362698394375,0.03866294108567846,25,10,20
44,4473,0.8812633084400684,0.0004498698866786659,0.07960937283345025,0.03867744883980227,25,10,20
44,4474,0.8757987910438458,9.424415273687074e-08,0.08531249227147879,0.03888862244052269,25,10,20
44,4475,0.8622236115175937,1.363721875555686e-06,0.13139691988117977,0.006378104879350822,25,10,20
44,4476,0.8556145322790414,8.931869732790669e-07,0.13186660147981022,0.01251797305417533,25,10,20
44,4477,0.8948796131836868,3.22391276562265e-07,0.10508918579295369,3.0878632082389235e-05,25,10,20
44,4478,0.8603278054218596,1.3601985848016117e-06,0.13963467264597604,3.6161733579863665e-05,25,10,20
44,4479,0.928726028287432,7.634854620483175e-05,0.07117383511461084,2.378805175251429e-05,25,10,20
44,4480,0.9391083343989496,1.201435966974141e-05,0.060868105448594674,1.1545792786253922e-05,25,10,20
44,4481,0.8628415210642362,3.1038263576871554e-05,0.1371237044677971,3.7362043897675017e-06,25,10,20
44,4482,0.9327424693833991,3.001765516666735e-05,0.06722482272934216,2.690232092394082e-06,25,10,20
44,4483,0.9271305767552549,3.0219340634364275e-05,0.07281925849436777,1.994540974246078e-05,25,10,20
44,4484,0.9099774779106952,3.1544276538564923e-05,0.08997079821449203,2.01795982750428e-05,25,10,20
44,4485,0.9436170777942882,5.791034700601637e-07,0.05635626243457336,2.6080667668533888e-05,25,10,20
44,4486,0.9063436941602236,3.059315449904974e-07,0.09265212212817305,0.0010038777800586347,25,10,20
44,4487,0.8854132230096797,9.929798474076394e-07,0.11438659703654175,0.0001991869739310326,25,10,20
44,4488,0.9437551333831818,5.75148904890885e-06,0.05621224427110045,2.6870856667839746e-05,25,10,20
44,4489,0.9751449476740995,1.9691472076810795e-06,0.02442380507425438,0.00042927810443801353,25,10,20
44,4490,0.9449868102148976,1.8012982726212911e-06,0.05470712771010068,0.0003042607767288808,25,10,20
44,4491,0.9476180111254332,2.072382392145474e-06,0.052374135798929605,5.780693244931284e-06,25,10,20
44,4492,0.948577663415752,1.8257529232991542e-07,0.05142048844780216,1.6655611528484122e-06,25,10,20
44,4493,0.9432595907080755,1.5594660653727981e-07,0.0566613619237921,7.889142152519344e-05,25,10,20
44,4494,0.9153128532184341,8.329740937474651e-07,0.08393656888105527,0.0007497449264171807,25,10,20
44,4495,0.9710035353862064,7.287036459702183e-07,0.028291069754382624,0.0007046661557653257,25,10,20
44,4496,0.9585851013782677,1.0284270813753735e-05,0.041397225834225865,7.388516692433133e-06,25,10,20
44,4497,0.97682121237531,2.9619571115341156e-07,0.023142701297532552,3.579013144623182e-05,25,10,20
44,4498,0.9174786885863098,7.700149111810831e-06,0.08250666853742555,6.942727152614361e-06,25,10,20
44,4499,0.882802008150747,6.991952480816523e-05,0.11712125923661781,6.8130878265404745e-06,25,10,20
44,4500,0.8686915498479085,0.0003350009087652765,0.13096513111943617,8.318123889824974e-06,25,10,20
44,4501,0.8809061746689604,8.167754142679685e-05,0.11893913848298307,7.300930663015411e-05,25,10,20
44,4502,0.9636028527050662,2.588152976799605e-07,0.036390864640093494,6.023839542788035e-06,25,10,20
44,4503,0.9221138268659358,6.04742619427585e-07,0.077342752228832,0.000542816162613701,25,10,20
44,4504,0.9249144538994291,1.7461542567716207e-06,0.0750607961297818,2.3003816532390577e-05,25,10,20
44,4505,0.9736761272094779,1.3114662413101806e-06,0.02630155824882826,2.1003075452430455e-05,25,10,20
44,4506,0.9413753106765183,8.21689665908372e-07,0.05860857784772247,1.5289786093746997e-05,25,10,20
44,4507,0.8939496607988496,4.267738553526986e-07,0.10604150042499969,8.412002295469265e-06,25,10,20
44,4508,0.91672129136715,6.148691583318547e-07,0.0832630163974282,1.5077366263420437e-05,25,10,20
44,4509,0.9176061726564494,3.9899674582590843e-07,0.08234577351667348,4.765483013110473e-05,25,10,20
44,4510,0.9690141403500515,3.451788536984526e-07,0.030949881040135394,3.56334309597007e-05,25,10,20
44,4511,0.9284550616548917,3.0183396808487e-07,0.07153938467344849,5.251837691349823e-06,25,10,20
44,4512,0.9505683615508737,4.091960103679112e-05,0.04938649093899466,4.227909094680068e-06,25,10,20
44,4513,0.9028184690903182,7.609913916941067e-05,0.09709698855281107,8.44321770145401e-06,25,10,20
44,4514,0.8949451262943019,3.438786529820629e-05,0.10497574732097459,4.473851942497982e-05,25,10,20
44,4515,0.8608682193754137,0.00032896575029957797,0.13879006356807377,1.2751306213984611e-05,25,10,20
44,4516,0.9157622342591611,0.0003121904983448452,0.08377412141035684,0.0001514538321374664,25,10,20
44,4517,0.981006360663326,2.135037113307101e-06,0.018845523418182807,0.00014598088137834185,25,10,20
44,4518,0.9203671148943802,1.4239169735255031e-06,0.07947008246596399,0.0001613787226825528,25,10,20
44,4519,0.9506388960655994,1.0791592203754618e-06,0.049334479897578595,2.5544877601619923e-05,25,10,20
44,4520,0.9083093439110302,5.776921435344669e-06,0.05692035203121051,0.03476452713632325,25,10,20
44,4521,0.8357299817127355,1.309446555147372e-06,0.12970723553732752,0.034561473303381475,25,10,20
44,4522,0.8395122628389129,3.47300579986565e-06,0.12593492018600538,0.034549343969281644,25,10,20
44,4523,0.8561675766236653,5.051681156082475e-05,0.13576454543294467,0.008017361131829638,25,10,20
44,4524,0.8881719547590062,1.055614427200078e-06,0.11112780551594736,0.0006991841106189823,25,10,20
44,4525,0.8783312098442351,5.3424775973290715e-06,0.11147827220486503,0.010185175473302307,25,10,20
44,4526,0.9033835214873782,1.2481054621701472e-06,0.09656993035356785,4.530005359217972e-05,25,10,20
44,4527,0.8670848636072915,1.2013607043397359e-05,0.12949182659941225,0.0034112961862525354,25,10,20
44,4528,0.9362767064384527,2.833298252265654e-07,0.06029191877473467,0.0034310914569870682,25,10,20
44,4529,0.9355840407927724,2.271652930207386e-06,0.06439773596367004,1.5951590627154752e-05,25,10,20
44,4530,0.9053937381828158,3.630805033274511e-06,0.09426461626803279,0.0003380147441179209,25,10,20
44,4531,0.8861018725763884,2.069745117701463e-06,0.1135546823801939,0.00034137529830006866,25,10,20
44,4532,0.9623923633285439,6.809082440551727e-07,0.037565947143073534,4.10086201387624e-05,25,10,20
44,4533,0.9535428740203892,1.6585097933701633e-07,0.04626758319178921,0.0001893769368427936,25,10,20
44,4534,0.9213478076921553,4.469649584055373e-06,0.0786300492485603,1.7673409699350744e-05,25,10,20
44,4535,0.9257740279224865,2.8540305210064944e-07,0.07414555254624179,8.01341282194078e-05,25,10,20
44,4536,0.8911473052370081,1.3285412910508854e-05,0.10872935081772898,0.00011005853235226867,25,10,20
44,4537,0.9366396515969,1.2559726626896566e-05,0.06333457202077525,1.3216655697528676e-05,25,10,20
44,4538,0.9231825886799052,2.3980030503557106e-05,0.07658099866242972,0.00021243262716193995,25,10,20
44,4539,0.949634936292776,2.068024707995166e-06,0.050346507576514536,1.6488106001514697e-05,25,10,20
44,4540,0.9353433295014995,2.0156481275087445e-06,0.06463972690693283,1.4927943439892401e-05,25,10,20
44,4541,0.8805822589704287,2.0230211016875173e-06,0.11903418382329006,0.0003815341851790591,25,10,20
44,4542,0.8462712001938251,2.979728444176423e-06,0.15371136786983594,1.4452207894946221e-05,25,10,20
44,4543,0.8557764239488362,3.1427721201481413e-06,0.14421226359181769,8.16968722534162e-06,25,10,20
44,4544,0.8372193387829816,1.922779285013037e-06,0.13087181129039085,0.031906927147341835,25,10,20
44,4545,0.8906155615797816,1.8255825679898183e-06,0.07744756146695318,0.031935051370696584,25,10,20
44,4546,0.927549249187837,7.5081307330531985e-06,0.033155797277870075,0.03928744540355962,25,10,20
44,4547,0.8903059739781454,6.689852112289065e-06,0.07042772426782629,0.039259611901916236,25,10,20
44,4548,0.9099633531480896,6.513128765206627e-06,0.05131586743618567,0.038714266286959655,25,10,20
44,4549,0.9054180727598735,1.4286846765969893e-06,0.055874563752727785,0.03870593480272198,25,10,20
44,4550,0.857396098758023,1.999600246399129e-05,0.10376460582675277,0.03881929941275972,25,10,20
44,4551,0.8905480998731093,2.416429050498882e-06,0.07769524766214742,0.031754236035692746,25,10,20
44,4552,0.8564789204353211,1.1279936770881364e-06,0.07267942863553194,0.07084052293547013,25,10,20
44,4553,0.8017513831098928,1.4842598055850314e-06,0.12278244457202138,0.07546468805828073,25,10,20
44,4554,0.7374305219807092,1.813279951684864e-05,0.20229396505610192,0.0602573801636702,25,10,20
44,4555,0.8274470983097549,6.20061157739495e-06,0.13659213668482306,0.0359545643938441,25,10,20
44,4556,0.8992164423719341,5.902004463293172e-06,0.06482433634057401,0.03595331928302885,25,10,20
44,4557,0.9417405675076519,3.2300675189955195e-07,0.019350819574136216,0.038908289911459455,25,10,20
44,4558,0.9511890915183878,1.0074410415704722e-06,0.009901771931848234,0.03890812910872267,25,10,20
44,4559,0.9462932608334795,1.297225853625787e-06,0.02928996606482619,0.024415475875841107,25,10,20
44,4560,0.8937570358417072,9.419246422646077e-06,0.08016637515858101,0.026067169753288728,25,10,20
44,4561,0.8669282939176568,1.7795665257443424e-05,0.10697940829584074,0.026074502121244326,25,10,20
44,4562,0.8678203907035352,3.496691153806687e-06,0.12624471234478846,0.005931400260522031,25,10,20
44,4563,0.9160104863146857,2.9884784407616605e-06,0.08390954294789031,7.69822589829595e-05,25,10,20
44,4564,0.928960719988626,1.6318865623282396e-05,0.07003208846215309,0.000990872683597922,25,10,20
44,4565,0.9357289286612861,1.4176152447861017e-05,0.0633014066311094,0.0009554885551569425,25,10,20
44,4566,0.9360905520770954,1.1542092856809284e-05,0.0618700109986064,0.002027894831441861,25,10,20
44,4567,0.8861296474730246,1.0811855330839183e-05,0.11172389800690155,0.0021356426647423676,25,10,20
44,4568,0.9139215512260079,5.662198037527721e-06,0.08593421047717338,0.0001385760987809221,25,10,20
44,4569,0.8536379795669312,1.714182311569748e-06,0.14594655470295045,0.0004137515478077725,25,10,20
44,4570,0.8915992937781131,0.002967585647699664,0.10529831314300363,0.0001348074311836801,25,10,20
44,4571,0.8523219138613417,0.0030817343166474574,0.1445717132367633,2.4638585249281922e-05,25,10,20
44,4572,0.8629701847712943,0.00011608509062257829,0.13497143644321644,0.0019422936948671813,25,10,20
44,4573,0.7834397386488767,2.8639465404224946e-05,0.21635890505917932,0.00017271682653983262,25,10,20
44,4574,0.8758702059624877,4.723745509052605e-05,0.12401416894100585,6.838764141560193e-05,25,10,20
44,4575,0.9392391941793538,1.0526641364280948e-05,0.060610880371061875,0.00013939880822016578,25,10,20
44,4576,0.8754996240742756,1.0091737529401247e-05,0.12431722458105673,0.00017305960713724137,25,10,20
44,4577,0.9058160254447438,9.365706189502008e-06,0.09408557751628015,8.903133278657683e-05,25,10,20
44,4578,0.9555573636842416,1.827001282869128e-05,0.04418916194902019,0.00023520435390938938,25,10,20
44,4579,0.8748077894655764,1.029769111674685e-05,0.12503568348678062,0.0001462293565264367,25,10,20
44,4580,0.9594364894549748,1.491101682138952e-05,0.03977579485038026,0.0007728046778237877,25,10,20
44,4581,0.9471407845318087,6.51012123692052e-06,0.052659146174563076,0.00019355917239167726,25,10,20
44,4582,0.9668149548607253,5.363777378397087e-06,0.03314715425047245,3.2527111423140654e-05,25,10,20
44,4583,0.9005800905772036,2.5804436934976995e-05,0.0939979768420108,0.005396128143850013,25,10,20
44,4584,0.9127674006789773,2.5108596229016978e-05,0.081815058414985,0.005392432309808573,25,10,20
44,4585,0.8885482354210026,2.7277452780654624e-06,0.11144495089711537,4.085936603312014e-06,25,10,20
44,4586,0.8813435082724642,2.3341675652158287e-06,0.11824452256455632,0.0004096349954137359,25,10,20
44,4587,0.8732746123499681,3.842932051423729e-06,0.126311792253676,0.0004097524643039568,25,10,20
44,4588,0.9113719169582335,2.6747625203839823e-06,0.08862050305615223,4.905223093398253e-06,25,10,20
44,4589,0.8798464859812889,5.596523951368186e-06,0.12014152925786219,6.388236897691636e-06,25,10,20
44,4590,0.8045240096109343,6.9829308504263765e-06,0.19504213309440663,0.0004268743638082896,25,10,20
44,4591,0.9020437892586899,1.2241567425240377e-05,0.09749922752311985,0.0004447416507657451,25,10,20
44,4592,0.8816939178394272,9.541995945239434e-06,0.11788166025717399,0.0004148799074543403,25,10,20
44,4593,0.8344780810396388,3.4126024165503483e-06,0.16509762089214447,0.0004208854658008198,25,10,20
44,4594,0.8970972452187982,1.261881432433727e-05,0.10247699105661483,0.0004131449102618322,25,10,20
44,4595,0.9190310733786506,1.4374128831376147e-06,0.07356373617261201,0.007403753035853747,25,10,20
44,4596,0.9342306198816481,2.2492260304525386e-06,0.06460732658129714,0.0011598043110239646,25,10,20
44,4597,0.9109952960808657,9.712887903975309e-06,0.0888952551343187,9.973589691239936e-05,25,10,20
44,4598,0.9567258746637625,8.658706974492251e-07,0.043019964544734245,0.0002532949208057843,25,10,20
44,4599,0.9422123293875491,2.8711723642986526e-06,0.057754359795067885,3.0439645018573673e-05,25,10,20
44,4600,0.8453328180924454,2.000479717308101e-06,0.15238613287934025,0.002279048548497248,25,10,20
44,4601,0.9348168394340697,4.186074383488196e-05,0.06493659292834772,0.00020470689374778344,25,10,20
44,4602,0.9035596785348377,5.901812959101965e-05,0.09619612142884419,0.00018518190672682513,25,10,20
44,4603,0.8512035192127952,6.274353939352327e-05,0.14847007058343975,0.0002636666643724115,25,10,20
44,4604,0.9318721609475028,4.603896041426059e-05,0.06789730444330276,0.0001844956487799027,25,10,20
44,4605,0.9039327585358388,6.9251648948552484e-06,0.05655751497657715,0.03950280132268879,25,10,20
44,4606,0.9120532094061986,8.411658134227395e-07,0.048448797113445796,0.03949715231454173,25,10,20
44,4607,0.900152694595134,6.229137574555304e-07,0.06087442702797651,0.03897225546313229,25,10,20
44,4608,0.9013942273292044,6.75353037816689e-07,0.07425272904093105,0.0243523682768265,25,10,20
44,4609,0.9239315260116512,2.871545127685163e-07,0.05456572358762677,0.021502463246209733,25,10,20
44,4610,0.8746482608413311,1.7890579814182493e-05,0.10348560251229713,0.02184824606655729,25,10,20
44,4611,0.9222164622313471,3.2520055883426407e-07,0.03800433767945554,0.03977887488863847,25,10,20
44,4612,0.8654473142569016,1.7962448749719613e-05,0.09458396098298104,0.039950762311367946,25,10,20
44,4613,0.8699133875488921,2.3120586135660982e-05,0.10345484765759365,0.02660864420737823,25,10,20
44,4614,0.8939827197946754,1.666580752607711e-05,0.0793657802144083,0.026634834183389806,25,10,20
44,4615,0.8884836130085144,2.926476944729311e-07,0.08431726080007415,0.02719883354371707,25,10,20
44,4616,0.9009716564312922,6.150153245771601e-07,0.07205887359852622,0.02696885495485681,25,10,20
44,4617,0.8775603044183471,5.250236475782538e-07,0.12187585910417571,0.0005633114538290512,25,10,20
44,4618,0.9180302021467358,2.2997745904350547e-06,0.07573183809449432,0.006235659984179412,25,10,20
44,4619,0.9567750531822924,8.101553809165191e-06,0.03748385178779965,0.0057329934760988474,25,10,20
44,4620,0.9459871910624321,6.858829599313191e-07,0.048298193023241315,0.005713930031366307,25,10,20
44,4621,0.9295308069856634,5.280940757894264e-07,0.06472294031504025,0.00574572460522067,25,10,20
44,4622,0.8805784943762395,6.303832872542181e-07,0.11738751965137185,0.0020333555891006378,25,10,20
44,4623,0.9466529154571639,1.125837937409724e-06,0.05310627347526774,0.00023968522963045235,25,10,20
44,4624,0.9394991507205107,3.978661741121599e-07,0.05983838263550848,0.0006620687778060759,25,10,20
44,4625,0.9045606933328847,4.011729639690682e-06,0.09475172240367277,0.0006835725338027599,25,10,20
44,4626,0.9281254240722024,4.001507294359012e-06,0.07183502416822111,3.5550252282029404e-05,25,10,20
44,4627,0.8766367851037316,2.6078356044846018e-05,0.12332450027689226,1.2636263332005225e-05,25,10,20
44,4628,0.8748122400985178,2.646442729246091e-05,0.12484189137496371,0.0003194040992273913,25,10,20
44,4629,0.8998486961122778,1.866695879607157e-05,0.09976705245339289,0.00036558447553329597,25,10,20
44,4630,0.9100698432958494,3.1213980533697186e-05,0.08980952856613557,8.941415748154661e-05,25,10,20
44,4631,0.939176198868919,4.406118892133996e-06,0.06079567981180449,2.3715200384198176e-05,25,10,20
44,4632,0.9236446015877866,4.146698951661904e-06,0.07624851103515812,0.00010274067810284132,25,10,20
44,4633,0.9540300568892106,2.1661928859763394e-07,0.0459462602224763,2.346626902434708e-05,25,10,20
44,4634,0.9381727230263575,4.635525151325806e-07,0.061332785436039844,0.0004940279850872113,25,10,20
44,4635,0.9276782137266391,6.350376234010258e-07,0.07230975057046726,1.1400665269957332e-05,25,10,20
44,4636,0.9332900467602698,4.912934308457547e-06,0.06667308233039608,3.1957975025730204e-05,25,10,20
44,4637,0.9364005884924004,4.326041895625048e-06,0.0635866490919993,8.436373705044315e-06,25,10,20
44,4638,0.9711780923669451,4.571928982394017e-06,0.028803256034372095,1.407966970025397e-05,25,10,20
44,4639,0.9604689767852895,4.493410422727252e-06,0.039521494654012175,5.035150275706841e-06,25,10,20
44,4640,0.9484966165956246,8.036490156111156e-06,0.05136194026870879,0.0001334066455101868,25,10,20
44,4641,0.9341502597015768,2.0164838477022502e-05,0.0658273710818509,2.2043780953604607e-06,25,10,20
44,4642,0.8908471103666507,1.3270712675819427e-05,0.10910589113197906,3.372778869415146e-05,25,10,20
44,4643,0.9245518947225057,0.00042910290167948964,0.07397933497754551,0.0010396673982689597,25,10,20
44,4644,0.8843640908783478,0.00045240961393241795,0.11511843766895163,6.506183876827531e-05,25,10,20
44,4645,0.8857671567104606,0.0003669939321592595,0.1138050427453549,6.08066120247607e-05,25,10,20
44,4646,0.9134521251879244,3.890265294403185e-06,0.08603949228573704,0.0005044922610434011,25,10,20
44,4647,0.8927063111549748,3.1088477523490693e-06,0.10719986365922671,9.071633804538266e-05,25,10,20
44,4648,0.9357651886291827,1.0728821080103972e-06,0.06269232921011568,0.0015414092785938655,25,10,20
44,4649,0.9453649431127213,2.311568885252095e-06,0.05307680138007269,0.0015559439383207579,25,10,20
44,4650,0.9375589813107537,8.479873939122264e-06,0.06241648238875712,1.605642655016184e-05,25,10,20
44,4651,0.9431625612272542,2.9485414719918058e-05,0.05679177028602306,1.6183072002911318e-05,25,10,20
44,4652,0.9685850104983723,1.0916413694851325e-06,0.03139527974356002,1.8618116698620917e-05,25,10,20
44,4653,0.9670102574904642,2.1879234989078327e-07,0.0329682626966871,2.1261020498971107e-05,25,10,20
44,4654,0.8929656886002373,0.0004130761411178405,0.10658567475548673,3.556050315781269e-05,25,10,20
44,4655,0.9408172573487,1.4353681164351528e-05,0.05915871083617623,9.678133959709568e-06,25,10,20
44,4656,0.9418823332113869,4.9656329945119315e-05,0.05805342238064709,1.4588078020325982e-05,25,10,20
44,4657,0.8841495822986445,1.6921315493974686e-06,0.11583396180309054,1.4763766716647871e-05,25,10,20
44,4658,0.9256689672698513,4.146693868721458e-06,0.07411047180290836,0.00021641423337127004,25,10,20
44,4659,0.9447299731315311,1.4804842654652371e-06,0.055242066206141714,2.648017806235748e-05,25,10,20
44,4660,0.9253324131957119,0.0021100562843341442,0.0723652370951649,0.00019229342478913611,25,10,20
44,4661,0.8562099221655778,0.0021107960244536325,0.1414423181701377,0.00023696363983083282,25,10,20
44,4662,0.9544409570670477,7.445133063456014e-07,0.04538683011918812,0.00017146830045782545,25,10,20
44,4663,0.9479312739012614,1.3150290650993786e-06,0.05205203575213416,1.5375317539370572e-05,25,10,20
44,4664,0.9387501549511906,8.93484842236018e-06,0.061229837204046955,1.1072996340350018e-05,25,10,20
44,4665,0.912364979426694,1.9160489616626296e-06,0.08755175160003087,8.135292431281544e-05,25,10,20
44,4666,0.9729958484631988,3.616677983356729e-07,0.026998284386662786,5.50548234013876e-06,25,10,20
44,4667,0.9601598952823904,1.4108317079822858e-07,0.03978749969992937,5.2463934509433266e-05,25,10,20
44,4668,0.9208459869506737,2.405488427146637e-07,0.07859135047758037,0.0005624220229026311,25,10,20
44,4669,0.8931614477148478,8.963619137741922e-06,0.10680136845420492,2.8220211809824014e-05,25,10,20
44,4670,0.9003208318749719,1.1360447454724207e-05,0.09962812676054535,3.968091702785874e-05,25,10,20
44,4671,0.9257874993145695,1.9800528184031124e-06,0.07418210514267641,2.8415489935423514e-05,25,10,20
44,4672,0.9115159884820695,5.482556813372609e-06,0.08847566261338072,2.8663477367265056e-06,25,10,20
44,4673,0.8878056893334887,6.583623454526796e-05,0.11211198625681387,1.64881751528905e-05,25,10,20
44,4674,0.9243419018861562,7.395808796586854e-06,0.07563569257248287,1.5009732564647505e-05,25,10,20
44,4675,0.9299515777125181,5.717522299564984e-06,0.0673976177965541,0.002645086968627816,25,10,20
44,4676,0.9233323341137673,6.153896595347402e-06,0.07402126440128301,0.002640247588354415,25,10,20
44,4677,0.9241564283552955,8.180273218120814e-08,0.07582201172339917,2.1478118572949507e-05,25,10,20
44,4678,0.8914380954897677,8.873629109309396e-07,0.10854148338711715,1.953376020486763e-05,25,10,20
44,4679,0.9759789031786592,7.528757679647999e-08,0.024019628452034494,1.3930817298622827e-06,25,10,20
44,4680,0.9330859625103328,3.901797447381354e-06,0.06606900778322614,0.0008411279089935849,25,10,20
44,4681,0.9035505823611548,3.628495417281712e-06,0.09370148910276638,0.0027443000406614138,25,10,20
44,4682,0.8329448103515386,4.0544959564453446e-05,0.16532311349677442,0.0016915311921227641,25,10,20
44,4683,0.7846815097039713,1.1230651160795046e-05,0.2115321151002975,0.0037751445445709433,25,10,20
44,4684,0.8810602645580624,1.9840469234823065e-06,0.11724466787982651,0.0016930835151875464,25,10,20
44,4685,0.8137116696436304,5.684268760234749e-05,0.18454789863029414,0.0016835890384721789,25,10,20
44,4686,0.763416663616639,0.00012717424054567957,0.23605289012674435,0.00040327201607079415,25,10,20
44,4687,0.7608541415534021,3.905208731425648e-06,0.23873558318306606,0.00040637005480049414,25,10,20
44,4688,0.7912501496991475,6.621315904682675e-06,0.20839436381689358,0.0003488651680536812,25,10,20
44,4689,0.9035896154706884,1.1910595409594926e-06,0.08962538710351961,0.0067838063662502565,25,10,20
44,4690,0.915180622520852,1.1164819549551423e-05,0.07796456330676822,0.006843649352830441,25,10,20
44,4691,0.9098560355664975,1.5167249762439569e-05,0.0901129572048738,1.5839978866273098e-05,25,10,20
44,4692,0.9454556111824864,8.723315860587846e-07,0.05453251176409417,1.1004721833448691e-05,25,10,20
44,4693,0.9135003195363786,9.409754655121072e-08,0.08648894766770514,1.0638698370619915e-05,25,10,20
44,4694,0.8358897315325335,4.4191146847089616e-06,0.16406183307137362,4.401628140818685e-05,25,10,20
44,4695,0.9237040097250305,3.3488367592956573e-06,0.07601954945038596,0.0002730919878241354,25,10,20
44,4696,0.9381775301441073,9.333397948726177e-07,0.061552454196007626,0.00026908232008986387,25,10,20
44,4697,0.9617684134372965,8.47045955905238e-07,0.03795166757379935,0.00027907194294785065,25,10,20
44,4698,0.9762006276736925,2.5980397210295855e-06,0.02376085952665382,3.591475993292358e-05,25,10,20
44,4699,0.914365420848373,3.146313407421166e-07,0.08508651565019636,0.0005477488700898044,25,10,20
44,4700,0.8804726630542302,1.1526262588301935e-05,0.11895268873757665,0.0005631219456047943,25,10,20
44,4701,0.8870801705153438,1.6283331282329288e-06,0.11289819468277296,2.000646875583856e-05,25,10,20
44,4702,0.9465632765277993,1.9043430890595584e-07,0.05342395502729642,1.2578010595850366e-05,25,10,20
44,4703,0.9435469339674531,7.15134910638386e-07,0.05642878049453725,2.3570403099006102e-05,25,10,20
44,4704,0.9666247962656266,1.3665666976336446e-06,0.03317361367367217,0.00020022349400350208,25,10,20
44,4705,0.9215655650388263,0.0005360442975043902,0.07788312666814122,1.5263995528526846e-05,25,10,20
44,4706,0.87307703072976,2.9766583251748955e-06,0.1268914125846158,2.8580027299789437e-05,25,10,20
44,4707,0.9164607795288362,3.4561892715584003e-06,0.08350115656802765,3.4607713865559326e-05,25,10,20
44,4708,0.9569997845109778,2.3900397305598396e-06,0.04295356245149644,4.42629977954839e-05,25,10,20
44,4709,0.90204692797472,6.0605209575632605e-05,0.09783012227022006,6.234454548409763e-05,25,10,20
44,4710,0.9405402496352806,1.1338011892292652e-06,0.05945314526129855,5.471302231173677e-06,25,10,20
44,4711,0.9588277299443778,1.9606886365407217e-06,0.04108913883055352,8.117053643151699e-05,25,10,20
44,4712,0.9014417825272257,2.070379462798568e-05,0.09845246197977561,8.505169837071989e-05,25,10,20
44,4713,0.9371186191985277,2.0476606939865273e-06,0.06248112203033927,0.0003982111104382343,25,10,20
44,4714,0.9483084869379199,3.443697103695731e-05,0.05165174603377836,5.3300572646814626e-06,25,10,20
44,4715,0.984278572429013,7.731666584402493e-08,0.015684025145191433,3.7325109129888814e-05,25,10,20
44,4716,0.9395182679128145,1.3620883987870563e-06,0.060289125950985116,0.00019124404780148274,25,10,20
44,4717,0.9202836766848644,7.915557341104932e-07,0.07953624429491411,0.00017928746448723178,25,10,20
44,4718,0.9400186117034467,2.2827008222535e-07,0.059979650784054116,1.5092424168150094e-06,25,10,20
44,4719,0.9510509954256758,1.893900079228044e-05,0.04892672291298401,3.34266054719355e-06,25,10,20
44,4720,0.9017664665235275,5.003901189566778e-06,0.09623706332162993,0.0019914662536537745,25,10,20
44,4721,0.9101724996854895,1.0339052816641585e-06,0.08783317975250647,0.001993286656722175,25,10,20
44,4722,0.9050214193666071,5.502367712686669e-07,0.09496724812669352,1.078226992794407e-05,25,10,20
44,4723,0.8334474947724992,0.00019153204026615484,0.16630843529739084,5.253788984363297e-05,25,10,20
44,4724,0.8551756200304346,0.00019172663191469844,0.14460906730318898,2.3586034462572316e-05,25,10,20
44,4725,0.8046036883665054,1.8720382829655076e-05,0.19536528602477432,1.2305225889933118e-05,25,10,20
44,4726,0.8709257039499545,2.9934731532859853e-05,0.12901269561529793,3.166570321444761e-05,25,10,20
44,4727,0.8789560828021726,2.7251877793049435e-07,0.1201661037139547,0.0008775409650944475,25,10,20
44,4728,0.8748836668503641,1.1419446256717577e-07,0.12426805654264371,0.0008481624125293262,25,10,20
44,4729,0.8990343973250817,3.763818737491668e-07,0.09986671093884027,0.0010985153542040881,25,10,20
44,4730,0.8923980736232116,4.7053044985206766e-07,0.10651141671129526,0.0010900391350422772,25,10,20
44,4731,0.8807924215389136,1.3230435123290902e-05,0.11834536824792535,0.0008489797780378837,25,10,20
44,4732,0.8770022100999733,1.0900614555844616e-05,0.12214315684889841,0.0008437324365723331,25,10,20
44,4733,0.8734336393206873,2.091653987124478e-05,0.1264284257188866,0.0001170184205545241,25,10,20
44,4734,0.9331749712353309,6.855283608810132e-07,0.06671444598227509,0.0001098972540326886,25,10,20
44,4735,0.8758432677342214,4.902835106865896e-05,0.12399052209900091,0.00011718181570934545,25,10,20
44,4736,0.8109713953317609,6.362996657142541e-05,0.1889499720796735,1.5002621993858546e-05,25,10,20
44,4737,0.8682413396728849,2.361624582064376e-06,0.13134897592340128,0.00040732277913181175,25,10,20
44,4738,0.8891673091472885,0.00048659671673648754,0.11031630398731213,2.979014866248058e-05,25,10,20
44,4739,0.9282624806298613,1.9970609766594947e-05,0.07169707439427143,2.047436610042704e-05,25,10,20
44,4740,0.919568211935124,2.260513465154756e-05,0.08026178251698264,0.00014740041324179346,25,10,20
44,4741,0.9531502525056736,8.82663697766603e-06,0.0468336836071151,7.2372502340798505e-06,25,10,20
44,4742,0.8321866274584703,3.962614142499508e-06,0.1674124414074459,0.000396968519941662,25,10,20
44,4743,0.9056013442194151,2.1608311276436566e-06,0.09424271704147621,0.00015377790798156853,25,10,20
44,4744,0.9016916061592974,1.8656301886635163e-06,0.09807661856667814,0.0002299096438359154,25,10,20
44,4745,0.9066407160562662,4.056378954419418e-05,0.09213718490540888,0.0011815352487810342,25,10,20
44,4746,0.9716817883312625,1.4924323188557966e-06,0.028000675936639807,0.000316043299778508,25,10,20
44,4747,0.9469217418047546,5.355162125348171e-07,0.052977000312564415,0.00010072236646806962,25,10,20
44,4748,0.965007320594371,1.320218195701486e-07,0.0349804425558695,1.2104827939288357e-05,25,10,20
44,4749,0.9369964819385562,0.011268485115739026,0.05161841426870798,0.00011661867699663228,25,10,20
44,4750,0.9273066994487826,1.3007032017020594e-06,0.07260344522110654,8.855462690885368e-05,25,10,20
44,4751,0.8916417909916047,2.1725323357262812e-06,0.10812522155464903,0.00023081492141002643,25,10,20
44,4752,0.9293255417995434,2.045680875033066e-06,0.07065221541139173,2.0197108190008178e-05,25,10,20
44,4753,0.8648150031114231,1.9016159566291267e-06,0.13515336705298314,2.9728219636937795e-05,25,10,20
44,4754,0.9521321157089513,2.752568184909193e-07,0.04785533252784972,1.2276506380612928e-05,25,10,20
44,4755,0.959557787028102,3.086368362461893e-05,0.040382298375002235,2.9050913271030193e-05,25,10,20
44,4756,0.9420972211310286,0.0007356263585657586,0.0571349766544199,3.217585598593786e-05,25,10,20
44,4757,0.9427156968304334,1.0664433196148256e-05,0.05716220167976033,0.00011143705660982967,25,10,20
44,4758,0.9053340324474096,6.972975686323541e-07,0.09450968544379271,0.00015558481122916341,25,10,20
44,4759,0.8347597299379211,1.0081067091509749e-05,0.16512158907147964,0.0001085999235081072,25,10,20
44,4760,0.9496038592450886,8.287866552271918e-06,0.05035858572127417,2.9267167084774964e-05,25,10,20
44,4761,0.9051859603762806,1.2702510310740369e-05,0.09476985897720118,3.147813620764759e-05,25,10,20
44,4762,0.9729710656503494,1.7302284507062163e-07,0.02699713301009964,3.162831670660896e-05,25,10,20
44,4763,0.939058148036495,5.066255848607065e-07,0.06091183180664099,2.9513531279420458e-05,25,10,20
44,4764,0.9444387872532802,1.7119607275794786e-06,0.05553331590228492,2.6184883707384496e-05,25,10,20
44,4765,0.9043253676938501,1.5772387821172022e-06,0.08872672852525292,0.0069463265421151376,25,10,20
44,4766,0.9530202683737075,8.862571158891752e-07,0.046968052091406504,1.0793277769787511e-05,25,10,20
44,4767,0.9328594642337642,1.4116823697710878e-06,0.0671089004624021,3.022362146366698e-05,25,10,20
44,4768,0.9465647609883462,9.373872195696163e-06,0.046827562711665695,0.006598302427792007,25,10,20
44,4769,0.9529572660390309,3.585148098619172e-06,0.04693010081654157,0.0001090479963288747,25,10,20
44,4770,0.9402444736143285,3.3537286515466416e-06,0.059712864480480334,3.930817653956455e-05,25,10,20
44,4771,0.9720712452147037,5.668784587399727e-06,0.027918081960261586,5.004040447557558e-06,25,10,20
44,4772,0.9347630693556119,1.407237820525129e-07,0.06516610744870296,7.068247190295054e-05,25,10,20
44,4773,0.9347409206928962,1.357539648830291e-07,0.06525148176174139,7.461791397205529e-06,25,10,20
44,4774,0.8609137035151281,1.5274662075258267e-06,0.13905820531302499,2.65637056390567e-05,25,10,20
44,4775,0.9474334184248964,4.557290722335369e-06,0.05255202650467963,9.997779701947635e-06,25,10,20
44,4776,0.9215679123919106,8.766145337203903e-06,0.07840653696217262,1.6784500579585745e-05,25,10,20
44,4777,0.9474303866431668,3.9147400016174105e-07,0.052356891017815974,0.00021233086501683797,25,10,20
44,4778,0.9100696749129423,5.409490633564023e-07,0.08979942489096873,0.00013035924702607576,25,10,20
44,4779,0.9506091032123206,3.580753312267785e-06,0.04924597840678031,0.0001413376275871054,25,10,20
44,4780,0.9463721136923325,8.717955296286253e-07,0.053502234440226365,0.0001247800719122266,25,10,20
44,4781,0.8795474625478676,5.790622041467985e-06,0.09473299764714177,0.02571374918294886,25,10,20
44,4782,0.9080084065916556,2.4367654633242543e-06,0.05533677493066502,0.036652381712216554,25,10,20
44,4783,0.9113593769975239,1.501688963877646e-06,0.08852162804783649,0.00011749326567612801,25,10,20
44,4784,0.8822982051561314,1.1682040131894537e-06,0.11768922100208767,1.1405637767839278e-05,25,10,20
44,4785,0.8251212197914185,3.109272354135329e-07,0.13675528910045948,0.038123180180886396,25,10,20
44,4786,0.8815475968876763,0.0016168672590137461,0.09042109471120263,0.026414441142107684,25,10,20
44,4787,0.8780265000698548,4.5422680201317424e-05,0.08226335904179387,0.03966471820815121,25,10,20
44,4788,0.9186460498705502,1.172766831214871e-06,0.03682231784186478,0.044530459520753754,25,10,20
44,4789,0.8636959799002984,3.44554842840279e-06,0.06956301592389497,0.06673755862737837,25,10,20
44,4790,0.8515328096447017,3.641109414472178e-06,0.06677246627932769,0.08169108296655646,25,10,20
44,4791,0.8673888983084359,1.3262160018230704e-06,0.054626689012923106,0.07798308646263895,25,10,20
44,4792,0.8376812801290845,9.223790847424033e-07,0.1187739220551652,0.0435438754366655,25,10,20
44,4793,0.9288984478001912,8.854108881913066e-07,0.060713367429905005,0.010387299359015858,25,10,20
44,4794,0.917573794887613,0.0002331311116328092,0.08215201843897839,4.105556177571722e-05,25,10,20
44,4795,0.9360872173359586,1.6398291248853605e-06,0.06378872510860935,0.00012241772630748447,25,10,20
44,4796,0.8967780352575645,1.7386771879367836e-06,0.10320667489949603,1.3551165751023436e-05,25,10,20
44,4797,0.8704499938941442,2.6280608855036345e-06,0.12950818167046368,3.919637450571044e-05,25,10,20
44,4798,0.8967295178671191,1.229382564391127e-06,0.10270171835522572,0.000567534395090006,25,10,20
44,4799,0.8794851600892076,1.3969388264094127e-06,0.12042210559855239,9.13373734126578e-05,25,10,20
44,4800,0.8643571744748053,0.00018186888068545768,0.13545557348015524,5.383164352871543e-06,25,10,20
44,4801,0.840278096925883,0.0001810006385042702,0.15945467668385707,8.622575175595987e-05,25,10,20
44,4802,0.8475395738240321,1.1082670306410344e-06,0.1523700986732154,8.921923572209015e-05,25,10,20
44,4803,0.9344768109969805,1.352658395229079e-06,0.06549981477628342,2.202156834078189e-05,25,10,20
44,4804,0.9566875025369386,1.6604050541759888e-06,0.04330236990994492,8.467148062177511e-06,25,10,20
44,4805,0.9559350430209728,1.7223584772846658e-06,0.044000421915710915,6.281270483971998e-05,25,10,20
44,4806,0.9340935135558033,3.897045827369222e-06,0.06580450676447186,9.808263389754768e-05,25,10,20
44,4807,0.9126436725674254,2.2433658050747777e-06,0.08726290728155836,9.117678521166166e-05,25,10,20
44,4808,0.9241389376813639,1.1983938522835342e-05,0.07575031377059488,9.876460951854729e-05,25,10,20
44,4809,0.9425882963395371,8.229564653855702e-07,0.057377149662794336,3.3731041202674206e-05,25,10,20
44,4810,0.908908573045079,1.99364200033523e-06,0.08442006745141059,0.0066693658615095295,25,10,20
44,4811,0.9067998565433204,7.564855853264816e-07,0.08866969335887949,0.004529693612213885,25,10,20
44,4812,0.9049571810787872,1.0392034885507312e-06,0.09482262039526222,0.00021915932246167118,25,10,20
44,4813,0.951386061080048,4.48372088473088e-07,0.04861062963922892,2.860908634653786e-06,25,10,20
44,4814,0.9842068267270906,1.5962019582809031e-07,0.01579114721163897,1.8664410749748783e-06,25,10,20
44,4815,0.9727115828692571,3.7819595188204516e-06,0.02727107296398692,1.3562207237725985e-05,25,10,20
44,4816,0.9485860294801316,4.034305924799372e-06,0.05119528218580856,0.0002146540281346779,25,10,20
44,4817,0.9113433024858645,4.937866554806897e-06,0.08862641511790731,2.5344529673495023e-05,25,10,20
44,4818,0.9016680200699619,0.00010787557383011279,0.0982203539923374,3.7503638703618247e-06,25,10,20
44,4819,0.9240759437945474,0.0006075045666928806,0.07498831795348328,0.00032823368527683076,25,10,20
44,4820,0.9519666196739662,1.9661446383725306e-06,0.04797119896794887,6.021521344684402e-05,25,10,20
44,4821,0.9025923666209077,2.5153949732350376e-06,0.09697767958953607,0.00042743839458288376,25,10,20
44,4822,0.9222237274647808,2.0044635510630583e-06,0.07773027035761809,4.399771405035155e-05,25,10,20
44,4823,0.8543506502660199,1.5182081925278085e-06,0.14558011039672697,6.77211290600724e-05,25,10,20
44,4824,0.866389175134867,0.00017162972074714615,0.13343166327339928,7.531870986156214e-06,25,10,20
44,4825,0.8864751367053697,6.816550267169723e-06,0.11351573193878274,2.3148055799984522e-06,25,10,20
44,4826,0.921592987273534,7.0090328604729115e-06,0.07836040793220053,3.9595761404802986e-05,25,10,20
44,4827,0.8084498626301462,1.9149898532370432e-06,0.19153794863434995,1.0273745649853133e-05,25,10,20
44,4828,0.8330301525000037,1.4680325890820677e-06,0.1669212000418926,4.717942551503871e-05,25,10,20
44,4829,0.926172168185999,7.868383914407148e-07,0.07378000083608724,4.704413952174995e-05,25,10,20
44,4830,0.8377851495987962,6.934745042719547e-05,0.1607439611864736,0.0014015417643022468,25,10,20
44,4831,0.8775835269662673,6.368902672075513e-05,0.12224389904793977,0.00010888495907219026,25,10,20
44,4832,0.9350491974881976,1.0139295036993666e-06,0.06494253302956496,7.255552733788398e-06,25,10,20
44,4833,0.9065065209673004,0.0007259450168181011,0.09276194096158968,5.59305429153828e-06,25,10,20
44,4834,0.9063911265744228,0.0007260288910694871,0.09287834081214794,4.503722359962923e-06,25,10,20
44,4835,0.9071252611021212,0.0009590256148279433,0.09191307053776157,2.642745290027797e-06,25,10,20
44,4836,0.9161868209199937,3.5429806891279824e-06,0.08380042782073796,9.20827857943026e-06,25,10,20
44,4837,0.8779151875386445,1.497322796611779e-06,0.12205599012615172,2.732501240589382e-05,25,10,20
44,4838,0.8471890946183085,7.928237732908408e-07,0.15017451098061904,0.002635601577299178,25,10,20
44,4839,0.94808352787497,1.0509071491734748e-06,0.04932615663081426,0.0025892645870663356,25,10,20
44,4840,0.9380294980248962,1.464063719979977e-06,0.059293625564245556,0.002675412347138241,25,10,20
44,4841,0.9737575775600363,8.466937234113024e-07,0.026186429724425947,5.514602181465715e-05,25,10,20
44,4842,0.9405264476371764,1.732051919494733e-05,0.05939571358634521,6.0518257284020896e-05,25,10,20
44,4843,0.8716421871884299,3.75714775017345e-05,0.12830548973818787,1.4751595880971742e-05,25,10,20
44,4844,0.9390217194335304,1.4817836430246559e-06,0.060955865909495185,2.0932873331613602e-05,25,10,20
44,4845,0.8822034030766086,7.443932995894866e-05,0.1176881447562855,3.401283714743916e-05,25,10,20
44,4846,0.9047326295229712,1.4622035439683598e-06,0.09526018493609259,5.7233373919604165e-06,25,10,20
44,4847,0.9351172015827764,1.4804573796147315e-06,0.06483750090633211,4.3817053511927735e-05,25,10,20
44,4848,0.906655939354769,1.0028438000628366e-05,0.09331565513139133,1.8377075838831248e-05,25,10,20
44,4849,0.872632885462778,1.0389785449402544e-06,0.12705708295957574,0.00030899259910091055,25,10,20
44,4850,0.8923619028802956,9.603554176013012e-07,0.10747253232565099,0.00016460443863577364,25,10,20
44,4851,0.9409604782426594,8.582277482654193e-07,0.05887801897016992,0.00016064455942213553,25,10,20
44,4852,0.8956078971602852,1.4157504813091828e-05,0.10415022816065349,0.0002277171742475112,25,10,20
44,4853,0.867080589568756,2.013943368000427e-06,0.1326736980316045,0.0002436984562704728,25,10,20
44,4854,0.880885357875259,9.23503340351918e-06,0.11884819693054817,0.0002572101607893999,25,10,20
44,4855,0.891579420404597,1.638176802959068e-05,0.10835191557138836,5.2282255985042996e-05,25,10,20
44,4856,0.9106022610764873,7.386015890718385e-07,0.08939471285794597,2.2874639772050923e-06,25,10,20
44,4857,0.8615731208711388,9.99793795722373e-06,0.13841355533916372,3.3258517399341754e-06,25,10,20
44,4858,0.8994390045762123,1.176360448114221e-05,0.10054011305299251,9.118766314019429e-06,25,10,20
44,4859,0.8710936898007599,1.42659337216267e-06,0.126398133497865,0.0025067501080034103,25,10,20
44,4860,0.8917149979853111,8.759231362920319e-07,0.1057804421915017,0.0025036839000510593,25,10,20
44,4861,0.8782708133515098,3.967468611615976e-07,0.11909577455894346,0.002633015342686291,25,10,20
44,4862,0.8539837502037699,1.4730562259549685e-06,0.14567468590508464,0.0003400908349198161,25,10,20
44,4863,0.9224886065853534,7.362145124325614e-07,0.07743750923697634,7.314796315805938e-05,25,10,20
44,4864,0.9262785163236655,2.147397320597764e-06,0.07362590389840128,9.343238061297503e-05,25,10,20
44,4865,0.8830337578799893,8.99890074802414e-07,0.116838593165891,0.00012674906404608257,25,10,20
44,4866,0.9267855492430099,6.31352381157105e-07,0.07320092294532,1.289645928898026e-05,25,10,20
44,4867,0.9592088214234614,2.0905777423846663e-07,0.04078651523550441,4.45428326038408e-06,25,10,20
44,4868,0.8882587098862935,7.16338795157234e-07,0.11099507443898332,0.0007454993359284008,25,10,20
44,4869,0.9307385923475023,1.5817167505103107e-06,0.06925205646284206,7.769472905508247e-06,25,10,20
44,4870,0.9349091512485908,7.912491120127464e-07,0.06508164587834805,8.411623949403412e-06,25,10,20
44,4871,0.8890568525198019,2.5789076017572127e-05,0.11086872556699814,4.863283718319418e-05,25,10,20
44,4872,0.9115451366426366,1.2135405515240116e-06,0.08839571809704404,5.793171976802933e-05,25,10,20
44,4873,0.9473793802486584,4.3708132719833307e-07,0.05259847100583984,2.171166417420596e-05,25,10,20
44,4874,0.9121298980439418,1.6823157488358965e-06,0.08785561077623864,1.2808864069751386e-05,25,10,20
44,4875,0.9552518736259704,1.1621666551428361e-06,0.04474286158799805,4.102619377036745e-06,25,10,20
44,4876,0.891757526602207,1.1742512040571695e-05,0.10816657464066685,6.415624508719098e-05,25,10,20
44,4877,0.9611485535834646,8.372699601709271e-07,0.03884650759889923,4.101547676116976e-06,25,10,20
44,4878,0.9232322586476859,1.6397609471556536e-06,0.07676215319975847,3.948391608397882e-06,25,10,20
44,4879,0.914296989311,6.302777314739288e-07,0.08366393655533604,0.002038443855933169,25,10,20
44,4880,0.9283489509151776,1.6017239596510505e-06,0.0715985021750062,5.094518585749229e-05,25,10,20
44,4881,0.8945624067387997,7.136974736097992e-07,0.10538960743798982,4.727212573710022e-05,25,10,20
44,4882,0.973016831350826,1.677539019029498e-07,0.026972882844233683,1.0118051038446412e-05,25,10,20
44,4883,0.9215789313265215,6.366462888911606e-06,0.07836699150118698,4.771070940228401e-05,25,10,20
44,4884,0.9681064068000113,6.497866002486754e-06,0.031847259756148945,3.9835577837452455e-05,25,10,20
44,4885,0.9310082771854192,1.4852768831103314e-06,0.06821430609257666,0.0007759314451211078,25,10,20
44,4886,0.956805454832038,6.769676496072104e-07,0.04318325752009133,1.0610680221361148e-05,25,10,20
44,4887,0.9233589365790829,1.1348981966014567e-06,0.0766242466299099,1.568189280976345e-05,25,10,20
44,4888,0.9118692565795559,1.6099948653908306e-05,0.08809295973407946,2.16837377112519e-05,25,10,20
44,4889,0.9109221045573486,2.0279705306545742e-05,0.08902623308139143,3.1382655953784866e-05,25,10,20
44,4890,0.9375367259816615,7.077880777391192e-06,0.0624368783075195,1.9317830041415935e-05,25,10,20
44,4891,0.9501722030886478,6.940040886864412e-06,0.049814746481938774,6.110388526544897e-06,25,10,20
44,4892,0.9167194741452,1.6336902105886786e-06,0.08325749590541191,2.139625917812675e-05,25,10,20
44,4893,0.9049518245465858,1.007109646836069e-06,0.09503095742273857,1.6210921028531727e-05,25,10,20
44,4894,0.812521099716495,2.6623864124144214e-06,0.18690999827068489,0.0005662396264079297,25,10,20
44,4895,0.9306836597191116,1.2890117756535805e-06,0.06872305379263953,0.0005919974764735609,25,10,20
44,4896,0.9203048025058753,1.7797090529018812e-06,0.07919045026688637,0.0005029675181855955,25,10,20
44,4897,0.9703879988524174,3.8141750794849875e-06,0.029581013610610402,2.7173361892981527e-05,25,10,20
44,4898,0.951846904081011,1.127713786671501e-06,0.048149461281608484,2.506923593998103e-06,25,10,20
44,4899,0.946446275728243,2.2583340675748788e-06,0.053545439690210195,6.02624747897035e-06,25,10,20
44,4900,0.9472523551693862,6.862484249944349e-07,0.05264626561793279,0.00010069296425607362,25,10,20
44,4901,0.9396508434563208,2.936507790943221e-07,0.060324650025723486,2.4212867176487795e-05,25,10,20
44,4902,0.9354314047221937,1.2398290221796944e-07,0.06454507348351224,2.3397811392169094e-05,25,10,20
44,4903,0.9452987067983187,1.0266103652474785e-06,0.054690222671890824,1.004391942545324e-05,25,10,20
44,4904,0.9387834579185617,2.58688970247943e-07,0.06120952207570042,6.761316767828175e-06,25,10,20
44,4905,0.9116519154613363,3.888239972090852e-06,0.08402499285791612,0.0043192034407753665,25,10,20
44,4906,0.9268781408566602,6.745233465514952e-06,0.07309665927084069,1.8454639033539145e-05,25,10,20
44,4907,0.9235587970607655,0.00039831728357494155,0.07604016099588774,2.7246597716845227e-06,25,10,20
44,4908,0.89915032854901,1.3120021710967176e-06,0.10082314450387017,2.521494494792986e-05,25,10,20
44,4909,0.925555778476624,0.0005213758065268433,0.07381859292475573,0.00010425279209294534,25,10,20
44,4910,0.9018016874202159,6.105858870545693e-05,0.09813357558943321,3.6784016454598145e-06,25,10,20
44,4911,0.9035497957878509,0.0005676155934142917,0.09583401828464812,4.8570334087050746e-05,25,10,20
44,4912,0.9193091218643386,0.0005470303512670037,0.08009292612848558,5.092165590850605e-05,25,10,20
44,4913,0.937726884447667,0.00013437415100544143,0.06213626728374864,2.4741175787542606e-06,25,10,20
44,4914,0.944920139921601,0.00013399152415472917,0.05480542613052739,0.0001404424237170054,25,10,20
44,4915,0.928706399661955,0.0001352928138929982,0.0709970899386417,0.0001612175855104875,25,10,20
44,4916,0.8921268455712975,3.228628067997837e-06,0.10781358703686016,5.6338763774843814e-05,25,10,20
44,4917,0.9635021376794378,1.4221146004920968e-06,0.036484736944631974,1.170326132917344e-05,25,10,20
44,4918,0.8949019711197361,5.200915923808907e-06,0.10432356116501891,0.0007692667993205918,25,10,20
44,4919,0.8846367686467227,4.202975894847312e-06,0.11459896796949665,0.0007600604078843647,25,10,20
44,4920,0.8956592887766864,3.766702006006694e-07,0.10431831894141143,2.2015611700932706e-05,25,10,20
44,4921,0.9196469284549608,7.700279784742275e-06,0.0803292828127648,1.6088452489751644e-05,25,10,20
44,4922,0.8850743751781477,8.938947327647135e-06,0.1149022936971863,1.4392177337937621e-05,25,10,20
44,4923,0.93512017900682,7.876517553774403e-06,0.06486260375094478,9.340724681426828e-06,25,10,20
44,4924,0.9089047217692537,3.2757799679534713e-05,0.09091340235844285,0.00014911807262374583,25,10,20
44,4925,0.9246685458401452,1.0679347616904288e-05,0.07474781961075128,0.0005729552014867531,25,10,20
44,4926,0.8269807909272687,9.047568974502204e-06,0.1365007587666649,0.036509402737091634,25,10,20
44,4927,0.8768079045935754,7.083572840090454e-06,0.08371452513642341,0.03947048669716089,25,10,20
44,4928,0.8783287641908906,7.0338156147940515e-06,0.09592844677209515,0.02573575522139867,25,10,20
44,4929,0.9217429302266438,4.358773751814527e-05,0.06545539690835633,0.012758085127482739,25,10,20
44,4930,0.9239708514956918,6.374286152160935e-06,0.06382016238669957,0.012202611831456558,25,10,20
44,4931,0.9233899429741181,3.693225217720961e-07,0.06439762684660065,0.012212060856759195,25,10,20
44,4932,0.9101935700607229,4.762686630985363e-07,0.08975774552850332,4.820814211090952e-05,25,10,20
44,4933,0.882865030610694,3.159366425141821e-05,0.1170780506090015,2.5325116053223826e-05,25,10,20
44,4934,0.8499486154243204,3.107249132776181e-05,0.12917378232143953,0.0208465297629133,25,10,20
44,4935,0.8895061771328158,1.1948967394914428e-05,0.08151288188166478,0.028968992018124987,25,10,20
44,4936,0.8486380069152096,2.0355856959606264e-05,0.14932086608991288,0.0020207711379171536,25,10,20
44,4937,0.9269784067655061,2.976917354314112e-06,0.0709980477987168,0.002020568518423028,25,10,20
44,4938,0.8296848618171299,0.0016580792189875475,0.16365822345352432,0.004998835510357585,25,10,20
44,4939,0.9261385688453116,4.4479459467365255e-06,0.07385042548414303,6.557724599440427e-06,25,10,20
44,4940,0.9760549996675688,3.823061772246245e-06,0.023937625909979384,3.5513606804108073e-06,25,10,20
44,4941,0.9430319336965673,5.867932361051694e-07,0.05692774048219834,3.973902799859897e-05,25,10,20
44,4942,0.9162475543505054,0.00010189291494294463,0.08356415885708972,8.639387746178244e-05,25,10,20
44,4943,0.866446412743617,1.7863373253569574e-05,0.13319650939139,0.00033921449174004545,25,10,20
44,4944,0.9318933392858645,1.626075962475114e-05,0.0680887887312904,1.6112232201834185e-06,25,10,20
44,4945,0.9048699355121053,1.7567175784912867e-05,0.09510201578348827,1.0481528620330594e-05,25,10,20
44,4946,0.9251245082811503,2.214286068679353e-06,0.07486750452693318,5.772905847323703e-06,25,10,20
44,4947,0.9764519329627777,1.234817802412959e-06,0.02354136325553227,5.468963887633754e-06,25,10,20
44,4948,0.94453171339683,0.00011326038868090499,0.053748029780198436,0.001606996434290066,25,10,20
44,4949,0.9702175246438691,0.00011033713949352917,0.029658240398805984,1.389781783102667e-05,25,10,20
44,4950,0.909934227765747,0.0001108363636191753,0.08993887521193762,1.606065869667385e-05,25,10,20
44,4951,0.9662248604519523,9.399436040837e-07,0.03376924257288528,4.957031557783451e-06,25,10,20
44,4952,0.9610855284808918,6.835791456032512e-07,0.0388994260852729,1.4361854689597596e-05,25,10,20
44,4953,0.9447495055975231,6.050829414410799e-07,0.05484130950462152,0.0004085798149144712,25,10,20
44,4954,0.9260208693969492,4.747484179587794e-07,0.07393452431132909,4.4131543303352355e-05,25,10,20
44,4955,0.9149366340865227,1.4526107491643046e-07,0.08505845998500426,4.7606673974671745e-06,25,10,20
44,4956,0.9524635521368786,2.1069814021721578e-07,0.047506851842226624,2.938532275430514e-05,25,10,20
44,4957,0.949782869658798,5.618940462497941e-07,0.05014683116684367,6.973728031249796e-05,25,10,20
44,4958,0.9533056137819439,1.9947010314730628e-07,0.04622582092394717,0.00046836582400608596,25,10,20
44,4959,0.9576887036752393,2.1330621783009654e-06,0.04197667019369691,0.0003324930688855956,25,10,20
44,4960,0.9019190053264148,7.816787326061829e-06,0.09410467054158017,0.003968507344680045,25,10,20
44,4961,0.9146164799430008,9.680361625450088e-06,0.08501622903475166,0.0003576106606226368,25,10,20
44,4962,0.850264637337458,1.1944933695833514e-05,0.14964636237317736,7.705535566889357e-05,25,10,20
44,4963,0.9077829222318424,1.2662575587019244e-06,0.09216696937720209,4.8842133396408277e-05,25,10,20
44,4964,0.8922178132338611,1.0057024725839628e-06,0.10775802562152728,2.3155442139511233e-05,25,10,20
44,4965,0.8902001581210142,4.437549035656888e-06,0.10974960561792009,4.5798712029471534e-05,25,10,20
44,4966,0.8453591312641165,7.671707280204958e-07,0.15441881743106467,0.00022128413409166977,25,10,20
44,4967,0.8589791472920867,5.9576741268888926e-06,0.14077999965805132,0.00023489537573473138,25,10,20
44,4968,0.8961145964933034,8.560159638510999e-06,0.10362537273154794,0.00025147061551000093,25,10,20
44,4969,0.9256093291042952,0.00034469927241754,0.07379670329271325,0.00024926833057391083,25,10,20
44,4970,0.9053711969546545,0.0003492918262798762,0.09394371953070163,0.0003357916883636741,25,10,20
44,4971,0.9184112524075998,2.6336587584680962e-06,0.08146075841899819,0.00012535551464355063,25,10,20
44,4972,0.8820419052392476,2.1635954176255683e-05,0.11720489969825186,0.000731559108324726,25,10,20
44,4973,0.8733254240902619,1.28453160563604e-06,0.1232169603930863,0.0034563309850460687,25,10,20
44,4974,0.9282298569102673,1.737819655556492e-05,0.07174086999086052,1.1894902317037463e-05,25,10,20
44,4975,0.8910657370320315,1.5404169167824487e-05,0.10888282825990808,3.603053889410414e-05,25,10,20
44,4976,0.9121327954897674,1.0520158688728657e-05,0.0878499499170649,6.734434479807962e-06,25,10,20
44,4977,0.896983093647011,1.0077791712858628e-05,0.1029929251781298,1.3903383146164354e-05,25,10,20
44,4978,0.8867994700352743,1.9859523420665267e-05,0.11317526494753924,5.4054937652094114e-06,25,10,20
44,4979,0.8594828295272445,1.96893378993434e-05,0.14006053829880863,0.0004369428360473905,25,10,20
44,4980,0.8897391243189327,2.0051375375536845e-05,0.10966878528206819,0.0005720390236235609,25,10,20
44,4981,0.8586860568995686,2.2542966644540524e-05,0.14082519964088355,0.0004662004929035956,25,10,20
44,4982,0.8628088712245127,2.0526033709575238e-05,0.1367077525793335,0.0004628501624443749,25,10,20
44,4983,0.9068546774942254,9.088447369186196e-07,0.09313667635614312,7.73730489468609e-06,25,10,20
44,4984,0.9202245535856117,3.047660143233543e-07,0.07976167680108345,1.3464847290608307e-05,25,10,20
44,4985,0.953348604157802,0.0007384640480177523,0.04590124220580751,1.1689588372773563e-05,25,10,20
44,4986,0.9286044151864633,9.469953560177042e-07,0.07138644968349465,8.188134685939974e-06,25,10,20
44,4987,0.8948893180543707,3.3110426142832846e-06,0.10503528746513778,7.208343787788886e-05,25,10,20
44,4988,0.8727848214619186,1.0868211832086758e-05,0.1270118081671856,0.0001925021590635222,25,10,20
44,4989,0.8677246327911119,6.859708156891312e-06,0.13226581155665407,2.695944077467964e-06,25,10,20
44,4990,0.8146588714080132,7.95680095735085e-06,0.1852901506280312,4.302116299743881e-05,25,10,20
44,4991,0.9005593933942921,7.559779372804299e-06,0.09906919077025417,0.00036385605608121006,25,10,20
44,4992,0.907352773214221,7.631179705433621e-06,0.08379706491491716,0.00884253069115602,25,10,20
44,4993,0.9380714159896081,1.456590220272876e-07,0.061909382162728635,1.9056188641680373e-05,25,10,20
44,4994,0.8854022417105493,1.6111377356399994e-06,0.11455321728989842,4.2929861816874357e-05,25,10,20
44,4995,0.9133974809897264,3.380523734512549e-05,0.08655091457911272,1.779919381595008e-05,25,10,20
44,4996,0.8987348696657235,2.4203074848292374e-05,0.1012137737018356,2.7153557592326318e-05,25,10,20
44,4997,0.9178554817710457,3.034741500255679e-06,0.08196062603235581,0.00018085745509737876,25,10,20
44,4998,0.9678889736442983,7.392307421521974e-07,0.032106521226136615,3.7658988230410602e-06,25,10,20
44,4999,0.9521534779745547,1.2767068909995215e-06,0.04579457851062719,0.002050666807927044,25,10,20
44,5000,0.9103773515939495,6.656381339760932e-07,0.08956170645384828,6.0276314067616346e-05,25,10,20
44,5001,0.9579544690334734,2.543020775408236e-07,0.041944829539479395,0.0001004471249696734,25,10,20
44,5002,0.9205352077218781,1.0360974523319274e-06,0.07940718407303848,5.657210763170422e-05,25,10,20
44,5003,0.9388480336215917,1.5552662658454035e-05,0.06111756741431758,1.884630143277571e-05,25,10,20
44,5004,0.9393689119825213,9.229109894526644e-07,0.060610592319348455,1.957278714151325e-05,25,10,20
44,5005,0.9419597289508053,7.947063256835741e-07,0.05802051465572085,1.896168714836821e-05,25,10,20
44,5006,0.9559310017333139,4.6764749201769297e-07,0.04406573133170385,2.7992874903241262e-06,25,10,20
44,5007,0.9596540864441302,5.829876010704693e-07,0.04033002276596232,1.5307802306528615e-05,25,10,20
44,5008,0.9389092295054874,2.8397858057014954e-07,0.06106896733803154,2.151917789996668e-05,25,10,20
44,5009,0.9378611241870521,0.0024159783276893523,0.0597149745913609,7.922893897297855e-06,25,10,20
44,5010,0.8694137843206664,7.374855323863188e-07,0.1305644106744694,2.106751933178575e-05,25,10,20
44,5011,0.9170580322436034,9.315627073859719e-07,0.08293848994772494,2.5462459642421643e-06,25,10,20
44,5012,0.9017940623350601,7.128541022100801e-06,0.08032639698667492,0.01787241213724292,25,10,20
44,5013,0.8495211837957156,6.422454303856018e-07,0.11093832203887645,0.03953985191997731,25,10,20
44,5014,0.8552992310548042,5.302051887874636e-07,0.10512932326106432,0.03957091547894341,25,10,20
44,5015,0.8754086821983352,5.713109220704711e-07,0.08502475417536008,0.03956599231538286,25,10,20
44,5016,0.9281573058995454,2.951835817878893e-07,0.04612821718087062,0.025714181736002758,25,10,20
44,5017,0.9863015987769894,2.824703616772102e-07,0.013696553806146587,1.564946501976714e-06,25,10,20
44,5018,0.9469559364233382,6.373769133419415e-06,0.05300645450896723,3.123529856130047e-05,25,10,20
44,5019,0.9605525965595391,7.008929229300561e-06,0.03943717060038253,3.2239108490822867e-06,25,10,20
44,5020,0.922946031030899,2.4116827107643694e-05,0.07627246157744082,0.0007573905645519073,25,10,20
44,5021,0.9467633352795819,3.930831326020915e-05,0.05243363313315158,0.0007637232740064889,25,10,20
44,5022,0.9233583984654737,1.8833107558568637e-05,0.07584820669421101,0.0007745617327563198,25,10,20
44,5023,0.8765452773946006,4.5933068457999776e-05,0.12273357960443765,0.0006752099325040894,25,10,20
44,5024,0.9418528422485131,6.1168394560017445e-06,0.05811634200515946,2.469890687161103e-05,25,10,20
44,5025,0.9309126071748071,2.7268236552451998e-06,0.06880845279324017,0.00027621320829747056,25,10,20
44,5026,0.9205272900784642,2.1862883519463487e-06,0.07906840829081858,0.000402115342365079,25,10,20
44,5027,0.9202926392959107,9.211313153099052e-07,0.07966159239549192,4.484717728160277e-05,25,10,20
44,5028,0.9545518531363264,2.0752939083918386e-05,0.04541934668640331,8.047238186034873e-06,25,10,20
44,5029,0.9643230320067964,6.804982007272392e-07,0.03564893480655081,2.7352688451993864e-05,25,10,20
44,5030,0.9337316226410967,8.142227810116312e-07,0.06610960291397362,0.00015796022214878855,25,10,20
44,5031,0.896242260204008,9.765243831444046e-07,0.10334683047799968,0.0004099327936086954,25,10,20
44,5032,0.8789085230333292,7.575388780482283e-07,0.12108554782991271,5.17159787937719e-06,25,10,20
44,5033,0.9684434051988283,3.6202371642132606e-05,0.03140642578861289,0.00011396664091666325,25,10,20
44,5034,0.8981953728583889,1.8120299182907405e-06,0.1017644152215721,3.839989012110397e-05,25,10,20
44,5035,0.8980247160127649,1.92418209230155e-06,0.10191007840595645,6.328139918652752e-05,25,10,20
44,5036,0.9626725124962907,6.164679331484716e-06,0.037280292905529026,4.1029918848650076e-05,25,10,20
44,5037,0.9627057796932356,8.17127235606538e-07,0.037115712024536604,0.00017769115499263678,25,10,20
44,5038,0.9739097620660955,1.5538671256434716e-07,0.025947026959208877,0.0001430555879830233,25,10,20
44,5039,0.9673082334203161,2.9648539184872537e-06,0.03267533857477586,1.3463150989979905e-05,25,10,20
44,5040,0.9394566470777863,7.467969918085273e-07,0.060461734426216295,8.087169900637793e-05,25,10,20
44,5041,0.8520662842885132,2.9931020419583015e-05,0.14778082860022987,0.00012295609083706565,25,10,20
44,5042,0.8162302433811903,5.262222869158311e-05,0.183677621705148,3.951268497018716e-05,25,10,20
44,5043,0.858263675414899,6.600320019565953e-05,0.141559394346963,0.00011092703794285359,25,10,20
44,5044,0.8712520649891884,1.4978895926367573e-06,0.12843073769777932,0.00031569942344052815,25,10,20
44,5045,0.8706548210997276,2.176299103417856e-06,0.12933133860625878,1.1663994910708357e-05,25,10,20
44,5046,0.8783066079273493,9.683227407126467e-07,0.12167059462536743,2.1829124543498396e-05,25,10,20
44,5047,0.9113935594029695,9.155320022800075e-07,0.08857879801121805,2.6727053809794152e-05,25,10,20
44,5048,0.929305309289511,1.4078502357985241e-06,0.07062872986632578,6.455299392743612e-05,25,10,20
44,5049,0.8893090708321567,4.773915060147682e-07,0.11065479113852957,3.566063780744199e-05,25,10,20
44,5050,0.8315128165480762,7.077170466267274e-07,0.14256707312635597,0.02591940260852037,25,10,20
44,5051,0.8237161809268433,2.5094176414667048e-05,0.13725753065260166,0.039001194244139545,25,10,20
44,5052,0.8910703647402046,2.8664770504174996e-07,0.10551340316128989,0.003415945450799929,25,10,20
44,5053,0.9341473852594855,2.0117622519677863e-06,0.06582142316322044,2.9179815041958173e-05,25,10,20
44,5054,0.9460797411626756,1.4937660348640647e-06,0.053887635174731156,3.112989655902753e-05,25,10,20
44,5055,0.9442090431678234,1.0572497294635751e-05,0.05558790518637413,0.00019247914850770774,25,10,20
44,5056,0.9595954200938231,1.0855074074997269e-07,0.04039968914315598,4.782212279925738e-06,25,10,20
44,5057,0.9474904575652272,8.557329635823824e-06,0.05249255193008953,8.433175047417893e-06,25,10,20
44,5058,0.9381385284162173,2.509279441930226e-06,0.06183934994550925,1.9612358831045936e-05,25,10,20
44,5059,0.9055685338497795,2.0447955589689903e-05,0.09438247235623429,2.854583839605321e-05,25,10,20
44,5060,0.879841977544988,5.99276981564652e-06,0.1201388263106824,1.3203374513237019e-05,25,10,20
44,5061,0.9171523852237873,8.418472224672136e-06,0.08282191125296347,1.728505102442605e-05,25,10,20
44,5062,0.9309580975546181,8.174432857824957e-06,0.06901854719957448,1.5180812949632466e-05,25,10,20
44,5063,0.9145881938210852,1.1577672931895105e-06,0.08536715080632097,4.349760530105489e-05,25,10,20
44,5064,0.8822058227347721,1.4156073888294898e-06,0.11770222000468264,9.05416531564186e-05,25,10,20
44,5065,0.9018140475062937,8.820548541179939e-06,0.09816357044863777,1.3561496527362347e-05,25,10,20
44,5066,0.8092618617093318,1.0202610420343905e-05,0.190647629120435,8.03065598126252e-05,25,10,20
44,5067,0.8499300699328863,1.5897535247083055e-05,0.1499782886766915,7.574385517640178e-05,25,10,20
44,5068,0.9395939598870114,8.267116146031004e-06,0.06039476087654108,3.0121203014732007e-06,25,10,20
44,5069,0.933413083367142,6.4481842019583595e-06,0.06620743683786406,0.00037303161079246046,25,10,20
44,5070,0.8853443667670063,6.342812176640413e-05,0.11378432608285952,0.0008078790283672825,25,10,20
44,5071,0.9216802720993035,6.270710862104007e-05,0.07602149880858237,0.0022355219834929224,25,10,20
44,5072,0.8731494536141251,6.954856117966097e-06,0.12307079551079032,0.0037727960189665928,25,10,20
44,5073,0.9173021980689323,6.249116111349745e-06,0.08057162639188219,0.0021199264230740505,25,10,20
44,5074,0.9229888563971744,1.7947431274470282e-06,0.0752551990696942,0.0017541497900043482,25,10,20
44,5075,0.8935059929208414,1.7603745823920114e-05,0.10466338323971631,0.0018130200936182707,25,10,20
44,5076,0.9143935466560784,3.1086600259420367e-06,0.08368301047276924,0.0019203342111272163,25,10,20
44,5077,0.9652972548464889,1.129090539031944e-06,0.03459700912211722,0.00010460694085515589,25,10,20
44,5078,0.9759508976953861,6.89981435319108e-07,0.024047934839830924,4.774833478200935e-07,25,10,20
44,5079,0.9508638194563092,3.506267641860012e-07,0.049096969058226886,3.8860858700016757e-05,25,10,20
44,5080,0.9254133561044291,3.620665840786526e-05,0.07440682261133008,0.00014361462583277316,25,10,20
44,5081,0.9372989741694476,7.690138753675109e-07,0.06236783215839326,0.000332424658283883,25,10,20
44,5082,0.973666472697769,1.3470792453471956e-06,0.026330447506048058,1.732716937028934e-06,25,10,20
44,5083,0.9739256542363228,5.121748333207399e-06,0.026052658471100353,1.656554424295239e-05,25,10,20
44,5084,0.9825782442692023,4.738351114735746e-06,0.017389727629163368,2.7289750519868437e-05,25,10,20
44,5085,0.9490805757750097,8.970278281401793e-06,0.05087611150363871,3.434244307035954e-05,25,10,20
44,5086,0.8841775321287835,2.0512840466038973e-06,0.11576570663157065,5.4709955599792575e-05,25,10,20
44,5087,0.9353269398870513,1.9655901687430014e-06,0.06466302396267938,8.07056010075532e-06,25,10,20
44,5088,0.8928424104475056,2.913266439745544e-06,0.10688750267331688,0.0002671736127369752,25,10,20
44,5089,0.9318485530485852,1.6387191063269822e-06,0.06789006651228481,0.0002597417200237558,25,10,20
44,5090,0.9166225321782884,6.710140118280102e-07,0.08337073153739025,6.065270309875209e-06,25,10,20
44,5091,0.8894908368096769,8.638214503618735e-07,0.11029631818486763,0.00021198118400591045,25,10,20
44,5092,0.9050234014385804,1.1479886962314704e-05,0.09470472117491444,0.00026039749954273253,25,10,20
44,5093,0.8856396302848596,1.595936420822698e-05,0.11407356174702993,0.00027084860390177453,25,10,20
44,5094,0.8380600464722889,1.6886877836867318e-05,0.16159122031765494,0.00033184633221929716,25,10,20
44,5095,0.9089985463732125,1.0488743377104184e-05,0.09072968195838625,0.00026128292502365836,25,10,20
44,5096,0.966267709732037,2.804371826757964e-07,0.03291821380794342,0.0008137960228368673,25,10,20
44,5097,0.9018183377729482,2.9826587168761826e-07,0.09757171002684802,0.0006096539343314136,25,10,20
44,5098,0.9292546948775384,2.525675839293116e-07,0.07072202155165087,2.303100322648227e-05,25,10,20
44,5099,0.9531274865455029,1.674162615593443e-05,0.04684585620538158,9.915622959773333e-06,25,10,20
44,5100,0.9196179388692827,1.6819691051989676e-05,0.08008484183631417,0.00028039960335050836,25,10,20
44,5101,0.9330575087454782,1.905551972117179e-05,0.06654648344404154,0.00037695229075950307,25,10,20
44,5102,0.9585794002850058,1.9250788839222886e-05,0.04129818069476785,0.00010316823138721135,25,10,20
44,5103,0.9158760610369262,2.0723491895263347e-05,0.08396370943890147,0.00013950603227660106,25,10,20
44,5104,0.821759296657205,1.947310132448913e-06,0.17336523535873638,0.004873520673925027,25,10,20
44,5105,0.8653110052675226,5.491238805900894e-07,0.12993256299278766,0.004755882615808754,25,10,20
44,5106,0.8477921919803398,2.0607535065910002e-06,0.14719045279328521,0.005015294472868672,25,10,20
44,5107,0.8792399383202537,1.2865164924649505e-05,0.12047748379960382,0.00026971271521768317,25,10,20
44,5108,0.9366843409431869,6.172472528519765e-07,0.06329387045678422,2.117135277612572e-05,25,10,20
44,5109,0.8669642081428718,3.419191924375679e-06,0.1322635808297021,0.0007687918355022481,25,10,20
44,5110,0.867144747295212,5.858184877850491e-06,0.131731922169674,0.0011174723502350584,25,10,20
44,5111,0.880928273295809,2.458869755811463e-06,0.11811727186896473,0.000951995965469854,25,10,20
44,5112,0.9067761172173615,2.088768931889915e-06,0.09216513002404213,0.0010566639896643453,25,10,20
44,5113,0.9445445427302721,2.1032713082225362e-06,0.05541021028584545,4.3143712574309715e-05,25,10,20
44,5114,0.9164022966204777,0.0003201614014119067,0.0832124673831134,6.507459499636929e-05,25,10,20
44,5115,0.893832757752109,0.0003203407000974986,0.10581739527468786,2.9506273105252506e-05,25,10,20
44,5116,0.8638879357867362,3.084361551488934e-06,0.11427502103613607,0.021833958815576517,25,10,20
44,5117,0.8536747036262124,0.0011369591421798208,0.13714264773607154,0.008045689495535779,25,10,20
44,5118,0.8629309209882915,0.0011364784277327177,0.13592351611168513,9.084472291331393e-06,25,10,20
44,5119,0.8981628120183361,0.001367156555618034,0.100432492186321,3.753923972488472e-05,25,10,20
44,5120,0.9425117184559473,0.00022978165058389936,0.0572157282581919,4.277163527705273e-05,25,10,20
44,5121,0.9183632584568955,2.5515662121890947e-06,0.08163072001899682,3.46995789490759e-06,25,10,20
44,5122,0.8742385228825066,2.0239476463798693e-06,0.1257555874053238,3.865764522668497e-06,25,10,20
44,5123,0.889035397501217,0.00017607272417769965,0.11078668938322835,1.8403913764206313e-06,25,10,20
44,5124,0.9567483280280924,6.683021140255963e-07,0.04317316147718939,7.784219260364289e-05,25,10,20
44,5125,0.9419501661724361,2.1904163985493456e-06,0.058013256747893385,3.4386663271632305e-05,25,10,20
44,5126,0.8835279165109224,2.490317093020765e-06,0.11638638533439655,8.32078375878148e-05,25,10,20
44,5127,0.8751376215597113,2.8023698317550303e-06,0.12483980474316744,1.9771327290682753e-05,25,10,20
44,5128,0.8345353976626393,2.1467110966249296e-06,0.165451791561411,1.0664064852990052e-05,25,10,20
44,5129,0.9579847051360574,2.097808303323084e-06,0.04196555846212676,4.763859351304753e-05,25,10,20
44,5130,0.9330725346738256,3.177219519988866e-06,0.06686981572313817,5.447238351663828e-05,25,10,20
44,5131,0.9502715236530545,2.011158321378839e-06,0.04971427133874387,1.2193849880189368e-05,25,10,20
44,5132,0.8895844872016333,9.314387789891346e-07,0.11040723024242842,7.35111715966085e-06,25,10,20
44,5133,0.8606778416206624,2.8092035575502408e-05,0.13927172656403314,2.2339779729892883e-05,25,10,20
44,5134,0.8887536481812495,3.2615290587078934e-05,0.11120285406910034,1.0882459063715865e-05,25,10,20
44,5135,0.9168952605009218,2.657943328336334e-05,0.08305949660382243,1.8663461971591505e-05,25,10,20
44,5136,0.922309139815752,7.312722809837771e-06,0.07742911170540175,0.0002544357560360223,25,10,20
44,5137,0.9177653723818027,1.1359752757203607e-07,0.08222203511587414,1.2478904795682679e-05,25,10,20
44,5138,0.931016355101656,9.41916881966959e-06,0.06896831707808386,5.908651440165502e-06,25,10,20
44,5139,0.8703015676845912,1.0590694047971803e-05,0.0824270425540366,0.047260799067324256,25,10,20
44,5140,0.8373178230577623,2.7255614750529526e-06,0.08394954967730078,0.07872990170346189,25,10,20
44,5141,0.8157973222439651,1.7826555868948714e-06,0.10512848552373935,0.07907240957670995,25,10,20
44,5142,0.8584262975113717,9.578627715162576e-07,0.10226145825596744,0.03931128636988929,25,10,20
44,5143,0.877014522604632,1.8754224107007817e-05,0.08654873789618481,0.036417985275075136,25,10,20
44,5144,0.8403033123650786,4.492139445887343e-05,0.12322468006280225,0.03642708617765967,25,10,20
44,5145,0.8127820408000532,3.8039848691339204e-05,0.14848240175094904,0.038697517600306174,25,10,20
44,5146,0.8405140946257978,2.7246584914370404e-05,0.12080774808604565,0.038650910703242156,25,10,20
44,5147,0.8234458141229939,1.8173153866909733e-06,0.13649421224697253,0.04005815631464664,25,10,20
44,5148,0.8436374900963054,1.9912095787152175e-05,0.11643077160904206,0.03991182619886504,25,10,20
44,5149,0.8334839997339694,2.3060169320632645e-06,0.127164178122095,0.03934951612700454,25,10,20
44,5150,0.8841906885937404,1.8347010805034254e-06,0.07663571626923933,0.03917176043594011,25,10,20
44,5151,0.8969623497211872,8.880739916429668e-07,0.06421080057484282,0.0388259616299789,25,10,20
44,5152,0.8639404061751851,2.1110911670916805e-05,0.12826182270129155,0.007776660211852615,25,10,20
44,5153,0.881195205977985,3.8794328369986856e-07,0.11073678234901001,0.008067623729721488,25,10,20
44,5154,0.9004591313057791,6.145376947639404e-07,0.09166865385089927,0.00787160030562641,25,10,20
44,5155,0.8833490152337637,1.0501501684802647e-05,0.07735202995769287,0.039288453306858255,25,10,20
44,5156,0.8849172257571639,4.123381527557988e-05,0.07601025607578636,0.03903128435177437,25,10,20
44,5157,0.8732236389271104,4.1917582613452496e-05,0.0876995443317056,0.03903489915857036,25,10,20
44,5158,0.9047403124883985,1.3305109974309153e-06,0.09519701676678638,6.134023381716998e-05,25,10,20
44,5159,0.9747147605188468,3.3210116264711443e-07,0.02525555270881133,2.935467117923168e-05,25,10,20
44,5160,0.9215843343017559,7.007925768406033e-07,0.0784129567883787,2.00811728862916e-06,25,10,20
44,5161,0.9072297179297251,1.6893062902158233e-05,0.09134263706513635,0.001410751942236666,25,10,20
44,5162,0.8614343358213561,2.109431599913193e-05,0.13853083815707987,1.3731705564398005e-05,25,10,20
44,5163,0.8257918612491705,0.000885690236779909,0.17330100208347818,2.1446430571147104e-05,25,10,20
44,5164,0.8605337045662111,0.00034085572068727254,0.13901848394902658,0.00010695576407482131,25,10,20
44,5165,0.9259379208686868,4.729058503059357e-05,0.07186111291377134,0.0021536756325114233,25,10,20
44,5166,0.9162821841640267,9.57359072531025e-06,0.08156479010855447,0.0021434521366929275,25,10,20
44,5167,0.947037719992156,9.802438920851759e-06,0.052856007450529964,9.647011839328574e-05,25,10,20
44,5168,0.9181652854490026,0.00012670418800670173,0.08170703398530359,9.763776864265377e-07,25,10,20
44,5169,0.8907030524595027,9.61460648801841e-06,0.10926285336671311,2.4479567296412876e-05,25,10,20
44,5170,0.8654212612941251,2.937398870185085e-05,0.1345303255342097,1.903918296207157e-05,25,10,20
44,5171,0.886923831222574,1.3082373117090546e-06,0.11278361526022242,0.00029124527989138864,25,10,20
44,5172,0.9042068235705771,3.5162948314447387e-07,0.09574017872807064,5.264607186925439e-05,25,10,20
44,5173,0.9197600899840606,2.9049637133230884e-07,0.08020775391993301,3.186559963502398e-05,25,10,20
44,5174,0.8807213987676511,7.407041284126151e-06,0.11920775912600004,6.343506506438939e-05,25,10,20
44,5175,0.8962170647600866,7.371704656613778e-06,0.09354426444851721,0.010231299086739493,25,10,20
44,5176,0.8922479231399006,6.2342284053742945e-06,0.09755554784739591,0.010190294784296856,25,10,20
44,5177,0.9104430465871816,2.8622065538498653e-06,0.08954753941803795,6.551788226454265e-06,25,10,20
44,5178,0.8144367063869697,0.0007374594319501656,0.18464664959540525,0.0001791845856764123,25,10,20
44,5179,0.876625650454599,8.148713771895103e-05,0.12322798788916497,6.487451851643926e-05,25,10,20
44,5180,0.9136254623397607,4.3664665809039155e-05,0.08622799945886081,0.00010287353556932655,25,10,20
44,5181,0.8584377945827817,4.045112024352838e-05,0.14149489754972316,2.6856747252244394e-05,25,10,20
44,5182,0.8919219793516813,1.04575948058327e-06,0.10337131168521399,0.004705663203623568,25,10,20
44,5183,0.8941679838811636,1.7705799361274958e-05,0.10340850062931178,0.0024058096901636555,25,10,20
44,5184,0.9352684653974184,1.9102227956950504e-06,0.06463659994109908,9.30244386876643e-05,25,10,20
44,5185,0.9371308867490241,3.025598486081214e-06,0.06285048170938315,1.5605943107842415e-05,25,10,20
44,5186,0.8692717029419011,2.3320746626567515e-06,0.13071369072181602,1.227426162065274e-05,25,10,20
44,5187,0.8998074743172887,0.0005127476622603218,0.09961160853493306,6.816948551818566e-05,25,10,20
44,5188,0.8778310201309567,0.0005133004017355651,0.12164574191865041,9.93754865777058e-06,25,10,20
44,5189,0.9085153943367698,1.1040466976371026e-06,0.0914637915143304,1.9710102202424115e-05,25,10,20
44,5190,0.9001694219413294,1.0745279071199824e-06,0.09979293949656144,3.656403420195955e-05,25,10,20
44,5191,0.9399841765364798,1.8003441313658444e-06,0.05998980166869638,2.4221450692187852e-05,25,10,20
44,5192,0.8747286786931089,2.8202529365112934e-05,0.12465989003831554,0.0005832287392113236,25,10,20
44,5193,0.8871722914917397,2.9233354685237336e-05,0.11227833962240633,0.0005201355311688639,25,10,20
44,5194,0.9313730664135568,2.7066016227364265e-05,0.06808917275671023,0.0005106948135055518,25,10,20
44,5195,0.8971709046613116,4.0766820916368854e-05,0.1022778653206053,0.0005104631971671534,25,10,20
44,5196,0.9346062292287389,2.0061924080937703e-06,0.06536828491712723,2.3479661725368026e-05,25,10,20
44,5197,0.972901871007742,1.3275512792626476e-07,0.02707232387492864,2.5672362201160748e-05,25,10,20
44,5198,0.9369162665219083,5.6651496512275205e-08,0.06306776222601168,1.5914600583814113e-05,25,10,20
44,5199,0.8769321914862616,2.066837703538705e-05,0.1230346784334429,1.2461703260273968e-05,25,10,20
44,5200,0.8784540295192196,1.555497741216178e-05,0.12150525005424381,2.5165449124221595e-05,25,10,20
44,5201,0.8885556003686443,1.5953439871122428e-05,0.11136933788202359,5.910830946151985e-05,25,10,20
44,5202,0.9115475695502917,1.2797636279088332e-06,0.0884036987425083,4.745194357211726e-05,25,10,20
44,5203,0.9310857541219616,5.165245962711163e-05,0.06880572996152705,5.686345688450485e-05,25,10,20
44,5204,0.897534601332507,6.559813443856624e-05,0.10234090702909195,5.8893503962025486e-05,25,10,20
44,5205,0.9591253598827744,1.100905660306757e-06,0.04086556501906268,7.974192502580318e-06,25,10,20
44,5206,0.9294119830524046,1.2274397294676207e-06,0.07048635755548767,0.00010043195237783221,25,10,20
44,5207,0.9367631790880202,0.00014537237280301315,0.06302074451432294,7.070402485387866e-05,25,10,20
44,5208,0.87127134459034,8.250657625699953e-05,0.1284914466570266,0.0001547021763767537,25,10,20
44,5209,0.8546677022061051,0.00015791673403099473,0.14494939919253455,0.00022498186732917237,25,10,20
44,5210,0.8542092956244036,4.4445937544288236e-05,0.14567925982350233,6.699861455004269e-05,25,10,20
44,5211,0.9423065198779992,2.0879460603079712e-07,0.05762960935537707,6.366197201804675e-05,25,10,20
44,5212,0.8949891112241403,4.823563396739682e-07,0.10442601263476999,0.0005843937847499303,25,10,20
44,5213,0.8819776978028767,1.2504364914335681e-05,0.11741706537771317,0.0005927324544959887,25,10,20
44,5214,0.9300596887492627,1.2497057591085966e-05,0.06992179362035957,6.020572786751708e-06,25,10,20
44,5215,0.9116227576568268,2.1661610755953114e-05,0.08834400060433507,1.1580128081683415e-05,25,10,20
44,5216,0.9310760210069524,3.456269035833982e-07,0.06891466915781214,8.96420833204229e-06,25,10,20
44,5217,0.9091482882155703,1.2801753465568231e-06,0.09084219054764972,8.241061432960918e-06,25,10,20
44,5218,0.8980482014240501,3.135291918657573e-07,0.10194910780053011,2.377246227512915e-06,25,10,20
44,5219,0.8705049081032725,9.213359328519285e-07,0.12944774808592827,4.6422474866217024e-05,25,10,20
44,5220,0.9067528862155627,8.53378754703392e-06,0.09319384522377686,4.4734773114164236e-05,25,10,20
44,5221,0.9006297292553174,2.4800891003266117e-06,0.09930434477689666,6.34458786855807e-05,25,10,20
44,5222,0.9156844202033746,1.9130215186377333e-06,0.08426566289486827,4.800388023878002e-05,25,10,20
44,5223,0.9044640509343397,3.786603448952306e-07,0.09552491301732441,1.0657387989526183e-05,25,10,20
44,5224,0.9093815748922583,8.237744185808247e-07,0.09061215656717439,5.444766147831448e-06,25,10,20
44,5225,0.8281604352185227,1.9967523594627023e-05,0.1629161233541484,0.008903473903733859,25,10,20
44,5226,0.8867596619574516,1.9815513135773238e-05,0.10612957060180378,0.007090951927608566,25,10,20
44,5227,0.8540848831302363,3.587540356235675e-05,0.13356828906535692,0.01231095240084414,25,10,20
44,5228,0.9407695167738026,9.981168180163175e-07,0.058881210377861884,0.00034827473151703725,25,10,20
44,5229,0.9768556886394036,4.6585916725826295e-07,0.023121167753912316,2.2677747516732666e-05,25,10,20
44,5230,0.920225784545308,5.410547930503632e-07,0.07773768076216223,0.0020359936377371754,25,10,20
44,5231,0.888976191458212,5.503546091533604e-07,0.10898617487113117,0.0020370833160470426,25,10,20
44,5232,0.9070769816315694,1.7171760601671931e-06,0.09088611058068778,0.0020351906116822423,25,10,20
44,5233,0.955805275886092,2.4949047271637835e-06,0.0441838281759722,8.401033208715913e-06,25,10,20
44,5234,0.8869666068712629,1.0306336852035805e-05,0.11297133068449494,5.17561073897545e-05,25,10,20
44,5235,0.9385852544749005,5.595745677279543e-07,0.06125487119467439,0.00015931475585723756,25,10,20
44,5236,0.9772889852537717,7.074820167315285e-07,0.02266761146175852,4.2695802452856134e-05,25,10,20
44,5237,0.9408670935874826,2.63208598996062e-07,0.05912292742601812,9.715777900239874e-06,25,10,20
44,5238,0.912926644369639,1.4516200255018712e-06,0.08705469383051936,1.7210179815582278e-05,25,10,20
44,5239,0.9558217559305073,3.0940604997711775e-06,0.04412683502962372,4.831497936916077e-05,25,10,20
44,5240,0.9324713576778244,9.956127743625212e-06,0.06739374984487118,0.00012493634956051568,25,10,20
44,5241,0.9146191405859532,5.151700566766569e-07,0.08453118798121677,0.0008491562627737178,25,10,20
44,5242,0.9119657430857822,8.793623182574056e-07,0.08802837411826746,5.00343363192103e-06,25,10,20
44,5243,0.8899949432155252,3.596595926757733e-07,0.1089731253888193,0.0010315717360624321,25,10,20
44,5244,0.8937255859016376,2.5458377052977004e-06,0.10602768617527147,0.0002441820853854396,25,10,20
44,5245,0.8857187574186308,6.161789327737933e-06,0.11423795015556398,3.7130636478396075e-05,25,10,20
44,5246,0.858551063319749,0.000689941628189304,0.14067652325707988,8.247179498229701e-05,25,10,20
44,5247,0.8921534442333161,4.1319467876014575e-06,0.10779087022593269,5.1553593963163504e-05,25,10,20
44,5248,0.9078796297142737,2.7734432295202743e-05,0.09201602240237759,7.661345105342958e-05,25,10,20
44,5249,0.8670204629603674,1.6421532093712167e-05,0.09930979526902844,0.03365332023851009,25,10,20
44,5250,0.8695266093599981,6.663046069098531e-07,0.0968203826943581,0.03365234164103666,25,10,20
44,5251,0.9003632608300721,1.6304758336138546e-07,0.06022523318959677,0.03941134293274783,25,10,20
44,5252,0.9084413089678905,4.3122371738243204e-07,0.05576564928140721,0.035792610526984445,25,10,20
44,5253,0.8779328423778608,2.474508818502234e-05,0.08649101059823534,0.03555140193571838,25,10,20
44,5254,0.8679902456097119,7.769604921015907e-05,0.09278869490904464,0.03914336343203364,25,10,20
44,5255,0.9805598366600017,3.483922148960753e-06,0.019414672606203276,2.2006811645883975e-05,25,10,20
44,5256,0.9158909401027635,2.3108967164377544e-06,0.08009443956171726,0.004012309438803171,25,10,20
44,5257,0.9450199946659201,1.3937372159168248e-06,0.054960245785809166,1.8365811054671172e-05,25,10,20
44,5258,0.9425534308901489,2.0430039141268092e-07,0.057431031175069924,1.5333634389486008e-05,25,10,20
44,5259,0.8663822396876678,0.0010476619827093003,0.13250185667199468,6.824165762855032e-05,25,10,20
44,5260,0.9487304914355176,7.928820672530974e-07,0.050143091592209865,0.0011256240902056455,25,10,20
44,5261,0.9595415820773756,1.0991627331136015e-06,0.04036737600100954,8.994275888167029e-05,25,10,20
44,5262,0.9202117242408079,9.262684872794303e-07,0.07894897597836889,0.000838373512335659,25,10,20
44,5263,0.9456711145833917,4.5786317889279447e-07,0.05431445276907047,1.3974784359012812e-05,25,10,20
44,5264,0.9307144207054167,1.2100364000833978e-06,0.06907664598002379,0.00020772327815966397,25,10,20
44,5265,0.9071070909611997,1.3654542127860477e-06,0.09286905860538176,2.2484979204051804e-05,25,10,20
44,5266,0.9527881471737553,3.3596865900110857e-07,0.047204786502752026,6.730354833478131e-06,25,10,20
44,5267,0.9767011955494678,8.91034739254863e-06,0.02328853826952836,1.355833611113258e-06,25,10,20
44,5268,0.9614546173750297,9.369094625452793e-06,0.03853137809750813,4.6354328365971385e-06,25,10,20
44,5269,0.9821633053227956,9.24343565553771e-08,0.01783442941480014,2.1728280480376005e-06,25,10,20
44,5270,0.9311240952044764,8.827349989716287e-07,0.029331746730908322,0.039543275329616226,25,10,20
44,5271,0.939745808770934,4.754304066411395e-07,0.020700393227462935,0.039553322571196106,25,10,20
44,5272,0.9350061044919796,3.9014955178883114e-07,0.03784250367908764,0.02715100167938091,25,10,20
44,5273,0.918957228375611,3.9949934899097467e-07,0.045249939424680446,0.035792432700359304,25,10,20
44,5274,0.9227105138180768,8.398956798471558e-07,0.0415288640288671,0.035759782257376665,25,10,20
44,5275,0.9420013134745995,1.7572169486864719e-06,0.018588053322491485,0.039408875985960504,25,10,20
44,5276,0.9037476927056827,1.7546453629583912e-06,0.05684272521914866,0.03940782742980647,25,10,20
44,5277,0.924129856846881,1.9154661535942517e-06,0.04886952242632072,0.026998705260645323,25,10,20
44,5278,0.8992984013814654,9.844213717197999e-07,0.06986881780690793,0.030831796390254813,25,10,20
44,5279,0.882060293500105,6.343875249282495e-07,0.09081232218431089,0.027126749928060027,25,10,20
44,5280,0.8393015449270365,2.4906375660889436e-06,0.13379099179106343,0.026904972644332427,25,10,20
44,5281,0.8877633465228407,7.1731567640928565e-06,0.0739311893906942,0.03829829092970095,25,10,20
44,5282,0.8807126180100698,2.8214495831141806e-06,0.08090864381433391,0.03837591672601316,25,10,20
44,5283,0.8828559846417272,2.8465276667267987e-06,0.07883659973246422,0.03830456909814193,25,10,20
44,5284,0.9698947017148434,5.343916818550933e-07,0.02716781880441911,0.0029369450890550527,25,10,20
44,5285,0.92614742223782,4.5132761526103796e-07,0.07091685243381383,0.0029352740007504764,25,10,20
44,5286,0.9138608085885879,6.759168969667379e-07,0.08605930081208663,7.92146824282839e-05,25,10,20
44,5287,0.9356125835964377,1.1237457742032432e-06,0.06437388106760782,1.2411590180793112e-05,25,10,20
44,5288,0.9253158334546522,0.00010664841327352719,0.07440076216085778,0.00017675597121717134,25,10,20
44,5289,0.9235679316871668,8.892755698961158e-07,0.0763648648416316,6.631419563196744e-05,25,10,20
44,5290,0.932198003812433,3.3707365923629383e-06,0.0677700988864994,2.8526564475839312e-05,25,10,20
44,5291,0.8849115836874898,2.528431267134334e-06,0.11451544288959313,0.0005704449916493048,25,10,20
44,5292,0.9323471298773075,5.5821006384108e-07,0.06764527929174814,7.032620880680014e-06,25,10,20
44,5293,0.9310012044324611,1.2465139612894491e-06,0.06499737861974504,0.004000170433832673,25,10,20
44,5294,0.9337664777705406,6.14470882362312e-05,0.06614347025893945,2.8604882283610797e-05,25,10,20
44,5295,0.935896908300009,6.187247073927032e-05,0.06388622909312178,0.00015499013612968332,25,10,20
44,5296,0.8831052270813342,6.193060266667673e-05,0.1164259393889246,0.0004069029270743619,25,10,20
44,5297,0.8970046626415527,2.025859477714528e-05,0.10296517530102163,9.903462649060236e-06,25,10,20
44,5298,0.9263800269659294,2.00547984674884e-07,0.07344705783261285,0.0001727146534733329,25,10,20
44,5299,0.9323002362231442,1.2660691552474703e-06,0.06769481734939908,3.680358301486572e-06,25,10,20
44,5300,0.9318003687758751,4.5805376818848185e-06,0.06819087830179696,4.172384645921293e-06,25,10,20
44,5301,0.8645627218415279,2.072704118571974e-06,0.13541975263362394,1.5452820730275473e-05,25,10,20
44,5302,0.9174829385861573,1.9433745207720372e-07,0.08245620573829247,6.066133809877822e-05,25,10,20
44,5303,0.8247741803116858,2.9972719421978205e-06,0.17485652120446146,0.0003663012119117597,25,10,20
44,5304,0.8814847801751666,1.4959014748963046e-06,0.11845523615644064,5.848776691737467e-05,25,10,20
44,5305,0.8873619795004076,2.0677468595754733e-06,0.1125661821662613,6.97705864708866e-05,25,10,20
44,5306,0.8401087058772505,1.483722090275064e-06,0.15987324426560112,1.6566135058052328e-05,25,10,20
44,5307,0.8523013850434731,5.719882147615279e-07,0.14767372540308807,2.431756522336199e-05,25,10,20
44,5308,0.8980459883621562,4.630750256529975e-07,0.10189054119930997,6.300736350781956e-05,25,10,20
44,5309,0.9240609284777369,3.1251027434969304e-06,0.07590640371382663,2.9542705693266745e-05,25,10,20
44,5310,0.918366357559513,6.064863424199763e-07,0.08163170196306792,1.3339910764958125e-06,25,10,20
44,5311,0.9417897670144119,8.035753806295494e-06,0.05819839678460451,3.8004471770875684e-06,25,10,20
44,5312,0.9659792712918559,7.89687992701842e-06,0.03400784815212957,4.983676087811778e-06,25,10,20
44,5313,0.9285536144626395,8.378921038082758e-06,0.07138223144803851,5.577516828416066e-05,25,10,20
44,5314,0.8888291213731546,8.785455510687593e-06,0.11115595071864606,6.14245268886266e-06,25,10,20
44,5315,0.8941104713070476,6.081326092715958e-06,0.10587845316020086,4.994206658469006e-06,25,10,20
44,5316,0.9110057936744923,1.622257931580711e-06,0.08885833366657497,0.0001342504010007305,25,10,20
44,5317,0.9180740301091632,1.2607653440731482e-06,0.08190208586512948,2.2623260363181746e-05,25,10,20
44,5318,0.8670155652925287,1.5201840280048604e-06,0.13293149615422023,5.141836922329965e-05,25,10,20
44,5319,0.9499992320659074,1.63757345672823e-05,0.04992628469807891,5.810750144658378e-05,25,10,20
44,5320,0.9564948894773933,1.7013983952027096e-05,0.04344325380426434,4.484273439069293e-05,25,10,20
44,5321,0.9653803049495856,1.635305103356896e-05,0.03456171274892922,4.162925045170771e-05,25,10,20
44,5322,0.9171642521421133,9.9468122322542e-07,0.08277501765328515,5.973552337794647e-05,25,10,20
44,5323,0.8764582093089153,3.948518603556052e-07,0.12348207277760029,5.932306162372772e-05,25,10,20
44,5324,0.9257264757671355,5.079042914639243e-07,0.07416052933159728,0.00011248699697559323,25,10,20
44,5325,0.8908179266801167,3.023555703782592e-07,0.10908169621906877,0.00010007474524370933,25,10,20
44,5326,0.9342430575761825,2.5354693948554195e-07,0.06569858416934642,5.810470753114991e-05,25,10,20
44,5327,0.8374459485432619,3.669988984394865e-06,0.16253454411029591,1.583735745822819e-05,25,10,20
44,5328,0.8722050132866096,3.2984880467308373e-06,0.12775331859153088,3.836963381349427e-05,25,10,20
44,5329,0.887420049860671,2.702688795059474e-05,0.11247443929527894,7.848395609925066e-05,25,10,20
44,5330,0.8614572934454854,3.0089627391520762e-06,0.13850605192041324,3.364567136195064e-05,25,10,20
44,5331,0.7940643511122907,2.092123826341879e-06,0.20467539881423621,0.0012581579496463804,25,10,20
44,5332,0.8281197775956509,9.823906831870204e-06,0.17185727802951686,1.3120468000544368e-05,25,10,20
44,5333,0.8999243663663314,1.861009635599596e-06,0.10007254885233437,1.2237716987966062e-06,25,10,20
44,5334,0.8917569017360435,2.454428773871406e-07,0.10823365293730751,9.199883771317655e-06,25,10,20
44,5335,0.8928094638635429,1.476928832689344e-06,0.10718154412346975,7.515084153817045e-06,25,10,20
44,5336,0.8758766953593112,1.0610000961777317e-06,0.09978993422252179,0.024332309418070346,25,10,20
44,5337,0.8970120524568488,4.072389609686139e-06,0.07863131921070086,0.024352555942841126,25,10,20
44,5338,0.9092917703234876,1.377122663975541e-06,0.06646514394204991,0.024241708611798644,25,10,20
44,5339,0.9051279452778104,8.354106241288198e-05,0.09100685664708248,0.0037816570126936355,25,10,20
44,5340,0.9230247351784054,2.0358553014827244e-05,0.07196157751812032,0.004993328750459649,25,10,20
44,5341,0.8964321472705289,6.392906409411479e-07,0.10349373140493853,7.348203389160858e-05,25,10,20
44,5342,0.9031720595268611,0.0031690188635290274,0.09216814496296932,0.0014907766466408213,25,10,20
44,5343,0.8516426138689348,0.003186235228421327,0.14516571861183655,5.432290807535299e-06,25,10,20
44,5344,0.8768450431366442,0.0006707319871654658,0.122377513004116,0.00010671187207451651,25,10,20
44,5345,0.868082932317532,1.5822816859042121e-06,0.09996142540127748,0.03195405999950458,25,10,20
44,5346,0.8916938986728734,8.303657138567217e-05,0.10804795470460095,0.0001751100511393294,25,10,20
44,5347,0.8528886233899189,2.3588529734413456e-06,0.1470446307008663,6.438705624105285e-05,25,10,20
44,5348,0.9162293652912574,0.0003140141094856812,0.08345426291709647,2.3576821593311086e-06,25,10,20
44,5349,0.8895989339260799,1.2102844022092395e-05,0.11036366766279108,2.529556710721224e-05,25,10,20
44,5350,0.8702832726838079,1.1005227463530076e-05,0.12968538012817318,2.034196055647664e-05,25,10,20
44,5351,0.8851661639486532,6.359897851956351e-06,0.11474943424914644,7.804190434919348e-05,25,10,20
44,5352,0.8587754593902704,2.5206787574195737e-06,0.1411943161822323,2.7703748740296728e-05,25,10,20
44,5353,0.8517498156067939,2.1089836626472783e-06,0.148218515187186,2.9560222357043715e-05,25,10,20
44,5354,0.8318925635550533,1.0311265068442895e-05,0.16785495994417554,0.00024216523570288776,25,10,20
44,5355,0.9251071294111423,6.604203367937564e-06,0.07488171968200999,4.546703480266531e-06,25,10,20
44,5356,0.9337798044981638,1.8222447539323223e-06,0.06621302206621454,5.351190868100482e-06,25,10,20
44,5357,0.8977321365045923,2.744893927537907e-06,0.10199075369723526,0.00027436490424519394,25,10,20
44,5358,0.8782110172785339,3.388047835325782e-07,0.12177704514446239,1.1598772220688663e-05,25,10,20
44,5359,0.9223340275825211,1.2336107923296964e-05,0.07683624612989323,0.0008173901796626877,25,10,20
44,5360,0.9220865229917079,2.429857463635792e-06,0.07689714383909099,0.0010139033117379003,25,10,20
44,5361,0.926364356564442,6.559188430692646e-07,0.0736222729609866,1.2714555728220697e-05,25,10,20
44,5362,0.9289583745239406,1.0089626193857109e-06,0.07102504155685548,1.5574956584083782e-05,25,10,20
44,5363,0.8693346728708455,2.5698150973240955e-06,0.13043062842849507,0.00023212888556234504,25,10,20
44,5364,0.9469980655191017,1.1787091328788818e-05,0.05273088177846569,0.0002592656111037206,25,10,20
44,5365,0.9182442848476373,1.2526820365833653e-06,0.0817006806554818,5.3781814844310806e-05,25,10,20
44,5366,0.8579106631443032,8.398268016297689e-07,0.14204987689238494,3.8620136510450784e-05,25,10,20
44,5367,0.8839181649613391,2.816604798853726e-07,0.116062674130565,1.887924761639365e-05,25,10,20
44,5368,0.9210148780597527,1.6936736890408323e-07,0.0789277435615663,5.720901131212087e-05,25,10,20
44,5369,0.9485071191266727,4.780740174745832e-06,0.051448270584092605,3.982954906037373e-05,25,10,20
44,5370,0.9273103990481326,4.485931470978656e-06,0.07267385268266816,1.1262337728778007e-05,25,10,20
44,5371,0.8595036405910054,1.4561923926613786e-06,0.14049267017969475,2.2330369060400523e-06,25,10,20
44,5372,0.8375302846834382,1.5550231861256142e-05,0.16237928881989855,7.487626480104507e-05,25,10,20
44,5373,0.9079527485673319,0.00010141092718615188,0.09193923559849031,6.604906991066111e-06,25,10,20
44,5374,0.9572912577100909,0.00010091650637674088,0.04240780969909634,0.00020001608443568443,25,10,20
44,5375,0.9305946037129641,0.00010264100555071364,0.0692897725521652,1.2982729319962708e-05,25,10,20
44,5376,0.9363962004243831,9.705651116575153e-06,0.06069533671269807,0.0028987572118026185,25,10,20
44,5377,0.89109990957015,6.156133594999156e-06,0.10598847791507754,0.002905456381177898,25,10,20
44,5378,0.9537061531820179,7.552757901961603e-07,0.04627342517937934,1.9666362812329172e-05,25,10,20
44,5379,0.8843068552294021,6.585387632619228e-07,0.11557162613641182,0.00012086009542236408,25,10,20
44,5380,0.8953501270003997,2.4185626887109158e-05,0.10431392565620551,0.00031176171650733613,25,10,20
44,5381,0.9166807646853062,3.0472046921962794e-05,0.08283513642103646,0.00045362684673571366,25,10,20
44,5382,0.8985998665552023,6.196179569839984e-06,0.10111996645341566,0.0002739708118116976,25,10,20
44,5383,0.8946217262129994,4.783085923669865e-06,0.10510023742395458,0.0002732532771225998,25,10,20
44,5384,0.8646944829450491,1.5910696242346425e-05,0.13501452497264832,0.00027508138605954733,25,10,20
44,5385,0.9163878270098789,2.3061213668025704e-05,0.08332104904244085,0.00026806273401236105,25,10,20
44,5386,0.8865203637315762,1.4449636973054672e-05,0.11344132977427215,2.3856857178409483e-05,25,10,20
44,5387,0.9357373743211338,0.0003143433611058467,0.06393443272391738,1.3849593842953065e-05,25,10,20
44,5388,0.8532071076221672,0.00031170716640438657,0.14627025359913265,0.00021093161229559045,25,10,20
44,5389,0.9192425472660695,2.7616335992481743e-07,0.08073751606833339,1.9660502236814e-05,25,10,20
44,5390,0.9015992644932342,9.955443318115095e-07,0.09838599372096818,1.3746241466129882e-05,25,10,20
44,5391,0.9026992345238264,1.9201040357574863e-06,0.0952617680974587,0.0020370772746789285,25,10,20
44,5392,0.9056947491285439,2.0128516325167067e-06,0.060307344788330434,0.033995893231493574,25,10,20
44,5393,0.8673442789344143,5.5003600530098685e-06,0.10150097117849166,0.03114924952704019,25,10,20
44,5394,0.8901199604020026,3.424166436165202e-06,0.07872468369269714,0.031151931738863232,25,10,20
44,5395,0.8385186490697523,1.11265387450095e-06,0.12249532777090659,0.03898491050546659,25,10,20
44,5396,0.8580892611564386,1.90753419376788e-06,0.1029242848536239,0.038984546455743535,25,10,20
44,5397,0.8882716711054615,1.2454115576269595e-06,0.0727546297501799,0.03897245373280098,25,10,20
44,5398,0.9046687488780013,4.229015815764057e-06,0.05634007205681358,0.038986950049368974,25,10,20
44,5399,0.9223551837511448,1.3886703965558754e-07,0.0386732148907142,0.03897146249110139,25,10,20
44,5400,0.8709182952686803,1.2982343784812389e-05,0.09009104786923122,0.038977674518304285,25,10,20
44,5401,0.8980062248549459,1.4924008084864106e-05,0.06299537184833821,0.038983479288631016,25,10,20
44,5402,0.8943216831259397,1.1771593847107905e-05,0.06899946030939635,0.036667084970817186,25,10,20
44,5403,0.8326840023561621,2.0254573026790534e-05,0.12807961144861127,0.039216131622199606,25,10,20
44,5404,0.9301957203129544,3.4107580201791226e-07,0.06223698743490713,0.007566951176336111,25,10,20
44,5405,0.9259994084058829,5.533878682929269e-07,0.07394392822954858,5.6109976700455337e-05,25,10,20
44,5406,0.958229065921493,1.332401219491471e-06,0.04172108271609453,4.85189611930008e-05,25,10,20
44,5407,0.9210112954331214,2.245265559708689e-05,0.07787884651280312,0.0010874053984788515,25,10,20
44,5408,0.9188564139396059,1.388114089649221e-06,0.08114043729396467,1.7606523396065928e-06,25,10,20
44,5409,0.9682611305321484,2.624585018829057e-07,0.03173712218552534,1.4848238246241652e-06,25,10,20
44,5410,0.9417544367752173,6.247221583211618e-07,0.05824068653420645,4.251968418169911e-06,25,10,20
44,5411,0.8863106812931487,1.8869933078343798e-06,0.11367775401154363,9.677702000082377e-06,25,10,20
44,5412,0.8778186913637334,2.0184095644602137e-06,0.12213426496009495,4.5025266606860005e-05,25,10,20
44,5413,0.9118299416023348,1.6080117618600532e-06,0.08816222765319473,6.2227327087738995e-06,25,10,20
44,5414,0.913670056821988,5.496595991786185e-07,0.08632179818913667,7.5953292758187865e-06,25,10,20
44,5415,0.91769858334692,2.1774688956836245e-06,0.08226373619877884,3.550298540522813e-05,25,10,20
44,5416,0.8877095739467131,5.2029821759286795e-06,0.11195920348061586,0.0003260195904941096,25,10,20
44,5417,0.9346337448024238,3.869709965028596e-06,0.06523698303658515,0.00012540245102536386,25,10,20
44,5418,0.9243622837563922,6.208536907701656e-06,0.07524606941197329,0.00038543829472617813,25,10,20
44,5419,0.9403089230864855,1.2794993940142595e-06,0.059680101681430474,9.695732689915602e-06,25,10,20
44,5420,0.9102751310940183,3.44893837757669e-06,0.0888524839390741,0.00086893602853077,25,10,20
44,5421,0.9417053617482573,2.4328678377951143e-07,0.058288981887919304,5.413077040535157e-06,25,10,20
44,5422,0.9700334331310336,2.5767339304776046e-07,0.029723725984744077,0.00024258321082993223,25,10,20
44,5423,0.9820681218510522,2.780038756760454e-07,0.017698104431529336,0.00023349571354342,25,10,20
44,5424,0.9648254788803133,5.483000434010131e-07,0.03481928962211797,0.0003546831975252928,25,10,20
44,5425,0.9520333126761642,7.727856470447035e-07,0.04794502579604103,2.088874214842247e-05,25,10,20
44,5426,0.8712832431819951,0.00022808955195488694,0.128465740018953,2.292724709546047e-05,25,10,20
44,5427,0.9297512653576966,6.785318883652568e-05,0.0701719761188048,8.905334662321137e-06,25,10,20
44,5428,0.8879405348411467,7.17865090098673e-05,0.11194626682034092,4.1411829502143135e-05,25,10,20
44,5429,0.9166926721943425,5.769854131423022e-06,0.08327668417679585,2.487377473017456e-05,25,10,20
44,5430,0.884829021401906,1.3337960929461229e-05,0.11457451047695454,0.0005831301602099645,25,10,20
44,5431,0.9344904364255733,1.3394351214373122e-07,0.06311694681554529,0.0023924828153694157,25,10,20
44,5432,0.9571702440559897,1.1833822308529729e-06,0.04095724028556241,0.0018713322762167752,25,10,20
44,5433,0.9600770951465551,7.454802116453353e-07,0.03991927431309798,2.885060135018292e-06,25,10,20
44,5434,0.9141515703570174,2.1307153216974702e-05,0.08571657512795103,0.00011054736181416759,25,10,20
44,5435,0.8875529230650752,2.1980353927524366e-05,0.1123157516392941,0.00010934494170279016,25,10,20
44,5436,0.8808967282923955,1.058416405284585e-06,0.1190858865135315,1.632677766788739e-05,25,10,20
44,5437,0.9091187843021712,1.0130306575332566e-06,0.09083956250080179,4.064016636925787e-05,25,10,20
44,5438,0.8893013594029046,6.512342685928185e-06,0.11042777900755268,0.0002643492468568297,25,10,20
44,5439,0.9144921671123606,8.942348618565478e-06,0.08548161921248636,1.727132653452718e-05,25,10,20
44,5440,0.8869689788314113,7.118333956999489e-06,0.11300767873692782,1.622409770397462e-05,25,10,20
44,5441,0.9318392148049977,5.702055322552555e-06,0.06814190718074015,1.3175958939581428e-05,25,10,20
44,5442,0.9474471861426522,1.7436273833430029e-06,0.05247712621029075,7.394401967374692e-05,25,10,20
44,5443,0.9508160828575207,3.381941473255808e-05,0.04907910354580427,7.099418194313945e-05,25,10,20
44,5444,0.9403413616643702,2.799605251154639e-05,0.0595159900928458,0.00011465219027207702,25,10,20
44,5445,0.8982538250388391,8.421822213735865e-06,0.10001361898935825,0.0017241341495884265,25,10,20
44,5446,0.9068429762828508,4.618745931078472e-06,0.09153082125845016,0.0016215837127683957,25,10,20
44,5447,0.9288403471183869,7.230572862861065e-06,0.06954146899804897,0.0016109533107015372,25,10,20
44,5448,0.9240054288348901,1.1588618787753221e-05,0.07437682848163257,0.0016061540646898017,25,10,20
44,5449,0.9290520095710662,6.148971060024457e-06,0.07086926515887218,7.257629900133587e-05,25,10,20
44,5450,0.9521036709618891,1.4728037946965566e-06,0.04659782115664393,0.00129703507767188,25,10,20
44,5451,0.9141643207060038,1.71165763457642e-06,0.0858194783286011,1.448930775969457e-05,25,10,20
44,5452,0.893903201242278,1.7020443906041577e-05,0.10604127793254653,3.850038126879398e-05,25,10,20
44,5453,0.9360259380319007,6.38393240020051e-06,0.06390360275145428,6.407528424406296e-05,25,10,20
44,5454,0.9386294792455421,5.307972400367571e-07,0.04913979963703222,0.012230190320185493,25,10,20
44,5455,0.8870589215925433,9.113569364436889e-07,0.10107837952588382,0.01186178752463636,25,10,20
44,5456,0.8932174693642587,8.178421567317183e-07,0.10652004574967867,0.0002616670439058186,25,10,20
44,5457,0.8925663378451962,9.200963546913253e-07,0.10710352033329927,0.00032922172514929303,25,10,20
44,5458,0.9622538246305755,2.7236594028660825e-07,0.03772384593349462,2.2057069989826362e-05,25,10,20
44,5459,0.9619708099957588,5.241518452373468e-07,0.0380172943759133,1.1371476482427256e-05,25,10,20
44,5460,0.9088514109366982,3.647466013695332e-05,0.09109790221649798,1.4212186666914324e-05,25,10,20
44,5461,0.9379474084600393,3.62324530193089e-05,0.06111566131324628,0.0009006977736953824,25,10,20
44,5462,0.925455635074487,3.6245897378656765e-05,0.07438640953167276,0.00012170949646200711,25,10,20
44,5463,0.9452324766822486,3.0657005598355175e-07,0.054740660236912424,2.6556510783116694e-05,25,10,20
44,5464,0.930984327123094,9.329795308563401e-07,0.06895006273312389,6.467716425097169e-05,25,10,20
44,5465,0.9201321704808386,1.901896902557782e-05,0.07980686576363627,4.194478649945399e-05,25,10,20
44,5466,0.9444901112559502,8.552085092359906e-06,0.055472227341814964,2.910931714229788e-05,25,10,20
44,5467,0.9362510170095897,8.377530474507823e-06,0.06371165985368968,2.894560624590708e-05,25,10,20
44,5468,0.9607768567126233,1.451076415856107e-06,0.039200972786817105,2.071942414401215e-05,25,10,20
44,5469,0.8917708687099057,1.3217150872901546e-05,0.10821073927774122,5.174861480277336e-06,25,10,20
44,5470,0.8882835610340534,7.031034088730036e-07,0.11171438687511603,1.3489874221543426e-06,25,10,20
44,5471,0.9416651396205978,7.273796225839945e-07,0.058304256505947526,2.9876493832357883e-05,25,10,20
44,5472,0.9295021133924558,8.8012378879933e-07,0.07044402077994077,5.298570381486404e-05,25,10,20
44,5473,0.8764192357838163,0.0002120136096523674,0.12320113223400203,0.0001676183725290122,25,10,20
44,5474,0.9554505078915285,3.436386729361982e-06,0.04082431216355676,0.0037217435581853114,25,10,20
44,5475,0.9509525571041374,1.187386379006501e-05,0.048999305137621255,3.6263894451295055e-05,25,10,20
44,5476,0.893565903038825,1.1532074618150332e-05,0.10637987167480403,4.269321175301373e-05,25,10,20
44,5477,0.924979535649802,2.149174833466493e-05,0.07495199352318499,4.69790786783293e-05,25,10,20
44,5478,0.9032084763665157,6.896798818615508e-06,0.09674576364414532,3.88631905209707e-05,25,10,20
44,5479,0.9385445665285751,8.652453533129226e-06,0.061394578288630826,5.220272926026345e-05,25,10,20
44,5480,0.9250092803512606,2.1811004607593144e-06,0.07495957923079974,2.8959317478451716e-05,25,10,20
44,5481,0.8937851859151544,1.055673205844288e-06,0.10618189067305028,3.186773859044334e-05,25,10,20
44,5482,0.9137274749428077,8.106641567135446e-07,0.0862654385360102,6.2758570252457876e-06,25,10,20
44,5483,0.8895006780184113,1.833014339932971e-05,0.10688027692262031,0.0036007149155696328,25,10,20
44,5484,0.8726284162844936,1.336905454093229e-06,0.12122592802074443,0.006144318789307847,25,10,20
44,5485,0.8636216604082902,2.932675323999427e-06,0.13636693357202334,8.473344362102764e-06,25,10,20
44,5486,0.9077229358042121,3.252740366229464e-06,0.09224347867360444,3.033278181736117e-05,25,10,20
44,5487,0.9325997858905205,4.685543911658684e-06,0.06736339957123116,3.2128994336878055e-05,25,10,20
44,5488,0.85982989477917,3.98311789752468e-06,0.13984906796700924,0.0003170541359234988,25,10,20
44,5489,0.9452626621010226,1.2884178058459913e-05,0.05443309529431115,0.00029135842660740763,25,10,20
44,5490,0.8885038109280318,1.939472684834046e-05,0.11146476199258208,1.203235253810406e-05,25,10,20
44,5491,0.8981958048833606,2.2936738392195944e-06,0.10178241953594876,1.948190685174411e-05,25,10,20
44,5492,0.8971771120751301,6.797247357476921e-06,0.10166613146444811,0.0011499592130641285,25,10,20
44,5493,0.947724408463377,6.899450891859092e-06,0.051156626275376975,0.0011120658103548073,25,10,20
44,5494,0.8889187596215551,8.307553313790272e-07,0.10831575108223994,0.002764658540873157,25,10,20
44,5495,0.8622053727442632,2.095081681279161e-06,0.13165351654435223,0.00613901562970256,25,10,20
44,5496,0.8858605362455126,1.4318971571643197e-05,0.10815847159813981,0.00596667318477534,25,10,20
44,5497,0.9239711319916468,1.593874039834592e-05,0.06995695717715603,0.006055972090798604,25,10,20
44,5498,0.9607290231772407,9.776137858017259e-07,0.033634836759223984,0.005635162449749053,25,10,20
44,5499,0.9397812515361597,1.2658126472369457e-06,0.054587836622368754,0.005629646028823833,25,10,20
44,5500,0.9312794410786935,5.62816940220436e-06,0.06308350205078397,0.005631428701120266,25,10,20
44,5501,0.8824386772032824,2.3233484432276075e-05,0.11750395026845828,3.413904382646188e-05,25,10,20
44,5502,0.8061377826602293,1.234323737158751e-05,0.18550279398432146,0.008347080118079291,25,10,20
44,5503,0.8689579348551224,7.884831861589726e-07,0.13079959545452974,0.00024168120716117736,25,10,20
44,5504,0.903726006564928,1.0622242224185353e-05,0.09624957839873392,1.3792794113135548e-05,25,10,20
44,5505,0.9626139520468863,1.694119226109882e-06,0.03736657343037462,1.7780403513116806e-05,25,10,20
44,5506,0.9565838008654701,1.0402963114714977e-05,0.043361096931903764,4.469923951165837e-05,25,10,20
44,5507,0.8933927069467823,1.1300642690312416e-06,0.10639083017428645,0.00021533281466246533,25,10,20
44,5508,0.8726132924215955,9.530512269122107e-07,0.12737325010814235,1.2504419034982326e-05,25,10,20
44,5509,0.9162409823737775,1.031336298557857e-06,0.0837371124224264,2.0873867497350733e-05,25,10,20
44,5510,0.9080515721950572,4.0545535567916274e-06,0.08926673902547165,0.0026776342259136974,25,10,20
44,5511,0.9358099071267871,7.986093933162164e-07,0.05861226966981808,0.005577024594001608,25,10,20
44,5512,0.9103628744106637,6.072912160399401e-05,0.08399820195276925,0.005578194514963377,25,10,20
44,5513,0.9126507368037784,2.031763899424593e-06,0.08153779191753677,0.005809439514784856,25,10,20
44,5514,0.9588478091708381,2.174821449264629e-06,0.03558364208649555,0.005566373921216813,25,10,20
44,5515,0.9510587015994356,3.2390056569496853e-07,0.048927837885966434,1.3136614032155599e-05,25,10,20
44,5516,0.9474353069056857,2.7051648548076714e-07,0.05255634990795936,8.072669869439932e-06,25,10,20
44,5517,0.9625210099914895,4.937893675741292e-07,0.03726161105101232,0.0002168851681310237,25,10,20
44,5518,0.976759274632213,3.704862764553062e-07,0.02319239561944917,4.7959262060979626e-05,25,10,20
44,5519,0.8977170550790783,4.071479276616232e-06,0.06670866202049648,0.035570211421148475,25,10,20
44,5520,0.8607442671291667,3.482093835295859e-06,0.10005361243947802,0.039198638337519756,25,10,20
44,5521,0.8760791988269067,4.951976650734419e-06,0.09595862036165656,0.02795722883478551,25,10,20
44,5522,0.8235158935010829,4.359876326594266e-06,0.1551065251115331,0.021373221511056303,25,10,20
44,5523,0.8695703783917395,1.778880547401916e-06,0.08738159632244807,0.04304624640526465,25,10,20
44,5524,0.8274322237866945,2.096164734387011e-05,0.13325491718669294,0.03929189737926815,25,10,20
44,5525,0.8281119252764008,2.0156101561055032e-05,0.11864364672280521,0.05322427189923328,25,10,20
44,5526,0.8503202031509806,1.2108647249205908e-06,0.09664956793431415,0.05302901804998097,25,10,20
44,5527,0.9006407326584145,7.191004394451618e-07,0.08445214165246925,0.014906406588677026,25,10,20
44,5528,0.9128318113464373,4.6746389836060306e-05,0.07323321857323245,0.013888223690494063,25,10,20
44,5529,0.8646563672488894,2.0643680003940673e-06,0.07197246186638362,0.06336910651672696,25,10,20
44,5530,0.8621154550279796,1.08553034971524e-06,0.06197948987342471,0.07590396956824637,25,10,20
44,5531,0.9209292984917125,1.1459460603596115e-05,0.03984615738522798,0.03921308466245544,25,10,20
44,5532,0.8838664538363069,5.487561745867616e-07,0.07721464397368671,0.03891835343383163,25,10,20
44,5533,0.8568613023706049,6.856197898919082e-07,0.13657399416373628,0.0065640178458691275,25,10,20
44,5534,0.8549705810850479,1.5285312968366704e-06,0.1366664868810158,0.008361403502639137,25,10,20
44,5535,0.856736982471564,4.4282683480872086e-07,0.11208803731423433,0.03117453738736588,25,10,20
44,5536,0.854053722012589,1.4719530465433855e-05,0.11475242540113467,0.031179133055810052,25,10,20
44,5537,0.8711939652396288,5.892833227404925e-07,0.09761899724704381,0.03118644823000443,25,10,20
44,5538,0.9166678689043424,6.319361221439323e-07,0.05635273060128,0.026978768558255685,25,10,20
44,5539,0.8696752419302213,1.761071916588902e-06,0.0897822315030335,0.04054076549483005,25,10,20
44,5540,0.9139878034775688,8.157967712475356e-07,0.04999286905182017,0.03601851167384004,25,10,20
44,5541,0.7980511367880183,9.993288576184495e-06,0.16484731408280054,0.03709155584060492,25,10,20
44,5542,0.8999900766738531,2.909077260854848e-06,0.09982369465654527,0.0001833195923409715,25,10,20
44,5543,0.8772498782259016,3.81565049056346e-05,0.1225129366557503,0.00019902861344222867,25,10,20
44,5544,0.9249653377226924,1.058140773234081e-06,0.0748358682525898,0.00019773588394436474,25,10,20
44,5545,0.8624330301514602,2.2512808190861345e-05,0.13734341504068837,0.0002010419996610282,25,10,20
44,5546,0.9379774158577099,1.474588075229964e-07,0.06199584480024096,2.6591883241520717e-05,25,10,20
44,5547,0.9279501300636656,3.203729486585883e-06,0.07203052609428749,1.614011256046901e-05,25,10,20
44,5548,0.9663429915303108,8.572754365779775e-07,0.033588760709370565,6.73904848821222e-05,25,10,20
44,5549,0.9234899757523527,2.6538956449396384e-05,0.07601398806109234,0.0004694972301053693,25,10,20
44,5550,0.906692340916396,2.3791649492592226e-05,0.09173265904480997,0.0015512083893014178,25,10,20
44,5551,0.9264672395179434,1.2039870405871442e-06,0.07353022647374431,1.3300212720072596e-06,25,10,20
44,5552,0.9227820202777766,4.996131451782369e-07,0.07686424972929858,0.00035323037978027716,25,10,20
44,5553,0.9449245565206956,4.095247036875279e-07,0.055033904853613196,4.112910098823089e-05,25,10,20
44,5554,0.9383288013778663,2.778371873086785e-06,0.06160855889503302,5.986135522830776e-05,25,10,20
44,5555,0.9392032017288762,2.408742824120194e-05,0.06076424117209264,8.469670790519203e-06,25,10,20
44,5556,0.957593042007018,4.17383160602236e-06,0.04155436160321403,0.0008484225581622631,25,10,20
44,5557,0.8778285731311505,3.492124150190903e-07,0.10888973500855195,0.013281342647882942,25,10,20
44,5558,0.8503309716253462,5.14794348145216e-07,0.13638059549831583,0.01328791808198949,25,10,20
44,5559,0.8400368000959165,1.4655151339825865e-07,0.12594891744021633,0.034014135912354936,25,10,20
44,5560,0.888673273346442,4.242544765840995e-07,0.07732185748626909,0.034004444912812765,25,10,20
44,5561,0.8850449272850185,3.6783345024447674e-07,0.07584659414147485,0.03910811074005671,25,10,20
44,5562,0.8897580655918143,1.986922752791487e-07,0.07082611132525558,0.03941562439065532,25,10,20
44,5563,0.8931203910018499,2.382404462342185e-07,0.08273125725604766,0.024148113501656198,25,10,20
44,5564,0.8644032948087472,3.5882191494953496e-06,0.09648914405974031,0.03910397291236321,25,10,20
44,5565,0.8899629551309377,2.209344774049863e-06,0.08325923932824057,0.02677559619604664,25,10,20
44,5566,0.8591619652967861,1.1435747492658145e-06,0.10157392420253274,0.03926296692593211,25,10,20
44,5567,0.8872662794481275,3.978489057385477e-06,0.07305451257951016,0.039675229483303924,25,10,20
44,5568,0.9381466222463325,9.155790827167631e-07,0.06167099998486829,0.00018146218971670333,25,10,20
44,5569,0.9070063801740145,1.933538301528123e-06,0.09129178861756591,0.0016998976701175777,25,10,20
44,5570,0.9248912602349624,6.0954491044950666e-06,0.07485388849336697,0.0002487558225667593,25,10,20
44,5571,0.9198582674941155,4.522318111434499e-07,0.08013666161401843,4.618660054967024e-06,25,10,20
44,5572,0.8498032101279139,1.267184536394008e-05,0.15016614100390574,1.7977022816710866e-05,25,10,20
44,5573,0.8645860157563284,4.632282066516381e-06,0.13527169132970435,0.00013766063190087872,25,10,20
44,5574,0.8472273255572024,6.9514670236165915e-06,0.1527163129770429,4.940999873097321e-05,25,10,20
44,5575,0.9242036379788574,4.143821288565675e-06,0.07575109634221926,4.112185763512177e-05,25,10,20
44,5576,0.8871018718518429,1.983311973450853e-05,0.1128409604417141,3.7334586709068704e-05,25,10,20
44,5577,0.8836001415228494,2.8359146323953894e-06,0.11532353639939825,0.0010734861631201008,25,10,20
44,5578,0.9038369630002847,1.895608993205406e-06,0.09508832124688253,0.0010728201438395043,25,10,20
44,5579,0.9035938854086247,0.00015026108915829745,0.09621144477581463,4.440872640216544e-05,25,10,20
44,5580,0.8791679347322494,0.0001731364050302924,0.11977092953129521,0.0008879993314246325,25,10,20
44,5581,0.9793022744256308,0.0001334738978872777,0.02055689817417667,7.353502305543831e-06,25,10,20
44,5582,0.9063722391523298,2.3442751951927687e-06,0.09361730846272241,8.108109753196231e-06,25,10,20
44,5583,0.9305650880686449,1.5011067781477718e-06,0.0693504591681467,8.295165643075025e-05,25,10,20
44,5584,0.9728198819643831,7.899156110962594e-07,0.02715150923283977,2.7818887166016797e-05,25,10,20
44,5585,0.9138781871393844,1.90726638123033e-06,0.08302212768018791,0.003097777914046317,25,10,20
44,5586,0.9025908704130836,3.14564596302007e-05,0.09693468721072541,0.0004429859165597818,25,10,20
44,5587,0.890019416925652,9.991261329864282e-05,0.10944259114083815,0.00043807932021189093,25,10,20
44,5588,0.8502608427889236,2.482973312084025e-07,0.1497280107153764,1.0898198368384305e-05,25,10,20
44,5589,0.8675351700874794,9.394243838802218e-08,0.13240207651332703,6.265945675574526e-05,25,10,20
44,5590,0.8895183388518569,0.0004772859620931592,0.10997842276974795,2.595241630180488e-05,25,10,20
44,5591,0.8846489623246743,2.5276494306352003e-06,0.11520381399365026,0.00014469603224440128,25,10,20
44,5592,0.8845518027744084,6.532472367400626e-05,0.1150707771217471,0.00031209538017065865,25,10,20
44,5593,0.8777722386742717,1.860593487840057e-06,0.1219582093361782,0.000267691396062862,25,10,20
44,5594,0.9558495707470587,9.350711524628951e-07,0.044127748709123595,2.174547266475184e-05,25,10,20
44,5595,0.899764701590309,1.1233183853014239e-06,0.1001940114679579,4.0163623348473684e-05,25,10,20
44,5596,0.8947849461234249,1.3832056172797154e-06,0.10517858264323826,3.508802771904701e-05,25,10,20
44,5597,0.9559030389105425,9.84396944795159e-07,0.04406512350035881,3.085319215390809e-05,25,10,20
44,5598,0.963778260889478,4.2282631950608596e-07,0.03619066307584403,3.065320835868692e-05,25,10,20
44,5599,0.9471485483221326,5.751860498745163e-07,0.05284818348153214,2.6930102854593212e-06,25,10,20
44,5600,0.8801867076863664,0.0001038056671469187,0.11965376280314097,5.572384334571532e-05,25,10,20
44,5601,0.9011800068830286,1.4487104997041923e-05,0.09873818693506534,6.731907690927465e-05,25,10,20
44,5602,0.8738763544249661,1.3523170391656607e-05,0.1260955522340845,1.4570170557832502e-05,25,10,20
44,5603,0.943451636072294,1.0662311536267102e-06,0.056538295029559746,9.002666992746017e-06,25,10,20
44,5604,0.9094962395461134,2.128737033507932e-07,0.09047347534394547,3.007223623770034e-05,25,10,20
44,5605,0.9817751683241726,2.626130400538829e-06,0.01820431943940314,1.7886106023427608e-05,25,10,20
44,5606,0.9362578695038644,5.401800425736146e-06,0.06370567206502872,3.1056630681507624e-05,25,10,20
44,5607,0.9474793630086517,3.872207338224738e-06,0.052476833538261373,3.9931245749149675e-05,25,10,20
44,5608,0.9337903212509757,2.939643566005412e-07,0.06620729749746727,2.087287200619586e-06,25,10,20
44,5609,0.8823466684703958,3.5167683963769306e-06,0.11764440692671117,5.407834497342656e-06,25,10,20
44,5610,0.9053523156131699,3.2462735343485626e-06,0.09461572349001784,2.8714623278071915e-05,25,10,20
44,5611,0.9090640136376948,3.399881083241198e-06,0.0909207665606611,1.1819920560395087e-05,25,10,20
44,5612,0.8491203184663665,4.4541688261897716e-05,0.1508109741944612,2.4165650910449194e-05,25,10,20
44,5613,0.8869871742384037,1.6840485227890045e-05,0.11277715977711447,0.00021882549925461,25,10,20
44,5614,0.9035329933867438,6.3757558883535965e-06,0.09644760118244027,1.3029674927481152e-05,25,10,20
44,5615,0.9511839808050864,7.073871691261243e-06,0.048795885802136334,1.3059521086113242e-05,25,10,20
44,5616,0.9247988626563022,4.824712702074873e-07,0.07519641907125564,4.235801171763577e-06,25,10,20
44,5617,0.9813148576051701,2.681775407559282e-07,0.018683304568827185,1.5696484622949462e-06,25,10,20
44,5618,0.9623401786140013,1.3290421245015587e-06,0.03765318642350172,5.305920372426021e-06,25,10,20
44,5619,0.9538651999037383,3.4803510212861665e-06,0.046107383226088844,2.393651915137184e-05,25,10,20
44,5620,0.9645173752750641,6.721697920778054e-06,0.034374683216744154,0.0011012198102709478,25,10,20
44,5621,0.9753798224619616,1.43570040807247e-07,0.02461005707026692,9.976897731032108e-06,25,10,20
44,5622,0.9712495635463034,5.366755029549564e-07,0.028713024348045107,3.687543014859381e-05,25,10,20
44,5623,0.9173715774478108,3.1929859840701133e-06,0.08125111170214637,0.0013741178640588295,25,10,20
44,5624,0.8828806385405278,1.1472794230773525e-06,0.11706223622793972,5.597795210906172e-05,25,10,20
44,5625,0.8970613411846857,2.3025980508413523e-07,0.10266311506535895,0.0002753134901506188,25,10,20
44,5626,0.8934738558468956,4.5566218589353434e-07,0.10651308484056032,1.2603650358443619e-05,25,10,20
44,5627,0.8801825507951336,2.385390285907216e-07,0.11975675750977795,6.045315606084947e-05,25,10,20
44,5628,0.861425117596619,6.434316710883736e-05,0.1384603521673892,5.018706888306724e-05,25,10,20
44,5629,0.8242041864585429,6.433380167006495e-05,0.17572681936800888,4.660371778278139e-06,25,10,20
44,5630,0.9238698770798374,5.372462639494448e-06,0.07559107240216978,0.0005336780553534816,25,10,20
44,5631,0.9479762969582773,3.3468999164201726e-06,0.05178204639972244,0.00023830974208335857,25,10,20
44,5632,0.9553928444516583,3.853305456949145e-06,0.04437290351437907,0.0002303987285057097,25,10,20
44,5633,0.9526631420168915,5.886838035085892e-06,0.04709839102195595,0.00023258012311741042,25,10,20
44,5634,0.9553932348294474,1.9987017481046667e-07,0.04460574585258972,8.19447788249565e-07,25,10,20
44,5635,0.9729077460036251,9.569228226193254e-07,0.026978449669635564,0.00011284740391643136,25,10,20
44,5636,0.922036449529957,5.987976739614097e-07,0.07795786964987511,5.082022494017211e-06,25,10,20
44,5637,0.8607551690793845,8.444145502587318e-07,0.1392355658104659,8.420695598701719e-06,25,10,20
44,5638,0.9201848311592897,5.782055358175118e-07,0.07980956196577944,5.028669394938049e-06,25,10,20
44,5639,0.9066267509101829,8.872478588175518e-07,0.09335199839287622,2.036344908231569e-05,25,10,20
44,5640,0.843120155248243,6.59185679657569e-06,0.15681749558966374,5.575730529637204e-05,25,10,20
44,5641,0.90045785757092,4.154785329099131e-07,0.0871695533490648,0.012372173601481691,25,10,20
44,5642,0.9218608539929936,4.02467188520557e-07,0.039473506371397564,0.038665237168420394,25,10,20
44,5643,0.9089112541050178,1.4416168527953748e-07,0.06539017001314805,0.025698431720149132,25,10,20
44,5644,0.905676670584883,7.157535318445905e-07,0.09419081622134697,0.0001317974402379752,25,10,20
44,5645,0.9243123037138109,4.063131565965587e-07,0.07048468504097126,0.0052026049320617485,25,10,20
44,5646,0.9243033146686815,6.958114498045982e-07,0.07555831907368529,0.00013767044618361957,25,10,20
44,5647,0.9484363527982939,4.238574997901902e-07,0.051411928426663145,0.0001512949175438531,25,10,20
44,5648,0.9358114517102004,6.420998763108612e-08,0.06417587819592643,1.2605883886662875e-05,25,10,20
44,5649,0.8822653339590542,3.3584311176014184e-06,0.10890597429568427,0.008825333314143426,25,10,20
44,5650,0.8979346890511519,6.887381713062388e-07,0.09325228940817162,0.008812332802504853,25,10,20
44,5651,0.9271895526245815,6.299673466893296e-07,0.07271003213999397,9.97852680774734e-05,25,10,20
44,5652,0.8874036562159953,2.7782092311175195e-06,0.112566215221901,2.7350352872696047e-05,25,10,20
44,5653,0.9217237228087574,3.230333481145164e-07,0.07824173940141335,3.4214756481823446e-05,25,10,20
44,5654,0.8967020983576508,8.512577185882277e-06,0.10325674516720465,3.2643897959419053e-05,25,10,20
44,5655,0.8005447438384095,9.439628374883671e-07,0.19939327796502582,6.103423372880866e-05,25,10,20
44,5656,0.8824187096887735,1.139540580209677e-05,0.11750197197073618,6.792293468830263e-05,25,10,20
44,5657,0.9653997659178118,1.1092112753733826e-05,0.03455373264293797,3.540932649645837e-05,25,10,20
44,5658,0.925146236105363,4.935662255970778e-07,0.07484333607064232,9.934257769132724e-06,25,10,20
44,5659,0.9224981765721916,5.669857502870841e-07,0.077487462233594,1.3794208463673887e-05,25,10,20
44,5660,0.8317808014550998,9.689375547214682e-07,0.16804084435136166,0.00017738525598351215,25,10,20
44,5661,0.8783359698614669,1.0654726028111918e-05,0.12145813242543665,0.00019524298706828213,25,10,20
44,5662,0.9162414252798011,2.3459534583866643e-07,0.08184946390173228,0.0019088762231210899,25,10,20
44,5663,0.9108786516550654,3.10542497049048e-05,0.0889546149997213,0.00013567909550870578,25,10,20
44,5664,0.8841213965180356,1.088327118515566e-06,0.11571083493989714,0.00016668021494932472,25,10,20
44,5665,0.9066990039783956,3.861409326750086e-06,0.09316190495338515,0.00013522965889217037,25,10,20
44,5666,0.7941121836485822,0.0012865686235975964,0.2044291922226809,0.00017205550514043158,25,10,20
44,5667,0.8382128930792621,5.006271714633416e-06,0.1617499307939269,3.216985509639849e-05,25,10,20
44,5668,0.8054368354057146,1.0898117208255766e-06,0.19452159330997637,4.0481472588154944e-05,25,10,20
44,5669,0.9425737395412535,7.123484785205212e-07,0.05739810303962035,2.7445070648215897e-05,25,10,20
44,5670,0.9204707994959143,1.0106341538992849e-05,0.07857081166909868,0.0009482824934480985,25,10,20
44,5671,0.9521325087920747,2.307057218732331e-06,0.047855240203313165,9.943947393873028e-06,25,10,20
44,5672,0.8849863733418079,6.197880250810405e-07,0.11494598530174725,6.702156841976129e-05,25,10,20
44,5673,0.8622604195213822,1.203066983587981e-06,0.13754043183628148,0.00019794557535237587,25,10,20
44,5674,0.8767816669980472,1.3127126229234618e-05,0.09198265052574989,0.031222555349973345,25,10,20
44,5675,0.8433762001139882,2.4764079002094135e-05,0.1214985109364661,0.035100524870543375,25,10,20
44,5676,0.8604406787503547,1.3123280834618497e-05,0.10447494214541457,0.03507125582339521,25,10,20
44,5677,0.8749387761637215,0.00028529814832251407,0.089702681430379,0.035073244257576644,25,10,20
44,5678,0.8391882098979554,0.00028542097948551195,0.12127826249927681,0.03924810662328243,25,10,20
44,5679,0.8599787596765971,0.0003046190543378193,0.10049480438661627,0.03922181688244874,25,10,20
44,5680,0.869345247647074,1.8539625096775764e-06,0.10493509506296414,0.025717803327451466,25,10,20
44,5681,0.8185920531532582,2.1320795741094954e-05,0.17675488390846897,0.004631742142532408,25,10,20
44,5682,0.885410884391255,4.704236110273086e-06,0.11446583634528151,0.00011857502735347746,25,10,20
44,5683,0.902153899844135,5.354824430051078e-06,0.0977210990682444,0.00011964626319037006,25,10,20
44,5684,0.9315209347805102,2.9111103758759142e-06,0.06833043839730467,0.0001457157118096261,25,10,20
44,5685,0.897465171054208,3.948751557978884e-05,0.10212675170266046,0.00036858972755129206,25,10,20
44,5686,0.9362281396669728,1.8421115367681255e-06,0.06335962071877856,0.0004103975027126826,25,10,20
44,5687,0.9305860595726234,1.1322690042268705e-06,0.06940055027553962,1.2257882832404259e-05,25,10,20
44,5688,0.8703718464986407,5.133622567421175e-05,0.129394046195015,0.00018277108066980412,25,10,20
44,5689,0.8895585670982122,4.937769909242764e-07,0.11025337360502521,0.0001875655197721886,25,10,20
44,5690,0.874989052182533,1.0526747621850441e-06,0.11362078155490918,0.011389113587795478,25,10,20
44,5691,0.8475508590310459,2.0349025043947355e-06,0.15230587070841636,0.00014123535803308658,25,10,20
44,5692,0.8454225742480551,4.43478547303512e-06,0.15455124495677341,2.174600969776929e-05,25,10,20
44,5693,0.9093295485637337,2.9587417395503207e-06,0.09046103896459919,0.00020645372992778813,25,10,20
44,5694,0.9156642179056085,3.433505058429963e-06,0.08413655727039338,0.0001957913189390158,25,10,20
44,5695,0.9348156534487108,4.379308172433224e-06,0.06498635722565003,0.000193610017466505,25,10,20
44,5696,0.8929411049069874,4.18176315220924e-06,0.10701989430319474,3.481902666566689e-05,25,10,20
44,5697,0.8792313707148227,0.0003173760978620068,0.12042469778825028,2.655539906527887e-05,25,10,20
44,5698,0.9221569269413662,1.2793761948870524e-05,0.07744336822970374,0.00038691106698077605,25,10,20
44,5699,0.9002560401023533,7.825827104152517e-06,0.09474601219246807,0.004990121878074555,25,10,20
44,5700,0.9084341950074486,2.1133006015198907e-05,0.09148658961277224,5.808237376415235e-05,25,10,20
44,5701,0.9144701510183899,4.234212469540818e-06,0.08551309409892335,1.2520670217102749e-05,25,10,20
44,5702,0.8924082077427089,4.288208420045861e-06,0.10627306983972312,0.0013144342091481243,25,10,20
44,5703,0.9538622583508808,1.4628612097026224e-07,0.04577278722389435,0.0003648081391035512,25,10,20
44,5704,0.8896884799464543,1.2474286421841208e-07,0.10640302599977862,0.0039083693109034185,25,10,20
44,5705,0.9346877198825464,3.264421435945342e-07,0.06500206368710995,0.0003098899882011186,25,10,20
44,5706,0.9071669783753635,0.00012497646337590905,0.0923645919153988,0.00034345324586154637,25,10,20
44,5707,0.936236329378911,6.385644699203477e-07,0.06370502780862862,5.8004247990217665e-05,25,10,20
44,5708,0.9775676550095429,2.4441915879887105e-07,0.022425643150026958,6.457421271102304e-06,25,10,20
44,5709,0.9564169882332729,1.734109282832094e-07,0.043575149182943244,7.68917285511077e-06,25,10,20
44,5710,0.9301638161780471,3.961049750148569e-06,0.06977709737377168,5.512539843104817e-05,25,10,20
44,5711,0.9666898932627652,3.858481703141323e-06,0.033278611036906484,2.7637218625629637e-05,25,10,20
44,5712,0.9365321162420305,3.90133289930732e-06,0.06313482208036944,0.0003291603447007495,25,10,20
44,5713,0.8670159028776332,0.00037036423383434667,0.1321958776688955,0.00041785521963654356,25,10,20
44,5714,0.8182448720565226,0.00034424796230126043,0.1813243158411458,8.656414003163427e-05,25,10,20
44,5715,0.8526427474636349,0.011341912517644308,0.13523334502728873,0.0007819949914322291,25,10,20
44,5716,0.9407370851415865,0.006666236925027988,0.05175127212486979,0.0008454058085152978,25,10,20
44,5717,0.9369305600219124,0.00982173910706837,0.05299538359748819,0.000252317273531069,25,10,20
44,5718,0.8884750845397381,0.006960982926542478,0.0995634454532535,0.005000487080466865,25,10,20
44,5719,0.8885598633671861,0.002015329089636547,0.10465220900784068,0.004772598535335912,25,10,20
44,5720,0.8962558716331931,1.0312296754589467e-07,0.10372480126034364,1.9223983495463507e-05,25,10,20
44,5721,0.8976736208590593,2.3013156013273968e-07,0.10210139584296206,0.0002247531664187272,25,10,20
44,5722,0.9137118375411798,5.387985891019622e-07,0.0862437343710562,4.388928917469416e-05,25,10,20
44,5723,0.9272196353678308,8.935387063073974e-07,0.07273831365330864,4.1157440154675266e-05,25,10,20
44,5724,0.9316755811995482,4.5747368070571115e-07,0.06713827890792869,0.0011856824188423284,25,10,20
44,5725,0.9150725408225107,9.211716702150337e-07,0.08427276814478853,0.0006537698610306036,25,10,20
44,5726,0.9080963444898995,2.537163818670683e-06,0.09159216334477067,0.0003089550015108135,25,10,20
44,5727,0.9098873246095845,1.8184895265037184e-06,0.0898063274283439,0.00030452947254499917,25,10,20
44,5728,0.9241384938653424,5.556400808388316e-07,0.07556138087431187,0.0002995696202655035,25,10,20
44,5729,0.9132037120969518,1.3746801161517292e-05,0.05287847117970162,0.03390406992218508,25,10,20
44,5730,0.8862013492784088,2.1884399618460348e-07,0.07433469423416764,0.039463737643427414,25,10,20
44,5731,0.8774623879520702,1.6087108236415335e-07,0.08307217325199144,0.039465277924856046,25,10,20
44,5732,0.9086541430970243,5.679119130193657e-07,0.05400941527747109,0.03733587371359167,25,10,20
44,5733,0.9348295056874337,1.307346642985722e-07,0.027847346988385993,0.03732301658951581,25,10,20
44,5734,0.8302891551821473,0.0005596031007609231,0.13175819297671781,0.03739304874037338,25,10,20
44,5735,0.875001540837069,0.0005602683700047192,0.0870408910268287,0.0373972997660976,25,10,20
44,5736,0.88680538132569,0.0003518338995806581,0.07381683575670005,0.03902594901802978,25,10,20
44,5737,0.8654097083943008,2.1047125622170645e-06,0.09534401668732684,0.039244170205810135,25,10,20
44,5738,0.8138879806153686,1.382631829374089e-06,0.14684409265776857,0.03926654409503323,25,10,20
44,5739,0.8823176592566233,1.1512347615901188e-06,0.0784597889799227,0.039221400528692635,25,10,20
44,5740,0.8307394082289784,1.5284881881843978e-06,0.13003883628423663,0.03922022699859615,25,10,20
44,5741,0.8023778852733813,5.203524385630446e-06,0.15806511727871975,0.03955179392351293,25,10,20
44,5742,0.8863577901214569,5.990100438734431e-06,0.0745826019991163,0.03905361777898854,25,10,20
44,5743,0.9233078700034091,5.132958448634275e-06,0.03763784651303006,0.03904915052511195,25,10,20
44,5744,0.8372826382183957,7.04548471286138e-07,0.12199653505773518,0.04072012217539804,25,10,20
44,5745,0.8538971936169767,1.1138278710898493e-05,0.10700561129172786,0.03908605681258423,25,10,20
44,5746,0.8679336674299019,1.2318768837616698e-05,0.12591693586854738,0.006137077932712946,25,10,20
44,5747,0.9234985094261319,3.9640375818029716e-07,0.07647698767292888,2.4106497181586732e-05,25,10,20
44,5748,0.9284886770051171,5.565468718658303e-07,0.0714876681097716,2.309833824003325e-05,25,10,20
44,5749,0.9462317125586663,6.322438554911138e-07,0.053728394490546394,3.926070693202021e-05,25,10,20
44,5750,0.8675184347178485,5.531022404447305e-06,0.1324554874311077,2.0546828638364888e-05,25,10,20
44,5751,0.8686850049924124,5.9470363820661635e-06,0.13129094961002957,1.809836117519759e-05,25,10,20
44,5752,0.8842473077428135,3.0321053631069454e-05,0.11567792954393705,4.444165961874666e-05,25,10,20
44,5753,0.8375634400735185,2.624921629692788e-06,0.16227314492743491,0.00016079007741701657,25,10,20
44,5754,0.8040566630202187,2.7204625955288408e-06,0.1957901835575656,0.00015043295962010057,25,10,20
44,5755,0.8743772382234648,2.433647652557723e-06,0.12561108616480593,9.241964076942237e-06,25,10,20
44,5756,0.9794241634393619,3.745965769413522e-07,0.020543718133654965,3.174383040653005e-05,25,10,20
44,5757,0.9694455161237255,2.550965669792365e-07,0.030548650255876796,5.578523830747564e-06,25,10,20
44,5758,0.9733294940073399,3.640352876807473e-07,0.02662328065910786,4.686129826481744e-05,25,10,20
44,5759,0.9235146384165388,1.150215298706136e-06,0.06945818272696247,0.0070260286412002545,25,10,20
44,5760,0.9107244210018917,1.359817853337575e-06,0.08227317617724783,0.007001043003007574,25,10,20
44,5761,0.9316514550457433,1.6714858424613968e-07,0.06834340104760278,4.976758070494152e-06,25,10,20
44,5762,0.9322535146824606,2.1859962679538602e-07,0.06761742335771935,0.00012884336019396053,25,10,20
44,5763,0.9090699266253869,5.20561708203037e-06,0.08965033775826309,0.0012745299992678485,25,10,20
44,5764,0.9093406750439442,6.5509345885128835e-06,0.08937592920617915,0.0012768448152873336,25,10,20
44,5765,0.8665050008593799,3.5259339391346625e-06,0.10450243393137028,0.02898903927531094,25,10,20
44,5766,0.8838873995399852,3.9049957443115083e-07,0.10647641592456925,0.009635794035871203,25,10,20
44,5767,0.8877516396633294,1.4966631390024814e-05,0.10259840835824889,0.00963498534703252,25,10,20
44,5768,0.9322076020633105,1.3756252066580724e-06,0.05815694536651386,0.009634076944968891,25,10,20
44,5769,0.9376484389042136,4.362410867972585e-07,0.06234386011172994,7.264742969120259e-06,25,10,20
44,5770,0.9157565765953586,1.1111233664107476e-06,0.0534765865383144,0.030765725742960152,25,10,20
44,5771,0.9011540901569305,1.4023054663117778e-06,0.06007954370515395,0.038764963832448804,25,10,20
44,5772,0.8550629242130934,1.108477536080748e-06,0.10592469565953051,0.039011271649840154,25,10,20
44,5773,0.8934832790322167,1.1747850754049435e-06,0.05818870902603754,0.048326837156670965,25,10,20
44,5774,0.8993277001738218,6.439881027877832e-07,0.05114898181986691,0.049522674018209,25,10,20
44,5775,0.7840516539554271,2.2250524236512895e-06,0.17529834016368478,0.04064778082846372,25,10,20
44,5776,0.808774284798868,1.3230529937723303e-06,0.15212834431267772,0.03909604783545977,25,10,20
44,5777,0.8185084964550097,4.841971281801629e-05,0.14198351853715427,0.039459565295018,25,10,20
44,5778,0.8759438157899332,4.8140546730743886e-05,0.0847363958203826,0.03927164784295299,25,10,20
44,5779,0.919169753534518,1.947015719057305e-06,0.041219363726963575,0.039608935722799,25,10,20
44,5780,0.873982013995578,7.240021981379181e-07,0.0863998645149255,0.039617397487298325,25,10,20
44,5781,0.8802711094025172,1.1990652893422086e-06,0.08025631306172762,0.039471378470465925,25,10,20
44,5782,0.8338904306953505,3.3455967541716606e-06,0.12663880973268532,0.03946741397520947,25,10,20
44,5783,0.9017864045323337,2.6334801753666446e-06,0.09791428376238671,0.00029667822510325936,25,10,20
44,5784,0.7805571274905304,3.1327850252652085e-05,0.2189977464173996,0.00041379824181595197,25,10,20
44,5785,0.9072340212186141,2.712671746209756e-06,0.09274946609590293,1.380001373673258e-05,25,10,20
44,5786,0.8603742480942068,3.555663213527658e-06,0.1396076501388666,1.4546103713259061e-05,25,10,20
44,5787,0.8483547217062274,8.64977351068836e-06,0.15162138132297354,1.5247197288494958e-05,25,10,20
44,5788,0.7773646162996188,1.0855371950059545e-05,0.22229076613482057,0.0003337621936118223,25,10,20
44,5789,0.7739003743960486,2.916318963830137e-05,0.22598719739350875,8.32650208048658e-05,25,10,20
44,5790,0.8670592929869252,1.0064450987675417e-05,0.13287064659430176,5.999596778601409e-05,25,10,20
44,5791,0.8719857333353367,1.0944301717894086e-06,0.1280073239659482,5.848268543084102e-06,25,10,20
44,5792,0.8776007896602761,8.960084219784084e-07,0.12233407284692427,6.424148437691116e-05,25,10,20
44,5793,0.9241624011994,1.3760526550971898e-06,0.07583423302699287,1.9897209522614888e-06,25,10,20
44,5794,0.9746037987260482,2.1585465419190794e-06,0.025386390409041833,7.652318368102537e-06,25,10,20
44,5795,0.9520186405049852,1.9168856845692146e-06,0.04791764375581727,6.179885351247908e-05,25,10,20
44,5796,0.9597684394267799,2.127603970666929e-06,0.040225130762960436,4.302206289418908e-06,25,10,20
44,5797,0.8944813471448587,2.436312720404923e-06,0.1050732815443694,0.00044293499804991173,25,10,20
44,5798,0.909863161795818,1.3538106084788806e-05,0.09005156515066898,7.173494742783763e-05,25,10,20
44,5799,0.9091376263376424,2.6842526739324478e-06,0.09085136967016309,8.31973952086394e-06,25,10,20
44,5800,0.9027582486417526,0.0004959887365925605,0.09670264587250711,4.311674914739637e-05,25,10,20
44,5801,0.8382044646885219,0.0005144806047901533,0.16115532662950036,0.00012572807718711344,25,10,20
44,5802,0.8905895860863703,0.0005063576333270721,0.10885706704015856,4.69892401440634e-05,25,10,20
44,5803,0.8420889744448148,1.2046305163979941e-05,0.15789407200105393,4.907248967698989e-06,25,10,20
44,5804,0.8035647554166288,0.0017723545212325353,0.19448338970566842,0.00017950035647142218,25,10,20
44,5805,0.856830497742274,1.761797713136893e-05,0.14312033699509258,3.154728550222826e-05,25,10,20
44,5806,0.8736799875896231,1.4355182756996825e-05,0.1262900966563936,1.5560571226148123e-05,25,10,20
44,5807,0.9284392858404168,3.9377589114585184e-05,0.07150405096578866,1.7285604679518325e-05,25,10,20
44,5808,0.925268420016756,4.671568080550653e-05,0.07463563699928502,4.922730315278661e-05,25,10,20
44,5809,0.9718356253488437,3.228988366252237e-06,0.028135715560850007,2.5430101939793018e-05,25,10,20
44,5810,0.9744948217761098,2.1211988859779736e-05,0.025473627357378775,1.0338877651357271e-05,25,10,20
44,5811,0.9590149048195713,5.814882406991033e-05,0.039673881462302316,0.001253064894056305,25,10,20
44,5812,0.9225852913915753,0.000311417096324926,0.07706284840655937,4.044310554065152e-05,25,10,20
44,5813,0.935293395960604,1.498818481869897e-05,0.06463624010639397,5.5375748183320295e-05,25,10,20
44,5814,0.8701205200035234,2.9883067845431142e-05,0.09043072514169558,0.03941887178693551,25,10,20
44,5815,0.9231370577137067,2.9463317945345676e-06,0.037277338533972776,0.03958265742052571,25,10,20
44,5816,0.9200958100142729,1.6798424908313285e-06,0.05259469253266058,0.027307817610575557,25,10,20
44,5817,0.9020966305608082,2.233382035990278e-06,0.057080316836950536,0.04082081922020541,25,10,20
44,5818,0.8665848666563973,6.961259261452715e-05,0.09422234292248,0.03912317782850688,25,10,20
44,5819,0.8083423195084144,2.077217653066847e-06,0.1525346869900989,0.039120916283833594,25,10,20
44,5820,0.9028767102279649,2.3533987269602207e-06,0.0579806936213032,0.03914024275200489,25,10,20
44,5821,0.8508495596596556,3.908483516833228e-06,0.12446811148651069,0.024678420370317696,25,10,20
44,5822,0.8603376149999629,1.0813094714777372e-06,0.1005303480702779,0.03913095562028785,25,10,20
44,5823,0.8849960528337399,6.249508929487024e-06,0.07588352765980408,0.0391141699975267,25,10,20
44,5824,0.8525561130667321,1.211402605031815e-06,0.10824632550493318,0.03919635002572992,25,10,20
44,5825,0.824685748064478,1.688345064016767e-06,0.13619073927891126,0.03912182431154656,25,10,20
44,5826,0.8248227090410231,5.484786215762642e-07,0.13605123327729365,0.039125509203061244,25,10,20
44,5827,0.8190110964677282,3.910619592557857e-07,0.14193744439481168,0.03905106807550057,25,10,20
44,5828,0.89217587778498,2.7226316453696108e-06,0.06872530327847576,0.03909609630489947,25,10,20
44,5829,0.8261192413220687,2.435399873121768e-06,0.1346505453558231,0.03922777792223469,25,10,20
44,5830,0.8550396763749682,6.077489689930617e-07,0.10898455534831436,0.03597516052774793,25,10,20
44,5831,0.9076188606884511,1.2173498079383278e-06,0.053102163741356526,0.039277758220384526,25,10,20
44,5832,0.8955094518707866,1.1755612570410669e-06,0.0650737069000294,0.039415665667926446,25,10,20
44,5833,0.8520192253809605,3.735333143644441e-07,0.11919692584256861,0.028783475243156848,25,10,20
44,5834,0.8324552543011836,8.232810909877859e-07,0.1333334835157914,0.034210438901933954,25,10,20
44,5835,0.8616524747931824,1.355486604215568e-06,0.09905378055663513,0.039292389163578426,25,10,20
44,5836,0.8782994556568893,9.59978778474497e-07,0.08240144173530721,0.03929814262902443,25,10,20
44,5837,0.8432031019092753,3.0733078542074208e-06,0.11763914064878583,0.039154684134084114,25,10,20
44,5838,0.8985706749739214,2.002655333900003e-06,0.07057557865850772,0.030851743712237104,25,10,20
44,5839,0.8656394255862129,1.6843283442778853e-06,0.09631739487431594,0.03804149521112702,25,10,20
44,5840,0.95881184572532,1.7246192519438923e-06,0.041156968908757606,2.9460746670999978e-05,25,10,20
44,5841,0.9286309702975385,8.392952726935305e-06,0.0713481129322148,1.252381751986692e-05,25,10,20
44,5842,0.9475688615222508,7.955961823377538e-06,0.05224140105093989,0.0001817814649862955,25,10,20
44,5843,0.9254225143871062,3.525238193872528e-06,0.07453463926007188,3.932111462835827e-05,25,10,20
44,5844,0.9146716587212421,2.96364917312438e-06,0.0852953845744315,2.9993055152548455e-05,25,10,20
44,5845,0.9650719845635847,1.804634787467669e-05,0.03490650797894477,3.461109596081617e-06,25,10,20
44,5846,0.9082496291875621,3.591753513667644e-06,0.09173688501484203,9.894044081957354e-06,25,10,20
44,5847,0.937191114905943,6.56075587877832e-06,0.06279775385196891,4.5704862088536005e-06,25,10,20
44,5848,0.964729574928887,6.5896093542632115e-06,0.03525974489748268,4.090564276102683e-06,25,10,20
44,5849,0.9420168644463079,4.163825593293552e-06,0.057805365784056775,0.00017360594404257937,25,10,20
44,5850,0.9734945490776065,7.912561582600182e-07,0.026357069854109034,0.00014758981212639508,25,10,20
44,5851,0.9529470797032731,7.135412894352238e-07,0.04690128208854435,0.00015092466689312707,25,10,20
44,5852,0.965027491991184,0.0002846145957048485,0.03453965870624156,0.00014823470686991706,25,10,20
44,5853,0.9696543829014825,9.869642023786728e-06,0.030328271084426213,7.476372067013202e-06,25,10,20
44,5854,0.919682063414426,1.221300095188665e-05,0.08030332579569573,2.397788926089425e-06,25,10,20
44,5855,0.92531763337624,1.4476444092686612e-06,0.0745130516167663,0.00016786736258458522,25,10,20
44,5856,0.9386410279690217,1.1428986620694104e-06,0.06117695018266232,0.00018087894965369402,25,10,20
44,5857,0.8842131274976356,5.17525790071034e-07,0.11496978364929136,0.0008165713272827757,25,10,20
44,5858,0.8971327342541412,1.1507023038174976e-06,0.10187061759770832,0.0009954974458474767,25,10,20
44,5859,0.9508540334053143,1.235329682893641e-06,0.048147760495113205,0.0009969707698897537,25,10,20
44,5860,0.9010690181865665,3.0952605501833565e-06,0.09890762825771907,2.025829516430395e-05,25,10,20
44,5861,0.8819712464581528,1.0358022842799112e-05,0.11793476553307405,8.362998592991653e-05,25,10,20
44,5862,0.8670913249668593,7.869515677027628e-06,0.12463065677613448,0.00827014874132969,25,10,20
44,5863,0.8809484436501718,7.4894338078939935e-06,0.11110394812696754,0.007940118789052908,25,10,20
44,5864,0.8792890850151949,9.546073598598558e-07,0.12068655794309814,2.340243434748386e-05,25,10,20
44,5865,0.9125998794765057,8.356191191065991e-07,0.08711802041186491,0.00028126449251022627,25,10,20
44,5866,0.9039108133742023,4.848395510715509e-06,0.09606447842489184,1.985980539450735e-05,25,10,20
44,5867,0.858698316418651,1.2304217750959522e-05,0.1412696953630172,1.9684000581591653e-05,25,10,20
44,5868,0.896363319880124,1.2053932355402622e-07,0.1036158038601719,2.075572038081089e-05,25,10,20
44,5869,0.9142009999652687,1.1516099198828288e-07,0.08579455456545088,4.330308288858791e-06,25,10,20
44,5870,0.9242679196290774,1.7610894281720149e-07,0.07572975470465393,2.149557326731162e-06,25,10,20
44,5871,0.9090215228676699,1.3107322908624849e-05,0.09093057844097617,3.479136844546103e-05,25,10,20
44,5872,0.9531297935171663,1.1694155883559453e-05,0.0468350321996914,2.348012725879968e-05,25,10,20
44,5873,0.9403904365992952,1.1885155796927265e-05,0.058799950698222234,0.0007977275466857076,25,10,20
44,5874,0.9440162900574403,1.0796144133673792e-05,0.05516519995136503,0.0008077138470607565,25,10,20
44,5875,0.9238818292546891,1.1737337666273548e-05,0.07609804811752681,8.385290117308963e-06,25,10,20
44,5876,0.8965591304163688,1.2828108282705852e-06,0.1034286110094662,1.0975763337060791e-05,25,10,20
44,5877,0.9172531889700956,8.103380612202309e-07,0.08268953575862431,5.646493321881516e-05,25,10,20
44,5878,0.9352834718001322,4.99555438311032e-05,0.06456336744022138,0.00010320521581541954,25,10,20
44,5879,0.9515038423654215,5.02247620799312e-07,0.04849308849686855,2.5668900887007914e-06,25,10,20
44,5880,0.9218171604614953,6.821401013789183e-06,0.07815616626507406,1.9851872416782313e-05,25,10,20
44,5881,0.8576783588075054,1.5641697910837e-05,0.1407893490190392,0.0015166504755449864,25,10,20
44,5882,0.921844110912922,5.708643435709448e-06,0.0766834931515059,0.0014666872921361685,25,10,20
44,5883,0.8396153770866503,0.00013166031382005097,0.15863112169316967,0.0016218409063600869,25,10,20
44,5884,0.9299077878046675,0.0001265351011612942,0.06838933438445179,0.0015763427097198765,25,10,20
44,5885,0.934667071709625,1.0511516294213817e-06,0.06528605964083309,4.581749791279976e-05,25,10,20
44,5886,0.9219452363288748,6.612859877660415e-07,0.07801697739020677,3.712499493070592e-05,25,10,20
44,5887,0.9239473948984447,6.7831410933487e-06,0.06681975592305825,0.009226066037403238,25,10,20
44,5888,0.9209040642153612,4.140131102438234e-05,0.06984322332767688,0.009211311145937753,25,10,20
44,5889,0.9318360852254106,3.585870826415595e-07,0.058975733990354454,0.009187822197152135,25,10,20
44,5890,0.9190235281889416,8.137150755362123e-07,0.04231774956377579,0.038657908532206464,25,10,20
44,5891,0.8526045943124199,1.0608780984914706e-06,0.12279462248789591,0.024599722321585853,25,10,20
44,5892,0.9072171682060158,1.9427806203334607e-07,0.06812115205401113,0.024661485461910906,25,10,20
44,5893,0.8530323342316168,0.00013526211944434312,0.11679812815207276,0.030034275496866138,25,10,20
44,5894,0.850985438193002,0.00012549989430912125,0.12427973383885751,0.02460932807383109,25,10,20
44,5895,0.8611612425986369,8.599011763449097e-07,0.09951142806919197,0.039326469430994035,25,10,20
44,5896,0.8939436977356716,1.4184799391962832e-07,0.0670374380040385,0.03901872241229644,25,10,20
44,5897,0.8698052443363353,8.163572332955754e-06,0.08816086476565128,0.042025727325680794,25,10,20
44,5898,0.8395020865614669,1.0297344541958742e-05,0.12121505177682572,0.039272564317166386,25,10,20
44,5899,0.8471105197676639,1.0019600056779678e-05,0.11665414859134493,0.036225312040934786,25,10,20
44,5900,0.8583626802617264,4.946785508588253e-05,0.10248293593626041,0.03910491594692809,25,10,20
44,5901,0.8211097747106747,4.942896518549977e-05,0.1435336963432849,0.03530709998085466,25,10,20
44,5902,0.8604067632236456,4.93182223705592e-05,0.10422507450980063,0.035318844044183305,25,10,20
44,5903,0.8346125220763213,9.171907764940757e-05,0.13011567329264898,0.03518008555338008,25,10,20
44,5904,0.8840135145154331,4.8656033797217205e-06,0.07684236149076941,0.03913925839041794,25,10,20
44,5905,0.8933129435344508,1.0691937670624704e-06,0.06757665603307438,0.03910933123870843,25,10,20
44,5906,0.9338981728021024,1.3232457900107444e-05,0.026637825792393603,0.03945076894760449,25,10,20
44,5907,0.9609363738132248,7.212469184350782e-07,0.03900384876239386,5.9056177463081406e-05,25,10,20
44,5908,0.9489710441979462,0.00031057787014406415,0.0506521924430899,6.618548881923669e-05,25,10,20
44,5909,0.906340646417847,0.00032627240615018294,0.09299527265984532,0.0003378085161572389,25,10,20
44,5910,0.8955999283825175,0.0003203664989506557,0.10366860529963462,0.00041109981889716666,25,10,20
44,5911,0.888958855489061,0.0003659471787237878,0.10861139223451075,0.002063805097704025,25,10,20
44,5912,0.8305702401333379,0.000366113907218238,0.16896366804369883,9.997791574609834e-05,25,10,20
44,5913,0.917410282286346,5.591880649543747e-05,0.08253151223741335,2.2866697448233575e-06,25,10,20
44,5914,0.8921466731475456,2.457339137481755e-05,0.10782158699374099,7.166467338357586e-06,25,10,20
44,5915,0.9544672322883148,5.931082101739212e-07,0.045527808385713596,4.366217761388786e-06,25,10,20
44,5916,0.9089954558711238,2.4433771189491012e-06,0.09096896802768777,3.313272406906584e-05,25,10,20
44,5917,0.9516881691994208,5.789880028870989e-05,0.04822470299867013,2.922900162067409e-05,25,10,20
44,5918,0.9465649226733569,5.804890244095866e-05,0.05336637395945302,1.065446474918879e-05,25,10,20
44,5919,0.9409024532640082,3.87281413643526e-06,0.05902426625302416,6.94076688308017e-05,25,10,20
44,5920,0.9231624605386847,3.5310993601755202e-06,0.07536971703883194,0.0014642913231226703,25,10,20
44,5921,0.8970282806323034,1.0427408986394532e-06,0.10146236402410906,0.0015083126026897977,25,10,20
44,5922,0.9367683237969247,5.034171534135637e-07,0.06320405614762038,2.711663830163301e-05,25,10,20
44,5923,0.9315093121499868,2.112280015211624e-06,0.06847143961845953,1.713595153812797e-05,25,10,20
44,5924,0.939466803708823,3.303246147290358e-06,0.06044303779848982,8.685524654000375e-05,25,10,20
44,5925,0.9177249056027705,2.1879921073024656e-06,0.0822007394546919,7.21669504306499e-05,25,10,20
44,5926,0.9010200511618257,9.406462508392022e-07,0.09895382526985083,2.5182922072968605e-05,25,10,20
44,5927,0.9369342822421419,3.3236610901993968e-06,0.06303633404421523,2.6060052553144976e-05,25,10,20
44,5928,0.9397693244962291,2.05478924521009e-05,0.060208047943719985,2.0796675984581895e-06,25,10,20
44,5929,0.9451499055402506,2.8851670628061438e-06,0.054828885439120484,1.8323853566785853e-05,25,10,20
44,5930,0.8972741600435318,1.4569278294300918e-06,0.10272184128417054,2.5417444683894413e-06,25,10,20
44,5931,0.9359983342186692,4.540300122243355e-07,0.06399700593230086,4.205819017999315e-06,25,10,20
44,5932,0.9019120647029752,2.1042260532987823e-07,0.09624337613003885,0.0018443487443809596,25,10,20
44,5933,0.8857102762617554,1.9986115428928743e-06,0.11421785432875892,6.987079794230863e-05,25,10,20
44,5934,0.906907430863659,2.1757949117569445e-06,0.09304561013837284,4.4783203056353254e-05,25,10,20
44,5935,0.9233283179676747,2.456850848287925e-07,0.07665701308729712,1.4423259943948047e-05,25,10,20
44,5936,0.8980048712845184,5.386014383745498e-05,0.10186999490103288,7.127367061125765e-05,25,10,20
44,5937,0.9188851206724561,2.713255676652173e-06,0.08109300902698907,1.915704487845279e-05,25,10,20
44,5938,0.9223856109680864,3.2908277708321066e-06,0.07758823152699913,2.286667714384192e-05,25,10,20
44,5939,0.9297124970405403,8.376933108133506e-06,0.0702660325619428,1.3093464409117666e-05,25,10,20
44,5940,0.8854670782188314,2.98769396980816e-06,0.11433900990481057,0.0001909241823875328,25,10,20
44,5941,0.8709201061757256,1.3627484414567305e-06,0.1288814919415068,0.0001970391343257331,25,10,20
44,5942,0.9206912479463157,1.5011571527810585e-06,0.0792713244705584,3.5926425972754026e-05,25,10,20
44,5943,0.9162221761399227,7.346778016122878e-06,0.08366725613017616,0.00010322095188482279,25,10,20
44,5944,0.8526448333747425,8.810936420362949e-06,0.1470133622360121,0.00033299345282494146,25,10,20
44,5945,0.856173614866261,1.4064165324800733e-06,0.14346280235473163,0.00036217636247503113,25,10,20
44,5946,0.896716941055835,5.092131533352872e-07,0.1032734960920605,9.053638951408184e-06,25,10,20
44,5947,0.8951696748745952,4.4583714964850034e-07,0.10475690278025951,7.297650799596916e-05,25,10,20
44,5948,0.9071451975317527,9.240973542766358e-07,0.0928488010795352,5.077291357266813e-06,25,10,20
44,5949,0.958777111700729,1.244309089528899e-06,0.04121939644096853,2.247549213246407e-06,25,10,20
44,5950,0.9649311557822233,1.200820942607346e-06,0.035032899818727564,3.474357810629618e-05,25,10,20
44,5951,0.9709451444849964,1.7459065326082057e-06,0.029042808877110717,1.0300731360061743e-05,25,10,20
44,5952,0.9665344928136839,1.1804774061984678e-06,0.03342876783723326,3.555887167676221e-05,25,10,20
44,5953,0.9415372336544968,1.170979066577241e-05,0.052496918357988136,0.005954138196848685,25,10,20
44,5954,0.921958699068236,1.1676450830664915e-05,0.07206728941487275,0.005962335066060049,25,10,20
44,5955,0.9425675173493278,4.87284082620619e-06,0.05431097975622948,0.003116630053616673,25,10,20
44,5956,0.9012906730716422,1.0527326953256636e-06,0.09870544928995838,2.82490570423618e-06,25,10,20
44,5957,0.8879548088498462,5.496865648543643e-07,0.11200872293403463,3.591852955426364e-05,25,10,20
44,5958,0.9259313141180882,4.032543112747512e-07,0.07402627743351421,4.2005194086475036e-05,25,10,20
44,5959,0.8866843381846736,6.612846889226545e-06,0.11323933537366015,6.97135947766042e-05,25,10,20
44,5960,0.8984336159415731,1.110463475492685e-05,0.10151760193459322,3.767748907845721e-05,25,10,20
44,5961,0.8841880376459195,1.805623536190642e-05,0.1157698748325326,2.403128618541512e-05,25,10,20
44,5962,0.8708680375152881,1.5837163248127914e-05,0.12910692440491994,9.200916543350977e-06,25,10,20
44,5963,0.8729001530766942,2.1574354874883955e-05,0.12683781531194613,0.00024045725648533616,25,10,20
44,5964,0.9492683125061454,2.6915778563168644e-06,0.05069896871881923,3.0027197178276645e-05,25,10,20
44,5965,0.9649923681632998,2.671004659050431e-06,0.034857924321261835,0.000147036510779635,25,10,20
44,5966,0.9534851053220206,2.292389739111109e-06,0.04649028685188537,2.23154363548018e-05,25,10,20
44,5967,0.8574321376161217,5.6013556367189335e-06,0.1418010276545847,0.0007612333736567347,25,10,20
44,5968,0.9025655547137151,5.219573480762246e-07,0.09739928426656631,3.463906237016936e-05,25,10,20
44,5969,0.9391620006964162,2.6238363585273163e-07,0.06080451205787441,3.322486207364553e-05,25,10,20
44,5970,0.8928887644156732,9.39674795347587e-06,0.10678737778171704,0.00031446105465645523,25,10,20
44,5971,0.9194122675864702,1.998546382262171e-05,0.08033751123298297,0.0002302357167242525,25,10,20
44,5972,0.8926943745707683,4.410846538380996e-06,0.10721639344760985,8.482113508374767e-05,25,10,20
44,5973,0.9693798623774219,8.683016705238058e-06,0.03050162661289702,0.00010982799297585156,25,10,20
44,5974,0.9099321323772074,2.592203489186311e-05,0.08995181553882706,9.013004907333633e-05,25,10,20
44,5975,0.9345023463854032,1.3487694018235544e-05,0.06531341914400453,0.00017074677657463744,25,10,20
44,5976,0.9095788464403429,8.649088424766015e-06,0.09039963434925875,1.2870121973757067e-05,25,10,20
44,5977,0.9433539930918693,2.0517593765638178e-06,0.056643073715938824,8.814328156608972e-07,25,10,20
44,5978,0.9481308752557447,3.178592874868784e-05,0.050387369187648995,0.0014499696278574845,25,10,20
44,5979,0.9331053459823515,3.247170002099564e-05,0.06542570621101612,0.0014364761066115825,25,10,20
44,5980,0.8987328959804306,3.180480875226593e-05,0.10096125808677073,0.0002740411240468694,25,10,20
44,5981,0.925626764773369,3.204060624797214e-05,0.07419061783355903,0.00015057678682374052,25,10,20
44,5982,0.9264468965383269,2.583812896743703e-06,0.07354475836542364,5.761283352475528e-06,25,10,20
44,5983,0.9023754229587334,6.964818187977672e-07,0.09761269688062241,1.1183678824589214e-05,25,10,20
44,5984,0.9160777857095596,2.669411696968084e-06,0.08349733677035955,0.00042220810838337013,25,10,20
44,5985,0.9280488787655429,1.1236147657541353e-06,0.07194950484747792,4.927722126511961e-07,25,10,20
44,5986,0.8758910799682377,2.8961136138791046e-05,0.12380372334540578,0.00027623555021798603,25,10,20
44,5987,0.8941874564788996,3.0402120374220694e-05,0.10557380717370267,0.0002083342270239915,25,10,20
44,5988,0.8412475669765139,2.9526175846488834e-05,0.15855251158718414,0.00017039526045529052,25,10,20
44,5989,0.8684134903139855,9.336661098786257e-07,0.13155898087827622,2.6595141627808262e-05,25,10,20
44,5990,0.9072442985664151,1.4102951005734282e-05,0.09263580666288629,0.0001057918196925435,25,10,20
44,5991,0.8777235841439832,4.354448825420723e-06,0.1222649259257312,7.135481460342193e-06,25,10,20
44,5992,0.9320515926897491,2.9303224369055924e-07,0.06794398284660591,4.131431400937331e-06,25,10,20
44,5993,0.9142288475761039,0.00010303165245204298,0.08557463891666739,9.348185477661584e-05,25,10,20
44,5994,0.8686204030263611,0.00011255427215341254,0.13122914265745522,3.79000440306901e-05,25,10,20
44,5995,0.907293981165602,0.00010325301189055959,0.09255696939414429,4.5796428363198564e-05,25,10,20
44,5996,0.9296323370565948,0.00010308835422614001,0.07010396031955589,0.00016061426962283388,25,10,20
44,5997,0.9252004288932073,1.659907259204533e-07,0.07364409066270994,0.0011553144533568884,25,10,20
44,5998,0.9123542893669877,3.500735752296509e-06,0.08651681359155373,0.0011253963057066103,25,10,20
44,5999,0.9177021513024143,8.132006759245272e-07,0.08116515168775913,0.0011318838091509782,25,10,20
44,6000,0.904230931374616,4.022652551864948e-07,0.09509469687603385,0.0006739694840948043,25,10,20
44,6001,0.8504351817114025,1.3646958892300228e-05,0.13750053268639215,0.012050638643312357,25,10,20
44,6002,0.8144211425564056,5.673649495654284e-06,0.17392403911553767,0.011649144678561176,25,10,20
44,6003,0.8785381558734757,7.482536905386345e-06,0.1214256541158527,2.8707473765666873e-05,25,10,20
44,6004,0.8994353599583882,4.179200902572537e-07,0.10054907338661997,1.5148734901218137e-05,25,10,20
44,6005,0.9626054486315968,1.412929187091069e-06,0.03738556609900424,7.57234021220303e-06,25,10,20
44,6006,0.9440657359997302,9.257013387248382e-07,0.03764103925140317,0.01829229904752801,25,10,20
44,6007,0.9316938094888383,1.8257213789321015e-06,0.049914900412205476,0.018389464377577335,25,10,20
44,6008,0.9065872324582389,1.6845589903654413e-05,0.05384871066554018,0.0395472112863174,25,10,20
44,6009,0.8848305682184706,2.7003367046479103e-07,0.07862817420348585,0.03654098754437251,25,10,20
44,6010,0.8928847224695712,1.8474984663203943e-06,0.08148873518107363,0.02562469485088868,25,10,20
44,6011,0.8590404288286416,3.163881003679714e-07,0.1018290028648296,0.03913025191842887,25,10,20
44,6012,0.8617337041224411,1.5909213234864417e-06,0.1120849213086691,0.026179783647565565,25,10,20
44,6013,0.8778030945519986,1.973331991944643e-06,0.0960115843647268,0.026183347751283628,25,10,20
44,6014,0.8528343961546929,1.7911701848803554e-05,0.11166038993910263,0.035487302204355524,25,10,20
44,6015,0.8007731187697806,2.366818606775827e-06,0.14887710560207146,0.05034740880954122,25,10,20
44,6016,0.865264795092617,1.7051801244918917e-05,0.09433014655853142,0.040388006547607,25,10,20
44,6017,0.8880058805350812,9.342517191455124e-06,0.07247425142912732,0.03951052551859937,25,10,20
44,6018,0.9135406364993675,5.968794270252844e-07,0.04701367946096298,0.039445087160242025,25,10,20
44,6019,0.9341325373436097,2.4685393340999618e-05,0.06052454767663306,0.005318229586415887,25,10,20
44,6020,0.8613417538385477,1.8162900092038646e-05,0.13194919599556007,0.006690887265799995,25,10,20
44,6021,0.9268560473774992,2.9835862649823195e-07,0.07296899409755143,0.0001746601663229658,25,10,20
44,6022,0.876850303370088,0.00032843647785283254,0.12278316697978621,3.809317227263328e-05,25,10,20
44,6023,0.8853923627382798,9.56009188595888e-06,0.11459317578241095,4.901387423297935e-06,25,10,20
44,6024,0.9158311418950552,1.2063356206672814e-06,0.0841602855536062,7.366215718205037e-06,25,10,20
44,6025,0.8759725990405449,8.417335555165658e-07,0.12402024045019559,6.318775705054523e-06,25,10,20
44,6026,0.8709316684754422,8.936368972817979e-06,0.129038593454325,2.080170125927056e-05,25,10,20
44,6027,0.9362706162182728,2.234621593076123e-06,0.06370998943288664,1.7159727247402655e-05,25,10,20
44,6028,0.8942250252745078,2.211550131813707e-06,0.1056739751897056,9.878798565492201e-05,25,10,20
44,6029,0.8973938278984938,1.5798769157212017e-06,0.1025678883443496,3.67038802413287e-05,25,10,20
44,6030,0.8066680616426634,5.329513264418722e-06,0.1932590672221189,6.754162195238006e-05,25,10,20
44,6031,0.8479129067764651,4.981238302790336e-06,0.15162173527165496,0.00046037671357764253,25,10,20
44,6032,0.9010063831604002,1.4939038307521923e-06,0.09864417063971834,0.0003479522960512456,25,10,20
44,6033,0.8452669735950005,2.2117505383453994e-06,0.11643830501319874,0.03829250964126184,25,10,20
44,6034,0.8415542292048758,1.5929235807828802e-05,0.15739894090474363,0.0010309006545731428,25,10,20
44,6035,0.7851134471032388,1.7394854272030705e-05,0.21425955083876908,0.0006096072037212972,25,10,20
44,6036,0.9192649732797116,8.344862075091688e-06,0.08070276093382553,2.3920924387631132e-05,25,10,20
44,6037,0.9055329363370009,8.704646025645648e-06,0.0944290203635101,2.9338653463215548e-05,25,10,20
44,6038,0.8953498835132205,1.7189779897358978e-05,0.10460778649048903,2.5140216393244357e-05,25,10,20
44,6039,0.9321187376040956,9.281594433527267e-08,0.06787186242370485,9.307156255016309e-06,25,10,20
44,6040,0.950665662141018,4.1829246728853047e-07,0.04933090237049979,3.0171960147265987e-06,25,10,20
44,6041,0.9450113811783466,7.009290278743217e-07,0.05497927495529925,8.642937325934329e-06,25,10,20
44,6042,0.9468260557290635,0.00032563814730154797,0.05283143093999678,1.6875183638556862e-05,25,10,20
44,6043,0.9341995170819501,0.0003266596112000509,0.06544061898991252,3.32043169368966e-05,25,10,20
44,6044,0.9375711677422797,0.0003313409045452078,0.06205679660375758,4.069474941734077e-05,25,10,20
44,6045,0.8827408691924148,0.000326011851559141,0.1168988010874282,3.431786859757541e-05,25,10,20
44,6046,0.9118673399688759,2.0945635901272212e-07,0.08809879149843958,3.365907632474252e-05,25,10,20
44,6047,0.969501244744904,5.244623972788866e-05,0.030189871053236398,0.0002564379621317782,25,10,20
44,6048,0.982942738624895,4.0275990307792196e-07,0.01704781594318429,9.042672017412625e-06,25,10,20
44,6049,0.9723384521314817,1.315084511997734e-07,0.027656576587607583,4.839772459578169e-06,25,10,20
44,6050,0.940739209151427,1.2196333280043934e-07,0.05923191770721326,2.875117802649809e-05,25,10,20
44,6051,0.9177219807379212,4.178214488205299e-07,0.08227361475787154,3.986682758479189e-06,25,10,20
44,6052,0.9272418613454724,6.4495917501984e-07,0.07275091960249143,6.574092861096225e-06,25,10,20
44,6053,0.9374883168059236,8.493335023605217e-06,0.06245847413328765,4.4715725765469615e-05,25,10,20
44,6054,0.9506530560156318,8.885700274672189e-06,0.048448788158732096,0.0008892701253612903,25,10,20
44,6055,0.956035481853769,7.089706606021823e-06,0.04372572004622803,0.0002317083933972934,25,10,20
44,6056,0.9139676942953555,1.2858863062883401e-05,0.0857359976332615,0.0002834492083197085,25,10,20
44,6057,0.9637940431142041,1.0792382600798607e-06,0.032595111838511735,0.0036097658090243163,25,10,20
44,6058,0.9362710141068884,1.2181227624891311e-05,0.06370236697039185,1.4437695095498015e-05,25,10,20
44,6059,0.9148933288540445,0.016628053921198156,0.06838106414093675,9.755308382098794e-05,25,10,20
44,6060,0.9032521637631633,0.016627851208334637,0.07360986575436805,0.006510119274134267,25,10,20
44,6061,0.8265290828571636,0.009849742596759603,0.16301746635250539,0.0006037081935722199,25,10,20
44,6062,0.8560909361441797,1.2625808279825894e-07,0.14328193514217863,0.0006270024555587277,25,10,20
44,6063,0.849945865459878,7.43709184621146e-05,0.1493462350669239,0.0006335285547362275,25,10,20
44,6064,0.9300092732147531,6.706557934534201e-06,0.06937321882475224,0.0006108014025604058,25,10,20
44,6065,0.9392739133704313,1.0088991178206442e-05,0.06017259896624439,0.0005433986721462186,25,10,20
44,6066,0.9301673702008102,7.856730275744236e-07,0.06979349936930448,3.83447568578629e-05,25,10,20
44,6067,0.8890283761561755,0.0006731870458333018,0.1096285480696802,0.000669888728310388,25,10,20
44,6068,0.9055101303268609,0.000675209344595555,0.09312210446122465,0.0006925558673187886,25,10,20
44,6069,0.9209907486596625,5.4815878715831745e-06,0.07834649474043519,0.0006572750120311199,25,10,20
44,6070,0.9318111066822945,1.5927294727110714e-06,0.06752610587573914,0.0006611947124936704,25,10,20
44,6071,0.8979625582769607,7.137113253445702e-07,0.10137588564135223,0.0006608423703623958,25,10,20
44,6072,0.8952648635758425,1.444553667381869e-07,0.10399341256442866,0.0007415794043621674,25,10,20
44,6073,0.9181598838356569,1.6356262431015254e-05,0.08115865352849452,0.0006651063734181412,25,10,20
44,6074,0.8994235526969431,1.1685958714823866e-06,0.09988319500806987,0.0006920836991159537,25,10,20
44,6075,0.9669212360618838,1.7376444526052444e-06,0.033074173308270234,2.85298539335276e-06,25,10,20
44,6076,0.9368130178214225,0.001576896808237427,0.0616047827411019,5.302629238680267e-06,25,10,20
44,6077,0.9261247995542061,3.532074866133416e-07,0.07385425363937431,2.059359893275806e-05,25,10,20
44,6078,0.9005728567253415,5.653700094337883e-07,0.09933226587736294,9.431202728494254e-05,25,10,20
44,6079,0.9031132589944597,1.5477157330137016e-06,0.0968652894745205,1.9903815286074304e-05,25,10,20
44,6080,0.8906581583782401,2.184038552280183e-05,0.10927574081792157,4.426041831606621e-05,25,10,20
44,6081,0.8790737360142106,2.9932522041645555e-07,0.11498263862845602,0.0059433260321121485,25,10,20
44,6082,0.8722549448316612,3.26285759082256e-06,0.12166785377540112,0.0060739385353477185,25,10,20
44,6083,0.9060641953839901,1.0667603168450883e-06,0.0938056418366854,0.0001290960190081022,25,10,20
44,6084,0.9079005676121015,9.705120958773198e-05,0.09157963504464706,0.0004227461336640527,25,10,20
44,6085,0.974615924879386,6.86355146659378e-07,0.0253435418068184,3.984695864965951e-05,25,10,20
44,6086,0.8974701936863354,1.9506734881163086e-07,0.10247608159862538,5.352964769052244e-05,25,10,20
44,6087,0.8991320508146761,1.343678977550675e-06,0.10085111557790423,1.548992844193124e-05,25,10,20
44,6088,0.8544969834627392,3.124308714353469e-06,0.14538951925641758,0.00011037297212794598,25,10,20
44,6089,0.9308072737061944,3.470058536910123e-05,0.06901200427373214,0.00014602143470396535,25,10,20
44,6090,0.960726255438346,6.1281877266052235e-06,0.039262410756946614,5.205616981314086e-06,25,10,20
44,6091,0.9678081278289499,1.1682117371299814e-05,0.03213523420526006,4.4955848418757394e-05,25,10,20
44,6092,0.9703848561167538,1.1447174005816507e-05,0.029570700253929934,3.29964553103446e-05,25,10,20
44,6093,0.9721200225158837,5.415183712446534e-07,0.027875766879484756,3.6690862601682223e-06,25,10,20
44,6094,0.9258913523344802,2.277603812123619e-05,0.07407624793591419,9.623691484498847e-06,25,10,20
44,6095,0.9544683421274839,6.238898489001537e-07,0.045496746638620786,3.428734404688146e-05,25,10,20
44,6096,0.9278438374378496,8.029936579009021e-07,0.07204377697092741,0.0001115825975652962,25,10,20
44,6097,0.881376078709766,1.2011723674164377e-06,0.11795663927511449,0.0006660808427518389,25,10,20
44,6098,0.9003810812244223,1.29855732821127e-06,0.09949768743806287,0.00011993278018700535,25,10,20
44,6099,0.8350208693828649,6.206448663485917e-07,0.1255870806323312,0.03939142933993829,25,10,20
44,6100,0.8930416682939644,3.319092276250431e-07,0.06778351772828758,0.03917448206852085,25,10,20
44,6101,0.9217459720063126,3.422804615270422e-07,0.03925847202178319,0.03899521369144265,25,10,20
44,6102,0.9747729775451321,2.777758736088672e-07,0.02519254124475518,3.4203434238831603e-05,25,10,20
44,6103,0.9479863499538793,1.142691795238734e-06,0.051981480071217154,3.1027283107800156e-05,25,10,20
44,6104,0.9124104696491214,1.4117270515863395e-07,0.08758131919093465,8.069987238582571e-06,25,10,20
44,6105,0.9101499053227114,2.851279025016674e-06,0.08983799230698251,9.251091281085241e-06,25,10,20
44,6106,0.9129093809719894,3.071041844274507e-07,0.08695009809528882,0.00014021382853783806,25,10,20
44,6107,0.8976454326399123,4.5811095464293455e-06,0.10225530611852561,9.468013201549647e-05,25,10,20
44,6108,0.8484915162427606,8.018877345409023e-05,0.15096282707578554,0.0004654679079991453,25,10,20
44,6109,0.8770186000514879,1.2927335949718693e-07,0.12293112239217976,5.0148282972209665e-05,25,10,20
44,6110,0.9174676234951386,1.3836964183200132e-07,0.08251646216310991,1.5775972109399512e-05,25,10,20
44,6111,0.8853768520013736,4.60250120474816e-06,0.11461049196713763,8.053530283641629e-06,25,10,20
44,6112,0.8806113937104955,0.00034739958327106656,0.11868744402190178,0.0003537626843318962,25,10,20
44,6113,0.8477521576677176,1.4970013870486063e-07,0.14765762432429524,0.004590068307848852,25,10,20
44,6114,0.8973171797384542,1.8175136895333395e-05,0.10260828730883106,5.6357815819560896e-05,25,10,20
44,6115,0.8863666383205064,2.0732404586145803e-05,0.11356132168900522,5.1307585902303015e-05,25,10,20
44,6116,0.8934829806778538,3.2603222513318005e-05,0.10641095246866937,7.346363096392274e-05,25,10,20
44,6117,0.8690756806890725,0.009727206147027007,0.12108935306243813,0.00010776010146258596,25,10,20
44,6118,0.9029355985370867,0.0013166961597686614,0.09570968214098195,3.802316216266506e-05,25,10,20
44,6119,0.9325986477992406,1.0271812372797143e-06,0.06738979229759896,1.0532721923108221e-05,25,10,20
44,6120,0.8943869929574169,1.9011236091827928e-06,0.10540422760969508,0.00020687830927930791,25,10,20
44,6121,0.9347731193956192,1.2310539553234003e-06,0.06501762107330775,0.00020802847711727082,25,10,20
44,6122,0.9767667438706168,1.3402685019196214e-06,0.02321647343989644,1.544242098476953e-05,25,10,20
44,6123,0.9161682612585608,2.529852560123898e-06,0.05512480389277683,0.028704404996102127,25,10,20
44,6124,0.926752981603102,4.6053747058444444e-06,0.04432719851145946,0.028915214510732836,25,10,20
44,6125,0.924143536659549,7.633119224269488e-06,0.053117104502391,0.022731725718835683,25,10,20
44,6126,0.889853864358101,3.796811330703043e-05,0.07101219555249562,0.039095971976095746,25,10,20
44,6127,0.8082096964735622,3.8287885013050286e-05,0.152589654838274,0.03916236080315135,25,10,20
44,6128,0.919018397630111,1.8715717516674157e-07,0.041783559937964086,0.039197855274749574,25,10,20
44,6129,0.8953527511949031,1.44853293630454e-05,0.0654261407770194,0.03920662269871425,25,10,20
44,6130,0.852465865814493,1.457980030442688e-05,0.10847632301059446,0.03904323137460831,25,10,20
44,6131,0.8943262020969854,2.4143529739311613e-05,0.06600373921853525,0.03964591515474046,25,10,20
44,6132,0.8962996560798318,1.684751829792263e-06,0.06900977599131342,0.03468888317702492,25,10,20
44,6133,0.9134475262528358,0.0003875015083900091,0.08246563981771202,0.003699332421062728,25,10,20
44,6134,0.8992442703635531,1.6795537056142878e-06,0.09725041292706864,0.003503637155671628,25,10,20
44,6135,0.9454530799582315,3.276037532384287e-06,0.052164104637096115,0.0023795393671406937,25,10,20
44,6136,0.9260174394107815,3.6066252891515605e-06,0.07394749442808601,3.145953584337883e-05,25,10,20
44,6137,0.9633178689241843,3.014978176368885e-07,0.03666874554425912,1.308403373940081e-05,25,10,20
44,6138,0.9155826521282903,1.0138627714266163e-06,0.08440721034477106,9.123664167857782e-06,25,10,20
44,6139,0.9193497478682744,9.722753018018097e-07,0.08053155831013488,0.00011772154628913466,25,10,20
44,6140,0.8862895360334138,0.0010591087898183444,0.1126422917501036,9.063426664800591e-06,25,10,20
44,6141,0.9337249652096502,2.367114507929726e-05,0.06624584084632225,5.522798948389443e-06,25,10,20
44,6142,0.9266458169736767,2.399455649408926e-05,0.0733218873262813,8.301143548276605e-06,25,10,20
44,6143,0.8979587595414116,5.281387677704028e-07,0.10203377180220703,6.9405176138069295e-06,25,10,20
44,6144,0.9344246474228703,1.1697938809076028e-05,0.06553366578732814,2.9988850992448914e-05,25,10,20
44,6145,0.8953450700593012,2.331950149184409e-06,0.10463465366371395,1.7944326836010384e-05,25,10,20
44,6146,0.9131203360415592,7.905165479281288e-07,0.08683705139895471,4.1822042938444765e-05,25,10,20
44,6147,0.9189019993247107,1.7028996538297045e-06,0.08055054305894556,0.0005457547166905749,25,10,20
44,6148,0.8505289675746893,1.6896377801525845e-05,0.1486745964337874,0.0007795396137218763,25,10,20
44,6149,0.8852972071119923,1.8062935039603156e-05,0.11440636473397553,0.0002783652189921794,25,10,20
44,6150,0.9133913621950052,1.1648938283203956e-06,0.08631585580091226,0.0002916171102540733,25,10,20
44,6151,0.9522913657073084,4.1013137407262675e-06,0.04770065198221971,3.880996731715519e-06,25,10,20
44,6152,0.948495192900427,1.0097338953138446e-06,0.051500306635381625,3.490730296118258e-06,25,10,20
44,6153,0.9088484221096377,0.00012880270573823545,0.09098043053633381,4.234464829048502e-05,25,10,20
44,6154,0.8679789357372886,0.00012347468391398018,0.13184544014402447,5.2149434772513576e-05,25,10,20
44,6155,0.8730529029213189,0.00012145372615192371,0.12673617725343994,8.946609908880113e-05,25,10,20
44,6156,0.9034625891142436,1.9192367068649467e-07,0.09650427090088882,3.294806119693053e-05,25,10,20
44,6157,0.9253698489517093,1.2811748902986732e-06,0.07458336757777614,4.5502295624349584e-05,25,10,20
44,6158,0.9333113009597467,4.9915438306509325e-06,0.05685690730966309,0.009826800186759199,25,10,20
44,6159,0.8992653359056759,9.491401169164682e-06,0.10071930595742541,5.866735729271161e-06,25,10,20
44,6160,0.8968410449169646,9.503153921866715e-06,0.10141190138848448,0.0017375505406291522,25,10,20
44,6161,0.9101652601293045,2.0078601328983704e-06,0.08968819761462563,0.00014453439593705613,25,10,20
44,6162,0.8874790658133946,2.697708011860362e-06,0.11236477914423854,0.00015345733435481924,25,10,20
44,6163,0.8359580401362805,1.0370473888693561e-05,0.16401343732236084,1.8152067468264196e-05,25,10,20
44,6164,0.8941891151815109,9.561980832692316e-06,0.10578609121658136,1.5231621075010482e-05,25,10,20
44,6165,0.8730984992185431,9.602439784614239e-06,0.1268410452620453,5.085307962711412e-05,25,10,20
44,6166,0.9312483469513131,1.4240440903831564e-05,0.06868975816980438,4.7654437978498665e-05,25,10,20
44,6167,0.9496818822413041,1.6409372757203252e-05,0.050270858386458485,3.084999948062939e-05,25,10,20
44,6168,0.9353542155668849,1.5252041572822068e-06,0.06460869423979697,3.556498916106794e-05,25,10,20
44,6169,0.9339849817501289,1.551750293666429e-06,0.06600773094227737,5.735557299763715e-06,25,10,20
44,6170,0.9063215456186097,1.693493309743589e-05,0.09364370884900045,1.7810599292436162e-05,25,10,20
44,6171,0.9510994428259134,1.845727072186776e-07,0.04887777211487663,2.2600486503362803e-05,25,10,20
44,6172,0.9140348247550301,3.7158870735673104e-06,0.08594491620993239,1.654314796548513e-05,25,10,20
44,6173,0.9378537877946763,2.73425347384193e-07,0.06214055213005169,5.386649924654718e-06,25,10,20
44,6174,0.9604869467967129,1.5561764146097828e-06,0.03949166429508892,1.9832731784119835e-05,25,10,20
44,6175,0.9555470309126849,2.7565463252014596e-06,0.04428149720614136,0.00016871533484873105,25,10,20
44,6176,0.9101541934548346,3.09456488863492e-06,0.08967619712954163,0.0001665148507357323,25,10,20
44,6177,0.9205082298257367,2.1201522355975154e-06,0.07441955045449149,0.005070099567536136,25,10,20
44,6178,0.9352320362966163,3.4155252046041307e-06,0.05968730074218064,0.005077247435998388,25,10,20
44,6179,0.9439591592892006,3.7313954937310555e-05,0.05598793776114186,1.5588994719489446e-05,25,10,20
44,6180,0.8987543875426701,3.733398143590953e-05,0.1011533721571081,5.490631878594233e-05,25,10,20
44,6181,0.9447029777633906,5.170540221026966e-07,0.05529538964068969,1.1155418974263983e-06,25,10,20
44,6182,0.8901500144400177,1.961437948700987e-06,0.10130274865345294,0.008545275468579746,25,10,20
44,6183,0.8748941056158027,7.016615215285357e-06,0.11655354640254423,0.008545331366437304,25,10,20
44,6184,0.872918518755526,5.61568228799041e-06,0.07945871808335905,0.047617147478826505,25,10,20
44,6185,0.9115102033967848,5.4093298311966755e-06,0.04904336246327804,0.03944102481010552,25,10,20
44,6186,0.8780048324931182,2.5558704232042295e-05,0.1217804915205381,0.00018911728211248,25,10,20
44,6187,0.9213903983542238,2.439398605610483e-05,0.0783345989952943,0.00025060866442565635,25,10,20
44,6188,0.9154036395235927,1.1465800457878523e-06,0.08457885706869134,1.6356827669499927e-05,25,10,20
44,6189,0.9644207594425093,1.3797146157589745e-07,0.03537081685916273,0.000208285726866205,25,10,20
44,6190,0.9403360211329815,1.021233965294068e-06,0.05951769164790016,0.00014526598515325373,25,10,20
44,6191,0.8859275049653877,1.9927618441884058e-07,0.11404798221160839,2.4313546819658844e-05,25,10,20
44,6192,0.8568881770265798,6.007955070514167e-07,0.1431002097306318,1.1012447281045015e-05,25,10,20
44,6193,0.8877118103749184,3.2849059161769725e-05,0.1122441904023957,1.1150163524773354e-05,25,10,20
44,6194,0.8259770029033789,0.003308288192172519,0.17070739355881226,7.315345635024705e-06,25,10,20
44,6195,0.8089471510847267,0.003328926105057132,0.18772132665042002,2.596159796358565e-06,25,10,20
44,6196,0.8895308897011479,3.994011998305261e-05,0.11042260195847023,6.568220397850103e-06,25,10,20
44,6197,0.9015919063770167,4.0462552826234605e-05,0.09835832206600673,9.30900415011143e-06,25,10,20
44,6198,0.8298403083005483,2.6669915214186787e-05,0.16874636665489187,0.0013866551293444248,25,10,20
44,6199,0.8642666688054849,2.071508274059386e-05,0.13489764361395193,0.0008149724978220679,25,10,20
44,6200,0.8678612728283137,0.00017962735512032282,0.13168567205093948,0.00027342776562608274,25,10,20
44,6201,0.8845940182452552,1.3510169267451752e-06,0.11534768192859036,5.6948809227346344e-05,25,10,20
44,6202,0.9284432007751389,1.2842010755921215e-06,0.07048416445488312,0.0010713505689025269,25,10,20
44,6203,0.9209125123602948,0.0001297904378751113,0.07862459462870962,0.0003331025731199843,25,10,20
44,6204,0.8948001168555609,0.00012956026079806535,0.10488038881740128,0.0001899340662393316,25,10,20
44,6205,0.9252716256619701,1.4447437477329518e-05,0.07461936789609347,9.455900445876435e-05,25,10,20
44,6206,0.9271564454087524,1.439072543095962e-05,0.07001131917907047,0.0028178446867463064,25,10,20
44,6207,0.885593897150212,1.4782453259199117e-05,0.11246871010452963,0.001922610291999193,25,10,20
44,6208,0.9589258967480315,7.85564180715561e-07,0.041069664916066256,3.652771721290344e-06,25,10,20
44,6209,0.9386292828875864,1.9349793423493743e-06,0.06133470387894503,3.407825412585971e-05,25,10,20
44,6210,0.9835541628325024,5.32858027618593e-08,0.016412770873570875,3.301300812434079e-05,25,10,20
44,6211,0.9546924139517051,1.1260497359929862e-07,0.04530627472340723,1.1987199140426797e-06,25,10,20
44,6212,0.9647308489935961,1.5346420327110454e-07,0.035262425404629545,6.572137570838109e-06,25,10,20
44,6213,0.9266161876675811,7.93544739892646e-07,0.07337359707062319,9.421717056113674e-06,25,10,20
44,6214,0.9287820332466288,4.720544798206231e-07,0.0711001873312165,0.00011730736767485553,25,10,20
44,6215,0.9157744164947819,1.1088359226347144e-05,0.08410283485712693,0.00011166028886524474,25,10,20
44,6216,0.9278852838933436,7.610087657505104e-06,0.07162669801291767,0.00048040800608136847,25,10,20
44,6217,0.942625021822697,6.406904363516051e-07,0.056898160858288784,0.00047617662857855214,25,10,20
44,6218,0.9292980743411304,4.83844122716954e-06,0.07017089797328283,0.0005261892443600053,25,10,20
44,6219,0.9205579257099998,4.918513144083671e-06,0.07904635784074382,0.00039079793611244626,25,10,20
44,6220,0.9367208604623513,4.865813003865055e-06,0.062435294522008425,0.0008389792026370162,25,10,20
44,6221,0.9232446659201081,3.229390615046517e-07,0.07672718136349552,2.7829777334197574e-05,25,10,20
44,6222,0.9410279593626177,2.9700631816317705e-07,0.058941273651709106,3.0469979354425867e-05,25,10,20
44,6223,0.9118088973298377,3.688333563733861e-06,0.08815253205988785,3.488227671150893e-05,25,10,20
44,6224,0.896614512073068,2.0956628662414703e-06,0.10337680767884799,6.584585218510112e-06,25,10,20
44,6225,0.9317186435001154,1.8536992489222212e-07,0.06827505148323178,6.119646728229352e-06,25,10,20
44,6226,0.8934071944922883,1.7979909962459257e-05,0.10655443002320988,2.039557453894717e-05,25,10,20
44,6227,0.9159202281984297,2.0330549806596216e-06,0.08405871338650549,1.902536008433498e-05,25,10,20
44,6228,0.9113821650334237,1.2899393942632946e-05,0.08654656885966279,0.0020583667129706906,25,10,20
44,6229,0.8984087738700708,7.926910879914322e-06,0.09912990363694617,0.0024533955821025135,25,10,20
44,6230,0.918920148825504,3.3685285918911154e-07,0.08055377915497708,0.0005257351666599797,25,10,20
44,6231,0.8596691832786543,0.00041229380800687033,0.13990665855702067,1.1864356318191332e-05,25,10,20
44,6232,0.8677505916942322,7.572616647653899e-05,0.13190926818170576,0.00026441395758580537,25,10,20
44,6233,0.886858654933916,7.728268920296558e-05,0.11278005912210536,0.0002840032547752362,25,10,20
44,6234,0.8698836000699183,8.022528778886139e-07,0.12978036260602788,0.00033523507117546675,25,10,20
44,6235,0.9096679934881132,2.019272311407435e-05,0.09020413229877346,0.00010768148999972083,25,10,20
44,6236,0.9153324678448138,6.878845820139784e-07,0.08050323150398073,0.0041636127666233045,25,10,20
44,6237,0.8931859841860544,2.74708508723331e-07,0.10623089201018494,0.0005828490952525749,25,10,20
44,6238,0.953317742752255,4.240817972990912e-07,0.046134411958677395,0.0005474212072710751,25,10,20
44,6239,0.9711152422317301,7.761222349187503e-06,0.02862858675580016,0.0002484097901209109,25,10,20
44,6240,0.9695816682133126,5.476318818214024e-08,0.030044406249980747,0.000373870773518364,25,10,20
44,6241,0.9185947192903139,0.0003640484844666038,0.08026038686111597,0.0007808453641034634,25,10,20
44,6242,0.8771957389919884,0.0002617379705448188,0.12145276362730219,0.0010897594101648316,25,10,20
44,6243,0.9222013874016446,0.0002651588435967784,0.07668796978909774,0.0008454839656611196,25,10,20
44,6244,0.9518891909378232,5.484977145733281e-07,0.0480865025412408,2.375802322168302e-05,25,10,20
44,6245,0.9383077431246015,2.8971761267675655e-05,0.06165703323818585,6.251875945056572e-06,25,10,20
44,6246,0.8994923577760808,5.7850977605274705e-06,0.10049669000869146,5.167117466998505e-06,25,10,20
44,6247,0.9210011460439965,2.6475495145652292e-06,0.07898814244149059,8.063964998268861e-06,25,10,20
44,6248,0.9523044370869498,3.21542776582499e-08,0.04768497247623069,1.0558282541520919e-05,25,10,20
44,6249,0.9293486951863185,4.0832585274019236e-05,0.07054740737830988,6.306485009782111e-05,25,10,20
44,6250,0.9271226199979327,4.11229306347671e-05,0.07282152755210508,1.4729519327538957e-05,25,10,20
44,6251,0.9338456284756573,1.0044242414664333e-06,0.06606035801894794,9.300908115287972e-05,25,10,20
44,6252,0.9003340743344198,2.13202757857151e-05,0.09962766634527456,1.6939044520092137e-05,25,10,20
44,6253,0.9250483528993928,6.939823908006621e-07,0.07493248951517548,1.8463603041838622e-05,25,10,20
44,6254,0.9086877326713485,8.045637526203517e-07,0.09120941041244686,0.00010205235245158386,25,10,20
44,6255,0.9132786134078615,1.126625078342295e-06,0.08670215655874156,1.8103408317858128e-05,25,10,20
44,6256,0.9582325209131177,7.371757191706854e-07,0.04175205736677083,1.468454439199584e-05,25,10,20
44,6257,0.9283099631917631,5.750259696519686e-07,0.0716701179485287,1.9343833738483262e-05,25,10,20
44,6258,0.9324317875435245,7.972259857677865e-07,0.06748959188026564,7.782335022406792e-05,25,10,20
44,6259,0.9179778566893938,2.7039227451519373e-06,0.08197974037524547,3.969901261566211e-05,25,10,20
44,6260,0.8989298878709424,2.279953130523273e-06,0.10092477617201907,0.00014305600390776785,25,10,20
44,6261,0.9215669846517999,5.594997653612818e-06,0.07681122527103089,0.0016161950795160632,25,10,20
44,6262,0.9298565049988983,3.2052977347802653e-07,0.06855856306298434,0.0015846114083441442,25,10,20
44,6263,0.9132754758255708,1.8832535938671071e-06,0.08663544486056284,8.719606027273697e-05,25,10,20
44,6264,0.9169767696565683,8.130403581450528e-07,0.08298666957725662,3.574772581678588e-05,25,10,20
44,6265,0.939593243077693,1.7498381506898908e-05,0.060358299520678484,3.095902012172164e-05,25,10,20
44,6266,0.9113889470523138,1.3384401406048131e-05,0.0884258391423493,0.00017182940392997893,25,10,20
44,6267,0.8547777614619831,1.4645203697952734e-05,0.14502631518903006,0.0001812781452894275,25,10,20
44,6268,0.9421932760303942,2.0763662845056886e-06,0.05696231244255408,0.0008423351607666545,25,10,20
44,6269,0.9477285835576725,6.925945174033609e-05,0.05213429739297952,6.785959760676207e-05,25,10,20
44,6270,0.8804437446673584,2.042938013877956e-05,0.11948601233669447,4.981361580885025e-05,25,10,20
44,6271,0.9188184047634509,7.338893241610233e-06,0.08110908544555341,6.517089775439827e-05,25,10,20
44,6272,0.8883325858000952,2.113762345183842e-06,0.10775661811555698,0.003908682322002565,25,10,20
44,6273,0.9421665892763832,4.1003905541985623e-07,0.05733900945225097,0.0004939912323105654,25,10,20
44,6274,0.9335828722491999,9.150574665361505e-07,0.06599024825432914,0.00042596443900482645,25,10,20
44,6275,0.9388046838722066,9.162998040658419e-08,0.06119004769891197,5.176798901603233e-06,25,10,20
44,6276,0.9533715262109469,1.6008282433649648e-07,0.04317911466043414,0.0034491990457950882,25,10,20
44,6277,0.9409948221584361,3.4215606390264253e-06,0.05896903519673093,3.2721084193212976e-05,25,10,20
44,6278,0.9383655272183143,3.575101791873403e-06,0.061623444311140814,7.453368753079275e-06,25,10,20
44,6279,0.9411223590293027,3.7276324213479754e-06,0.05886725679698921,6.656541286959397e-06,25,10,20
44,6280,0.8890321038251698,3.696506653209019e-05,0.11092602924476334,4.901863534534271e-06,25,10,20
44,6281,0.8650566354962342,3.756945655231564e-05,0.1347062879587758,0.0001995070884376739,25,10,20
44,6282,0.8818453761275397,3.956246547350885e-05,0.11810426649637895,1.0794910607835743e-05,25,10,20
44,6283,0.8897605186139689,1.3929882066243747e-06,0.11022089188141951,1.719651640442568e-05,25,10,20
44,6284,0.9628436242792944,1.4640099413132975e-07,0.03715489622381256,1.3330958990533987e-06,25,10,20
44,6285,0.9567658979172354,2.139068596010043e-07,0.04323264370490318,1.2444710021483275e-06,25,10,20
44,6286,0.9187144328535514,8.260365739200185e-07,0.0767403995423947,0.004544341567480514,25,10,20
44,6287,0.9025045416094926,1.2129835855548823e-06,0.09299099440422787,0.004503251002694256,25,10,20
44,6288,0.9218001113831272,4.4628271042922927e-07,0.07368994912154125,0.0045094932126215174,25,10,20
44,6289,0.9628068642355277,1.0925503417267704e-05,0.03717157397805333,1.0636283001543596e-05,25,10,20
44,6290,0.9504709501325505,6.702265907263295e-06,0.04506592132032141,0.004456426281220392,25,10,20
44,6291,0.9259134457740374,9.66207969275667e-07,0.07407300242668703,1.2585591306172013e-05,25,10,20
44,6292,0.9179932398725157,3.0625479725326243e-06,0.06082760688285984,0.02117609069665205,25,10,20
44,6293,0.9017289329285622,2.221297072937487e-06,0.05201715546453999,0.04625169030982461,25,10,20
44,6294,0.8791279185889479,3.0406063751627198e-06,0.08130898005735916,0.03956006074731667,25,10,20
44,6295,0.896514101921653,2.197591133063207e-06,0.06697724079435359,0.0365064596928599,25,10,20
44,6296,0.8861013978464589,8.90784744134613e-06,0.07735761775888556,0.03653207654721321,25,10,20
44,6297,0.8725220670259378,8.423515314144397e-06,0.08844473349763661,0.03902477596111096,25,10,20
44,6298,0.8338396104794837,7.299603463898563e-07,0.12713420990754087,0.0390254496526284,25,10,20
44,6299,0.9080830674752511,4.5444337086925076e-07,0.05286344787060109,0.039053030210776433,25,10,20
44,6300,0.9421060336330891,1.6644508495808177e-07,0.018705372990345016,0.03918842693148081,25,10,20
44,6301,0.9426017071255832,2.9622482787329742e-06,0.04936620788691568,0.008029122739222332,25,10,20
44,6302,0.8742176995370731,2.922035991292542e-06,0.12573800739130112,4.13710356340691e-05,25,10,20
44,6303,0.932766551657662,2.4092718844951064e-07,0.06721490406500548,1.8303350144115166e-05,25,10,20
44,6304,0.9158500847966409,3.4562339659188654e-07,0.08414713055154494,2.439028417940027e-06,25,10,20
44,6305,0.9217633671649963,1.9857309482314962e-07,0.0781724330046627,6.400125724585842e-05,25,10,20
44,6306,0.8795114964131665,1.9566028727795764e-06,0.12032846349288631,0.00015808349107380892,25,10,20
44,6307,0.9472516877635588,4.4250804510114295e-07,0.051816162050839026,0.0009317076775570065,25,10,20
44,6308,0.9255113562586459,4.502142211632557e-06,0.07355929964251294,0.0009248419566300857,25,10,20
44,6309,0.9067834686269448,1.01208906086072e-06,0.09213424913201688,0.0010812701519774274,25,10,20
44,6310,0.8854325969383305,1.6856790910658861e-06,0.11348495586687164,0.0010807615157073071,25,10,20
44,6311,0.904776941959764,1.0059574087650597e-06,0.09506961050170096,0.00015244158112594949,25,10,20
44,6312,0.8527238742499467,7.505582655451482e-07,0.14726569216008484,9.683031703200222e-06,25,10,20
44,6313,0.9503999875787775,3.550299779627134e-07,0.04959620089559401,3.4564956507702426e-06,25,10,20
44,6314,0.8924666093281971,2.242428946926394e-06,0.10752585154028649,5.296702568482741e-06,25,10,20
44,6315,0.9024139558250751,1.1218380213862454e-05,0.0970808816647509,0.0004939441299591698,25,10,20
44,6316,0.9043845583278315,9.312843720954354e-06,0.09511429833209699,0.000491830496350466,25,10,20
44,6317,0.9179255644084624,9.044184454929822e-06,0.0815694027541041,0.0004959886529787777,25,10,20
44,6318,0.9474288646125381,2.974096312263322e-07,0.05256778713480121,3.0508430295839545e-06,25,10,20
44,6319,0.9022808747890236,3.85557694157992e-06,0.09769105652131092,2.4213112724133054e-05,25,10,20
44,6320,0.9666051950430643,3.6342549340493016e-07,0.033320810549689994,7.363098175256818e-05,25,10,20
44,6321,0.9043936532114103,5.970245113005469e-07,0.07337773091991455,0.02222801884416409,25,10,20
44,6322,0.9047521750536918,6.658346757141395e-07,0.06004256374766943,0.03520459536396272,25,10,20
44,6323,0.9183704946684272,5.28487421120846e-06,0.042513038931360755,0.0391111815260006,25,10,20
44,6324,0.8447430258309595,2.935020514777562e-05,0.11866002802150838,0.03656759594238561,25,10,20
44,6325,0.856255756181757,1.3015838366764907e-06,0.13539314300491076,0.008349799229496331,25,10,20
44,6326,0.8638634920619671,8.800560776010208e-06,0.12688034222759723,0.009247365149659972,25,10,20
44,6327,0.9129054875891055,4.107937257100797e-06,0.08622161029717067,0.0008687941764665113,25,10,20
44,6328,0.9304320046419677,3.441961661204741e-06,0.06946216684998503,0.00010238654638571261,25,10,20
44,6329,0.8900843145051962,3.591768006998111e-06,0.07847191483559897,0.031440178891197886,25,10,20
44,6330,0.9432346065551863,2.079285483487189e-06,0.05673157459179091,3.173956753979333e-05,25,10,20
44,6331,0.9371212481506701,9.281356189214584e-07,0.06286687803935184,1.0945674359138695e-05,25,10,20
44,6332,0.9178416758638295,2.238506207469384e-06,0.08210961993425812,4.646569570507564e-05,25,10,20
44,6333,0.860973978390631,3.1764816051290066e-06,0.1381258206211563,0.0008970245066076628,25,10,20
44,6334,0.874404773941622,2.4082494704086114e-06,0.12555859759122412,3.422021768373249e-05,25,10,20
44,6335,0.8981280121732292,1.7869002690723085e-06,0.1018500395176616,2.0161408840069088e-05,25,10,20
44,6336,0.9597273425065906,2.4587044770567816e-06,0.0387924003821237,0.0014777984068085543,25,10,20
44,6337,0.8979437745024748,4.765524833795845e-06,0.1003862585258104,0.0016652014468814228,25,10,20
44,6338,0.9262497231665816,3.1556032491411586e-06,0.07345122659153987,0.00029589463862888095,25,10,20
44,6339,0.9205907543668013,3.811996875619797e-06,0.07940021383066762,5.219805654661039e-06,25,10,20
44,6340,0.898948964169617,5.679189236789544e-06,0.10101890368721797,2.64529539283371e-05,25,10,20
44,6341,0.885392152199287,2.7741073407971925e-06,0.11459178832303639,1.3285370335329066e-05,25,10,20
44,6342,0.968923886630233,6.917383517225565e-05,0.030943919684071276,6.301985052359745e-05,25,10,20
44,6343,0.9439662532884563,0.0037480147630362276,0.05218388829760379,0.00010184365090348453,25,10,20
44,6344,0.959365638639988,3.4766849254442437e-06,0.04060566583443886,2.5218840647166276e-05,25,10,20
44,6345,0.9463799696187006,4.5118632561855575e-06,0.05359683448091713,1.8684037126120882e-05,25,10,20
44,6346,0.9739961307219477,2.1086768046015233e-05,0.025969065200630973,1.3717309375466596e-05,25,10,20
44,6347,0.9827739946571603,1.4349108326417487e-07,0.01722305261623372,2.8092355229871932e-06,25,10,20
44,6348,0.9436865722291938,2.1748873448116737e-07,0.05630911631066263,4.093971409162948e-06,25,10,20
44,6349,0.9544112163468987,3.58150971604228e-06,0.04557716977849906,8.032364885701449e-06,25,10,20
44,6350,0.9166470612384997,7.2381500502698015e-06,0.08328958173572364,5.611887572628894e-05,25,10,20
44,6351,0.9282787684032182,7.820330839925979e-06,0.07170703220961895,6.379056322763475e-06,25,10,20
44,6352,0.9372867288131457,1.970255277027887e-06,0.06257351283774383,0.00013778809383318242,25,10,20
44,6353,0.9010130486316389,3.8863935865586665e-06,0.09889277464569998,9.029032907516368e-05,25,10,20
44,6354,0.8879064180810965,0.00033362822023948495,0.10996164601813467,0.0017983076805291362,25,10,20
44,6355,0.8360584029150969,0.000340621498485282,0.13461232262197104,0.02898865296444613,25,10,20
44,6356,0.8536751938469108,3.5811105106733405e-06,0.10818466143706862,0.03813656360550999,25,10,20
44,6357,0.9170123454472033,1.1834325467509088e-05,0.04387145835713431,0.03910436187019426,25,10,20
44,6358,0.9052738622751652,9.580215043684977e-05,0.05564553829669781,0.03898479727769981,25,10,20
44,6359,0.895943667200773,9.923806609488763e-05,0.06496087690816435,0.03899621782496767,25,10,20
44,6360,0.8863836739939615,0.0004151067159351809,0.07420152975052169,0.03899968953958162,25,10,20
44,6361,0.8114679810865941,1.5994513214672967e-06,0.14959437699299005,0.038936042469094274,25,10,20
44,6362,0.8635958995941412,7.636269397242946e-07,0.10046074926618115,0.035942587512737725,25,10,20
44,6363,0.8561957600316049,2.558672334243248e-06,0.10482068571190617,0.03898099558415503,25,10,20
44,6364,0.8659869100875559,3.324390520055596e-06,0.09515237992131718,0.038857385600606476,25,10,20
44,6365,0.9073230819579307,9.534643347962428e-06,0.0805670886937311,0.012100294704990154,25,10,20
44,6366,0.9261663120015977,1.314197748576396e-05,0.07349457502141127,0.0003259709995053315,25,10,20
44,6367,0.9063309624250705,1.542266013420978e-05,0.09313271012269643,0.0005209047920985918,25,10,20
44,6368,0.8990017805266466,1.4834753006953172e-05,0.10096323439419824,2.0150326147872735e-05,25,10,20
44,6369,0.8416804156932496,3.6056987708704507e-05,0.1576770160243069,0.000606511294735588,25,10,20
44,6370,0.8544716394444375,3.72909848397912e-05,0.1452656425912882,0.00022542697943508507,25,10,20
44,6371,0.9293569747096935,3.2157179283210386e-05,0.07049203762369108,0.00011883048733209137,25,10,20
44,6372,0.9002726669849126,3.32752698790203e-05,0.09967485884035425,1.9198904854611477e-05,25,10,20
44,6373,0.9465528552825708,1.1303072329090235e-06,0.05343097220599196,1.504220420431984e-05,25,10,20
44,6374,0.9032026395247208,6.290757372828514e-06,0.09566881220411406,0.0011222575137922448,25,10,20
44,6375,0.9368646046965834,6.218773195554615e-06,0.062952045978422,0.0001771305517992151,25,10,20
44,6376,0.8969323263230794,0.03589261235339866,0.0670299139176906,0.0001451474058309447,25,10,20
44,6377,0.9315983420957487,0.011714663724162626,0.05663186605040884,5.51281296797776e-05,25,10,20
44,6378,0.8801078269615716,0.011723755098687333,0.10813912586754998,2.9292072190820074e-05,25,10,20
44,6379,0.8728803631329974,0.011712258100970308,0.11539516415113601,1.221461489537056e-05,25,10,20
44,6380,0.943464228740687,2.9300076030733108e-06,0.05653012343511831,2.7178165916606283e-06,25,10,20
44,6381,0.9122050900147985,3.6318688273819505e-06,0.0877590807028589,3.219741351615816e-05,25,10,20
44,6382,0.9401046525333563,7.994273233290529e-07,0.05980015529748404,9.439274183603387e-05,25,10,20
44,6383,0.9499078552164301,8.875037621427478e-07,0.05001133142701552,7.992585279269359e-05,25,10,20
44,6384,0.9197060834542095,2.7432276768542146e-07,0.07130492876503416,0.008988713457988682,25,10,20
44,6385,0.9520650114056278,4.0045600488868006e-07,0.0389416547026823,0.008992933435684808,25,10,20
44,6386,0.9158965450181559,1.0664492820952371e-07,0.08407787014049133,2.5478196425563598e-05,25,10,20
44,6387,0.927150357901198,7.205269514404946e-07,0.07275108757868504,9.783399316524545e-05,25,10,20
44,6388,0.9471488385359861,1.7446156204655803e-05,0.05273341512270452,0.00010030018510456737,25,10,20
44,6389,0.9213838617225639,1.9011853948087137e-05,0.0784289649447992,0.00016816147868852245,25,10,20
44,6390,0.8757043690220659,1.8485844294090682e-05,0.12269804262138777,0.0015791025122523833,25,10,20
44,6391,0.8965417393087711,4.3890753049466596e-07,0.10191558291401838,0.0015422388696807244,25,10,20
44,6392,0.948163420775489,3.0194529617845444e-06,0.05168028451995731,0.0001532752515922216,25,10,20
44,6393,0.9488964904113061,1.3860786014276453e-06,0.050992564985362115,0.00010955852473084836,25,10,20
44,6394,0.8912814897851162,3.7634724165479807e-06,0.10865183634574907,6.29103967187295e-05,25,10,20
44,6395,0.8561495942747946,3.276732222685871e-06,0.1438321219034697,1.5007089512179806e-05,25,10,20
44,6396,0.9258317281260736,1.0810590744634953e-06,0.07413733575082117,2.9855064030812314e-05,25,10,20
44,6397,0.93367281553028,1.1322376113098846e-06,0.06631493885785238,1.1113374256566225e-05,25,10,20
44,6398,0.8942837828781385,5.3187835076423156e-05,0.1056521403711565,1.0888915628455148e-05,25,10,20
44,6399,0.8755279700078211,5.890611901491647e-05,0.12440089856175326,1.2225311410484971e-05,25,10,20
44,6400,0.8857865964412642,5.448647798480775e-05,0.11408838354656346,7.05335341874558e-05,25,10,20
44,6401,0.8328977527514154,3.85214068760098e-06,0.16702646475666402,7.193035123411137e-05,25,10,20
44,6402,0.9052122557584039,2.060319257704469e-06,0.09459564070112993,0.00019004322120864893,25,10,20
44,6403,0.9059198330479705,2.0097967513205867e-06,0.09400213161376021,7.602554151805958e-05,25,10,20
44,6404,0.9049168103643637,5.928411044481149e-07,0.09498582634846003,9.677044607210174e-05,25,10,20
44,6405,0.9253634608803448,5.157189535478999e-06,0.0745585262663004,7.285566381936636e-05,25,10,20
44,6406,0.9254982118749184,5.2959862691618035e-06,0.054546068861205915,0.019950423277606197,25,10,20
44,6407,0.9196003203885526,9.2914624456865e-06,0.04095082896914327,0.03943955917985813,25,10,20
44,6408,0.9115973393136517,1.2133980238412005e-06,0.04893791244258833,0.03946353484573625,25,10,20
44,6409,0.8690219382126488,1.6395507025092297e-06,0.09147665627921063,0.039499765957438066,25,10,20
44,6410,0.8228791941107886,4.146732968104112e-06,0.17490962912971228,0.002207030026531208,25,10,20
44,6411,0.8417357386060549,3.85335580525017e-06,0.15806370825538385,0.00019669978275544498,25,10,20
44,6412,0.8929475759670505,3.0264268368561837e-06,0.10692583266603582,0.00012356494007600237,25,10,20
44,6413,0.9203565394473655,1.9402607224434985e-05,0.07613316596986791,0.0034908919755423907,25,10,20
44,6414,0.9436295141847899,2.0273133804139517e-06,0.0520689707102333,0.004299487791596078,25,10,20
44,6415,0.9428830626772793,1.6279422228436865e-06,0.057114398197059095,9.111834379549907e-07,25,10,20
44,6416,0.9606338047826664,3.163852865078088e-06,0.03936180071964132,1.2306448272964857e-06,25,10,20
44,6417,0.9339056024066223,6.430485847202814e-06,0.06591773193650897,0.00017023517102144004,25,10,20
44,6418,0.9292136822691497,4.627310108813359e-06,0.07064600845781299,0.00013568196292837039,25,10,20
44,6419,0.913682242961493,8.537958330057672e-06,0.08610810123067891,0.00020111784949758196,25,10,20
44,6420,0.8917464576301058,4.502684292859143e-06,0.10789544048396586,0.0003535992016355151,25,10,20
44,6421,0.8994130052967485,0.0006648156157165698,0.0995878667987143,0.00033431228882014366,25,10,20
44,6422,0.9281500144194282,0.0006640033377954555,0.07116014487180984,2.5837370966481522e-05,25,10,20
44,6423,0.9521919289499893,1.237871306769408e-06,0.047786170131353556,2.066304735020138e-05,25,10,20
44,6424,0.9188111124823911,3.5409960186581184e-07,0.08114536055734418,4.3172860662424155e-05,25,10,20
44,6425,0.9463378206408141,3.5238919107759655e-07,0.05365825747334713,3.569496647415173e-06,25,10,20
44,6426,0.9656384502376657,5.817937084073111e-07,0.03435638467858888,4.583290036862962e-06,25,10,20
44,6427,0.9521518183010703,2.77289216823198e-06,0.04783980946614114,5.5993406200989075e-06,25,10,20
44,6428,0.9358230763538864,5.995191093409266e-05,0.06410159573301427,1.5376002165180497e-05,25,10,20
44,6429,0.8846998345775312,5.6613539957350264e-05,0.11522392068498044,1.9631197531761153e-05,25,10,20
44,6430,0.8870130246910395,2.051755604016415e-06,0.1127541249443227,0.00023079860903431893,25,10,20
44,6431,0.8714310848805346,4.205607811259335e-06,0.12815710862004548,0.00040760089160785356,25,10,20
44,6432,0.9222712434473087,2.2755587602600012e-05,0.07743594048688385,0.00027006047820434415,25,10,20
44,6433,0.923298395192675,1.0212403206018607e-05,0.07418697627375967,0.0025044161303598377,25,10,20
44,6434,0.9259110939146428,2.3641943789613565e-06,0.07393788587316939,0.00014865601780909138,25,10,20
44,6435,0.9222923495870513,2.2349251081145437e-05,0.07760137173093669,8.392943093135263e-05,25,10,20
44,6436,0.9217193765944893,2.340393319025747e-05,0.07424715087931812,0.004010068593002038,25,10,20
44,6437,0.9617189362960378,4.961874205823526e-07,0.03819971807447741,8.084944206446096e-05,25,10,20
44,6438,0.900728654349047,3.202503099625799e-05,0.09652595991445725,0.002713360705499665,25,10,20
44,6439,0.8946863158019256,3.244190813713034e-05,0.1025923236543908,0.0026889186355459373,25,10,20
44,6440,0.9371665094472539,2.4834959958312964e-05,0.06253081159744861,0.00027784399533892896,25,10,20
44,6441,0.9402278445755176,8.671748279369882e-06,0.05973838243382694,2.5101242375979393e-05,25,10,20
44,6442,0.9037838871026596,1.7148590814390327e-05,0.0961807192695132,1.824503701342002e-05,25,10,20
44,6443,0.9045999054407103,4.122777329592714e-07,0.07985195583377241,0.015547726447784398,25,10,20
44,6444,0.9573672683903207,3.8822561592278205e-07,0.027136418139466364,0.015495925244596755,25,10,20
44,6445,0.9513531690033615,4.6610920083105504e-07,0.04862047966512283,2.5885222314803272e-05,25,10,20
44,6446,0.9655955691004874,1.196859797419321e-06,0.03439051992931942,1.27141103957741e-05,25,10,20
44,6447,0.9437402459461146,8.769297124729868e-07,0.056254505924887246,4.3711992861398484e-06,25,10,20
44,6448,0.9151996529447051,1.4542723225094505e-05,0.08477385165332892,1.1952678740701354e-05,25,10,20
44,6449,0.9772949473418483,1.9556524481157757e-05,0.022213127320804254,0.00047236881286652683,25,10,20
44,6450,0.9578525429063993,2.1035209678195634e-05,0.04211940092851879,7.020955404290762e-06,25,10,20
44,6451,0.8634252499880907,4.1815358738363876e-05,0.13651164215997785,2.1292493193434187e-05,25,10,20
44,6452,0.8781569460526636,4.793302617597769e-06,0.12179252216953244,4.5738475187022396e-05,25,10,20
44,6453,0.9670359829268501,1.9357605264433568e-07,0.032943383003737774,2.0440493359826185e-05,25,10,20
44,6454,0.9514306535730299,2.046957656017707e-05,0.048544221045241386,4.655805168067667e-06,25,10,20
44,6455,0.9357292961463247,1.2733443147485694e-06,0.06408573807236075,0.00018369243699952793,25,10,20
44,6456,0.9181623952737042,1.4116563767314325e-06,0.08165098361477767,0.00018520945514110878,25,10,20
44,6457,0.8591133558575522,1.616147811589698e-06,0.14071793299616814,0.00016709499846885267,25,10,20
44,6458,0.8771301258565464,2.18402176636999e-06,0.12286322400429345,4.466117393290141e-06,25,10,20
44,6459,0.8805344045827941,8.565627108669627e-07,0.11945986527410479,4.87358038940262e-06,25,10,20
44,6460,0.8927364359439612,8.224576858805312e-07,0.10724738881906007,1.535277929263756e-05,25,10,20
44,6461,0.8924363440324625,1.2651566903463344e-06,0.1075394898446515,2.2900966196242857e-05,25,10,20
44,6462,0.9450780001688379,8.846558461590053e-07,0.05163877213548607,0.0032823430398298686,25,10,20
44,6463,0.9094761799995678,5.290006479815706e-08,0.09049765751352781,2.6109586840313736e-05,25,10,20
44,6464,0.8587448343088647,1.0134065798851446e-05,0.1412049910213469,4.0040603990134385e-05,25,10,20
44,6465,0.9405501709582131,2.9898213712199214e-07,0.059445603849679625,3.926209969660046e-06,25,10,20
44,6466,0.8455368606273247,4.139784156297112e-06,0.15443644051560304,2.2559072917622338e-05,25,10,20
44,6467,0.9005948643737857,3.7275256731731663e-06,0.09464587301438086,0.004755535086160947,25,10,20
44,6468,0.8811098778092539,5.11271414445523e-06,0.11885903754536324,2.5971931238468492e-05,25,10,20
44,6469,0.8788545940776815,4.5731101976803935e-06,0.1211307829478952,1.0049864225778958e-05,25,10,20
44,6470,0.915181590226728,3.034024308885447e-07,0.08480855622184888,9.550148991431905e-06,25,10,20
44,6471,0.8829254169777241,1.2711122998746661e-05,0.11704989038372338,1.19815155549582e-05,25,10,20
44,6472,0.8316615169427745,6.749019584436424e-05,0.16822190976279824,4.908309858337634e-05,25,10,20
44,6473,0.8941660761084448,1.7075574306437075e-06,0.10577091842550532,6.129790862004108e-05,25,10,20
44,6474,0.8888701412118793,2.3138098511274063e-05,0.1110626332559626,4.408743364815059e-05,25,10,20
44,6475,0.9356178025310952,1.1005212218529743e-06,0.06437313798622164,7.958961461294016e-06,25,10,20
44,6476,0.8905770158285026,7.615636729829893e-07,0.10941402596816772,8.196639656533449e-06,25,10,20
44,6477,0.9444016825577739,4.700198202799047e-07,0.055591891248146445,5.956174259146379e-06,25,10,20
44,6478,0.9277859597735726,1.1570504154634248e-06,0.07220183931742767,1.104385858481104e-05,25,10,20
44,6479,0.9432249915262342,1.4598254731522107e-06,0.05676041275616133,1.3135892131451067e-05,25,10,20
44,6480,0.9515890969924229,3.7692197098725434e-07,0.048362463460158406,4.8062625448048294e-05,25,10,20
44,6481,0.9612303634550696,5.22847008871055e-07,0.038753393627878094,1.5720070043825996e-05,25,10,20
44,6482,0.9214950105940969,5.009693816863048e-07,0.07716269201267831,0.0013417964238430233,25,10,20
44,6483,0.9074804583940141,1.70417160964745e-06,0.0925111513474314,6.686086944388998e-06,25,10,20
44,6484,0.9059006303955816,1.1260184095343697e-06,0.09400700264126399,9.124094474487482e-05,25,10,20
44,6485,0.8992711416712845,2.1707191870158894e-07,0.10056463360000825,0.00016400765678839708,25,10,20
44,6486,0.8616678111018744,1.7076142929927513e-06,0.1382004594555165,0.0001300218283160991,25,10,20
44,6487,0.9223780267087376,1.0319037796930241e-07,0.07761505536145033,6.814739433199157e-06,25,10,20
44,6488,0.8950604204313946,1.6431740216992932e-07,0.10489492117885892,4.449407234450061e-05,25,10,20
44,6489,0.9499093668049884,2.124282347870691e-07,0.050007491493347496,8.292927342917164e-05,25,10,20
44,6490,0.9552954764505388,1.6897195417340774e-07,0.04465151370354109,5.2840873965867716e-05,25,10,20
44,6491,0.9646424157669873,2.3754346358971525e-07,0.0353505187090343,6.827980515293233e-06,25,10,20
44,6492,0.9405006459357033,3.178148716545821e-06,0.0594706402855954,2.553562998472572e-05,25,10,20
44,6493,0.9499176045017912,8.096635657280013e-07,0.05007112809093246,1.0457743710745662e-05,25,10,20
44,6494,0.9383962081586488,5.731517314845738e-07,0.061579321773604166,2.389691601545067e-05,25,10,20
44,6495,0.8831664110397732,4.4121372741378977e-07,0.11662192865114342,0.000211219095355966,25,10,20
44,6496,0.9029524875662217,5.356498149022878e-06,0.09122358966844468,0.005818566267184532,25,10,20
44,6497,0.9272915438116499,5.4211329782569505e-05,0.07173276094799379,0.0009214839105740153,25,10,20
44,6498,0.9487213787986607,5.952532493245469e-07,0.050464977233281624,0.0008130487148082081,25,10,20
44,6499,0.9074501628849201,2.646150202998122e-06,0.09219630704599416,0.00035088391888278764,25,10,20
44,6500,0.8472344235988346,1.2888484916267574e-05,0.1527396462625832,1.3041653666293302e-05,25,10,20
44,6501,0.9206917689846739,1.180731833003942e-05,0.07927898789691623,1.7435800079442194e-05,25,10,20
44,6502,0.8965872520606574,8.826675534736197e-07,0.10340521189475532,6.653377033223519e-06,25,10,20
44,6503,0.8593907892832235,1.9441965192714894e-06,0.14059850519372968,8.761326527583077e-06,25,10,20
44,6504,0.8814225211364669,2.3174744190546712e-06,0.1185031549817309,7.200640738307808e-05,25,10,20
44,6505,0.9301386649796318,8.805266166878833e-07,0.06912470802920952,0.0007357464645431479,25,10,20
44,6506,0.9248574671493606,8.1637427891398e-07,0.07436873498367144,0.0007729814926899544,25,10,20
44,6507,0.892346602237499,2.4335466927333142e-05,0.10676924591725219,0.000859816378321627,25,10,20
44,6508,0.9453920252586792,0.00018958703487757147,0.05368877476607655,0.0007296129403665149,25,10,20
44,6509,0.8633709876150972,8.94397721643114e-06,0.13651197038149596,0.00010809802619029986,25,10,20
44,6510,0.8874058549484647,6.9225867767873255e-06,0.11251952719469323,6.769527006558165e-05,25,10,20
44,6511,0.8612413842636222,8.182396556074725e-06,0.13862527938494018,0.00012515395488146643,25,10,20
44,6512,0.9130610181069189,6.668324633461198e-06,0.0868565441539973,7.576941445111061e-05,25,10,20
44,6513,0.9010200125069828,7.554461686465498e-06,0.0986607832215956,0.00031164980973514406,25,10,20
44,6514,0.8979394889514748,0.0002104762979802664,0.10184227119170211,7.763558841953478e-06,25,10,20
44,6515,0.8747821692818075,0.00020357321104566613,0.12500470176163778,9.555745509723173e-06,25,10,20
44,6516,0.8421211495169676,0.00021126962915862847,0.157066975647279,0.00060060520659444,25,10,20
44,6517,0.8470056097979017,0.00020287194827062156,0.1491398969100192,0.0036516213438078596,25,10,20
44,6518,0.921754022952318,1.0552971882017413e-06,0.07474702616807713,0.0034978955824168257,25,10,20
44,6519,0.8708021722184648,2.7971128953402944e-06,0.12916962298615395,2.5407682485739563e-05,25,10,20
44,6520,0.9411906129569079,1.952792359369595e-06,0.05877800043314901,2.943381758412845e-05,25,10,20
44,6521,0.9369415597412944,2.6816861975786797e-06,0.06304930380104565,6.454771462842265e-06,25,10,20
44,6522,0.8734183839592276,5.0427631347881656e-06,0.12656962617519762,6.947102440342114e-06,25,10,20
44,6523,0.850975224686372,1.938936538230361e-05,0.14898675164074113,1.863430750462636e-05,25,10,20
44,6524,0.8994864296107008,1.1077339215967879e-05,0.10032669684977048,0.00017579620031289584,25,10,20
44,6525,0.915822120321848,2.3144032214958857e-06,0.08399754063736102,0.0001780246375691186,25,10,20
44,6526,0.8977498519367108,9.378388610928395e-07,0.09858711303808372,0.0036620971863439472,25,10,20
44,6527,0.8391814260352441,1.7356989995150808e-06,0.15726995493688387,0.003546883328873647,25,10,20
44,6528,0.8035462819504143,1.6585234867946477e-06,0.19582862366408663,0.0006234358620130244,25,10,20
44,6529,0.83749099646948,2.4160198278579714e-06,0.16209463716624561,0.0004119503444472888,25,10,20
44,6530,0.9008989680842457,1.7612223929343177e-06,0.09868220590924909,0.00041706478411313497,25,10,20
44,6531,0.9381773877381657,2.1531710277248523e-06,0.06180809936383996,1.235972696671199e-05,25,10,20
44,6532,0.945211451069839,9.885155779611468e-06,0.054772896340419874,5.767433961498329e-06,25,10,20
44,6533,0.9052595896108536,1.9402956272672835e-05,0.09461020198887411,0.00011080544400000454,25,10,20
44,6534,0.7901161339641206,8.581565826488116e-07,0.20980819475422366,7.481312507198368e-05,25,10,20
44,6535,0.8758361280170486,6.768539075568692e-07,0.1241508888628116,1.2306266232548726e-05,25,10,20
44,6536,0.8303179031073827,1.0850805934969538e-05,0.16962195803173563,4.9288054946304925e-05,25,10,20
44,6537,0.8839780786209875,1.2688850038830272e-05,0.11591766482735646,9.156770161794174e-05,25,10,20
44,6538,0.8859098846851957,7.1355092289905285e-06,0.10968192361953051,0.004401056186045062,25,10,20
44,6539,0.920720356153337,3.994049693930216e-06,0.07927217357617014,3.4762207986433056e-06,25,10,20
44,6540,0.9013461570652461,4.27352406238941e-06,0.09862477151120005,2.479789949205784e-05,25,10,20
44,6541,0.9439488245800001,1.9878857267693155e-05,0.055973894672519266,5.740189021303088e-05,25,10,20
44,6542,0.9147580451038821,1.5938892892440888e-05,0.07156118851328915,0.013664827489936542,25,10,20
44,6543,0.9221513555837305,2.1304940124332042e-05,0.06931015096071567,0.008517188515429786,25,10,20
44,6544,0.9312724539169284,2.0758473334724796e-05,0.06842810313053622,0.00027868447920103174,25,10,20
44,6545,0.8222474791439883,7.2689588446048565e-06,0.1773790885279599,0.00036616336920690195,25,10,20
44,6546,0.8322078546965515,3.24776839485812e-05,0.16752295779546197,0.00023670982403879216,25,10,20
44,6547,0.8522473468690787,3.387874510517135e-05,0.14764298714740368,7.578723841211391e-05,25,10,20
44,6548,0.8926001928748282,7.728626681171543e-06,0.10732909160341167,6.298689507869985e-05,25,10,20
44,6549,0.8862349281801224,3.869214027580024e-05,0.11371634613218234,1.0033547419575416e-05,25,10,20
44,6550,0.9584828657999895,3.399048133231699e-06,0.04150200980477867,1.1725347098589491e-05,25,10,20
44,6551,0.9349566067784424,7.486261748741415e-05,0.06490035617835815,6.817442571159486e-05,25,10,20
44,6552,0.9507951423777241,1.93399580943659e-05,0.049184191264233575,1.3263999481954854e-06,25,10,20
44,6553,0.8705507642072261,3.1730238093173435e-05,0.12940207869837572,1.5426856305026247e-05,25,10,20
44,6554,0.8404758848608727,3.131893629495627e-05,0.15948460689942737,8.189303405222676e-06,25,10,20
44,6555,0.8221929668629986,0.00046399475692643485,0.1773236646368923,1.9373743182358284e-05,25,10,20
44,6556,0.907400844451905,0.00046263652284963023,0.09212030468079829,1.621434444748913e-05,25,10,20
44,6557,0.9058551194626476,5.33372859377833e-07,0.09411679832408407,2.754884040907196e-05,25,10,20
44,6558,0.8585187590961811,9.716527969639487e-07,0.14140485349511261,7.541575591000913e-05,25,10,20
44,6559,0.9041470570629748,4.637478918025111e-05,0.09574476414368008,6.180400416482173e-05,25,10,20
44,6560,0.9708773803597045,4.2094604715696334e-05,0.029055969478448705,2.4555557130998217e-05,25,10,20
44,6561,0.9355629891765653,8.291252074296209e-07,0.06437560321189732,6.057848633056757e-05,25,10,20
44,6562,0.951744177210778,2.012541421978611e-06,0.04820185217420694,5.19580735936272e-05,25,10,20
44,6563,0.8948068010784378,2.446178680209176e-07,0.10518282621812865,1.0128085566129964e-05,25,10,20
44,6564,0.9596888960741528,3.40123549399591e-07,0.040302859793705875,7.904008591796453e-06,25,10,20
44,6565,0.9327273339490826,1.3191842395720807e-06,0.06695365820451758,0.00031768866216038647,25,10,20
44,6566,0.9172357804336747,6.38064883899913e-06,0.08133516705521399,0.001422671862272334,25,10,20
44,6567,0.9070963182376076,8.672144689592457e-06,0.09281675656451822,7.825305318447567e-05,25,10,20
44,6568,0.9041823049504631,2.1297918324135286e-06,0.09577608707904578,3.947817865948419e-05,25,10,20
44,6569,0.9320140327170563,1.6072301628862974e-05,0.06791395215919248,5.59428221223301e-05,25,10,20
44,6570,0.9538106972800877,2.701421475279723e-07,0.046151335337723684,3.7697240041498175e-05,25,10,20
44,6571,0.9708488787233901,2.711790819204094e-07,0.029091516726617313,5.933337091095186e-05,25,10,20
44,6572,0.9361178544643672,2.7509755511424633e-06,0.06381370070210106,6.569385798037244e-05,25,10,20
44,6573,0.9797876428320025,1.828952656864898e-07,0.018310269599871518,0.001901904672860307,25,10,20
44,6574,0.9271715555413255,1.0499931506794023e-07,0.07066168869095386,0.0021666507684053485,25,10,20
44,6575,0.916273192593584,4.357868916037703e-06,0.08365228750987576,7.016202762403504e-05,25,10,20
44,6576,0.910802303820818,3.1526376678713513e-06,0.08866197273671529,0.0005325708047994032,25,10,20
44,6577,0.9114358605121149,1.7251123259713979e-06,0.08855302740199676,9.386973562285603e-06,25,10,20
44,6578,0.9161504531062511,8.274473783022464e-06,0.08362459017682408,0.00021668224314214164,25,10,20
44,6579,0.9543907919015389,3.864210482261453e-05,0.045368844715742034,0.0002017212778963418,25,10,20
44,6580,0.9526049297890903,4.301587843514272e-05,0.047334903464284844,1.715086818971177e-05,25,10,20
44,6581,0.8897340995516351,5.0267066449139355e-06,0.11011374753044345,0.00014712621127606752,25,10,20
44,6582,0.8263571028650887,5.473017883472946e-06,0.1736088888117956,2.8535305230502132e-05,25,10,20
44,6583,0.9131435520466111,5.853770336665897e-06,0.08543825644621211,0.001412337736839926,25,10,20
44,6584,0.918105847409379,0.00021645113270823052,0.08154551421194604,0.00013218724596760073,25,10,20
44,6585,0.9705073319682167,9.304969044150942e-07,0.02947386020488134,1.7877329997683552e-05,25,10,20
44,6586,0.9687477944343955,3.090028810097617e-06,0.03123608075635859,1.3034780435773889e-05,25,10,20
44,6587,0.9004044877349737,3.041092988824753e-06,0.09935227997940851,0.00024019119262923296,25,10,20
44,6588,0.9078273232222459,1.8120286793399433e-05,0.092051055760685,0.00010350073027645034,25,10,20
44,6589,0.9035218686936859,2.0348055877578107e-05,0.09636492838742805,9.28548630090562e-05,25,10,20
44,6590,0.9191681568845095,1.3337353013163296e-06,0.08058885669757894,0.00024165268261016403,25,10,20
44,6591,0.9625509534860187,6.711281637460095e-07,0.037446850837668084,1.5245481491674025e-06,25,10,20
44,6592,0.9268042853775507,1.27369816433567e-05,0.07317955915150307,3.418489303192708e-06,25,10,20
44,6593,0.927558617214848,5.656967795386206e-08,0.061250316611978134,0.011191009603495759,25,10,20
44,6594,0.9217052854086569,2.3544218884397656e-06,0.03928212476354735,0.039010235405907465,25,10,20
44,6595,0.9267167703669059,6.503350747419972e-07,0.05902526962229,0.014257309675729819,25,10,20
44,6596,0.9180936116795531,2.854220646005896e-07,0.04289861413750764,0.039007488760874724,25,10,20
44,6597,0.8972981210456272,1.5118401883350066e-06,0.06342911121481831,0.039271255899366635,25,10,20
44,6598,0.8706296653174291,7.889227436537097e-07,0.08364341953401064,0.045726126225815567,25,10,20
44,6599,0.8756169213284859,1.0527893903716325e-06,0.08609209415198903,0.038289931730134924,25,10,20
44,6600,0.8569014581168805,1.0801742829847462e-05,0.10224464507555839,0.040843095064732146,25,10,20
44,6601,0.931150023092392,1.5663240132888606e-06,0.06236844276102258,0.006479967822571814,25,10,20
44,6602,0.8465226889809252,1.185698630096233e-05,0.14698023267969879,0.006485221353075293,25,10,20
44,6603,0.8682835940577891,1.1198863355275665e-05,0.1316837006000943,2.1506478760849335e-05,25,10,20
44,6604,0.9148500608281386,9.927495391988468e-07,0.08513978551286136,9.160909461081707e-06,25,10,20
44,6605,0.9180671188119404,4.0348405304155e-06,0.07523361631362832,0.00669523003390155,25,10,20
44,6606,0.9483541374378455,6.298365907038857e-07,0.05160383060528754,4.1402120276258206e-05,25,10,20
44,6607,0.9556174079382477,9.940750086156095e-07,0.04437400503474577,7.592951997641775e-06,25,10,20
44,6608,0.9227793035707609,2.6255553694264094e-07,0.07721799546298916,2.4384107127289884e-06,25,10,20
44,6609,0.9174647591354017,5.829983963784567e-05,0.0814963677099195,0.000980573315041604,25,10,20
44,6610,0.9029210300205337,2.4960287578262224e-05,0.09687989755363176,0.00017411213825603472,25,10,20
44,6611,0.9199107311957833,2.0035607268612244e-05,0.07993809091242775,0.00013114228451979761,25,10,20
44,6612,0.8839247055903822,3.288793443213638e-05,0.11586370963898236,0.00017869683620378354,25,10,20
44,6613,0.889139465697916,1.3113439261008268e-05,0.10223928089585577,0.008608139966966567,25,10,20
44,6614,0.9038436563071636,0.000649540577312375,0.09538622894618745,0.00012057416933672279,25,10,20
44,6615,0.9135065940141626,0.0006434879814395261,0.08579072745959086,5.919054480655427e-05,25,10,20
44,6616,0.9014295993656052,0.0006459895374781953,0.09784036393574488,8.404716117231207e-05,25,10,20
44,6617,0.9303606031292869,3.7303539000804335e-05,0.06951329826028402,8.879507142783979e-05,25,10,20
44,6618,0.9234968300829982,5.453133900429478e-06,0.07646219044891628,3.552633418482026e-05,25,10,20
44,6619,0.8995973401921563,9.995584101201407e-07,0.10036932758177394,3.233266765854776e-05,25,10,20
44,6620,0.9092662809675202,8.367159885957021e-07,0.09069001288104529,4.286943544522376e-05,25,10,20
44,6621,0.9059366212847944,9.745672325714977e-07,0.09398150732956694,8.089681840580542e-05,25,10,20
44,6622,0.9010663203540481,2.5576936066276256e-06,0.09891791859267851,1.3203359666862659e-05,25,10,20
44,6623,0.893613022384433,3.836408294227692e-06,0.10637368888794603,9.452319327090429e-06,25,10,20
44,6624,0.9012683757194259,2.517918023134591e-05,0.09868037223739778,2.607286294491223e-05,25,10,20
44,6625,0.9222471276470479,2.5260813427090146e-05,0.07771944558535247,8.165954172194014e-06,25,10,20
44,6626,0.9093554624806158,2.6310762185366376e-05,0.09061410743382348,4.1193233756878215e-06,25,10,20
44,6627,0.8832098072752703,1.6505442989379254e-05,0.11630467882190486,0.0004690084598358974,25,10,20
44,6628,0.8801468483499508,3.820407130728014e-05,0.11933711675050093,0.000477830828242152,25,10,20
44,6629,0.8803986144975279,3.661472118277779e-05,0.11930762977106976,0.0002571410102197659,25,10,20
44,6630,0.902950332904307,1.0929256904260861e-06,0.09679624893404705,0.0002523252359554173,25,10,20
44,6631,0.9521912978186688,8.294838791869176e-07,0.047555746281012695,0.0002521264164386481,25,10,20
44,6632,0.8815164577171705,3.005227355804481e-06,0.11847651047118457,4.026584288570055e-06,25,10,20
44,6633,0.9060608140650617,2.643730936306332e-05,0.09390995955571231,2.7890698633030317e-06,25,10,20
44,6634,0.9293008429157523,3.3943895615127746e-05,0.07063143487998325,3.37783086496273e-05,25,10,20
44,6635,0.8966507323669952,3.1100014107826056e-05,0.10330166271294644,1.650490595021278e-05,25,10,20
44,6636,0.9066699234494613,1.4045864369223283e-05,0.0932949505182924,2.108016787694397e-05,25,10,20
44,6637,0.9259939364297874,1.4145749239053895e-05,0.07398241733797718,9.500482996629991e-06,25,10,20
44,6638,0.9236970853781576,1.408702579082381e-05,0.07628301774809668,5.8098479547826e-06,25,10,20
44,6639,0.9404003085692619,4.135993630034444e-07,0.05958993135081275,9.346480561501185e-06,25,10,20
44,6640,0.9280079513572751,4.812744689772483e-05,0.07193932454420582,4.596651620994975e-06,25,10,20
44,6641,0.879606917143214,7.685759882599081e-06,0.11532367975899396,0.005061717337910383,25,10,20
44,6642,0.9183270176911814,1.771742263431417e-06,0.0816569552334991,1.4255333055480029e-05,25,10,20
44,6643,0.9556838895194879,2.319965688024619e-06,0.04300231579670588,0.0013114747181185887,25,10,20
44,6644,0.9743858927146782,4.124696288037456e-07,0.025608170524821033,5.524290872246158e-06,25,10,20
44,6645,0.8615688279040709,4.0030965304099364e-05,0.1383799850539291,1.1156076695908636e-05,25,10,20
44,6646,0.8653429633300769,3.0114705569486394e-06,0.1343831322448904,0.00027089295447590994,25,10,20
44,6647,0.9023691607569652,4.05392275816848e-07,0.09758907397691295,4.135987384629463e-05,25,10,20
44,6648,0.9113481729194838,1.0150966595204421e-06,0.08858385207966951,6.695990418786555e-05,25,10,20
44,6649,0.9707196941385097,8.530604567362816e-07,0.027328291399982333,0.0019511614010512038,25,10,20
44,6650,0.9602479710909332,1.7219700256683022e-06,0.037798109952174815,0.0019521969868666422,25,10,20
44,6651,0.9588043906233322,7.575516020486652e-07,0.04119102099582451,3.8308292411022355e-06,25,10,20
44,6652,0.9608629616032333,4.611180094609666e-07,0.03911583151650267,2.074576225492147e-05,25,10,20
44,6653,0.9121310167615168,9.864185636607932e-06,0.08785694771041942,2.1713424271270678e-06,25,10,20
44,6654,0.9115990566978656,9.818544331588743e-06,0.08834802045444545,4.3104303357640446e-05,25,10,20
44,6655,0.9431162810283092,8.38633402074604e-06,0.056827370757648404,4.7961880021233596e-05,25,10,20
44,6656,0.9374688031826127,4.1945627092079564e-07,0.06235547983474769,0.00017529752636857057,25,10,20
44,6657,0.8431836472530313,1.4543481591268757e-05,0.15675482677857722,4.698248680159885e-05,25,10,20
44,6658,0.8914190184608174,2.113084524333741e-05,0.10844144610925685,0.00011840458468218159,25,10,20
44,6659,0.933075138212442,1.2150046792689974e-05,0.0667261193663462,0.00018659237441877356,25,10,20
44,6660,0.9037025005890064,4.807945950797941e-05,0.09594000287935095,0.00030941707213509915,25,10,20
44,6661,0.8711404632987164,2.2988071299368047e-06,0.1285736619489125,0.0002835759452411855,25,10,20
44,6662,0.8747737409152592,6.037327617973456e-06,0.12493764536999033,0.0002825763871318239,25,10,20
44,6663,0.9037817606535812,1.6090876112176022e-06,0.09598910560849015,0.0002275246503169564,25,10,20
44,6664,0.961925676645909,1.3960060694557838e-05,0.038039125525095877,2.123776830068064e-05,25,10,20
44,6665,0.9580411753232855,7.028422339176323e-07,0.04182786321896834,0.00013025861551294997,25,10,20
44,6666,0.9645350508214422,3.198570833309287e-06,0.03542268397998629,3.906662773834542e-05,25,10,20
44,6667,0.9507349098618011,5.924742850494568e-07,0.04921631643650341,4.8181227410280147e-05,25,10,20
44,6668,0.9080040628257845,3.843339948682805e-06,0.09014369007530679,0.00184840375895993,25,10,20
44,6669,0.9125790164026896,3.2962665721042474e-05,0.08735559291430992,3.2428017279109636e-05,25,10,20
44,6670,0.8866951061514616,0.0001173611004718899,0.11316823489890084,1.929784916546466e-05,25,10,20
44,6671,0.9321530851974454,8.356382623981897e-05,0.06741328232063465,0.000350068655680382,25,10,20
44,6672,0.8772603779963536,9.290211536828816e-07,0.12238888907955815,0.0003498039029343238,25,10,20
44,6673,0.950850197447567,2.723088366927918e-05,0.04894786536987431,0.00017470629888957504,25,10,20
44,6674,0.887261552149803,1.2933837730592505e-05,0.11272035075424976,5.163258217129348e-06,25,10,20
44,6675,0.9001252630102148,1.1163496056699738e-05,0.09985608429262269,7.489201105994215e-06,25,10,20
44,6676,0.9236153766193549,1.923296058168679e-06,0.07634215766603115,4.054241855556695e-05,25,10,20
44,6677,0.8992550805382042,1.7538831590023412e-05,0.10056855758872053,0.0001588230414857032,25,10,20
44,6678,0.8960763067743754,2.9237756404948714e-06,0.10391389179535059,6.877654634383337e-06,25,10,20
44,6679,0.8452935710875016,2.2042315639263495e-05,0.15465503656855784,2.935002830067803e-05,25,10,20
44,6680,0.9399101795940311,1.5080532350230676e-06,0.06006822705510635,2.0085297627352246e-05,25,10,20
44,6681,0.9610469358832403,7.138144521243735e-07,0.03890668561164045,4.566469066725666e-05,25,10,20
44,6682,0.9664228249093304,6.1791475644529865e-06,0.03169958381591446,0.0018714121271912077,25,10,20
44,6683,0.9898652659147527,3.741784841289783e-07,0.010129453267904726,4.906638858872567e-06,25,10,20
44,6684,0.9688199345275973,4.033918473373939e-06,0.03117221234270696,3.819211222151561e-06,25,10,20
44,6685,0.9468611459054089,7.303233876093998e-07,0.05313579667576044,2.327095442521653e-06,25,10,20
44,6686,0.9282587023182309,1.1476887913579963e-06,0.07173709692632005,3.0530666579559047e-06,25,10,20
44,6687,0.8861638765620908,3.9054359709535395e-06,0.11367073104136603,0.00016148696057264139,25,10,20
44,6688,0.8473875814307388,6.67123440330486e-08,0.11282391419026934,0.03978843766664831,25,10,20
44,6689,0.7682682874387788,6.097424657140345e-06,0.18924248570293398,0.042483129433631264,25,10,20
44,6690,0.7678690505511351,6.652699942973061e-06,0.1958885985238365,0.03623569822508289,25,10,20
44,6691,0.8645854887811859,7.767461823705851e-07,0.09354393643972873,0.041869798032903124,25,10,20
44,6692,0.8408158677595803,2.0422289732581283e-06,0.11989450841786314,0.03928758159358331,25,10,20
44,6693,0.8447989851978572,2.6463066460862997e-06,0.15426195391489028,0.000936414580607234,25,10,20
44,6694,0.9577909732222579,3.4694900091991377e-07,0.03950624829653432,0.002702431532206736,25,10,20
44,6695,0.8751755482735365,4.6683352892904445e-06,0.12271014830585127,0.0021096350853225536,25,10,20
44,6696,0.9453650494026291,3.4085137116894136e-06,0.05456991906284545,6.162302081335927e-05,25,10,20
44,6697,0.881894113034856,8.949239795535281e-06,0.11802697652849417,6.996119685424084e-05,25,10,20
44,6698,0.9524133129811618,4.717152535013844e-07,0.046912339098521265,0.0006738762050633857,25,10,20
44,6699,0.9209517088580178,1.3057426080808455e-05,0.07831853636020063,0.0007166973557009006,25,10,20
44,6700,0.9289418542983974,1.285507165146052e-05,0.07102783372650422,1.745690344760971e-05,25,10,20
44,6701,0.8588771961427979,5.015861917877858e-06,0.10216506288700294,0.03895272510828203,25,10,20
44,6702,0.9233174943373563,3.5642598075208696e-07,0.03745460132588619,0.03922754791077647,25,10,20
44,6703,0.8501372030369219,9.615108459319405e-07,0.11059912087384227,0.03926271457838946,25,10,20
44,6704,0.8820240039673256,5.965532001850967e-07,0.07893445025474918,0.039040949224725716,25,10,20
44,6705,0.9035821037746463,1.4783896196014529e-05,0.09630972567723736,9.338665192044909e-05,25,10,20
44,6706,0.928440876306912,1.4420539127744383e-05,0.07153912065776016,5.582496200135254e-06,25,10,20
44,6707,0.8957591180283149,1.4407907966113175e-05,0.10422312227103442,3.3517926853432998e-06,25,10,20
44,6708,0.9842971216691894,2.4255485442649283e-07,0.015687307165800527,1.5328610155833803e-05,25,10,20
44,6709,0.949032740670313,9.449975403168525e-07,0.04899167916504694,0.0019746351671001395,25,10,20
44,6710,0.9194756602752289,0.00021754901483581626,0.08028297411109866,2.3816598836783723e-05,25,10,20
44,6711,0.9097019999795123,2.7548632057965366e-06,0.09029118483691712,4.0603203643855995e-06,25,10,20
44,6712,0.9047545872774932,2.8982348615316963e-06,0.09524032241102579,2.1920766191160204e-06,25,10,20
44,6713,0.910427562093412,0.0020742624048683857,0.0871476715282039,0.0003505039735159915,25,10,20
44,6714,0.8819237111560718,1.6544938237344123e-05,0.11707304597754482,0.0009866979281462898,25,10,20
44,6715,0.9100075457559924,5.692654136175546e-06,0.08829608086297344,0.0016906807268980686,25,10,20
44,6716,0.9175508241363992,9.140580868762855e-06,0.08170927665431436,0.0007307586284177463,25,10,20
44,6717,0.8974136171817654,9.069393750891966e-07,0.10256977859403132,1.5697284828096126e-05,25,10,20
44,6718,0.912925194348325,1.0771225931915765e-06,0.08706377120828097,9.9573208003177e-06,25,10,20
44,6719,0.8654440693491939,1.6730977402003365e-05,0.13448070561013878,5.849406326416364e-05,25,10,20
44,6720,0.8774919582705614,1.9596606206368767e-05,0.12241835315434939,7.009196888135041e-05,25,10,20
44,6721,0.8537440985585977,9.761508639768278e-06,0.14592520837371536,0.0003209315590464047,25,10,20
44,6722,0.895713217263678,3.0587646081495176e-06,0.10421843804103693,6.52859306769083e-05,25,10,20
44,6723,0.8735136950152714,5.310875766742526e-05,0.12642159552028423,1.1600706775676614e-05,25,10,20
44,6724,0.9216481365794381,2.292834789773779e-06,0.07834116301964075,8.407566131756286e-06,25,10,20
44,6725,0.9133035835387224,3.858915894233958e-06,0.08665775266446905,3.480488091430979e-05,25,10,20
44,6726,0.8985854404474388,2.056606166355258e-06,0.10140902084965367,3.4820967412695128e-06,25,10,20
44,6727,0.9227572318915764,8.820313512950627e-06,0.07720675261928239,2.7195175628398024e-05,25,10,20
44,6728,0.9532195696935779,5.416664259796811e-07,0.046771865975334885,8.022664661874091e-06,25,10,20
44,6729,0.9356435139030117,3.474068647392961e-07,0.06435152819179457,4.610498328450779e-06,25,10,20
44,6730,0.9389534292577949,7.56611689873599e-07,0.06103581950582189,9.994624693440749e-06,25,10,20
44,6731,0.8962452705350629,2.1970216686417297e-06,0.10371615548399374,3.637695927490578e-05,25,10,20
44,6732,0.8914281771634325,2.5726542870174904e-05,0.10853150443701103,1.459185668612375e-05,25,10,20
44,6733,0.9516937952560752,2.6814733266044486e-05,0.04826541626632167,1.397374433725282e-05,25,10,20
44,6734,0.9202613838075009,2.780525722111975e-06,0.07944807825546658,0.0002877574113101297,25,10,20
44,6735,0.9530610633859095,2.044585055666385e-06,0.04690725245706842,2.9639571966427876e-05,25,10,20
44,6736,0.971263512513355,5.292053561101521e-07,0.028705851650768124,3.0106630520849998e-05,25,10,20
44,6737,0.932653305008483,4.4325416249091924e-07,0.06734165979256254,4.591944792466479e-06,25,10,20
44,6738,0.8615985093297691,9.888725518295034e-07,0.13822209956203638,0.00017840223564255793,25,10,20
44,6739,0.7998428180027346,8.886043490335681e-07,0.1999862174179696,0.00017007597494535278,25,10,20
44,6740,0.8417778704788131,4.972377360002796e-06,0.14687360248908815,0.011343554654737981,25,10,20
44,6741,0.8326117322611128,7.735150539189493e-06,0.16734112521078323,3.940737756416518e-05,25,10,20
44,6742,0.8512455235922117,6.756935111276424e-06,0.1487332488711566,1.4470601520371975e-05,25,10,20
44,6743,0.8802040522195721,9.033253538321615e-06,0.1196635536989095,0.00012336082797969022,25,10,20
44,6744,0.8477275182955033,7.885010617068395e-06,0.15204977928916155,0.00021481740471800557,25,10,20
44,6745,0.8382144576148538,0.0006575330017758073,0.13211178133717125,0.029016228046198734,25,10,20
44,6746,0.8809573556126661,7.054948314980469e-06,0.07724498783145825,0.041790601607559985,25,10,20
44,6747,0.8632800626771988,7.700160066093273e-06,0.08811801423682959,0.04859422292590545,25,10,20
44,6748,0.8606802622311495,9.599851687026247e-07,0.09072735432604884,0.04859142345763332,25,10,20
44,6749,0.9027021903575317,3.8488969456831337e-07,0.0899675770167434,0.007329847736030403,25,10,20
44,6750,0.9573221791033499,2.515648744125336e-07,0.04265099561659512,2.657371518058047e-05,25,10,20
44,6751,0.9037930012433132,1.9478980908858877e-06,0.09618708563845464,1.7965220140916237e-05,25,10,20
44,6752,0.9145271943638731,9.533824356770026e-07,0.08544529877340523,2.655348028554089e-05,25,10,20
44,6753,0.9028935873327271,1.04111813620909e-06,0.09708429874794794,2.107280118864502e-05,25,10,20
44,6754,0.920070401273838,5.817427074662017e-07,0.07956183342485847,0.0003671835585955566,25,10,20
44,6755,0.925006021617719,3.944378116961405e-06,0.07463816978590013,0.00035186421826425293,25,10,20
44,6756,0.861243558342458,1.3923029462286066e-05,0.13097064993059962,0.007771868697480117,25,10,20
44,6757,0.8817975550552407,2.9524250959013875e-05,0.11039859790946505,0.007774322784335323,25,10,20
44,6758,0.909791587689443,8.607844202519082e-06,0.0901938976432723,5.906823082588094e-06,25,10,20
44,6759,0.8801536193165849,2.1073419630978047e-05,0.11981258898225451,1.2718281529572904e-05,25,10,20
44,6760,0.8768656765188736,6.168312671566357e-05,0.12280145839187188,0.00027118196253843514,25,10,20
44,6761,0.9281510636618652,4.418769697301219e-07,0.07184553388057158,2.9605805936063963e-06,25,10,20
44,6762,0.8969283763447206,1.1543344613211414e-07,0.1030667459449912,4.762276842140747e-06,25,10,20
44,6763,0.9388951431440193,8.896319444343246e-07,0.061061933334588495,4.2033889448316156e-05,25,10,20
44,6764,0.9147960933952503,2.228601232240637e-06,0.08515412829673932,4.7549706777348874e-05,25,10,20
44,6765,0.9199386822912249,7.316401688887136e-07,0.07973152194474009,0.0003290641238663299,25,10,20
44,6766,0.9593488608055785,4.955524324529312e-07,0.04056749020453505,8.31534374543274e-05,25,10,20
44,6767,0.9088357852962659,1.9725608862697922e-05,0.09110464571075277,3.984338411847608e-05,25,10,20
44,6768,0.9237806941443948,0.00015005659223313195,0.0760444020809438,2.484718242883106e-05,25,10,20
44,6769,0.9110000586752248,0.00014623045846472616,0.08883539318093046,1.831768537935394e-05,25,10,20
44,6770,0.8768534413228535,1.8700063790767774e-05,0.12304062743283381,8.723118052174467e-05,25,10,20
44,6771,0.9532796707412575,1.6558340445349948e-06,0.04669396623446088,2.47071902367831e-05,25,10,20
44,6772,0.9049342505586752,2.0956037946202307e-07,0.08730720387860524,0.00775833600234015,25,10,20
44,6773,0.875946885310632,1.0440127558045144e-05,0.11615911170334096,0.007883562858469504,25,10,20
44,6774,0.8895001835998194,9.480497582963449e-07,0.11035083072063856,0.00014803762978404705,25,10,20
44,6775,0.9075260276301595,4.5931527991842696e-07,0.09246461429965079,8.898754909578388e-06,25,10,20
44,6776,0.9186628525346409,9.673975341755355e-06,0.0813183482497292,9.125240288124377e-06,25,10,20
44,6777,0.8473613397549623,7.835117712964476e-06,0.15261467436733547,1.6150759989367658e-05,25,10,20
44,6778,0.8479081572390696,1.0778171386011625e-05,0.1520478438776411,3.322071190351007e-05,25,10,20
44,6779,0.9015058517295509,3.5339196661350447e-06,0.09725253100460315,0.0012380833461803447,25,10,20
44,6780,0.9471768222139043,1.4665268935045033e-06,0.0515965376673212,0.0012251735918807401,25,10,20
44,6781,0.9226578212449824,3.898495401090435e-06,0.07732417314923407,1.4107110382239689e-05,25,10,20
44,6782,0.9023441440444323,2.3307897216046218e-07,0.09764717237840172,8.450498194537474e-06,25,10,20
44,6783,0.9178814858540294,2.9940177734851026e-06,0.08210765828877604,7.861839421340588e-06,25,10,20
44,6784,0.9109107232531284,2.0710951835622973e-06,0.08901988149524351,6.732415644411124e-05,25,10,20
44,6785,0.9197457649341946,1.9005381196169108e-06,0.07463282618471544,0.005619508342970548,25,10,20
44,6786,0.8632797741514601,1.7247109800173723e-05,0.13659020633609367,0.0001127724026459564,25,10,20
44,6787,0.9245836257039621,4.786758043410333e-07,0.0753053372136983,0.00011055840653511838,25,10,20
44,6788,0.8972814075265764,2.3962520476535978e-06,0.10266832306192841,4.787315944738181e-05,25,10,20
44,6789,0.8747364589092608,2.03927469350072e-06,0.125131635019922,0.00012986679612280916,25,10,20
44,6790,0.8767821619038184,7.13378292955205e-07,0.12307894155197924,0.0001381831659086283,25,10,20
44,6791,0.8345984006083479,2.722719678124611e-05,0.1653038135537146,7.05586411565471e-05,25,10,20
44,6792,0.9070710194377317,2.737539557366374e-05,0.09288062627298274,2.097889371203753e-05,25,10,20
44,6793,0.9490828330613774,1.6416878512800034e-06,0.05090982268000111,5.702570769893622e-06,25,10,20
44,6794,0.8438385759025084,3.660923484086625e-06,0.156149815254378,7.947919629397517e-06,25,10,20
44,6795,0.9482442059238589,1.235214965997728e-06,0.05174644128750562,8.117573669630271e-06,25,10,20
44,6796,0.903835541518553,1.2196159474241787e-06,0.09615630273776458,6.936127734771753e-06,25,10,20
44,6797,0.932880813583105,1.0785360235584779e-06,0.06705069343616749,6.74144447035411e-05,25,10,20
44,6798,0.9027274531523988,2.048642379021451e-07,0.09719669823938606,7.56437439773198e-05,25,10,20
44,6799,0.8305142568490862,1.2219825651988317e-05,0.169459065048551,1.4458276710256602e-05,25,10,20
44,6800,0.905113092706608,2.1247480193426843e-05,0.0945069852448888,0.00035867456830979713,25,10,20
44,6801,0.9157683394549117,1.2219708384140014e-05,0.08405727004245434,0.00016217079424949755,25,10,20
44,6802,0.9324044221218637,5.294230698978495e-06,0.06752489255227434,6.539109516322784e-05,25,10,20
44,6803,0.8730781052126985,0.0001268904401972279,0.12677895762364805,1.604672345658933e-05,25,10,20
44,6804,0.9382677880328965,3.3877376971689917e-07,0.06172600496387825,5.868229455839986e-06,25,10,20
44,6805,0.9413893557916133,2.0201977584295108e-06,0.058546186985401816,6.243702522620381e-05,25,10,20
44,6806,0.9584088761851659,1.04753469142203e-06,0.04153083186309843,5.924441704436296e-05,25,10,20
44,6807,0.9454423550530707,1.934153682111711e-06,0.054304707544420745,0.00025100324882646184,25,10,20
44,6808,0.90158971185244,1.6240091382343047e-06,0.09815812815620831,0.00025053598221387086,25,10,20
44,6809,0.9832912188788758,1.2750548680968153e-06,0.016692524325109922,1.4981741146445628e-05,25,10,20
44,6810,0.9345955904606003,0.004315013209263721,0.061079594094026364,9.80223610997955e-06,25,10,20
44,6811,0.9464309856634838,5.1967777074437944e-05,0.053185994276431885,0.0003310522830100986,25,10,20
44,6812,0.9292305226533288,5.190634474057148e-05,0.07068970333202303,2.7867669907746957e-05,25,10,20
44,6813,0.9794233659014033,1.6348991195464793e-06,0.02056530434963243,9.694849844810724e-06,25,10,20
44,6814,0.8775453996524365,4.084326015572141e-06,0.1222919786853567,0.00015853733619090627,25,10,20
44,6815,0.8550315887134278,1.4818297793469742e-06,0.14476945320232676,0.0001974762544660176,25,10,20
44,6816,0.8711050458349859,1.9467773413619474e-06,0.1288852224984586,7.784889214587695e-06,25,10,20
44,6817,0.8679883641478446,1.7803081117389422e-06,0.13200266462562943,7.190918414387917e-06,25,10,20
44,6818,0.8904005595089314,1.7464482278800588e-06,0.1095906726916997,7.021351141017241e-06,25,10,20
44,6819,0.940790972798142,1.1374228333513713e-06,0.05918620161970617,2.1688159318380076e-05,25,10,20
44,6820,0.8654050239515267,2.1300345374164302e-05,0.13454828256697507,2.539313612463227e-05,25,10,20
44,6821,0.9130974736721228,9.971213548242896e-07,0.0868874285090278,1.4100697495356786e-05,25,10,20
44,6822,0.7964820084607059,4.053027657979002e-06,0.2032225830967504,0.00029135541488541067,25,10,20
44,6823,0.9090982850067668,0.0002886670223540038,0.09058740331642491,2.5644654454144842e-05,25,10,20
44,6824,0.8082694908412934,0.00010324261589232616,0.19161650729432997,1.075924848620438e-05,25,10,20
44,6825,0.8017290864031932,2.228503814091437e-05,0.19824274355803106,5.885000634787713e-06,25,10,20
44,6826,0.9309838230722407,2.71606552475189e-06,0.06895017695633782,6.328390589689337e-05,25,10,20
44,6827,0.9577781905873676,3.0637167962345633e-06,0.04221521138994506,3.534305891150793e-06,25,10,20
44,6828,0.9569994691642105,2.674558228404131e-06,0.04292141939132617,7.643688623450833e-05,25,10,20
44,6829,0.8972540090541381,1.0596662653508144e-05,0.10263691439556481,9.847988764262797e-05,25,10,20
44,6830,0.9544419420881438,0.00021939368386474868,0.045243489826438325,9.51744015529577e-05,25,10,20
44,6831,0.9127539497834317,0.00021607834916447625,0.08702710297731256,2.8688900918076365e-06,25,10,20
44,6832,0.9246775851679068,2.5185552261202406e-05,0.0752914635511012,5.765728731235592e-06,25,10,20
44,6833,0.9325069976249651,2.5560828347541092e-05,0.06742166512085267,4.577642583468691e-05,25,10,20
44,6834,0.908128457096359,2.9470768689989452e-05,0.09181191962903369,3.015250591673942e-05,25,10,20
44,6835,0.9507546091943483,1.4187104873424678e-07,0.04924039277967072,4.8561549321951985e-06,25,10,20
44,6836,0.9535199297789684,3.2064287871304107e-07,0.045902631611380834,0.0005771179667714291,25,10,20
44,6837,0.937008481484852,8.388490033606952e-06,0.062436507927756575,0.0005466220973572328,25,10,20
44,6838,0.9152250190730615,7.825241859429354e-06,0.08297081044412423,0.0017963452409547622,25,10,20
44,6839,0.922156200043487,7.846395828433868e-05,0.07775831588584682,7.020112382444065e-06,25,10,20
44,6840,0.9547028674542212,8.54930901523703e-06,0.045284583050601984,4.000186161621835e-06,25,10,20
44,6841,0.9495254677525257,7.994995291157684e-06,0.050435599424474856,3.093782770823097e-05,25,10,20
44,6842,0.8764181921590722,2.0310975725512672e-05,0.09046670274206939,0.033094794123132695,25,10,20
44,6843,0.8904701288017872,1.9315233289778906e-06,0.08097821885306158,0.028549720821821806,25,10,20
44,6844,0.945803603475137,2.084981731154715e-06,0.054044505540728795,0.00014980600240359257,25,10,20
44,6845,0.9571420933294096,1.3327374134680582e-06,0.04254029248909621,0.00031628144408062044,25,10,20
44,6846,0.9017113023713619,9.38759653640089e-07,0.0981769923109882,0.00011076655799495215,25,10,20
44,6847,0.8932709126806355,4.244521674307214e-06,0.10665921072078006,6.563207690959307e-05,25,10,20
44,6848,0.8425340812829615,8.84442177217664e-06,0.15600409913779642,0.0014529751574695632,25,10,20
44,6849,0.8759225628287627,2.982527442608512e-06,0.12405806992310289,1.638472069132678e-05,25,10,20
44,6850,0.9289917878405122,1.4982579782849568e-05,0.07067684876931336,0.00031638081039170253,25,10,20
44,6851,0.8934261850628172,4.069285123886954e-05,0.10646871968443504,6.44024015074939e-05,25,10,20
44,6852,0.9133555420650703,2.6616366326043268e-05,0.08656989877801564,4.79427905882712e-05,25,10,20
44,6853,0.9344180418724052,1.8899026476367417e-05,0.06547373026815541,8.932883296319632e-05,25,10,20
44,6854,0.9185630296455983,0.00012729000279939405,0.08129886880920932,1.0811542393186343e-05,25,10,20
44,6855,0.9010101013921339,0.00012738597035785116,0.09708011785609985,0.0017823947814079027,25,10,20
44,6856,0.9220621009472582,0.00012673026149266696,0.0760624921257358,0.0017486766655137982,25,10,20
44,6857,0.8920852305534855,1.11637672092273e-05,0.10592615478832813,0.0019774508909768253,25,10,20
44,6858,0.9497600529825924,9.870172045411731e-06,0.05016854456571762,6.1532279644832e-05,25,10,20
44,6859,0.9533338308147852,3.6983639450248176e-06,0.046652903512391444,9.56730887837778e-06,25,10,20
44,6860,0.900094032320573,5.079304215255574e-06,0.09989096370390717,9.924671305247178e-06,25,10,20
44,6861,0.9196979425368021,0.00010284656528458043,0.08018176548681369,1.744541109902629e-05,25,10,20
44,6862,0.9140782195203146,0.00010251518694746378,0.08580741626405514,1.1849028683513917e-05,25,10,20
44,6863,0.9355218196441633,1.1597719100344277e-06,0.06446213235340666,1.4888230520271817e-05,25,10,20
44,6864,0.8956063614629777,2.106789363801776e-07,0.10437825700305872,1.517085502684565e-05,25,10,20
44,6865,0.9440762508059493,0.00046291335542580176,0.05060250503024053,0.0048583308083847395,25,10,20
44,6866,0.9536451068644481,8.34690741813854e-05,0.041353666823480476,0.004917757237890154,25,10,20
44,6867,0.9572806751853703,3.399846805248801e-05,0.04263765164336144,4.7674703215249836e-05,25,10,20
44,6868,0.9495062356416036,1.8085629121600525e-06,0.05047985815510992,1.2097640374657386e-05,25,10,20
44,6869,0.947479443994395,1.2502356752209704e-06,0.05237287480732053,0.0001464309626099709,25,10,20
44,6870,0.9710860244932991,3.5451283498492337e-07,0.028912240965392143,1.380028474096145e-06,25,10,20
44,6871,0.9235339133315722,1.1646194748983045e-05,0.07643832276868755,1.6117704991953506e-05,25,10,20
44,6872,0.9590772635184425,7.637464445750625e-06,0.040731786791758984,0.00018331222535255816,25,10,20
44,6873,0.9083910612983983,7.772136860152457e-06,0.0897061937149704,0.0018949728497705345,25,10,20
44,6874,0.9257879383276882,9.959609963978645e-07,0.06717861735307994,0.00703244835823606,25,10,20
44,6875,0.9407519744077139,1.69546525833868e-06,0.05220990839423706,0.007036421732790794,25,10,20
44,6876,0.9193774438011708,2.7208435452239404e-06,0.0781517797326621,0.002468055622621601,25,10,20
44,6877,0.9492297736988136,1.2238955420690166e-06,0.05075335540525559,1.564700038925624e-05,25,10,20
44,6878,0.9444743019372711,1.0765066002656814e-06,0.055506854221459206,1.776733466933928e-05,25,10,20
44,6879,0.9248708550889425,8.166342736132894e-07,0.07510857561437319,1.9752662410739948e-05,25,10,20
44,6880,0.9465637547395631,1.8079068906760607e-07,0.05343122716129467,4.837308453279954e-06,25,10,20
44,6881,0.94189765715518,3.6468921869158174e-07,0.05809542183567026,6.55631993096622e-06,25,10,20
44,6882,0.8590049701501848,5.767502062539597e-05,0.13963639851245815,0.0013009563167314783,25,10,20
44,6883,0.9201806413376965,7.274517761977397e-08,0.07782715837111398,0.0019921275460122023,25,10,20
44,6884,0.8939508237546114,5.7240900676109304e-05,0.1053440209110341,0.000647914433679146,25,10,20
44,6885,0.869604218200421,6.08850846300691e-05,0.1295464341707656,0.0007884625441839859,25,10,20
44,6886,0.8496190112644645,0.0004405205516383296,0.14919897441994823,0.0007414937639492772,25,10,20
44,6887,0.8805868705631774,4.7895730163482067e-05,0.11933670798880062,2.852571785896551e-05,25,10,20
44,6888,0.960564064349098,1.473983736412127e-06,0.039427174873834396,7.286793331511769e-06,25,10,20
44,6889,0.9571163574307563,3.2783589414496994e-07,0.04288041829448568,2.896438864148511e-06,25,10,20
44,6890,0.8926329259242151,1.0077939823685477e-06,0.10666413718003355,0.0007019291017693141,25,10,20
44,6891,0.9421582213857981,1.4114806651095169e-05,0.05781274497309377,1.491883445584784e-05,25,10,20
44,6892,0.911335384473744,3.9298811923136624e-07,0.08865080778101887,1.3414757118550618e-05,25,10,20
44,6893,0.9430378966420568,2.4998475931583616e-07,0.05695462772842862,7.225644754916753e-06,25,10,20
44,6894,0.9135736104682259,4.4613014633036777e-07,0.0863986663568401,2.7277044787575128e-05,25,10,20
44,6895,0.9343116642169303,1.6811088019754706e-06,0.06463302022401947,0.0010536344502486141,25,10,20
44,6896,0.9395038856812542,1.7806661836693027e-07,0.058086765379986166,0.0024091708721405165,25,10,20
44,6897,0.9015197182817211,1.3878293970772057e-06,0.08277157724842411,0.0157073166404577,25,10,20
44,6898,0.9080367618432261,2.338921173043003e-06,0.07877306863552033,0.013187830600080752,25,10,20
44,6899,0.9184363362560528,1.038276854477149e-06,0.04234287025976714,0.03921975520732573,25,10,20
44,6900,0.8927274256703848,9.89624334780379e-06,0.06805951716750747,0.039203160918759916,25,10,20
44,6901,0.8959443716542514,1.6786254873268536e-06,0.06469663428119805,0.03935731543906349,25,10,20
44,6902,0.8464590308313508,1.0051940694007632e-06,0.1264076593710517,0.027132304603528255,25,10,20
44,6903,0.8253973954705836,1.138940264415607e-05,0.14499573165138588,0.02959548347538625,25,10,20
44,6904,0.820039946891829,2.0134773890522487e-05,0.15034275756141818,0.029597160772861612,25,10,20
44,6905,0.8415413365623143,9.584237352409828e-07,0.13133939790743865,0.027118307106510874,25,10,20
44,6906,0.8751135914860186,6.168904375795911e-06,0.0975854470538645,0.027294792555741,25,10,20
44,6907,0.8791799641022664,9.608406185063884e-07,0.09369355175461248,0.027125523302502032,25,10,20
44,6908,0.9045650493947852,2.2342079777769666e-06,0.06697914560973171,0.028453570787505492,25,10,20
44,6909,0.9234236760301789,1.5838409071479386e-06,0.03737819020845362,0.03919654992046058,25,10,20
44,6910,0.8458440811280833,1.469922323356189e-05,0.11500316940903732,0.039138050239645984,25,10,20
44,6911,0.8754025846663027,1.0989255928773705e-05,0.08546371289438406,0.03912271318338433,25,10,20
44,6912,0.9363043311939928,9.910403233461427e-06,0.039396562697520406,0.024289195705253515,25,10,20
44,6913,0.8762681551498969,8.315199451038068e-06,0.09943084892326035,0.024292680727392085,25,10,20
44,6914,0.8805398291872385,7.293900875895705e-06,0.09449278251683285,0.024960094395053645,25,10,20
44,6915,0.9349191886383537,6.699326454036988e-07,0.02587040119961324,0.03920974022938754,25,10,20
44,6916,0.9009374858174468,9.439693818845338e-07,0.06116169980455649,0.03789987040861529,25,10,20
44,6917,0.8963483390271823,2.9435297443268457e-07,0.08168595306680886,0.021965413553033733,25,10,20
44,6918,0.9314178658507156,4.2339325400692024e-05,0.06838442150709254,0.00015537331679144973,25,10,20
44,6919,0.876606129970119,0.0029694440686333077,0.12040959334329385,1.483261795398357e-05,25,10,20
44,6920,0.8847040975725443,0.0029206633361748818,0.11226255860533063,0.00011268048595055479,25,10,20
44,6921,0.8560853654574125,8.575564403596191e-07,0.13074159842547892,0.013172178560667986,25,10,20
44,6922,0.9143341226099233,4.538117486124387e-05,0.07246521041304688,0.013155285802168699,25,10,20
44,6923,0.9599372744774864,4.3229484060308486e-07,0.0400583434935751,3.949734098173173e-06,25,10,20
44,6924,0.9470729762147525,3.8878611103459435e-08,0.052924344392036776,2.6405145988222667e-06,25,10,20
44,6925,0.9134538224713519,3.7813776163101424e-06,0.08499903829608056,0.0015433578549509195,25,10,20
44,6926,0.8682668023282026,2.521504434737663e-05,0.1313530385807081,0.0003549440467421721,25,10,20
44,6927,0.849768020488913,5.3055864854236545e-05,0.14990723649164195,0.00027168715459046305,25,10,20
44,6928,0.9268848250101049,9.713102153700863e-06,0.07287214389463476,0.00023331799310685172,25,10,20
44,6929,0.9239021255491069,3.6409380876226907e-06,0.0758579940426442,0.0002362394701616179,25,10,20
44,6930,0.9393559842805332,2.0307583416623354e-06,0.060459477974630034,0.00018250698649591605,25,10,20
44,6931,0.9396060909935794,4.895969759933358e-07,0.0602125436845071,0.00018087572493741798,25,10,20
44,6932,0.941463968528536,6.94580139570313e-07,0.05835488125965366,0.00018045563167071082,25,10,20
44,6933,0.908048989494295,2.5481098255331845e-07,0.0919305779334711,2.0177761250691888e-05,25,10,20
44,6934,0.9370292494256794,6.013555904341676e-07,0.060139530528640996,0.0028306186900886815,25,10,20
44,6935,0.8410510229932737,9.032967504604731e-05,0.15601542624173598,0.0028432210899449824,25,10,20
44,6936,0.842430938926787,2.6328479224625883e-05,0.15722724840363653,0.00031548419035146846,25,10,20
44,6937,0.8625775845607433,2.8212796941991454e-05,0.13707003309462773,0.00032416954768680896,25,10,20
44,6938,0.8806831017827251,4.002792781579673e-06,0.11926077022354914,5.21252009435811e-05,25,10,20
44,6939,0.8731908807089019,1.4916845924194703e-06,0.12677659792839446,3.102967811079156e-05,25,10,20
44,6940,0.9143932363586034,4.2150370343363054e-05,0.08552467615600845,3.993711504473765e-05,25,10,20
44,6941,0.9701854290960473,5.735919295906954e-07,0.029564907212368846,0.0002490900996538964,25,10,20
44,6942,0.9540843720408438,8.487932860788252e-07,0.045901648993792794,1.3130172077369387e-05,25,10,20
44,6943,0.876626557021595,2.021610885486923e-06,0.12336498061990381,6.440747615668282e-06,25,10,20
44,6944,0.9102198374409163,1.5739262996136553e-06,0.08698016460783174,0.0027984240249524076,25,10,20
44,6945,0.9315240900855116,7.690120431830053e-07,0.06841221019661892,6.293070582626077e-05,25,10,20
44,6946,0.8112329553116747,9.58219593347525e-05,0.1886655089870821,5.713741909119232e-06,25,10,20
44,6947,0.9174112281592319,1.812885716053885e-07,0.0825699807867241,1.8609765472832047e-05,25,10,20
44,6948,0.8772505481392453,7.414938893853898e-05,0.12267259156079963,2.71091101695124e-06,25,10,20
44,6949,0.7991736717171662,2.683376879877203e-05,0.20078976395069567,9.730563339713594e-06,25,10,20
44,6950,0.9071508196943904,1.1803340968545427e-06,0.0928396500100023,8.349961510008534e-06,25,10,20
44,6951,0.9331620768817777,1.2043132884509813e-06,0.06682817394324786,8.544861685983219e-06,25,10,20
44,6952,0.9525703436093876,1.9025890936438735e-05,0.04731489394076664,9.57365589090755e-05,25,10,20
44,6953,0.9409659201283503,2.474135536528276e-06,0.05893793885144943,9.366688466356673e-05,25,10,20
44,6954,0.925260598153477,1.4898877895119545e-07,0.07461134000390139,0.00012791285384288327,25,10,20
44,6955,0.948270014275118,1.4896578318048567e-07,0.05166364759984812,6.618915925075157e-05,25,10,20
44,6956,0.9649963062334627,2.8738885079337438e-06,0.03495314024196162,4.767963606792182e-05,25,10,20
44,6957,0.9712553246166763,2.7903181314028684e-06,0.02869237951799273,4.950554719969224e-05,25,10,20
44,6958,0.9445699724202654,3.146534549787968e-05,0.055306877056579565,9.168517765711779e-05,25,10,20
44,6959,0.9491392196054913,2.4496884863174938e-05,0.05077075205021634,6.55314594286963e-05,25,10,20
44,6960,0.9265810649665649,2.5642480259793288e-05,0.07330815350165353,8.513905152211894e-05,25,10,20
44,6961,0.9425072027347006,5.38449742314809e-06,0.057426537716033385,6.08750518432772e-05,25,10,20
44,6962,0.8924086238753245,9.976518346816903e-06,0.1070159391614964,0.0005654604448321205,25,10,20
44,6963,0.9460604034406573,1.5466276998308043e-05,0.05127944317875847,0.0026446871035862574,25,10,20
44,6964,0.9233335760789599,9.500729141888891e-06,0.07661242004568955,4.450314620860223e-05,25,10,20
44,6965,0.9303953177057668,1.4820537038930306e-05,0.06954668740948451,4.317434770948071e-05,25,10,20
44,6966,0.9161823672957513,1.179126356244742e-05,0.08378128559271893,2.455584796772922e-05,25,10,20
44,6967,0.8774034214717354,1.0269736929752165e-05,0.1217074278850971,0.0008788809062377291,25,10,20
44,6968,0.8631112409185975,5.600970566435098e-06,0.13686825355227897,1.490455855743841e-05,25,10,20
44,6969,0.8877290617970719,2.26683209698993e-06,0.11215272061372271,0.00011595075710911576,25,10,20
44,6970,0.8726931958935181,3.015258344328859e-06,0.12727697080377992,2.6818044358001497e-05,25,10,20
44,6971,0.8887664730199717,1.2637888521965187e-06,0.11107403254935998,0.0001582306418161906,25,10,20
44,6972,0.8675123363809556,1.6065593834667155e-06,0.12428153924806756,0.008204517811593258,25,10,20
44,6973,0.8395929091290563,6.819115065429936e-06,0.16033672817685565,6.354357902156897e-05,25,10,20
44,6974,0.8867974640665582,1.7555325904479235e-06,0.11302832848875521,0.00017245191209575838,25,10,20
44,6975,0.8911543801236292,0.0001983584590349567,0.10734639943237154,0.0013008619849636557,25,10,20
44,6976,0.8575254024561694,1.8140786352003786e-06,0.1422891128138282,0.00018367065136693642,25,10,20
44,6977,0.9169480997524775,0.0002615396713470576,0.08262416558595148,0.00016619499022464814,25,10,20
44,6978,0.9462803222201299,0.0002553552582997547,0.053441402181687865,2.2920339883335568e-05,25,10,20
44,6979,0.9695964689538605,1.1414877740399098e-06,0.029343977665604627,0.0010584118927615504,25,10,20
44,6980,0.9194400184546621,4.1608205202707073e-07,0.0738803365895945,0.006679228873691778,25,10,20
44,6981,0.9361863028745466,1.776677736936726e-07,0.05713300706023996,0.006680512397439693,25,10,20
44,6982,0.9498781685775434,4.320957417554611e-06,0.050063626065146805,5.3884399892560784e-05,25,10,20
44,6983,0.9504743656705575,4.670112299421392e-06,0.03709383199934566,0.01242713221779742,25,10,20
44,6984,0.9328204882715962,2.992825857553964e-06,0.05479405493802221,0.012382463964524701,25,10,20
44,6985,0.9417212992395596,1.0924828367474454e-05,0.045883568166359474,0.012384207765714101,25,10,20
44,6986,0.9032222983322371,4.1700541711777854e-06,0.09673802832253486,3.55032910574755e-05,25,10,20
44,6987,0.9117325694598339,3.9638109058546056e-06,0.08823836929849442,2.5097430765385883e-05,25,10,20
44,6988,0.9597220335068681,1.6717193773843638e-06,0.04027236056351859,3.934210235720753e-06,25,10,20
44,6989,0.9005101828849241,2.356752245876658e-06,0.09946611581261151,2.1344550218159243e-05,25,10,20
44,6990,0.9566141638181574,7.227453661094018e-07,0.04321666314680325,0.00016845028967359924,25,10,20
44,6991,0.9436800619832553,1.0416753565756708e-06,0.05630607620593487,1.2820135453049858e-05,25,10,20
44,6992,0.9193842347842284,1.9100481274846326e-06,0.08059940011618226,1.445505146165395e-05,25,10,20
44,6993,0.9059160816466963,5.077120126221988e-06,0.09360180020132577,0.00047704103185123204,25,10,20
44,6994,0.9226186089148473,5.79236730435435e-06,0.07736149766120244,1.4101056645490816e-05,25,10,20
44,6995,0.8586940226862496,6.741745198478985e-06,0.14116286026338862,0.00013637530516338663,25,10,20
44,6996,0.845826772383831,6.314799332335027e-06,0.1539096918298261,0.00025722098701045303,25,10,20
44,6997,0.8287150646280772,0.00015236839109111322,0.17016331757794184,0.0009692494028905036,25,10,20
44,6998,0.8100453759050462,1.3942522540125512e-05,0.18992417528124375,1.650629116998681e-05,25,10,20
44,6999,0.8077164387855776,9.232103922111224e-06,0.19219386317545395,8.046593504610518e-05,25,10,20
44,7000,0.7856118882279914,5.0988646167743965e-06,0.17544028110440874,0.03894273180298253,25,10,20
44,7001,0.7905954737751552,0.0003442097842518277,0.1698269741263364,0.03923334231425759,25,10,20
44,7002,0.8511477671463572,1.0460628797793524e-06,0.10913391597775984,0.03971727081300278,25,10,20
44,7003,0.8500601204823712,9.894577016440057e-07,0.11051351987747854,0.03942537018244822,25,10,20
44,7004,0.8525398507387014,2.9330874602830035e-05,0.10789990001183597,0.039530918374860564,25,10,20
44,7005,0.9036060237547702,7.917867513351667e-07,0.05717226351428681,0.039220920944192265,25,10,20
44,7006,0.9073824031182122,5.046460790013153e-07,0.053381535464193816,0.039235556771515065,25,10,20
44,7007,0.9189435436832738,0.00027414537406433685,0.08067767220999164,0.0001046387326706269,25,10,20
44,7008,0.907536399537858,3.4130834199911236e-05,0.09240465438989302,2.4815238048443654e-05,25,10,20
44,7009,0.9455140373181397,3.2942732116806815e-06,0.05447279249376853,9.875914880924948e-06,25,10,20
44,7010,0.9794631780443881,1.4387709789003915e-05,0.02051317548568914,9.258760134495787e-06,25,10,20
44,7011,0.9335948143593918,7.204616833956322e-05,0.026498449054068972,0.03983469041819956,25,10,20
44,7012,0.9378310395478995,1.4546245480062802e-05,0.023159477598289777,0.03899493660833051,25,10,20
44,7013,0.9035085247314787,3.823637599767199e-05,0.057449292328313195,0.039003946564210905,25,10,20
44,7014,0.9268881653213401,1.5841963850592234e-05,0.03409159998124617,0.039004392733562814,25,10,20
44,7015,0.9052372819812262,1.5000041455686666e-05,0.07775692436101203,0.016990793616305514,25,10,20
44,7016,0.9060274770266382,1.671972137859216e-05,0.09362451081171642,0.0003312924402665369,25,10,20
44,7017,0.9457360897975847,1.4773034987441163e-05,0.05420852345463317,4.06137127945502e-05,25,10,20
44,7018,0.9419914063661612,4.903175468955799e-05,0.05792623353420173,3.332834494688137e-05,25,10,20
44,7019,0.9154523746351618,1.7919432586209253e-06,0.08451280351715139,3.302990442811401e-05,25,10,20
44,7020,0.9132023710478957,9.180037294348448e-07,0.08647331638409073,0.00032339456428421084,25,10,20
44,7021,0.869938569557139,8.414113666874244e-07,0.1297622810789567,0.00029830795253740034,25,10,20
44,7022,0.864008874234253,2.0165602369603065e-05,0.13567024252198603,0.00030071764139139327,25,10,20
44,7023,0.88427273057246,9.26237044116727e-06,0.11540446065344084,0.00031354640365757253,25,10,20
44,7024,0.9333026203213067,3.0975667832046594e-06,0.06637479767734869,0.00031948443456047385,25,10,20
44,7025,0.9241958118063591,2.5409435097233016e-05,0.07577247140592283,6.307352620323344e-06,25,10,20
44,7026,0.9647390564228955,2.4690802637023436e-07,0.03523329748722059,2.7399181857429248e-05,25,10,20
44,7027,0.9391897368360214,1.1283161061329118e-07,0.06080664136259345,3.5089697749129626e-06,25,10,20
44,7028,0.9687486889945194,6.7573709299379964e-06,0.029225674319112372,0.002018879315438808,25,10,20
44,7029,0.963866408671133,8.839878817074425e-07,0.03612622652275161,6.480818233774566e-06,25,10,20
44,7030,0.9366006271900786,5.771513349315339e-06,0.0633844244631396,9.176833431724598e-06,25,10,20
44,7031,0.9224012293111096,3.316189364585493e-07,0.0773999704487472,0.0001984686212073291,25,10,20
44,7032,0.951835015305727,1.6760006071938826e-07,0.048156363490047295,8.45360416523027e-06,25,10,20
44,7033,0.934476365833773,1.241244440704293e-05,0.06544846222968298,6.275949213750006e-05,25,10,20
44,7034,0.9525442354498876,2.972257696325951e-05,0.04741370318215756,1.233879099143557e-05,25,10,20
44,7035,0.900012396065478,5.075214978552237e-07,0.0999394215506562,4.76748623681652e-05,25,10,20
44,7036,0.9193458877236652,0.0007588366813161485,0.07988593391229191,9.341682726303415e-06,25,10,20
44,7037,0.9273234158449466,0.0007584675211727804,0.07190202608194507,1.6090551935757593e-05,25,10,20
44,7038,0.9361869071468821,0.0007613504614998051,0.06304797391570113,3.768475916652835e-06,25,10,20
44,7039,0.8778606746750459,0.0008294189634623538,0.12130329673725512,6.609624237200957e-06,25,10,20
44,7040,0.9492575701038761,7.1540921562473e-05,0.05066024663535439,1.0642339207171567e-05,25,10,20
44,7041,0.9724859026280829,3.744131005684616e-07,0.027507932145423318,5.79081339372664e-06,25,10,20
44,7042,0.9481125614789367,0.00026201938546042963,0.05161182333492663,1.359580067617505e-05,25,10,20
44,7043,0.9090332902625612,1.2906790803450278e-06,0.0909178573310147,4.7561727344149415e-05,25,10,20
44,7044,0.912687147959107,0.0002028599443114798,0.08709927287578244,1.0719220799105259e-05,25,10,20
44,7045,0.8942012886136639,4.522973619385126e-05,0.10574343975696131,1.0041893180823093e-05,25,10,20
44,7046,0.8964870245977202,0.00015093659884708683,0.10334462329134032,1.741551209194062e-05,25,10,20
44,7047,0.8946424026847878,4.406122079251914e-05,0.10512438442486627,0.00018915166955309844,25,10,20
44,7048,0.9085226876250863,1.4772884210555203e-06,0.09127148612738731,0.00020434895910506745,25,10,20
44,7049,0.9149558751485606,1.225511755204843e-07,0.0850110798739293,3.292242633465801e-05,25,10,20
44,7050,0.9228857300891571,1.5783071551356915e-06,0.0770948955045303,1.7796099157185765e-05,25,10,20
44,7051,0.9389674728384508,3.243552299522202e-06,0.06102332792164522,5.95568760439628e-06,25,10,20
44,7052,0.9798208001753163,5.063169861580696e-07,0.020176358700460247,2.3348072374951305e-06,25,10,20
44,7053,0.9628395779146628,0.0002887000053450594,0.036868099298908205,3.6227810844621326e-06,25,10,20
44,7054,0.9562188386041116,6.500199963411474e-06,0.0437728583256584,1.8028702669883026e-06,25,10,20
44,7055,0.9662530907031092,6.245917989316782e-06,0.033612728258375475,0.00012793512052635414,25,10,20
44,7056,0.8522976089014717,2.0647195827740614e-05,0.14767650754833972,5.236354362024581e-06,25,10,20
44,7057,0.9047874142935192,6.802287901638276e-06,0.09519953450867526,6.248909904271292e-06,25,10,20
44,7058,0.9028958866080596,1.5310762733687818e-05,0.0970560112848359,3.2791344371345464e-05,25,10,20
44,7059,0.9730211422397936,1.5845149658084104e-06,0.02690018432465989,7.708892058080514e-05,25,10,20
44,7060,0.9204710751515138,1.770940146482249e-06,0.07946539765825662,6.175625008324758e-05,25,10,20
44,7061,0.9562838195855784,3.7281781633427216e-06,0.04364931125753411,6.314097872434673e-05,25,10,20
44,7062,0.9365939681910147,4.270373518945644e-06,0.06328410085926081,0.00011766057620611644,25,10,20
44,7063,0.9309082356902936,2.7995583415578604e-06,0.06904570328896391,4.326146240041837e-05,25,10,20
44,7064,0.9065221109964434,3.4320417955988227e-06,0.09342867677127216,4.5780190489117324e-05,25,10,20
44,7065,0.9108906365922951,1.674054703721346e-05,0.08904590291469638,4.671994597156397e-05,25,10,20
44,7066,0.9319583534724485,1.4379503556492547e-05,0.06802549849230925,1.768531685482383e-06,25,10,20
44,7067,0.948540479101775,1.6711197499511472e-05,0.051363558260643635,7.925144008192415e-05,25,10,20
44,7068,0.9317098670512247,1.6735560037073118e-05,0.06819645307164231,7.694431709594769e-05,25,10,20
44,7069,0.9399844034529886,2.6847058745540098e-06,0.06000631300867841,6.598832458945883e-06,25,10,20
44,7070,0.9011416266068873,5.61220487800833e-07,0.0988152501503595,4.2562022265323655e-05,25,10,20
44,7071,0.9382998552024466,4.0322131736476896e-07,0.061669789472592995,2.9952103643490878e-05,25,10,20
44,7072,0.9534773519561526,8.8129198122129e-07,0.04650154652545308,2.022022641337525e-05,25,10,20
44,7073,0.9294249558672101,3.920460604434136e-05,0.07052498082822198,1.0858698523661577e-05,25,10,20
44,7074,0.9358214527696788,8.158324577855238e-06,0.06412011083764303,5.0278068100418976e-05,25,10,20
44,7075,0.9806227891256328,5.390323632671008e-08,0.019336784650500295,4.0372320630927955e-05,25,10,20
44,7076,0.966261360749384,4.648539990329003e-07,0.033714596123135224,2.3578273482130317e-05,25,10,20
44,7077,0.9154840170287198,1.919130235455407e-07,0.08451263752376847,3.1535344882590317e-06,25,10,20
44,7078,0.8975319645511708,1.5679614869688835e-05,0.10244033815104217,1.2017682917854787e-05,25,10,20
44,7079,0.8929558400819799,2.4273970280009204e-06,0.10702846028288292,1.327223810891963e-05,25,10,20
44,7080,0.9277889696373682,2.60647845221926e-06,0.07220394107778912,4.482806390528858e-06,25,10,20
44,7081,0.9647631739682277,1.1340172362464231e-05,0.03521972674566964,5.759113740487601e-06,25,10,20
44,7082,0.9458892207129513,2.652701488605862e-06,0.05410122121893052,6.905366629576537e-06,25,10,20
44,7083,0.9475108173417206,2.0071151302696807e-06,0.052477785990388874,9.389552760393487e-06,25,10,20
44,7084,0.9515407766914141,1.5777857240426467e-06,0.04844874236907512,8.90315378677852e-06,25,10,20
44,7085,0.9137359187300562,3.635463087878494e-05,0.08621997949945479,7.747139609309206e-06,25,10,20
44,7086,0.9128904664687066,3.739049455374702e-05,0.08654760826385222,0.0005245347728868509,25,10,20
44,7087,0.9069839966252076,4.8202747886631175e-05,0.0928410548271754,0.00012674579973053233,25,10,20
44,7088,0.8672987642758244,2.4451037091713395e-05,0.13266331107550586,1.3473611579189414e-05,25,10,20
44,7089,0.9252420424122182,1.580200951866596e-06,0.07469598476101495,6.039262581438139e-05,25,10,20
44,7090,0.9612248435822914,2.6877818538462135e-06,0.038715620252447354,5.6848383406724875e-05,25,10,20
44,7091,0.917499315251472,2.8996580521680922e-06,0.08244206620197671,5.5718888498589214e-05,25,10,20
44,7092,0.886292046571739,0.0002210129225411897,0.11344004635208887,4.689415363135473e-05,25,10,20
44,7093,0.9011027836787062,3.878105896244376e-06,0.09885348672721456,3.9851488182760996e-05,25,10,20
44,7094,0.8479396246119595,1.968016226476528e-06,0.15177965931322737,0.0002787480585852284,25,10,20
44,7095,0.8998822818850631,8.228111421379637e-06,0.10008794009809106,2.1549905423906223e-05,25,10,20
44,7096,0.9276329853202181,3.107936863390633e-06,0.057759083583124864,0.014604823159793065,25,10,20
44,7097,0.9042816374993957,1.3909359504719533e-06,0.060290948039713174,0.035426023524940724,25,10,20
44,7098,0.885156523548813,2.96340883901665e-06,0.07745503368933469,0.037385479353013305,25,10,20
44,7099,0.8930772537424677,0.0001106639982348257,0.06940362463532047,0.037408457623977216,25,10,20
44,7100,0.8987324836869084,0.00011314519015529391,0.03998862520950934,0.06116574591342691,25,10,20
44,7101,0.8650529282558962,7.738138424981817e-06,0.07319165768250122,0.06174767592317712,25,10,20
44,7102,0.8401312172373171,8.837408303315611e-07,0.10988538815329893,0.049982510868552765,25,10,20
44,7103,0.860821685258056,1.0284163122188444e-06,0.10522097013753667,0.03395631618809436,25,10,20
44,7104,0.8342706438450631,3.376405244465836e-05,0.08751432857985886,0.07818126352263358,25,10,20
44,7105,0.7875245380966391,3.8301114196441194e-05,0.13889122060052206,0.07354594018864162,25,10,20
44,7106,0.7837823223394002,2.166626599035604e-06,0.18934174022845618,0.026873770805544716,25,10,20
44,7107,0.8662246636314949,1.071526031595213e-06,0.09450375057906274,0.039270514263409766,25,10,20
44,7108,0.9107638013384148,3.5163957225840557e-06,0.08767300348212671,0.001559678783735694,25,10,20
44,7109,0.9012266917399875,2.1357784457802528e-05,0.09708483878824971,0.0016671116873052992,25,10,20
44,7110,0.9484460922876373,1.238379849676174e-05,0.05152599689214152,1.5527021724394052e-05,25,10,20
44,7111,0.9500068321790234,1.0434736536856442e-05,0.04996614188291632,1.659120152359925e-05,25,10,20
44,7112,0.9428700717008666,1.419652807606567e-06,0.05712464419755464,3.864448771566594e-06,25,10,20
44,7113,0.9167620493002407,2.9621019725286857e-05,0.08253632126297886,0.0006720084170553398,25,10,20
44,7114,0.9190101111752739,0.0004106225636456098,0.07987123993899808,0.0007080263220824485,25,10,20
44,7115,0.9066598425063226,4.195118625673876e-06,0.09330372117167633,3.224120337500342e-05,25,10,20
44,7116,0.8986069396309345,1.1111927602885287e-05,0.10130002009915928,8.192834230331077e-05,25,10,20
44,7117,0.9169827473673046,6.008100812836397e-05,0.07920020541371453,0.0037569662108524852,25,10,20
44,7118,0.9169775360571206,4.8950548410595294e-05,0.08296155748973882,1.1955904730378446e-05,25,10,20
44,7119,0.8804253163618369,5.777431868861573e-05,0.11948466938400996,3.223993546434617e-05,25,10,20
44,7120,0.8903627903595696,1.447614600823328e-05,0.10950410768180381,0.00011862581261847797,25,10,20
44,7121,0.8927387391508766,1.4330967814472969e-05,0.10723640313660435,1.052674470532756e-05,25,10,20
44,7122,0.9617844000095436,1.670914465177213e-06,0.0382061257169529,7.80335903867344e-06,25,10,20
44,7123,0.9020628013796442,5.5728317230323255e-06,0.09784920238287925,8.242340575329608e-05,25,10,20
44,7124,0.9299413792062171,6.452851955540911e-05,0.06991277803487708,8.131423935082513e-05,25,10,20
44,7125,0.9272080213127744,8.827633002353478e-06,0.07253207902156551,0.0002510720326575055,25,10,20
44,7126,0.9495473651877693,8.867418281605533e-06,0.05016433368817322,0.0002794337057763668,25,10,20
44,7127,0.8960605259682707,1.1966351942303653e-05,0.10367713316405106,0.0002503745157360721,25,10,20
44,7128,0.881157920465806,1.4189943900413911e-05,0.1180480672978714,0.0007798222924229032,25,10,20
44,7129,0.9539605650933196,1.361055178365252e-06,0.04554400637187701,0.0004940674796251996,25,10,20
44,7130,0.9419162918739407,9.86794662793423e-06,0.05754645854091368,0.0005273816385173211,25,10,20
44,7131,0.9072875566182416,8.474602162180627e-06,0.08753358911900193,0.005170379660594943,25,10,20
44,7132,0.8952459030660103,1.6552939763411383e-05,0.0965397535567788,0.008197790437447875,25,10,20
44,7133,0.9338393525210352,2.6666283663486057e-05,0.06608782296672498,4.61582285761702e-05,25,10,20
44,7134,0.8992069556000153,1.2965557670661901e-05,0.1005397803576952,0.00024029848461921345,25,10,20
44,7135,0.9292914760049645,1.9298789679619154e-05,0.07066001977021952,2.9205435136517854e-05,25,10,20
44,7136,0.9159272973441185,2.4148489070009507e-05,0.08373210482634207,0.00031644934046826735,25,10,20
44,7137,0.9359029767417799,4.906385726381736e-05,0.05758285641524859,0.0064651029857080424,25,10,20
44,7138,0.9104917187241778,4.163404712457575e-06,0.08291171153620935,0.006592406334900408,25,10,20
44,7139,0.9113491342256533,6.343617987062419e-07,0.08201817264163543,0.00663205877091243,25,10,20
44,7140,0.9303667680207078,6.639313080994703e-07,0.06959736917295904,3.5198875025341306e-05,25,10,20
44,7141,0.9151277897502921,9.078568066709024e-07,0.0848498544070419,2.1447985859086613e-05,25,10,20
44,7142,0.9025754411950301,5.356209072231646e-06,0.0955329323431208,0.001886270252777575,25,10,20
44,7143,0.8658014086995397,4.622889780979464e-06,0.13211142532519557,0.0020825430854832672,25,10,20
44,7144,0.912844699565071,5.087750818104956e-06,0.08696524619199687,0.00018496649211465207,25,10,20
44,7145,0.9329822339083342,2.461831763716217e-05,0.06689672858952238,9.641918450574105e-05,25,10,20
44,7146,0.8958517897105283,1.0486237274031354e-06,0.10331326453268085,0.0008338971330631183,25,10,20
44,7147,0.9543632972430066,1.4023550303624257e-06,0.045286408094536455,0.000348892307426618,25,10,20
44,7148,0.9402529110149034,1.4051556159267857e-06,0.059355025572895806,0.00039065825658475236,25,10,20
44,7149,0.9436021446267082,2.3859540252103192e-05,0.05635542361037481,1.8572222665184564e-05,25,10,20
44,7150,0.9596908729206232,4.195097354990008e-06,0.03898020449405428,0.001324727487967461,25,10,20
44,7151,0.9479120877750042,3.205312933408316e-05,0.052050705722657555,5.153373003287656e-06,25,10,20
44,7152,0.8721055595136714,1.7159097620914165e-06,0.1278904721152338,2.252461332704676e-06,25,10,20
44,7153,0.8277986876190033,1.9453670988840613e-06,0.1719850212112415,0.00021434580265688525,25,10,20
44,7154,0.8843274896442113,2.1353067270188732e-06,0.11553010312676085,0.00014027192230046883,25,10,20
44,7155,0.945696261118392,5.780695178569933e-06,0.05421292287688524,8.503530954482002e-05,25,10,20
44,7156,0.9076731573237602,2.286499852222231e-05,0.09230131070495858,2.666972759218164e-06,25,10,20
44,7157,0.9048630874231814,6.961465246684611e-06,0.09497264148965227,0.00015730962192004116,25,10,20
44,7158,0.9050142500422439,6.22052830063752e-06,0.09497629236571717,3.2370637378065197e-06,25,10,20
44,7159,0.8168545450439114,3.1357613731715954e-06,0.18304889987120798,9.34193235058822e-05,25,10,20
44,7160,0.8122300308849643,3.6931228152672034e-06,0.18765986653540204,0.00010640945681728925,25,10,20
44,7161,0.9313049004833764,4.266478291481298e-06,0.06857918313542805,0.00011164990290436342,25,10,20
44,7162,0.9180740855355256,7.490348633824185e-07,0.08067837437311433,0.0012467910564962729,25,10,20
44,7163,0.9183620931530564,3.833441603922486e-06,0.0816298122373988,4.2611679409677116e-06,25,10,20
44,7164,0.907373000938816,1.3832425940767616e-05,0.0925883334705024,2.483316474044984e-05,25,10,20
44,7165,0.8865261092238578,1.220005550319309e-05,0.11343218427133457,2.9506449304583148e-05,25,10,20
44,7166,0.8879124120202667,1.2212278139989236e-06,0.11207552176844914,1.0844983470347684e-05,25,10,20
44,7167,0.8819846507448496,2.8298774556983875e-05,0.11797909045080406,7.960029789088852e-06,25,10,20
44,7168,0.8959197323472605,4.1369569223030714e-05,0.10398990260077884,4.899548273784198e-05,25,10,20
44,7169,0.8945442744686958,4.749117708100631e-06,0.10540298479515045,4.799161844600096e-05,25,10,20
44,7170,0.9299889406022559,4.149832376406229e-06,0.06998341033456305,2.3499230804550375e-05,25,10,20
44,7171,0.9481092877938256,5.908852828613729e-07,0.05173684047762559,0.0001532808432659639,25,10,20
44,7172,0.8964579552438146,0.00022499964361307045,0.10314682222589414,0.0001702228866794517,25,10,20
44,7173,0.8299100644068806,3.5002034973433103e-06,0.16987428294606294,0.0002121524435587214,25,10,20
44,7174,0.8994340434215913,6.623333763960861e-07,0.10036096548759918,0.00020432875743376912,25,10,20
44,7175,0.9118761861312875,8.787886971456773e-05,0.08795665164767687,7.928335132103363e-05,25,10,20
44,7176,0.9177191183388225,1.0555633535301376e-06,0.08143798241385779,0.0008418436839659851,25,10,20
44,7177,0.8886012253118628,1.9516442423819236e-06,0.10993679953579819,0.0014600235080960591,25,10,20
44,7178,0.9114618066169566,1.4968261145205014e-06,0.08720469290095263,0.0013320036559758,25,10,20
44,7179,0.8644767621538825,0.0003488707514111606,0.135152183654549,2.218344015723709e-05,25,10,20
44,7180,0.8875017101504352,0.0003523192533984004,0.11213207882703399,1.3891769132635568e-05,25,10,20
44,7181,0.9381190866904667,3.400271573866565e-06,0.061856784263532,2.0728774427057728e-05,25,10,20
44,7182,0.8685506207872593,3.3119458108662817e-06,0.1313968622081718,4.920505875812589e-05,25,10,20
44,7183,0.9139848716103348,6.640920494338563e-07,0.08598449852881872,2.9965768796747064e-05,25,10,20
44,7184,0.9303483655857788,6.296321844006704e-07,0.06963470350054711,1.630128148944113e-05,25,10,20
44,7185,0.9100635155153093,5.492825806418893e-07,0.08992318564930572,1.2749552803761826e-05,25,10,20
44,7186,0.9018061197713132,4.7068011969192256e-05,0.09489207514059181,0.0032547370761255956,25,10,20
44,7187,0.9825454527301557,3.2293742407088515e-06,0.01744908619201538,2.2317035884286445e-06,25,10,20
44,7188,0.9403423906376852,1.9949304826527202e-07,0.059651233648509897,6.176220756152626e-06,25,10,20
44,7189,0.8681029920091623,0.00047287217984731385,0.1312611994036987,0.00016293640729244787,25,10,20
44,7190,0.9079547819494519,0.0007723129228817602,0.0911224242821797,0.00015048084548751402,25,10,20
44,7191,0.8640249885341139,0.001626671477075877,0.1341388614201696,0.00020947856864044178,25,10,20
44,7192,0.9050037125485091,0.001594236662699158,0.09320805970759778,0.00019399108119404467,25,10,20
44,7193,0.9270443470824864,0.00047801460760585703,0.07224377573058721,0.00023386257932054774,25,10,20
44,7194,0.8800243322437185,8.347531224923519e-07,0.08077258878636139,0.039202244216797195,25,10,20
44,7195,0.9057132550659395,8.775788801873238e-07,0.05949867291524277,0.0347871944399373,25,10,20
44,7196,0.9566946567369021,6.471542435267219e-06,0.042341557262982873,0.0009573144576801923,25,10,20
44,7197,0.9580199336751469,3.039586532702407e-07,0.04196941408498813,1.0348281211334617e-05,25,10,20
44,7198,0.917567033420448,8.973844247862121e-07,0.0824207663212426,1.130287388384894e-05,25,10,20
44,7199,0.8972660446433927,1.1140239125707056e-06,0.10268845657333114,4.438475936349267e-05,25,10,20
44,7200,0.9509580091483323,3.6229657948158372e-06,0.04893627988411873,0.00010208800175392956,25,10,20
44,7201,0.9657035084239669,1.3304163627835331e-05,0.03423153029802792,5.1657114377286786e-05,25,10,20
44,7202,0.9158720505463517,1.1022238654813392e-05,0.08410750750803199,9.41970696226058e-06,25,10,20
44,7203,0.9433429574630482,1.5988868669560468e-06,0.05663700512392529,1.843852615931751e-05,25,10,20
44,7204,0.9298897925236512,7.90450356363527e-06,0.06998164871246487,0.00012065426032079552,25,10,20
44,7205,0.90050807045478,0.000410767876269076,0.09781329798055499,0.0012678636883968492,25,10,20
44,7206,0.9119822974421836,1.7813431958518776e-05,0.08671715772937158,0.0012827313964862241,25,10,20
44,7207,0.9559965796226413,2.4936640446315036e-07,0.036912335206329486,0.0070908358046245954,25,10,20
44,7208,0.9638276911644481,4.4911254925924117e-07,0.03613121384580134,4.064587720089437e-05,25,10,20
44,7209,0.9479320370913357,1.5567875031602144e-05,0.05200793526117427,4.4459772458071766e-05,25,10,20
44,7210,0.9149480969953757,1.5623778599118446e-05,0.08499530536461869,4.0973861406792605e-05,25,10,20
44,7211,0.9180160258232668,4.684718185298732e-07,0.08154331035882448,0.0004401953460905118,25,10,20
44,7212,0.9506237822721165,1.3936680024035609e-06,0.049372536665890566,2.287393990739479e-06,25,10,20
44,7213,0.899258425754312,2.199918624094579e-05,0.10059233449467986,0.00012724056476673886,25,10,20
44,7214,0.8967710988677515,2.0826120430415223e-06,0.1031966490231943,3.0169497011081063e-05,25,10,20
44,7215,0.9214219480873043,0.0001973526799388098,0.07835863312020167,2.2066112555223597e-05,25,10,20
44,7216,0.8714988722315025,4.487215922704687e-07,0.12828085573404593,0.00021982331285808597,25,10,20
44,7217,0.9146065399790787,2.522880652413881e-06,0.08535939628619435,3.154085407378756e-05,25,10,20
44,7218,0.9449639138979369,2.4468475905187688e-06,0.052552034358994096,0.0024816048954786466,25,10,20
44,7219,0.9082588764606018,6.828464993068814e-05,0.08797076097384776,0.0037020779156199494,25,10,20
44,7220,0.9421841788523401,7.734495647522754e-06,0.0577986537935942,9.432858417695246e-06,25,10,20
44,7221,0.9222558848279465,8.096459062612298e-06,0.07772882179711554,7.196915875393206e-06,25,10,20
44,7222,0.9225008532799458,2.457422669432424e-06,0.07739984616232311,9.684313506197115e-05,25,10,20
44,7223,0.9334579221482251,5.900465047895974e-07,0.06648608022557305,5.540757969716049e-05,25,10,20
44,7224,0.9253661837833232,2.4288274927257566e-06,0.07461494711679303,1.64402723911595e-05,25,10,20
44,7225,0.9153420802388594,1.536088922801449e-05,0.0824913732048379,0.002151185667074783,25,10,20
44,7226,0.9522426914640287,2.4237525290287283e-05,0.04679524219284728,0.0009378288178335293,25,10,20
44,7227,0.949633459752712,3.2739220568621e-07,0.050226304248798766,0.0001399086062831431,25,10,20
44,7228,0.9113192992821169,1.6963445993148022e-05,0.08662356604006836,0.002040171231821207,25,10,20
44,7229,0.8923461263131661,1.4172610381127441e-05,0.10541687508119969,0.0022228259952526675,25,10,20
44,7230,0.8941526515721548,1.758609072062274e-05,0.10556960347578342,0.000260158861340898,25,10,20
44,7231,0.9314183866815395,4.7669147581602015e-06,0.06831408732565197,0.0002627590780496091,25,10,20
44,7232,0.9705997905766012,8.995097908902147e-07,0.029181296587820173,0.00021801332578773596,25,10,20
44,7233,0.9520958784017676,2.1922061108294594e-06,0.04785521120852558,4.6718183595756927e-05,25,10,20
44,7234,0.9290383161624456,4.487003044952737e-06,0.07090319802697027,5.3998807539335606e-05,25,10,20
44,7235,0.9439714010401716,2.038892303380605e-06,0.055939853797482904,8.670627004219255e-05,25,10,20
44,7236,0.9252131337876415,1.9870083942929886e-06,0.06964815132490614,0.005136727879058084,25,10,20
44,7237,0.9043130795366633,1.7385691149708024e-06,0.09566600356144982,1.9178332771209583e-05,25,10,20
44,7238,0.9299493048109152,1.2262923630137437e-06,0.06978560165790204,0.0002638672388193568,25,10,20
44,7239,0.9056799927899121,1.8553193427347495e-06,0.09430628293068674,1.1868960058468421e-05,25,10,20
44,7240,0.9536960783802426,2.5282899290357683e-06,0.045906205251701,0.0003951880781271364,25,10,20
44,7241,0.9570353841224776,5.954142500516645e-07,0.042876176286314086,8.784417695803526e-05,25,10,20
44,7242,0.8976347905514906,1.0988134288597487e-05,0.09920552848071214,0.0031486928335081404,25,10,20
44,7243,0.9278257246419962,1.2581686685285667e-05,0.0687251266779994,0.0034365669933193936,25,10,20
44,7244,0.9391951994634776,5.195488106049987e-06,0.06049737141543345,0.0003022336329831795,25,10,20
44,7245,0.9367703026801759,9.457839491610053e-06,0.06318823063016846,3.2008850163691205e-05,25,10,20
44,7246,0.9339472897937462,5.915810209163707e-06,0.0660147457341258,3.204866191874023e-05,25,10,20
44,7247,0.9527974942530573,5.752885730354946e-07,0.042651270728342565,0.004550659730027105,25,10,20
44,7248,0.956740667269564,9.401181245050576e-05,0.043002227626733155,0.00016309329125247928,25,10,20
44,7249,0.9065802296223403,2.5096912665215755e-06,0.09337427408694204,4.29865994506344e-05,25,10,20
44,7250,0.9668207954291005,8.525141851408648e-06,0.033117965463476916,5.271396557169334e-05,25,10,20
44,7251,0.9428462545511823,2.474561689773994e-06,0.05709572464001228,5.554624711584311e-05,25,10,20
44,7252,0.8993883928814752,3.446469282917467e-05,0.10053175702724695,4.5385398449016165e-05,25,10,20
44,7253,0.8279335284487965,1.7299714687694411e-06,0.17187488534239453,0.00018985623734079854,25,10,20
44,7254,0.9279669001949477,1.470063944444888e-05,0.07200880850101184,9.590664596172664e-06,25,10,20
44,7255,0.8873044331699156,1.6482806327682085e-06,0.10487594495557381,0.007817973593878228,25,10,20
44,7256,0.9191397550478502,5.354802070712764e-06,0.073028989402036,0.007825900748042585,25,10,20
44,7257,0.9316098725861657,2.58938875287622e-06,0.06837051956154075,1.7018463540231436e-05,25,10,20
44,7258,0.9262115088037406,5.703442429875776e-06,0.0734665148490344,0.00031627290479508774,25,10,20
44,7259,0.8962278491509427,4.8619690088227625e-06,0.1037301485102031,3.714036984521511e-05,25,10,20
44,7260,0.8928404645312601,1.564700408615414e-06,0.09053802139287535,0.016619949375455884,25,10,20
44,7261,0.9029686534379765,5.045866798182544e-07,0.057606763795613,0.03942407817973061,25,10,20
44,7262,0.9137335951848959,8.636914720015184e-07,0.047220230895666744,0.039045310227965445,25,10,20
44,7263,0.8788302876063091,3.639008189877761e-07,0.08213740693429909,0.03903194155857323,25,10,20
44,7264,0.9203937175452801,8.877684055347736e-07,0.040545828701810914,0.0390595659845032,25,10,20
44,7265,0.9190317580986762,2.6416213417545603e-06,0.05119481103029004,0.02977078924969215,25,10,20
44,7266,0.8750256500800255,5.480474510269969e-07,0.09521570717207879,0.02975809470044555,25,10,20
44,7267,0.832990906057169,9.572498454972883e-06,0.13065478659629093,0.03634473484808411,25,10,20
44,7268,0.8134390223832155,2.8814928502432278e-05,0.16243248596905496,0.024099676719226172,25,10,20
44,7269,0.8062915110947809,2.8785721639073086e-05,0.15452754255445797,0.039152160629122204,25,10,20
44,7270,0.8295809430872153,1.1191994100277016e-05,0.13120686022937147,0.03920100468931279,25,10,20
44,7271,0.8709496970575958,3.095563625599507e-05,0.08950155455123847,0.039517792754910165,25,10,20
44,7272,0.8237317625080323,0.00033996744838710977,0.15331276015301548,0.022615509890564742,25,10,20
44,7273,0.9014480397969195,2.2123896078039265e-06,0.07564010534746583,0.022909642466007255,25,10,20
44,7274,0.9153527786434807,2.7291100288067986e-07,0.08427314732888531,0.00037380111663125006,25,10,20
44,7275,0.9146248773009243,1.4171374945939103e-06,0.08532266314862545,5.104241295549009e-05,25,10,20
44,7276,0.9183959212283499,3.679794922847181e-07,0.08147907342726411,0.00012463736489392053,25,10,20
44,7277,0.9173082576281721,2.540805724332369e-07,0.0825683369807453,0.00012315131051061028,25,10,20
44,7278,0.9131560367540498,2.3350391546948474e-06,0.0826736573261748,0.004167970880620379,25,10,20
44,7279,0.9093533054191002,8.704528744059443e-07,0.09060678696768729,3.9037160338777526e-05,25,10,20
44,7280,0.9313422102071565,1.001242150613837e-06,0.06829587072628762,0.0003609178244061378,25,10,20
44,7281,0.9511575395157571,5.603134221238697e-07,0.048834863589632654,7.036581188574826e-06,25,10,20
44,7282,0.9692859213429634,9.784780759049524e-07,0.03070549532449087,7.604854469940199e-06,25,10,20
44,7283,0.9307923407265093,1.4234676269415806e-06,0.0689894530129846,0.000216782792878704,25,10,20
44,7284,0.9162598913369897,8.006697343068322e-07,0.05392929391009484,0.02981001408318105,25,10,20
44,7285,0.9026053873868541,9.60231902476649e-07,0.06776326586928985,0.029630386511953447,25,10,20
44,7286,0.8886489261418467,2.319930671938511e-06,0.07223079042523393,0.039117963502247395,25,10,20
44,7287,0.8630294420814079,3.0175032442105023e-06,0.09899336931554911,0.03797417109979838,25,10,20
44,7288,0.8696716038777569,1.283158902944673e-06,0.09073574404035227,0.039591368922987515,25,10,20
44,7289,0.9118547930799475,1.16381193828907e-06,0.04871646500110858,0.039427578107005236,25,10,20
44,7290,0.9285670155748789,4.7030320013976884e-07,0.028912657784413903,0.042519856337507,25,10,20
44,7291,0.9241047117102003,9.972934717088187e-07,0.0363466857264108,0.03954760526991669,25,10,20
44,7292,0.9055060195976123,8.126011968403594e-07,0.08941441476773068,0.005078753033459833,25,10,20
44,7293,0.8701383370349839,7.2448186864561635e-06,0.12493807701878941,0.0049163411275405635,25,10,20
44,7294,0.9193890102152235,1.050944890467878e-06,0.08060680006665401,3.138773231918843e-06,25,10,20
44,7295,0.8746343535106295,2.942586727692725e-06,0.12498813532249534,0.00037456858014656293,25,10,20
44,7296,0.8102069702685539,0.000128354355298845,0.18934234387586973,0.00032233150027715805,25,10,20
44,7297,0.8390719411710071,0.0001584891657692636,0.16028793785763465,0.0004816318055882364,25,10,20
44,7298,0.9020301192534442,1.6906827199466117e-06,0.09773059662907954,0.00023759343475549473,25,10,20
44,7299,0.8567301121461778,1.767517168293815e-06,0.14311297225590736,0.00015514808074661268,25,10,20
44,7300,0.9366873978495203,1.0225318999141946e-06,0.06330525552170137,6.324096878356497e-06,25,10,20
44,7301,0.9328178036563426,6.175833093992398e-06,0.06715956243643846,1.64580741247582e-05,25,10,20
44,7302,0.9062752120158984,0.00016955518836587146,0.09318335351508449,0.0003718792806514258,25,10,20
44,7303,0.9173919504970258,0.0001299325655440038,0.04211961309024342,0.04035850384718634,25,10,20
44,7304,0.9164176823692916,0.00012323496949814388,0.04445238969671808,0.039006692964491815,25,10,20
44,7305,0.9060949652181057,3.337881993311358e-07,0.08178319063840445,0.012121510355291283,25,10,20
44,7306,0.9093782053744209,3.2305584045461375e-06,0.07819484720649932,0.012423716860674377,25,10,20
44,7307,0.853265661362442,1.0014344596952736e-05,0.1343049911452272,0.012419333147734326,25,10,20
44,7308,0.9293623867936457,4.284129998588729e-06,0.030896726945537224,0.03973660213081792,25,10,20
44,7309,0.8724489118781605,4.549862698103483e-06,0.09232913261905777,0.03521740564008294,25,10,20
44,7310,0.8586507666490429,1.927030235258452e-06,0.10626648000440934,0.035080826316312375,25,10,20
44,7311,0.8361385131660309,3.021782677636597e-07,0.12432225756701921,0.03953892708868248,25,10,20
44,7312,0.8613583387198958,0.0023554599408179776,0.09733034771644739,0.038955853622838675,25,10,20
44,7313,0.8923486301700259,0.0023527465302467052,0.0655013957742393,0.03979722752548778,25,10,20
44,7314,0.8807062098306437,0.002355061787483862,0.07654791322453777,0.040390815157334406,25,10,20
44,7315,0.9799931628008558,1.4824426698454353e-06,0.01999990729559278,5.447460881985095e-06,25,10,20
44,7316,0.9313527629226335,1.8606067643274418e-06,0.06863648807986986,8.888390732326208e-06,25,10,20
44,7317,0.9419533899272337,4.136446516504161e-05,0.057999484052766156,5.761554834995673e-06,25,10,20
44,7318,0.8672894765783947,9.795858095667178e-07,0.13270074208027052,8.801755525543479e-06,25,10,20
44,7319,0.919340035753856,0.0007222048699665552,0.07984760655490143,9.015282127603008e-05,25,10,20
44,7320,0.9181854750853153,1.2113850886990674e-06,0.07561747571154981,0.006195837818046203,25,10,20
44,7321,0.8893078329906455,2.4580035010663e-06,0.10439892356595326,0.006290785439900382,25,10,20
44,7322,0.9098334519060031,3.5539714061691135e-06,0.08394210823106857,0.006220885891523007,25,10,20
44,7323,0.8758820927181878,5.107496471398507e-06,0.12401359434813453,9.920543720589849e-05,25,10,20
44,7324,0.9332836690695592,1.1557851821865758e-05,0.06660410503609693,0.0001006680425226258,25,10,20
44,7325,0.8917730928357618,1.3158205589006755e-05,0.10810444304585635,0.0001093059127923046,25,10,20
44,7326,0.8952801507711328,1.1593094138138434e-05,0.10460805839559355,0.00010019773913507146,25,10,20
44,7327,0.9287313024783519,3.327598524331311e-07,0.07123358511378607,3.477964800990295e-05,25,10,20
44,7328,0.8640501908130866,8.2936229865851e-06,0.13593038838428825,1.112717963871559e-05,25,10,20
44,7329,0.8623717748179683,4.620127107301135e-06,0.13761386418319094,9.74087173460958e-06,25,10,20
44,7330,0.8069385839640659,4.658105900079406e-06,0.1922002224705022,0.0008565354595328519,25,10,20
44,7331,0.883415551759986,5.774330383852248e-06,0.11657231703800428,6.356871626196087e-06,25,10,20
44,7332,0.9555721769889304,2.4023996641771846e-06,0.04433492918912202,9.049142228348587e-05,25,10,20
44,7333,0.9668388005957158,8.524507796591504e-07,0.03312291964463722,3.742730886776873e-05,25,10,20
44,7334,0.874396015717894,1.292515089533969e-06,0.12542913406742598,0.00017355769959130626,25,10,20
44,7335,0.9323083242420688,1.655049184121649e-06,0.06755375358459688,0.00013626712415014205,25,10,20
44,7336,0.9176258037040771,7.798289809398188e-07,0.08234603238027315,2.738408666845719e-05,25,10,20
44,7337,0.9226139826632411,6.96487251177632e-07,0.07736889847719473,1.6422372312507033e-05,25,10,20
44,7338,0.9067834283886101,8.217871180209382e-06,0.0931027422950424,0.00010561144516704051,25,10,20
44,7339,0.9340582960959314,8.415090344410775e-06,0.06514925476827244,0.0007840340454513344,25,10,20
44,7340,0.9194176500417894,9.161776697396611e-05,0.0802165380079255,0.00027419418331079586,25,10,20
44,7341,0.9228599686447829,7.320299220101568e-05,0.07702468437270281,4.2143990313357075e-05,25,10,20
44,7342,0.9237616249243782,4.2115797050233357e-07,0.07579924169620819,0.00043871222144348276,25,10,20
44,7343,0.9485103640584562,1.11843299859102e-05,0.05144634256835708,3.2109043201184946e-05,25,10,20
44,7344,0.9503845110220578,1.4216375253371708e-05,0.04959827351537799,2.999087311066275e-06,25,10,20
44,7345,0.9212511051373403,1.282311911313282e-05,0.059785244463170434,0.018950827280375934,25,10,20
44,7346,0.8902939116299838,1.4855456347325636e-05,0.09070232112048943,0.018988911793179894,25,10,20
44,7347,0.8693010606779947,1.390362958471498e-05,0.11202240754746721,0.018662628144953057,25,10,20
44,7348,0.8572662407039566,1.4954891834991972e-07,0.10319321161017837,0.0395403981369468,25,10,20
44,7349,0.9197633256891043,2.0408533311450324e-06,0.057386004877744215,0.022848628579820326,25,10,20
44,7350,0.9124004081307011,9.860971781250233e-08,0.048505866199257106,0.039093627060324175,25,10,20
44,7351,0.9192632061121461,2.0554006723906484e-07,0.07757191105189469,0.003164677295891842,25,10,20
44,7352,0.8876928423899486,2.3083746143097597e-07,0.10916319667443597,0.0031437300981533955,25,10,20
44,7353,0.915767978538247,2.127993182598294e-06,0.084211919421179,1.7974047391771288e-05,25,10,20
44,7354,0.9348333674252081,1.955357702411578e-06,0.06514861895374895,1.605826334071471e-05,25,10,20
44,7355,0.8945914833503078,2.5426092531798064e-07,0.06604928782537062,0.039358974563396106,25,10,20
44,7356,0.8915949968210787,1.638860128475239e-06,0.06926203947012154,0.03914132484867078,25,10,20
44,7357,0.8734950272874391,2.2098542307801034e-06,0.08717696420231186,0.03932579865601818,25,10,20
44,7358,0.9413816180888261,9.771226158610385e-06,0.019472038778666396,0.0391365719063486,25,10,20
44,7359,0.9145465002868803,1.473114085550872e-06,0.04634098948849525,0.0391110371105397,25,10,20
44,7360,0.9025407928395153,5.444394935175007e-06,0.058327840498982715,0.03912592226656692,25,10,20
44,7361,0.8621294076327579,1.1756972502157573e-06,0.09831020560980022,0.03955921106019117,25,10,20
44,7362,0.869632842705214,1.7117307294208858e-06,0.09117525951391306,0.03919018605014344,25,10,20
44,7363,0.8583856233149043,1.4393879262435459e-06,0.10581561105462008,0.035797326242548756,25,10,20
44,7364,0.9024855174398315,1.7556618357242065e-06,0.061708991760966024,0.0358037351373669,25,10,20
44,7365,0.9264241538933213,4.999452449243387e-07,0.03777274873256849,0.03580259742886543,25,10,20
44,7366,0.8973276244810394,5.925092540100938e-07,0.06354879144793561,0.03912299156177044,25,10,20
44,7367,0.931222047011047,2.887529880963033e-06,0.029648515564926193,0.039126549894145914,25,10,20
44,7368,0.8705567666220243,5.061330430328602e-06,0.09034450155767944,0.03909367048986616,25,10,20
44,7369,0.9151903919066234,5.734644169884959e-06,0.04607120771385822,0.03873266573534842,25,10,20
44,7370,0.8323259783771255,0.0001345524436104596,0.128623810224445,0.03891565895481879,25,10,20
44,7371,0.8985273092068776,0.00012106528076718911,0.07307346844437039,0.028278157067984512,25,10,20
44,7372,0.9162842688098048,9.62103480564673e-06,0.046753647221864286,0.036952462933524985,25,10,20
44,7373,0.9085347006608708,6.372731139564032e-07,0.061061240466588576,0.030403421599426467,25,10,20
44,7374,0.8626679139273756,4.4458997706567084e-07,0.09836964894341892,0.03896199253922845,25,10,20
44,7375,0.8447448526121384,1.3430956860850865e-06,0.11627700354675642,0.03897680074541829,25,10,20
44,7376,0.8359323806846521,4.514412499855228e-06,0.1251373762510772,0.03892572865177138,25,10,20
44,7377,0.8972643881302421,1.971347285773473e-07,0.06381145551903353,0.03892395921599495,25,10,20
44,7378,0.9290435576182822,1.3653896059304616e-06,0.03200351659580612,0.03895156039630539,25,10,20
44,7379,0.9154576929916304,3.4943383105256365e-06,0.045342520667388954,0.03919629200266933,25,10,20
44,7380,0.8733316727921853,1.8693686342250926e-06,0.08748210479518374,0.03918435304399755,25,10,20
44,7381,0.9252572571782005,6.796625981556377e-07,0.03556083150327598,0.03918123165592527,25,10,20
44,7382,0.9060659556377338,5.94409518121778e-07,0.056218230841677624,0.03771521911106999,25,10,20
44,7383,0.8386278595808387,3.4161693728785545e-05,0.09287337923440869,0.06846459949102326,25,10,20
44,7384,0.8483721381896807,3.086218089455998e-07,0.07526907196084794,0.07635848122766228,25,10,20
44,7385,0.8687148792644376,9.61751237697895e-08,0.08264420528216304,0.048640819278275974,25,10,20
44,7386,0.8556369191105145,6.688891575974777e-07,0.09525163483576532,0.04911077716456229,25,10,20
44,7387,0.8144008326952499,6.833230949010353e-07,0.13778216038391192,0.04781632359774212,25,10,20
44,7388,0.8535319340446756,0.0016657779925142795,0.10510236543931256,0.03969992252349796,25,10,20
44,7389,0.8798214342145841,0.0016661372432733358,0.08531369772636292,0.03319873081577967,25,10,20
44,7390,0.8629004215369004,3.864314050493641e-07,0.11090252570821794,0.02619666632347742,25,10,20
44,7391,0.9388824811284333,2.603116417964055e-07,0.06102104331483644,9.62152450886063e-05,25,10,20
44,7392,0.9554692719473752,1.987758574173124e-06,0.04448066657434087,4.807371971003431e-05,25,10,20
44,7393,0.9630802640779108,3.5207362020374395e-06,0.036895387659363704,2.0827526523760635e-05,25,10,20
44,7394,0.9473427844605216,0.00024634285806615554,0.052387882852129544,2.2989829283044178e-05,25,10,20
44,7395,0.9448430644501845,1.999634682142384e-06,0.05515303431763524,1.9015974983168665e-06,25,10,20
44,7396,0.9246152615464528,1.6704265161278225e-06,0.07537471850996506,8.349517066176026e-06,25,10,20
44,7397,0.9407069445902606,2.8282365485019132e-05,0.05926143377606962,3.3392681847049776e-06,25,10,20
44,7398,0.9374393772675478,2.8950734095478784e-05,0.06252770722882554,3.964769531175348e-06,25,10,20
44,7399,0.9036874880110571,5.61139445152354e-06,0.09591552638750606,0.0003913742069837396,25,10,20
44,7400,0.9119076204250436,7.757181525343138e-07,0.08803950657436843,5.2097282435144634e-05,25,10,20
44,7401,0.886678515032704,1.742268662455766e-06,0.11326785255166572,5.18901469681475e-05,25,10,20
44,7402,0.8516547710772813,1.029373291763674e-06,0.1482821475323007,6.205201712551888e-05,25,10,20
44,7403,0.9010237540306182,2.4246674870693815e-06,0.09885938058999898,0.00011444071189565206,25,10,20
44,7404,0.9019679154801438,2.1427025663272814e-05,0.09789567972634564,0.00011497776784704516,25,10,20
44,7405,0.9198140962893021,8.47863121000665e-07,0.08017176080606772,1.329504150912332e-05,25,10,20
44,7406,0.9164779091677393,8.868302485485512e-07,0.08351374459615825,7.45940585403434e-06,25,10,20
44,7407,0.9336843581991934,3.279541578618722e-07,0.06630165874934253,1.3655097306183799e-05,25,10,20
44,7408,0.933172775020822,9.782918009425445e-08,0.06660249025512782,0.000224636894870018,25,10,20
44,7409,0.912332848987057,1.7230403304588319e-06,0.08745179059062932,0.00021363738198315878,25,10,20
44,7410,0.8768698251627464,4.720958412244607e-08,0.12312117586490151,8.95176276682382e-06,25,10,20
44,7411,0.8739177975358473,0.0020233599546138343,0.12388368336491876,0.00017515914461972137,25,10,20
44,7412,0.8755182657119405,0.0020233891826053857,0.12220422383457696,0.0002541212708782642,25,10,20
44,7413,0.8769939881520941,0.0020258685123191343,0.12078827252267837,0.00019187081290912542,25,10,20
44,7414,0.9296168195055315,0.002024818024704378,0.06817731476114398,0.00018104770862018517,25,10,20
44,7415,0.9740656339766387,2.8194151643476583e-06,0.0258381018557812,9.344475241545162e-05,25,10,20
44,7416,0.9648858457609916,1.9936262237151294e-06,0.035015041677623884,9.711893516099121e-05,25,10,20
44,7417,0.9281738930782722,1.1952561556509602e-06,0.07159951118030539,0.00022540048526632994,25,10,20
44,7418,0.9519772493962065,8.232512612367049e-07,0.04801061001195321,1.1317340579384109e-05,25,10,20
44,7419,0.8847399042410854,2.052063836546589e-06,0.11524997206177406,8.071633304066667e-06,25,10,20
44,7420,0.9177951616647614,2.6680916424806408e-05,0.08216115189938357,1.7005519429961314e-05,25,10,20
44,7421,0.9298123291594739,8.49231207935904e-08,0.07018572853129226,1.8573861131882257e-06,25,10,20
44,7422,0.9043624172905712,1.7123639947445442e-06,0.08416210511116146,0.011473765234272237,25,10,20
44,7423,0.9124638482026431,4.7585966819704934e-07,0.08669899777557037,0.0008366781621178935,25,10,20
44,7424,0.9408114965711161,7.913533813818506e-05,0.05905091283802442,5.8455252720833107e-05,25,10,20
44,7425,0.9358602252420636,3.8351738260986077e-07,0.06404105078346906,9.834045708456734e-05,25,10,20
44,7426,0.967608869759238,2.4020862947704166e-07,0.032257247512214496,0.00013364251991853979,25,10,20
44,7427,0.9559973138670395,8.084236862471139e-06,0.04387503969356937,0.00011956220252878776,25,10,20
44,7428,0.9599487906125058,5.640550695074673e-05,0.039694772700887435,0.0003000311796554161,25,10,20
44,7429,0.9699039337677869,6.269543879936888e-07,0.03007153641409003,2.39028637351765e-05,25,10,20
44,7430,0.9520196518143639,3.3360711096391794e-06,0.04795326798240479,2.3744132121048546e-05,25,10,20
44,7431,0.9464058767630412,8.813334839927734e-05,0.05339306861403381,0.00011292127452543262,25,10,20
44,7432,0.9459940253507985,8.6832298709586e-05,0.05380681700654542,0.00011232534394649248,25,10,20
44,7433,0.9508417956645256,3.94757541956061e-06,0.04903806484006541,0.00011619191998936289,25,10,20
44,7434,0.9461305487170298,1.2300437812813193e-06,0.05227059193041808,0.0015976293087708402,25,10,20
44,7435,0.8910738295041147,1.2203782133827529e-06,0.10732404186555929,0.0016009082521120652,25,10,20
44,7436,0.8540176323405124,8.800055428394488e-07,0.14436838664609417,0.0016131010078495145,25,10,20
44,7437,0.940639729919768,6.282396926834437e-05,0.059024026732606705,0.00027341937835704546,25,10,20
44,7438,0.93697601723571,6.928776209918803e-05,0.06293160295537621,2.3092046815135917e-05,25,10,20
44,7439,0.9552025735972773,2.8552903685229876e-06,0.04473899917837019,5.557193398424661e-05,25,10,20
44,7440,0.8586952512108066,5.990779678383995e-06,0.12311784430409171,0.018180913705423275,25,10,20
44,7441,0.8768139845485642,1.690825062647184e-05,0.12279953400698401,0.00036957319382584377,25,10,20
44,7442,0.8965794830981342,9.40139712006402e-06,0.10312397126013578,0.00028714424461000757,25,10,20
44,7443,0.9309683802837527,2.863314934265932e-06,0.06873219216294937,0.0002965642383639817,25,10,20
44,7444,0.8984081354533084,9.503138520067079e-05,0.10147741904083019,1.9414120660570335e-05,25,10,20
44,7445,0.8573455889983699,5.834922344571766e-07,0.11788358700303617,0.02477024050635871,25,10,20
44,7446,0.8875115034771706,6.31296718933236e-07,0.07304240010943938,0.0394454651166714,25,10,20
44,7447,0.8878393887684054,1.0230748435060627e-06,0.07254893676224299,0.03961065139450806,25,10,20
44,7448,0.8856894097312107,1.5956696655432437e-06,0.08600354036723912,0.02830545423188406,25,10,20
44,7449,0.9107929341030663,2.203544759794929e-06,0.05709924166103951,0.03210562069113425,25,10,20
44,7450,0.9103990706134593,5.9627039750635455e-06,0.05081225117636762,0.03878271550619818,25,10,20
44,7451,0.8951276077075727,1.1107715999527274e-06,0.06480973479058887,0.04006154673023869,25,10,20
44,7452,0.8655195927247503,3.2767518866701414e-06,0.10310431687332479,0.03137281365003848,25,10,20
44,7453,0.8659751803070871,1.4651281601997482e-05,0.10554713919180853,0.02846302921950225,25,10,20
44,7454,0.9320442924472833,5.930502743988027e-07,0.028784714111659677,0.03917040039078265,25,10,20
44,7455,0.9174404563128727,1.3112300623812716e-05,0.04342439217333222,0.03912203921317145,25,10,20
44,7456,0.9099403328906142,1.4089983826191685e-05,0.05093821197170376,0.03910736515385607,25,10,20
44,7457,0.8965760734770122,9.076361226422014e-06,0.06384620155211433,0.03956864860964668,25,10,20
44,7458,0.8806630123663781,1.4107773336381763e-05,0.07977811504407742,0.03954476481620727,25,10,20
44,7459,0.9270333885909281,2.4174953763460134e-07,0.03340542578221371,0.039560943877320176,25,10,20
44,7460,0.9173463437598893,2.106326145410739e-06,0.043089407090230354,0.03956214282373414,25,10,20
44,7461,0.8633393006419662,2.0140152332343886e-06,0.09713404310124826,0.039524642241551576,25,10,20
44,7462,0.8819731683755598,1.9710191517105827e-06,0.078502800840599,0.039522059764689206,25,10,20
44,7463,0.8381628522900119,8.352754745228703e-06,0.12284784944725542,0.0389809455079875,25,10,20
44,7464,0.8358909405553905,1.8361202337363627e-06,0.1640989893776379,8.23394673834566e-06,25,10,20
44,7465,0.8763911500576963,1.0568659951731709e-05,0.12359513416379979,3.14711855194772e-06,25,10,20
44,7466,0.9113288545354798,6.705806902030125e-07,0.08864993281752476,2.0542066305654314e-05,25,10,20
44,7467,0.9233099613544863,6.352113849648097e-07,0.07663330862488348,5.609480924486902e-05,25,10,20
44,7468,0.9589540138825826,1.1952065322520732e-05,0.04102933395092103,4.700101173930098e-06,25,10,20
44,7469,0.9412090349050315,1.566305030700779e-05,0.05876125023793634,1.4051806724876994e-05,25,10,20
44,7470,0.9437687949292842,4.217526126735919e-07,0.05618146595111781,4.931736698487911e-05,25,10,20
44,7471,0.8795093186412715,5.904648476751192e-07,0.12047289953208139,1.719136179935857e-05,25,10,20
44,7472,0.9149097205851484,1.2578015980339988e-06,0.08504821464519574,4.0806968058083106e-05,25,10,20
44,7473,0.9358219054747469,2.794086017415425e-05,0.06411745318448886,3.270048059048844e-05,25,10,20
44,7474,0.9472235826288673,1.1358703587514369e-07,0.05276873614366925,7.56764042831656e-06,25,10,20
44,7475,0.8686351900405694,7.239064388415315e-06,0.13131248519003308,4.50857050091176e-05,25,10,20
44,7476,0.9417707262805897,9.702338520839684e-06,0.05820703491261269,1.2536468277042527e-05,25,10,20
44,7477,0.8063549869296756,8.149770803429444e-06,0.19323160602027947,0.00040525727924062423,25,10,20
44,7478,0.8665935742615063,1.1919880228843873e-06,0.13302583572144688,0.0003793980290241544,25,10,20
44,7479,0.8674826420376434,2.4125369622063785e-06,0.13245791792201214,5.702750338224831e-05,25,10,20
44,7480,0.9042280339355742,1.118642431812056e-06,0.09563666393968946,0.00013418348230481537,25,10,20
44,7481,0.892472989649401,7.455162126963343e-07,0.09948555871774566,0.008040706116641278,25,10,20
44,7482,0.9519335523315507,1.3969864299701256e-07,0.040101088670319134,0.007965219299487285,25,10,20
44,7483,0.9013776634131716,1.799887659205116e-06,0.09855167257799885,6.886412116980925e-05,25,10,20
44,7484,0.9345296980426917,1.989241992845918e-06,0.06529316946042252,0.00017514325489278,25,10,20
44,7485,0.9616198816679201,5.050938191558228e-07,0.03837104883424048,8.564404020226682e-06,25,10,20
44,7486,0.9638731967891924,2.6259297328813487e-05,0.03608783634004006,1.2707573438480425e-05,25,10,20
44,7487,0.9021841394208541,4.925154160087288e-07,0.0977484450526124,6.692301111726547e-05,25,10,20
44,7488,0.8856084579303791,8.419841034971783e-07,0.11436967316697637,2.1026918541044256e-05,25,10,20
44,7489,0.8701226137792492,9.37975676868789e-06,0.12310324012036983,0.006764766343611707,25,10,20
44,7490,0.9210717759749693,1.6604269529867452e-05,0.07890072446728054,1.089528821948555e-05,25,10,20
44,7491,0.8385156617919641,9.619815062684202e-06,0.16112054476795737,0.00035417362501536113,25,10,20
44,7492,0.8440835891088053,5.066184784325627e-06,0.15590244299077896,8.901715631372092e-06,25,10,20
44,7493,0.8653808265964971,4.095453277265521e-06,0.13461030512173938,4.772828487117952e-06,25,10,20
44,7494,0.8921075559953393,4.526941810977676e-06,0.10788492505728157,2.992005567911232e-06,25,10,20
44,7495,0.9229991167000737,1.3074233357935985e-06,0.07687720092931485,0.0001223749472754801,25,10,20
44,7496,0.9652317841084317,5.609494915292858e-07,0.03461894455743191,0.0001487103846449879,25,10,20
44,7497,0.9099734206855488,1.4957004581307189e-06,0.08987762149595145,0.00014746211804141137,25,10,20
44,7498,0.9200482470497228,1.8849834913877615e-07,0.07992316740175556,2.8397050173202882e-05,25,10,20
44,7499,0.9702183811053158,5.85367148433005e-06,0.029750683152397737,2.5082070802346714e-05,25,10,20
44,7500,0.9821781350515013,9.37775059778776e-06,0.017747327422495438,6.515977540524308e-05,25,10,20
44,7501,0.9385663642911456,5.816849321339169e-07,0.06113634821260182,0.0002967058113200683,25,10,20
44,7502,0.9331960718730642,2.0884808557023272e-06,0.06674092688150958,6.0912764570402163e-05,25,10,20
44,7503,0.9209697926747854,4.571663171474635e-06,0.07901783319978885,7.802462253994838e-06,25,10,20
44,7504,0.9219470608854111,4.6024005005397846e-07,0.07222174942330771,0.005830729451230678,25,10,20
44,7505,0.9749166746159564,8.37118431536221e-07,0.024767881883682143,0.0003146063819308873,25,10,20
44,7506,0.9617683639342132,3.1623629107332327e-06,0.03819676593856556,3.1707764311323e-05,25,10,20
44,7507,0.9412728815645548,2.3417535055046423e-06,0.05850731244892153,0.00021746423301819096,25,10,20
44,7508,0.9324367013475328,8.706576052964527e-07,0.06755686393525591,5.564059605976587e-06,25,10,20
44,7509,0.9544963132467741,2.8619439791789874e-06,0.04547388842119624,2.6936388049944514e-05,25,10,20
44,7510,0.9589102782403012,0.00016047609545088504,0.04091327284716182,1.5972817085716916e-05,25,10,20
44,7511,0.9423457972426249,6.79048271329154e-06,0.05762238693073723,2.5025343924709565e-05,25,10,20
44,7512,0.9232049565571515,1.4324314439613617e-06,0.07659977080128903,0.00019384021011519293,25,10,20
44,7513,0.9622138170160739,3.351703796030495e-07,0.037747770767289676,3.807704625662888e-05,25,10,20
44,7514,0.9162550455142576,2.546964613872954e-07,0.0832535551439577,0.0004911446453227853,25,10,20
44,7515,0.9356127859063139,4.450009250859071e-07,0.0643191436489965,6.762544376467573e-05,25,10,20
44,7516,0.9137346794467733,3.2084735184404333e-07,0.08595677188598691,0.00030822781988767474,25,10,20
44,7517,0.8935378310969334,2.2160161120897563e-06,0.10638475457674688,7.519831020729433e-05,25,10,20
44,7518,0.8940809705086907,1.0551095789992183e-05,0.10587870913058482,2.9769264933969378e-05,25,10,20
44,7519,0.9572906477541077,1.7129415057808266e-06,0.042368708968070774,0.0003389303363153615,25,10,20
44,7520,0.9415572419998481,4.926112833574748e-06,0.05841172457937649,2.6107307941385278e-05,25,10,20
44,7521,0.9040054799253278,6.854675292494574e-07,0.09085621332903702,0.00513762127810498,25,10,20
44,7522,0.8778362500826101,6.804622203247201e-07,0.12206757630490288,9.54931502662519e-05,25,10,20
44,7523,0.9136723106667808,5.758349021103221e-07,0.08610182651177854,0.000225286986538768,25,10,20
44,7524,0.9078083864885391,1.6297915751194235e-07,0.09213276208433532,5.868844796744558e-05,25,10,20
44,7525,0.8409838733114385,5.304749246215887e-06,0.1589541207653869,5.670117392856205e-05,25,10,20
44,7526,0.848935188580371,4.5572074188601905e-06,0.1508128430606231,0.00024741115158718297,25,10,20
44,7527,0.8548363539062024,2.5368858611439504e-06,0.14493274199580777,0.00022836721212877921,25,10,20
44,7528,0.9236165519532767,1.412887641462403e-06,0.0763442362451639,3.779891391801573e-05,25,10,20
44,7529,0.8909318384793604,4.548005796995409e-07,0.10901114249619775,5.656422386248619e-05,25,10,20
44,7530,0.9161451993085171,1.4663809736995395e-06,0.08373157680800127,0.00012175750250765497,25,10,20
44,7531,0.8304059197432815,2.137517250754963e-06,0.16659189708495903,0.0030000456545086268,25,10,20
44,7532,0.8651002198661666,3.7907131988775937e-06,0.1291133855839235,0.005782603836711109,25,10,20
44,7533,0.8656651490416365,2.1080701892547906e-05,0.1286041388342255,0.005709631422245612,25,10,20
44,7534,0.9125780549985895,2.827463324476673e-06,0.0869069577146151,0.000512159823471682,25,10,20
44,7535,0.9089308183258854,1.4882010469408569e-06,0.09075485486092347,0.0003128386121449068,25,10,20
44,7536,0.908627570560772,1.3498902458774847e-06,0.09078850962637552,0.0005825699226061546,25,10,20
44,7537,0.871976711452957,1.0067076293007122e-06,0.12678125763805467,0.0012410242013588047,25,10,20
44,7538,0.9075051687565326,1.7447196443704428e-06,0.09239136715608687,0.00010171936773591413,25,10,20
44,7539,0.8675837250738719,2.460229367549176e-06,0.13239801101098606,1.5803685775230826e-05,25,10,20
44,7540,0.853753672331758,0.00025273427775893603,0.1449309993122386,0.001062594078244115,25,10,20
44,7541,0.8676556091794102,2.133155213495191e-06,0.13232893871502807,1.3318950347864735e-05,25,10,20
44,7542,0.7865488345295044,3.689627635619231e-06,0.21343935244392234,8.123398938120497e-06,25,10,20
44,7543,0.8134661405712386,5.385566580602695e-06,0.18624816909652084,0.0002803047656602205,25,10,20
44,7544,0.8494073707273909,9.909061002570218e-06,0.1503419439298711,0.0002407762817350235,25,10,20
44,7545,0.9020351192492112,5.6099485436972655e-06,0.09754649494380871,0.0004127758584367117,25,10,20
44,7546,0.8683666469385255,7.742087256076064e-06,0.13131889780848227,0.00030671316573677024,25,10,20
44,7547,0.8974139771351362,3.0909844779085166e-06,0.10249563772225544,8.729415813080848e-05,25,10,20
44,7548,0.9238965657670241,9.621641087628778e-07,0.0752318820275675,0.0008705900413000525,25,10,20
44,7549,0.9696119133135858,4.4926452748052214e-05,0.029696841712941614,0.0006463185207245096,25,10,20
44,7550,0.9802154046267664,4.5574879032021185e-05,0.01971416300783528,2.4857486366404568e-05,25,10,20
44,7551,0.9526823797346583,9.560288021859495e-07,0.047313127847117976,3.53638942153152e-06,25,10,20
44,7552,0.888822532509319,5.005660989123347e-07,0.11115926183952268,1.7705085060088097e-05,25,10,20
44,7553,0.8692771012624465,1.0366234803454685e-06,0.13071122429133866,1.0637822735053752e-05,25,10,20
44,7554,0.9346862756305638,1.9899282129959185e-06,0.06530291165719058,8.82278403275526e-06,25,10,20
44,7555,0.9559933134447688,2.013140845383945e-05,0.04337585390106773,0.000610701245709237,25,10,20
44,7556,0.9062865803900786,4.583965811082255e-05,0.0931084914323702,0.0005590885194407487,25,10,20
44,7557,0.9649372461958586,4.962521794164843e-07,0.0350048726691468,5.738488281521218e-05,25,10,20
44,7558,0.9808738462155462,7.536047877902455e-07,0.019114079244827956,1.132093483817101e-05,25,10,20
44,7559,0.9472696523108083,2.9453322701867664e-07,0.052423224248828865,0.0003068289071360808,25,10,20
44,7560,0.9446526513671705,1.2420991341062363e-06,0.05533838417511539,7.722358579706797e-06,25,10,20
44,7561,0.9799419914386133,8.975973495775644e-07,0.020018494631419723,3.8616332617514895e-05,25,10,20
44,7562,0.9911599956421858,1.6244157799283231e-06,0.008819082946024777,1.929699600908927e-05,25,10,20
44,7563,0.9790627532361644,1.4357634611019083e-05,0.0209213441984216,1.5449308025942035e-06,25,10,20
44,7564,0.9650594357769754,3.911278763592371e-06,0.03462454652880532,0.00031210641545593656,25,10,20
44,7565,0.9545226237385173,4.011003473031411e-05,0.04529871703015692,0.00013854919659535012,25,10,20
44,7566,0.9437970838598594,8.751063913537953e-05,0.056075481319229556,3.9924181775362455e-05,25,10,20
44,7567,0.9222659497207542,3.2916266211161188e-06,0.07771628210402233,1.4476548603121147e-05,25,10,20
44,7568,0.8738931180254597,4.743686841485945e-06,0.12608716548045978,1.4972807238643531e-05,25,10,20
44,7569,0.8837845684848348,3.709255808158205e-06,0.1162003724632817,1.1349796075174293e-05,25,10,20
44,7570,0.8389569549233736,6.441119451764445e-07,0.16103778638904132,4.614575639118568e-06,25,10,20
44,7571,0.8020520591197194,2.1703191310770494e-05,0.19790891890205123,1.7318786917688474e-05,25,10,20
44,7572,0.8882744412608804,1.9834934694323837e-06,0.11171855549743816,5.0197482114521064e-06,25,10,20
44,7573,0.8722203878882011,1.5119825968564942e-06,0.12773084326258557,4.72568666157593e-05,25,10,20
44,7574,0.9581017125929593,1.2745882992388157e-06,0.041884305319753797,1.2707498987844974e-05,25,10,20
44,7575,0.9018710659384626,2.0683287644528894e-06,0.09794550364502204,0.0001813620877514896,25,10,20
44,7576,0.9602642983995767,5.055783926889778e-07,0.03973128522734002,3.910794691218076e-06,25,10,20
44,7577,0.9716756556005393,8.653923789278256e-07,0.02828101360518209,4.246540189968801e-05,25,10,20
44,7578,0.9419999371496354,3.81168344086169e-06,0.05797239349699261,2.3857669931547197e-05,25,10,20
44,7579,0.8855425932375391,3.7404773891065415e-06,0.11441377357776843,3.989270730308302e-05,25,10,20
44,7580,0.9280407065437386,2.96693176091224e-06,0.07191421264919039,4.21138753100899e-05,25,10,20
44,7581,0.9039277584630117,3.148368316651283e-06,0.09602891773122718,4.017543744424296e-05,25,10,20
44,7582,0.8517059894848508,8.284005536752923e-06,0.14593322074906787,0.0023525057605446845,25,10,20
44,7583,0.8609727209487423,1.5117388672217637e-05,0.13656815471891748,0.0024440069436677684,25,10,20
44,7584,0.8681668017618478,1.3921699915103364e-06,0.131779675216875,5.2130851285083275e-05,25,10,20
44,7585,0.9464173308432495,6.57367553184312e-08,0.05356220561459348,2.0397805401893356e-05,25,10,20
44,7586,0.9578652420067643,1.4442651753744939e-06,0.04211686127205051,1.6452456009734985e-05,25,10,20
44,7587,0.9632194763957064,1.2638674911161395e-07,0.03677322627865932,7.170938885612795e-06,25,10,20
44,7588,0.945177132746523,1.2061863005864013e-07,0.05481798583797742,4.760796869538786e-06,25,10,20
44,7589,0.8800947668323817,1.7133318239891387e-06,0.11982911968981792,7.440014597616714e-05,25,10,20
44,7590,0.8863129677927227,1.3024918919323281e-05,0.11366340090954237,1.0606378815754166e-05,25,10,20
44,7591,0.9376914775332722,3.218016109930086e-05,0.06226976698809692,6.575317531123367e-06,25,10,20
44,7592,0.9592768235594903,4.0231971419854224e-06,0.040473864373086414,0.00024528887028076507,25,10,20
44,7593,0.9634248544767184,4.189975376174242e-06,0.036566829016766215,4.126531139168695e-06,25,10,20
44,7594,0.9361063162163089,4.56565045219796e-06,0.06374037251284081,0.00014874562039803046,25,10,20
44,7595,0.9416245069401041,3.098233903840075e-07,0.05836940019246106,5.7830440447449964e-06,25,10,20
44,7596,0.9140600602753259,6.543331646921628e-07,0.08592826384880115,1.1021542707734989e-05,25,10,20
44,7597,0.8708232597606866,0.002743966315077818,0.12642301119213875,9.762732097419643e-06,25,10,20
44,7598,0.8900940396264605,1.4209635578261988e-05,0.10974426727434752,0.00014748346361455686,25,10,20
44,7599,0.9013443614898934,0.004322077692877064,0.09249783633686892,0.0018357244803615524,25,10,20
44,7600,0.8895116006544247,0.004324698648915734,0.10431846084955165,0.0018452398471078652,25,10,20
44,7601,0.9169994207571243,1.0799519407345696e-06,0.08294966555142129,4.98337395131299e-05,25,10,20
44,7602,0.9572081970786741,1.0537892230473101e-06,0.04277495027846115,1.5798853641631266e-05,25,10,20
44,7603,0.9433704221734556,4.592153525768966e-06,0.056572761642864684,5.222403015385684e-05,25,10,20
44,7604,0.9402161667850802,1.527720306361527e-06,0.05976023890548889,2.2066589124419687e-05,25,10,20
44,7605,0.9047167038749743,7.380936012815802e-06,0.09521561894767822,6.029624133390003e-05,25,10,20
44,7606,0.954082229475473,5.645337777422264e-06,0.04585740616097553,5.471902577410684e-05,25,10,20
44,7607,0.923495794629822,3.7605228222319403e-06,0.0764477972929225,5.2647554433410775e-05,25,10,20
44,7608,0.9281281856457215,9.966248111552532e-06,0.0703107292452116,0.0015511188609550908,25,10,20
44,7609,0.9061547384768592,5.732833520121983e-06,0.09222368562659616,0.0016158430630246882,25,10,20
44,7610,0.9327195415540842,2.9167270624431023e-07,0.06722390780888517,5.6258964324876213e-05,25,10,20
44,7611,0.9374840293821352,3.2859918362098795e-06,0.062420927441941366,9.175718408752664e-05,25,10,20
44,7612,0.9614217963303057,9.48079687020754e-07,0.038464381348432025,0.00011287424157575795,25,10,20
44,7613,0.9354454658295217,4.729822186954431e-07,0.06417087345107626,0.00038318773718369094,25,10,20
44,7614,0.9133538049770135,6.1031139112991104e-06,0.08659675753597997,4.333437309558665e-05,25,10,20
44,7615,0.9017779488013101,6.312416598015879e-06,0.0982124613589377,3.2774231536500213e-06,25,10,20
44,7616,0.896739599350563,1.0878059408501518e-05,0.10209438465304901,0.0011551379369795327,25,10,20
44,7617,0.8899407600364778,1.4199206698690613e-05,0.10887346183827351,0.0011715789185501786,25,10,20
44,7618,0.9369412682819405,5.593627904957969e-06,0.06189598632617308,0.0011571517639811198,25,10,20
44,7619,0.9163140867051282,5.928252106032117e-06,0.07776946938383662,0.005910515658929044,25,10,20
44,7620,0.9419774459208456,9.673291484687622e-06,0.05207529960551268,0.005937581182156771,25,10,20
44,7621,0.9179033941536769,5.009268483013672e-06,0.08203481967179271,5.67769060475045e-05,25,10,20
44,7622,0.9179557459481466,6.297139297351327e-07,0.08202811033466563,1.5514003258000502e-05,25,10,20
44,7623,0.9044912065253728,5.512387056494131e-07,0.09507239933971251,0.00043584289620882404,25,10,20
44,7624,0.8937448286586193,2.2316226357615345e-07,0.1061365946754037,0.00011835350371287684,25,10,20
44,7625,0.9371072093189602,1.5582163675664052e-06,0.06282546109007013,6.577137460167426e-05,25,10,20
44,7626,0.9639367510096808,2.3933551170564437e-06,0.03604876772656005,1.2087908642171202e-05,25,10,20
44,7627,0.9474500181011901,1.2925962418118908e-06,0.052524300984320184,2.4388318248016642e-05,25,10,20
44,7628,0.9334320028029137,3.7565319237326575e-06,0.06654747751756906,1.676314759329679e-05,25,10,20
44,7629,0.9681276333451485,8.445925412264546e-07,0.031868979881675814,2.5421806346932717e-06,25,10,20
44,7630,0.9556207680363411,9.85037791387051e-07,0.04437549143812225,2.75548774498782e-06,25,10,20
44,7631,0.874440972969181,2.8747296879031966e-05,0.12508400322858282,0.0004462765053565806,25,10,20
44,7632,0.9342734439080504,3.2019624775653664e-05,0.06509034032639663,0.0006041961407768784,25,10,20
44,7633,0.8383435051918819,0.008102082130594402,0.1535519963774217,2.416300101500879e-06,25,10,20
44,7634,0.8921952143186417,0.008337267712683347,0.09944073792738385,2.6780041291321336e-05,25,10,20
44,7635,0.8958003069846514,0.0017022133518979246,0.0948147981614916,0.007682681501959393,25,10,20
44,7636,0.8795317798215941,1.7403471698956376e-05,0.11276191260692289,0.0076889040997836725,25,10,20
44,7637,0.8134427576977472,2.7935046754431397e-05,0.17879128631382307,0.007738020941676062,25,10,20
44,7638,0.9100640081674723,1.9453874799322515e-05,0.08986497362979363,5.156432793468493e-05,25,10,20
44,7639,0.9267581520686216,8.591849336998384e-06,0.07108876272743155,0.0021444933546099216,25,10,20
44,7640,0.9562084888914891,1.635806400945355e-05,0.041630979458654876,0.002144173585846509,25,10,20
44,7641,0.9406429417837466,9.448771857149639e-07,0.05709868448452068,0.002257428854547336,25,10,20
44,7642,0.9515888720461695,1.194300479031498e-06,0.046711539014606875,0.0016983946387445442,25,10,20
44,7643,0.9573559927008237,3.078986061374892e-06,0.042638870570365556,2.057742748802354e-06,25,10,20
44,7644,0.9294020897227684,2.802841681204627e-06,0.07056235240357926,3.2755031971571855e-05,25,10,20
44,7645,0.8338030079322347,2.462660814690173e-06,0.166152777338609,4.1752068341670894e-05,25,10,20
44,7646,0.8831363020393097,3.827204656256091e-06,0.11656902531829737,0.00029084543773726367,25,10,20
44,7647,0.9015015145648655,4.5348009686230663e-07,0.09849640738129896,1.6245737389331994e-06,25,10,20
44,7648,0.9212376692845038,1.4086558892299929e-06,0.07869675452700813,6.416753259914962e-05,25,10,20
44,7649,0.9418353025520598,0.011752666746750007,0.04637067180249645,4.1358898693370047e-05,25,10,20
44,7650,0.933092324336085,0.011751913856009004,0.0550887384036984,6.702340420730514e-05,25,10,20
44,7651,0.9118109021095474,2.1636836128554005e-05,0.08812361759666483,4.3843457659266956e-05,25,10,20
44,7652,0.918105130966458,2.8878346903949008e-05,0.08185548640068645,1.0504285951695783e-05,25,10,20
44,7653,0.867766419419499,2.2605325870815497e-06,0.13222136679439997,9.953253514353405e-06,25,10,20
44,7654,0.9488088760030091,1.2230972283850371e-06,0.051169784864251826,2.0116035510980633e-05,25,10,20
44,7655,0.8381636843741762,2.88613557023756e-05,0.16150212948637524,0.0003053247837472966,25,10,20
44,7656,0.8503774658183043,1.419536841802038e-05,0.14929029263751817,0.0003180461757596404,25,10,20
44,7657,0.9516541151200992,2.3529570560017396e-06,0.0483353340305381,8.197892306763114e-06,25,10,20
44,7658,0.9705893893935732,1.9190341437675627e-06,0.029383602338975044,2.5089233308282748e-05,25,10,20
44,7659,0.9293042910803028,2.749341866383423e-06,0.07067065687225087,2.2302705580378806e-05,25,10,20
44,7660,0.9198901357083029,2.9961217602529394e-06,0.0798966394232714,0.0002102287466655525,25,10,20
44,7661,0.960036436920132,4.1057840544181204e-05,0.03989917184436053,2.3333394963518527e-05,25,10,20
44,7662,0.9063533797844225,6.305796728695078e-05,0.0935783052130688,5.25703522115007e-06,25,10,20
44,7663,0.9438264952490659,6.316401927320186e-05,0.056090645742632235,1.9694989028193458e-05,25,10,20
44,7664,0.9354949344331207,4.0422435320109746e-05,0.06444274734420466,2.1895787354320183e-05,25,10,20
44,7665,0.9285228105242399,2.844442078581132e-06,0.071459514211839,1.4830821841902992e-05,25,10,20
44,7666,0.9543168611651178,9.09338619473053e-08,0.0456651964880114,1.7851413008458138e-05,25,10,20
44,7667,0.9074764936170729,1.2103198754068228e-06,0.09248664426073913,3.565180231195663e-05,25,10,20
44,7668,0.9263530074851996,1.945683558570772e-05,0.0736136554535071,1.3880225708424955e-05,25,10,20
44,7669,0.8863567066453758,3.879462507862754e-05,0.11358300818013463,2.1490549410673067e-05,25,10,20
44,7670,0.9397131264841267,3.814579339005337e-05,0.060211920195666596,3.6807526816824494e-05,25,10,20
44,7671,0.9617105258952282,2.5344103760553176e-07,0.03827592148476456,1.329917897004083e-05,25,10,20
44,7672,0.9089070342944207,1.7129901862262829e-06,0.0910338839989522,5.7368716440822755e-05,25,10,20
44,7673,0.9565778151899884,1.3415168442006887e-06,0.043398160011467436,2.2683281700183877e-05,25,10,20
44,7674,0.9239081834789172,8.403155552306025e-06,0.07542621229338957,0.0006572010721407091,25,10,20
44,7675,0.9453280393665358,7.892443981476475e-06,0.05367315042944236,0.0009909177600403547,25,10,20
44,7676,0.9165491665299667,8.322481888384979e-06,0.08343718652998021,5.3244581638571825e-06,25,10,20
44,7677,0.8928281044840838,8.070492939049634e-06,0.10538660880855627,0.0017772162144208995,25,10,20
44,7678,0.9384695664714228,1.1515558247991595e-05,0.061387458200960116,0.0001314597693691844,25,10,20
44,7679,0.9428812084930509,7.925857864071954e-07,0.05553680119031037,0.0015811977308523592,25,10,20
44,7680,0.9455809758758034,4.3790889354803486e-07,0.05404256280091966,0.00037602341438368737,25,10,20
44,7681,0.8485749416960259,0.0004538258530722502,0.15095922769231018,1.2004758591335871e-05,25,10,20
44,7682,0.8640404917473851,0.0004529656496356641,0.13534741945941542,0.00015912314356367159,25,10,20
44,7683,0.9077974104245514,0.0004560872279663835,0.09155628831677279,0.000190214030709369,25,10,20
44,7684,0.9199950962690541,3.819986581084213e-06,0.07994932524692289,5.175849744171842e-05,25,10,20
44,7685,0.9141204209414643,3.510587513303366e-06,0.08585702848320079,1.9039987820991683e-05,25,10,20
44,7686,0.9212984350670194,3.5364531870094678e-06,0.07869005707874727,7.971401046242955e-06,25,10,20
44,7687,0.8648790947288145,3.724681249957653e-05,0.13507901774181333,4.6407168725635095e-06,25,10,20
44,7688,0.8328866758363938,2.6454637725077338e-06,0.1670888971607404,2.178153909227624e-05,25,10,20
44,7689,0.8008836355467611,4.1710714858268596e-06,0.19911064327771752,1.5501040347145144e-06,25,10,20
44,7690,0.8353867262718228,3.209566205979826e-05,0.16451790582323372,6.327224288379111e-05,25,10,20
44,7691,0.8870956907031053,3.6688034468676734e-06,0.11289765337048471,2.9871229640546498e-06,25,10,20
44,7692,0.8611674767217933,1.1823655553662685e-06,0.13777569350415447,0.0010556474084976023,25,10,20
44,7693,0.8815060143467762,2.3660770077337293e-05,0.11746248063120528,0.001007844251941595,25,10,20
44,7694,0.9102562784623565,1.6413508441641173e-05,0.08972463933611262,2.6686930897980755e-06,25,10,20
44,7695,0.891560573613734,5.659853604045178e-07,0.10843350080297483,5.35959793068807e-06,25,10,20
44,7696,0.8980801512607708,1.3666047432442306e-06,0.10190956147742904,8.920657057196293e-06,25,10,20
44,7697,0.9439085748939544,6.328674080699802e-07,0.0556772507609051,0.0004135414777316852,25,10,20
44,7698,0.9542063967325253,1.8440994777533142e-06,0.04577851396346563,1.3245204531090895e-05,25,10,20
44,7699,0.9317834724845225,1.667261739537896e-06,0.06702436606458685,0.001190494189150155,25,10,20
44,7700,0.9725445076790595,6.488591828497513e-07,0.0274127640999166,4.207936184069325e-05,25,10,20
44,7701,0.980960349730398,9.194440114222708e-07,0.018977570245782924,6.116057980747715e-05,25,10,20
44,7702,0.9548299600098392,4.774958742559938e-07,0.045158199675588866,1.1362818697437367e-05,25,10,20
44,7703,0.9430011599289959,2.3479414115764383e-07,0.056775515517582906,0.00022308975927992942,25,10,20
44,7704,0.905040729805621,1.0895257633601947e-06,0.09483393951031265,0.0001242411583031332,25,10,20
44,7705,0.9494091938573932,5.468133371918678e-06,0.050582938400571494,2.3996086630601237e-06,25,10,20
44,7706,0.9731294689024734,2.282100596493543e-06,0.0265764114357645,0.00029183756116535483,25,10,20
44,7707,0.8715287270073105,0.0009109930080619912,0.12722054925645657,0.00033973072817000097,25,10,20
44,7708,0.9237420385570461,3.808494633876508e-06,0.07598329229515179,0.0002708606531678062,25,10,20
44,7709,0.8933786332079321,1.791267806906494e-06,0.10625006626112782,0.0003695092631328657,25,10,20
44,7710,0.8692433446838721,3.4347332107072815e-05,0.1296178327389149,0.0011044752451048652,25,10,20
44,7711,0.8730007818138867,5.4014881120063496e-05,0.12579826490341334,0.0011469384015801336,25,10,20
44,7712,0.9527600275035009,3.9398769542886125e-07,0.04646856054929697,0.0007710179595067114,25,10,20
44,7713,0.9210879486504732,8.660811382538472e-07,0.07890172565199555,9.459616392870451e-06,25,10,20
44,7714,0.8756428108294605,2.7408689098548274e-06,0.1243399802332761,1.44680683538424e-05,25,10,20
44,7715,0.8954093555485331,8.901370383970909e-07,0.10453227384466646,5.748046976191767e-05,25,10,20
44,7716,0.9312701794616041,1.2572206911926727e-06,0.06866755634186501,6.1006975839342266e-05,25,10,20
44,7717,0.9399458020810059,1.2732098191039908e-05,0.06003305721598823,8.408604815586597e-06,25,10,20
44,7718,0.8506358289185262,1.3789630256778099e-05,0.1493080442550181,4.2337196198178165e-05,25,10,20
44,7719,0.9098192060946358,9.41228059729611e-05,0.09007642899083916,1.024210855205437e-05,25,10,20
44,7720,0.9679877530269327,8.34993667477292e-05,0.03191085072548658,1.7896880832880765e-05,25,10,20
44,7721,0.9294842092233871,2.105539260948813e-05,0.07005669461743674,0.0004380407665667198,25,10,20
44,7722,0.905339474558246,3.2854380255186635e-07,0.0942199193378876,0.0004402775600632656,25,10,20
44,7723,0.9402361715469576,4.2151981998670086e-07,0.05966306101977357,0.00010034591344926762,25,10,20
44,7724,0.903085121149713,5.295850836223309e-05,0.09676036874398916,0.00010155159793574568,25,10,20
44,7725,0.8083674617826344,3.42203768552513e-05,0.1914967484738155,0.00010156936669479695,25,10,20
44,7726,0.8591213844939002,3.423984785690407e-05,0.14081106563260096,3.3310025642176124e-05,25,10,20
44,7727,0.8882238467137223,2.2244936210322445e-06,0.11176099108874173,1.2937703915017363e-05,25,10,20
44,7728,0.8842565386666911,2.4117799565901843e-05,0.11570300137198758,1.634216175578714e-05,25,10,20
44,7729,0.9154569890185611,2.5009006317519543e-05,0.08450016161969279,1.7840355428292096e-05,25,10,20
44,7730,0.8739413563870493,2.2848276257397402e-05,0.12597574583132296,6.0049505370769464e-05,25,10,20
44,7731,0.8960831190785014,1.684758483226057e-05,0.10385962950447687,4.0403832189077095e-05,25,10,20
44,7732,0.8898306133397103,0.0006556368526307393,0.10938899317310838,0.00012475663455051362,25,10,20
44,7733,0.90993841973098,0.0006562780752016792,0.0893744374722388,3.0864721579686215e-05,25,10,20
44,7734,0.9262299281940852,1.7932419370449558e-05,0.07373181736703914,2.032201950495148e-05,25,10,20
44,7735,0.9373744100538827,4.672180023754667e-06,0.059202628121530966,0.0034182896445628073,25,10,20
44,7736,0.9556044714691403,4.519319029344472e-06,0.044377058494440874,1.3950717389944258e-05,25,10,20
44,7737,0.9477936234565096,9.514885611670741e-07,0.05219858817452657,6.83688040212138e-06,25,10,20
44,7738,0.9268084526774615,3.0376103834349555e-07,0.07317167423346238,1.9569328037744743e-05,25,10,20
44,7739,0.9295425304507152,4.828681145577682e-06,0.07040905196997244,4.358889816673719e-05,25,10,20
44,7740,0.9524745289768367,4.262198994082743e-06,0.04741534410782625,0.00010586471634306062,25,10,20
44,7741,0.9723183314258265,1.9905185373228763e-06,0.027080286427649335,0.000599391627987222,25,10,20
44,7742,0.9805097737228425,2.9018524340952707e-07,0.019483849204398183,6.086887515535477e-06,25,10,20
44,7743,0.9292464813733422,1.1486486469643582e-05,0.07071736893521044,2.4663204977448054e-05,25,10,20
44,7744,0.9075703939754527,6.115269130783788e-06,0.09235827997393212,6.521078148461372e-05,25,10,20
44,7745,0.9597403250550717,5.811864339369004e-06,0.039837402865403805,0.0004164602151851019,25,10,20
44,7746,0.9673164523484985,6.767276502099476e-07,0.03260434081241652,7.85301114344654e-05,25,10,20
44,7747,0.9817936023989098,1.1790427911396683e-07,0.018148362210157972,5.791748665302517e-05,25,10,20
44,7748,0.9300786398618629,2.3038846336466575e-05,0.06988721067852689,1.1110613273993372e-05,25,10,20
44,7749,0.9061624150594579,7.162879268062985e-07,0.09372543010041345,0.0001114385522024789,25,10,20
44,7750,0.8944197212694754,2.5973186685917513e-06,0.10557185203430208,5.829377553418578e-06,25,10,20
44,7751,0.8873819031280086,0.0012823618420590164,0.11132694113391733,8.79389601492757e-06,25,10,20
44,7752,0.9057799032816165,0.0008338176173888121,0.09337222579530646,1.4053305688333276e-05,25,10,20
44,7753,0.9002655130546218,1.7700783911323858e-05,0.09971246208436471,4.324077102151317e-06,25,10,20
44,7754,0.9041489115122405,0.00013116861989284672,0.09571069268893749,9.22717892937597e-06,25,10,20
44,7755,0.8979312064668489,0.00013114087265141976,0.10188936078038406,4.8291880115853585e-05,25,10,20
44,7756,0.9314733934182304,1.6580517375886843e-05,0.06825951389538498,0.00025051216900899716,25,10,20
44,7757,0.9215829834323341,1.0554243854242518e-05,0.07834038917082195,6.607315298997011e-05,25,10,20
44,7758,0.9315770972826215,3.4650781518638073e-06,0.06836936244564891,5.007519357777289e-05,25,10,20
44,7759,0.974117904332787,1.0795801382294401e-05,0.025862281827420987,9.018038410071926e-06,25,10,20
44,7760,0.9154051993786312,1.463352138210391e-06,0.08447078799968062,0.00012254926954943682,25,10,20
44,7761,0.9296085438507673,7.420064123424558e-07,0.07027263947375166,0.00011807466906816664,25,10,20
44,7762,0.8925095684254775,3.4435782407673684e-06,0.10740519521379074,8.179278249087994e-05,25,10,20
44,7763,0.9442047613102096,4.81146465465772e-06,0.055768947518108174,2.1479707027427733e-05,25,10,20
44,7764,0.8505223250787128,0.00031771141081383595,0.14915253070023604,7.432810236775253e-06,25,10,20
44,7765,0.8742523555037045,0.00031297298047792044,0.12489405220248159,0.0005406193133355633,25,10,20
44,7766,0.9093107312674765,0.0003092125793251534,0.0903773364171915,2.719736006792611e-06,25,10,20
44,7767,0.9490478485694084,0.0003391899015807501,0.0505575692830815,5.539224592929107e-05,25,10,20
44,7768,0.9552648860213762,2.669293602941443e-07,0.04473319306812607,1.6539811367910675e-06,25,10,20
44,7769,0.954785652995174,3.250579730734605e-07,0.04518556765134398,2.8454295508680374e-05,25,10,20
44,7770,0.8815887922350063,2.936301708624796e-06,0.11174928005761911,0.006658991405664706,25,10,20
44,7771,0.908481198266347,1.7282336077935005e-06,0.08441900135432129,0.007098072145723711,25,10,20
44,7772,0.8269466926193126,7.441458726758562e-07,0.16263742606127365,0.010415137173541457,25,10,20
44,7773,0.8653391715823928,0.0006103375497942612,0.13073509578424883,0.0033153950835645963,25,10,20
44,7774,0.8729810793707087,0.0006114895971382538,0.12309343315628814,0.003313997875865574,25,10,20
44,7775,0.9100668355258914,2.0348091170909105e-05,0.08945799572587065,0.0004548206570671245,25,10,20
44,7776,0.9268564038557646,7.765718580565115e-07,0.07305753080855633,8.52887638205758e-05,25,10,20
44,7777,0.9446370581335064,1.2021620179503778e-05,0.05521462227867544,0.00013629796763821146,25,10,20
44,7778,0.9339437512007204,5.530379297139966e-06,0.06596416955441706,8.654886556431903e-05,25,10,20
44,7779,0.9263595989321861,5.88092592226454e-06,0.07356222365135774,7.229649053343891e-05,25,10,20
44,7780,0.9449167212916891,8.242779922475683e-06,0.055046497059467424,2.8538868921029998e-05,25,10,20
44,7781,0.9348549675578629,6.466989684304436e-07,0.06513656640284063,7.819340328286271e-06,25,10,20
44,7782,0.9399797319708125,1.4180589947333547e-06,0.06001468708122634,4.1628889666086774e-06,25,10,20
44,7783,0.8788302123912816,1.45234253329919e-06,0.12008280460482372,0.0010855306613609859,25,10,20
44,7784,0.8728580102799576,4.8350349070246715e-06,0.1269954898795729,0.00014166480556257067,25,10,20
44,7785,0.9205815802083057,0.00023797432495387838,0.0770753285454458,0.0021051169212943756,25,10,20
44,7786,0.913273373858544,0.0002444369172796426,0.08644371406075829,3.8475163418056966e-05,25,10,20
44,7787,0.9432553144107032,0.00023534868316603554,0.05605224044379784,0.00045709646233333794,25,10,20
44,7788,0.9395440627603668,0.00026260954398591737,0.06013167281731314,6.165487833495941e-05,25,10,20
44,7789,0.9706513567690352,2.5541151316541857e-06,0.02932585878893407,2.0230326898654658e-05,25,10,20
44,7790,0.9327063094364101,0.0001059291233388937,0.06716859270840476,1.9168731846482874e-05,25,10,20
44,7791,0.9243320558526206,0.00010334985964034624,0.07555923005277268,5.364234966013596e-06,25,10,20
44,7792,0.909877188433738,0.00011774648130258816,0.08999354023637338,1.1524848586171057e-05,25,10,20
44,7793,0.9568560327369059,0.00010790989057126891,0.042989982751897936,4.607462062476422e-05,25,10,20
44,7794,0.9044377743118346,6.280374752788811e-06,0.0955212260279821,3.471928543054794e-05,25,10,20
44,7795,0.918249350129501,5.925046687518995e-06,0.08154320510142866,0.00020151972238312087,25,10,20
44,7796,0.9412680368741132,1.2790147484951395e-06,0.05866907636819395,6.160774294452134e-05,25,10,20
44,7797,0.9059905189565771,2.4413242866401024e-06,0.0937867924913284,0.0002202472278086719,25,10,20
44,7798,0.9463215521981297,9.498176875143819e-07,0.053608831509182,6.866647500120884e-05,25,10,20
44,7799,0.9797751059856924,1.611019369496093e-07,0.020136108327005516,8.862458536523478e-05,25,10,20
44,7800,0.9654902857321791,5.660651960850532e-06,0.034444291316528056,5.976229933247694e-05,25,10,20
44,7801,0.9430943464398581,9.117909140727409e-08,0.05578102058231625,0.0011245417987341968,25,10,20
44,7802,0.9524434005098117,4.4301664461903334e-07,0.047520677857744636,3.547861579922061e-05,25,10,20
44,7803,0.9383070091157089,1.5530309530110874e-06,0.06167398161164284,1.745624169555661e-05,25,10,20
44,7804,0.9044193641550392,3.9096967537376755e-06,0.09552803451304807,4.869163515947495e-05,25,10,20
44,7805,0.9124479362362544,3.4818955717328264e-06,0.08744532237596012,0.00010325949221384856,25,10,20
44,7806,0.9180647179885326,8.358000819600205e-07,0.08192806324323769,6.38296814807263e-06,25,10,20
44,7807,0.8764952579933879,3.2107191909833563e-07,0.10806805332942437,0.015436367605268205,25,10,20
44,7808,0.8973605226458936,1.543720478331542e-06,0.08708755314971559,0.015550380483913107,25,10,20
44,7809,0.9064408549742063,1.3351234362119799e-05,0.09082763689898975,0.0027181568924414235,25,10,20
44,7810,0.9067741085147213,1.1333755868867825e-05,0.09263117915881379,0.0005833785705956552,25,10,20
44,7811,0.9216821454309315,9.222535164875977e-06,0.077846276768353,0.000462355265550417,25,10,20
44,7812,0.9431449399179148,3.7659888475034267e-05,0.056785246154382435,3.2154039227315275e-05,25,10,20
44,7813,0.912080832324759,1.1551939534163895e-05,0.0878509044326107,5.671130309661919e-05,25,10,20
44,7814,0.9449800105035383,1.6645774394877537e-06,0.05501077868791712,7.546231104967248e-06,25,10,20
44,7815,0.9169719197443851,8.791660779313853e-07,0.08301232776203911,1.487332749757673e-05,25,10,20
44,7816,0.8956878768593102,9.027804042489556e-07,0.10430257079090141,8.649569384464056e-06,25,10,20
44,7817,0.9526875291720234,1.0580847921755734e-06,0.047303706090929765,7.706652254578831e-06,25,10,20
44,7818,0.9171009650413079,1.37297514542388e-06,0.08286687905230983,3.0782931238165496e-05,25,10,20
44,7819,0.9039240263326263,2.309816716057101e-06,0.09606635522691016,7.308623747371069e-06,25,10,20
44,7820,0.9148710913239216,7.204347747199036e-07,0.08512395242013061,4.235821172996908e-06,25,10,20
44,7821,0.9375296226439981,6.924295642036838e-07,0.06246501848083137,4.666445606690625e-06,25,10,20
44,7822,0.9195913969601799,2.668808438789558e-05,0.08036764984432837,1.4265111104019148e-05,25,10,20
44,7823,0.9386834947333395,7.125435205286337e-07,0.061307378996373535,8.413726766576128e-06,25,10,20
44,7824,0.8834041129182505,8.489142814243352e-07,0.11658702490021847,8.013267250093011e-06,25,10,20
44,7825,0.8948894980626148,5.997187959499678e-07,0.10510576792318287,4.13429540662807e-06,25,10,20
44,7826,0.9146393266382605,9.718549919943998e-06,0.08323287509354993,0.0021180797182696223,25,10,20
44,7827,0.9501430715376893,0.0003535998315611985,0.04324480674997787,0.006258521880771329,25,10,20
44,7828,0.8733825759999466,2.4546536534168985e-06,0.12032547247647019,0.006289496869931302,25,10,20
44,7829,0.8949775750083081,2.0742702312362886e-06,0.09873052290853834,0.006289827812923488,25,10,20
44,7830,0.940538237145353,2.5277575975190732e-06,0.05124246465706887,0.008216770439980472,25,10,20
44,7831,0.91419168425176,5.981654705869039e-06,0.0838926831596665,0.0019096509338689,25,10,20
44,7832,0.9192207195017796,1.4047249602562624e-06,0.08077316941244568,4.706360814497737e-06,25,10,20
44,7833,0.9548673016908648,6.96180048767041e-07,0.04471439389260328,0.00041760823648342077,25,10,20
44,7834,0.9157837337327349,1.1856984534922362e-06,0.08421056354817953,4.517020632091651e-06,25,10,20
44,7835,0.9440261926865845,2.664470239017113e-06,0.055963738422579956,7.404420596410711e-06,25,10,20
44,7836,0.9576926921464876,1.3433689510331917e-06,0.04207504853932294,0.00023091594523809607,25,10,20
44,7837,0.9633432292554622,1.1298823828154624e-06,0.03665098701242028,4.653849734403249e-06,25,10,20
44,7838,0.9488981451032055,5.570532542100327e-05,0.050706581333045106,0.00033956823832792147,25,10,20
44,7839,0.9086084375769825,5.15561658123915e-05,0.09109589265525457,0.00024411360195027504,25,10,20
44,7840,0.9131738925482336,5.100326238703244e-05,0.08651227373839915,0.00026283045097970934,25,10,20
44,7841,0.844011933430376,1.0133235997627926e-06,0.15563935406192186,0.00034769918410223685,25,10,20
44,7842,0.8471377362574097,1.4336704847322992e-06,0.1528545314611833,6.298610922099784e-06,25,10,20
44,7843,0.8463664088788668,1.4691937021996568e-06,0.10873015030079351,0.04490197162663768,25,10,20
44,7844,0.7870619683597669,3.050998521593694e-06,0.18746254621813105,0.02547243442358114,25,10,20
44,7845,0.7427002687279018,2.6225273248693954e-06,0.24327423554890412,0.014022873195870068,25,10,20
44,7846,0.8127918528354684,4.467850258597407e-06,0.18716238805536578,4.1291258907644545e-05,25,10,20
44,7847,0.9094394409446788,1.1228242337505294e-06,0.0903886850596439,0.00017075117144340737,25,10,20
44,7848,0.9249971075396087,1.8704637514402575e-06,0.07494775794316558,5.326405347397046e-05,25,10,20
44,7849,0.8777428573166616,5.1467561660833294e-05,0.12206669945060034,0.00013897567107606045,25,10,20
44,7850,0.8914067318774167,6.452006126794201e-06,0.10584718501363055,0.0027396311028254484,25,10,20
44,7851,0.9032866548292681,6.082848755702082e-06,0.09410622310998791,0.0026010392119873277,25,10,20
44,7852,0.896130857823434,9.480354781549786e-06,0.10125546050795638,0.002604201313828286,25,10,20
44,7853,0.8781148538246206,4.563446128663367e-06,0.12176873907217603,0.00011184365707425146,25,10,20
44,7854,0.9778191635228396,0.00011360417403465906,0.022055045364506566,1.2186938619123375e-05,25,10,20
44,7855,0.9193268666888416,0.00011613163320861529,0.08055211078591981,4.89089202958439e-06,25,10,20
44,7856,0.9185547486131246,1.636681428761519e-06,0.0814233224970274,2.0292208419104906e-05,25,10,20
44,7857,0.911213465407721,2.238308804159777e-06,0.0847142874848562,0.004070008798618924,25,10,20
44,7858,0.8901301153226946,1.2686461601995548e-06,0.10897335946595049,0.0008952565651952954,25,10,20
44,7859,0.9310378532193738,3.755951651707646e-06,0.06890535135204252,5.303947693231732e-05,25,10,20
44,7860,0.9274069454290417,1.713912274195255e-05,0.07256257496960841,1.3340478607936192e-05,25,10,20
44,7861,0.9362631212376441,1.64289732832078e-05,0.06370029306543006,2.0156723643111465e-05,25,10,20
44,7862,0.9605630894769679,1.4090155254102622e-07,0.03943166030102313,5.109320456808785e-06,25,10,20
44,7863,0.9459640817613504,1.2846511101815086e-06,0.054025831187244314,8.80240029519454e-06,25,10,20
44,7864,0.9208019742676679,2.3814822747455663e-06,0.07918845215969157,7.19209036584086e-06,25,10,20
44,7865,0.9337273952732319,1.637844423119988e-05,0.06621300580921012,4.322047332641219e-05,25,10,20
44,7866,0.8746062940142145,5.855890205956716e-06,0.12449663585618617,0.0008912142393923454,25,10,20
44,7867,0.859713485441236,1.9798669360320274e-06,0.1400019603341648,0.000282574357662817,25,10,20
44,7868,0.9299377858403125,8.894199465737169e-07,0.0699689667762026,9.23579635387195e-05,25,10,20
44,7869,0.8807676398498898,2.38341199513196e-05,0.1191427989226235,6.572710753493873e-05,25,10,20
44,7870,0.930301430489816,2.844378004449469e-06,0.06967314378591272,2.2581346266790478e-05,25,10,20
44,7871,0.8818312283847188,0.00019044840355571702,0.11785863147889863,0.00011969173282646069,25,10,20
44,7872,0.9317737048767522,3.5363716639822346e-06,0.06818809537130761,3.46633802772306e-05,25,10,20
44,7873,0.8933496488483615,5.6413341948118696e-08,0.10664916951166006,1.125226636411632e-06,25,10,20
44,7874,0.9465748504748329,8.00263597743878e-06,0.05340937366618727,7.773223002030538e-06,25,10,20
44,7875,0.8248721547970925,4.219670507034448e-05,0.17506741442584936,1.8234071988310277e-05,25,10,20
44,7876,0.8425859158549203,4.419843930891318e-05,0.15735600437089597,1.3881334874715897e-05,25,10,20
44,7877,0.8497804335017167,2.839904107791067e-05,0.15015955285204352,3.16146051620306e-05,25,10,20
44,7878,0.9387070600665584,1.4432373481569787e-06,0.061289736119938744,1.760576154550683e-06,25,10,20
44,7879,0.9482547822566966,7.468434260169747e-06,0.05173564938713736,2.0999219055654074e-06,25,10,20
44,7880,0.9363209177035757,1.0246355575353399e-06,0.06361502636202938,6.303129883671727e-05,25,10,20
44,7881,0.9467691414085317,6.16057474433172e-07,0.053201248886712744,2.8993647280925804e-05,25,10,20
44,7882,0.9380947835456648,6.181097572071852e-07,0.059336219635333906,0.0025683787092436474,25,10,20
44,7883,0.9044695718594546,5.252998495119709e-07,0.0955233738023989,6.529038298166096e-06,25,10,20
44,7884,0.8925218733352962,1.438772316875607e-06,0.07480270892381474,0.03267397896857213,25,10,20
44,7885,0.8908226629421908,3.6979346761832517e-07,0.06995839910471499,0.039218568159626675,25,10,20
44,7886,0.8982816930659041,5.095400408342975e-07,0.10169846703073039,1.933036332416008e-05,25,10,20
44,7887,0.965799355195193,1.872020877499814e-05,0.03417538416153466,6.540434496823962e-06,25,10,20
44,7888,0.9029857111898083,1.008423084910731e-05,0.09539768416460553,0.0016065204147362997,25,10,20
44,7889,0.9388437039376973,5.043195709010274e-07,0.06027413927411911,0.0008816524686127493,25,10,20
44,7890,0.9436577550122798,7.546217654294416e-06,0.055435263968292306,0.0008994348017729562,25,10,20
44,7891,0.9652689805024893,3.552704266742808e-06,0.03472394554148949,3.5212517539363228e-06,25,10,20
44,7892,0.9724689674966476,0.00021217028529630342,0.027315126608408652,3.7356096468749883e-06,25,10,20
44,7893,0.9578230108002453,0.0002122473210528575,0.041854544140561716,0.00011019773814002973,25,10,20
44,7894,0.962877263707144,0.00021194629904804595,0.036801949802045486,0.00010884019176246765,25,10,20
44,7895,0.9591023261686199,0.00021223413668374147,0.040498494574763795,0.00018694511993275992,25,10,20
44,7896,0.9459899349356877,6.4965360921136714e-06,0.053893612120942166,0.00010995640727719404,25,10,20
44,7897,0.9374940517170891,1.8299447348175976e-06,0.06236930986612551,0.00013480847205024523,25,10,20
44,7898,0.8817761942148035,0.0001606412348125396,0.11791386151703712,0.00014930303334600057,25,10,20
44,7899,0.8850099446098109,3.06523691966571e-05,0.11494597001087557,1.3433010116921229e-05,25,10,20
44,7900,0.8750867227561288,8.904500385558773e-06,0.12490221518898588,2.1575544994610067e-06,25,10,20
44,7901,0.9282023442726707,7.256669938440842e-06,0.07178937094440249,1.028112988344542e-06,25,10,20
44,7902,0.8774152799533356,9.544083650685207e-06,0.12250113497205975,7.404099095390214e-05,25,10,20
44,7903,0.9105238617312211,8.309910709410021e-07,0.08946998153465742,5.325743050491676e-06,25,10,20
44,7904,0.9135183083010421,3.855612728575747e-05,0.08643022644105408,1.2909130618369935e-05,25,10,20
44,7905,0.9664022951006985,2.893592316599787e-07,0.03358925391239475,8.16162767526757e-06,25,10,20
44,7906,0.9038558680841041,1.532634606630223e-06,0.0961291866229188,1.3412658369615957e-05,25,10,20
44,7907,0.9647878743613504,5.880965193450403e-05,0.03513937731012414,1.3938676590753156e-05,25,10,20
44,7908,0.9275585801147413,1.678781254687298e-06,0.07242691887999941,1.2822224004283889e-05,25,10,20
44,7909,0.9586658029816588,2.645319649434333e-07,0.04131657962445711,1.7352861918399526e-05,25,10,20
44,7910,0.9498467834053715,1.0060239207631089e-06,0.0501397159101548,1.2494660552600297e-05,25,10,20
44,7911,0.9362734845185332,1.3541633016017684e-05,0.06007463475201192,0.0036383390964393244,25,10,20
44,7912,0.9503163859439026,2.1966624144114466e-06,0.04963914251569914,4.2274877984452294e-05,25,10,20
44,7913,0.9134899398509595,3.97426389624363e-06,0.08641554826923205,9.053761591315317e-05,25,10,20
44,7914,0.9072348902534746,2.015614910575203e-06,0.09258354288222602,0.00017955124938963963,25,10,20
44,7915,0.8776083323880077,2.739010653199921e-05,0.12232881146569383,3.546603976706785e-05,25,10,20
44,7916,0.9443396984481701,1.2141320131597612e-05,0.055636130241642094,1.2029990056273865e-05,25,10,20
44,7917,0.9535445605124744,1.4134286701436758e-05,0.046432929372040646,8.375828783360971e-06,25,10,20
44,7918,0.9497966704440227,1.5111922552753087e-05,0.05012881090019872,5.9406733225825786e-05,25,10,20
44,7919,0.9638254207933946,6.054087821938543e-06,0.03615892155641107,9.603562372722713e-06,25,10,20
44,7920,0.8921081101606332,2.7416461258118024e-06,0.10787225154998886,1.6896643253188415e-05,25,10,20
44,7921,0.9594831830019592,7.551526827983747e-07,0.04048250432831363,3.355751704506543e-05,25,10,20
44,7922,0.9026106801410372,1.9639784182142747e-05,0.09733471177616587,3.4968298615321795e-05,25,10,20
44,7923,0.8698836331505424,5.583716149536349e-07,0.13005610526348044,5.9703214362543925e-05,25,10,20
44,7924,0.9085046193029943,7.530800082634734e-07,0.09144392004679888,5.0707570199320364e-05,25,10,20
44,7925,0.9293382260679625,3.7009905374913867e-07,0.07065612825450153,5.275578482407687e-06,25,10,20
44,7926,0.8853372633517869,1.5418967953220594e-06,0.11462247242477319,3.872232664486409e-05,25,10,20
44,7927,0.8813788459900758,2.9904596193099465e-06,0.11859166344358033,2.650010672496145e-05,25,10,20
44,7928,0.8945863799330961,2.270413745171868e-06,0.10538489515411258,2.6454499046299024e-05,25,10,20
44,7929,0.9421467429167008,1.0677828761822841e-06,0.05784901447808277,3.1748223399042165e-06,25,10,20
44,7930,0.8584056929869743,2.1042140796846525e-05,0.14109028365129148,0.00048298122093721975,25,10,20
44,7931,0.899324470211434,1.7346897890002126e-06,0.10064517132813482,2.862377064200091e-05,25,10,20
44,7932,0.8765640965145471,2.52088168235629e-06,0.12342859595922775,4.786644543361839e-06,25,10,20
44,7933,0.8744267049600464,2.104788277470425e-06,0.12556661179938494,4.5784522898716675e-06,25,10,20
44,7934,0.9111385707265185,5.923685867292226e-07,0.08816761530418214,0.0006932216007125191,25,10,20
44,7935,0.948853039016863,1.92950909597738e-05,0.05043705802165855,0.00069060787051894,25,10,20
44,7936,0.9221203057984718,2.4889628933541215e-05,0.07754024880536263,0.0003145557672319341,25,10,20
44,7937,0.9388563377825975,2.425600456541839e-05,0.06110997190695526,9.434305881877895e-06,25,10,20
44,7938,0.9325767279021246,1.8109003532581653e-05,0.06738502917399816,2.0133920344851936e-05,25,10,20
44,7939,0.9498014773679435,3.596166809413054e-06,0.04690250409007162,0.003292422375175452,25,10,20
44,7940,0.9094966748621125,6.567716817850315e-06,0.0871135762150725,0.0033831812059978332,25,10,20
44,7941,0.9156249262138364,4.2489614837322655e-06,0.08085982944739552,0.003510995377283615,25,10,20
44,7942,0.8919037257786164,0.00015985590927482875,0.10793115437144031,5.2639406689995356e-06,25,10,20
44,7943,0.9535343952701656,1.4541304796657633e-05,0.046445207261419624,5.856163618299276e-06,25,10,20
44,7944,0.937978917053933,1.1886108031129896e-06,0.06187259159567146,0.0001473027395922543,25,10,20
44,7945,0.9398757046599764,1.4411428256075815e-06,0.051474579477846005,0.008648274719351597,25,10,20
44,7946,0.9104533028376016,7.072558288416419e-05,0.0807985851339999,0.00867738644551445,25,10,20
44,7947,0.923467160293304,6.982390233130085e-05,0.07645870206833756,4.313736026999115e-06,25,10,20
44,7948,0.854429855413448,9.736098249792954e-07,0.14553184950529763,3.732147143019508e-05,25,10,20
44,7949,0.8080634321121933,1.050095893549767e-06,0.19190007629163194,3.544150028262318e-05,25,10,20
44,7950,0.8861060717937579,1.3163885975282714e-06,0.11389167123643498,9.405812095774361e-07,25,10,20
44,7951,0.9322204838034065,1.7283227900878057e-06,0.06776739764886647,1.039022493670599e-05,25,10,20
44,7952,0.9003820105200875,1.6701432435988923e-06,0.09953478985258635,8.152948408213551e-05,25,10,20
44,7953,0.9517908609219607,3.7850026393674444e-07,0.04814753674617357,6.122383160165576e-05,25,10,20
44,7954,0.9411737708405193,0.0007018896549207001,0.05806422130476596,6.0118199793379326e-05,25,10,20
44,7955,0.9395217924603613,3.8118491617634672e-06,0.06046562935107125,8.766339405580603e-06,25,10,20
44,7956,0.9514416700395167,3.3354020881790478e-06,0.048545561050361695,9.433508032700485e-06,25,10,20
44,7957,0.9395238859424085,1.439432422590019e-07,0.053653888133650546,0.00682208198069825,25,10,20
44,7958,0.954587308237043,2.0475838687511766e-07,0.038527147946001976,0.006885339058568269,25,10,20
44,7959,0.939303497404576,3.0437886692368376e-07,0.05387338393080509,0.00682281428575263,25,10,20
44,7960,0.9037178691417346,1.9760539505817118e-06,0.09627494373091025,5.2110734040120995e-06,25,10,20
44,7961,0.918335267043549,1.4238102141502164e-05,0.08164564527505892,4.849579250726721e-06,25,10,20
44,7962,0.923811338833202,2.0928539501121945e-06,0.07612491347906619,6.16548337818114e-05,25,10,20
44,7963,0.9045379834562095,6.095970082701076e-06,0.09435381214969663,0.0011021084240110297,25,10,20
44,7964,0.9448350720675407,5.455102409888406e-06,0.0550926205093009,6.685232074838575e-05,25,10,20
44,7965,0.9504496604659454,5.9895031932293825e-06,0.049450113823644316,9.42362072170481e-05,25,10,20
44,7966,0.9611861455635022,3.050272035729029e-07,0.038773364942169694,4.018446712466645e-05,25,10,20
44,7967,0.9392813847429439,3.65583185356682e-06,0.06048794189545689,0.00022701752974589107,25,10,20
44,7968,0.9740301651146287,9.870933312059701e-07,0.025924011984326634,4.4835807713854426e-05,25,10,20
44,7969,0.9584313901151114,4.877527516795219e-05,0.04146413591594997,5.569869377066274e-05,25,10,20
44,7970,0.8813162147310153,8.046733394153283e-06,0.11856271549282914,0.00011302304276042968,25,10,20
44,7971,0.9479030726930467,9.017732164775158e-05,0.05197512490063125,3.162508467383765e-05,25,10,20
44,7972,0.9315509512163684,8.986404558646613e-05,0.06833709551498363,2.2089223061394996e-05,25,10,20
44,7973,0.8902292554757325,8.989083426226396e-05,0.10965228229389949,2.8571396106200636e-05,25,10,20
44,7974,0.876112994410425,9.290325989681418e-05,0.12377827598081978,1.5826348858504954e-05,25,10,20
44,7975,0.924671169888677,2.5269874992347056e-05,0.07528698849518581,1.657174114436707e-05,25,10,20
44,7976,0.9839675074694054,4.878718728933674e-06,0.016025777311916477,1.8364999491268364e-06,25,10,20
44,7977,0.9661241213843568,1.188582715515143e-05,0.03384808397163053,1.590881685792296e-05,25,10,20
44,7978,0.9249407180908916,1.0152322691453833e-05,0.07503358529052466,1.5544295891659348e-05,25,10,20
44,7979,0.9106136271702171,9.527594679915223e-07,0.08917724453488544,0.00020817553542947756,25,10,20
44,7980,0.9532627381959307,9.062664499563082e-07,0.04647897548391036,0.0002573800537086873,25,10,20
44,7981,0.927126002188781,1.9146996105793142e-05,0.0718119492916621,0.0010429015234505927,25,10,20
44,7982,0.8977341555188337,1.6085801289791463e-05,0.10202622914523399,0.00022352953464270135,25,10,20
44,7983,0.8790269230212214,1.1040060019269964e-05,0.12094894475009084,1.3092168668828246e-05,25,10,20
44,7984,0.8240272365534576,9.259650982471936e-07,0.17595132628287924,2.0511198565032564e-05,25,10,20
44,7985,0.8649249462597866,8.087692479873204e-07,0.13504253185306347,3.1713117901970494e-05,25,10,20
44,7986,0.9193996163136091,9.215226920816711e-07,0.08055381635252302,4.564581117635585e-05,25,10,20
44,7987,0.8802358568805987,0.00033322489859880113,0.11939795790156559,3.2960319237174e-05,25,10,20
44,7988,0.8819168727743052,6.396907344016803e-06,0.11786483764321302,0.00021189267513832685,25,10,20
44,7989,0.9047981146848216,8.011677013806864e-06,0.09420479977516732,0.0009890738629974886,25,10,20
44,7990,0.9122710190225779,1.3723259007313244e-05,0.08771200779891214,3.249919501675143e-06,25,10,20
44,7991,0.9527698356198167,2.6003391589841403e-06,0.047224936675287175,2.6273657368259544e-06,25,10,20
44,7992,0.9221495569200223,6.299253045621138e-07,0.0778489016699276,9.114847454931871e-07,25,10,20
44,7993,0.9623365996231341,5.912658809639022e-06,0.03765022520088429,7.262517171280086e-06,25,10,20
44,7994,0.9016228768685953,2.624528736709627e-06,0.09836228861178814,1.2209990879251905e-05,25,10,20
44,7995,0.9293978908322101,3.4013983753255114e-05,0.07046709151126357,0.00010100367277248671,25,10,20
44,7996,0.9213098340300674,2.9173043659229515e-05,0.07855649542140833,0.00010449750486500469,25,10,20
44,7997,0.8844451236610459,2.228804920164419e-05,0.11542297649244988,0.00010961179730306782,25,10,20
44,7998,0.9398450441327781,2.0758503402702719e-07,0.0594867595941532,0.0006679886880347395,25,10,20
44,7999,0.9029968543870663,1.1936000114828664e-06,0.09643370669222887,0.0005682453206927776,25,10,20
44,8000,0.933891162041118,6.627681579777104e-07,0.06608884189424107,1.933329648264164e-05,25,10,20
44,8001,0.8580996738439071,1.2824113450124774e-05,0.14187286274020386,1.4639302438756635e-05,25,10,20
44,8002,0.8757892166707086,0.00038065757083285723,0.08465516908599023,0.03917495667246863,25,10,20
44,8003,0.835662844369393,2.1993938641359155e-05,0.13164390132270534,0.03267126036926102,25,10,20
44,8004,0.8666778270494231,2.227039315012364e-05,0.09956246361520346,0.03373743894222375,25,10,20
44,8005,0.9282737599864701,1.3849266100641134e-06,0.0648724941897379,0.006852360897182238,25,10,20
44,8006,0.9280105667297694,2.077735271939288e-05,0.03643589770146247,0.03553275821604887,25,10,20
44,8007,0.9159235236370137,1.311560023976949e-05,0.05623437823929404,0.02782898252345297,25,10,20
44,8008,0.8964412902978366,2.5119234850663633e-06,0.06400588845295234,0.039550309325726195,25,10,20
44,8009,0.8682393042387738,5.7195255912058225e-06,0.11149036842636524,0.020264607809269832,25,10,20
44,8010,0.928807097175795,6.103315492962755e-07,0.07117069463172276,2.1597860932778305e-05,25,10,20
44,8011,0.9303891613762488,5.329418302854157e-06,0.06957034745248086,3.516175296706917e-05,25,10,20
44,8012,0.9154036692292213,2.9065365568996884e-06,0.0845790547304191,1.4369503802479253e-05,25,10,20
44,8013,0.9246396650694918,1.6924500759408746e-06,0.05375900147719898,0.0215996410032331,25,10,20
44,8014,0.8697182009239793,5.912171976929425e-05,0.08823946322136189,0.04198321413488931,25,10,20
44,8015,0.8606867585357678,5.931484326939177e-05,0.11017633286263952,0.029077593758323007,25,10,20
44,8016,0.8499933683086708,0.000918068168541095,0.10984301893684636,0.039245544585941414,25,10,20
44,8017,0.8692693732049847,1.548694936200693e-06,0.11497099244347948,0.015758085656598957,25,10,20
44,8018,0.8391408309117988,2.9780332782797955e-07,0.13236847634745344,0.028490394937420557,25,10,20
44,8019,0.8669766248741362,5.782530382802008e-08,0.12497297467918264,0.00805034262137714,25,10,20
44,8020,0.8858829612129061,1.3963716641876582e-06,0.07919306233384034,0.03492258008158899,25,10,20
44,8021,0.9106194517385481,1.3104849252931454e-06,0.0822782814549627,0.007100956321563874,25,10,20
44,8022,0.8924890547993902,1.7379674530159186e-06,0.0679008614189004,0.0396083458142567,25,10,20
44,8023,0.8590497359037395,2.36563060828074e-06,0.12865875387530365,0.012289144590347953,25,10,20
44,8024,0.9089915114699142,3.806890239402083e-06,0.06019715903615443,0.030807522603691864,25,10,20
44,8025,0.9287800538871882,2.7763489301215465e-06,0.05156431054777219,0.01965285921610971,25,10,20
44,8026,0.9291513825294453,1.8342202842517088e-06,0.0699372215529043,0.0009095616973660826,25,10,20
44,8027,0.9089634586777063,1.269196458069349e-05,0.09098830217625563,3.5547181457368314e-05,25,10,20
44,8028,0.8959600747110988,7.700438990917562e-06,0.10401610083114879,1.6124018760862408e-05,25,10,20
44,8029,0.9023989534667025,2.6192285505630157e-05,0.09753693526059734,3.7918987193707014e-05,25,10,20
44,8030,0.9334046065798469,0.00010652884389593102,0.06648637785903948,2.4867172170033173e-06,25,10,20
44,8031,0.921742901935702,1.332402482637265e-06,0.0779917467619332,0.0002640188998821051,25,10,20
44,8032,0.9430713439366429,1.0288797216407106e-06,0.05678902855517938,0.00013859862845643352,25,10,20
44,8033,0.9529999710057,2.6290891871265303e-07,0.04698764405198644,1.2122033395746516e-05,25,10,20
44,8034,0.9068527079753459,1.7952207984635668e-06,0.09292439607348729,0.0002211007303693405,25,10,20
44,8035,0.9050533526701643,4.285445853318286e-07,0.09445026908283817,0.000495949702412222,25,10,20
44,8036,0.9042441204437256,5.873425308199259e-07,0.09569816536856755,5.712684517655824e-05,25,10,20
44,8037,0.8887995367668822,6.109314219711943e-06,0.11074903024588188,0.00044532367301685434,25,10,20
44,8038,0.8419674909738905,2.4427586850160996e-06,0.15794396974936856,8.609651805600365e-05,25,10,20
44,8039,0.8909101468036489,2.2004602726863756e-06,0.10908531538855612,2.3373475220438173e-06,25,10,20
44,8040,0.9685396640719475,2.59149177416289e-06,0.03061245642167284,0.0008452880146055214,25,10,20
44,8041,0.9129931607344531,6.383625094784746e-06,0.08556993106139975,0.0014305245790525566,25,10,20
44,8042,0.9101596052284084,7.73041790232673e-07,0.08976463724942223,7.498448037866913e-05,25,10,20
44,8043,0.9280729105288009,6.482321600201494e-05,0.07177703021575375,8.523603944340615e-05,25,10,20
44,8044,0.9488928045146937,1.9757466068128732e-05,0.05101178169580382,7.565632343427267e-05,25,10,20
44,8045,0.9274492179294686,2.807278985325995e-05,0.07173617456216598,0.0007865347185117982,25,10,20
44,8046,0.9132963085977736,1.7181080861763815e-06,0.0856337624318163,0.0010682108623248695,25,10,20
44,8047,0.9721782650191537,1.6609749124092424e-06,0.026270128262303703,0.001549945743630357,25,10,20
44,8048,0.9150776330729282,2.7769691274355687e-06,0.08490773653516737,1.1853422777580776e-05,25,10,20
44,8049,0.9131889527969386,3.1702513059122996e-06,0.08677423302332468,3.3643928430976084e-05,25,10,20
44,8050,0.9180581160993755,2.864209061475163e-06,0.0817370375339213,0.00020198215764200244,25,10,20
44,8051,0.9669736568641888,7.190857151507918e-06,0.03283283979161831,0.000186312487041511,25,10,20
44,8052,0.9298281179738869,9.771465522009936e-06,0.07014920155810624,1.2909002484539345e-05,25,10,20
44,8053,0.941925708483973,1.0994359108271497e-06,0.05805586960717753,1.73224729386011e-05,25,10,20
44,8054,0.8477745512351753,2.4148438850728713e-05,0.15217790207139767,2.3398254575122005e-05,25,10,20
44,8055,0.9180847871561142,1.409144222684493e-05,0.08189556281006716,5.558591591394839e-06,25,10,20
44,8056,0.8855275194278591,1.9883257334106507e-05,0.11431839857080041,0.00013419874400662693,25,10,20
44,8057,0.8371925844870423,1.352066512883854e-05,0.16267875662943168,0.00011513821839725922,25,10,20
44,8058,0.8317066873072075,1.486288315529532e-05,0.16590493699697523,0.002373512812662759,25,10,20
44,8059,0.8796285807612739,3.4870849225588268e-06,0.12022524012106961,0.00014269203273476873,25,10,20
44,8060,0.8870485037761706,0.00015937101985964908,0.11278544575184275,6.679452126672185e-06,25,10,20
44,8061,0.924897882335955,0.00015687004433831986,0.0749398256590911,5.421960614895583e-06,25,10,20
44,8062,0.9508297042089433,3.4266177467679266e-06,0.049165410728758456,1.4584445512353636e-06,25,10,20
44,8063,0.9219913260534633,3.49951834537084e-06,0.07799028294515739,1.4891483033759941e-05,25,10,20
44,8064,0.9677291338743327,3.332176121521673e-07,0.032216293034556524,5.423987349853041e-05,25,10,20
44,8065,0.9776994809598869,8.828522095937874e-07,0.02227168141729614,2.7954770607483427e-05,25,10,20
44,8066,0.9481100885874126,1.0821880766924374e-07,0.05188357167186134,6.231521918718778e-06,25,10,20
44,8067,0.8884255111519274,3.889417954072367e-07,0.11007263409936772,0.0015014658069097586,25,10,20
44,8068,0.8886958838567928,2.592643426013119e-06,0.10978802331679645,0.001513500182985138,25,10,20
44,8069,0.9174404487959618,3.348610914389263e-06,0.08090181995498413,0.0016543826381399814,25,10,20
44,8070,0.9543602458455201,7.504394074448621e-07,0.04563551263244485,3.4910826280813385e-06,25,10,20
44,8071,0.9347581147535302,6.995370834870062e-06,0.0652273028922,7.5869834348350874e-06,25,10,20
44,8072,0.9193761668370057,3.651685337560202e-06,0.08018631334416002,0.00043386813349724577,25,10,20
44,8073,0.9258459569911538,7.362036056803552e-05,0.07360825843010112,0.0004721642181775127,25,10,20
44,8074,0.917547040538608,8.108131371791191e-05,0.08232416454265419,4.771360501987926e-05,25,10,20
44,8075,0.9306958991815543,1.2802225765233975e-06,0.06929449225472757,8.328341141359086e-06,25,10,20
44,8076,0.846839431066794,2.677966758171872e-06,0.13333562999043308,0.01982226097601493,25,10,20
44,8077,0.8607344847219802,3.328176807668786e-06,0.1327095073509786,0.006552679750234009,25,10,20
44,8078,0.895940800418557,2.4675441541030195e-06,0.09746250916717777,0.006594222870111106,25,10,20
44,8079,0.912479886615349,1.706197329149775e-05,0.08749943874935959,3.6126620004034113e-06,25,10,20
44,8080,0.9294669703486528,7.307948163780615e-08,0.06476642920511584,0.00576652736675008,25,10,20
44,8081,0.9350468787180319,8.793550322439844e-06,0.059178752775814344,0.005765574955831596,25,10,20
44,8082,0.8925456767020107,8.093285184586902e-06,0.10743317338861788,1.3056624186486767e-05,25,10,20
44,8083,0.918206464625849,2.391394818394643e-06,0.0811288105482138,0.0006623334311189785,25,10,20
44,8084,0.9485438669637268,1.4283421991755828e-06,0.051299252141122145,0.0001554525529522272,25,10,20
44,8085,0.9505981152418452,3.457621057403399e-06,0.0492290061588561,0.00016942097824170353,25,10,20
44,8086,0.9341463352166631,2.967776218038505e-06,0.06584161401771806,9.08298940046441e-06,25,10,20
44,8087,0.920275104529716,8.725624006755508e-06,0.07971026388549564,5.905960780926438e-06,25,10,20
44,8088,0.9662193704710316,9.062480959466183e-06,0.03376958429834901,1.982749660275466e-06,25,10,20
44,8089,0.9479520307248088,1.0975820818754373e-05,0.05203113790811787,5.855546254389328e-06,25,10,20
44,8090,0.9060797822408522,1.0638352426988338e-05,0.09389870550862044,1.0873898100846222e-05,25,10,20
44,8091,0.9323827567755878,3.134134743590473e-05,0.06741000270160497,0.00017589917537145735,25,10,20
44,8092,0.960724681291992,1.0736818863267312e-06,0.03924399296306441,3.0252063057106277e-05,25,10,20
44,8093,0.9619313252948284,3.430612637567764e-07,0.03804213019176113,2.6201452146872913e-05,25,10,20
44,8094,0.94699777191943,2.628998461294059e-07,0.052972591998782355,2.9373181941351906e-05,25,10,20
44,8095,0.9435923379285124,5.295361226659381e-07,0.056384443103400086,2.268943196464493e-05,25,10,20
44,8096,0.9539893334522644,6.347541975549055e-06,0.04595917299178175,4.5146013977890905e-05,25,10,20
44,8097,0.9145134751511053,2.176912310906612e-06,0.046679479487056336,0.038804868449527505,25,10,20
44,8098,0.886297823021152,2.9004237013208397e-06,0.06186374433735189,0.051835532217794696,25,10,20
44,8099,0.8241354822104755,3.4669947877099888e-06,0.12481494543411785,0.051046105360617614,25,10,20
44,8100,0.8654440267614354,2.385412702387187e-06,0.06654942413174537,0.06800416369411673,25,10,20
44,8101,0.8711544747460819,6.02831629636363e-08,0.062269431610155454,0.0665760333605996,25,10,20
44,8102,0.8662142037715063,2.1028501669362887e-05,0.1048191107884558,0.028945656938368508,25,10,20
44,8103,0.8564716392225296,6.300660736169944e-05,0.11655641471040656,0.026908939459701617,25,10,20
44,8104,0.8499054956627221,6.147843418623442e-05,0.13730622860903197,0.012726797294060243,25,10,20
44,8105,0.8506620572984589,1.6115043749963332e-06,0.1097241173813162,0.039612213815849014,25,10,20
44,8106,0.837727331795347,2.1597930239530025e-06,0.12308208912172107,0.03918841928990731,25,10,20
44,8107,0.8877993564666369,1.619166877789029e-06,0.07308117079255498,0.03911785357392996,25,10,20
44,8108,0.8629917395879668,2.679155480251351e-06,0.09780166576943997,0.03920391548711259,25,10,20
44,8109,0.8916527629136668,1.6631187169607301e-06,0.07510768084226935,0.03323789312534719,25,10,20
44,8110,0.9247623559529032,2.7984497709000463e-06,0.03950065530000682,0.03573419029731926,25,10,20
44,8111,0.8335607964119737,1.847004669882612e-06,0.1261784980748621,0.040258858508494075,25,10,20
44,8112,0.9025840381198696,1.6383614757931004e-06,0.0637728320959223,0.03364149142273204,25,10,20
44,8113,0.8568294058475651,4.012153764695219e-06,0.1088397475972414,0.034326834401428995,25,10,20
44,8114,0.8316790226889151,3.0877751945828005e-06,0.13376279680812403,0.03455509272776676,25,10,20
44,8115,0.7595844385348226,3.905896348725705e-06,0.20032350682736627,0.04008814874146289,25,10,20
44,8116,0.8868236507134789,8.877110564809307e-07,0.07606791505773601,0.03710754651772813,25,10,20
44,8117,0.8584085951318317,5.452027613368107e-05,0.10966300749104027,0.031873877100994624,25,10,20
44,8118,0.81043466421683,0.007244732103721132,0.14293442834638062,0.03938617533306824,25,10,20
44,8119,0.9251223846783253,7.68536260030765e-07,0.05377610463556909,0.02110074214984557,25,10,20
44,8120,0.8741753927996764,8.043844343299583e-06,0.08620978568745125,0.03960677766852925,25,10,20
44,8121,0.9372303241944124,2.9261897775837625e-06,0.0627061526506707,6.059696513884276e-05,25,10,20
44,8122,0.9176651707174902,5.288063222790222e-05,0.08224407735630007,3.787129398112059e-05,25,10,20
44,8123,0.87695578375785,2.3752215224369844e-06,0.12302059139198479,2.1249628642906142e-05,25,10,20
44,8124,0.8751497643624581,5.189433653616294e-06,0.1248295549103918,1.5491293496083625e-05,25,10,20
44,8125,0.9587801774392779,3.6319381983652704e-06,0.041159926612352696,5.626401017066346e-05,25,10,20
44,8126,0.9169384455698224,6.204615292070774e-06,0.08299873541437662,5.661440050854756e-05,25,10,20
44,8127,0.8927708308917228,1.9718191581924654e-05,0.10718749382920528,2.1957087489875594e-05,25,10,20
44,8128,0.9280291586445807,1.114118727999279e-06,0.07171349785967954,0.0002562293770110266,25,10,20
44,8129,0.9440362974399189,3.5342752963602752e-06,0.05579154971142173,0.00016861857336272805,25,10,20
44,8130,0.8779145762428584,0.000200454195354427,0.12173240540584587,0.00015256415594027534,25,10,20
44,8131,0.9468957627711222,0.00019986061786999153,0.052893712597918204,1.0664013089725974e-05,25,10,20
44,8132,0.954642607540264,3.3828394953980553e-06,0.045334127039686714,1.9882580554259818e-05,25,10,20
44,8133,0.8320737134795744,3.5503345688110766e-06,0.1678945809695936,2.8155216264101425e-05,25,10,20
44,8134,0.8404154319130426,1.702628301647746e-06,0.15606461036541544,0.0035182550932405065,25,10,20
44,8135,0.9166064167463992,4.09226945215326e-06,0.07980137895761666,0.0035881120265326,25,10,20
44,8136,0.9197600650345111,7.2291011307423545e-06,0.08015909324545507,7.361261890249264e-05,25,10,20
44,8137,0.9205171010239284,6.274821256986015e-07,0.07947638537561247,5.886118333140448e-06,25,10,20
44,8138,0.9318278041382076,9.307739599126811e-07,0.06816358492315726,7.680164674750601e-06,25,10,20
44,8139,0.9217302074544331,5.161384669423602e-06,0.07810985456965805,0.00015477659123889437,25,10,20
44,8140,0.9267293489120454,5.7147263145952135e-06,0.07024623439426267,0.0030187019673775105,25,10,20
44,8141,0.9463297973459213,1.2708839253490644e-06,0.05066027427264377,0.0030086574975096547,25,10,20
44,8142,0.914335228083314,1.2818676056594936e-06,0.08266339622851115,0.003000093820569844,25,10,20
44,8143,0.9417709065853311,9.334099166755168e-08,0.05821702943806875,1.1970635608673394e-05,25,10,20
44,8144,0.9467624475221187,9.425237137250804e-07,0.053212371866648976,2.4238087518336522e-05,25,10,20
44,8145,0.8578618110345674,1.4569350351802934e-06,0.14201087784903282,0.0001258541813654745,25,10,20
44,8146,0.8742984801319154,5.713246523427616e-07,0.12121020895120868,0.004490739592223757,25,10,20
44,8147,0.9285733603920353,4.762881457142633e-06,0.07139074326100925,3.113346549830993e-05,25,10,20
44,8148,0.9121917138521457,9.312660475960693e-06,0.08761564413550862,0.0001833293518694417,25,10,20
44,8149,0.9407300282800847,9.389887448735908e-07,0.05923359773149731,3.543499967277135e-05,25,10,20
44,8150,0.9683620574275429,1.8367695833253452e-06,0.031595515365818796,4.0590437055027256e-05,25,10,20
44,8151,0.933789291885287,1.073901445350626e-05,0.06616687241043223,3.3096689827160945e-05,25,10,20
44,8152,0.9181634182436622,0.01008470242617499,0.0717164643426078,3.541498755495475e-05,25,10,20
44,8153,0.9237734341686726,9.867674172688922e-05,0.07612202841190094,5.860677699393559e-06,25,10,20
44,8154,0.9446256846874111,2.4210137841330598e-06,0.05536598118516608,5.913113638224257e-06,25,10,20
44,8155,0.8972518129271299,5.067578869797044e-06,0.10266366368002032,7.945581398074489e-05,25,10,20
44,8156,0.9293731119744113,4.059015912108676e-06,0.07049356151346838,0.00012926749620786602,25,10,20
44,8157,0.8776940505669856,3.4768353576671034e-06,0.12226132014288686,4.115245476967736e-05,25,10,20
44,8158,0.8771888090524965,3.960640896932085e-06,0.12272342292031306,8.380738629317871e-05,25,10,20
44,8159,0.795103167439591,2.4047475956857723e-06,0.20478391774698296,0.00011051006583039675,25,10,20
44,8160,0.8932458913805974,0.008917521068675459,0.0977857116207424,5.08759299861889e-05,25,10,20
44,8161,0.9204395322748675,0.0014351895889377253,0.07799731599503805,0.00012796214115596275,25,10,20
44,8162,0.87572795937206,0.0014183412273299483,0.12281056891244094,4.3130488169614665e-05,25,10,20
44,8163,0.9185820470071003,6.450452486026314e-07,0.08139010251358003,2.7205434071089614e-05,25,10,20
44,8164,0.894482062560821,3.821072170597431e-06,0.09855844735513129,0.006955669011877347,25,10,20
44,8165,0.9437329963870689,3.1937878173423957e-06,0.04942948475895812,0.00683432506615613,25,10,20
44,8166,0.9186714273242654,3.784360564526664e-05,0.08125381443600915,3.691463408040737e-05,25,10,20
44,8167,0.9305728763305063,4.912347618640463e-07,0.06941628779146392,1.0344643268086472e-05,25,10,20
44,8168,0.8742627538104999,3.1036142538828406e-06,0.12331553950544163,0.0024186030698049687,25,10,20
44,8169,0.88426200293173,3.9022038059465515e-06,0.11335209068582788,0.0023820041786359867,25,10,20
44,8170,0.8644862915989439,4.024378619457168e-06,0.13550513074692483,4.553275511536107e-06,25,10,20
44,8171,0.9334362389885423,1.737283853793582e-06,0.06655913611944189,2.887608162035943e-06,25,10,20
44,8172,0.906505015972114,1.7197720656496267e-06,0.09299981859562952,0.0004934456601909455,25,10,20
44,8173,0.8846292759203337,9.71807854520388e-07,0.1152985765295227,7.117574228851953e-05,25,10,20
44,8174,0.9386270707314401,4.720537356578182e-06,0.05963282878732607,0.001735379943877612,25,10,20
44,8175,0.9150723864418605,1.242118768681222e-07,0.08492651690789992,9.724383631309773e-07,25,10,20
44,8176,0.7683696012559778,3.029952266314857e-07,0.23161788721486176,1.2208533936319453e-05,25,10,20
44,8177,0.8937883916039269,7.1882452980777625e-06,0.10618696237628836,1.7457774486432637e-05,25,10,20
44,8178,0.9517021919308527,7.285468081055829e-06,0.04814441897101302,0.00014610363005287163,25,10,20
44,8179,0.9505671734581038,1.1184417354601952e-05,0.04937622088079669,4.542124374456047e-05,25,10,20
44,8180,0.908284548341862,1.1613192646776917e-05,0.09105985819896174,0.0006439802665295057,25,10,20
44,8181,0.9175046995142996,1.1279274510131757e-05,0.08245003127837253,3.398993281677292e-05,25,10,20
44,8182,0.8891861861092453,1.062119491174195e-05,0.11079575269004825,7.440005794738276e-06,25,10,20
44,8183,0.9292294808263953,6.791675548099593e-06,0.07063887806485612,0.00012484943320001463,25,10,20
44,8184,0.8855408255079389,1.6536729903757798e-05,0.11437410232274785,6.853543940981108e-05,25,10,20
44,8185,0.9215611268343424,1.7486843516161944e-06,0.07834581491250193,9.130956880462572e-05,25,10,20
44,8186,0.9032529477614223,6.35887128998122e-07,0.09669509131704444,5.132503440451304e-05,25,10,20
44,8187,0.8802494105182216,1.7218155908350663e-06,0.11972471433786565,2.4153328322236125e-05,25,10,20
44,8188,0.9455391809220246,0.00014702990637118646,0.0543090421221418,4.747049462127437e-06,25,10,20
44,8189,0.9341455754510001,0.000278419610325908,0.06557072795617175,5.276982501912632e-06,25,10,20
44,8190,0.9425395313041381,2.4373476505778095e-05,0.0573878645155322,4.82307038240553e-05,25,10,20
44,8191,0.8931057484843049,2.2898728451713687e-05,0.10500941704773879,0.0018619357395046928,25,10,20
44,8192,0.961178083106864,2.3192735490745677e-05,0.03865220863447666,0.00014651552316864797,25,10,20
44,8193,0.931024202375889,2.4590693374665232e-06,0.0689562769933375,1.7061561435731705e-05,25,10,20
44,8194,0.8302265187508157,3.7718629081208627e-06,0.16952135065472754,0.0002483587315480593,25,10,20
44,8195,0.9475841717831318,1.059206084747432e-06,0.05240346162831501,1.1307382467987037e-05,25,10,20
44,8196,0.9010146384350031,1.5242576962255954e-06,0.0989406599678252,4.3177339475328724e-05,25,10,20
44,8197,0.9274047316026341,4.1209278876640243e-07,0.0725927458436084,2.1104609679451968e-06,25,10,20
44,8198,0.9697887135116495,1.7475083674626913e-07,0.03020875237022677,2.3593672867948836e-06,25,10,20
44,8199,0.9540650160894647,1.7048543123315695e-07,0.032711947885875475,0.013222865539228848,25,10,20
44,8200,0.9197917243299204,3.7133305056133745e-07,0.08020452129292605,3.3830441030780855e-06,25,10,20
44,8201,0.9189392558201982,1.282869272835706e-06,0.08098390708129255,7.555422923677052e-05,25,10,20
44,8202,0.8817252090582719,5.429279987106122e-06,0.11799503562114559,0.00027432604059653436,25,10,20
44,8203,0.9333507681237062,8.975442147835646e-06,0.06658530824904339,5.4948185102579873e-05,25,10,20
44,8204,0.9145333742172855,9.957974599612188e-06,0.08541653430436677,4.0133503747705526e-05,25,10,20
44,8205,0.918243402802828,3.429081604478338e-07,0.08174881610057713,7.438188434332336e-06,25,10,20
44,8206,0.9054069872731367,5.172688540829738e-05,0.09450226264372345,3.9023197730954625e-05,25,10,20
44,8207,0.9369147015642938,8.019022469926158e-06,0.06286750359921661,0.00020977581401923038,25,10,20
44,8208,0.9238638229120615,1.897965514971113e-06,0.07543738197819173,0.0006968971442316646,25,10,20
44,8209,0.9089452241929753,1.62425774074422e-05,0.09103393496790321,4.598261714028862e-06,25,10,20
44,8210,0.8796217123047101,3.265197552383465e-05,0.12033929135806277,6.3443617028823195e-06,25,10,20
44,8211,0.8703237936643685,2.7042040762550625e-05,0.1295829049639755,6.625933089448005e-05,25,10,20
44,8212,0.8851497794465898,1.9311669050252207e-05,0.11475373572233899,7.717316202157819e-05,25,10,20
44,8213,0.9437572537031795,1.2633509620362291e-06,0.05622469351602939,1.6789429829200466e-05,25,10,20
44,8214,0.9309831832944672,1.6161482563762717e-06,0.06889424925830495,0.00012095129897158997,25,10,20
44,8215,0.9192013088434682,2.8967405355897644e-05,0.08071656631009246,5.315744108343962e-05,25,10,20
44,8216,0.9412564895892048,5.158005321023012e-07,0.058694329508108434,4.866510215490267e-05,25,10,20
44,8217,0.9531900886297767,1.417589906803654e-07,0.04677124921080428,3.8520400427899e-05,25,10,20
44,8218,0.9591860111113949,7.993053312101901e-07,0.040770662409093224,4.2527174180409944e-05,25,10,20
44,8219,0.9122511619109152,7.308220402266575e-07,0.08773351356174333,1.4593705301144161e-05,25,10,20
44,8220,0.8859463384478662,1.0159032762158809e-05,0.11392658861114296,0.00011691390822910704,25,10,20
44,8221,0.8782646156102034,9.45205849540459e-06,0.12172173174977587,4.200581525898859e-06,25,10,20
44,8222,0.8977945136737375,1.2308325660815645e-06,0.10219715297755214,7.102516144211172e-06,25,10,20
44,8223,0.9273462250327884,1.6253940476072064e-06,0.07227108893526321,0.0003810606379002934,25,10,20
44,8224,0.926540383035931,7.246601295067384e-07,0.0730947997302308,0.00036409257370824193,25,10,20
44,8225,0.890685114125853,8.877989290806671e-07,0.10754243618037045,0.001771561894847257,25,10,20
44,8226,0.9199580638542811,8.662033462750502e-07,0.08002534758652187,1.5722355850685103e-05,25,10,20
44,8227,0.93047672767195,2.881627237955228e-05,0.06909652086708647,0.0003979351885838715,25,10,20
44,8228,0.9441811994706107,3.284182978589609e-07,0.05579174269890487,2.6729412186111737e-05,25,10,20
44,8229,0.9392317349175895,3.9225813470959047e-07,0.0607278649824122,4.0007841863885256e-05,25,10,20
44,8230,0.888606638671601,2.2823764371626654e-06,0.11129173608282683,9.934286913515204e-05,25,10,20
44,8231,0.9120502366891293,2.481925579613463e-06,0.08785081917353377,9.646221175767101e-05,25,10,20
44,8232,0.8808574541724995,2.4870590690403462e-06,0.11910191568898426,3.8143079447985365e-05,25,10,20
44,8233,0.9187003822456101,1.1028081115803915e-07,0.08128367033236553,1.583714121325464e-05,25,10,20
44,8234,0.9332230708917091,1.3836232447772318e-07,0.06672734801064184,4.9442735324254765e-05,25,10,20
44,8235,0.9430229179168195,4.611321584613143e-05,0.05679633809782847,0.00013463076950500968,25,10,20
44,8236,0.953312607943158,7.0836548176450575e-06,0.046668906788708,1.140161331579186e-05,25,10,20
44,8237,0.9499837832536173,8.107838175498216e-08,0.04974778420557671,0.00026835146242471094,25,10,20
44,8238,0.9299761382870464,1.1272876257736723e-05,0.06982137619151536,0.00019121264518074567,25,10,20
44,8239,0.9286980365022557,4.1307360097371e-06,0.07112602612074573,0.00017180664098947367,25,10,20
44,8240,0.8986867198046172,2.062131145516276e-06,0.10125841183534691,5.280622889115378e-05,25,10,20
44,8241,0.8707548512080113,1.030164819536847e-06,0.12890071151064675,0.00034340711652254866,25,10,20
44,8242,0.910385757686541,1.6782014357652533e-06,0.08928153286130891,0.0003310312507149352,25,10,20
44,8243,0.9251037486551997,5.910723741967837e-06,0.07487845339102227,1.1887230035688651e-05,25,10,20
44,8244,0.9623892003781791,5.125699608747491e-06,0.03759468323382233,1.0990688390189424e-05,25,10,20
44,8245,0.961460333717034,1.1978273110396238e-06,0.0384659432747952,7.252518085974726e-05,25,10,20
44,8246,0.950203474918649,1.5363929096565895e-06,0.04975918696843204,3.5801720009346095e-05,25,10,20
44,8247,0.9401067396342391,2.5695268430178917e-06,0.05988022786256206,1.0462976356078293e-05,25,10,20
44,8248,0.9562267474410733,6.729041285742665e-06,0.04374043533905803,2.6088178583280825e-05,25,10,20
44,8249,0.9258432525668953,1.6726100190374339e-06,0.07412626927149865,2.88055515875102e-05,25,10,20
44,8250,0.9354719918278062,1.916891855432275e-06,0.06451419109445942,1.1900185879152012e-05,25,10,20
44,8251,0.943127161981139,7.408585202846496e-07,0.05685620782326631,1.5889337074581036e-05,25,10,20
44,8252,0.8979733636899466,3.816493710583962e-06,0.10200314765151676,1.9672164826446055e-05,25,10,20
44,8253,0.8812072495581108,2.116999574527399e-06,0.11878034237978514,1.029106252971212e-05,25,10,20
44,8254,0.84768177982425,2.514091393718264e-06,0.1511052843344067,0.0012104217499502943,25,10,20
44,8255,0.9072732536085607,6.758756420900958e-05,0.09197973429767194,0.0006794245295584372,25,10,20
44,8256,0.925851426461017,1.6135345895644305e-06,0.07349974059439333,0.0006472194100002707,25,10,20
44,8257,0.9535265115809644,1.7309370868968447e-06,0.04644499902483192,2.6758457116669885e-05,25,10,20
44,8258,0.9195932757734798,3.346670879203025e-05,0.07921907419564725,0.0011541833220810596,25,10,20
44,8259,0.9584928467733156,6.544439992575834e-07,0.04149574344543184,1.075533725348373e-05,25,10,20
44,8260,0.9186264064734676,7.140005424563864e-06,0.08128308012952212,8.33733915860589e-05,25,10,20
44,8261,0.9406673370413513,8.15864440349295e-06,0.05924393502142476,8.056929282063523e-05,25,10,20
44,8262,0.8643796697106312,5.74753898484346e-06,0.13544536065088206,0.0001692220995012709,25,10,20
44,8263,0.824811619235464,1.3853200905873057e-06,0.17507704054132403,0.00010995490312199,25,10,20
44,8264,0.8040227144735872,3.746697375483558e-06,0.19543041544155632,0.0005431233874810888,25,10,20
44,8265,0.858075512885708,9.201514824942299e-07,0.1416095492230884,0.00031401773972116235,25,10,20
44,8266,0.9036333354124138,8.598920383549774e-07,0.0943995393238583,0.001966265371689376,25,10,20
44,8267,0.8918031705133638,5.812045460239972e-07,0.10818416250176059,1.2085780329175534e-05,25,10,20
44,8268,0.8969148669781356,1.304100678773069e-06,0.103046789768373,3.703915281238515e-05,25,10,20
44,8269,0.823762937845353,6.488219598253654e-06,0.14987976080746457,0.026350813127583802,25,10,20
44,8270,0.8876986542603581,6.392823035104645e-06,0.09074374191135882,0.021551211005247733,25,10,20
44,8271,0.9033886724351357,1.11807758576246e-06,0.07507822814067618,0.0215319813466026,25,10,20
44,8272,0.892867599053955,1.2680904871630944e-06,0.10701211703821942,0.00011901581733851517,25,10,20
44,8273,0.9131060249510107,8.735698487652897e-07,0.08669905567356587,0.00019404580557452362,25,10,20
44,8274,0.9072757427623184,8.644853500070426e-05,0.09247809615935047,0.00015971254333086986,25,10,20
44,8275,0.8745587450443277,9.026924674671838e-05,0.12534902491673694,1.960792189221307e-06,25,10,20
44,8276,0.8918161507903096,1.5774099464238612e-07,0.10818198139148018,1.7100772148475008e-06,25,10,20
44,8277,0.9710227120890714,6.093419505581074e-08,0.028974715837426782,2.5111393061552163e-06,25,10,20
44,8278,0.9739798791559263,0.00020882690492304704,0.0239367135276419,0.0018745804115084,25,10,20
44,8279,0.9615361377910232,1.538277883612932e-05,0.03652331999166423,0.00192515943847646,25,10,20
44,8280,0.9196680952484695,2.214642592827208e-05,0.0749483226175494,0.0053614357080532474,25,10,20
44,8281,0.924769361054307,9.067511328689906e-06,0.07440647846787174,0.0008150929664926008,25,10,20
44,8282,0.9182955595774374,6.15508884607013e-06,0.08165794834972384,4.033698399262718e-05,25,10,20
44,8283,0.952500862777685,2.2732599382441306e-06,0.04749512502158464,1.738940791995842e-06,25,10,20
44,8284,0.8785570679211332,8.353954706463716e-06,0.11339025411669898,0.008044324007461781,25,10,20
44,8285,0.9506516837933711,5.832617829476562e-07,0.047594491625088046,0.0017532413197586568,25,10,20
44,8286,0.9258036442697485,2.478485746836302e-05,0.07255367636914625,0.0016178945036368524,25,10,20
44,8287,0.9199920097910664,2.4366535364595864e-06,0.07819507417943104,0.0018104793759663026,25,10,20
44,8288,0.918058504622066,1.2649796221314296e-06,0.08177139850195511,0.00016883189635660836,25,10,20
44,8289,0.9197607967215946,1.3302581100592725e-06,0.08005648487291774,0.00018138814737684713,25,10,20
44,8290,0.9485673186394259,6.276259544367669e-07,0.05142175941882395,1.0294315795072677e-05,25,10,20
44,8291,0.928492286246485,2.80027093478406e-06,0.07149876805734504,6.145425234748046e-06,25,10,20
44,8292,0.8515204452035933,2.3199442310306893e-06,0.14847414032545994,3.0945267151124574e-06,25,10,20
44,8293,0.8281590652947399,2.2209491931419308e-06,0.17181869798060173,2.001577546479124e-05,25,10,20
44,8294,0.8343777235968086,3.681400905971727e-06,0.1580899279846783,0.007528667017606453,25,10,20
44,8295,0.9114637296952814,3.0178174169205383e-06,0.08824582349751539,0.00028742898978629904,25,10,20
44,8296,0.905169747039305,1.9224394750663744e-05,0.09384900248419051,0.000962026081753203,25,10,20
44,8297,0.9387376568730348,1.959599784965517e-06,0.061140526906359724,0.0001198566208207855,25,10,20
44,8298,0.9615417020795851,1.0288542841337793e-06,0.03833625811498722,0.0001210109511435395,25,10,20
44,8299,0.9258626071544629,9.019086047370382e-07,0.0738050966483333,0.00033139428859964716,25,10,20
44,8300,0.962293459853815,7.322758017890699e-07,0.037686007861010146,1.980000937329437e-05,25,10,20
44,8301,0.887625769543297,1.0179588539061948e-06,0.11235382631242452,1.938618542388947e-05,25,10,20
44,8302,0.8446454824426006,1.081051731725733e-06,0.12406203107974523,0.031291405425922104,25,10,20
44,8303,0.8672314674850043,2.4152066087593193e-06,0.08783996955446063,0.044926147753926726,25,10,20
44,8304,0.8973666075361,1.1426892682173204e-06,0.06657693076831632,0.036055319006314965,25,10,20
44,8305,0.7314740239447195,3.90354132529477e-06,0.23041575719193466,0.03810631532202267,25,10,20
44,8306,0.8065576541090923,2.389522297673416e-05,0.15572331756433347,0.037695133103597095,25,10,20
44,8307,0.898145614630156,2.319930705775302e-05,0.06596248567139083,0.035868700391395406,25,10,20
44,8308,0.8999348314077706,2.1368139161308815e-05,0.06434664663571377,0.03569715381735366,25,10,20
44,8309,0.8995616618992344,2.090505742794359e-05,0.06088522541319524,0.03953220763014193,25,10,20
44,8310,0.8753641367750369,5.99642577064961e-05,0.09310270082294764,0.03147319814430893,25,10,20
44,8311,0.9041695932661338,4.07316492744519e-05,0.06432068095284142,0.03146899413175034,25,10,20
44,8312,0.9217788956585806,1.7397003972635013e-06,0.04345156460347952,0.03476780003754236,25,10,20
44,8313,0.8819150358199331,3.641213157272911e-06,0.08637518567444474,0.03170613729246502,25,10,20
44,8314,0.8823855841673871,5.045700784872693e-06,0.09299279446794292,0.024616575663884165,25,10,20
44,8315,0.8872607563094239,4.480548784815436e-07,0.08797934030323973,0.024759455332457957,25,10,20
44,8316,0.8878215747503052,5.412805440805337e-07,0.08757492667245001,0.02460295729670087,25,10,20
44,8317,0.8653063975549895,9.679348741019452e-07,0.11030897646494602,0.024383658045190895,25,10,20
44,8318,0.9280483943681419,4.6806749275708736e-07,0.03871146424641975,0.03323967331794557,25,10,20
44,8319,0.8636731162260294,1.0889707442838597e-05,0.0971439434869204,0.03917205057960734,25,10,20
44,8320,0.8578702055801252,8.496893428241171e-07,0.13583259289452532,0.006296351836007138,25,10,20
44,8321,0.9077765511495705,8.963846688270692e-05,0.09181556717333696,0.0003182432102094659,25,10,20
44,8322,0.8909858213622571,0.00010053972052926044,0.10560751463007838,0.0033061242871343,25,10,20
44,8323,0.9158948817817715,4.258332763462075e-06,0.08399304766451443,0.00010781222095081304,25,10,20
44,8324,0.8930875900294505,2.0956467924683058e-05,0.10680046289805228,9.099060457209248e-05,25,10,20
44,8325,0.9503146022861657,2.022129460907327e-05,0.04922004985590573,0.0004451265633208883,25,10,20
44,8326,0.9231077831376259,8.69075859254514e-07,0.07637974521513656,0.0005116025713776109,25,10,20
44,8327,0.8950786069841592,5.87503995539962e-05,0.10397686560589628,0.0008857770103906142,25,10,20
44,8328,0.9089203150503476,5.9333646755232285e-05,0.09055324899349794,0.0004671023093993714,25,10,20
44,8329,0.8715698155476278,5.9053924099906905e-05,0.1276973629341273,0.0006737675941453964,25,10,20
44,8330,0.913347835657179,2.1678450009890274e-06,0.08596640966320923,0.0006835868346111998,25,10,20
44,8331,0.9414255259772516,2.633403667804273e-06,0.058459485243806515,0.00011235537527449253,25,10,20
44,8332,0.9167081069059947,6.815030838160522e-06,0.0830285185146363,0.00025655954853072524,25,10,20
44,8333,0.9845953251428221,1.397921590167613e-06,0.015187135164455239,0.00021614177113269553,25,10,20
44,8334,0.8951835349296057,2.1388298188987194e-05,0.08504445500152297,0.019750621770682583,25,10,20
44,8335,0.9243719472676116,1.0433318552116941e-06,0.036490768611342546,0.03913624078919117,25,10,20
44,8336,0.8807295273072218,1.0683479322055514e-06,0.08013831048394113,0.03913109386090496,25,10,20
44,8337,0.8737707148819872,3.241464964164878e-05,0.09890089189065097,0.02729597857772031,25,10,20
44,8338,0.8716961766867043,1.1028554895312905e-06,0.10101732620231019,0.027285394255496566,25,10,20
44,8339,0.8471940575450049,2.5791611268494856e-06,0.11378643451941897,0.03901692877445007,25,10,20
44,8340,0.8169241439679866,8.40193677110273e-07,0.14405118798179403,0.03902382785654223,25,10,20
44,8341,0.802594977069503,3.3332808935908046e-06,0.1693417561306722,0.028059933518929735,25,10,20
44,8342,0.8241869569481106,2.2344711189777255e-06,0.14776838043098603,0.028042428149783954,25,10,20
44,8343,0.8313455848408974,0.00017265965709508356,0.12918401863353493,0.03929773686847208,25,10,20
44,8344,0.8173164794537319,0.00028250493685344074,0.14594381644758989,0.03645719916182473,25,10,20
44,8345,0.8777445215164812,0.00017609264566925654,0.08563826342683171,0.036441122411017414,25,10,20
44,8346,0.9244566593469372,1.7605992536469835e-06,0.07313524816107324,0.0024063318927356873,25,10,20
44,8347,0.9519529651383681,1.1296073833768049e-06,0.04803764957563431,8.25567861414674e-06,25,10,20
44,8348,0.9683367231035089,3.240088439670363e-06,0.03163591554244076,2.4121265610246344e-05,25,10,20
44,8349,0.93238258710694,4.298499311225384e-07,0.06761378930401181,3.193739117091925e-06,25,10,20
44,8350,0.9336234351440901,3.7286990815431486e-07,0.06630524599804978,7.094598795212588e-05,25,10,20
44,8351,0.9111655637208905,1.0119398044173308e-06,0.08868182150371437,0.0001516028355913441,25,10,20
44,8352,0.9631579297215727,2.4435573185695815e-06,0.03598661565491355,0.0008530110661952033,25,10,20
44,8353,0.9349470325716014,4.406416924520394e-05,0.06498623722737296,2.2666031780660714e-05,25,10,20
44,8354,0.8909511393765299,1.8221314568748426e-06,0.10902549649151856,2.1542000494724966e-05,25,10,20
44,8355,0.8817591759356677,4.791163867576084e-07,0.11823608802294419,4.2569250009390435e-06,25,10,20
44,8356,0.9149212240389164,2.2407861809865225e-07,0.0850731415100661,5.410372398817907e-06,25,10,20
44,8357,0.8989013027201215,5.826763034715507e-07,0.10108857577891613,9.538824658556044e-06,25,10,20
44,8358,0.8996753006114786,4.889416872530996e-07,0.1002957680599839,2.844238685035511e-05,25,10,20
44,8359,0.889501578101894,4.983136412387407e-07,0.1085276708926916,0.0019702526917725087,25,10,20
44,8360,0.8941312636574658,2.59597577628425e-07,0.10586482253498655,3.6542099696449183e-06,25,10,20
44,8361,0.9089217317409092,3.6734905338626817e-07,0.09107271729586412,5.183614173508551e-06,25,10,20
44,8362,0.9472677679866274,7.788566497931029e-07,0.05270611149746322,2.53416592597366e-05,25,10,20
44,8363,0.895235337631194,4.4458023070119794e-06,0.10419705175462321,0.0005631648118751948,25,10,20
44,8364,0.9721827060662909,5.896659818767921e-07,0.027808166051280652,8.538216446782623e-06,25,10,20
44,8365,0.9127611660660154,1.0384532782059861e-06,0.08716375216267125,7.404331803587922e-05,25,10,20
44,8366,0.858585776237398,8.757154302711593e-07,0.14134796364786653,6.538439930586696e-05,25,10,20
44,8367,0.8211963986263372,1.537840185778904e-05,0.1786967562241651,9.146674763985653e-05,25,10,20
44,8368,0.8353901684253193,1.0040468494353289e-05,0.1644164622670278,0.00018332883915864198,25,10,20
44,8369,0.9264471693938409,7.786537659374632e-07,0.073534922848263,1.7129104130452316e-05,25,10,20
44,8370,0.9817356604466005,7.836475353200397e-07,0.018262064677947387,1.4912279169700398e-06,25,10,20
44,8371,0.8926870997341213,5.385314169192641e-06,0.10730561645605191,1.8984956589384153e-06,25,10,20
44,8372,0.91733623787628,3.12577755677564e-06,0.08265068623307448,9.950113089146281e-06,25,10,20
44,8373,0.8909849812537803,2.9907902357774946e-06,0.10893189714076983,8.013081521300927e-05,25,10,20
44,8374,0.953875789262635,5.689878391800806e-06,0.04588911995995422,0.00022940089901828087,25,10,20
44,8375,0.957273847549174,6.593394175510048e-07,0.04231276092670943,0.00041273218469909827,25,10,20
44,8376,0.9559189841722739,3.424107125573997e-06,0.04407142823894586,6.1634816549181304e-06,25,10,20
44,8377,0.9316074987457088,1.3980859197006515e-06,0.06838190192272336,9.201245647826203e-06,25,10,20
44,8378,0.9408462959794224,1.3382812562814554e-06,0.05911756758923582,3.479815008503846e-05,25,10,20
44,8379,0.9087137907960576,3.5184812380033696e-07,0.09121557038705473,7.028696876409303e-05,25,10,20
44,8380,0.9472935128277347,2.133556351328543e-07,0.05243220796621178,0.0002740658504179726,25,10,20
44,8381,0.9616491630635798,8.790690332150147e-07,0.037944580659676944,0.0004053772077095947,25,10,20
44,8382,0.9220974054455077,4.276195318186273e-06,0.07281141690851162,0.0050869014506623005,25,10,20
44,8383,0.9884199570220518,1.9189327332897864e-07,0.011549527559810898,3.032352486396498e-05,25,10,20
44,8384,0.9454538386598014,4.944883163020476e-07,0.05451756950765476,2.8097344227777676e-05,25,10,20
44,8385,0.953863284208966,1.1559265997030018e-06,0.04608329511229209,5.2264752142274644e-05,25,10,20
44,8386,0.8945430108184333,3.877168447872846e-06,0.09602182629103366,0.009431285722086086,25,10,20
44,8387,0.8180108070399622,6.517960556102594e-06,0.17122647339499877,0.010756201604482,25,10,20
44,8388,0.8417024949397656,8.953305358960228e-06,0.1555564641763267,0.0027320875785481597,25,10,20
44,8389,0.8753498887182157,3.2464380067417997e-06,0.12199917055408475,0.0026476942896928152,25,10,20
44,8390,0.9165622896430575,4.0163832303183765e-06,0.0832253505438339,0.0002083434298786583,25,10,20
44,8391,0.8751625124319738,4.151424015740964e-05,0.12023794668313367,0.004558026644734887,25,10,20
44,8392,0.8280367765418604,4.48340256844705e-06,0.17173251448400123,0.00022622557156991866,25,10,20
44,8393,0.7657958136136971,0.00018949526379051818,0.23380607362028843,0.00020861750222271082,25,10,20
44,8394,0.8263902679799798,5.334252493931069e-06,0.17341632019870734,0.00018807756881808168,25,10,20
44,8395,0.8742304644142722,3.274946837549091e-06,0.12507012675253834,0.0006961338863514812,25,10,20
44,8396,0.9289003289673089,1.65380458958471e-06,0.06801837202505832,0.0030796452030431303,25,10,20
44,8397,0.9416759763744211,0.00010954762137653582,0.055139384814959086,0.0030750911892432585,25,10,20
44,8398,0.8764023056741919,0.00010963280036375904,0.08426141603741531,0.03922664548802973,25,10,20
44,8399,0.7997810205784802,0.00020115453922564706,0.1608065687292263,0.039211256153069,25,10,20
44,8400,0.8819197572093279,2.707846386424638e-05,0.10610528010089026,0.011947884225918344,25,10,20
44,8401,0.8791362306933789,2.822418864286631e-05,0.10894498149083183,0.011890563627146822,25,10,20
44,8402,0.8752475260062583,7.575504779392521e-06,0.11289071173960379,0.011854186749358613,25,10,20
44,8403,0.96910715935852,4.1687762103229666e-06,0.03084357725876114,4.509460650821559e-05,25,10,20
44,8404,0.9510100133944508,3.040221922327587e-07,0.048967218851082704,2.246373227466893e-05,25,10,20
44,8405,0.9097991164953908,5.558962604541334e-07,0.09019474796583696,5.5796425123075636e-06,25,10,20
44,8406,0.9377255106083748,2.5576796505116073e-07,0.06216830842374816,0.00010592519991226105,25,10,20
44,8407,0.921111702020927,0.00042873705437656743,0.07834818839107333,0.00011137253362386674,25,10,20
44,8408,0.8831852106076884,7.152588922955315e-06,0.11666366935812472,0.00014396744526388346,25,10,20
44,8409,0.9359531992043592,3.6450281169670712e-06,0.06401508261965923,2.807314786514486e-05,25,10,20
44,8410,0.9514339820537135,3.442563809013404e-06,0.047412601473344536,0.0011499739091336248,25,10,20
44,8411,0.9408838272149995,1.9886611407058e-05,0.05785393217975256,0.0012423539938404308,25,10,20
44,8412,0.882985437140167,1.8747474294409853e-06,0.11689111285941418,0.00012157525298940502,25,10,20
44,8413,0.9146440193281371,2.218125931007325e-05,0.08522660722731504,0.00010719218523784724,25,10,20
44,8414,0.8967377527712652,1.4740637494784862e-05,0.10323488244899011,1.2624142249549116e-05,25,10,20
44,8415,0.8759264608101087,1.4654395865717931e-05,0.11796312001602942,0.006095764777996607,25,10,20
44,8416,0.9544784166989363,2.470349914612809e-07,0.04529989126499332,0.00022144500107894376,25,10,20
44,8417,0.935843511547383,1.5360971161213516e-05,0.06408036721361955,6.0760267836536405e-05,25,10,20
44,8418,0.9922368624335934,1.4941809687695417e-05,0.007680242352625868,6.795340409320793e-05,25,10,20
44,8419,0.9564931593825559,2.0802717474651675e-06,0.041863100987963565,0.001641659357733219,25,10,20
44,8420,0.9852860340584172,2.6660966095385054e-07,0.014708931322085133,4.768009837031235e-06,25,10,20
44,8421,0.908828380030343,5.276550894292507e-06,0.09114579605227008,2.0547366493365934e-05,25,10,20
44,8422,0.9529611972638725,7.917313186771583e-06,0.04701651630990741,1.4369113033252055e-05,25,10,20
44,8423,0.9024084663145423,1.2660121912670599e-06,0.09732956044779696,0.0002607072254700513,25,10,20
44,8424,0.9003610552516524,1.8780974610630612e-06,0.09842887474206413,0.0012081919088220761,25,10,20
44,8425,0.9387230002013497,1.2676011904874668e-06,0.06016239829961845,0.0011133338978416248,25,10,20
44,8426,0.8581665531267688,4.392503347465896e-07,0.1325739161587467,0.00925909146414944,25,10,20
44,8427,0.8306776967874562,1.0781609761540436e-05,0.1604376751502616,0.008873846452519547,25,10,20
44,8428,0.8928802521311485,1.5622616806655978e-06,0.09825506476836901,0.008863120838800826,25,10,20
44,8429,0.838538917858325,1.010726215502209e-06,0.15254230546286904,0.008917765952591033,25,10,20
44,8430,0.862202493515285,5.817576623153319e-07,0.13778769171420482,9.233012847674574e-06,25,10,20
44,8431,0.9176384067253559,1.4936508199215976e-05,0.08233952990795573,7.126858490006791e-06,25,10,20
44,8432,0.9099503002197548,6.495122081735107e-07,0.09004368751158974,5.362756446898161e-06,25,10,20
44,8433,0.9625411587773322,1.0189510523710758e-06,0.037456749451849666,1.0728197660883907e-06,25,10,20
44,8434,0.9252968449941723,2.191910633261585e-06,0.07466881531573236,3.214777946180395e-05,25,10,20
44,8435,0.8616812922888053,1.734912382332394e-06,0.13814696938561316,0.00017000341319806114,25,10,20
44,8436,0.8648562034216922,1.4449312484027085e-06,0.13497851859615495,0.0001638330509038444,25,10,20
44,8437,0.9254653069056019,1.0827771817390593e-06,0.06396593115937362,0.01056767915784373,25,10,20
44,8438,0.9191890416812707,5.227515185290154e-07,0.07026156678274313,0.010548868784467702,25,10,20
44,8439,0.9594009554044607,0.0002829465389815792,0.040311453826303724,4.644230253496762e-06,25,10,20
44,8440,0.963376787150978,1.490358195025234e-07,0.03660645064416106,1.6613169041916226e-05,25,10,20
44,8441,0.9560586274884052,8.412241948562004e-06,0.04391426925794621,1.8691011699490942e-05,25,10,20
44,8442,0.9074517165172047,8.111580004957371e-07,0.09246010003395976,8.737229083530272e-05,25,10,20
44,8443,0.9505467759897632,1.5123582547901406e-07,0.049354145432150984,9.892734226045968e-05,25,10,20
44,8444,0.9027150234414835,4.1268969173334e-07,0.09716912851817426,0.00011543535064979172,25,10,20
44,8445,0.9003503115228899,0.0011215877837765114,0.09850344912400891,2.46515693246529e-05,25,10,20
44,8446,0.9312441023233926,4.938677434044903e-08,0.06845858714299165,0.0002972611468414125,25,10,20
44,8447,0.9454474245973573,2.7413235445798403e-05,0.05450842342094002,1.673874625753602e-05,25,10,20
44,8448,0.9295289318322046,2.789526809768716e-05,0.07041586007034005,2.7312829357430485e-05,25,10,20
44,8449,0.9568835228786725,1.8714747699204166e-06,0.04305482715462686,5.97784919308575e-05,25,10,20
44,8450,0.9454233709974815,5.164051587945191e-07,0.0544674377350991,0.00010867486226100547,25,10,20
44,8451,0.941960367303408,6.22595681301716e-07,0.056362446526679995,0.0016765635742306867,25,10,20
44,8452,0.9085308922555063,4.720695133953389e-07,0.0914643905487652,4.245126215127221e-06,25,10,20
44,8453,0.8984980627331851,8.695864571501108e-07,0.1014956220346116,5.445645746898382e-06,25,10,20
44,8454,0.870409357485366,1.487240795941221e-06,0.12955146558486563,3.768968897266364e-05,25,10,20
44,8455,0.8970467678964583,1.7904135706285649e-06,0.10271417986021972,0.00023726182975117833,25,10,20
44,8456,0.9015275171047389,1.357223364374569e-06,0.09823561391252986,0.0002355117593658817,25,10,20
44,8457,0.9006336811199515,2.5092117584527547e-05,0.09931510345311004,2.612330935374232e-05,25,10,20
44,8458,0.88088066915678,2.5789975126137646e-05,0.11904594624836774,4.759461972701005e-05,25,10,20
44,8459,0.9054584002019803,0.00013152399538486932,0.09439421654996577,1.5859252668638404e-05,25,10,20
44,8460,0.8876127282540596,0.00013323804699135825,0.11223678545634305,1.7248242605813793e-05,25,10,20
44,8461,0.9288897496394506,1.189002360702383e-06,0.07103352456572877,7.553679245969559e-05,25,10,20
44,8462,0.8701719300583654,1.7646119513479263e-06,0.12973837389360124,8.793143608153088e-05,25,10,20
44,8463,0.7536230905685823,3.4480557905594426e-05,0.24387625438266589,0.002466174490844839,25,10,20
44,8464,0.8594480061373936,4.2084264183946243e-07,0.13490297350367572,0.005648599516287922,25,10,20
44,8465,0.8358989454549459,1.0734676428574384e-06,0.15577297668077228,0.00832700439663781,25,10,20
44,8466,0.8820967608231157,0.018507981353940686,0.09766900352312854,0.0017262542998151035,25,10,20
44,8467,0.9012628604579702,0.013726259630219199,0.084988649589874,2.2230321936090215e-05,25,10,20
44,8468,0.8974646273236256,1.9325148600126587e-05,0.10243849956694914,7.754796082532494e-05,25,10,20
44,8469,0.941963664241788,7.924175424606005e-08,0.058030595253191534,5.661263266776692e-06,25,10,20
44,8470,0.9407507960701978,1.3548735518279777e-06,0.05921708929812683,3.075975812350544e-05,25,10,20
44,8471,0.9446618872967422,5.3090766742233385e-06,0.055256612817788146,7.619080879592559e-05,25,10,20
44,8472,0.9358340616067775,1.6659176099442264e-06,0.06415900927577411,5.263199838174664e-06,25,10,20
44,8473,0.9652627697543827,4.6388245920715665e-07,0.03448069552874597,0.0002560708344118364,25,10,20
44,8474,0.9602959218917522,3.1285457030263233e-07,0.03969802691939255,5.738334284868432e-06,25,10,20
44,8475,0.9439195494498304,3.0961234667111224e-06,0.05077472680745118,0.0053026276192514755,25,10,20
44,8476,0.9235040394551747,1.674605799926038e-06,0.07620025027947024,0.0002940356595549988,25,10,20
44,8477,0.9665010532510303,5.843999144693613e-06,0.03320567693658968,0.0002874258132354247,25,10,20
44,8478,0.9597366230124155,7.916346983802573e-06,0.039967554180665624,0.0002879064599351649,25,10,20
44,8479,0.9591650005529678,2.7377546673512182e-06,0.040495172565216286,0.0003370891271483935,25,10,20
44,8480,0.8924443900214212,2.426831394208038e-06,0.10718734405517157,0.0003658390920129281,25,10,20
44,8481,0.9172248629089549,3.8500212636123186e-06,0.08224225326994514,0.0005290337998361509,25,10,20
44,8482,0.8806665674108798,4.287729207514351e-06,0.11898832590727645,0.00034081895263637853,25,10,20
44,8483,0.8401744988843448,3.407757481694614e-06,0.14977434868214157,0.010047744676031619,25,10,20
44,8484,0.9304681978811219,3.1256728602157162e-06,0.06952457285001486,4.103596002243441e-06,25,10,20
44,8485,0.9379296593766717,1.1864231948670915e-05,0.06201623509997927,4.224129140024482e-05,25,10,20
44,8486,0.9145585333938487,3.1196270625268302e-06,0.08543016189809217,8.185080997016882e-06,25,10,20
44,8487,0.9647751077678705,3.061983629313577e-06,0.035214660226520096,7.1700219801775174e-06,25,10,20
44,8488,0.9292490982020177,3.113565579267028e-06,0.07073310416449544,1.4684067907336088e-05,25,10,20
44,8489,0.9428845458375207,2.500119175192658e-07,0.05706594444290529,4.925970765608703e-05,25,10,20
44,8490,0.9249976627094689,4.7121099785627695e-07,0.07499300710772545,8.858971807959895e-06,25,10,20
44,8491,0.8952948037585371,4.872767650315914e-07,0.10460963009954741,9.507886515106189e-05,25,10,20
44,8492,0.841932323356791,9.003154212234385e-07,0.1579620673196346,0.00010470900815323157,25,10,20
44,8493,0.9020256935169998,0.00011236384926393084,0.09777425691162335,8.7685722112932e-05,25,10,20
44,8494,0.9564400580852152,2.649668566933499e-05,0.04352307699243324,1.0368236682299129e-05,25,10,20
44,8495,0.9284515689322268,3.5162985151418626e-05,0.07146236078122531,5.0907301396176956e-05,25,10,20
44,8496,0.9770002281667926,1.171550357666485e-05,0.022985239788718043,2.816540912585514e-06,25,10,20
44,8497,0.9808305998771434,1.1395868151065135e-06,0.019078359226007608,8.99013100338639e-05,25,10,20
44,8498,0.9666228893245955,2.3491605163953633e-07,0.03336414413882162,1.2731620531036632e-05,25,10,20
44,8499,0.9826254975062628,7.864414878067251e-07,0.017362642086944196,1.1073965305173318e-05,25,10,20
44,8500,0.9038688013580938,0.0006528468978911946,0.09546999796925801,8.353774756982857e-06,25,10,20
44,8501,0.9521312616911365,1.6236691934260762e-06,0.047865487618207025,1.6270214632423252e-06,25,10,20
44,8502,0.9210492091787055,1.1639556417501692e-05,0.07889454634608162,4.4604918795390615e-05,25,10,20
44,8503,0.9247999816070869,1.0595171612970712e-05,0.07465025820152804,0.0005391650197728616,25,10,20
44,8504,0.9436407863805352,2.141869083823087e-06,0.05582578777761328,0.0005312839727685577,25,10,20
44,8505,0.8929461827518398,3.681382505435206e-06,0.10664669490340044,0.00040344096225514,25,10,20
44,8506,0.8369375582518214,1.0688586420231508e-05,0.16258572266777718,0.000466030493981965,25,10,20
44,8507,0.9069540905449907,1.1490944955587984e-05,0.09273011653825282,0.0003043019718006293,25,10,20
44,8508,0.9137666774597283,1.4176975274600166e-06,0.08592608064564108,0.0003058241971026821,25,10,20
44,8509,0.9573206303018984,1.0661224332780859e-05,0.04236473838189978,0.0003039700918688772,25,10,20
44,8510,0.9624306864842116,1.1327697112752248e-06,0.037460069341298176,0.00010811140477949076,25,10,20
44,8511,0.919243916857279,6.672084976857257e-06,0.08052998777634172,0.00021942328140230557,25,10,20
44,8512,0.9647065356017437,1.3236628474808728e-06,0.03522197003800024,7.017069740893994e-05,25,10,20
44,8513,0.8429515165228268,3.0250189227665386e-06,0.1444938004405473,0.012551658017702732,25,10,20
44,8514,0.9160978462086519,1.2673033508954161e-06,0.0837853517044918,0.000115534783505347,25,10,20
44,8515,0.9075326331795764,1.1106483514474828e-06,0.09246140916282622,4.847009245978247e-06,25,10,20
44,8516,0.8804698179672437,2.2052981929175023e-05,0.11931464817030539,0.00019348088052211672,25,10,20
44,8517,0.8629037794265316,0.0009307946662092534,0.13595779908302486,0.00020762682423514916,25,10,20
44,8518,0.8796112031653966,2.301285036131011e-05,0.12028486266382755,8.092132041506157e-05,25,10,20
44,8519,0.821934953027965,5.931774474608337e-05,0.17792865686674544,7.707236054500113e-05,25,10,20
44,8520,0.9061399019126077,4.878583214883604e-05,0.093796986754657,1.432550058723172e-05,25,10,20
44,8521,0.9429560625818609,7.244208981860906e-07,0.05668914052014811,0.00035407247709243634,25,10,20
44,8522,0.965809136523753,4.638138990101003e-07,0.03415019095000066,4.020871234745515e-05,25,10,20
44,8523,0.9627180637321289,6.950626656947142e-07,0.03724021115099315,4.103005421275835e-05,25,10,20
44,8524,0.9704021310386374,3.6457891688319663e-07,0.02956177932215426,3.572506029200242e-05,25,10,20
44,8525,0.9199248789019744,5.510668604345579e-06,0.08002868479808244,4.0925631338737886e-05,25,10,20
44,8526,0.8958074205010105,1.0179378718466716e-05,0.1036425506561578,0.0005398494641126235,25,10,20
44,8527,0.8909381271674749,1.8768410549869143e-07,0.10185003871900421,0.007211646429414611,25,10,20
44,8528,0.9451901387998365,1.8894281060650902e-07,0.047494718623877434,0.007314953633474956,25,10,20
44,8529,0.9250077328459463,5.38629977116239e-07,0.06754373430912432,0.007447994214952265,25,10,20
44,8530,0.8652611134531435,3.799149073829641e-06,0.13451906904436106,0.00021601835342198824,25,10,20
44,8531,0.8840174340534793,1.9370168251610203e-06,0.11592651759878354,5.411133091209521e-05,25,10,20
44,8532,0.8730097715394278,5.675768116980712e-07,0.12693316330446444,5.649757929607516e-05,25,10,20
44,8533,0.8650046292940472,1.301583129189148e-07,0.13497565240165643,1.958814598334705e-05,25,10,20
44,8534,0.8894723574307986,2.0814707199160097e-07,0.11041282904228154,0.00011460537984843464,25,10,20
44,8535,0.9117393068091397,1.478646887285115e-06,0.08820131167889125,5.790286508210491e-05,25,10,20
44,8536,0.8985701644337236,4.1652797562589784e-05,0.10133435229884624,5.3830469866994235e-05,25,10,20
44,8537,0.8862619157452163,3.6721910621485616e-05,0.11369089228810159,1.0470056060464315e-05,25,10,20
44,8538,0.9067540063745451,5.3984450514624714e-05,0.0931709176791689,2.109149577150575e-05,25,10,20
44,8539,0.9551109476221888,3.640021572021473e-05,0.044847685168749055,4.9669933422776056e-06,25,10,20
44,8540,0.9570397293054949,2.2106341765166307e-06,0.0429546785264914,3.3815338376755397e-06,25,10,20
44,8541,0.9393482485043121,5.992396226161879e-05,0.0605688012089755,2.3026324450916064e-05,25,10,20
44,8542,0.9151547630306258,9.190389722466178e-07,0.08482230131322831,2.201661717346578e-05,25,10,20
44,8543,0.9101057946510491,1.4167402566720227e-05,0.08981210293548969,6.793501089423416e-05,25,10,20
44,8544,0.9250858703904903,1.4309398184024862e-05,0.07481941962614269,8.040058518266505e-05,25,10,20
44,8545,0.8952413245503292,6.281685057168277e-06,0.10467667958709505,7.571417751784386e-05,25,10,20
44,8546,0.9585549032207494,6.824846123921669e-05,0.041350095079201565,2.67532388097903e-05,25,10,20
44,8547,0.947825355440563,7.23231862071659e-05,0.052101075333372764,1.2460398570024023e-06,25,10,20
44,8548,0.9100986149880557,0.00021299953159313538,0.08966370423644764,2.4681243904181638e-05,25,10,20
44,8549,0.9175055906628303,4.652362743774621e-06,0.08246321971139066,2.6537263035379478e-05,25,10,20
44,8550,0.9621636183741454,1.8682160529891163e-06,0.03782169848056467,1.2814929236786391e-05,25,10,20
44,8551,0.940465174959987,4.96784032052153e-07,0.05951829037543391,1.6037880547269915e-05,25,10,20
44,8552,0.8975899072246197,6.052899435581957e-06,0.1022883659832965,0.00011567389264816928,25,10,20
44,8553,0.9009582135639626,2.317352935323672e-06,0.09901062678261305,2.884230048896819e-05,25,10,20
44,8554,0.9765853861633128,1.2459172464692492e-06,0.023406526553527724,6.841365913224577e-06,25,10,20
44,8555,0.9542484542863103,1.1776780621682665e-06,0.045746479493875614,3.888541751742754e-06,25,10,20
44,8556,0.9488471921779439,1.7726972149621043e-06,0.051142226844797196,8.808280044094996e-06,25,10,20
44,8557,0.9573700876446293,8.399334372044368e-06,0.04254683614414247,7.467687685620094e-05,25,10,20
44,8558,0.9030882724831137,6.254531047353272e-06,0.09679094586349553,0.00011452712234327621,25,10,20
44,8559,0.9488433262486137,3.753889313561933e-06,0.05111509970684546,3.78201552266466e-05,25,10,20
44,8560,0.9770002567812399,2.682596435646877e-06,0.02294532088956007,5.1739732763928725e-05,25,10,20
44,8561,0.9198528973705933,1.0469440091597485e-05,0.08005173646272132,8.489672659370828e-05,25,10,20
44,8562,0.9280483177562967,5.47496214756023e-05,0.0718889951068946,7.937515333120337e-06,25,10,20
44,8563,0.8735896302128968,5.341578590778631e-05,0.12635487109948135,2.082901713419411e-06,25,10,20
44,8564,0.8855205605879799,1.2478111576151408e-06,0.1118746701208442,0.0026035214800181673,25,10,20
44,8565,0.8723506759008441,0.006734532689646756,0.12085315787810513,6.163353140371888e-05,25,10,20
44,8566,0.8916115052344762,5.873924452292213e-06,0.1083728889207267,9.731920344476775e-06,25,10,20
44,8567,0.8853502689674864,1.805202751948562e-06,0.1139721205166351,0.0006758053131267266,25,10,20
44,8568,0.9000435648812684,4.226970696945028e-06,0.09892290426780827,0.0010293038802267924,25,10,20
44,8569,0.9169074351791366,1.2525989482907137e-05,0.08259337057301742,0.00048666825836308716,25,10,20
44,8570,0.9009014707010732,8.830627895834624e-06,0.09908810317283048,1.5954982010119086e-06,25,10,20
44,8571,0.8534042788774712,6.229206258665789e-06,0.13411431347020253,0.0124751784460681,25,10,20
44,8572,0.9432829870647685,3.7523605629213005e-06,0.05666274065687421,5.0519917794766234e-05,25,10,20
44,8573,0.9022489991659399,1.20694712247797e-05,0.09763546922131348,0.00010346214152222203,25,10,20
44,8574,0.9417111827101816,2.970638036703566e-06,0.05813282401486383,0.00015302263691771694,25,10,20
44,8575,0.9441436776046327,1.4313560570225255e-05,0.05583823156534039,3.7772694564083122e-06,25,10,20
44,8576,0.8963884120926646,1.3020042454903508e-06,0.10359023216393076,2.005373915896764e-05,25,10,20
44,8577,0.9549990056291715,1.2261979205115375e-06,0.04499228114616823,7.487026739562129e-06,25,10,20
44,8578,0.9348322782656382,6.583200343884975e-07,0.06499461375769214,0.00017244965663521373,25,10,20
44,8579,0.939704746820982,9.727634744030861e-07,0.060287748256420484,6.532159122681339e-06,25,10,20
44,8580,0.9355788239004096,0.0002585404067506941,0.06413231299216322,3.032270067617537e-05,25,10,20
44,8581,0.958222423959954,5.235185369691657e-07,0.041616767567130904,0.0001602849543779945,25,10,20
44,8582,0.9661337216159869,4.517111140982185e-07,0.033684532292765246,0.00018129438013440513,25,10,20
44,8583,0.9289764456897571,2.972961121453791e-07,0.07004136194250683,0.0009818950716235803,25,10,20
44,8584,0.9081166791069686,1.709335754671542e-06,0.09187134598084645,1.0265576430119937e-05,25,10,20
44,8585,0.885733868241887,0.00010526698710630536,0.11411334349220016,4.752127880607266e-05,25,10,20
44,8586,0.8880961073961819,0.00010122652610343607,0.11175429027701245,4.837580070247245e-05,25,10,20
44,8587,0.9546738808427336,1.7067093013936192e-06,0.04437779344696076,0.0009466190010044468,25,10,20
44,8588,0.9238372997528371,8.750781477663592e-06,0.07521007983421724,0.0009438696314684186,25,10,20
44,8589,0.960623817400824,8.287898328634632e-06,0.039359164099618274,8.730601229320591e-06,25,10,20
44,8590,0.9058213691876371,2.2716502434400885e-06,0.09417395332090994,2.405841210011554e-06,25,10,20
44,8591,0.9197933243404124,2.8560420369786216e-05,0.0801272098882879,5.0905350929523736e-05,25,10,20
44,8592,0.9427412476257367,6.532062363433683e-06,0.05576441363691804,0.0014878066749812913,25,10,20
44,8593,0.9085440901722913,0.00027358708135659214,0.09117035953517907,1.196321117237751e-05,25,10,20
44,8594,0.8970606739066944,0.00027387764705135624,0.10265170883405697,1.3739612197686293e-05,25,10,20
44,8595,0.9510208171097895,3.235230155289433e-06,0.0489621882725611,1.3759387493739556e-05,25,10,20
44,8596,0.9393752591572222,6.014605222101071e-05,0.0605327452705152,3.1849520041226336e-05,25,10,20
44,8597,0.8812081968520519,1.0676594250986783e-06,0.11873420262669106,5.653286183137875e-05,25,10,20
44,8598,0.9351293038765857,3.512370207097465e-06,0.06485256687843552,1.4616874771586047e-05,25,10,20
44,8599,0.9079089684414761,5.031676028748649e-07,0.08484884904129142,0.007241679349630394,25,10,20
44,8600,0.9043650456641332,6.475706031015384e-07,0.09064616702955394,0.004988139735708793,25,10,20
44,8601,0.8792250199983843,3.768957519900559e-05,0.11579074741389349,0.0049465430125237774,25,10,20
44,8602,0.867622402687095,4.432155773973504e-05,0.13232695900329527,6.316751869107035e-06,25,10,20
44,8603,0.8828701013673808,3.84681773641861e-06,0.11703736676541666,8.86850494657156e-05,25,10,20
44,8604,0.8859227704803503,2.9601276528407007e-06,0.1138269607341776,0.00024730865781979946,25,10,20
44,8605,0.8625393053923501,3.5063880448956965e-06,0.13692793272043755,0.0005292554991677824,25,10,20
44,8606,0.9306045338270299,2.3313467668358043e-06,0.06909486815035318,0.00029826667585064145,25,10,20
44,8607,0.9269301616624549,1.808303506094308e-06,0.0730650209148885,3.0091191510179565e-06,25,10,20
44,8608,0.969096094544859,1.3613093580144305e-06,0.03089559997992681,6.944165855963293e-06,25,10,20
44,8609,0.9382929307276525,2.016841820508168e-06,0.058804537154568785,0.0029005152759585496,25,10,20
44,8610,0.9548680142971335,3.1595597604347514e-06,0.0450920052124985,3.6820930607862556e-05,25,10,20
44,8611,0.9061270618510487,3.9840637818240135e-06,0.09380231184674528,6.664223842518047e-05,25,10,20
44,8612,0.9491866984973459,4.4581969485931244e-07,0.050628721466502234,0.00018413421645692557,25,10,20
44,8613,0.9620603742602958,2.023599511061533e-08,0.03778386877944123,0.00015573672426821966,25,10,20
44,8614,0.9781345099947244,9.808989144281274e-07,0.02186213477024641,2.374336115053192e-06,25,10,20
44,8615,0.9721994054445653,2.9357024543856003e-07,0.0277955009936243,4.799991565442584e-06,25,10,20
44,8616,0.9717615986582823,2.993938107651439e-07,0.028232963127908392,5.138819999100532e-06,25,10,20
44,8617,0.9561053108778647,6.701736689126101e-06,0.043873181562203406,1.4805823242543623e-05,25,10,20
44,8618,0.9296492670135873,5.950148496979971e-07,0.07032923021819901,2.0907753364012305e-05,25,10,20
44,8619,0.9395946041734762,2.7134639726681354e-07,0.06004643699751479,0.0003586874826117364,25,10,20
44,8620,0.9286061978118063,1.386629125353436e-06,0.0710045904144011,0.00038782514466736734,25,10,20
44,8621,0.9258598482985576,6.855900743373214e-07,0.07413508478631989,4.381325048325138e-06,25,10,20
44,8622,0.8987725731721622,1.0866558542921798e-06,0.10118241863120461,4.3921540779131024e-05,25,10,20
44,8623,0.9083347190537241,4.61722076175029e-07,0.09162718744396821,3.7631780231509005e-05,25,10,20
44,8624,0.9636447743034278,6.877721042189947e-07,0.036322982036946075,3.1555887521686994e-05,25,10,20
44,8625,0.9773403104708701,0.00020943195781356928,0.02220815552829358,0.00024210204302264798,25,10,20
44,8626,0.8937618394681621,0.006451584191997016,0.09956089749923104,0.00022567884060922125,25,10,20
44,8627,0.8973246613608241,1.4016367957954489e-06,0.1024479478044357,0.0002259891979439324,25,10,20
44,8628,0.906401324910716,1.5944372978974871e-06,0.09357301137365058,2.4069278334689585e-05,25,10,20
44,8629,0.902451407700627,4.350974770714924e-07,0.09754512237034164,3.03483155414794e-06,25,10,20
44,8630,0.9309690138521272,5.48065747461517e-05,0.0689555831240193,2.0596449107484218e-05,25,10,20
44,8631,0.8937413161905713,5.4610375489887156e-05,0.10619457257925355,9.500854684831232e-06,25,10,20
44,8632,0.9333850936771096,5.4626669689163e-05,0.06649711666677068,6.316298643054993e-05,25,10,20
44,8633,0.9048662164085328,5.965334752871838e-07,0.09510426320201465,2.8923855977492047e-05,25,10,20
44,8634,0.9207960785960162,3.7987964857573985e-05,0.07907825545108302,8.767798804339585e-05,25,10,20
44,8635,0.8833261922718476,6.700786697565485e-05,0.11649121593098163,0.0001155839301961749,25,10,20
44,8636,0.8526320270210381,6.765559927452778e-06,0.14734999496918438,1.1212449851000702e-05,25,10,20
44,8637,0.873133175442987,2.8482106499354315e-06,0.12684807341991028,1.5902926453598318e-05,25,10,20
44,8638,0.896350062134953,1.1918888609769599e-05,0.10362743007114847,1.0588905288992227e-05,25,10,20
44,8639,0.8788970499339941,3.042058764846836e-06,0.12109588272958133,4.025277660556474e-06,25,10,20
44,8640,0.9316478955351738,7.531271343795788e-07,0.06834855800203991,2.793335652165728e-06,25,10,20
44,8641,0.9098907524230533,1.1071668162949274e-06,0.09010300122023784,5.139189891943711e-06,25,10,20
44,8642,0.9122543159797061,4.875612346836779e-06,0.08761707136891865,0.0001237370390281958,25,10,20
44,8643,0.9531041427052804,1.5575673766839634e-06,0.046533643133032675,0.0003606565943098775,25,10,20
44,8644,0.9751279177811866,7.374710153875397e-07,0.02450944345296859,0.0003619012948293468,25,10,20
44,8645,0.9171841172141376,8.347314434988033e-07,0.06967871185520509,0.013136336199213403,25,10,20
44,8646,0.893849391957249,5.879572964879345e-07,0.09294182330368829,0.01320819678176599,25,10,20
44,8647,0.9107967578589306,2.9599130880261546e-07,0.08896515347989235,0.00023779266986870002,25,10,20
44,8648,0.9520224425014926,7.008043391700029e-08,0.04795676638195223,2.0721036121412248e-05,25,10,20
44,8649,0.9398602420193068,3.3455674479397614e-06,0.060134694060905144,1.718352340536624e-06,25,10,20
44,8650,0.9460753663841424,1.3588582832667852e-07,0.05392224125105404,2.256478975360801e-06,25,10,20
44,8651,0.8454685959345811,6.549970591146144e-06,0.153272612535476,0.0012522415593521875,25,10,20
44,8652,0.8981428275886629,1.2088979984758541e-06,0.09896501216883592,0.0028909513445028482,25,10,20
44,8653,0.8679385034313127,1.0599541737103626e-06,0.12908642188096722,0.0029740147335468935,25,10,20
44,8654,0.858538324114897,1.7635652445065547e-05,0.1411609822923673,0.0002830579402923755,25,10,20
44,8655,0.9125063207680735,1.7830285735722023e-05,0.0873854930114171,9.035593477416726e-05,25,10,20
44,8656,0.9248281591165288,2.3812996350588058e-05,0.07502561340864972,0.00012241447847063366,25,10,20
44,8657,0.8895670736117536,0.00034847674294068956,0.11004002619206588,4.4423453239635735e-05,25,10,20
44,8658,0.9000902270819477,8.874751250080014e-06,0.0998206210201018,8.02771467011778e-05,25,10,20
44,8659,0.9184768274590072,2.609741089665542e-06,0.08015995682346942,0.0013606059764343964,25,10,20
44,8660,0.9447524878811491,7.265960924294886e-07,0.05501297882187986,0.0002338067008782261,25,10,20
44,8661,0.9232332818042295,5.289930049386764e-06,0.07647225546732485,0.0002891727983962028,25,10,20
44,8662,0.943127884427861,1.62946403339648e-06,0.05658275315928907,0.00028773294881611255,25,10,20
44,8663,0.9249540171554407,5.456389573465816e-06,0.0747182396149636,0.00032228684002200874,25,10,20
44,8664,0.9168423520298462,8.365809469933466e-06,0.08300162878282977,0.00014765337785302402,25,10,20
44,8665,0.9384766500714555,8.606425135723907e-06,0.06135332158339058,0.0001614219200180919,25,10,20
44,8666,0.949119766928081,9.366394904147559e-07,0.05087440089832251,4.895534105589789e-06,25,10,20
44,8667,0.898820417714386,1.4133693075691417e-05,0.10114478102321516,2.0667569322877227e-05,25,10,20
44,8668,0.9080057854998062,9.152117275652632e-07,0.09188464056786343,0.00010865872060229714,25,10,20
44,8669,0.9414735809220847,8.425342935445274e-07,0.05848412580823907,4.14507353824473e-05,25,10,20
44,8670,0.9373466368622403,1.654670299640066e-05,0.06263327578675654,3.5406480071136475e-06,25,10,20
44,8671,0.9095405845638698,1.625559917031557e-06,0.09035879864159348,9.899123461955744e-05,25,10,20
44,8672,0.9144980322867342,1.3348587660824149e-06,0.08528582432317627,0.00021480853132374873,25,10,20
44,8673,0.8838227034147385,1.978487853794542e-06,0.11418982590460917,0.00198549219279774,25,10,20
44,8674,0.8763850996271364,2.5037751881104758e-05,0.12352895700051462,6.090562046717345e-05,25,10,20
44,8675,0.8773796930637233,1.883338790664098e-06,0.1225991744393236,1.9249158162158366e-05,25,10,20
44,8676,0.9486789019301705,1.187628787917163e-06,0.05118854667245094,0.00013136376859148005,25,10,20
44,8677,0.9433125618495909,1.0052489478936109e-05,0.056544745606602,0.00013264005432853695,25,10,20
44,8678,0.92534781229409,2.3134988607086007e-06,0.07453272629182167,0.00011714791522726542,25,10,20
44,8679,0.9326772773743767,1.0762000086021947e-06,0.0670921344808359,0.0002295119447784551,25,10,20
44,8680,0.9178741812643666,1.305061700412106e-06,0.08188894259410093,0.00023557107983212763,25,10,20
44,8681,0.9142014125569642,1.9595674444471105e-06,0.08563629588938665,0.00016033198620437513,25,10,20
44,8682,0.946828371350345,4.633008618571815e-07,0.05311617518800665,5.499016078674033e-05,25,10,20
44,8683,0.9410268348524066,1.2366196266718713e-05,0.05893055036494519,3.024858638156971e-05,25,10,20
44,8684,0.939255564310501,4.3329225972867024e-05,0.060681485410371196,1.9621053155499487e-05,25,10,20
44,8685,0.8968809393476139,3.158049779348969e-05,0.10308143550914824,6.044645444515087e-06,25,10,20
44,8686,0.9046629118805471,3.2765994694291313e-07,0.09530879932635827,2.7961133147430644e-05,25,10,20
44,8687,0.9174588210162482,1.0920432724835503e-06,0.08253193540919607,8.151531283204227e-06,25,10,20
44,8688,0.9222908924889477,2.137149976384628e-06,0.07768559187194735,2.1378489128724815e-05,25,10,20
44,8689,0.9082366537988916,3.118901259385378e-06,0.09174919643395402,1.1030865895011696e-05,25,10,20
44,8690,0.8860650683371192,2.5288840354748932e-05,0.11383593173079404,7.371109173274476e-05,25,10,20
44,8691,0.950175510665591,6.658538384912558e-07,0.04981717032230962,6.653158260782655e-06,25,10,20
44,8692,0.9691522695624206,6.917288277690756e-07,0.030809202201838498,3.7836506913386736e-05,25,10,20
44,8693,0.9275057619437868,2.762538752596531e-06,0.07243295853347836,5.8516983982625726e-05,25,10,20
44,8694,0.941233753236327,4.157338812596275e-05,0.058347847017899614,0.0003768263576469969,25,10,20
44,8695,0.9621509287026855,2.3887168082010204e-07,0.03742972957796356,0.0004191028476699233,25,10,20
44,8696,0.9197151154031249,8.170865216084572e-06,0.08023732937876142,3.938435289748796e-05,25,10,20
44,8697,0.9004500854366881,1.5105883828932818e-06,0.09952967629277422,1.8727682155697125e-05,25,10,20
44,8698,0.8691161389838851,1.3419734834152197e-06,0.13086862890318302,1.3890139449150284e-05,25,10,20
44,8699,0.9448661112472954,3.44798144982272e-07,0.05505487730981997,7.86666447400454e-05,25,10,20
44,8700,0.908873482586587,5.921641288448678e-06,0.09102416889626733,9.642687585651161e-05,25,10,20
44,8701,0.9089332927504317,1.8123263740811508e-06,0.0910141895835657,5.070533962796879e-05,25,10,20
44,8702,0.9226918219575735,6.337569126490096e-06,0.07729446161570412,7.378857595927397e-06,25,10,20
44,8703,0.8860482657346249,1.6435596527341751e-06,0.10974821094096064,0.004201879764761602,25,10,20
44,8704,0.8774297278431229,7.936780680898099e-07,0.12256157249917955,7.905979630888416e-06,25,10,20
44,8705,0.8859106087820915,1.98214336457261e-05,0.11406821608878571,1.3536954776355744e-06,25,10,20
44,8706,0.8639528058766035,0.0026300462485012205,0.13327726760385464,0.0001398802710407243,25,10,20
44,8707,0.9281023294877251,0.002633324186144117,0.06913109839830618,0.00013324792782498646,25,10,20
44,8708,0.9457330955681357,4.354929462413702e-07,0.05425660936471033,9.859574207676509e-06,25,10,20
44,8709,0.9154505130924443,1.1283745482109649e-06,0.08452884832010132,1.9510212906014888e-05,25,10,20
44,8710,0.8851298616418155,5.208337742894556e-05,0.11477043593989189,4.761904086387608e-05,25,10,20
44,8711,0.9204946694892265,2.6056807087192447e-05,0.07947550385400076,3.7698496853261725e-06,25,10,20
44,8712,0.8634669223002069,2.609111180993537e-05,0.1365024270163927,4.559571590943216e-06,25,10,20
44,8713,0.882724911988481,3.751965565760579e-05,0.11706368470014489,0.00017388365571698917,25,10,20
44,8714,0.9297060741805911,8.545517287338932e-06,0.07026810828904952,1.727201307231875e-05,25,10,20
44,8715,0.9349698346309937,6.974099463933855e-06,0.06496633131109811,5.685995844456352e-05,25,10,20
44,8716,0.9125008024114254,8.078138781319134e-06,0.0873687247432205,0.00012239470657220876,25,10,20
44,8717,0.897834774676246,1.7266836718090055e-06,0.10184021037584583,0.00032328826423704807,25,10,20
44,8718,0.8550439008254601,1.4836633611235742e-05,0.1447218210072854,0.0002194415336434003,25,10,20
44,8719,0.8056746864165842,1.5111358946679915e-05,0.19411213173981123,0.000198070484659498,25,10,20
44,8720,0.8196517889332902,6.57048988688342e-05,0.1800875199924673,0.0001949861753747107,25,10,20
44,8721,0.8515428622833571,6.35568738758641e-05,0.14273507037289865,0.005658510469868246,25,10,20
44,8722,0.8899975159769065,1.3824650312516775e-05,0.10986405170379115,0.00012460766898948663,25,10,20
44,8723,0.8877257059105955,1.395327837998268e-05,0.11215070383973842,0.00010963697128620247,25,10,20
44,8724,0.9206942193991127,9.726391794309565e-07,0.07919424534874049,0.0001105626129674743,25,10,20
44,8725,0.945725839944733,1.3934805889704504e-07,0.05426011001591966,1.391069128872933e-05,25,10,20
44,8726,0.9408500142830982,8.418352002841522e-07,0.05911517307518094,3.397080652022966e-05,25,10,20
44,8727,0.9188472150967223,9.184491330645664e-06,0.0811153404350097,2.825997693759943e-05,25,10,20
44,8728,0.838111708917753,1.2900639492723946e-05,0.16166449930046958,0.00021089114228381532,25,10,20
44,8729,0.858749864940151,2.677672209068607e-05,0.1408467908717289,0.0003765674660295038,25,10,20
44,8730,0.9272119155216096,8.686613066400175e-06,0.07274115890611849,3.8238959206015325e-05,25,10,20
44,8731,0.8620067593179425,0.00028792722481657226,0.13755709289356083,0.00014822056368051704,25,10,20
44,8732,0.9533617860329738,3.76370895764379e-06,0.04649187690482078,0.0001425733532476587,25,10,20
44,8733,0.9347297199404335,3.9783521723897445e-07,0.06374184601426787,0.0015280362100813132,25,10,20
44,8734,0.9396092150076265,7.381488191065811e-08,0.05887122126191648,0.001519489915575325,25,10,20
44,8735,0.9626314789813009,5.8108209118275946e-08,0.03732711825378831,4.1344656702364284e-05,25,10,20
44,8736,0.9194299143897615,1.5333936916187894e-06,0.0805523884032263,1.6163813320791477e-05,25,10,20
44,8737,0.8700786777243582,8.737420263712233e-07,0.12990019225465216,2.0256278962654718e-05,25,10,20
44,8738,0.8680567524223498,0.008537590611437842,0.12337558264180103,3.0074324411006173e-05,25,10,20
44,8739,0.813211754742811,0.008539965650836163,0.1782260312994598,2.2248306893639175e-05,25,10,20
44,8740,0.8172226529830816,0.008571922164168388,0.17412385640335126,8.156844939926672e-05,25,10,20
44,8741,0.8814743792189002,0.00855230832277944,0.10979891353926657,0.00017439891905351773,25,10,20
44,8742,0.8735170397349394,0.008761087167477687,0.11657728710580718,0.0011445859917760906,25,10,20
44,8743,0.8274242413501628,0.007036746327114239,0.16439171088631688,0.0011473014364062565,25,10,20
44,8744,0.9148785138263574,7.87172063409143e-07,0.08503980149110792,8.08975104716627e-05,25,10,20
44,8745,0.928998783507063,2.2082673786606326e-07,0.07099601466080108,4.9810053978687714e-06,25,10,20
44,8746,0.8502355923061813,2.140622614200107e-07,0.14963237579135447,0.00013181784020271575,25,10,20
44,8747,0.89968195222689,3.308143130387739e-07,0.10030339899178572,1.4317967010408314e-05,25,10,20
44,8748,0.8756067807835305,1.1338160735627244e-05,0.1243580926234074,2.378843232737247e-05,25,10,20
44,8749,0.9429947651067873,1.7881471159343413e-07,0.05450617845478498,0.00249887762371615,25,10,20
44,8750,0.970958311821196,6.75856256328528e-07,0.029039295113486338,1.7172090615705705e-06,25,10,20
44,8751,0.9414163056186794,3.76861351662771e-06,0.058545874448965585,3.405131883795485e-05,25,10,20
44,8752,0.9267237889567836,5.616394236261254e-06,0.07325589036695009,1.4704282030016373e-05,25,10,20
44,8753,0.9041007262319387,4.577010142808167e-06,0.09585234804942405,4.234870849480437e-05,25,10,20
44,8754,0.9307893331562116,5.799064432812873e-07,0.06919825023278542,1.18367045597168e-05,25,10,20
44,8755,0.8928998007469252,6.549849234627206e-06,0.10441112854317375,0.002682520860666732,25,10,20
44,8756,0.8934169517541183,1.3034733459993317e-06,0.0889991200153184,0.017582624757218283,25,10,20
44,8757,0.8771941278946765,2.3747172546751618e-05,0.12018608865358138,0.0025960362791948364,25,10,20
44,8758,0.9001510661440136,5.474090334415547e-07,0.09982772014671487,2.066630023801e-05,25,10,20
44,8759,0.9682762556302087,1.5554319547884577e-06,0.031703197244648054,1.899169318887373e-05,25,10,20
44,8760,0.9265490644632954,1.6374665752271156e-06,0.07311552822705955,0.00033376984306962175,25,10,20
44,8761,0.9641348959845719,9.850958539260315e-07,0.03495894299022815,0.0009051759293461227,25,10,20
44,8762,0.881900395301665,3.825274345029973e-05,0.11800115523372665,6.019672115840586e-05,25,10,20
44,8763,0.8633256883394715,1.6785418468352194e-05,0.10628814860167977,0.030369377640379423,25,10,20
44,8764,0.8894425470539553,9.235438549914117e-07,0.08007400068126462,0.03048252872092514,25,10,20
44,8765,0.8971382821830747,6.350428922407404e-07,0.08740884499708916,0.015452237776944093,25,10,20
44,8766,0.9088288189406544,2.623583929771535e-07,0.07553443302871966,0.0156364856722331,25,10,20
44,8767,0.8562382408168755,3.4908530321509313e-07,0.10183086844090872,0.04193054165691271,25,10,20
44,8768,0.8606082030233813,1.0406435443347326e-05,0.11284717611334434,0.026534214427830997,25,10,20
44,8769,0.8409741389532394,0.00010632447555026661,0.11935501010696113,0.03956452646424834,25,10,20
44,8770,0.8824625539395187,1.8156696093990655e-07,0.07845754887646066,0.03907971561705994,25,10,20
44,8771,0.8270672759211007,3.539883357893131e-07,0.12149672610312778,0.0514356439874356,25,10,20
44,8772,0.7820326891583054,2.3791680875474128e-05,0.17885778360196153,0.03908573555885782,25,10,20
44,8773,0.8905620726767636,4.3827099916272603e-07,0.07051766701384138,0.03891982203839505,25,10,20
44,8774,0.867355798704393,7.43169050471822e-07,0.08672133454062884,0.045922123585927024,25,10,20
44,8775,0.8558400763501157,2.8196249870506464e-07,0.09912175856088284,0.04503788312650262,25,10,20
44,8776,0.8746128629584061,8.926309928999e-07,0.08702172371680364,0.03836452069379701,25,10,20
44,8777,0.8536275388650658,4.0530574070003556e-05,0.09711663849403285,0.049215292066831104,25,10,20
44,8778,0.9090468124359421,0.0001237311281102523,0.0524965153179815,0.03833294111796645,25,10,20
44,8779,0.9311132856955864,8.359101219723254e-08,0.0596574636712332,0.009229167042168916,25,10,20
44,8780,0.8562148296236732,9.304961837299273e-08,0.13455779394153447,0.009227283385174588,25,10,20
44,8781,0.8452664632916599,6.27830624637345e-06,0.15468945642164528,3.780198044887483e-05,25,10,20
44,8782,0.8731367419098917,3.411349695049161e-06,0.1268382830275229,2.1563712890440683e-05,25,10,20
44,8783,0.8216609334790473,3.5833832289910527e-06,0.17815905988879652,0.00017642324892728226,25,10,20
44,8784,0.8668578586053145,2.664505074203085e-06,0.13311002831377267,2.9448575838176136e-05,25,10,20
44,8785,0.792334001492327,1.0637069020065305e-05,0.20761709221191743,3.8269226735088735e-05,25,10,20
44,8786,0.9172494214409536,5.1785985487173066e-06,0.08272224495335893,2.3155007139083308e-05,25,10,20
44,8787,0.923388486177222,9.84527455561338e-06,0.07655643562810177,4.523292012052444e-05,25,10,20
44,8788,0.9051198204107161,1.2268017276383884e-05,0.09344875174943423,0.0014191598225733882,25,10,20
44,8789,0.8972555026077278,1.0242448145114586e-05,0.10086029093601058,0.0018739640081171325,25,10,20
44,8790,0.9051002389785802,6.733661154153911e-06,0.09455927144735457,0.00033375591291101396,25,10,20
44,8791,0.9113593263353,7.977352371312323e-06,0.08828751909911127,0.00034517721321754736,25,10,20
44,8792,0.8667255557066709,1.363923800481781e-06,0.13313291253908935,0.00014016783043959037,25,10,20
44,8793,0.9099147042968332,4.46454970841254e-06,0.09006471654467557,1.6114608782573555e-05,25,10,20
44,8794,0.9643967209409603,2.4123543147597683e-06,0.035462259379867196,0.00013860732485801184,25,10,20
44,8795,0.9545489713532702,3.597144309682796e-07,0.024573692767833104,0.02087697616446579,25,10,20
44,8796,0.9373099653615407,9.988253888392231e-07,0.04175862630734924,0.02093040950572108,25,10,20
44,8797,0.8672106194375135,3.594298011615261e-06,0.11183430588269629,0.020951480381778794,25,10,20
44,8798,0.9301303607274224,3.4200816965655144e-07,0.032173221450384634,0.0376960758140234,25,10,20
44,8799,0.9164363527898078,1.561501392653209e-05,0.04599732422276477,0.037550707973500075,25,10,20
44,8800,0.8807711369802194,2.532670838989472e-06,0.0752485437814969,0.04397778656744521,25,10,20
44,8801,0.8502531468153396,0.00032276824774990053,0.11172199870165646,0.03770208623525451,25,10,20
44,8802,0.8630615711010137,1.1377843742541495e-05,0.09936167868117096,0.037565372374072974,25,10,20
44,8803,0.8927262132586253,3.680772008116928e-05,0.10716263162644593,7.434739484710983e-05,25,10,20
44,8804,0.9193297110533938,4.104673108931619e-06,0.08059137545904221,7.480881445565245e-05,25,10,20
44,8805,0.8495817776991055,2.1270884393941555e-05,0.15028828230748836,0.00010866910901160942,25,10,20
44,8806,0.855374335498276,1.4059114718856656e-05,0.11296726606050893,0.031644339326495775,25,10,20
44,8807,0.9198942127977829,5.965128848702643e-06,0.05310575986118714,0.02699406221218119,25,10,20
44,8808,0.9012632399930587,5.66080781335519e-05,0.06358516827688857,0.03509498365191852,25,10,20
44,8809,0.8850305994811609,5.6193833299131746e-05,0.07985819602082053,0.03505501066471883,25,10,20
44,8810,0.9028149491969377,6.20862182574232e-07,0.05806620516700854,0.03911822477387098,25,10,20
44,8811,0.8843551197634499,9.513073109986952e-06,0.10327084582745906,0.012364521335980615,25,10,20
44,8812,0.9160113463593812,1.1225109081290936e-05,0.08396997186672024,7.45666481718362e-06,25,10,20
44,8813,0.829195963070329,6.40171335072337e-05,0.17073443939616378,5.580400000572204e-06,25,10,20
44,8814,0.8598891742486413,2.024531970948742e-06,0.14009802061641874,1.0780602969611913e-05,25,10,20
44,8815,0.8975297677569074,1.7756198841164256e-06,0.1024625892023146,5.8674208941389385e-06,25,10,20
44,8816,0.9521797871368972,2.8429207845208057e-05,0.04523468249331203,0.002557101161945154,25,10,20
44,8817,0.8962588141077756,1.6191425587270972e-06,0.10109817196374722,0.0026413947859183877,25,10,20
44,8818,0.8886299909854738,1.6090286359527037e-06,0.11135631225026506,1.2087735625334042e-05,25,10,20
44,8819,0.9674782419011966,7.072444250706854e-07,0.0324940904380538,2.6960416324293412e-05,25,10,20
44,8820,0.9296636440657522,6.998083041618713e-07,0.07030259729530236,3.3058830640893823e-05,25,10,20
44,8821,0.9557335163563567,5.224082808973055e-06,0.04422803086118388,3.322869965059503e-05,25,10,20
44,8822,0.9173284543640962,2.401342220140217e-06,0.08262819349260851,4.0950801075134184e-05,25,10,20
44,8823,0.8792320825111668,3.881588184175877e-07,0.12038368230615554,0.0003838470238592889,25,10,20
44,8824,0.9270144997083031,3.8212040382986185e-06,0.07297398242983737,7.696657822035878e-06,25,10,20
44,8825,0.878911176810426,1.3247287026251545e-06,0.1201406899423993,0.0009468085184725188,25,10,20
44,8826,0.9213711040625938,0.00013187778463087159,0.07795500663032807,0.0005420115224474252,25,10,20
44,8827,0.860918263367039,2.8185506109808836e-05,0.13872041495571785,0.0003331361711335257,25,10,20
44,8828,0.8506972093135985,2.77942926776064e-05,0.14794801713215558,0.0013269792615673676,25,10,20
44,8829,0.9019109199065253,0.0005064367190354266,0.09619370822893396,0.0013889351455053547,25,10,20
44,8830,0.8985393102630675,2.392552391539413e-05,0.10133619602239621,0.00010056819062094602,25,10,20
44,8831,0.9424279581765842,7.194208269273052e-05,0.057373357250893334,0.00012674248983002236,25,10,20
44,8832,0.9486075251099926,5.851835224886595e-05,0.05127737532667992,5.658121107822889e-05,25,10,20
44,8833,0.9003267246008592,1.7171320536074926e-06,0.09823053522172248,0.0014410230453637731,25,10,20
44,8834,0.8390318605738988,3.0665801673863116e-05,0.1596266903843823,0.0013107832400449679,25,10,20
44,8835,0.9039480134292042,0.00018953176211120785,0.0958567592406701,5.695568014287958e-06,25,10,20
44,8836,0.9004334479606727,2.4966496408705026e-06,0.09955722258058834,6.832809098107061e-06,25,10,20
44,8837,0.8345543958469509,2.449415258829678e-06,0.16543228090965478,1.0873828136487832e-05,25,10,20
44,8838,0.8843749538821442,2.17905675735799e-05,0.11559514040097282,8.115149310263297e-06,25,10,20
44,8839,0.9821931468184759,3.054687666890176e-06,0.01767855807380546,0.00012524042005184068,25,10,20
44,8840,0.9749490296695202,3.746389421678386e-05,0.024997721651174164,1.5784785088858565e-05,25,10,20
44,8841,0.9258992387556872,1.9671902953985794e-05,0.07398971253424447,9.137680711423814e-05,25,10,20
44,8842,0.9230913844467412,2.1578183233023878e-06,0.07689508110081356,1.1376634121218092e-05,25,10,20
44,8843,0.9100117904973695,5.066174514388291e-06,0.08995038777882264,3.275554929358921e-05,25,10,20
44,8844,0.8869580063175873,1.0140229717069406e-06,0.1130326633303194,8.316329120747675e-06,25,10,20
44,8845,0.9251406152012485,3.2899689645961173e-07,0.07485536511488373,3.6906869711635705e-06,25,10,20
44,8846,0.9541078747421803,2.3078525583313383e-07,0.04555079821226674,0.0003410962602972691,25,10,20
44,8847,0.8966169738020561,3.052036058247556e-06,0.10261347896374699,0.0007664951981393862,25,10,20
44,8848,0.8772038820752506,3.2845811354429533e-07,0.12208804508207882,0.0007077443845583958,25,10,20
44,8849,0.8821258512203082,1.1620255314824575e-06,0.09451706493200962,0.023355921822151675,25,10,20
44,8850,0.9373681727160601,1.7140619395211175e-06,0.0397064659355083,0.02292364728649188,25,10,20
44,8851,0.8929914585862272,3.0739724797500557e-06,0.0840764324421294,0.022929034999164467,25,10,20
44,8852,0.9294346245118831,1.9740552641251165e-07,0.042618111347094347,0.027947066735495976,25,10,20
44,8853,0.9272397286122015,2.216599206669272e-07,0.044813202531216595,0.02794684719666173,25,10,20
44,8854,0.9037763368855986,5.1200422248314e-07,0.09039837159836235,0.005824779511816788,25,10,20
44,8855,0.8705820507028266,8.286838709968731e-07,0.12357266976364153,0.005844450849661215,25,10,20
44,8856,0.889705416853056,6.389307626533713e-07,0.10447415256130763,0.005819791654873631,25,10,20
44,8857,0.8340053423885702,3.241866414207507e-05,0.15998292240279957,0.005979316544487959,25,10,20
44,8858,0.9350105418287856,5.9111069857177874e-05,0.06492281803194033,7.529069416457848e-06,25,10,20
44,8859,0.8571090934013194,5.7023348292391475e-05,0.14277907919558858,5.4804054800085015e-05,25,10,20
44,8860,0.8961724960080426,6.05052078676854e-05,0.10368330002454612,8.369875954280731e-05,25,10,20
44,8861,0.9231657415944386,5.6293196695482125e-05,0.07675902555962907,1.8939649237220208e-05,25,10,20
44,8862,0.9038691313594246,5.689901106053094e-05,0.09587383137503103,0.00020013825448328795,25,10,20
44,8863,0.9023584610867714,0.0004312961375254464,0.09720849166887327,1.751106829339686e-06,25,10,20
44,8864,0.8600077104873687,0.0002329636895534171,0.13975322571669424,6.100106383884284e-06,25,10,20
44,8865,0.8172825757074598,0.00023505202314463925,0.18247420407631235,8.168193083953637e-06,25,10,20
44,8866,0.8374302307572546,0.0002331269526557797,0.1257083262489013,0.036628316041188304,25,10,20
44,8867,0.8329772260712128,2.1541743901731226e-06,0.12777965105254202,0.039240968701854013,25,10,20
44,8868,0.9376633321709561,9.815057597617237e-07,0.023341866602833036,0.03899381972045106,25,10,20
44,8869,0.8709359152387622,1.8249549960548241e-06,0.08535351699419094,0.043708742812050366,25,10,20
44,8870,0.9202726066390241,1.199939311405877e-06,0.04090904172939999,0.03881715169226477,25,10,20
44,8871,0.9213951937515068,1.5538730487413863e-06,0.07222610924129602,0.006377143134148534,25,10,20
44,8872,0.8869094614768965,0.00022254265880723305,0.11268185460571259,0.00018614125858438163,25,10,20
44,8873,0.8547573278772947,8.782090582309094e-05,0.14499976738116716,0.00015508383571459462,25,10,20
44,8874,0.9250827745509738,8.811775241810404e-05,0.0748074593271897,2.164836941862642e-05,25,10,20
44,8875,0.9317766044029442,1.226457624882813e-06,0.06814632426287215,7.584487655882291e-05,25,10,20
44,8876,0.9117896661638727,1.6443385468569883e-05,0.08800183996421064,0.00019205048644833176,25,10,20
44,8877,0.9202730791262974,3.337755146057827e-06,0.07952741055412738,0.0001961725644292827,25,10,20
44,8878,0.9342914005949349,2.152002572385466e-06,0.06570490494488333,1.5424576091975284e-06,25,10,20
44,8879,0.9011122294882352,2.364212135251344e-06,0.09881091476521953,7.449153441010702e-05,25,10,20
44,8880,0.8762863162505043,7.169288030606714e-06,0.12358061370304478,0.00012590075842049697,25,10,20
44,8881,0.9370660672852867,2.5867127252484213e-05,0.06283996790339874,6.809768406204724e-05,25,10,20
44,8882,0.8828549796922917,2.4668435803747922e-05,0.11704886639737179,7.148547453265953e-05,25,10,20
44,8883,0.9300418409272959,2.437080990838273e-05,0.06993015058374726,3.6376790486026514e-06,25,10,20
44,8884,0.8972888041163677,1.1435733417081165e-06,0.10270484772474597,5.204585544515927e-06,25,10,20
44,8885,0.8830236113917432,9.257698941059482e-06,0.11644482837617141,0.0005223025331441708,25,10,20
44,8886,0.955632301231075,9.431770566116344e-06,0.044337988302601855,2.027869575658211e-05,25,10,20
44,8887,0.9231579613830928,1.3547285946486747e-05,0.0768030425059595,2.5448825000520123e-05,25,10,20
44,8888,0.9114273736903765,2.9865503290802774e-05,0.08851991773362514,2.2843072707863315e-05,25,10,20
44,8889,0.9379466127388614,3.782345530496728e-05,0.0618997635914238,0.00011580021440943434,25,10,20
44,8890,0.8944966343173119,1.2519436445589278e-06,0.10538525514699847,0.00011685859204598044,25,10,20
44,8891,0.8334160366462443,9.533695161317149e-07,0.16642773680291056,0.00015527318133016748,25,10,20
44,8892,0.8775541610591637,1.4197277980064986e-06,0.12212219832643582,0.00032222088660230027,25,10,20
44,8893,0.8649730769724774,3.03986554510156e-07,0.13501224995238822,1.4369088579755643e-05,25,10,20
44,8894,0.8308440845298664,3.273103692272789e-05,0.16911269119738587,1.04932358239091e-05,25,10,20
44,8895,0.8997955601274721,3.122577256317632e-05,0.10016479910451517,8.414995449278718e-06,25,10,20
44,8896,0.9491337573005726,3.157652455002815e-07,0.05054093115109734,0.00032499578308483007,25,10,20
44,8897,0.9085685786899572,2.0423119836976475e-06,0.0905832991059463,0.0008460798921134106,25,10,20
44,8898,0.9071807433242052,1.7618604570555857e-06,0.05323525002988582,0.03958224478545166,25,10,20
44,8899,0.8239558527699451,3.060047300557694e-05,0.16295404787932674,0.013059498877722415,25,10,20
44,8900,0.8419535312452802,2.9622957872047076e-06,0.14521969988215244,0.01282380657677983,25,10,20
44,8901,0.9303269655422587,8.08178730899936e-07,0.045651104378317854,0.02402112190069277,25,10,20
44,8902,0.8751418764751016,1.4313611460630303e-06,0.10090569653969729,0.02395099562405492,25,10,20
44,8903,0.9082749371440366,6.696146420267238e-07,0.0677740257438927,0.02395036749742779,25,10,20
44,8904,0.8715258142318554,5.525731483412723e-05,0.0933279245384661,0.035091003914844425,25,10,20
44,8905,0.8644682577738808,5.6604549217225174e-05,0.10038760507355254,0.03508753260334981,25,10,20
44,8906,0.8419765757758058,2.299668089001434e-06,0.12293419623448708,0.03508692832162004,25,10,20
44,8907,0.9325716683208455,1.900959812116992e-06,0.03234894115235748,0.03507748956698496,25,10,20
44,8908,0.9109922010272214,8.91627172616173e-06,0.08898675187382135,1.2130827231394212e-05,25,10,20
44,8909,0.9119002982819747,7.04225614828053e-06,0.08806361601286254,2.9043449014119427e-05,25,10,20
44,8910,0.8983932734425195,1.6331152785987738e-06,0.10158809185202433,1.700159017702239e-05,25,10,20
44,8911,0.9411060142539956,4.692288418328212e-06,0.05881055694403469,7.873651355147837e-05,25,10,20
44,8912,0.9433178236706559,4.6720352458649056e-07,0.05661544049112828,6.626863469134765e-05,25,10,20
44,8913,0.8815883904054018,1.210561105858509e-05,0.11832480923103933,7.469475250046899e-05,25,10,20
44,8914,0.8984944841369183,2.393706993956113e-06,0.10147416183901027,2.8960317077295698e-05,25,10,20
44,8915,0.9465976033458723,1.0192773458544276e-06,0.05335836901767272,4.3008359108583757e-05,25,10,20
44,8916,0.936839258020675,3.9704243862094214e-07,0.06311152746804895,4.881746883760544e-05,25,10,20
44,8917,0.943588216499713,1.1520996546485045e-06,0.05604573722819015,0.00036489417244197297,25,10,20
44,8918,0.8917339264079176,7.73052314798069e-07,0.07133420331735939,0.03693109722240863,25,10,20
44,8919,0.8691770550666496,1.1457989554887238e-06,0.10324796844782906,0.027573830686566207,25,10,20
44,8920,0.8952668950205346,9.241235918849799e-07,0.08363664083570722,0.02109554002016653,25,10,20
44,8921,0.8086905349747897,4.456436376335219e-05,0.17020066954229215,0.021064231119155615,25,10,20
44,8922,0.8576168070217354,3.7935664908689764e-06,0.12134252359868736,0.02103687581308621,25,10,20
44,8923,0.8630566883396175,3.843316140658816e-06,0.09747065168275312,0.03946881666148857,25,10,20
44,8924,0.9048316430932748,4.7153041648604266e-07,0.05573282117078827,0.03943506420552065,25,10,20
44,8925,0.8967585747517187,9.054253098804908e-07,0.06173646494086849,0.041504054882102764,25,10,20
44,8926,0.8787879601675951,9.4452488194473e-06,0.07968534273134949,0.04151725185223586,25,10,20
44,8927,0.9123582891533082,2.0150127128376158e-06,0.08539744121140122,0.0022422546225780646,25,10,20
44,8928,0.9550825619367304,4.3220507527311466e-07,0.044753481506975765,0.00016352435121870566,25,10,20
44,8929,0.9562072151755061,4.341975470868577e-06,0.04376689727795122,2.1545571071905494e-05,25,10,20
44,8930,0.9539684248095343,2.7090040679354715e-06,0.0460012347209096,2.7631465488527532e-05,25,10,20
44,8931,0.9461154163876979,2.5316594572091495e-05,0.0538102201332635,4.904688446623669e-05,25,10,20
44,8932,0.9631795981859539,8.428400048997663e-06,0.036777199153409074,3.477426058804673e-05,25,10,20
44,8933,0.900915858442954,1.8369755120529317e-07,0.09593286726424362,0.0031510905952521822,25,10,20
44,8934,0.9219963618399073,5.163022360543979e-07,0.0778250941343207,0.00017802772353591524,25,10,20
44,8935,0.9534006619163082,3.391506112212998e-06,0.046016123847485095,0.0005798227300941644,25,10,20
44,8936,0.9647137721655529,1.5957574384395794e-06,0.03189778490452047,0.0033868471724880834,25,10,20
44,8937,0.9093148661644923,0.00019269844885164725,0.08716096403818543,0.003331471348470552,25,10,20
44,8938,0.9220570706721404,5.071653670824792e-07,0.07739751821805356,0.000544903944438868,25,10,20
44,8939,0.9691560711194771,1.929104169083888e-07,0.030823210465401023,2.0525504704660596e-05,25,10,20
44,8940,0.9831462694888742,1.433664699748383e-06,0.01684411153158572,8.185314840263236e-06,25,10,20
44,8941,0.9141187828661915,1.7475743547982722e-06,0.08573575040655035,0.00014371915290320106,25,10,20
44,8942,0.9329681211650903,5.8907617012542804e-06,0.06701120882775673,1.4779245451969542e-05,25,10,20
44,8943,0.9464693920525618,2.460479232901465e-06,0.053477870227370536,5.0277240834983026e-05,25,10,20
44,8944,0.9110999119147745,2.077505085649492e-06,0.08308905688708494,0.0058089536930549255,25,10,20
44,8945,0.8925604638935709,2.7426606718474677e-06,0.10161940564872111,0.00581738779703628,25,10,20
44,8946,0.9746243308631115,5.534233336062121e-06,0.025350657666237578,1.947723731503251e-05,25,10,20
44,8947,0.916096783266384,4.323859388679331e-05,0.08385092571923958,9.052420488878892e-06,25,10,20
44,8948,0.8739582081859197,1.4721157343844475e-06,0.1260284326823912,1.1887015954667749e-05,25,10,20
44,8949,0.8346046641184617,6.345538378589068e-06,0.1653593045550908,2.968578806882245e-05,25,10,20
44,8950,0.8393589852739544,8.744028068476808e-06,0.16056538887619062,6.688182178585304e-05,25,10,20
44,8951,0.8116010601812534,1.1350850561636661e-05,0.18832235397423108,6.5234993954145e-05,25,10,20
44,8952,0.8473519225898741,4.542061367311148e-06,0.15262672978129563,1.6805567463784376e-05,25,10,20
44,8953,0.9058401156127539,1.3749913679753031e-05,0.09414357178692372,2.5626866427924655e-06,25,10,20
44,8954,0.9428387427246011,9.780240117282666e-06,0.05714648608596934,4.99094931222081e-06,25,10,20
44,8955,0.9420922052131243,0.00016934628047644121,0.057692292194865775,4.61563115334421e-05,25,10,20
44,8956,0.9206248278624982,0.005363513674038233,0.07336555511849699,0.0006461033449669037,25,10,20
44,8957,0.8910700261815552,0.005364180465331344,0.10283531941443837,0.0007304739386745378,25,10,20
44,8958,0.860726400060733,0.005363974477361521,0.09384083989153226,0.040068785570372724,25,10,20
44,8959,0.8793030718816608,9.635126251502046e-06,0.07866470701663085,0.04202258597545714,25,10,20
44,8960,0.9260749967274933,4.989268993309682e-07,0.07366408595667343,0.00026041838893498486,25,10,20
44,8961,0.8677089080024233,2.506580730343532e-05,0.13222858466883927,3.7441521433702175e-05,25,10,20
44,8962,0.8700540866887851,3.546534833096969e-05,0.1297648755235055,0.00014557243937762156,25,10,20
44,8963,0.836960491749235,1.341146673174743e-05,0.16296777268298715,5.832410104632164e-05,25,10,20
44,8964,0.8667417489773496,1.301082622575524e-05,0.13316171855446762,8.35216419558418e-05,25,10,20
44,8965,0.8765295414943748,2.3682920519341916e-07,0.12022286890887371,0.003247352767546016,25,10,20
44,8966,0.8966166581408271,2.928497234199455e-07,0.10324442613013345,0.00013862287931552862,25,10,20
44,8967,0.8357577382480288,1.4207272011522293e-06,0.16375275952785034,0.0004880814969195072,25,10,20
44,8968,0.895545280674234,1.7812703391752914e-06,0.10417229841861672,0.0002806396368099838,25,10,20
44,8969,0.9516117861428467,7.775621579952905e-07,0.04679518924949257,0.0015922470455027326,25,10,20
44,8970,0.9445148822599685,6.652077377220812e-07,0.05390302055264227,0.001581431979651751,25,10,20
44,8971,0.9105830048202276,4.130296845747598e-06,0.08938885752381877,2.400735910784494e-05,25,10,20
44,8972,0.9060919932785088,3.582287275807769e-06,0.09375170739480668,0.0001527170394096824,25,10,20
44,8973,0.9317312510827895,2.849429083298286e-06,0.06577345455763099,0.0024924449304956856,25,10,20
44,8974,0.9456951417176689,1.1451050414679785e-06,0.05283915488785992,0.001464558289430099,25,10,20
44,8975,0.9339348570674814,1.1707485794704482e-06,0.06596925198435814,9.472019958120177e-05,25,10,20
44,8976,0.9208282033276732,1.2959429027913866e-06,0.07914732884256485,2.3171886859283743e-05,25,10,20
44,8977,0.9363925362746179,5.290533566232403e-05,0.06355169222888613,2.866160833863999e-06,25,10,20
44,8978,0.957778998409672,2.6511215872480484e-07,0.042160751607971204,5.998487019787912e-05,25,10,20
44,8979,0.9281648502915949,5.046866851072137e-07,0.0717686606128952,6.598440882433992e-05,25,10,20
44,8980,0.8588836956935999,1.0384243448509013e-05,0.14106183218340232,4.408787954982798e-05,25,10,20
44,8981,0.950022611192047,3.90683512620772e-06,0.049890137112012053,8.334486081417182e-05,25,10,20
44,8982,0.8409535579653751,2.784386980826815e-05,0.15895996159777506,5.8636567043105395e-05,25,10,20
44,8983,0.95986842136543,3.4047415139105236e-05,0.03991243372334995,0.00018509749608094288,25,10,20
44,8984,0.9476580028730223,7.349257409233442e-07,0.05062056488054019,0.0017206973206967244,25,10,20
44,8985,0.9203845958965653,7.131037551255894e-08,0.07961167268700609,3.6601060533822763e-06,25,10,20
44,8986,0.9766360442744794,1.6959420800625562e-06,0.023326568902440517,3.5690881000600996e-05,25,10,20
44,8987,0.925618692557192,9.730295987425653e-06,0.07434808854175833,2.348860506193361e-05,25,10,20
44,8988,0.9568915855014896,9.998315518824006e-06,0.04309324920821361,5.1669747777793806e-06,25,10,20
44,8989,0.9466824566211978,6.379956849207327e-07,0.05280158309024155,0.0005153222928752546,25,10,20
44,8990,0.9000579461738227,2.3478930795907937e-07,0.09985168499556936,9.013404130041785e-05,25,10,20
44,8991,0.9227686703896272,2.0118605433923847e-05,0.07707388930861542,0.00013732169632344686,25,10,20
44,8992,0.8792256881691823,2.3011737785415678e-05,0.120746757363211,4.542729822137518e-06,25,10,20
44,8993,0.8694881503917514,1.827522562200574e-05,0.13048882374067713,4.750641950307067e-06,25,10,20
44,8994,0.8206606024445969,8.408591344760146e-07,0.17723964695478242,0.0020989097414859203,25,10,20
44,8995,0.840172202086703,1.0484423879686371e-06,0.15757039859095243,0.002256350879957629,25,10,20
44,8996,0.8346389117262736,2.4349983858176325e-05,0.15821674338328096,0.007119994906587681,25,10,20
44,8997,0.9025907001319895,2.4306735719453063e-05,0.09026238278654349,0.007122610345748317,25,10,20
44,8998,0.9404941046396889,2.817879930976995e-07,0.05698147777540379,0.0025241357969140715,25,10,20
44,8999,0.9367378914038268,0.0005836952543388726,0.06263802195269431,4.039138914006406e-05,25,10,20
44,9000,0.9587713188594046,1.0945390231912078e-06,0.0411332350734067,9.435152816575503e-05,25,10,20
44,9001,0.9661409362484428,9.261051770651486e-07,0.03383997193626134,1.816571011911996e-05,25,10,20
44,9002,0.9518321077723627,8.964475258534802e-07,0.04815241621944618,1.457956066510323e-05,25,10,20
44,9003,0.9051124027741728,3.4167464064272836e-05,0.09467255953787046,0.00018087022389285103,25,10,20
44,9004,0.8870587697957304,9.61991952341091e-07,0.11292862431926494,1.1643893053213986e-05,25,10,20
44,9005,0.9101133059253752,3.459873870442384e-05,0.0898391149061269,1.298042979310228e-05,25,10,20
44,9006,0.9356920747945354,1.463206952216935e-06,0.06409057905604165,0.00021588294247098987,25,10,20
44,9007,0.8808739928603244,8.596397793228921e-06,0.11890634728629026,0.0002110634555917019,25,10,20
44,9008,0.9256995066466304,8.147484754523528e-06,0.07408531679706887,0.0002070290715461244,25,10,20
44,9009,0.90560702286391,1.597765358149285e-05,0.09417217325060291,0.00020482623190616289,25,10,20
44,9010,0.9261469986314608,4.686867563741455e-07,0.07347365765108434,0.00037887503069871384,25,10,20
44,9011,0.9432049099074069,2.0971526780137113e-07,0.056792189477254,2.6909000711487736e-06,25,10,20
44,9012,0.8697564996015538,0.00012796915575195598,0.13002845868876156,8.70725539335036e-05,25,10,20
44,9013,0.9345032104336113,3.908368198755878e-06,0.065486440312226,6.440885963663785e-06,25,10,20
44,9014,0.9085363256547674,1.717154159565094e-06,0.09145834052191874,3.616669154951118e-06,25,10,20
44,9015,0.9397013602775975,1.6244486436098546e-06,0.06005702343226333,0.00023999184149577215,25,10,20
44,9016,0.9512067819723873,2.7493620553351243e-07,0.04875220001835531,4.0743073051745343e-05,25,10,20
44,9017,0.9479607061706902,1.836688122222189e-07,0.052002072628357494,3.7037532139840776e-05,25,10,20
44,9018,0.9315532167305335,1.1928287300083448e-06,0.0683578553198988,8.773512083792071e-05,25,10,20
44,9019,0.9372530436717519,5.160436873457348e-05,0.06194845611506076,0.0007468958444526157,25,10,20
44,9020,0.8931921498171254,1.1600983333763678e-06,0.10671685722220346,8.983286233723245e-05,25,10,20
44,9021,0.9618543065340313,4.463259369533891e-07,0.03813800929340086,7.237846630770958e-06,25,10,20
44,9022,0.9513359177507081,1.9777817397012652e-06,0.04862116537517318,4.0939092378577826e-05,25,10,20
44,9023,0.970057758721107,1.2225626836748447e-06,0.029915836835453288,2.5181880756113463e-05,25,10,20
44,9024,0.9014414018917428,1.6951381759765355e-05,0.09842051859755879,0.00012112812893849004,25,10,20
44,9025,0.9185077413331555,4.2524318612553407e-07,0.08146302013483099,2.881328882709746e-05,25,10,20
44,9026,0.9145768419781678,0.0006918217986604265,0.08471937372066478,1.1962502505707692e-05,25,10,20
44,9027,0.8945794601885759,0.007250310808053323,0.09815763318113549,1.2595822235251313e-05,25,10,20
44,9028,0.8719748718277524,5.9093451482534e-07,0.12800855279922377,1.598443850931734e-05,25,10,20
44,9029,0.9182643761945536,1.7026592703867444e-05,0.0816988820275903,1.971518515210488e-05,25,10,20
44,9030,0.9037028338288805,5.211542346045246e-07,0.09627788176943408,1.876324745033952e-05,25,10,20
44,9031,0.9499558135099125,4.159594358204235e-07,0.04988390210421963,0.0001598684264324048,25,10,20
44,9032,0.9519904907673987,1.4246571560355176e-05,0.047947759564495415,4.750309654526828e-05,25,10,20
44,9033,0.9008921473658799,2.6399221385342266e-06,0.09791183839933526,0.001193374312647598,25,10,20
44,9034,0.9408904536828174,1.0989810327467324e-06,0.05774872328220953,0.0013597240539405461,25,10,20
44,9035,0.8608009189975846,9.294634781921898e-06,0.13379730847372953,0.005392477893904113,25,10,20
44,9036,0.8424237767092745,1.0711247795036607e-05,0.15171940669888623,0.005846105344043418,25,10,20
44,9037,0.8365369503592954,2.9015095049652494e-07,0.16101219254699126,0.0024505669427634202,25,10,20
44,9038,0.9168962921883123,0.0011474184817119213,0.08195341251177429,2.8768182013984235e-06,25,10,20
44,9039,0.9493600839283015,0.0011475412372282136,0.049486879417738605,5.495416731924407e-06,25,10,20
44,9040,0.8342066308702398,0.001148068707361751,0.16434390678129304,0.00030139364110494784,25,10,20
44,9041,0.8441201906071616,1.2382729281306905e-06,0.15578929365010383,8.927746980701189e-05,25,10,20
44,9042,0.9106533372845117,2.6402938432458223e-06,0.08925850796119399,8.551446045051721e-05,25,10,20
44,9043,0.9654032831743626,3.763473210670119e-07,0.034572924270368816,2.3416207947342154e-05,25,10,20
44,9044,0.9590946040027152,3.2699610757041196e-07,0.04090273966040391,2.3293407737341606e-06,25,10,20
44,9045,0.8753318307256649,4.157676241124587e-06,0.12465894217506814,5.069423025565244e-06,25,10,20
44,9046,0.937539109239328,5.780768911779295e-07,0.06235404745812786,0.00010626522565242292,25,10,20
44,9047,0.9456245471331485,1.1529968702330554e-05,0.054358988663187315,4.934234961335431e-06,25,10,20
44,9048,0.9561754249323988,0.00016038310272868168,0.041737017323878425,0.0019271746409938013,25,10,20
44,9049,0.9475007819659705,1.0233484651728846e-05,0.050579761162606936,0.001909223386770777,25,10,20
44,9050,0.8870820457733906,5.050109464566037e-07,0.11226543713736568,0.0006520120782967754,25,10,20
44,9051,0.9026881465041595,3.841285258420789e-07,0.09665090811785187,0.0006605612494629366,25,10,20
44,9052,0.8954425107850581,1.6882451785965485e-07,0.10393592486289624,0.0006213955275271168,25,10,20
44,9053,0.901519074014771,1.4164323727917037e-06,0.09749481903788754,0.000984690514967884,25,10,20
44,9054,0.916726840235919,2.5867701591273465e-06,0.08316448862043592,0.00010608437348592728,25,10,20
44,9055,0.900604995955059,0.0008941439326377214,0.09843305392327202,6.7806189031611e-05,25,10,20
44,9056,0.9228116576436602,4.769534245920916e-07,0.07087816657356628,0.006309698829348956,25,10,20
44,9057,0.9074435619677164,7.719230768862522e-07,0.09251681283609103,3.8853273115502425e-05,25,10,20
44,9058,0.9592375605023555,2.670234529385058e-07,0.04074726165018006,1.4910824011598033e-05,25,10,20
44,9059,0.982531171001693,2.457792333676464e-07,0.017455738568849653,1.284465022356655e-05,25,10,20
44,9060,0.9751192633197338,7.162143176862564e-07,0.02487238473764712,7.63572830131708e-06,25,10,20
44,9061,0.936982907255874,9.113784637852596e-06,0.0629409096114692,6.706934801909738e-05,25,10,20
44,9062,0.9183424860039662,1.3041223035239712e-06,0.08160705401873505,4.9155854994932464e-05,25,10,20
44,9063,0.8554975001745012,0.0001593774614611114,0.1442876545527595,5.546781127714045e-05,25,10,20
44,9064,0.8646545708173021,0.00020263611263166904,0.1351319677706729,1.0825299392874445e-05,25,10,20
44,9065,0.9196167765709986,0.002033651827036702,0.07834282434611922,6.747255846223599e-06,25,10,20
44,9066,0.9194343786664347,0.00039236452087591377,0.08016398940741812,9.267405271320236e-06,25,10,20
44,9067,0.932062460635457,2.0663668633197083e-05,0.06791589647149938,9.792244104335266e-07,25,10,20
44,9068,0.9097757000220031,1.613665812097421e-07,0.09020321439028782,2.0924221127934348e-05,25,10,20
44,9069,0.8576451909253676,0.00020776036230881864,0.14203667265075468,0.00011037606156844399,25,10,20
44,9070,0.8959294104380591,0.00018270894716594194,0.10385972510387903,2.8155510896333127e-05,25,10,20
44,9071,0.9642873894724349,3.3969962406185603e-07,0.03569589485050582,1.637597743504992e-05,25,10,20
44,9072,0.9351311637543123,7.432886634640279e-07,0.06485253045454513,1.5562502479631882e-05,25,10,20
44,9073,0.9157767770316465,5.940290490400713e-07,0.08406414178325615,0.00015848715604832445,25,10,20
44,9074,0.9014538732910539,3.956574967108133e-06,0.09837870819718524,0.00016346193679516333,25,10,20
44,9075,0.8678243056040305,8.40556608615531e-06,0.13204952720296415,0.0001177616269197076,25,10,20
44,9076,0.9444670873777977,7.525100266755598e-06,0.055503525104268675,2.1862417667281005e-05,25,10,20
44,9077,0.8702483538386037,9.211672208467399e-06,0.12973575060265885,6.683886529257339e-06,25,10,20
44,9078,0.9105353741048536,2.7044074221900033e-05,0.08943230755961401,5.274261310346918e-06,25,10,20
44,9079,0.9485340182867539,1.0766493688412498e-05,0.051452160829627946,3.054389930109557e-06,25,10,20
44,9080,0.9339254397738928,0.0001523914414061642,0.06590992693502083,1.2241849679921843e-05,25,10,20
44,9081,0.8950534973103504,0.0001513942161514952,0.10467918500429489,0.0001159234692045257,25,10,20
44,9082,0.8724831221400293,0.00014369772944948912,0.12731192022629598,6.125990422546911e-05,25,10,20
44,9083,0.9553818913331784,0.00014249246160679319,0.044442490582909194,3.312562230587279e-05,25,10,20
44,9084,0.9175998992495816,7.411278795377125e-05,0.08201938593182985,0.0003066020306342888,25,10,20
44,9085,0.8861643313126824,8.611110869935525e-05,0.11374005076852907,9.50681008942185e-06,25,10,20
44,9086,0.8792140195527942,8.532820579627227e-05,0.12069682233769868,3.829903710753913e-06,25,10,20
44,9087,0.8819411672124372,1.6288559211363095e-07,0.11767914773171784,0.0003795221702524297,25,10,20
44,9088,0.9173792096828026,2.7311729077201396e-07,0.08261667735308631,3.839846820451642e-06,25,10,20
44,9089,0.9587148870910747,5.055038863375715e-07,0.04122508855840099,5.951884663819405e-05,25,10,20
44,9090,0.990568188575797,1.4856491725125226e-07,0.00943096653380847,6.963254773013237e-07,25,10,20
44,9091,0.9488527840162655,2.3847037412306095e-06,0.05113216378282326,1.2667497170107747e-05,25,10,20
44,9092,0.9279880093805403,9.609558747893404e-05,0.0718516119758511,6.428305613029373e-05,25,10,20
44,9093,0.8724218850518122,0.00016595345250086083,0.1273995113462726,1.2650149414418815e-05,25,10,20
44,9094,0.9557609343751775,4.269719720492067e-05,0.04418356575786664,1.2802669750712982e-05,25,10,20
44,9095,0.9403521241578994,4.3488842582313716e-06,0.05964223783519898,1.2891226438188714e-06,25,10,20
44,9096,0.9102365791886841,4.632076880352646e-06,0.08974315497434814,1.563376008743896e-05,25,10,20
44,9097,0.8694171291680388,5.017562771808253e-06,0.1305560179329683,2.183533622094104e-05,25,10,20
44,9098,0.9031712545355345,1.2549119825239972e-07,0.09681321329985067,1.5406673416426146e-05,25,10,20
44,9099,0.944530937314529,6.50717249516035e-07,0.053459868697275904,0.0020085432709455843,25,10,20
44,9100,0.9601986889032395,5.467256020751699e-07,0.039780820867185755,1.9943503973346534e-05,25,10,20
44,9101,0.9205088161557644,1.450722664987484e-06,0.079399347159303,9.038596226756268e-05,25,10,20
44,9102,0.916966922561333,0.006819295502301381,0.07620213038106569,1.1651555299793082e-05,25,10,20
44,9103,0.8966599691101415,0.006825316203810549,0.09594513108379601,0.0005695836022526567,25,10,20
44,9104,0.8837819822030388,0.0068185454744156245,0.10939662468942479,2.8476331206203817e-06,25,10,20
44,9105,0.9125560731707754,0.0031434395951962426,0.05120686638828074,0.03309362084574786,25,10,20
44,9106,0.86314266166769,0.027435822317073734,0.07638614780017332,0.03303536821506278,25,10,20
44,9107,0.8101648179755307,0.009579559780958296,0.14072056652554266,0.039535055717968476,25,10,20
44,9108,0.834822678146258,0.009405615637205225,0.1491438781315259,0.006627828085012108,25,10,20
44,9109,0.8419917041393954,0.008548426363914443,0.1494211331976331,3.8736299057913324e-05,25,10,20
44,9110,0.9166820858431173,9.208604765527942e-06,0.08329354033008586,1.5165222031856355e-05,25,10,20
44,9111,0.9283494386933485,7.41146990010278e-07,0.0716143279400519,3.549221960985871e-05,25,10,20
44,9112,0.9684677899381697,5.354517168496986e-07,0.031486789084751526,4.4885525361938585e-05,25,10,20
44,9113,0.9455747818245454,1.2848451492686566e-05,0.05436978724933092,4.2582474630582036e-05,25,10,20
44,9114,0.9404412011607812,5.631139239513773e-07,0.05908918189789958,0.0004690538273949237,25,10,20
44,9115,0.8795614430782059,1.3382942608330953e-06,0.12033577541944707,0.00010144320808655207,25,10,20
44,9116,0.8305129895055445,2.974383603544027e-06,0.16903127096382672,0.0004527651470261659,25,10,20
44,9117,0.8589646549932872,0.0001906370047337855,0.14067683600632733,0.00016787199565195822,25,10,20
44,9118,0.8861171050641058,0.00021172153120127383,0.11339790167466339,0.0002732717300302801,25,10,20
44,9119,0.9411362241778753,2.148810760345287e-05,0.058593689629202264,0.0002485980853183651,25,10,20
44,9120,0.9141373946565793,2.9112386954058085e-05,0.085574671880819,0.0002588210756480203,25,10,20
44,9121,0.9402598254988291,7.465074661073801e-07,0.059727711763276126,1.1716230429563447e-05,25,10,20
44,9122,0.9066628645145731,9.460936138977881e-07,0.0932641025222138,7.208686959904773e-05,25,10,20
44,9123,0.9162174750831317,1.8519230170769194e-05,0.08364096508360644,0.0001230406030922572,25,10,20
44,9124,0.9472657072102842,1.7987382690412033e-05,0.05271002898622644,6.2764207992350825e-06,25,10,20
44,9125,0.9464264957956269,0.0012851826780867657,0.05228329642040304,5.025105883641031e-06,25,10,20
44,9126,0.864252058370139,1.2764665440990176e-07,0.1357447632670572,3.0507161492552664e-06,25,10,20
44,9127,0.8766766896241909,2.1255413708679277e-06,0.12331713514545205,4.049688986669429e-06,25,10,20
44,9128,0.8985979576006958,1.0331909319545071e-05,0.08759560194272888,0.013796108547255279,25,10,20
44,9129,0.83650649736066,8.486946073906638e-07,0.12763660357188017,0.0358560503728524,25,10,20
44,9130,0.8044137253684518,8.669264916310378e-06,0.16246217624918446,0.033115429117448573,25,10,20
44,9131,0.88266903878101,7.642027304479423e-06,0.09007646385337811,0.027246855338307147,25,10,20
44,9132,0.8574282498773629,5.211462411718733e-07,0.09454567673525602,0.048025552241140204,25,10,20
44,9133,0.8212187588188461,5.176297374562799e-07,0.11324957333352995,0.0655311502178866,25,10,20
44,9134,0.9021465188845409,2.3221139044356958e-07,0.035410693197282794,0.062442555706785766,25,10,20
44,9135,0.8594609301202216,7.545509947513309e-07,0.13632193092561948,0.0042163844031642295,25,10,20
44,9136,0.9631203890076923,0.00014003554373465292,0.03672230742978862,1.7268018784002736e-05,25,10,20
44,9137,0.9026096686210969,0.00015661463957069167,0.0970732520923654,0.0001604646469673,25,10,20
44,9138,0.901959948146294,0.00017062597094550557,0.09773337210868004,0.0001360537740809664,25,10,20
44,9139,0.8823460450297399,6.854941548590258e-05,0.11752867432377802,5.673123099618553e-05,25,10,20
44,9140,0.9047591909736361,0.00017699381792338418,0.0950568300417249,6.985166715418994e-06,25,10,20
44,9141,0.9482259901350194,2.101190991260442e-05,0.05152626751088241,0.00022673044418580716,25,10,20
44,9142,0.9283578150099326,2.4513211338522177e-05,0.07153889403186137,7.877774686756455e-05,25,10,20
44,9143,0.9188035222486256,7.805056123636424e-06,0.08074997922873572,0.0004386934665145058,25,10,20
44,9144,0.9166991526282042,2.1465603335102898e-05,0.0831158013230555,0.00016358044540454715,25,10,20
44,9145,0.9802646531371244,2.115650247793919e-06,0.01972837492738338,4.85628524461673e-06,25,10,20
44,9146,0.9525247856631084,2.1848638626478966e-07,0.047467913105526796,7.082744979156945e-06,25,10,20
44,9147,0.9786914163778145,5.898571981073818e-07,0.0212988000344059,9.193730581648472e-06,25,10,20
44,9148,0.9262834503745012,2.4284676968570302e-05,0.0736713185796327,2.094636889716926e-05,25,10,20
44,9149,0.9168584951464499,0.00013747804421899754,0.08299269490444695,1.133190488515627e-05,25,10,20
44,9150,0.9748102381981929,6.182663520531393e-05,0.025124250501036612,3.6846655649089507e-06,25,10,20
44,9151,0.9407590562947824,6.960321120069406e-07,0.035659388442397764,0.02358085923070839,25,10,20
44,9152,0.9453846029998489,1.904721692524627e-05,0.03100918418164552,0.023587165601580445,25,10,20
44,9153,0.9050129291949709,1.8661009737446705e-05,0.05604006753155456,0.0389283422637368,25,10,20
44,9154,0.8572556640431468,1.892491912209139e-05,0.10314529986224309,0.0395801111754876,25,10,20
44,9155,0.8293330188748007,8.006785969406948e-06,0.13467402724689592,0.0359849470923336,25,10,20
44,9156,0.8803555732819187,2.775358807965481e-06,0.11958432642315547,5.7324936117457885e-05,25,10,20
44,9157,0.8915818343037377,0.00046991613125686656,0.10789641773966498,5.183182534050713e-05,25,10,20
44,9158,0.8427724987708146,0.00022357208964919744,0.15153328141994243,0.005470647719594499,25,10,20
44,9159,0.9091567417408983,5.693542789388124e-06,0.08536501936613122,0.0054725453501813315,25,10,20
44,9160,0.8651332711470435,6.56048405322957e-07,0.1292379270945898,0.0056281457099622,25,10,20
44,9161,0.8868253445279278,7.587423364476464e-07,0.10746578891591126,0.005708107813824828,25,10,20
44,9162,0.9190840694597623,8.03609722048032e-06,0.0802421158074012,0.000665778635616031,25,10,20
44,9163,0.9744435915111525,4.285892810717299e-06,0.025124817590681765,0.0004273050053545054,25,10,20
44,9164,0.9147183600906176,4.4223171627599875e-05,0.08443991007597612,0.000797506661779798,25,10,20
44,9165,0.9110948765620732,2.3514256232498448e-05,0.08740742603632143,0.001474183145373066,25,10,20
44,9166,0.9339433337786757,1.6544012408510616e-05,0.06551049243620401,0.0005296297727120338,25,10,20
44,9167,0.9553721630553176,1.011515936922721e-05,0.044088627826259615,0.0005290939590536344,25,10,20
44,9168,0.8795607850585033,1.057401027284071e-05,0.11990019375334768,0.0005284471778753271,25,10,20
44,9169,0.8842168352774316,0.0005111926361611849,0.11431087482975402,0.0009610972566521233,25,10,20
44,9170,0.9199191050542929,0.0001406618526485851,0.0778079774844563,0.0021322556086022463,25,10,20
44,9171,0.9056979510098607,9.20723524598477e-06,0.09378459298242538,0.0005082487724679048,25,10,20
44,9172,0.8315222917664165,1.0353769418452886e-05,0.16773806705346453,0.0007292874107019258,25,10,20
44,9173,0.8618802684205756,7.2573704999247076e-06,0.13771967500672855,0.0003927992021965914,25,10,20
44,9174,0.9141944282159328,1.2909808708396348e-06,0.08554323764355161,0.0002610431596450905,25,10,20
44,9175,0.9100600993375548,5.741636467595318e-07,0.08993199653163651,7.3299671617434475e-06,25,10,20
44,9176,0.9519389484023205,1.330474250359193e-06,0.04785920797731811,0.00020051314611132902,25,10,20
44,9177,0.8997983119847075,6.064169545026805e-05,0.09994537739081759,0.00019566892902459328,25,10,20
44,9178,0.8351880369444106,6.068015624009786e-05,0.16473124364392747,2.0039255421413077e-05,25,10,20
44,9179,0.8002849382230188,6.253053573669142e-05,0.19963949530139613,1.3035939848171353e-05,25,10,20
44,9180,0.8488297520934988,4.1553808188221594e-05,0.1511135989234216,1.50951748918077e-05,25,10,20
44,9181,0.9173506126727653,9.323336127918873e-07,0.08262052434668847,2.7930646933566903e-05,25,10,20
44,9182,0.8248806740080569,2.0749975629361877e-06,0.17443950375596448,0.0006777472384160413,25,10,20
44,9183,0.9067053761218289,9.882452576907055e-06,0.09292688719410919,0.0003578542314849571,25,10,20
44,9184,0.9355679481403782,6.382017116324679e-06,0.06438541052042729,4.0259322077881714e-05,25,10,20
44,9185,0.9064912284135125,6.432927739425751e-07,0.09349889844887643,9.229844837942887e-06,25,10,20
44,9186,0.9576096117030184,1.0906568557323695e-06,0.04235391952185322,3.537811827255167e-05,25,10,20
44,9187,0.915570815238736,1.656656951016257e-06,0.08132015214625589,0.0031073759580570776,25,10,20
44,9188,0.8868328444986683,1.781324580439013e-05,0.10295325215704007,0.010196090098486977,25,10,20
44,9189,0.923318853947267,4.1718491073519247e-07,0.07666139952180227,1.932934601950481e-05,25,10,20
44,9190,0.9123741228579886,1.2974321672064747e-07,0.0876194530052307,6.2943935639868415e-06,25,10,20
44,9191,0.8789354207879887,2.8860570007000093e-06,0.0824944730330375,0.03856722012197299,25,10,20
44,9192,0.8530415076757459,2.3085040381943246e-06,0.10799640976635186,0.038959774053864256,25,10,20
44,9193,0.8819990648187193,8.248370715395593e-07,0.079202225867096,0.03879788447711272,25,10,20
44,9194,0.9004852236990818,5.747450345005665e-07,0.060157835580560544,0.039356365975323014,25,10,20
44,9195,0.8181497864365226,1.2255231646853711e-06,0.14224845519852095,0.0396005328417919,25,10,20
44,9196,0.8656302509075554,1.6364285125259402e-05,0.1285090496791674,0.005844335128151728,25,10,20
44,9197,0.9174117486985081,2.561353466068965e-06,0.07725222804094116,0.0053334619070849465,25,10,20
44,9198,0.9755376893546971,7.058181926251661e-06,0.02444856292583903,6.689537537735861e-06,25,10,20
44,9199,0.9724306157386386,4.854628148589429e-07,0.027549705913899297,1.9192884646990077e-05,25,10,20
44,9200,0.9594826668802855,1.6233642052963715e-05,0.04047724185719187,2.3857620469458366e-05,25,10,20
44,9201,0.959943710609735,1.666402963277544e-05,0.03893021394787506,0.0011094114127575823,25,10,20
44,9202,0.9663810618851394,1.712362697300182e-05,0.032458120241961826,0.001143694245925903,25,10,20
44,9203,0.9543155836326866,2.314070248375839e-05,0.04507596988453878,0.0005853057802905609,25,10,20
44,9204,0.9545783939849621,1.2918346714048842e-06,0.04539702947205455,2.3284708311676184e-05,25,10,20
44,9205,0.935876776126965,6.343472204920562e-06,0.0640947292256302,2.2151175199530334e-05,25,10,20
44,9206,0.8950986211950397,2.828792534819258e-06,0.10489261892721684,5.931085208391886e-06,25,10,20
44,9207,0.9144122183903426,1.6749628768539272e-06,0.08531367100898571,0.0002724356377951623,25,10,20
44,9208,0.9055426622785508,8.947127228037663e-07,0.09070121423897887,0.0037552287697470575,25,10,20
44,9209,0.9631447550234532,8.513893570763545e-07,0.036428606055665363,0.0004257875315245393,25,10,20
44,9210,0.8987666185169608,6.307446670873507e-05,0.1006971253724478,0.00047318164388257143,25,10,20
44,9211,0.8676421407420852,1.5247448045550178e-05,0.13227892612229497,6.368568757420352e-05,25,10,20
44,9212,0.8951230997856391,5.356147202741253e-06,0.10486868907822401,2.854988934089749e-06,25,10,20
44,9213,0.8696208950110156,9.748194933492498e-06,0.13031494174303432,5.441505101538238e-05,25,10,20
44,9214,0.9483289625092695,5.773816787740108e-07,0.05166129701867208,9.16309038002401e-06,25,10,20
44,9215,0.8925444770564093,4.441834216881199e-06,0.10742711799632457,2.3963113049207935e-05,25,10,20
44,9216,0.9152172715181119,2.0320352534706594e-06,0.08477413123784913,6.565208785479613e-06,25,10,20
44,9217,0.9127856489312819,1.8966290230532762e-06,0.08717595465354994,3.6499786145250003e-05,25,10,20
44,9218,0.8036254812415201,6.828977561010538e-07,0.19635387495583367,1.9960904889708966e-05,25,10,20
44,9219,0.8980970122546524,1.0192080201163575e-05,0.10066842000607032,0.0012243756590756831,25,10,20
44,9220,0.9280481277203212,9.62479832719757e-07,0.07194916696143806,1.742838408586505e-06,25,10,20
44,9221,0.9525591803119496,3.0605608797598276e-06,0.047398854381844505,3.89047453266437e-05,25,10,20
44,9222,0.9603938983572882,7.10799160474929e-06,0.03910670003715721,0.0004922936139506302,25,10,20
44,9223,0.8795815956468688,1.2330574110003677e-06,0.1194194072017059,0.0009977640940143895,25,10,20
44,9224,0.8737399560228699,2.009315001508279e-06,0.1256279210023816,0.0006301136597463312,25,10,20
44,9225,0.9044486842342545,1.7261684734093075e-06,0.09492995022328218,0.0006196393739896226,25,10,20
44,9226,0.9222026067065595,5.488549186593981e-06,0.07778589802297796,6.006721275990508e-06,25,10,20
44,9227,0.9611834773002027,5.506278055714016e-06,0.03876729475167585,4.37216700659904e-05,25,10,20
44,9228,0.896796338028544,8.294928322625503e-06,0.10315698055502498,3.8386488108203786e-05,25,10,20
44,9229,0.8457494522208833,3.4808322908443663e-06,0.15418982614205537,5.7240804770344705e-05,25,10,20
44,9230,0.866770274365936,3.545900061274753e-06,0.13288507676360298,0.0003411029703997727,25,10,20
44,9231,0.9010328229517945,1.114082670103377e-05,0.0989079489796428,4.8087241861742055e-05,25,10,20
44,9232,0.8972813703965535,1.7092020925149226e-06,0.10271266759974475,4.252801609132463e-06,25,10,20
44,9233,0.9064740552687083,2.361413398364891e-06,0.09351180494346557,1.1778374427788768e-05,25,10,20
44,9234,0.8937447891020323,7.631821258152435e-06,0.10505425324995805,0.0011933258267514393,25,10,20
44,9235,0.8655507742259212,3.507010652424204e-05,0.13364658234717894,0.0007675733203756434,25,10,20
44,9236,0.9070087483396513,3.27676131215251e-05,0.09293329126992987,2.519277729674431e-05,25,10,20
44,9237,0.9248736601981712,0.0012151534913331522,0.0738412769715691,6.990933892697536e-05,25,10,20
44,9238,0.9607079605734371,4.657688836366075e-05,0.03920957976173067,3.588277646829767e-05,25,10,20
44,9239,0.9375289601508133,4.67140077482209e-05,0.062401313575417665,2.3012266020247466e-05,25,10,20
44,9240,0.9564729919336358,1.7771729466722683e-05,0.04348609661209096,2.3139724806066457e-05,25,10,20
44,9241,0.9337176625168294,1.879586120391712e-05,0.06612795102430796,0.00013559059765826323,25,10,20
44,9242,0.9462612839022099,3.2900521303748932e-06,0.05365409044261773,8.133560304170322e-05,25,10,20
44,9243,0.89116903072847,8.892290323495654e-06,0.10864384021440321,0.00017823676680340402,25,10,20
44,9244,0.9450514494694013,4.538793240224125e-06,0.05486911745298726,7.489428437116152e-05,25,10,20
44,9245,0.8845170198687433,9.681419863716548e-05,0.1152389789301898,0.0001471870024299189,25,10,20
44,9246,0.905510685313174,8.226794361112898e-05,0.09430484328411583,0.00010220345909838844,25,10,20
44,9247,0.9101726936307815,8.697721150680757e-05,0.08966921726608995,7.111189162165673e-05,25,10,20
44,9248,0.8654030747707351,1.6470068703760513e-06,0.1345069705160609,8.830770633409882e-05,25,10,20
44,9249,0.9227007454490374,6.0739661169553056e-05,0.07720068906973229,3.782582006000267e-05,25,10,20
44,9250,0.8839724530935038,5.851660925440838e-05,0.11578443463796399,0.00018459565927692693,25,10,20
44,9251,0.900464747472008,2.5712786359276997e-06,0.09925924200724295,0.0002734392421127502,25,10,20
44,9252,0.9599063669100663,1.3453200472659743e-06,0.039953605422529855,0.00013868234735643327,25,10,20
44,9253,0.9321932914845985,7.696063399721382e-07,0.06777011709053209,3.582181852932187e-05,25,10,20
44,9254,0.9108960263244174,5.510154824496565e-07,0.08906044730283842,4.2975357261931174e-05,25,10,20
44,9255,0.935221536365047,5.042929597371499e-07,0.06473253332476164,4.542601723175642e-05,25,10,20
44,9256,0.9074045796113643,2.4463558833440027e-06,0.09255982957449041,3.314445826177345e-05,25,10,20
44,9257,0.9385494194213133,8.544572896106409e-07,0.061419173898053646,3.05522233433348e-05,25,10,20
44,9258,0.9156091246807267,1.8190968699406288e-07,0.08435451331758845,3.618009199790029e-05,25,10,20
44,9259,0.8900991282492794,1.9564376806016288e-07,0.10977179692448179,0.00012887918247038105,25,10,20
44,9260,0.8576877672884754,1.8212611065078404e-07,0.14145622382652076,0.0008558267588935046,25,10,20
44,9261,0.8713935112888959,4.48042056119344e-07,0.12850606540376858,9.997526527963999e-05,25,10,20
44,9262,0.9311955495539153,1.1571626664376618e-05,0.06878823050552008,4.64831389979293e-06,25,10,20
44,9263,0.9399651229433793,8.369141120135556e-07,0.059897528453222035,0.00013651168928655833,25,10,20
44,9264,0.9465191438109015,5.491440359224199e-07,0.05334813187242312,0.0001321751726396078,25,10,20
44,9265,0.9460981756078009,1.805854555470322e-06,0.05389333906335755,6.679474286049221e-06,25,10,20
44,9266,0.9098440766522845,3.987377474234825e-06,0.0901067786402398,4.5157330002032273e-05,25,10,20
44,9267,0.9253791045067986,1.4947526935116983e-07,0.0741766272542936,0.00044411876363859514,25,10,20
44,9268,0.9596500963884605,8.895434158593058e-07,0.040050182178648155,0.0002988318894757383,25,10,20
44,9269,0.9370018937301071,9.106717482956628e-07,0.061044069256979465,0.0019531263411651637,25,10,20
44,9270,0.9060093334127037,1.5122436956802802e-06,0.09204433924480009,0.0019448150988009678,25,10,20
44,9271,0.9518829051155219,1.2233876483659876e-06,0.048079102854044056,3.676864278574288e-05,25,10,20
44,9272,0.904330957058165,3.0716384012839426e-06,0.09336208715947926,0.0023038841439544824,25,10,20
44,9273,0.8147494626330315,0.0006428125813603366,0.1823289626729904,0.0022787621126183454,25,10,20
44,9274,0.9087221857548754,2.8361485328049974e-05,0.09124029995743557,9.152802361065741e-06,25,10,20
44,9275,0.9244963916396154,8.501264854185755e-06,0.0749320865954063,0.0005630205001240704,25,10,20
44,9276,0.9458532643970873,4.4180464045865267e-07,0.05389448179966755,0.00025181199860462776,25,10,20
44,9277,0.8952392428480936,2.39248872838457e-07,0.10427582383763728,0.0004846940653960718,25,10,20
44,9278,0.8826790509764425,1.6619644731221834e-06,0.116483803872245,0.0008354831868399957,25,10,20
44,9279,0.8889746763064141,6.637188126448911e-05,0.11043368270944692,0.0005252691028743636,25,10,20
44,9280,0.9014549332385178,6.683427553732168e-05,0.09846405999046812,1.41724954765628e-05,25,10,20
44,9281,0.9002979617528477,0.0003171353826424155,0.09929251377390771,9.238909060211128e-05,25,10,20
44,9282,0.894509992389246,0.0002960456119607697,0.08535115454084967,0.019842807457943035,25,10,20
44,9283,0.8895089690104895,0.00029721065403347935,0.09035022740931709,0.01984359292616007,25,10,20
44,9284,0.9048993614444065,0.0002970054959941153,0.07496479519859783,0.019838837861001792,25,10,20
44,9285,0.9059313954356877,0.00029565113950934355,0.08929793187319897,0.004475021551603628,25,10,20
44,9286,0.9282620887524954,0.00029580831343729836,0.07133944420887865,0.00010265872518909732,25,10,20
44,9287,0.9186481883593212,9.270691387337089e-06,0.0812831310533773,5.940989591432881e-05,25,10,20
44,9288,0.9459277339786201,5.487150816446764e-06,0.05406422579894432,2.5530716195828483e-06,25,10,20
44,9289,0.944276673186917,7.013949549659298e-07,0.055717165620103135,5.459798024505724e-06,25,10,20
44,9290,0.9525211585372492,9.78868904489327e-07,0.047468089898550316,9.772695296639195e-06,25,10,20
44,9291,0.9265827505374912,1.82206430644835e-06,0.07339173504944092,2.3692348761516374e-05,25,10,20
44,9292,0.8067875383155965,1.6307813147311629e-07,0.19319857720884184,1.3721397430468407e-05,25,10,20
44,9293,0.8301959805247328,2.856708136099223e-06,0.16978009206188488,2.1070705247273337e-05,25,10,20
44,9294,0.8726534107327921,1.0352112781360677e-05,0.12731013088446388,2.6106269962575305e-05,25,10,20
44,9295,0.9299255936529588,4.2244065817655673e-07,0.069832752355858,0.0002412315505251411,25,10,20
44,9296,0.9595335324426515,4.946829921236476e-07,0.04022622036367705,0.0002397525106791771,25,10,20
44,9297,0.8922621092185175,8.479257162094084e-06,0.1074867768210166,0.00024263470330396407,25,10,20
44,9298,0.8631718308765227,0.0003490988593257205,0.13522421855637887,0.0012548517077724567,25,10,20
44,9299,0.8562835073155608,0.00034883129023308173,0.14206406408402267,0.0013035973101828571,25,10,20
44,9300,0.8874450209666436,1.4021736345548885e-06,0.11228492664662192,0.00026865021309883214,25,10,20
44,9301,0.8859175327740374,2.6281339147017983e-05,0.11395297417789964,0.00010321170891587881,25,10,20
44,9302,0.8911751051765776,4.191125949371121e-06,0.10880015949299547,2.054420447780137e-05,25,10,20
44,9303,0.9465118443634136,5.35156695222533e-07,0.05338608811570092,0.00010153236419040215,25,10,20
44,9304,0.9046719909332347,2.3584225213683103e-06,0.09529407104139816,3.15796028453404e-05,25,10,20
44,9305,0.965946195388409,1.2939269748200213e-07,0.034021398442924566,3.227677596843101e-05,25,10,20
44,9306,0.8962272834051198,6.586889053847779e-07,0.10365781115804569,0.000114246747928056,25,10,20
44,9307,0.8904910450477197,5.7159523266415e-07,0.10931745386582895,0.00019092949121810664,25,10,20
44,9308,0.9358895731386522,5.611078289256275e-06,0.06409349102634403,1.1324756714241647e-05,25,10,20
44,9309,0.9369853035986421,3.6677100320086347e-07,0.06301048700165515,3.842628699749934e-06,25,10,20
44,9310,0.8966297921930044,1.9145383724637716e-06,0.10331807955014764,5.021371847551562e-05,25,10,20
44,9311,0.9307016716545524,5.708157295970443e-07,0.06903088462573356,0.00026687290398407366,25,10,20
44,9312,0.902471570413319,5.4428520352749e-05,0.09747144385153836,2.5572147904321002e-06,25,10,20
44,9313,0.9170730164277247,2.8659011089651344e-07,0.0829244205896856,2.276392479880686e-06,25,10,20
44,9314,0.853641635898544,6.045646216644424e-07,0.1462800666694006,7.769286743399941e-05,25,10,20
44,9315,0.8971163747544803,3.8203467525611847e-07,0.10265775361360546,0.00022548959723875478,25,10,20
44,9316,0.8535400734048351,1.239739839500566e-06,0.14617484347751808,0.0002838433778071253,25,10,20
44,9317,0.8944560822408018,0.00024059274339343001,0.1050700889216206,0.00023323609418399096,25,10,20
44,9318,0.9412648110164245,1.5537598045764247e-06,0.05873216659818497,1.4686255861663019e-06,25,10,20
44,9319,0.8832311938825249,1.4381350818361811e-06,0.11633883631523777,0.00042853166715407017,25,10,20
44,9320,0.9255210309356265,1.3781783660263216e-06,0.07429444976990365,0.00018314111610441986,25,10,20
44,9321,0.9480261069088024,4.503639182257825e-06,0.051858988129774054,0.00011040132224159536,25,10,20
44,9322,0.9147092946497648,7.335821794980606e-07,0.08519575093359798,9.422083445762709e-05,25,10,20
44,9323,0.8984951359661985,3.978914173059922e-05,0.10136846818561109,9.660670645915772e-05,25,10,20
44,9324,0.8307598398632027,3.935225517790374e-05,0.15215432570696316,0.017046482174655417,25,10,20
44,9325,0.8317103208488831,1.329778759357757e-05,0.12871448146916012,0.03956189989436354,25,10,20
44,9326,0.8730894884727188,1.7618240014307602e-05,0.12630254102828878,0.0005903522589783233,25,10,20
44,9327,0.9139316491554368,2.8393136984899573e-06,0.08586727380119928,0.0001982377296654193,25,10,20
44,9328,0.8450625234742659,9.389800187559324e-07,0.15491489352163418,2.164402408146617e-05,25,10,20
44,9329,0.891543291576217,7.378172179274924e-07,0.10845514143418637,8.291723785984458e-07,25,10,20
44,9330,0.8870788007341065,3.163025589225831e-07,0.11290728253695305,1.3600426380944273e-05,25,10,20
44,9331,0.9017753898124782,1.8341681698077103e-07,0.0982034251671417,2.1001603562884504e-05,25,10,20
44,9332,0.9298792587529086,8.021224691364644e-06,0.07009652913911397,1.6190883285619782e-05,25,10,20
44,9333,0.8830688286514038,4.650425030282208e-06,0.11691260891395147,1.3912009613444452e-05,25,10,20
44,9334,0.8125335819982052,1.7851911090388808e-05,0.1874290119888274,1.9554101876229982e-05,25,10,20
44,9335,0.9139503350232728,1.4135886828555712e-06,0.08604229389870845,5.9574893358003065e-06,25,10,20
44,9336,0.9220397856656822,2.5140015682618147e-06,0.07175820320147172,0.0061994971312776155,25,10,20
44,9337,0.8951437839334494,4.979078992194697e-07,0.10484654029435571,9.177864295843242e-06,25,10,20
44,9338,0.9309136763886169,1.2982659337147183e-06,0.0690157698968603,6.925544858930809e-05,25,10,20
44,9339,0.8987267299614783,1.2304381714564586e-06,0.10119836847152662,7.367112882320944e-05,25,10,20
44,9340,0.936733998854454,3.2573179318708063e-06,0.06324823621094001,1.450761667360453e-05,25,10,20
44,9341,0.8865028970843811,1.2582680077983351e-05,0.11348367528716756,8.449483728305923e-07,25,10,20
44,9342,0.8622927871509575,2.5102983944800082e-05,0.1376718551780761,1.025468702012381e-05,25,10,20
44,9343,0.8988252585879237,8.415811326257408e-06,0.1011260857237212,4.0239877028289285e-05,25,10,20
44,9344,0.8670410116606213,7.499182074418133e-06,0.13290066906407627,5.082009322742411e-05,25,10,20
44,9345,0.9180171431453833,2.4561764794789503e-06,0.0819524405519218,2.796012621495375e-05,25,10,20
44,9346,0.9439659179736971,5.6196585899313585e-05,0.0559749794584579,2.9059819452553625e-06,25,10,20
44,9347,0.8908614147484155,5.653639709270454e-06,0.10912525564030945,7.675971565201221e-06,25,10,20
44,9348,0.8751285353119432,1.313408242546099e-05,0.12485298942506257,5.34118056884748e-06,25,10,20
44,9349,0.8587225566917678,0.00013722427342373984,0.14103841165104813,0.00010180738375928133,25,10,20
44,9350,0.8492883970592026,4.986397092698744e-06,0.1504847924981543,0.00022182404555053995,25,10,20
44,9351,0.868132104024347,1.7921457732263406e-06,0.1317385606551054,0.00012754317477467087,25,10,20
44,9352,0.8896736528660705,1.7281425854521886e-06,0.11019267466920164,0.00013194432214283974,25,10,20
44,9353,0.8968248503162002,7.614191775462344e-07,0.10305455718887735,0.00011983107574466873,25,10,20
44,9354,0.9698534329868161,6.261268597202387e-07,0.030029872340527387,0.00011606854579660186,25,10,20
44,9355,0.9554002907843239,2.038236588257098e-05,0.04457185818817373,7.468661620111753e-06,25,10,20
44,9356,0.9790050755659611,8.172175232844589e-07,0.020990566722949272,3.5404935662856597e-06,25,10,20
44,9357,0.9666426541934078,1.2877465808293841e-06,0.03335313859977933,2.919460232029961e-06,25,10,20
44,9358,0.9715503764712148,2.345863604381923e-05,0.028416540911189857,9.623981551468113e-06,25,10,20
44,9359,0.9019041561731495,6.499947149157745e-06,0.09622361654046968,0.00186572733923171,25,10,20
44,9360,0.8746945640243247,7.106874495534212e-06,0.1252208844314058,7.74446697740933e-05,25,10,20
44,9361,0.8923466842492982,7.481524568114265e-06,0.10759653408520296,4.930014093062819e-05,25,10,20
44,9362,0.8967751702363074,6.371315617652194e-06,0.10319197679397865,2.6481654096524214e-05,25,10,20
44,9363,0.9239902147901465,1.6032936920643125e-05,0.07595162310857215,4.212916436067344e-05,25,10,20
44,9364,0.8983562182590283,7.1381580051243255e-06,0.1015330659632763,0.00010357761969046808,25,10,20
44,9365,0.8784460604278101,0.0023800629388988376,0.11862969166105537,0.0005441849722351473,25,10,20
44,9366,0.8882386561000757,0.00023176929935255001,0.10990923518287639,0.0016203394176957683,25,10,20
44,9367,0.9274922713142508,0.00020442912082241634,0.07068887925201855,0.0016144203129085024,25,10,20
44,9368,0.9335422450998396,0.00020576845148757665,0.06520487785763558,0.0010471085910371152,25,10,20
44,9369,0.8817383300538044,0.00020675292154073648,0.11696925407404848,0.0010856629506062316,25,10,20
44,9370,0.8668483568501876,5.9854501906962065e-06,0.13313683205913304,8.82564048860181e-06,25,10,20
44,9371,0.8556505161190221,5.987482078759776e-06,0.14433478070878136,8.715690118105671e-06,25,10,20
44,9372,0.872386037774925,2.300228616719336e-06,0.12747626431597495,0.000135397680482939,25,10,20
44,9373,0.8970728807044291,1.7322898395027638e-06,0.10276294108222604,0.0001624459235059037,25,10,20
44,9374,0.9089932647343406,1.2829903005012395e-07,0.09089115116118916,0.00011545580544022555,25,10,20
44,9375,0.9051405651668896,9.089059972030142e-06,0.09441723430628451,0.0004331114668532745,25,10,20
44,9376,0.8796838590594132,1.643432460519545e-05,0.1195559866918911,0.0007437199240903672,25,10,20
44,9377,0.8664480261465453,3.847004103065327e-06,0.13333414607931046,0.0002139807700414641,25,10,20
44,9378,0.92283930895737,1.3096513724681277e-06,0.07712499791570808,3.4383475549563404e-05,25,10,20
44,9379,0.9447848804785894,7.274561620554121e-06,0.05518588353833062,2.1961421459182792e-05,25,10,20
44,9380,0.9550983563391076,1.6152157658033762e-06,0.04487627394236064,2.3754502765873584e-05,25,10,20
44,9381,0.908046585419512,1.4492776147080816e-06,0.08824412125108681,0.0037078440517856015,25,10,20
44,9382,0.9353696300694793,1.057027078991419e-06,0.06131934276043144,0.003309970143009856,25,10,20
44,9383,0.8995585356096094,1.1600433179249807e-06,0.09714990321106656,0.0032904011360067554,25,10,20
44,9384,0.9312570200064083,4.030326999320271e-06,0.06873616543863198,2.784227961245822e-06,25,10,20
44,9385,0.9090503652040673,4.192768265585645e-06,0.09063937018667087,0.00030607184099624193,25,10,20
44,9386,0.9106707918157655,3.4542100779624407e-06,0.0893237441970793,2.0097770776524644e-06,25,10,20
44,9387,0.9254867377129053,8.518813684892016e-06,0.07450318162389359,1.5618495159612e-06,25,10,20
44,9388,0.9260453823587959,7.908983341751968e-06,0.07393404227718142,1.2666380680420862e-05,25,10,20
44,9389,0.9242261487152422,3.419567041961155e-05,0.07571942363933895,2.0231974999115064e-05,25,10,20
44,9390,0.9148076053988214,2.0232666815018983e-06,0.08517314052179542,1.7230812702079048e-05,25,10,20
44,9391,0.9071882060988979,2.7147232232445707e-06,0.09271949146343475,8.958771444416693e-05,25,10,20
44,9392,0.8713794539054162,2.7934916410318267e-05,0.12844267363132858,0.00014993754684429318,25,10,20
44,9393,0.8648807170035958,9.047644663783465e-05,0.13480613531372124,0.00022267123604438488,25,10,20
44,9394,0.9003477480360819,0.000208119507794035,0.09932285354543029,0.00012127891069318109,25,10,20
44,9395,0.9288195727131964,0.00021065439989684899,0.07088250450699403,8.726837991213066e-05,25,10,20
44,9396,0.906481587753567,0.0002134938769053134,0.09298397759022815,0.0003209407792993495,25,10,20
44,9397,0.9367900681635577,0.00029085469076648736,0.06290424903733802,1.4828108338679508e-05,25,10,20
44,9398,0.9634831909321312,3.4402014716135997e-07,0.036507936782933875,8.52826478724892e-06,25,10,20
44,9399,0.9559911539892376,4.7051753151814906e-07,0.044001574389266836,6.801103964003292e-06,25,10,20
44,9400,0.9472244075581329,7.204316000986408e-06,0.05275052982142786,1.785830443849853e-05,25,10,20
44,9401,0.9421993189399401,6.513127693303274e-07,0.05779501420500264,5.015542288451249e-06,25,10,20
44,9402,0.9556892234629771,3.5800121357387158e-06,0.04429462540267666,1.2571122210188462e-05,25,10,20
44,9403,0.9556019402993228,2.181459746276391e-06,0.04439186878831852,4.00945261234961e-06,25,10,20
44,9404,0.946552413459594,4.0879116783958064e-07,0.05344201489326549,5.162855972604289e-06,25,10,20
44,9405,0.8983364474644933,2.5900484357226232e-05,0.10163423162475993,3.4204263899488952e-06,25,10,20
44,9406,0.9452713258024024,4.878522947611803e-05,0.05459811283453484,8.177613358727443e-05,25,10,20
44,9407,0.8976317494223836,0.008418722008273089,0.09386731706879711,8.221150054657033e-05,25,10,20
44,9408,0.8652459074642788,0.00851376837419245,0.1261554373433052,8.488681822300481e-05,25,10,20
44,9409,0.8911581177976984,9.993127102330038e-05,0.10860481085583557,0.0001371400754427316,25,10,20
44,9410,0.8561581075876558,1.3417737058126847e-06,0.14136602078523455,0.002474529853403676,25,10,20
44,9411,0.8847413371044556,1.2936700070500105e-06,0.11284898535900105,0.002408383866536391,25,10,20
44,9412,0.900044296345486,0.0001530633945487795,0.09979515869243422,7.481567531026464e-06,25,10,20
44,9413,0.8987409512248735,2.6108666183594906e-06,0.10113483091129273,0.000121606997215303,25,10,20
44,9414,0.8697288185786511,1.2874011570703098e-05,0.1255217343004518,0.004736573109326511,25,10,20
44,9415,0.8761899448901219,1.1422414588535181e-05,0.12339823527531343,0.00040039741997604974,25,10,20
44,9416,0.8762742473022901,2.1780220312429965e-06,0.12370885593226935,1.4718743409838087e-05,25,10,20
44,9417,0.933648179763591,1.782546671942243e-06,0.06634327000364483,6.767686092028016e-06,25,10,20
44,9418,0.9786228782642632,6.897941984573236e-07,0.021364748838290898,1.168310324750931e-05,25,10,20
44,9419,0.9885877325405319,5.944413253515547e-07,0.011407111952980234,4.5610651625532505e-06,25,10,20
44,9420,0.9794763291483403,8.926623011509825e-07,0.020519086499479314,3.6916898792348034e-06,25,10,20
44,9421,0.9272110594050866,5.450588935474821e-06,0.07275346456260835,3.0025443369546546e-05,25,10,20
44,9422,0.9294885107218116,5.018052318779602e-06,0.07049845929888145,8.011926988487554e-06,25,10,20
44,9423,0.8947859523965266,1.7662133256161935e-06,0.1050214392375597,0.00019084215258886224,25,10,20
44,9424,0.8511594197180665,1.0153064646530344e-05,0.14625934095416587,0.0025710862631215404,25,10,20
44,9425,0.845922597854849,9.536733061372341e-06,0.1514676517336823,0.002600213678407392,25,10,20
44,9426,0.8663586149144133,8.506017742409395e-06,0.13103194644143035,0.0026009326264148426,25,10,20
44,9427,0.8965831360465034,7.637949990323806e-06,0.10336314733396264,4.607866954387206e-05,25,10,20
44,9428,0.8196779698060871,2.7629081383063785e-06,0.18023410067603596,8.516660973955796e-05,25,10,20
44,9429,0.8457533314890122,2.3666419578600188e-06,0.15418848149831174,5.582037071840453e-05,25,10,20
44,9430,0.8565645848908631,2.9765367759849264e-06,0.1433744082609658,5.8030311395078294e-05,25,10,20
44,9431,0.8889227984735963,0.00019231824348650502,0.11083364065010311,5.124263281437465e-05,25,10,20
44,9432,0.8770454057254815,1.7444598909881001e-06,0.12291985287662247,3.299693800483228e-05,25,10,20
44,9433,0.8511460079144416,1.8205758600456024e-06,0.14879670366985195,5.546783984560142e-05,25,10,20
44,9434,0.9641199588856284,2.8217171029045607e-07,0.035858289994377734,2.146894828295492e-05,25,10,20
44,9435,0.9645127421558662,1.2737588574351864e-06,0.03547085825039243,1.5125834883621633e-05,25,10,20
44,9436,0.9303731918179077,2.0771145167602596e-06,0.06959834936082454,2.638170675224022e-05,25,10,20
44,9437,0.9612243633450315,2.9742878765567816e-06,0.03876247272080056,1.0189646291286015e-05,25,10,20
44,9438,0.9636674376812754,1.0963056768710114e-06,0.03632111048539807,1.0355527649611775e-05,25,10,20
44,9439,0.918402726730127,1.6130138336648573e-06,0.08157347794165334,2.2182314385831803e-05,25,10,20
44,9440,0.9494444739127631,6.61556297851937e-05,0.05046414387251231,2.522658493929692e-05,25,10,20
44,9441,0.9370739868340757,6.072853662154209e-05,0.06284202354373872,2.326108556416406e-05,25,10,20
44,9442,0.8681120667126687,1.0783280582019518e-06,0.12555829512400785,0.0063285598352646666,25,10,20
44,9443,0.8415876671261259,9.307797767212954e-06,0.1583985608707963,4.464205311908735e-06,25,10,20
44,9444,0.8596800851677275,4.448779450884951e-06,0.10114773088911515,0.0391677351637075,25,10,20
44,9445,0.941725539802322,1.2626212714659253e-06,0.05770604887484294,0.0005671487015635717,25,10,20
44,9446,0.945498679724035,1.3370924949187669e-06,0.05392822611363762,0.0005717570698323976,25,10,20
44,9447,0.9448006927470648,8.840480150682739e-07,0.05389055714419848,0.0013078660607216375,25,10,20
44,9448,0.8805391563274979,2.1412960276938036e-05,0.1177873301991267,0.0016521005130981864,25,10,20
44,9449,0.9369220782972789,4.4338655889964e-06,0.05981619696092108,0.003257290876210912,25,10,20
44,9450,0.9074699877666117,1.3701140221337326e-06,0.09088034382004134,0.0016482982993250733,25,10,20
44,9451,0.8339045412454652,1.8698981637808226e-06,0.16584936419022203,0.000244224666148595,25,10,20
44,9452,0.8508531647525401,1.990431467967209e-06,0.1489772874477236,0.00016755736826880592,25,10,20
44,9453,0.879037294181277,7.997657298222282e-07,0.12086098925393683,0.00010091679905608662,25,10,20
44,9454,0.9231516354436735,5.295654971003544e-07,0.07674323252401669,0.00010460246681268889,25,10,20
44,9455,0.9235563741903465,4.1333951300614845e-07,0.07641276121702915,3.045125311159842e-05,25,10,20
44,9456,0.9189960131338266,3.146473701520673e-07,0.08099959800890424,4.0742098992531175e-06,25,10,20
44,9457,0.924138008623402,5.10312737841837e-07,0.07585715634206633,4.324721793730901e-06,25,10,20
44,9458,0.9641524154715079,3.54967540997079e-05,0.03580577758329528,6.310191097253781e-06,25,10,20
44,9459,0.9246920765492223,1.7584177266239659e-06,0.07507656095358062,0.0002296040794709217,25,10,20
44,9460,0.8952393590934445,1.4184189476745297e-06,0.1046700540756161,8.916841199209751e-05,25,10,20
44,9461,0.854760183434899,3.8334558824640665e-05,0.145056240824956,0.00014524118132077876,25,10,20
44,9462,0.9146413246591882,3.916602449951975e-05,0.08527485133811236,4.465797820049398e-05,25,10,20
44,9463,0.925674101134466,1.4270075506342088e-06,0.0743156094830967,8.862374886780721e-06,25,10,20
44,9464,0.8930916280859249,1.1274388267445447e-06,0.10640775907372109,0.0004994854015276113,25,10,20
44,9465,0.9524143838895475,2.441135523987327e-06,0.04703581607481226,0.0005473589001165278,25,10,20
44,9466,0.9525588021222541,1.8225231308006847e-06,0.04743305331145629,6.322043159196725e-06,25,10,20
44,9467,0.9101847584069358,1.2948856490901963e-05,0.08978946984964851,1.2822886924399089e-05,25,10,20
44,9468,0.8669488577076713,1.423667320273973e-05,0.09397600659844742,0.03906089902067842,25,10,20
44,9469,0.9001358591920158,8.225181570808849e-06,0.07507104566947002,0.024784869956943543,25,10,20
44,9470,0.8574874952294645,5.370106327812173e-06,0.14116002629678942,0.0013471083674172113,25,10,20
44,9471,0.9390837358062675,2.493741601586543e-06,0.06072902952299462,0.0001847409291361012,25,10,20
44,9472,0.9237646478157581,4.354999218653768e-06,0.07622593468323173,5.062501791519928e-06,25,10,20
44,9473,0.9185705287222917,1.869538690084966e-05,0.08136627631002297,4.449958078425401e-05,25,10,20
44,9474,0.9086004778635781,3.7214677577281e-06,0.09132805631578417,6.774435287998732e-05,25,10,20
44,9475,0.8360958334701303,2.8379626981779275e-06,0.16389225811945685,9.070447715434872e-06,25,10,20
44,9476,0.8868374546319252,9.26196630957554e-07,0.11308525367077507,7.636550066893619e-05,25,10,20
44,9477,0.9321878289831363,3.082081070829557e-05,0.06776892026105966,1.242994509503566e-05,25,10,20
44,9478,0.896115204633379,3.0069715405715343e-05,0.103851356443076,3.3692081389555056e-06,25,10,20
44,9479,0.9582866552255104,3.152874862744877e-05,0.04167360739258376,8.208633278781741e-06,25,10,20
44,9480,0.9271373533795546,3.743605715980957e-05,0.07279501666816206,3.019389512357467e-05,25,10,20
44,9481,0.9675107094931288,1.4578893595050124e-06,0.032211568364815264,0.0002762642526962178,25,10,20
44,9482,0.9302577298255317,1.8852726115944802e-06,0.0694792526511492,0.00026113225070737106,25,10,20
44,9483,0.9252942396231366,1.7197544241960876e-06,0.07437957699724494,0.0003244636251937581,25,10,20
44,9484,0.9495497279492179,5.514353540296708e-07,0.05037756568072444,7.215493470341695e-05,25,10,20
44,9485,0.9114938102117368,8.622088098558513e-07,0.08842628048596858,7.904709348475477e-05,25,10,20
44,9486,0.8962891012841513,4.6448768809513543e-07,0.10370425567305762,6.178555102842874e-06,25,10,20
44,9487,0.9637142952280391,6.347247593561812e-07,0.03628060453898257,4.465508219138169e-06,25,10,20
44,9488,0.9822557509476789,3.4982191555482125e-07,0.01773673584975426,7.1633806510996645e-06,25,10,20
44,9489,0.8781238761617831,3.3507278826737136e-06,0.1218248625129748,4.7910597359962955e-05,25,10,20
44,9490,0.8781165779556391,2.559821132644708e-06,0.12157426650719882,0.00030659571602945096,25,10,20
44,9491,0.8492613592275573,1.1734661664147801e-06,0.15041326053301207,0.00032420677326371104,25,10,20
44,9492,0.94781286163159,9.815272034387814e-07,0.05212489243326437,6.126440794239859e-05,25,10,20
44,9493,0.8630852804383412,1.9455130943316305e-06,0.13407767219556718,0.0028351018529974743,25,10,20
44,9494,0.8627125048020597,0.0003101977389067009,0.1310755046166855,0.005901792842348546,25,10,20
44,9495,0.9157837861476642,0.0003103426089692199,0.08389803836815446,7.832875211857039e-06,25,10,20
44,9496,0.8159428873491271,0.0003107828781400885,0.18193241116242476,0.0018139186103074973,25,10,20
44,9497,0.8517545418308491,3.0728166365421325e-05,0.1477509724640366,0.0004637575387482501,25,10,20
44,9498,0.8412219178445446,6.907752543998682e-06,0.1583054626171694,0.0004657117857409989,25,10,20
44,9499,0.8789567436998463,1.0053650099597408e-06,0.12102722369740546,1.5027237737139437e-05,25,10,20
44,9500,0.9538809828102361,2.8400918048575553e-06,0.04609600813686403,2.0168961094795268e-05,25,10,20
44,9501,0.9297249359922978,2.004882249832594e-06,0.07025517711632154,1.7882009130014083e-05,25,10,20
44,9502,0.9279872586554946,9.86578376729378e-07,0.07198815020921984,2.3604556908404188e-05,25,10,20
44,9503,0.9334233262541582,2.291380077315605e-05,0.06640469024226543,0.0001490697028033142,25,10,20
44,9504,0.9387621826967174,2.2815702428901087e-07,0.06121338681335305,2.4202332905746267e-05,25,10,20
44,9505,0.8758782552928523,2.518763270364058e-07,0.12385844749562512,0.0002630453351958624,25,10,20
44,9506,0.8339731776636252,5.063767914478006e-06,0.16574896229503366,0.000272796273425988,25,10,20
44,9507,0.875433507170561,3.817132519734418e-06,0.12428590791680195,0.00027676778011619037,25,10,20
44,9508,0.8090915379823431,3.6824712835577185e-05,0.18962454343935523,0.0012470938654659297,25,10,20
44,9509,0.8471095254143325,3.6459817935434767e-05,0.15284245829121582,1.155647651604509e-05,25,10,20
44,9510,0.934949939263096,2.211266811143846e-05,0.06502301723096264,4.930837830455404e-06,25,10,20
44,9511,0.9313571351542396,2.231874368758222e-05,0.068614820936184,5.725165889074139e-06,25,10,20
44,9512,0.873913335207945,4.17364793695653e-05,0.1259523293364824,9.259897620244554e-05,25,10,20
44,9513,0.8827958332937783,1.267952374024519e-06,0.07824076629443215,0.038962132459415745,25,10,20
44,9514,0.8485996479167267,1.418483932658592e-06,0.15010373891591572,0.001295194683424247,25,10,20
44,9515,0.8979706855365318,2.3071119870792172e-07,0.10070551787614973,0.0013235658761189845,25,10,20
44,9516,0.8748081877829214,9.444438123587331e-07,0.12342138666204132,0.0017694811112255382,25,10,20
44,9517,0.8783366260625933,1.1518924474000918e-07,0.11981003227367042,0.001853226474491672,25,10,20
44,9518,0.9155174714812138,5.883004167723594e-07,0.08439729811238098,8.464210598834659e-05,25,10,20
44,9519,0.8928736900396198,8.707366354037283e-05,0.10702049549960714,1.8740797231869127e-05,25,10,20
44,9520,0.939867093576198,8.717780247857329e-05,0.060023210487599225,2.2518133724262465e-05,25,10,20
44,9521,0.9346983581820045,8.828670512796841e-05,0.06520203614388857,1.131896897874535e-05,25,10,20
44,9522,0.9607059117759864,1.364523087021705e-06,0.03928125114654451,1.1472554381945183e-05,25,10,20
44,9523,0.934535744530421,3.9622163217359515e-06,0.06499643848028454,0.0004638547729728384,25,10,20
44,9524,0.9601807819461938,3.175914527198101e-07,0.039789884723088226,2.901573926561163e-05,25,10,20
44,9525,0.9317057507005194,8.022690679845773e-06,0.0682377316685656,4.849494023572627e-05,25,10,20
44,9526,0.9480759531639681,2.3887528727018015e-07,0.05191435826425843,9.449696486742695e-06,25,10,20
44,9527,0.9484074962073984,2.842171807765332e-07,0.05054493480350189,0.0010472847719192313,25,10,20
44,9528,0.9679035224808504,1.5984821926074815e-06,0.030851242498069274,0.0012436365388881836,25,10,20
44,9529,0.9290247351767068,4.273696636739925e-06,0.07088299401560043,8.799711105589525e-05,25,10,20
44,9530,0.9084528735033358,2.5837716512424068e-06,0.0910407621051222,0.0005037806198907516,25,10,20
44,9531,0.9569365889031921,1.194726387821666e-05,0.042912285195565295,0.0001391786373645985,25,10,20
44,9532,0.9455133992038474,4.5327862524981197e-07,0.052003120744163196,0.002483026773364075,25,10,20
44,9533,0.8883370054240903,2.0695246329010304e-05,0.08978807301375062,0.021854226315830127,25,10,20
44,9534,0.8904838212656433,8.38055689070495e-05,0.08758654726845526,0.0218458258969948,25,10,20
44,9535,0.8934586481586299,0.00032371142674276294,0.06704578735882366,0.039171853055804125,25,10,20
44,9536,0.886087508762764,2.7980201906363084e-06,0.07462229143041962,0.039287401786627034,25,10,20
44,9537,0.862389971458602,3.4158436233334548e-06,0.09755304620429962,0.040053566493475176,25,10,20
44,9538,0.8290151937604371,8.16760138664466e-06,0.13466922608843887,0.036307412549736996,25,10,20
44,9539,0.8328510934000737,3.1923191783114303e-07,0.13092024600023977,0.03622834136776907,25,10,20
44,9540,0.8412215247090535,9.69621795304467e-07,0.12331643918170036,0.0354610664874511,25,10,20
44,9541,0.9099691261130376,3.0233190992884354e-07,0.0545893706869008,0.035441200868151716,25,10,20
44,9542,0.9332691571999114,4.5908910911578084e-07,0.027175644775004913,0.039554738935974255,25,10,20
44,9543,0.8809562102409945,3.1832255912745296e-05,0.11310761247863191,0.005904345024460719,25,10,20
44,9544,0.8832932937705158,1.6287175258080802e-05,0.1111671095181403,0.005523309536085738,25,10,20
44,9545,0.8854278924515484,1.1878421352931943e-05,0.1145445546920207,1.5674435077959834e-05,25,10,20
44,9546,0.8881000840211871,2.2493919575194785e-06,0.11187617934718089,2.1487239674494426e-05,25,10,20
44,9547,0.900400781470112,2.4861535865597295e-06,0.09958155024277504,1.5182133526676162e-05,25,10,20
44,9548,0.8501195243954197,1.0236066216457822e-06,0.14973425112299465,0.00014520087496487036,25,10,20
44,9549,0.9289930507090309,6.647608539506464e-07,0.07086074583480591,0.00014553869530884093,25,10,20
44,9550,0.8432842559358248,9.83038867116144e-07,0.15645995447655792,0.000254806548750376,25,10,20
44,9551,0.8277729861600162,5.615697966049421e-07,0.17194146929020396,0.0002849829799825155,25,10,20
44,9552,0.8988973917834383,1.1351635134293281e-05,0.10108320886745165,8.047713974964755e-06,25,10,20
44,9553,0.9863141101712862,2.302866791789134e-06,0.01367673991611582,6.847045806017426e-06,25,10,20
44,9554,0.908772953235574,7.352280414963037e-05,0.09115036661394017,3.157346334427915e-06,25,10,20
44,9555,0.8687348417295385,5.40666574872883e-06,0.13124570153486748,1.4050069844464789e-05,25,10,20
44,9556,0.8538021579547707,1.826664950660482e-07,0.14618658917558774,1.107020314647151e-05,25,10,20
44,9557,0.8684464554935438,1.098255777323801e-06,0.13154352903428568,8.91721639306139e-06,25,10,20
44,9558,0.9050848500664042,2.340993109365941e-06,0.09490838033667169,4.428603814728504e-06,25,10,20
44,9559,0.8849882271659523,4.921922995813226e-07,0.11499859316588733,1.2687475860488074e-05,25,10,20
44,9560,0.8573417683379391,2.620726780442714e-06,0.13961148787816943,0.0030441230571114724,25,10,20
44,9561,0.8655849038001325,2.1024226540044327e-06,0.13417412642230864,0.00023886735490479536,25,10,20
44,9562,0.8669119499403151,7.967547360552311e-06,0.13271523200767474,0.00036485050464999085,25,10,20
44,9563,0.8871565669791905,2.749586043807501e-07,0.11229602716172657,0.0005471309004791376,25,10,20
44,9564,0.8305085661789195,3.563608769718819e-07,0.1687946260120239,0.0006964514481785525,25,10,20
44,9565,0.8707551739720575,5.469349109816016e-06,0.1290706565715725,0.00016870010726076985,25,10,20
44,9566,0.9191646460623268,1.615848357434638e-05,0.0808107437458664,8.451708232232637e-06,25,10,20
44,9567,0.9830520188787224,1.786608905055236e-06,0.01682071653191893,0.00012547798045342562,25,10,20
44,9568,0.88105713804595,3.1368920350152706e-05,0.11864130474435845,0.0002701882893413351,25,10,20
44,9569,0.8466053614413791,2.113840334115556e-05,0.15298092437660998,0.00039257577867068564,25,10,20
44,9570,0.908114858568584,2.1129042337823125e-05,0.09171753473039548,0.0001464776586827365,25,10,20
44,9571,0.9424301917701347,1.551230191282275e-05,0.05755056164631998,3.7342816326201038e-06,25,10,20
44,9572,0.9316881627073272,4.58781283349553e-05,0.06821954754350458,4.641162083261733e-05,25,10,20
44,9573,0.8680137309650726,3.022755809654243e-05,0.13181389325166395,0.00014214822516638977,25,10,20
44,9574,0.9133557002065897,3.0148467174707234e-05,0.08655778958941697,5.6361736819117335e-05,25,10,20
44,9575,0.9647051505162635,7.372753343747881e-07,0.03527623156625888,1.788064214280767e-05,25,10,20
44,9576,0.9092417783743977,4.965003172313392e-05,0.09050867063272673,0.00019990096115191281,25,10,20
44,9577,0.8513733710791491,4.953828148492435e-05,0.14839066686533017,0.00018642377403536248,25,10,20
44,9578,0.9689250046088732,1.3706161613868015e-07,0.03099024317061725,8.461515889301549e-05,25,10,20
44,9579,0.9365909876442227,2.8737405588673927e-06,0.06331326904499529,9.286957022232759e-05,25,10,20
44,9580,0.9516632489106485,4.1269306542079493e-07,0.0473148674608505,0.0010214709354354503,25,10,20
44,9581,0.8699344013159367,3.5602954649733656e-05,0.12983704975708166,0.0001929459723317898,25,10,20
44,9582,0.9286728394273949,1.6111496866467524e-06,0.06850686088373914,0.002818688539179024,25,10,20
44,9583,0.911394878688028,1.5494594620212002e-06,0.08836337464762302,0.00024019720488685834,25,10,20
44,9584,0.9053853421182483,2.5668605329103647e-06,0.09460010915730756,1.1981863911291565e-05,25,10,20
44,9585,0.8770409421701356,2.405262527056294e-05,0.1229235812094409,1.142399515275547e-05,25,10,20
44,9586,0.918460020541622,2.0009873901742124e-06,0.08153115518200828,6.8232889794722026e-06,25,10,20
44,9587,0.9152838852919006,8.600279255481128e-07,0.08468680588610439,2.8448794069516717e-05,25,10,20
44,9588,0.9108431523993569,3.1429798330200834e-06,0.08913295369099154,2.0750929818296918e-05,25,10,20
44,9589,0.8944073061568011,1.7311063202166127e-06,0.10557878154332259,1.2181193555796718e-05,25,10,20
44,9590,0.9290594790388701,3.8701427684408844e-05,0.07089212299522064,9.696538224903228e-06,25,10,20
44,9591,0.8393833004028386,3.859324599856265e-05,0.16054720588349355,3.090046767012458e-05,25,10,20
44,9592,0.8586255386656981,3.60630126892631e-05,0.14130307469307893,3.532362853321349e-05,25,10,20
44,9593,0.8883025005414075,2.1254722933452375e-06,0.11166243463890904,3.293934738906974e-05,25,10,20
44,9594,0.9369624349651727,2.3480573654639427e-06,0.06295564920211043,7.956777535145874e-05,25,10,20
44,9595,0.9289743325994784,3.1067564750393665e-07,0.07090593151917178,0.0001194252057023972,25,10,20
44,9596,0.864794107911055,1.5418707207538374e-06,0.13520172519817236,2.6250200520791524e-06,25,10,20
44,9597,0.8781864134323146,4.228236125194964e-06,0.121791776540789,1.7581790771782135e-05,25,10,20
44,9598,0.8944372072129159,5.950415487458026e-06,0.10550657396625084,5.026840534587454e-05,25,10,20
44,9599,0.8652270160803878,2.5647879043346985e-06,0.13476814184470354,2.2772870053208688e-06,25,10,20
44,9600,0.8630647236721078,1.310677359821004e-05,0.13672179566056805,0.00020037389372703089,25,10,20
44,9601,0.9161278948985115,1.048025363778115e-05,0.08123183364068694,0.0026297912071636094,25,10,20
44,9602,0.9089505146324051,8.683956472252902e-07,0.09092839815830865,0.0001202188136387094,25,10,20
44,9603,0.8662423690600152,8.690360704541364e-07,0.13366372816769923,9.303373621463812e-05,25,10,20
44,9604,0.8764376035874628,5.697764379411297e-06,0.1234607469876658,9.595166049263342e-05,25,10,20
44,9605,0.9140785700303071,1.790048227532822e-06,0.08583797383506354,8.166608640192926e-05,25,10,20
44,9606,0.9402507469288933,1.86769248480511e-06,0.059743192485438384,4.192893183727385e-06,25,10,20
44,9607,0.8991737254780368,4.583874045620289e-07,0.10080759976075825,1.821637379944517e-05,25,10,20
44,9608,0.9451356747365817,5.117802692704981e-07,0.05482078107716675,4.303240598260196e-05,25,10,20
44,9609,0.94464622440711,1.508455722749063e-06,0.055334217812013774,1.804932515337719e-05,25,10,20
44,9610,0.8902091282461844,8.106488421628451e-05,0.10964524271369927,6.456415590030607e-05,25,10,20
44,9611,0.8227826161019339,4.197362713837917e-05,0.1771722752336279,3.1350372995386235e-06,25,10,20
44,9612,0.9064250562828713,7.597773146020642e-06,0.09252079724147869,0.0010465487025037095,25,10,20
44,9613,0.8837908547275509,9.658258843598156e-05,0.11605480009220055,5.776259181237321e-05,25,10,20
44,9614,0.8396987291752775,1.116949819116592e-06,0.16017531679029332,0.00012483708461008308,25,10,20
44,9615,0.8385432594362763,1.3155631825913978e-06,0.16139645282039755,5.897218014380686e-05,25,10,20
44,9616,0.8983145912550059,2.980116173858606e-07,0.10167893699713487,6.17373624175117e-06,25,10,20
44,9617,0.9231799561925976,4.060259413552352e-07,0.07669319969989234,0.0001264380815689468,25,10,20
44,9618,0.8700048984368736,2.0878820866765476e-06,0.12997113147231473,2.1882208726448233e-05,25,10,20
44,9619,0.899913091130688,2.783951377049737e-07,0.10007666626750808,9.964206666076369e-06,25,10,20
44,9620,0.9389734121316328,1.6401527858310949e-06,0.06101444412748948,1.0503588091920349e-05,25,10,20
44,9621,0.971879375270368,4.201020169685461e-07,0.028112627011349395,7.577616265448189e-06,25,10,20
44,9622,0.9227347232953632,8.199385503895352e-06,0.07723706360137296,2.00137177593787e-05,25,10,20
44,9623,0.9201039123729725,1.2172363245403693e-06,0.07987374431570825,2.112607499446841e-05,25,10,20
44,9624,0.8960568281789268,9.56604877065076e-07,0.10364576276748887,0.0002964524487067198,25,10,20
44,9625,0.8763234978928152,0.00020654628855535647,0.12329022439703038,0.00017973142159876708,25,10,20
44,9626,0.9001706586086184,7.704967769546523e-07,0.09965029985561744,0.00017827103898658805,25,10,20
44,9627,0.9292569423425053,3.931073617786084e-06,0.06961010151370338,0.0011290250701729225,25,10,20
44,9628,0.9297630364746742,8.438098526272474e-06,0.07019105037571967,3.747505107967062e-05,25,10,20
44,9629,0.9707902452702534,1.8593275224538077e-06,0.029168359119302056,3.95362829223263e-05,25,10,20
44,9630,0.9799337150149522,1.4944447948776116e-07,0.020063721050506165,2.4144900629490336e-06,25,10,20
44,9631,0.8947556191691239,2.3886759285961757e-06,0.10522187285720838,2.01192977391432e-05,25,10,20
44,9632,0.8673003825745903,5.758663903320817e-05,0.12976098288244267,0.0028810479039331448,25,10,20
44,9633,0.9062168551488559,0.0001020607502554703,0.0936785696433914,2.514457496309375e-06,25,10,20
44,9634,0.9159765460194403,0.0005377602506261473,0.08346844586767965,1.724786225367233e-05,25,10,20
44,9635,0.9421516054989973,0.0005486417413239937,0.05729121933552708,8.53342415065387e-06,25,10,20
44,9636,0.925805328661996,0.0005381419540288731,0.07363273989796063,2.378948601416674e-05,25,10,20
44,9637,0.9564246562078317,3.2134080470836586e-06,0.043566252533770645,5.877850350224285e-06,25,10,20
44,9638,0.9610991468588694,1.3512745782130112e-06,0.038601185861658706,0.00029831600489356523,25,10,20
44,9639,0.9248950757297985,2.2977028714993483e-06,0.0748058451050125,0.00029678146231728014,25,10,20
44,9640,0.8416109497195712,8.858230650534983e-05,0.15679496210253288,0.001505505871389811,25,10,20
44,9641,0.9463331639528044,1.17803476423925e-06,0.05363914722332835,2.651078910280532e-05,25,10,20
44,9642,0.9488812298468818,0.0001598160385177106,0.0461382458869695,0.004820708227631275,25,10,20
44,9643,0.9510384053560204,0.00015962155024110933,0.04262402167326007,0.006177951420478483,25,10,20
44,9644,0.9344688950031405,1.0519366000236257e-06,0.06464054004506566,0.0008895130151938545,25,10,20
44,9645,0.9254936091785069,5.924300651859521e-07,0.07448663929973509,1.9159091692853347e-05,25,10,20
44,9646,0.9190503761235957,1.7763803172004174e-06,0.08079870778629016,0.00014913970979693248,25,10,20
44,9647,0.954366047086265,2.810808627202519e-06,0.04556022426654566,7.091783856215701e-05,25,10,20
44,9648,0.9447680951142984,2.798472981297216e-06,0.055200380461529,2.8725951191601687e-05,25,10,20
44,9649,0.9017904424181704,4.342266228449771e-06,0.09819187697863332,1.3338336968312279e-05,25,10,20
44,9650,0.8930092135514696,1.4260889763512258e-06,0.10698082922836503,8.531131189164902e-06,25,10,20
44,9651,0.9019023770448458,4.2600105183958586e-07,0.09808884981936834,8.347134734741696e-06,25,10,20
44,9652,0.9009950857373132,3.9638178370487987e-07,0.09900014031135417,4.377569549608289e-06,25,10,20
44,9653,0.9204779412215324,2.699645814605352e-06,0.07862036463183714,0.0008989945008165559,25,10,20
44,9654,0.9160567566894195,2.763489907929376e-05,0.08390386441491657,1.174399658376437e-05,25,10,20
44,9655,0.9153345793306883,2.7485385832197174e-05,0.0845551076430636,8.282764041667652e-05,25,10,20
44,9656,0.9499458874874049,3.332848181683037e-07,0.0499664961995214,8.728302825561947e-05,25,10,20
44,9657,0.9270669730693119,1.3684860651630459e-06,0.07256879461458103,0.00036286383004172757,25,10,20
44,9658,0.8912231644212062,1.2703090014344455e-05,0.10838732927627218,0.00037680321250813776,25,10,20
44,9659,0.9048375794318774,3.4778221017653277e-06,0.09218855748644415,0.0029703852595766695,25,10,20
44,9660,0.9248581828677536,2.969129212057462e-06,0.07425531697770121,0.0008835310253333287,25,10,20
44,9661,0.9476124149273057,1.525546004767091e-06,0.05225356152712349,0.00013249799956611911,25,10,20
44,9662,0.9548567572474255,5.409341272388061e-07,0.045009107883188626,0.0001335939352597248,25,10,20
44,9663,0.9372224008202443,5.547744156608318e-07,0.06256798963524754,0.00020905477009257494,25,10,20
44,9664,0.9414254347053064,5.9049496094853396e-06,0.05849820476548486,7.045557959955103e-05,25,10,20
44,9665,0.9422150198795081,5.615637476919553e-06,0.057720718873430756,5.8645609583378904e-05,25,10,20
44,9666,0.8907388450815453,1.1950377800620253e-05,0.10899387920280625,0.0002553253378475724,25,10,20
44,9667,0.9183738727356591,2.79819564774035e-07,0.08152606751852001,9.977992625587934e-05,25,10,20
44,9668,0.883375997046258,1.7719835435395982e-06,0.11265275047013894,0.003969480500059654,25,10,20
44,9669,0.9145935275019801,1.8011269379978624e-06,0.08503120267733527,0.0003734686937465444,25,10,20
44,9670,0.9354559521804023,1.0390959772741548e-06,0.06446946823658004,7.354048704069996e-05,25,10,20
44,9671,0.9383625999206262,4.978405944122853e-06,0.06155504088317251,7.738079025713162e-05,25,10,20
44,9672,0.9396431559106461,1.2122059508444649e-05,0.0603345941321822,1.0127897662894078e-05,25,10,20
44,9673,0.9266658625741866,1.0672421272087947e-05,0.0725334823558785,0.0007899826486630707,25,10,20
44,9674,0.8738402850051458,1.3754098911347912e-05,0.1253466262520536,0.000799334643889011,25,10,20
44,9675,0.837805644290014,9.594355001250344e-06,0.16218028132513002,4.480029855047072e-06,25,10,20
44,9676,0.8922774763367187,0.00250883974381192,0.1038755475280892,0.0013381363913800785,25,10,20
44,9677,0.9325061517946726,1.6816212149478184e-05,0.06611688222681229,0.0013601497663652809,25,10,20
44,9678,0.9509938666769859,1.8375353023326246e-05,0.04897775467176479,1.0003298225734546e-05,25,10,20
44,9679,0.87024482492426,2.336802007031589e-06,0.1297423117328855,1.0526540846885178e-05,25,10,20
44,9680,0.8931203316571857,4.523063913358771e-07,0.10677058811468168,0.0001086279217411628,25,10,20
44,9681,0.8920935605514299,3.4780859601684074e-07,0.10782315348718553,8.293815278821219e-05,25,10,20
44,9682,0.8870150964544414,3.045769093883086e-07,0.11282944701712463,0.00015515195152422537,25,10,20
44,9683,0.9498275382683353,3.320009582920751e-07,0.050086362465255115,8.576726545153629e-05,25,10,20
44,9684,0.9593630241362218,1.3498592321147112e-06,0.04052472220087289,0.00011090380367313412,25,10,20
44,9685,0.9367172712037041,1.0530626367746291e-06,0.06327713580885458,4.539924804285268e-06,25,10,20
44,9686,0.9147946651090777,1.3504551786775915e-06,0.08518797630305658,1.6008132685086185e-05,25,10,20
44,9687,0.9637919762230763,3.317294439674081e-07,0.034064406673792874,0.0021432853736865756,25,10,20
44,9688,0.904334433721909,4.2588442249351395e-07,0.09349140195765387,0.002173738436013981,25,10,20
44,9689,0.9299269670610824,1.0527927683949442e-05,0.06605481095441158,0.004007694056821821,25,10,20
44,9690,0.8437552172853833,3.7638158427742884e-06,0.14995782055745538,0.006283198341318541,25,10,20
44,9691,0.8565236046194161,1.7271783799083522e-06,0.1365381016291648,0.006936566573039395,25,10,20
44,9692,0.8936015163068808,1.3609188766140725e-06,0.10590044157601415,0.0004966811982277256,25,10,20
44,9693,0.9370935519449491,6.116889479837772e-07,0.06253031970866091,0.0003755166574413168,25,10,20
44,9694,0.9034671263376799,1.8409476893047765e-06,0.0965151251891826,1.590752544760419e-05,25,10,20
44,9695,0.9115694476815223,1.3422247446699988e-05,0.0883557870273913,6.134304363927466e-05,25,10,20
44,9696,0.8853357058688303,0.0003702806932281824,0.11294128077032255,0.0013527326676192471,25,10,20
44,9697,0.9332456616592973,1.0553231699100968e-06,0.06674372238373869,9.560633793523438e-06,25,10,20
44,9698,0.8895350371299665,7.578275657137041e-06,0.11044749218308528,9.892411291057646e-06,25,10,20
44,9699,0.9717438597607391,4.732343639497985e-05,0.0281866651808458,2.2151622019607915e-05,25,10,20
44,9700,0.9625783988447547,2.0442002988527193e-07,0.037420639404386995,7.573308282589504e-07,25,10,20
44,9701,0.95513189606509,3.3034221920444544e-06,0.042310180577114165,0.002554619935603615,25,10,20
44,9702,0.8828064548118637,1.2854497788532197e-05,0.11709442092923511,8.626976111349564e-05,25,10,20
44,9703,0.9058621916860807,7.288269477202396e-06,0.09406657145456206,6.394858988030325e-05,25,10,20
44,9704,0.9296153485513042,2.6240145357890376e-05,0.07026793583763843,9.04754656990307e-05,25,10,20
44,9705,0.8494733255280509,3.4221761080960315e-05,0.15041140365300049,8.104905786733908e-05,25,10,20
44,9706,0.9085725877932146,2.9792985304498997e-05,0.09137811302450084,1.9506196980441157e-05,25,10,20
44,9707,0.9395410180603823,2.343945143086478e-05,0.060124099174647234,0.00031144331353916854,25,10,20
44,9708,0.9032873649210942,3.5174466254073765e-07,0.09657783017747366,0.00013445315676913642,25,10,20
44,9709,0.9789906805181401,2.1454087497494822e-07,0.02097520646710803,3.3898473877223147e-05,25,10,20
44,9710,0.8926774793010516,1.840277991589296e-05,0.10729737903636492,6.738882667337394e-06,25,10,20
44,9711,0.9340218151311395,8.543754481637721e-07,0.06597631163961562,1.0188537969056491e-06,25,10,20
44,9712,0.8751210821619395,6.951749813493247e-07,0.1248750953249061,3.1273381730607958e-06,25,10,20
44,9713,0.9299565510771107,7.134080134877635e-06,0.0698502160265343,0.0001860988162199089,25,10,20
44,9714,0.908766521961791,3.8084082853321904e-05,0.09114301202124332,5.238193411255354e-05,25,10,20
44,9715,0.8935269185428285,3.7654521296768206e-05,0.10642075283890788,1.4674096967164364e-05,25,10,20
44,9716,0.9261405999067642,7.790566029590444e-07,0.07382104980215254,3.757123447974849e-05,25,10,20
44,9717,0.8850113506402156,1.1764250494239226e-06,0.10873242189174379,0.00625505104299116,25,10,20
44,9718,0.8410610457040185,2.3350568282087042e-06,0.1525753550314592,0.00636126420769384,25,10,20
44,9719,0.9104642281072742,4.523934193564961e-07,0.08952377853592074,1.1540963385585063e-05,25,10,20
44,9720,0.8868567762039774,9.555219621089124e-06,0.11311797675898952,1.5691817411999093e-05,25,10,20
44,9721,0.9009319397735333,4.08938078407551e-06,0.0989091514120263,0.0001548194336572857,25,10,20
44,9722,0.915311555478054,4.359514194083572e-06,0.08384913329272774,0.0008349517150242398,25,10,20
44,9723,0.9089260122952058,9.098406413294694e-07,0.09007850458464234,0.0009945732795108293,25,10,20
44,9724,0.8969023786444229,8.950999424787479e-06,0.10307559223955208,1.3078116599892614e-05,25,10,20
44,9725,0.8902774002964706,2.6869921114775528e-05,0.10968615895056671,9.570831847987055e-06,25,10,20
44,9726,0.8915125506320072,2.2734462092817792e-05,0.1084590864539007,5.628451999147851e-06,25,10,20
44,9727,0.8460249208965968,1.4919643111890861e-05,0.1537349956142015,0.0002251638460909442,25,10,20
44,9728,0.8187671630630589,1.5483971875087095e-05,0.18084542013684168,0.0003719328282246418,25,10,20
44,9729,0.8247808280714463,2.606313104321789e-06,0.17494963338790906,0.00026693222754052104,25,10,20
44,9730,0.8325728461971561,2.2331320186737518e-06,0.1539569173557593,0.013468003315065598,25,10,20
44,9731,0.8725315010226921,2.3080854522329003e-06,0.11381748276673122,0.013648708125124354,25,10,20
44,9732,0.9262802902162504,2.3365200947516556e-06,0.06975848780700487,0.003958885456649813,25,10,20
44,9733,0.9062208557762962,3.4734259191150196e-06,0.09375288058886401,2.27902089212358e-05,25,10,20
44,9734,0.8560690027629566,2.169197993256259e-06,0.14389581223805606,3.301580099388951e-05,25,10,20
44,9735,0.9443282252100212,0.00011995129608134215,0.05553406772058625,1.7755773311133433e-05,25,10,20
44,9736,0.876358944658069,0.00011995696210594065,0.12351497548825355,6.122891571206681e-06,25,10,20
44,9737,0.9450770805731584,1.9542046915494284e-06,0.05485377727219713,6.71879499527021e-05,25,10,20
44,9738,0.9625945213956766,6.349836273993192e-06,0.03738858346875841,1.0545299290414093e-05,25,10,20
44,9739,0.953012385827597,5.232959666752375e-06,0.04697181867245466,1.0562540281286803e-05,25,10,20
44,9740,0.9473525567632797,1.0933566301591304e-06,0.052644158801559336,2.1910785305634496e-06,25,10,20
44,9741,0.9441593236075243,0.00021051530884067532,0.05559745639471697,3.2704688918219046e-05,25,10,20
44,9742,0.9609971111315714,6.778809985881751e-07,0.03899326992180139,8.941065628493342e-06,25,10,20
44,9743,0.9657828937554197,3.612210248519095e-05,0.0341728369661129,8.14717598194342e-06,25,10,20
44,9744,0.945950818389183,0.00010226455426158136,0.05391654802690315,3.0369029652304887e-05,25,10,20
44,9745,0.895855583706058,1.2952247646438153e-06,0.10413557127787262,7.549791303965171e-06,25,10,20
44,9746,0.9384244315847272,2.54453938188869e-06,0.06037916960852373,0.0011938542673674052,25,10,20
44,9747,0.9686165703126577,1.4774030196150356e-06,0.03134319324247811,3.8759041844687e-05,25,10,20
44,9748,0.9517658607252254,3.286741092042041e-06,0.04822826661876535,2.5859149166382406e-06,25,10,20
44,9749,0.8907838178189855,2.0989337888731004e-05,0.10905760689561914,0.00013758594750608964,25,10,20
44,9750,0.8555849340896673,1.7003640827249192e-05,0.1443187429650967,7.931930440849792e-05,25,10,20
44,9751,0.8992946088867256,1.7158680450540742e-05,0.10044969735977462,0.000238535073048398,25,10,20
44,9752,0.9142080308922205,1.6667804451261842e-06,0.0857073894240844,8.291290325007526e-05,25,10,20
44,9753,0.9243872486450257,1.379782411505799e-06,0.07557731658892576,3.405498363682763e-05,25,10,20
44,9754,0.9665937622154379,7.090289079478589e-07,0.033399387383459295,6.141372194862353e-06,25,10,20
44,9755,0.9514929486561851,2.403652591198895e-07,0.048499302403635154,7.508574920943203e-06,25,10,20
44,9756,0.8336949892394822,2.2557111711826903e-05,0.15875223427670437,0.007530219372102492,25,10,20
44,9757,0.8731647931285887,2.390940148921088e-05,0.11787845846564508,0.008932839004277,25,10,20
44,9758,0.9024316326218763,3.90603107048124e-06,0.08861133147355123,0.008953129873501884,25,10,20
44,9759,0.8677671487842492,4.242056136485869e-06,0.13187722869437996,0.000351380465235441,25,10,20
44,9760,0.8947169341860329,2.3815891750698293e-05,0.10517093937916303,8.831054305449682e-05,25,10,20
44,9761,0.9230740708165835,2.5042708795692987e-06,0.07669621923700629,0.00022720567553046164,25,10,20
44,9762,0.9629823463609734,5.648055774276102e-06,0.03699402200081526,1.7983582437014038e-05,25,10,20
44,9763,0.9559031402250668,2.3355745211661484e-06,0.04408674929942333,7.774900988519546e-06,25,10,20
44,9764,0.9140116770919475,6.061751161732562e-06,0.085960481189512,2.1779967378691393e-05,25,10,20
44,9765,0.9377674655377831,5.5848752001842774e-06,0.062208833918711195,1.8115668305879195e-05,25,10,20
44,9766,0.9545912150307467,0.00013078534384737659,0.045264378098411856,1.3621526994050289e-05,25,10,20
44,9767,0.9230934390795251,2.0355104680906297e-06,0.07163602689238281,0.005268498517624229,25,10,20
44,9768,0.9086018402512248,8.553076339804125e-06,0.09126265856783952,0.00012694810459591143,25,10,20
44,9769,0.9169695178582117,8.01439759753551e-06,0.08295263647580836,6.98312683821694e-05,25,10,20
44,9770,0.9245050662492305,1.485478435558581e-05,0.0754062674703664,7.381149604698538e-05,25,10,20
44,9771,0.9301520327876822,1.4600417626751382e-05,0.0697414529255283,9.191386916202692e-05,25,10,20
44,9772,0.891034437622044,1.625767485196075e-05,0.10413644930196869,0.004812855401135135,25,10,20
44,9773,0.9373265152551814,1.7095826131250376e-06,0.057918961865112424,0.0047528132970931355,25,10,20
44,9774,0.9143111568201175,2.9827267060989626e-06,0.08567814890752168,7.711545654988496e-06,25,10,20
44,9775,0.9393518086497703,7.031695269926822e-07,0.060637086477129634,1.0401703573089858e-05,25,10,20
44,9776,0.9367786004201477,1.5308559680514828e-06,0.06296582037881171,0.0002540483450726206,25,10,20
44,9777,0.9544030667600945,8.380770240813892e-06,0.04538708386634883,0.00020146860331665236,25,10,20
44,9778,0.9317680074943954,3.38385022427317e-07,0.06822586944226697,5.78467831491352e-06,25,10,20
44,9779,0.9129673827438761,1.752376456242619e-05,0.08419572935034914,0.002819364141212644,25,10,20
44,9780,0.8768678504548327,1.1196602598628593e-05,0.11520442069064858,0.007916532251920131,25,10,20
44,9781,0.9236480304920849,0.00020320241157739823,0.07334508161793048,0.0028036854784071648,25,10,20
44,9782,0.864511797441435,0.00019378882772268875,0.13521115336329623,8.326036754543338e-05,25,10,20
44,9783,0.8993181377542556,0.00019421516339281596,0.10045674989386791,3.089718848352978e-05,25,10,20
44,9784,0.9227862896027195,2.172736722912145e-06,0.07717053236505271,4.1005295505008326e-05,25,10,20
44,9785,0.927969133312084,7.370311921962896e-06,0.07199746705722815,2.602931876649589e-05,25,10,20
44,9786,0.919289469578581,5.863416576761965e-06,0.08059828922251056,0.00010637778233199435,25,10,20
44,9787,0.961251724140388,8.810038367396928e-07,0.03873839682902368,8.998026751510005e-06,25,10,20
44,9788,0.9658141600396671,5.645103992066828e-07,0.03418318716884415,2.088281089531777e-06,25,10,20
44,9789,0.9695867873129513,3.623543543587228e-07,0.030323479298689705,8.937103400454948e-05,25,10,20
44,9790,0.9436169000409527,2.9940072955615404e-06,0.05465383257392344,0.0017262733778280685,25,10,20
44,9791,0.8956592135110968,1.6798146912884023e-06,0.10415468615247817,0.00018442052173424869,25,10,20
44,9792,0.9126290400485745,1.5380111388885425e-05,0.08732194253281063,3.363730722583648e-05,25,10,20
44,9793,0.8941268702457762,5.8778347501330885e-05,0.10536213694118267,0.00045221446553977344,25,10,20
44,9794,0.9421090940767614,3.729856429736865e-07,0.05784006404988433,5.0468887711637995e-05,25,10,20
44,9795,0.9797628781043168,4.5605961156064993e-07,0.020232698966506018,3.966869565958225e-06,25,10,20
44,9796,0.9537485796685387,1.248804341372449e-06,0.04624183156602021,8.339961099856265e-06,25,10,20
44,9797,0.9221200657393759,2.1671305093197223e-05,0.07785297106309741,5.291892433715549e-06,25,10,20
44,9798,0.9162336451114521,2.812481424014486e-05,0.08365763271590698,8.059735840069225e-05,25,10,20
44,9799,0.9332001634687876,1.3031436328358362e-06,0.06679681072785448,1.7226597256220019e-06,25,10,20
44,9800,0.9488283201333404,8.839026348963044e-07,0.051164110774949985,6.685189074911806e-06,25,10,20
44,9801,0.9475665742316067,1.3941604396424551e-05,0.05166808654903847,0.0007513976149590355,25,10,20
44,9802,0.9525219330231853,9.18464051751756e-06,0.04718281707380131,0.0002860652624956358,25,10,20
44,9803,0.9294345217242613,2.6704175894212626e-06,0.0705526766421183,1.013121603039782e-05,25,10,20
44,9804,0.900011001656734,2.8838836041109197e-06,0.09996531811493917,2.0796344722681294e-05,25,10,20
44,9805,0.9335761648073644,1.5096208549358121e-06,0.06640507433611914,1.7251235661671063e-05,25,10,20
44,9806,0.9281259312716675,2.2386402881469234e-06,0.07031707389349819,0.001554756194546372,25,10,20
44,9807,0.9642293682931047,1.2130377831632129e-06,0.03572969174954766,3.972691956421712e-05,25,10,20
44,9808,0.9267463141780623,6.805104437549038e-06,0.07319499419621657,5.18865212836321e-05,25,10,20
44,9809,0.9548918483374846,5.337625039186348e-06,0.04505241180305466,5.040223442183711e-05,25,10,20
44,9810,0.9630912145691812,3.1313903686584254e-07,0.03685434678530743,5.412550647475308e-05,25,10,20
44,9811,0.9593804158165063,4.848281869618634e-07,0.04060683675938202,1.2262595924781375e-05,25,10,20
44,9812,0.9279866303144925,6.170923710875174e-07,0.07198577460472956,2.697798840655551e-05,25,10,20
44,9813,0.9236117661821526,2.2985402029420724e-07,0.050999184404960755,0.02538881955886606,25,10,20
44,9814,0.8959250038552036,3.712867430913018e-06,0.0731596039253258,0.030911679352039267,25,10,20
44,9815,0.867314027462676,1.3753531815582719e-06,0.10189893642080415,0.030785660763339037,25,10,20
44,9816,0.9106462642426649,1.2067190093253458e-06,0.08895157193149349,0.00040095710683185246,25,10,20
44,9817,0.8618039763948043,7.985143672292359e-05,0.1377141505573166,0.0004020216111566615,25,10,20
44,9818,0.9244715731924673,3.875228251016955e-06,0.07551724432788602,7.307251395981858e-06,25,10,20
44,9819,0.9433398740399581,3.183343461932225e-06,0.056629996304233626,2.6946312346914916e-05,25,10,20
44,9820,0.9567533712962026,3.895177939663046e-07,0.04324199825841465,4.240927588684117e-06,25,10,20
44,9821,0.9320625298699169,2.2201940489173794e-06,0.06781550900123794,0.00011974093479664579,25,10,20
44,9822,0.9665939038512739,3.59964312657378e-07,0.03333130857263313,7.44276117804586e-05,25,10,20
44,9823,0.9751673707373812,6.707480048155218e-07,0.024826671920536763,5.286594076339203e-06,25,10,20
44,9824,0.9288392669900261,0.00037357956276631984,0.07076369542132946,2.345802587758382e-05,25,10,20
44,9825,0.9190025406831761,0.00038030143608783646,0.0805972144371478,1.994344358743727e-05,25,10,20
44,9826,0.8880014026579512,1.4798244332611458e-05,0.11191798672909746,6.581236861957757e-05,25,10,20
44,9827,0.9308811748092893,5.302701163862933e-07,0.06911361197508302,4.6829455116149435e-06,25,10,20
44,9828,0.9530612247931498,9.270854931274305e-05,0.04684381243544895,2.254222088469876e-06,25,10,20
44,9829,0.929860011387304,2.5142332723765536e-05,0.07009532443891266,1.952184105984242e-05,25,10,20
44,9830,0.9258137938356105,2.306713974552899e-05,0.07406351468811465,9.962433653009193e-05,25,10,20
44,9831,0.9224934462655539,1.5075435161215256e-06,0.07743473108053324,7.031511039680162e-05,25,10,20
44,9832,0.903044154134895,1.2399758996558207e-06,0.09293076039199712,0.004023845497208276,25,10,20
44,9833,0.9095552791111,8.429508194585646e-07,0.08414550426664995,0.006298373671429895,25,10,20
44,9834,0.9432337414227,7.2895438768126804e-06,0.05673974252719474,1.9226506228026432e-05,25,10,20
44,9835,0.894764047665442,8.085919328125909e-06,0.06778314994838022,0.03744471646684917,25,10,20
44,9836,0.9477457409005978,1.8530418888340414e-05,0.014911421012411417,0.03732430766810198,25,10,20
44,9837,0.9067828877073312,1.9417268166759432e-05,0.0674849199180928,0.02571277510640866,25,10,20
44,9838,0.9317853505557008,4.289588520066076e-07,0.04251559601851097,0.0256986244669363,25,10,20
44,9839,0.9469380739078417,6.854024869922068e-07,0.021715158757087075,0.03134608193258452,25,10,20
44,9840,0.8555290122747423,2.679818014462757e-06,0.10494171274704932,0.03952659516019383,25,10,20
44,9841,0.9189305130060889,2.449132885962343e-05,0.04542846600478386,0.035616529660267696,25,10,20
44,9842,0.8737963616003125,2.9146357240506893e-05,0.11951317547552347,0.0066613165669237836,25,10,20
44,9843,0.8941345246531662,2.666795644909616e-06,0.10559216537733901,0.00027064317385035115,25,10,20
44,9844,0.8957216313936265,2.0181557215863965e-06,0.10401185797368762,0.00026449247696428216,25,10,20
44,9845,0.9054502967227497,9.309290355613232e-06,0.09450467020110781,3.572378578719243e-05,25,10,20
44,9846,0.9047535049483025,1.1492267406444563e-05,0.09513781057444931,9.719220984232738e-05,25,10,20
44,9847,0.8924181786964205,1.1568889351390028e-05,0.1075145248515242,5.572756270434351e-05,25,10,20
44,9848,0.9406773826291679,1.064400290957352e-05,0.059295953568449654,1.6019799472870454e-05,25,10,20
44,9849,0.9228961374168311,2.3725559062036753e-06,0.07707797912249653,2.3510904765654253e-05,25,10,20
44,9850,0.920780756633233,7.494252255665425e-07,0.07909277905132138,0.00012571489021982694,25,10,20
44,9851,0.9236288357899051,8.802062156049631e-07,0.07458458337031923,0.0017857006335597727,25,10,20
44,9852,0.9596878999057057,2.66321466765348e-06,0.040262308108269654,4.7128771356740485e-05,25,10,20
44,9853,0.964710407518936,2.5440225579586716e-06,0.03524226498227387,4.478347623265175e-05,25,10,20
44,9854,0.9316594183794019,2.411250931878034e-06,0.06829399596841824,4.4174401248593854e-05,25,10,20
44,9855,0.9617665929383385,2.1699574422856796e-06,0.0382042780306048,2.695907361506919e-05,25,10,20
44,9856,0.9636869815847803,3.558148437329155e-06,0.03629386138925456,1.5598877528117542e-05,25,10,20
44,9857,0.9420610759418669,3.53183335699199e-06,0.05792643421722503,8.95800755159599e-06,25,10,20
44,9858,0.9553771751924666,3.528085918500908e-07,0.044610098255513375,1.237374342855064e-05,25,10,20
44,9859,0.9685979877135583,8.343574321478783e-07,0.030555379277165735,0.0008457986518438268,25,10,20
44,9860,0.9640566737764951,5.148254021741967e-06,0.03509076958526677,0.0008474083842161557,25,10,20
44,9861,0.8860343348894811,5.7921420608798e-06,0.11133775074557802,0.0026221222228798523,25,10,20
44,9862,0.8809380272195513,7.522092881215019e-07,0.11639750237381716,0.0026637181973439045,25,10,20
44,9863,0.9638516298216439,1.2394631443935644e-06,0.03570740974939349,0.00043972096581849554,25,10,20
44,9864,0.9358817995530124,3.3564669367557875e-07,0.0636709790998904,0.0004468857004039335,25,10,20
44,9865,0.9475199275200791,2.6347174312582017e-07,0.05203770749617264,0.000442101512004986,25,10,20
44,9866,0.9274003199454168,1.990922918793342e-05,0.07246107017442233,0.00011870065097315296,25,10,20
44,9867,0.93119757831409,5.492761750897927e-07,0.06871291180875119,8.896060098387065e-05,25,10,20
44,9868,0.8723190055227945,1.6202186939645236e-05,0.12757370519813646,9.108709212936427e-05,25,10,20
44,9869,0.8991517797554807,1.3115467485754855e-05,0.10079354542779928,4.155934923458338e-05,25,10,20
44,9870,0.8895386215316994,2.5422309364143634e-06,0.10991391012248583,0.0005449261148785727,25,10,20
44,9871,0.9289940025737322,8.246014061553762e-07,0.07100363566133666,1.5371635246568337e-06,25,10,20
44,9872,0.933476798529615,1.4162491935190875e-06,0.06650894739034512,1.2837830846267263e-05,25,10,20
44,9873,0.900687599687039,1.922407256648747e-06,0.09925635369991662,5.412420578720784e-05,25,10,20
44,9874,0.9145269502976895,1.0243608386550724e-05,0.085460674785652,2.1313082723561437e-06,25,10,20
44,9875,0.9126557512882522,1.579045943883375e-05,0.0873090571711284,1.9401081180749144e-05,25,10,20
44,9876,0.8899476689337312,5.730816712237658e-05,0.1099888032480983,6.219651049066017e-06,25,10,20
44,9877,0.8693468923524833,2.6893090542873088e-06,0.1306495689109176,8.494275448320297e-07,25,10,20
44,9878,0.8691430118811277,1.6038073101357303e-06,0.13074721157150193,0.00010817274006094106,25,10,20
44,9879,0.8907298794699154,9.197002985700783e-06,0.10916993843457702,9.098509252164246e-05,25,10,20
44,9880,0.9147453502917494,3.480511348413773e-06,0.08515752925894958,9.3639937952391e-05,25,10,20
44,9881,0.9198069519500565,1.5906532127999762e-05,0.08017211812811575,5.023389700479096e-06,25,10,20
44,9882,0.9716706719109327,3.904022231700793e-06,0.028321884258417338,3.53980841856403e-06,25,10,20
44,9883,0.9852480574235369,8.674480560459122e-07,0.014749018127032023,2.0570013753854237e-06,25,10,20
44,9884,0.9624881182839148,2.8685443621697716e-06,0.0374851744032139,2.383876850967869e-05,25,10,20
44,9885,0.9354225632758799,1.5691569706800446e-06,0.06453724852969868,3.861903745079746e-05,25,10,20
44,9886,0.8837624667939032,9.866542333794044e-07,0.11593544685522411,0.000301099696639651,25,10,20
44,9887,0.9541358479174391,1.758859036100683e-07,0.04581531514608558,4.8661050572246396e-05,25,10,20
44,9888,0.9255665519428704,1.5348972708904198e-06,0.0743938966311302,3.801652872909271e-05,25,10,20
44,9889,0.84388524776904,0.004091978158518045,0.15196828398815793,5.449008428405737e-05,25,10,20
44,9890,0.8609770641277583,0.004086293758119201,0.13491042032498157,2.622178914090426e-05,25,10,20
44,9891,0.847070086188183,1.4612757659102472e-06,0.1528695017709316,5.89507651200952e-05,25,10,20
44,9892,0.8986446203310243,1.1381878095147691e-06,0.10123489752719739,0.00011934395396954112,25,10,20
44,9893,0.9307090058088936,8.849720170470245e-06,0.06924432350417345,3.7820966762332935e-05,25,10,20
44,9894,0.8990456091664634,9.479521850467224e-06,0.10079933908578624,0.00014557222589999097,25,10,20
44,9895,0.8469624720125474,1.912028096813517e-05,0.15292112368186112,9.728402462382438e-05,25,10,20
44,9896,0.8879074564912673,1.6782513447011805e-05,0.11203874086443072,3.702013085442539e-05,25,10,20
44,9897,0.8896898272661411,1.0890054245807454e-05,0.10913694834927083,0.001162334330340705,25,10,20
44,9898,0.9193102229090867,1.0431824298368327e-06,0.0805753994947701,0.00011333441371298745,25,10,20
44,9899,0.9239093861032912,1.6627010094749423e-05,0.07596363507142265,0.00011035181519173614,25,10,20
44,9900,0.9369575752523176,3.112273840935333e-06,0.06295154382956489,8.776864427652368e-05,25,10,20
44,9901,0.9652576087865665,2.97099161213501e-07,0.03466192235247962,8.017176179224012e-05,25,10,20
44,9902,0.9206543211659985,7.618605967066394e-06,0.0793241665784485,1.389364958645072e-05,25,10,20
44,9903,0.9025142561091336,1.538624949265387e-05,0.09740321595864013,6.714168273269738e-05,25,10,20
44,9904,0.879261350872426,1.0450973799734514e-05,0.11385342828985641,0.00687476986391711,25,10,20
44,9905,0.873359268353698,6.212310619845817e-06,0.11573232586725955,0.010902193468422557,25,10,20
44,9906,0.8802519243891908,9.317443584399021e-07,0.11973522689083724,1.1916975614122612e-05,25,10,20
44,9907,0.8816624993151977,1.2701455390228547e-06,0.11827522428509121,6.1006254171543985e-05,25,10,20
44,9908,0.8655741123521614,8.111736084322288e-06,0.13440523425924888,1.2541652505634836e-05,25,10,20
44,9909,0.8619231759874638,2.3118282934357872e-07,0.13806668871942646,9.904110280135842e-06,25,10,20
44,9910,0.8701715638686639,1.929042663175111e-06,0.10777303439739779,0.02205347269127435,25,10,20
44,9911,0.8923895868507945,7.447075542346607e-07,0.06490900730239449,0.04270066113925675,25,10,20
44,9912,0.9123822629533299,1.9841678748852732e-06,0.04891166743478987,0.038704085444005935,25,10,20
44,9913,0.8376159646133787,1.7738232665063323e-06,0.12333168755409765,0.03905057400925735,25,10,20
44,9914,0.8474047335340638,1.0312246971877403e-05,0.11360870749968821,0.038976246719276096,25,10,20
44,9915,0.8140968152450866,2.0409221861560526e-05,0.15870257139568553,0.027180204137366316,25,10,20
44,9916,0.7719907956735049,3.091527760137218e-05,0.20074702703636735,0.027231262012525057,25,10,20
44,9917,0.921221320839534,1.2365509231770817e-06,0.07794934991670885,0.000828092692834356,25,10,20
44,9918,0.956826079627487,1.1335475704953421e-06,0.042483486854272695,0.0006892999706696084,25,10,20
44,9919,0.9503117224651184,4.979864139051328e-07,0.049421967764780944,0.0002658117836869583,25,10,20
44,9920,0.9398109822046128,4.1390299544870626e-07,0.05980061400053773,0.00038798989185406953,25,10,20
44,9921,0.9403091028943102,3.6907585215256467e-06,0.059658510642672795,2.8695704495206796e-05,25,10,20
44,9922,0.9686045245950734,2.154416757753272e-07,0.031357765938198674,3.749402505170435e-05,25,10,20
44,9923,0.9284345744347648,0.0008535205225471713,0.07067958684242207,3.231820026535308e-05,25,10,20
44,9924,0.9185463917014092,0.0008515550165175506,0.08057351274084901,2.8540541224264127e-05,25,10,20
44,9925,0.8503682217334141,4.817441677988891e-07,0.14960540224761118,2.5894274807172477e-05,25,10,20
44,9926,0.8643877873633357,3.995065950337358e-07,0.1355935654011414,1.824772892834998e-05,25,10,20
44,9927,0.869186609062766,1.0580671942252093e-05,0.1306934363092756,0.00010937395601675353,25,10,20
44,9928,0.886352976948008,4.306310775794903e-05,0.11359324435052995,1.0715593704053571e-05,25,10,20
44,9929,0.8845405720282185,7.812319775510949e-06,0.11544406196807394,7.553683931836899e-06,25,10,20
44,9930,0.8997606001816139,4.693697156698627e-05,0.09975316182105573,0.0004393010257630361,25,10,20
44,9931,0.9484453172602865,4.7341237950738804e-07,0.051546838625962224,7.370701371388084e-06,25,10,20
44,9932,0.9037873998156684,0.000122039440081134,0.09600639107796355,8.416966628695576e-05,25,10,20
44,9933,0.9187229950784911,0.00020235559927336705,0.08096370932514953,0.00011093999708622774,25,10,20
44,9934,0.9040682158203457,0.0002018545999024789,0.09569891108662992,3.101849312197734e-05,25,10,20
44,9935,0.9564257824507962,1.5542491455510173e-06,0.043567684899091894,4.978400965513172e-06,25,10,20
44,9936,0.9606850163414634,2.079074151299845e-06,0.039303802398831016,9.102185553733931e-06,25,10,20
44,9937,0.9220290687271335,1.2850711486391875e-06,0.07796332978752725,6.316414189911164e-06,25,10,20
44,9938,0.9633828539728729,8.823507889033875e-07,0.03649083367338202,0.0001254300029561119,25,10,20
44,9939,0.9148641435108309,6.646275767294539e-06,0.07996564705858639,0.005163563154815546,25,10,20
44,9940,0.9704347680404003,3.305605631639621e-05,0.02951986016983113,1.2315733452361901e-05,25,10,20
44,9941,0.9692313831125443,2.9098915763990103e-06,0.030111808629271795,0.0006538983666075156,25,10,20
44,9942,0.9305232734659363,2.2386466586765036e-05,0.0694427922366704,1.154783080688189e-05,25,10,20
44,9943,0.9358666528344745,6.949592193522773e-08,0.06412987674917182,3.4009204321079937e-06,25,10,20
44,9944,0.8978637323685116,8.418946493497643e-07,0.10207632812574806,5.909761109094206e-05,25,10,20
44,9945,0.8589529608176782,4.776811750392978e-06,0.12853231666898096,0.012509945701589293,25,10,20
44,9946,0.8447255122949993,1.562194206982557e-06,0.11630148907557473,0.0389714364352185,25,10,20
44,9947,0.8316523035728391,2.597601531534354e-06,0.12912974223487925,0.039215356590750365,25,10,20
44,9948,0.8638569634257915,2.986100181884474e-07,0.09692686868669075,0.03921586927749907,25,10,20
44,9949,0.9035969815746486,3.9182142440387675e-06,0.06768693568279718,0.02871216452831051,25,10,20
44,9950,0.864945149712019,1.4096937862031722e-06,0.10632152493163799,0.02873191566255678,25,10,20
44,9951,0.8761199448792891,2.4043303179581257e-06,0.09541720146016523,0.02846044933022783,25,10,20
44,9952,0.882733662823115,1.6097057904199e-06,0.09282520246960292,0.02443952500149224,25,10,20
44,9953,0.8844253880473232,2.1547524410402453e-06,0.09103100810861489,0.02454144909162126,25,10,20
44,9954,0.8628053357983544,1.8623371751193986e-07,0.11266149646724881,0.024532981500679448,25,10,20
44,9955,0.850034057712318,3.500775668357268e-06,0.1255196537872685,0.024442787724745542,25,10,20
44,9956,0.8899542345089572,1.2205897984895984e-06,0.07103989623899686,0.039004648662247725,25,10,20
44,9957,0.8465335747310216,2.6801578171269863e-06,0.11368152132424231,0.03978222378691907,25,10,20
44,9958,0.896433872418489,2.0305301481825859e-07,0.06380960913723312,0.03975631539126325,25,10,20
44,9959,0.9191503205812853,1.4091330454124582e-07,0.041081274400157984,0.039768264105251964,25,10,20
44,9960,0.832229708324371,1.5455618902684193e-06,0.12645171950592968,0.04131702660780902,25,10,20
44,9961,0.8746319428859027,1.5912963873583604e-06,0.08641999011764881,0.038946475700061045,25,10,20
44,9962,0.859976929878019,8.62227801413625e-06,0.10094464722547061,0.03906980061849641,25,10,20
44,9963,0.8334357457667225,0.0002241984273581221,0.12721876674775884,0.039121289058160244,25,10,20
44,9964,0.7703647256099585,5.227931206300156e-05,0.20499431675576518,0.024588678322213522,25,10,20
44,9965,0.840373034376585,4.950702481222363e-06,0.13524315394294834,0.02437886097798482,25,10,20
44,9966,0.749628111510866,2.702183521929082e-06,0.21444426644688605,0.03592491985872635,25,10,20
44,9967,0.8454349845568726,5.1837571255701765e-05,0.11867328283195064,0.03583989503992092,25,10,20
44,9968,0.8152509958162177,2.519806516785134e-07,0.1461545658630587,0.03859418634007146,25,10,20
44,9969,0.8556231526490664,1.6427324119141805e-05,0.1378736132014749,0.006486806825339368,25,10,20
44,9970,0.8350760581535307,0.00024047054041544637,0.1582388962541939,0.006444575051859394,25,10,20
44,9971,0.8872118520995821,0.00028450614284963714,0.11240103707150101,0.0001026046860666447,25,10,20
44,9972,0.8777952517016803,0.00027523027740275106,0.12092917151302038,0.001000346507896293,25,10,20
44,9973,0.8945931314690132,0.0002752794818458004,0.10433220083264509,0.0007993882164958223,25,10,20
44,9974,0.90805655620639,4.488204472631422e-05,0.09186839517588094,3.0166573002424774e-05,25,10,20
44,9975,0.9124908367762248,4.040821193454288e-05,0.08746225804117756,6.4969706635219466e-06,25,10,20
44,9976,0.9333881200591471,2.0839003124330625e-06,0.06653950050342103,7.029553711978062e-05,25,10,20
44,9977,0.9370373208907004,3.0445046257202588e-06,0.06289292407501831,6.671052965551011e-05,25,10,20
44,9978,0.8746133096845563,4.276048722840087e-06,0.12517252242924123,0.00020989183748039588,25,10,20
44,9979,0.836385643940856,7.033151393580724e-06,0.16345818602041573,0.00014913688733384628,25,10,20
44,9980,0.9281362549340654,4.095153361922672e-06,0.07176836818728548,9.128172528711636e-05,25,10,20
44,9981,0.9542091845219118,2.987676185832511e-06,0.04575157184260642,3.625595929592513e-05,25,10,20
44,9982,0.9007606290136614,4.592011293635365e-07,0.09923343150425927,5.480280949901186e-06,25,10,20
44,9983,0.8496684883876457,3.6688814700941435e-06,0.15027979397161717,4.804875926722836e-05,25,10,20
44,9984,0.9193751998969808,3.964682774296922e-06,0.08061836792672439,2.4674935210209863e-06,25,10,20
44,9985,0.8962729452486344,3.6110080334063035e-06,0.10330882405581987,0.00041461968751266515,25,10,20
44,9986,0.9135141611802993,0.0010287585425034895,0.08499861032180718,0.00045846995538957066,25,10,20
44,9987,0.9543694899085969,0.0010254747710258401,0.04332614879513569,0.0012788865252411532,25,10,20
44,9988,0.9199184767167264,0.0010263095377964673,0.07816266843344447,0.0008925453120318472,25,10,20
44,9989,0.8974374515819741,7.305466678062434e-07,0.10099905834462074,0.001562759526737112,25,10,20
44,9990,0.951087293131762,1.7821631237617038e-07,0.04885208702499204,6.044162693350512e-05,25,10,20
44,9991,0.9492236317605144,5.111179005608869e-07,0.050740316297134755,3.554082445056335e-05,25,10,20
44,9992,0.8893253732018873,2.1210821003163818e-05,0.11042031600492669,0.0002330999721845998,25,10,20
44,9993,0.912040486562847,1.1928994733337928e-05,0.08770486426778704,0.00024272017463315297,25,10,20
44,9994,0.9518178326876494,2.8741364833105587e-06,0.04796917830565838,0.00021011487020917654,25,10,20
44,9995,0.948735212330308,1.938917921078298e-06,0.050928521268860404,0.00033432748291017977,25,10,20
44,9996,0.9492829959473038,1.1958216682078447e-05,0.05040560817199366,0.00029943766402048215,25,10,20
44,9997,0.8947438402213258,1.742494208907116e-06,0.10507471971108523,0.0001796975733797471,25,10,20
44,9998,0.8569391042380526,0.00030990650014758544,0.14273242228501284,1.856697678654187e-05,25,10,20
44,9999,0.837090515846714,1.4113843934478111e-05,0.16285702678422903,3.834352512275603e-05,25,10,20
44,10000,0.8709177391265418,1.2400741353081527e-05,0.1287140512999971,0.0003558088321081959,25,10,20
