run,generation,degenerate,holistic,other,compositional,popsize,turnover_rounds,group_rounds
7,0,0.9987713554999793,1.4267839920713722e-08,0.0012266915175253483,1.938714656782331e-06,25,30,20
7,1,0.7430712810467122,4.261037140954065e-05,0.2232249457219867,0.0336611628598886,25,30,20
7,2,0.5603175953288002,1.2044894029871327e-05,0.36644860466706464,0.0732217551101138,25,30,20
7,3,0.4608452323600286,0.007441290557769892,0.4158684857386335,0.11584499134356603,25,30,20
7,4,0.3213139664524762,0.002223250348127647,0.5662468791319651,0.11021590406743648,25,30,20
7,5,0.3159154731338336,0.0022124772250614565,0.5289844164878844,0.1528876331532202,25,30,20
7,6,0.18375375472173172,9.256745064559717e-06,0.5895073695228806,0.22672961901032213,25,30,20
7,7,0.15705033138567256,9.256695049952727e-06,0.7651065236409997,0.0778338882782779,25,30,20
7,8,0.15705043756192866,3.317415555485274e-07,0.6514023394584444,0.1915468912380706,25,30,20
7,9,0.15654501619377162,4.75121749053369e-08,0.4668688513991773,0.3765860848948756,25,30,20
7,10,0.15654501619377162,4.752240597463247e-08,0.46979493847367615,0.3736599978101456,25,30,20
7,11,0.07235628591383858,1.1962870320461087e-05,0.6075114124702599,0.32012033874558077,25,30,20
7,12,0.07235628591241311,1.1962872334839468e-05,0.5676026874705816,0.36002906374467,25,30,20
7,13,0.03412814976180376,1.1962853257643453e-05,0.5212040283876871,0.44465585899725085,25,30,20
7,14,0.05976285310189417,1.275338051771907e-05,0.46753314119018996,0.47269125232739734,25,30,20
7,15,0.05976285310189227,1.2753380227125562e-05,0.42451577953405634,0.5157086139838237,25,30,20
7,16,0.05976285310220166,1.2758781867296793e-05,0.335260247309823,0.6049641408061075,25,30,20
7,17,0.05976285310220166,1.2758781867296793e-05,0.33525876126577997,0.6049656268501505,25,30,20
7,18,0.05976285310220166,1.2758781867296793e-05,0.29993912738077066,0.6402852607351597,25,30,20
7,19,0.05976285310220166,1.2758781867296793e-05,0.2555467259693371,0.6846776621465933,25,30,20
7,20,0.03253373128090458,1.1968254872198648e-05,0.2826590235737461,0.6847952768904763,25,30,20
7,21,0.028948338425438803,0.0003886210373941244,0.2858749802228522,0.6847880603143143,25,30,20
7,22,0.028948338425438803,0.0003886210373941244,0.28587500871302585,0.6847880318241405,25,30,20
7,23,0.028948338425438803,0.0003886210373941244,0.2858750950892816,0.6847879454478849,25,30,20
7,24,0.028948338425438803,0.0003886210373941244,0.28587509516078385,0.6847879453763827,25,30,20
7,25,0.028948340543565584,0.000388621037261454,0.28588160355791187,0.6847814348612604,25,30,20
7,26,0.028948340543565584,0.000388621037261454,0.2858816050057079,0.6847814334134642,25,30,20
7,27,0.028948340543565584,0.000388621037261454,0.28587936340643433,0.684783675012738,25,30,20
7,28,0.028948340543565584,0.000388621037261454,0.2858793648542195,0.6847836735649527,25,30,20
7,29,0.028948340543565584,0.000388621037261454,0.2858792823564883,0.684783756062684,25,30,20
7,30,0.028948340543565584,0.000388621037261454,0.28587928090892406,0.684783757510248,25,30,20
7,31,0.028948340543565584,0.000388621037261454,0.285879280909159,0.6847837575100135,25,30,20
7,32,0.028948340543565584,0.000388621037261454,0.2858792809448449,0.6847837574743275,25,30,20
7,33,0.028948036562265002,0.0003886211736051661,0.28587853796831875,0.6847848042958102,25,30,20
7,34,0.028948036561956044,0.0015112074173532955,0.2895238542908914,0.6800169017297981,25,30,20
7,35,0.028948036561956044,0.0015112074173532955,0.2895238542917359,0.6800169017289537,25,30,20
7,36,0.028948036561956044,0.0015112074173532955,0.28952385487775606,0.6800169011429336,25,30,20
7,37,0.028948036561956044,0.0015112074173532955,0.2895238549140601,0.6800169011066294,25,30,20
7,38,0.02894803656085289,0.0015114604279132275,0.28952344179235434,0.6800170612188782,25,30,20
7,39,0.034397258066194245,0.00151141349169412,0.28408723488717785,0.6800040935549327,25,30,20
7,40,0.034397258066194245,0.00151141349169412,0.28408723485807413,0.6800040935840364,25,30,20
7,41,0.03439725806619401,0.0015111603461578974,0.2840886741207404,0.6800029074669066,25,30,20
7,42,0.03439725806619401,0.0015111603461578974,0.2840886735347421,0.6800029080529049,25,30,20
7,43,0.03439725806619401,0.0015111603461578974,0.2840886734992878,0.6800029080883593,25,30,20
7,44,0.03439725806619401,0.0015111603461578974,0.28408867353559175,0.6800029080520553,25,30,20
7,45,0.03439725806619401,0.0015111603461578974,0.28408855761868035,0.6800030239689667,25,30,20
7,46,0.03439725806619401,0.0015111603461578974,0.2840885590666794,0.6800030225209676,25,30,20
7,47,0.034397258066211564,0.0015111647106147749,0.28408738906845193,0.6800041881547204,25,30,20
7,48,0.034397258066211564,0.0015111647106147749,0.28408739051537363,0.6800041867077988,25,30,20
7,49,0.034397258066211564,0.0015111647106147749,0.2840873905512319,0.6800041866719405,25,30,20
7,50,0.03439725806758997,0.00038857306525952,0.28511681981227494,0.6800973490548742,25,30,20
7,51,0.03439725806758997,0.00038857306525952,0.28511681979933506,0.680097349067814,25,30,20
7,52,0.03439725806758997,0.00038857306525952,0.2851168197993383,0.680097349067811,25,30,20
7,53,0.03439725806758997,0.00038857306525952,0.28511690087469155,0.6800972679924577,25,30,20
7,54,0.03439725806758997,0.00038857306525952,0.2851168723851548,0.6800972964819942,25,30,20
7,55,0.03439725806758997,0.00038857306525952,0.2851168723854201,0.6800972964817291,25,30,20
7,56,0.03439725806758997,0.00038857306525952,0.28511691175022297,0.6800972571169263,25,30,20
7,57,0.01564769189979909,0.00037665935859030155,0.3038782495213131,0.6800973992202967,25,30,20
7,58,0.015647691899799296,0.00037666224389770915,0.3413306687909283,0.6426449770653738,25,30,20
7,59,0.015632838845431974,0.000376662259234209,0.34133221102932454,0.6426582878660085,25,30,20
7,60,0.015632838845431974,0.000376662259234209,0.3413344891747323,0.6426560097206007,25,30,20
7,61,0.015632838845431974,0.000376662259234209,0.34133448921085624,0.6426560096844767,25,30,20
7,62,0.015631601664290715,0.00037666225012159655,0.33820618558960514,0.6457855504959831,25,30,20
7,63,0.015631601664290715,0.00037666225012159655,0.3382061855906769,0.6457855504949113,25,30,20
7,64,0.015631601664290715,0.00037666225012159655,0.33820618560236854,0.6457855504832196,25,30,20
7,65,0.015631601652701763,0.000376662250101786,0.3413345190994172,0.6426572169977799,25,30,20
7,66,0.015631601652701447,0.0003766622501017859,0.341335684062461,0.6426560520347363,25,30,20
7,67,0.015631601652701447,0.0003766622501017859,0.3413356840275891,0.6426560520696082,25,30,20
7,68,0.015631601652701447,0.0003766622501017859,0.3413403873213994,0.6426513487757981,25,30,20
7,69,0.010183827989587921,0.00037666227913441284,0.3467881602863824,0.6426513494448964,25,30,20
7,70,0.010068923984154036,0.0003766622498799963,0.34690306829004386,0.6426513454759234,25,30,20
7,71,0.010068923984136405,0.0003769110415358125,0.34690400594864607,0.6426501590256829,25,30,20
7,72,1.1881911946224018e-07,0.0003769093132903794,0.35697296511995985,0.6426500067476311,25,30,20
7,73,1.1352309003144553e-06,0.00037690931256738824,0.3569852615631471,0.6426366938933857,25,30,20
7,74,1.1352309003144553e-06,0.00037690931256738954,0.3569884246884339,0.642633530768099,25,30,20
7,75,1.1352309003144553e-06,0.00037690931256738954,0.3569949484070807,0.6426270070494522,25,30,20
7,76,1.1352309003144553e-06,0.00037690931256738954,0.35699494837126194,0.6426270070852711,25,30,20
7,77,0.0004545711078613405,0.0009862654716589379,0.3558803249973723,0.6426788384231082,25,30,20
7,78,0.00045453714117373896,0.00098626547192433,0.3558803668916655,0.642678830495237,25,30,20
7,79,0.0004545839992267427,0.0009862654719481842,0.35588036165857106,0.6426787888702544,25,30,20
7,80,0.02887279824939852,0.00037691666007084567,0.32812331011392915,0.6426269749766021,25,30,20
7,81,0.02887279824939852,0.00037691666007084567,0.32812327074936126,0.6426270143411701,25,30,20
7,82,0.028872751391349837,0.0003769167306134509,0.32457399216058747,0.6461763397174498,25,30,20
7,83,0.028872751391349837,0.0003769167306134509,0.32457399218474636,0.6461763396932909,25,30,20
7,84,0.028872751391349837,0.0003769167306134496,0.3245708290491845,0.6461795028288527,25,30,20
7,85,0.028872751391349837,0.0003769167306134496,0.32457082902811124,0.6461795028499259,25,30,20
7,86,7.77366732091762e-05,0.0007813288328761889,0.35103389386727313,0.648107040626642,25,30,20
7,87,7.77366732091762e-05,0.0007813288328761889,0.3510338938677106,0.6481070406262042,25,30,20
7,88,7.77366732091762e-05,0.0007813288328761889,0.3510338938535438,0.648107040640371,25,30,20
7,89,7.77366732091762e-05,0.0007813288328761889,0.3510338938285896,0.6481070406653251,25,30,20
7,90,7.77366732091762e-05,0.0007813288328761889,0.3510291905323736,0.6481117439615411,25,30,20
7,91,7.77366732091762e-05,0.0007813288328761889,0.3511587141250427,0.6479822203688721,25,30,20
7,92,7.77366732091762e-05,0.0007813288328761889,0.3511586321010056,0.6479823023929092,25,30,20
7,93,7.77366732091762e-05,0.000781328832876189,0.3511586721209569,0.6479822623729578,25,30,20
7,94,7.770133756668063e-05,0.000781329708079665,0.3511584686676551,0.6479825002866988,25,30,20
7,95,7.770096563312968e-05,0.0004890571455752769,0.3514506177782689,0.6479826241105223,25,30,20
7,96,7.770373231199843e-05,0.0004890157689261122,0.35145063867411047,0.647982641824651,25,30,20
7,97,7.770161980192596e-05,0.0004890157839593012,0.3514537330894777,0.6479795495067613,25,30,20
7,98,7.770161980192596e-05,0.0004890157839593012,0.3514537330772023,0.6479795495190368,25,30,20
7,99,7.770161980192596e-05,0.0004890157839593012,0.35145373307613875,0.6479795495201004,25,30,20
7,100,0.0001019848339324997,0.0004890157688684352,0.35142944981946356,0.6479795495777358,25,30,20
7,101,0.0001019848339324997,0.0004890157688684352,0.3514341531073805,0.6479748462898189,25,30,20
7,102,0.0001019848339324997,0.0004890157688684352,0.35143418158497597,0.6479748178122234,25,30,20
7,103,0.0001019848339324997,0.0004890157688684352,0.3514341816200251,0.6479748177771744,25,30,20
7,104,0.00010198483393889265,0.000489012883561038,0.353980095810152,0.6454289064723479,25,30,20
7,105,0.00010201333225603939,0.0004890120204095633,0.31866668613895166,0.6807422885083824,25,30,20
7,106,0.00013069980714704076,0.0004890120055353221,0.31863799967889306,0.680742288508424,25,30,20
7,107,0.00013069980714704076,0.0004890120055353221,0.3186380001433613,0.6807422880439558,25,30,20
7,108,0.00010098780726895207,0.0004890120055305835,0.31866771214452894,0.6807422880426709,25,30,20
7,109,0.00010098780726895207,0.0004890120055305836,0.3186677941687783,0.6807422060184217,25,30,20
7,110,0.00010098780726895207,0.0004890120055305836,0.3186677948597235,0.6807422053274764,25,30,20
7,111,0.00010098780726895207,0.0004890120055305836,0.31866309155967704,0.680746908627523,25,30,20
7,112,0.00010098780726895207,0.0004890120055305836,0.3186630911103222,0.6807469090768778,25,30,20
7,113,0.00010098780726895207,0.0004890120055305836,0.31866309314364716,0.6807469070435528,25,30,20
7,114,0.00010098780726895207,0.0004890120055305836,0.3186631215933909,0.680746878593809,25,30,20
7,115,0.00010098780726895207,0.0004890120055306589,0.31866315644065457,0.6807468437465453,25,30,20
7,116,0.00010098780726895207,0.0004890120055306589,0.3186631578630412,0.6807468423241586,25,30,20
7,117,0.00010098780726895207,0.0004890120055306589,0.3186631964109746,0.6807468037762251,25,30,20
7,118,0.00010098780726895207,0.0004890120055306589,0.31866319643676566,0.6807468037504342,25,30,20
7,119,0.00010098781501644543,0.0004890120544653834,0.3187556002405512,0.6806543998899663,25,30,20
7,120,0.00010630550946193791,0.0004890120843399446,0.3187502825714146,0.6806543998347827,25,30,20
7,121,0.00010630550946193791,0.0004890120843399445,0.3187503218394594,0.6806543605667379,25,30,20
7,122,0.00010630550946193791,0.0004890120843399445,0.31875029334079075,0.6806543890654067,25,30,20
7,123,0.00010630550946193791,0.0004890120843399445,0.31875029335046184,0.6806543890557356,25,30,20
7,124,0.00010630550946193791,0.0004890120843399445,0.3187502933505005,0.680654389055697,25,30,20
7,125,0.00010630550945761893,0.000489012013773485,0.3222886215991775,0.6771160608775917,25,30,20
7,126,2.9633484046853864e-05,8.476853570195414e-05,0.3246970921387643,0.6751885058414875,25,30,20
7,127,2.9633484046853864e-05,8.476853570195414e-05,0.32469709216525794,0.6751885058149939,25,30,20
7,128,2.9603704501222748e-05,8.476852338440192e-05,0.3200107419086192,0.6798748858634953,25,30,20
7,129,2.9603704501222748e-05,8.476852338440192e-05,0.32001074190902906,0.6798748858630853,25,30,20
7,130,2.960370682093263e-05,8.707566059033363e-05,0.32001943270646854,0.6798638879261202,25,30,20
7,131,2.960094014245007e-05,8.686403297019819e-05,0.3200196648150102,0.6798638702118772,25,30,20
7,132,0.000593044101218443,3.43160890914682e-06,0.31953977651071286,0.6798637477791594,25,30,20
7,133,0.000593044101218443,3.4316089091468204e-06,0.3195331743360854,0.6798703499537869,25,30,20
7,134,0.000593044101218443,3.4316089091468204e-06,0.3195331723027604,0.679870351987112,25,30,20
7,135,0.0005930440897215085,3.6112381377566334e-06,0.31953299294325654,0.6798703517288841,25,30,20
7,136,0.0005930440897215085,3.6112381377566334e-06,0.3195329934423391,0.6798703512298014,25,30,20
7,137,0.0005930440897215085,3.6112381377566334e-06,0.31953299547555525,0.6798703491965853,25,30,20
7,138,0.0005930440897215085,3.6112381377566567e-06,0.31953769877588195,0.6798656458962585,25,30,20
7,139,0.0005930440897215085,3.611238137756656e-06,0.3195376703158632,0.6798656743562772,25,30,20
7,140,0.0005930440897215085,3.611238380752408e-06,0.3198040057667997,0.6795993389050977,25,30,20
7,141,0.0005930440897215085,3.61123838075243e-06,0.3198039672551507,0.6795993774167467,25,30,20
7,142,0.0005930440897215085,3.61123838075243e-06,0.319803966678253,0.6795993779936442,25,30,20
7,143,0.0005930440897215085,3.61123838075243e-06,0.31967444306081005,0.6797289016110872,25,30,20
7,144,0.0005930440897215085,3.611238380752431e-06,0.31967444400968187,0.6797289006622154,25,30,20
7,145,0.0005930440897215085,3.6112381377566787e-06,0.31940810858369956,0.6799952360884407,25,30,20
7,146,0.0005930440897215085,3.6112381377566782e-06,0.3194081045515648,0.6799952401205757,25,30,20
7,147,0.0005930440897215085,3.6112381377566782e-06,0.31940810455217983,0.6799952401199607,25,30,20
7,148,0.0005930440897215085,3.6112381377566782e-06,0.3194081050262976,0.679995239645843,25,30,20
7,149,0.0012902499769427134,0.00012144056447822144,0.3185930711473572,0.6799952383112214,25,30,20
7,150,0.0012902499678172502,0.00012144051738889233,0.31849926233810594,0.6800890471766873,25,30,20
7,151,0.03953195222287449,2.6629228076704314e-06,0.2803763377341167,0.6800890471202006,25,30,20
7,152,0.03953195222287449,2.6629228076704314e-06,0.28037633770916254,0.6800890471451548,25,30,20
7,153,0.03953195222287449,2.6629228076704314e-06,0.280376337734767,0.6800890471195502,25,30,20
7,154,0.03953195222289958,2.3074335787589654e-06,0.28037669322397096,0.6800890471195502,25,30,20
7,155,0.03953195222289958,2.307433578758942e-06,0.28037669244262886,0.6800890479008923,25,30,20
7,156,0.03953195222289958,2.307433578758942e-06,0.2803767464932047,0.6800889938503164,25,30,20
7,157,0.03953195222289958,2.307433578758942e-06,0.2803767470175072,0.6800889933260139,25,30,20
7,158,0.03953195222289958,2.3074335786836498e-06,0.2803766296718473,0.6800891106716739,25,30,20
7,159,3.0821275451231806e-05,8.865356069704523e-06,0.319871193079245,0.6800891202892335,25,30,20
7,160,3.0821275451231806e-05,8.865356069704523e-06,0.3198711924134265,0.6800891209550521,25,30,20
7,161,3.0821275451231806e-05,8.8653560697045e-06,0.31986648911335724,0.6800938242551211,25,30,20
7,162,3.08212767850004e-05,0.0011072019849929333,0.31876815248310014,0.6800938242551213,25,30,20
7,163,3.08212767850004e-05,0.0011072019849929333,0.3187681529484869,0.6800938237897346,25,30,20
7,164,3.08212767850004e-05,0.0011072019849929333,0.3187681529480071,0.6800938237902143,25,30,20
7,165,1.2203626412954323e-06,0.00110720195511457,0.3187977538957442,0.6800938237864999,25,30,20
7,166,1.2203626412954323e-06,0.00110720195511457,0.31879775343235006,0.6800938242498938,25,30,20
7,167,1.2203626412954323e-06,0.0011072019551145713,0.3187978688507054,0.6800937088315386,25,30,20
7,168,1.2203626412954323e-06,0.0011072019551145713,0.31879786881608807,0.6800937088661558,25,30,20
7,169,1.2203626412954323e-06,0.0011072019551145713,0.31879558924871587,0.6800959884335279,25,30,20
7,170,1.2203626412954323e-06,0.0011072019551145713,0.3187955892493416,0.6800959884329021,25,30,20
7,171,1.2203626412954323e-06,0.0011072019551145713,0.31879558983520834,0.6800959878470354,25,30,20
7,172,1.2203631883572767e-06,0.001104894833313722,0.31879789695646227,0.6800959878470352,25,30,20
7,173,1.220361829497806e-06,6.558202502966411e-06,0.31989623358863223,0.6800959878470352,25,30,20
7,174,1.220361829497806e-06,6.558202502966411e-06,0.31989623361297115,0.6800959878226959,25,30,20
7,175,1.220361829497806e-06,6.558202502966411e-06,0.31989623431419456,0.6800959871214727,25,30,20
7,176,1.220361829497806e-06,6.5582025029663885e-06,0.3198962332288098,0.6800959882068573,25,30,20
7,177,1.2203618294980752e-06,6.564331713057042e-06,0.3198962270995994,0.6800959882068573,25,30,20
7,178,1.220498625960215e-06,6.564331720927784e-06,0.3198960306196064,0.6800961845500464,25,30,20
7,179,1.2204999072490577e-06,6.5643317214497925e-06,0.31981214655383655,0.6801800686145347,25,30,20
7,180,1.2204999072490575e-06,6.564331721449771e-06,0.3198121890568501,0.6801800261115213,25,30,20
7,181,1.2204999072490575e-06,6.564331721449771e-06,0.3198123049492386,0.6801799102191327,25,30,20
7,182,1.2295171170874163e-06,6.564331713579078e-06,0.3198124922739813,0.680179713877188,25,30,20
7,183,1.232769771974055e-06,6.558169624859278e-06,0.3198124951833026,0.6801797138773005,25,30,20
7,184,1.232769771974055e-06,6.558169624859278e-06,0.3198124131598733,0.6801797959007296,25,30,20
7,185,1.232769771974055e-06,6.558169624859278e-06,0.3198124131697062,0.6801797958908969,25,30,20
7,186,1.2327697719740724e-06,6.558169624859301e-06,0.3199016420290162,0.6800905670315867,25,30,20
7,187,1.2327697719740724e-06,6.558169624859301e-06,0.3199016406079402,0.6800905684526626,25,30,20
7,188,1.2327691441282776e-06,6.55816989046614e-06,0.3199016405374093,0.6800905685235556,25,30,20
7,189,1.2327691433773092e-06,6.5644063675093846e-06,0.3199945063530374,0.6799976964714516,25,30,20
7,190,1.2327691433773092e-06,6.5644063675093846e-06,0.31999446636961526,0.6799977364548738,25,30,20
7,191,0.02066297975364576,6.56440632907053e-06,0.29933271769798186,0.6799977381420432,25,30,20
7,192,0.02066297975364576,6.5644063290718265e-06,0.2992500950453601,0.6800803607946649,25,30,20
7,193,0.02066297975364576,6.5644063290718265e-06,0.2992500948681849,0.6800803609718402,25,30,20
7,194,0.02066297975364576,6.5644063290718265e-06,0.29924997897579647,0.6800804768642286,25,30,20
7,195,0.02066297975364576,6.5644063290718265e-06,0.29924998097412897,0.6800804748658961,25,30,20
7,196,0.02066297975364576,6.5644063290718265e-06,0.2992499809604213,0.6800804748796037,25,30,20
7,197,0.02066297975364576,6.5644063290718265e-06,0.29924992690943536,0.6800805289305896,25,30,20
7,198,0.02066297975364576,6.564406572598515e-06,0.29942944590371867,0.6799010099360627,25,30,20
7,199,0.02066297975364576,6.564406572598515e-06,0.29942944658002035,0.679901009259761,25,30,20
7,200,0.02066297975364576,6.564406572597194e-06,0.2994293306379801,0.6799011252018015,25,30,20
7,201,0.02066297975364576,6.564406572597194e-06,0.2994293316979714,0.67990112414181,25,30,20
7,202,0.02066297975364576,6.564406572597194e-06,0.29942933314531084,0.6799011226944707,25,30,20
7,203,0.02066297975364576,6.5644065725972166e-06,0.2994293717178874,0.679901084121894,25,30,20
7,204,0.02066297975364576,6.564406572672509e-06,0.29942945624430173,0.6799009995954794,25,30,20
7,205,0.02066297975364576,6.564406572671189e-06,0.299422850014245,0.6799076058255362,25,30,20
7,206,0.020692094634011275,6.6117168656144574e-06,0.2993936878223257,0.679907605826797,25,30,20
7,207,0.0486850245976366,6.611717022166338e-06,0.2714007578587229,0.6799076058266179,25,30,20
7,208,0.048685024655498524,6.864046715963759e-06,0.27140050547116584,0.6799076058266199,25,30,20
7,209,0.048685024655498524,6.864046715888466e-06,0.2714004229425446,0.6799076883552412,25,30,20
7,210,0.048685024655498524,6.864046715888489e-06,0.27140042438970363,0.6799076869080821,25,30,20
7,211,0.048685024597636524,2.103584166528782e-05,0.2713862526526182,0.6799076869080801,25,30,20
7,212,0.048685024597636524,2.103584166528784e-05,0.27138625134602806,0.6799076882146702,25,30,20
7,213,0.048685024597636524,2.103584166528782e-05,0.27138625191959226,0.679907687641106,25,30,20
7,214,0.04868502134498201,2.1035854928040106e-05,0.2713862551590942,0.6799076876409959,25,30,20
7,215,0.04868502134498201,2.1035854928040106e-05,0.271386255159574,0.6799076876405161,25,30,20
7,216,0.048685021364012274,2.10359640797977e-05,0.2713754303142334,0.6799185123576733,25,30,20
7,217,0.048685021364012274,2.103596407979768e-05,0.27137539232753094,0.6799185503443758,25,30,20
7,218,0.048685021364012274,2.103596407979766e-05,0.27137539160090934,0.6799185510709975,25,30,20
7,219,0.048685021364012274,2.103596407979766e-05,0.2713753901276414,0.6799185525442654,25,30,20
7,220,0.04868380142081058,1.4480298300349359e-05,0.27138317535418266,0.679918542926706,25,30,20
7,221,0.04868380142081058,1.4480298300349359e-05,0.2713831733456391,0.6799185449352495,25,30,20
7,222,0.04868380142081058,1.4480298300349359e-05,0.2713832553086232,0.6799184629722654,25,30,20
7,223,0.04868380140049244,1.4480189181175044e-05,0.27147796462455537,0.6798237537857706,25,30,20
7,224,0.04865468652197874,1.4432863927869041e-05,0.2715071267691555,0.6798237538449382,25,30,20
7,225,0.05963997172714176,1.443322409908031e-05,0.26052184111655247,0.6798237539322065,25,30,20
7,226,0.05963997172714176,1.443322409908031e-05,0.2605234628165542,0.6798221322322049,25,30,20
7,227,0.05963997172714176,1.443322409908031e-05,0.2605234634931153,0.6798221315556436,25,30,20
7,228,0.059639971725281155,1.4433223933003895e-05,0.2605234635542861,0.6798221314964995,25,30,20
7,229,0.040546313123830835,1.4434021750671145e-05,0.2796171193112846,0.6798221335431341,25,30,20
7,230,0.040546313123830835,1.4434021750671145e-05,0.2796171193348684,0.6798221335195503,25,30,20
7,231,0.040546313123830835,1.4434021507145778e-05,0.27944420654705715,0.6799950463076051,25,30,20
7,232,0.040546313123830835,1.4434021507145778e-05,0.2794442065710509,0.6799950462836114,25,30,20
7,233,0.040546313123830835,1.4434021507145778e-05,0.27944420607196063,0.6799950467827016,25,30,20
7,234,0.040546313123830835,1.4434021507145778e-05,0.279444206082854,0.6799950467718082,25,30,20
7,235,0.040546313123830606,1.384614253487645e-07,0.2794585016428776,0.6799950467718664,25,30,20
7,236,0.040546313123790985,1.384619436565836e-07,0.2794585016436608,0.6799950467706044,25,30,20
7,237,0.040546313123790985,1.3846194365660675e-07,0.2794585836800344,0.6799949647342308,25,30,20
7,238,0.040546313123790985,1.3846194365660675e-07,0.27945858367985416,0.6799949647344111,25,30,20
7,239,0.03897822455628835,1.3766389890281312e-07,0.2810266768513653,0.6799949609284475,25,30,20
7,240,0.03897822414345788,1.355603851087963e-07,0.28102665855119,0.679994981744967,25,30,20
7,241,0.03897822414345788,1.3556038511011722e-07,0.281025118185839,0.6799965221103179,25,30,20
7,242,0.03897822414345788,1.3556038511011722e-07,0.28102511818563924,0.6799965221105175,25,30,20
7,243,0.03897822414345788,1.3556038510879654e-07,0.2810185126449179,0.6800031276512389,25,30,20
7,244,0.03897822414345788,1.3556038510879654e-07,0.2810185146424457,0.6800031256537111,25,30,20
7,245,0.03897822414345788,1.3556038510882012e-07,0.2810185152539322,0.6800031250422246,25,30,20
7,246,0.03897822414345788,1.355603851074992e-07,0.28101843274406607,0.6800032075520908,25,30,20
7,247,0.03897822555981593,8.778197518852958e-09,0.28101855810990467,0.6800032075520817,25,30,20
7,248,0.038978230795702375,3.690602266513681e-08,0.2805844812276192,0.6804372510706554,25,30,20
7,249,0.038978230795702375,3.69060226651364e-08,0.28058439873971386,0.680437333558561,25,30,20
7,250,0.03897823081020149,3.683213090371488e-08,0.280584419615626,0.6804373127420414,25,30,20
7,251,0.03897822939397056,1.6143125116039429e-07,0.2805842964327837,0.6804373127419945,25,30,20
7,252,0.03897822939397056,1.614312511603943e-07,0.2805842957670329,0.6804373134077453,25,30,20
7,253,0.03897822939397056,1.614312512356868e-07,0.2805843782962976,0.6804372308784805,25,30,20
7,254,0.03897822939397056,1.614312512356868e-07,0.2805843776300147,0.6804372315447634,25,30,20
7,255,0.03897822939397056,1.614312512356868e-07,0.28058437907718115,0.680437230097597,25,30,20
7,256,0.03897822939397056,1.614312512356868e-07,0.2805843790778094,0.6804372300969688,25,30,20
7,257,0.03897822939397056,1.6143125123568683e-07,0.28058437908834205,0.680437230086436,25,30,20
7,258,0.038978230892243684,6.487828213474852e-07,0.2810195991349549,0.6800015211899797,25,30,20
7,259,0.038978230892243684,6.487828213474852e-07,0.28101959909969776,0.680001521225237,25,30,20
7,260,0.038978230892243684,6.48782821347462e-07,0.2810195165896193,0.6800016037353154,25,30,20
7,261,0.038978230892243684,6.48782821347462e-07,0.2810196310591843,0.6800014892657505,25,30,20
7,262,0.0608630692987353,6.487820254519192e-07,0.2591347926535108,0.6800014892657282,25,30,20
7,263,0.03897874210291417,6.969630720747157e-07,0.28101907166584733,0.6800014892681662,25,30,20
7,264,0.03897874210291417,6.969630720747157e-07,0.2810190736636046,0.680001487270409,25,30,20
7,265,0.03897874210291417,6.969630720747157e-07,0.28101907511076873,0.6800014858232447,25,30,20
7,266,0.03897874210291381,0.0010869181608037092,0.2799328539130398,0.6800014858232423,25,30,20
7,267,0.03897874210291381,0.0010869181608037092,0.27993285387824507,0.680001485858037,25,30,20
7,268,0.03897874210291381,0.0010869181608037092,0.27993293637660743,0.6800014033596747,25,30,20
7,269,0.03897874210291381,0.0010869181608037092,0.2799329377885607,0.6800014019477214,25,30,20
7,270,0.03897874210291381,1.0523663414062201e-06,0.281018803583023,0.6800014019477214,25,30,20
7,271,0.03897874210291381,1.0523663414062205e-06,0.2810188035840868,0.6800014019466576,25,30,20
7,272,0.03897874210278662,9.259095760370229e-07,0.2810177227326162,0.6800026092550213,25,30,20
7,273,0.03897874210278662,9.259095760370229e-07,0.28101772273282877,0.6800026092548086,25,30,20
7,274,0.038978231210591234,8.777288127026448e-07,0.281018281808225,0.680002609252371,25,30,20
7,275,0.038978231210591234,8.777288127026448e-07,0.281018280335669,0.6800026107249271,25,30,20
7,276,0.038978231210591234,8.777288127026448e-07,0.2810182803704636,0.6800026106901323,25,30,20
7,277,0.038978231196087655,1.0042489238646603e-06,0.28101815386159684,0.6800026106933916,25,30,20
7,278,0.03897822891506737,4.887694977983689e-07,0.2810186723436068,0.680002609971828,25,30,20
7,279,0.03897822891506737,1.3951313659199803e-07,0.2810190215999683,0.680002609971828,25,30,20
7,280,0.03897822891506737,1.3951313659199803e-07,0.2810190615600144,0.6800025700117819,25,30,20
7,281,0.03897822891506737,1.2993030265435155e-08,0.2810191880833799,0.6800025700085226,25,30,20
7,282,0.03897822891506737,1.2993030266732345e-08,0.28102388932477934,0.6799978687671231,25,30,20
7,283,0.03897822891506737,1.2993030266732345e-08,0.28102384932950675,0.6799979087623957,25,30,20
7,284,0.03897822891506737,1.2993030265411577e-08,0.28101917450214164,0.6800025835897608,25,30,20
7,285,0.03897822891506737,1.2993030265411577e-08,0.2810191730635659,0.6800025850283365,25,30,20
7,286,0.03897822891506737,1.2993030265411577e-08,0.28101917247737074,0.6800025856145316,25,30,20
7,287,0.03897822891506737,1.2993030266732846e-08,0.281020795354689,0.6800009627372134,25,30,20
7,288,0.03897822891506737,0.0007922991258843428,0.2802296961331045,0.6799997758259437,25,30,20
7,289,0.03897822891506737,0.0007922991258842674,0.2802296115968322,0.6799998603622162,25,30,20
7,290,0.03897822891506737,0.0007922991258842674,0.28022961159704524,0.6799998603620031,25,30,20
7,291,0.03897822891506737,0.0007922991258842674,0.2802295831362682,0.6799998888227802,25,30,20
7,292,0.03897822891506737,0.0007922991258842674,0.2802295831453027,0.6799998888137456,25,30,20
7,293,0.03897822891506737,0.0007922991258842674,0.2802294686752928,0.6800000032837555,25,30,20
7,294,0.03897822891506737,0.0007922991258842687,0.2802340894524911,0.6799953825065572,25,30,20
7,295,0.03897822891507062,0.0007922960073534406,0.28023578790242376,0.679993687175152,25,30,20
7,296,0.03897822891507062,0.0007922960073534406,0.2802357879269849,0.6799936871505907,25,30,20
7,297,0.03897822891507062,0.0007922960073534392,0.2802364446067682,0.6799930304708074,25,30,20
7,298,0.03897822891507062,0.0008125551492330237,0.2802161854648886,0.6799930304708074,25,30,20
7,299,0.03897822891507062,0.0008125551492330237,0.2802161834313242,0.679993032504372,25,30,20
7,300,0.03904331648281065,0.0008125547889052947,0.2801510963122683,0.679993032416016,25,30,20
7,301,0.03904331648281065,0.0008125547889052947,0.2801510962767439,0.6799930324515404,25,30,20
7,302,0.03904331648281075,0.0007922894102501578,0.2801713616553989,0.6799930324515404,25,30,20
7,303,0.039043316482810855,0.0007971016002289355,0.28016654946538205,0.6799930324515785,25,30,20
7,304,0.02320095893278223,0.0007971016002300399,0.2960089070154096,0.6799930324515785,25,30,20
7,305,0.02320095893278223,0.0007971016002300399,0.29600890500630245,0.6799930344606855,25,30,20
7,306,0.02320095893278223,0.0007971016002300399,0.296008904994626,0.679993034472362,25,30,20
7,307,0.02320095893278223,0.0007971016002300399,0.2960089054586366,0.6799930340083513,25,30,20
7,308,0.02320095893280406,0.0007922936956140359,0.29601371336315646,0.6799930340084256,25,30,20
7,309,0.027869653132587074,0.0007923081145495625,0.2913448684606929,0.6799931702921707,25,30,20
7,310,0.027869653132584157,0.0008125641189197071,0.29132461246090113,0.6799931702875953,25,30,20
7,311,0.027869653132566605,0.0008128086921274227,0.2913243678878233,0.6799931702874831,25,30,20
7,312,0.027869653132566605,0.0008128086921274227,0.2913243679230542,0.6799931702522521,25,30,20
7,313,0.027869653132566605,0.0008128086921274227,0.29132436742382195,0.6799931707514844,25,30,20
7,314,0.02946283058257189,0.0008128549076785309,0.2897311437570739,0.6799931707526757,25,30,20
7,315,0.029462848787520937,0.0007939653959213647,0.28975001506387377,0.679993170752684,25,30,20
7,316,0.029462848787520937,0.0007939653959213647,0.2897500150987138,0.6799931707178439,25,30,20
7,317,0.029462848787520937,0.0007939653959213647,0.28975001366046405,0.6799931721560936,25,30,20
7,318,0.029462848787520937,0.0007939653959213647,0.2897500136253847,0.6799931721911728,25,30,20
7,319,0.029462848787520937,0.0007939653959213647,0.28975001362498576,0.679993172191572,25,30,20
7,320,0.029462848787520937,0.0007939653959213648,0.28975015714647034,0.6799930286700874,25,30,20
7,321,0.029462848787520937,0.0007939653959213648,0.289750157646168,0.6799930281703898,25,30,20
7,322,0.029462848787520937,0.0007939653959213647,0.2897500966386492,0.6799930891779086,25,30,20
7,323,0.029462848787520937,0.0007939653959213647,0.2897500966285353,0.6799930891880223,25,30,20
7,324,0.02946284878751656,0.0007937165359798444,0.2897503454884813,0.6799930891880224,25,30,20
7,325,0.02946284878751656,0.0007937165359841251,0.28983487097123034,0.6799085637052691,25,30,20
7,326,0.02946284878751656,0.0007937165359841251,0.2898348709959963,0.679908563680503,25,30,20
7,327,0.02946310079559968,0.000793716535986414,0.2898346169305417,0.679908565737872,25,30,20
7,328,0.02946488420589236,0.0007948090004791307,0.2898317409312197,0.6799085658624087,25,30,20
7,329,0.029464884205892248,0.0008048561958312435,0.2898216937358672,0.6799085658624087,25,30,20
7,330,0.029464884205892248,0.0008048561958312435,0.2898233166365108,0.679906942961765,25,30,20
7,331,0.029464884205892248,0.0008048561958312435,0.28982331659997124,0.6799069429983046,25,30,20
7,332,0.029464884205892248,0.0008048561958312435,0.2898233166605924,0.6799069429376834,25,30,20
7,333,0.02787171540291796,0.0008048581589976403,0.2914164794704567,0.679906946967627,25,30,20
7,334,0.027871715591888387,0.0008048099802615924,0.2914165314179235,0.6799069430099257,25,30,20
7,335,0.027871715591888387,0.0008048099802615924,0.2914165328046387,0.6799069416232106,25,30,20
7,336,0.02787170644811054,0.0008048100513810343,0.2914165419447619,0.6799069415557458,25,30,20
7,337,0.02787170644811054,0.0008048100513810343,0.29141654049698795,0.6799069430035197,25,30,20
7,338,0.02787170644811054,0.0008048100513810343,0.2914149176045202,0.6799085658959875,25,30,20
7,339,0.02787170644811054,0.0008048100513810343,0.29141491961255583,0.6799085638879518,25,30,20
7,340,0.02787170644811054,0.0008048100513767521,0.29132569087654264,0.6799977926239693,25,30,20
7,341,0.02787170644811054,0.0008048100513767521,0.2913256908770985,0.6799977926234136,25,30,20
7,342,0.02787170644811054,0.0008048100513767521,0.29132569090143007,0.6799977925990821,25,30,20
7,343,0.02787170644811054,0.0008048100513767521,0.2913257734158046,0.6799977100847074,25,30,20
7,344,0.02787170644811054,0.0008048100513767521,0.2913257759482578,0.6799977075522543,25,30,20
7,345,0.02787170644811054,1.2776921761788484e-05,0.2921178291035865,0.6799976875265404,25,30,20
7,346,0.02787170644811054,1.2776921761788484e-05,0.292117829103756,0.6799976875263711,25,30,20
7,347,0.02787170644811054,1.2776921761788487e-05,0.2921178305040252,0.6799976861261018,25,30,20
7,348,0.02787170644811054,1.2776921761788487e-05,0.2921178305044628,0.6799976861256642,25,30,20
7,349,0.02787170644811054,1.2776921761789807e-05,0.2921179130382012,0.679997603591926,25,30,20
7,350,0.02787170644811054,1.2776921761789783e-05,0.2921179112066372,0.67999760542349,25,30,20
7,351,0.02787170644811054,1.2776921761789783e-05,0.2921179922820004,0.6799975243481268,25,30,20
7,352,0.02787170644811054,1.2776921761789783e-05,0.2921179097842629,0.6799976068458642,25,30,20
7,353,0.02787170644811054,1.2776921761789783e-05,0.2921179118178955,0.6799976048122316,25,30,20
7,354,0.02787170644811054,1.2776921761865072e-05,0.2921195369525019,0.6799959796776253,25,30,20
7,355,0.02787170644811054,1.2776921761865072e-05,0.292119534945502,0.6799959816846252,25,30,20
7,356,0.02787170644811054,1.2776921761865096e-05,0.29211953545485214,0.6799959811752749,25,30,20
7,357,0.02787170644811054,1.2776921761866416e-05,0.2921210758716299,0.6799944407584972,25,30,20
7,358,0.027871706434593514,1.2776851743585224e-05,0.29211986900465164,0.6799956477090108,25,30,20
7,359,0.027871706434593514,1.2776851743585224e-05,0.2921198699644394,0.679995646749223,25,30,20
7,360,0.027871706434593514,1.2776851743585224e-05,0.29211986999950496,0.6799956467141574,25,30,20
7,361,0.027871706434593514,1.2776851743583903e-05,0.2921197888879358,0.6799957278257266,25,30,20
7,362,0.027871706434593514,1.2776851743583903e-05,0.2921198288574854,0.6799956878561771,25,30,20
7,363,0.027871706434593514,1.2776851743583903e-05,0.29211982884781174,0.6799956878658507,25,30,20
7,364,0.02787145461212631,1.2776851745954306e-05,0.2921200827263787,0.6799956858097491,25,30,20
7,365,0.02787145461212631,1.2776851745954306e-05,0.29212008269036643,0.6799956858457614,25,30,20
7,366,0.02787145461212631,1.2776851745954306e-05,0.29212008115686877,0.6799956873792589,25,30,20
7,367,0.02787145461212631,1.2776851745954306e-05,0.29212007974616766,0.67999568878996,25,30,20
7,368,0.02787145461212631,1.2776851745954306e-05,0.29212007908256205,0.6799956894535656,25,30,20
7,369,0.02787069720970925,1.0314774817974308e-05,0.29212329868518805,0.6799956893302843,25,30,20
7,370,0.02787069720970925,1.0314774817974308e-05,0.2921233001329545,0.6799956878825177,25,30,20
7,371,0.02787069720970925,1.0314774817974308e-05,0.2921233001327387,0.6799956878827337,25,30,20
7,372,0.02787069720970925,1.0314774817974308e-05,0.2921232996419852,0.6799956883734873,25,30,20
7,373,0.02787069720970932,1.031484994419364e-05,0.2920569877656703,0.6800620001746762,25,30,20
7,374,0.02787069720970932,1.0061846709105851e-05,0.2920572411401732,0.6800619998034085,25,30,20
7,375,0.02787069720970932,1.0061846709105851e-05,0.2920572416396909,0.6800619993038909,25,30,20
7,376,0.027870697209727183,1.0061771504142214e-05,0.29205724171487746,0.680061999303891,25,30,20
7,377,0.027870697209727183,1.0061771504142214e-05,0.2920550780396848,0.6800641629790838,25,30,20
7,378,0.02787068821855765,1.0061771499404395e-05,0.29205508703210376,0.6800641629778391,25,30,20
7,379,0.02787068821855765,1.0061771499404371e-05,0.292055086509223,0.68006416350072,25,30,20
7,380,0.027885543402115992,1.006177906178819e-05,0.29204023135320784,0.6800641634656145,25,30,20
7,381,0.027885543402115992,1.0061779061788189e-05,0.2920401488556533,0.6800642459631691,25,30,20
7,382,0.027885543402115992,1.006177906178819e-05,0.2920400336561844,0.6800643611626378,25,30,20
7,383,0.027885543402115992,1.006177906178819e-05,0.2920400331675599,0.6800643616512625,25,30,20
7,384,0.027885543402194624,1.0109790184105927e-05,0.292039985156359,0.6800643616512625,25,30,20
7,385,0.027885543402194624,1.0109790184105927e-05,0.29203998513079715,0.6800643616768243,25,30,20
7,386,0.027885543402194624,1.0109790184105927e-05,0.29203998517831775,0.6800643616293037,25,30,20
7,387,0.027885543403120456,2.3236380846782715e-05,0.2885270732441877,0.6835641469718453,25,30,20
7,388,0.027885543403120456,2.323638084678274e-05,0.2885270752651662,0.6835641449508668,25,30,20
7,389,0.02788449920137806,2.3236381110041623e-05,0.28852811946791135,0.6835641449496008,25,30,20
7,390,1.5115853751923248e-05,2.3221962306007117e-05,0.3163976535180865,0.6835640086658559,25,30,20
7,391,1.5116485101838899e-05,2.322196204045902e-05,0.31639765288700267,0.6835640086658556,25,30,20
7,392,6.508900715201338e-05,2.324876236584777e-05,0.316347653525288,0.6835640087051944,25,30,20
7,393,6.508900715201338e-05,2.324876236584777e-05,0.31634765280716265,0.6835640094233197,25,30,20
7,394,6.508900715201338e-05,2.324876236584777e-05,0.31634776871065845,0.683563893519824,25,30,20
7,395,6.508900715201338e-05,2.324876236584777e-05,0.3163478512338196,0.6835638109966627,25,30,20
7,396,6.508900715201338e-05,2.324876236584777e-05,0.3163478512475197,0.6835638109829627,25,30,20
7,397,6.508900715201338e-05,2.3248762365847797e-05,0.31634785194921133,0.683563810281271,25,30,20
7,398,6.508900715201338e-05,2.3248762365847797e-05,0.31634785335973586,0.6835638088707465,25,30,20
7,399,6.508900715201338e-05,2.3248762365847797e-05,0.31634773742976113,0.6835639248007211,25,30,20
7,400,6.508900857893689e-05,1.3201678164216555e-05,0.3163577845125357,0.6835639248007211,25,30,20
7,401,6.508900857893689e-05,1.3201678164216555e-05,0.3163594074407381,0.6835623018725188,25,30,20
7,402,6.508900883347678e-05,1.3206042970249341e-05,0.3163594030692723,0.683562301878924,25,30,20
7,403,6.508900883347678e-05,1.3206042970249341e-05,0.31635940307893556,0.6835623018692608,25,30,20
7,404,6.508900883347678e-05,1.3206042970249341e-05,0.31635940508753235,0.6835622998606639,25,30,20
7,405,6.508900859676033e-05,1.3454245147479363e-05,0.3162904980866776,0.6836309586595779,25,30,20
7,406,1.6247107148632264e-05,1.493449295966607e-05,0.3163378575681354,0.6836309608317563,25,30,20
7,407,1.6247107148632264e-05,1.493449295966607e-05,0.3163378575685701,0.6836309608313218,25,30,20
7,408,2.56993220883295e-07,1.3427437261627367e-05,0.2776397105501648,0.7223466050193528,25,30,20
7,409,2.56993220883295e-07,1.3427437261626047e-05,0.2776381701333207,0.722348145436197,25,30,20
7,410,2.5698767330386264e-07,1.3427452397583376e-05,0.277638170123754,0.722348145436175,25,30,20
7,411,2.57371489914339e-07,3.0131102869538563e-07,0.25521300054655466,0.7447864407709268,25,30,20
7,412,2.57371489914339e-07,3.0131102869536245e-07,0.2552129985000357,0.7447864428174457,25,30,20
7,413,1.4905721561661238e-09,3.013111617051529e-07,0.25521325438081993,0.7447864428174459,25,30,20
7,414,1.4905721561661238e-09,3.013111617051529e-07,0.25521325438111236,0.7447864428171534,25,30,20
7,415,1.4905721561661238e-09,3.0131116170515246e-07,0.2552132529337725,0.7447864442644934,25,30,20
7,416,1.4905721561661238e-09,3.0131116170515246e-07,0.2552132514855571,0.7447864457127088,25,30,20
7,417,1.4905721561661238e-09,3.013111617051757e-07,0.2552148743614337,0.7447848228368322,25,30,20
7,418,1.490555010246725e-09,4.866644236854488e-08,0.2213600308999744,0.7786399189430281,25,30,20
7,419,1.490555010246725e-09,4.866644236854528e-08,0.22136003094851847,0.778639918894484,25,30,20
7,420,1.490555010246725e-09,4.866644236852211e-08,0.22136002883516542,0.7786399210078372,25,30,20
7,421,1.490555010246725e-09,4.866644236852212e-08,0.2213584344420615,0.7786415154009412,25,30,20
7,422,1.490555010246725e-09,4.866644236852252e-08,0.22135839191314818,0.7786415579298545,25,30,20
7,423,1.490555010246725e-09,4.866644236852211e-08,0.22135835191892572,0.778641597924077,25,30,20
7,424,1.490555010246725e-09,4.866644236852252e-08,0.22135843444163317,0.7786415154013695,25,30,20
7,425,1.4905550102467254e-09,4.866644236852291e-08,0.22135839648061637,0.7786415533623863,25,30,20
7,426,1.061643065913655e-08,1.5126934446135127e-09,0.22135843443528483,0.7786415534355912,25,30,20
7,427,1.061643065913655e-08,1.5126934446135127e-09,0.22135843293639534,0.7786415549344806,25,30,20
7,428,1.0616430659136626e-08,1.512693445934835e-09,0.221358460078181,0.7786415277926949,25,30,20
7,429,1.0616430659136626e-08,1.512693445934835e-09,0.22135854258945248,0.7786414452814233,25,30,20
7,430,1.0616430659136628e-08,1.5126934459348423e-09,0.22136514883170122,0.7786348390391745,25,30,20
7,431,1.0616430659136628e-08,1.5126934459348423e-09,0.2213651488319853,0.7786348390388905,25,30,20
7,432,1.0616430659136628e-08,1.512693445935249e-09,0.2213651495694679,0.7786348383014079,25,30,20
7,433,1.0473058721465558e-08,1.5126892179016983e-09,0.22008740235484756,0.7799125856594045,25,30,20
7,434,1.0088316200121603e-08,9.869022482783016e-10,0.20609528229375335,0.7939047066310282,25,30,20
7,435,1.0088316200121603e-08,9.86902248277895e-10,0.2060952002950832,0.7939047886296983,25,30,20
7,436,2.9713039684807352e-05,1.2679424359856535e-10,0.20606549827573997,0.7939047885577808,25,30,20
7,437,2.9713039684807352e-05,1.2679424359856535e-10,0.20606549826405587,0.7939047885694649,25,30,20
7,438,2.971288467488172e-05,1.1165844544071634e-10,0.2060654984341798,0.7939047885694869,25,30,20
7,439,2.971288467488172e-05,1.1165844544071647e-10,0.20606561431584428,0.7939046726878223,25,30,20
7,440,2.971288467488172e-05,1.1165844544030991e-10,0.20606561380603952,0.7939046731976273,25,30,20
7,441,2.9712884674204203e-05,1.1145105590547387e-10,0.20011674233012466,0.7998535446737504,25,30,20
7,442,5.8425780150715734e-05,1.1145547030427247e-10,0.20008802936377587,0.7998535447446181,25,30,20
7,443,5.8425780150715734e-05,1.1145547030387318e-10,0.200088029802248,0.7998535443061461,25,30,20
7,444,5.8425780150715734e-05,1.1145547030388017e-10,0.20008803131097838,0.7998535427974156,25,30,20
7,445,5.8425780150715734e-05,1.1145547030387293e-10,0.2000879154273428,0.7998536586810512,25,30,20
7,446,5.946906265958142e-05,1.1145538997728859e-10,0.20008687214483387,0.7998536586810512,25,30,20
7,447,5.946906265958142e-05,1.1145531468809364e-10,0.20008528699655032,0.7998552438293349,25,30,20
7,448,5.946906265958142e-05,1.114553899801957e-10,0.20008537152509415,0.7998551593007909,25,30,20
7,449,5.5631522229129085e-05,4.1241937702723986e-08,0.20008897190729602,0.7998553553285371,25,30,20
7,450,5.5631522229129085e-05,4.1241937702723986e-08,0.20008897187116456,0.7998553553646686,25,30,20
7,451,5.5631522229129085e-05,4.124193770272318e-08,0.20008398852996062,0.7998603387058725,25,30,20
7,452,5.563152080220934e-05,3.9673462675717724e-07,0.20008363303869828,0.7998603387058725,25,30,20
7,453,5.563152080220934e-05,3.9673462675717724e-07,0.20008363307392757,0.7998603386706431,25,30,20
7,454,5.563152080220934e-05,3.9673462675717766e-07,0.2000829763822432,0.7998609953623276,25,30,20
7,455,5.563152080220934e-05,3.9673462675717724e-07,0.20008289388599343,0.7998610778585774,25,30,20
7,456,5.563152080220934e-05,3.967346266819083e-07,0.2000828118564993,0.7998611598880716,25,30,20
7,457,3.076531748245549e-05,3.556044053516758e-07,0.2001079152886328,0.7998609637894794,25,30,20
7,458,3.076531748245549e-05,3.5560440535167625e-07,0.20010783479871364,0.7998610442793985,25,30,20
7,459,3.076531748245549e-05,3.5560440535167625e-07,0.20010621189592162,0.7998626671821907,25,30,20
7,460,3.076531748245549e-05,3.5560440535167625e-07,0.20010621186006655,0.7998626672180458,25,30,20
7,461,3.076531748245549e-05,3.556044053516994e-07,0.20011091442325782,0.7998579646548545,25,30,20
7,462,3.076531748245549e-05,3.556044053516994e-07,0.20011095438268886,0.7998579246954235,25,30,20
7,463,3.076531748245549e-05,3.5560440535167625e-07,0.2001109263988192,0.799857952679293,25,30,20
7,464,3.0765317482888125e-05,6.243052053457757e-09,0.20011127576017212,0.7998579526792932,25,30,20
7,465,3.0765317482888125e-05,6.243052053457358e-09,0.20010969285356484,0.7998595355859004,25,30,20
7,466,3.0765317482888125e-05,6.243052053457358e-09,0.20010969232970777,0.7998595361097575,25,30,20
7,467,3.0765317482888125e-05,6.24305205345735e-09,0.2001080694284725,0.7998611590109926,25,30,20
7,468,3.0774311470721306e-05,6.2427864961031586e-09,0.20010806043472873,0.7998611590110144,25,30,20
7,469,3.0774311470721306e-05,6.2427864961035655e-09,0.2001103400281213,0.7998588794176217,25,30,20
7,470,3.0774311470721306e-05,6.242786496103972e-09,0.20011034052720408,0.7998588789185389,25,30,20
7,471,3.0774311470721306e-05,6.242786496104371e-09,0.20010373573290977,0.7998654837128334,25,30,20
7,472,3.0348934355886297e-05,6.247350962090553e-09,0.2001041610840729,0.7998654837342205,25,30,20
7,473,3.03489343558863e-05,6.24735096209096e-09,0.20010416201265915,0.7998654828056343,25,30,20
7,474,3.03489343558863e-05,6.247350962090553e-09,0.2001018824553009,0.7998677623629924,25,30,20
7,475,3.03489343558863e-05,6.247350962090554e-09,0.2001018810092132,0.7998677638090801,25,30,20
7,476,3.0348934355886297e-05,6.247350887037644e-09,0.1999745088447587,0.7999951359735347,25,30,20
7,477,3.0348934355886297e-05,6.247350887038042e-09,0.1999745513732303,0.799995093445063,25,30,20
7,478,3.0348934355886297e-05,6.247350887014876e-09,0.19997454886605362,0.7999950959522397,25,30,20
7,479,3.0348934355886297e-05,6.247350887014469e-09,0.19997454684115504,0.7999950979771383,25,30,20
7,480,3.0348934355886297e-05,6.247350887014463e-09,0.19997450684668,0.7999951379716134,25,30,20
7,481,3.0348934355886297e-05,6.247350887014056e-09,0.19997442482262492,0.7999952199956685,25,30,20
7,482,3.0348934355886297e-05,6.247350887014056e-09,0.19997442552259714,0.7999952192956964,25,30,20
7,483,3.0348934355886297e-05,6.247350887014056e-09,0.19997442602167653,0.799995218796617,25,30,20
7,484,3.0348934355886297e-05,6.2473508870140624e-09,0.19997442603385746,0.799995218784436,25,30,20
7,485,3.0348934355886297e-05,6.2473508870144686e-09,0.1999744274562356,0.799995217362058,25,30,20
7,486,3.0348934355886297e-05,6.247350886991297e-09,0.19996972421662046,0.7999999206016731,25,30,20
7,487,0.0008606451364725169,6.247215504852176e-09,0.1991394280140415,0.7999999206022708,25,30,20
7,488,0.0008606451364725169,6.247215504851363e-09,0.19913942803308995,0.7999999205832223,25,30,20
7,489,0.0008606451364725169,6.24721550485177e-09,0.19913942728803785,0.7999999213282745,25,30,20
7,490,0.0008606451364725169,6.247215504852176e-09,0.19913942882230679,0.7999999197940055,25,30,20
7,491,0.0008606451364725169,6.247215504852583e-09,0.1991394302344175,0.7999999183818948,25,30,20
7,492,0.0008606451364725169,6.247215504852583e-09,0.19913943023443362,0.7999999183818786,25,30,20
7,493,0.0008606451364725169,6.247215504852575e-09,0.19913943019877428,0.7999999184175378,25,30,20
7,494,0.0008606451364725169,6.2472155048529815e-09,0.19913943115643687,0.7999999174598752,25,30,20
7,495,0.0008606451364725169,6.247215504852976e-09,0.19913947112551722,0.7999998774907948,25,30,20
7,496,0.000860036851069916,6.242651060339232e-09,0.19914007943616163,0.7999998774701172,25,30,20
7,497,0.000860036851069916,6.242651061659689e-09,0.19914170135497514,0.7999982555513039,25,30,20
7,498,0.000860036851069916,6.242651061659282e-09,0.199141701319308,0.799998255586971,25,30,20
7,499,0.000860036851069916,6.2426510616588755e-09,0.19914169987112867,0.7999982570351505,25,30,20
7,500,0.000860036851069916,6.2426510616588755e-09,0.19914169928573455,0.7999982576205446,25,30,20
7,501,2.9731652295088224e-05,6.242520965202627e-09,0.19997200448528143,0.7999982576199028,25,30,20
7,502,2.9731652295088224e-05,6.2425209652022284e-09,0.19997200448466665,0.7999982576205176,25,30,20
7,503,1.4885966982243022e-05,6.242781648001508e-09,0.19998685013493442,0.7999982576553019,25,30,20
7,504,0.03780928109396581,1.1026050318721746e-06,0.1621913586170031,0.7999982576839996,25,30,20
7,505,0.03780928109396581,1.1026050318734955e-06,0.1621913611495382,0.7999982551514644,25,30,20
7,506,0.03780928109396581,1.1026050318721748e-06,0.1621897382482696,0.7999998780527331,25,30,20
7,507,0.03780928109396581,1.1026050318721978e-06,0.16218982076326785,0.7999997955377347,25,30,20
7,508,0.03780928109396581,1.1026050319474667e-06,0.1621898556101201,0.7999997606908823,25,30,20
7,509,0.03780928109396581,1.10260503194749e-06,0.16218985582978046,0.799999760471222,25,30,20
7,510,0.03780928109396548,2.1006600057257418e-05,0.1621699518347524,0.7999997604712248,25,30,20
7,511,0.03780929744085898,2.1006600065360508e-05,0.16216993548782427,0.7999997604712513,25,30,20
7,512,0.03780929744085898,2.1006600065360508e-05,0.1621699369238926,0.799999759035183,25,30,20
7,513,0.0378092974408394,2.100662982262816e-05,0.16216993682197342,0.7999997591073642,25,30,20
7,514,0.0378092974408394,2.100662982262816e-05,0.1621699388195821,0.7999997571097555,25,30,20
7,515,0.0378092974408394,2.100662982262816e-05,0.16216993881896347,0.7999997571103742,25,30,20
7,516,0.0378092974408394,2.100662982262816e-05,0.1621699374156092,0.7999997585137284,25,30,20
7,517,0.03780929744083985,1.0965036805858266e-06,0.16218984754175075,0.7999997585137285,25,30,20
7,518,0.03780929744083985,1.0965036805105345e-06,0.16218973017132465,0.7999998758841547,25,30,20
7,519,0.03780929744083985,1.0965036805105578e-06,0.1621897302210532,0.799999875834426,25,30,20
7,520,0.03780929744083985,1.0965036805105578e-06,0.16218973022104952,0.7999998758344299,25,30,20
7,521,0.03779443562725453,1.0965034219508707e-06,0.1622045920709433,0.7999998757983804,25,30,20
7,522,0.03779443562725453,1.0965034219495494e-06,0.16220456289595966,0.7999999049733642,25,30,20
7,523,0.03779443562725453,1.0965034219495494e-06,0.16220456359717264,0.7999999042721511,25,30,20
7,524,0.03779443562725453,1.0965034220163314e-06,0.16672580532375314,0.7954786625455705,25,30,20
7,525,0.037864808924824314,1.0965034139395495e-06,0.16665543202692756,0.7954786625448342,25,30,20
7,526,0.037864808924824314,1.0965034139395497e-06,0.16665543136109265,0.7954786632106692,25,30,20
7,527,0.037864808924824314,1.0965034139382287e-06,0.16665542934851021,0.7954786652232518,25,30,20
7,528,0.037864808924824314,1.0965034139382292e-06,0.16665542934912864,0.7954786652226334,25,30,20
7,529,0.037864808924824314,1.0965034139382292e-06,0.16665542790179685,0.7954786666699653,25,30,20
7,530,0.037864808924824314,1.0965034139382292e-06,0.1666554678970643,0.7954786266746977,25,30,20
7,531,0.037864808924824314,1.0965034139382287e-06,0.16665542791010396,0.7954786666616581,25,30,20
7,532,0.037864808924824314,1.0965034139382287e-06,0.16665542791032897,0.7954786666614331,25,30,20
7,533,0.037864808924824314,1.0965034139382292e-06,0.16665542792696492,0.7954786666447972,25,30,20
7,534,0.037864808924824314,1.0965034139382292e-06,0.16665542650474408,0.795478668067018,25,30,20
7,535,0.037864808924824314,1.0965034139382523e-06,0.16665542798774444,0.7954786665840174,25,30,20
7,536,0.037864808924824384,1.0965034139386074e-06,0.20302929650028048,0.7591047980714811,25,30,20
7,537,0.037864808924824384,1.0965034139386074e-06,0.2030292979393125,0.759104796632449,25,30,20
7,538,0.037864808924824384,1.096503413938607e-06,0.20302929791391308,0.7591047966578485,25,30,20
7,539,0.037864808924824384,1.096503413938607e-06,0.20302941449778175,0.7591046800739798,25,30,20
7,540,0.037864808924824384,1.096503413938607e-06,0.20302937653632397,0.7591047180354376,25,30,20
7,541,0.037864808924824384,1.0965034139386074e-06,0.20302937609584112,0.7591047184759203,25,30,20
7,542,0.037864808924824384,1.0965034139386074e-06,0.20302937606003305,0.7591047185117286,25,30,20
7,543,0.037864808924824384,1.0965034139386074e-06,0.20302937402745314,0.7591047205443084,25,30,20
7,544,0.037864808924824384,1.096503413938607e-06,0.20302937599330315,0.7591047185784583,25,30,20
7,545,0.03786480893664522,1.096503414630283e-06,0.20340341090044042,0.7587306836594995,25,30,20
7,546,0.03786480893664522,1.0965034146302826e-06,0.20340341015415142,0.7587306844057885,25,30,20
7,547,0.037864804361070606,1.0965034122593821e-06,0.20340341472975013,0.7587306844057667,25,30,20
7,548,0.03779440445430047,1.0965034122586325e-06,0.20347381463575687,0.7587306844065305,25,30,20
7,549,0.03779440445430047,1.096503412258632e-06,0.20347392910576118,0.7587305699365261,25,30,20
7,550,0.03779440445430047,1.096503412258632e-06,0.2034739291315985,0.7587305699106888,25,30,20
7,551,0.0772166648662434,1.096503412291961e-06,0.16405166869020613,0.7587305699401382,25,30,20
7,552,0.0772166648662434,1.0965034122932817e-06,0.16405178259987946,0.758730456030465,25,30,20
7,553,0.0772166648662434,1.0965034122932817e-06,0.16405178116960017,0.7587304574607443,25,30,20
7,554,0.0772166648662434,1.096503412293282e-06,0.16405189638528392,0.7587303422450604,25,30,20
7,555,0.0772166648662434,1.096503412293282e-06,0.164051896423593,0.7587303422067514,25,30,20
7,556,0.0788155924885167,1.096473663808777e-06,0.16245296502245815,0.7587303460153614,25,30,20
7,557,0.0788155924766958,1.0964736631167481e-06,0.1656363407770751,0.7555469702725661,25,30,20
7,558,0.04292659141379938,3.5716164322137766e-10,0.20152643796429018,0.7555469702647493,25,30,20
7,559,0.04132766395478753,3.5742762361111727e-10,0.2031253692291364,0.7555469664586488,25,30,20
7,560,0.0413276639953787,3.005401300518344e-10,0.20312536924543423,0.7555469664586473,25,30,20
7,561,0.0413276639953787,3.005401300518345e-10,0.20312536725684271,0.7555469684472387,25,30,20
7,562,0.0413276639953787,3.005401300286535e-10,0.20312536656350244,0.7555469691405788,25,30,20
7,563,0.041342525512187187,3.003979781364567e-10,0.2031105051208943,0.7555469690665204,25,30,20
7,564,0.041342525512187187,3.0039797813644957e-10,0.20311038850201982,0.7555470856853951,25,30,20
7,565,0.0022664849369105618,1.893202610253547e-08,0.23403137399679155,0.7637021221342712,25,30,20
7,566,0.0022664849369105618,1.8932026102512704e-08,0.23403137454713732,0.7637021215839255,25,30,20
7,567,0.0022664849369105618,1.8932026102512704e-08,0.23403137452218398,0.7637021216088788,25,30,20
7,568,0.0022664849369105618,1.8932026102512697e-08,0.23403137518617914,0.7637021209448838,25,30,20
7,569,0.0022664849369105618,1.8932026102513104e-08,0.23403149108645824,0.7637020050446046,25,30,20
7,570,0.0022664849369105618,1.893202610251311e-08,0.2340314911227435,0.7637020050083193,25,30,20
7,571,0.0022664849369105618,1.893202610251351e-08,0.23403149254468325,0.7637020035863796,25,30,20
7,572,0.002335670894513005,1.893203156855285e-08,0.2339623065458583,0.7637020036275967,25,30,20
7,573,0.002335670894513005,1.8932031568552443e-08,0.23396230513375132,0.7637020050397035,25,30,20
7,574,0.00043026768250083213,1.868628283147971e-08,0.2358677086124154,0.7637020050188005,25,30,20
7,575,0.00043026768250083213,1.868628283147971e-08,0.23586782382860988,0.7637018898026061,25,30,20
7,576,0.0004302676837515479,1.8687626647442545e-08,0.23593529733271165,0.7636344162959101,25,30,20
7,577,0.0004302676837515476,1.8687626646121624e-08,0.23593518138939423,0.7636345322392276,25,30,20
7,578,0.0004302676431598196,1.8635031113655855e-08,0.23593515172925553,0.7636345619925529,25,30,20
7,579,0.0004159187721350093,1.8634898423069923e-08,0.2359495006010237,0.7636345619919418,25,30,20
7,580,0.0004159187721350093,1.863489842307032e-08,0.23594938672871113,0.7636346758642545,25,30,20
7,581,0.0004159187721350093,1.8634898424386954e-08,0.23607891014228663,0.763505152450679,25,30,20
7,582,0.00041591877088429855,1.8633554608657726e-08,0.2325087293134526,0.7670753332821074,25,30,20
7,583,0.00041591877088429356,1.8633578137874485e-08,0.23601261853495575,0.7635714440605809,25,30,20
7,584,0.00041591877088429356,1.8633578137874892e-08,0.23601412551777265,0.763569937077764,25,30,20
7,585,0.00041591877088429356,1.8633578137874892e-08,0.236014125518387,0.7635699370771496,25,30,20
7,586,0.00041591877088429356,1.86335781378749e-08,0.23601412550810857,0.7635699370874282,25,30,20
7,587,0.00041591877088429356,1.86335781378749e-08,0.2361064191317862,0.7634776434637505,25,30,20
7,588,0.0004159187708843718,1.8633554608553852e-08,0.23610521654273695,0.7634788460528231,25,30,20
7,589,0.0004159187708843718,1.8633554608553445e-08,0.23610359366691236,0.7634804689286477,25,30,20
7,590,0.0004159187708843718,1.863355460855345e-08,0.23610359510238285,0.7634804674931772,25,30,20
7,591,0.0004159187708843718,1.8633554608576225e-08,0.2360114153512465,0.7635726472443136,25,30,20
7,592,0.0004159187708843718,1.8633554608575812e-08,0.236011299434071,0.7635727631614893,25,30,20
7,593,0.0004159187708843718,1.8633554608575812e-08,0.23601129943446394,0.7635727631610963,25,30,20
7,594,0.0003489725264904351,0.0006860553861224028,0.235392208962741,0.7635727631246455,25,30,20
7,595,0.0003489725264904351,0.0006860553861224028,0.23552901993172604,0.7634359521556604,25,30,20
7,596,0.0003489725264904351,0.0006860553861224028,0.23553061580875123,0.7634343562786351,25,30,20
7,597,0.0003489725264904351,0.0006860553861224028,0.23553049991697017,0.7634344721704164,25,30,20
7,598,0.0003489725264904351,0.0006860553861224042,0.2355371061341066,0.7634278659532798,25,30,20
7,599,0.0003489725264904351,0.0006860553861224042,0.23553710610932202,0.7634278659780643,25,30,20
7,600,0.0003489725264904351,0.0006860553861224042,0.2355371461038046,0.7634278259835818,25,30,20
7,601,0.00034897251982082773,0.0006860553861223073,0.23553714611047408,0.7634278259835822,25,30,20
7,602,0.00034897251982082773,0.0006860553861223073,0.23553710612414006,0.7634278659699162,25,30,20
7,603,0.00034897251982082773,0.0006860553861223073,0.23553710410309286,0.7634278679909633,25,30,20
7,604,0.00034897251982082773,0.0006860553861223073,0.23553698821102578,0.7634279838830303,25,30,20
7,605,0.00034897251982082773,0.0006860553861223073,0.2355369877115023,0.763427984382554,25,30,20
7,606,0.00034897251982082773,0.0006860553861223073,0.23553698824586988,0.7634279838481863,25,30,20
7,607,0.00034897251982082773,0.0006860553861223073,0.2355369896932093,0.7634279824008469,25,30,20
7,608,0.00034897251982082773,0.0006860553861223073,0.23553699172623463,0.7634279803678216,25,30,20
7,609,0.0003489725198251434,0.0006860553861458826,0.23560567242615008,0.7633592996678783,25,30,20
7,610,0.00034673282025887714,0.0007793283953945037,0.23551463912199547,0.7633592996623506,25,30,20
7,611,0.00034673282025887714,0.0007793283953945037,0.2355146405437658,0.7633592982405802,25,30,20
7,612,0.00034673282025887714,0.0007793283953945037,0.23551464000918249,0.7633592987751636,25,30,20
7,613,5.129951447784307e-07,0.000779309763766346,0.24387911905543055,0.7553410581856584,25,30,20
7,614,5.129951447784307e-07,0.000779309763766346,0.24387911835372614,0.7553410588873629,25,30,20
7,615,5.129951447784307e-07,0.000779309763766346,0.24387911832869624,0.7553410589123928,25,30,20
7,616,5.129951447784307e-07,0.000779309763766346,0.2438792008519082,0.7553409763891807,25,30,20
7,617,5.129951447784307e-07,0.000779309763766346,0.24387931473620242,0.7553408625048865,25,30,20
7,618,5.129951447784307e-07,0.000779309763766346,0.24387919885409176,0.7553409783869972,25,30,20
7,619,5.129951447784307e-07,0.000779309763766346,0.24387920088732518,0.7553409763537637,25,30,20
7,620,9.184460050073437e-09,0.000779309764031951,0.24387970051252214,0.7553409805389858,25,30,20
7,621,9.184460050073437e-09,0.0007793097640319497,0.24361336608553064,0.7556073149659774,25,30,20
7,622,9.184460050073437e-09,0.0007793097640319496,0.2436132835623982,0.7556073974891098,25,30,20
7,623,9.18445577433824e-09,0.0007793097640083742,0.23769789494316634,0.7615227861083694,25,30,20
7,624,9.18445577433824e-09,0.0007793097640083742,0.23769789492934362,0.761522786122192,25,30,20
7,625,9.184456315151219e-09,0.000779315896555452,0.23769791803716786,0.7615227568818203,25,30,20
7,626,3.0972728692000866e-08,0.0007793158965555513,0.23769789624739535,0.7615227568833204,25,30,20
7,627,3.097272869200117e-08,0.0007793158965555501,0.23769133002512613,0.7615293231055896,25,30,20
7,628,3.097272869200117e-08,0.0007793158965555501,0.23769132927839215,0.7615293238523236,25,30,20
7,629,3.097272869200117e-08,0.0007793158965555501,0.23769132858549738,0.7615293245452183,25,30,20
7,630,3.974777573803796e-08,0.0007793167561090807,0.2376913230654608,0.7615293204306542,25,30,20
7,631,3.9747775738037976e-08,0.0007793167561133718,0.2376960705328861,0.7615245729632246,25,30,20
7,632,3.974777573803767e-08,0.0007793167561133718,0.23769609825413776,0.7615245452419728,25,30,20
7,633,3.974777573803767e-08,0.0007793167561133718,0.23769609730588173,0.7615245461902288,25,30,20
7,634,3.973335564403456e-08,0.0007793167561133789,0.23776419175803645,0.7614564517524939,25,30,20
7,635,3.973335564403456e-08,0.0007793167561133789,0.23776417976230171,0.7614564637482287,25,30,20
7,636,3.973335564403456e-08,0.0007793167561133789,0.23776418121822482,0.7614564622923057,25,30,20
7,637,3.973335564403456e-08,0.0007793167561133789,0.23776418126857485,0.7614564622419556,25,30,20
7,638,1.733746771946438e-05,0.0007793167561132803,0.2377468835357118,0.761456462240455,25,30,20
7,639,1.733746771946438e-05,0.0007793167561089892,0.2377421340705429,0.7614612117056282,25,30,20
7,640,1.733746771946438e-05,0.0007793167561089892,0.2377422499516001,0.761461095824571,25,30,20
7,641,1.733746771946438e-05,0.0007793167561089892,0.23774224994390022,0.7614610958322708,25,30,20
7,642,1.733745497522918e-05,2.639077690178535e-07,0.23852130280498635,0.7614610958322691,25,30,20
7,643,1.7337454086898447e-05,0.0004030581867411953,0.23811850852684657,0.761461095832325,25,30,20
7,644,1.733745605409635e-05,0.00040305818674449885,0.23764598685503838,0.7619336175021628,25,30,20
7,645,1.733745605409635e-05,0.00040305818674449885,0.23764598684701596,0.7619336175101852,25,30,20
7,646,1.733745605409635e-05,0.00040305818674449885,0.23764598689123076,0.7619336174659702,25,30,20
7,647,1.733745605409635e-05,0.00040305818674449885,0.23764598829476224,0.7619336160624388,25,30,20
7,648,1.733745605409635e-05,0.00040305818674449885,0.23764598684742286,0.7619336175097783,25,30,20
7,649,1.733745605409635e-05,0.00040305818674449885,0.23764598681238153,0.7619336175448197,25,30,20
7,650,1.7337456054096356e-05,0.0004030581867444989,0.23764602729311424,0.761933577064087,25,30,20
7,651,1.7337456054096356e-05,0.00040305818674450026,0.23764610982899056,0.7619334945282106,25,30,20
7,652,1.7337456054096356e-05,0.00040305818674450026,0.23764610987730506,0.7619334944798962,25,30,20
7,653,1.7337456054096356e-05,0.00040305818674450026,0.23764451403533207,0.7619350903218693,25,30,20
7,654,1.73374560535631e-05,0.0004229743133176589,0.23762459842171457,0.7619350898089146,25,30,20
7,655,1.73374560535631e-05,0.0004229743133176589,0.23762459839822536,0.7619350898324037,25,30,20
7,656,1.73374560535631e-05,0.0004229743133176589,0.23762448320749077,0.761935205023138,25,30,20
7,657,1.73374560535631e-05,0.0004229743133177342,0.23762918507216266,0.761930503158466,25,30,20
7,658,1.831414318970417e-08,0.0004229743133177835,0.2376465042140467,0.7619305031584925,25,30,20
7,659,1.831414318970417e-08,0.0004229743133177835,0.23764650471312618,0.761930502659413,25,30,20
7,660,1.831414318970417e-08,0.0004229743133177835,0.23764658673717728,0.7619304206353616,25,30,20
7,661,1.9045444377189875e-08,0.000747606867101471,0.23732195345214835,0.7619304206353057,25,30,20
7,662,1.904544437718987e-08,0.0007476068671014697,0.23732187094227133,0.7619305031451828,25,30,20
7,663,1.904544437718987e-08,0.0007476068671014697,0.2373219868425286,0.7619303872449256,25,30,20
7,664,1.904544437718987e-08,0.0007476068671014697,0.23732198822986172,0.7619303858575922,25,30,20
7,665,1.904544437718987e-08,0.0007476068671014697,0.2373219877307823,0.7619303863566718,25,30,20
7,666,1.904544437718987e-08,0.0007476068671014697,0.2373220277254325,0.7619303463620217,25,30,20
7,667,1.9045444377189574e-08,0.000747606867101471,0.23732211611968604,0.761930257967768,25,30,20
7,668,1.9045444377189574e-08,0.000747606867101471,0.23732200223616406,0.76193037185129,25,30,20
7,669,1.9045444377189574e-08,0.000747606867101471,0.23732200224741093,0.7619303718400431,25,30,20
7,670,1.9045444377189574e-08,0.000747606867101471,0.23732196228798222,0.7619304117994719,25,30,20
7,671,1.9045444377189567e-08,0.000747606867101471,0.23732193526220022,0.7619304388252537,25,30,20
7,672,1.8314016389234204e-08,1.9927548230233757e-05,0.23804961531249755,0.7619304388252557,25,30,20
7,673,1.8314016389234204e-08,1.9927548230233757e-05,0.2380496153255682,0.7619304388121848,25,30,20
7,674,2.2604934625440226e-08,2.1237048804895906e-05,0.23769122837207338,0.7622875119741868,25,30,20
7,675,2.2604934625440226e-08,2.1237048804820625e-05,0.2376865250946744,0.762292215251586,25,30,20
7,676,2.2604934625440226e-08,2.1237048804820625e-05,0.23768652568054857,0.7622922146657116,25,30,20
7,677,2.260493462544023e-08,2.1237048804821946e-05,0.2376865271278075,0.7622922132184529,25,30,20
7,678,2.260493462544023e-08,2.1237048804821946e-05,0.23768652715303026,0.7622922131932303,25,30,20
7,679,2.260493462544023e-08,2.1237048804821946e-05,0.2376865271284357,0.7622922132178249,25,30,20
7,680,2.2604934625435915e-08,2.1237048804821902e-05,0.23768648806946374,0.7622922522767968,25,30,20
7,681,0.02949885237262906,1.992318788313044e-05,0.20854500748403493,0.761936216955453,25,30,20
7,682,0.029498852534135103,1.992318787990275e-05,0.2090862304434331,0.7613949938345518,25,30,20
7,683,0.0294988525341351,2.026619379279903e-05,0.2090858874375208,0.7613949938345518,25,30,20
7,684,0.0294988525341351,2.026619379279903e-05,0.2090858894462179,0.7613949918258546,25,30,20
7,685,0.0294988525341351,2.026619379279903e-05,0.2090858880256497,0.7613949932464227,25,30,20
7,686,0.029499374172984046,2.0266193792798976e-05,0.20908536638680078,0.7613949932464227,25,30,20
7,687,0.029499374172984046,2.0266193792798976e-05,0.20908536493932622,0.7613949946938972,25,30,20
7,688,0.029499374172984046,2.0266193792799e-05,0.2090853643972702,0.7613949952359532,25,30,20
7,689,0.029499374172984046,2.0266193792799e-05,0.20908764399022492,0.7613927156429985,25,30,20
7,690,0.029499374172984046,2.0266193792799e-05,0.2090876440086435,0.7613927156245798,25,30,20
7,691,0.029499374172984046,2.0266193792799e-05,0.2090876425711355,0.7613927170620876,25,30,20
7,692,0.029499865795700145,2.0265333978289926e-05,0.20908714779147808,0.7613927210788434,25,30,20
7,693,0.029499878171151964,2.026533398282271e-05,0.20908713943127238,0.7613927170635927,25,30,20
7,694,0.03025737355719248,2.0265340743641023e-05,0.20832964227085524,0.7613927188312083,25,30,20
7,695,0.03025737355719248,2.0265340743639698e-05,0.20832952789395567,0.7613928332081079,25,30,20
7,696,0.03025737355719248,2.0265340743639677e-05,0.2083295269014785,0.761392834200585,25,30,20
7,697,0.03025737355719248,2.0265340743638353e-05,0.2083295248679433,0.7613928362341202,25,30,20
7,698,0.03025737355719248,2.0265340743638353e-05,0.20832952436864496,0.7613928367334185,25,30,20
7,699,0.03025737355719248,2.0265340743638353e-05,0.20832944387870547,0.761392917223358,25,30,20
7,700,0.03025737355719248,2.0265340743571573e-05,0.20380820015459328,0.7659141609474703,25,30,20
7,701,0.03025737355719248,2.0265340743571573e-05,0.2038082008757555,0.7659141602263081,25,30,20
7,702,0.03025737355719248,2.0265340743571573e-05,0.20380819883387302,0.7659141622681905,25,30,20
7,703,0.03025737355719248,2.0265340743571593e-05,0.20380982172342166,0.7659125393786419,25,30,20
7,704,0.03025737355719248,2.0265340743571593e-05,0.20380982172418766,0.765912539377876,25,30,20
7,705,0.03025737355719248,2.0265340743571593e-05,0.20380754219185404,0.7659148189102095,25,30,20
7,706,0.03025737355719248,2.0265340743571593e-05,0.20380754221580158,0.7659148188862622,25,30,20
7,707,0.03025737355719248,2.0265340743571593e-05,0.20380754220058195,0.7659148189014817,25,30,20
7,708,0.040682386571395404,2.0265273725467158e-05,0.1933835670940549,0.7659137810608242,25,30,20
7,709,0.040682386571395404,2.0265273725467158e-05,0.1933835670941873,0.7659137810606919,25,30,20
7,710,0.040682386571395404,2.0265273725467182e-05,0.1933836496179414,0.7659136985369378,25,30,20
7,711,0.040682386571395404,2.0265273729758132e-05,0.19339025759912176,0.765907090555753,25,30,20
7,712,0.040682386571395404,2.0265273729758132e-05,0.19339028607251957,0.7659070620823553,25,30,20
7,713,0.04068238657139547,2.0265273725542466e-05,0.1933883819160966,0.7659089662387824,25,30,20
7,714,0.04075629187737237,2.026527372409045e-05,0.19331447661012344,0.7659089662387801,25,30,20
7,715,0.04075851410898367,2.0265273724090147e-05,0.19331225437851215,0.7659089662387801,25,30,20
7,716,0.04075851410898367,2.0265273724090147e-05,0.19331233690207889,0.7659088837152133,25,30,20
7,717,0.04075851410898367,2.0265273724090147e-05,0.193312336867023,0.7659088837502692,25,30,20
7,718,0.04075851410898367,2.0265273724090147e-05,0.1933123368310114,0.7659088837862807,25,30,20
7,719,0.04075851410898367,2.0265273724090147e-05,0.19331233483462412,0.7659088857826681,25,30,20
7,720,0.040000496796320145,2.0265266954111157e-05,0.19407035399385744,0.7659088839428683,25,30,20
7,721,0.040000496796320145,2.0265266954111157e-05,0.19407035395880792,0.7659088839779179,25,30,20
7,722,0.040000496796320145,2.0265266954111157e-05,0.19407043648113362,0.7659088014555921,25,30,20
7,723,0.040000496796320145,2.0265266954111157e-05,0.1940704364450287,0.7659088014916969,25,30,20
7,724,0.040000496796320145,2.0265266954111157e-05,0.19407040867285447,0.7659088292638713,25,30,20
7,725,0.040000496796320145,2.0265266954111157e-05,0.19407040665196226,0.7659088312847634,25,30,20
7,726,0.040000496796320145,2.0265266954111157e-05,0.1940705177472259,0.7659087201894996,25,30,20
7,727,0.04000049679633788,2.0265266954118665e-05,0.19998472022784594,0.7599945177088621,25,30,20
7,728,0.04000049679633788,2.026526695411869e-05,0.19998483611041387,0.7599944018262942,25,30,20
7,729,0.04000049679633788,2.026526695411869e-05,0.1999847536435853,0.7599944842931227,25,30,20
7,730,0.04000049679633788,2.026526695411869e-05,0.19998475567722104,0.759994482259487,25,30,20
7,731,0.04000049679633788,2.026526695411869e-05,0.19999124600144794,0.7599879919352602,25,30,20
7,732,0.04000049679633788,2.0265266954118665e-05,0.19999116347831192,0.7599880744583963,25,30,20
7,733,0.040000496417251154,2.0265266959488857e-05,0.19999116381542556,0.7599880745003641,25,30,20
7,734,0.040000496417251154,2.0265266959488834e-05,0.19998954091354246,0.7599896974022472,25,30,20
7,735,0.040000496417251154,2.0265266959488834e-05,0.19998953946599804,0.7599896988497916,25,30,20
7,736,0.04000049642229303,2.0265266954070205e-05,0.19998953950295578,0.7599896988077974,25,30,20
7,737,0.04000049642229303,2.0265266954070205e-05,0.19998953950400838,0.7599896988067448,25,30,20
7,738,0.04000049642229303,2.0265266954070205e-05,0.19998953997972294,0.7599896983310301,25,30,20
7,739,0.039999974622789286,2.0265266953989902e-05,0.19999006177924866,0.759989698331008,25,30,20
7,740,0.04000121448988115,2.0265276063530444e-05,0.19998882186035136,0.7599896983737038,25,30,20
7,741,0.04001754846648641,2.0265275897622436e-05,0.19997248792660816,0.759989698331008,25,30,20
7,742,0.04001754846648641,2.0265275897622412e-05,0.199965881685207,0.7599963045724093,25,30,20
7,743,0.04001754846648641,2.0265275897622412e-05,0.19996587967695245,0.7599963065806637,25,30,20
7,744,0.0400175484664864,1.0133762271051713e-05,0.19997601119057887,0.7599963065806637,25,30,20
7,745,2.879716181444938e-05,1.013840305282567e-05,0.23996475784765867,0.759996306587474,25,30,20
7,746,2.879716181444938e-05,1.013840305282567e-05,0.2399647578830366,0.759996306552096,25,30,20
7,747,2.8805562194152352e-05,1.013840305709592e-05,0.20012023828594386,0.7998408177488049,25,30,20
7,748,2.8805562194152352e-05,1.013840305709592e-05,0.2001218611427539,0.7998391948919948,25,30,20
7,749,2.8805562194152352e-05,1.0138403300928352e-05,0.200251303849585,0.7997097521849199,25,30,20
7,750,0.02190824659181832,1.0138403364198906e-05,0.17837186280326184,0.7997097522015558,25,30,20
7,751,0.02190824659181832,1.0138403364198906e-05,0.1783718632675814,0.7997097517372361,25,30,20
7,752,0.022854226613025587,1.013839442325901e-05,0.1774258832553146,0.7997097517372366,25,30,20
7,753,0.022854226613025587,1.013839442325901e-05,0.17742591168064856,0.7997097233119027,25,30,20
7,754,0.022854226613025587,1.0138394423259035e-05,0.17742591373862956,0.7997097212539217,25,30,20
7,755,0.02285422661305025,1.0881385658931959e-08,0.17743604073867783,0.7997097217668864,25,30,20
7,756,0.02285422661305025,1.0881385658931959e-08,0.17743766158087174,0.7997081009246925,25,30,20
7,757,0.02285422661305025,1.0881385658931967e-08,0.1774360412128434,0.7997097212927209,25,30,20
7,758,0.022854615834995803,4.521907248156595e-08,0.17639078764732832,0.8007545512986037,25,30,20
7,759,0.022843393468747867,3.3330111307188897e-07,0.17640172150879382,0.8007545517213452,25,30,20
7,760,0.022843393468747867,3.333011130718894e-07,0.17640397262012797,0.8007523006100111,25,30,20
7,761,0.022843393468747867,3.333011130718894e-07,0.17640386199899388,0.8007524112311453,25,30,20
7,762,0.022843393468747867,3.3330111307188897e-07,0.1764022405455325,0.8007540326846067,25,30,20
7,763,0.022843393468747867,3.3330111307188897e-07,0.17640223913404363,0.8007540340960955,25,30,20
7,764,0.002589782774135835,3.333155660508103e-07,0.19665584976160833,0.8007540341486896,25,30,20
7,765,0.002589782774135835,3.3331556605081073e-07,0.19665584979728215,0.8007540341130158,25,30,20
7,766,0.001627471121582661,3.333246901773055e-07,0.1976181614406851,0.8007540341130421,25,30,20
7,767,0.001627471121582661,3.3332444634487513e-07,0.19748863673716177,0.8008835588168093,25,30,20
7,768,0.0016274701820992146,3.9340407838498414e-07,0.19748854851667802,0.8008835878971446,25,30,20
7,769,0.0016274701830995783,4.0678270006250126e-08,0.19748890992845206,0.8008835792101786,25,30,20
7,770,0.0016274702024693835,3.9615496709082536e-07,0.19748857525530333,0.8008835583872604,25,30,20
7,771,0.0016262280786387728,3.961459977774672e-07,0.19748981738736648,0.8008835583879973,25,30,20
7,772,0.0016262280786387168,3.9614599770218337e-07,0.19748522945932379,0.8008881463160403,25,30,20
7,773,0.0016262280786387168,3.9614599777745226e-07,0.1974853114888128,0.8008880642865512,25,30,20
7,774,0.0016262280786387168,3.9614599777745226e-07,0.19748531346182818,0.8008880623135358,25,30,20
7,775,0.001625838854083837,1.4759027421360523e-05,0.1985161694400779,0.7998432326784173,25,30,20
7,776,0.001625838854083837,1.4759027421285232e-05,0.19851608691103753,0.7998433152074579,25,30,20
7,777,0.001625838854083837,1.4759027421285234e-05,0.1985160889088306,0.7998433132096647,25,30,20
7,778,0.0016258387588827606,1.4759027263777779e-05,0.1985160890049529,0.7998433132089012,25,30,20
7,779,0.0016258387588827606,1.4759027263777779e-05,0.1985160883032953,0.7998433139105587,25,30,20
7,780,0.0016258387791602275,1.4752896073287628e-05,0.19851609491805003,0.7998433134067168,25,30,20
7,781,0.0016258387791602275,1.4752896073287628e-05,0.19851609491848796,0.7998433134062789,25,30,20
7,782,3.739775585781888e-07,1.6717193963850538e-05,0.19960593809775523,0.8003769707307226,25,30,20
7,783,3.739775585781888e-07,1.671719396392583e-05,0.19960605546878488,0.8003768533596929,25,30,20
7,784,3.739775585781888e-07,1.671719396392583e-05,0.1999791585028482,0.8000037503256294,25,30,20
7,785,3.6557716101871413e-07,1.6717193959648065e-05,0.1998248850609131,0.8001580321679664,25,30,20
7,786,3.6557716101871413e-07,1.6717193959648065e-05,0.1998248857248804,0.8001580315039992,25,30,20
7,787,3.6557716101871413e-07,1.6717193959648065e-05,0.1998248877574605,0.8001580294714191,25,30,20
7,788,3.6557716101871413e-07,1.6717193959648065e-05,0.1998248892792738,0.8001580279496057,25,30,20
7,789,3.6557716101871413e-07,1.6717193959648065e-05,0.19982488728128892,0.8001580299475906,25,30,20
7,790,3.6557716101871413e-07,1.6717193959648065e-05,0.1998248872929729,0.8001580299359066,25,30,20
7,791,3.6557716101871413e-07,1.6717193959648065e-05,0.19982488679166363,0.8001580304372158,25,30,20
7,792,7.07272740436188e-05,1.671719396515832e-05,0.19975452509474917,0.8001580304372421,25,30,20
7,793,7.072727378496966e-05,9.473236510551185e-06,0.19976176942322735,0.8001580300664771,25,30,20
7,794,7.072727378496966e-05,9.473236510551185e-06,0.19976165350588865,0.8001581459838158,25,30,20
7,795,7.072727378496966e-05,9.473236510551185e-06,0.19976165303135424,0.8001581464583503,25,30,20
7,796,7.072727378496966e-05,9.473236510551185e-06,0.1997616510235481,0.8001581484661564,25,30,20
7,797,8.492640367009483e-05,7.5089391881879215e-06,0.20028307157029573,0.7996244930868462,25,30,20
7,798,8.492640367009483e-05,7.5089391881879215e-06,0.20028307156924308,0.7996244930878988,25,30,20
7,799,8.492640367009483e-05,7.5089391881879215e-06,0.20028318815248589,0.799624376504656,25,30,20
7,800,8.492640367009483e-05,7.5089391881879215e-06,0.2002831881612564,0.7996243764958854,25,30,20
7,801,8.492640367009483e-05,7.50893918811263e-06,0.2002830708258851,0.7996244938312569,25,30,20
7,802,8.492638329938033e-05,7.153604746590797e-06,0.2002834261806972,0.7996244938312569,25,30,20
7,803,8.492638329938033e-05,7.1536047465908195e-06,0.20028342823994685,0.7996244917720071,25,30,20
7,804,8.492638329938033e-05,7.1536047465908195e-06,0.20028358414458494,0.799624335867369,25,30,20
7,805,8.492638329938033e-05,7.153604746592141e-06,0.20028366525570476,0.7996242547562492,25,30,20
7,806,1.4564781592449835e-05,7.153604743842727e-06,0.20035402685742773,0.7996242547562364,25,30,20
7,807,1.4564781592449835e-05,7.153604743842727e-06,0.2003540248239676,0.7996242567896966,25,30,20
7,808,1.4564781592449835e-05,7.153604743842727e-06,0.20035390820505447,0.7996243734086097,25,30,20
7,809,0.02306857475954593,7.1536047422525285e-06,0.17729989822709477,0.7996243734086176,25,30,20
7,810,0.02306857475954593,7.153604742327821e-06,0.17729998278916828,0.7996242888465439,25,30,20
7,811,0.02306857475954593,7.153604742327821e-06,0.1772999835264971,0.7996242881092149,25,30,20
7,812,0.02306857475954593,2.7418985122265145e-05,0.1772797181461199,0.7996242881092123,25,30,20
7,813,0.02306857475954593,2.7418985122265145e-05,0.1772797181296997,0.7996242881256324,25,30,20
7,814,0.02306857475954593,2.7418985122265145e-05,0.17727971956889058,0.7996242866864414,25,30,20
7,815,0.02306857475954593,2.7418985122265145e-05,0.1772774799705956,0.7996265262847363,25,30,20
7,816,0.02306857475954593,2.7418985122263824e-05,0.1772773974366522,0.7996266088186798,25,30,20
7,817,0.02306857475954593,2.7418985122265145e-05,0.17727739755290206,0.7996266087024299,25,30,20
7,818,0.02306857475954593,2.7418985122265145e-05,0.17727739755945762,0.7996266086958742,25,30,20
7,819,0.02306857475954593,2.7418985122265145e-05,0.1772773995926486,0.7996266066626835,25,30,20
7,820,0.02306857475954593,2.7418985122265145e-05,0.1772773996045281,0.7996266066508039,25,30,20
7,821,0.0005393068497346792,2.741923919265909e-05,0.19980666604967992,0.7996266078613927,25,30,20
7,822,0.03952193049841877,2.74189851210945e-05,0.16082404386567764,0.7996266066507826,25,30,20
7,823,0.03952193049841877,2.74189851210945e-05,0.1604509408399367,0.7999997096765236,25,30,20
7,824,0.03952193049841877,2.74189851210945e-05,0.16045094085203385,0.7999997096644264,25,30,20
7,825,0.03952193049841877,2.7418985121094522e-05,0.1604510079415626,0.7999996425748976,25,30,20
7,826,0.03952193049841877,2.7418985121094522e-05,0.1604509350473557,0.7999997154691048,25,30,20
7,827,0.03952193049841877,2.7418985121019235e-05,0.16045085054594208,0.7999997999705184,25,30,20
7,828,0.03952193049841877,2.7418985121019235e-05,0.16045085056700462,0.7999997999494558,25,30,20
7,829,0.03952193049841877,2.7418985121019235e-05,0.16045084986596714,0.7999998006504933,25,30,20
7,830,0.03952193049841877,2.741898512101921e-05,0.16045095880784593,0.7999996917086145,25,30,20
7,831,0.03952193049841877,2.741898512101921e-05,0.16045096096615447,0.799999689550306,25,30,20
7,832,0.03952193049841877,2.7418985121019187e-05,0.16045089385229733,0.799999756664163,25,30,20
7,833,0.03952193049841877,2.7418985121019187e-05,0.16045089240434662,0.7999997581121137,25,30,20
7,834,0.03952193049841877,2.7418985121019187e-05,0.16045089040637353,0.7999997601100869,25,30,20
7,835,0.03952193049841877,2.7418985121019187e-05,0.16045089043069488,0.7999997600857656,25,30,20
7,836,0.03952193049841877,2.7418985121019187e-05,0.16045089111927446,0.7999997593971859,25,30,20
7,837,0.03952193049841877,2.7418985121019187e-05,0.16045088911254113,0.7999997614039194,25,30,20
7,838,0.03952193049841877,2.7418985121019187e-05,0.16045088888102704,0.7999997616354334,25,30,20
7,839,0.03952193049841877,2.7418985121019187e-05,0.160450888881173,0.7999997616352874,25,30,20
7,840,0.03952193049841877,2.7418985121019187e-05,0.16045088885601022,0.7999997616604502,25,30,20
7,841,0.03952193049841877,2.7418985121019187e-05,0.1604508488965638,0.7999998016198967,25,30,20
7,842,0.03952193049841877,2.7418985121019187e-05,0.16045084672797683,0.7999998037884837,25,30,20
7,843,0.04000541736452578,2.7418985123084887e-05,0.15996735986132524,0.799999803789026,25,30,20
7,844,0.04000541736452578,2.7418985123084887e-05,0.1599673883110349,0.7999997753393164,25,30,20
7,845,0.04000541736452578,2.741898512316017e-05,0.15996901188992607,0.7999981517604253,25,30,20
7,846,0.04000541736452578,2.7418985123161496e-05,0.159969015358699,0.7999981482916523,25,30,20
7,847,0.04000541736452578,2.7418985123161496e-05,0.15996904334867823,0.7999981203016729,25,30,20
7,848,0.04000541736452578,2.7418985123161496e-05,0.15996904407815823,0.7999981195721929,25,30,20
7,849,0.04000541736452578,2.7418985123161496e-05,0.15996904551384147,0.7999981181365098,25,30,20
7,850,0.04000541736452578,2.7418985123161496e-05,0.1599690454886545,0.7999981181616969,25,30,20
7,851,0.04000541736452578,2.7418985123161496e-05,0.15996901701539787,0.7999981466349534,25,30,20
7,852,0.04000541736452578,2.7418985123164986e-05,0.1981148266182239,0.7618523370321272,25,30,20
7,853,0.04000541736452578,2.7418985123089695e-05,0.19811320301433832,0.7618539606360129,25,30,20
7,854,0.04000541736452578,2.7418985123089695e-05,0.1981132044270709,0.7618539592232804,25,30,20
7,855,0.0400054174165644,2.7418973209726475e-05,0.1981132043960682,0.7618539592141578,25,30,20
7,856,0.0400054174165644,2.7418973209726475e-05,0.19811320581845743,0.7618539577917683,25,30,20
7,857,0.0400054174165644,2.7418973209726475e-05,0.1981131773672228,0.7618539862430029,25,30,20
7,858,0.040005417416568954,2.051893308732814e-05,0.1981200774073416,0.7618539862430029,25,30,20
7,859,0.040005417416568954,2.051893308732814e-05,0.1981200788193134,0.7618539848310312,25,30,20
7,860,0.040005417416568954,2.0518933087328143e-05,0.19812007837455758,0.7618539852757868,25,30,20
7,861,0.040005417416568954,2.051893308732814e-05,0.19812007692766376,0.7618539867226807,25,30,20
7,862,0.040005417416568954,2.0518933087328166e-05,0.19812011546667363,0.7618539481836707,25,30,20
7,863,0.040005417416568954,2.0518933087328166e-05,0.19812011546631758,0.7618539481840269,25,30,20
7,864,0.040005417416568954,2.0518933087328166e-05,0.19812011542883481,0.7618539482215096,25,30,20
7,865,0.02339821306065628,2.0518933278061663e-05,0.21472731978448611,0.7618539482215801,25,30,20
7,866,0.023398213060656356,2.0518933278478383e-05,0.21658150981017765,0.7599997581958882,25,30,20
7,867,0.023398213060656356,2.0518933278478383e-05,0.2165815083630212,0.7599997596430446,25,30,20
7,868,0.023398213060656287,2.052335638761551e-05,0.21651300999019102,0.7600682535927658,25,30,20
7,869,0.023398213060656287,2.052335638761551e-05,0.21651300998206402,0.7600682536008927,25,30,20
7,870,0.023398213060656287,2.0523356387615538e-05,0.21651301204065626,0.7600682515423004,25,30,20
7,871,0.023398213060656287,2.0523356387615538e-05,0.21651301063035713,0.7600682529525997,25,30,20
7,872,0.023398213060656287,2.0523356387615538e-05,0.21651304055278953,0.7600682230301673,25,30,20
7,873,0.023398213060656287,2.0523356387615538e-05,0.21651304255896395,0.7600682210239929,25,30,20
7,874,0.023398213060660658,2.0272392192293478e-05,0.216513293523155,0.7600682210239929,25,30,20
7,875,0.023398213060660658,2.0272392192292157e-05,0.2165134059594293,0.7600681085877184,25,30,20
7,876,0.02339821306116869,2.026804686582295e-05,0.21651322616432403,0.7600682927276421,25,30,20
7,877,0.02339821306116869,2.026804686582295e-05,0.21651314314192457,0.7600683757500416,25,30,20
7,878,0.02339821306116869,2.026805711136861e-05,0.22712174964441864,0.7494597692373022,25,30,20
7,879,0.02339821306116869,2.026805711136861e-05,0.22712174961920695,0.7494597692625138,25,30,20
7,880,0.02339821306116869,2.0268057111368633e-05,0.2271217506279162,0.7494597682538046,25,30,20
7,881,0.02339821306116869,2.0268057111368633e-05,0.22712175262430725,0.7494597662574135,25,30,20
7,882,0.02339821306116869,2.0268057111368633e-05,0.22712164164900525,0.7494598772327156,25,30,20
7,883,0.02339821306116869,2.0268057111368633e-05,0.2271216416234222,0.7494598772582987,25,30,20
7,884,0.02339821306259794,8.8013537408065e-09,0.22714190087775044,0.7494598772582987,25,30,20
7,885,0.02339821306259794,8.801353740829674e-09,0.22714197883422593,0.749459799301823,25,30,20
7,886,0.02339821306259794,8.801353740829674e-09,0.22714198028155758,0.7494597978544916,25,30,20
7,887,0.02339821306259794,8.801353740830081e-09,0.22714205823770608,0.749459719898343,25,30,20
7,888,0.02339821306259794,8.801353740830081e-09,0.227142058227446,0.749459719908603,25,30,20
7,889,0.02339821306259794,8.801353740829667e-09,0.22714205671009283,0.7494597214259562,25,30,20
7,890,0.02339821306259794,8.791108270483377e-09,0.21653351735550422,0.7600682607907902,25,30,20
7,891,0.02339821306259794,8.791108195168076e-09,0.21653345024305393,0.7600683279032405,25,30,20
7,892,0.02339821306259794,8.79110819516767e-09,0.21653333635890953,0.7600684417873851,25,30,20
7,893,0.02339821306259794,8.791108195167661e-09,0.2165333349121882,0.7600684432341063,25,30,20
7,894,0.02339821306259794,8.79110819516767e-09,0.21653333542834155,0.760068442717953,25,30,20
7,895,0.03971730235062052,8.79091540068353e-09,0.20021424608182406,0.7600684427766408,25,30,20
7,896,0.03971730235062052,8.79091540068353e-09,0.2002142460922378,0.7600684427662269,25,30,20
7,897,0.039717302350112484,8.713828010267671e-09,0.20028232095602883,0.7600003679800312,25,30,20
7,898,0.03970274683806397,8.698743559765113e-09,0.20029687849625868,0.7600003659669338,25,30,20
7,899,0.03942242701124588,8.698747424131186e-09,0.20057719838237328,0.7600003659076334,25,30,20
7,900,0.03942242701124588,8.698747424130779e-09,0.20057712245909964,0.7600004418309071,25,30,20
7,901,0.03942242701124588,8.698747424107604e-09,0.20057708247294084,0.7600004818170659,25,30,20
7,902,0.03942242701124588,8.698747424108003e-09,0.20057708251231915,0.7600004817776874,25,30,20
7,903,0.03942242701124588,8.698747424107988e-09,0.20057709328606627,0.7600004710039405,25,30,20
7,904,0.03942242701124588,8.698747424107988e-09,0.20057709328518572,0.760000471004821,25,30,20
7,905,0.03942242701124588,8.698747424107583e-09,0.20057709125186488,0.7600004730381419,25,30,20
7,906,0.03942242701124588,8.698747424107183e-09,0.20057709122691064,0.7600004730630961,25,30,20
7,907,0.03942242701124588,8.698747424107176e-09,0.2005770907453609,0.7600004735446458,25,30,20
7,908,0.0399858610953666,8.698743588900472e-09,0.20001365663137327,0.7600004735745166,25,30,20
7,909,0.0399858610953666,8.698743588900479e-09,0.2000136560542711,0.7600004741516188,25,30,20
7,910,0.039985861095357685,1.418706515605885e-05,0.19999947768786547,0.7600004741516208,25,30,20
7,911,0.039985861095357685,1.418706515605885e-05,0.19999947968540036,0.7600004721540858,25,30,20
7,912,0.039985861095357685,1.418706515605885e-05,0.19999948168134213,0.760000470158144,25,30,20
7,913,0.039985861095357685,1.418706515605885e-05,0.19999948234734424,0.760000469492142,25,30,20
7,914,0.039985861095357685,1.418706515605885e-05,0.1999994823121118,0.7600004695273743,25,30,20
7,915,0.039985861095357685,1.418706515605885e-05,0.1999995961713131,0.760000355668173,25,30,20
7,916,0.039985861095357685,1.4187065156058874e-05,0.19999963799870485,0.7600003138407813,25,30,20
7,917,0.039985861095357685,1.4187065156058874e-05,0.19999963799825626,0.7600003138412299,25,30,20
7,918,0.02758443415878934,1.4187575079803495e-05,0.21239724939750912,0.7600041288686215,25,30,20
7,919,0.0275844250075809,1.4187605248777253e-05,0.2123972543485352,0.7600041330386351,25,30,20
7,920,0.02758442830660036,6.98149824241714e-09,0.21241143167326865,0.7600041330386331,25,30,20
7,921,0.02758442830660036,6.9814982424171325e-09,0.21241143167640197,0.7600041330354997,25,30,20
7,922,0.02758442830660036,6.9814982424171325e-09,0.21241143115193822,0.7600041335599635,25,30,20
7,923,0.02758442830660036,6.9814982424175395e-09,0.21241143318526615,0.7600041315266356,25,30,20
7,924,0.02758442830660036,6.981498242463882e-09,0.2124161364855092,0.7599994282263924,25,30,20
7,925,0.027584425007580907,7.0594657612952275e-09,0.21241613970656112,0.7599994282263924,25,30,20
7,926,0.027584425007580907,7.059465761271647e-09,0.21241602380106642,0.7599995441318871,25,30,20
7,927,0.027584424941124536,0.00033955395717694614,0.21207646837897812,0.7599995527227205,25,30,20
7,928,0.027584424941124536,0.00033955395717694614,0.21207639042228105,0.7599996306794177,25,30,20
7,929,0.027584424941124536,0.00033955395717694744,0.2120763107135829,0.7599997103881158,25,30,20
7,930,0.027584424941124536,0.00033955395717694744,0.21207642592970494,0.7599995951719937,25,30,20
7,931,0.027584424941124536,0.00033955395717694744,0.2120764244823771,0.7599995966193215,25,30,20
7,932,0.027584424941124536,0.00033955395717694744,0.21207642244887948,0.7599995986528192,25,30,20
7,933,0.027584424941124536,0.00033955395717694744,0.21207334204943706,0.7600026790522615,25,30,20
7,934,0.027584424941124536,0.00033955395717694744,0.21207334204944414,0.7600026790522546,25,30,20
7,935,0.027584424941124536,0.00033955395717694744,0.21207334262669275,0.7600026784750059,25,30,20
7,936,0.027584424941124536,0.00033955395717694744,0.21207334466015024,0.7600026764415483,25,30,20
7,937,0.027584424941124536,0.00033955395717694614,0.2120734985477275,0.7600025225539712,25,30,20
7,938,0.027584424941124536,0.00033955395717694614,0.21207808593060878,0.7599979351710897,25,30,20
7,939,0.027584424941124536,0.00033955395717694614,0.21207808593016036,0.7599979351715382,25,30,20
7,940,0.027584424941124536,0.00033955395717694614,0.21207816845350413,0.7599978526481944,25,30,20
7,941,0.027584424941124536,0.00033955395717694614,0.21207346515366574,0.7600025559480329,25,30,20
7,942,0.027584424936244526,2.5575586085543443e-07,0.21241277194429206,0.7600025473636026,25,30,20
7,943,0.027584424936244526,2.5575586085545804e-07,0.2124150515251684,0.7600002677827262,25,30,20
7,944,0.027584424936244526,2.557558608554584e-07,0.2124173290855727,0.7599979902223218,25,30,20
7,945,0.027584424936244526,2.557558608541375e-07,0.2124174422236157,0.7599978770842789,25,30,20
7,946,0.027584424936244526,2.557561031969227e-07,0.2127905480693225,0.7596247712383298,25,30,20
7,947,0.027584424936244526,2.557561031969227e-07,0.21279055007713496,0.7596247692305174,25,30,20
7,948,0.027584424936244526,2.557561031969227e-07,0.21279055007759884,0.7596247692300535,25,30,20
7,949,0.027584424936244526,2.5575610319692315e-07,0.21279055259353818,0.759624766714114,25,30,20
7,950,0.027584424936244526,2.557561031969232e-07,0.2127905526193262,0.7596247666883261,25,30,20
7,951,0.027584424936244526,2.557561031969232e-07,0.21279051251199457,0.7596248067956576,25,30,20
7,952,0.027584424936244526,2.5575610319692236e-07,0.2127904300140355,0.7596248892936167,25,30,20
7,953,0.027586634908569767,0.0006771767710555737,0.2121112990266638,0.7596248892937109,25,30,20
7,954,0.027586634908569767,0.0006771767710555737,0.2121112969936352,0.7596248913267394,25,30,20
7,955,0.027586634908787735,0.0006771767727020855,0.21211086680007132,0.7596253215184384,25,30,20
7,956,0.027586634908787735,0.0006771767727020855,0.21210862720239368,0.7596275611161163,25,30,20
7,957,0.027586634908787735,0.0006771767727020855,0.21210634905612316,0.7596298392623868,25,30,20
7,958,0.027586634908787735,0.0006771767727020855,0.2121063476083568,0.7596298407101532,25,30,20
7,959,0.027586634908787735,0.0006771767727020857,0.2121063866195836,0.7596298016989265,25,30,20
7,960,0.027586635108616208,0.0006778750943729652,0.21191694537482572,0.7598185444221851,25,30,20
7,961,0.027586635108616208,0.0006778750943729652,0.21191694336658184,0.7598185464304289,25,30,20
7,962,0.027586635108616208,0.0006778750943729652,0.211916945400045,0.7598185443969657,25,30,20
7,963,0.027586635108616208,0.0006778750943729652,0.21191694492588511,0.7598185448711257,25,30,20
7,964,0.027586635108616208,0.0006778750943729652,0.21191690490576887,0.7598185848912419,25,30,20
7,965,0.027586635108616208,0.0006778750943729652,0.2119169028973708,0.7598185868996399,25,30,20
7,966,0.027586635108616208,0.0006778750943729652,0.21191531999122545,0.759820169805785,25,30,20
7,967,0.027586635108616208,0.0006778750943729652,0.21191528003224014,0.7598202097647705,25,30,20
7,968,0.02758663510761199,0.0006776263007924199,0.21184706451458118,0.7598886740770143,25,30,20
7,969,0.027616230775095185,0.0006776271291427427,0.21181747211695748,0.7598886699788048,25,30,20
7,970,0.027616230775222274,0.0006777537232565336,0.21188520627598634,0.7598208092255351,25,30,20
7,971,0.027616230775222274,0.0006777537230141907,0.21151210039566792,0.7601939151060958,25,30,20
7,972,0.027616230775222274,0.0006777537230141907,0.2115121003702761,0.7601939151314876,25,30,20
7,973,0.027616230775222274,0.000677753723014192,0.21151870658702734,0.7601873089147364,25,30,20
7,974,0.027616230775222274,0.000677753723014192,0.21151870862005276,0.760187306881711,25,30,20
7,975,0.027616230775222274,0.000677753723014192,0.21151870911941276,0.760187306382351,25,30,20
7,976,0.027616230775222274,0.000677753723014192,0.21151870712162246,0.7601873083801413,25,30,20
7,977,0.027616230775222274,0.000677753723014192,0.211518821014594,0.7601871944871696,25,30,20
7,978,0.027616230775095108,0.0006776271678835815,0.21151954054430086,0.7601866015127204,25,30,20
7,979,0.02761623077509518,0.0006778802488497059,0.2115192874633347,0.7601866015127206,25,30,20
7,980,0.02761623077509518,0.0006778802488497046,0.2115126812566536,0.7601932077194015,25,30,20
7,981,0.02761623077509518,0.0006778802488497045,0.2115126787243433,0.7601932102517118,25,30,20
7,982,0.04002654919882587,0.0006778797389259257,0.19910617586727514,0.7601893951949735,25,30,20
7,983,0.04002654919882587,0.0006778797389259257,0.19910617590266122,0.7601893951595874,25,30,20
7,984,0.04002654919882587,0.0006778797389259257,0.19910617591098023,0.7601893951512685,25,30,20
7,985,0.04002654919882587,0.0006778797389259257,0.19910617790832505,0.7601893931539238,25,30,20
7,986,0.04002654919882587,0.0006778797389259257,0.19910617994196078,0.7601893911202879,25,30,20
7,987,0.04002433922507142,8.167093163281343e-06,0.1997781025615703,0.7601893911201948,25,30,20
7,988,0.04002433922507142,8.167093163281343e-06,0.19977806256690947,0.7601894311148557,25,30,20
7,989,0.04002433922507142,8.167093163281343e-06,0.1997780625316692,0.7601894311500961,25,30,20
7,990,0.04002433922507142,8.167093163281343e-06,0.1997779480651348,0.7601895456166303,25,30,20
7,991,0.04002433922507142,8.16709316328132e-06,0.19977797510356443,0.7601895185782008,25,30,20
7,992,0.04002433922507142,8.16709316328132e-06,0.19977797558000848,0.7601895181017566,25,30,20
7,993,0.04002433922508679,7.914002861039352e-06,0.19977821034068546,0.7601895364313664,25,30,20
7,994,0.04002433922508679,7.914002861039352e-06,0.19977821034051588,0.760189536431536,25,30,20
7,995,0.038723634083679175,7.91401498305899e-06,0.20107891382318094,0.7601895380781564,25,30,20
7,996,0.038723634083679175,7.91401498305899e-06,0.20107891333645458,0.7601895385648828,25,30,20
7,997,0.038723634083679175,7.91401498305899e-06,0.20107891339646097,0.7601895385048764,25,30,20
7,998,0.038723634083679175,7.914014983059014e-06,0.20107895411806878,0.7601894977832686,25,30,20
7,999,0.03872363416095783,9.263041475630396e-06,0.20071099314553073,0.7605561096520352,25,30,20
7,1000,0.03872363416095783,9.263041475630396e-06,0.20071099319715213,0.7605561096004138,25,30,20
7,1001,0.03872363416095783,9.263041475630396e-06,0.20071099118058136,0.7605561116169846,25,30,20
7,1002,0.03872363416095783,9.263041475630397e-06,0.2007109641304676,0.7605561386670984,25,30,20
7,1003,0.03872363416095783,9.263041475630397e-06,0.20071096413153092,0.7605561386660349,25,30,20
7,1004,0.03872363416095783,9.263041475630374e-06,0.20071092344493985,0.760556179352626,25,30,20
7,1005,0.03872363416095783,9.263041475630374e-06,0.2007109219114424,0.7605561808861236,25,30,20
7,1006,0.03872363416095783,9.263041475630374e-06,0.20071100196494104,0.760556100832625,25,30,20
7,1007,0.03872363416095783,9.263041475630374e-06,0.20071100192961067,0.7605561008679554,25,30,20
7,1008,0.03872363416095783,9.263041475630374e-06,0.20071100334171743,0.7605560994558487,25,30,20
7,1009,0.03872363416095783,9.263041475630374e-06,0.2007110047636679,0.7605560980338981,25,30,20
7,1010,0.03872363416095783,9.263041475630374e-06,0.20071100477351572,0.7605560980240503,25,30,20
7,1011,0.03872363416095783,9.263041475630374e-06,0.20071088881998236,0.7605562139775836,25,30,20
7,1012,0.03872363416095783,9.263041475630374e-06,0.20071088737220236,0.7605562154253636,25,30,20
7,1013,0.03872363416095783,9.263041475630374e-06,0.200710887320219,0.760556215477347,25,30,20
7,1014,0.03872363416095783,9.263041475630374e-06,0.20071088876784263,0.7605562140297234,25,30,20
7,1015,0.03872363416095783,9.263041475630397e-06,0.20071096984363945,0.7605561329539267,25,30,20
7,1016,0.03872363416095783,9.263041475630397e-06,0.20071096987854287,0.7605561329190231,25,30,20
7,1017,0.03872363416095783,9.263041475630397e-06,0.20071099690399116,0.7605561058935748,25,30,20
7,1018,0.03872363416095783,9.263041475630397e-06,0.20071099640448176,0.7605561063930842,25,30,20
7,1019,0.03872363416095783,9.263041475630397e-06,0.2007109163522131,0.7605561864453528,25,30,20
7,1020,0.03872363416095783,9.263041475630397e-06,0.2007108358704205,0.7605562669271455,25,30,20
7,1021,0.03872363416095783,9.26304147563042e-06,0.2007109517525457,0.7605561510450204,25,30,20
7,1022,0.03872363497384302,9.263079081586177e-06,0.20070977510232965,0.7605573268447453,25,30,20
7,1023,0.03872363497384302,9.263079081586177e-06,0.20070977512587426,0.7605573268212008,25,30,20
7,1024,0.03869456104164626,9.26222083247092e-06,0.20073884998936822,0.760557326748153,25,30,20
7,1025,0.03869456104164626,9.26222083247092e-06,0.20074047288982222,0.7605557038476997,25,30,20
7,1026,0.03869456104164626,9.26222083247092e-06,0.20074047286290786,0.760555703874614,25,30,20
7,1027,0.03869403930360153,9.262220562371517e-06,0.20074099459995667,0.7605557038758799,25,30,20
7,1028,0.03869403930360153,9.262220562371517e-06,0.2007409953017608,0.7605557031740758,25,30,20
7,1029,0.03869403960621526,7.942208624392692e-06,0.20110880654898003,0.7601892116361809,25,30,20
7,1030,0.03869403960621526,7.942208624392692e-06,0.20110880658358668,0.7601892116015742,25,30,20
7,1031,0.03869403960621526,7.942208624392692e-06,0.20110880858157845,0.7601892096035825,25,30,20
7,1032,0.03870755140139603,7.96455687018647e-06,0.2010952725695638,0.7601892114721706,25,30,20
7,1033,0.03870755140139603,7.96455687018647e-06,0.20109515663987323,0.7601893274018611,25,30,20
7,1034,0.03870755140139603,7.96455687018647e-06,0.20109515666411376,0.7601893273776205,25,30,20
7,1035,0.03870755140139603,7.96455687018647e-06,0.2010951566748268,0.7601893273669076,25,30,20
7,1036,0.03872512751749017,7.2662328599494814e-06,0.20126805542950252,0.7599995508201485,25,30,20
7,1037,0.040025512470487766,7.266220737929851e-06,0.1999676721357713,0.7599995491730038,25,30,20
7,1038,0.040025512470487766,7.266220737929852e-06,0.19996767416018676,0.7599995471485883,25,30,20
7,1039,0.040025512470487766,7.266220737929852e-06,0.1999676741247247,0.7599995471840504,25,30,20
7,1040,0.040025512470487766,7.266220737929875e-06,0.1999677145956458,0.7599995067131292,25,30,20
7,1041,0.040025512470487766,7.266220737929875e-06,0.199967712562656,0.759999508746119,25,30,20
7,1042,0.040025512470487766,7.2662207379298975e-06,0.19996782643848612,0.7599993948702887,25,30,20
7,1043,0.040025512470487766,7.266220737929921e-06,0.19996782588829173,0.7599993954204832,25,30,20
7,1044,0.04258058932719999,8.31217912642512e-06,0.197406804579649,0.7600042939140248,25,30,20
7,1045,0.04258058932719999,8.312179126425142e-06,0.19749910024785208,0.7599119982458216,25,30,20
7,1046,0.04258058932719999,8.312179126425142e-06,0.1974990718006335,0.7599120266930403,25,30,20
7,1047,0.04258058932719999,8.312179126426463e-06,0.1975006946777919,0.7599104038158818,25,30,20
7,1048,0.04258058932719999,8.312179126425142e-06,0.19749907178894943,0.7599120267047245,25,30,20
7,1049,0.04258058851431471,8.312180479986856e-06,0.19750025899101994,0.7599108403141854,25,30,20
7,1050,0.04258058851431471,8.312180479986856e-06,0.19750025899057827,0.7599108403146271,25,30,20
7,1051,0.04342735613060524,8.290277730652085e-06,0.19665351510965107,0.7599108384820135,25,30,20
7,1052,0.04343292587038514,8.290277730652053e-06,0.19664794536987107,0.7599108384820135,25,30,20
7,1053,0.04343292587038514,8.290277730652053e-06,0.1966479461161327,0.7599108377357517,25,30,20
7,1054,0.04343292587038514,8.29027773065203e-06,0.19664798814323453,0.7599107957086498,25,30,20
7,1055,0.04343292587038514,8.290277730652053e-06,0.19664802860358185,0.7599107552483026,25,30,20
7,1056,0.04343292587038514,8.290277730652053e-06,0.19664814450862533,0.7599106393432591,25,30,20
7,1057,0.04343293354525298,1.075565465644984e-06,0.1966551552117353,0.759910835677546,25,30,20
7,1058,0.04343293354525298,1.0755654656449602e-06,0.19665503999516354,0.7599109508941178,25,30,20
7,1059,0.004395386273725652,1.0755654683826541e-06,0.23569258726667505,0.7599109508941307,25,30,20
7,1060,0.004395386273725652,1.0755654683826546e-06,0.2356924727972831,0.7599110653635228,25,30,20
7,1061,0.004395386273725652,1.0755654683826313e-06,0.23569243230187595,0.7599111058589298,25,30,20
7,1062,0.004395386273725652,1.0755654683826677e-06,0.24386931676283483,0.7517342213979711,25,30,20
7,1063,0.004395386273725652,1.0755654683826675e-06,0.2438693167271676,0.7517342214336381,25,30,20
7,1064,0.004395386273725652,1.0755654683826675e-06,0.24386923420437834,0.7517343039564275,25,30,20
7,1065,0.004377815664292417,1.0760681994701136e-06,0.24388680426967835,0.7517343039978297,25,30,20
7,1066,0.004377815664292417,1.0760681994701136e-06,0.24388680429506995,0.751734303972438,25,30,20
7,1067,0.004377815664292417,1.0760681994701131e-06,0.24388680226251655,0.7517343060049916,25,30,20
7,1068,0.004377815664292417,1.0760681994701131e-06,0.24388680227915416,0.7517343059883541,25,30,20
7,1069,0.0035175572779538645,1.0756227056855345e-06,0.24474706114752545,0.7517343059518149,25,30,20
7,1070,0.0009857832812498748,1.1033458789713434e-06,0.2472812381789574,0.751731875193914,25,30,20
7,1071,0.0009857832812498748,1.1033458789713203e-06,0.24741075957853872,0.7516023537943326,25,30,20
7,1072,0.0009857832812498748,1.1033458789726294e-06,0.2477838639450251,0.7512292494278461,25,30,20
7,1073,0.0009857832812498748,1.1033458789726294e-06,0.24778386394520224,0.751229249427669,25,30,20
7,1074,0.0009857832812498748,1.1033458789725927e-06,0.239607060559567,0.7594060528133042,25,30,20
7,1075,0.0009857832812498748,1.1033458789725694e-06,0.23960694464196222,0.759406168730909,25,30,20
7,1076,0.0009857832812498748,1.1033458789725699e-06,0.23960694600900745,0.7594061673638638,25,30,20
7,1077,0.0009857832812498748,1.1033458789725699e-06,0.23960694601748234,0.7594061673553889,25,30,20
7,1078,0.0009857832812498748,1.1033458789725699e-06,0.2396070285156596,0.7594060848572116,25,30,20
7,1079,0.0009857832812498748,1.1033458789725699e-06,0.23951484876444307,0.7594982646084282,25,30,20
7,1080,0.0009857832812498748,1.1033458790478501e-06,0.23952145358968335,0.7594916597831878,25,30,20
7,1081,0.0009857775746597518,1.102843145109826e-06,0.2395214598830826,0.7594916596991126,25,30,20
7,1082,4.09551800447002e-05,1.1028431423729821e-06,0.24046628227696323,0.7594916596998499,25,30,20
7,1083,4.31408917558424e-05,1.2886125957623893e-05,0.24039534522711611,0.7595486277551708,25,30,20
7,1084,4.31408917558424e-05,1.2886125957699184e-05,0.24039542978857167,0.7595485431937152,25,30,20
7,1085,4.31408917558424e-05,1.2886125957699184e-05,0.24026590777773368,0.7596780652045533,25,30,20
7,1086,4.31408917558424e-05,1.2886125957699184e-05,0.24026585372739706,0.7596781192548897,25,30,20
7,1087,4.31408917558424e-05,1.288612595769916e-05,0.24027044110983536,0.7596735318724516,25,30,20
7,1088,4.31408917558424e-05,1.288612595769916e-05,0.24027052363320048,0.7596734493490862,25,30,20
7,1089,4.31408917558424e-05,1.288612595769916e-05,0.2402704411351991,0.7596735318470877,25,30,20
7,1090,4.31408917558424e-05,1.2886125957700472e-05,0.24053677553680153,0.7594071974454855,25,30,20
7,1091,4.31408917558424e-05,1.2886125957700448e-05,0.2405367740787474,0.7594071989035396,25,30,20
7,1092,1.9873798638938318e-05,1.4585919275635977e-05,0.24056071733010223,0.7594048229519831,25,30,20
7,1093,1.9873798638938318e-05,1.4585919275635977e-05,0.24056071589463499,0.7594048243874503,25,30,20
7,1094,1.9873798638938318e-05,1.4585919275636e-05,0.2406530115549052,0.75931252872718,25,30,20
7,1095,1.9873798638938318e-05,1.4585919275634693e-05,0.24027990651276743,0.759685633769318,25,30,20
7,1096,1.9873850654909178e-05,1.4585911234641195e-05,0.23676403183630534,0.763201508401805,25,30,20
7,1097,1.9873850654909178e-05,1.4585911234641195e-05,0.2367640323356709,0.7632015079024396,25,30,20
7,1098,1.9873850654909178e-05,1.4585911234641171e-05,0.23667173869996208,0.7632938015381484,25,30,20
7,1099,1.9873850654909178e-05,1.4585911234641171e-05,0.23667176667290285,0.7632937735652076,25,30,20
7,1100,0.0018353313975203562,1.45859113051951e-05,0.23485624662877558,0.763293836062399,25,30,20
7,1101,0.02354176780426576,1.4585911298810935e-05,0.21314987271963828,0.7632937735647971,25,30,20
7,1102,0.02354176780426576,1.4585911298810935e-05,0.2131498727300704,0.7632937735543649,25,30,20
7,1103,0.02354176780426576,1.4585921544480843e-05,0.22375804027841095,0.7526856059957788,25,30,20
7,1104,0.023539574424586797,2.802675348737902e-06,0.221963614368539,0.7544940085315255,25,30,20
7,1105,0.023539574424586797,2.802675348737901e-06,0.221963613036319,0.7544940098637454,25,30,20
7,1106,0.04675482242519565,2.8026753487785794e-06,0.19874836500042725,0.7544940098990284,25,30,20
7,1107,0.04675482242519565,2.8026753487785794e-06,0.19874836496517506,0.7544940099342804,25,30,20
7,1108,0.04675482242519565,2.8026753487786027e-06,0.19874847886180602,0.7544938960376496,25,30,20
7,1109,0.04675482242519565,2.8026753487786027e-06,0.19874847883763622,0.7544938960618194,25,30,20
7,1110,0.04675482242519565,2.8026753487033107e-06,0.19874843427004257,0.7544939406294131,25,30,20
7,1111,0.046754822373179745,2.8026068140026915e-06,0.20226430865158132,0.7509780663684245,25,30,20
7,1112,0.046754822373179745,2.8026068140026915e-06,0.2022643086515737,0.7509780663684319,25,30,20
7,1113,0.046754822373179745,2.8026068140026915e-06,0.20226430862663064,0.750978066393375,25,30,20
7,1114,0.024517829879627407,2.8031048182654714e-06,0.22450116536070958,0.7509782016548445,25,30,20
7,1115,0.02353957471322523,2.8286938478065074e-06,0.22547952805280544,0.7509780685401216,25,30,20
7,1116,1.9103062694357877e-05,2.829651687564926e-06,0.24899987075114208,0.7509781965344763,25,30,20
7,1117,1.8037119305824237e-06,2.829669400420556e-06,0.24901717004233842,0.7509781965763307,25,30,20
7,1118,1.8037119305824237e-06,2.829669400420556e-06,0.249017170031726,0.7509781965869431,25,30,20
7,1119,1.8037119305824242e-06,2.829669400420556e-06,0.2490219088814665,0.7509734577372024,25,30,20
7,1120,3.5433469466417675e-06,0.00013596827888494472,0.2488872610804355,0.7509732272937327,25,30,20
7,1121,3.5433469466417675e-06,0.00013596827888494472,0.2488888839562801,0.7509716044178881,25,30,20
7,1122,3.5433469466417675e-06,0.00013596827888494472,0.24888884398678987,0.7509716443873785,25,30,20
7,1123,3.5433469466417675e-06,0.00013596827888494472,0.2488841065588192,0.7509763818153491,25,30,20
7,1124,3.543348806590411e-06,0.00013596824202683763,0.21699956036001924,0.7828609280491472,25,30,20
7,1125,4.78720658217144e-06,0.00014262816890584518,0.21699165858224606,0.7828609260422659,25,30,20
7,1126,4.78720658217144e-06,0.00014262816890584518,0.21699166061527467,0.782860924009237,25,30,20
7,1127,4.78720658217144e-06,0.00014262816890584388,0.2167253261878783,0.7831272584366338,25,30,20
7,1128,4.78720658217144e-06,0.00014262816890584388,0.21672529916241234,0.7831272854620996,25,30,20
7,1129,4.78720658217144e-06,0.00014262816890584388,0.2167252991626373,0.7831272854618746,25,30,20
7,1130,4.78720658217126e-06,0.00014262815866017398,0.20611712707254898,0.7937354575622086,25,30,20
7,1131,4.78720658217126e-06,0.0001426281586601753,0.2064902321404789,0.7933623524942789,25,30,20
7,1132,4.46331746537524e-06,0.00014262814094741566,0.2064905560899134,0.7933623524516739,25,30,20
7,1133,4.46331746537524e-06,0.00014262814094741436,0.2061175669518617,0.7937353415897257,25,30,20
7,1134,0.028508069642643095,0.0001544106178141909,0.17760216085961808,0.7937353588799246,25,30,20
7,1135,0.028508069642643095,0.0001544106178141909,0.17760216089528646,0.7937353588442562,25,30,20
7,1136,0.028508069633883103,0.00015441061784802568,0.17147752661670804,0.799859993131561,25,30,20
7,1137,0.028506825436835227,0.0001477246119818928,0.17148545699409654,0.7998599929570864,25,30,20
7,1138,0.028506825436835227,0.0001477246119818928,0.17148075419295894,0.7998646957582238,25,30,20
7,1139,0.028506825436835227,0.0001477246119818175,0.17147418792350527,0.7998712620276774,25,30,20
7,1140,0.028506825494111498,0.00014772468854600912,0.17147418779612786,0.7998712620212148,25,30,20
7,1141,0.028506825494111498,0.00014772468854600912,0.17147418838200168,0.7998712614353412,25,30,20
7,1142,0.028506825494111498,0.0001477246885460091,0.17147407245278315,0.7998713773645596,25,30,20
7,1143,0.0005779668075872261,0.00013617977694919386,0.19934993224832603,0.7999359211671375,25,30,20
7,1144,0.0005779668075872261,0.00013617977694919386,0.19934996072107894,0.799935892694385,25,30,20
7,1145,0.0005779668075872261,0.00013617977694919386,0.19934833781984934,0.7999375155956144,25,30,20
7,1146,0.0005779667503108758,0.000136184141664175,0.19934712654356615,0.7999387225644589,25,30,20
7,1147,0.0005782377750086465,2.429743745011576e-07,0.19948279668725344,0.7999387225633637,25,30,20
7,1148,0.0005782377750086465,2.42974374501158e-07,0.1994829126041248,0.7999386066464922,25,30,20
7,1149,0.0005782377750086465,2.4297437450115837e-07,0.1994829405782915,0.7999385786723255,25,30,20
7,1150,0.0005782377750086465,2.4297437450115837e-07,0.19948293913112178,0.7999385801194953,25,30,20
7,1151,0.0005782377750086465,2.42974374501158e-07,0.1994829106581778,0.7999386085924394,25,30,20
7,1152,0.0005782377750086465,2.429743745011576e-07,0.19948287068033202,0.7999386485702851,25,30,20
7,1153,0.0005782377750086465,2.429743745024781e-07,0.19948275729555942,0.7999387619550578,25,30,20
7,1154,0.0005782377750086465,2.429743745037984e-07,0.19948933506445232,0.7999321841861646,25,30,20
7,1155,0.0005782377750086467,2.42974374503776e-07,0.19948926115860938,0.7999322580920076,25,30,20
7,1156,0.0005782377750086467,2.429743745024551e-07,0.19948925865105477,0.7999322605995625,25,30,20
7,1157,0.0005782377750086467,2.42974374577246e-07,0.1997555930585805,0.7996659261920365,25,30,20
7,1158,0.0005767945483383904,2.425358042340468e-07,0.19975716471846292,0.7996657981973943,25,30,20
7,1159,0.0005767945483383904,2.425358042340464e-07,0.19975554181828784,0.7996674210975695,25,30,20
7,1160,0.0005767944468429806,2.7106604624307194e-07,0.19975551096051172,0.7996674235265988,25,30,20
7,1161,0.0005767944468429806,2.71066046243072e-07,0.19975548251344258,0.7996674519736681,25,30,20
7,1162,0.0005767944468429806,2.71066046243072e-07,0.1997555650109982,0.7996673694761125,25,30,20
7,1163,0.0005767944468429816,2.710660463196725e-07,0.1997621712962794,0.799660763190831,25,30,20
7,1164,0.0005767944468430286,2.4312032495585153e-06,0.16623117412377295,0.8331896002261342,25,30,20
7,1165,0.0005767944468430286,2.4312032495585157e-06,0.1662311721076475,0.8331896022422598,25,30,20
7,1166,0.0005767944468430286,2.4312032494837248e-06,0.16596483771021983,0.8334559366396874,25,30,20
7,1167,2.0468081622862e-06,2.194430201180353e-06,0.12673339569728215,0.8732623630643548,25,30,20
7,1168,2.0468081622862e-06,2.194430201180353e-06,0.1267333957220703,0.8732623630395665,25,30,20
7,1169,2.0468081622862e-06,2.194430201180353e-06,0.12673149278086593,0.8732642659807709,25,30,20
7,1170,2.0468081582348583e-06,2.1936379794255687e-06,0.12660248109120537,0.8733932784626575,25,30,20
7,1171,2.0468081582348583e-06,2.1936379794255687e-06,0.12660248109120537,0.8733932784626575,25,30,20
7,1172,2.0468081582348583e-06,2.1936379794268896e-06,0.12660248109600664,0.8733932784578562,25,30,20
7,1173,2.0468081582348583e-06,2.1936379794268896e-06,0.12660239858135117,0.8733933609725116,25,30,20
7,1174,2.0468081582348583e-06,2.1936379794268896e-06,0.12660239855590036,0.8733933609979624,25,30,20
7,1175,2.0468081582348583e-06,2.1936379794268896e-06,0.12660248107947064,0.873393278474392,25,30,20
7,1176,2.0468081582348583e-06,2.1936379794268905e-06,0.12660908729651063,0.8733866722573521,25,30,20
7,1177,2.0468081582348583e-06,2.1936379794268905e-06,0.12660903324558176,0.8733867263082808,25,30,20
7,1178,2.0468081582348583e-06,2.19363797942557e-06,0.12660433091847315,0.8733914286353894,25,30,20
7,1179,2.0468081582348583e-06,2.19363797942557e-06,0.12660433096883003,0.8733914285850326,25,30,20
7,1180,0.03985398899435219,2.1936377188503142e-06,0.08675238878289734,0.8733914285850318,25,30,20
7,1181,0.03985398899435219,2.1936377189254325e-06,0.08684468465938437,0.8732991327085446,25,30,20
7,1182,0.03985398899435219,2.1936377189254558e-06,0.08685129088890124,0.8732925264790277,25,30,20
7,1183,0.03985398899435219,2.193637718924135e-06,0.08685117495444628,0.8732926424134826,25,30,20
7,1184,0.03985398899435219,2.193637718924134e-06,0.08685117090415855,0.8732926464637706,25,30,20
7,1185,0.03985398899435219,2.193637718924133e-06,0.08684456468754942,0.8732992526803796,25,30,20
7,1186,0.03985398899435219,2.193637718924133e-06,0.08684456516148648,0.8732992522064424,25,30,20
7,1187,0.03985398899435219,2.193637718924133e-06,0.08684456515258832,0.8732992522153407,25,30,20
7,1188,0.03985398899435219,2.193637718924133e-06,0.08684456512718873,0.8732992522407403,25,30,20
7,1189,0.03985398899435219,2.193637718924133e-06,0.08684456370523808,0.8732992536626909,25,30,20
7,1190,0.03985398899435219,2.1936377189241323e-06,0.08684456367805833,0.8732992536898706,25,30,20
7,1191,0.0398724832267794,2.193171403313051e-06,0.0868260699501649,0.8732992536516525,25,30,20
7,1192,0.0398724832267794,2.1931714033130513e-06,0.08682606996891007,0.8732992536329073,25,30,20
7,1193,0.0398724832267794,2.1931714033130513e-06,0.08682607000395123,0.873299253597866,25,30,20
7,1194,0.0398724832267794,2.1931714033130284e-06,0.0868195462850856,0.8733057773167316,25,30,20
7,1195,0.0398724832267794,2.1931714033130517e-06,0.08681954832683146,0.8733057752749858,25,30,20
7,1196,0.0398724832267794,2.1931714033130517e-06,0.08681954899253856,0.8733057746092786,25,30,20
7,1197,0.03985398899585769,2.165533208538751e-06,0.08683807099889516,0.8733057744720385,25,30,20
7,1198,0.03985398899585769,2.165533208540072e-06,0.08683821261457318,0.8733056328563604,25,30,20
7,1199,0.03985398899585769,2.165533208540072e-06,0.08683821121714576,0.8733056342537878,25,30,20
7,1200,0.03985398899585769,2.1655332085387515e-06,0.0868380696019056,0.873305775869028,25,30,20
7,1201,0.03985398899585769,2.165533208540073e-06,0.08683809811008449,0.8733057473608491,25,30,20
7,1202,0.03985398899585769,2.1655332085400733e-06,0.08683806969848512,0.8733057757724485,25,30,20
7,1203,0.03985398899585769,2.165533208540073e-06,0.08683806969002923,0.8733057757809044,25,30,20
7,1204,0.03985398899585769,2.165533208540073e-06,0.08683806973957683,0.8733057757313568,25,30,20
7,1205,0.03985398899585769,2.1655332085400733e-06,0.08683807112711497,0.8733057743438186,25,30,20
7,1206,0.03985398899585769,2.1655332084634727e-06,0.08683146534106227,0.8733123801298714,25,30,20
7,1207,0.005114416151117079,2.202634919931154e-06,0.12157100108311891,0.873312380130844,25,30,20
7,1208,0.005114416151117079,2.2026349199311548e-06,0.1216602298309082,0.8732231513830547,25,30,20
7,1209,0.005114416151117079,2.2026349199311315e-06,0.12166022982215545,0.8732231513918074,25,30,20
7,1210,0.005114416151117079,2.2026349199311306e-06,0.12166022837357524,0.8732231528403878,25,30,20
7,1211,0.005114416151117079,2.202634919932451e-06,0.12157327921917649,0.8733101019947865,25,30,20
7,1212,0.005114416151117079,2.202634919932451e-06,0.12157555881249152,0.8733078224014714,25,30,20
7,1213,0.005114416151117081,2.2026349199324745e-06,0.12170074265050886,0.8731826385634541,25,30,20
7,1214,0.005114416151117081,2.2026349199324745e-06,0.12170074404748384,0.873182637166479,25,30,20
7,1215,0.005114416151117081,2.202634919857356e-06,0.12160844813616038,0.8732749330778026,25,30,20
7,1216,0.005114416151117081,2.202634919857356e-06,0.12160847590763293,0.87327490530633,25,30,20
7,1217,0.005114416151117079,2.2026349198573325e-06,0.12148329007121035,0.8734000911427526,25,30,20
7,1218,0.005114416151117079,2.2026349241482824e-06,0.12148986960016823,0.8733935116137904,25,30,20
7,1219,3.1565821061082595e-08,4.623378470181728e-06,0.12660183344289083,0.873393511612818,25,30,20
7,1220,3.1565821061082595e-08,4.623378470181751e-06,0.12660194932544538,0.8733933957302633,25,30,20
7,1221,3.15658210610829e-08,4.623378470181752e-06,0.1266019507850047,0.8733933942707042,25,30,20
7,1222,3.15658210610829e-08,4.623378470181752e-06,0.12660195081086026,0.8733933942448486,25,30,20
7,1223,3.15658210610829e-08,4.623378470181752e-06,0.12660194878659517,0.8733933962691135,25,30,20
7,1224,3.15658210610829e-08,4.623378470181752e-06,0.1266019473998878,0.8733933976558209,25,30,20
7,1225,3.15658210610829e-08,4.623378470181752e-06,0.12697505244228782,0.8730202926134208,25,30,20
7,1226,3.15658210610829e-08,4.623378470181752e-06,0.12697505238122886,0.8730202926744798,25,30,20
7,1227,3.545296305791925e-05,6.263665346039363e-06,0.11422976503023344,0.8857285183413626,25,30,20
7,1228,3.5452963057919245e-05,6.263665341748413e-06,0.11422315909730303,0.8857351242742973,25,30,20
7,1229,3.5453063253570575e-05,6.262720431238472e-06,0.11422316219560208,0.885735122020713,25,30,20
7,1230,3.5453063253570575e-05,6.262720431238472e-06,0.11422316217878319,0.885735122037532,25,30,20
7,1231,3.545306325357031e-05,6.262720187379936e-06,0.11409791168453819,0.8858603725320208,25,30,20
7,1232,0.00010585286381050512,6.262720029923639e-06,0.11402751188415186,0.8858603725320076,25,30,20
7,1233,0.0001058528638105051,6.262720029922319e-06,0.11402748335117259,0.8858604010649869,25,30,20
7,1234,0.0001058528638105051,6.262720029922319e-06,0.11402748128230628,0.8858604031338533,25,30,20
7,1235,0.0001058528638105051,6.2627200299209975e-06,0.11402520313687001,0.8858626812792895,25,30,20
7,1236,0.0001058528638105051,6.2627200299209975e-06,0.11402520311147456,0.8858626813046849,25,30,20
7,1237,0.0001058528638105051,6.2627200299209975e-06,0.11402520361076976,0.8858626808053898,25,30,20
7,1238,0.0001058528638105051,6.2627200299209975e-06,0.11402520564397234,0.8858626787721872,25,30,20
7,1239,0.0001058528638105051,6.262720029920998e-06,0.11402520705669432,0.8858626773594652,25,30,20
7,1240,0.0001058528638105051,6.262720029920998e-06,0.11402520845472681,0.8858626759614328,25,30,20
7,1241,0.0001058528638105051,6.262720029920998e-06,0.11402520795542782,0.8858626764607317,25,30,20
7,1242,0.0001058528638105051,6.262720029920998e-06,0.114025207954813,0.8858626764613465,25,30,20
7,1243,0.0001058528638105051,6.262720029921021e-06,0.11402683085516824,0.8858610535609912,25,30,20
7,1244,3.545826969587794e-05,6.26322910204788e-06,0.1140972249394636,0.8858610535617382,25,30,20
7,1245,3.545826969587794e-05,6.26322910204788e-06,0.11409722349244746,0.8858610550087543,25,30,20
7,1246,3.545826969587794e-05,6.26322910204788e-06,0.1140971796414007,0.8858610988598012,25,30,20
7,1247,3.5463235097382936e-05,3.8053841095322584e-06,0.11409963252099242,0.8858610988598012,25,30,20
7,1248,1.7623362688904013e-07,2.165089204074339e-06,0.12404878753687684,0.8759488711402927,25,30,20
7,1249,1.7623362688904447e-07,2.1650892040743623e-06,0.12404878699899287,0.8759488716781767,25,30,20
7,1250,1.7623362688904447e-07,2.1650892040743623e-06,0.12404878699940605,0.8759488716777635,25,30,20
7,1251,1.7623362688904447e-07,2.1650892040743623e-06,0.12404878697440576,0.8759488717027638,25,30,20
7,1252,1.7623362688904447e-07,2.1650892040743623e-06,0.12404878697416576,0.875948871703004,25,30,20
7,1253,1.7623362688904447e-07,2.1650892040743623e-06,0.12404874830208185,0.8759489103750879,25,30,20
7,1254,1.7623362688904447e-07,2.1650892040743623e-06,0.12404875032634745,0.8759489083508221,25,30,20
7,1255,1.7623362688904447e-07,2.1650892040743623e-06,0.12404875035282657,0.875948908324343,25,30,20
7,1256,1.7623362688904447e-07,2.1650892040743623e-06,0.12404875037761108,0.8759489082995584,25,30,20
7,1257,1.7623362688904013e-07,2.165089204074339e-06,0.12404874889521719,0.8759489097819524,25,30,20
7,1258,1.8294785841346666e-07,0.011963138720295268,0.11108730216388837,0.8769493761679585,25,30,20
7,1259,1.8294785841346666e-07,0.011963138720295268,0.11108730361060455,0.8769493747212423,25,30,20
7,1260,1.8294785841346666e-07,0.011963138720295268,0.11108741950300324,0.8769492588288437,25,30,20
7,1261,1.8294785841346666e-07,0.011963138720295268,0.11108741952810332,0.8769492588037435,25,30,20
7,1262,1.8294785841346666e-07,0.011963138720295268,0.11108741748199426,0.8769492608498526,25,30,20
7,1263,1.8294785841346666e-07,0.011963138720295268,0.11108744592996202,0.8769492324018848,25,30,20
7,1264,1.8294785841346666e-07,0.011963138720295268,0.11108744592623859,0.8769492324056081,25,30,20
7,1265,0.03959503653474311,2.4517248574922507e-06,0.08445374530017372,0.8759487664402257,25,30,20
7,1266,0.03959503653474311,2.451724857492251e-06,0.08445377377266153,0.8759487379677376,25,30,20
7,1267,0.03959503653474311,2.451724857492228e-06,0.084452150880632,0.8759503608597673,25,30,20
7,1268,0.03959503653474311,2.451724857492228e-06,0.0840790467862082,0.876323464954191,25,30,20
7,1269,0.03959503653474311,2.451724857492228e-06,0.08407904678619754,0.8763234649542018,25,30,20
7,1270,0.03959503653474311,2.4517248575675074e-06,0.08408565304614102,0.8763168586942582,25,30,20
7,1271,0.03959503653474311,2.4517248575675074e-06,0.08408565507976219,0.8763168566606369,25,30,20
7,1272,0.03959503653474311,2.4517248575675074e-06,0.08408553916256294,0.8763169725778361,25,30,20
7,1273,0.03959503653474311,2.4517248575675074e-06,0.08408553916317847,0.8763169725772209,25,30,20
7,1274,0.03959503653474311,2.4517248575675066e-06,0.08408553923820637,0.8763169725021929,25,30,20
7,1275,0.03959503653474311,2.4517248575675066e-06,0.08408554068598344,0.8763169710544157,25,30,20
7,1276,0.03959503653474311,2.451724857567506e-06,0.08408326109284658,0.8763192506475528,25,30,20
7,1277,0.03971160764261786,2.4517396934115433e-06,0.08396668997011406,0.8763192506475747,25,30,20
7,1278,0.03971160764261786,2.451739693486134e-06,0.08433979514474631,0.8759461454729425,25,30,20
7,1279,0.03971160764261786,2.451739693486156e-06,0.08434295685644344,0.8759429837612452,25,30,20
7,1280,0.03971160764261786,2.4517396935614258e-06,0.0843429248313634,0.8759430157863253,25,30,20
7,1281,0.03971160764261786,2.4517396935614258e-06,0.08434292486643916,0.8759430157512494,25,30,20
7,1282,0.03971160764261786,2.451739693561425e-06,0.08434292341837318,0.8759430171993153,25,30,20
7,1283,0.03971160764261786,2.451739693561425e-06,0.08434292139410264,0.875943019223586,25,30,20
7,1284,0.03971160764261786,2.451739693561425e-06,0.08434292140655465,0.8759430192111338,25,30,20
7,1285,0.03971160764261786,2.451739693487453e-06,0.08434284003055786,0.8759431005871307,25,30,20
7,1286,0.03971160764261786,2.451739693487453e-06,0.0843428400076275,0.875943100610061,25,30,20
7,1287,0.03971160764261786,2.451739693412174e-06,0.08433623376998854,0.8759497068477,25,30,20
7,1288,0.03971160764261781,2.871598435709966e-07,0.0778700656208632,0.8824180395766754,25,30,20
7,1289,0.03971160764261781,2.871598435709966e-07,0.07787006558582188,0.8824180396117168,25,30,20
7,1290,0.00013518111897792553,2.4199719439530723e-11,0.11744664379583175,0.882418175060991,25,30,20
7,1291,0.00013518111897792553,2.419972076029227e-11,0.11745134709644331,0.8824134717603792,25,30,20
7,1292,0.00013518111897792553,2.419964616993372e-11,0.11707824261503924,0.8827865762417829,25,30,20
7,1293,0.00013518111897792553,2.419964616994085e-11,0.11707824264001805,0.8827865762168042,25,30,20
7,1294,0.00013518111897792553,2.419964616994085e-11,0.11707824264014018,0.882786576216682,25,30,20
7,1295,0.00013518111897792553,2.4199646169940722e-11,0.11707824207967477,0.8827865767771473,25,30,20
7,1296,0.00013518111897792553,2.4199646169534043e-11,0.11707821364226577,0.8827866052145563,25,30,20
7,1297,0.00013518111897792553,2.4199646169933598e-11,0.11707821412556002,0.8827866047312622,25,30,20
7,1298,0.00013518111897792553,2.4199646169926466e-11,0.11707821413836178,0.8827866047184603,25,30,20
7,1299,0.0001167420332126954,1.5120764768393216e-11,0.11709678910383733,0.8827864688478289,25,30,20
7,1300,0.036131214791159764,2.1264572455293747e-14,0.08108231636100749,0.8827864688478112,25,30,20
7,1301,0.03968500651725159,1.9935527141947586e-14,0.07752852463492124,0.8827864688478073,25,30,20
7,1302,0.03968500651725159,1.9935527134817132e-14,0.0775286062124198,0.8827863872703088,25,30,20
7,1303,0.03968500651725159,1.9935527149078046e-14,0.07752860624779505,0.8827863872349334,25,30,20
7,1304,0.03968500651725159,1.99355271560856e-14,0.07752860768265518,0.8827863858000731,25,30,20
7,1305,0.03968500651725159,1.993420623942993e-14,0.07752860516677317,0.8827863883159555,25,30,20
7,1306,0.03968500651725159,1.9934206239429925e-14,0.07752852217715687,0.8827864713055714,25,30,20
7,1307,0.03968500651725159,1.9934229413534268e-14,0.07752852218905691,0.8827864712936716,25,30,20
7,1308,0.03968500651725159,1.993422981308555e-14,0.07752852352070518,0.8827864699620233,25,30,20
7,1309,0.03968500651725159,1.993420663910854e-14,0.07752852204809078,0.8827864714346376,25,30,20
7,1310,0.03968500651725159,1.993420663222396e-14,0.0775285206101026,0.8827864728726257,25,30,20
7,1311,0.03968500651725159,1.993420663222396e-14,0.07752852058548547,0.882786472897243,25,30,20
7,1312,0.03968500651725159,1.993288587080196e-14,0.07752381730993957,0.882791176172789,25,30,20
7,1313,0.03968500651725159,1.993288587067675e-14,0.07752381636152889,0.8827911771211996,25,30,20
7,1314,0.03968500651725159,1.993288587793228e-14,0.0775239038057984,0.8827910896769302,25,30,20
7,1315,0.03968500651725159,1.9932885885188787e-14,0.07753051004780344,0.882784483434925,25,30,20
7,1316,0.03968500651725159,1.9932885885186632e-14,0.07753051004736564,0.8827844834353629,25,30,20
7,1317,0.039684872120193754,2.830085459203408e-15,0.07712455944192917,0.8831905684378739,25,30,20
7,1318,0.039684872120193754,2.830085459205604e-15,0.07712455940641837,0.8831905684733848,25,30,20
7,1319,0.039684872120193754,2.830085452198012e-15,0.07712455943271203,0.8831905684470911,25,30,20
7,1320,0.039684872120193754,2.8300858588816388e-15,0.07712458787012098,0.8831905400096822,25,30,20
7,1321,0.039684872120193754,2.830109282412778e-15,0.07739092229685289,0.8829242055829503,25,30,20
7,1322,0.039684872120193754,2.8301092825378356e-15,0.07739092230898181,0.8829242055708214,25,30,20
7,1323,0.03968487212023984,2.71579645913023e-14,0.08059298413415314,0.8797221437455799,25,30,20
7,1324,0.03968487212023984,2.715796499083714e-14,0.08059460561317339,0.8797205222665597,25,30,20
7,1325,0.03968487212023984,2.7157964990957838e-14,0.0805946056377909,0.8797205222419423,25,30,20
7,1326,0.03968487212023984,2.71579653972708e-14,0.08059460707634017,0.8797205208033929,25,30,20
7,1327,0.03968487212023984,2.715796539727084e-14,0.08059460711138461,0.8797205207683486,25,30,20
7,1328,0.03968487212023984,2.715796578966855e-14,0.08059688666851113,0.8797182412112221,25,30,20
7,1329,0.03968487212023984,2.7157965789670742e-14,0.08059688664222558,0.8797182412375076,25,30,20
7,1330,0.03968487212023984,2.7157965782418545e-14,0.08059028042517459,0.8797248474545586,25,30,20
7,1331,0.03968487212023984,2.7157965375857778e-14,0.08059025197687236,0.879724875902861,25,30,20
7,1332,0.03968487212023984,2.715796577540908e-14,0.08059025199351924,0.8797248758862141,25,30,20
7,1333,0.03968487212023984,2.7157965775283986e-14,0.08059025403819327,0.8797248738415397,25,30,20
7,1334,0.03968487212023984,2.7157965368848074e-14,0.08059028200237014,0.879724845877363,25,30,20
7,1335,0.03968487212023984,2.7157965368602233e-14,0.08059025352994865,0.8797248743497845,25,30,20
7,1336,0.03968487212023984,2.7157965375611944e-14,0.08059025553819704,0.8797248723415362,25,30,20
7,1337,0.03968487212023984,2.7157965375486846e-14,0.08059025349240827,0.879724874387325,25,30,20
7,1338,0.03968487212023984,2.7157942358514505e-14,0.08032392109898275,0.8799912067807505,25,30,20
7,1339,0.03968487212190808,2.9099579326499527e-08,0.08032389199776206,0.8799912067807506,25,30,20
7,1340,0.03968487212190808,2.909957940179155e-08,0.08032401269124398,0.8799910860872686,25,30,20
7,1341,0.03968487212266634,3.3517357752572594e-08,0.08032402939154397,0.8799910649684324,25,30,20
7,1342,0.03968487212266634,3.3517357752572594e-08,0.08032402786929276,0.8799910664906835,25,30,20
7,1343,0.03968487212266634,3.351735775257219e-08,0.08032402692041028,0.879991067439566,25,30,20
7,1344,0.03968487212266634,3.3517357752572197e-08,0.08032402694377008,0.8799910674162063,25,30,20
7,1345,0.03968487212266634,3.3517357752572197e-08,0.08032402839132756,0.8799910659686486,25,30,20
7,1346,0.03968487212266634,3.351735775257179e-08,0.08032240546544005,0.8799926888945362,25,30,20
7,1347,0.03968487212266634,3.351735775257178e-08,0.08032240350251621,0.8799926908574599,25,30,20
7,1348,0.03968487212266634,3.351735775257138e-08,0.08032078061850464,0.8799943137414714,25,30,20
7,1349,0.03968487212266634,3.3517357752571786e-08,0.08032078065402974,0.8799943137059464,25,30,20
7,1350,0.03968487212266634,3.351735775254862e-08,0.08031761894128606,0.8799974754186899,25,30,20
7,1351,0.03968487212266634,3.351735775257179e-08,0.08031762039933246,0.8799974739606435,25,30,20
7,1352,0.03968487212266634,3.351735775257139e-08,0.08031762237190296,0.879997471988073,25,30,20
7,1353,0.03968487212266634,3.351735775388968e-08,0.08040991866596477,0.8799051756940112,25,30,20
7,1354,0.03968487212266634,3.351735775388967e-08,0.08041219825899489,0.879902896100981,25,30,20
7,1355,0.03968487212165897,0.0008059626278883629,0.0796062691559483,0.879902896094504,25,30,20
7,1356,0.03968487212165897,0.0008059626278883629,0.07960626863827917,0.8799028966121731,25,30,20
7,1357,0.03968487212165897,0.0008059626278883629,0.07960626866367862,0.8799028965867738,25,30,20
7,1358,0.03968487212165897,0.0008059626278883629,0.079979372248373,0.8795297930020796,25,30,20
7,1359,0.03968487212165897,0.0008059626278883629,0.07998099507891902,0.8795281701715335,25,30,20
7,1360,0.03968487212165421,2.822568549863348e-07,0.08078667544995932,0.8795281701715316,25,30,20
7,1361,0.03968487212165421,2.8225685498765573e-07,0.08078670298491883,0.8795281426365722,25,30,20
7,1362,0.03968487212165421,2.8225685498765573e-07,0.08078442539003977,0.8795304202314511,25,30,20
7,1363,0.03968487212165421,2.8225685498765573e-07,0.08078442394288063,0.8795304216786103,25,30,20
7,1364,0.03968487745605988,2.5315730005568244e-07,0.08078444770730654,0.879530421679334,25,30,20
7,1365,0.03968487745605988,2.5315730005568244e-07,0.0807844477077735,0.879530421678867,25,30,20
7,1366,0.03968487745605988,2.531573000556825e-07,0.0807844484088233,0.8795304209778172,25,30,20
7,1367,0.03968487745605988,2.531573000556825e-07,0.0807844483913154,0.8795304209953251,25,30,20
7,1368,0.03968487745605988,2.5315730005568206e-07,0.08078444635768593,0.8795304230289546,25,30,20
7,1369,0.03968487745605988,2.5315730005568164e-07,0.08078444584651515,0.8795304235401253,25,30,20
7,1370,0.03968487745605988,2.5315730005568164e-07,0.08078444440042713,0.8795304249862133,25,30,20
7,1371,0.03968487745605988,2.5315730005568164e-07,0.08078444441210031,0.8795304249745399,25,30,20
7,1372,0.03968487745605988,2.5315730005436376e-07,0.08069226402644473,0.8796226053601955,25,30,20
7,1373,0.03968487745605988,2.531573000543642e-07,0.08069214883571302,0.8796227205509273,25,30,20
7,1374,0.03968487745605988,2.53157300054341e-07,0.08069052796767831,0.8796243414189621,25,30,20
7,1375,0.03968487745605988,2.53157300054341e-07,0.08069052794289383,0.8796243414437466,25,30,20
7,1376,0.03968487745605988,2.53157300054341e-07,0.08069052795120872,0.8796243414354314,25,30,20
7,1377,0.03968487745605988,2.53157300054341e-07,0.0806905286609671,0.8796243407256732,25,30,20
7,1378,0.03968487745605988,2.53157300054341e-07,0.08069052665210817,0.8796243427345322,25,30,20
7,1379,0.03968487745605988,2.53157300054341e-07,0.0806905266598081,0.8796243427268321,25,30,20
7,1380,0.03968487745605988,2.53157300054341e-07,0.08069052595063414,0.879624343436006,25,30,20
7,1381,0.039997832305305,2.5315730006250285e-07,0.08037757110138914,0.879624343436006,25,30,20
7,1382,0.039997832305305,2.531573000625025e-07,0.08037757110138141,0.879624343436014,25,30,20
7,1383,0.039997832305305,2.5315730006250285e-07,0.08037757116243266,0.8796243433749624,25,30,20
7,1384,0.039997832305305,2.5315730006250285e-07,0.0803797748295071,0.8796221397078883,25,30,20
7,1385,0.039997832305305,2.5315730006361744e-07,0.08662935747748075,0.8733725570599147,25,30,20
7,1386,0.039997832305305,2.5315730006361786e-07,0.08662939746363627,0.873372517073759,25,30,20
7,1387,0.039997832305305,2.5315730006361786e-07,0.08662939746364212,0.8733725170737533,25,30,20
7,1388,0.039997832305305,2.5315730006361786e-07,0.08662951134779279,0.8733724031896024,25,30,20
7,1389,0.039997832305305,4.520700447362665e-09,0.08662975998439444,0.8733724031896004,25,30,20
7,1390,0.039997832305305,4.520700447363072e-09,0.08662976002006144,0.8733724031539336,25,30,20
7,1391,0.039997832305305,4.52070044736308e-09,0.08662976000741705,0.8733724031665779,25,30,20
7,1392,0.039997832305305,4.520700447385847e-09,0.08662750892284202,0.8733746542511531,25,30,20
7,1393,0.039997832305305,4.520700446064931e-09,0.0866274813980071,0.873374681775988,25,30,20
7,1394,0.039997832305305,4.520700370772901e-09,0.0866273593500583,0.873374803823937,25,30,20
7,1395,0.039997832305305,4.5207003707729015e-09,0.08662736077243265,0.8733748024015625,25,30,20
7,1396,0.039997832305305,4.520700370772908e-09,0.0866273614659422,0.873374801708053,25,30,20
7,1397,0.039997832305305,4.520700370772908e-09,0.08662736146442365,0.8733748017095716,25,30,20
7,1398,0.039997832305305,4.52070037211699e-09,0.0866274180167443,0.8733747451572508,25,30,20
7,1399,0.039997832305305,4.52070037211699e-09,0.08662741801656143,0.8733747451574336,25,30,20
7,1400,0.039997832305305,4.520700372116997e-09,0.08662741802547838,0.8733747451485168,25,30,20
7,1401,0.039997827349014116,3.359448565439643e-08,0.08662739386605739,0.8733747451904433,25,30,20
7,1402,0.03999782734903661,2.9466625896274067e-08,0.08662739799389486,0.8733747451904433,25,30,20
7,1403,0.03999782734903661,2.9466625896274067e-08,0.08662743792792713,0.8733747052564113,25,30,20
7,1404,0.03999782734903661,2.9466625896274067e-08,0.08662732404439445,0.873374819139944,25,30,20
7,1405,0.03999782734903661,2.946662589627366e-08,0.08662732398416631,0.873374819200172,25,30,20
7,1406,0.03999782734903661,2.9466625896250486e-08,0.08662729742268914,0.8733748457616491,25,30,20
7,1407,0.03999782734903661,2.94666258975714e-08,0.08662737337036436,0.8733747698139739,25,30,20
7,1408,0.03999782734903661,2.9466625896456868e-08,0.08037787324577833,0.8796242699385598,25,30,20
7,1409,0.03999782734903661,2.946662589648004e-08,0.08038257509867837,0.8796195680856599,25,30,20
7,1410,0.03999782734903662,2.946662589780039e-08,0.08038723841533123,0.8796149047690069,25,30,20
7,1411,0.03999782734903662,2.946662589780039e-08,0.08038723981434906,0.879614903369989,25,30,20
7,1412,0.03999782734903662,2.94666258978004e-08,0.08038503615252138,0.8796171070318166,25,30,20
7,1413,0.03999782734903662,2.9466625897799997e-08,0.08038515135556187,0.8796169918287763,25,30,20
7,1414,0.03999782734903662,2.9466625897799997e-08,0.08038519131651539,0.8796169518678226,25,30,20
7,1415,0.03999782734903662,2.946662589779959e-08,0.08038519189028706,0.879616951294051,25,30,20
7,1416,0.03999782734903662,2.946662589911745e-08,0.08047748686181803,0.87952465632252,25,30,20
7,1417,0.03999782734903662,2.946662589911745e-08,0.08047737099245252,0.8795247721918855,25,30,20
7,1418,0.03999782734903662,2.9466625900231584e-08,0.08672691357232062,0.8732752296120174,25,30,20
7,1419,0.03999782734903662,2.9466625898911076e-08,0.08672683762468106,0.8732753055596569,25,30,20
7,1420,0.03999782734903661,2.9466625897566997e-08,0.08672678175738566,0.8732753614269523,25,30,20
7,1421,0.03999782734903661,2.946662589624664e-08,0.0867220785062579,0.8732800646780801,25,30,20
7,1422,0.03999782734903661,2.946662589624663e-08,0.08672207853240063,0.8732800646519374,25,30,20
7,1423,0.03999782734903661,2.946662589624622e-08,0.08634897349992243,0.8736531696844154,25,30,20
7,1424,0.03999782734903661,2.9466625896246218e-08,0.08634897552083681,0.8736531676635013,25,30,20
7,1425,0.03999782734903661,2.9466625896246218e-08,0.08634897599163491,0.8736531671927031,25,30,20
7,1426,0.03999782734903661,2.9466625896246218e-08,0.08634897599193458,0.8736531671924034,25,30,20
7,1427,0.03999782734903661,2.9466625896246228e-08,0.0863489773464015,0.8736531658379363,25,30,20
7,1428,0.03999782734903661,2.9466625896268995e-08,0.0863490057941523,0.8736531373901855,25,30,20
7,1429,0.039874298315638275,2.9466708592867455e-08,0.08647253481962933,0.8736531373980242,25,30,20
7,1430,0.039874298315638275,2.9466708592867455e-08,0.08647253485416914,0.8736531373634843,25,30,20
7,1431,0.039874298315638275,2.9466708592867855e-08,0.08647253421312566,0.8736531380045277,25,30,20
7,1432,0.039874298315638275,2.9466708592867862e-08,0.08647253376569569,0.8736531384519577,25,30,20
7,1433,0.039874298315638275,2.9466708592891043e-08,0.0864725357890671,0.8736531364285863,25,30,20
7,1434,0.039874298315638275,2.9466708592914207e-08,0.086474158654197,0.8736515135634565,25,30,20
7,1435,0.039874298315638275,2.9466708592914217e-08,0.08647415674283082,0.8736515154748226,25,30,20
7,1436,0.03989832447921507,6.881289220631769e-08,0.08645008791015353,0.8736515187977393,25,30,20
7,1437,0.03989832447921507,6.881289220631769e-08,0.08645008791014576,0.8736515187977472,25,30,20
7,1438,0.03989832447921507,6.881289220761543e-08,0.0864485809354674,0.8736530257724254,25,30,20
7,1439,0.03989832447921507,6.881289220763859e-08,0.08644858038506499,0.8736530263228279,25,30,20
7,1440,0.03989832447921507,6.881289220763859e-08,0.08644866287265969,0.8736529438352332,25,30,20
7,1441,0.03989832447921507,6.881289220766177e-08,0.08644869134580746,0.8736529153620854,25,30,20
7,1442,0.03989832447921507,6.881289220766176e-08,0.08644860882310171,0.8736529978847912,25,30,20
7,1443,0.03989832447921507,6.881289220763859e-08,0.08644390697020185,0.8736576997376909,25,30,20
7,1444,0.03346251900839156,7.739746724814193e-08,0.09287970385771167,0.8736576997364297,25,30,20
7,1445,0.03346251900839156,7.739746724682407e-08,0.09278740818452307,0.8737499954096183,25,30,20
7,1446,0.03346251900839156,7.739746724680089e-08,0.0927873797355201,0.8737500238586212,25,30,20
7,1447,0.03346251900839156,7.739746724680089e-08,0.09278737772706389,0.8737500258670774,25,30,20
7,1448,0.03346251900839156,7.739746724680089e-08,0.09278737775203467,0.8737500258421066,25,30,20
7,1449,0.03346251900839156,7.739746724680088e-08,0.09278737707513943,0.873750026519002,25,30,20
7,1450,0.03346251900839156,7.739746724680089e-08,0.092787377085852,0.8737500265082895,25,30,20
7,1451,0.03346251900839156,7.739746724680048e-08,0.09278737505171172,0.8737500285424297,25,30,20
7,1452,0.03346251900839156,7.739746724677731e-08,0.09278737356888443,0.873750030025257,25,30,20
7,1453,0.033467710977669735,3.765844316059834e-08,0.09278222466154695,0.8737500267023403,25,30,20
7,1454,0.033467710977669735,3.765844316059833e-08,0.09278222461358088,0.8737500267503063,25,30,20
7,1455,0.033467710977669735,3.765844316059833e-08,0.09278222461387253,0.8737500267500147,25,30,20
7,1456,0.033467710977669735,3.7658443160598325e-08,0.09278214211525279,0.8737501092486342,25,30,20
7,1457,0.0334677106927346,9.094344236131392e-09,0.09278203010863083,0.8737502501042904,25,30,20
7,1458,0.0334677106927346,9.094344236131392e-09,0.09278203007339832,0.873750250139523,25,30,20
7,1459,0.0334677106927346,9.094344236130985e-09,0.09278203001299364,0.8737502501999278,25,30,20
7,1460,0.0334677106927346,9.094344236130985e-09,0.09278202856565418,0.8737502516472673,25,30,20
7,1461,0.0334677106927346,9.094344236130985e-09,0.09278198859593989,0.8737502916169814,25,30,20
7,1462,0.0334677106927346,9.094344236130985e-09,0.09278207111888248,0.8737502090940389,25,30,20
7,1463,0.03346771069800945,8.584818000481777e-09,0.09278221012443932,0.8737500705927332,25,30,20
7,1464,0.03346771069800945,8.584818000482185e-09,0.09278221147454277,0.8737500692426298,25,30,20
7,1465,0.03346771069800945,8.58481800048259e-09,0.09278221151853469,0.8737500691986377,25,30,20
7,1466,0.03346771069800945,8.584818000483004e-09,0.09278213044337644,0.8737501502737962,25,30,20
7,1467,0.03346771069800945,8.584818000483411e-09,0.09278215891583048,0.8737501218013419,25,30,20
7,1468,0.03346771069800945,8.584818000483411e-09,0.09278216181101161,0.8737501189061608,25,30,20
7,1469,0.03346771069800945,8.584818000483411e-09,0.09278216181133424,0.8737501189058382,25,30,20
7,1470,0.03346771069800945,8.584818000483411e-09,0.09278224433498675,0.8737500363821857,25,30,20
7,1471,3.7347509856434694e-05,1.9160271932424181e-07,0.12621240849038629,0.8737500523970378,25,30,20
7,1472,3.7347509856434694e-05,1.9160271932424181e-07,0.12621240851512383,0.8737500523723003,25,30,20
7,1473,3.7347509856434694e-05,1.9160271932424142e-07,0.1262124085950935,0.8737500522923307,25,30,20
7,1474,9.993578999330176e-05,1.9162658807848206e-07,0.12614982268809008,0.8737500498953282,25,30,20
7,1475,9.993578999330176e-05,1.9162658807848206e-07,0.1261498198281307,0.8737500527552878,25,30,20
7,1476,9.993578999330176e-05,1.9162658807848206e-07,0.12614970389866484,0.8737501686847535,25,30,20
7,1477,9.993578999330177e-05,1.9162658807716117e-07,0.12614958942885482,0.8737502831545637,25,30,20
7,1478,9.993578999330177e-05,1.9162658807716122e-07,0.12614961881585154,0.8737502537675671,25,30,20
7,1479,9.993578999330177e-05,1.9162658807604668e-07,0.11990003627858319,0.8799998363048356,25,30,20
7,1480,9.993578999330177e-05,1.9162658807604708e-07,0.11990003698006109,0.8799998356033576,25,30,20
7,1481,9.993578999330177e-05,1.916265880760475e-07,0.11990015287245731,0.8799997197109612,25,30,20
7,1482,9.184832739393266e-05,4.4928841334820485e-07,0.11990799869455941,0.8799997036896333,25,30,20
7,1483,9.184832739393266e-05,4.492884133482052e-07,0.11990803866470477,0.879999663719488,25,30,20
7,1484,9.184832739393266e-05,4.492884133481821e-07,0.11990803661441912,0.8799996657697737,25,30,20
7,1485,9.184832739393266e-05,4.4928841334818166e-07,0.11990807586281578,0.8799996265213771,25,30,20
7,1486,9.184832739393266e-05,4.4928841334820443e-07,0.11990807787742305,0.8799996245067697,25,30,20
7,1487,6.26303551711382e-05,4.4928841801001135e-07,0.11993729584961922,0.8799996245067919,25,30,20
7,1488,6.258854191504956e-05,1.0063045995461724e-10,0.11993778684435986,0.8799996245130954,25,30,20
7,1489,6.258854191504956e-05,1.0063045995421069e-10,0.11993767095258381,0.8799997404048715,25,30,20
7,1490,6.258854191504956e-05,1.0063045997738465e-10,0.1199376994609144,0.8799997118965409,25,30,20
7,1491,6.258854191504956e-05,1.0063045997738465e-10,0.11993769948554567,0.8799997118719095,25,30,20
7,1492,6.258854191504956e-05,1.0063045995421796e-10,0.11993767101273684,0.8799997403447183,25,30,20
7,1493,6.258854191504956e-05,1.0063045995421794e-10,0.11993767303762434,0.8799997383198307,25,30,20
7,1494,6.258854191504956e-05,1.0063045995463162e-10,0.11993775300411558,0.8799996583533394,25,30,20
7,1495,6.258854191504956e-05,1.0063045995463877e-10,0.11993775215502507,0.87999965920243,25,30,20
7,1496,6.258854191504956e-05,1.0063045995504493e-10,0.11993771151928426,0.8799996998381707,25,30,20
7,1497,6.258854191504956e-05,1.0063045995503781e-10,0.11993771006297838,0.8799997012944766,25,30,20
7,1498,0.0009424833547141603,2.837585078058992e-08,0.11905778693414754,0.8799997013352879,25,30,20
7,1499,0.0009424833547141603,2.8375850780589923e-08,0.11905786850954274,0.8799996197598928,25,30,20
7,1500,0.0009424833547141603,2.8375850780589923e-08,0.11905786851830351,0.879999619751132,25,30,20
7,1501,0.0009424833547141603,2.8375850780589943e-08,0.11905786652106455,0.879999621748371,25,30,20
7,1502,0.0009424833547141603,2.8375850780589946e-08,0.11905786787563563,0.8799996203938,25,30,20
7,1503,0.0009424833547141603,2.837585078056678e-08,0.1190579552846123,0.8799995329848233,25,30,20
7,1504,0.0009424833547141603,2.8375850780589943e-08,0.11905799526872815,0.8799994930007073,25,30,20
7,1505,0.0009424833547141603,2.8375850780589943e-08,0.11905799326047653,0.8799994950089591,25,30,20
7,1506,0.0009424833547141603,2.837585078056676e-08,0.11905799205176626,0.8799994962176693,25,30,20
7,1507,0.0009424833547141603,2.837585078056675e-08,0.1190579920263724,0.8799994962430633,25,30,20
7,1508,0.0009424833547141603,2.8375850780566742e-08,0.11905799065830937,0.8799994976111263,25,30,20
7,1509,0.0009424833547141603,2.8375850780566742e-08,0.11905799133457796,0.8799994969348578,25,30,20
7,1510,0.0009424833547141603,2.8375850780566732e-08,0.11905799129749829,0.8799994969719375,25,30,20
7,1511,0.0009424833547141603,2.8375850780566732e-08,0.11905799129768618,0.8799994969717494,25,30,20
7,1512,0.0009424833547141603,2.8375850780566726e-08,0.11905798928987237,0.8799994989795633,25,30,20
7,1513,0.0009424833547141603,2.8375850780566726e-08,0.11905790675375576,0.8799995815156797,25,30,20
7,1514,0.0009424833547141603,2.837585085585876e-08,0.11905802311908886,0.8799994651503465,25,30,20
7,1515,0.0009424833547141603,2.8375850855858353e-08,0.11905799464627723,0.8799994936231579,25,30,20
7,1516,0.0009424833547141603,2.8375850855858353e-08,0.11905799464628483,0.8799994936231506,25,30,20
7,1517,0.000942483353713898,2.8301988918121786e-08,0.11905799472755169,0.8799994936167457,25,30,20
7,1518,0.000942483353713898,2.830198891812219e-08,0.11905799539459877,0.8799994929496985,25,30,20
7,1519,0.000942483353713898,2.8301988918144967e-08,0.1190581106101044,0.8799993777341929,25,30,20
7,1520,0.0009424835141725805,2.8301988916685337e-08,0.11905811037752245,0.8799993778063169,25,30,20
7,1521,0.0009424835141725805,2.8301988841393296e-08,0.11905799401187826,0.8799994941719611,25,30,20
7,1522,0.0009424835141725805,2.8301988841416312e-08,0.11932432773772332,0.8797331604461159,25,30,20
7,1523,0.0009424835141725805,2.8301988841393134e-08,0.11932421182073652,0.8797332763631027,25,30,20
7,1524,0.0009424835141725805,2.8301988841393134e-08,0.11932421182825928,0.8797332763555801,25,30,20
7,1525,0.0009424835141725805,2.830198884139354e-08,0.11932421383694544,0.8797332743468939,25,30,20
7,1526,0.0009424835141725805,2.8301988841393938e-08,0.11932421524923267,0.8797332729346067,25,30,20
7,1527,0.0009424835141725805,2.830198884139435e-08,0.11932421528491059,0.8797332728989288,25,30,20
7,1528,0.0009424835141725805,2.830198884141712e-08,0.11932432976312636,0.879733158420713,25,30,20
7,1529,0.0009424835141725805,2.8301988841416712e-08,0.11932433114983386,0.8797331570340055,25,30,20
7,1530,0.0009424835141725805,2.8301988841416712e-08,0.11932433166598003,0.8797331565178592,25,30,20
7,1531,0.0009424835141725805,2.830198884141672e-08,0.11932433369922123,0.8797331544846181,25,30,20
7,1532,0.0009424835141725805,2.8301988841416305e-08,0.11932436962469462,0.8797331185591446,25,30,20
7,1533,0.0009424835141725805,2.8301988841416305e-08,0.11932428662753347,0.8797332015563056,25,30,20
7,1534,0.0009424835141725805,2.8301988841416305e-08,0.11932428613844775,0.8797332020453914,25,30,20
7,1535,0.0009424835141725805,2.8301988841393138e-08,0.11932424756570877,0.8797332406181303,25,30,20
7,1536,0.0009424835141725805,2.8301988841393144e-08,0.11932424659198636,0.8797332415918526,25,30,20
7,1537,0.0009424835141725805,2.8301988841393138e-08,0.11932427506513642,0.8797332131187026,25,30,20
7,1538,0.0009424835141725805,2.8301988841393138e-08,0.11932427508850177,0.8797332130953371,25,30,20
7,1539,0.0009424835141725805,2.8301988841393138e-08,0.11932427652393711,0.8797332116599018,25,30,20
7,1540,0.0009424835141725805,2.8301988841393545e-08,0.11932427793650545,0.8797332102473335,25,30,20
7,1541,0.0009424835141725805,2.8301988841393545e-08,0.11932427650103766,0.8797332116828014,25,30,20
7,1542,0.0009424835141725805,2.830198884139395e-08,0.11932427794854653,0.8797332102352924,25,30,20
7,1543,0.0009424835141725805,2.8301988841393955e-08,0.11932427794855735,0.8797332102352816,25,30,20
7,1544,0.0009424835141725805,2.830198884139395e-08,0.11932427592367292,0.879733212260166,25,30,20
7,1545,0.0009424835141725805,2.830198884139394e-08,0.11932427636274917,0.8797332118210898,25,30,20
7,1546,0.0009424921890969074,2.8317385289261058e-08,0.11932426774208603,0.8797332117514319,25,30,20
7,1547,0.0009424921890969074,2.8317385289261052e-08,0.1193242677165169,0.879733211777001,25,30,20
7,1548,0.0009424921890969074,2.8317385289261052e-08,0.11932426768192107,0.8797332118115969,25,30,20
7,1549,0.0009424921890969074,2.831738528928382e-08,0.11932426676871634,0.8797332127248016,25,30,20
7,1550,0.0009424921890969074,2.8317385289283412e-08,0.11932426610228276,0.8797332133912351,25,30,20
7,1551,0.0009424921890969074,2.8317385289283412e-08,0.11932426610228336,0.8797332133912346,25,30,20
7,1552,0.0009424921890969074,2.8317385289306176e-08,0.11932654520758884,0.8797309342859291,25,30,20
7,1553,0.0009424921890969074,2.8317385290627048e-08,0.11932816810023922,0.8797293113932788,25,30,20
7,1554,0.0009424921890969074,2.8317385290604436e-08,0.11906183512112538,0.8799956443723927,25,30,20
7,1555,0.0009424921890969074,2.8317385290604436e-08,0.11906183508651882,0.8799956444069993,25,30,20
7,1556,0.0009424921890969074,2.8317385290604843e-08,0.11906183581337217,0.8799956436801459,25,30,20
7,1557,0.0009424921890969074,2.8317385290604836e-08,0.11906180737596113,0.8799956721175569,25,30,20
7,1558,0.0009424921890969074,2.8317385290604836e-08,0.11906180734031885,0.8799956721531992,25,30,20
7,1559,0.022135211276646607,1.1286647580059553e-08,0.09786910530750975,0.8799956721291963,25,30,20
7,1560,0.022135211276648838,1.3768303633466714e-07,0.09786897872563653,0.8799956723146788,25,30,20
7,1561,0.022135211276648838,1.3768303633466714e-07,0.09786897872619998,0.8799956723141154,25,30,20
7,1562,0.022135211276648838,1.3768303633464398e-07,0.09786897820870913,0.8799956728316062,25,30,20
7,1563,0.022135211276648838,1.376830363346448e-07,0.09786897879545556,0.8799956722448598,25,30,20
7,1564,0.022135211276648838,1.376830363346448e-07,0.09786886432544938,0.8799957867148659,25,30,20
7,1565,0.022135211276648838,1.376830363346448e-07,0.0978688643604889,0.8799957866798264,25,30,20
7,1566,0.02213572400759316,1.3854543044318206e-07,0.09786835076961647,0.8799957866773606,25,30,20
7,1567,0.02213572400759101,2.6530218434966744e-07,0.09786820302331858,0.8799958076669069,25,30,20
7,1568,0.02213572400759101,2.6530218434966744e-07,0.0978682030476361,0.8799958076425893,25,30,20
7,1569,0.02213572400759101,2.6530218434966744e-07,0.09786820304641651,0.8799958076438087,25,30,20
7,1570,0.02213572400759101,2.6530218434966744e-07,0.09786820305951693,0.8799958076307083,25,30,20
7,1571,0.02213572400759101,2.6530218434966744e-07,0.09786817451500263,0.8799958361752225,25,30,20
7,1572,0.02213572400759101,2.6530218434966744e-07,0.09786817312768026,0.8799958375625448,25,30,20
7,1573,0.02213572400759101,2.6530218434966744e-07,0.09786817313538337,0.8799958375548418,25,30,20
7,1574,0.02213572400759101,2.6530218434966744e-07,0.09786817310036416,0.8799958375898611,25,30,20
7,1575,0.02213572400759101,2.65302184349667e-07,0.09786817526851868,0.8799958354217066,25,30,20
7,1576,0.02213572400759101,2.65302184349667e-07,0.09786817526895647,0.8799958354212687,25,30,20
7,1577,0.02213572400784507,1.6580573400638872e-08,0.09786844478793405,0.8799958146236481,25,30,20
7,1578,0.02213572400784507,1.6580573400638062e-08,0.09786844275356414,0.8799958166580178,25,30,20
7,1579,0.02213572400784507,1.6580573400661243e-08,0.09786844328831382,0.8799958161232682,25,30,20
7,1580,0.02213572400784507,1.658057340066125e-08,0.09786844377473106,0.879995815636851,25,30,20
7,1581,0.022135724007590937,2.5475572052778805e-07,0.0978670492833232,0.8799969719533658,25,30,20
7,1582,0.022135724007590937,2.547557205277889e-07,0.09786705001066562,0.8799969712260234,25,30,20
7,1583,8.209555276457622e-06,4.1492498893993766e-05,0.10874343470842093,0.8912068632374089,25,30,20
7,1584,8.209555276457622e-06,4.1492498893993746e-05,0.10874343417261093,0.891206863773219,25,30,20
7,1585,8.209555276457622e-06,4.1492498893993746e-05,0.10887295711942796,0.8910773408264021,25,30,20
7,1586,8.209555276457622e-06,4.1492498893993746e-05,0.1088730729761384,0.8910772249696916,25,30,20
7,1587,8.209555276457622e-06,4.1492498893993746e-05,0.1088730750091384,0.8910772229366916,25,30,20
7,1588,8.209555276457622e-06,4.1492498893993746e-05,0.1088730735619685,0.8910772243838615,25,30,20
7,1589,8.209555276457622e-06,4.1492498893993746e-05,0.10887315608493353,0.8910771418608965,25,30,20
7,1590,8.209555276457622e-06,4.1492498893993746e-05,0.10887323859952579,0.8910770593463043,25,30,20
7,1591,8.209555276457622e-06,4.149249889399507e-05,0.10887332179274571,0.8910769761530843,25,30,20
7,1592,8.209555276457622e-06,4.149249889399507e-05,0.10887332323222404,0.8910769747136061,25,30,20
7,1593,8.209555276457622e-06,4.149249889399507e-05,0.10887340575534779,0.8910768921904823,25,30,20
7,1594,8.209555276457622e-06,4.1492498893993746e-05,0.10887332256213554,0.8910769753836945,25,30,20
7,1595,8.209555276457622e-06,4.149249889399372e-05,0.10887104295686417,0.8910792549889658,25,30,20
7,1596,8.209555276457622e-06,4.149249889399372e-05,0.10887100499541205,0.8910792929504179,25,30,20
7,1597,8.209555276457622e-06,4.149249889399372e-05,0.10887088907885835,0.8910794088669715,25,30,20
7,1598,7.687831112120866e-06,4.149162109877703e-05,0.10887141168084045,0.8910794088669489,25,30,20
7,1599,7.687831112120866e-06,4.149162109877703e-05,0.1088714096471977,0.8910794109005917,25,30,20
7,1600,7.687831112120866e-06,4.1491621098778345e-05,0.1087435091291243,0.8912073114186652,25,30,20
7,1601,7.687831112120866e-06,4.1491621098778345e-05,0.10874350983061175,0.8912073107171777,25,30,20
7,1602,7.687831112120866e-06,4.1491621098778345e-05,0.10874342731581749,0.891207393231972,25,30,20
7,1603,7.687831112120866e-06,4.1491621098778345e-05,0.10874342864750913,0.8912073919002803,25,30,20
7,1604,7.687831112120866e-06,4.1491621098778345e-05,0.10874343069224526,0.8912073898555443,25,30,20
7,1605,7.687831112120866e-06,4.1491621098778345e-05,0.10874343072993858,0.8912073898178509,25,30,20
7,1606,7.687831112120866e-06,4.1491621098778345e-05,0.10874343072932337,0.8912073898184661,25,30,20
7,1607,7.687831112120866e-06,4.1491621098778345e-05,0.10874343129809926,0.8912073892496902,25,30,20
7,1608,7.687831112120866e-06,4.1491621098778345e-05,0.10874342910472229,0.8912073914430672,25,30,20
7,1609,7.687831112120866e-06,4.149162109877703e-05,0.1087418062385461,0.8912090143092432,25,30,20
7,1610,7.687831112120866e-06,4.149162109877703e-05,0.10874180424033948,0.8912090163074499,25,30,20
7,1611,7.687831112120866e-06,4.149162109877703e-05,0.10874180496082556,0.8912090155869637,25,30,20
7,1612,7.687831112120866e-06,4.149162109877703e-05,0.10874180493189872,0.8912090156158905,25,30,20
7,1613,7.687832038860933e-06,4.1249082646449225e-05,0.10517295488455237,0.8947781082007623,25,30,20
7,1614,7.687832038860933e-06,4.12490826464492e-05,0.10517283901900333,0.8947782240663114,25,30,20
7,1615,7.687832038860933e-06,4.12490826464492e-05,0.10517283701908064,0.894778226066234,25,30,20
7,1616,7.687832038860933e-06,4.12490826464492e-05,0.10517287697830048,0.8947781861070142,25,30,20
7,1617,7.687832038860933e-06,4.12490826464492e-05,0.10517287700520347,0.8947781860801112,25,30,20
7,1618,7.687832038860933e-06,4.1249082650727426e-05,0.10529810039583472,0.8946529626894757,25,30,20
7,1619,7.687832038860933e-06,4.12490826507261e-05,0.10529659337306692,0.8946544697122435,25,30,20
7,1620,7.687832038860933e-06,4.12490826507261e-05,0.10529659336299912,0.8946544697223113,25,30,20
7,1621,7.687832038860933e-06,4.1249082646447877e-05,0.10517137003343505,0.8947796930518799,25,30,20
7,1622,7.687832038860933e-06,4.1249082646447877e-05,0.1051713700080356,0.8947796930772792,25,30,20
7,1623,7.687832038860933e-06,4.1249082646447877e-05,0.10517137001892893,0.8947796930663859,25,30,20
7,1624,7.687832038860933e-06,4.1249082646447877e-05,0.10517137201689893,0.894779691068416,25,30,20
7,1625,7.687832038860933e-06,4.1249082646447877e-05,0.10517137200812839,0.8947796910771865,25,30,20
7,1626,7.687832038860933e-06,4.1249082646447877e-05,0.10517137199997668,0.8947796910853383,25,30,20
7,1627,0.0016070489966545024,4.1249097677616535e-05,0.10357201082030854,0.8947796910853596,25,30,20
7,1628,0.0015993611683600682,8.5992615667254e-11,0.07483528273433956,0.9235653560113078,25,30,20
7,1629,0.0015993611683600682,8.599261566724675e-11,0.07483528406573337,0.9235653546799141,25,30,20
7,1630,0.0015993611683600682,8.599261566725388e-11,0.07483528606372512,0.9235653526819223,25,30,20
7,1631,0.0015993611683600682,8.599269097839684e-11,0.07483756364944177,0.9235630750962056,25,30,20
7,1632,0.0015993611683600682,8.599269100157062e-11,0.07483753025543867,0.9235631084902087,25,30,20
7,1633,0.0015993611683600682,8.599269100157074e-11,0.07483753025544555,0.9235631084902017,25,30,20
7,1634,0.0015993611683600682,8.599269100196304e-11,0.07483752828271059,0.9235631104629368,25,30,20
7,1635,0.0015993611683600682,8.599269100196291e-11,0.07483752623739379,0.9235631125082535,25,30,20
7,1636,0.0015993611683600682,8.599269100237661e-11,0.07483752827118453,0.9235631104744627,25,30,20
7,1637,0.0015993611683600682,8.599269100278318e-11,0.07483756824089617,0.9235630705047511,25,30,20
7,1638,0.0015993611683600682,8.599269100278305e-11,0.07483760821038649,0.9235630305352608,25,30,20
7,1639,0.0015993611683600682,8.599269100318247e-11,0.07483768870032625,0.923562950045321,25,30,20
7,1640,0.0015993611683600682,8.599698247423069e-11,0.07483943802727204,0.923561200718371,25,30,20
7,1641,0.0015993611683600682,8.599698249692562e-11,0.07496458465320642,0.9234360540924365,25,30,20
7,1642,0.0015993611683600682,8.599698381702799e-11,0.07496451018019316,0.9234361285654498,25,30,20
7,1643,0.0015993611683600682,8.59969851148433e-11,0.07483936425531143,0.9235612744903315,25,30,20
7,1644,0.0015993611683600682,8.599698511442986e-11,0.07483936225567299,0.92356127648997,25,30,20
7,1645,0.0015993611683600682,8.59969850912512e-11,0.07483491921028823,0.9235657195353548,25,30,20
7,1646,0.0015993611683600682,8.599698509125122e-11,0.07483491926062741,0.9235657194850155,25,30,20
7,1647,0.0015993611683600682,8.599698509165765e-11,0.07483491984673106,0.923565718898912,25,30,20
7,1648,0.0015993611683600682,8.599698509165789e-11,0.07483494829442287,0.9235656904512202,25,30,20
7,1649,0.00159936116768785,1.505960853955133e-11,0.0784051764640715,0.919995462353181,25,30,20
7,1650,0.00159936116768785,1.505960853955133e-11,0.07840517446459161,0.9199954643526607,25,30,20
7,1651,0.00159936116768785,1.5059533228415625e-11,0.07840950108766367,0.9199911377295887,25,30,20
7,1652,0.00159936116768785,1.5059533228009065e-11,0.07840941860036872,0.9199912202168836,25,30,20
7,1653,0.00159936116768785,1.5059533228009062e-11,0.0784094186360389,0.9199912201812134,25,30,20
7,1654,0.00159936116768785,1.5059533228016193e-11,0.07840942063552642,0.9199912181817258,25,30,20
7,1655,0.00159936116768785,1.5059533228009065e-11,0.07840304647371137,0.9199975923435408,25,30,20
7,1656,0.00159936116768785,1.505953454891796e-11,0.07840303562998854,0.9199976031872638,25,30,20
7,1657,0.00159936116768785,1.505953454850439e-11,0.07840303363156977,0.9199976051856825,25,30,20
7,1658,0.001599361167437711,9.162852444064101e-11,0.07840186829231716,0.9199987704486163,25,30,20
7,1659,0.001599361167437711,9.16285244406479e-11,0.07840186827585062,0.9199987704650829,25,30,20
7,1660,0.001599361167437711,9.162859903061809e-11,0.07877497334918492,0.9196256653917484,25,30,20
7,1661,0.001599361167437711,9.162859900745128e-11,0.07877489086017808,0.9196257478807552,25,30,20
7,1662,0.001599361167437711,9.162859900745127e-11,0.07877489285814358,0.9196257458827898,25,30,20
7,1663,0.0015995322236854697,1.3094839363179781e-05,0.0752041633382682,0.9231832095986828,25,30,20
7,1664,0.0015995322236854697,1.3094839363179805e-05,0.07521076954593642,0.9231766033910147,25,30,20
7,1665,0.0015995322236854697,1.3094839363178485e-05,0.07521076739773487,0.9231766055392163,25,30,20
7,1666,0.0015995322236854697,1.3094839363178509e-05,0.07521084986024981,0.9231765230767013,25,30,20
7,1667,0.0015995322236854697,1.3094839363178509e-05,0.07521081131291268,0.9231765616240384,25,30,20
7,1668,0.0015995322236854697,1.309483936317719e-05,0.07521077190238863,0.9231766010345623,25,30,20
7,1669,0.0015995322236854697,1.3094839363177164e-05,0.07521068941447391,0.9231766835224771,25,30,20
7,1670,0.0015995322236854697,1.309483936317719e-05,0.07521071644061719,0.9231766564963338,25,30,20
7,1671,0.0015995322236854697,1.309483936317719e-05,0.0752107164399916,0.9231766564969593,25,30,20
7,1672,0.0015995322236854697,1.3094839363177164e-05,0.07521068796669696,0.9231766849702541,25,30,20
7,1673,0.0015995322236854697,1.3094839363177164e-05,0.07521068800174144,0.9231766849352095,25,30,20
7,1674,0.0015995322236854697,1.3094839363177164e-05,0.07521231086729602,0.923175062069655,25,30,20
7,1675,0.0015995322236854697,1.3094839363177164e-05,0.0752123373321692,0.9231750356047819,25,30,20
7,1676,0.0015995322236854697,1.309483936317719e-05,0.07521241327987611,0.9231749596570751,25,30,20
7,1677,0.0015995322236854697,1.309483936317719e-05,0.07521238482933972,0.9231749881076113,25,30,20
7,1678,0.0015995322236854697,1.309483936317719e-05,0.0752123848024331,0.9231749881345179,25,30,20
7,1679,0.0015995322236854697,1.309483936317721e-05,0.07521238691517136,0.9231749860217799,25,30,20
7,1680,0.0015995322236854697,1.309483936317721e-05,0.0752124674055367,0.9231749055314147,25,30,20
7,1681,1.8002525694533385e-07,1.3094853996401604e-05,0.07681181958935297,0.9231749055313938,25,30,20
7,1682,1.8002525694533385e-07,1.3094853996401604e-05,0.07681173909942914,0.9231749860213175,25,30,20
7,1683,1.8002525694533385e-07,1.3094853996401604e-05,0.07681176756327229,0.9231749575574743,25,30,20
7,1684,1.8002525694533385e-07,1.3094853996401604e-05,0.07681176756370037,0.9231749575570463,25,30,20
7,1685,1.8002525694533385e-07,1.3094853996401604e-05,0.0768116864878981,0.9231750386328484,25,30,20
7,1686,1.802135758295244e-07,1.3094824331926816e-05,0.0768116863279779,0.9231750386341142,25,30,20
7,1687,1.802135758295244e-07,1.3094824331925496e-05,0.07681165717748895,0.9231750677846031,25,30,20
7,1688,1.802135758295244e-07,1.3094824331925496e-05,0.07681161719470074,0.9231751077673914,25,30,20
7,1689,1.802135758295244e-07,1.3094824331925496e-05,0.0768115887318904,0.9231751362302016,25,30,20
7,1690,1.802135758295244e-07,1.3094824331925496e-05,0.07681135667666202,0.92317536828543,25,30,20
7,1691,1.802135758295244e-07,1.3094824331925496e-05,0.0768097337758673,0.9231769911862249,25,30,20
7,1692,1.802135758295244e-07,1.3094824331925496e-05,0.07680973174284518,0.923176993219247,25,30,20
7,1693,1.802135758295244e-07,1.3094824331850905e-05,0.07643662870297098,0.9235500962591212,25,30,20
7,1694,1.802135758295244e-07,1.3094824331850905e-05,0.07643662869313811,0.9235500962689539,25,30,20
7,1695,1.8021357582952403e-07,1.3094824327559432e-05,0.07643487799914603,0.9235518469629505,25,30,20
7,1696,1.8021357582952403e-07,1.3094824327559432e-05,0.07643487600117277,0.9235518489609238,25,30,20
7,1697,1.8021357582954131e-07,1.3094824327560754e-05,0.07643957931719453,0.923547145644902,25,30,20
7,1698,1.8021357582954131e-07,1.3094824327560778e-05,0.07643966180516051,0.923547063156936,25,30,20
7,1699,1.8021357582954131e-07,1.3094824327560778e-05,0.07643966180578356,0.9235470631563131,25,30,20
7,1700,1.8021357582954131e-07,1.3094824327560778e-05,0.07643966180578418,0.9235470631563125,25,30,20
7,1701,1.8021357582954131e-07,1.3094824327560778e-05,0.07643966035816335,0.9235470646039333,25,30,20
7,1702,1.8021357582952403e-07,1.3094824327559458e-05,0.07643723663490774,0.9235494883271889,25,30,20
7,1703,1.8021357582952403e-07,1.3094824327559458e-05,0.0764372366447591,0.9235494883173375,25,30,20
7,1704,1.8021357582952403e-07,1.3094824327559436e-05,0.07643715416988289,0.9235495707922138,25,30,20
7,1705,1.8021357582952403e-07,1.3094824327559436e-05,0.07643487462114056,0.923551850340956,25,30,20
7,1706,1.8021357582952403e-07,1.3094824327559436e-05,0.07643715420515068,0.9235495707569459,25,30,20
7,1707,1.8021357582952403e-07,1.3094824327559436e-05,0.07643715424109854,0.9235495707209981,25,30,20
7,1708,1.8021357582952403e-07,1.3094824327559432e-05,0.07643715418025228,0.9235495707818443,25,30,20
7,1709,1.8021357582952403e-07,1.3094824327559432e-05,0.07643495711043272,0.9235517678516639,25,30,20
7,1710,1.8021357582952403e-07,1.3094824327559432e-05,0.07643487662006467,0.9235518483420319,25,30,20
7,1711,1.8021357582952403e-07,1.3094824327559436e-05,0.07643491660625897,0.9235518083558378,25,30,20
7,1712,1.8021357582952403e-07,1.3094824327559436e-05,0.07643491664130345,0.9235518083207933,25,30,20
7,1713,1.8021357582952403e-07,1.3094824327559436e-05,0.07643491758262444,0.9235518073794722,25,30,20
7,1714,1.8021357582952403e-07,1.3094824327559436e-05,0.07643488911815577,0.923551835843941,25,30,20
7,1715,1.8021357582952403e-07,1.3094824327559458e-05,0.07643500497532425,0.9235517199867723,25,30,20
7,1716,1.8021357582952403e-07,1.3094824327559458e-05,0.07643500404902558,0.9235517209130711,25,30,20
7,1717,1.8021357582952403e-07,1.3094824327559458e-05,0.07643500404902935,0.9235517209130671,25,30,20
7,1718,1.8021357582952403e-07,1.3094824327559436e-05,0.07643508442313529,0.9235516405389612,25,30,20
7,1719,1.8021357582952403e-07,1.3094824327559436e-05,0.0764350824155017,0.9235516425465948,25,30,20
7,1720,1.8021357582952403e-07,1.3094824327560756e-05,0.0764350845052779,0.9235516404568187,25,30,20
7,1721,1.8021357582952403e-07,1.3094824327560756e-05,0.07643508446960015,0.9235516404924965,25,30,20
7,1722,1.8021357582952403e-07,1.3094824327560756e-05,0.0764350845057049,0.9235516404563916,25,30,20
7,1723,1.8021357582952435e-07,1.3094824327562077e-05,0.07643732412425898,0.9235494008378375,25,30,20
7,1724,1.8021357582952435e-07,1.3094824327562053e-05,0.07643724617999222,0.9235494787821042,25,30,20
7,1725,1.8021357582952435e-07,1.3094824327560732e-05,0.07643727250362567,0.9235494524584706,25,30,20
7,1726,1.8021357582952435e-07,1.3094824327560756e-05,0.07643727453620734,0.923549450425889,25,30,20
7,1727,1.8021357582952403e-07,1.3094824327559436e-05,0.07643499694802842,0.923551728014068,25,30,20
7,1728,1.8021357582952403e-07,1.3094824327559412e-05,0.07642839070624032,0.9235583342558563,25,30,20
7,1729,1.8021357582952403e-07,1.3094824327559412e-05,0.07642839070646215,0.9235583342556343,25,30,20
7,1730,1.8021357582952403e-07,1.3094824327559412e-05,0.07642839144335742,0.9235583335187392,25,30,20
7,1731,1.8021357582952403e-07,1.3094824327559412e-05,0.07642839286361036,0.9235583320984861,25,30,20
7,1732,1.8021357582952403e-07,1.3094824327559412e-05,0.07642847538653216,0.9235582495755643,25,30,20
7,1733,1.8021357582952403e-07,1.3094824327559412e-05,0.07642839286296009,0.9235583320991364,25,30,20
7,1734,1.8021357582952403e-07,1.3094824327559412e-05,0.07642839288791112,0.9235583320741851,25,30,20
7,1735,1.8021357582952403e-07,1.3094824327559412e-05,0.07642839287172361,0.9235583320903727,25,30,20
7,1736,1.802135758295393e-07,1.3094824327559412e-05,0.0810188649024091,0.9189678600596872,25,30,20
7,1737,1.802135758295393e-07,1.3094824327559412e-05,0.08101886626963457,0.9189678586924618,25,30,20
7,1738,1.8021357582952403e-07,1.3094824327559412e-05,0.0764283658018482,0.923558359160248,25,30,20
7,1739,1.8021357582952403e-07,1.3094824327559412e-05,0.07642844828912815,0.9235582766729684,25,30,20
7,1740,1.8021357582952403e-07,1.3094824327559436e-05,0.07642844971310712,0.9235582752489893,25,30,20
7,1741,1.8021357582952403e-07,1.3094824327559412e-05,0.07642833476853608,0.9235583901935605,25,30,20
7,1742,1.8021357582952406e-07,1.3094824327559412e-05,0.0764283341943581,0.9235583907677385,25,30,20
7,1743,1.8021357582952406e-07,1.3094824327559412e-05,0.07642833418461098,0.9235583907774856,25,30,20
7,1744,1.8021357582952406e-07,1.3094824327559412e-05,0.07642833417607092,0.9235583907860255,25,30,20
7,1745,1.8021357582952406e-07,1.3094824327559412e-05,0.0764283348416206,0.9235583901204759,25,30,20
7,1746,1.8021357582952414e-07,1.3094824327560732e-05,0.07642833828746719,0.9235583866746295,25,30,20
7,1747,1.8021357582952414e-07,1.3094824327560732e-05,0.07642833828746717,0.9235583866746295,25,30,20
7,1748,1.8021357582952414e-07,1.3094824327560732e-05,0.07642833827701229,0.9235583866850844,25,30,20
7,1749,1.8021357582952414e-07,1.3094824327560732e-05,0.07642825779983965,0.923558467162257,25,30,20
7,1750,1.8021357582952414e-07,1.3094824327560732e-05,0.07642825779960685,0.9235584671624899,25,30,20
7,1751,1.8021357582952414e-07,1.3094824327560732e-05,0.07642817528896147,0.9235585496731352,25,30,20
7,1752,1.8021357582952414e-07,1.3094824327560732e-05,0.07642817673676904,0.9235585482253277,25,30,20
7,1753,1.8021357582952414e-07,1.3094824327560732e-05,0.07642817674924479,0.9235585482128519,25,30,20
7,1754,1.8021357582952414e-07,1.3094824327560732e-05,0.0764281787574895,0.9235585462046072,25,30,20
7,1755,1.8021357582952414e-07,1.3094824327560732e-05,0.07642818020526342,0.9235585447568333,25,30,20
7,1756,9.157323755003833e-09,2.1848739454664545e-14,0.07642772769847599,0.9235722631441783,25,30,20
7,1757,9.157323755003833e-09,2.1848739048104365e-14,0.07642764520029291,0.9235723456423613,25,30,20
7,1758,9.157323755003833e-09,2.1848739048106476e-14,0.07642764453429096,0.9235723463083633,25,30,20
7,1759,9.157323755003763e-09,2.184744129832892e-14,0.076427643111803,0.9235723477308513,25,30,20
7,1760,9.157323755003763e-09,2.1847441291321406e-14,0.07642764243598216,0.923572348406672,25,30,20
7,1761,9.157323755003761e-09,2.1847440884762006e-14,0.07643080355033009,0.9235691872923242,25,30,20
7,1762,9.157323755003836e-09,2.184746406492981e-14,0.0764324264430471,0.9235675643996072,25,30,20
7,1763,9.157323755003836e-09,2.184746405792229e-14,0.07643242441045964,0.9235675664321947,25,30,20
7,1764,9.15732375500815e-09,2.1847487231834035e-14,0.07643254033270358,0.9235674505099506,25,30,20
7,1765,9.15732375500815e-09,2.1847487231956974e-14,0.07643254177983085,0.9235674490628233,25,30,20
7,1766,9.15732375500815e-09,2.184748683265153e-14,0.07643262426570875,0.9235673665769455,25,30,20
7,1767,9.15732375500815e-09,2.184748683253079e-14,0.07643262573782318,0.9235673651048311,25,30,20
7,1768,9.157323755008227e-09,2.184746407212048e-14,0.0764326237521581,0.9235673670904962,25,30,20
7,1769,9.157323755008227e-09,2.1847464071995348e-14,0.07643262372676651,0.9235673671158878,25,30,20
7,1770,9.157323755008227e-09,2.18474640649884e-14,0.07642946126831389,0.9235705295743404,25,30,20
7,1771,9.157323755008227e-09,2.1847464058103814e-14,0.07642946031129355,0.9235705305313607,25,30,20
7,1772,9.157323755008222e-09,2.1847464050973316e-14,0.07642945886349277,0.9235705319791616,25,30,20
7,1773,9.157323755025475e-09,2.1847487232033878e-14,0.07642954138732656,0.9235704494553277,25,30,20
7,1774,9.157323755008222e-09,2.184746405109629e-14,0.07642945933738814,0.9235705315052662,25,30,20
7,1775,9.157323755008218e-09,2.1847486815790447e-14,0.0764341611779817,0.9235658296646727,25,30,20
7,1776,9.157323755008218e-09,2.184746364181342e-14,0.07643416116566402,0.9235658296769904,25,30,20
7,1777,9.157323755008218e-09,2.1847464048371062e-14,0.07643427561028472,0.9235657152323697,25,30,20
7,1778,9.157323755008218e-09,2.1847464048248123e-14,0.07643439102876103,0.9235655998138935,25,30,20
7,1779,8.999054376425214e-09,2.1848848881303023e-14,0.0764343911858071,0.9235655998151167,25,30,20
7,1780,8.999054376425214e-09,2.184884888396073e-14,0.07642980380336048,0.9235701871975632,25,30,20
7,1781,8.999054376425214e-09,2.184887205399054e-14,0.07643640859820247,0.9235635824027213,25,30,20
7,1782,8.999054376425214e-09,2.1848871647555796e-14,0.07643629271670745,0.9235636982842163,25,30,20
7,1783,8.99905437642514e-09,2.1924163335930858e-14,0.07643637720602699,0.9235636137948967,25,30,20
7,1784,8.99905437642514e-09,2.1924163335930855e-14,0.07643637724170375,0.9235636137592198,25,30,20
7,1785,8.999054376425135e-09,2.1924140161951978e-14,0.0764363751837198,0.9235636158172038,25,30,20
7,1786,8.999054376425135e-09,2.19241401476933e-14,0.07643637520547168,0.923563615795452,25,30,20
7,1787,8.999054376425135e-09,2.1924140147570325e-14,0.07643637470698689,0.9235636162939368,25,30,20
7,1788,8.99905437642514e-09,2.192414014757031e-14,0.07644107800105457,0.923558912999869,25,30,20
7,1789,8.99905437642514e-09,2.1924140154577823e-14,0.07644107801335764,0.923558912987566,25,30,20
7,1790,8.99905437642514e-09,2.1924140154573434e-14,0.07644107796559593,0.9235589130353277,25,30,20
7,1791,8.99905437642514e-09,2.1924140154573434e-14,0.07644107797665439,0.9235589130242693,25,30,20
7,1792,8.999054376425135e-09,2.192416332852815e-14,0.07643641464182663,0.923563576359097,25,30,20
7,1793,8.99905437642514e-09,2.192416333565856e-14,0.07643641514155329,0.9235635758593703,25,30,20
7,1794,8.999054376420825e-09,2.1924140154614203e-14,0.07643629718628993,0.9235636938146338,25,30,20
7,1795,8.999054376420825e-09,2.1924140154616355e-14,0.07643629718670295,0.9235636938142207,25,30,20
7,1796,8.999054376420832e-09,2.1924140161626012e-14,0.0764363801975613,0.9235636108033625,25,30,20
7,1797,8.999054376420832e-09,2.192414056813922e-14,0.07644108349800997,0.9235589075029138,25,30,20
7,1798,8.999054376420832e-09,2.1924140568139223e-14,0.07644108282111793,0.9235589081798058,25,30,20
7,1799,8.999054376420832e-09,2.1924117394059426e-14,0.07644104282603056,0.9235589481748931,25,30,20
7,1800,8.999054376420832e-09,2.1924117800495332e-14,0.07644104424903067,0.9235589467518931,25,30,20
7,1801,8.999054376420832e-09,2.192411780049321e-14,0.0764410442577757,0.923558946743148,25,30,20
7,1802,8.999054376420832e-09,2.192411739405515e-14,0.07644104284526658,0.9235589481556571,25,30,20
7,1803,8.999054376420832e-09,2.192411739405727e-14,0.07644104284899318,0.9235589481519305,25,30,20
7,1804,8.999054376438085e-09,2.1924117807500407e-14,0.07644107061078857,0.9235589203901351,25,30,20
7,1805,8.999054376438085e-09,2.1924117800367795e-14,0.07644106990975116,0.9235589210911725,25,30,20
7,1806,8.999054376438085e-09,2.192411820705177e-14,0.07644107135752268,0.923558919643401,25,30,20
7,1807,9.12264724335796e-09,1.511068609222242e-11,0.07642775279278986,0.9235722380694521,25,30,20
7,1808,9.122647243358263e-09,1.5110686115396256e-11,0.07642779184147556,0.9235721990207664,25,30,20
7,1809,9.122647243358263e-09,1.5110686092226226e-11,0.0764211870470678,0.923578803815174,25,30,20
7,1810,9.122647243358258e-09,1.5110686115393132e-11,0.07642121994212701,0.9235787709201149,25,30,20
7,1811,1.1865371064282564e-07,6.486024987346358e-07,0.07643372693545952,0.9235655058083312,25,30,20
7,1812,1.1865371064282564e-07,6.486024987346354e-07,0.0764337255227452,0.9235655072210452,25,30,20
7,1813,1.1865371057022982e-07,6.486027207197289e-07,0.040135618032090196,0.9598636147114784,25,30,20
7,1814,1.1865371057022982e-07,6.486027207197289e-07,0.04013561800516516,0.9598636147384034,25,30,20
7,1815,1.1865371057022982e-07,6.486027207197289e-07,0.040135618018700386,0.9598636147248683,25,30,20
7,1816,1.1865371057022952e-07,6.486027207197057e-07,0.04013557752329594,0.9598636552202727,25,30,20
7,1817,1.1865371057021225e-07,6.486027207197057e-07,0.04013563154773591,0.9598636011958329,25,30,20
7,1818,1.1865371057021225e-07,6.486027207197057e-07,0.040135631548583676,0.9598636011949851,25,30,20
7,1819,1.1865371057021225e-07,6.486027207197057e-07,0.04013563357346714,0.9598635991701018,25,30,20
7,1820,1.1865371057021228e-07,6.486027207197289e-07,0.040142239744581164,0.9598569929989877,25,30,20
7,1821,1.1865371057021228e-07,6.486027207197289e-07,0.04014212382703306,0.9598571089165356,25,30,20
7,1822,1.1865371057021228e-07,6.486027207197289e-07,0.04014212382702535,0.9598571089165433,25,30,20
7,1823,1.1865371057021228e-07,6.486027207197289e-07,0.04014212382659538,0.9598571089169734,25,30,20
7,1824,1.1865371057021255e-07,6.486027207197289e-07,0.04013747604992068,0.9598617566936481,25,30,20
7,1825,1.1865371057021255e-07,6.486027206444367e-07,0.040137391499747155,0.9598618412438215,25,30,20
7,1826,1.1865371057021255e-07,6.486027206444371e-07,0.04013743149440439,0.9598618012491643,25,30,20
7,1827,0.0015990780367583987,2.528578704545011e-13,0.038539170150618265,0.9598617518123702,25,30,20
7,1828,0.0015990780367583987,2.528578855278684e-13,0.05250895622602125,0.9458919657369675,25,30,20
7,1829,0.0015990780367583987,2.5285788552073354e-13,0.05250895618831973,0.9458919657746692,25,30,20
7,1830,0.0015990780367583987,2.528579086947102e-13,0.052508956890022336,0.9458919650729662,25,30,20
7,1831,0.0015990780367583987,2.528579086947081e-13,0.052508956915226335,0.9458919650477624,25,30,20
7,1832,0.0015990780367583987,2.528578855209203e-13,0.05250884244476542,0.9458920795182233,25,30,20
7,1833,0.0015990780367583987,2.528578623468845e-13,0.052508726551919155,0.9458921954110694,25,30,20
7,1834,0.0015990780367583987,2.5285786233963114e-13,0.05250872652644365,0.9458921954365449,25,30,20
7,1835,0.0015990780367583987,2.52857862339754e-13,0.05250872653628403,0.9458921954267048,25,30,20
7,1836,4.2647029322763903e-07,0.00013058934482618556,0.05397679263708507,0.9458921915477955,25,30,20
7,1837,4.2647029322763903e-07,0.00013058934482618556,0.05397679263662881,0.9458921915482515,25,30,20
7,1838,4.2647029322763903e-07,0.00013058934482618556,0.05397679263724676,0.9458921915476338,25,30,20
7,1839,4.264702932276393e-07,0.00013058934482618556,0.05406911689179987,0.9457998672930807,25,30,20
7,1840,4.264702932276393e-07,0.00013058934482618553,0.054062510662014465,0.9458064735228661,25,30,20
7,1841,4.2647029322763924e-07,0.00013058934482618553,0.05406088776071493,0.9458080964241656,25,30,20
7,1842,4.2647029322763924e-07,0.00013058934482618683,0.040220542620401034,0.9596484415644795,25,30,20
7,1843,4.2647029322763924e-07,0.00013058934482618683,0.040220544641738236,0.9596484395431424,25,30,20
7,1844,4.2647029322763924e-07,0.00013058934482618813,0.04022065855137777,0.9596483256335029,25,30,20
7,1845,4.2647029322763924e-07,0.00013058934482618813,0.04022065855083874,0.9596483256340417,25,30,20
7,1846,4.2647029322763924e-07,0.00013058934482618813,0.04022065996294948,0.9596483242219311,25,30,20
7,1847,4.2647029322763924e-07,0.00013058934482626188,0.040220659975449304,0.9596483242094312,25,30,20
7,1848,4.264702932276393e-07,0.0001305893448262619,0.040222281429305756,0.9596467027555746,25,30,20
7,1849,4.264702932276393e-07,0.0001305893448262619,0.04022230989077752,0.959646674294103,25,30,20
7,1850,5.129051907676421e-07,1.5649030201520825e-11,0.040352812715151655,0.9596466743640083,25,30,20
7,1851,5.129051907676421e-07,1.5649031522436368e-11,0.04035285273502169,0.9596466343441383,25,30,20
7,1852,5.129051907676421e-07,1.564903152243637e-11,0.040352852759942125,0.9596466343192179,25,30,20
7,1853,5.129051907676421e-07,1.5649031522422235e-11,0.04035285198821729,0.9596466350909428,25,30,20
7,1854,5.129051907676421e-07,1.564895647396399e-11,0.040223328552722586,0.9597761585264375,25,30,20
7,1855,5.129051907676421e-07,1.5648956450790138e-11,0.040223326404314176,0.9597761606748461,25,30,20
7,1856,5.129051907676423e-07,1.5649031734103383e-11,0.04022808011826358,0.9597714069608966,25,30,20
7,1857,5.129051907676421e-07,1.564903173369657e-11,0.040228024595509886,0.9597714624836503,25,30,20
7,1858,5.129051907676421e-07,1.5649031733696817e-11,0.04022802463236075,0.9597714624467993,25,30,20
7,1859,5.129051907676421e-07,1.564903173370383e-11,0.04022802463236655,0.9597714624467933,25,30,20
7,1860,5.129051907676421e-07,1.5649031733704753e-11,0.04022642925574717,0.9597730578234127,25,30,20
7,1861,5.129051907676421e-07,1.5649031733704623e-11,0.04022643070290362,0.9597730563762562,25,30,20
7,1862,5.129051907676421e-07,1.5649031733704753e-11,0.04022643070273409,0.9597730563764258,25,30,20
7,1863,5.129051907676594e-07,1.56490317568848e-11,0.040228051596490004,0.9597714354826699,25,30,20
7,1864,5.129051907676634e-07,1.564895779449295e-11,0.04022337652517625,0.9597761105539837,25,30,20
7,1865,5.129051907676631e-07,1.5648957794899525e-11,0.04013113476881441,0.9598683523103457,25,30,20
7,1866,5.129051907676631e-07,1.564902000261535e-11,0.04638060574375651,0.9536188813354036,25,30,20
7,1867,5.129051907676631e-07,1.5649020003027964e-11,0.04647290137744561,0.9535265857017146,25,30,20
7,1868,5.129051907676631e-07,1.564902000302083e-11,0.046472901376381895,0.9535265857027783,25,30,20
7,1869,5.129051907676634e-07,1.5648956497565954e-11,0.04022331736568756,0.9597761697134725,25,30,20
7,1870,5.129051907676635e-07,1.5653208125462997e-11,0.04059642244703872,0.9594030646321171,25,30,20
7,1871,5.129051907676635e-07,1.565320812546299e-11,0.040596425317126775,0.9594030617620289,25,30,20
7,1872,5.129051907676593e-07,1.540937568722344e-11,0.04046690338839319,0.9595325836910067,25,30,20
7,1873,5.129051907676593e-07,1.5409375687223313e-11,0.04046690335395914,0.9595325837254407,25,30,20
7,1874,5.12905190767642e-07,1.540937566485623e-11,0.040466903327814906,0.9595325837515847,25,30,20
7,1875,5.12905190767642e-07,1.5409375664863116e-11,0.040466904738303396,0.9595325823410963,25,30,20
7,1876,5.12905190767642e-07,1.5409374344354257e-11,0.04046686570376267,0.9595326213756371,25,30,20
7,1877,5.12905190767642e-07,1.5409374344354134e-11,0.04046686367073406,0.9595326234086656,25,30,20
7,1878,5.12905190767642e-07,1.5409374344354383e-11,0.04046686367138183,0.9595326234080178,25,30,20
7,1879,5.12905190767642e-07,1.5409374343954952e-11,0.04046686471984612,0.9595326223595538,25,30,20
7,1880,5.12905190767642e-07,1.5409374343954706e-11,0.04046690472597459,0.9595325823534253,25,30,20
7,1881,5.12905190767642e-07,1.5409374343961837e-11,0.04046690675899695,0.959532580320403,25,30,20
7,1882,5.129051907676419e-07,1.5405122716071806e-11,0.040093884225621934,0.9599056028537823,25,30,20
7,1883,0.039977208251508536,3.638011472916551e-17,0.0001171889651437257,0.9599056027833477,25,30,20
7,1884,0.039977208251508536,3.635694063994987e-17,0.00011716143969492108,0.9599056303087967,25,30,20
7,1885,0.039977208251508536,3.63569406399499e-17,0.00011716147429352233,0.9599056302741981,25,30,20
7,1886,0.039977208251508536,3.6356940762887534e-17,0.00011716080874201499,0.9599056309397496,25,30,20
7,1887,0.039977208251508536,3.635693350733712e-17,0.0001171607730748995,0.9599056309754168,25,30,20
7,1888,0.039977208251508536,3.6356933632357147e-17,0.00011716076185316395,0.9599056309866385,25,30,20
7,1889,0.039977208251508536,3.6357340172359974e-17,0.00011943890769486196,0.9599033528407968,25,30,20
7,1890,0.039977208251508536,3.635733316480639e-17,0.00011951939806251803,0.9599032723504292,25,30,20
7,1891,0.039977208251508536,3.6357739475578435e-17,0.00011951939868809615,0.9599032723498035,25,30,20
7,1892,0.039977208251508536,3.6357739498740587e-17,0.0001172405067306861,0.959905551241761,25,30,20
7,1893,0.039977208251508536,3.635773962167814e-17,0.00011720053500331859,0.9599055912134883,25,30,20
7,1894,0.039977208251508536,3.635733330870521e-17,0.00011719986934613352,0.9599055918791456,25,30,20
7,1895,0.039977208251508536,3.635733343380157e-17,0.00011719699911914,0.9599055947493724,25,30,20
7,1896,0.039977208251508536,3.6356927000090394e-17,0.00011727807428839398,0.9599055136742032,25,30,20
7,1897,0.039977208251508536,3.6356521518724775e-17,2.498314241131846e-05,0.9599978086060803,25,30,20
7,1898,0.039977208251508536,3.6356521518725453e-17,2.498364175141546e-05,0.9599978081067401,25,30,20
7,1899,0.039977208251508536,3.6356935212094885e-17,2.5012127172757724e-05,0.9599977796213188,25,30,20
7,1900,0.039977208251508536,3.6356129257862e-17,2.339069078416702e-05,0.9599994010577073,25,30,20
7,1901,0.03812467590628442,3.182681041047291e-10,0.001875921201768011,0.9599994025736797,25,30,20
7,1902,0.03812467590628442,3.1826810410431556e-10,0.0018758927671380212,0.9599994310083096,25,30,20
7,1903,0.03812467590628442,3.1826810410431546e-10,0.0018758927436239795,0.9599994310318236,25,30,20
7,1904,0.03812467590628442,3.1826810410390197e-10,0.0018758102334141833,0.9599995135420335,25,30,20
7,1905,0.03812467590628442,3.182681041039021e-10,0.001875811181225569,0.959999512594222,25,30,20
7,1906,0.03812467590628442,3.182681041043086e-10,0.001875730105199658,0.9599995936702479,25,30,20
7,1907,0.03812467590628442,3.1826810410471504e-10,0.0018757585655072503,0.9599995652099403,25,30,20
7,1908,0.03812467590628442,3.1826810410471493e-10,0.0018757919342509226,0.9599995318411968,25,30,20
7,1909,0.03812467590628442,3.182681041278346e-10,0.0019680591324307186,0.959907264643017,25,30,20
7,1910,0.03812467590628442,3.182681041278346e-10,0.00196805913286083,0.9599072646425868,25,30,20
7,1911,0.03812467590628442,3.182681041274352e-10,0.001968019175456747,0.959907304599991,25,30,20
7,1912,0.03812467590628442,3.1826810412702865e-10,0.0019680177283053187,0.9599073060471426,25,30,20
7,1913,0.03812467590628442,3.1826810412702865e-10,0.001968017689966583,0.9599073060854812,25,30,20
7,1914,0.004074766978257854,2.1470726216487465e-09,0.03601791624249274,0.9599073146321768,25,30,20
7,1915,0.004074766978257854,2.147072621648739e-09,0.036017801772478826,0.959907429102191,25,30,20
7,1916,0.004074766978257854,2.147072621648333e-09,0.03601777332417589,0.9599074575504939,25,30,20
7,1917,0.004074766978257854,2.1470726203274256e-09,0.03601773332806237,0.9599074975466075,25,30,20
7,1918,0.004074766978257854,2.1470726203505854e-09,0.0360178105827673,0.9599074202919025,25,30,20
7,1919,0.004074766978257854,2.1470726203505854e-09,0.036017730092841274,0.9599075007818285,25,30,20
7,1920,0.004074766978257854,2.147072620350593e-09,0.036017731065264846,0.9599074998094048,25,30,20
7,1921,0.004074766978257854,2.147072620350593e-09,0.03601773106487254,0.959907499809797,25,30,20
7,1922,0.004074766978257854,2.1470726216719134e-09,0.0360178121764412,0.9599074186982286,25,30,20
7,1923,0.004074766978257854,2.1470726216719274e-09,0.036017812176459364,0.9599074186982104,25,30,20
7,1924,0.004074766978257854,2.147072621672334e-09,0.036017814185763816,0.9599074166889058,25,30,20
7,1925,0.004074766978257854,2.1470726229932484e-09,0.03601789668597463,0.9599073341886951,25,30,20
7,1926,0.004074766978257854,2.1470726229932488e-09,0.036017894664744615,0.9599073362099252,25,30,20
7,1927,0.004074766978257854,2.1470726229932343e-09,0.036017893217585986,0.9599073376570838,25,30,20
7,1928,0.004074766978257854,2.1470726229932413e-09,0.036017895249940424,0.9599073356247293,25,30,20
7,1929,0.004074766978257854,2.1470726229932484e-09,0.0360178932761121,0.9599073375985576,25,30,20
7,1930,0.004074766978257854,2.147072622992842e-09,0.0360178107525476,0.9599074201221223,25,30,20
7,1931,0.004074766978257854,2.1470726230160145e-09,0.03602008889840524,0.9599051419762645,25,30,20
7,1932,0.004074766978257854,2.1470726230160074e-09,0.03602012946446976,0.9599051014101999,25,30,20
7,1933,0.004074766978257854,2.1470769144876716e-09,0.036021874492671684,0.9599033563819939,25,30,20
7,1934,0.004074766978257854,2.1470769144876646e-09,0.03602187249469882,0.9599033583799667,25,30,20
7,1935,0.004074766978257854,2.1470769144876646e-09,0.036021872506709275,0.9599033583679563,25,30,20
7,1936,0.004074766978257854,2.147076913166351e-09,0.03602190586514315,0.9599033250095224,25,30,20
7,1937,0.004074766978257854,2.1470769131659516e-09,0.03602190385603607,0.9599033270186293,25,30,20
7,1938,0.004074766978257854,2.1470769131659445e-09,0.03602178793887084,0.9599034429357949,25,30,20
7,1939,0.004074766978257854,2.1470769131659375e-09,0.036021903831053984,0.9599033270436115,25,30,20
7,1940,0.004074766978257854,2.147076913166351e-09,0.036021905909122964,0.9599033249655426,25,30,20
7,1941,0.004074766978257854,2.1470769118458433e-09,0.03602182540754408,0.9599034054671216,25,30,20
7,1942,0.004074766978257854,2.1470769131435863e-09,0.03602182464945767,0.9599034062252078,25,30,20
7,1943,0.004074766978257854,2.1470769131435863e-09,0.036021824649457614,0.9599034062252078,25,30,20
7,1944,0.004074766978257854,2.147076913143993e-09,0.03602498683606948,0.959900244038596,25,30,20
7,1945,0.004074766978257854,2.147076913143993e-09,0.03602494480600115,0.9599002860686642,25,30,20
7,1946,0.004074766978257854,2.147076913120474e-09,0.035932689129683885,0.9599925417449816,25,30,20
7,1947,0.004074766978257854,2.14707262164881e-09,0.03593094410128475,0.9599942867733852,25,30,20
7,1948,0.004074766978257854,2.14707262164881e-09,0.0359309441008778,0.959994286773792,25,30,20
7,1949,0.004074766978257854,2.14707262164881e-09,0.03593094408857569,0.9599942867860942,25,30,20
7,1950,0.004074766978257854,2.147072621625636e-09,0.03593082816197842,0.9599944027126913,25,30,20
7,1951,0.004074766978257854,2.147072621626049e-09,0.035935531426965164,0.9599896994477046,25,30,20
7,1952,0.004074766978257854,2.1470726216264627e-09,0.035935443069707855,0.9599897878049619,25,30,20
7,1953,0.004074766978257854,2.1470726216264697e-09,0.0359355589616617,0.9599896719130081,25,30,20
7,1954,0.004074766978257854,2.147072696929466e-09,0.03594216523454865,0.9599830656401209,25,30,20
7,1955,0.004074766978257854,2.1470726969294735e-09,0.03594216525970776,0.9599830656149619,25,30,20
7,1956,0.004074766978257854,2.1470726969526465e-09,0.03594378816158021,0.9599814427130895,25,30,20
7,1957,0.004074766978257854,2.1470726969526395e-09,0.035943789457730205,0.9599814414169394,25,30,20
7,1958,0.004074766978257854,2.1470726969526324e-09,0.035943789398976043,0.9599814414756935,25,30,20
7,1959,0.004074766978257854,2.147072696952625e-09,0.035943673481400776,0.9599815573932688,25,30,20
7,1960,0.004074766978257854,2.1470726969530245e-09,0.035943633536126354,0.9599815973385433,25,30,20
7,1961,0.004074766978257854,2.147072621673202e-09,0.03593714318104917,0.9599880876936204,25,30,20
7,1962,0.004074766978257854,2.147072621673202e-09,0.03593714314673178,0.959988087727938,25,30,20
7,1963,0.004074766978257854,2.1470726216732034e-09,0.03593556024038136,0.9599896706342883,25,30,20
7,1964,0.004074766978257854,2.1470726216731963e-09,0.035935558863949335,0.9599896720107204,25,30,20
7,1965,0.004074766978257854,2.1470726216732034e-09,0.035935558837027204,0.9599896720376425,25,30,20
7,1966,0.004074766978257854,2.1470726216731963e-09,0.03593556027161906,0.9599896706030507,25,30,20
7,1967,0.004074766978257854,2.1470726216731963e-09,0.035935560307055844,0.9599896705676142,25,30,20
7,1968,0.004074766978257854,2.147072621673196e-09,0.03593556031727194,0.9599896705573979,25,30,20
7,1969,0.004074766978257854,2.147072621673196e-09,0.0359355603067816,0.9599896705678883,25,30,20
7,1970,0.004074766978257854,2.1470726969421326e-09,0.035933365275846084,0.9599918655988237,25,30,20
7,1971,0.004074766978257854,2.147072696941726e-09,0.03593336525143098,0.9599918656232387,25,30,20
7,1972,0.004074766978257854,2.147072696941726e-09,0.03593336724736948,0.9599918636273003,25,30,20
7,1973,0.004074766978257854,2.147072696941726e-09,0.03593336521373378,0.959991865660936,25,30,20
7,1974,0.004074766978257858,2.147072696941371e-09,0.07337952940142796,0.9225457014732414,25,30,20
7,1975,0.004074766978257858,2.1470726969645343e-09,0.07338610808334392,0.9225391227913255,25,30,20
7,1976,0.004074766978257858,2.1470726969641207e-09,0.07338294542303064,0.9225422854516387,25,30,20
7,1977,0.004074766978257858,2.1470726982850434e-09,0.07338298408636935,0.9225422467883,25,30,20
7,1978,0.004074766978257858,2.1470726982850434e-09,0.07338298553308935,0.92254224534158,25,30,20
7,1979,0.004074766978257858,2.147072698285457e-09,0.07338301257117219,0.9225422183034973,25,30,20
7,1980,0.004074766978257858,2.147072698285863e-09,0.07338961736583054,0.9225356135088388,25,30,20
7,1981,0.004074766978257859,2.1470726996038336e-09,0.07347885267870032,0.9224463781959692,25,30,20
7,1982,0.004074766978257859,2.1470726996042397e-09,0.07347885468737318,0.9224463761872963,25,30,20
7,1983,0.004074766978257859,2.147072699604233e-09,0.0734741913822559,0.9224510394924136,25,30,20
7,1984,0.004074766978257859,2.147072699604233e-09,0.07347419283004045,0.922451038044629,25,30,20
7,1985,0.004074766978257859,2.1470726995810592e-09,0.0734740769128625,0.922451153961807,25,30,20
7,1986,0.004074766978257859,2.147072699581059e-09,0.07347407632717634,0.9224511545474932,25,30,20
7,1987,0.004074766978257859,2.147072624335296e-09,0.07347561466654806,0.9224496162081215,25,30,20
7,1988,0.004074766978257859,2.147072624335296e-09,0.07347561670024538,0.9224496141744241,25,30,20
7,1989,0.004074766978257859,2.1470726243357025e-09,0.07347573211807826,0.9224494987565913,25,30,20
7,1990,0.004074766978257859,2.1470726243352894e-09,0.07347570365328517,0.9224495272213844,25,30,20
7,1991,0.004074766978257859,2.147072624335289e-09,0.0734757036519331,0.9224495272227367,25,30,20
7,1992,0.004074766978257859,2.147072624335289e-09,0.0734757041512732,0.9224495267233966,25,30,20
7,1993,0.004074766978257859,2.147072624334882e-09,0.07347558823410338,0.9224496426405664,25,30,20
7,1994,0.004074766978257859,2.1470726243348754e-09,0.0734772111163826,0.922448019758287,25,30,20
7,1995,0.004074766978257859,2.147072624334476e-09,0.07347725364484667,0.9224479772298231,25,30,20
7,1996,0.004074766978257859,2.147072624334469e-09,0.07347725360946063,0.922447977265209,25,30,20
7,1997,0.004074766978257859,2.1470726230598885e-09,0.07348191822142368,0.9224433126532461,25,30,20
7,1998,0.004074766978257859,2.147072623059881e-09,0.07348191621361001,0.9224433146610594,25,30,20
7,1999,0.004074766978257859,2.147072623013949e-09,0.07348029535395478,0.9224449355207147,25,30,20
7,2000,0.004074766978257859,2.147072624334451e-09,0.0734803218202974,0.9224449090543722,25,30,20
7,2001,0.004074766978257859,2.1470726243344514e-09,0.07348194472196803,0.9224432861527014,25,30,20
7,2002,0.004074766978257859,2.1470726243344514e-09,0.073481944730109,0.9224432861445606,25,30,20
7,2003,0.004074766978257859,2.1470726243344444e-09,0.07348194472966971,0.9224432861449999,25,30,20
7,2004,0.004074766978257859,2.1470726243108747e-09,0.07347537848231835,0.9224498523923512,25,30,20
7,2005,0.004074766978257859,2.1470726243336424e-09,0.07347540550761993,0.9224498253670497,25,30,20
7,2006,0.004074766978257859,2.147072623013133e-09,0.07347537844770996,0.9224498524269596,25,30,20
7,2007,0.004074766978257859,2.1470726230127334e-09,0.07347537703497703,0.9224498538396925,25,30,20
7,2008,0.004074766978257859,2.1470726230127334e-09,0.07347529453679981,0.9224499363378698,25,30,20
7,2009,0.004074766978257859,2.147072623012726e-09,0.07347529450131585,0.9224499363733538,25,30,20
7,2010,0.004074766978257859,2.1470726230127264e-09,0.07347529453637057,0.9224499363382991,25,30,20
7,2011,0.004074766978257858,2.1470726216947564e-09,0.07338605925957774,0.9225391716150918,25,30,20
7,2012,0.004074766978257858,2.1470726217179294e-09,0.07338762811466204,0.9225376027600076,25,30,20
7,2013,0.004074766978257858,2.1470726217179435e-09,0.07338765655165724,0.9225375743230124,25,30,20
7,2014,0.004074766978257858,2.1470726217175373e-09,0.07338765518414886,0.9225375756905209,25,30,20
7,2015,0.004074766978257858,2.147072621717937e-09,0.07338761686444033,0.9225376140102294,25,30,20
7,2016,0.004074766986515703,2.1470726816053434e-09,0.0441258003463122,0.9517994305200997,25,30,20
7,2017,0.004074766986515703,2.147072681605351e-09,0.04412580036490855,0.9517994305015034,25,30,20
7,2018,0.004074766986515703,2.147072681605351e-09,0.04412580034058034,0.9517994305258316,25,30,20
7,2019,0.004074766986515703,2.147072681605351e-09,0.04412579892802809,0.9517994319383837,25,30,20
7,2020,0.004074766986515703,2.147072680285247e-09,0.04412579881311461,0.9517994320532972,25,30,20
7,2021,0.004074766986515703,2.1470726802856536e-09,0.0441258008380023,0.9517994300284096,25,30,20
7,2022,0.004074766986515703,2.1470726802856536e-09,0.04412580086694523,0.9517994299994667,25,30,20
7,2023,0.004074766986515703,2.1470726802628863e-09,0.04412577245431831,0.9517994584120935,25,30,20
7,2024,0.004074766986515703,2.1470726802397203e-09,0.044124205645187854,0.951801025221224,25,30,20
7,2025,0.004074766986515703,2.1470726802397207e-09,0.04412420564496899,0.9518010252214428,25,30,20
7,2026,0.004074766986515703,2.147072680239314e-09,0.04412420433749587,0.951801026528916,25,30,20
7,2027,0.004074766986515703,2.147072680240127e-09,0.04412890560430651,0.9517963252621052,25,30,20
7,2028,0.004074766986515703,2.147072680240127e-09,0.04412890428064238,0.9517963265857694,25,30,20
7,2029,0.004074766986515703,2.1470726802401343e-09,0.044128906300920055,0.9517963245654917,25,30,20
7,2030,0.004074766986515703,2.1470726802405405e-09,0.044128906344290265,0.9517963245221215,25,30,20
7,2031,0.004074766986515703,2.1470726802405475e-09,0.04412890777100482,0.9517963230954067,25,30,20
7,2032,0.004074766986515703,2.1470726802637143e-09,0.04412890978561574,0.9517963210807959,25,30,20
7,2033,0.004074766986515703,2.147072680217379e-09,0.044124208518573155,0.9518010223478385,25,30,20
7,2034,0.004074766986515703,2.1470726802177855e-09,0.04412421054019846,0.951801020326213,25,30,20
7,2035,0.004074766986515703,2.1470726802177855e-09,0.04412420984237782,0.9518010210240339,25,30,20
7,2036,0.004074766986515703,2.1470726802169724e-09,0.044119506559235425,0.9518057243071761,25,30,20
7,2037,0.004074766986515703,2.1470726802169654e-09,0.044119505147751245,0.9518057257186604,25,30,20
7,2038,0.004074766986515703,2.14707268021698e-09,0.04411950513831445,0.9518057257280972,25,30,20
7,2039,0.004074766986515703,2.14707268021698e-09,0.04411950516326865,0.9518057257031429,25,30,20
7,2040,0.004074766986515703,2.147072680193813e-09,0.04411946661551285,0.9518057642508988,25,30,20
7,2041,0.004074766986515703,2.14707268019382e-09,0.044119468026997045,0.9518057628394146,25,30,20
7,2042,0.004074766986515703,2.1470726801934135e-09,0.04411958323497945,0.9518056476314323,25,30,20
7,2043,0.004074766986515703,2.1470726801934205e-09,0.04411796033428408,0.9518072705321277,25,30,20
7,2044,0.004074766986515703,2.1470726801934065e-09,0.0441179318863846,0.9518072989800271,25,30,20
7,2045,8.615719855689417e-12,1.987599669444714e-12,0.0481927110724005,0.9518072889169958,25,30,20
7,2046,8.615719855689325e-12,1.98759966944471e-12,0.048192711068414225,0.9518072889209823,25,30,20
7,2047,8.615719855689417e-12,1.9875996694378255e-12,0.04819270908556552,0.951807290903831,25,30,20
7,2048,8.615719855689417e-12,1.9875996694448327e-12,0.04819270908617777,0.9518072909032188,25,30,20
7,2049,8.61571985568942e-12,1.9875996698513887e-12,0.04819267569134277,0.9518073242980537,25,30,20
7,2050,8.615719855689417e-12,1.9875996466775333e-12,0.04819267366797589,0.9518073263214206,25,30,20
7,2051,8.615719855689417e-12,1.987599646677536e-12,0.0481925931784817,0.9518074068109148,25,30,20
7,2052,8.615719855689417e-12,1.987599646663396e-12,0.04819259315346043,0.9518074068359361,25,30,20
7,2053,8.61571985568944e-12,1.987599646264093e-12,0.04819259245263253,0.9518074075367641,25,30,20
7,2054,8.615719855690766e-12,1.9875996462570876e-12,0.04819259248464183,0.9518074075047547,25,30,20
7,2055,8.615719855690766e-12,1.9876009671629903e-12,0.0481927063942737,0.9518072935951228,25,30,20
7,2056,8.615719855389563e-12,1.9876009899375412e-12,0.048192705920295176,0.9518072940691014,25,30,20
7,2057,8.615719855389561e-12,1.987599669024508e-12,0.048192589977634225,0.9518074100117623,25,30,20
7,2058,8.615719855389561e-12,1.987599669024508e-12,0.04819258997763428,0.9518074100117623,25,30,20
7,2059,8.615719855389469e-12,1.9875996686178265e-12,0.04819267244013657,0.9518073275492598,25,30,20
7,2060,8.615719855389445e-12,1.9875996686177033e-12,0.04819267243951456,0.951807327549882,25,30,20
7,2061,8.615719855389446e-12,1.9875996686177033e-12,0.04819267444715908,0.9518073255422373,25,30,20
7,2062,0.0037275895294809247,0.005006300120222571,0.03945878480751128,0.9518073255427849,25,30,20
7,2063,0.0037275895294809247,0.005006300120222571,0.03945870278345952,0.9518074075668366,25,30,20
7,2064,0.0037275895294809247,0.005006300120222571,0.03945870336976053,0.9518074069805357,25,30,20
7,2065,0.0037275895294809247,0.005006300120222571,0.039458817253470384,0.9518072930968259,25,30,20
7,2066,0.0037275895294809247,0.005006300120222571,0.03945881929733013,0.951807291052966,25,30,20
7,2067,0.0037275895294809247,0.005006300120222572,0.039461098873271754,0.9518050114770245,25,30,20
7,2068,0.0037275895294809247,0.005006300120222572,0.039461098870457186,0.9518050114798392,25,30,20
7,2069,0.0037275895294809247,0.005006300120222572,0.039461098890897224,0.951805011459399,25,30,20
7,2070,0.0037275895294809247,0.005006300120222572,0.03946110089958688,0.9518050094507093,25,30,20
7,2071,0.0037275895294809247,0.005006300120222572,0.03946117884604321,0.951804931504253,25,30,20
7,2072,0.0037275895294809247,0.005006300120222572,0.039461179524776596,0.9518049308255199,25,30,20
7,2073,0.0037275895294809247,0.005006300120222572,0.0394611022697154,0.951805008080581,25,30,20
7,2074,0.0037275895294809247,0.005006300120222572,0.039461101770417,0.9518050085798795,25,30,20
7,2075,0.0037275895294809247,0.005006300120222573,0.039461104302378106,0.9518050060479184,25,30,20
7,2076,0.0037275895294809247,0.005006300120222573,0.03946110429050974,0.9518050060597868,25,30,20
7,2077,0.0037275895294809247,0.005006300120222584,0.07462072112420184,0.9166453892260946,25,30,20
7,2078,0.0037275895294809247,0.005006300120222584,0.07462072112442347,0.916645389225873,25,30,20
7,2079,0.0037275895294809247,0.005006300120222581,0.0746185240273009,0.9166475863229957,25,30,20
7,2080,0.0037275895294809247,0.005006300120222581,0.07461860652563733,0.9166475038246592,25,30,20
7,2081,0.0037275895294809247,0.005006300120222581,0.074618605799628,0.9166475045506686,25,30,20
7,2082,0.0037275895294809247,0.005006300120222581,0.07461199955842863,0.916654110791868,25,30,20
7,2083,0.0037275895294809247,0.005006300120222581,0.07461199814632186,0.9166541122039746,25,30,20
7,2084,0.0037275895294809247,0.005006300120222581,0.07461199612603324,0.9166541142242633,25,30,20
7,2085,0.0037275895294809247,0.005024101068474602,0.074596991228468,0.9166513181735765,25,30,20
7,2086,0.0037275895294809247,0.005024101068474602,0.07459699121572318,0.9166513181863213,25,30,20
7,2087,0.0037275895294809247,0.005024101068474602,0.07460161199204152,0.9166466974100029,25,30,20
7,2088,0.0037275895294809247,0.005024101068474602,0.07460161149292138,0.9166466979091231,25,30,20
7,2089,0.0037275895294809247,0.005024101068474602,0.07460161149295624,0.9166466979090884,25,30,20
7,2090,0.0037275895294809247,0.005024101068474602,0.07460152406055492,0.9166467853414896,25,30,20
7,2091,0.0037275895294809247,0.005024101068474602,0.07460152406551765,0.9166467853365269,25,30,20
7,2092,0.0037275895294809247,0.005024101068474602,0.07460160588742844,0.9166467035146161,25,30,20
7,2093,0.0037275895294809247,0.005024101068474603,0.074608210929002,0.9166400984730426,25,30,20
7,2094,0.0037275895294809247,0.005024101068474603,0.07460821096361621,0.9166400984384283,25,30,20
7,2095,0.0037275895294809247,0.005024101068474603,0.0746082089741145,0.9166401004279301,25,30,20
7,2096,8.057838238178502e-11,1.8111080136540222e-05,0.08334178840407923,0.916640100435206,25,30,20
7,2097,8.057838238178502e-11,1.8111080136540222e-05,0.08334178637058194,0.9166401024687033,25,30,20
7,2098,8.057838238178505e-11,1.8111080136540222e-05,0.0833417870365802,0.916640101802705,25,30,20
7,2099,8.057838238178505e-11,1.8111080136540222e-05,0.08334178848374302,0.9166401003555422,25,30,20
7,2100,8.057838238178505e-11,1.8111080136540222e-05,0.08334178846531978,0.9166401003739655,25,30,20
7,2101,8.057838238178502e-11,1.8111080136540222e-05,0.08334178826273016,0.9166401005765552,25,30,20
7,2102,4.016114966082459e-09,1.7801042656564165e-05,0.07859092614815649,0.921391268793072,25,30,20
7,2103,4.016114966082454e-09,1.780104265656414e-05,0.07859089969640251,0.9213912952448259,25,30,20
7,2104,4.0161149660991355e-09,2.0210147268851212e-05,0.08332972181964703,0.9166500640169692,25,30,20
7,2105,4.0161149660991355e-09,2.0210147268851212e-05,0.08332972181989844,0.9166500640167179,25,30,20
7,2106,4.0161149660991355e-09,2.0210147268851212e-05,0.08332972184576999,0.9166500639908464,25,30,20
7,2107,4.0161149660991355e-09,2.0210147268851212e-05,0.08332972181976311,0.9166500640168532,25,30,20
7,2108,4.01611496609906e-09,2.0210147268851212e-05,0.08332971975074054,0.9166500660858757,25,30,20
7,2109,4.01611496609906e-09,2.0210147268851212e-05,0.08332983563285637,0.9166499502037598,25,30,20
7,2110,4.016114966099362e-09,2.0210147268851236e-05,0.08332983769117172,0.9166499481454445,25,30,20
7,2111,4.016114966099362e-09,2.021014726885124e-05,0.08332978364068797,0.9166500021959281,25,30,20
7,2112,4.016114966099362e-09,2.021014726885124e-05,0.08332816074006968,0.9166516250965465,25,30,20
7,2113,4.016114966099362e-09,2.021014726885124e-05,0.08332816077530342,0.9166516250613128,25,30,20
7,2114,4.01611496609906e-09,2.0210147268851212e-05,0.08332815874212267,0.9166516270944937,25,30,20
7,2115,4.01611496609906e-09,2.0210147268851212e-05,0.08332815826800502,0.9166516275686112,25,30,20
7,2116,4.007857117419842e-09,2.0210147268793966e-05,0.0751438125285881,0.924835973316286,25,30,20
7,2117,4.007857117419842e-09,2.0210147268793966e-05,0.075143812503839,0.9248359733410351,25,30,20
7,2118,4.007857117402588e-09,2.0210147268791327e-05,0.0751439244571835,0.9248358613876906,25,30,20
7,2119,4.007857117402588e-09,2.0210147268791327e-05,0.07514392445718286,0.9248358613876912,25,30,20
7,2120,4.007857117402588e-09,2.0210147268791327e-05,0.0751439244694742,0.9248358613753999,25,30,20
7,2121,4.007857117402588e-09,2.0210147268791327e-05,0.07514392650228378,0.9248358593425904,25,30,20
7,2122,4.5863693728576266e-09,1.7723857615214214e-07,0.07526031445982416,0.9247395037152302,25,30,20
7,2123,4.5863693728576266e-09,1.7723857615214214e-07,0.07526031445920625,0.924739503715848,25,30,20
7,2124,4.5863693728576266e-09,1.7723857615214254e-07,0.07526259401012013,0.9247372241649342,25,30,20
7,2125,4.5863693728576266e-09,1.7723857615214293e-07,0.07526270992725444,0.9247371082478,25,30,20
7,2126,4.5863693728576266e-09,1.7723857615214254e-07,0.07526259403485829,0.9247372241401962,25,30,20
7,2127,4.5863693728576266e-09,1.7723857615214256e-07,0.07526259399933286,0.9247372241757216,25,30,20
7,2128,4.586369372874881e-09,1.772385761534638e-07,0.07526483610312923,0.9247349820719252,25,30,20
7,2129,4.586369372874881e-09,1.772385761534642e-07,0.0752648346045313,0.9247349835705232,25,30,20
7,2130,4.586369372874881e-09,1.772385761534638e-07,0.07526480613206486,0.9247350120429896,25,30,20
7,2131,4.586369372874881e-09,1.772385761534638e-07,0.07526480610743386,0.9247350120676205,25,30,20
7,2132,4.586369372874881e-09,1.772385761534634e-07,0.07526483313212448,0.92473498504293,25,30,20
7,2133,4.586369372874881e-09,1.7723857615346298e-07,0.0752647592452605,0.9247350589297939,25,30,20
7,2134,4.586369372874881e-09,1.7723857615346258e-07,0.07526005595690882,0.9247397622181457,25,30,20
7,2135,4.586369372874881e-09,1.7723857615346258e-07,0.07526001595961765,0.9247398022154368,25,30,20
7,2136,4.586369372874881e-09,1.7723857615346258e-07,0.07526005595426719,0.9247397622207874,25,30,20
7,2137,4.586369372874881e-09,1.7723857615346258e-07,0.07526005598930359,0.9247397621857509,25,30,20
7,2138,4.586369372874881e-09,1.772385761547835e-07,0.07526013848951432,0.9247396796855402,25,30,20
7,2139,4.586369372874881e-09,1.772385761547835e-07,0.07526014051092268,0.9247396776641318,25,30,20
7,2140,4.586369372874881e-09,1.772385761548067e-07,0.07526014101048407,0.9247396771645704,25,30,20
7,2141,4.586369372874881e-09,1.772385761548067e-07,0.07526014098571039,0.924739677189344,25,30,20
7,2142,4.586369372874881e-09,1.772385761548067e-07,0.07526014166197989,0.9247396765130746,25,30,20
7,2143,4.586369372874881e-09,1.7723857615480667e-07,0.07526011318934206,0.9247397049857123,25,30,20
7,2144,4.586369372874881e-09,1.772385761548067e-07,0.07526011322499833,0.9247397049500562,25,30,20
7,2145,4.586369372874881e-09,1.772385761548067e-07,0.07525999934961276,0.9247398188254417,25,30,20
7,2146,4.586369372874881e-09,1.772385761548067e-07,0.07526000133867645,0.9247398168363781,25,30,20
7,2147,4.586369372874881e-09,1.772385761548067e-07,0.07526000130318967,0.9247398168718648,25,30,20
7,2148,4.586369372874886e-09,1.7723857615482985e-07,0.07526008383748099,0.9247397343375735,25,30,20
7,2149,4.586369372874886e-09,1.7723857615482985e-07,0.07526008388750398,0.9247397342875504,25,30,20
7,2150,4.586369372874886e-09,1.7723857615485302e-07,0.07526008333730964,0.9247397348377449,25,30,20
7,2151,4.586369372874886e-09,1.7723857615485302e-07,0.07526008333419408,0.9247397348408605,25,30,20
7,2152,4.586369372874886e-09,1.7723857615487618e-07,0.07526008481702187,0.9247397333580326,25,30,20
7,2153,4.5863693728576315e-09,1.7723857615487583e-07,0.07525784615906936,0.924741972015985,25,30,20
7,2154,4.5863693728576315e-09,1.7723857615487583e-07,0.07525784416268216,0.9247419740123725,25,30,20
7,2155,4.5863693728576315e-09,1.7723857615487583e-07,0.07525784009615637,0.9247419780788981,25,30,20
7,2156,4.5863693728576266e-09,1.7723857615485267e-07,0.07525775754892966,0.9247420606261249,25,30,20
7,2157,4.5863693728576266e-09,1.7723857615482948e-07,0.0752577567677678,0.9247420614072867,25,30,20
7,2158,4.5863693728576266e-09,1.7723857615482909e-07,0.07525775475075447,0.9247420634243001,25,30,20
7,2159,4.5863693728576266e-09,1.7723857615482872e-07,0.07525775425167076,0.9247420639233839,25,30,20
7,2160,4.5863693728576315e-09,1.7723857615480595e-07,0.07525775376102704,0.9247420644140274,25,30,20
7,2161,4.5863693728576315e-09,1.7723857615478276e-07,0.0752577537253584,0.9247420644496961,25,30,20
7,2162,4.5863693728576315e-09,1.772385761547832e-07,0.07525786961776258,0.924741948557292,25,30,20
7,2163,5.785177707550576e-10,1.8262435440523459e-07,0.07517031827339667,0.9248294985237311,25,30,20
7,2164,5.785177707550576e-10,1.8262435440523416e-07,0.0751704007680321,0.9248294160290956,25,30,20
7,2165,5.785177707550576e-10,1.8262435440523416e-07,0.07517040076760823,0.9248294160295195,25,30,20
7,2166,5.785177707550576e-10,1.8262435440525735e-07,0.075170514652203,0.9248293021449249,25,30,20
7,2167,5.785177707550577e-10,1.8262435440393685e-07,0.07517051188111436,0.9248293049160136,25,30,20
7,2168,1.2232060926519199e-11,0.039520693670581544,0.03565000134796414,0.9248293049692222,25,30,20
7,2169,1.2232060926519221e-11,0.039520693670581544,0.035650083835637295,0.9248292224815491,25,30,20
7,2170,1.2232060926519128e-11,0.039520693670581544,0.03565016630841796,0.9248291400087685,25,30,20
7,2171,1.2232060926519128e-11,0.039520693670581544,0.03565016633336442,0.924829139983822,25,30,20
7,2172,1.2232060926519128e-11,0.039520693670581544,0.03565016566720383,0.9248291406499827,25,30,20
7,2173,1.2232060926594803e-11,0.03952069367058162,0.035652445736179636,0.9248268605810068,25,30,20
7,2174,1.2232060926594803e-11,0.03952069367058162,0.03565244573639898,0.9248268605807874,25,30,20
7,2175,1.223206092659478e-11,0.03952069367058162,0.03565244573621083,0.9248268605809755,25,30,20
7,2176,1.2232060926594782e-11,0.03952069367058162,0.03565235973935407,0.9248269465778324,25,30,20
7,2177,1.2232060926594689e-11,0.03952069367058162,0.0356522786547941,0.9248270276623923,25,30,20
7,2178,1.2232060926594666e-11,0.03952069367058162,0.03565227939213567,0.9248270269250507,25,30,20
7,2179,1.2232060926594666e-11,0.03952069367058162,0.03565228072411792,0.9248270255930684,25,30,20
7,2180,1.2232060926594666e-11,0.03952069367058162,0.0356569825770128,0.9248223237401736,25,30,20
7,2181,1.2232060926594643e-11,0.03952069367058162,0.03565690153668081,0.9248224047805056,25,30,20
7,2182,1.2232060926594643e-11,0.03952069367058162,0.03565690157173291,0.9248224047454535,25,30,20
7,2183,1.2232060926594643e-11,0.03952069367058162,0.035656901572361205,0.9248224047448252,25,30,20
7,2184,1.2232060926594737e-11,0.03952069367058162,0.035656983292625566,0.9248223230245608,25,30,20
7,2185,1.2232060926594643e-11,0.03952069367058162,0.035656980785469944,0.9248223255317165,25,30,20
7,2186,1.2232060926594642e-11,0.03952069367058162,0.035656950877901224,0.9248223554392853,25,30,20
7,2187,1.2232060930908382e-11,0.03952069367058162,0.035656953602526936,0.9248223527146595,25,30,20
7,2188,1.2232060930913693e-11,0.03952069367058162,0.03565695219289686,0.9248223541242896,25,30,20
7,2189,1.2232060930913693e-11,0.03952069367058162,0.035656952858450185,0.9248223534587363,25,30,20
7,2190,1.2232060930913691e-11,0.03952069367058162,0.03565695284987091,0.9248223534673156,25,30,20
7,2191,1.2232060930919002e-11,0.0395206936705817,0.035652318019449215,0.9248269882977372,25,30,20
7,2192,1.2232060930919002e-11,0.0395206936705817,0.03565235141381525,0.9248269549033712,25,30,20
7,2193,1.2232060930924296e-11,0.0395206936705817,0.03578187487382901,0.9246974314433575,25,30,20
7,2194,1.2232060930924296e-11,0.0395206936705817,0.03578187630886945,0.9246974300083168,25,30,20
7,2195,1.2232060926610649e-11,0.0395206936705817,0.03578187499634718,0.9246974313208391,25,30,20
7,2196,1.2232060926605358e-11,0.0395206936705817,0.035652352983500224,0.9248269533336861,25,30,20
7,2197,1.2232060926605358e-11,0.0395206936705817,0.035652353720213664,0.9248269525969727,25,30,20
7,2198,1.2232060926605263e-11,0.0395206936705817,0.03565235430607276,0.9248269520111136,25,30,20
7,2199,1.2232060926605263e-11,0.0395206936705817,0.035652238413237156,0.9248270679039493,25,30,20
7,2200,1.2232060926605263e-11,0.0395206936705817,0.035652237712631527,0.9248270686045548,25,30,20
7,2201,1.2232060926605263e-11,0.0395206936705817,0.03565215518907289,0.9248271511281135,25,30,20
7,2202,1.2232060926605263e-11,0.0395206936705817,0.03565215521506622,0.9248271511021201,25,30,20
7,2203,1.2232060926605356e-11,0.0395206936705817,0.03565215380975544,0.9248271525074309,25,30,20
7,2204,1.2232060926605449e-11,0.0395206936705817,0.03565215357252193,0.9248271527446644,25,30,20
7,2205,1.2232060926605449e-11,0.0395206936705817,0.035652153597476054,0.9248271527197103,25,30,20
7,2206,1.2232060926605449e-11,0.0395206936705817,0.03565215418333156,0.9248271521338548,25,30,20
7,2207,1.2232060926605449e-11,0.0395206936705817,0.035652071648331105,0.9248272346688553,25,30,20
7,2208,1.2232060926605471e-11,0.0395206936705817,0.035652073070727416,0.924827233246459,25,30,20
7,2209,5.515164466328333e-15,0.04000000518897924,0.03517276187771265,0.9248272329333028,25,30,20
7,2210,5.5151644663279324e-15,0.04000000518897924,0.035172788316705096,0.9248272064943103,25,30,20
7,2211,5.5151644663030076e-15,0.04000000518897924,0.03516618257324102,0.9248338122377744,25,30,20
7,2212,5.515164466209835e-15,0.04000000518897924,0.03516609940564648,0.9248338954053691,25,30,20
7,2213,5.515164466233135e-15,0.04000000518897924,0.03516610144956665,0.9248338933614488,25,30,20
7,2214,5.5151644662331145e-15,0.04000000518897924,0.035166101461250585,0.924833893349765,25,30,20
7,2215,5.515165907676162e-15,0.03994606446576869,0.03522004186793435,0.9248338936662917,25,30,20
7,2216,5.515165832000788e-15,0.03994606446576862,0.03521776177356294,0.9248361737606631,25,30,20
7,2217,5.51516583199914e-15,0.03994606446576862,0.03521548362794204,0.924838451906284,25,30,20
7,2218,5.5151658373098084e-15,0.03994606446576862,0.03521710760205702,0.924836827932169,25,30,20
7,2219,5.515165837217015e-15,0.03994606446576862,0.035217109628902406,0.9248368259053236,25,30,20
7,2220,5.5151658372186216e-15,0.03994606446576862,0.03521722552112036,0.9248367100131059,25,30,20
7,2221,5.5151658372190294e-15,0.03994606446576862,0.0352172261076124,0.9248367094266138,25,30,20
7,2222,5.5151658372185924e-15,0.03994606446576862,0.035217110225347015,0.924836825308879,25,30,20
7,2223,5.515165837218556e-15,0.03994606446576862,0.03521711022534427,0.9248368253088819,25,30,20
7,2224,5.515165837218528e-15,0.03994606446576862,0.03521711020809342,0.9248368253261328,25,30,20
7,2225,5.5151658319077315e-15,0.039946064465768545,0.03522174503903614,0.9248321904951899,25,30,20
7,2226,5.5151658319077315e-15,0.039946064465768545,0.03522174550306655,0.9248321900311596,25,30,20
7,2227,5.515165831907703e-15,0.039946064465768545,0.03522174349438039,0.9248321920398459,25,30,20
7,2228,1.49995058773199e-21,0.03994605898750652,0.04005877128545615,0.9199951697270375,25,30,20
7,2229,4.00689554015102e-20,0.0399460590950314,0.04005877170874231,0.9199951691962265,25,30,20
7,2230,4.0068954992859194e-20,0.0399460590950314,0.04005877120903401,0.9199951696959349,25,30,20
7,2231,4.006904810841237e-20,0.0399460590950314,0.04005406793401211,0.9199998729709568,25,30,20
7,2232,4.00689549213017e-20,0.0399460590950314,0.040054069492951073,0.9199998714120179,25,30,20
7,2233,4.0070280927734605e-20,0.0399460590950314,0.04005615725410307,0.9199977836508658,25,30,20
7,2234,4.0070280927869173e-20,0.0399460590950314,0.04005615728991288,0.9199977836150559,25,30,20
7,2235,3.86289568632982e-20,0.03999999529350268,0.04000222140796837,0.9199977832985291,25,30,20
7,2236,3.8629393181520984e-20,0.03999944739026804,0.040002769311203015,0.9199977832985291,25,30,20
7,2237,3.8629393590165335e-20,0.03999944739026804,0.04000276935502188,0.9199977832547103,25,30,20
7,2238,3.8629395225270673e-20,0.03999944739026804,0.04000279779243038,0.9199977548173018,25,30,20
7,2239,3.8624084614646395e-20,0.03999944739026804,0.04000117332007842,0.9199993792896538,25,30,20
7,2240,3.862408464332144e-20,0.03999944739026804,0.04000117334504017,0.919999379264692,25,30,20
7,2241,3.862408467150456e-20,0.03999944739026804,0.04000117333275264,0.9199993792769794,25,30,20
7,2242,3.862408628461753e-20,0.03999944739026804,0.040001174755540256,0.9199993778541917,25,30,20
7,2243,3.8624085875982103e-20,0.03999944739026804,0.04000117272215402,0.9199993798875781,25,30,20
7,2244,5.360691996753108e-21,0.03999945352136977,0.04000286141638716,0.9199976850622431,25,30,20
7,2245,5.360690355097372e-21,0.03999945352136977,0.0400028599692528,0.9199976865093775,25,30,20
7,2246,5.360690319367567e-21,0.03999945352136977,0.04000285994447533,0.919997686534155,25,30,20
7,2247,5.360688713558548e-21,0.03999945352136977,0.04000285994508256,0.9199976865335476,25,30,20
7,2248,5.663390217163897e-21,0.03999945352136977,0.04000513955876385,0.9199954069198665,25,30,20
7,2249,5.662834913276523e-21,0.0400000060674219,0.04000458701271171,0.9199954069198665,25,30,20
7,2250,5.6615072792799456e-21,0.0400000060674219,0.040002383342713985,0.9199976105898642,25,30,20
7,2251,4.692245256420385e-18,0.039977589586666404,0.040024799823467766,0.919997610589866,25,30,20
7,2252,4.692245279713586e-18,0.039977589586666404,0.04002483981751568,0.9199975705958181,25,30,20
7,2253,4.69194267138286e-18,0.039977589586666404,0.040022560231628784,0.9199998501817049,25,30,20
7,2254,4.691942648111279e-18,0.039977589586666404,0.040022558171723135,0.9199998522416105,25,30,20
7,2255,4.691942648111488e-18,0.039977589586666404,0.040022556637456914,0.9199998537758768,25,30,20
7,2256,4.691937337263549e-18,0.039977589586666404,0.0400225586335789,0.9199998517797547,25,30,20
7,2257,4.691937337292602e-18,0.039977589586666404,0.04002256010612028,0.9199998503072132,25,30,20
7,2258,4.691937337672955e-18,0.039977589586666404,0.04002256070012539,0.9199998497132081,25,30,20
7,2259,4.691937314379748e-18,0.039977589586666404,0.040022520741309735,0.9199998896720238,25,30,20
7,2260,4.691937314322152e-18,0.039977589586666404,0.04002252077570394,0.9199998896376296,25,30,20
7,2261,4.69193731554761e-18,0.039977589586666404,0.04002252018129661,0.919999890232037,25,30,20
7,2262,4.691937315963933e-18,0.039977589586666404,0.040022520204668545,0.9199998902086649,25,30,20
7,2263,4.691937315985819e-18,0.039977589586666404,0.04002251961833001,0.9199998907950033,25,30,20
7,2264,4.691937317620311e-18,0.039977589586666404,0.04002260210561725,0.9199998083077162,25,30,20
7,2265,4.691937317240462e-18,0.039977589586666404,0.04002260409526159,0.9199998063180719,25,30,20
7,2266,4.691942604798428e-18,0.03997758958666648,0.040022633153676164,0.9199997772596575,25,30,20
7,2267,4.6919426264856715e-18,0.03997758958666648,0.04002263315388164,0.919999777259452,25,30,20
7,2268,4.691942628113113e-18,0.03997758958666648,0.04002263318075853,0.919999777232575,25,30,20
7,2269,5.3588789720381746e-21,0.04000000611641123,0.04000021665101548,0.9199997772325733,25,30,20
7,2270,9.672611094734748e-21,0.04000000611641123,0.04000029459728715,0.9199996992863017,25,30,20
7,2271,9.672612700685719e-21,0.04000000611641131,0.040000253042288596,0.9199997408413002,25,30,20
7,2272,9.672613109212997e-21,0.04000000611641131,0.04000025220938975,0.919999741674199,25,30,20
7,2273,9.673940414364871e-21,0.04000000611641131,0.04000025021186078,0.919999743671728,25,30,20
7,2274,9.673940414373544e-21,0.04000000611641131,0.04000025023681471,0.919999743646774,25,30,20
7,2275,9.673940385318766e-21,0.04000000611641131,0.04000024878952064,0.9199997450940682,25,30,20
7,2276,9.679251247068815e-21,0.04000000611641131,0.04000025080609367,0.9199997430774951,25,30,20
7,2277,5.365519124182174e-21,0.04000000611641131,0.040004876124237476,0.9199951177593513,25,30,20
7,2278,5.365494605146168e-21,0.04000000611641123,0.04000495107345509,0.9199950428101338,25,30,20
7,2279,5.3654018330929405e-21,0.04000000611641123,0.04001155954496596,0.9199884343386228,25,30,20
7,2280,5.365403453231927e-21,0.04000000611641123,0.04001156156935235,0.9199884323142364,25,30,20
7,2281,5.365403044463095e-21,0.04000000611641123,0.04001144565179018,0.9199885482317987,25,30,20
7,2282,5.364075739820975e-21,0.04000000611641123,0.0400114456060214,0.9199885482775676,25,30,20
7,2283,5.364168941382872e-21,0.04000000611641123,0.04001144611342632,0.9199885477701626,25,30,20
7,2284,5.364168970049221e-21,0.04000000611641123,0.04001144613882751,0.9199885477447612,25,30,20
7,2285,5.364191446605586e-21,0.04000000611641123,0.040004838328209724,0.9199951555553791,25,30,20
7,2286,5.364213090878569e-21,0.04000000611641123,0.040004837777863116,0.9199951561057257,25,30,20
7,2287,5.364329186895033e-21,0.04000000611641123,0.04013436121108946,0.9198656326724993,25,30,20
7,2288,5.364328778736253e-21,0.04000000611641123,0.04013436263328707,0.9198656312503017,25,30,20
7,2289,5.364328778738383e-21,0.04000000611641123,0.04013436062566109,0.9198656332579276,25,30,20
7,2290,5.364353706915735e-21,0.04000000611641123,0.04013441612406332,0.9198655777595255,25,30,20
7,2291,5.364260505839453e-21,0.04000000611641123,0.040134415641174905,0.9198655782424139,25,30,20
7,2292,5.364260505462157e-21,0.04000000611641123,0.040134414229067994,0.919865579654521,25,30,20
7,2293,5.364283798676874e-21,0.04000000611641123,0.04013441626272238,0.9198655776208665,25,30,20
7,2294,5.358972936918155e-21,0.04000000611641123,0.04013441424571173,0.9198655796378772,25,30,20
7,2295,5.358980730742022e-21,0.03999945358212089,0.04013496678000208,0.9198655796378772,25,30,20
7,2296,5.358980730373514e-21,0.03999945358212089,0.040134966789662566,0.9198655796282167,25,30,20
7,2297,5.358980708748548e-21,0.03999945358212089,0.04013496476630665,0.9198655816515726,25,30,20
7,2298,5.3588646131115085e-21,0.03999945358212089,0.04000544130874366,0.9199951051091356,25,30,20
7,2299,5.35886461273429e-21,0.03999945358212089,0.04000544130851914,0.9199951051093602,25,30,20
7,2300,5.358862978123233e-21,0.03999945358212089,0.040005412871402364,0.9199951335464769,25,30,20
7,2301,5.358861343835567e-21,0.03999945358212089,0.040000709596735115,0.9199998368211441,25,30,20
7,2302,5.360188620393775e-21,0.03999945358212089,0.04000070979890262,0.9199998366189766,25,30,20
7,2303,5.360188620396928e-21,0.03999945358212089,0.04000079087492084,0.9199997555429583,25,30,20
7,2304,9.673218345661502e-21,0.03999945358212096,0.040007397091249224,0.9199931493266298,25,30,20
7,2305,9.674546496282553e-21,0.03999945358212096,0.040007397803342656,0.9199931486145364,25,30,20
7,2306,9.19251067330455e-20,0.03999207924349193,0.04001477214197171,0.9199931486145364,25,30,20
7,2307,9.200078207798783e-20,0.03999207924349193,0.040017050291252756,0.9199908704652554,25,30,20
7,2308,9.200087361627785e-20,0.03999207924349193,0.04001696780538104,0.9199909529511272,25,30,20
7,2309,9.20008503227057e-20,0.03999207924349193,0.04001702818924041,0.919990892567268,25,30,20
7,2310,9.20008503222027e-20,0.03999207924349193,0.04001702818880276,0.9199908925677055,25,30,20
7,2311,9.200084991355169e-20,0.03999207924349193,0.04001702817545102,0.9199908925810572,25,30,20
7,2312,9.199553906237311e-20,0.03999207924349185,0.040016997668846255,0.919990923087662,25,30,20
7,2313,9.199553906248786e-20,0.03999207924349185,0.04001699970226619,0.9199909210542421,25,30,20
7,2314,9.199556235558581e-20,0.03999207924349185,0.04001700111500206,0.9199909196415063,25,30,20
7,2315,9.199425793492186e-20,0.03999207924349185,0.04001699975963224,0.919990920996876,25,30,20
7,2316,9.199425630069168e-20,0.03999207924349185,0.04001688387736491,0.9199910368791434,25,30,20
7,2317,9.199427962143267e-20,0.03999207924349185,0.04001908756857293,0.9199888331879353,25,30,20
7,2318,9.19943495011069e-20,0.03999207924349185,0.040019087555366345,0.9199888332011419,25,30,20
7,2319,7.869862866863484e-18,0.03999235989487914,0.04001880742596455,0.9199888326791562,25,30,20
7,2320,7.869862866870527e-18,0.03999235989487914,0.04001880542800975,0.9199888346771111,25,30,20
7,2321,7.869862866870158e-18,0.03999235989487914,0.040018805428627686,0.9199888346764931,25,30,20
7,2322,7.869862936750336e-18,0.03999235989487914,0.04001880447009147,0.9199888356350293,25,30,20
7,2323,7.869862936750336e-18,0.03999235989487914,0.04001880447009147,0.9199888356350294,25,30,20
7,2324,7.8698642660977e-18,0.03999235989487914,0.04001883250412818,0.9199888076009928,25,30,20
7,2325,1.4322994916557473e-12,0.0399920731102388,0.039924384514132834,0.9200835423741961,25,30,20
7,2326,1.4322994916610347e-12,0.0399920731102388,0.03992438318229345,0.9200835437060355,25,30,20
7,2327,1.4322994916557239e-12,0.0399920731102388,0.03992438248941457,0.9200835443989144,25,30,20
7,2328,1.4322994916557225e-12,0.0399920731102388,0.03992435785609108,0.9200835690322379,25,30,20
7,2329,1.4322994916557225e-12,0.0399920731102388,0.039924357856132596,0.9200835690321962,25,30,20
7,2330,1.432299491656957e-12,0.0399920731102388,0.039924397326475125,0.9200835295618538,25,30,20
7,2331,8.723245066561391e-20,0.040011983242554165,0.03999922196863758,0.9199887947888082,25,30,20
7,2332,8.723245069379918e-20,0.040011983242554165,0.039999250406038446,0.9199887663514074,25,30,20
7,2333,8.723245068662991e-20,0.040011983242554165,0.03999925037036378,0.9199887663870819,25,30,20
7,2334,8.723245071468062e-20,0.040011983242554165,0.039999251035917206,0.9199887657215285,25,30,20
7,2335,8.291942098991915e-20,0.040011983242554096,0.03999264479637443,0.9199953719610714,25,30,20
7,2336,8.291942262439675e-20,0.040011983242554096,0.039992646218152614,0.9199953705392935,25,30,20
7,2337,8.291942425887439e-20,0.040011983242554096,0.03999261826999431,0.9199953984874516,25,30,20
7,2338,8.291940093876024e-20,0.040011983242554096,0.03999041507891064,0.9199976016785353,25,30,20
7,2339,8.291942423135707e-20,0.040011983242554096,0.03999041713885188,0.919997599618594,25,30,20
7,2340,8.291942460416346e-20,0.040011983242554096,0.03999037715480217,0.9199976396026437,25,30,20
7,2341,8.291809689802241e-20,0.040011983242554096,0.03999037377927594,0.9199976429781701,25,30,20
7,2342,8.291809567206329e-20,0.040011983242554096,0.03999037436574958,0.9199976423916963,25,30,20
7,2343,8.291807404212724e-20,0.040011983242554096,0.03999037280471101,0.9199976439527349,25,30,20
7,2344,8.291805074841962e-20,0.040011983242554096,0.03999045461784671,0.9199975621395992,25,30,20
7,2345,8.291805074854767e-20,0.040011983242554096,0.03999045461907904,0.9199975621383669,25,30,20
7,2346,8.2918027455324e-20,0.040011983242554096,0.0399904531706762,0.9199975635867698,25,30,20
7,2347,1.0017299510314113e-19,0.040011983242554096,0.03999045255486135,0.9199975642025846,25,30,20
7,2348,1.0017432281693056e-19,0.040011983242554096,0.03999045262735801,0.9199975641300879,25,30,20
7,2349,1.0017432322495478e-19,0.040011983242554096,0.039990452829506855,0.9199975639279391,25,30,20
7,2350,1.7923757142110868e-20,0.04001990316682021,0.03998253290524073,0.9199975639279391,25,30,20
7,2351,1.7923757550132815e-20,0.04001990316682021,0.0399825349268662,0.9199975619063135,25,30,20
7,2352,1.7923757539177322e-20,0.04001990316682021,0.03998723818991218,0.9199928586432676,25,30,20
7,2353,1.7922452680835762e-20,0.04001990316682021,0.03998886035431342,0.9199912364788665,25,30,20
7,2354,1.792245268082926e-20,0.04001990316682021,0.039988862352484014,0.919991234480696,25,30,20
7,2355,1.7922452709508685e-20,0.04001990316682021,0.03998886236186228,0.9199912344713178,25,30,20
7,2356,1.7922452709516626e-20,0.04001990316682021,0.03998894484961225,0.9199911519835677,25,30,20
7,2357,1.7922455570213593e-20,0.04001990316682021,0.039988945603782744,0.9199911512293972,25,30,20
7,2358,1.7947141975064098e-20,0.03884772410395358,0.04116112466664783,0.919991151229399,25,30,20
7,2359,1.7947118682409326e-20,0.03884772410395358,0.041159503798407764,0.9199927720976391,25,30,20
7,2360,1.7922874683810432e-20,0.04001950989042799,0.03998771801193492,0.9199927720976373,25,30,20
7,2361,1.8220281768981755e-20,0.04001950989042806,0.03998787829557271,0.9199926118139995,25,30,20
7,2362,1.822028176885613e-20,0.04001950989042806,0.03998787831971827,0.9199926117898539,25,30,20
7,2363,1.821895405686642e-20,0.04001950989042806,0.039987838349854726,0.9199926517597175,25,30,20
7,2364,1.821895119617809e-20,0.04001950989042806,0.03998783693109119,0.919992653178481,25,30,20
7,2365,1.8218951195692513e-20,0.04001950989042806,0.03998783835346863,0.9199926517561036,25,30,20
7,2366,3.547156957668424e-20,0.04001950990436976,0.03999328562514551,0.919987204470485,25,30,20
7,2367,3.54715699853373e-20,0.04001950990436976,0.039993285635021775,0.9199872044606086,25,30,20
7,2368,3.5471569985319656e-20,0.04001950990436976,0.039993203111471434,0.9199872869841589,25,30,20
7,2369,3.547157041545349e-20,0.04001950990436976,0.0399954806715134,0.919985009424117,25,30,20
7,2370,1.8218976967919093e-20,0.04001950989042806,0.03999231095958587,0.9199881791499861,25,30,20
7,2371,1.8219070119293934e-20,0.04001950989042806,0.03999228463601742,0.9199882054735545,25,30,20
7,2372,1.821906845701051e-20,0.04001950989042806,0.039992284153570465,0.9199882059560015,25,30,20
7,2373,1.8218975291281187e-20,0.04001950989042806,0.03999228414302702,0.919988205966545,25,30,20
7,2374,1.8219068084198868e-20,0.04001950989042806,0.03999228261743762,0.9199882074921345,25,30,20
7,2375,1.821906849020539e-20,0.04001950989042806,0.040121806038409646,0.9198586840711624,25,30,20
7,2376,1.0048467199694484e-19,0.04001950983369138,0.040121806095146324,0.9198586840711624,25,30,20
7,2377,1.0048599884909555e-19,0.04001950983369138,0.039994562230377624,0.919985927935931,25,30,20
7,2378,1.0048599841179007e-19,0.04001950983369138,0.0399922826364904,0.9199882075298182,25,30,20
7,2379,1.0048590684481958e-19,0.04001950983369138,0.03999236465157074,0.9199881255147381,25,30,20
7,2380,1.0048590647200528e-19,0.04001950983369138,0.0399922841864158,0.919988205979893,25,30,20
7,2381,8.323094005014724e-20,0.04001950983369138,0.039992284215757026,0.9199882059505516,25,30,20
7,2382,8.323103282146059e-20,0.04001950983369138,0.03999232418387912,0.9199881659824295,25,30,20
7,2383,8.323103282762603e-20,0.04001950983369138,0.03999232419372548,0.9199881659725831,25,30,20
7,2384,8.323103282761304e-20,0.04001950983369138,0.03999232274597277,0.9199881674203358,25,30,20
7,2385,8.315535746833199e-20,0.04001950983369138,0.039990045157162604,0.9199904450091461,25,30,20
7,2386,7.962160020901625e-20,0.038301317775035405,0.041708237215818594,0.9199904450091461,25,30,20
7,2387,7.931888226916862e-20,0.038301317775035336,0.04170807642434207,0.9199906058006228,25,30,20
7,2388,7.93189754420074e-20,0.038301317775035336,0.041708158923154943,0.9199905233018099,25,30,20
7,2389,7.931764772933237e-20,0.038301317775035336,0.041708158850238874,0.9199905233747261,25,30,20
7,2390,7.93176477016634e-20,0.038301317775035336,0.04170815884131326,0.9199905233836516,25,30,20
7,2391,7.931755452927261e-20,0.038301317775035336,0.04170815675287266,0.9199905254720924,25,30,20
7,2392,7.93174613496748e-20,0.038301317775035336,0.041708118782500296,0.9199905634424647,25,30,20
7,2393,7.931746134855162e-20,0.038301317775035336,0.041708118782662396,0.9199905634423025,25,30,20
7,2394,7.931745971394265e-20,0.038301317775035336,0.04170803625909648,0.9199906459658683,25,30,20
7,2395,7.932277056916756e-20,0.038301317775035336,0.041708036308302006,0.9199906459166628,25,30,20
7,2396,7.932276893418902e-20,0.038301317775035336,0.04170803581905453,0.9199906464059104,25,30,20
7,2397,7.932267580091438e-20,0.038301317775035336,0.04170333251875544,0.9199953497062093,25,30,20
7,2398,7.932265127611675e-20,0.038301317775035336,0.041701052973331994,0.919997629251633,25,30,20
7,2399,7.9322651677618e-20,0.038301317775035336,0.04170105295691168,0.9199976292680531,25,30,20
7,2400,7.932265165611668e-20,0.038301317775035336,0.04170105228085041,0.9199976299441146,25,30,20
7,2401,7.9322652049995e-20,0.038301317775035336,0.04170765648964496,0.91999102573532,25,30,20
7,2402,7.93226753432173e-20,0.038301317775035336,0.04170765716440292,0.9199910250605617,25,30,20
7,2403,7.932134767640071e-20,0.038301317775035336,0.04170537759588978,0.9199933046290749,25,30,20
7,2404,7.932134726763289e-20,0.038301317775035336,0.0417053775483589,0.9199933046766057,25,30,20
7,2405,7.932144042957494e-20,0.038301317775035336,0.04171008084829217,0.9199886013766726,25,30,20
7,2406,7.932134723958411e-20,0.038301317775035336,0.041711983789908015,0.9199866984350566,25,30,20
7,2407,7.932132394635099e-20,0.038301317775035336,0.04171198307948329,0.9199866991454815,25,30,20
7,2408,7.932132394647475e-20,0.038301317775035336,0.04171198511310521,0.9199866971118595,25,30,20
7,2409,7.932132558109216e-20,0.038301317775035336,0.041712067611293244,0.9199866146136716,25,30,20
7,2410,7.932132558109235e-20,0.038301317775035336,0.04171206618934573,0.9199866160356192,25,30,20
7,2411,7.93213484656485e-20,0.038301317775035336,0.04171206625109909,0.9199866159738656,25,30,20
7,2412,7.932125529325482e-20,0.038301317775035336,0.04171206624233543,0.9199866159826294,25,30,20
7,2413,7.932258300649067e-20,0.038301317775035336,0.04171206827537355,0.9199866139495912,25,30,20
7,2414,7.932125529288633e-20,0.038301317775035336,0.041712068249964034,0.9199866139750008,25,30,20
7,2415,7.93212548841772e-20,0.038301317775035336,0.04170546203292323,0.9199932201920415,25,30,20
7,2416,7.931727337603818e-20,0.038301317775035336,0.04170550197884532,0.9199931802461196,25,30,20
7,2417,7.931727337603816e-20,0.038301317775035336,0.041705499946265344,0.9199931822786996,25,30,20
7,2418,7.931727342596318e-20,0.038301317775035336,0.04170549994123425,0.9199931822837308,25,30,20
7,2419,7.931727342595882e-20,0.038301317775035336,0.0417054999416479,0.9199931822833171,25,30,20
7,2420,7.93159440788839e-20,0.038301317775035336,0.04170545994634588,0.9199932222786191,25,30,20
7,2421,7.931594407221751e-20,0.038301317775035336,0.04170546135845012,0.9199932208665149,25,30,20
7,2422,7.931594447431994e-20,0.038301317775035336,0.04170557725085195,0.9199931049741131,25,30,20
7,2423,7.931594324949259e-20,0.038301317775035336,0.041705577238377235,0.9199931049865878,25,30,20
7,2424,7.931603642238603e-20,0.038301317775035336,0.041705578368251874,0.9199931038567132,25,30,20
7,2425,7.931603642201756e-20,0.038301317775035336,0.04170557838011626,0.9199931038448489,25,30,20
7,2426,7.93160366077668e-20,0.03830131777503584,0.07700746370911704,0.8846912185158472,25,30,20
7,2427,7.931596672814954e-20,0.03830131777503584,0.07700738266836905,0.8846912995565951,25,30,20
7,2428,7.931596672815615e-20,0.03830131777503584,0.07700738264384957,0.8846912995811147,25,30,20
7,2429,7.931605990067299e-20,0.03830131777503584,0.07700738322986651,0.8846912989950977,25,30,20
7,2430,7.931605990115629e-20,0.03830131777503584,0.07700738325481792,0.8846912989701462,25,30,20
7,2431,7.931605992933279e-20,0.03830131777503584,0.07700738395542342,0.8846912982695407,25,30,20
7,2432,7.780406445614071e-18,0.038281407535426235,0.07693088820469696,0.8847877042598767,25,30,20
7,2433,7.780406447255726e-18,0.038281407535426235,0.07693092616630576,0.8847876662982681,25,30,20
7,2434,7.78040777496758e-18,0.038281407535426235,0.0769243599200327,0.8847942325445411,25,30,20
7,2435,7.780407774996509e-18,0.038281407535426235,0.0769243619538183,0.8847942305107555,25,30,20
7,2436,7.780407798289596e-18,0.038281407535426235,0.07692436198950123,0.8847942304750726,25,30,20
7,2437,7.780407798297394e-18,0.038281407535426235,0.07692436202537695,0.8847942304391969,25,30,20
7,2438,7.780407798297378e-18,0.038281407535426235,0.07692436202494252,0.8847942304396313,25,30,20
7,2439,7.780407798698235e-18,0.038281407535426235,0.07692440198416482,0.8847941904804091,25,30,20
7,2440,7.780407798697607e-18,0.038281407535426235,0.07692440265015586,0.8847941898144179,25,30,20
7,2441,7.780407797472145e-18,0.038281407535426235,0.07692432018764576,0.8847942722769281,25,30,20
7,2442,7.780407797500445e-18,0.038281407535426235,0.07692434863533265,0.8847942438292412,25,30,20
7,2443,7.899461743570087e-18,0.03828172008634603,0.07678063554344182,0.8849376443702122,25,30,20
7,2444,5.018130713623464e-18,0.038281720086346324,0.07682877021463817,0.8848895096990155,25,30,20
7,2445,5.018130713622966e-18,0.038281720086346324,0.07682877021462381,0.8848895096990299,25,30,20
7,2446,5.018132018050707e-18,0.038281720086346324,0.07682877084570369,0.8848895090679499,25,30,20
7,2447,5.018132016409059e-18,0.038281720086346324,0.07682884676824236,0.8848894331454111,25,30,20
7,2448,5.018132039702282e-18,0.038281720086346324,0.0768288468157815,0.8848894330978722,25,30,20
7,2449,1.9778915200462993e-19,0.038281720086346026,0.03687720065881671,0.9248410792548372,25,30,20
7,2450,1.9778782428380005e-19,0.038281720086346026,0.0368772014041688,0.9248410785094852,25,30,20
7,2451,1.977878475836148e-19,0.038281720086346026,0.036877317333858885,0.9248409625797949,25,30,20
7,2452,1.9786352726557986e-19,0.038281720086346026,0.03687732007122828,0.9248409598424255,25,30,20
7,2453,1.9778784758374934e-19,0.038281720086346026,0.036877317334616674,0.9248409625790371,25,30,20
7,2454,1.9778794072784025e-19,0.038281720086346026,0.036877290895623804,0.9248409890180299,25,30,20
7,2455,1.9778784756261852e-19,0.038281720086346026,0.03687729092057177,0.924840988993082,25,30,20
7,2456,1.97787847562002e-19,0.038281720086346026,0.03687717503886591,0.9248411048747879,25,30,20
7,2457,1.9778784756954156e-19,0.038281720086346026,0.03687945461993718,0.9248388252937167,25,30,20
7,2458,1.9778784757664044e-19,0.038281720086346026,0.03688602086797253,0.9248322590456813,25,30,20
7,2459,1.9778784756966502e-19,0.038281720086346026,0.036879454655605534,0.9248388252580483,25,30,20
7,2460,1.9778784756967585e-19,0.038281720086346026,0.03687945610294466,0.9248388238107093,25,30,20
7,2461,1.9778784757733946e-19,0.038281720086346026,0.0368794568039986,0.9248388231096553,25,30,20
7,2462,1.9778784798610668e-19,0.038281720086346026,0.03687949535194596,0.9248387845617079,25,30,20
7,2463,1.9778784800698583e-19,0.038281720086346026,0.03687949465101421,0.9248387852626396,25,30,20
7,2464,1.977877315408701e-19,0.038281720086346026,0.03687949548343225,0.9248387844302218,25,30,20
7,2465,1.9778773113296066e-19,0.038281720086346026,0.03687949544811618,0.9248387844655377,25,30,20
7,2466,1.9778773072419108e-19,0.038281720086346026,0.03687945541778745,0.9248388244958664,25,30,20
7,2467,1.9778773071651923e-19,0.038281720086346026,0.036877175824844184,0.9248411040888098,25,30,20
7,2468,1.9778903516457874e-19,0.038281720086346026,0.036877215797366754,0.9248410641162873,25,30,20
7,2469,1.9778903516507955e-19,0.038281720086346026,0.0368772137643518,0.9248410661493022,25,30,20
7,2470,1.9778903519412768e-19,0.038281720086346026,0.03687721234226618,0.9248410675713878,25,30,20
7,2471,1.977890351655761e-19,0.038281720086346026,0.036877212377053194,0.9248410675366009,25,30,20
7,2472,1.9778903516556508e-19,0.038281720086346026,0.03687721034404367,0.9248410695696104,25,30,20
7,2473,1.9778905679550034e-19,0.038281720086346026,0.03687712985458596,0.9248411500590682,25,30,20
7,2474,1.9778905679587787e-19,0.038281720086346026,0.0368771313017266,0.9248411486119275,25,30,20
7,2475,1.9778905679636116e-19,0.038281720086346026,0.03687713130234088,0.9248411486113133,25,30,20
7,2476,1.9778905720477133e-19,0.038281720086346026,0.03687713132697183,0.9248411485866823,25,30,20
7,2477,1.9778903394802299e-19,0.038281720086346026,0.036877129852651166,0.924841150061003,25,30,20
7,2478,1.9809174041451887e-19,0.038281720086346026,0.03687875275375283,0.9248395271599013,25,30,20
7,2479,1.9809171712192418e-19,0.038281720086346026,0.03687875072055082,0.9248395291931034,25,30,20
7,2480,1.9809171709991077e-19,0.038281720086346026,0.036878750696100096,0.9248395292175541,25,30,20
7,2481,1.9809169383543102e-19,0.038281720086346026,0.036878634815346534,0.9248396450983075,25,30,20
7,2482,1.9809169343382212e-19,0.038281720086346026,0.036878596267410156,0.924839683646244,25,30,20
7,2483,1.1935940310521353e-19,0.040000312308652176,0.035160004045104054,0.924839683646244,25,30,20
7,2484,1.1935940311224843e-19,0.040000312308652176,0.035159888128710494,0.9248397995626375,25,30,20
7,2485,1.1935942640472012e-19,0.040000312308652176,0.035159888864988276,0.9248397988263598,25,30,20
7,2486,1.1935942721487454e-19,0.040000312308652176,0.035159888876820956,0.9248397988145272,25,30,20
7,2487,1.1935942724367536e-19,0.040000312308652176,0.035159888912488016,0.9248397987788601,25,30,20
7,2488,1.193594269715068e-19,0.04000031237706254,0.03515988884407764,0.9248397987788601,25,30,20
7,2489,1.1935935709170932e-19,0.04000031237706254,0.03515988687135353,0.9248398007515841,25,30,20
7,2490,1.1905665068923445e-19,0.04000031237706254,0.035158264477911046,0.9248414231450266,25,30,20
7,2491,1.1905664987192174e-19,0.04000031237706254,0.03515826649847021,0.9248414211244674,25,30,20
7,2492,1.1906196072196314e-19,0.04000031237706254,0.0351583065185288,0.9248413811044089,25,30,20
7,2493,1.190619390634768e-19,0.04000031237706254,0.035158307823588204,0.9248413797993494,25,30,20
7,2494,1.1906061135817316e-19,0.04000031237706254,0.03515826927520621,0.9248414183477314,25,30,20
7,2495,1.1905530217134275e-19,0.04000031237706254,0.03516293255537408,0.9248367550675635,25,30,20
7,2496,3.810202881253178e-16,0.039999999826142746,0.03523532453599354,0.9247646756378631,25,30,20
7,2497,3.8102028821849064e-16,0.039999999826142746,0.035235352973121435,0.9247646472007354,25,30,20
7,2498,3.81021731491911e-16,0.03999986078219617,0.035235492017067986,0.9247646472007354,25,30,20
7,2499,3.810217314690336e-16,0.03999986078219617,0.03523549269332718,0.9247646465244762,25,30,20
7,2500,3.810217314690331e-16,0.03999986078219617,0.0352354906353569,0.9247646485824464,25,30,20
7,2501,3.810217314706672e-16,0.03999986078219617,0.03523548920048089,0.9247646500173226,25,30,20
7,2502,3.8102028819724785e-16,0.039999999992766246,0.03523534998991083,0.9247646500173226,25,30,20
7,2503,3.810203625491679e-16,0.039999999992766246,0.035235339121411004,0.9247646608858223,25,30,20
7,2504,3.8102036266022106e-16,0.03999999012433108,0.03523534898984619,0.9247646608858223,25,30,20
7,2505,3.810203626585875e-16,0.03999999012433108,0.035236969848673964,0.9247630400269945,25,30,20
7,2506,3.81020362658587e-16,0.03999999012433108,0.0352369698482287,0.9247630400274399,25,30,20
7,2507,3.810203626586152e-16,0.03999999012433108,0.03523705170474799,0.9247629581709205,25,30,20
7,2508,3.810203626585867e-16,0.03999999012433108,0.03523705167956268,0.9247629581961059,25,30,20
7,2509,3.8102036265860774e-16,0.03999999012433108,0.03523705211863895,0.9247629577570295,25,30,20
7,2510,3.8102036265860824e-16,0.03999999012433108,0.03523705214403823,0.9247629577316302,25,30,20
7,2511,3.8102036265864295e-16,0.03999999012433108,0.03523543069079648,0.924764579184872,25,30,20
7,2512,3.810203639846946e-16,0.03999999012433108,0.035230727902578,0.9247692819730904,25,30,20
7,2513,3.810203639846944e-16,0.03999999012433108,0.03523075434186788,0.9247692555338005,25,30,20
7,2514,3.8102036407626115e-16,0.03999999012433108,0.035230836852985774,0.9247691730226826,25,30,20
7,2515,3.8102036416942675e-16,0.03999999012433108,0.03523083626776991,0.9247691736078986,25,30,20
7,2516,3.8102036416901763e-16,0.03999999012433108,0.03523083620714865,0.92476917366852,25,30,20
7,2517,3.8102043984866886e-16,0.03999999012433108,0.035230836214506504,0.9247691736611621,25,30,20
7,2518,3.8102043984866936e-16,0.03999999012433108,0.035230834181926664,0.924769175693742,25,30,20
7,2519,3.810204397554751e-16,0.03999999012433108,0.03523075165857198,0.9247692582170965,25,30,20
7,2520,3.810204397554391e-16,0.03999999012433108,0.03523075165021514,0.9247692582254535,25,30,20
7,2521,3.810204450679253e-16,0.03999999012433108,0.035230779174344674,0.924769230701324,25,30,20
7,2522,3.810204503787754e-16,0.03999999012433108,0.03523081784600888,0.9247691920296597,25,30,20
7,2523,3.810204450679325e-16,0.03999999012433108,0.03523089512722466,0.924769114748444,25,30,20
7,2524,3.8102044506833443e-16,0.03999999012433108,0.035230894389861545,0.924769115485807,25,30,20
7,2525,3.810204450699691e-16,0.03999999012433108,0.03523085639295912,0.9247691534827095,25,30,20
7,2526,3.8102044506996205e-16,0.03999999012433108,0.03523085641696443,0.9247691534587041,25,30,20
7,2527,3.810204450687217e-16,0.03999999012433108,0.03523077849665398,0.9247692313790147,25,30,20
7,2528,3.8102044497555615e-16,0.03999999012433108,0.03523077774968538,0.9247692321259833,25,30,20
7,2529,3.810204449739177e-16,0.03999999012433108,0.03523075237393716,0.9247692575017313,25,30,20
7,2530,3.810204448807161e-16,0.03999999012433108,0.03523072390070767,0.924769285974961,25,30,20
7,2531,3.8102044488235017e-16,0.03999999012433108,0.03523072390074318,0.9247692859749255,25,30,20
7,2532,3.8102044488275885e-16,0.03999999012433108,0.03523072534869759,0.924769284526971,25,30,20
7,2533,3.8102044488275924e-16,0.03999999012433108,0.035230725325326506,0.9247692845503422,25,30,20
7,2534,3.8102044477170666e-16,0.0399999999370085,0.03523071551264907,0.9247692845503422,25,30,20
7,2535,3.810204447729254e-16,0.0399999999370085,0.03523071477681819,0.9247692852861731,25,30,20
7,2536,3.8102044477332737e-16,0.0399999999370085,0.0352307138642294,0.9247692861987618,25,30,20
7,2537,3.8102044477335607e-16,0.0399999999370085,0.03523071402007871,0.9247692860429124,25,30,20
7,2538,3.810204461010125e-16,0.0399999999370085,0.03523071491512476,0.9247692851478665,25,30,20
7,2539,3.810204461005757e-16,0.0399999999370085,0.03523063240464368,0.9247693676583475,25,30,20
7,2540,3.810204461010125e-16,0.039999999937008576,0.03523291199751794,0.924767088065473,25,30,20
7,2541,3.810204461941855e-16,0.039999999937008576,0.03523291298447217,0.9247670870785188,25,30,20
7,2542,3.810204461941578e-16,0.039999999937008576,0.03523288595916739,0.9247671141038235,25,30,20
7,2543,3.8102044621745825e-16,0.039999999937008576,0.035232925965950346,0.9247670740970406,25,30,20
7,2544,3.8102044090823784e-16,0.039999999937008576,0.03523292385261803,0.9247670762103729,25,30,20
7,2545,3.810204396054496e-16,0.039999999937008576,0.03523520293388582,0.9247647971291052,25,30,20
7,2546,3.8102043960544964e-16,0.039999999937008576,0.0352352063897916,0.9247647936731995,25,30,20
7,2547,3.810204395805231e-16,0.039999999937008576,0.03523292679713066,0.9247670732658605,25,30,20
7,2548,3.8102036390124525e-16,0.039999999937008576,0.03523300927627075,0.9247669907867204,25,30,20
7,2549,3.8102036390086527e-16,0.039999999937008576,0.035233007828938914,0.9247669922340522,25,30,20
7,2550,3.810203639008437e-16,0.039999999937008576,0.03523300716356591,0.9247669928994252,25,30,20
7,2551,3.8102036390083662e-16,0.039999999937008576,0.03523300712789942,0.9247669929350917,25,30,20
7,2552,2.5082092969429063e-14,0.039999999938928166,0.0400007475330731,0.9199992525279737,25,30,20
7,2553,2.5082092969428684e-14,0.039999999938928166,0.04000074408766445,0.9199992559733823,25,30,20
7,2554,2.5082092969427075e-14,0.039999999938928166,0.04000074614561007,0.9199992539154366,25,30,20
7,2555,2.508209296942664e-14,0.03999999993892809,0.03999846653549253,0.9200015335255542,25,30,20
7,2556,2.508209296942665e-14,0.03999999993892809,0.039998467859336896,0.9200015322017099,25,30,20
7,2557,2.5082092974702522e-14,0.03999999993892816,0.04026480179273713,0.9197351982683096,25,30,20
7,2558,2.508209297460935e-14,0.03999999993892816,0.04026480282712397,0.9197351972339227,25,30,20
7,2559,2.508209297460933e-14,0.03999999993892816,0.040264803493114974,0.9197351965679319,25,30,20
7,2560,2.5082092974632623e-14,0.03999999993892816,0.04026480356340747,0.9197351964976392,25,30,20
7,2561,1.3177288586975208e-19,0.04112326267796822,0.039143236169842215,0.9197335011521894,25,30,20
7,2562,1.3177288590471833e-19,0.04112326267796822,0.039143236755854655,0.9197335005661771,25,30,20
7,2563,1.3177286261149605e-19,0.04112326267796822,0.03914323672016904,0.9197335006018627,25,30,20
7,2564,1.3177286261099295e-19,0.04112326267796822,0.03914323671184338,0.9197335006101883,25,30,20
7,2565,1.3177288753150918e-19,0.041123262677968286,0.03914326651700043,0.9197334708050312,25,30,20
7,2566,1.3560930378012136e-19,0.040000000046492526,0.04026649940388937,0.9197335005496181,25,30,20
7,2567,1.3560402788820546e-19,0.04000000004649244,0.040000165006458976,0.9199998349470485,25,30,20
7,2568,1.3560402950847595e-19,0.04000000004649244,0.04000024296187994,0.9199997569916276,25,30,20
7,2569,1.7511102095198752e-11,0.04000030557661604,0.03526551044773498,0.924734183958138,25,30,20
7,2570,1.7511102099512486e-11,0.040000305576616116,0.03526556798277185,0.9247341264231009,25,30,20
7,2571,1.7511102095198775e-11,0.04000030557661604,0.03526779004051696,0.9247319043653559,25,30,20
7,2572,1.7511102095198775e-11,0.04000030557661604,0.03526779078681692,0.9247319036190558,25,30,20
7,2573,1.7511102095198775e-11,0.04000030557661604,0.035267789374234165,0.9247319050316386,25,30,20
7,2574,1.7511102095274455e-11,0.04000030557661604,0.03526770937159704,0.9247319850342757,25,30,20
7,2575,9.677361285146357e-19,0.039999999989119496,0.03742502212509632,0.922574977885784,25,30,20
7,2576,9.677361285146357e-19,0.039999999989119496,0.03742502212509322,0.9225749778857871,25,30,20
7,2577,9.676605420157915e-19,0.039999999989119496,0.0374296962737678,0.9225703037371126,25,30,20
7,2578,9.676605424244448e-19,0.039999999989119496,0.037429696927104,0.9225703030837764,25,30,20
7,2579,9.676605408258049e-19,0.039999999989119496,0.037429812808774464,0.9225701872021059,25,30,20
7,2580,9.676605175625764e-19,0.039999999989119496,0.037427533216434175,0.9225724667944462,25,30,20
7,2581,9.679632375258053e-19,0.039999999989119496,0.037427588723579694,0.9225724112873007,25,30,20
7,2582,9.67963235876992e-19,0.039999999989119496,0.03742751079310507,0.9225724892177753,25,30,20
7,2583,9.67964561992538e-19,0.039999999989119496,0.03742751082497428,0.9225724891859062,25,30,20
7,2584,9.679645620290112e-19,0.039999999989119496,0.037427510802067694,0.9225724892088129,25,30,20
7,2585,9.679645620355605e-19,0.039999999989119496,0.03742751077562544,0.9225724892352551,25,30,20
7,2586,9.679645387423675e-19,0.039999999989119496,0.03742909366930878,0.9225709063415718,25,30,20
7,2587,9.679645620069233e-19,0.039999999989119496,0.03742909420343702,0.9225709058074436,25,30,20
7,2588,9.679645636415266e-19,0.039999999989119496,0.03742909423175719,0.9225709057791234,25,30,20
7,2589,9.67964565268463e-19,0.039999999989119496,0.03742917674257345,0.9225708232683071,25,30,20
7,2590,9.679645648311393e-19,0.039999999989119496,0.037429258575097,0.9225707414357835,25,30,20
7,2591,9.678888851774675e-19,0.039999999989119496,0.03742925606786808,0.9225707439430124,25,30,20
7,2592,5.42321641118102e-10,0.039999999988120996,0.03743430360497862,0.9225656958645786,25,30,20
7,2593,5.42321641118102e-10,0.039999999988120996,0.037434223115495394,0.9225657763540619,25,30,20
7,2594,5.42321641118102e-10,0.039999999988120996,0.037434222529014696,0.9225657769405425,25,30,20
7,2595,5.42321641118102e-10,0.039999999988120996,0.037434225972837264,0.92256577349672,25,30,20
7,2596,5.42321641118102e-10,0.039999999988120996,0.03743414394941428,0.922565855520143,25,30,20
7,2597,5.42321641118102e-10,0.03999999998812092,0.03743411489037024,0.9225658845791871,25,30,20
7,2598,5.423216411177993e-10,0.03999999998812092,0.037434059408616965,0.9225659400609403,25,30,20
7,2599,5.423216411177994e-10,0.03999999998812092,0.03743568163136177,0.9225643178381957,25,30,20
7,2600,1.7870840411642829e-12,0.04000035552256159,0.04000772760856574,0.9199919168670854,25,30,20
7,2601,1.7870840411695931e-12,0.04000035552256159,0.040007767104398476,0.9199918773712527,25,30,20
7,2602,1.7870840411695699e-12,0.04000035552256159,0.040007766604880146,0.9199918778707711,25,30,20
7,2603,1.7870840411694768e-12,0.04000035552256159,0.04000306334862873,0.9199965811270223,25,30,20
7,2604,3.5181239415673316e-13,0.04000000004460448,0.04000339010955369,0.9199966098454898,25,30,20
7,2605,3.518123941514223e-13,0.04000000004460448,0.040003350138955944,0.9199966498160876,25,30,20
7,2606,3.5181239415130625e-13,0.04000000004460448,0.04000176726828655,0.919998232686757,25,30,20
7,2607,3.518123941513079e-13,0.04000000004460873,0.040374869186643236,0.9196251307683961,25,30,20
7,2608,3.518123941513079e-13,0.04000000004460873,0.04037486857600144,0.9196251313790378,25,30,20
7,2609,3.518123941513079e-13,0.04000000004460873,0.040374866543011645,0.9196251334120278,25,30,20
7,2610,3.518123941513092e-13,0.04000000004460873,0.04038143275518201,0.9196185671998575,25,30,20
7,2611,3.518123941513092e-13,0.04000000004460873,0.040381431332591526,0.9196185686224481,25,30,20
7,2612,3.518123941513092e-13,0.04000000004460873,0.04038143132384113,0.9196185686311984,25,30,20
7,2613,3.5181239415140197e-13,0.04000000004460873,0.04038143132229077,0.9196185686327489,25,30,20
7,2614,3.5181239415140404e-13,0.04000000004460873,0.040383671510710595,0.919616328444329,25,30,20
7,2615,3.518123941514045e-13,0.04000000004460873,0.04038367152778404,0.9196163284272556,25,30,20
7,2616,3.5181239842622407e-13,0.04000000004460873,0.04075677683734467,0.919243223117695,25,30,20
7,2617,3.5181239842634014e-13,0.040000000044608804,0.040886300271041565,0.9191136996839979,25,30,20
7,2618,3.5181239842634014e-13,0.040000000044608804,0.04088630027041584,0.9191136996846236,25,30,20
7,2619,3.5181239842634014e-13,0.040000000044608804,0.04088630027084744,0.9191136996841921,25,30,20
7,2620,3.5181239842634014e-13,0.040000000044608804,0.040886300270415316,0.9191136996846242,25,30,20
7,2621,3.518123984263418e-13,0.040000000044608804,0.04088638075990956,0.91911361919513,25,30,20
7,2622,3.518123984263422e-13,0.040000000044608804,0.04088649665187982,0.9191135033031597,25,30,20
7,2623,3.518123984250145e-13,0.040000000044608804,0.040886495249171935,0.9191135047058675,25,30,20
7,2624,3.518123984250145e-13,0.040000000044608804,0.040886493215993,0.9191135067390467,25,30,20
7,2625,3.5181239415010375e-13,0.040000000044608804,0.04051999411409755,0.919480005840942,25,30,20
7,2626,3.5181239415010415e-13,0.040000000044608804,0.04052469741415185,0.9194753025408877,25,30,20
7,2627,3.5181239415010213e-13,0.04000000004460455,0.04015159202702612,0.9198484079280178,25,30,20
7,2628,3.518123941501005e-13,0.04000000004460455,0.040151590579869174,0.9198484093751748,25,30,20
7,2629,3.5181239415010057e-13,0.04000000004460455,0.04015159058049477,0.9198484093745491,25,30,20
7,2630,3.5181239415010057e-13,0.04000000004460455,0.04015159058047117,0.9198484093745728,25,30,20
7,2631,3.5181239415010057e-13,0.04000000004460455,0.040151591079988204,0.9198484088750558,25,30,20
7,2632,3.518123941501239e-13,0.04000000004460455,0.04014996889271412,0.91985003106233,25,30,20
7,2633,3.5181241140439183e-13,0.04000000004460455,0.040151593340958094,0.919848406614086,25,30,20
7,2634,3.5181241140315727e-13,0.04000000004460455,0.040151593333751186,0.9198484066212929,25,30,20
7,2635,3.518123941488898e-13,0.04000000004460455,0.04014997091914929,0.9198500290358947,25,30,20
7,2636,3.518123941489131e-13,0.04000000004460455,0.04015001089702636,0.9198499890580176,25,30,20
7,2637,3.518123941489131e-13,0.04000000004460455,0.04014997750343216,0.9198500224516118,25,30,20
7,2638,3.5181239414879704e-13,0.04000000004460448,0.04002273362745146,0.9199772663275926,25,30,20
7,2639,3.5181239414879497e-13,0.04000000004460448,0.0400204934390211,0.919979506516023,25,30,20
7,2640,3.5181239414879623e-13,0.04000000004460448,0.04002049282838198,0.919979507126662,25,30,20
7,2641,3.518123941487966e-13,0.04000000004460448,0.04002060828196071,0.9199793916730833,25,30,20
7,2642,3.518123941487967e-13,0.04000000004460448,0.04002060828239493,0.9199793916726491,25,30,20
7,2643,8.12057980815613e-11,0.04000000004607058,0.04002063743138159,0.9199793624413423,25,30,20
7,2644,8.12057980815613e-11,0.04000000004607058,0.040015934131783434,0.9199840657409402,25,30,20
7,2645,8.12057980815613e-11,0.04000000004607058,0.04001593413116594,0.9199840657415578,25,30,20
7,2646,8.12057980815614e-11,0.04000000004607058,0.04001593616419323,0.9199840637085308,25,30,20
7,2647,8.12057980815614e-11,0.04000000004607058,0.040015938198122276,0.9199840616746016,25,30,20
7,2648,8.12057980815614e-11,0.04000000004607058,0.040009331955148636,0.9199906679175754,25,30,20
7,2649,8.12057980815614e-11,0.04000000004607058,0.04000933051905577,0.9199906693536681,25,30,20
7,2650,8.12057980815614e-11,0.04000000004607058,0.040002724302446835,0.9199972755702771,25,30,20
7,2651,8.12057980815614e-11,0.04000000004607058,0.04000260979712498,0.919997390075599,25,30,20
7,2652,8.12057980815613e-11,0.04000000004607058,0.040002611218749415,0.9199973886539746,25,30,20
7,2653,8.12057980815613e-11,0.04000000004607058,0.04000261122748064,0.9199973886452435,25,30,20
7,2654,8.120579808156131e-11,0.04000000004607058,0.040094906884140566,0.9199050929885835,25,30,20
7,2655,8.120579808156131e-11,0.04000000004607058,0.04009490543698901,0.919905094435735,25,30,20
7,2656,8.120579808156131e-11,0.04000000004607058,0.040094905420352926,0.9199050944523711,25,30,20
7,2657,8.120579808156131e-11,0.04000000004607058,0.04009490342209086,0.9199050964506332,25,30,20
7,2658,8.120579808192246e-11,0.039984913835844196,0.04010998963231722,0.9199050964506332,25,30,20
7,2659,8.120579808192246e-11,0.039984913835844196,0.04010998818472318,0.919905097898227,25,30,20
7,2660,8.120579808192246e-11,0.039984913835844196,0.0401099896231186,0.9199050964598317,25,30,20
7,2661,8.120579808192246e-11,0.039984913835844196,0.0401099881765668,0.9199050979063835,25,30,20
7,2662,8.120579808192246e-11,0.039984913835844196,0.040109988150095276,0.919905097932855,25,30,20
7,2663,8.120579808192808e-11,0.03998491383584426,0.04618303734741614,0.9138320487355341,25,30,20
7,2664,8.120579808192808e-11,0.03998491383584426,0.046183037347853804,0.9138320487350964,25,30,20
7,2665,8.120579808192776e-11,0.039984913835844196,0.04010998962247797,0.9199050964604722,25,30,20
7,2666,8.120579808192776e-11,0.039984913835844196,0.04010999106978013,0.9199050950131701,25,30,20
7,2667,8.120579808192767e-11,0.039984913835844196,0.04011659525317834,0.919898490829772,25,30,20
7,2668,8.120579808156654e-11,0.03999999024307875,0.040101518845943804,0.919898490829772,25,30,20
7,2669,8.120579808156654e-11,0.03999999024307875,0.04010151883719486,0.9198984908385208,25,30,20
7,2670,8.120579808156654e-11,0.03999999024307875,0.04010152081870952,0.9198984888570061,25,30,20
7,2671,8.120579808156654e-11,0.03999999024307875,0.040101520879768246,0.9198984887959473,25,30,20
7,2672,8.120579808156654e-11,0.03999999024307875,0.040101522936780924,0.9198984867389346,25,30,20
7,2673,8.120579808156654e-11,0.03999999024307875,0.04010152388521814,0.9198984857904975,25,30,20
7,2674,8.120579808156654e-11,0.03999999024307875,0.04010152386858219,0.9198984858071334,25,30,20
7,2675,8.120579808156655e-11,0.03999999024307875,0.04010144137853804,0.9198985682971776,25,30,20
7,2676,8.120579808156655e-11,0.03999999024307875,0.04010143934471743,0.9198985703309984,25,30,20
7,2677,2.708899121121439e-19,0.039999990243461736,0.04009974408711591,0.9199002656694225,25,30,20
7,2678,2.502087105213352e-14,0.039999990135931585,0.04000504022394849,0.9199949696400951,25,30,20
7,2679,2.5020871052156815e-14,0.039999990135931585,0.040005067249733794,0.9199949426143097,25,30,20
7,2680,2.5020871052156777e-14,0.039999990135931585,0.040004951357342736,0.9199950585067009,25,30,20
7,2681,2.5020871052133483e-14,0.039999990135931585,0.04000495064443459,0.9199950592196089,25,30,20
7,2682,2.5020871052133483e-14,0.039999990135931585,0.04000495064443736,0.919995059219606,25,30,20
7,2683,2.5020871052133455e-14,0.039999990135931585,0.04000495063628888,0.9199950592277546,25,30,20
7,2684,2.502087105213345e-14,0.039999990135931585,0.04000267104311314,0.9199973388209303,25,30,20
7,2685,2.5020871052110136e-14,0.039999990135931585,0.04000263107490011,0.9199973787891433,25,30,20
7,2686,2.5020871052110136e-14,0.039999990135931585,0.04000263109985053,0.9199973787641927,25,30,20
7,2687,2.502087105211024e-14,0.039999997617230776,0.04000262361855133,0.9199973787641927,25,30,20
7,2688,2.5020871052110648e-14,0.039999997617230776,0.04000262562723764,0.9199973767555066,25,30,20
7,2689,2.502087105211024e-14,0.039999997617230776,0.04000262465403021,0.919997377728714,25,30,20
7,2690,2.502087105211187e-14,0.039999997617230776,0.040002626066751645,0.9199973763159924,25,30,20
7,2691,2.5020871052205014e-14,0.039999997617230776,0.04000262747055141,0.9199973749121928,25,30,20
7,2692,2.502087105220501e-14,0.039999997617230776,0.04000262747072856,0.9199973749120157,25,30,20
7,2693,2.502087105749258e-14,0.039999997617230776,0.040002639493513924,0.9199973628892302,25,30,20
7,2694,2.502087105758575e-14,0.039999997617230776,0.04000264017022569,0.9199973622125185,25,30,20
7,2695,2.502087105758573e-14,0.039999997617230776,0.04000263810152884,0.9199973642812154,25,30,20
7,2696,2.5020871057585727e-14,0.039999997617230776,0.04000263810090579,0.9199973642818384,25,30,20
7,2697,2.5020871057584093e-14,0.039999997617230776,0.04000263667790303,0.919997365704841,25,30,20
7,2698,2.5020871057584093e-14,0.039999997617230776,0.04000263670285338,0.9199973656798908,25,30,20
7,2699,2.5020871057584093e-14,0.039999997617230776,0.040002636703287804,0.9199973656794562,25,30,20
7,2700,2.5020871057677263e-14,0.039999997617230776,0.04000275117330651,0.9199972512094378,25,30,20
7,2701,2.502087105767727e-14,0.039999997617230776,0.040002867090876644,0.9199971352918677,25,30,20
7,2702,2.5020871057675635e-14,0.039999997617230776,0.04000278456792243,0.9199972178148217,25,30,20
7,2703,2.5020871057675645e-14,0.039999997617230776,0.04000278657631667,0.9199972158064277,25,30,20
7,2704,2.5020871057584105e-14,0.039999997617230776,0.04000440877544843,0.9199955936072958,25,30,20
7,2705,2.5020871057584124e-14,0.039999997617230776,0.04000429285872587,0.9199957095240184,25,30,20
7,2706,2.5020871057584127e-14,0.039999997617230776,0.039997686653984454,0.9200023157287599,25,30,20
7,2707,2.5020871057584528e-14,0.039999997617230776,0.03999768468125735,0.9200023177014869,25,30,20
7,2708,2.5020871052275308e-14,0.039999997617230776,0.03999768326914085,0.9200023191136036,25,30,20
7,2709,2.5020871052275172e-14,0.039999999829649496,0.03999768105672213,0.9200023191136036,25,30,20
7,2710,2.5021854529436983e-14,0.039999999829649496,0.03999996068559504,0.9200000394847306,25,30,20
7,2711,2.502185452943862e-14,0.039999999829649496,0.0399999611963695,0.9200000389739561,25,30,20
7,2712,2.502185452943862e-14,0.039999999829649496,0.03999996119597052,0.9200000389743549,25,30,20
7,2713,2.502185452943821e-14,0.039999999829649496,0.03999996060965855,0.9200000395606669,25,30,20
7,2714,2.5021854529436576e-14,0.039999999829649496,0.03999996258222971,0.9200000375880957,25,30,20
7,2715,2.5021854529436576e-14,0.039999999829649496,0.03999996255593028,0.9200000376143952,25,30,20
7,2716,2.5021854529343434e-14,0.039999999829649496,0.03999996112521631,0.9200000390451092,25,30,20
7,2717,2.502185452934341e-14,0.039999999829649496,0.039999963141351215,0.9200000370289743,25,30,20
7,2718,2.502185452934341e-14,0.039999999829649496,0.039999963116577615,0.9200000370537478,25,30,20
7,2719,2.5021854529320172e-14,0.039999999829649496,0.03990766744718468,0.9200923327231411,25,30,20
7,2720,2.5021854529318565e-14,0.039999999829649496,0.0399060465795896,0.9200939535907361,25,30,20
7,2721,2.5020871052180045e-14,0.039999999829649496,0.03990376898451114,0.9200962311858146,25,30,20
7,2722,2.5020871052180055e-14,0.039999999829649496,0.03990376899723652,0.9200962311730891,25,30,20
7,2723,2.502087105215676e-14,0.039999999829649496,0.039903768410590616,0.9200962317597352,25,30,20
7,2724,2.502087105215676e-14,0.039999999829649496,0.03990376844581724,0.9200962317245085,25,30,20
7,2725,2.5020871052249932e-14,0.039999999829649496,0.039903768462457086,0.9200962317078687,25,30,20
7,2726,2.5020871052251566e-14,0.039999999829649496,0.03990376845891101,0.9200962317114147,25,30,20
7,2727,2.5020871052251595e-14,0.039999999829649496,0.03990376845891888,0.9200962317114068,25,30,20
7,2728,2.5020871052344737e-14,0.039999999829649496,0.0399037679087245,0.9200962322616012,25,30,20
7,2729,2.5020871052345147e-14,0.039999999829649496,0.0399037679096421,0.9200962322606837,25,30,20
7,2730,2.502087105234558e-14,0.039999999829649496,0.03990384383291497,0.9200961563374108,25,30,20
7,2731,2.5020871052345555e-14,0.039999999829649496,0.03990384386795951,0.9200961563023662,25,30,20
7,2732,2.5020871052353383e-14,0.03999960651221734,0.03990423718539167,0.9200961563023662,25,30,20
7,2733,2.502087105226022e-14,0.03999960651221734,0.03990412176773109,0.9200962717200268,25,30,20
7,2734,2.5020871052258584e-14,0.03999960651221734,0.03990412035500599,0.9200962731327518,25,30,20
7,2735,2.502087105225815e-14,0.03999960651221734,0.03990404239810301,0.9200963510896547,25,30,20
7,2736,2.5020871052257767e-14,0.03999960651221734,0.03990404245762933,0.9200963510301284,25,30,20
7,2737,2.5020871052162962e-14,0.03999960651221734,0.039904042416215695,0.9200963510715421,25,30,20
7,2738,2.5020871052186283e-14,0.03999960651221734,0.03990404043056248,0.9200963530571953,25,30,20
7,2739,2.5020871052184655e-14,0.03999960651221734,0.039904079913833594,0.9200963135739241,25,30,20
7,2740,2.5020871052184662e-14,0.03999960651221734,0.03991068615521316,0.9200897073325446,25,30,20
7,2741,2.5020871052185062e-14,0.03999960651221734,0.03991068815318635,0.9200897053345714,25,30,20
7,2742,2.5020871052185072e-14,0.03999960651221734,0.039910688153197135,0.9200897053345605,25,30,20
7,2743,2.5020871052185507e-14,0.03999960651221734,0.039910688665013856,0.9200897048227438,25,30,20
7,2744,2.5020871046874653e-14,0.03999960651221734,0.03991064820419046,0.9200897452835671,25,30,20
7,2745,2.5020871046874653e-14,0.03999960651221734,0.03991064820755648,0.9200897452802012,25,30,20
7,2746,2.7095574387909937e-19,0.03999960661978042,0.04000535156038209,0.9199950418198373,25,30,20
7,2747,2.7095574385143237e-19,0.03999960661978042,0.04000535156044494,0.9199950418197744,25,30,20
7,2748,2.709557458945611e-19,0.03999960661978042,0.0400053915515913,0.919995001828628,25,30,20
7,2749,2.7095574589455886e-19,0.03999960661978042,0.04000539151593197,0.9199950018642873,25,30,20
7,2750,2.709557475577105e-19,0.03999960661978042,0.04000547402228844,0.9199949193579308,25,30,20
7,2751,4.401698127210014e-16,0.03999960651030192,0.040005474122766164,0.919994919366931,25,30,20
7,2752,4.4016981272059277e-16,0.03999960651030192,0.040005474110464026,0.9199949193792333,25,30,20
7,2753,4.4016981272018375e-16,0.03999960651030192,0.04000547207683452,0.9199949214128627,25,30,20
7,2754,4.4016981272018335e-16,0.03999960651030192,0.040005471589619146,0.9199949219000781,25,30,20
7,2755,4.401698127202115e-16,0.03999960651030192,0.04000547161501096,0.9199949218746863,25,30,20
7,2756,4.4016981272023315e-16,0.03999960651030192,0.0400055875205015,0.9199948059691959,25,30,20
7,2757,4.4016981404797174e-16,0.03999960651030192,0.04000570199096627,0.919994691498731,25,30,20
7,2758,4.401698140479647e-16,0.03999960651030192,0.04000566203153528,0.9199947314581621,25,30,20
7,2759,4.40174127774612e-16,0.03999960651030192,0.04000580423306861,0.9199945892566288,25,30,20
7,2760,4.401741277745901e-16,0.03999960651030192,0.04000580373437398,0.9199945897553233,25,30,20
7,2761,4.401741276814171e-16,0.03999960651030192,0.04000580225092814,0.9199945912387694,25,30,20
7,2762,4.4017412768182614e-16,0.03999960651030192,0.04001050555094853,0.919989887938749,25,30,20
7,2763,4.401741276818333e-16,0.03999960651030192,0.040010588074520535,0.919989805415177,25,30,20
7,2764,4.401741276822419e-16,0.03999960651030192,0.04001059010710313,0.9199898033825944,25,30,20
7,2765,4.401741329926884e-16,0.03999960651030192,0.040010592088595004,0.9199898014011026,25,30,20
7,2766,4.4017413299105394e-16,0.03999960651030192,0.0400105925539707,0.9199898009357268,25,30,20
7,2767,4.4017413299103225e-16,0.03999960651030192,0.04001711626425764,0.91998327722544,25,30,20
7,2768,4.401741329910321e-16,0.03999960651030192,0.0400171162994685,0.9199832771902291,25,30,20
7,2769,4.401741276801775e-16,0.03999960651030192,0.040017114257540135,0.9199832792321575,25,30,20
7,2770,4.4017412767429597e-16,0.03999999025935316,0.04001673050848895,0.9199832792321575,25,30,20
7,2771,4.4017412765097403e-16,0.03999999025935316,0.04001673046113018,0.9199832792795162,25,30,20
7,2772,4.4017443036821833e-16,0.03999999025935745,0.040016929213994606,0.9199830805266473,25,30,20
7,2773,4.401744303682189e-16,0.03999999025935745,0.04001701173693789,0.9199829980037041,25,30,20
7,2774,4.401744303681901e-16,0.03999999025935745,0.040016895818707585,0.9199831139219344,25,30,20
7,2775,4.401744303698174e-16,0.03999999025935745,0.04001689585021841,0.9199831138904238,25,30,20
7,2776,4.401744303686201e-16,0.03999999025935745,0.04001689653283801,0.919983113207804,25,30,20
7,2777,4.401744303681834e-16,0.03999999025935745,0.04001689725376984,0.9199831124868723,25,30,20
7,2778,4.401744303681829e-16,0.03999999025935745,0.04001689721852993,0.9199831125221121,25,30,20
7,2779,4.4017011664150697e-16,0.03999999025935745,0.040016753569230186,0.9199832561714119,25,30,20
7,2780,4.4017011664313385e-16,0.03999999025935745,0.0400101757998843,0.919989833940758,25,30,20
7,2781,4.401701166431344e-16,0.03999999025935745,0.040010175824845916,0.9199898339157963,25,30,20
7,2782,4.401701219540179e-16,0.03999999025935745,0.04001017872046495,0.9199898310201773,25,30,20
7,2783,4.401701219519752e-16,0.03999999025935745,0.04001013871723221,0.9199898710234099,25,30,20
7,2784,4.4017012195198226e-16,0.03999999025935745,0.04001231392306308,0.919987695817579,25,30,20
7,2785,4.401701219500369e-16,0.03999999970880066,0.040012304473619864,0.919987695817579,25,30,20
7,2786,4.401701219500369e-16,0.03999999970880066,0.04001222197605818,0.9199877783151408,25,30,20
7,2787,4.401701219500369e-16,0.03999999970880066,0.040012224009048,0.9199877762821509,25,30,20
7,2788,4.401701219500369e-16,0.03999999970880066,0.04001222398442775,0.9199877763067712,25,30,20
7,2789,4.401701219516783e-16,0.03999999970880066,0.04001222400472757,0.9199877762864713,25,30,20
7,2790,4.4017012195208634e-16,0.03999999970880066,0.040012224590823785,0.9199877757003752,25,30,20
7,2791,4.4017012195374246e-16,0.03999999970880066,0.04001230508136656,0.9199876952098325,25,30,20
7,2792,4.401701219549684e-16,0.03999999970880066,0.040012305081074624,0.9199876952101244,25,30,20
7,2793,4.401698193309146e-16,0.03999999970879637,0.04001680962844281,0.9199831906627604,25,30,20
7,2794,4.401698193309434e-16,0.03999999970879637,0.04002341583520791,0.9199765844559954,25,30,20
7,2795,4.401698193309716e-16,0.03999999970879637,0.04001875255505423,0.9199812477361491,25,30,20
7,2796,1.7700428049216796e-13,0.039999999708813336,0.03997259302746208,0.9200274072635475,25,30,20
7,2797,1.7700428049216632e-13,0.039999999708813336,0.03997259300683917,0.9200274072841705,25,30,20
7,2798,1.7700428049083856e-13,0.039999999708813336,0.0399724770886158,0.9200275232023938,25,30,20
7,2799,1.7700428049083859e-13,0.039999999708813336,0.03997247775505492,0.9200275225359548,25,30,20
7,2800,1.770042805612074e-13,0.039999999708813336,0.03997247892679008,0.9200275213642196,25,30,20
7,2801,1.7700428056130058e-13,0.039999999708813336,0.03997247892680875,0.9200275213642009,25,30,20
7,2802,1.7700428056129893e-13,0.039999999708813336,0.03997247691902916,0.9200275233719806,25,30,20
7,2803,1.7700428048561928e-13,0.039999999708813336,0.039972472864404085,0.9200275274266057,25,30,20
7,2804,1.770042804856197e-13,0.039999999708813336,0.039972472839665964,0.9200275274513438,25,30,20
7,2805,1.7700428048564296e-13,0.039999999708813336,0.039972472865068706,0.9200275274259411,25,30,20
7,2806,1.770042804855498e-13,0.039999999708813336,0.03997239237512132,0.9200276079158884,25,30,20
7,2807,1.7700428048564296e-13,0.039999999708813336,0.03997247492171987,0.92002752536929,25,30,20
7,2808,1.770042804856429e-13,0.039999999708813336,0.039972436935458114,0.9200275633555516,25,30,20
7,2809,1.770042804856433e-13,0.039999999708813336,0.03997243763694235,0.9200275626540673,25,30,20
7,2810,1.7700428048564329e-13,0.039999999708813336,0.03997243693542456,0.9200275633555851,25,30,20
7,2811,1.7700428048564286e-13,0.039999999708813336,0.039972436934809494,0.9200275633562002,25,30,20
7,2812,1.7700428048555132e-13,0.039999999708813336,0.039967733652090394,0.9200322666389192,25,30,20
7,2813,1.7700428048555132e-13,0.039999999708813336,0.03996773165411975,0.9200322686368898,25,30,20
7,2814,1.7700428048554968e-13,0.039999999708813336,0.039965527975817414,0.9200344723151923,25,30,20
7,2815,1.7700428048557255e-13,0.039999999708813336,0.03996780756794127,0.9200321927230684,25,30,20
7,2816,1.770042804855742e-13,0.039999999708813336,0.03996780758440784,0.920032192706602,25,30,20
7,2817,1.770042804855742e-13,0.039999999708813336,0.039967807584585,0.9200321927064248,25,30,20
7,2818,1.770042804855742e-13,0.039999999708813336,0.03996780760997109,0.9200321926810386,25,30,20
7,2819,1.7700428048557586e-13,0.039999999708813336,0.03996789014501061,0.9200321101459992,25,30,20
7,2820,1.770042804855758e-13,0.039999999708813336,0.03996132389760912,0.9200386763934005,25,30,20
7,2821,1.7700428049088667e-13,0.039999999708813336,0.0399613233373596,0.92003867695365,25,30,20
7,2822,1.7700428049088705e-13,0.039999999708813336,0.0399613240492892,0.9200386762417206,25,30,20
7,2823,1.7700428049088705e-13,0.039999999708813336,0.03996132404911203,0.9200386762418978,25,30,20
7,2824,1.7700428049086378e-13,0.039999999708813336,0.039961326021685555,0.9200386742693243,25,30,20
7,2825,1.770042804908638e-13,0.039999999708813336,0.03996132652120258,0.9200386737698072,25,30,20
7,2826,1.770042819341081e-13,0.03999905388920352,0.0399622723408124,0.9200386737698072,25,30,20
7,2827,1.7700428193420125e-13,0.03999905388920352,0.039962388258746435,0.9200385578518733,25,30,20
7,2828,1.7700428193429445e-13,0.03999905388920352,0.03996238829464258,0.9200385578159771,25,30,20
7,2829,1.7700428193429445e-13,0.03999905388920352,0.03996238832025325,0.9200385577903666,25,30,20
7,2830,1.7700428193429448e-13,0.03999905388920352,0.03996238829530292,0.9200385578153168,25,30,20
7,2831,1.770042819396057e-13,0.03999905388920359,0.03996251088675521,0.9200384352238644,25,30,20
7,2832,1.7700428193960612e-13,0.03999905388920359,0.03996251089844647,0.9200384352121732,25,30,20
7,2833,1.7700526547271063e-13,0.03999905388920359,0.039955909111287026,0.9200450369993327,25,30,20
7,2834,1.7700526547261743e-13,0.03999905388920359,0.039955826552824154,0.9200451195577954,25,30,20
7,2835,1.770052654726174e-13,0.03999905388920359,0.0399558275006432,0.9200451186099764,25,30,20
7,2836,1.770052654726174e-13,0.03999905388920359,0.039955825467875225,0.9200451206427444,25,30,20
7,2837,1.770052654725259e-13,0.03999905388920359,0.0399557110333794,0.9200452350772401,25,30,20
7,2838,1.7700526547252426e-13,0.03999905388920359,0.039955673071771045,0.9200452730388488,25,30,20
7,2839,1.770052640545866e-13,0.039977585901451035,0.039977141059523574,0.9200452730388488,25,30,20
7,2840,1.770052640546798e-13,0.039977585901451035,0.03997725494382502,0.9200451591545472,25,30,20
7,2841,1.7700526405468143e-13,0.039977585901451035,0.039977253435095034,0.9200451606632771,25,30,20
7,2842,1.7700526405458828e-13,0.039977585901451035,0.03997725343421177,0.9200451606641604,25,30,20
7,2843,1.770052640545862e-13,0.039977585901451035,0.039977170935422426,0.9200452431629498,25,30,20
7,2844,1.7700526405592462e-13,0.039977585901451035,0.04035027598031699,0.919672138118055,25,30,20
7,2845,1.7700526413160433e-13,0.039977585901451035,0.04035027573396986,0.9196721383644022,25,30,20
7,2846,1.7700526413160514e-13,0.039977585901451035,0.04035027593646959,0.9196721381619025,25,30,20
7,2847,1.7700526412629591e-13,0.039977585901451035,0.04035035698709463,0.9196720571112774,25,30,20
7,2848,1.7700526412638868e-13,0.039977585901451035,0.04035035878292795,0.9196720553154443,25,30,20
7,2849,1.7700526410108983e-13,0.03999980919410567,0.04032813549027331,0.9196720553154443,25,30,20
7,2850,1.7700526410108983e-13,0.03999980919410567,0.04032813619167718,0.9196720546140403,25,30,20
7,2851,1.770052641010882e-13,0.03999980919410567,0.04032967655702838,0.9196705142486892,25,30,20
7,2852,1.770052641010878e-13,0.03999980919410575,0.04032970636182572,0.9196704844438917,25,30,20
7,2853,1.7700526417667431e-13,0.03999980919410575,0.040329706362041556,0.9196704844436758,25,30,20
7,2854,1.770052641766739e-13,0.03999980919410567,0.04032967585565128,0.9196705149500661,25,30,20
7,2855,1.7700526417669718e-13,0.03999980919410567,0.04032808146323703,0.9196721093424804,25,30,20
7,2856,1.7700526417669718e-13,0.03999980919410567,0.04032808146339902,0.9196721093423186,25,30,20
7,2857,6.269743433226989e-15,0.04000016468417449,0.04037555163306271,0.9196242836827565,25,30,20
7,2858,6.269743433226982e-15,0.04000016468417449,0.0403755509395424,0.9196242843762767,25,30,20
7,2859,6.2697434332192224e-15,0.04000035519883143,0.04037536042488547,0.9196242843762767,25,30,20
7,2860,6.269743427907981e-15,0.04000035519883136,0.04037535371510503,0.9196242910860575,25,30,20
7,2861,6.2697477276818535e-15,0.04000035519883144,0.04050487734518032,0.919494767455982,25,30,20
7,2862,6.2697477276830794e-15,0.04000035519883144,0.04050487714302857,0.9194947676581338,25,30,20
7,2863,6.2697477275899355e-15,0.04000035519883144,0.0405047612861458,0.9194948835150165,25,30,20
7,2864,6.26974775289639e-15,0.039977941392782566,0.04052717509219468,0.9194948835150165,25,30,20
7,2865,6.2697477528967984e-15,0.039977941392782566,0.040527177160634247,0.9194948814465769,25,30,20
7,2866,6.269752066611255e-15,0.039977941392782566,0.040527189350739394,0.9194948692564718,25,30,20
7,2867,6.269752066609614e-15,0.039977941392782566,0.040527187879606054,0.9194948707276052,25,30,20
7,2868,6.2697477528718436e-15,0.039977941392782566,0.04052714721636895,0.9194949113908423,25,30,20
7,2869,6.2697477528485525e-15,0.039977941392782566,0.04052486969228835,0.9194971889149229,25,30,20
7,2870,6.269747752846917e-15,0.039977941392782566,0.040524869666891936,0.9194971889403193,25,30,20
7,2871,6.269747677260405e-15,0.039977941392782566,0.04052486994891117,0.9194971886583001,25,30,20
7,2872,6.268764149466496e-15,0.039977941392782566,0.040529568823763934,0.9194924897834474,25,30,20
7,2873,6.268764149466497e-15,0.039977941392782566,0.04052956878871179,0.9194924898184996,25,30,20
7,2874,6.268764149489408e-15,0.039977941392782566,0.04053184631296679,0.9194902122942445,25,30,20
7,2875,6.268764124182923e-15,0.040000345792079804,0.04050944191366956,0.9194902122942445,25,30,20
7,2876,6.268764124182923e-15,0.040000345792079804,0.040509441921995286,0.9194902122859189,25,30,20
7,2877,6.26876413034742e-15,0.03828188474933403,0.042227902964741056,0.9194902122859189,25,30,20
7,2878,6.268764054760912e-15,0.03828188474933403,0.042227900456229116,0.9194902147944309,25,30,20
7,2879,6.2687640547375915e-15,0.03828188474933403,0.04222562087142955,0.9194924943792304,25,30,20
7,2880,6.268764054644447e-15,0.03828188474933403,0.04222562154865919,0.9194924937020008,25,30,20
7,2881,6.268764054646081e-15,0.03828188474933403,0.04222562157409295,0.919492493676567,25,30,20
7,2882,6.268764054646491e-15,0.03828188474933403,0.042225621609590584,0.9194924936410694,25,30,20
7,2883,6.26876405466815e-15,0.03828188474933403,0.04222562166280138,0.9194924935878587,25,30,20
7,2884,6.268764053329745e-15,0.03828188474933403,0.04185254506536982,0.9198655701852901,25,30,20
7,2885,6.26878130828114e-15,0.03828188474933403,0.041852585059039354,0.9198655301916205,25,30,20
7,2886,6.2687640533297746e-15,0.03828188474933403,0.0418525464774717,0.9198655687731881,25,30,20
7,2887,6.26876405341069e-15,0.03828188474933403,0.04194016742728035,0.9197779478233795,25,30,20
7,2888,1.397961064533692e-19,0.038281535392234264,0.04194054651007831,0.9197779180976875,25,30,20
7,2889,1.3979612569871998e-19,0.038281535392234264,0.04819012904479258,0.9135283355629733,25,30,20
7,2890,1.3979612409278296e-19,0.038281535392234264,0.048190128578981924,0.9135283360287839,25,30,20
7,2891,1.3979612412070557e-19,0.038281535392234264,0.04819012856772982,0.9135283360400359,25,30,20
7,2892,1.3979612414825092e-19,0.038281535392234264,0.04819012856002296,0.9135283360477429,25,30,20
7,2893,1.3979612251400716e-19,0.038281535392234264,0.04819012853463105,0.9135283360731347,25,30,20
7,2894,1.3979612210536296e-19,0.038281535392234264,0.048190128498522986,0.9135283361092429,25,30,20
7,2895,2.465058645509839e-14,0.03828187873178898,0.048189785167785555,0.913528336100401,25,30,20
7,2896,2.4650603710140352e-14,0.03828187873178898,0.04194020313218718,0.9197779181359994,25,30,20
7,2897,2.46506037047488e-14,0.03828187873178898,0.04184788088589324,0.9198702403822933,25,30,20
7,2898,2.4650603704747172e-14,0.03828187873178898,0.04184779836315362,0.9198703229050329,25,30,20
7,2899,2.4650603704677295e-14,0.03828187873178898,0.041847796905930296,0.9198703243622561,25,30,20
7,2900,2.4650603704677323e-14,0.03828187873178898,0.04184779757207504,0.9198703236961114,25,30,20
7,2901,2.465058644961775e-14,0.03828187873178898,0.04184779906933559,0.9198703221988509,25,30,20
7,2902,2.4650586525297434e-14,0.03828187873178898,0.04184780047267471,0.9198703207955119,25,30,20
7,2903,2.4650586525320718e-14,0.03828187873178898,0.04184768600329014,0.9198704352648964,25,30,20
7,2904,2.46505865253207e-14,0.03828187873178898,0.04184768600389749,0.919870435264289,25,30,20
7,2905,3.9735868541924353e-16,0.038281534795434606,0.04184802994043384,0.9198704352641311,25,30,20
7,2906,4.534115680450676e-16,0.03828153480937609,0.041854100788373455,0.9198643644022501,25,30,20
7,2907,3.973586853959575e-16,0.038281534795434606,0.04184802994043006,0.919870435264135,25,30,20
7,2908,3.973586853963589e-16,0.038281534795434606,0.04184802851805572,0.9198704366865094,25,30,20
7,2909,3.9735876107601543e-16,0.038281534795434606,0.04184802950199237,0.9198704357025729,25,30,20
7,2910,3.973587610993086e-16,0.038281534795434606,0.041848029562659816,0.9198704356419054,25,30,20
7,2911,3.9735876641012406e-16,0.038281534795434606,0.04184811353724616,0.919870351667319,25,30,20
7,2912,3.9735876641015275e-16,0.038281534795434606,0.04185471774604761,0.9198637474585176,25,30,20
7,2913,3.9735876638686006e-16,0.038281534795434606,0.04185471772059349,0.9198637474839717,25,30,20
7,2914,3.9735876638729013e-16,0.038281534795434606,0.04185483363740548,0.9198636315671598,25,30,20
7,2915,3.9735876022279073e-16,0.03999999863344731,0.0401363697993928,0.9198636315671598,25,30,20
7,2916,3.973587601994975e-16,0.03999999863344731,0.04013636973873602,0.9198636316278166,25,30,20
7,2917,3.9735876019748353e-16,0.03999999863344731,0.04013636915286956,0.919863632213683,25,30,20
7,2918,3.9735876019870947e-16,0.03999999863344731,0.04013637057463676,0.9198636307919158,25,30,20
7,2919,3.9735876019868067e-16,0.03999999863344731,0.040136369898206056,0.9198636314683465,25,30,20
7,2920,3.9735868451899547e-16,0.03999999863344731,0.04013636892392963,0.9198636324426229,25,30,20
7,2921,3.9735868461216107e-16,0.03999999863344731,0.04013636690561429,0.9198636344609382,25,30,20
7,2922,3.9735868452065143e-16,0.03999999863344731,0.040136395353123515,0.919863606013429,25,30,20
7,2923,3.973586845190245e-16,0.03999999863344731,0.0401363939264043,0.9198636074401482,25,30,20
7,2924,3.973586845190527e-16,0.03999999863344731,0.04013639392698805,0.9198636074395644,25,30,20
7,2925,3.973586846121969e-16,0.03999999863344731,0.040136394425893486,0.9198636069406589,25,30,20
7,2926,3.9735868461383124e-16,0.03999999863344731,0.04013639645891383,0.9198636049076387,25,30,20
7,2927,3.9735868463709593e-16,0.03999999863344731,0.04013639852702204,0.9198636028395305,25,30,20
7,2928,3.973586846375333e-16,0.03999999863344731,0.040136398562695755,0.9198636028038567,25,30,20
7,2929,3.9735860895784933e-16,0.03999999863344731,0.04013639786100722,0.9198636035055452,25,30,20
7,2930,3.97358608957412e-16,0.03999999863344731,0.0401363978170078,0.9198636035495446,25,30,20
7,2931,3.973586089557848e-16,0.03999999863344731,0.040136395827641905,0.9198636055389104,25,30,20
7,2932,5.60653193865465e-09,0.040019632153235424,0.04011675569868696,0.9198636065415456,25,30,20
7,2933,5.60653193865465e-09,0.040019632153235424,0.04011675500655312,0.9198636072336795,25,30,20
7,2934,5.60653193865465e-09,0.040019632153235424,0.04011675355982608,0.9198636086804066,25,30,20
7,2935,5.60653193865465e-09,0.040019632153235424,0.04011675285860612,0.9198636093816265,25,30,20
7,2936,5.606531938654645e-09,0.040019632153235424,0.04011666892739316,0.9198636933128393,25,30,20
7,2937,5.60653193865465e-09,0.040019632153235424,0.040116697400466785,0.9198636648397658,25,30,20
7,2938,5.60653193865465e-09,0.040019632153235424,0.040246220787736806,0.9197341414524959,25,30,20
7,2939,5.60653193865465e-09,0.040019632153235424,0.040246222226759866,0.9197341400134728,25,30,20
7,2940,5.606531938650351e-09,0.04001963215323535,0.040116699035351255,0.9198636632048814,25,30,20
7,2941,5.606531938650351e-09,0.04001963904993139,0.04011669213865518,0.9198636632048814,25,30,20
7,2942,5.606531938650653e-09,0.04001963904993139,0.04012329835563162,0.9198570569879051,25,30,20
7,2943,5.606531938650653e-09,0.04001963904993139,0.04012329839086415,0.9198570569526726,25,30,20
7,2944,5.606531938650653e-09,0.04001963904993139,0.04012329842576277,0.919857056917774,25,30,20
7,2945,5.606531938650653e-09,0.04001963904993139,0.040123298952194686,0.919857056391342,25,30,20
7,2946,5.606531938650653e-09,0.04001963904993139,0.040123298951583466,0.9198570563919531,25,30,20
7,2947,5.606531938650653e-09,0.04001963904993139,0.04011669274524655,0.9198636625982901,25,30,20
7,2948,5.606531938650653e-09,0.04001963904993139,0.04011669224590333,0.9198636630976332,25,30,20
7,2949,5.606531938650653e-09,0.04001963904993139,0.040116693693062505,0.9198636616504742,25,30,20
7,2950,5.606531938650653e-09,0.04001963904993139,0.040116694194316876,0.91986366114922,25,30,20
7,2951,5.606531938650653e-09,0.04001963904993139,0.040116695597813924,0.9198636597457229,25,30,20
7,2952,5.606531938650351e-09,0.04001963904993139,0.040239612813453965,0.919740742530083,25,30,20
7,2953,5.606531938650351e-09,0.04001963904993139,0.04023970025816368,0.9197406550853732,25,30,20
7,2954,5.606531938650351e-09,0.04001963904993139,0.04023970025797952,0.9197406550855574,25,30,20
7,2955,5.606531938650351e-09,0.04001963904993139,0.04023970161492024,0.9197406537286167,25,30,20
7,2956,5.606531938650351e-09,0.04001963904993139,0.040239701650145836,0.919740653693391,25,30,20
7,2957,5.606531938650351e-09,0.04001963904993139,0.04023970227168043,0.9197406530718564,25,30,20
7,2958,5.606531938650351e-09,0.04001963904993139,0.040239784759582745,0.9197405705839542,25,30,20
7,2959,5.606531938650351e-09,0.04001963904993139,0.040239783311957454,0.9197405720315794,25,30,20
7,2960,6.394085122710523e-24,0.040000006236458184,0.0402594227345977,0.9197405710289442,25,30,20
7,2961,3.09095574120478e-22,0.040000006236458184,0.040261702307107836,0.9197382914564343,25,30,20
7,2962,3.8477469640548054e-22,0.040000006236458184,0.04026178279714234,0.9197382109663996,25,30,20
7,2963,3.8479962409877287e-22,0.040000006236458184,0.04026181127028511,0.9197381824932569,25,30,20
7,2964,8.209856475108867e-23,0.040000006236458184,0.04025964759493669,0.9197403461686053,25,30,20
7,2965,8.209894423242279e-23,0.040000006236458184,0.0402596461828335,0.9197403475807084,25,30,20
7,2966,8.209898056243364e-23,0.040000006236458184,0.040259647630380924,0.919740346133161,25,30,20
7,2967,8.209857857355373e-23,0.040000006236458184,0.04025964762027923,0.9197403461432627,25,30,20
7,2968,1.4922247359216336e-22,0.040000006236458184,0.04478089134756364,0.9152191024159784,25,30,20
7,2969,7.354297850087881e-23,0.040000006236458184,0.04478080949002164,0.9152191842735203,25,30,20
7,2970,7.354338697668422e-23,0.040000006236458184,0.0447855122909578,0.9152144814725842,25,30,20
7,2971,7.354338709580642e-23,0.040000006236458184,0.044785512301247,0.915214481462295,25,30,20
7,2972,7.354338759874878e-23,0.040000006236458184,0.044785396409473384,0.9152145973540686,25,30,20
7,2973,7.363615165020469e-23,0.040000006236458184,0.04478536351652178,0.9152146302470203,25,30,20
7,2974,9.836058987368072e-19,0.040000006236458184,0.0447854021878816,0.9152145915756604,25,30,20
7,2975,9.836058963202328e-19,0.040000006236458184,0.04478548417626104,0.915214509587281,25,30,20
7,2976,9.836111143775408e-19,0.040000006236458184,0.044785440315464366,0.9152145534480778,25,30,20
7,2977,9.83611113151707e-19,0.040000006236458184,0.04478547756633004,0.9152145161972121,25,30,20
7,2978,9.836111127426025e-19,0.040000006236458184,0.044780774301773275,0.9152192194617689,25,30,20
7,2979,9.836111111370448e-19,0.040000006236458184,0.044780856290154436,0.9152191374733876,25,30,20
7,2980,9.8361111236313e-19,0.040000006236458184,0.04478076885390545,0.9152192249096366,25,30,20
7,2981,9.836111356557862e-19,0.040000006236458184,0.04478080224856382,0.9152191915149782,25,30,20
7,2982,9.879193222939852e-19,0.040000006236458184,0.04478304328274514,0.9152169504807969,25,30,20
7,2983,9.836058260317164e-19,0.040000006236458184,0.0447807631099221,0.9152192306536199,25,30,20
7,2984,9.836058264331996e-19,0.04000000623645825,0.04478071109296131,0.9152192826705807,25,30,20
7,2985,9.836058247769636e-19,0.04000000623645825,0.044780684644765076,0.9152193091187769,25,30,20
7,2986,9.83605824748286e-19,0.04000000623645825,0.04478068323447,0.915219310529072,25,30,20
7,2987,9.836058476327814e-19,0.04000000623645825,0.04478079911636537,0.9152191946471766,25,30,20
7,2988,9.836058472671443e-19,0.04000000623645825,0.044780799773808326,0.9152191939897335,25,30,20
7,2989,9.836058227484807e-19,0.04000000623645825,0.04478085378857078,0.9152191399749712,25,30,20
7,2990,9.836058223112852e-19,0.040000006236458184,0.04478082531539358,0.9152191684481484,25,30,20
7,2991,9.836058222760555e-19,0.04000000623645818,0.04465130188215898,0.915348691881383,25,30,20
7,2992,9.879195550871399e-19,0.040000006236458184,0.0446513025859445,0.9153486911775975,25,30,20
7,2993,9.87919553459688e-19,0.040000006236458184,0.04465130256117069,0.9153486912023713,25,30,20
7,2994,9.879195534605707e-19,0.040000006236458184,0.044651302526296954,0.9153486912372452,25,30,20
7,2995,9.879248875679832e-19,0.040000006236458184,0.044651341836670966,0.9153486519268711,25,30,20
7,2996,4.392625011502192e-21,0.040000006236458184,0.044652926041155706,0.9153470677223864,25,30,20
7,2997,4.392624627745945e-21,0.040000006236458184,0.04465454757692004,0.915345446186622,25,30,20
7,2998,4.628217835312789e-21,0.040000006236458184,0.04013330529929205,0.9198666884642499,25,30,20
7,2999,4.628217863979359e-21,0.040000006236458184,0.04013330328334574,0.9198666904801962,25,30,20
7,3000,4.62812469498771e-21,0.040000006236458184,0.04013168241356979,0.9198683113499722,25,30,20
7,3001,4.628126646280284e-21,0.03999945358377846,0.04013223506624947,0.9198683113499722,25,30,20
7,3002,4.628127907952066e-21,0.03999945358377846,0.040132196393076754,0.9198683500231449,25,30,20
7,3003,4.6281295067188114e-21,0.03999945358377846,0.04013057493901017,0.9198699714772115,25,30,20
7,3004,4.930812885005368e-21,0.03999945358377846,0.04013216874843922,0.9198683776677825,25,30,20
7,3005,4.930812849670353e-21,0.03999945358377846,0.04013216875657662,0.9198683776596451,25,30,20
7,3006,4.930811215059316e-21,0.03999945358377846,0.04013214028407777,0.9198684061321438,25,30,20
7,3007,4.628106587190323e-21,0.03999945358377846,0.04013057287903218,0.9198699735371895,25,30,20
7,3008,4.628104952078477e-21,0.03999945358377846,0.0401304903560779,0.9198700560601436,25,30,20
7,3009,4.622770807412905e-21,0.03999945358377846,0.04013046333035124,0.9198700830858703,25,30,20
7,3010,3.0903762301984866e-22,0.03999945358377846,0.04013049602122072,0.9198700503950008,25,30,20
7,3011,3.09037616861132e-22,0.03999945358377846,0.04013049602061,0.9198700503956115,25,30,20
7,3012,3.1036570534354664e-22,0.03999945358377846,0.04013064987895107,0.9198698965372705,25,30,20
7,3013,3.103640702297465e-22,0.03999945358377846,0.040130621449686855,0.9198699249665347,25,30,20
7,3014,3.1036447171343694e-22,0.03999945358377846,0.04013062345439294,0.9198699229618288,25,30,20
7,3015,3.1036488036633465e-22,0.03999945358377846,0.040130624889081534,0.9198699215271401,25,30,20
7,3016,3.103648865250513e-22,0.03999945358377846,0.04013062488969227,0.9198699215265294,25,30,20
7,3017,3.103652665008563e-22,0.03999945358377846,0.040130625565792256,0.9198699208504293,25,30,20
7,3018,3.1169249661953506e-22,0.03999945358377846,0.04013290446897762,0.919867641947244,25,30,20
7,3019,3.1169249612087535e-22,0.03999945358377846,0.04013290449371579,0.9198676419225058,25,30,20
7,3020,3.1169246756940055e-22,0.03999945358377846,0.04013290449370817,0.9198676419225132,25,30,20
7,3021,3.116941025586273e-22,0.03999945358377846,0.04013290451910884,0.9198676418971127,25,30,20
7,3022,3.116924679464666e-22,0.03999945358377846,0.04013290307133359,0.919867643344888,25,30,20
7,3023,3.116924321001581e-22,0.03999945358377846,0.0401327871535334,0.9198677592626882,25,30,20
7,3024,3.1178601366059187e-22,0.03999945358377846,0.040132787179272454,0.9198677592369491,25,30,20
7,3025,3.171205935512058e-22,0.03999945358377854,0.040132827640332006,0.9198677187758895,25,30,20
7,3026,9.838075488700364e-19,0.03999945358402315,0.04013445086116737,0.9198660955548096,25,30,20
7,3027,9.838062212315162e-19,0.03999945358402315,0.04013217126879226,0.9198683751471846,25,30,20
7,3028,3.15862841848532e-22,0.03999945358377854,0.0401304721338367,0.9198700742823849,25,30,20
7,3029,3.158628414645805e-22,0.03999945358377854,0.04013047414165372,0.9198700722745677,25,30,20
7,3030,3.156800055537004e-22,0.03999944745268251,0.0401304802727495,0.9198700722745677,25,30,20
7,3031,3.1568000543678485e-22,0.03999944745268251,0.04013048026045113,0.9198700722868661,25,30,20
7,3032,3.1567960395544507e-22,0.03999944745268251,0.040130479502034716,0.9198700730452825,25,30,20
7,3033,3.156796035695932e-22,0.03999944745268251,0.04013047947694867,0.9198700730703686,25,30,20
7,3034,3.156795893502029e-22,0.03999944745268251,0.040130478776278344,0.919870073771039,25,30,20
7,3035,3.1034548256426616e-22,0.03999944745268251,0.04013043876523044,0.919870113782087,25,30,20
7,3036,3.116731963398169e-22,0.03999944745268251,0.040130440248277326,0.9198701122990401,25,30,20
7,3037,3.1034711718186723e-22,0.03999944745268251,0.0401304672377019,0.9198700853096154,25,30,20
7,3038,3.103471453560109e-22,0.03999944745268251,0.04013046657200008,0.9198700859753173,25,30,20
7,3039,9.838408318575971e-19,0.03999944745268251,0.04013057757269389,0.9198699749746235,25,30,20
7,3040,9.83846049133193e-19,0.03999944745268251,0.04013061804117926,0.9198699345061382,25,30,20
7,3041,9.838473768110882e-19,0.03999944745268251,0.04013062003977821,0.9198699325075392,25,30,20
7,3042,9.838473768181515e-19,0.03999944745268251,0.040130620051785436,0.9198699324955321,25,30,20
7,3043,9.838460487085384e-19,0.03999944745268251,0.040130466168488595,0.9198700863788289,25,30,20
7,3044,9.83846048679863e-19,0.03999944745268251,0.040130466133001794,0.9198700864143156,25,30,20
7,3045,9.838460506276163e-19,0.03999980925579066,0.04013010432989365,0.9198700864143156,25,30,20
7,3046,9.835433318907963e-19,0.03999980925579066,0.040130185367977855,0.9198700053762314,25,30,20
7,3047,9.835433551768314e-19,0.03999980925579066,0.04013018605824378,0.9198700046859655,25,30,20
7,3048,9.835473383258043e-19,0.03999980925579066,0.04013018548022715,0.9198700052639822,25,30,20
7,3049,9.83547336662517e-19,0.03999980925579066,0.04013018495575157,0.9198700057884577,25,30,20
7,3050,9.83547359956116e-19,0.03999980925579066,0.0401301849811458,0.9198700057630634,25,30,20
7,3051,9.83548685923811e-19,0.03999980925579066,0.04013246454893364,0.9198677261952757,25,30,20
7,3052,9.835473583144688e-19,0.03999980925579066,0.04013018496830512,0.9198700057759042,25,30,20
7,3053,9.835473579059502e-19,0.03999980925579066,0.040130186957511596,0.9198700037866978,25,30,20
7,3054,1.689650845228557e-23,0.03999980925579066,0.040130076467789995,0.9198701142764193,25,30,20
7,3055,2.2170395957343416e-23,0.03999980925579066,0.040396409579243675,0.9196037811649657,25,30,20
7,3056,2.217039596822172e-23,0.03999980925579066,0.04039640961446802,0.9196037811297414,25,30,20
7,3057,2.748094852879543e-23,0.03999980925579066,0.040398687203264984,0.9196015035409444,25,30,20
7,3058,2.7480948652673837e-23,0.03999980925579066,0.04039868720286283,0.9196015035413465,25,30,20
7,3059,2.7506285137868226e-23,0.03999980925579066,0.04039868786951776,0.9196015028746917,25,30,20
7,3060,2.75062775655143e-23,0.03999980925579066,0.04039868711551782,0.9196015036286915,25,30,20
7,3061,1.0294089889007204e-22,0.03999980925579066,0.04052821122239404,0.9194719795218154,25,30,20
7,3062,1.0301077869574157e-22,0.03999980925579066,0.0405282119678671,0.9194719787763422,25,30,20
7,3063,1.0301118722272446e-22,0.03999980925579066,0.040528211980575934,0.9194719787636335,25,30,20
7,3064,9.770033258333384e-23,0.03999980925579066,0.040528211290341086,0.9194719794538684,25,30,20
7,3065,7.720768460998381e-18,0.040000170979193624,0.04052784956693796,0.9194719794538684,25,30,20
7,3066,7.720768437733459e-18,0.040000170979193624,0.04052796342612769,0.9194718655946785,25,30,20
7,3067,7.720763163845958e-18,0.040000170979193624,0.04026162887977956,0.9197382001410267,25,30,20
7,3068,7.720763163444474e-18,0.040000170979193624,0.04026162828515984,0.9197382007356465,25,30,20
7,3069,7.720763256588566e-18,0.040000170979193624,0.04026162973194334,0.919738199288863,25,30,20
7,3070,7.720763186737504e-18,0.040000170979193624,0.0402617442105309,0.9197380848102754,25,30,20
7,3071,7.720763185110063e-18,0.040000170979193624,0.04026171577326834,0.919738113247538,25,30,20
7,3072,7.720763185117096e-18,0.040000170979193624,0.04026171376503086,0.9197381152557754,25,30,20
7,3073,7.720763185110924e-18,0.040000170979193624,0.040261713738397494,0.9197381152824089,25,30,20
7,3074,7.720763163423625e-18,0.040000170979193624,0.0402617416994405,0.9197380873213659,25,30,20
7,3075,7.079336029470257e-17,0.07955292993934457,0.0007089827392878605,0.9197380873213676,25,30,20
7,3076,7.079336029350579e-17,0.07955292993934457,0.0007089834403933813,0.919738086620262,25,30,20
7,3077,7.079336560434958e-17,0.07955292993934457,0.0007090659522833323,0.9197380041083721,25,30,20
7,3078,7.079336560432141e-17,0.07955292993934457,0.0007089514818224464,0.919738118578833,25,30,20
7,3079,7.079336558100011e-17,0.07955292993934457,0.000708835580633853,0.9197382344800217,25,30,20
7,3080,7.079336567417237e-17,0.07955292993934457,0.0007088341836588962,0.9197382358769965,25,30,20
7,3081,7.079336576734477e-17,0.07955292993934457,0.0007088346831798692,0.9197382353774755,25,30,20
7,3082,7.079336576775334e-17,0.07955292993934457,0.0007154409250056452,0.9197316291356498,25,30,20
7,3083,7.079336576771688e-17,0.07955292993934457,0.0007154409243129837,0.9197316291363424,25,30,20
7,3084,7.079336574439555e-17,0.07955292993934457,0.0007153250417526436,0.919731745018903,25,30,20
7,3085,7.079336567450895e-17,0.07955292993934457,0.0007152870719579772,0.9197317829886977,25,30,20
7,3086,7.079336567410739e-17,0.07955292993934457,0.0007086808653887268,0.9197383891952668,25,30,20
7,3087,7.079336567410739e-17,0.07955292993934457,0.0007085990434855865,0.91973847101717,25,30,20
7,3088,7.079366838035726e-17,0.07955292993934457,0.0007101409929137065,0.9197369290677418,25,30,20
7,3089,7.07939710984823e-17,0.07955292993934457,0.0007101694534271823,0.9197369006072283,25,30,20
7,3090,7.079397109851048e-17,0.07955292993934457,0.0007101687528293685,0.9197369013078261,25,30,20
7,3091,7.079397109850332e-17,0.07955292993934457,0.0007101687528077391,0.9197369013078479,25,30,20
7,3092,7.079397107317412e-17,0.07955292993934457,0.0007101700841341923,0.9197368999765214,25,30,20
7,3093,7.079397105031809e-17,0.07955292993934457,0.0007101715315586829,0.919736898529097,25,30,20
7,3094,7.079397104868411e-17,0.07955292993934457,0.0007101430591109565,0.9197369270015447,25,30,20
7,3095,7.079397104988089e-17,0.07955292993934457,0.0007101423709524172,0.9197369276897033,25,30,20
7,3096,7.079397104987422e-17,0.07955292993934457,0.0007101423711819252,0.9197369276894737,25,30,20
7,3097,7.079397105376842e-17,0.0795525681351422,0.0007105041753843034,0.9197369276894737,25,30,20
7,3098,7.079396571918854e-17,0.07955256813514212,0.000710465136709929,0.9197369667281482,25,30,20
7,3099,7.07939670468736e-17,0.07955256813514212,0.0007104636896034666,0.9197369681752546,25,30,20
7,3100,7.079396704687297e-17,0.07955256813514212,0.0007104637246425611,0.9197369681402155,25,30,20
7,3101,7.079396704690215e-17,0.07955256813514212,0.0007104651621395828,0.9197369667027185,25,30,20
7,3102,7.079396182921975e-17,0.07955256813514212,0.0007127042608849783,0.919734727603973,25,30,20
7,3103,7.079396173605404e-17,0.07955256813514212,0.0007127042457642022,0.9197347276190938,25,30,20
7,3104,7.0793653718961e-17,0.07955256813514212,0.0007110797810490808,0.9197363520838089,25,30,20
7,3105,7.07936536257881e-17,0.07955256813514212,0.0007110792918062123,0.9197363525730518,25,30,20
7,3106,7.079335090766305e-17,0.07955256813514212,0.0007111333425567391,0.9197362985223012,25,30,20
7,3107,7.079335090766319e-17,0.07955256813514212,0.000711133330092725,0.9197362985347654,25,30,20
7,3108,7.079335090763402e-17,0.07955256813514212,0.0007111318577978466,0.9197363000070602,25,30,20
7,3109,7.079335090600506e-17,0.07955256813514212,0.0005816084245715391,0.9198658234402867,25,30,20
7,3110,7.079335090601273e-17,0.07955256813514212,0.000581609836886642,0.9198658220279715,25,30,20
7,3111,7.079335090598469e-17,0.07955256813514212,0.0005816098719310391,0.919865821992927,25,30,20
7,3112,7.07932754713567e-17,0.07955256813514212,0.00045211421212350804,0.9199953176527346,25,30,20
7,3113,7.079327414326348e-17,0.07955256813514212,0.00045211221186106695,0.9199953196529971,25,30,20
7,3114,7.079327405009589e-17,0.07955256813514212,0.00044983265414201144,0.9199975992107161,25,30,20
7,3115,7.079327405172949e-17,0.07955256813514212,0.0004498042173250558,0.9199976276475331,25,30,20
7,3116,7.07932753794145e-17,0.07955256813514212,0.00044980427633564023,0.9199976275885224,25,30,20
7,3117,7.079327538104797e-17,0.07955256813514212,0.00044980429344055386,0.9199976275714173,25,30,20
7,3118,7.079327547422031e-17,0.07955256813514212,0.00044983273056818304,0.9199975991342897,25,30,20
7,3119,7.079327547424897e-17,0.07955256813514212,0.0004499152307703461,0.9199975166340876,25,30,20
7,3120,7.07932755674145e-17,0.07955256813514212,0.000453078354938768,0.9199943535099192,25,30,20
7,3121,7.07932755911087e-17,0.07955256813514212,0.00045307839017259246,0.9199943534746854,25,30,20
7,3122,7.079328090192791e-17,0.07955256813514212,0.0004529973031373598,0.9199944345617206,25,30,20
7,3123,7.079328090196326e-17,0.07955256813514212,0.00045299731357248424,0.9199944345512854,25,30,20
7,3124,7.079328090196277e-17,0.07955256813514212,0.00045299727791305304,0.9199944345869447,25,30,20
7,3125,7.079328090196275e-17,0.07955256813514212,0.00045299727747545056,0.9199944345873823,25,30,20
7,3126,7.079328080879042e-17,0.07955256813514212,0.0004529688052983543,0.9199944630595592,25,30,20
7,3127,7.079328080879091e-17,0.07955256813514212,0.00045288634216854654,0.9199945455226893,25,30,20
7,3128,7.079328083207697e-17,0.07955256813514212,0.00045288634258945545,0.9199945455222682,25,30,20
7,3129,7.079328083207768e-17,0.07955311097724722,0.00045234350048435135,0.9199945455222682,25,30,20
7,3130,7.079328083207768e-17,0.07955311097724722,0.00045234352542769177,0.919994545497325,25,30,20
7,3131,7.079328083207063e-17,0.07955311097724722,0.00045234352585450536,0.9199945454968982,25,30,20
7,3132,7.079328095014195e-17,0.07955311097724722,0.0004524260157001589,0.9199944630070525,25,30,20
7,3133,7.079328095014195e-17,0.07955311097724722,0.0004524259353951038,0.9199944630873576,25,30,20
7,3134,7.079327573279083e-17,0.07955311097724722,0.0004501463223679693,0.9199967427003847,25,30,20
7,3135,7.079327573279071e-17,0.07955311097724722,0.00045014428999296826,0.9199967447327597,25,30,20
7,3136,7.079327573279021e-17,0.07955311097724722,0.00045014428955536583,0.9199967447331973,25,30,20
7,3137,7.079327573319887e-17,0.07955311097724722,0.00045014629803046447,0.9199967427247222,25,30,20
7,3138,7.07932757331702e-17,0.07955311097724722,0.0004501467887633938,0.9199967422339893,25,30,20
7,3139,7.079328104239055e-17,0.07955311097724722,0.00045014878673672355,0.919996740236016,25,30,20
7,3140,7.079327582471743e-17,0.07955311097724722,0.00045242701159962207,0.9199944620111531,25,30,20
7,3141,7.079758922819815e-17,0.07955311097724722,0.000454705921769788,0.919992183100983,25,30,20
7,3142,7.079758920490443e-17,0.07955311097724722,0.00045470592133797246,0.9199921831014147,25,30,20
7,3143,7.0797589203277e-17,0.07955311097724722,0.00045482181311452027,0.9199920672096381,25,30,20
7,3144,7.07975892033058e-17,0.07955311097724722,0.00045482184878030044,0.9199920671739725,25,30,20
7,3145,7.079759053098858e-17,0.07955311097724722,0.0004549043373030501,0.9199919846854497,25,30,20
7,3146,7.079759041288809e-17,0.07955311097724722,0.0004548218489722296,0.9199920671737805,25,30,20
7,3147,7.07975904141207e-17,0.07955311097724722,0.0004548502966607552,0.9199920387260918,25,30,20
7,3148,7.07975890864361e-17,0.07955311097724722,0.00045485023407217237,0.9199920387886806,25,30,20
7,3149,7.07975890848015e-17,0.07955311097724722,0.0004548502092873895,0.9199920388134655,25,30,20
7,3150,7.07975890831597e-17,0.07955311097724722,0.00045482170114733155,0.9199920673216055,25,30,20
7,3151,7.07975903196681e-17,0.07955311097724722,0.00045710079483345415,0.9199897882279195,25,30,20
7,3152,7.079759031969625e-17,0.07955311097724722,0.0004571013808427011,0.9199897876419102,25,30,20
7,3153,7.079759031969526e-17,0.07955311097724722,0.00045710137209065187,0.9199897876506623,25,30,20
7,3154,7.079759022652962e-17,0.07955311097724722,0.0004539382124351122,0.9199929508103178,25,30,20
7,3155,7.081484518220413e-17,0.07955311097724722,0.00045396535353566024,0.9199929236692173,25,30,20
7,3156,7.081484385449303e-17,0.07955311097724722,0.0004538828650065616,0.9199930061577465,25,30,20
7,3157,7.081484385449265e-17,0.07955311097724722,0.0004538828297881296,0.9199930061929648,25,30,20
7,3158,7.081484385445731e-17,0.07955311097724722,0.00045388281935611325,0.9199930062033969,25,30,20
7,3159,7.081484385447882e-17,0.07955311097724722,0.00045396389494305444,0.91999292512781,25,30,20
7,3160,7.081484385611294e-17,0.07955311097724722,0.00045396387063938116,0.9199929251521136,25,30,20
7,3161,7.081053035945918e-17,0.07955311097724722,0.0004516835128893221,0.9199952055098638,25,30,20
7,3162,7.081053035945955e-17,0.07955311097724722,0.00045168353783255977,0.9199952054849204,25,30,20
7,3163,1.726216739352827e-20,0.07999997863747701,4.815877604526359e-06,0.9199952054849188,25,30,20
7,3164,1.7262192292192876e-20,0.07999997863747701,4.7345552147828074e-06,0.9199952868073085,25,30,20
7,3165,1.726219232086796e-20,0.07999997863747701,4.7365882401809315e-06,0.9199952847742832,25,30,20
7,3166,1.7336542325350357e-20,0.07999997863747701,2.457721677625968e-06,0.9199975636408456,25,30,20
7,3167,1.7336472436655832e-20,0.07999997863747701,1.8017068975644223e-07,0.9199998411918335,25,30,20
7,3168,1.726079276521914e-20,0.07999997863747701,2.45903743125408e-06,0.919997562325092,25,30,20
7,3169,1.726079279339339e-20,0.07999997863747701,2.4590130997558065e-06,0.9199975623494234,25,30,20
7,3170,1.726079280055175e-20,0.07999997863747701,2.459048332374417e-06,0.9199975623141908,25,30,20
7,3171,1.7260794843797268e-20,0.07999997863747701,2.499047095339529e-06,0.9199975223154279,25,30,20
7,3172,1.7260794829587212e-20,0.07999997863747701,2.1948937235983343e-07,0.9199998018731509,25,30,20
7,3173,1.7260794858758788e-20,0.07999997863747701,2.2093714947769304e-07,0.9199998004253738,25,30,20
7,3174,5.931955664671167e-24,0.07999997863747701,1.9248924397713075e-07,0.9199998288732794,25,30,20
7,3175,5.9303569012228156e-24,0.07999997863747701,1.925239715284049e-07,0.9199998288385517,25,30,20
7,3176,5.930385578628189e-24,0.07999997863747701,1.925235072159854e-07,0.919999828839016,25,30,20
7,3177,4.319669447424832e-21,0.07999997863747701,2.2105522186828815e-07,0.9199998003073011,25,30,20
7,3178,4.3209971330093516e-21,0.07999997863747701,2.2250673073989084e-07,0.9199997988557922,25,30,20
7,3179,4.322231666759269e-21,0.07999997863747701,2.2183641227960464e-07,0.9199997995261107,25,30,20
7,3180,4.322232104086947e-21,0.07999997863747701,2.617962860871302e-07,0.919999759566237,25,30,20
7,3181,4.322233717694227e-21,0.07999997863747701,2.597797972735361e-07,0.9199997615827259,25,30,20
7,3182,4.32223371719123e-21,0.07999997863747701,2.5977961742008176e-07,0.9199997615829056,25,30,20
7,3183,4.322257036350889e-21,0.07999997863747703,4.963080393250581e-06,0.9199950582821299,25,30,20
7,3184,4.322256627711459e-21,0.07999997863747703,4.9230852295264835e-06,0.9199950982772935,25,30,20
7,3185,4.321022115467953e-21,0.07999997863747703,4.924476712109884e-06,0.919995096885811,25,30,20
7,3186,4.623751569011936e-21,0.0799999786374771,6.587654460261366e-06,0.9199934337080627,25,30,20
7,3187,4.6237515690206066e-21,0.0799999786374771,6.587689689395397e-06,0.9199934336728336,25,30,20
7,3188,4.623751539840281e-21,0.0799999786374771,6.586242085052822e-06,0.919993435120438,25,30,20
7,3189,4.3210237207229606e-21,0.07999997863747703,9.626328725845812e-06,0.9199903950337972,25,30,20
7,3190,4.321000018857426e-21,0.07999997863747703,9.62428480571671e-06,0.9199903970777172,25,30,20
7,3191,4.320555694062718e-21,0.07999999000707604,9.612915206691133e-06,0.9199903970777172,25,30,20
7,3192,4.320555694060553e-21,0.07999999000707604,9.61287997750257e-06,0.9199903971129466,25,30,20
7,3193,4.320555687394276e-21,0.07999999000707604,9.6128443149042e-06,0.9199903971486091,25,30,20
7,3194,4.320557350681735e-21,0.07999999000707604,9.498374451247983e-06,0.9199905116184729,25,30,20
7,3195,4.3152464957205295e-21,0.07999999000707604,9.496340654086503e-06,0.91999051365227,25,30,20
7,3196,4.31524813031511e-21,0.07999999000707604,9.497042319321096e-06,0.9199905129506049,25,30,20
7,3197,1.5090398003268074e-24,0.07999999000707604,9.468509551930167e-06,0.9199905414833721,25,30,20
7,3198,1.6005422998214846e-24,0.07999999000707604,9.495547002895715e-06,0.9199905144459212,25,30,20
7,3199,1.6005425601627884e-24,0.07999999000707604,9.495547339522878e-06,0.9199905144455847,25,30,20
7,3200,1.6005497293471779e-24,0.07999999000707604,9.578070477032224e-06,0.919990431922447,25,30,20
7,3201,1.6005496057757524e-24,0.07999999000707604,9.578035424869303e-06,0.9199904319574992,25,30,20
7,3202,1.6005496079823857e-24,0.07999999000707604,9.57804569526721e-06,0.919990431947229,25,30,20
7,3203,1.5073767842478825e-24,0.07999999000707604,9.549561369702767e-06,0.9199904604315543,25,30,20
7,3204,1.5073767755768677e-24,0.07999999000707604,9.549560932100293e-06,0.919990460431992,25,30,20
7,3205,1.4824489328705725e-24,0.07999999000707604,9.54839541230854e-06,0.9199904615975119,25,30,20
7,3206,4.315222796961084e-21,0.07999999000707604,4.846805757898859e-06,0.9199951631871663,25,30,20
7,3207,4.315222768275005e-21,0.07999999000707604,4.848839020971421e-06,0.9199951611539033,25,30,20
7,3208,4.315222769146468e-21,0.07999999000707604,4.931361537149841e-06,0.9199950786313871,25,30,20
7,3209,4.315223170627934e-21,0.07999999000707604,4.934807234913916e-06,0.9199950751856893,25,30,20
7,3210,4.3405357011779305e-21,0.07999944704390721,5.47777040374057e-06,0.9199950751856893,25,30,20
7,3211,2.6795353152043955e-23,0.07999944704390721,7.098960608297792e-06,0.9199934539954847,25,30,20
7,3212,2.6772034504131665e-23,0.07999944704390721,2.3956846138841344e-06,0.9199981572714792,25,30,20
7,3213,2.6771597191426665e-23,0.07999944704390721,2.39220368112818e-06,0.919998160752412,25,30,20
7,3214,2.676956110655012e-23,0.07999944704390721,2.3512572872862218e-06,0.9199982016988058,25,30,20
7,3215,2.677122389312358e-23,0.07999944704390721,2.3517815743846867e-06,0.9199982011745186,25,30,20
7,3216,2.809724205889875e-23,0.07999944704390721,3.974665761662157e-06,0.9199965782903312,25,30,20
7,3217,2.8095643293349863e-23,0.07999944704390721,3.975423734637661e-06,0.9199965775323584,25,30,20
7,3218,2.6767982975248006e-23,0.07999944704390721,2.354555890109395e-06,0.9199981984002029,25,30,20
7,3219,2.67679829862037e-23,0.07999944704390721,2.3560030489512176e-06,0.9199981969530441,25,30,20
7,3220,3.2078830857627623e-23,0.07999944704390721,2.3574853800181436e-06,0.9199981954707129,25,30,20
7,3221,3.207720360476514e-23,0.07999944704390721,7.346087571428736e-07,0.9199998183473359,25,30,20
7,3222,7.988740301578754e-16,0.07999944704390721,7.774216346369063e-07,0.9199997755344576,25,30,20
7,3223,7.988743328265992e-16,0.07999944704390728,7.383682487954792e-06,0.9199931692736043,25,30,20
7,3224,7.988743328269799e-16,0.07999944704390728,7.459605325171094e-06,0.9199930933507668,25,30,20
7,3225,7.988743328366873e-16,0.07999924963161416,7.657017618271933e-06,0.9199930933507671,25,30,20
7,3226,7.988740301679351e-16,0.07999924963161407,1.0507530681724612e-06,0.9199996996153171,25,30,20
7,3227,7.988740301679357e-16,0.07999924963161407,1.0527510489516716e-06,0.9199996976173362,25,30,20
7,3228,7.988740248574965e-16,0.07999924963161407,1.0912982528057776e-06,0.9199996590701325,25,30,20
7,3229,7.98874026185203e-16,0.07999924963161407,1.0101677332950519e-06,0.919999740200652,25,30,20
7,3230,7.988740262080804e-16,0.07999924963161407,1.0526607077325e-06,0.9199996977076775,25,30,20
7,3231,7.98874024880804e-16,0.07999924963161416,1.1358303435247825e-06,0.9199996145380416,25,30,20
7,3232,7.988741005371445e-16,0.07999924963161416,1.0818155608526505e-06,0.9199996685528243,25,30,20
7,3233,7.988741045206882e-16,0.07999924963161416,1.1208513507415e-06,0.9199996295170344,25,30,20
7,3234,7.98874104613861e-16,0.07999924963161416,1.1188787720945154e-06,0.919999631489613,25,30,20
7,3235,7.988741059401426e-16,0.07999924963161416,9.34145478007858e-05,0.9199073358205843,25,30,20
7,3236,7.988741060332867e-16,0.07999924963161416,9.34530915766603e-05,0.9199072972768084,25,30,20
7,3237,7.988741060337246e-16,0.07999924963161416,9.345168150764145e-05,0.9199072986868774,25,30,20
7,3238,7.988741060337174e-16,0.07999924963161416,9.345118136935324e-05,0.9199072991870157,25,30,20
7,3239,7.988744087020327e-16,0.07999924963161409,9.997287179029577e-05,0.9199007774965949,25,30,20
7,3240,7.988743833817448e-16,0.07999940896318708,9.981354021728622e-05,0.9199007774965949,25,30,20
7,3241,7.988743833584803e-16,0.07999940896318708,9.98121999055271e-05,0.9199007788369067,25,30,20
7,3242,7.988743833600864e-16,0.07999940896318708,9.981220822369626e-05,0.9199007788285886,25,30,20
7,3243,7.988743833600839e-16,0.07999980228542743,9.941888598334702e-05,0.9199007788285886,25,30,20
7,3244,7.988743832669182e-16,0.07999980228542743,9.941885052947018e-05,0.9199007788640423,25,30,20
7,3245,7.988743832669396e-16,0.07999980228542743,9.942085856468837e-05,0.9199007768560071,25,30,20
7,3246,7.988743832652765e-16,0.07999980228542743,9.942033366642845e-05,0.9199007773809055,25,30,20
7,3247,7.988746859667731e-16,0.07999980228542743,0.00010169992773590968,0.919898497786836,25,30,20
7,3248,7.988746859684077e-16,0.07999980228542743,0.00010169996312176309,0.91989849775145,25,30,20
7,3249,7.988746859688155e-16,0.07999980228542743,0.0001016175108901567,0.9198985802036816,25,30,20
7,3250,7.988746859688442e-16,0.07999980228542743,0.00010161954467942826,0.9198985781698923,25,30,20
7,3251,7.988743845950576e-16,0.07999980228542743,9.94558686068408e-05,0.9199007418459649,25,30,20
7,3252,7.988743845966923e-16,0.07999980228542743,9.945636772218169e-05,0.9199007413468498,25,30,20
7,3253,7.988743846199533e-16,0.07999980228542751,0.0001060606072418948,0.91989413710733,25,30,20
7,3254,7.98874384619954e-16,0.07999980228542751,0.00010606057263255234,0.9198941371419395,25,30,20
7,3255,3.865392820033365e-22,0.07999980228542751,0.00010601775959564422,0.9198941799549769,25,30,20
7,3256,3.8653928187759373e-22,0.07999980228542751,0.00010601775959554145,0.9198941799549771,25,30,20
7,3257,3.8653931017782123e-22,0.07999980228542751,0.0001060164276172932,0.9198941812869552,25,30,20
7,3258,3.8653771141236363e-22,0.07999980228542751,0.00011071969231217363,0.9198894780222602,25,30,20
7,3259,3.1085810638364563e-22,0.07999980228542751,0.00011069118437734144,0.9198895065301952,25,30,20
7,3260,3.108577042894921e-22,0.07999980228542751,0.00011061467567699985,0.9198895830388955,25,30,20
7,3261,3.1085770491834147e-22,0.07999980228542751,0.00011069719818570237,0.9198895005163868,25,30,20
7,3262,3.1076615955766623e-22,0.07999980228542751,0.00011065792138333112,0.9198895397931892,25,30,20
7,3263,3.1076618773196124e-22,0.07999980228542751,0.00011065793802178807,0.9198895397765505,25,30,20
7,3264,8.097442250595278e-24,0.07999980228542751,0.00010405375422423798,0.9198961439603482,25,30,20
7,3265,8.097408090165346e-24,0.07999980240645184,0.00010405363319991325,0.9198961439603482,25,30,20
7,3266,8.097380039287717e-24,0.07999980240645184,0.00010413613137762203,0.9198960614621705,25,30,20
7,3267,8.097358535801141e-24,0.07999980240645184,0.00010413459787002796,0.919896062995678,25,30,20
7,3268,8.097322819035126e-24,0.07999980240645184,9.943133331326077e-05,0.919900766260235,25,30,20
7,3269,8.097322693449147e-24,0.07999980240645184,9.935025750750325e-05,0.9199008473360408,25,30,20
7,3270,1.7224461430397492e-20,0.07999980240645184,0.00018905572121704587,0.9198111418723312,25,30,20
7,3271,1.7224461429265726e-20,0.07999980240645184,0.00018897319826306362,0.9198112243952852,25,30,20
7,3272,1.7224484285156574e-20,0.07999980240645184,0.00018897521959971965,0.9198112223739485,25,30,20
7,3273,1.7224577457554538e-20,0.07999980240645184,0.00018897378996758516,0.9198112238035807,25,30,20
7,3274,1.7219266227717854e-20,0.07999980240645184,0.0001889333188741187,0.9198112642746742,25,30,20
7,3275,1.7217939953415632e-20,0.07999980240645184,0.00010324389167493132,0.9198969537018732,25,30,20
7,3276,1.7219267688702436e-20,0.07999980240645184,0.00010324411879838792,0.9198969534747499,25,30,20
7,3277,1.752091299994659e-20,0.07999980240669567,0.00023276790142240622,0.9197674296918819,25,30,20
7,3278,1.7519608582756457e-20,0.07999980240669567,0.0002342748853317715,0.9197659227079726,25,30,20
7,3279,1.7519631875401904e-20,0.07999980240669567,0.00023439077774183712,0.9197658068155623,25,30,20
7,3280,1.7217893369762976e-20,0.07999980240645184,0.00010486558258037394,0.9198953320109676,25,30,20
7,3281,1.7293398434021358e-20,0.07999980240645184,0.00019716055281947253,0.9198030370407285,25,30,20
7,3282,1.729340006825622e-20,0.07999980240645184,0.0001971605276422763,0.9198030370659057,25,30,20
7,3283,1.7293398433650646e-20,0.07999980240645184,0.00019715985289896201,0.9198030377406491,25,30,20
7,3284,1.000825593120778e-18,0.07999980240645184,0.00019708444683561128,0.9198031131467124,25,30,20
7,3285,1.018078530929898e-18,0.07999980240645192,0.0002017878309938607,0.9197984097625542,25,30,20
7,3286,1.0180785309012229e-18,0.07999980240645192,0.0002017878305515532,0.9197984097629964,25,30,20
7,3287,1.018078505973767e-18,0.07999980240645192,0.00020178583236198967,0.9197984117611859,25,30,20
7,3288,1.0008621418587701e-18,0.07999980240645192,0.00011207829995869213,0.9198881192935895,25,30,20
7,3289,1.0181163871760895e-18,0.07999980240645184,0.00010709495588452834,0.9198931026376636,25,30,20
7,3290,1.0181177152967269e-18,0.07999980240645184,0.00010713493933688134,0.9198930626542112,25,30,20
7,3291,1.0181177153015228e-18,0.0799998023655511,0.00010713498023761358,0.9198930626542112,25,30,20
7,3292,1.018117716928957e-18,0.0799998023655511,0.00010713497010518574,0.9198930626643437,25,30,20
7,3293,1.0181177185635647e-18,0.0799998023655511,0.0001071329379707517,0.9198930646964781,25,30,20
7,3294,1.0181177185634403e-18,0.0799998023655511,0.00010064261330666326,0.9198995550211423,25,30,20
7,3295,1.0181177418565053e-18,0.0799998023655511,0.00010068261003353814,0.9198995150244155,25,30,20
7,3296,1.0181177667841563e-18,0.0799998023655511,0.0001007651220139866,0.9198994325124349,25,30,20
7,3297,1.0181230776678154e-18,0.0799998023655511,0.00010076706874296253,0.919899430565706,25,30,20
7,3298,3.4590859687530253e-20,0.0799998023655511,0.00010072655700756114,0.9198994710774413,25,30,20
7,3299,3.459086132263674e-20,0.0799998023655511,0.00010072796868263909,0.9198994696657663,25,30,20
7,3300,3.459085968807459e-20,0.0799998023655511,0.00010064745529764533,0.9198995501791513,25,30,20
7,3301,3.4590859716754044e-20,0.0799998023655511,0.00010064749111050185,0.9198995501433385,25,30,20
7,3302,3.459085970969298e-20,0.0799998023655511,0.00010064606872519715,0.9198995515657237,25,30,20
7,3303,1.733659273710715e-20,0.0799998023655511,9.902519852716889e-05,0.9199011724359216,25,30,20
7,3304,1.7336592744283082e-20,0.0799998023655511,9.902522391957596e-05,0.9199011724105293,25,30,20
7,3305,1.7336591109670878e-20,0.0799998023655511,9.902522453179135e-05,0.9199011724099171,25,30,20
7,3306,1.7336591081004693e-20,0.0799998023655511,9.902519928599383e-05,0.9199011724351628,25,30,20
7,3307,1.733526295999681e-20,0.0799998023655511,9.898520576342144e-05,0.9199012124286854,25,30,20
7,3308,1.733535572813308e-20,0.0799998023655554,0.0001005546909404945,0.919899642943504,25,30,20
7,3309,1.733535410069896e-20,0.0799998023655554,0.00010055516492617312,0.9198996424695184,25,30,20
7,3310,1.733411952785551e-20,0.0799998023655554,0.00010217736436952565,0.9198980202700752,25,30,20
7,3311,1.7335422314332247e-20,0.0799998023655554,0.000102137594971194,0.9198980600394734,25,30,20
7,3312,1.73314407781033e-20,0.0799998023655554,0.000102165490220902,0.9198980321442236,25,30,20
7,3313,1.733153558188244e-20,0.0799998023655554,0.00010378839158799181,0.9198964092428565,25,30,20
7,3314,1.733163720342501e-20,0.0799999963721649,0.0001035943849785043,0.9198964092428565,25,30,20
7,3315,1.7331544034317472e-20,0.0799999963721649,0.00010197148366520155,0.91989803214417,25,30,20
7,3316,1.7256038970436307e-20,0.0799999963721649,9.67581264747365e-06,0.9199903278151876,25,30,20
7,3317,1.725637183253601e-20,0.07999999501973604,9.677165076343776e-06,0.9199903278151876,25,30,20
7,3318,1.7256371868371544e-20,0.07999999501973604,9.678648368428636e-06,0.9199903263318956,25,30,20
7,3319,1.725627750191169e-20,0.07999999501973604,8.055791423674446e-06,0.9199919491888403,25,30,20
7,3320,1.725627912935443e-20,0.07999999501973604,7.939899480644137e-06,0.9199920650807833,25,30,20
7,3321,1.725627915841126e-20,0.07999999501973604,7.939891170418798e-06,0.9199920650890935,25,30,20
7,3322,1.72562775238081e-20,0.07999999501973604,7.93783257812218e-06,0.9199920671476859,25,30,20
7,3323,1.725627753814456e-20,0.07999999501973604,7.939901271877201e-06,0.919992065078992,25,30,20
7,3324,1.7256277537639284e-20,0.07999999501973604,7.939876320793115e-06,0.9199920651039432,25,30,20
7,3325,1.7256278734921222e-20,0.07999999501973604,7.939858047470957e-06,0.9199920651222164,25,30,20
7,3326,1.725627873504468e-20,0.07999999501973604,7.939893102741421e-06,0.9199920650871611,25,30,20
7,3327,1.7254951020890838e-20,0.07999999501973604,7.93916680222769e-06,0.9199920658134616,25,30,20
7,3328,1.7254952655503e-20,0.07999999501973604,7.940591208766401e-06,0.9199920643890551,25,30,20
7,3329,1.725495102806892e-20,0.07999999501973604,7.940574742216186e-06,0.9199920644055217,25,30,20
7,3330,1.7256280357349717e-20,0.0799999950197361,8.083005249741418e-06,0.9199919219750141,25,30,20
7,3331,2.1569999006885182e-20,0.0799999950197361,6.462198049122327e-06,0.9199935427822149,25,30,20
7,3332,2.156866966376887e-20,0.07999999501973604,6.319731862451151e-06,0.9199936852484016,25,30,20
7,3333,2.1568671298283903e-20,0.07999999501973604,8.522911241502442e-06,0.9199914820690226,25,30,20
7,3334,2.1568648005195008e-20,0.07999999501973604,8.520877601120267e-06,0.919991484102663,25,30,20
7,3335,2.1568646399259967e-20,0.07999999501973604,8.520876840238721e-06,0.9199914841034239,25,30,20
7,3336,1.7254904485621364e-20,0.07999999501973604,8.518826549865258e-06,0.9199914861537143,25,30,20
7,3337,1.7254927749680687e-20,0.07999999501973604,8.519309614296031e-06,0.9199914856706498,25,30,20
7,3338,1.725495103583855e-20,0.07999999501973604,8.559279325246952e-06,0.9199914457009389,25,30,20
7,3339,1.725504420823331e-20,0.07999999501973604,8.558343198592136e-06,0.9199914466370654,25,30,20
7,3340,1.7255137351946086e-20,0.07999999501973604,8.559790537918709e-06,0.9199914451897261,25,30,20
7,3341,1.7260448199683044e-20,0.07999999501973604,8.561249390312995e-06,0.9199914437308739,25,30,20
7,3342,1.7265746829298534e-20,0.07999999501973604,0.00010085692936178176,0.9198991480509023,25,30,20
7,3343,1.7265745187616196e-20,0.07999999501973604,9.86532515041303e-05,0.91990135172876,25,30,20
7,3344,1.726572189438529e-20,0.07999999501973604,9.865419912425271e-05,0.9199013507811398,25,30,20
7,3345,1.726041103934674e-20,0.07999999501973604,9.865274105173724e-05,0.9199013522392124,25,30,20
7,3346,1.7260411068015318e-20,0.07999999501973604,9.865477407687909e-05,0.9199013502061872,25,30,20
7,3347,1.7260504233736085e-20,0.07999999501973604,9.865481570256479e-05,0.9199013501645615,25,30,20
7,3348,7.565198779236258e-24,0.07999999501973595,9.406665802773894e-05,0.9199059383222365,25,30,20
7,3349,7.565170110617457e-24,0.07999999501973595,9.40646603462972e-05,0.9199059403199179,25,30,20
7,3350,8.315024833726659e-23,0.07999999501973595,9.568757108524141e-05,0.919904317409179,25,30,20
7,3351,7.471997335128291e-24,0.07999999501973595,9.406464283779054e-05,0.9199059403374263,25,30,20
7,3352,1.2782847427597192e-23,0.07999999501973595,9.410329530390156e-05,0.9199059016849602,25,30,20
7,3353,1.2689675410170236e-23,0.07999999501973595,9.41027922290115e-05,0.9199059021880351,25,30,20
7,3354,1.2782855073643e-23,0.07999999501973595,9.421870155819523e-05,0.919905786278706,25,30,20
7,3355,1.1453507654494743e-23,0.07999999501973595,9.418889463903268e-05,0.919905816085625,25,30,20
7,3356,1.1361963097354784e-23,0.07999999501973595,9.407440762801749e-05,0.9199059305726363,25,30,20
7,3357,1.1361969280340304e-23,0.07999999501973595,9.407441118518381e-05,0.919905930569079,25,30,20
7,3358,1.1361969417074179e-23,0.07999999501973595,9.407237840809037e-05,0.9199059326018562,25,30,20
7,3359,1.136199809216018e-23,0.07999999501973595,9.407236179041901e-05,0.9199059326184738,25,30,20
7,3360,1.1361993327245858e-23,0.07999999506148132,9.407232004504449e-05,0.9199059326184738,25,30,20
7,3361,3.1398756921580404e-22,0.07999999506148132,9.407273903217663e-05,0.9199059321994867,25,30,20
7,3362,3.1398594165604074e-22,0.07999999506148132,9.40713165163519e-05,0.9199059336220026,25,30,20
7,3363,6.11370465950854e-22,0.07999999506148132,6.478966471503469e-06,0.9199935259720473,25,30,20
7,3364,6.113704593905716e-22,0.07999999506148132,6.478989536864443e-06,0.919993525948982,25,30,20
7,3365,6.112772831131771e-22,0.07999999506147704,4.9108807888766105e-06,0.9199950940577343,25,30,20
7,3366,6.112772832413131e-22,0.07999999506147704,4.9108564473303e-06,0.9199950940820757,25,30,20
7,3367,3.0859415850266374e-22,0.07999999506147704,2.0755190952061034e-07,0.9199997973866136,25,30,20
7,3368,3.0859415849383723e-22,0.07999999506147704,2.075871274324056e-07,0.9199997973513958,25,30,20
7,3369,3.0859255243341704e-22,0.07999999506147704,2.0757482473157368e-07,0.9199997973636984,25,30,20
7,3370,3.085909178235196e-22,0.07999999506147704,2.0757376436690116e-07,0.9199997973647588,25,30,20
7,3371,3.085908824821187e-22,0.07999999506147704,2.0612613152725596e-07,0.9199997988123917,25,30,20
7,3372,3.085925170012521e-22,0.07999999506147704,2.4857193338692776e-06,0.9199975192191894,25,30,20
7,3373,3.084993442369073e-22,0.07999999506147704,2.4856943440781667e-06,0.9199975192441792,25,30,20
7,3374,3.0849932273756203e-22,0.07999999506147704,2.484282383065526e-06,0.9199975206561402,25,30,20
7,3375,3.084997028367339e-22,0.07999999506147704,2.4862925131288228e-06,0.9199975186460102,25,30,20
7,3376,6.112184372635885e-22,0.07999999506147704,2.489106990745681e-06,0.9199975158315326,25,30,20
7,3377,6.1122004320374065e-22,0.07999999506147704,2.5716219423748505e-06,0.9199974333165809,25,30,20
7,3378,6.112200512446719e-22,0.07999999506147704,2.5716467158390097e-06,0.9199974332918076,25,30,20
7,3379,6.113131953705942e-22,0.07999999506147704,2.611666208736652e-06,0.9199973932723146,25,30,20
7,3380,6.060039795724065e-22,0.07999999506147704,7.276278308310639e-06,0.9199927286602151,25,30,20
7,3381,6.059806934145819e-22,0.07999999506147704,7.236318264796413e-06,0.9199927686202585,25,30,20
7,3382,6.112913618415551e-22,0.07999999506147704,8.857781608325227e-06,0.9199911471569151,25,30,20
7,3383,6.126190312948318e-22,0.07999999506147704,1.1061437664704648e-05,0.9199889435008586,25,30,20
7,3384,6.126190456311737e-22,0.07999999506147704,1.106347148526387e-05,0.9199889414670379,25,30,20
7,3385,6.126186440318485e-22,0.07999999506147704,1.094801808702732e-05,0.9199890569204361,25,30,20
7,3386,6.9360918064685135e-22,0.07999999506147704,1.0949103730717236e-05,0.9199890558347923,25,30,20
7,3387,6.936341013075424e-22,0.07999999506147704,1.0949778548080103e-05,0.9199890551599748,25,30,20
7,3388,6.935425805931515e-22,0.07999999506147704,0.00027724418554117574,0.9197227607529816,25,30,20
7,3389,6.935176527741034e-22,0.07999999506147704,0.00027724348366362834,0.9197227614548593,25,30,20
7,3390,6.935176742733327e-22,0.07999999506147704,0.00027724443130237213,0.9197227605072206,25,30,20
7,3391,6.936108389035828e-22,0.07999999506147704,0.0002772844014435865,0.9197227205370794,25,30,20
7,3392,6.936108317365535e-22,0.07999999506147704,0.0002772858135319308,0.9197227191249909,25,30,20
7,3393,6.936109690198002e-22,0.07999998536861566,0.00027729550639332326,0.9197227191249909,25,30,20
7,3394,6.94055191289851e-22,0.07999998810320853,0.00027729277180047347,0.9197227191249909,25,30,20
7,3395,6.940568258997612e-22,0.07999998810320853,0.0002772934378068965,0.9197227184589846,25,30,20
7,3396,6.940551991457012e-22,0.07999998810320853,0.0002725901494469126,0.9197274217473447,25,30,20
7,3397,6.936128245043183e-22,0.07999998525427345,0.0002725929983819679,0.9197274217473447,25,30,20
7,3398,6.936377523213085e-22,0.07999998525427345,0.0002726214479796923,0.919727393297747,25,30,20
7,3399,6.936377181083033e-22,0.07999998532602853,0.0002726213762246068,0.919727393297747,25,30,20
7,3400,6.936610107020923e-22,0.07999998532602853,0.00027262143664386827,0.9197273932373278,25,30,20
7,3401,6.937537751982247e-22,0.07999998532602853,0.0002726748890522635,0.9197273397849195,25,30,20
7,3402,6.936606306116491e-22,0.07999998532602853,0.00027270191426586514,0.9197273127597059,25,30,20
7,3403,6.936823183988906e-22,0.07999998532602853,0.0002726198904920519,0.9197273947834796,25,30,20
7,3404,3.9098687051171417e-22,0.07999998532602853,0.00027261875054821974,0.9197273959234233,25,30,20
7,3405,3.9098522740301015e-22,0.07999999488373184,0.00027260919284490784,0.9197273959234233,25,30,20
7,3406,4.665717389321491e-22,0.07999999488373184,0.00027257068096625027,0.919727434435302,25,30,20
7,3407,4.612610991715902e-22,0.07999999488373184,0.0002709477705068764,0.9197290573457615,25,30,20
7,3408,4.612381854216126e-22,0.07999999488373184,0.00027098726627868675,0.9197290178499897,25,30,20
7,3409,4.612379119705999e-22,0.07999998536777399,0.00027099678223655024,0.9197290178499897,25,30,20
7,3410,4.665484645261481e-22,0.07999998536777399,0.0002732763673513626,0.9197267382648748,25,30,20
7,3411,4.665468303953788e-22,0.07999998536777399,0.00027099822129326127,0.9197290164109329,25,30,20
7,3412,4.665472390395994e-22,0.07999998536777399,0.00027100024122963607,0.9197290143909964,25,30,20
7,3413,4.665468379332412e-22,0.07999998536777399,0.00027099823297732845,0.9197290163992488,25,30,20
7,3414,4.66546823612227e-22,0.07999998536777399,0.00027099764648516925,0.9197290169857409,25,30,20
7,3415,4.666412220766066e-22,0.07999998536777399,0.00027112294304309473,0.919728891689183,25,30,20
7,3416,4.666411934079082e-22,0.07999998536777399,0.0002711229780520735,0.919728891654174,25,30,20
7,3417,4.663177326303015e-22,0.07998912412490465,0.00028198422092140394,0.919728891654174,25,30,20
7,3418,4.663177321271502e-22,0.07998912412490465,0.0002819856439141684,0.9197288902311811,25,30,20
7,3419,4.662944888365987e-22,0.07998912412490465,0.000281984942544787,0.9197288909325506,25,30,20
7,3420,4.609839363958362e-22,0.07998912412490465,0.00027970536097625306,0.919731170514119,25,30,20
7,3421,5.36663546652587e-22,0.07998912412490465,0.00027974602422419116,0.9197311298508711,25,30,20
7,3422,5.3666353910593665e-22,0.07998912412490465,0.00027974598776645037,0.919731129887329,25,30,20
7,3423,5.366635390993168e-22,0.07998912412490465,0.00027974657362920695,0.9197311293014662,25,30,20
7,3424,5.35335869760942e-22,0.07998912412490465,0.00027754290729782,0.9197333329677977,25,30,20
7,3425,5.352229000911883e-22,0.07999225394379093,0.0002744130884115444,0.9197333329677977,25,30,20
7,3426,2.3383188654136796e-22,0.07999225394379093,0.000274413008221463,0.9197333330479878,25,30,20
7,3427,1.5815393956536221e-22,0.07999225394379093,0.0002743737575260204,0.9197333722986832,25,30,20
7,3428,8.247428390799783e-23,0.07999225394379093,0.0002743722745146168,0.9197333737816946,25,30,20
7,3429,8.247428391020446e-23,0.07999225394379093,0.0002743722503582672,0.919733373805851,25,30,20
7,3430,8.24742551071721e-23,0.07999225394379093,0.0002743736722388542,0.9197333723839703,25,30,20
7,3431,8.247425523089402e-23,0.07999225394379093,0.00027437507559304196,0.919733370980616,25,30,20
7,3432,8.245259662051441e-23,0.07999225394379093,0.00027437502665285233,0.9197333710295562,25,30,20
7,3433,8.254576941072209e-23,0.07999225394379093,0.00027441359937529364,0.919733332456834,25,30,20
7,3434,8.254574074419272e-23,0.07999225394379093,0.00027441215265378775,0.9197333339035555,25,30,20
7,3435,8.245256835946048e-23,0.07999225394379093,0.0002743294197180644,0.9197334166364912,25,30,20
7,3436,8.245259703012376e-23,0.07999225394379093,0.00027444532520181443,0.9197333007310075,25,30,20
7,3437,8.245256822914799e-23,0.07999225394379093,0.0002744438778624383,0.9197333021783467,25,30,20
7,3438,8.244481054379845e-23,0.07999998060411433,0.0002667172175390369,0.9197333021783467,25,30,20
7,3439,8.244478224360963e-23,0.07999998060411433,0.0002667157708146408,0.9197333036250711,25,30,20
7,3440,8.244483909527459e-23,0.07999998060411433,0.00026671582054246736,0.9197333035753433,25,30,20
7,3441,8.246816096309224e-23,0.07999998060411433,0.0002667558233729262,0.9197332635725128,25,30,20
7,3442,8.244527499863957e-23,0.07999998060411433,0.0003962392781752659,0.9196037801177106,25,30,20
7,3443,8.242034718176187e-23,0.07999998060411433,0.0003962933163258704,0.9196037260795599,25,30,20
7,3444,8.109265497114297e-23,0.07999998060411433,0.00039629202876294913,0.9196037273671229,25,30,20
7,3445,8.10910208509258e-23,0.07999998060411433,0.0003962920168737179,0.9196037273790121,25,30,20
7,3446,8.10910217334216e-23,0.07999998060411433,0.0003962920248323986,0.9196037273710534,25,30,20
7,3447,8.109100022337269e-23,0.07999998060411433,0.00039621094904816577,0.9196038084468376,25,30,20
7,3448,8.10909997289357e-23,0.07999998060411433,0.00039612845087857735,0.9196038909450072,25,30,20
7,3449,8.10910217335232e-23,0.07999998060411433,0.00039612703663475466,0.9196038923592511,25,30,20
7,3450,8.11143144597237e-23,0.07999998060411433,0.000396125040908727,0.919603894354977,25,30,20
7,3451,8.111428541601384e-23,0.07999998060411433,0.00039612571674041327,0.9196038936791454,25,30,20
7,3452,8.111428541160054e-23,0.07999998060411433,0.00039612715575784447,0.9196038922401278,25,30,20
7,3453,8.111267935438336e-23,0.07999998060411433,0.00039604604419972206,0.9196039733516862,25,30,20
7,3454,8.111262250283451e-23,0.07999998060411433,0.000396045994291629,0.9196039734015942,25,30,20
7,3455,8.111262244517271e-23,0.07999998060411433,0.00040074859328730853,0.9195992708025984,25,30,20
7,3456,8.1112621441196e-23,0.07999998060411433,0.00040074714569368625,0.9195992722501923,25,30,20
7,3457,8.111466420319776e-23,0.07999998060411433,0.0004007483460321709,0.9195992710498537,25,30,20
7,3458,1.5679431873799192e-22,0.07999998060411433,0.0004007504234572753,0.9195992689724285,25,30,20
7,3459,1.5679472071542815e-22,0.07999998060411433,0.00040078897121037835,0.9195992304246754,25,30,20
7,3460,1.567947131663838e-22,0.07999998060411433,0.00040078895952569817,0.91959923043636,25,30,20
7,3461,1.5679468449780124e-22,0.07999998060411433,0.0004007875123634271,0.9195992318835223,25,30,20
7,3462,1.5679471366606112e-22,0.07999998060411433,0.0004054907876331788,0.9195945286082526,25,30,20
7,3463,1.5690587138452697e-22,0.07999984485563169,0.00040562653611579826,0.9195945286082526,25,30,20
7,3464,1.5692712128534875e-22,0.07999984485563169,0.0004057412528399984,0.9195944138915284,25,30,20
7,3465,1.568238935780598e-22,0.07999959685352095,0.00040598925495075977,0.9195944138915284,25,30,20
7,3466,1.5682226613510585e-22,0.07999959685352095,0.0004061037249662155,0.919594299421513,25,30,20
7,3467,1.5682226619492443e-22,0.07999959685352095,0.0004014004687352706,0.9195990026777439,25,30,20
7,3468,1.5682267472217326e-22,0.07999959685352095,0.0004014005037951164,0.919599002642684,25,30,20
7,3469,1.5682428116003862e-22,0.07999959685352095,0.000401400529185063,0.9195990026172942,25,30,20
7,3470,1.5682428116000324e-22,0.07999959685352095,0.0004014005285777933,0.9195990026179014,25,30,20
7,3471,1.5682550713027046e-22,0.07999959685352095,0.0004014005051752953,0.919599002641304,25,30,20
7,3472,8.114583159269994e-23,0.07999959685352095,0.0004013984396147017,0.9195990047068645,25,30,20
7,3473,8.114583215547184e-23,0.07999959685352095,0.0004012845557614212,0.9195991185907179,25,30,20
7,3474,8.114580037288303e-23,0.07999959964675206,0.0004012817625303203,0.9195991185907179,25,30,20
7,3475,8.114580037071778e-23,0.07999959964675206,0.00040128106164375566,0.9195991192916043,25,30,20
7,3476,8.105265624905433e-23,0.07999959964675206,0.00040124105034558685,0.9195991593029024,25,30,20
7,3477,1.5672344478044296e-22,0.07999959964675206,0.0004059443506509235,0.9195944560025971,25,30,20
7,3478,1.5671756564646956e-22,0.07999998602349118,0.00040555797391180664,0.9195944560025971,25,30,20
7,3479,1.5673922426573544e-22,0.07999998602349118,0.0004055579557038566,0.919594456020805,25,30,20
7,3480,1.567392028746292e-22,0.07999998602349118,0.000405560015825205,0.9195944539606837,25,30,20
7,3481,1.5673760409805772e-22,0.07999998602349118,0.0004055614863806818,0.9195944524901283,25,30,20
7,3482,1.567143115042552e-22,0.07999998602349118,0.00040556144913023444,0.9195944525273787,25,30,20
7,3483,2.3238506286174345e-22,0.07999998602349546,0.0004102639737430019,0.9195897500027617,25,30,20
7,3484,2.3238505558430546e-22,0.07999998602349546,0.00041026335219738113,0.9195897506243073,25,30,20
7,3485,5.35103334971107e-22,0.07999998602349546,0.0004103392832460352,0.9195896746932586,25,30,20
7,3486,5.351965143528423e-22,0.07999998602349546,0.0004104218069894996,0.9195895921695151,25,30,20
7,3487,4.595257334940314e-22,0.07999998602349546,0.0004057185420358696,0.9195942954344687,25,30,20
7,3488,3.7853519675325053e-22,0.07999998602349546,0.0004057160344520934,0.9195942979420526,25,30,20
7,3489,3.7853519624924534e-22,0.07999998602349546,0.00040571404541896844,0.9195942999310858,25,30,20
7,3490,3.7853721072029305e-22,0.07999998602349546,0.0004055981887023812,0.9195944157878024,25,30,20
7,3491,3.7853718254375205e-22,0.07999998602349546,0.00040559820533469794,0.9195944157711701,25,30,20
7,3492,3.7853554743083837e-22,0.07999998602349546,0.00040559676782701907,0.9195944172086777,25,30,20
7,3493,3.785122830091677e-22,0.07999998602349546,0.0004055967838371959,0.9195944171926675,25,30,20
7,3494,3.789565029019202e-22,0.07999998596378154,0.00040559684355112087,0.9195944171926675,25,30,20
7,3495,3.789781439185634e-22,0.07999998596378154,0.00013926246064587,0.9198607515755727,25,30,20
7,3496,3.7897814391205968e-22,0.07999998596378154,0.00013926247217644852,0.9198607515640421,25,30,20
7,3497,3.8030588577147247e-22,0.07999998596378154,0.00013926592786372416,0.9198607481083547,25,30,20
7,3498,3.803058848998937e-22,0.07999998596378154,0.00013926587770189908,0.9198607481585167,25,30,20
7,3499,3.8030912532560113e-22,0.07999998596378154,0.0001392663332346388,0.9198607477029839,25,30,20
7,3500,3.803058562313115e-22,0.07999998596378154,0.00013926584264970513,0.9198607481935689,25,30,20
7,3501,3.8030585622898944e-22,0.07999998596378154,0.00013926439549835458,0.9198607496407203,25,30,20
7,3502,3.7986358074546514e-22,0.07996851579532196,0.00017073456395793617,0.9198607496407203,25,30,20
7,3503,3.7986355157518943e-22,0.07996851579532196,0.00016603128867753066,0.9198654529160009,25,30,20
7,3504,3.7986929406018077e-22,0.07996851262003983,0.0001660344639596564,0.9198654529160009,25,30,20
7,3505,3.798672519158654e-22,0.07996851262003983,0.00016603441186198716,0.9198654529680985,25,30,20
7,3506,3.7979736574225305e-22,0.07996851262003983,0.00016598039648297786,0.9198655069834776,25,30,20
7,3507,1.8222603365878274e-21,0.07997743946443295,0.00015705355208986567,0.9198655069834776,25,30,20
7,3508,3.7979555327257247e-22,0.0799999895399909,0.00013450347653189165,0.9198655069834776,25,30,20
7,3509,3.797955531532608e-22,0.0799999895399909,0.00013450346423726968,0.9198655069957721,25,30,20
7,3510,3.797954158699816e-22,0.07999998974676795,0.00013450325746023253,0.9198655069957721,25,30,20
7,3511,3.797954158633257e-22,0.07999998974676795,0.0001345018350857723,0.9198655084181465,25,30,20
7,3512,3.798885957888756e-22,0.07999998974676795,0.000134505290592597,0.9198655049626397,25,30,20
7,3513,3.7988859579123635e-22,0.07999998974676795,0.00013450529013144717,0.9198655049631008,25,30,20
7,3514,3.8622059095870035e-22,0.0799994472763088,0.00013504776059060396,0.9198655049631008,25,30,20
7,3515,3.862206202537729e-22,0.0799994472763088,0.00013504778626706774,0.9198655049374245,25,30,20
7,3516,3.8489328653548683e-22,0.0799994472763088,0.00013504434104628625,0.9198655083826452,25,30,20
7,3517,3.848932866611128e-22,0.0799994472763088,0.00013504432797500243,0.9198655083957165,25,30,20
7,3518,3.848700223563463e-22,0.0799994472763088,0.00013504500356415153,0.9198655077201273,25,30,20
7,3519,3.848701932110821e-22,0.07999944699023996,0.00013504528963298768,0.9198655077201273,25,30,20
7,3520,3.7854014625347457e-22,0.07999944692994995,0.00013504534992300453,0.9198655077201273,25,30,20
7,3521,8.174563794508717e-20,0.07938975234391862,0.0007447399359543079,0.9198655077201273,25,30,20
7,3522,8.174563794458407e-20,0.07938975234391862,0.0007447399709687605,0.9198655076851129,25,30,20
7,3523,8.174563838191218e-20,0.07938975234391862,0.0007447399963683284,0.9198655076597133,25,30,20
7,3524,8.174563797338726e-20,0.07938975234391862,0.000744739960898653,0.919865507695183,25,30,20
7,3525,8.174563796623029e-20,0.07938975234391862,0.0007447365325715952,0.9198655111235101,25,30,20
7,3526,8.204835667498583e-20,0.07938975234391862,0.0007446211394698406,0.9198656265166119,25,30,20
7,3527,8.205366894928704e-20,0.07938975234391862,0.0007462440505647782,0.919864003605517,25,30,20
7,3528,8.205364609338251e-20,0.07938975234391862,0.0007463599325339047,0.9198638877235479,25,30,20
7,3529,8.205364609387897e-20,0.07938975234391862,0.000746475849695447,0.9198637718063862,25,30,20
7,3530,8.205364599373137e-20,0.0793891999764631,0.0007470282171509761,0.9198637718063862,25,30,20
7,3531,8.205364637307813e-20,0.0793891999764631,0.0007470281929992452,0.919863771830538,25,30,20
7,3532,8.205364845155914e-20,0.0793891999764631,0.0007469123085863511,0.919863887714951,25,30,20
7,3533,8.205364847911774e-20,0.0793891999764631,0.0007469123090239536,0.9198638877145133,25,30,20
7,3534,8.205364847899435e-20,0.0793891999764631,0.0007469116082761899,0.9198638884152609,25,30,20
7,3535,8.205364847849768e-20,0.0793891999764631,0.0007469130441532902,0.9198638869793838,25,30,20
7,3536,8.205366972129875e-20,0.0793891999764631,0.0007469130324665853,0.9198638869910706,25,30,20
7,3537,8.205364803400003e-20,0.0793891999764631,0.0007469137378360888,0.9198638862857009,25,30,20
7,3538,8.205497530966788e-20,0.0793891999764631,0.0006174728031455031,0.9199933272203917,25,30,20
7,3539,8.204966303536026e-20,0.0793891999764631,0.000615849927702374,0.919994950095835,25,30,20
7,3540,8.204966259865867e-20,0.0793891999764631,0.0006158499023105316,0.9199949501212268,25,30,20
7,3541,8.204966300731173e-20,0.0793891999764631,0.0006158506043989396,0.9199949494191383,25,30,20
7,3542,8.204966461323339e-20,0.0793891999764631,0.000615851296658561,0.9199949487268786,25,30,20
7,3543,8.204968790646691e-20,0.0793891999764631,0.0006158498848513095,0.9199949501386858,25,30,20
7,3544,8.204968627198724e-20,0.0793891999764631,0.0006158491584440915,0.9199949508650931,25,30,20
7,3545,8.197401549195234e-20,0.07938919997645881,0.0006111451516261801,0.9199996548719152,25,30,20
7,3546,8.197410828736264e-20,0.07938919997646308,0.0007406401325217845,0.9198701598910152,25,30,20
7,3547,8.19741082591882e-20,0.07938919997646308,0.000740680126545029,0.9198701198969921,25,30,20
7,3548,8.167141286387898e-20,0.07938919997646308,0.0007405649020692766,0.9198702351214679,25,30,20
7,3549,8.167143618577806e-20,0.07938919997646308,0.0007405663733934506,0.9198702336501436,25,30,20
7,3550,8.167143781976802e-20,0.07938919997646308,0.0007405278260838341,0.9198702721974533,25,30,20
7,3551,8.167143618516458e-20,0.07938919997646308,0.0007405271250328723,0.9198702728985043,25,30,20
7,3552,8.167144390838692e-20,0.07938974281747395,0.0007399842840220064,0.9198702728985043,25,30,20
7,3553,8.167146719261821e-20,0.07938974281747395,0.0007422638414415547,0.9198679933410847,25,30,20
7,3554,8.167146760177436e-20,0.07938974281747395,0.0007422638155660705,0.9198679933669601,25,30,20
7,3555,8.167135151983102e-20,0.07938974281746967,0.0006127403615384992,0.9199975168209921,25,30,20
7,3556,8.167125835472608e-20,0.07938974281746967,0.0006127403440264946,0.9199975168385041,25,30,20
7,3557,8.167125835484298e-20,0.07938974281746967,0.0006127423776604051,0.9199975148048702,25,30,20
7,3558,8.167125791764838e-20,0.07938974281746967,0.0006126264770592194,0.9199976307054715,25,30,20
7,3559,8.167125793966179e-20,0.07938974281746967,0.0006126265016452091,0.9199976306808854,25,30,20
7,3560,8.167135111233514e-20,0.07938974281746967,0.0006126664711795387,0.919997590711351,25,30,20
7,3561,8.167135114803917e-20,0.07938974281746967,0.0006192726784826245,0.919990984504048,25,30,20
7,3562,8.167135074543243e-20,0.07938974281746967,0.0006192731688262637,0.9199909840137045,25,30,20
7,3563,8.167135115396205e-20,0.07938974281746967,0.0006192731775820987,0.9199909840049486,25,30,20
7,3564,8.16713511539619e-20,0.07938974281746967,0.0006192726868283553,0.9199909844957023,25,30,20
7,3565,8.167267848771321e-20,0.07938974281746967,0.0006192748152316985,0.9199909823672989,25,30,20
7,3566,8.167267086464726e-20,0.07938956194822784,0.0006194556844735387,0.9199909823672989,25,30,20
7,3567,8.167399857116938e-20,0.07938956194822784,0.0006194536530684325,0.9199909843987041,25,30,20
7,3568,8.167399857116755e-20,0.07938956194822784,0.0006194564324751163,0.9199909816192974,25,30,20
7,3569,8.137127985574583e-20,0.07938956194822784,0.0006194559414941411,0.9199909821102784,25,30,20
7,3570,8.137137302084636e-20,0.07938956194822784,0.000619455966886387,0.919990982084886,25,30,20
7,3571,8.137004694226689e-20,0.07938956194822784,0.0006195384527569394,0.9199908995990156,25,30,20
7,3572,8.137137465594666e-20,0.07938956194822784,0.0006195385003484735,0.919990899551424,25,30,20
7,3573,8.137004694214762e-20,0.07938956194822784,0.0006195384525486586,0.9199908995992238,25,30,20
7,3574,8.137004694226458e-20,0.07938956194822784,0.0006195384634419636,0.9199908995883306,25,30,20
7,3575,8.144439869844103e-20,0.07938956194822784,0.000619571892988595,0.9199908661587837,25,30,20
7,3576,8.152007818366738e-20,0.07938956194822784,0.0006196385353634576,0.9199907995164089,25,30,20
7,3577,8.152007981111622e-20,0.07938956194822784,0.0006130328173030511,0.9199974052344693,25,30,20
7,3578,8.152007818355977e-20,0.07938956194822784,0.0006129502947943514,0.919997487756978,25,30,20
7,3579,8.152007818405624e-20,0.07938956194822784,0.0006129503201861347,0.9199974877315863,25,30,20
7,3580,8.144430554036062e-20,0.07938956194822784,0.0006128457282133171,0.919997592323559,25,30,20
7,3581,8.14443055123099e-20,0.07938956194822784,0.0006128457277838165,0.9199975923239886,25,30,20
7,3582,8.14443074288715e-20,0.07938975008047056,0.0006126575955410978,0.9199975923239886,25,30,20
7,3583,8.144430865483187e-20,0.07938975008047056,0.0006126860669490302,0.9199975638525806,25,30,20
7,3584,8.144829176738429e-20,0.07938975008047056,0.0006126859517118486,0.9199975639678176,25,30,20
7,3585,8.144829177442771e-20,0.07938975008047056,0.0006126859954918866,0.9199975639240376,25,30,20
7,3586,8.137263723441595e-20,0.07938975008047063,0.00061271454176976,0.9199975353777597,25,30,20
7,3587,8.13726390406003e-20,0.07935827550035829,0.0006441891218821128,0.9199975353777597,25,30,20
7,3588,8.137261741198268e-20,0.07935827550035829,0.000641938026998491,0.9199997864726432,25,30,20
7,3589,8.137261741299091e-20,0.07935827550035829,0.0006419380005333058,0.9199997864991084,25,30,20
7,3590,8.137261740594734e-20,0.07935827550035829,0.0006419379922150736,0.9199997865074266,25,30,20
7,3591,8.137261574366507e-20,0.07935827550035829,0.0006419109419210625,0.9199998135577206,25,30,20
7,3592,8.137394347048181e-20,0.07935827550035829,0.000641949008718275,0.9199997754909235,25,30,20
7,3593,8.137394347010245e-20,0.07935827550035829,0.0006419510163443189,0.9199997734832973,25,30,20
7,3594,8.137394349827668e-20,0.07935827550035829,0.0006420335057686872,0.919999690993873,25,30,20
7,3595,8.137394350531173e-20,0.07935827550035829,0.0006420334952716621,0.9199996910043702,25,30,20
7,3596,8.137396680425193e-20,0.07935827550035829,0.0006443110928830174,0.9199974134067587,25,30,20
7,3597,8.137396674752828e-20,0.07935827550035829,0.0006442306029467815,0.9199974938966949,25,30,20
7,3598,8.137396675507281e-20,0.07935827550035829,0.0006442326007398433,0.919997491898902,25,30,20
7,3599,8.137396675545236e-20,0.07935827550035829,0.0006442346337543204,0.9199974898658874,25,30,20
7,3600,8.137396716410538e-20,0.07935827550035829,0.0006442351683269342,0.9199974893313149,25,30,20
7,3601,8.137925471528829e-20,0.07935827550035829,0.0006443162204965105,0.9199974082791452,25,30,20
7,3602,8.138058082043132e-20,0.07935827550035829,0.0006443702718148367,0.9199973542278269,25,30,20
7,3603,8.13805820461917e-20,0.07935827550035829,0.0006490730373012523,0.9199926514623405,25,30,20
7,3604,8.138058163803297e-20,0.07935827550035829,0.0006490723708722755,0.9199926521287695,25,30,20
7,3605,8.143116228675089e-20,0.07934488299230139,0.0006624648789291722,0.9199926521287695,25,30,20
7,3606,8.143113898795392e-20,0.07934488299230139,0.0006601852489233577,0.9199949317587753,25,30,20
7,3607,8.143113736082678e-20,0.07934488299230139,0.0006554826505256023,0.919999634357173,25,30,20
7,3608,8.143113736156385e-20,0.07934488299230139,0.0006554826751137628,0.9199996343325849,25,30,20
7,3609,8.142980962194416e-20,0.07934488299230139,0.0006554001863792939,0.9199997168213194,25,30,20
7,3610,8.142980965074731e-20,0.07934488299230139,0.0006553981617112169,0.9199997188459874,25,30,20
7,3611,8.142980965011842e-20,0.07934488299230139,0.0006553981373667252,0.9199997188703319,25,30,20
7,3612,3.2731239612687955e-19,0.07934488299230139,0.0006555147832287674,0.9199996022244699,25,30,20
7,3613,3.2731239615454625e-19,0.07934488299230139,0.0006555162218116848,0.919999600785887,25,30,20
7,3614,3.2731239776060904e-19,0.07934488299230139,0.0006555154756954475,0.9199996015320032,25,30,20
7,3615,3.2731239816875914e-19,0.07934488299230139,0.0006555174738255139,0.9199995995338732,25,30,20
7,3616,3.273124210525062e-19,0.07934488299230139,0.0006577950338882191,0.9199973219738105,25,30,20
7,3617,3.2731242101616535e-19,0.07934488299230139,0.0006577950251211076,0.9199973219825776,25,30,20
7,3618,3.273071101502505e-19,0.07934488299230139,0.0006577125271964345,0.9199974044805022,25,30,20
7,3619,3.273070852368426e-19,0.0793448829923013,0.0006575680753464473,0.9199975489323523,25,30,20
7,3620,3.273017743825036e-19,0.0793448829923013,0.0006575660767818167,0.919997550930917,25,30,20
7,3621,3.273070617303684e-19,0.0793448829923013,0.000656909392949905,0.9199982076147489,25,30,20
7,3622,3.273070617232012e-19,0.0793448829923013,0.000656909408960065,0.9199982075987388,25,30,20
7,3623,3.273017527176743e-19,0.0793448829923013,0.0006552870107514762,0.9199998299969475,25,30,20
7,3624,3.2730177804935093e-19,0.0793448829923013,0.0006618932173789487,0.9199932237903201,25,30,20
7,3625,3.2730177845134644e-19,0.0793448829923013,0.0006618932175947218,0.9199932237901042,25,30,20
7,3626,3.2730177850769486e-19,0.0793448829923013,0.0006619757154838466,0.9199931412922152,25,30,20
7,3627,3.273016853634759e-19,0.0793448829923013,0.0006619756800140086,0.9199931413276851,25,30,20
7,3628,3.273016853634759e-19,0.0793448829923013,0.0006619756887418837,0.9199931413189572,25,30,20
7,3629,3.2730168372875754e-19,0.0793448829923013,0.0006619752023063827,0.9199931418053926,25,30,20
7,3630,3.2730166043552623e-19,0.0793448829923013,0.00066197172079301,0.9199931452869059,25,30,20
7,3631,3.2730166043552407e-19,0.0793448829923013,0.0006619716958390158,0.9199931453118598,25,30,20
7,3632,3.273016604350212e-19,0.0793448829923013,0.0006619702478401341,0.9199931467598588,25,30,20
7,3633,8.141907397926496e-20,0.0793448829923013,0.0006619361242785015,0.9199931808834204,25,30,20
7,3634,8.142438484864235e-20,0.0793448829923013,0.0006619909207850445,0.9199931260869139,25,30,20
7,3635,8.137380058091252e-20,0.07938975242960537,0.0006171214834809719,0.9199931260869139,25,30,20
7,3636,8.137379892480032e-20,0.07938975242960537,0.0006218242592290632,0.9199884233111658,25,30,20
7,3637,8.137380055925072e-20,0.07938975242960537,0.0006284304762777198,0.9199818170941171,25,30,20
7,3638,8.136848968988231e-20,0.07938975242960537,0.0006283749787635663,0.9199818725916313,25,30,20
7,3639,8.136848968989536e-20,0.07938975242960537,0.0006283750144255609,0.9199818725559693,25,30,20
7,3640,8.136848805528107e-20,0.07938975242960537,0.0006283743381565498,0.9199818732322383,25,30,20
7,3641,8.136848976315523e-20,0.07938973959390017,0.0006283871738617589,0.9199818732322383,25,30,20
7,3642,8.136858293534923e-20,0.07938973959390017,0.0006284696952902752,0.9199817907108099,25,30,20
7,3643,8.136867610755296e-20,0.07938973959390017,0.0006285501854284137,0.9199817102206715,25,30,20
7,3644,8.136865077537538e-20,0.07938973959390017,0.0006219439792729868,0.919988316426827,25,30,20
7,3645,8.136865078241218e-20,0.07938973959390017,0.0006219460041605519,0.9199883144019394,25,30,20
7,3646,8.136865077574662e-20,0.07938973959390017,0.0006172427293254278,0.9199930176767745,25,30,20
7,3647,8.136864914842967e-20,0.07938973959390017,0.0006172412938602614,0.9199930191122396,25,30,20
7,3648,3.2725193278657333e-19,0.07938973959390017,0.0006172424951298142,0.9199930179109702,25,30,20
7,3649,3.272519327865646e-19,0.07938973959390017,0.0006171599726212102,0.9199931004334789,25,30,20
7,3650,8.136867244094706e-20,0.07938973959390017,0.000617272656126351,0.9199929877499737,25,30,20
7,3651,8.144435209332764e-20,0.07938973959390017,0.0006172761365904724,0.9199929842695096,25,30,20
7,3652,8.136867322957357e-20,0.07938973959390017,0.0006173885734732803,0.9199928718326268,25,30,20
7,3653,8.136867322948839e-20,0.07938973959390017,0.0006175044904220718,0.919992755915678,25,30,20
7,3654,8.136867363800484e-20,0.07938973959390017,0.0006175051564208246,0.9199927552496793,25,30,20
7,3655,8.136867363134054e-20,0.07938973959390017,0.000617505131581641,0.9199927552745186,25,30,20
7,3656,8.136867363799795e-20,0.07938973959390017,0.0006175051068188115,0.9199927552992814,25,30,20
7,3657,8.137000133744403e-20,0.07938973959390017,0.0006175058049415514,0.9199927546011586,25,30,20
7,3658,8.136990778476243e-20,0.07938973959390017,0.0006174232929651303,0.919992837113135,25,30,20
7,3659,8.568364984230279e-20,0.07938973959390017,0.0006174243143797657,0.9199928360917204,25,30,20
7,3660,8.568896069722379e-20,0.07938973959390017,0.0006174257520956811,0.9199928346540045,25,30,20
7,3661,8.568896068992204e-20,0.07938973959390017,0.0006174257402209841,0.9199928346658791,25,30,20
7,3662,4.321855097820805e-21,0.07999942460509077,7.740729030399524e-06,0.9199928346658791,25,30,20
7,3663,4.321855097849194e-21,0.07999942460509077,7.707334815521857e-06,0.9199928680600941,25,30,20
7,3664,4.3205273567049876e-21,0.07999942460509077,7.667222288053495e-06,0.9199929081726215,25,30,20
7,3665,4.320526948052085e-21,0.07999942460509077,7.666521046170629e-06,0.9199929088738634,25,30,20
7,3666,6.87806290401782e-24,0.07999942460509077,7.666972586039112e-06,0.9199929084223235,25,30,20
7,3667,6.878062903979107e-24,0.07999942460509077,7.66842013948666e-06,0.9199929069747701,25,30,20
7,3668,6.878029391672383e-24,0.07999997709200234,7.115933227919659e-06,0.9199929069747701,25,30,20
7,3669,6.876081049369808e-24,0.07999999000621637,7.1030190138798265e-06,0.9199929069747701,25,30,20
7,3670,6.876109349318683e-24,0.07999999000621637,7.2189360255966646e-06,0.9199927910577582,25,30,20
7,3671,1.2186175830409015e-23,0.07999999000621637,7.104016872953852e-06,0.919992905976911,25,30,20
7,3672,1.2186147276611099e-23,0.07999999000621637,7.106024908826705e-06,0.919992903968875,25,30,20
7,3673,1.218492246535065e-23,0.07999999000621637,5.282555551759314e-07,0.9199994817382289,25,30,20
7,3674,1.2184893924752539e-23,0.07999999000621637,5.282555511494755e-07,0.9199994817382329,25,30,20
7,3675,1.220982172267435e-23,0.07999999000621637,5.696646714805076e-07,0.9199994403291126,25,30,20
7,3676,1.2233108233098656e-23,0.07999999000621637,6.521995125825798e-07,0.9199993577942714,25,30,20
7,3677,1.2232892949397235e-23,0.07999999000621637,2.2736280532289934e-06,0.9199977363657308,25,30,20
7,3678,1.0905179175378831e-23,0.07999999000621637,2.274915593740013e-06,0.9199977350781903,25,30,20
7,3679,1.090518697125975e-23,0.07999999000621637,2.275616817913464e-06,0.9199977343769661,25,30,20
7,3680,1.0881894527025296e-23,0.07999999000621637,2.2341815635804004e-06,0.9199977758122205,25,30,20
7,3681,1.088189440144071e-23,0.07999999000621637,2.2341459042806546e-06,0.9199977758478798,25,30,20
7,3682,1.0905216270544746e-23,0.07999999000621637,2.275590249003058e-06,0.9199977344035349,25,30,20
7,3683,1.090523764384407e-23,0.07999999000621637,2.2755898636502456e-06,0.9199977344039203,25,30,20
7,3684,1.090687224511021e-23,0.07999999000621637,2.2741676428782486e-06,0.9199977358261411,25,30,20
7,3685,1.081369986361968e-23,0.07999999000621637,2.273193995887579e-06,0.9199977367997881,25,30,20
7,3686,1.0813297393832744e-23,0.07999999000621637,2.2447419826831896e-06,0.9199977652518014,25,30,20
7,3687,1.0813290348091316e-23,0.07999999000621637,2.242708957339266e-06,0.9199977672848267,25,30,20
7,3688,1.092974870381933e-23,0.07999999000622067,2.441441376882472e-06,0.9199975685524028,25,30,20
7,3689,1.0929748202916248e-23,0.07999999000622067,2.441440942256618e-06,0.9199975685528375,25,30,20
7,3690,1.0928113718604395e-23,0.07999999000622067,2.441451271988852e-06,0.9199975685425076,25,30,20
7,3691,1.1021229295379353e-23,0.07999999000622067,2.398948047633117e-06,0.9199976110457321,25,30,20
7,3692,5.7103460158464014e-24,0.07999999000622067,2.3979492384629277e-06,0.9199976120445412,25,30,20
7,3693,4.0134099071101583e-25,0.07999999000622067,7.764957352039169e-07,0.9199992334980445,25,30,20
7,3694,3.0306120122145497e-22,0.07999999000622067,5.397290191333895e-06,0.9199946127035884,25,30,20
7,3695,3.0306120141892185e-22,0.07999999000622067,5.315291333564604e-06,0.9199946947024461,25,30,20
7,3696,3.0294637765563463e-22,0.07999999000621637,5.1165989073587775e-06,0.9199948933948765,25,30,20
7,3697,1.7557914529935535e-20,0.07999999000621637,5.117075533669868e-06,0.9199948929182501,25,30,20
7,3698,1.756424294478234e-20,0.0799891238778238,1.5983203926244102e-05,0.9199948929182501,25,30,20
7,3699,1.7564242944402803e-20,0.0799891238778238,1.5983204533502883e-05,0.9199948929176429,25,30,20
7,3700,1.7565570658018415e-20,0.0799891238778238,1.5983217288823073e-05,0.9199948929048877,25,30,20
7,3701,1.7565570665565103e-20,0.0799891238778238,1.5984664218308378e-05,0.9199948914579582,25,30,20
7,3702,1.757097510919945e-20,0.0799891238778238,1.5986112212669277e-05,0.9199948900099638,25,30,20
7,3703,1.757097390488287e-20,0.0799891238778238,1.598676157150355e-05,0.9199948893606049,25,30,20
7,3704,1.7570973904505383e-20,0.0799891238778238,1.5985349874450772e-05,0.9199948907723019,25,30,20
7,3705,1.7571065442046252e-20,0.0799891238778238,1.5985349752559715e-05,0.9199948907724239,25,30,20
7,3706,1.7565661005462996e-20,0.0799891238778238,2.2590118798601275e-05,0.9199882860033779,25,30,20
7,3707,1.7565661013126752e-20,0.0799891238778238,2.2588121135830307e-05,0.9199882880010405,25,30,20
7,3708,1.756696544088312e-20,0.0799891238778238,2.2506977340876982e-05,0.9199883691448355,25,30,20
7,3709,1.7566967075491973e-20,0.0799891238778238,2.2589511980747314e-05,0.9199882866101956,25,30,20
7,3710,3.1199933123638777e-22,0.0799891238778238,2.2589035971335458e-05,0.9199882870862051,25,30,20
7,3711,3.120009653344834e-22,0.0799891238778238,2.258998484316957e-05,0.9199882861373331,25,30,20
7,3712,3.120013738694129e-22,0.0799891238778238,2.270586634981603e-05,0.9199881702558266,25,30,20
7,3713,3.1190860974171876e-22,0.0799891238778238,2.2707410741048058e-05,0.9199881687114352,25,30,20
7,3714,3.119082302615703e-22,0.0799891238778238,2.2591518494905462e-05,0.9199882846036813,25,30,20
7,3715,3.1181546600699916e-22,0.0799891238778238,2.25915103571808e-05,0.9199882846118191,25,30,20
7,3716,3.118154665101115e-22,0.0799891238778238,2.2591510507629366e-05,0.9199882846116687,25,30,20
7,3717,3.118158679883307e-22,0.0799891238778238,1.598733738712337e-05,0.9199948887847892,25,30,20
7,3718,3.118146419056041e-22,0.0799891238778238,1.598792304488686e-05,0.9199948881991314,25,30,20
7,3719,3.1048692109818876e-22,0.0799891238778238,1.5988576287505e-05,0.9199948875458888,25,30,20
7,3720,3.1048692059302523e-22,0.0799891238778238,1.5988560120372247e-05,0.9199948875620559,25,30,20
7,3721,3.118146017101704e-22,0.07998912387782388,1.5990013381128685e-05,0.9199948861087951,25,30,20
7,3722,3.1314231130127454e-22,0.07998912387782388,1.6105930558535663e-05,0.9199947701916177,25,30,20
7,3723,3.1181459756410573e-22,0.07998912387782388,1.610391984058096e-05,0.9199947722023356,25,30,20
7,3724,3.1225219520920387e-22,0.07955288629434748,0.00045234150331697055,0.9199947722023356,25,30,20
7,3725,3.122534211662906e-22,0.07955288629434748,0.00045233946982582425,0.9199947742358268,25,30,20
7,3726,3.1216028408153806e-22,0.07955288629434748,0.00045230149173180486,0.9199948122139208,25,30,20
7,3727,3.1216027653485445e-22,0.07955288629434748,0.0004523014565852164,0.9199948122490674,25,30,20
7,3728,3.1216025540414007e-22,0.07955288629434748,0.00045230078387173666,0.9199948129217809,25,30,20
7,3729,2.439019564347504e-19,0.07955288629434748,0.0008254058512223445,0.9196217078544303,25,30,20
7,3730,2.4821519134087222e-19,0.07955288629434756,0.0008301071509192761,0.9196170065547333,25,30,20
7,3731,2.482139568044797e-19,0.07955288629434748,0.0008299898223517951,0.9196171238833009,25,30,20
7,3732,2.48213628313438e-19,0.07998913328323484,0.00039374283346444247,0.9196171238833009,25,30,20
7,3733,2.4821362828526377e-19,0.07998913328323484,0.00039374286824829367,0.9196171238485171,25,30,20
7,3734,2.482136286938913e-19,0.07998913328323484,0.00039602242638110604,0.9196148442903842,25,30,20
7,3735,2.482137218954906e-19,0.07998913328323484,0.0003937428853305044,0.9196171238314348,25,30,20
7,3736,2.4821361084231165e-19,0.07998913357227416,0.00039374259629117837,0.9196171238314348,25,30,20
7,3737,2.4856847632675497e-19,0.07999226011758784,0.000390616050977468,0.9196171238314348,25,30,20
7,3738,2.485684747209458e-19,0.07999226011758784,0.00039069853934554097,0.9196170413430669,25,30,20
7,3739,2.4856847474949745e-19,0.07999226011758784,0.0003906965312508007,0.9196170433511616,25,30,20
7,3740,2.5288221203823914e-19,0.07999226011758784,0.00039073590693744243,0.9196170039754749,25,30,20
7,3741,2.528822116225447e-19,0.07999226011758784,0.00039073521696082573,0.9196170046654515,25,30,20
7,3742,2.528823227098525e-19,0.07999224089807938,0.00039075443646929044,0.9196170046654515,25,30,20
7,3743,2.5288232270997607e-19,0.07999224089807938,0.0003908369600192,0.9196169221419016,25,30,20
7,3744,2.4856908776800987e-19,0.07999224089807931,0.00038613361854004485,0.9196216254833809,25,30,20
7,3745,2.4856908735230454e-19,0.07999224089807931,0.00038613360622765394,0.9196216254956933,25,30,20
7,3746,2.442553496619644e-19,0.07999224089807931,0.00038620807901212364,0.9196215510229088,25,30,20
7,3747,2.442553263616426e-19,0.07999224089807931,0.0003860921260993248,0.9196216669758215,25,30,20
7,3748,2.442553263615255e-19,0.07999224089807931,0.0003860921148496296,0.9196216669870713,25,30,20
7,3749,2.442554195342986e-19,0.07999224089807931,0.0003860921350889289,0.9196216669668318,25,30,20
7,3750,2.442554195341661e-19,0.07999224089807931,0.00038600961214566633,0.919621749489775,25,30,20
7,3751,2.4425553435954656e-19,0.07999224089807931,0.0003882066702812948,0.9196195524316393,25,30,20
7,3752,2.442554415953006e-19,0.07999224089807931,0.00038820668550655044,0.919619552416414,25,30,20
7,3753,2.4425544156712634e-19,0.07999224089807931,0.00038812419742259027,0.919619634904498,25,30,20
7,3754,2.4425544156711753e-19,0.07999224089807931,0.00038800831592483633,0.9196197507859958,25,30,20
7,3755,6.656453590982187e-22,0.07999224089807931,1.4905272828413184e-05,0.9199928538290922,25,30,20
7,3756,2.4653897252918544e-19,0.07999224089807931,1.652817840817062e-05,0.9199912309235124,25,30,20
7,3757,2.465389725220251e-19,0.07999224089807931,1.6528142136481985e-05,0.9199912309597842,25,30,20
7,3758,2.465389708874131e-19,0.07999224089807931,1.6526694351740364e-05,0.9199912324075689,25,30,20
7,3759,2.465389725285608e-19,0.07999224089807938,1.6644040000787783e-05,0.9199911150619198,25,30,20
7,3760,2.465389729585952e-19,0.07999224089807946,1.6728566404035676e-05,0.9199910305355165,25,30,20
7,3761,2.465390428101148e-19,0.07999224089807946,1.6689068920976272e-05,0.9199910700329995,25,30,20
7,3762,2.465390428101171e-19,0.07999224089807946,1.668905864834551e-05,0.9199910700432723,25,30,20
7,3763,2.4653894964322924e-19,0.07999224089807946,1.4409477710515533e-05,0.9199933496242102,25,30,20
7,3764,2.4653892635000655e-19,0.07999224089807946,1.4411498272430984e-05,0.9199933476036481,25,30,20
7,3765,2.4654422535872844e-19,0.07999224089807946,0.00010670717128465483,0.919901051930636,25,30,20
7,3766,2.465442249505872e-19,0.07999224089807946,0.00010670719584250096,0.9199010519060782,25,30,20
7,3767,2.4654413134035795e-19,0.07999224089807946,0.00010670714351082003,0.9199010519584099,25,30,20
7,3768,1.2264817820888387e-18,0.07999224089832317,0.00025600400432306827,0.9197517550973537,25,30,20
7,3769,1.2264817816801864e-18,0.0799922408983231,0.0002559194425178543,0.9197518396591592,25,30,20
7,3770,1.227924951842877e-18,0.0799921221559677,0.00025603818487323433,0.9197518396591592,25,30,20
7,3771,1.2279249514342328e-18,0.0799921221559677,0.0002560381739772343,0.9197518396700552,25,30,20
7,3772,1.2279248598953921e-18,0.0799921221559677,0.0002576591279019628,0.9197502187161304,25,30,20
7,3773,1.2279195841805304e-18,0.0799921221559677,0.00016536347595541223,0.919842514368077,25,30,20
7,3774,2.4798195672528103e-19,0.07999212215572399,1.6066639903288467e-05,0.9199918112043729,25,30,20
7,3775,2.4798195675383486e-19,0.07999212215572399,1.6066629479316194e-05,0.9199918112147968,25,30,20
7,3776,2.479819571624857e-19,0.07999212215572399,1.6068076649269264e-05,0.9199918097676268,25,30,20
7,3777,2.4798195880425682e-19,0.07999212215572399,1.6108046498997915e-05,0.9199917697977772,25,30,20
7,3778,2.4798188893113783e-19,0.07999212215572399,1.6109407499397542e-05,0.9199917684367765,25,30,20
7,3779,2.479818872894836e-19,0.07999212215572399,1.607144590131449e-05,0.9199918063983747,25,30,20
7,3780,4.652267496440483e-19,0.07999212215572411,0.004674934794101805,0.9153329430501741,25,30,20
7,3781,4.652267496583823e-19,0.07999212215572411,0.00467493283180644,0.9153329450124693,25,30,20
7,3782,4.652267496368766e-19,0.07999212215572411,0.004674932866596016,0.9153329449776797,25,30,20
7,3783,4.649254173686104e-19,0.07999212215572411,0.00467467257117228,0.9153332052731037,25,30,20
7,3784,4.649267446743279e-19,0.07999212215572411,0.004674673174724902,0.915333204669551,25,30,20
7,3785,4.649267462797563e-19,0.07999212215572411,0.004674755672821349,0.9153331221714543,25,30,20
7,3786,4.649267462874239e-19,0.07999212215572411,0.004674756399250592,0.9153331214450253,25,30,20
7,3787,4.64926746308431e-19,0.07999212215572411,0.004674838195772735,0.9153330396485032,25,30,20
7,3788,4.649268394698713e-19,0.07999212215572411,0.004679541471052391,0.9153283363732236,25,30,20
7,3789,4.649255117561386e-19,0.07999212215572411,0.004679540867488839,0.9153283369767871,25,30,20
7,3790,2.4768062611488985e-19,0.07999212215572399,2.0678945999737276e-05,0.9199871988982764,25,30,20
7,3791,2.476806244875044e-19,0.07999212215572399,1.9058079033958725e-05,0.9199888197652422,25,30,20
7,3792,2.4768062449505113e-19,0.07999212215572399,1.9058578543546914e-05,0.9199888192657326,25,30,20
7,3793,2.4768062490370963e-19,0.07999212215572399,1.917247437660325e-05,0.9199887053698995,25,30,20
7,3794,2.4731943097328753e-19,0.07999986180203361,1.143282806699398e-05,0.9199887053698995,25,30,20
7,3795,2.4731943100196473e-19,0.07999986180203361,1.1432852859132968e-05,0.9199887053451076,25,30,20
7,3796,2.473194310091298e-19,0.07999986180203361,1.1430828608113754e-05,0.9199887073693586,25,30,20
7,3797,2.4731943145299166e-19,0.07999986180203361,1.1469376371061161e-05,0.9199886688215955,25,30,20
7,3798,2.4731943105100266e-19,0.07999986180203361,1.1467377970736128e-05,0.9199886708199959,25,30,20
7,3799,2.473194314309895e-19,0.07999986180203361,1.146736166104024e-05,0.9199886708363058,25,30,20
7,3800,2.473194330589331e-19,0.07999986180203361,1.1467850897861982e-05,0.9199886703470689,25,30,20
7,3801,2.473194097585266e-19,0.07999986180203361,1.14664830940512e-05,0.9199886717148728,25,30,20
7,3802,2.458761286440434e-19,0.0799998092492245,1.1519035903188064e-05,0.9199886717148728,25,30,20
7,3803,2.458776159168797e-19,0.0799998092492245,0.00010381467976892547,0.9198963760710067,25,30,20
7,3804,2.5019064522590122e-19,0.0799998092492245,0.0001103050067917306,0.9198898857439842,25,30,20
7,3805,2.501959560420015e-19,0.0799998092492245,0.00011038750496561056,0.9198898032458103,25,30,20
7,3806,2.5019595607080437e-19,0.0799998092492245,0.00011038953861650828,0.9198898012121591,25,30,20
7,3807,2.501959544367024e-19,0.07999980924922441,0.00011027217695004784,0.9198899185738256,25,30,20
7,3808,2.5019737529382946e-19,0.07999980924922441,0.00011021882999265315,0.919889971920783,25,30,20
7,3809,2.5019737532200374e-19,0.07999980924922441,0.00011021976161296647,0.9198899709891628,25,30,20
7,3810,2.501973752933287e-19,0.07999980924922441,0.00011021772876798437,0.9198899730220077,25,30,20
7,3811,2.5019604758373544e-19,0.07999980924922441,0.00011010384445473793,0.9198900869063212,25,30,20
7,3812,2.501960476120355e-19,0.07999980924922441,0.00011010537840111053,0.9198900853723745,25,30,20
7,3813,2.501961403404315e-19,0.07999980924922441,0.00011006683126090981,0.9198901239195149,25,30,20
7,3814,2.5019614033313654e-19,0.07999980924922441,0.00011006479823957834,0.9198901259525363,25,30,20
7,3815,2.5019474274103367e-19,0.0799998092492245,0.00011007706459738778,0.9198901136861783,25,30,20
7,3816,2.5019323380968826e-19,0.0799998092492245,1.7897313146351004e-05,0.9199822934376294,25,30,20
7,3817,2.501932338025188e-19,0.0799998092492245,1.7897303764914486e-05,0.9199822934470109,25,30,20
7,3818,2.707594650103191e-19,0.07999905382240285,1.8652730586551882e-05,0.9199822934470109,25,30,20
7,3819,2.7076477626459277e-19,0.07999905382240285,1.8721279816268506e-05,0.919982224897781,25,30,20
7,3820,2.7075946664441694e-19,0.07999905382240285,1.8768622694145542e-05,0.9199821775549032,25,30,20
7,3821,2.70759468279018e-19,0.07999905382240285,1.8768658793191956e-05,0.9199821775188041,25,30,20
7,3822,2.501932370700199e-19,0.07999999980995572,1.7822671240325536e-05,0.9199821775188041,25,30,20
7,3823,4.3199099004336086e-21,0.07999999980995572,1.619976609519445e-05,0.919983800423949,25,30,20
7,3824,8.801358465955379e-20,0.07999212751455854,2.4072061492369288e-05,0.919983800423949,25,30,20
7,3825,8.801358466671976e-20,0.07999212751455854,2.415454956858146e-05,0.9199837179358729,25,30,20
7,3826,8.801991297805636e-20,0.07998125181828646,3.503024584068591e-05,0.9199837179358729,25,30,20
7,3827,8.80199129498907e-20,0.07998125181828646,3.503169255418947e-05,0.9199837164891593,25,30,20
7,3828,8.801982019660022e-20,0.07998125181828646,3.032843984934479e-05,0.9199884197418641,25,30,20
7,3829,8.801982059808375e-20,0.07998125181828646,3.033046411887609e-05,0.9199884177175945,25,30,20
7,3830,8.80198205987106e-20,0.07998125181828646,3.032843145228661e-05,0.9199884197502611,25,30,20
7,3831,8.801982099303376e-20,0.07998125181828646,3.033041914888188e-05,0.9199884177625647,25,30,20
7,3832,8.80198193586757e-20,0.07998125181828646,3.021520287627285e-05,0.9199885329788373,25,30,20
7,3833,8.801981813261314e-20,0.07998125181828646,3.009929464541801e-05,0.9199886488870682,25,30,20
7,3834,8.801984141879404e-20,0.07998125181828646,3.0099961689291445e-05,0.9199886482200244,25,30,20
7,3835,8.370681172262213e-20,0.07998125181828646,2.349376563395251e-05,0.9199952544160798,25,30,20
7,3836,8.370048341368213e-20,0.07999173419231817,1.3011391602229659e-05,0.9199952544160798,25,30,20
7,3837,8.370048300565134e-20,0.07999173419231817,1.3049327663227278e-05,0.9199952164800187,25,30,20
7,3838,8.370046134656868e-20,0.0799917341923181,1.300933290614439e-05,0.9199952564747759,25,30,20
7,3839,8.370046093790014e-20,0.0799917341923181,1.3009322920410496e-05,0.9199952564847615,25,30,20
7,3840,8.370045930380318e-20,0.0799917341923181,1.3009322296597646e-05,0.9199952564853854,25,30,20
7,3841,8.377082814478175e-20,0.0799917341923181,1.2927526253735122e-05,0.9199953382814282,25,30,20
7,3842,8.377073661361003e-20,0.0799917341923181,1.4548979089305226e-05,0.9199937168285927,25,30,20
7,3843,8.377073827689955e-20,0.0799917341923181,1.4549477818629648e-05,0.9199937163298633,25,30,20
7,3844,8.377073830557458e-20,0.0799917341923181,1.4550916509648054e-05,0.9199937148911723,25,30,20
7,3845,8.377073830557242e-20,0.0799917341923181,1.4550881457617515e-05,0.9199937149262244,25,30,20
7,3846,8.407345612681834e-20,0.0799917341923224,1.4617316046578659e-05,0.9199936484916311,25,30,20
7,3847,8.407345776142504e-20,0.0799917341923224,1.469983960806274e-05,0.9199935659680698,25,30,20
7,3848,8.407345776859435e-20,0.0799917341923224,1.4699875712832877e-05,0.9199935659319648,25,30,20
7,3849,8.377074158145527e-20,0.0799917341923181,1.4633940674002261e-05,0.9199936318670079,25,30,20
7,3850,8.377074198936336e-20,0.0799917341923181,1.4749857488391953e-05,0.9199935159501936,25,30,20
7,3851,8.384642126509533e-20,0.0799917341923181,1.4751270221737808e-05,0.9199935145374603,25,30,20
7,3852,8.384642112661443e-20,0.07999212751663003,1.435794590980814e-05,0.9199935145374603,25,30,20
7,3853,8.38464215418059e-20,0.07999212751663003,1.4318664775999647e-05,0.919993553818594,25,30,20
7,3854,8.384651348864966e-20,0.07999212751663003,1.4277587527900187e-05,0.9199935948958422,25,30,20
7,3855,8.384651389705118e-20,0.07999212751663003,1.4276898614141164e-05,0.9199935955847559,25,30,20
7,3856,8.384653721226167e-20,0.07999212751663003,1.4303923721674231e-05,0.9199935685596483,25,30,20
7,3857,1.5286272355007709e-22,0.07999960638775756,6.825052594141547e-06,0.9199935685596483,25,30,20
7,3858,1.5418880191386285e-22,0.07999960638775756,6.8636082420272235e-06,0.9199935300040005,25,30,20
7,3859,1.5418716730733232e-22,0.07999960638775756,6.781120329189021e-06,0.9199936124919132,25,30,20
7,3860,7.850751210062115e-23,0.07999960638775756,6.7801595814236195e-06,0.9199936134526611,25,30,20
7,3861,7.850913953686818e-23,0.07999960638775756,6.6990837977490706e-06,0.9199936945284448,25,30,20
7,3862,7.850913954348604e-23,0.07999960638775756,6.6990837945865e-06,0.9199936945284479,25,30,20
7,3863,7.850914634440772e-23,0.07999960638775756,6.697074770718314e-06,0.9199936965374718,25,30,20
7,3864,7.983687878692754e-23,0.07999960638775756,6.779609497274964e-06,0.9199936140027453,25,30,20
7,3865,8.514732542973326e-23,0.07999960638775756,6.66421228951429e-06,0.9199937293999529,25,30,20
7,3866,4.322972188570147e-21,0.07999960638775756,8.867177070787024e-06,0.9199915264351718,25,30,20
7,3867,4.322995474635995e-21,0.07999960638775756,8.867842839894458e-06,0.9199915257694026,25,30,20
7,3868,4.3216677638183315e-21,0.07999960638775756,8.785319325273709e-06,0.9199916082929173,25,30,20
7,3869,4.3229950617387904e-21,0.07999960638775756,8.786674683894995e-06,0.9199916069375587,25,30,20
7,3870,4.321667348000332e-21,0.07999960638775756,8.786638996854775e-06,0.9199916069732457,25,30,20
7,3871,4.321597006525556e-21,0.07999960638775756,0.00010104086190236597,0.9198993527503402,25,30,20
7,3872,4.3216202709360245e-21,0.07999960638775756,0.0001010688473189799,0.9198993247649235,25,30,20
7,3873,4.321596948558376e-21,0.07999960638775756,0.00010104039921116602,0.9198993532130312,25,30,20
7,3874,4.321596977233384e-21,0.07999960638775756,0.0001010403646120962,0.9198993532476304,25,30,20
7,3875,4.321596948681757e-21,0.07999960638775756,0.00010104036417746804,0.9198993532480649,25,30,20
7,3876,4.397253244623926e-21,0.07999960638775756,8.82468726180056e-06,0.9199915689249807,25,30,20
7,3877,4.397253245131297e-21,0.07999960638775756,8.82267945556784e-06,0.9199915709327868,25,30,20
7,3878,4.699971365363857e-21,0.07999960638775756,8.905679350567688e-06,0.919991487932892,25,30,20
7,3879,4.698620487023467e-21,0.07999960638775756,4.5785621975156775e-06,0.9199958150500449,25,30,20
7,3880,4.699946569035958e-21,0.07999960638775756,4.693067949860046e-06,0.9199957005442925,25,30,20
7,3881,4.3972300834045414e-21,0.07999960638775756,4.612076311158145e-06,0.9199957815359312,25,30,20
7,3882,4.397228441689579e-21,0.07999960638775756,2.989175690656749e-06,0.9199974044365515,25,30,20
7,3883,4.397205148580159e-21,0.07999960638775756,2.988499208562841e-06,0.9199974051130337,25,30,20
7,3884,4.397298321477826e-21,0.07999960638775756,2.9889987367717556e-06,0.9199974046135055,25,30,20
7,3885,4.3972966868768725e-21,0.07999960638775756,2.986965849757889e-06,0.9199974066463925,25,30,20
7,3886,4.4025141537401255e-21,0.07999960638775756,4.609332362567446e-06,0.9199957842798797,25,30,20
7,3887,4.4025141609029734e-21,0.07999960638775756,4.609367630556623e-06,0.9199957842446118,25,30,20
7,3888,4.402513888085894e-21,0.07999999975172771,4.21600366039141e-06,0.9199957842446118,25,30,20
7,3889,4.4025139217195474e-21,0.07999999964494488,4.216110443226209e-06,0.9199957842446118,25,30,20
7,3890,4.402515527151481e-21,0.07999999964494488,4.21563632574364e-06,0.9199957847187292,25,30,20
7,3891,4.397206313627386e-21,0.07999999964494488,4.215826164586315e-06,0.9199957845288904,25,30,20
7,3892,4.321619957576254e-21,0.07999999964494496,4.220396334005564e-06,0.9199957799587208,25,30,20
7,3893,4.321619961752195e-21,0.07999999976081808,4.220280460879581e-06,0.9199957799587208,25,30,20
7,3894,4.321619961249124e-21,0.07999999976081808,4.220255072259042e-06,0.9199957799841095,25,30,20
7,3895,4.321712696805476e-21,0.07999999976081808,4.220280458695705e-06,0.9199957799587232,25,30,20
7,3896,4.32168941075423e-21,0.07999999976081808,4.307713307036266e-06,0.9199956925258748,25,30,20
7,3897,4.321596640039127e-21,0.07999999976081801,4.223685807031165e-06,0.9199957765533749,25,30,20
7,3898,4.321598682927199e-21,0.07999999976081801,4.2243870662097745e-06,0.9199957758521157,25,30,20
7,3899,4.321598281443491e-21,0.07999999976081801,4.22591091161093e-06,0.9199957743282703,25,30,20
7,3900,4.321598317290376e-21,0.07999999976081801,4.223414164032999e-06,0.919995776825018,25,30,20
7,3901,4.3220425357203225e-21,0.07999986389656728,4.359278414756894e-06,0.919995776825018,25,30,20
7,3902,4.322042536097638e-21,0.07999986389656728,4.359110891838261e-06,0.9199957769925409,25,30,20
7,3903,4.316825069226662e-21,0.07999986389656728,2.73627025058206e-06,0.9199973998331822,25,30,20
7,3904,4.3168250907260665e-21,0.07999986389656728,2.6218002437764626e-06,0.919997514303189,25,30,20
7,3905,4.3154973777500824e-21,0.07999986389656728,2.5817963880474597e-06,0.9199975543070447,25,30,20
7,3906,4.315474492675735e-21,0.07999986389656728,2.5812711857130727e-06,0.919997554832247,25,30,20
7,3907,4.315381735595973e-21,0.07999986389656728,2.6971636525772704e-06,0.91999743893978,25,30,20
7,3908,1.8771943650769303e-24,0.07999986389656728,6.093889826995216e-07,0.9199995267144501,25,30,20
7,3909,1.8771942438642265e-24,0.07999986389656728,6.093644139575774e-07,0.9199995267390187,25,30,20
7,3910,2.67536409155077e-23,0.07999999257524508,4.8068573615439e-07,0.9199995267390187,25,30,20
7,3911,2.6753619917222706e-23,0.07999999257524508,4.806502779168169e-07,0.919999526774477,25,30,20
7,3912,2.675361251396793e-23,0.07999999257524508,4.7859248236355e-07,0.9199995288322725,25,30,20
7,3913,3.206446755167893e-23,0.07999999257524508,4.800648372788202e-07,0.9199995273599177,25,30,20
7,3914,3.2175624655123856e-23,0.07999944014534176,1.0324947406215429e-06,0.9199995273599177,25,30,20
7,3915,3.217725856545313e-23,0.07999944014534176,5.73434764067693e-06,0.9199948255070177,25,30,20
7,3916,3.217889316884645e-23,0.07999944014534176,5.734373217433926e-06,0.919994825481441,25,30,20
7,3917,3.218052777237315e-23,0.07999944014534176,5.735821421681054e-06,0.9199948240332367,25,30,20
7,3918,3.2180535559391547e-23,0.07999944014534176,5.736522527126034e-06,0.9199948233321312,25,30,20
7,3919,3.2180585235085315e-23,0.07999944014534176,5.736531074691845e-06,0.9199948233235835,25,30,20
7,3920,3.748977734079319e-23,0.07999944014534176,5.735785404288811e-06,0.9199948240692541,25,30,20
7,3921,3.7489397490765783e-23,0.07999944014534176,5.775767751664557e-06,0.9199947840869066,25,30,20
7,3922,3.7487762752764877e-23,0.07999944014534176,5.7751098735383145e-06,0.9199947847447848,25,30,20
7,3923,3.616208855062121e-23,0.07999944014534176,1.2265411192698105e-05,0.9199882944434655,25,30,20
7,3924,3.616208842487766e-23,0.07999944014534176,1.2267409158120404e-05,0.9199882924455001,25,30,20
7,3925,3.6051102176120256e-23,0.07999998310639687,1.1724448102987394e-05,0.9199882924455001,25,30,20
7,3926,3.6050701204226406e-23,0.07999998310639687,1.1724438762724429e-05,0.9199882924548405,25,30,20
7,3927,3.605191999739578e-23,0.07999998310639687,1.1610544262991493e-05,0.9199884063493401,25,30,20
7,3928,3.60503140624845e-23,0.07999998310639687,1.1611129691466724e-05,0.9199884057639117,25,30,20
7,3929,3.6051131117044516e-23,0.07999998310639687,1.1611842416587207e-05,0.9199884050511866,25,30,20
7,3930,3.6051090564478907e-23,0.07999998310639687,0.00010390747561231775,0.9198961094179908,25,30,20
7,3931,3.607308128006321e-23,0.07999998310639687,0.00022872764816519428,0.9197712892454379,25,30,20
7,3932,3.616421124855645e-23,0.07999998310639687,0.00022212343570920633,0.9197778934578938,25,30,20
7,3933,3.618750444775968e-23,0.07999998310639687,0.00022216343063245162,0.9197778534629707,25,30,20
7,3934,3.6187475646936015e-23,0.07999998310639687,0.00022216200823641587,0.9197778548853668,25,30,20
7,3935,3.7516815417981335e-23,0.07999998310639689,0.0002221911823839226,0.9197778257112192,25,30,20
7,3936,3.75167652303133e-23,0.07999998310639689,0.000222191183913623,0.9197778257096896,25,30,20
7,3937,3.7540058832505813e-23,0.07999998310639689,0.00022219122119460216,0.9197778256724085,25,30,20
7,3938,3.753845810566879e-23,0.07999998310639687,0.00012997807512452,0.9198700388184785,25,30,20
7,3939,3.75368163265592e-23,0.07999998310639687,0.00012997739008339287,0.9198700395035198,25,30,20
7,3940,3.753518221764262e-23,0.07999998310639687,0.00012997736466024707,0.9198700395289429,25,30,20
7,3941,3.8861287359766705e-23,0.07999998310639687,0.00013005782981901392,0.9198699590637841,25,30,20
7,3942,3.88612878628197e-23,0.07999998310639687,0.00013013831989356579,0.9198698785737096,25,30,20
7,3943,3.8768115092238584e-23,0.07999998310639687,0.00013013627812253134,0.9198698806154806,25,30,20
7,3944,3.876810793158658e-23,0.07999998310639687,0.00013013624284978535,0.9198698806507533,25,30,20
7,3945,3.8768107805774603e-23,0.07999998310639687,0.00013013423446317138,0.9198698826591399,25,30,20
7,3946,3.876810780774897e-23,0.07999998310639687,0.00013013426997653775,0.9198698826236266,25,30,20
7,3947,3.8768107816604274e-23,0.07999998310639687,0.00013009431098905472,0.9198699225826139,25,30,20
7,3948,3.7440368068964047e-23,0.07999998310639687,0.00013001178723420577,0.9198700051063688,25,30,20
7,3949,3.7439551257134374e-23,0.07999998310639687,0.00013001252104469105,0.9198700043725584,25,30,20
7,3950,3.7461209869528305e-23,0.07999998310639687,0.0001300125564821907,0.919870004337121,25,30,20
7,3951,3.746120975261274e-23,0.07999998310639687,0.00013001255647134992,0.9198700043371317,25,30,20
7,3952,3.7460852704131844e-23,0.07999998310639689,9.278475687156214e-05,0.9199072321367315,25,30,20
7,3953,3.74608243974409e-23,0.07999998310639689,9.278475643370681e-05,0.9199072321371693,25,30,20
7,3954,3.7439165784834017e-23,0.07999998310639689,9.278614355101769e-05,0.9199072307500521,25,30,20
7,3955,3.741589771319221e-23,0.07999998310639687,4.904700777502933e-07,0.9199995264235252,25,30,20
7,3956,2.4590643853805666e-19,0.07999998310639687,2.8136664315857306e-06,0.9199972032271714,25,30,20
7,3957,2.459064613938865e-19,0.07999998310639687,2.8470610868595245e-06,0.9199971698325161,25,30,20
7,3958,3.7438782714707523e-23,0.07999998310639687,5.243890270846217e-07,0.9199994925045759,25,30,20
7,3959,3.7438761226507767e-23,0.07999998310639687,5.243761424531517e-07,0.9199994925174606,25,30,20
7,3960,3.7345996983939547e-23,0.07999998310639687,5.229289928082831e-07,0.9199994939646103,25,30,20
7,3961,3.734599042582496e-23,0.07999998310639687,5.249501131275388e-07,0.91999949194349,25,30,20
7,3962,1.202532355677122e-23,0.0799999901272197,5.179292903215302e-07,0.91999949194349,25,30,20
7,3963,1.2025761374817436e-23,0.0799999901272197,5.193773264719136e-07,0.9199994904954538,25,30,20
7,3964,1.2025740369874151e-23,0.0799999901272197,5.188780171149544e-07,0.9199994909947633,25,30,20
7,3965,1.2002475837172323e-23,0.0799999901272197,4.789083102777574e-07,0.91999953096447,25,30,20
7,3966,1.7313330792969077e-23,0.0799999901272197,4.809670601064699e-07,0.9199995289057202,25,30,20
7,3967,1.7320919635082295e-23,0.07999998774945993,4.833448198632457e-07,0.9199995289057202,25,30,20
7,3968,1.734421141836594e-23,0.07999998774945993,2.10621038633871e-06,0.9199979060401537,25,30,20
7,3969,1.7343802259998064e-23,0.07999998774945993,2.104763256807102e-06,0.9199979074872833,25,30,20
7,3970,1.7343823896190332e-23,0.07999998774945993,2.1047369573803323e-06,0.9199979075135828,25,30,20
7,3971,3.190590493030429e-22,0.07999998774945993,0.0001315122796968916,0.9198684999708432,25,30,20
7,3972,3.2431995833723943e-22,0.07999998774945993,0.000504617323849186,0.9194953949266909,25,30,20
7,3973,3.244310156553317e-22,0.07999997767149322,0.000504627401815893,0.9194953949266909,25,30,20
7,3974,3.2443102220256804e-22,0.07999997767149322,0.0005046253937775661,0.9194953969347291,25,30,20
7,3975,3.2310330936128894e-22,0.07999997767149322,0.0005046787431625444,0.9194953435853442,25,30,20
7,3976,3.231033165326596e-22,0.07999997767149322,0.0005047187211866655,0.9194953036073201,25,30,20
7,3977,6.205112027987594e-22,0.07999997767149322,0.0005047199532970575,0.9194953023752099,25,30,20
7,3978,6.152007564178474e-22,0.07999997767149322,0.0005047584752247788,0.9194952638532822,25,30,20
7,3979,6.152023911535358e-22,0.07999997767149322,0.000504759152093236,0.9194952631764137,25,30,20
7,3980,6.1520241203490535e-22,0.07999997767149322,0.0005047585112856483,0.9194952638172212,25,30,20
7,3981,6.165301138212141e-22,0.07999997767149322,0.0005048744041011861,0.9194951479244058,25,30,20
7,3982,6.218423874320709e-22,0.07999997767149322,0.0005064987214858506,0.9194935236070212,25,30,20
7,3983,3.191236458964313e-22,0.07999997767149322,0.0005064967797489501,0.919493525548758,25,30,20
7,3984,3.1912364589674087e-22,0.07999997767149322,0.0005064967786727977,0.9194935255498343,25,30,20
7,3985,3.1912200412023274e-22,0.07999997767149322,0.0005063808608726033,0.9194936414676345,25,30,20
7,3986,3.151374437251352e-22,0.07999997767149322,0.0005047592426940326,0.919495263085813,25,30,20
7,3987,3.151374437338069e-22,0.07999997767149322,0.0005047592676479724,0.919495263060859,25,30,20
7,3988,6.178552352050879e-22,0.0799999776714933,0.00050479937149404,0.919495222957013,25,30,20
7,3989,6.178552070331537e-22,0.0799999776714933,0.0005047993791896447,0.9194952229493175,25,30,20
7,3990,6.178555873839768e-22,0.0799999776714933,0.0005047994308702349,0.919495222897637,25,30,20
7,3991,6.178792825178635e-22,0.0799999776714933,0.0005049153236833296,0.9194951070048237,25,30,20
7,3992,6.179491616964619e-22,0.0799999776714933,0.0005049167343223718,0.9194951055941845,25,30,20
7,3993,3.152313698499913e-22,0.07999997767149322,0.0005049100245416278,0.9194951123039654,25,30,20
7,3994,6.179324536862617e-22,0.0799999776714933,0.0005071900602121201,0.9194928322682948,25,30,20
7,3995,6.179087662158573e-22,0.0799999776714933,0.0005070761754421739,0.9194929461530648,25,30,20
7,3996,6.179083580767796e-22,0.0799999776714933,0.0005070775787748816,0.919492944749732,25,30,20
7,3997,6.178151856755269e-22,0.0799999776714933,0.0005070781638693377,0.9194929441646376,25,30,20
7,3998,6.178151851681553e-22,0.0799999776714933,0.0005070787497280589,0.9194929435787788,25,30,20
7,3999,6.164874823844476e-22,0.0799999776714933,0.0005069642797049342,0.919493058048802,25,30,20
7,4000,6.16580253912365e-22,0.0799999776714933,0.0005069263271489662,0.9194930960013579,25,30,20
7,4001,6.1658025391353e-22,0.0799999776714933,0.0005068438390727525,0.9194931784894341,25,30,20
7,4002,6.179063334751003e-22,0.0799999776714933,0.00050684385618159,0.9194931784723253,25,30,20
7,4003,6.179046993703651e-22,0.0799999776714933,0.0005068438557311895,0.9194931784727757,25,30,20
7,4004,6.179051080213689e-22,0.0799999776714933,0.0005068447689360974,0.9194931775595707,25,30,20
7,4005,6.179051085156547e-22,0.0799999776714933,0.0005068461913213976,0.9194931761371855,25,30,20
7,4006,6.179055170319015e-22,0.0799999776714933,0.0005083531747771087,0.9194916691537298,25,30,20
7,4007,6.17905517027643e-22,0.0799999776714933,0.0005083531399873969,0.9194916691885195,25,30,20
7,4008,6.179055165289052e-22,0.0799999776714933,0.0005083537258536097,0.9194916686026534,25,30,20
7,4009,6.165778023637357e-22,0.0799999776714933,0.0005083550401353972,0.9194916672883715,25,30,20
7,4010,6.165778024893589e-22,0.0799999776714933,0.0005083570733410117,0.9194916652551659,25,30,20
7,4011,1.7874827800750354e-20,0.07999997767149339,0.0005130589678413429,0.9194869633606655,25,30,20
7,4012,1.7880138433466565e-20,0.07999997767149339,0.0005146418656986214,0.9194853804628081,25,30,20
7,4013,1.788013843284871e-20,0.07999997767149339,0.0005146398672875151,0.9194853824612192,25,30,20
7,4014,1.7874877143964664e-20,0.07999997767149339,0.00014153683090371955,0.9198584854976032,25,30,20
7,4015,1.7874875509857782e-20,0.07999997767149339,0.00014165130029174884,0.9198583710282152,25,30,20
7,4016,1.7574464704739557e-20,0.07999997767149339,1.2127892691464719e-05,0.9199878944358154,25,30,20
7,4017,1.4032884724129294e-17,0.07999997767149768,1.2236427809463368e-05,0.9199877859006931,25,30,20
7,4018,1.4032884724537942e-17,0.07999997767149768,1.2350311968050185e-05,0.9199876720165345,25,30,20
7,4019,1.4032885160966222e-17,0.07999997992992118,1.2348053544546253e-05,0.9199876720165345,25,30,20
7,4020,1.4032582459502032e-17,0.0799999799299211,1.006944026081874e-05,0.9199899506298184,25,30,20
7,4021,1.40325824594872e-17,0.0799999799299211,1.0067442280145911e-05,0.919989952627799,25,30,20
7,4022,1.4015324302668612e-17,0.07999997992992103,5.3661340992243e-06,0.91999465393598,25,30,20
7,4023,1.401535450329988e-17,0.07872863091342483,0.0012767151505954357,0.91999465393598,25,30,20
7,4024,1.4015354504934108e-17,0.07872863091342483,0.00127679564114401,0.9199945734454313,25,30,20
7,4025,1.4015354506977362e-17,0.07872863091342483,0.0012769115318002119,0.9199944575547753,25,30,20
7,4026,1.401535582541347e-17,0.07872863091342483,0.001541623058240594,0.9197297460283348,25,30,20
7,4027,1.401535051455926e-17,0.07872863091342483,0.0015416210000298155,0.9197297480865455,25,30,20
7,4028,1.4015319869876696e-17,0.07999985399464186,0.00027039791881277117,0.9197297480865455,25,30,20
7,4029,1.4015318551003266e-17,0.07999985399464186,4.06349156359199e-06,0.9199960825137947,25,30,20
7,4030,1.409758460762225e-17,0.07999959375084964,4.323735355826407e-06,0.9199960825137947,25,30,20
7,4031,1.4097584584738616e-17,0.07999959375084964,2.7008603423717447e-06,0.9199977053888081,25,30,20
7,4032,1.4097584584738616e-17,0.07999959375084964,2.7022993527799476e-06,0.919997703949798,25,30,20
7,4033,1.4097583257024918e-17,0.07999959375084964,2.702317323251028e-06,0.9199977039318274,25,30,20
7,4034,1.4097583349760494e-17,0.07999959375084964,2.7023177686674527e-06,0.9199977039313819,25,30,20
7,4035,1.4097583442525242e-17,0.07999959375084964,2.587856518845192e-06,0.9199978183926318,25,30,20
7,4036,1.4015317385872075e-17,0.07999998284421378,2.1987631546936645e-06,0.9199978183926318,25,30,20
7,4037,1.4015317386280724e-17,0.07999998284421378,2.1967658427801176e-06,0.9199978203899438,25,30,20
7,4038,1.4015317293101176e-17,0.07999998284421378,2.194732126444401e-06,0.9199978224236601,25,30,20
7,4039,1.401531729310834e-17,0.07999998284421378,2.196740388824053e-06,0.9199978204153978,25,30,20
7,4040,1.4015317199934953e-17,0.07999998284421378,2.195284462364755e-06,0.9199978218713243,25,30,20
7,4041,1.401531984472052e-17,0.07999998284421378,0.0001316071039805764,0.919868410051806,25,30,20
7,4042,1.4015319845129048e-17,0.07999998284421378,0.0001316071039843621,0.9198684100518022,25,30,20
7,4043,1.4015326060826284e-17,0.07997757564200253,0.0001540143061938889,0.919868410051804,25,30,20
7,4044,1.4015326060855087e-17,0.07997757564200253,0.00015401431832347945,0.9198684100396745,25,30,20
7,4045,1.401532606085459e-17,0.07997757564200253,0.00015389844495854074,0.9198685259130392,25,30,20
7,4046,1.4015331371301182e-17,0.07997757564200253,0.00015389844340820476,0.9198685259145896,25,30,20
7,4047,1.401533137170958e-17,0.07997757564200253,0.0001538998198589943,0.9198685245381388,25,30,20
7,4048,1.401533137168078e-17,0.07997757564200253,0.00015389980816706082,0.9198685245498308,25,30,20
7,4049,1.4015326060825557e-17,0.07997757564200253,0.00015389977340813133,0.9198685245845897,25,30,20
7,4050,1.401532606041703e-17,0.07997757564200253,0.00015389974823822953,0.9198685246097595,25,30,20
7,4051,1.4015326060417032e-17,0.07997757564200253,0.0001538997484318449,0.9198685246095658,25,30,20
7,4052,1.4015326060417032e-17,0.07997758230456312,0.00015389308587125452,0.9198685246095658,25,30,20
7,4053,1.401532606080405e-17,0.07997758230456312,0.00015389233975455325,0.9198685253556826,25,30,20
7,4054,1.401532606080405e-17,0.07997758230456312,0.00015377644736624095,0.919868641248071,25,30,20
7,4055,1.4015326060804436e-17,0.07997758230456312,0.00015377789498325638,0.919868639800454,25,30,20
7,4056,1.4015326060804436e-17,0.07997758230456312,0.00015377992799509363,0.919868637767442,25,30,20
7,4057,1.4015325969273815e-17,0.07997758230456312,0.0001537789978624857,0.9198686386975745,25,30,20
7,4058,1.4015331280533768e-17,0.07997758230456312,0.00015380855994856347,0.9198686091354886,25,30,20
7,4059,1.4015335263703766e-17,0.07997758230456312,0.00015380729781584674,0.9198686103976211,25,30,20
7,4060,1.401533526490155e-17,0.07997758230456312,0.0001538057889356979,0.9198686119065016,25,30,20
7,4061,1.4015335273492643e-17,0.07997758230456312,2.4393996635638514e-05,0.9199980236988015,25,30,20
7,4062,1.4015336599570638e-17,0.07997758230456312,2.4433467474785896e-05,0.9199979842279623,25,30,20
7,4063,1.4015338020222668e-17,0.07997758230456312,3.103971952900956e-05,0.919991377975908,25,30,20
7,4064,1.4015338206131314e-17,0.07997758230456312,0.00012333457031316994,0.919899083125124,25,30,20
7,4065,1.401534351698561e-17,0.07997758230456312,0.00012333604250728153,0.9198990816529298,25,30,20
7,4066,1.4015343539870182e-17,0.07997758230456312,0.0001233353320560782,0.9198990823633809,25,30,20
7,4067,3.32804462437638e-23,0.07997758230455883,0.00012322676212983563,0.9198991909333115,25,30,20
7,4068,2.796922212271766e-23,0.07997758230455883,0.00012319771185168412,0.9198992199835898,25,30,20
7,4069,2.797085623397561e-23,0.07997758230455883,0.0001231991348545275,0.9198992185605868,25,30,20
7,4070,2.1755153260524263e-23,0.07999943740412147,0.00010134403529359624,0.919899218560585,25,30,20
7,4071,2.1755153140278317e-23,0.07999943740412147,0.00010126354474771654,0.919899299051131,25,30,20
7,4072,2.1755152637320775e-23,0.07999943740412147,0.0001012620974084763,0.9198993004984701,25,30,20
7,4073,9.663574771204952e-23,0.07999943740412147,0.00047436512784546504,0.9195261974680331,25,30,20
7,4074,9.66140890978073e-23,0.07999943740412147,0.00047436441634599264,0.9195261981795326,25,30,20
7,4075,9.6612891948473e-23,0.07999943740412147,0.0004743630243921793,0.9195261995714864,25,30,20
7,4076,9.519223991514387e-23,0.07999943740412147,0.00046775677190029894,0.9195328058239783,25,30,20
7,4077,9.519387440151276e-23,0.07999943740412147,0.0004677568152781325,0.9195328057806006,25,30,20
7,4078,9.519387440368064e-23,0.07999943740412147,0.00046775685033016256,0.9195328057455485,25,30,20
7,4079,9.519388169439021e-23,0.07999943740412147,0.000467794812410524,0.919532767783468,25,30,20
7,4080,3.9791343096517873e-22,0.07999943740412147,0.0004679029496736403,0.9195326596462049,25,30,20
7,4081,3.9791345913730645e-22,0.07999943740412147,0.0004679029749037215,0.9195326596209749,25,30,20
7,4082,3.992411414876335e-22,0.07999943740412147,0.00046798291097403994,0.9195325796849043,25,30,20
7,4083,3.9924074000376924e-22,0.07999943740412147,0.00046798490894790166,0.9195325776869306,25,30,20
7,4084,3.991318756358997e-22,0.05123992168182109,0.02922750063124803,0.9195325776869306,25,30,20
7,4085,3.991551615678385e-22,0.05123992168182109,0.029227460683657926,0.9195326176345209,25,30,20
7,4086,3.9915678913866583e-22,0.05123992168182109,0.029227459352112958,0.9195326189660661,25,30,20
7,4087,3.9384590541681436e-22,0.05123992168182109,0.029227457879542295,0.9195326204386366,25,30,20
7,4088,9.112799062368384e-23,0.05123992168182109,0.0292273477344763,0.9195327305837027,25,30,20
7,4089,9.112676579648879e-23,0.05123992168182109,0.02922734771802581,0.9195327306001532,25,30,20
7,4090,1.6689075206997812e-22,0.05123992168182125,0.02923205104239168,0.9195280272757871,25,30,20
7,4091,1.6556263942423604e-22,0.05123992168182125,0.029231971050534038,0.9195281072676447,25,30,20
7,4092,1.6556263942090342e-22,0.05123992168182125,0.029232053548268976,0.9195280247699098,25,30,20
7,4093,1.6537672372454927e-22,0.05123992168182125,0.029139757250325818,0.9196203210678529,25,30,20
7,4094,1.6535343100044857e-22,0.05123992168182125,0.029139757202648397,0.9196203211155303,25,30,20
7,4095,1.6535342447070986e-22,0.05123992168182125,0.029139757202305296,0.9196203211158733,25,30,20
7,4096,1.6269806190621954e-22,0.05123992168182125,0.029139641748299635,0.9196204365698789,25,30,20
7,4097,1.6269643433535394e-22,0.05123992168182125,0.02913964104726463,0.919620437270914,25,30,20
7,4098,1.57385586958921e-22,0.05123992168182125,0.029139639574868113,0.9196204387433106,25,30,20
7,4099,1.5738557991538514e-22,0.05123992168182125,0.029139639531497962,0.9196204387866806,25,30,20
7,4100,1.5738557991755312e-22,0.05123992168182125,0.029139639513076764,0.9196204388051019,25,30,20
7,4101,1.520765459646698e-22,0.05123992168182125,0.029138016637383326,0.9196220616807955,25,30,20
7,4102,1.5207491149363106e-22,0.05123992168182125,0.029138017110883666,0.9196220612072952,25,30,20
7,4103,2.277420994834881e-22,0.05123992168182132,0.02914462288468018,0.9196154554334988,25,30,20
7,4104,2.2641438687782833e-22,0.05123992168182132,0.029144582914937933,0.9196154954032408,25,30,20
7,4105,4.540153331488857e-21,0.05123992168182132,0.029144612765440052,0.9196154655527385,25,30,20
7,4106,2.264143936676421e-22,0.05123992168182132,0.02914458293690036,0.9196154953812783,25,30,20
7,4107,1.5074720566048041e-22,0.05123992168182125,0.029137976664247695,0.9196221016539312,25,30,20
7,4108,1.5074723421230079e-22,0.05123992168182125,0.02913797709978862,0.91962210121839,25,30,20
7,4109,1.5084037829910057e-22,0.05123992168182125,0.02913797710064132,0.9196221012175374,25,30,20
7,4110,1.50840349621847e-22,0.05123992168182125,0.029137977100633577,0.9196221012175454,25,30,20
7,4111,7.586657487182433e-23,0.05123992168182125,0.02876487347541672,0.9199952048427622,25,30,20
7,4112,7.586496126451156e-23,0.05123992168182125,0.028764873456849513,0.9199952048613295,25,30,20
7,4113,7.586496063345385e-23,0.05123992168182125,0.02876487345715394,0.9199952048610252,25,30,20
7,4114,7.586495347532577e-23,0.05123992168182125,0.028764873456103898,0.9199952048620752,25,30,20
7,4115,7.58649601503532e-23,0.05123992168182125,0.028764872033945222,0.9199952062842338,25,30,20
7,4116,1.3020773108287727e-18,0.012019315384221083,0.06798547797952449,0.9199952066362544,25,30,20
7,4117,1.3020773107935548e-18,0.012019315384221083,0.06798547752876404,0.9199952070870148,25,30,20
7,4118,1.3020773107653786e-18,0.012019315384221083,0.06798547752814343,0.9199952070876354,25,30,20
7,4119,3.25766362491821e-21,0.01123992192425151,0.03930636701861622,0.9494537110571325,25,30,20
7,4120,1.9406559748450517e-10,6.774462166271724e-07,0.05054238142909757,0.9494569409306202,25,30,20
7,4121,1.9406559748450522e-10,6.77446216627172e-07,0.05054230093979146,0.9494570214199263,25,30,20
7,4122,1.9406559748450522e-10,6.774462166271724e-07,0.05054232891335757,0.9494569934463601,25,30,20
7,4123,1.2400177585896794e-06,5.106826081499768e-10,0.050544995897923994,0.9494537635736348,25,30,20
7,4124,1.2400177585896794e-06,5.106824575835671e-10,0.05054040849073868,0.9494583509808203,25,30,20
7,4125,1.2400177585896794e-06,5.1068245758356e-10,0.05054040645691026,0.9494583530146489,25,30,20
7,4126,1.2400177585896794e-06,5.106824576067409e-10,0.05054048898045329,0.9494582704911058,25,30,20
7,4127,1.2400177585896794e-06,5.106824589276548e-10,0.05054057151418089,0.949458187957378,25,30,20
7,4128,1.2400177585896794e-06,5.106824589272481e-10,0.050540455596830736,0.9494583038747283,25,30,20
7,4129,1.2400177585896794e-06,5.106824589272481e-10,0.05054045557206774,0.9494583038994913,25,30,20
7,4130,1.2400177585896794e-06,5.106824589272481e-10,0.05054045416040262,0.9494583053111563,25,30,20
7,4131,1.2400177585896794e-06,5.106867500808566e-10,0.05054513133368344,0.9494536281378712,25,30,20
7,4132,1.2400177585896794e-06,5.106867500808566e-10,0.05054513275565101,0.9494536267159037,25,30,20
7,4133,1.2400177585896794e-06,5.106867500808637e-10,0.050545132781046644,0.9494536266905079,25,30,20
7,4134,5.791845698232521e-09,3.4424625863297707e-13,0.05054636508617165,0.9494536291216383,25,30,20
7,4135,5.791845698232521e-09,3.4424625863309996e-13,0.05054636708385308,0.9494536271239569,25,30,20
7,4136,5.791845698232521e-09,3.4424625863309784e-13,0.05054636710924165,0.9494536270985684,25,30,20
7,4137,5.791845698232521e-09,3.399551277893056e-13,0.05054636476354829,0.949453629444266,25,30,20
7,4138,5.791845698232597e-09,3.399564487024657e-13,0.05054648070560214,0.9494535135022122,25,30,20
7,4139,5.791845698232597e-09,3.3995644870259065e-13,0.05054648073022601,0.9494535134775883,25,30,20
7,4140,5.791845698232597e-09,3.399564718765704e-13,0.050546481264368365,0.9494535129434459,25,30,20
7,4141,5.791845698232597e-09,3.399564491189852e-13,0.050544057557078546,0.9494559366507357,25,30,20
7,4142,5.791845698232597e-09,3.399564491261199e-13,0.05054405484779005,0.9494559393600241,25,30,20
7,4143,5.791845712203819e-09,3.400315278447884e-13,0.05066999016793255,0.9493300040398815,25,30,20
7,4144,5.791845712203744e-09,3.400302077447488e-13,0.050669952181280654,0.9493300420265335,25,30,20
7,4145,5.791845712203744e-09,3.400302077518792e-13,0.05066995268035556,0.9493300415274585,25,30,20
7,4146,5.791845712203744e-09,3.4003020774474443e-13,0.05066995123280067,0.9493300429750136,25,30,20
7,4147,5.791845712203744e-09,3.400302069316261e-13,0.0506698753098091,0.9493301188980051,25,30,20
7,4148,5.791845698232521e-09,3.3995512822009014e-13,0.05054394002734389,0.9494560541804704,25,30,20
7,4149,5.791845698232521e-09,3.399551282199652e-13,0.05054394050102696,0.9494560537067873,25,30,20
7,4150,5.791845698232521e-09,3.3995380730607574e-13,0.05054388641477089,0.9494561077930435,25,30,20
7,4151,5.791845698232521e-09,3.3995380730607574e-13,0.05054388439364242,0.949456109814172,25,30,20
7,4152,5.791845698232521e-09,3.400283972689518e-13,0.05091696099452325,0.949083033213291,25,30,20
7,4153,5.791845698232521e-09,3.400283976685053e-13,0.050916961887431916,0.9490830323203824,25,30,20
7,4154,5.791845698232521e-09,3.400283972549625e-13,0.05091468432789635,0.9490853098799178,25,30,20
7,4155,5.791845698232521e-09,3.4002839725496257e-13,0.0509146843528397,0.9490853098549745,25,30,20
7,4156,5.791845698232521e-09,3.4002839726221807e-13,0.05091468637396513,0.9490853078338491,25,30,20
7,4157,5.791845698232521e-09,3.40028420436322e-13,0.05091468843256447,0.9490853057752499,25,30,20
7,4158,5.791845698232521e-09,3.4002842044332955e-13,0.050914688433002266,0.949085305774812,25,30,20
7,4159,5.791845698232521e-09,3.400284204360762e-13,0.05091468642474321,0.9490853077830711,25,30,20
7,4160,5.791845712244673e-09,1.5987290268069636e-13,0.04037323194389218,0.9596267622641024,25,30,20
7,4161,5.791845698229338e-09,1.5987158135888033e-13,0.040373273270021465,0.9596267209379731,25,30,20
7,4162,5.791845698229338e-09,1.5987158135887594e-13,0.04037327324463466,0.9596267209633599,25,30,20
7,4163,5.791845698229338e-09,1.5987158095206903e-13,0.04037327186886954,0.959626722339125,25,30,20
7,4164,5.791845698229338e-09,1.5987290186648286e-13,0.04037334985077539,0.9596266443572192,25,30,20
7,4165,5.791845698229338e-09,1.5987290186635777e-13,0.04037337832388287,0.9596266158841117,25,30,20
7,4166,5.791845698229338e-09,1.5987292503320428e-13,0.04037337976963799,0.9596266144383564,25,30,20
7,4167,5.791845698229339e-09,1.598729482000505e-13,0.04037337979504245,0.9596266144129519,25,30,20
7,4168,5.791845698229346e-09,1.5987294820718093e-13,0.04037337982043839,0.959626614387556,25,30,20
7,4169,5.791845698229346e-09,1.5987294820017557e-13,0.040373379820000735,0.9596266143879937,25,30,20
7,4170,5.791845698229351e-09,1.5987294860685952e-13,0.04037337984939211,0.9596266143586023,25,30,20
7,4171,5.791845698229351e-09,1.5987294860685954e-13,0.04037337987459294,0.9596266143334016,25,30,20
7,4172,5.791845698229351e-09,1.5987162769257087e-13,0.04037330392694855,0.959626690281046,25,30,20
7,4173,5.791845698229351e-09,1.5987294860209336e-13,0.040373304426324565,0.95962668978167,25,30,20
7,4174,5.791845698229351e-09,1.5979835864622482e-13,0.04000020138615337,0.9599997928218413,25,30,20
7,4175,5.791845698229349e-09,1.597983354721252e-13,0.04000020136074116,0.9599997928472536,25,30,20
7,4176,5.791845698229349e-09,1.5979833547925783e-13,0.04000019933937302,0.9599997948686216,25,30,20
7,4177,5.791845698229349e-09,1.597983354721252e-13,0.04000019933523864,0.959999794872756,25,30,20
7,4178,5.791845698229349e-09,1.5979833587856326e-13,0.040000199387541686,0.959999794820453,25,30,20
7,4179,5.791845698229354e-09,1.597983358855708e-13,0.04000011689875069,0.9599998773092439,25,30,20
7,4180,5.791845698229349e-09,1.597983362778188e-13,0.04000482014800589,0.9599951740599887,25,30,20
7,4181,5.791845698233663e-09,1.5979833627781837e-13,0.04000709986581001,0.9599928943421845,25,30,20
7,4182,5.791845698229349e-09,1.5979833627056322e-13,0.04000481811465856,0.9599951760933361,25,30,20
7,4183,5.791845698229349e-09,1.5979831310371664e-13,0.04000481665721937,0.9599951775507752,25,30,20
7,4184,5.791845698229349e-09,1.5979831310359155e-13,0.040004816692441006,0.9599951775155536,25,30,20
7,4185,5.791845698229349e-09,1.5979831310371451e-13,0.04000478822960603,0.9599952059783887,25,30,20
7,4186,5.791845698229349e-09,1.597983131037145e-13,0.04000478821955737,0.9599952059884374,25,30,20
7,4187,5.791845698229274e-09,1.5979828992277479e-13,0.04000470639681701,0.9599952878111777,25,30,20
7,4188,5.791845698229274e-09,1.597982899228977e-13,0.040004706372043224,0.9599952878359516,25,30,20
7,4189,5.791845698229274e-09,1.597982895163866e-13,0.040000003071819314,0.9599999911361755,25,30,20
7,4190,5.7918456982335586e-09,1.5987308085843413e-13,0.040266337504734004,0.9597336567032606,25,30,20
7,4191,5.7918456982335586e-09,1.598730808654438e-13,0.04026633750675423,0.9597336567012406,25,30,20
7,4192,5.7918456982335586e-09,1.59873080865694e-13,0.04026633754068745,0.9597336566673075,25,30,20
7,4193,5.7918456982335586e-09,1.598730808585636e-13,0.04026633756264983,0.9597336566453449,25,30,20
7,4194,5.7918456982335586e-09,1.598730808585636e-13,0.04026633753743817,0.9597336566705565,25,30,20
7,4195,5.7918456982335586e-09,1.5987310403254068e-13,0.040266339020446316,0.9597336551875485,25,30,20
7,4196,4.866401293163832e-09,4.5865290306119404e-10,0.04026633973258515,0.9597336549423607,25,30,20
7,4197,4.866401293163832e-09,4.586529030607876e-10,0.040266340196435955,0.95973365447851,25,30,20
7,4198,4.866401293163832e-09,4.586529030611941e-10,0.04026636796805838,0.9597336267068876,25,30,20
7,4199,4.866401293163832e-09,4.586529030615935e-10,0.04026644999211806,0.9597335446828278,25,30,20
7,4200,4.866401293163832e-09,4.5865290306159367e-10,0.04026645000086556,0.9597335446740805,25,30,20
7,4201,4.866401293163832e-09,4.586529030615935e-10,0.04026644999981605,0.95973354467513,25,30,20
7,4202,4.866401293163832e-09,4.5865290306200715e-10,0.04026656591760083,0.9597334287573451,25,30,20
7,4203,4.866401293163832e-09,4.586529030851812e-10,0.04026656737522037,0.9597334272997254,25,30,20
7,4204,4.866401293163827e-09,4.5865290308517405e-10,0.04026656736584555,0.9597334273091004,25,30,20
7,4205,4.866401293163827e-09,4.586529030851814e-10,0.040266565384969005,0.959733429289977,25,30,20
7,4206,4.866401293163827e-09,4.586529030851887e-10,0.04026656608645011,0.9597334285884959,25,30,20
7,4207,0.0032056923766865908,7.15771890138598e-12,0.037060879269801617,0.959733428346354,25,30,20
7,4208,0.0032056923766865908,7.157718924160464e-12,0.037060912664302094,0.9597333949518536,25,30,20
7,4209,0.0032056923766865908,7.157718947740687e-12,0.03706102856440298,0.9597332790517528,25,30,20
7,4210,0.0032056923766865908,7.157718947747943e-12,0.03706102926606002,0.9597332783500956,25,30,20
7,4211,1.2371285541051312e-06,2.6915346449548346e-11,0.040265486396223064,0.9597332764483074,25,30,20
7,4212,1.2371285541051312e-06,2.6915345128631568e-11,0.040265483863498555,0.9597332789810319,25,30,20
7,4213,1.2371285541051312e-06,2.6915345128631568e-11,0.04026548382912469,0.9597332790154057,25,30,20
7,4214,1.2371285541051312e-06,2.6915345128638825e-11,0.040265483864799424,0.959733278979731,25,30,20
7,4215,1.2371285541051312e-06,2.691534512824641e-11,0.04026545683950868,0.9597333060050219,25,30,20
7,4216,1.2371285541051312e-06,2.6915345128246283e-11,0.04026545883940682,0.9597333040051238,25,30,20
7,4217,5.035196730621371e-11,2.1969687667505586e-07,0.040266476284764895,0.9597333039680065,25,30,20
7,4218,5.03519673062138e-11,2.1969687667637676e-07,0.04026651722941203,0.9597332630233595,25,30,20
7,4219,5.0351967306213685e-11,2.1969687667637718e-07,0.04027122047731744,0.9597285597754541,25,30,20
7,4220,5.0351967306218997e-11,2.1969687667640034e-07,0.040272843342923664,0.9597269369098478,25,30,20
7,4221,5.0351967306219e-11,2.196968766763772e-07,0.0402728427318171,0.9597269375209545,25,30,20
7,4222,5.0351967306219e-11,2.196968766763772e-07,0.04027284417830115,0.9597269360744702,25,30,20
7,4223,5.0351967306224315e-11,2.1969687667637678e-07,0.040272845565377934,0.9597269346873937,25,30,20
7,4224,5.035196730652694e-11,2.1969687667635402e-07,0.04027281267258422,0.9597269675801873,25,30,20
7,4225,5.035196730652694e-11,2.1969687667635402e-07,0.040272814004275626,0.9597269662484961,25,30,20
7,4226,5.0351967306527005e-11,2.1969687667635407e-07,0.04027281258273493,0.9597269676700365,25,30,20
7,4227,5.0351967306527005e-11,2.1969687667635407e-07,0.04027269869873575,0.959727081554036,25,30,20
7,4228,5.035196730652701e-11,2.1969687667635365e-07,0.04027269670106261,0.959727083551709,25,30,20
7,4229,5.0351967552409324e-11,2.1969687675032475e-07,0.040272799855671663,0.9597269803970998,25,30,20
7,4230,5.0351967552409324e-11,2.1969687675032475e-07,0.040272839148676375,0.9597269411040951,25,30,20
7,4231,5.0351967552409324e-11,2.1969687675032475e-07,0.04027284115630527,0.9597269390964662,25,30,20
7,4232,5.0351967552409324e-11,2.196968767503479e-07,0.040272923620840693,0.9597268566319305,25,30,20
7,4233,5.035196755240935e-11,2.196968767503479e-07,0.0402729216351736,0.9597268586175975,25,30,20
7,4234,5.0351967552409286e-11,2.196968767516688e-07,0.0402730027465815,0.9597267775061898,25,30,20
7,4235,5.0351967552409286e-11,2.1969687675164564e-07,0.04027292024345838,0.959726860009313,25,30,20
7,4236,5.0351967552409286e-11,2.1969687675164567e-07,0.04027519780319586,0.9597245824495754,25,30,20
7,4237,5.0351967552404064e-11,2.1969687675164527e-07,0.04027525324676787,0.9597245270060034,25,30,20
7,4238,5.035196755239876e-11,2.1969687675162208e-07,0.040273631792815304,0.9597261484599561,25,30,20
7,4239,5.035196755239876e-11,2.196968767515985e-07,0.0402735159194485,0.9597262643333228,25,30,20
7,4240,5.035196755239867e-11,2.1969687675157534e-07,0.04027351540979885,0.9597262648429725,25,30,20
7,4241,5.035196755239867e-11,2.1969687675157534e-07,0.040273515419926166,0.9597262648328453,25,30,20
7,4242,5.035196755239867e-11,2.1969687675157534e-07,0.040273513997551885,0.9597262662552195,25,30,20
7,4243,5.0351967552398565e-11,2.1969687675289626e-07,0.04027359653043489,0.9597261837223365,25,30,20
7,4244,5.0351967552398565e-11,2.1969687675289626e-07,0.04027359649476072,0.9597261837580107,25,30,20
7,4245,5.035196755209585e-11,2.196968767528958e-07,0.04027351349486274,0.9597262667579086,25,30,20
7,4246,5.035196755209585e-11,2.196968767528958e-07,0.040273512995345005,0.9597262672574263,25,30,20
7,4247,5.035196755209582e-11,2.196968767515981e-07,0.04027343249504353,0.9597263477577278,25,30,20
7,4248,5.035196755209582e-11,2.196968767515981e-07,0.04027343046225537,0.959726349790516,25,30,20
7,4249,5.0351967552095836e-11,2.1969687675162087e-07,0.04026880968578278,0.9597309705669886,25,30,20
7,4250,5.0351967552095836e-11,2.1969687675162084e-07,0.04026653012868709,0.9597332501240843,25,30,20
7,4251,5.0351967552095836e-11,2.1969687675159765e-07,0.04053286307274609,0.9594669171800253,25,30,20
7,4252,5.0351967552095836e-11,2.1969687675159765e-07,0.040532863097901474,0.9594669171548699,25,30,20
7,4253,5.035196730621342e-11,2.1969687667630569e-07,0.040532720532153454,0.959467059720618,25,30,20
7,4254,5.035196730621342e-11,2.1969687667632885e-07,0.04053932532681789,0.9594604549259536,25,30,20
7,4255,5.035196730621351e-11,2.1969687667632885e-07,0.040539325334610285,0.9594604549181612,25,30,20
7,4256,5.03519673062082e-11,2.1969687667632885e-07,0.040539325334248366,0.9594604549185232,25,30,20
7,4257,5.035196730620953e-11,2.196968766776497e-07,0.040541604907022466,0.959458175345749,25,30,20
7,4258,5.035196730620953e-11,2.196968766776497e-07,0.04054156491253673,0.9594582153402347,25,30,20
7,4259,4.2993909039591224e-21,2.576768956333003e-07,0.04054152698852728,0.959458215334577,25,30,20
7,4260,4.304701106247759e-21,2.5767689992346395e-07,0.040543069369677866,0.9594566729534222,25,30,20
7,4261,4.3034666409985164e-21,2.5767689992214353e-07,0.040540791809923975,0.9594589505131761,25,30,20
7,4262,5.987807040560463e-21,2.5315772111718353e-07,0.04054079632910276,0.9594589505131761,25,30,20
7,4263,5.9878985791147736e-21,2.5315772111716077e-07,0.040534190147727814,0.9594655566945511,25,30,20
7,4264,5.987898170461763e-21,2.5315772111716077e-07,0.04053430403124951,0.9594654428110293,25,30,20
7,4265,5.987896937345444e-21,2.531577211171376e-07,0.04053422354070477,0.959465523301574,25,30,20
7,4266,1.0076427388957266e-19,7.797148107223475e-11,0.040534476620454354,0.959465523301574,25,30,20
7,4267,1.0076427426954834e-19,7.797148107223473e-11,0.04053447865365248,0.9594655212683759,25,30,20
7,4268,1.0076427427658308e-19,7.797148107222773e-11,0.04053436476951581,0.9594656351525126,25,30,20
7,4269,1.0075896345719753e-19,7.797148107262003e-11,0.04053436617303943,0.959465633748989,25,30,20
7,4270,1.0106168223402311e-19,7.797148107302659e-11,0.040534367134041405,0.9594656327879868,25,30,20
7,4271,2.5014205109255645e-13,8.7317510063601e-09,0.040534358479899266,0.9594656327880994,25,30,20
7,4272,2.501420510872462e-13,8.731746714898726e-09,0.040532735598447216,0.9594672556695558,25,30,20
7,4273,2.5014205108857555e-13,8.731746714899133e-09,0.04053277428637207,0.9594672169816311,25,30,20
7,4274,2.501420510884824e-13,8.731746714875967e-09,0.04053277281567377,0.9594672184523292,25,30,20
7,4275,2.501420510884824e-13,8.731746714875959e-09,0.04053277279842307,0.9594672184695798,25,30,20
7,4276,2.501420510898101e-13,8.73174671489954e-09,0.04053277425036913,0.9594672170176338,25,30,20
7,4277,2.5014205139266843e-13,8.731746716220463e-09,0.040532801772483314,0.9594671894955198,25,30,20
7,4278,2.5014205139276157e-13,8.73174671622087e-09,0.0405328017812365,0.9594671894867666,25,30,20
7,4279,4.373123043535e-15,0.0007908637062060538,0.03974194644993394,0.9594671898438554,25,30,20
7,4280,4.37312274067711e-15,0.0007908637062060523,0.039741919594423344,0.9594672166993661,25,30,20
7,4281,4.373122740676673e-15,0.0007908637062060523,0.03974200005895086,0.9594671362348385,25,30,20
7,4282,4.3731227407012215e-15,0.0007908637062060523,0.03974199852586563,0.9594671377679238,25,30,20
7,4283,4.37312274200401e-15,0.0007908637062060523,0.03974211394330882,0.9594670223504805,25,30,20
7,4284,4.3731184569863106e-15,0.0007908637062059775,0.039475780236799055,0.9597333560569904,25,30,20
7,4285,4.373118462203986e-15,0.0007908637062059789,0.03947578033259991,0.9597333559611896,25,30,20
7,4286,4.3731184622039644e-15,0.0007908637062059789,0.039475780918468865,0.9597333553753206,25,30,20
7,4287,4.373118460876279e-15,0.0007908637062059789,0.03947578090554394,0.9597333553882456,25,30,20
7,4288,4.373118460877907e-15,0.0007908637062059789,0.03947578137991283,0.9597333549138767,25,30,20
7,4289,4.373118460784735e-15,0.0007908637062059789,0.03947578133129889,0.9597333549624908,25,30,20
7,4290,4.3870456027503235e-15,0.0007908637062059802,0.039727523353946734,0.959481612939843,25,30,20
7,4291,4.38704560265715e-15,0.0007908637062059802,0.03972752132048668,0.9594816149733029,25,30,20
7,4292,4.373118460714848e-15,0.0007908637062059789,0.039475780732530386,0.9597333555612593,25,30,20
7,4293,4.3731184660250504e-15,0.0007908637062059789,0.03948048258543637,0.9597286537083534,25,30,20
7,4294,4.373118460714848e-15,0.0007908637062059789,0.039475781343787125,0.9597333549500024,25,30,20
7,4295,4.373118460714848e-15,0.0007908637062059789,0.03947570085430383,0.9597334354394857,25,30,20
7,4296,4.373118460716476e-15,0.0007908637062059789,0.03947570134184514,0.9597334349519445,25,30,20
7,4297,4.373118460714848e-15,0.0007908637062059789,0.03947570086788622,0.9597334354259036,25,30,20
7,4298,4.3731184607164764e-15,0.0007908637062059789,0.03947569933391665,0.959733436959873,25,30,20
7,4299,4.373118460716096e-15,0.0007908637062059789,0.03947569731240261,0.9597334389813872,25,30,20
7,4300,4.373118460716533e-15,0.0007908637062059789,0.03947581322652707,0.9597333230672627,25,30,20
7,4301,4.373118460623769e-15,0.0007908637062059789,0.039475929111126754,0.9597332071826631,25,30,20
7,4302,4.373118460600475e-15,0.0007908637062059789,0.03947592765165735,0.9597332086421324,25,30,20
7,4303,4.3731184552896214e-15,0.0007908637062059775,0.03947592552576646,0.9597332107680233,25,30,20
7,4304,4.373118757028461e-15,0.0007908637062102554,0.03933912217149144,0.9598700141222939,25,30,20
7,4305,4.373118757026475e-15,0.0007908637062102554,0.03933912144531277,0.9598700148484726,25,30,20
7,4306,4.3731187556971564e-15,0.0007908637062102554,0.039339084204543025,0.9598700520892423,25,30,20
7,4307,4.373118755697127e-15,0.0007908637062102554,0.03933908214612727,0.9598700541476581,25,30,20
7,4308,4.3731190630363175e-15,0.0007908637062102554,0.03942873371615137,0.959780402577634,25,30,20
7,4309,4.3731233813992465e-15,0.0007908637062102568,0.03943534054858274,0.9597737957452027,25,30,20
7,4310,4.373123381399282e-15,0.0007908637062102568,0.03943536899688811,0.9597737672968972,25,30,20
7,4311,4.3731233813992244e-15,0.0007908637062102568,0.039435368996015935,0.9597737672977695,25,30,20
7,4312,4.373123381399217e-15,0.0007908637062102568,0.0394353689706348,0.9597737673231507,25,30,20
7,4313,4.373119063036267e-15,0.0007908637062102554,0.03942876357344481,0.9597803727203407,25,30,20
7,4314,4.3731190643639814e-15,0.0007908637062102554,0.03942876561522813,0.9597803706785573,25,30,20
7,4315,4.373119064340689e-15,0.0007908637062102554,0.03942876559248911,0.9597803707012963,25,30,20
7,4316,4.373119064340682e-15,0.0007908637062102554,0.03942876555620407,0.9597803707375815,25,30,20
7,4317,4.373119064247473e-15,0.0007908637062102554,0.03942871005909252,0.9597804262346932,25,30,20
7,4318,4.373119062919759e-15,0.0007908637062102554,0.03942870802900136,0.9597804282647843,25,30,20
7,4319,4.373118761180898e-15,0.0007908637062059775,0.03929917840416356,0.9599099578896264,25,30,20
7,4320,4.373118761180926e-15,0.0007908637062059775,0.03929917985193359,0.9599099564418563,25,30,20
7,4321,4.373118759853181e-15,0.0007908637062059775,0.039299063933939254,0.9599100723598505,25,30,20
7,4322,4.373118759853173e-15,0.0007908637062059775,0.0392990625109391,0.9599100737828504,25,30,20
7,4323,4.373118759853145e-15,0.0007908637062059775,0.0392990610637764,0.9599100752300135,25,30,20
7,4324,4.373118759853172e-15,0.0007908637062059775,0.039299059708433906,0.9599100765853558,25,30,20
7,4325,4.373118759853144e-15,0.0007908637062059775,0.03929905828667061,0.9599100780071191,25,30,20
7,4326,4.373118759853172e-15,0.0007908637062059775,0.03930566452848798,0.9599034717653018,25,30,20
7,4327,4.373118759853151e-15,0.0007908637062059775,0.039299058311663346,0.9599100779821265,25,30,20
7,4328,4.3731187598527715e-15,0.0007908637062059775,0.03929905810952226,0.9599100781842673,25,30,20
7,4329,4.373118759853172e-15,0.0007908637062059775,0.03929903013596707,0.9599101061578227,25,30,20
7,4330,4.373118759854378e-15,0.0007908637062059775,0.03929902964521497,0.9599101066485747,25,30,20
7,4331,4.373118759854392e-15,0.0007908637062059775,0.03929903038131109,0.9599101059124786,25,30,20
7,4332,4.37311876118203e-15,0.0007908637062059775,0.039301309949972385,0.9599078263438173,25,30,20
7,4333,6.189452384166509e-22,1.3674225711224874e-12,0.040092152830197764,0.9599078471684348,25,30,20
7,4334,6.19027536975715e-22,1.3674237377898208e-12,0.044751015441188896,0.9552489845574437,25,30,20
7,4335,3.1630876015233826e-22,1.3674237373832599e-12,0.04475113037257523,0.9552488696260574,25,30,20
7,4336,3.163087672069453e-22,1.367423737383262e-12,0.04475113035595018,0.9552488696426823,25,30,20
7,4337,7.323227278585833e-22,4.4427812111973126e-09,0.04475114708983549,0.955248848467383,25,30,20
7,4338,7.323227423230663e-22,4.442781211197719e-09,0.044751146413565396,0.9552488491436532,25,30,20
7,4339,8.077231046133957e-22,4.4427812111973126e-09,0.04491017601141541,0.9550898195458032,25,30,20
7,4340,8.130356010519542e-22,4.442781211198126e-09,0.04491017510086117,0.9550898204563576,25,30,20
7,4341,8.130605288619345e-22,4.4427812112213e-09,0.04491020427568817,0.9550897912815306,25,30,20
7,4342,8.1303723615849555e-22,4.442781211198126e-09,0.04491017515163413,0.9550898204055847,25,30,20
7,4343,8.1303724332560225e-22,4.442781211198126e-09,0.04491017515207963,0.9550898204051395,25,30,20
7,4344,8.130372437027847e-22,4.442781211198133e-09,0.044910060682076425,0.9550899348751426,25,30,20
7,4345,8.130376456892877e-22,4.4427812112213e-09,0.04491006213991458,0.9550899334173044,25,30,20
7,4346,8.130360467980271e-22,4.442781211221307e-09,0.0449100630882254,0.9550899324689935,25,30,20
7,4347,8.130360464273127e-22,4.442781211221307e-09,0.0449100630766798,0.9550899324805391,25,30,20
7,4348,8.130356382676656e-22,4.442781211221301e-09,0.04490994715976824,0.9550900483974507,25,30,20
7,4349,8.077247760574151e-22,4.442781211220488e-09,0.04490994665836438,0.9550900488988546,25,30,20
7,4350,8.077247980509693e-22,4.44278121122048e-09,0.04490994665817702,0.9550900488990419,25,30,20
7,4351,8.077264256198474e-22,4.44278121122048e-09,0.044909946666486976,0.955090048890732,25,30,20
7,4352,7.32324457383693e-22,4.44278121122048e-09,0.044750916580654755,0.9552490789765642,25,30,20
7,4353,7.323228158625459e-22,4.442781211197314e-09,0.04475103043940123,0.9552489651178178,25,30,20
7,4354,7.323228158712176e-22,4.442781211197314e-09,0.04475103046435516,0.9552489650928638,25,30,20
7,4355,7.323244505970571e-22,4.44278121119772e-09,0.044751112962103635,0.9552488825951153,25,30,20
7,4356,7.309968125774865e-22,4.442781211197714e-09,0.04474883336911128,0.9552511621881078,25,30,20
7,4357,7.309968125774882e-22,4.442781211220481e-09,0.044748833843239674,0.9552511617139794,25,30,20
7,4358,3.222744021843002e-22,2.5323695112885257e-07,0.04474858468397844,0.9552511620790705,25,30,20
7,4359,3.222743801732479e-22,2.5323695112885257e-07,0.04474858471045699,0.955251162052592,25,30,20
7,4360,3.222743800474324e-22,2.5323695112885257e-07,0.044748584709703616,0.9552511620533454,25,30,20
7,4361,3.222960380914951e-22,2.5323695112885294e-07,0.044748700577333024,0.9552510461857159,25,30,20
7,4362,5.59312523455152e-17,2.532371951841322e-07,0.04484178645648853,0.9551579603063164,25,30,20
7,4363,5.593125234507838e-17,2.5323719518410907e-07,0.044841670530783716,0.9551580762320212,25,30,20
7,4364,5.593125232341985e-17,2.5323719518410865e-07,0.04484155462555594,0.955158192137249,25,30,20
7,4365,5.593125232342682e-17,2.5323719518413183e-07,0.044843177518096355,0.9551565692447086,25,30,20
7,4366,5.593125232383585e-17,2.5323719518413183e-07,0.04484317754222537,0.9551565692205797,25,30,20
7,4367,5.593125365114049e-17,2.5323719518410907e-07,0.044843176112146284,0.9551565706506586,25,30,20
7,4368,5.593125367279141e-17,2.5323719518410907e-07,0.044843216097865284,0.9551565306649398,25,30,20
7,4369,5.593125898364651e-17,2.532371951841095e-07,0.04484321616663509,0.9551565305961698,25,30,20
7,4370,5.59315616884784e-17,2.532371951841099e-07,0.04484483905493346,0.9551549077078714,25,30,20
7,4371,5.593156171173579e-17,2.532371951841103e-07,0.04484483964934612,0.9551549071134586,25,30,20
7,4372,5.593156171173579e-17,2.532371951841103e-07,0.04484483967472715,0.9551549070880779,25,30,20
7,4373,5.593156038402209e-17,2.532371951841099e-07,0.04484483962241313,0.9551549071403919,25,30,20
7,4374,5.593125767796426e-17,2.532371951841099e-07,0.0448432167819952,0.9551565299808098,25,30,20
7,4375,5.593125767802866e-17,2.532371951841099e-07,0.04484321680264019,0.9551565299601649,25,30,20
7,4376,5.593126298888358e-17,2.532371951841099e-07,0.04484321826168948,0.9551565285011155,25,30,20
7,4377,5.593126298887741e-17,2.532371951841099e-07,0.044843219673790624,0.9551565270890144,25,30,20
7,4378,5.593126298889842e-17,2.532371951841095e-07,0.044843218226865204,0.9551565285359399,25,30,20
7,4379,5.593126298890547e-17,2.532371951841095e-07,0.04484322025944775,0.9551565265033574,25,30,20
7,4380,5.593126298890547e-17,2.532371951841099e-07,0.044843218725947785,0.9551565280368574,25,30,20
7,4381,5.59312629888778e-17,2.532371951841099e-07,0.0448432471867091,0.9551564995760962,25,30,20
7,4382,5.593126308205409e-17,2.5323719518413305e-07,0.04484487008687954,0.9551548766759257,25,30,20
7,4383,5.593126308198958e-17,2.5323719518413305e-07,0.044844870090993666,0.9551548766718114,25,30,20
7,4384,5.594851803835928e-17,2.5323719518415624e-07,0.04484489859934675,0.9551548481634584,25,30,20
7,4385,5.594851803836644e-17,2.5323719518415624e-07,0.04484489860810575,0.9551548481546993,25,30,20
7,4386,5.594851803836594e-17,2.532371951841563e-07,0.044844898608108835,0.9551548481546963,25,30,20
7,4387,5.594851803672474e-17,2.532371951841331e-07,0.044843275732021314,0.9551564710307838,25,30,20
7,4388,5.59485181066063e-17,2.5323719525942104e-07,0.044845515355796485,0.9551542314070085,25,30,20
7,4389,5.594851810621197e-17,2.532371952594207e-07,0.0448521215371662,0.9551476252256389,25,30,20
7,4390,5.594851819938435e-17,2.532371952594438e-07,0.04485212299478581,0.9551476237680192,25,30,20
7,4391,5.594851817609214e-17,2.532371952594434e-07,0.04485220347595741,0.9551475432868476,25,30,20
7,4392,5.594851817609239e-17,2.5323719525944344e-07,0.04485208900595417,0.9551476577568507,25,30,20
7,4393,5.693205055827813e-17,2.5323719518547676e-07,0.04484983951432119,0.9551499072484839,25,30,20
7,4394,5.693205065145075e-17,2.5323719518549995e-07,0.044849955407167526,0.9551497913556376,25,30,20
7,4395,5.693212633072485e-17,2.5323719518552314e-07,0.04484995742997854,0.9551497893328267,25,30,20
7,4396,5.693212765828254e-17,2.5323719518686706e-07,0.04485465928358856,0.9551450874792166,25,30,20
7,4397,5.693182032071245e-17,2.532371951868667e-07,0.04476500571556193,0.9552347410472428,25,30,20
7,4398,5.693189590331896e-17,2.532371951868439e-07,0.0447656624081557,0.9552340843546492,25,30,20
7,4399,5.693189590329016e-17,2.532371951868435e-07,0.0447656617650796,0.9552340849977254,25,30,20
7,4400,5.693189457573197e-17,2.532371951854996e-07,0.04476095846492542,0.9552387882978796,25,30,20
7,4401,5.693189457412592e-17,2.5323719518549916e-07,0.044760877389124654,0.9552388693736803,25,30,20
7,4402,5.691463961775571e-17,2.5323719518547597e-07,0.04476084887989928,0.9552388978829057,25,30,20
7,4403,5.691463961774867e-17,2.5323719518547597e-07,0.044760848871904325,0.9552388978909007,25,30,20
7,4404,5.593110714279683e-17,2.5323719518415465e-07,0.04476081878053919,0.9552389279822658,25,30,20
7,4405,5.593110714159954e-17,2.5323719518417784e-07,0.044760858748132716,0.9552388880146724,25,30,20
7,4406,5.59311071416066e-17,2.5323719518417784e-07,0.04476085872357423,0.9552388880392308,25,30,20
7,4407,5.593110723477274e-17,2.5323719518417784e-07,0.04476088864367207,0.9552388581191329,25,30,20
7,4408,5.593542097372151e-17,2.5323719518547554e-07,0.044760917951070865,0.955238828811734,25,30,20
7,4409,5.593542097372188e-17,2.5323719518547554e-07,0.04476091797569105,0.9552388287871139,25,30,20
7,4410,5.593542097413052e-17,2.5323719518547597e-07,0.0447609185703112,0.9552388281924938,25,30,20
7,4411,5.593572359878567e-17,2.532371994771217e-07,0.04476101117377643,0.9552387355890243,25,30,20
7,4412,5.593572350561304e-17,2.532371994770985e-07,0.044761011723963226,0.9552387350388375,25,30,20
7,4413,5.593572350727595e-17,2.532371994770985e-07,0.044761011258587884,0.9552387355042127,25,30,20
7,4414,5.593572353053999e-17,2.5323719947709894e-07,0.04476101125921681,0.9552387355035838,25,30,20
7,4415,5.593572353053999e-17,2.5323719947709894e-07,0.04476101123459346,0.9552387355282073,25,30,20
7,4416,5.593572353053982e-17,2.5323719947709894e-07,0.044761012613608556,0.9552387341491921,25,30,20
7,4417,5.593572362371321e-17,2.5323719947709894e-07,0.04476101311254646,0.9552387336502541,25,30,20
7,4418,5.593564794790941e-17,2.532371994770985e-07,0.04475873354271586,0.9552410132200846,25,30,20
7,4419,5.59356479475009e-17,2.532371994770986e-07,0.04475873495460301,0.9552410118081975,25,30,20
7,4420,5.593557226782482e-17,2.532371994770754e-07,0.04475873492899722,0.9552410118338034,25,30,20
7,4421,5.59355722698681e-17,2.5323719947707576e-07,0.04475873497837581,0.9552410117844248,25,30,20
7,4422,5.593557231645149e-17,2.532371994770762e-07,0.044760938669910294,0.9552388080928903,25,30,20
7,4423,5.593557231645149e-17,2.5323719947707576e-07,0.04476093820587989,0.9552388085569206,25,30,20
7,4424,5.593557231604233e-17,2.532371994770754e-07,0.044760936199152807,0.9552388105636477,25,30,20
7,4425,5.593557242006051e-17,2.532371994759083e-07,0.04010215658743383,0.9598975901753666,25,30,20
7,4426,5.593557242005333e-17,2.532371994759083e-07,0.040102156564208354,0.9598975901985921,25,30,20
7,4427,5.593556710960695e-17,2.532371994759087e-07,0.04010215655292556,0.959897590209875,25,30,20
7,4428,5.593556710963525e-17,2.532371994759087e-07,0.040102074528880684,0.9598976722339198,25,30,20
7,4429,5.593988034450573e-17,2.5323720376838364e-07,0.04010677708938677,0.9598929696734095,25,30,20
7,4430,5.593957762667775e-17,2.532371994767379e-07,0.0401066565986305,0.9598930901641701,25,30,20
7,4431,5.593957764792771e-17,2.532371994767375e-07,0.04010665658557245,0.9598930901772281,25,30,20
7,4432,8.647596844527864e-21,2.5323695542145826e-07,0.04001357211837843,0.9599861746446663,25,30,20
7,4433,8.64759640832983e-21,2.532369554214351e-07,0.04001353211572781,0.9599862146473168,25,30,20
7,4434,8.647503234940156e-21,2.532369554214351e-07,0.040013531615997515,0.9599862151470472,25,30,20
7,4435,8.647316918206722e-21,2.532369554214351e-07,0.04001344811718147,0.9599862986458632,25,30,20
7,4436,8.648644527798492e-21,2.5323695542143545e-07,0.04001572626345199,0.9599840204995926,25,30,20
7,4437,8.648644527915407e-21,2.5323695542143545e-07,0.04001572829665889,0.9599840184663858,25,30,20
7,4438,8.648644527661647e-21,2.5323695542143545e-07,0.040015726299303764,0.959984020463741,25,30,20
7,4439,8.648737700319914e-21,2.5323695542143545e-07,0.040015726314015156,0.9599840204490296,25,30,20
7,4440,4.3349987514307804e-21,2.5323695542011455e-07,0.04001569649743586,0.9599840502656087,25,30,20
7,4441,2.176390998592644e-23,2.532369511276396e-07,0.04001099252330441,0.9599887542397445,25,30,20
7,4442,2.178679511000886e-23,2.532369511276392e-07,0.04001110699270853,0.9599886397703403,25,30,20
7,4443,2.7074357055432744e-23,2.5323695112766196e-07,0.04001110607964661,0.9599886406834023,25,30,20
7,4444,2.698122011810723e-23,2.5323695112766196e-07,0.04001114602374521,0.9599886007393037,25,30,20
7,4445,1.3729450859516185e-14,1.0464389634007368e-12,0.03995873439097013,0.9600412656079694,25,30,20
7,4446,1.3729450858188546e-14,1.0464389629941967e-12,0.03995645479734959,0.96004354520159,25,30,20
7,4447,1.3729450858188518e-14,1.0464389634007552e-12,0.03995649475829977,0.9600435052406397,25,30,20
7,4448,4.2165176852978216e-08,2.2566850710010393e-14,0.036443131501516506,0.9635568263332839,25,30,20
7,4449,4.2165176852978216e-08,2.256685071001259e-14,0.03644312951229549,0.9635568283225048,25,30,20
7,4450,4.2165176852978216e-08,2.2566850703005034e-14,0.03644312946893605,0.9635568283658642,25,30,20
7,4451,4.2165176852978216e-08,2.2566851102558523e-14,0.03644313012210258,0.9635568277126977,25,30,20
7,4452,4.2165176852978216e-08,2.2566850703152434e-14,0.036440926465907075,0.9635590313688932,25,30,20
7,4453,4.2165176852978216e-08,2.2566851102703752e-14,0.03644081060484351,0.9635591472299567,25,30,20
7,4454,4.2165176852978216e-08,2.256685110270159e-14,0.036440810569791496,0.9635591472650087,25,30,20
7,4455,4.2165176852978216e-08,2.25668742766808e-14,0.03644080998392552,0.9635591478508748,25,30,20
7,4456,4.2165176852978216e-08,2.2566874283811252e-14,0.03644080798702341,0.963559149847777,25,30,20
7,4457,7.81712437215507e-17,3.3165526994332e-19,0.03986971184366761,0.9601302881563317,25,30,20
7,4458,7.817124372193068e-17,3.3165539288084875e-19,0.03986971387733476,0.9601302861226647,25,30,20
7,4459,7.817124372198826e-17,3.316555180535518e-19,0.039869713861359936,0.9601302861386397,25,30,20
7,4460,7.817124362882279e-17,3.0847459984267044e-19,0.039869597944196006,0.9601304020558038,25,30,20
7,4461,7.817124360552956e-17,3.080679137322246e-19,0.03986959788747089,0.9601304021125288,25,30,20
7,4462,7.817124360555723e-17,3.084673399323453e-19,0.03986957086279499,0.9601304291372047,25,30,20
7,4463,7.8171243603923e-17,3.080606559850388e-19,0.03986957163139553,0.9601304283686041,25,30,20
7,4464,7.817124360555106e-17,3.080606560242128e-19,0.03986957307854747,0.9601304269214522,25,30,20
7,4465,7.817124360552225e-17,3.0806040587132476e-19,0.039869572579177136,0.9601304274208224,25,30,20
7,4466,1.3762893071182477e-11,1.2124458757053892e-12,0.04000455682177586,0.9599954431632485,25,30,20
7,4467,1.3762893071182477e-11,1.2124458756981323e-12,0.039997950579778146,0.9600020494052462,25,30,20
7,4468,1.37628930711825e-11,1.2124458756981303e-12,0.039997952612975674,0.9600020473720486,25,30,20
7,4469,1.37628930711825e-11,1.2124458756981305e-12,0.03999795261294464,0.96000204737208,25,30,20
7,4470,1.37628930711825e-11,1.2124458525242787e-12,0.03999795116538175,0.9600020488196428,25,30,20
7,4471,1.3762893071182594e-11,1.2124458529308398e-12,0.03999795261362271,0.9600020473714018,25,30,20
7,4472,1.3762893071182594e-11,1.2124458529307148e-12,0.03999795258649575,0.9600020473985289,25,30,20
7,4473,1.3762893071183922e-11,1.2124458529378476e-12,0.03999795192116041,0.960002048063864,25,30,20
7,4474,1.3762893071259573e-11,1.2167372671940878e-12,0.040000229979871633,0.9599997700051488,25,30,20
7,4475,1.376289307125957e-11,1.216737267600524e-12,0.040000230565734186,0.9599997694192863,25,30,20
7,4476,1.3762893071259568e-11,1.216737267600524e-12,0.04000022959271092,0.9599997703923094,25,30,20
7,4477,1.3762893071259568e-11,1.2167372676076589e-12,0.040000229618293165,0.9599997703667273,25,30,20
7,4478,1.3762893071259591e-11,1.2167372680104276e-12,0.04037333468591102,0.9596266652991093,25,30,20
7,4479,1.3762893071259596e-11,1.212445853761197e-12,0.04037105730491791,0.9596289426801067,25,30,20
7,4480,1.3762893071264884e-11,1.212445854171548e-12,0.039998068154634796,0.9600019318303898,25,30,20
7,4481,1.3762893071264884e-11,1.2124458541644135e-12,0.03999806959169444,0.9600019303933303,25,30,20
7,4482,1.3762893071264884e-11,1.2124458773313827e-12,0.03999807160779318,0.9600019283772315,25,30,20
7,4483,1.3762893071264885e-11,1.2124458777308112e-12,0.03999807361347016,0.9600019263715543,25,30,20
7,4484,1.3762893071264979e-11,1.2124458781365544e-12,0.04009036928209413,0.9599096307029304,25,30,20
7,4485,1.3762893071264885e-11,1.2124458777371259e-12,0.04009039630677503,0.9599096036782498,25,30,20
7,4486,1.3762893071264885e-11,1.2124458777372533e-12,0.04009039553526615,0.9599096044497586,25,30,20
7,4487,1.3762893071264885e-11,1.2124458777442587e-12,0.040090396867248135,0.9599096031177765,25,30,20
7,4488,1.3762893071259575e-11,1.2124458773375746e-12,0.04009039591792769,0.9599096040670969,25,30,20
7,4489,1.3762893071259575e-11,1.2124458773376998e-12,0.04009039591897288,0.9599096040660519,25,30,20
7,4490,1.3762893071561594e-11,1.456505975038939e-12,0.040182665467258696,0.9598173345175218,25,30,20
7,4491,1.3762893071561688e-11,1.4565059982129186e-12,0.040182666950264186,0.9598173330345163,25,30,20
7,4492,1.376289307156171e-11,1.4565059754455007e-12,0.040182664969225915,0.9598173350155547,25,30,20
7,4493,1.376289307156171e-11,1.4565059750460722e-12,0.04018266297126358,0.959817337013517,25,30,20
7,4494,1.3762893071561688e-11,1.4565059750389376e-12,0.04018266293617577,0.9598173370486051,25,30,20
7,4495,1.3762893071561688e-11,1.456505974632504e-12,0.040182663521420095,0.9598173364633605,25,30,20
7,4496,1.3762893071566976e-11,1.4565059746323805e-12,0.04018269194576853,0.9598173080390121,25,30,20
7,4497,1.3762893071566977e-11,1.456505974632385e-12,0.04018272038361233,0.9598172796011682,25,30,20
7,4498,1.3762893071572288e-11,1.4565059746393948e-12,0.04018272134853316,0.9598172786362476,25,30,20
7,4499,1.3762893071566977e-11,1.4565059746322578e-12,0.04018272041051896,0.9598172795742618,25,30,20
7,4500,1.3762893071566977e-11,1.4565059746322578e-12,0.04018272041407278,0.9598172795707078,25,30,20
7,4501,1.3762893071566977e-11,1.4565059746251251e-12,0.0401827203783955,0.9598172796063854,25,30,20
7,4502,1.3762893071568281e-11,1.4565059742256967e-12,0.0401827183844026,0.9598172816003783,25,30,20
7,4503,1.376289307156297e-11,1.4565059510587265e-12,0.04018271929683861,0.9598172806879421,25,30,20
7,4504,1.376289307156297e-11,1.456505951051717e-12,0.04018271929683559,0.9598172806879453,25,30,20
7,4505,1.3762893071557662e-11,1.4565059502387245e-12,0.04018260482710884,0.9598173951576721,25,30,20
7,4506,1.3762893071557756e-11,1.4565059734128283e-12,0.04018260688490992,0.9598173930998709,25,30,20
7,4507,1.3762893071255735e-11,1.2124458757115914e-12,0.04009033733677004,0.9599096626482548,25,30,20
7,4508,1.3762893071255735e-11,1.2124458757117144e-12,0.0400903378327333,0.9599096621522915,25,30,20
7,4509,1.3762893071255641e-11,1.212445852544743e-12,0.04009033580980406,0.9599096641752208,25,30,20
7,4510,1.3762893071255641e-11,1.2124458525444907e-12,0.04009033583667907,0.9599096641483458,25,30,20
7,4511,1.3762893071255641e-11,1.212445852544614e-12,0.040090334389679586,0.9599096655953454,25,30,20
7,4512,1.3762893071255641e-11,1.2124458525447412e-12,0.040090334354450884,0.9599096656305741,25,30,20
7,4513,1.3762893071254314e-11,1.212445852131173e-12,0.040090295060504405,0.9599097049245208,25,30,20
7,4514,1.3762893071254407e-11,1.212445852537732e-12,0.04009029308793477,0.9599097068970903,25,30,20
7,4515,1.3762893071254407e-11,1.2124458525307245e-12,0.04009025309410823,0.9599097468909169,25,30,20
7,4516,1.3762893071254407e-11,1.2124458525306017e-12,0.04009025214628923,0.959909747838736,25,30,20
7,4517,1.3762893071481445e-11,1.2124471734394484e-12,0.040090279942940794,0.9599097200420843,25,30,20
7,4518,1.376289307148268e-11,1.2167381230758606e-12,0.04009688662944374,0.9599031133555771,25,30,20
7,4519,1.376289307148268e-11,1.2167381230757376e-12,0.0400968861216161,0.9599031138634047,25,30,20
7,4520,1.3762893071482702e-11,1.2167381230759878e-12,0.04009691364601549,0.9599030863390052,25,30,20
7,4521,1.3762893071482683e-11,1.2167381230758647e-12,0.040096914594257085,0.9599030853907636,25,30,20
7,4522,1.3762893071482683e-11,1.2167381230758626e-12,0.0400969145942533,0.9599030853907674,25,30,20
7,4523,1.3762893071482702e-11,1.2167394439888959e-12,0.040097002055665375,0.9599029979293553,25,30,20
7,4524,1.3762893071558381e-11,1.216739443988898e-12,0.04009697429670439,0.9599030256883164,25,30,20
7,4525,1.3762893071558381e-11,1.2167394439959033e-12,0.040096974286898214,0.9599030256981225,25,30,20
7,4526,1.3762893071558381e-11,1.2167394439960307e-12,0.04009705677462124,0.9599029432103994,25,30,20
7,4527,4.2132708474325445e-18,4.616123748234111e-15,0.04009919716850175,0.9599008028314938,25,30,20
7,4528,4.213270847375693e-18,4.616123748231922e-15,0.04009916872128689,0.9599008312787087,25,30,20
7,4529,4.2132708473746865e-18,4.61612374798385e-15,0.040099168720711266,0.9599008312792843,25,30,20
7,4530,4.213270847374813e-18,4.616123755116498e-15,0.04009916874628333,0.9599008312537123,25,30,20
7,4531,4.470519014754689e-15,5.226670413154672e-14,0.040097940376065226,0.9599020596238782,25,30,20
7,4532,4.471502547256114e-15,5.226670454511284e-14,0.040097969359776234,0.9599020306401671,25,30,20
7,4533,4.47150254725448e-15,5.2266704544985586e-14,0.0400979679117145,0.9599020320882289,25,30,20
7,4534,4.4715025472777725e-15,5.2266704559248646e-14,0.040097967959683796,0.9599020320402596,25,30,20
7,4535,4.471502547278124e-15,5.226670455924649e-14,0.04009788746993425,0.9599021125300092,25,30,20
7,4536,4.4715025495186676e-15,5.226670455922875e-14,0.04634748190883676,0.9536525180911067,25,30,20
7,4537,4.471502549518266e-15,5.226670455922875e-14,0.04634747991025617,0.9536525200896874,25,30,20
7,4538,4.47150254954156e-15,5.2266704559228836e-14,0.04634747991046494,0.9536525200894787,25,30,20
7,4539,4.471502550869221e-15,5.2266704566484356e-14,0.04634755940302119,0.9536524405969221,25,30,20
7,4540,4.471502548630326e-15,5.226670497306232e-14,0.040098042919547196,0.959901957080396,25,30,20
7,4541,4.471502547302831e-15,4.797575492996623e-14,0.04009143619735867,0.9599085638025889,25,30,20
7,4542,4.471502547302831e-15,4.797575492308381e-14,0.04009143561148489,0.9599085643884626,25,30,20
7,4543,4.471502547302831e-15,4.7975755322512214e-14,0.04009143608561336,0.9599085639143342,25,30,20
7,4544,4.471502547302831e-15,4.797575532251002e-14,0.0400914355860963,0.9599085644138512,25,30,20
7,4545,4.4715025473024504e-15,4.797575532251002e-14,0.04009146202491341,0.9599085379750341,25,30,20
7,4546,4.471502547209493e-15,4.797575491688739e-14,0.039999166356323716,0.9600008336436237,25,30,20
7,4547,4.471502547209507e-15,4.7975754510327166e-14,0.039999116898348105,0.9600008831015993,25,30,20
7,4548,4.471502547301017e-15,4.797575451045226e-14,0.03999908841302463,0.9600009115869227,25,30,20
7,4549,4.4715025474191174e-15,4.797575451783298e-14,0.03999908987222309,0.9600009101277243,25,30,20
7,4550,4.471502622876964e-15,4.797577761545718e-14,0.0401286128320251,0.9598713871679223,25,30,20
7,4551,4.47150262154928e-15,4.7975777615334286e-14,0.04012861328334335,0.959871386716604,25,30,20
7,4552,4.471502621549309e-15,4.797577761545722e-14,0.04012861328355912,0.9598713867163883,25,30,20
7,4553,4.471502922363701e-15,4.7977113241898937e-14,0.04038030069635318,0.9596196993035943,25,30,20
7,4554,4.4715028467088625e-15,4.797842988849972e-14,0.040509823443196036,0.9594901765567516,25,30,20
7,4555,4.471502846708892e-15,4.7978429888251756e-14,0.04050982249538466,0.9594901775045629,25,30,20
7,4556,4.4715028467088625e-15,4.797842989526143e-14,0.04050982391756484,0.9594901760823827,25,30,20
7,4557,4.471502852019718e-15,4.797845307624858e-14,0.0405098244540101,0.9594901755459376,25,30,20
7,4558,4.4715028506919995e-15,4.7978453069115936e-14,0.04050974448689052,0.9594902555130572,25,30,20
7,4559,4.471502850667152e-15,4.797713642251293e-14,0.04038033694371329,0.9596196630562345,25,30,20
7,4560,4.471502850550686e-15,4.797713642226266e-14,0.04038033693167395,0.959619663068274,25,30,20
7,4561,4.470519318049254e-15,4.797713600869438e-14,0.040380307972086166,0.9596196920278617,25,30,20
7,4562,4.470519318049254e-15,4.7977136008696553e-14,0.040380307955461055,0.9596196920444866,25,30,20
7,4563,4.470519319376935e-15,4.79771360158269e-14,0.04038042337391601,0.9596195766260318,25,30,20
7,4564,4.470519017986131e-15,4.7975815912967454e-14,0.04038039385185902,0.9596196061480886,25,30,20
7,4565,4.4705190232969575e-15,4.797583909395434e-14,0.04038036658040862,0.959619633419539,25,30,20
7,4566,4.470518947839089e-15,4.797581559690174e-14,0.040250843620606505,0.9597491563793413,25,30,20
7,4567,4.4705190235144614e-15,4.797581560403397e-14,0.040253123943285354,0.9597468760566623,25,30,20
7,4568,4.470519028825312e-15,4.797583877811591e-14,0.04025316396368521,0.9597468360362627,25,30,20
7,4569,4.470519028732167e-15,4.7975815604136746e-14,0.04025316251438384,0.9597468374855639,25,30,20
7,4570,4.4705190287321965e-15,4.797581561126936e-14,0.04025316346264104,0.9597468365373067,25,30,20
7,4571,4.470536277406644e-15,4.7977113685309315e-14,0.04025540306453354,0.9597445969354141,25,30,20
7,4572,4.470536277407054e-15,4.797711368531151e-14,0.04025540212700295,0.959744597872945,25,30,20
7,4573,4.4705362827172915e-15,4.797711369231629e-14,0.04025702499228189,0.9597429750076658,25,30,20
7,4574,4.470536281389584e-15,4.7977113285757445e-14,0.040257025454100315,0.9597429745458474,25,30,20
7,4575,4.47053627607879e-15,4.797711288632932e-14,0.04025699841645976,0.959743001583488,25,30,20
7,4576,4.470536276148659e-15,4.7978433640743724e-14,0.04026170168152951,0.9597382983184183,25,30,20
7,4577,4.470536276127416e-15,4.797975447519572e-14,0.04026398122679649,0.9597360187731512,25,30,20
7,4578,4.470536276034243e-15,4.797975448207814e-14,0.04026398124971899,0.9597360187502285,25,30,20
7,4579,4.470536276127797e-15,4.797977766316543e-14,0.04026402123609478,0.9597359787638529,25,30,20
7,4580,4.470536276220962e-15,4.7979777656157945e-14,0.04026404920947666,0.9597359507904709,25,30,20
7,4581,4.4705362814386395e-15,4.797977806271864e-14,0.04026404921009992,0.9597359507898475,25,30,20
7,4582,4.470536281440275e-15,4.7979778069728315e-14,0.04026404923534274,0.9597359507646048,25,30,20
7,4583,4.470536281440303e-15,4.797977806259794e-14,0.04026404779633296,0.9597359522036147,25,30,20
7,4584,4.4705362814386616e-15,4.7978480387793555e-14,0.040261884120878604,0.959738115879069,25,30,20
7,4585,4.470536282766376e-15,4.7978480394924056e-14,0.040261768263197134,0.9597382317367505,25,30,20
7,4586,4.470536284000816e-15,4.7977160040020127e-14,0.040261507996977634,0.9597384920029701,25,30,20
7,4587,4.470536282674736e-15,4.797716043944849e-14,0.040261507981309445,0.9597384920186381,25,30,20
7,4588,2.6195273277991393e-19,4.072621407273482e-18,0.0005326069202942085,0.9994673930797058,25,30,20
7,4589,2.619527327800364e-19,4.0726212813779766e-18,0.00053268939964145,0.9994673106003585,25,30,20
7,4590,2.619527311529764e-19,4.0722289863859774e-18,0.0005326089095066469,0.9994673910904933,25,30,20
7,4591,2.619487480114708e-19,4.072228862558043e-18,0.0005326963889026135,0.9994673036110976,25,30,20
7,4592,1.7650511191642675e-20,4.071817711371267e-18,0.00026282582558939693,0.9997371741744107,25,30,20
7,4593,1.7650511220187527e-20,4.072224145082153e-18,0.00026282726521478496,0.9997371727347855,25,30,20
7,4594,1.7645200573382244e-20,4.095383859531739e-18,0.00026120584726332285,0.9997387941527367,25,30,20
7,4595,1.7344386210070958e-20,2.7597504102989146e-18,9.518434008070288e-06,0.999990481565992,25,30,20
7,4596,1.7344387816385296e-20,2.7365765584575186e-18,9.518398774116138e-06,0.9999904816012262,25,30,20
7,4597,1.734040467501658e-20,2.7138091397529744e-18,9.517941655402602e-06,0.9999904820583447,25,30,20
7,4598,1.73404046750167e-20,2.7138091397157993e-18,9.517941652294556e-06,0.999990482058348,25,30,20
7,4599,1.7340404696526995e-20,2.71380913971648e-18,9.517941242923067e-06,0.9999904820587574,25,30,20
7,4600,1.7340403061923602e-20,2.713802007104944e-18,9.517915843324597e-06,0.999990482084157,25,30,20
7,4601,8.784029236807492e-23,1.4157279940276885e-18,7.239486481981008e-06,0.9999927605135183,25,30,20
7,4602,8.651258957458e-23,1.4153214341902489e-18,7.12356923090307e-06,0.9999928764307694,25,30,20
7,4603,8.651096214054062e-23,1.4157209868509235e-18,7.2046450181938715e-06,0.9999927953549821,25,30,20
7,4604,8.518338864500349e-23,1.4153144688135537e-18,2.761635253999908e-06,0.9999972383647462,25,30,20
7,4605,8.518335996759812e-23,1.4153143436800298e-18,2.761609708660579e-06,0.9999972383902915,25,30,20
7,4606,8.51833599785138e-23,1.4153143437935466e-18,2.7616097230453804e-06,0.9999972383902772,25,30,20
7,4607,8.51849866481907e-23,1.4384773627104744e-18,9.365818521689774e-06,0.9999906341814786,25,30,20
7,4608,8.51849866481907e-23,1.4384773670234555e-18,9.365843472096429e-06,0.9999906341565281,25,30,20
7,4609,8.518499331441223e-23,1.4384703595072436e-18,9.481725158423767e-06,0.9999905182748418,25,30,20
7,4610,8.51849646348396e-23,1.4384702343737078e-18,9.481699759013913e-06,0.9999905183002411,25,30,20
7,4611,8.518659923265768e-23,1.438477366894191e-18,9.564223316760815e-06,0.9999904357766835,25,30,20
7,4612,8.527977199575993e-23,1.4388838027984228e-18,9.56567066024963e-06,0.99999043432934,25,30,20
7,4613,8.525647884745378e-23,1.1797076745882152e-19,9.449761126650412e-06,0.9999905502388734,25,30,20
7,4614,8.525647935273141e-23,1.1797076965348284e-19,9.449761769425575e-06,0.9999905502382306,25,30,20
7,4615,8.392876555474592e-23,1.1755707818359207e-19,9.449682283436223e-06,0.9999905503177167,25,30,20
7,4616,8.392917421575265e-23,1.1797077099412256e-19,9.532205855629787e-06,0.9999904677941445,25,30,20
7,4617,8.393080165860308e-23,1.1837732983789212e-19,9.53361796260451e-06,0.9999904663820374,25,30,20
7,4618,8.393240696475829e-23,1.1837032012746415e-19,9.533143775102474e-06,0.9999904668562251,25,30,20
7,4619,8.393445034711644e-23,1.1837757571695403e-19,9.53384547206951e-06,0.9999904661545281,25,30,20
7,4620,8.352243355310345e-24,1.183775760915082e-19,7.253513567604733e-06,0.9999927464864325,25,30,20
7,4621,8.352250534427794e-24,1.4154451650443779e-19,7.226488957589773e-06,0.9999927735110425,25,30,20
7,4622,8.352659180836256e-24,1.415446416001347e-19,7.226524635545966e-06,0.9999927734753646,25,30,20
7,4623,8.353089288501577e-24,1.462306188682556e-18,1.181390822773757e-05,0.9999881860917723,25,30,20
7,4624,8.35268076239856e-24,1.4391394084215715e-18,1.1698026105119828e-05,0.9999883019738948,25,30,20
7,4625,8.375973775428542e-24,1.4395388378420379e-18,1.1813926084319509e-05,0.9999881860739156,25,30,20
7,4626,8.376376382323223e-24,1.4623062572890102e-18,1.1732106410001328e-05,0.99998826789359,25,30,20
7,4627,8.376347828642499e-24,1.46189982142129e-18,1.1730659070729656e-05,0.9999882693409292,25,30,20
7,4628,8.376347828664601e-24,1.4614933876732057e-18,1.1729236515919165e-05,0.9999882707634841,25,30,20
7,4629,8.376347826341829e-24,1.4614935127682152e-18,1.172927154006645e-05,0.9999882707284599,25,30,20
7,4630,1.3684944122715453e-23,2.7822549369336585e-18,1.6432547141179346e-05,0.9999835674528587,25,30,20
7,4631,1.359136267760864e-23,2.759073847486741e-18,1.6392538923041608e-05,0.999983607461077,25,30,20
7,4632,8.927042070233332e-23,2.759073657792308e-18,1.6507761644091332e-05,0.9999834922383559,25,30,20
7,4633,8.915395542816918e-23,2.7586672208559822e-18,1.6393282982637374e-05,0.9999836067170174,25,30,20
7,4634,8.92471283137238e-23,2.758667471046025e-18,1.6393321471876822e-05,0.999983606678528,25,30,20
7,4635,8.924551520511985e-23,2.735899958249975e-18,1.6420346084870914e-05,0.999983579653915,25,30,20
7,4636,8.924548652105584e-23,2.7358999560161345e-18,1.6422370961001754e-05,0.9999835776290389,25,30,20
7,4637,9.05732001359818e-23,2.7359070886273354e-18,1.64244392278928e-05,0.9999835755607721,25,30,20
7,4638,9.048002736405302e-23,2.735500527589569e-18,1.6423026498286504e-05,0.9999835769735016,25,30,20
7,4639,9.04800053506436e-23,2.7350940895271724e-18,1.6421614193546124e-05,0.9999835783858064,25,30,20
7,4640,9.047837151150164e-23,2.711916930521401e-18,9.815372804640916e-06,0.9999901846271954,25,30,20
7,4641,9.048001329078205e-23,2.7119240610479934e-18,9.843820192969205e-06,0.9999901561798071,25,30,20
7,4642,9.048001328853539e-23,2.711923940227427e-18,9.843819762791603e-06,0.9999901561802372,25,30,20
7,4643,9.038684040077209e-23,2.711923815131742e-18,9.843804638229945e-06,0.9999901561953618,25,30,20
7,4644,9.038684102751204e-23,2.7115245126628624e-18,9.762728838819307e-06,0.9999902372711614,25,30,20
7,4645,9.436998623251967e-23,2.7119310736939664e-18,9.647347648319914e-06,0.9999903526523517,25,30,20
7,4646,9.968084127495026e-23,2.7119382041484768e-18,9.648785159354459e-06,0.9999903512148407,25,30,20
7,4647,9.437001487166248e-23,2.688764349871955e-18,9.64961717450363e-06,0.9999903503828257,25,30,20
7,4648,9.437001487386836e-23,2.688771480326322e-18,9.65165019214435e-06,0.999990348349808,25,30,20
7,4649,9.437202958762096e-23,2.7119382063054074e-18,9.65081773157862e-06,0.9999903491822686,25,30,20
7,4650,9.437243835538904e-23,2.7119380812097224e-18,9.654849423853293e-06,0.9999903451505763,25,30,20
7,4651,9.437039547614327e-23,2.7119308277777307e-18,9.654172500811823e-06,0.9999903458274992,25,30,20
7,4652,9.446029198896616e-23,2.7119236950949865e-18,9.627147490617655e-06,0.9999903728525094,25,30,20
7,4653,9.446064329397673e-23,2.711930825548771e-18,9.627147500907758e-06,0.9999903728524991,25,30,20
7,4654,9.303811486402652e-23,2.6887567166489063e-18,9.625955288386273e-06,0.9999903740447118,25,30,20
7,4655,9.303811485623716e-23,2.6891490112641154e-18,9.74042529411238e-06,0.9999902595747059,25,30,20
7,4656,1.7381940280178417e-23,2.665982231008651e-18,9.624535200902923e-06,0.9999903754647991,25,30,20
7,4657,1.738153213030576e-23,2.6659823561428392e-18,9.620503654748274e-06,0.9999903794963453,25,30,20
7,4658,1.2071308516610742e-23,1.3452209319773902e-18,4.9179047844629776e-06,0.9999950820952157,25,30,20
7,4659,1.7267039136055884e-20,1.345634621271129e-18,4.919827354203345e-06,0.9999950801726459,25,30,20
7,4660,1.7267062435829104e-20,1.3456416309827578e-18,4.919747859309439e-06,0.9999950802521408,25,30,20
7,4661,1.726699255616048e-20,1.3456487635943199e-18,4.918336169500525e-06,0.9999950816638307,25,30,20
7,4662,1.7342672088574753e-20,1.3456558961930728e-18,4.996292685484861e-06,0.9999950037073145,25,30,20
7,4663,1.734267331452799e-20,1.3452564686425488e-18,4.914471216815391e-06,0.9999950855287832,25,30,20
7,4664,1.734269456435377e-20,1.3224891707780973e-18,4.941743731874795e-06,0.9999950582562681,25,30,20
7,4665,1.7342694542836886e-20,1.322489170777422e-18,4.9417546246917265e-06,0.9999950582453753,25,30,20
7,4666,1.7342671249754554e-20,1.3220896197036063e-18,5.029198710025917e-06,0.9999949708012901,25,30,20
7,4667,1.7342669643817674e-20,1.3220753566375857e-18,5.028522432914045e-06,0.9999949714775673,25,30,20
7,4668,1.734264635058418e-20,1.3220682218685531e-18,5.028486514657909e-06,0.9999949715134855,25,30,20
7,4669,1.7341320307302323e-20,1.3224676502586181e-18,5.027865385969269e-06,0.9999949721346141,25,30,20
7,4670,1.7341320335970867e-20,1.3224677732180533e-18,4.912649701771345e-06,0.9999950873502985,25,30,20
7,4671,8.635250842272482e-23,1.3220540839236276e-18,4.910702365782649e-06,0.9999950892976344,25,30,20
7,4672,8.767861576110417e-23,1.322467650285554e-18,4.9104555499937105e-06,0.9999950895444504,25,30,20
7,4673,8.767858696682172e-23,1.3224603968920651e-18,4.909789113395335e-06,0.9999950902108868,25,30,20
7,4674,8.765529437100259e-23,1.3224602739531923e-18,4.909778187333686e-06,0.999995090221813,25,30,20
7,4675,8.76548857692849e-23,1.705859482668237e-21,2.0651262476836792e-07,0.9999997934873754,25,30,20
7,4676,8.7654886254783e-23,1.7059846527036967e-21,2.0651280522088936e-07,0.9999997934871949,25,30,20
7,4677,8.23440310880833e-23,1.292293149701186e-21,2.0597620066362194e-07,0.9999997940237997,25,30,20
7,4678,8.243720348713019e-23,1.2852834780572799e-21,2.0539077591962618e-07,0.9999997946092243,25,30,20
7,4679,8.243720348949096e-23,1.2854064176073444e-21,2.0541554527600021e-07,0.9999997945844548,25,30,20
7,4680,8.243717482296185e-23,1.2855293564816868e-21,2.0542538565480723e-07,0.9999997945746146,25,30,20
7,4681,8.243720350254052e-23,1.285654490693071e-21,2.0542505959492514e-07,0.9999997945749406,25,30,20
7,4682,8.243883810802066e-23,2.445963117066789e-20,2.074484340342742e-07,0.9999997925515661,25,30,20
7,4683,8.111273026438078e-23,2.4046187708430298e-20,2.0624853610419465e-07,0.9999997937514642,25,30,20
7,4684,8.111313904327397e-23,2.404631284263352e-20,2.0895986241896438e-07,0.9999997910401377,25,30,20
7,4685,4.380885389683718e-21,1.3406856819312823e-18,0.00012973253019884817,0.9998702674698013,25,30,20
7,4686,4.380978527235649e-21,1.3406855589930716e-18,0.0001297329941983405,0.9998702670058018,25,30,20
7,4687,4.381071320282452e-21,1.3406855611890724e-18,0.00012973298365973545,0.9998702670163406,25,30,20
7,4688,4.381071327829178e-21,1.3406856863604474e-18,0.00012973298366253218,0.9998702670163379,25,30,20
7,4689,4.305391788497108e-21,1.340678428591659e-18,0.00012965506280586842,0.9998703449371944,25,30,20
7,4690,3.083364330428653e-22,2.4445495128757858e-20,1.6046468946361823e-07,0.999999839535311,25,30,20
7,4691,3.083364324118096e-22,2.4438362479359308e-20,1.6043952760169714e-07,0.9999998395604728,25,30,20
7,4692,5.617902626586383e-24,2.403180391476068e-20,1.3150147155032156e-07,0.9999998684985287,25,30,20
7,4693,5.5946028555738304e-24,2.4024671303456324e-20,1.3013411414690464e-07,0.9999998698658861,25,30,20
7,4694,5.687366952626691e-24,7.531565842692912e-17,1.3158736138621734e-07,0.9999998684126389,25,30,20
7,4695,5.6857323492135944e-24,7.531525186808533e-17,1.3063889593893144e-07,0.9999998693611041,25,30,20
7,4696,1.7260604385567535e-20,7.663657146305664e-17,2.465109888959469e-07,0.9999997534890112,25,30,20
7,4697,1.7260604378398183e-20,7.663656420746904e-17,2.464757574006641e-07,0.9999997535242428,25,30,20
7,4698,1.7260604378020854e-20,7.663656408025503e-17,2.4645118864779503e-07,0.9999997535488115,25,30,20
7,4699,1.7260511212950536e-20,1.3445310222044045e-18,1.7519813716661946e-06,0.9999982480186286,25,30,20
7,4700,1.726041804671899e-20,1.344531145104089e-18,1.7514824765905838e-06,0.9999982485175236,25,30,20
7,4701,5.499393752418372e-24,2.3211675302798936e-20,1.6369868127894186e-06,0.9999983630131876,25,30,20
7,4702,5.4993942641997596e-24,2.321180255531831e-20,1.6369866458716356e-06,0.9999983630133543,25,30,20
7,4703,5.497759652063752e-24,3.782152454693173e-23,1.6349282301106379e-06,0.99999836507177,25,30,20
7,4704,5.497730356992238e-24,3.056385606295526e-23,1.633480470867277e-06,0.9999983665195292,25,30,20
7,4705,1.7257616373198513e-20,7.528026217643294e-17,8.240305959983217e-06,0.9999917596940401,25,30,20
7,4706,1.7257616409034237e-20,7.528066861234581e-17,8.240997344146317e-06,0.9999917590026558,25,30,20
7,4707,1.725780314142168e-20,7.660188742316493e-17,1.1403455541532805e-05,0.9999885965444585,25,30,20
7,4708,1.7257896314507865e-20,7.660189455583744e-17,1.148594387956269e-05,0.9999885140561205,25,30,20
7,4709,1.7257919607604585e-20,7.660190181138786e-17,1.1483946966829753e-05,0.9999885160530334,25,30,20
7,4710,1.7257826442375043e-20,7.660190881894157e-17,1.1482519806335117e-05,0.999988517480194,25,30,20
7,4711,1.7333622375964566e-20,7.662548941473556e-17,1.1598449244374155e-05,0.9999884015507559,25,30,20
7,4712,1.7334949681507437e-20,7.662590298322907e-17,1.1595787311384374e-05,0.9999884042126885,25,30,20
7,4713,1.733494964616379e-20,7.66254964265341e-17,1.1595060882868473e-05,0.9999884049391173,25,30,20
7,4714,1.7334949667169048e-20,7.662548929637386e-17,9.972168860122666e-06,0.9999900278311401,25,30,20
7,4715,1.7329638840303236e-20,7.662548917343586e-17,9.97072169140482e-06,0.9999900292783086,25,30,20
7,4716,1.732973201256232e-20,7.662548917339668e-17,9.970747077465462e-06,0.9999900292529226,25,30,20
7,4717,7.761336922004186e-23,1.3452575565447198e-18,3.363896210939733e-06,0.9999966361037893,25,30,20
7,4718,7.761340456168396e-23,2.666099139389129e-18,5.643489416442774e-06,0.9999943565105837,25,30,20
7,4719,7.761503879434765e-23,2.666498569972716e-18,5.6449234865232595e-06,0.9999943550765136,25,30,20
7,4720,7.761503176842403e-23,2.6664985699733913e-18,5.644947814960752e-06,0.9999943550521851,25,30,20
7,4721,7.752185919634195e-23,2.666491439534045e-18,5.562424260545601e-06,0.9999944375757397,25,30,20
7,4722,7.752185919429081e-23,2.6664914395340454e-18,5.5624236426220435e-06,0.9999944375763576,25,30,20
7,4723,7.75218873599148e-23,2.666491441690204e-18,5.5624236498122275e-06,0.9999944375763505,25,30,20
7,4724,7.752188799747626e-23,2.6664914460802027e-18,5.562423689048633e-06,0.9999944375763112,25,30,20
7,4725,7.761503221195952e-23,2.666498576533536e-18,5.564431473644579e-06,0.9999944355685266,25,30,20
7,4726,8.294893548328779e-23,7.795570369049283e-17,7.188037295866485e-06,0.9999928119627043,25,30,20
7,4727,4.382631276629316e-21,7.927234330512946e-17,0.00013671158334363956,0.9998632884166565,25,30,20
7,4728,4.3826312767528494e-21,7.927235056278254e-17,0.00013679410689354895,0.9998632058931068,25,30,20
7,4729,8.285576295952374e-23,7.795571082305091e-17,7.270570473724548e-06,0.9999927294295264,25,30,20
7,4730,8.285739744579446e-23,7.797888480006433e-17,7.272018249288506e-06,0.999992727981751,25,30,20
7,4731,8.295056148488193e-23,7.929958350425346e-17,1.387826030535168e-05,0.9999861217396949,25,30,20
7,4732,8.295052565135273e-23,7.797874191709677e-17,1.159866663102157e-05,0.9999884013333693,25,30,20
7,4733,8.295093432103113e-23,7.797915560990727e-17,1.1681190203215132e-05,0.9999883188097971,25,30,20
7,4734,8.295093380719524e-23,7.797915585358902e-17,1.1682637315461658e-05,0.999988317362685,25,30,20
7,4735,7.15502888625223e-24,7.79555823882869e-17,1.1566733446499043e-05,0.9999884332665538,25,30,20
7,4736,7.155028385194373e-24,7.795558226315405e-17,1.1565286298179642e-05,0.999988434713702,25,30,20
7,4737,7.15543702719128e-24,7.79555823903674e-17,1.1565287553207776e-05,0.999988434712447,25,30,20
7,4738,3.0993173620616095e-22,7.795558251676742e-17,1.6269785709931283e-05,0.9999837302142904,25,30,20
7,4739,3.0993132818198265e-22,7.795558964722187e-17,1.627123221851809e-05,0.9999837287677817,25,30,20
7,4740,6.12614453406273e-22,7.795599603533778e-17,2.0974553378028987e-05,0.9999790254466222,25,30,20
7,4741,6.128224648538993e-22,7.797917013765219e-17,2.097429464143178e-05,0.999979025705359,25,30,20
7,4742,6.128224642336846e-22,7.797916287994522e-17,2.0972846871959334e-05,0.9999790271531285,25,30,20
7,4743,6.128241063858377e-22,7.797915587252136e-17,2.0890822988347554e-05,0.999979109177012,25,30,20
7,4744,6.141518188568798e-22,7.800232982722368e-17,2.0930783485456557e-05,0.9999790692165149,25,30,20
7,4745,6.141517901906182e-22,7.800232256951779e-17,2.09307478185341e-05,0.9999790692521816,25,30,20
7,4746,6.128240760032302e-22,7.800191600846443e-17,2.0930733922520323e-05,0.9999790692660778,25,30,20
7,4747,6.128007832816751e-22,7.80019088780097e-17,2.093073285893336e-05,0.9999790692671414,25,30,20
7,4748,6.181112369569467e-22,7.800190887885902e-17,2.0848744774696967e-05,0.9999791512552255,25,30,20
7,4749,6.181112373364878e-22,7.800190187138101e-17,2.0848734061910653e-05,0.9999791512659383,25,30,20
7,4750,6.127797578090181e-22,2.7358709829532625e-18,1.9225842734005267e-05,0.9999807741572662,25,30,20
7,4751,6.114520458300938e-22,2.7126970260947578e-18,1.91858476300145e-05,0.9999808141523704,25,30,20
7,4752,6.114520738698232e-22,2.7126971489944515e-18,1.918654883435899e-05,0.9999808134511659,25,30,20
7,4753,6.114496220772561e-22,2.6895230442449993e-18,1.918583450962205e-05,0.9999808141654907,25,30,20
7,4754,6.11544429574985e-22,2.6895230485978105e-18,1.9187781834590827e-05,0.9999808122181656,25,30,20
7,4755,6.116392443778745e-22,2.6899297348180086e-18,1.918827348302183e-05,0.9999808117265172,25,30,20
7,4756,6.114296053705986e-22,2.6663563270527794e-18,1.918757167401249e-05,0.9999808124283263,25,30,20
7,4757,6.114296057564891e-22,2.6663560790189048e-18,1.918614944226808e-05,0.9999808138505579,25,30,20
7,4758,4.924925932763112e-21,2.689528738360207e-18,2.1465742911115352e-05,0.9999785342570892,25,30,20
7,4759,4.926253675201537e-21,2.6895358710106848e-18,2.1467166914620532e-05,0.9999785328330856,25,30,20
7,4760,4.9263468479039385e-21,2.6895359939872386e-18,2.1494666353494065e-05,0.999978505333647,25,30,20
7,4761,6.128505205177359e-22,2.6663632117063976e-18,1.9215072455135626e-05,0.9999807849275453,25,30,20
7,4762,6.1287421785223755e-22,2.666370343081466e-18,2.5821293569030765e-05,0.9999741787064313,25,30,20
7,4763,6.128758166089066e-22,2.6667839094340927e-18,2.5822827637496034e-05,0.9999741771723627,25,30,20
7,4764,6.128757884324054e-22,2.666783909434083e-18,2.582216164637329e-05,0.9999741778383539,25,30,20
7,4765,6.128059169769383e-22,1.3460922127212611e-18,1.9217952938741228e-05,0.9999807820470616,25,30,20
7,4766,6.128058888026433e-22,1.346085207362221e-18,1.9217962598984787e-05,0.9999807820374015,25,30,20
7,4767,6.12782198134497e-22,1.3460779530111154e-18,1.2613739930394848e-05,0.9999873862600701,25,30,20
7,4768,6.897895439038187e-22,1.3692521579601647e-18,1.2651736775268624e-05,0.9999873482632252,25,30,20
7,4769,6.897899520450399e-22,1.3696587167973062e-18,1.2653745318804513e-05,0.9999873462546814,25,30,20
7,4770,6.897903608238232e-22,1.3696587167986509e-18,1.2655743297866982e-05,0.9999873442567027,25,30,20
7,4771,6.896967940401448e-22,4.8440031074546246e-20,9.49259264037843e-06,0.99999050740736,25,30,20
7,4772,3.8710823615193746e-22,4.843917195065349e-20,9.401801309045231e-05,0.9999059819869099,25,30,20
7,4773,3.871066300915186e-22,2.526519493654822e-20,9.401655547116734e-05,0.9999059834445292,25,30,20
7,4774,3.8701345719963e-22,2.5250931871002794e-20,9.401452211498922e-05,0.9999059854778853,25,30,20
7,4775,3.8710703551428463e-22,4.842946964858907e-20,9.845755688917575e-05,0.9999015424431111,25,30,20
7,4776,3.8710704218946623e-22,4.84294696492648e-20,9.845754681902295e-05,0.9999015424531814,25,30,20
7,4777,3.8710540103459566e-22,4.8429469572925735e-20,9.845707254056174e-05,0.9999015429274597,25,30,20
7,4778,3.870105935282331e-22,4.8429465182939214e-20,9.845512520810172e-05,0.9999015448747923,25,30,20
7,4779,3.8691580752864265e-22,4.842946510444048e-20,9.845533504014452e-05,0.9999015446649602,25,30,20
7,4780,3.869170334987766e-22,4.802290634364116e-20,9.845330175844091e-05,0.9999015466982419,25,30,20
7,4781,3.8691703299562695e-22,4.8429218484919624e-20,9.85357999313282e-05,0.999901464200069,25,30,20
7,4782,3.869170546293449e-22,4.8429095546720526e-20,9.853578667217761e-05,0.9999014642133282,25,30,20
7,4783,3.868238854618436e-22,2.5250682902668033e-20,9.409345361825191e-05,0.999905906546382,25,30,20
7,4784,3.8682225801894303e-22,2.483711439254469e-20,9.409145550219308e-05,0.999905908544498,25,30,20
7,4785,3.921331058881257e-22,2.4844249188195654e-20,9.414695413835847e-05,0.9999058530458618,25,30,20
7,4786,3.922263069556546e-22,2.4844374284576927e-20,9.414937454694729e-05,0.9999058506254531,25,30,20
7,4787,3.9224962157255276e-22,4.2916624104671496e-15,9.434809235421778e-05,0.9999056519076416,25,30,20
7,4788,3.9224960043300406e-22,4.291662417597603e-15,9.435011365674411e-05,0.999905649886339,25,30,20
7,4789,3.921564563903606e-22,4.291662424479986e-15,9.432261483271969e-05,0.999905677385163,25,30,20
7,4790,3.9213313460662338e-22,2.485826633801674e-20,9.412388672868009e-05,0.9999058761132714,25,30,20
7,4791,3.9206322612941604e-22,2.487240211258078e-20,9.412388760704181e-05,0.999905876112393,25,30,20
7,4792,3.9206483194614957e-22,2.487240209787005e-20,9.420638516938543e-05,0.9999057936148307,25,30,20
7,4793,3.920881246446305e-22,4.7639798780142055e-20,9.416385746459682e-05,0.9999058361425355,25,30,20
7,4794,3.9208978793408246e-22,4.763992610833482e-20,9.416530567633749e-05,0.9999058346943238,25,30,20
7,4795,3.9208978793396633e-22,4.7647056563060086e-20,9.416530585660417e-05,0.9999058346941435,25,30,20
7,4796,8.931348875481938e-23,4.7646932261340607e-20,8.957670442784158e-05,0.9999104232955723,25,30,20
7,4797,8.40026552128572e-23,7.040721747545911e-20,8.957822797356662e-05,0.9999104217720265,25,30,20
7,4798,6.995710801509458e-24,4.7240268075491133e-20,8.9538233191019e-05,0.999910461766809,25,30,20
7,4799,6.972446759508296e-24,4.723326055484389e-20,9.115910015647542e-05,0.9999088408998434,25,30,20
7,4800,6.877858409657103e-24,4.683473692242027e-20,1.930849480788249e-06,0.9999980691505194,25,30,20
7,4801,8.112427957690169e-24,7.000859104226548e-20,1.932311429058466e-06,0.999998067688571,25,30,20
7,4802,8.205593180358102e-24,7.000871400101364e-20,1.817095749791158e-06,0.9999981829042502,25,30,20
7,4803,8.207220748832044e-24,9.317543551617332e-20,1.8180562948417988e-06,0.9999981819437052,25,30,20
7,4804,8.207220642910875e-24,9.31754333985293e-20,1.818056107519942e-06,0.9999981819438927,25,30,20
7,4805,8.205621871957897e-24,9.316855099309766e-20,1.7355683590966124e-06,0.999998264431641,25,30,20
7,4806,1.3609233661919496e-23,9.316142061523398e-20,1.79248034566187e-06,0.9999982075196544,25,30,20
7,4807,1.351603221938169e-23,9.316117042449525e-20,1.7900718014524796e-06,0.9999982099281987,25,30,20
7,4808,1.3516053224361408e-23,9.316117258072489e-20,1.789607771154662e-06,0.9999982103922289,25,30,20
7,4809,1.3516433703285616e-23,9.316129555811385e-20,1.789609360837755e-06,0.9999982103906393,25,30,20
7,4810,1.3516404908774317e-23,9.275473454927424e-20,1.7889326540371947e-06,0.9999982110673461,25,30,20
7,4811,1.351800368313733e-23,9.276161700793114e-20,1.7889225837631176e-06,0.9999982110774164,25,30,20
7,4812,1.8828829454275358e-23,1.4136784077255805e-18,1.6817079698566533e-07,0.9999998318292032,25,30,20
7,4813,1.8852531319415017e-23,1.4136782869827068e-18,1.708807452524508e-07,0.9999998291192549,25,30,20
7,4814,1.885089708454671e-23,1.3905043077232363e-18,1.6944649540666715e-07,0.9999998305535047,25,30,20
7,4815,1.8827604373371102e-23,1.3905115610782476e-18,1.6721089154723416e-07,0.9999998327891086,25,30,20
7,4816,1.3516763663490765e-23,1.390511559871257e-18,6.717954534004972e-06,0.9999932820454663,25,30,20
7,4817,1.3516764146936353e-23,1.3905116849277713e-18,6.719401861968036e-06,0.9999932805981382,25,30,20
7,4818,1.3515136818736665e-23,1.3905046773734152e-18,6.720078387808887e-06,0.9999932799216125,25,30,20
7,4819,1.3515143484955508e-23,1.390511684868605e-18,6.834548401797065e-06,0.9999931654515984,25,30,20
7,4820,8.204697687762909e-24,7.000145217558108e-20,6.914922734632584e-06,0.9999930850772656,25,30,20
7,4821,8.204690519750186e-24,6.99943228992141e-20,3.087056833957481e-07,0.9999996912943169,25,30,20
7,4822,8.204691031531575e-24,6.999444587659154e-20,3.0873064003045145e-07,0.9999996912693603,25,30,20
7,4823,6.876949089926295e-24,4.682747417664639e-20,3.087066525925004e-07,0.9999996912933475,25,30,20
7,4824,6.876927456099027e-24,2.365374553123034e-20,3.0667302148254496e-07,0.9999996933269787,25,30,20
7,4825,8.255497490821908e-23,7.000170240530822e-20,3.094212816534597e-07,0.9999996905787186,25,30,20
7,4826,8.25333162403228e-23,6.999469459500686e-20,1.932295873173576e-06,0.999998067704127,25,30,20
7,4827,8.253497870773118e-23,7.04012077904584e-20,6.635595636836501e-06,0.9999933644043634,25,30,20
7,4828,8.253497870556392e-23,7.040108700841782e-20,6.635595633728455e-06,0.9999933644043665,25,30,20
7,4829,8.25345695494123e-23,7.04009640681987e-20,6.633562436186762e-06,0.9999933664375642,25,30,20
7,4830,8.255619967891103e-23,7.040801910874874e-20,1.958734914314843e-06,0.9999980412650861,25,30,20
7,4831,8.2556192637371e-23,7.04008864807031e-20,1.8428534189855973e-06,0.9999981571465814,25,30,20
7,4832,8.246302691823245e-23,7.08001897310567e-20,1.8441853933523847e-06,0.9999981558146069,25,30,20
7,4833,8.246303397063084e-23,7.08073180296333e-20,1.8442210532755395e-06,0.9999981557789471,25,30,20
7,4834,8.24630344672747e-23,7.080043560948876e-20,1.844886606739665e-06,0.9999981551133936,25,30,20
7,4835,8.24630273089891e-23,7.080031267060799e-20,1.8468948365686248e-06,0.9999981531051638,25,30,20
7,4836,8.24630273089891e-23,7.080018973172316e-20,1.8468952393626246e-06,0.999998153104761,25,30,20
7,4837,8.246142137636364e-23,7.080006683135596e-20,1.845497808126296e-06,0.9999981545021923,25,30,20
7,4838,8.246104090837469e-23,7.079994383926526e-20,1.9279836776091115e-06,0.9999980720163226,25,30,20
7,4839,8.246104089740345e-23,7.079281339924354e-20,1.8454609967999505e-06,0.9999981545390035,25,30,20
7,4840,8.777148696205756e-23,7.119937225718313e-20,1.8450239483705561e-06,0.9999981549760519,25,30,20
7,4841,8.777150809274025e-23,7.15988006406323e-20,1.8450243861260365e-06,0.9999981549756142,25,30,20
7,4842,8.777150104049507e-23,7.119236477886527e-20,1.8429913608302864e-06,0.9999981570086395,25,30,20
7,4843,8.77715087193084e-23,7.119236478021624e-20,1.8429749514398209e-06,0.9999981570250488,25,30,20
7,4844,8.777145149693103e-23,7.119949300176414e-20,1.8429599838463468e-06,0.9999981570400164,25,30,20
7,4845,8.77730784365291e-23,7.120650051656787e-20,1.8442919647898944e-06,0.9999981557080355,25,30,20
7,4846,8.777348657476338e-23,7.162006815573507e-20,1.9267901426917476e-06,0.9999980732098576,25,30,20
7,4847,8.777352229570463e-23,7.161306279738377e-20,1.926779930281609e-06,0.9999980732200701,25,30,20
7,4848,8.779680822411616e-23,7.162007246901402e-20,1.928111920145697e-06,0.9999980718880801,25,30,20
7,4849,8.779640673820118e-23,7.162707994623177e-20,1.9281121421822324e-06,0.999998071887858,25,30,20
7,4850,8.23924151002903e-23,7.164121779860541e-20,1.9870816178298336e-06,0.9999980129183824,25,30,20
7,4851,8.236955967345174e-23,7.164118537859875e-20,5.121768576274757e-06,0.9999948782314241,25,30,20
7,4852,8.236955929832408e-23,7.164118761109909e-20,5.121778422700286e-06,0.9999948782215776,25,30,20
7,4853,8.236953063194647e-23,7.164130835598768e-20,5.121778592046884e-06,0.9999948782214082,25,30,20
7,4854,8.246270340018886e-23,7.20548768661081e-20,5.123811625157481e-06,0.999994876188375,25,30,20
7,4855,8.244104469388433e-23,4.888092004582506e-20,5.084315712814995e-06,0.9999949156842876,25,30,20
7,4856,8.244105224722924e-23,4.8881047374022394e-20,5.084288801258646e-06,0.999994915711199,25,30,20
7,4857,8.244064322634536e-23,4.848149471359162e-20,5.0017910302581485e-06,0.9999949982089702,25,30,20
7,4858,8.243900962035294e-23,4.847436425923754e-20,5.001205153793467e-06,0.9999949987948468,25,30,20
7,4859,8.246229936652712e-23,7.163738651045969e-20,1.1607421797172984e-05,0.9999883925782034,25,30,20
7,4860,8.246229232310746e-23,7.163037899474118e-20,1.1606745093059087e-05,0.9999883932549075,25,30,20
7,4861,8.248555698170301e-23,7.162349657501285e-20,1.1646714186942055e-05,0.9999883532858134,25,30,20
7,4862,8.257872975251195e-23,7.121706071524635e-20,1.164567914778496e-05,0.9999883543208528,25,30,20
7,4863,8.25803637380305e-23,7.122406823083184e-20,1.1647101738025082e-05,0.9999883528982626,25,30,20
7,4864,8.260202284137836e-23,1.39212984592044e-18,1.0140143789741872e-05,0.9999898598562105,25,30,20
7,4865,8.260162148426231e-23,1.3917164033377414e-18,1.0173538008456454e-05,0.999989826461992,25,30,20
7,4866,8.260164965859671e-23,1.3917164033762606e-18,1.0172115933420502e-05,0.9999898278840668,25,30,20
7,4867,8.257839291070305e-23,1.391709272998922e-18,1.0170090792607388e-05,0.9999898299092077,25,30,20
7,4868,7.726755202621002e-23,1.3912958295220937e-18,1.6776270146559135e-05,0.9999832237298538,25,30,20
7,4869,3.8004385622893995e-22,1.3917022198506839e-18,2.1364258396833275e-05,0.9999786357416035,25,30,20
7,4870,3.8004225029178684e-22,1.3916950915523592e-18,2.1362811297869942e-05,0.9999786371887025,25,30,20
7,4871,3.800422502829797e-22,1.3917022241253807e-18,2.1362337357360034e-05,0.999978637662643,25,30,20
7,4872,3.800422289095044e-22,1.3917024700024164e-18,2.1478254257994538e-05,0.9999785217457425,25,30,20
7,4873,3.8004222928463004e-22,1.3917024721207242e-18,2.1478266729685912e-05,0.9999785217332706,25,30,20
7,4874,3.8004222160554844e-22,1.3917024677685767e-18,2.14782583760025e-05,0.9999785217416243,25,30,20
7,4875,3.8004222194810216e-22,7.668380428841654e-17,2.1522825963726015e-05,0.9999784771740363,25,30,20
7,4876,3.800655146596681e-22,7.668381141887022e-17,2.152483484107067e-05,0.999978475165159,25,30,20
7,4877,3.7873777901322434e-22,7.668380416328155e-17,2.152540942885925e-05,0.9999784745905713,25,30,20
7,4878,3.787377861913611e-22,7.668380428841507e-17,2.1527442454313597e-05,0.9999784725575458,25,30,20
7,4879,3.787381660413258e-22,7.668379015048583e-17,2.1411596011342712e-05,0.9999785884039889,25,30,20
7,4880,3.800426151891333e-22,7.800469988969404e-17,2.1413043258810142e-05,0.9999785869567414,25,30,20
7,4881,3.8006590111859525e-22,7.800470714308686e-17,2.1411509146582204e-05,0.9999785884908537,25,30,20
7,4882,3.8006709794066244e-22,7.800429360730871e-17,1.824979710543245e-05,0.9999817502028948,25,30,20
7,4883,3.7997392504668405e-22,7.800387991366572e-17,1.824776301971696e-05,0.9999817522369804,25,30,20
7,4884,3.7864662051111937e-22,7.668296328988228e-17,1.8244781244927468e-05,0.9999817552187552,25,30,20
7,4885,3.7864621136598016e-22,7.668296304404235e-17,1.8244282278375923e-05,0.9999817557177217,25,30,20
7,4886,3.7864617551058983e-22,7.668296291675133e-17,1.8244256677875186e-05,0.9999817557433223,25,30,20
7,4887,3.786228823533838e-22,7.536204988380576e-17,1.8128313847444195e-05,0.9999818716861527,25,30,20
7,4888,3.786228823554376e-22,7.53620570142974e-17,1.812973623572137e-05,0.9999818702637644,25,30,20
7,4889,3.786228824701473e-22,7.536205688920171e-17,1.8127703228921924e-05,0.9999818722967712,25,30,20
7,4890,3.785313156429601e-22,7.538523074328916e-17,1.8128164268806257e-05,0.9999818718357312,25,30,20
7,4891,3.7850965703072294e-22,7.53852236106777e-17,1.8129112334556393e-05,0.9999818708876655,25,30,20
7,4892,4.6922389203079214e-21,7.538523061821205e-17,1.8244971272745456e-05,0.9999817550287272,25,30,20
7,4893,4.692238913012852e-21,7.538523037017819e-17,1.812905410380055e-05,0.9999818709458964,25,30,20
7,4894,4.692239321766038e-21,7.53852304909538e-17,2.040862273068746e-05,0.9999795913772693,25,30,20
7,4895,4.692239328924513e-21,7.53852304909538e-17,2.0410621316299275e-05,0.9999795893786838,25,30,20
7,4896,4.692239292574646e-21,7.538523049087677e-17,2.041061263952441e-05,0.9999795893873606,25,30,20
7,4897,4.692240927309311e-21,7.53856299190299e-17,2.043763794889641e-05,0.9999795623620513,25,30,20
7,4898,4.692267489634656e-21,7.538563717681407e-17,2.0438137679533664e-05,0.9999795618623207,25,30,20
7,4899,4.692267490256887e-21,7.538564430942526e-17,2.0440170704899862e-05,0.9999795598292952,25,30,20
7,4900,3.785394532475262e-22,7.538563729971936e-17,2.5027541609087477e-05,0.9999749724583912,25,30,20
7,4901,3.785410879766861e-22,7.538604373781973e-17,2.502890864362275e-05,0.9999749710913567,25,30,20
7,4902,3.785145547083262e-22,7.53860364822694e-17,2.5028409024717208e-05,0.9999749715909755,25,30,20
7,4903,3.785129202219979e-22,7.538602947259672e-17,2.502838406296265e-05,0.999974971615937,25,30,20
7,4904,3.0283364679959254e-22,7.53396886461e-17,2.5027668657463545e-05,0.9999749723313426,25,30,20
7,4905,3.028336466824863e-22,7.534009520706207e-17,2.502708279108074e-05,0.9999749729172089,25,30,20
7,4906,3.028320119513132e-22,7.533968864606e-17,2.5025740085070358e-05,0.999974974259915,25,30,20
7,4907,3.0283201207503996e-22,7.533968852319747e-17,2.5023731042811085e-05,0.9999749762689573,25,30,20
7,4908,3.0283201911643826e-22,7.533968864612945e-17,2.5061692497376814e-05,0.9999749383075026,25,30,20
7,4909,3.0283199005948933e-22,7.533968864173879e-17,2.506169299291482e-05,0.999974938307007,25,30,20
7,4910,3.028336171161388e-22,7.53628624936187e-17,2.5063167065311367e-05,0.9999749368329347,25,30,20
7,4911,3.028319895509764e-22,7.538562991251089e-17,2.5035404392976445e-05,0.9999749645956071,25,30,20
7,4912,1.755779850461436e-20,7.538604348104437e-17,2.033330486708673e-05,0.999979666695133,25,30,20
7,4913,1.7557800124881462e-20,7.538605036566265e-17,1.372708843712573e-05,0.999986272911563,25,30,20
7,4914,1.755782341803203e-20,7.538645692334364e-17,1.3842980854934987e-05,0.9999861570191452,25,30,20
7,4915,1.7557821783411195e-20,7.538645679817227e-17,1.3841532643196558e-05,0.9999861584673568,25,30,20
7,4916,1.7557763380021385e-20,7.538605028490521e-17,9.2487478749048e-06,0.999990751252125,25,30,20
7,4917,1.7557856963586684e-20,7.540922311123939e-17,1.1452434816285186e-05,0.9999885475651837,25,30,20
7,4918,1.755785535753714e-20,7.538604925932099e-17,1.1452399139349738e-05,0.9999885476008606,25,30,20
7,4919,1.755785413145325e-20,7.536288241053339e-17,1.1566856851764225e-05,0.9999884331431484,25,30,20
7,4920,1.7557854131185398e-20,7.538605956957768e-17,1.8171651081546776e-05,0.9999818283489187,25,30,20
7,4921,1.7557854130691238e-20,7.538605944664671e-17,1.8131681993589084e-05,0.9999818683180065,25,30,20
7,4922,1.7563164978162947e-20,7.67069763183884e-17,1.8135138905976685e-05,0.9999818648610942,25,30,20
7,4923,1.7563164971004473e-20,7.670696918365855e-17,1.8135113337521353e-05,0.9999818648866626,25,30,20
7,4924,1.7563142089785732e-20,7.668381329401835e-17,1.1530318475473298e-05,0.9999884696815247,25,30,20
7,4925,1.7563142090239566e-20,7.53633101136697e-17,1.1526900052335784e-05,0.9999884730999478,25,30,20
7,4926,1.7563165408395845e-20,7.536371660965695e-17,1.8133142058543078e-05,0.9999818668579415,25,30,20
7,4927,1.7260447908940907e-20,7.536371660965727e-17,1.8022723069489284e-05,0.9999819772769305,25,30,20
7,4928,1.7260354353549945e-20,7.534055091593463e-17,1.5819071787543838e-05,0.9999841809282125,25,30,20
7,4929,1.7260447117653785e-20,7.534135690299768e-17,1.5932955932080698e-05,0.999984067044068,25,30,20
7,4930,1.7260447124822944e-20,7.534135690734847e-17,1.593295717263267e-05,0.9999840670428276,25,30,20
7,4931,1.7260447153374723e-20,7.534135690519165e-17,1.5932982550601664e-05,0.9999840670174494,25,30,20
7,4932,1.726044717438834e-20,7.531818305278755e-17,1.5933719905473923e-05,0.9999840662800945,25,30,20
7,4933,5.480659014166979e-24,7.53177696093645e-17,1.593255406973637e-05,0.9999840674459303,25,30,20
7,4934,1.0791511100487699e-23,7.531778387465311e-17,1.5961027361621603e-05,0.9999840389726383,25,30,20
7,4935,1.081357864153406e-23,7.529460671999951e-17,9.356854232041883e-06,0.999990643145768,25,30,20
7,4936,1.0815184073332134e-23,7.529501315586657e-17,9.358276935340161e-06,0.9999906417230647,25,30,20
7,4937,8.649478864046072e-23,7.531859355286684e-17,9.385315171654497e-06,0.9999906146848285,25,30,20
7,4938,9.178211034829342e-23,7.663905032654732e-17,4.4020115402167865e-06,0.9999955979884599,25,30,20
7,4939,1.610294310062803e-23,7.66154770621975e-17,4.374973521398095e-06,0.9999956250264788,25,30,20
7,4940,1.6102964610893353e-23,7.661547718301806e-17,4.374981651442038e-06,0.9999956250183487,25,30,20
7,4941,1.6102965105179062e-23,7.663824459866028e-17,4.375592293246707e-06,0.9999956244077068,25,30,20
7,4942,1.6101330616548776e-23,7.663783816056072e-17,4.374179565652936e-06,0.9999956258204346,25,30,20
7,4943,1.6101330492827884e-23,7.663783803550221e-17,4.3741439093288556e-06,0.9999956258560908,25,30,20
7,4944,1.6102965104990137e-23,7.666101201467314e-17,4.375626122199506e-06,0.9999956243738779,25,30,20
7,4945,1.610255685244188e-23,7.666101201464243e-17,2.096057506043429e-06,0.999997903942494,25,30,20
7,4946,1.610416260597061e-23,7.666141865077742e-17,6.799332341134708e-06,0.9999932006676588,25,30,20
7,4947,1.2122655729849163e-23,7.668417894033949e-17,6.801328288238828e-06,0.9999931986717117,25,30,20
7,4948,1.2123063879933523e-23,7.668417193282456e-17,6.801914359713444e-06,0.9999931980856402,25,30,20
7,4949,1.2123501210172019e-23,7.800508868389907e-17,6.8053958730836715e-06,0.999993194604127,25,30,20
7,4950,1.2123035453824783e-23,7.800508142392174e-17,6.80401922386847e-06,0.9999931959807762,25,30,20
7,4951,1.2123035839985609e-23,7.800508855876485e-17,6.805395663726915e-06,0.9999931946043364,25,30,20
7,4952,1.2123036217203789e-23,7.800508855876485e-17,6.80539566367143e-06,0.9999931946043366,25,30,20
7,4953,3.1351243218878643e-22,7.798272769763431e-17,6.803897214268474e-06,0.9999931961027859,25,30,20
7,4954,3.135124393471032e-22,7.930364431922444e-17,6.80593095883087e-06,0.9999931940690413,25,30,20
7,4955,3.148168586804842e-22,7.930324489418642e-17,6.730008881370051e-06,0.9999932699911187,25,30,20
7,4956,3.1481685830330475e-22,7.93032448941864e-17,6.732041461408753e-06,0.9999932679585386,25,30,20
7,4957,3.1348955458877397e-22,7.930323776370096e-17,6.732041453583165e-06,0.9999932679585464,25,30,20
7,4958,3.1348958376916016e-22,7.930324489635102e-17,6.730028813672279e-06,0.9999932699711864,25,30,20
7,4959,3.1346631876812666e-22,4.011142950569808e-18,6.646913899310758e-06,0.9999933530861008,25,30,20
7,4960,3.1337315318059417e-22,4.010329958148083e-18,6.53099716710921e-06,0.9999934690028331,25,30,20
7,4961,3.133731612301999e-22,4.0103369678212695e-18,6.529937183322376e-06,0.9999934700628169,25,30,20
7,4962,3.8905105756631575e-22,5.354424787390854e-18,6.612461120018321e-06,0.9999933875388801,25,30,20
7,4963,3.8905268464071757e-22,5.331250935882266e-18,6.6104278957155314e-06,0.9999933895721044,25,30,20
7,4964,3.890743506209568e-22,5.33084455001567e-18,1.9078178341424636e-06,0.999998092182166,25,30,20
7,4965,3.89073941968491e-22,5.330844670797044e-18,1.8698557532648333e-06,0.9999981301442469,25,30,20
7,4966,3.890743501184027e-22,5.330844795929905e-18,1.8698320398803797e-06,0.9999981301679602,25,30,20
7,4967,3.8907435728806135e-22,5.330851803446991e-18,1.8705098922276969e-06,0.999998129490108,25,30,20
7,4968,3.8907394925404097e-22,5.3308447981086294e-18,1.7546014718355851e-06,0.9999982453985282,25,30,20
7,4969,6.918216210046009e-22,5.377175853807029e-18,4.032755903389531e-06,0.9999959672440967,25,30,20
7,4970,6.9182159283913235e-22,5.3771687211961704e-18,4.032720244021003e-06,0.999995967279756,25,30,20
7,4971,6.918232059409848e-22,6.698085344942456e-18,4.036192386794975e-06,0.9999959638076134,25,30,20
7,4972,6.865358592923675e-22,5.377222202527254e-18,2.4139554476230613e-06,0.9999975860445524,25,30,20
7,4973,6.81225007834779e-22,5.377215072043801e-18,2.3875157958831778e-06,0.9999976124842043,25,30,20
7,4974,3.837877672685253e-22,6.652189346576644e-18,2.238401295797757e-07,0.9999997761598705,25,30,20
7,4975,1.7583203999836537e-20,1.3897645562110737e-11,0.0001320701855525841,0.99986792980055,25,30,20
7,4976,1.758320276672494e-20,1.3897644241607681e-11,0.0001321492276114078,0.9998678507584912,25,30,20
7,4977,1.7584623210391248e-20,1.3897718212649514e-11,0.00013230653801984515,0.9998676934480828,25,30,20
7,4978,3.8520695633488553e-22,7.930272812364069e-17,4.587567304244108e-07,0.9999995412432697,25,30,20
7,4979,3.8520696350423686e-22,7.9302728125836e-17,4.587652535772021e-07,0.9999995412347467,25,30,20
7,4980,3.8520533607015756e-22,7.930272812583602e-17,4.58765245952969e-07,0.9999995412347541,25,30,20
7,4981,3.852037085103603e-22,7.927955427391762e-17,4.5728286360514314e-07,0.9999995427171366,25,30,20
7,4982,3.9051456342854174e-22,7.927996784243436e-17,4.5670975313723646e-07,0.999999543290247,25,30,20
7,4983,6.918122153310535e-22,3.988016516042833e-18,3.2441651644637694e-07,0.9999996755834836,25,30,20
7,4984,6.918350707286006e-22,3.9880163952599835e-18,3.250974146739956e-07,0.9999996749025852,25,30,20
7,4985,6.161555402921254e-22,2.6439283276571653e-18,2.4253853332665076e-07,0.9999997574614669,25,30,20
7,4986,6.916601960835949e-22,5.279252617148173e-18,9.245568686206147e-05,0.9999075443131382,25,30,20
7,4987,7.673415101289941e-22,5.2796591781970314e-18,9.245620835421367e-05,0.9999075437916458,25,30,20
7,4988,7.674346649174967e-22,5.279659175750275e-18,9.407843110931576e-05,0.9999059215688909,25,30,20
7,4989,7.674113788623356e-22,5.2800586019441046e-18,9.407917739450461e-05,0.9999059208226057,25,30,20
7,4990,1.0701298239235778e-21,5.3263993809024134e-18,9.411716472011383e-05,0.9999058828352803,25,30,20
7,4991,1.0767684209052954e-21,5.327212500786421e-18,9.411854909769916e-05,0.9999058814509025,25,30,20
7,4992,1.076770055516385e-21,5.350386339224852e-18,9.414702172777441e-05,0.9999058529782723,25,30,20
7,4993,1.1524495152213617e-21,6.670892797513441e-18,9.426199430231789e-05,0.9999057380056978,25,30,20
7,4994,1.1524728002730142e-21,6.6708929204524866e-18,9.426104569997642e-05,0.9999057389543001,25,30,20
7,4995,1.0822785801038787e-21,4.058328872602796e-18,2.047897995495347e-06,0.9999979521020045,25,30,20
7,4996,1.082278988253834e-21,4.058321862968892e-18,2.0464861013472345e-06,0.9999979535138986,25,30,20
7,4997,1.0822773540123287e-21,4.058321860774218e-18,2.046461347080734e-06,0.9999979535386528,25,30,20
7,4998,1.0822769528971203e-21,4.081495714809607e-18,2.0479089099781396e-06,0.99999795209109,25,30,20
7,4999,1.0823701324541269e-21,4.1046695704706646e-18,2.050441048845667e-06,0.9999979495589509,25,30,20
7,5000,1.0824628899606084e-21,4.127841715758988e-18,5.212899029190557e-06,0.9999947871009706,25,30,20
